{
  "covariance_regularization": 0.001,
  "distance_matrix": [
    [
      0.0,
      4.254328462050293,
      11.3350166600827,
      2.919130889590463,
      3.889486961622193,
      3.1224297748172236,
      3.9491106928416833,
      25.130547607858738,
      11.192782563727338,
      6.502644987464652,
      11.971222314339032,
      8.854456166494677,
      7.720454563921821,
      6.241265261805497,
      3.630114230004981,
      6.981932881436122,
      6.549474614598826,
      4.457718884274925,
      8.413103965405504,
      7.145266674008029,
      6.564974826502761,
      3.3209611901803475,
      8.423799908268823,
      3.5281519929613516,
      3.058762505159754,
      3.908665196925268,
      8.31707978769711,
      3.321058354951109,
      5.515600996960468,
      3.5803585338468418,
      5.138853060549059,
      3.345557003695074,
      3.071128900637254,
      3.0021412159214926,
      2.929329141776949,
      3.0266770419859967,
      7.2394737012185475,
      35.483189057660816,
      8.133503869306177,
      36.57352520694544,
      8.375897227367034,
      13.170827736141344,
      7.964651447220765,
      51.346357474946366,
      20.921302614327438,
      7.283523411199156,
      17.247565597061833,
      55.40647878352419,
      26.57796491634656,
      4.9630631955494895,
      9.368827144529712,
      8.076031790914325,
      8.46216057909163,
      21.284371344781288,
      12.503214707394443,
      9.516818769367577,
      16.287835504365148,
      9.661226626109604,
      10.14775865175892,
      42.953678725430066,
      13.73247504822581,
      13.343553841222304,
      8.620719940457462,
      13.463231191559615,
      42.79599410646426,
      28.00362462068012,
      32.94993532280066,
      37.209928557122154,
      16.715623825691875,
      10.126855828666184,
      41.344247041223824
    ],
    [
      4.254328462050293,
      0.0,
      9.35615635164873,
      2.789607535596784,
      4.817469819227921,
      3.2282747217537353,
      3.2370998390195336,
      20.37302164880196,
      6.512693487858592,
      12.666291663216791,
      24.055976525166198,
      5.238065828175529,
      5.888796570093977,
      7.480667893873133,
      4.42912661229105,
      7.830008773171746,
      7.121051062497389,
      4.321030675474142,
      8.333922306867263,
      8.215526922352979,
      6.104081061781914,
      4.3825105595101075,
      9.141836963244698,
      4.219881760901703,
      4.14396415902483,
      4.57732536156241,
      7.4302113688176545,
      3.931215201323106,
      4.043030286571459,
      3.62879628674189,
      4.890898626521836,
      4.0453439074071715,
      4.000209876275733,
      3.7991192048208595,
      4.045366085329812,
      3.942688069497829,
      16.899768689669013,
      21.303358501657705,
      21.175649871002253,
      45.6768332503132,
      19.994076859897802,
      28.668142973612625,
      19.490624909201617,
      47.844869912184514,
      24.160385023658595,
      18.519214940523298,
      34.07539703840246,
      49.09392900162454,
      44.76682164815174,
      10.528034403621028,
      10.11743486020169,
      10.51957376081984,
      16.54354354450348,
      32.294382802729025,
      25.384936457558684,
      21.569805691386584,
      24.231574704431786,
      18.17454890430257,
      25.945680991594838,
      45.82621820138923,
      26.639700038552657,
      22.958585762729513,
      22.31064648454134,
      23.638429115053256,
      27.84621888714038,
      62.668213935141736,
      72.7796532424239,
      46.31175983884759,
      44.12115256738959,
      20.4999907730831,
      39.20410105182323
    ],
    [
      11.3350166600827,
      9.35615635164873,
      0.0,
      10.117239630343127,
      15.76956213465214,
      8.911890441521347,
      9.604444117651777,
      6.062942619611844,
      4.478157844144904,
      9.881489023280436,
      24.51061508054837,
      25.493333452276158,
      26.03200983212687,
      19.762323585373363,
      15.500958979761055,
      23.345431819740927,
      21.242696483246014,
      15.755116883717438,
      20.22760542519986,
      23.04351039639781,
      22.12884822460284,
      15.871821242971826,
      29.507202235739026,
      15.82427560159629,
      14.106468441933968,
      17.471176048424795,
      18.845614395679988,
      11.658937795333088,
      6.130814048899195,
      8.139141669618649,
      5.693512366060747,
      11.261335483502133,
      10.984999514412024,
      9.184587768278172,
      11.482171859325417,
      9.950806954972492,
      15.224764096181483,
      19.32794484529581,
      20.406304820547728,
      15.12348506551584,
      20.130837252136534,
      18.532992302824912,
      18.746552726202797,
      18.496442604807534,
      9.41504677388419,
      17.32942721488526,
      20.742681331217803,
      26.570574491147664,
      20.634411762014103,
      12.442724263941846,
      4.728296367535207,
      5.759208306003618,
      20.779333910645192,
      18.986100925657215,
      21.456202836332622,
      22.828111195917664,
      12.195351542696486,
      24.125910237372768,
      22.834750613157865,
      20.022401477103827,
      16.635172799753512,
      14.121780854228454,
      21.31855968687859,
      29.389495741570343,
      12.355349968812149,
      38.74206388386521,
      56.98071872609545,
      14.575344010974892,
      34.332315144172505,
      23.985485973410853,
      11.778599054655448
    ],
    [
      2.919130889590463,
      2.789607535596784,
      10.117239630343127,
      0.0,
      4.787071717852002,
      3.250107741912884,
      3.153974777740307,
      21.463880003134364,
      9.613121807490634,
      8.059214854603914,
      16.62745083899747,
      7.896895365564282,
      8.728956855467581,
      8.691459791200161,
      3.7867145740906407,
      9.95026345042211,
      9.491731207710801,
      4.041793414566974,
      9.975270985160288,
      10.772783856167257,
      9.335801373753785,
      3.743583669708417,
      13.04994643167759,
      3.487021944437276,
      3.1450621460068535,
      3.983375605513789,
      8.073425359457257,
      3.1395619427965804,
      3.7460753152823867,
      2.696661906397142,
      3.384773294081249,
      2.6978006550257394,
      2.3854783970737654,
      2.5447816768396727,
      2.7349578674550994,
      2.3208708023533253,
      11.624799748174313,
      30.3704219745837,
      13.842463857670335,
      39.73268506404673,
      12.877493200152692,
      19.206815739500726,
      13.069570413414477,
      49.84848328004846,
      21.928187251499917,
      11.437138332433275,
      24.209446508904144,
      53.10833720504729,
      33.62603134426118,
      6.759435845081864,
      8.495239046231315,
      7.745463708514282,
      11.678284588608838,
      25.57828397186272,
      17.603513447443856,
      14.61089349957702,
      18.759733588896157,
      12.919883934676818,
      16.934118858323494,
      43.53642948689223,
      18.515593322781058,
      16.165733486507083,
      14.743110870311886,
      17.35078877462445,
      37.13575013505488,
      43.43865812637905,
      50.60733264312665,
      40.342475682093024,
      29.000672625936062,
      14.278003357255498,
      39.694810689019285
    ],
    [
      3.889486961622193,
      4.817469819227921,
      15.76956213465214,
      4.787071717852002,
      0.0,
      3.773575863248709,
      4.523232273765598,
      34.058216978310234,
      15.565764072304818,
      8.870147457335273,
      8.116276658587923,
      7.895483296179879,
      9.165252057398748,
      6.64733272711287,
      4.044293153990245,
      9.069860264209654,
      8.403972216683618,
      4.248186845287525,
      8.122139712804657,
      9.655468018058214,
      8.825318674443867,
      3.601084177203713,
      12.857986127308044,
      3.61886246938094,
      4.274255746488042,
      4.046260837869295,
      8.337109951491003,
      4.166395604252943,
      7.342917479114885,
      4.990224807686676,
      7.3291614288916405,
      4.875536005216511,
      5.305640369402498,
      4.907703218049554,
      4.911499582014318,
      5.50775066276444,
      11.199295359432428,
      45.995187675850666,
      9.443637451977304,
      52.70767895935293,
      9.205960141186457,
      24.130585116446447,
      9.383730247670083,
      72.33621575487676,
      31.18113876057066,
      11.099423154642558,
      28.383611890389258,
      75.52787890297732,
      47.749830845897804,
      6.835145035872256,
      14.079450371076174,
      11.612193312416728,
      8.359023286916589,
      28.327785409298283,
      16.045533644189693,
      9.450324894066375,
      26.174329083740506,
      7.796987519594259,
      13.319164851490015,
      59.208980724998696,
      24.95534172217088,
      23.787744331838635,
      10.725552978411253,
      10.22150254673514,
      62.08330753426309,
      43.17032570436574,
      34.54220152526351,
      61.9752065385937,
      19.307073412523955,
      8.260422723876927,
      61.91137373210129
    ],
    [
      3.1224297748172236,
      3.2282747217537353,
      8.911890441521347,
      3.250107741912884,
      3.773575863248709,
      0.0,
      2.608928855258744,
      20.501515670372864,
      9.695516740870113,
      6.787903360515486,
      16.264995711967213,
      5.7393723386583355,
      5.95324520469144,
      6.565082209614271,
      3.3405725516758484,
      7.231549220328906,
      6.624838767486525,
      3.19856339479329,
      7.926365062327568,
      7.36574719936557,
      6.229005793246272,
      3.0944055394407735,
      8.78077482196464,
      3.033322940527246,
      2.8819051307974686,
      3.1951467710797057,
      5.826334429309783,
      2.6140177331403383,
      4.384506165018554,
      3.249360199244711,
      4.449010184706675,
      3.308639458608468,
      3.495029584140345,
      3.2983461097701854,
      3.4492194218311543,
      3.557932460069471,
      10.328794351056317,
      29.46456541665069,
      13.666345343587487,
      35.51194520567641,
      12.550320241562689,
      17.963721241250113,
      12.663294031096603,
      45.143854607565956,
      20.30109725026681,
      11.434337878273768,
      22.105220671683842,
      48.590956911791636,
      30.348222120362255,
      6.060451966187243,
      7.709384389468733,
      6.743562263693828,
      11.653995776764983,
      23.554424465812875,
      16.837711865341827,
      14.678012604042241,
      17.203086907432485,
      13.410629166160819,
      16.699463550075468,
      39.69607023709198,
      17.271806912889062,
      15.535047511805882,
      14.816251499599796,
      17.420471577825932,
      35.00000591730651,
      40.17903912538774,
      49.29430321983002,
      36.118946892831424,
      27.546324730648415,
      13.846887800058227,
      36.35392513557848
    ],
    [
      3.9491106928416833,
      3.2370998390195336,
      9.604444117651777,
      3.153974777740307,
      4.523232273765598,
      2.608928855258744,
      0.0,
      18.15500638572628,
      8.835191241117249,
      12.132853448919324,
      23.891041091142597,
      5.390354508870544,
      5.997524278237143,
      7.6755906569714965,
      3.209655195093673,
      8.184081427842074,
      7.019062854531593,
      3.5813831575283905,
      7.995508647296723,
      7.776561264045048,
      6.733528617740202,
      3.3240177727279385,
      10.05859916959893,
      3.23500594238824,
      2.6220752839865886,
      3.4693879547252076,
      6.5396634130913895,
      2.5463123154620835,
      3.711618796539557,
      2.568558040324936,
      4.16118567469956,
      2.823892628125577,
      2.8686614229168064,
      2.6360355987819624,
      2.7512146703901657,
      3.0375891645846775,
      16.905528421114276,
      21.179930325555652,
      21.785135175101544,
      51.260429039975996,
      20.11947147760466,
      29.699361993090683,
      20.002420290215056,
      51.64953622685542,
      26.095722727333452,
      18.468015157038668,
      35.47212146158078,
      53.40533971899333,
      48.65923655023799,
      10.149480367605857,
      9.691344099923104,
      9.3350589929858,
      16.95172547680565,
      36.07387018147642,
      27.06607539434432,
      22.40583361449475,
      26.77272563373602,
      19.12934661798203,
      26.680452901640823,
      51.11623140317286,
      28.372848240037282,
      24.912494006552723,
      23.193839506298524,
      24.030011979616724,
      29.402884274162247,
      66.83839898236855,
      76.5288085244809,
      49.88783395079932,
      44.85417706447141,
      20.13128697419376,
      43.202136388924814
    ],
    [
      25.130547607858738,
      20.37302164880196,
      6.062942619611844,
      21.463880003134364,
      34.058216978310234,
      20.501515670372864,
      18.15500638572628,
      0.0,
      7.717022604369942,
      20.921068324170196,
      41.64438952268338,
      60.74656730190313,
      69.70975720098826,
      52.763778222708815,
      33.81158807112148,
      68.55548070883557,
      63.684414827512725,
      33.31306889774244,
      51.355443152843144,
      70.18109428259781,
      66.1569574254844,
      34.58682698760171,
      95.67717889974949,
      34.097009117388694,
      29.832515802972978,
      37.48574970109167,
      40.30396195145106,
      24.738107107812848,
      7.369899956106245,
      13.984680491905946,
      7.479661028207293,
      21.850097741196347,
      22.124152669003774,
      17.77862610236803,
      22.984489606471953,
      19.72659371346555,
      27.138830040842496,
      17.88433013457675,
      34.30848813966616,
      16.318166412654133,
      35.1439154782905,
      29.00414237537234,
      32.60009237966927,
      9.258385278316215,
      14.774695458349894,
      29.973440038964398,
      31.194803347225996,
      16.664532221480254,
      32.3029895791367,
      25.75500903737848,
      10.39684753310671,
      12.933592636084395,
      39.75388485621622,
      29.124876564888833,
      34.90334751459461,
      39.14383771905507,
      20.223330947511897,
      44.241259382413475,
      36.07366803964805,
      12.663843925161792,
      26.586853156826137,
      23.441504800622614,
      35.104807905093374,
      50.83934268772185,
      5.4022353532676135,
      51.95256449111743,
      71.75110067842506,
      25.866313572953402,
      47.52500903775729,
      42.20145481962394,
      10.600295536207813
    ],
    [
      11.192782563727338,
      6.512693487858592,
      4.478157844144904,
      9.613121807490634,
      15.565764072304818,
      9.695516740870113,
      8.835191241117249,
      7.717022604369942,
      0.0,
      11.491140809240395,
      25.697134100621152,
      18.212191390666135,
      19.658911076474133,
      20.949410513579572,
      16.21920973770798,
      27.812982354062974,
      24.560923070126027,
      15.658715013201784,
      19.13577864365647,
      26.126308123119824,
      19.097384869576327,
      16.097650404653884,
      33.4013919662002,
      16.20373038005965,
      14.059265493326064,
      17.916200484355947,
      18.830464584262785,
      11.975293787307848,
      5.581452958986834,
      8.089513594032146,
      5.5537445553872145,
      11.190166619494033,
      10.537505698936204,
      8.955692151426158,
      11.225785407720306,
      9.505276671997704,
      16.547259370513107,
      17.117427346392567,
      21.67977595383031,
      19.013549899965653,
      21.06783456960997,
      21.79967333306053,
      20.029461221583478,
      16.53449441587823,
      10.953351360735422,
      18.289447050594987,
      24.5180887792025,
      22.166878688800818,
      27.44372086507397,
      13.198614985011764,
      6.400381494785866,
      7.650856152692599,
      21.24753646565915,
      21.968333410077204,
      23.079525342290076,
      23.871466460866912,
      15.136183571926315,
      24.382609992054316,
      24.512577446627184,
      18.348538402617457,
      19.65183268953017,
      17.051435370591523,
      22.560647002868507,
      29.384858449772242,
      11.249337852424434,
      45.46055600344981,
      62.51617887526326,
      22.178874222638576,
      38.20158391550585,
      24.553871168017928,
      14.261405513226798
    ],
    [
      6.502644987464652,
      12.666291663216791,
      9.881489023280436,
      8.059214854603914,
      8.870147457335273,
      6.787903360515486,
      12.132853448919324,
      20.921068324170196,
      11.491140809240395,
      0.0,
      13.08263103498304,
      32.042287881035165,
      31.30558731400315,
      17.5687450203123,
      9.891573536535661,
      21.57457607094978,
      21.7131596011845,
      12.953899042755527,
      22.553877062492752,
      24.58805309998138,
      27.067768258613373,
      9.3743147682756,
      32.35852021669691,
      9.877224984887896,
      9.269640809024013,
      10.837171546179446,
      21.46726313972194,
      8.841881983041334,
      10.00039027955412,
      9.285525765299973,
      8.26363870289267,
      9.200711548542634,
      7.6534292440728064,
      7.5422626756709965,
      8.219456536308606,
      7.348309798409922,
      4.532977445395878,
      33.65148096818101,
      8.104242289057142,
      20.075955579573847,
      8.49025279852399,
      4.688566165068078,
      7.331591085966838,
      38.67075311080476,
      11.666022897144256,
      5.384710915099479,
      6.258904730283775,
      45.56142335385097,
      12.926933534904565,
      3.595053271872925,
      7.116323020524561,
      5.195345834301674,
      10.858704053566212,
      8.280566326429614,
      8.782616622290167,
      11.08663870437327,
      7.095355556173317,
      13.297770164001978,
      8.69237026967122,
      29.162155471608,
      4.876478394931661,
      5.4123150025935685,
      8.636933539879857,
      17.578806663355937,
      35.076349551389946,
      10.614452279391903,
      27.94256432151245,
      23.996765485910718,
      13.678295442993692,
      12.651273916102488,
      29.9383434501297
    ],
    [
      11.971222314339032,
      24.055976525166198,
      24.51061508054837,
      16.62745083899747,
      8.116276658587923,
      16.264995711967213,
      23.891041091142597,
      41.64438952268338,
      25.697134100621152,
      13.08263103498304,
      0.0,
      48.28989818628024,
      45.73844714474588,
      27.006045787844197,
      14.752019914215808,
      37.29692843057788,
      36.614004140768174,
      21.27408064172396,
      32.05066565681767,
      40.988393515000894,
      41.454153161247135,
      12.874293854040856,
      55.91736882328668,
      14.33061352213081,
      15.003814894911033,
      14.52620347295949,
      36.29579154243531,
      17.064219541123755,
      23.164765389242508,
      21.014453468410707,
      20.794992108555533,
      18.544781190039394,
      15.89274295165361,
      17.127630965936614,
      16.220244771650165,
      16.471166253906762,
      12.456368276728329,
      55.79976323224893,
      7.892643026497932,
      47.360693629807734,
      6.998040911386674,
      25.69149018656758,
      8.397334723569951,
      73.11962352621413,
      32.03606581668071,
      11.615072761039112,
      27.745839095586796,
      77.56307213980226,
      49.63668610646985,
      9.265710520525896,
      21.334097549648664,
      18.292671286149957,
      5.303540319213881,
      20.198167948426907,
      11.372484848639358,
      5.603883279255459,
      26.73439306029615,
      5.455606917726967,
      11.331517903528855,
      55.46780999071013,
      25.761921905111162,
      25.423634514051187,
      8.965895335549453,
      8.273869468881491,
      67.8429616248745,
      36.79017355419517,
      17.386390246899733,
      66.08543057055564,
      14.426802869418177,
      4.760344478708297,
      63.995727185688
    ],
    [
      8.854456166494677,
      5.238065828175529,
      25.493333452276158,
      7.896895365564282,
      7.895483296179879,
      5.7393723386583355,
      5.390354508870544,
      60.74656730190313,
      18.212191390666135,
      32.042287881035165,
      48.28989818628024,
      0.0,
      2.1006801622191613,
      7.696875791430444,
      4.840665957747051,
      7.624622636207293,
      5.341079716582599,
      4.692637091646571,
      4.445468725289147,
      6.533954662439251,
      4.391768197201335,
      5.141258580096275,
      9.011297850408054,
      5.318986705966603,
      5.623142111435704,
      5.292187966983681,
      5.995186547335327,
      5.623856774131726,
      12.407128820716714,
      8.144757848265183,
      15.771276756283134,
      10.120413257383374,
      10.594515456309242,
      9.145069252223852,
      8.691236165386089,
      10.404841366500712,
      36.10120503601464,
      38.23950144449826,
      43.154759713398654,
      89.42367260451516,
      41.38680261094405,
      67.13831357425198,
      39.11389985424791,
      91.56029571495394,
      49.94761165222251,
      41.174914098770685,
      74.64371414258852,
      87.83492472089269,
      106.36387934105335,
      25.17221883154691,
      28.94920062236332,
      29.586250176757037,
      31.302923390398583,
      59.733876454353585,
      50.2068622764712,
      41.41367010613481,
      54.90057603528018,
      32.46214225039783,
      54.24445004746491,
      82.00102540562425,
      61.36420462617232,
      57.83270486992938,
      44.37830524269011,
      40.7168010060723,
      70.02943186875096,
      127.80090703167626,
      133.26274057629996,
      113.58167489464785,
      86.96075715772436,
      37.83814950717424,
      90.36121480988886
    ],
    [
      7.720454563921821,
      5.888796570093977,
      26.03200983212687,
      8.728956855467581,
      9.165252057398748,
      5.95324520469144,
      5.997524278237143,
      69.70975720098826,
      19.658911076474133,
      31.30558731400315,
      45.73844714474588,
      2.1006801622191613,
      0.0,
      5.62429443717033,
      4.647076682333582,
      5.845050732225574,
      4.382697492335307,
      4.3511622258009925,
      4.0230002924071355,
      5.299437031751398,
      3.6904219004100507,
      4.659816427978593,
      6.330817556173695,
      5.383177642173632,
      5.628465208390492,
      4.834418197781113,
      6.164012249936661,
      5.6003434486776245,
      15.230933686272675,
      9.22759788417402,
      19.47570567634263,
      11.883075230715434,
      12.569558163646471,
      10.56165916595079,
      9.819642003939672,
      12.245647642785155,
      31.49649000158074,
      46.9880727858746,
      36.083546188918405,
      87.60036263108533,
      36.38296426219005,
      56.94642177171636,
      33.076342057657065,
      93.85292296535171,
      50.4841653757575,
      36.51252507241147,
      65.62803329291303,
      92.49871423131987,
      88.447199082182,
      24.868433269900283,
      30.218074895934457,
      32.19731248944547,
      28.615539651033046,
      56.231030703215836,
      44.11382935162552,
      34.8529955278569,
      51.79476474352847,
      26.606815534085825,
      46.34237942906498,
      86.23910831088743,
      54.16091239702707,
      54.268809419782635,
      36.81295842728332,
      34.67838164662443,
      75.23855353218589,
      104.79411820065751,
      106.04921198036105,
      97.79104851275532,
      71.5945901870049,
      33.48396237500545,
      90.90807212241374
    ],
    [
      6.241265261805497,
      7.480667893873133,
      19.762323585373363,
      8.691459791200161,
      6.64733272711287,
      6.565082209614271,
      7.6755906569714965,
      52.763778222708815,
      20.949410513579572,
      17.5687450203123,
      27.006045787844197,
      7.696875791430444,
      5.62429443717033,
      0.0,
      5.561512071604006,
      2.6185194337230584,
      1.983836671058998,
      6.301882132363029,
      5.43319539174079,
      2.92509541863654,
      2.6241846938839437,
      4.719377193859136,
      3.8604162820163053,
      5.632482346012317,
      6.772028427304448,
      5.460967534191109,
      10.613732056884439,
      6.754418228132494,
      13.70554160389175,
      9.337446474134504,
      16.300730254721564,
      10.753762694021402,
      11.08305542751678,
      9.675524038033421,
      9.249061048578742,
      11.054778194814759,
      19.510051999794367,
      48.636845812162676,
      19.275454537304405,
      59.80859366999279,
      19.943887239408056,
      33.60149692412714,
      18.367463681780748,
      77.22951293709174,
      36.64994997754182,
      21.22855075447921,
      39.47448667032962,
      80.91514863258834,
      55.13076851133472,
      15.294386567364628,
      21.139986406106246,
      21.769953244207077,
      17.11357242400993,
      33.99157631511901,
      24.823061542230832,
      18.55664593209169,
      35.13208302611878,
      14.223047636864969,
      25.420020558949055,
      66.70575749062154,
      34.48298535777983,
      37.15080796311549,
      20.181517227861267,
      18.968570203322717,
      68.54702156226412,
      52.9816954435352,
      46.2262462473603,
      67.9892764512752,
      33.739556356193276,
      18.726486690160073,
      72.33661212653931
    ],
    [
      3.630114230004981,
      4.42912661229105,
      15.500958979761055,
      3.7867145740906407,
      4.044293153990245,
      3.3405725516758484,
      3.209655195093673,
      33.81158807112148,
      16.21920973770798,
      9.891573536535661,
      14.752019914215808,
      4.840665957747051,
      4.647076682333582,
      5.561512071604006,
      0.0,
      5.881112316544488,
      5.4637978087602885,
      1.8238225046280172,
      5.716296494452121,
      5.962458408705448,
      5.376016907260603,
      1.5799645585452557,
      7.072667920478907,
      1.5536582377107748,
      2.1643590029523585,
      1.3118464519542314,
      5.660926089003621,
      2.6539955343011665,
      6.816778073716913,
      3.7665447006836326,
      6.826429900877512,
      3.7506880248491696,
      3.9805907437032166,
      3.789922186112933,
      3.4672527118377237,
      4.146281935677179,
      13.421689407057338,
      42.737207885317304,
      13.52651929645266,
      45.62724693554612,
      12.91811828354319,
      26.57882591498651,
      12.83701761493472,
      62.629719007234954,
      29.457542479425634,
      14.148172378206867,
      30.39481877699744,
      62.95522307533893,
      48.026891397406835,
      8.295397025885642,
      14.117388742097404,
      11.928976980886722,
      10.711963780599264,
      27.11057020958031,
      18.149036007994134,
      13.058530524747335,
      25.09247035134212,
      10.728207490930304,
      17.716213641178832,
      47.640251227297576,
      25.854807454501042,
      24.776148609304567,
      14.769309111266903,
      13.796898423122878,
      58.362139875177775,
      46.99635254683525,
      44.43111423784912,
      60.13943939558768,
      27.029887873201023,
      11.879436616964457,
      56.744505469226745
    ],
    [
      6.981932881436122,
      7.830008773171746,
      23.345431819740927,
      9.95026345042211,
      9.069860264209654,
      7.231549220328906,
      8.184081427842074,
      68.55548070883557,
      27.812982354062974,
      21.57457607094978,
      37.29692843057788,
      7.624622636207293,
      5.845050732225574,
      2.6185194337230584,
      5.881112316544488,
      0.0,
      1.8916731930385515,
      6.452397039770561,
      5.963870342709924,
      2.4886974759504095,
      3.5597758547437555,
      5.063634656279239,
      2.5892835083020302,
      6.324681610671265,
      7.16455159282752,
      5.6875814324283365,
      10.563822681447341,
      7.282728847944289,
      16.667448129996828,
      10.417002235098058,
      20.679912908951756,
      13.01825164821396,
      13.429103496396358,
      11.444509490531336,
      10.706614781179091,
      13.165990440889107,
      25.58375963753327,
      53.7380393481221,
      26.05663764021661,
      67.36827377822677,
      25.160403028668313,
      42.9077782289337,
      24.99378864268549,
      87.92386456460167,
      44.923232843162765,
      28.128363508244767,
      49.9162949895075,
      89.2174683780347,
      64.35278697522726,
      19.54235467096821,
      26.29554778900194,
      27.916232238847773,
      21.586002304234775,
      38.00231825833009,
      29.47859968432311,
      23.40831177886254,
      40.95866342947431,
      18.03468773023682,
      33.53795723515117,
      74.19494947116023,
      42.12028971065518,
      45.83477234617436,
      27.52864980638169,
      24.305274060694515,
      77.81961267072128,
      62.90276373586116,
      53.225343152143076,
      79.5420940036608,
      42.77755776601646,
      24.742256318813624,
      83.26316849553255
    ],
    [
      6.549474614598826,
      7.121051062497389,
      21.242696483246014,
      9.491731207710801,
      8.403972216683618,
      6.624838767486525,
      7.019062854531593,
      63.684414827512725,
      24.560923070126027,
      21.7131596011845,
      36.614004140768174,
      5.341079716582599,
      4.382697492335307,
      1.983836671058998,
      5.4637978087602885,
      1.8916731930385515,
      0.0,
      5.777931841598669,
      4.915313700771208,
      1.6521896404875278,
      2.8039495807881987,
      4.7122411816870295,
      3.1328459396436754,
      5.8575755412267645,
      6.660561714801306,
      5.411337089278498,
      9.10903431032675,
      6.710263186187832,
      15.742650542889143,
      9.666025804324596,
      19.678731687616153,
      12.280430768850458,
      12.813425045537889,
      10.794815449756495,
      10.106585620768021,
      12.567989475827135,
      23.960450091047687,
      48.131159407857695,
      25.060489693412695,
      64.67624227831246,
      25.36676579957811,
      39.51098710443848,
      23.691521202293416,
      79.00991614395515,
      40.49157909198175,
      26.8683555867341,
      46.078934509476305,
      81.66053753301658,
      57.49666666640839,
      19.086794129419435,
      24.756504961072984,
      26.70381376288022,
      21.291444951080155,
      39.1704096517888,
      29.90927709773436,
      23.340698893791306,
      39.04346786567868,
      18.231824444883493,
      32.05733317406844,
      71.81496591242099,
      39.33643053151362,
      43.06306956603292,
      25.795502696088278,
      24.763246018607273,
      69.68225680122313,
      59.76811231800457,
      56.34760431649943,
      68.72711533045486,
      42.416022864910836,
      24.588093851744407,
      75.74031653663307
    ],
    [
      4.457718884274925,
      4.321030675474142,
      15.755116883717438,
      4.041793414566974,
      4.248186845287525,
      3.19856339479329,
      3.5813831575283905,
      33.31306889774244,
      15.658715013201784,
      12.953899042755527,
      21.27408064172396,
      4.692637091646571,
      4.3511622258009925,
      6.301882132363029,
      1.8238225046280172,
      6.452397039770561,
      5.777931841598669,
      0.0,
      5.822742759837075,
      6.32661116260689,
      5.287465039799971,
      1.8435386238960831,
      7.594683335642808,
      1.5338049476235174,
      2.7399889997521414,
      1.7817491620671282,
      5.172838149102361,
      2.8548423502130054,
      6.509757888548762,
      4.113458648613324,
      6.877783931712333,
      4.105308781296891,
      4.592961338461426,
      4.2377444188317686,
      4.03086948872749,
      4.646989708203531,
      17.253931665926668,
      38.97796964109634,
      20.054281326164716,
      55.72219725983146,
      18.3780978226652,
      33.45827949964048,
      18.679687335687767,
      68.78499172825498,
      33.414126770068684,
      18.924027064450225,
      38.935666707037,
      68.75985926741602,
      57.94059574492978,
      10.462463406170647,
      14.629409617643748,
      12.980287753152512,
      14.993449182100909,
      34.7161494870415,
      24.753115964610405,
      19.440035129508473,
      30.047226530397698,
      16.149833955061183,
      25.324566078078547,
      57.46797932191641,
      31.787307143372697,
      28.970496466703853,
      21.50740513747926,
      20.0370339732249,
      54.854712219151274,
      66.45353757613186,
      67.08742360896197,
      67.86879732590566,
      41.26811069392744,
      17.37952812162847,
      59.91991001718733
    ],
    [
      8.413103965405504,
      8.333922306867263,
      20.22760542519986,
      9.975270985160288,
      8.122139712804657,
      7.926365062327568,
      7.995508647296723,
      51.355443152843144,
      19.13577864365647,
      22.553877062492752,
      32.05066565681767,
      4.445468725289147,
      4.0230002924071355,
      5.43319539174079,
      5.716296494452121,
      5.963870342709924,
      4.915313700771208,
      5.822742759837075,
      0.0,
      5.765865910917111,
      5.087527853013385,
      5.369942136975396,
      7.527705287359634,
      6.2031033268232125,
      7.111395458860761,
      6.140158072772471,
      7.32386070221439,
      7.413289420585452,
      15.386596687977676,
      10.852179671541494,
      18.15009344187982,
      12.07303732800334,
      12.79293161763524,
      11.239666793866999,
      10.765015006055588,
      12.830734316910183,
      23.489867350176304,
      44.860428257600944,
      23.926811057564638,
      89.41676620815083,
      27.541885354080357,
      37.591558885480474,
      21.915747906257014,
      93.71018346982072,
      44.02324816625833,
      25.434317663179158,
      48.361251953886814,
      98.28890457465573,
      63.551624049638164,
      19.037779175536446,
      23.316050125620325,
      24.40489422522509,
      23.56378746130065,
      57.014284564223765,
      38.31560242778981,
      25.927457619040727,
      46.85203550114084,
      19.401357069013617,
      32.236522640356775,
      97.4097618931508,
      42.32314595754089,
      45.36794111216253,
      24.557784192828567,
      24.41440944727337,
      68.08966208761957,
      75.71710682299913,
      77.51223168568566,
      67.76724861456486,
      45.5425948417346,
      23.496413492667564,
      84.89912568858992
    ],
    [
      7.145266674008029,
      8.215526922352979,
      23.04351039639781,
      10.772783856167257,
      9.655468018058214,
      7.36574719936557,
      7.776561264045048,
      70.18109428259781,
      26.126308123119824,
      24.58805309998138,
      40.988393515000894,
      6.533954662439251,
      5.299437031751398,
      2.92509541863654,
      5.962458408705448,
      2.4886974759504095,
      1.6521896404875278,
      6.32661116260689,
      5.765865910917111,
      0.0,
      3.3236556133115647,
      5.225652638408177,
      3.39283035539457,
      6.54893960435624,
      7.2470466067137504,
      5.909411429539867,
      9.80628119750848,
      7.370244743349123,
      17.28210340532754,
      10.621811597343433,
      21.79942191467096,
      13.611258129965773,
      14.144544557520337,
      11.946852545503301,
      11.139520030908647,
      13.838340568337621,
      26.19382836126118,
      49.65821678033825,
      27.896032121681902,
      67.33784695605591,
      27.987314870011495,
      43.068599324466376,
      26.294726235677803,
      81.62338216433693,
      42.9470042772481,
      29.794931971922555,
      49.85060364144128,
      84.21368234154046,
      60.344403948603514,
      21.431179709666868,
      27.33851032001867,
      29.816295485645714,
      23.44829910262945,
      40.9642214783942,
      32.12916678750346,
      25.66801186777486,
      41.346081230967656,
      20.169849714667112,
      35.43283797687993,
      75.35926763275994,
      42.01526350597476,
      46.361244637261635,
      28.461095689758874,
      27.471357492079363,
      71.94099365140691,
      63.99502208752039,
      60.63438740161763,
      71.7502600993418,
      46.91334640275605,
      27.37307418243023,
      78.94901964855376
    ],
    [
      6.564974826502761,
      6.104081061781914,
      22.12884822460284,
      9.335801373753785,
      8.825318674443867,
      6.229005793246272,
      6.733528617740202,
      66.1569574254844,
      19.097384869576327,
      27.067768258613373,
      41.454153161247135,
      4.391768197201335,
      3.6904219004100507,
      2.6241846938839437,
      5.376016907260603,
      3.5597758547437555,
      2.8039495807881987,
      5.287465039799971,
      5.087527853013385,
      3.3236556133115647,
      0.0,
      4.966978939260953,
      4.202512854343874,
      5.760950595897901,
      6.610723246504014,
      5.350791031371456,
      9.185843282972078,
      6.408131182240657,
      15.300563219138287,
      9.590396839805903,
      19.790425106227605,
      12.516942229180318,
      13.033006946701796,
      10.925779327773732,
      10.299569725481517,
      12.742325902676313,
      25.244064159925877,
      43.566731893885944,
      28.846312741872445,
      67.82622330125291,
      29.873398485617344,
      43.34890582595048,
      26.49832379800323,
      75.60943767891264,
      38.044197250997435,
      29.688695930854227,
      49.43883181992592,
      78.61674386004594,
      61.795331075667235,
      21.634333395850597,
      26.607305910485895,
      29.4070256679277,
      23.43811858286347,
      42.63492120009151,
      34.00646428035384,
      27.124990366771517,
      40.265846665984725,
      21.4277620968297,
      36.22231401289088,
      72.24549627742937,
      40.891394160513975,
      43.680233884287496,
      28.181855072878438,
      29.51386533000783,
      62.595784726675575,
      71.84839828989021,
      73.59110188140438,
      69.47534742038108,
      53.2237784805497,
      28.50151123502054,
      72.52762941631838
    ],
    [
      3.3209611901803475,
      4.3825105595101075,
      15.871821242971826,
      3.743583669708417,
      3.601084177203713,
      3.0944055394407735,
      3.3240177727279385,
      34.58682698760171,
      16.097650404653884,
      9.3743147682756,
      12.874293854040856,
      5.141258580096275,
      4.659816427978593,
      4.719377193859136,
      1.5799645585452557,
      5.063634656279239,
      4.7122411816870295,
      1.8435386238960831,
      5.369942136975396,
      5.225652638408177,
      4.966978939260953,
      0.0,
      6.217942680712453,
      1.6818806131691628,
      2.071977820688658,
      1.5233596608168478,
      5.648417820644173,
      2.313653623277844,
      6.668647916566766,
      3.794209695169131,
      6.749503529695336,
      3.5777730540338433,
      3.919425523315315,
      3.6520857609889097,
      3.3646887840065176,
      4.123501282137284,
      12.559352321896231,
      44.172201180939346,
      11.993614704010522,
      44.41681004270987,
      11.27755037206789,
      25.401443559927806,
      11.589260751236635,
      64.58494450191249,
      28.520430873749113,
      12.947708160099486,
      29.034122322035156,
      65.7098762475688,
      47.50022970729695,
      7.685855920541169,
      14.025202278047894,
      11.732830485003051,
      9.477683237327474,
      24.082859069938834,
      16.148555060902485,
      11.463518403827178,
      24.403884437301155,
      9.571551646581975,
      15.840430458006898,
      47.72487717584506,
      24.912091796019272,
      24.159989677060064,
      13.287301762441642,
      12.390138313399326,
      59.53715791573703,
      43.37497837855956,
      38.07268784240274,
      60.80322138357795,
      23.75768402052191,
      10.416713955818075,
      57.602138324139744
    ],
    [
      8.423799908268823,
      9.141836963244698,
      29.507202235739026,
      13.04994643167759,
      12.857986127308044,
      8.78077482196464,
      10.05859916959893,
      95.67717889974949,
      33.4013919662002,
      32.35852021669691,
      55.91736882328668,
      9.011297850408054,
      6.330817556173695,
      3.8604162820163053,
      7.072667920478907,
