{
  "bands": [
    {
      "high_freq": 148.1999969482422,
      "loudness": -20.855581283569336,
      "loudness_range": 6.011472702026367,
      "mid_mean": -17.662681579589844,
      "mid_to_side_loudness": -11.735273361206055,
      "mid_to_side_loudness_range": 13.886281967163086,
      "side_mean": -29.403963088989258
    },
    {
      "high_freq": 392.3793640136719,
      "loudness": -18.227142333984375,
      "loudness_range": 8.93848991394043,
      "low_freq": 148.1999969482422,
      "mid_mean": -16.294506072998047,
      "mid_to_side_loudness": -4.407548904418945,
      "mid_to_side_loudness_range": 11.593110084533691,
      "side_mean": -20.407705307006836
    },
    {
      "high_freq": 794.6976318359375,
      "loudness": -19.5360050201416,
      "loudness_range": 9.149712562561035,
      "low_freq": 392.3793640136719,
      "mid_mean": -18.32979393005371,
      "mid_to_side_loudness": -1.8025319576263428,
      "mid_to_side_loudness_range": 10.479083061218262,
      "side_mean": -20.218971252441406
    },
    {
      "high_freq": 1457.5709228515625,
      "loudness": -20.16155242919922,
      "loudness_range": 13.543521881103516,
      "low_freq": 794.6976318359375,
      "mid_mean": -18.42502212524414,
      "mid_to_side_loudness": -3.433138608932495,
      "mid_to_side_loudness_range": 11.50652027130127,
      "side_mean": -21.973939895629883
    },
    {
      "high_freq": 2549.74365234375,
      "loudness": -19.88966941833496,
      "loudness_range": 11.15829086303711,
      "low_freq": 1457.5709228515625,
      "mid_mean": -17.97821617126465,
      "mid_to_side_loudness": -3.4029626846313477,
      "mid_to_side_loudness_range": 8.471478462219238,
      "side_mean": -21.518198013305664
    },
    {
      "high_freq": 4349.24462890625,
      "loudness": -21.51088523864746,
      "loudness_range": 9.664730072021484,
      "low_freq": 2549.74365234375,
      "mid_mean": -19.49703598022461,
      "mid_to_side_loudness": -3.868861436843872,
      "mid_to_side_loudness_range": 9.278970718383789,
      "side_mean": -23.497472763061523
    },
    {
      "high_freq": 7314.1640625,
      "loudness": -23.567365646362305,
      "loudness_range": 8.217475891113281,
      "low_freq": 4349.24462890625,
      "mid_mean": -21.550798416137695,
      "mid_to_side_loudness": -4.0168843269348145,
      "mid_to_side_loudness_range": 8.979948043823242,
      "side_mean": -25.43187713623047
    },
    {
      "high_freq": 12199.2666015625,
      "loudness": -24.39847755432129,
      "loudness_range": 9.045309066772461,
      "low_freq": 7314.1640625,
      "mid_mean": -22.315000534057617,
      "mid_to_side_loudness": -4.193179130554199,
      "mid_to_side_loudness_range": 8.64647102355957,
      "side_mean": -26.391342163085938
    },
    {
      "loudness": -32.019771575927734,
      "loudness_range": 6.2977142333984375,
      "low_freq": 12199.2666015625,
      "mid_mean": -30.113370895385742,
      "mid_to_side_loudness": -3.4118237495422363,
      "mid_to_side_loudness_range": 6.640652179718018,
      "side_mean": -33.409889221191406
    }
  ],
  "bands_short": [
    {
      "high_freq": 148.1999969482422,
      "loudness": -24.81426429748535,
      "loudness_range": 16.305519104003906,
      "mid_mean": -22.12997817993164,
      "mid_to_side_loudness": -11.193890571594238,
      "mid_to_side_loudness_range": 25.21942710876465,
      "side_mean": -33.50266647338867
    },
    {
      "high_freq": 392.3793640136719,
      "loudness": -18.338972091674805,
      "loudness_range": 11.596980094909668,
      "low_freq": 148.1999969482422,
      "mid_mean": -16.58193016052246,
      "mid_to_side_loudness": -4.456248760223389,
      "mid_to_side_loudness_range": 15.53618335723877,
      "side_mean": -20.860023498535156
    },
    {
      "high_freq": 794.6976318359375,
      "loudness": -20.16608428955078,
      "loudness_range": 11.883498191833496,
      "low_freq": 392.3793640136719,
      "mid_mean": -19.47260856628418,
      "mid_to_side_loudness": -1.2939820289611816,
      "mid_to_side_loudness_range": 14.475961685180664,
      "side_mean": -20.837501525878906
    },
    {
      "high_freq": 1457.5709228515625,
      "loudness": -20.605533599853516,
      "loudness_range": 16.10244369506836,
      "low_freq": 794.6976318359375,
      "mid_mean": -19.217121124267578,
      "mid_to_side_loudness": -2.9948949813842773,
      "mid_to_side_loudness_range": 14.251693725585938,
      "side_mean": -22.343124389648438
    },
    {
      "high_freq": 2549.74365234375,
      "loudness": -20.839475631713867,
      "loudness_range": 13.902161598205566,
      "low_freq": 1457.5709228515625,
      "mid_mean": -19.173717498779297,
      "mid_to_side_loudness": -3.132045030593872,
      "mid_to_side_loudness_range": 11.252408981323242,
      "side_mean": -22.488670349121094
    },
    {
      "high_freq": 4349.24462890625,
      "loudness": -22.12296485900879,
      "loudness_range": 13.215353012084961,
      "low_freq": 2549.74365234375,
      "mid_mean": -20.456668853759766,
      "mid_to_side_loudness": -3.240060567855835,
      "mid_to_side_loudness_range": 11.391175270080566,
      "side_mean": -23.803861618041992
    },
    {
      "high_freq": 7314.1640625,
      "loudness": -24.45064353942871,
      "loudness_range": 12.152761459350586,
      "low_freq": 4349.24462890625,
      "mid_mean": -22.893707275390625,
      "mid_to_side_loudness": -3.0578060150146484,
      "mid_to_side_loudness_range": 10.700201988220215,
      "side_mean": -25.90135383605957
    },
    {
      "high_freq": 12199.2666015625,
      "loudness": -25.73860740661621,
      "loudness_range": 13.33900260925293,
      "low_freq": 7314.1640625,
      "mid_mean": -24.238788604736328,
      "mid_to_side_loudness": -3.0427002906799316,
      "mid_to_side_loudness_range": 10.535343170166016,
      "side_mean": -27.166152954101562
    },
    {
      "loudness": -33.65927505493164,
      "loudness_range": 14.477855682373047,
      "low_freq": 12199.2666015625,
      "mid_mean": -32.246395111083984,
      "mid_to_side_loudness": -2.505302667617798,
      "mid_to_side_loudness_range": 9.184019088745117,
      "side_mean": -34.635406494140625
    }
  ],
  "channels": 2,
  "covariance": [
    [
      16.853981018066406,
      3.1958279609680176,
      5.215927600860596,
      4.751159191131592,
      2.54398250579834,
      3.3968234062194824,
      5.170479774475098,
      5.982079029083252,
      4.5494585037231445,
      4.9706807136535645,
      4.342416763305664,
      5.062796592712402,
      6.011589050292969,
      4.587507247924805,
      7.074441432952881,
      6.028768539428711,
      6.541369915008545,
      6.8708415031433105
    ],
    [
      3.1958279609680176,
      17.439367294311523,
      2.6577234268188477,
      5.5699896812438965,
      5.827117919921875,
      3.489102840423584,
      8.024500846862793,
      5.506854057312012,
      6.976882457733154,
      6.172350883483887,
      5.191188812255859,
      4.8856425285339355,
      4.30491304397583,
      3.4598488807678223,
      4.6329803466796875,
      4.4752421379089355,
      4.314903259277344,
      4.233884811401367
    ],
    [
      5.215927600860596,
      2.6577234268188477,
      17.58211326599121,
      4.2509379386901855,
      3.211968183517456,
      3.158167600631714,
      0.7089092135429382,
      2.7679102420806885,
      -0.1933165192604065,
      0.36606889963150024,
      1.0259296894073486,
      0.0947602167725563,
      1.2691494226455688,
      0.47668948769569397,
      1.8879687786102295,
      0.5420748591423035,
      1.806854009628296,
      1.18082857131958
    ],
    [
      4.751159191131592,
      5.5699896812438965,
      4.2509379386901855,
      10.414725303649902,
      5.760255336761475,
      5.949680805206299,
      7.163435459136963,
      6.61616849899292,
      5.832894325256348,
      5.731489181518555,
      4.173014163970947,
      4.76782751083374,
      4.450643539428711,
      3.819547176361084,
      5.355187892913818,
      4.989224433898926,
      5.082759857177734,
      5.262619495391846
    ],
    [
      2.54398250579834,
      5.827117919921875,
      3.211968183517456,
      5.760255336761475,
      20.56182289123535,
      9.101216316223145,
      15.776984214782715,
      9.523378372192383,
      11.106008529663086,
      7.199939250946045,
      9.201468467712402,
      5.854989051818848,
      5.235122203826904,
      3.6888625621795654,
      5.798842430114746,
      4.710463047027588,
      4.550924777984619,
      5.570666790008545
    ],
    [
      3.3968234062194824,
      3.489102840423584,
      3.158167600631714,
      5.949680805206299,
      9.101216316223145,
      10.825700759887695,
      9.008631706237793,
      8.660676002502441,
      7.412145614624023,
      7.233911991119385,
      4.9607157707214355,
      5.486398696899414,
      4.063230514526367,
      3.779125452041626,
      4.783609390258789,
      4.525851249694824,
      4.341927528381348,
      4.931511878967285
    ],
    [
      5.170479774475098,
      8.024500846862793,
      0.7089092135429382,
      7.163435459136963,
      15.776984214782715,
      9.008631706237793,
      32.616634368896484,
      16.922725677490234,
      18.759878158569336,
      12.437759399414062,
      12.504270553588867,
      10.467876434326172,
      8.334152221679688,
      6.442398548126221,
      8.892637252807617,
      8.200399398803711,
      8.22312068939209,
      9.205841064453125
    ],
    [
      5.982079029083252,
      5.506854057312012,
      2.7679102420806885,
      6.61616849899292,
      9.523378372192383,
      8.660676002502441,
      16.922725677490234,
      17.90318489074707,
      12.503402709960938,
      12.23657512664795,
      9.013309478759766,
      10.228635787963867,
      7.882539749145508,
      7.21624755859375,
      8.489970207214355,
      8.373201370239258,
      8.03760814666748,
      8.811120986938477
    ],
    [
      4.5494585037231445,
      6.976882457733154,
      -0.1933165192604065,
      5.832894325256348,
      11.106008529663086,
      7.412145614624023,
      18.759878158569336,
      12.503402709960938,
      23.417163848876953,
      15.832047462463379,
      12.869709014892578,
      12.63014030456543,
      9.905296325683594,
      9.457951545715332,
      9.265251159667969,
      9.54446792602539,
      8.252070426940918,
      9.587477684020996
    ],
    [
      4.9706807136535645,
      6.172350883483887,
      0.36606889963150024,
      5.731489181518555,
      7.199939250946045,
      7.233911991119385,
      12.437759399414062,
      12.23657512664795,
      15.832047462463379,
      17.91177749633789,
      10.096616744995117,
      13.404047966003418,
      8.912619590759277,
      10.605273246765137,
      8.223957061767578,
      10.077940940856934,
      7.748463153839111,
      9.567524909973145
    ],
    [
      4.342416763305664,
      5.191188812255859,
      1.0259296894073486,
      4.173014163970947,
      9.201468467712402,
      4.9607157707214355,
      12.504270553588867,
      9.013309478759766,
      12.869709014892578,
      10.096616744995117,
      18.334701538085938,
      11.775172233581543,
      11.981057167053223,
      9.209887504577637,
      10.49429702758789,
      8.904526710510254,
      8.270572662353516,
      8.572736740112305
    ],
    [
      5.062796592712402,
      4.8856425285339355,
      0.0947602167725563,
      4.76782751083374,
      5.854989051818848,
      5.486398696899414,
      10.467876434326172,
      10.228635787963867,
      12.63014030456543,
      13.404047966003418,
      11.775172233581543,
      18.034515380859375,
      9.50371265411377,
      13.777764320373535,
      8.521771430969238,
      11.717997550964355,
      7.833587169647217,
      9.98188304901123
    ],
    [
      6.011589050292969,
      4.30491304397583,
      1.2691494226455688,
      4.450643539428711,
      5.235122203826904,
      4.063230514526367,
      8.334152221679688,
      7.882539749145508,
      9.905296325683594,
      8.912619590759277,
      11.981057167053223,
      9.50371265411377,
      17.416704177856445,
      9.564960479736328,
      15.4022216796875,
      9.439550399780273,
      11.472070693969727,
      8.778291702270508
    ],
    [
      4.587507247924805,
      3.4598488807678223,
      0.47668948769569397,
      3.819547176361084,
      3.6888625621795654,
      3.779125452041626,
      6.442398548126221,
      7.21624755859375,
      9.457951545715332,
      10.605273246765137,
      9.209887504577637,
      13.777764320373535,
      9.564960479736328,
      16.84869956970215,
      8.378645896911621,
      13.489507675170898,
      7.561598300933838,
      10.677342414855957
    ],
    [
      7.074441432952881,
      4.6329803466796875,
      1.8879687786102295,
      5.355187892913818,
      5.798842430114746,
      4.783609390258789,
      8.892637252807617,
      8.489970207214355,
      9.265251159667969,
      8.223957061767578,
      10.49429702758789,
      8.521771430969238,
      15.4022216796875,
      8.378645896911621,
      18.624435424804688,
      9.969905853271484,
      14.880227088928223,
      9.667030334472656
    ],
    [
      6.028768539428711,
      4.4752421379089355,
      0.5420748591423035,
      4.989224433898926,
      4.710463047027588,
      4.525851249694824,
      8.200399398803711,
      8.373201370239258,
      9.54446792602539,
      10.077940940856934,
      8.904526710510254,
      11.717997550964355,
      9.439550399780273,
      13.489507675170898,
      9.969905853271484,
      15.625255584716797,
      9.226400375366211,
      12.704418182373047
    ],
    [
      6.541369915008545,
      4.314903259277344,
      1.806854009628296,
      5.082759857177734,
      4.550924777984619,
      4.341927528381348,
      8.22312068939209,
      8.03760814666748,
      8.252070426940918,
      7.748463153839111,
      8.270572662353516,
      7.833587169647217,
      11.472070693969727,
      7.561598300933838,
      14.880227088928223,
      9.226400375366211,
      15.270404815673828,
      10.078638076782227
    ],
    [
      6.8708415031433105,
      4.233884811401367,
      1.18082857131958,
      5.262619495391846,
      5.570666790008545,
      4.931511878967285,
      9.205841064453125,
      8.811120986938477,
      9.587477684020996,
      9.567524909973145,
      8.572736740112305,
      9.98188304901123,
      8.778291702270508,
      10.677342414855957,
      9.667030334472656,
      12.704418182373047,
      10.078638076782227,
      14.713750839233398
    ]
  ],
  "covariance_short": [
    [
      46.568607330322266,
      2.8565356731414795,
      10.040746688842773,
      5.1551737785339355,
      2.34470796585083,
      3.587895631790161,
      4.949882984161377,
      5.701683044433594,
      4.881378650665283,
      5.305922508239746,
      4.3474345207214355,
      5.188907623291016,
      5.301807880401611,
      5.371488094329834,
      4.529941082000732,
      5.5478129386901855,
      4.062891483306885,
      5.958198070526123
    ],
    [
      2.8565356731414795,
      32.721500396728516,
      1.5090653896331787,
      5.8810343742370605,
      5.271890640258789,
      3.3968701362609863,
      7.367246627807617,
      4.736761569976807,
      6.179950714111328,
      4.859123706817627,
      4.958104133605957,
      4.1702189445495605,
      4.407922267913818,
      3.6663434505462646,
      4.543247222900391,
      4.356132984161377,
      4.221747875213623,
      3.6341583728790283
    ],
    [
      10.040746688842773,
      1.5090653896331787,
      28.61904525756836,
      6.209384441375732,
      5.498337268829346,
      5.074007034301758,
      2.8470656871795654,
      4.585931777954102,
      2.924278974533081,
      2.7952170372009277,
      3.342589855194092,
      2.047590732574463,
      4.447533130645752,
      2.496309995651245,
      5.429960250854492,
      3.2438454627990723,
      6.578975677490234,
      5.002347946166992
    ],
    [
      5.1551737785339355,
      5.8810343742370605,
      6.209384441375732,
      15.261326789855957,
      7.206807613372803,
      8.035780906677246,
      8.403388977050781,
      8.347140312194824,
      6.725627899169922,
      6.970567226409912,
      5.014063835144043,
      5.336509704589844,
      5.020196914672852,
      5.08232307434082,
      6.202866554260254,
      6.026853084564209,
      6.6537394523620605,
      6.409708023071289
    ],
    [
      2.34470796585083,
      5.271890640258789,
      5.498337268829346,
      7.206807613372803,
      32.66151428222656,
      12.124035835266113,
      20.161466598510742,
      12.786060333251953,
      14.93090534210205,
      10.021666526794434,
      14.413352966308594,
      8.475625991821289,
      8.84591293334961,
      6.547810077667236,
      9.937336921691895,
      8.072595596313477,
      9.050768852233887,
      8.923870086669922
    ],
    [
      3.587895631790161,
      3.3968701362609863,
      5.074007034301758,
      8.035780906677246,
      12.124035835266113,
      17.483369827270508,
      11.526195526123047,
      11.925965309143066,
      9.535550117492676,
      9.585066795349121,
      6.979236125946045,
      6.975837230682373,
      5.391329288482666,
      5.420450210571289,
      6.620201587677002,
      6.051178455352783,
      6.689469814300537,
      6.500759124755859
    ],
    [
      4.949882984161377,
      7.367246627807617,
      2.8470656871795654,
      8.403388977050781,
      20.161466598510742,
      11.526195526123047,
      42.27958297729492,
      20.854135513305664,
      24.087444305419922,
      16.078210830688477,
      18.261112213134766,
      13.075967788696289,
      13.109724044799805,
      9.70684814453125,
      13.766127586364746,
      11.648252487182617,
      12.810491561889648,
      12.641729354858398
    ],
    [
      5.701683044433594,
      4.736761569976807,
      4.585931777954102,
      8.347140312194824,
      12.786060333251953,
      11.925965309143066,
      20.854135513305664,
      25.36992835998535,
      15.751982688903809,
      16.054431915283203,
      12.407716751098633,
      12.661041259765625,
      10.000288963317871,
      9.787429809570312,
      10.579817771911621,
      10.31159496307373,
      10.28061580657959,
      10.812664985656738
    ],
    [
      4.881378650665283,
      6.179950714111328,
      2.924278974533081,
      6.725627899169922,
      14.93090534210205,
      9.535550117492676,
      24.087444305419922,
      15.751982688903809,
      33.210289001464844,
      20.008146286010742,
      19.311016082763672,
      15.449715614318848,
      15.24785327911377,
      12.843291282653809,
      14.703531265258789,
      13.365549087524414,
      13.543414115905762,
      13.588217735290527
    ],
    [
      5.305922508239746,
      4.859123706817627,
      2.7952170372009277,
      6.970567226409912,
      10.021666526794434,
      9.585066795349121,
      16.078210830688477,
      16.054431915283203,
      20.008146286010742,
      23.97199821472168,
      13.963357925415039,
      16.270994186401367,
      11.963902473449707,
      13.559924125671387,
      11.545741081237793,
      12.914429664611816,
      11.204259872436523,
      12.55079174041748
    ],
    [
      4.3474345207214355,
      4.958104133605957,
      3.342589855194092,
      5.014063835144043,
      14.413352966308594,
      6.979236125946045,
      18.261112213134766,
      12.407716751098633,
      19.311016082763672,
      13.963357925415039,
      30.43609046936035,
      17.588876724243164,
      20.713003158569336,
      14.229581832885742,
      19.205551147460938,
      14.350540161132812,
      16.27644157409668,
      13.998010635375977
    ],
    [
      5.188907623291016,
      4.1702189445495605,
      2.047590732574463,
      5.336509704589844,
      8.475625991821289,
      6.975837230682373,
      13.075967788696289,
      12.661041259765625,
      15.449715614318848,
      16.270994186401367,
      17.588876724243164,
      23.00159454345703,
      13.539728164672852,
      17.56653594970703,
      12.653233528137207,
      15.723464965820312,
      11.894929885864258,
      14.03471851348877
    ],
    [
      5.301807880401611,
      4.407922267913818,
      4.447533130645752,
      5.020196914672852,
      8.84591293334961,
      5.391329288482666,
      13.109724044799805,
      10.000288963317871,
      15.24785327911377,
      11.963902473449707,
      20.713003158569336,
      13.539728164672852,
      29.546112060546875,
      15.849154472351074,
      27.250011444091797,
      15.915297508239746,
      23.35225486755371,
      15.772796630859375
    ],
    [
      5.371488094329834,
      3.6663434505462646,
      2.496309995651245,
      5.08232307434082,
      6.547810077667236,
      5.420450210571289,
      9.70684814453125,
      9.787429809570312,
      12.843291282653809,
      13.559924125671387,
      14.229581832885742,
      17.56653594970703,
      15.849154472351074,
      23.134798049926758,
      14.701356887817383,
      19.728883743286133,
      13.965660095214844,
      17.034460067749023
    ],
    [
      4.529941082000732,
      4.543247222900391,
      5.429960250854492,
      6.202866554260254,
      9.937336921691895,
      6.620201587677002,
      13.766127586364746,
      10.579817771911621,
      14.703531265258789,
      11.545741081237793,
      19.205551147460938,
      12.653233528137207,
      27.250011444091797,
      14.701356887817383,
      34.21031951904297,
      18.220558166503906,
      30.0904598236084,
      18.814607620239258
    ],
    [
      5.5478129386901855,
      4.356132984161377,
      3.2438454627990723,
      6.026853084564209,
      8.072595596313477,
      6.051178455352783,
      11.648252487182617,
      10.31159496307373,
      13.365549087524414,
      12.914429664611816,
      14.350540161132812,
      15.723464965820312,
      15.915297508239746,
      19.728883743286133,
      18.220558166503906,
      24.05768585205078,
      17.658945083618164,
      20.994794845581055
    ],
    [
      4.062891483306885,
      4.221747875213623,
      6.578975677490234,
      6.6537394523620605,
      9.050768852233887,
      6.689469814300537,
      12.810491561889648,
      10.28061580657959,
      13.543414115905762,
      11.204259872436523,
      16.27644157409668,
      11.894929885864258,
      23.35225486755371,
      13.965660095214844,
      30.0904598236084,
      17.658945083618164,
      33.90420913696289,
      22.15342140197754
    ],
    [
      5.958198070526123,
      3.6341583728790283,
      5.002347946166992,
      6.409708023071289,
      8.923870086669922,
      6.500759124755859,
      12.641729354858398,
      10.812664985656738,
      13.588217735290527,
      12.55079174041748,
      13.998010635375977,
      14.03471851348877,
      15.772796630859375,
      17.034460067749023,
      18.814607620239258,
      20.994794845581055,
      22.15342140197754,
      26.877965927124023
    ]
  ],
  "drr": 13.99351692199707,
  "dynamics": 2.4139397144317627,
  "format": 1245190,
  "frames": 11407360,
  "loudness": -7.417530059814453,
  "loudness_range": 5.282020092010498,
  "loudness_range_short": 7.975363254547119,
  "peak": 0.732984721660614,
  "rms": -10.463685989379883,
  "sample_rate": 44100,
  "sections": 1,
  "seekable": 1,
  "sharpness": 2.207510471343994,
  "space": -4.6126484870910645
}