{
  "bands": [
    {
      "high_freq": 148.1999969482422,
      "loudness": -45.58567810058594,
      "loudness_range": 18.538997650146484,
      "mid_mean": -44.209041595458984,
      "mid_to_side_loudness": -1.6039501428604126,
      "mid_to_side_loudness_range": 3.5200817584991455,
      "side_mean": -45.79667282104492
    },
    {
      "high_freq": 392.3793640136719,
      "loudness": -31.3676815032959,
      "loudness_range": 20.204750061035156,
      "low_freq": 148.1999969482422,
      "mid_mean": -29.96364402770996,
      "mid_to_side_loudness": -1.8563361167907715,
      "mid_to_side_loudness_range": 3.4665632247924805,
      "side_mean": -31.8015079498291
    },
    {
      "high_freq": 794.6976318359375,
      "loudness": -29.61164665222168,
      "loudness_range": 20.545263290405273,
      "low_freq": 392.3793640136719,
      "mid_mean": -28.003690719604492,
      "mid_to_side_loudness": -2.5104851722717285,
      "mid_to_side_loudness_range": 5.529930591583252,
      "side_mean": -30.506271362304688
    },
    {
      "high_freq": 1457.5709228515625,
      "loudness": -38.62606430053711,
      "loudness_range": 20.735858917236328,
      "low_freq": 794.6976318359375,
      "mid_mean": -36.99345779418945,
      "mid_to_side_loudness": -2.8279764652252197,
      "mid_to_side_loudness_range": 6.186176300048828,
      "side_mean": -39.83677673339844
    },
    {
      "high_freq": 2549.74365234375,
      "loudness": -45.57310485839844,
      "loudness_range": 25.165298461914062,
      "low_freq": 1457.5709228515625,
      "mid_mean": -44.04774475097656,
      "mid_to_side_loudness": -2.8527510166168213,
      "mid_to_side_loudness_range": 5.9941534996032715,
      "side_mean": -47.196163177490234
    },
    {
      "high_freq": 4349.24462890625,
      "loudness": -56.39415740966797,
      "loudness_range": 25.536460876464844,
      "low_freq": 2549.74365234375,
      "mid_mean": -55.66423797607422,
      "mid_to_side_loudness": -2.9792563915252686,
      "mid_to_side_loudness_range": 5.97744083404541,
      "side_mean": -57.97282028198242
    },
    {
      "high_freq": 7314.1640625,
      "loudness": -70.48097229003906,
      "loudness_range": 21.716053009033203,
      "low_freq": 4349.24462890625,
      "mid_mean": -65.14627838134766,
      "mid_to_side_loudness": -2.5146963596343994,
      "mid_to_side_loudness_range": 3.782683849334717,
      "side_mean": -66.33827209472656
    },
    {
      "high_freq": 12199.2666015625,
      "loudness": -76.6798324584961,
      "loudness_range": 5.113037109375,
      "low_freq": 7314.1640625,
      "mid_mean": -68.71827697753906,
      "mid_to_side_loudness": -2.0391428470611572,
      "mid_to_side_loudness_range": 0.8989468812942505,
      "side_mean": -69.14085388183594
    },
    {
      "loudness": 0,
      "loudness_range": 0,
      "low_freq": 12199.2666015625,
      "mid_mean": -69.04914093017578,
      "mid_to_side_loudness": -2.8600106239318848,
      "mid_to_side_loudness_range": 2.5117151737213135,
      "side_mean": -69.49098205566406
    }
  ],
  "bands_short": [
    {
      "high_freq": 148.1999969482422,
      "loudness": -50.26534652709961,
      "loudness_range": 22.948463439941406,
      "mid_mean": -49.00276184082031,
      "mid_to_side_loudness": -1.7528482675552368,
      "mid_to_side_loudness_range": 10.33465576171875,
      "side_mean": -50.90519714355469
    },
    {
      "high_freq": 392.3793640136719,
      "loudness": -33.85523223876953,
      "loudness_range": 22.474929809570312,
      "low_freq": 148.1999969482422,
      "mid_mean": -32.52630615234375,
      "mid_to_side_loudness": -1.935773253440857,
      "mid_to_side_loudness_range": 5.446901798248291,
      "side_mean": -34.32484817504883
    },
    {
      "high_freq": 794.6976318359375,
      "loudness": -29.55181312561035,
      "loudness_range": 22.803848266601562,
      "low_freq": 392.3793640136719,
      "mid_mean": -28.008460998535156,
      "mid_to_side_loudness": -2.47066068649292,
      "mid_to_side_loudness_range": 6.76479434967041,
      "side_mean": -30.549015045166016
    },
    {
      "high_freq": 1457.5709228515625,
      "loudness": -39.71747970581055,
      "loudness_range": 23.45867919921875,
      "low_freq": 794.6976318359375,
      "mid_mean": -38.110939025878906,
      "mid_to_side_loudness": -2.8082995414733887,
      "mid_to_side_loudness_range": 7.1773681640625,
      "side_mean": -41.00640869140625
    },
    {
      "high_freq": 2549.74365234375,
      "loudness": -47.52234649658203,
      "loudness_range": 28.061588287353516,
      "low_freq": 1457.5709228515625,
      "mid_mean": -46.2571907043457,
      "mid_to_side_loudness": -2.8761966228485107,
      "mid_to_side_loudness_range": 7.26632833480835,
      "side_mean": -49.724815368652344
    },
    {
      "high_freq": 4349.24462890625,
      "loudness": -56.96342468261719,
      "loudness_range": 27.770816802978516,
      "low_freq": 2549.74365234375,
      "mid_mean": -56.26107406616211,
      "mid_to_side_loudness": -2.991476535797119,
      "mid_to_side_loudness_range": 7.131638526916504,
      "side_mean": -58.572608947753906
    },
    {
      "high_freq": 7314.1640625,
      "loudness": -71.58460998535156,
      "loudness_range": 21.537288665771484,
      "low_freq": 4349.24462890625,
      "mid_mean": -65.79551696777344,
      "mid_to_side_loudness": -2.401602029800415,
      "mid_to_side_loudness_range": 3.7169384956359863,
      "side_mean": -66.85458374023438
    },
    {
      "high_freq": 12199.2666015625,
      "loudness": -76.91574096679688,
      "loudness_range": 4.6752471923828125,
      "low_freq": 7314.1640625,
      "mid_mean": -68.79373931884766,
      "mid_to_side_loudness": -1.9923676252365112,
      "mid_to_side_loudness_range": 1.7407417297363281,
      "side_mean": -69.19087982177734
    },
    {
      "loudness": 0,
      "loudness_range": 0,
      "low_freq": 12199.2666015625,
      "mid_mean": -69.04712677001953,
      "mid_to_side_loudness": -2.8279805183410645,
      "mid_to_side_loudness_range": 3.0426559448242188,
      "side_mean": -69.4883804321289
    }
  ],
  "channels": 2,
  "covariance": [
    [
      37.952972412109375,
      38.08205795288086,
      18.570693969726562,
      19.09860610961914,
      17.07459831237793,
      18.25279998779297,
      19.578336715698242,
      20.731130599975586,
      19.483980178833008,
      20.99917984008789,
      21.651288986206055,
      21.15932273864746,
      9.562918663024902,
      7.748532772064209,
      0.9399758577346802,
      0.5961642265319824,
      0.38738536834716797,
      0.16797319054603577
    ],
    [
      38.08205795288086,
      40.98923873901367,
      19.114274978637695,
      19.938135147094727,
      16.18243408203125,
      18.76190757751465,
      18.813154220581055,
      22.069778442382812,
      18.28392791748047,
      21.67755126953125,
      20.59701919555664,
      21.860965728759766,
      9.247068405151367,
      8.152650833129883,
      0.9082627892494202,
      0.6339837908744812,
      0.31275248527526855,
      0.16728994250297546
    ],
    [
      18.570693969726562,
      19.114274978637695,
      50.5317497253418,
      48.911895751953125,
      21.3951473236084,
      24.686983108520508,
      23.33318519592285,
      26.889545440673828,
      27.13316535949707,
      33.013362884521484,
      31.41561508178711,
      31.329803466796875,
      9.930489540100098,
      8.25632381439209,
      1.0237535238265991,
      0.6153653860092163,
      0.434286504983902,
      0.25411343574523926
    ],
    [
      19.09860610961914,
      19.938135147094727,
      48.911895751953125,
      53.547611236572266,
      21.038902282714844,
      25.245519638061523,
      23.3593807220459,
      27.604896545410156,
      27.025590896606445,
      34.04007339477539,
      31.07956886291504,
      32.234832763671875,
      9.539072036743164,
      8.077731132507324,
      1.0353230237960815,
      0.6089372634887695,
      0.3293006420135498,
      0.2554072439670563
    ],
    [
      17.07459831237793,
      16.18243408203125,
      21.3951473236084,
      21.038902282714844,
      52.49357223510742,
      50.92124557495117,
      40.33133316040039,
      40.38688659667969,
      49.26988220214844,
      52.927001953125,
      49.77442932128906,
      46.916751861572266,
      23.113250732421875,
      18.714920043945312,
      2.385625123977661,
      1.5859942436218262,
      0.726585865020752,
      0.34732264280319214
    ],
    [
      18.25279998779297,
      18.76190757751465,
      24.686983108520508,
      25.245519638061523,
      50.92124557495117,
      60.08292007446289,
      40.93138885498047,
      46.14730453491211,
      49.0345344543457,
      59.27122497558594,
      50.854515075683594,
      52.28584671020508,
      23.610431671142578,
      20.624347686767578,
      2.383437395095825,
      1.671147108078003,
      0.4995364844799042,
      0.363911509513855
    ],
    [
      19.578336715698242,
      18.813154220581055,
      23.33318519592285,
      23.3593807220459,
      40.33133316040039,
      40.93138885498047,
      53.520076751708984,
      50.29949188232422,
      49.82196807861328,
      53.06737518310547,
      50.93384552001953,
      47.61613464355469,
      24.323450088500977,
      19.607669830322266,
      3.487130641937256,
      2.4405245780944824,
      0.7134665250778198,
      0.3389643430709839
    ],
    [
      20.731130599975586,
      22.069778442382812,
      26.889545440673828,
      27.604896545410156,
      40.38688659667969,
      46.14730453491211,
      50.29949188232422,
      59.3304443359375,
      49.581787109375,
      60.03265380859375,
      50.926719665527344,
      53.78763961791992,
      24.462928771972656,
      21.900585174560547,
      3.396958351135254,
      2.646052837371826,
      0.45456233620643616,
      0.34895071387290955
    ],
    [
      19.483980178833008,
      18.28392791748047,
      27.13316535949707,
      27.025590896606445,
      49.26988220214844,
      49.0345344543457,
      49.82196807861328,
      49.581787109375,
      77.09176635742188,
      73.21155548095703,
      66.99165344238281,
      62.5281982421875,
      31.802059173583984,
      25.635082244873047,
      3.7975780963897705,
      2.630394697189331,
      0.8815069198608398,
      0.41805440187454224
    ],
    [
      20.99917984008789,
      21.67755126953125,
      33.013362884521484,
      34.04007339477539,
      52.927001953125,
      59.27122497558594,
      53.06737518310547,
      60.03265380859375,
      73.21155548095703,
      89.47569274902344,
      70.24044036865234,
      73.55204772949219,
      32.783382415771484,
      29.078466415405273,
      3.856353759765625,
      2.8858535289764404,
      0.5903367400169373,
      0.4455230236053467
    ],
    [
      21.651288986206055,
      20.59701919555664,
      31.41561508178711,
      31.07956886291504,
      49.77442932128906,
      50.854515075683594,
      50.93384552001953,
      50.926719665527344,
      66.99165344238281,
      70.24044036865234,
      74.86091613769531,
      69.63333129882812,
      34.176334381103516,
      27.844022750854492,
      4.334681510925293,
      2.9971530437469482,
      0.9958612322807312,
      0.525139331817627
    ],
    [
      21.15932273864746,
      21.860965728759766,
      31.329803466796875,
      32.234832763671875,
      46.916751861572266,
      52.28584671020508,
      47.61613464355469,
      53.78763961791992,
      62.5281982421875,
      73.55204772949219,
      69.63333129882812,
      72.68524169921875,
      32.67692947387695,
      29.107053756713867,
      4.062446594238281,
      3.077237844467163,
      0.6818864345550537,
      0.5026365518569946
    ],
    [
      9.562918663024902,
      9.247068405151367,
      9.930489540100098,
      9.539072036743164,
      23.113250732421875,
      23.610431671142578,
      24.323450088500977,
      24.462928771972656,
      31.802059173583984,
      32.783382415771484,
      34.176334381103516,
      32.67692947387695,
      26.1329402923584,
      21.934919357299805,
      3.481877326965332,
      2.5758118629455566,
      0.501589298248291,
      0.2631075382232666
    ],
    [
      7.748532772064209,
      8.152650833129883,
      8.25632381439209,
      8.077731132507324,
      18.714920043945312,
      20.624347686767578,
      19.607669830322266,
      21.900585174560547,
      25.635082244873047,
      29.078466415405273,
      27.844022750854492,
      29.107053756713867,
      21.934919357299805,
      20.857467651367188,
      3.0187902450561523,
      2.4592840671539307,
      0.30366572737693787,
      0.2234906256198883
    ],
    [
      0.9399758577346802,
      0.9082627892494202,
      1.0237535238265991,
      1.0353230237960815,
      2.385625123977661,
      2.383437395095825,
      3.487130641937256,
      3.396958351135254,
      3.7975780963897705,
      3.856353759765625,
      4.334681510925293,
      4.062446594238281,
      3.481877326965332,
      3.0187902450561523,
      1.4839320182800293,
      1.182387351989746,
      0.07819420099258423,
      0.04498600959777832
    ],
    [
      0.5961642265319824,
      0.6339837908744812,
      0.6153653860092163,
      0.6089372634887695,
      1.5859942436218262,
      1.671147108078003,
      2.4405245780944824,
      2.646052837371826,
      2.630394697189331,
      2.8858535289764404,
      2.9971530437469482,
      3.077237844467163,
      2.5758118629455566,
      2.4592840671539307,
      1.182387351989746,
      1.0668622255325317,
      0.041471078991889954,
      0.03314264491200447
    ],
    [
      0.38738536834716797,
      0.31275248527526855,
      0.434286504983902,
      0.3293006420135498,
      0.726585865020752,
      0.4995364844799042,
      0.7134665250778198,
      0.45456233620643616,
      0.8815069198608398,
      0.5903367400169373,
      0.9958612322807312,
      0.6818864345550537,
      0.501589298248291,
      0.30366572737693787,
      0.07819420099258423,
      0.041471078991889954,
      0.06503409892320633,
      0.01616978645324707
    ],
    [
      0.16797319054603577,
      0.16728994250297546,
      0.25411343574523926,
      0.2554072439670563,
      0.34732264280319214,
      0.363911509513855,
      0.3389643430709839,
      0.34895071387290955,
      0.41805440187454224,
      0.4455230236053467,
      0.525139331817627,
      0.5026365518569946,
      0.2631075382232666,
      0.2234906256198883,
      0.04498600959777832,
      0.03314264491200447,
      0.01616978645324707,
      0.008373779244720936
    ]
  ],
  "covariance_short": [
    [
      58.10124969482422,
      53.637939453125,
      24.432106018066406,
      24.813257217407227,
      19.781734466552734,
      21.834779739379883,
      23.630088806152344,
      25.136472702026367,
      25.07940101623535,
      29.477188110351562,
      23.795059204101562,
      22.94696044921875,
      9.803325653076172,
      7.8966193199157715,
      1.0761929750442505,
      0.7199482321739197,
      0.4387719929218292,
      0.2016773521900177
    ],
    [
      53.637939453125,
      65.24191284179688,
      25.480228424072266,
      26.13210678100586,
      19.37604522705078,
      22.982736587524414,
      22.962162017822266,
      26.662860870361328,
      23.664470672607422,
      30.925310134887695,
      25.628643035888672,
      26.50169563293457,
      10.29673957824707,
      8.969573974609375,
      1.2524904012680054,
      0.9000864624977112,
      0.5534071326255798,
      0.31401869654655457
    ],
    [
      24.432106018066406,
      25.480228424072266,
      61.39255905151367,
      57.43538284301758,
      32.60322570800781,
      37.07121658325195,
      30.326885223388672,
      35.119964599609375,
      33.692386627197266,
      42.107818603515625,
      33.251094818115234,
      33.437076568603516,
      10.606538772583008,
      9.070900917053223,
      1.1841939687728882,
      0.8031809329986572,
      0.4666619598865509,
      0.3021427094936371
    ],
    [
      24.813257217407227,
      26.13210678100586,
      57.43538284301758,
      64.88224029541016,
      31.103422164916992,
      37.854949951171875,
      29.757795333862305,
      35.749874114990234,
      32.804283142089844,
      42.94658660888672,
      32.236328125,
      33.756866455078125,
      10.15125560760498,
      8.830265998840332,
      1.1482787132263184,
      0.7546094655990601,
      0.33807122707366943,
      0.3016597628593445
    ],
    [
      19.781734466552734,
      19.37604522705078,
      32.60322570800781,
      31.103422164916992,
      63.03846740722656,
      60.20370101928711,
      47.227264404296875,
      47.43008804321289,
      60.48373031616211,
      63.725440979003906,
      56.834163665771484,
      53.48841857910156,
      23.504064559936523,
      19.07682991027832,
      2.4840753078460693,
      1.7055268287658691,
      0.8055313229560852,
      0.4337432384490967
    ],
    [
      21.834779739379883,
      22.982736587524414,
      37.07121658325195,
      37.854949951171875,
      60.20370101928711,
      73.47339630126953,
      47.680355072021484,
      54.628257751464844,
      61.054405212402344,
      72.12626647949219,
      58.590694427490234,
      60.26966857910156,
      23.848623275756836,
      20.93576431274414,
      2.460486888885498,
      1.7918251752853394,
      0.5166462659835815,
      0.46006515622138977
    ],
    [
      23.630088806152344,
      22.962162017822266,
      30.326885223388672,
      29.757795333862305,
      47.227264404296875,
      47.680355072021484,
      66.14168548583984,
      60.130577087402344,
      61.8091926574707,
      64.49867248535156,
      59.501258850097656,
      55.04682922363281,
      25.23885154724121,
      20.197622299194336,
      3.438981533050537,
      2.3692626953125,
      0.8257884383201599,
      0.42298424243927
    ],
    [
      25.136472702026367,
      26.662860870361328,
      35.119964599609375,
      35.749874114990234,
      47.43008804321289,
      54.628257751464844,
      60.130577087402344,
      71.95323181152344,
      60.6453971862793,
      72.91854858398438,
      59.30260467529297,
      62.02827835083008,
      24.938213348388672,
      22.384103775024414,
      3.2651052474975586,
      2.572082042694092,
      0.5129912495613098,
      0.44060540199279785
    ],
    [
      25.07940101623535,
      23.664470672607422,
      33.692386627197266,
      32.804283142089844,
      60.48373031616211,
      61.054405212402344,
      61.8091926574707,
      60.6453971862793,
      94.6007308959961,
      88.86337280273438,
      76.35591125488281,
      70.3656234741211,
      32.89767837524414,
      26.207120895385742,
      3.833977460861206,
      2.6352217197418213,
      1.0308682918548584,
      0.5267977118492126
    ],
    [
      29.477188110351562,
      30.925310134887695,
      42.107818603515625,
      42.94658660888672,
      63.725440979003906,
      72.12626647949219,
      64.49867248535156,
      72.91854858398438,
      88.86337280273438,
      108.97468566894531,
      80.10870361328125,
      83.15886688232422,
      33.31779479980469,
      29.455476760864258,
      3.7797658443450928,
      2.861715316772461,
      0.624453604221344,
      0.5657787322998047
    ],
    [
      23.795059204101562,
      25.628643035888672,
      33.251094818115234,
      32.236328125,
      56.834163665771484,
      58.590694427490234,
      59.501258850097656,
      59.30260467529297,
      76.35591125488281,
      80.10870361328125,
      82.72378540039062,
      75.79863739013672,
      34.9708366394043,
      28.25042724609375,
      4.162062644958496,
      2.865062713623047,
      1.1005737781524658,
      0.5993410348892212
    ],
    [
      22.94696044921875,
      26.50169563293457,
      33.437076568603516,
      33.756866455078125,
      53.48841857910156,
      60.26966857910156,
      55.04682922363281,
      62.02827835083008,
      70.3656234741211,
      83.15886688232422,
      75.79863739013672,
      79.35395050048828,
      32.88291931152344,
      29.517152786254883,
      3.825308084487915,
      2.9244437217712402,
      0.7251293659210205,
      0.5766629576683044
    ],
    [
      9.803325653076172,
      10.29673957824707,
      10.606538772583008,
      10.15125560760498,
      23.504064559936523,
      23.848623275756836,
      25.23885154724121,
      24.938213348388672,
      32.89767837524414,
      33.31779479980469,
      34.9708366394043,
      32.88291931152344,
      24.86966896057129,
      20.475496292114258,
      3.128375291824341,
      2.2446401119232178,
      0.5464835166931152,
      0.29100003838539124
    ],
    [
      7.8966193199157715,
      8.969573974609375,
      9.070900917053223,
      8.830265998840332,
      19.07682991027832,
      20.93576431274414,
      20.197622299194336,
      22.384103775024414,
      26.207120895385742,
      29.455476760864258,
      28.25042724609375,
      29.517152786254883,
      20.475496292114258,
      19.377925872802734,
      2.610485076904297,
      2.1300840377807617,
      0.31997057795524597,
      0.24843661487102509
    ],
    [
      1.0761929750442505,
      1.2524904012680054,
      1.1841939687728882,
      1.1482787132263184,
      2.4840753078460693,
      2.460486888885498,
      3.438981533050537,
      3.2651052474975586,
      3.833977460861206,
      3.7797658443450928,
      4.162062644958496,
      3.825308084487915,
      3.128375291824341,
      2.610485076904297,
      1.2444825172424316,
      0.9285615086555481,
      0.094183549284935,
      0.05306854844093323
    ],
    [
      0.7199482321739197,
      0.9000864624977112,
      0.8031809329986572,
      0.7546094655990601,
      1.7055268287658691,
      1.7918251752853394,
      2.3692626953125,
      2.572082042694092,
      2.6352217197418213,
      2.861715316772461,
      2.865062713623047,
      2.9244437217712402,
      2.2446401119232178,
      2.1300840377807617,
      0.9285615086555481,
      0.8358752727508545,
      0.05032385140657425,
      0.04033873602747917
    ],
    [
      0.4387719929218292,
      0.5534071326255798,
      0.4666619598865509,
      0.33807122707366943,
      0.8055313229560852,
      0.5166462659835815,
      0.8257884383201599,
      0.5129912495613098,
      1.0308682918548584,
      0.624453604221344,
      1.1005737781524658,
      0.7251293659210205,
      0.5464835166931152,
      0.31997057795524597,
      0.094183549284935,
      0.05032385140657425,
      0.08722320944070816,
      0.01988867297768593
    ],
    [
      0.2016773521900177,
      0.31401869654655457,
      0.3021427094936371,
      0.3016597628593445,
      0.4337432384490967,
      0.46006515622138977,
      0.42298424243927,
      0.44060540199279785,
      0.5267977118492126,
      0.5657787322998047,
      0.5993410348892212,
      0.5766629576683044,
      0.29100003838539124,
      0.24843661487102509,
      0.05306854844093323,
      0.04033873602747917,
      0.01988867297768593,
      0.012294179759919643
    ]
  ],
  "drr": 8.77967357635498,
  "dynamics": 5.261021137237549,
  "format": 1245190,
  "frames": 17371136,
  "loudness": -21.42473030090332,
  "loudness_range": 15.705032348632812,
  "loudness_range_short": 19.67716407775879,
  "peak": -0.14172318577766418,
  "rms": -21.901714324951172,
  "sample_rate": 44100,
  "sections": 1,
  "seekable": 1,
  "sharpness": 4.289981842041016,
  "space": -2.3103036880493164
}