{
  "bands": [
    {
      "high_freq": 148.1999969482422,
      "loudness": -25.054536819458008,
      "loudness_range": 8.720041275024414,
      "mid_mean": -21.858577728271484,
      "mid_to_side_loudness": -9.240609169006348,
      "mid_to_side_loudness_range": 8.053133010864258,
      "side_mean": -31.527544021606445
    },
    {
      "high_freq": 392.3793640136719,
      "loudness": -21.290794372558594,
      "loudness_range": 6.282199859619141,
      "low_freq": 148.1999969482422,
      "mid_mean": -18.440412521362305,
      "mid_to_side_loudness": -6.889881610870361,
      "mid_to_side_loudness_range": 8.661584854125977,
      "side_mean": -25.689435958862305
    },
    {
      "high_freq": 794.6976318359375,
      "loudness": -24.095741271972656,
      "loudness_range": 10.347602844238281,
      "low_freq": 392.3793640136719,
      "mid_mean": -21.4206600189209,
      "mid_to_side_loudness": -6.211719036102295,
      "mid_to_side_loudness_range": 8.674363136291504,
      "side_mean": -27.920875549316406
    },
    {
      "high_freq": 1457.5709228515625,
      "loudness": -28.439790725708008,
      "loudness_range": 11.516716003417969,
      "low_freq": 794.6976318359375,
      "mid_mean": -25.814022064208984,
      "mid_to_side_loudness": -5.919187545776367,
      "mid_to_side_loudness_range": 7.812583923339844,
      "side_mean": -31.90166664123535
    },
    {
      "high_freq": 2549.74365234375,
      "loudness": -27.23586654663086,
      "loudness_range": 9.081146240234375,
      "low_freq": 1457.5709228515625,
      "mid_mean": -24.881319046020508,
      "mid_to_side_loudness": -4.599959850311279,
      "mid_to_side_loudness_range": 6.071307182312012,
      "side_mean": -29.604976654052734
    },
    {
      "high_freq": 4349.24462890625,
      "loudness": -28.284385681152344,
      "loudness_range": 11.409784317016602,
      "low_freq": 2549.74365234375,
      "mid_mean": -25.72766876220703,
      "mid_to_side_loudness": -5.6244425773620605,
      "mid_to_side_loudness_range": 7.606433391571045,
      "side_mean": -31.494205474853516
    },
    {
      "high_freq": 7314.1640625,
      "loudness": -27.396963119506836,
      "loudness_range": 12.66812515258789,
      "low_freq": 4349.24462890625,
      "mid_mean": -25.011680603027344,
      "mid_to_side_loudness": -4.710885047912598,
      "mid_to_side_loudness_range": 6.681056976318359,
      "side_mean": -29.95050048828125
    },
    {
      "high_freq": 12199.2666015625,
      "loudness": -29.38465690612793,
      "loudness_range": 9.824588775634766,
      "low_freq": 7314.1640625,
      "mid_mean": -27.206331253051758,
      "mid_to_side_loudness": -3.875605583190918,
      "mid_to_side_loudness_range": 5.256166458129883,
      "side_mean": -31.254329681396484
    },
    {
      "loudness": -31.501890182495117,
      "loudness_range": 8.15909194946289,
      "low_freq": 12199.2666015625,
      "mid_mean": -29.716854095458984,
      "mid_to_side_loudness": -2.726048469543457,
      "mid_to_side_loudness_range": 4.669195175170898,
      "side_mean": -32.57347869873047
    }
  ],
  "bands_short": [
    {
      "high_freq": 148.1999969482422,
      "loudness": -29.625804901123047,
      "loudness_range": 20.429550170898438,
      "mid_mean": -26.795795440673828,
      "mid_to_side_loudness": -8.669179916381836,
      "mid_to_side_loudness_range": 16.451692581176758,
      "side_mean": -35.918907165527344
    },
    {
      "high_freq": 392.3793640136719,
      "loudness": -21.845867156982422,
      "loudness_range": 10.618696212768555,
      "low_freq": 148.1999969482422,
      "mid_mean": -19.13395881652832,
      "mid_to_side_loudness": -6.844320774078369,
      "mid_to_side_loudness_range": 11.649131774902344,
      "side_mean": -26.334341049194336
    },
    {
      "high_freq": 794.6976318359375,
      "loudness": -25.091148376464844,
      "loudness_range": 14.08076286315918,
      "low_freq": 392.3793640136719,
      "mid_mean": -22.65641975402832,
      "mid_to_side_loudness": -5.818233013153076,
      "mid_to_side_loudness_range": 11.709617614746094,
      "side_mean": -28.73750114440918
    },
    {
      "high_freq": 1457.5709228515625,
      "loudness": -29.274099349975586,
      "loudness_range": 16.114988327026367,
      "low_freq": 794.6976318359375,
      "mid_mean": -26.906265258789062,
      "mid_to_side_loudness": -5.3370184898376465,
      "mid_to_side_loudness_range": 10.360882759094238,
      "side_mean": -32.38446044921875
    },
    {
      "high_freq": 2549.74365234375,
      "loudness": -28.650226593017578,
      "loudness_range": 14.187772750854492,
      "low_freq": 1457.5709228515625,
      "mid_mean": -26.610992431640625,
      "mid_to_side_loudness": -4.00152063369751,
      "mid_to_side_loudness_range": 9.083980560302734,
      "side_mean": -30.69468116760254
    },
    {
      "high_freq": 4349.24462890625,
      "loudness": -29.707887649536133,
      "loudness_range": 16.06389045715332,
      "low_freq": 2549.74365234375,
      "mid_mean": -27.35323143005371,
      "mid_to_side_loudness": -5.110426425933838,
      "mid_to_side_loudness_range": 9.39993953704834,
      "side_mean": -32.57516098022461
    },
    {
      "high_freq": 7314.1640625,
      "loudness": -28.622634887695312,
      "loudness_range": 16.390169143676758,
      "low_freq": 4349.24462890625,
      "mid_mean": -26.39134407043457,
      "mid_to_side_loudness": -4.335649490356445,
      "mid_to_side_loudness_range": 7.607499122619629,
      "side_mean": -30.913116455078125
    },
    {
      "high_freq": 12199.2666015625,
      "loudness": -31.17671775817871,
      "loudness_range": 17.372509002685547,
      "low_freq": 7314.1640625,
      "mid_mean": -29.046586990356445,
      "mid_to_side_loudness": -3.822423219680786,
      "mid_to_side_loudness_range": 6.204305171966553,
      "side_mean": -33.06699752807617
    },
    {
      "loudness": -36.64312744140625,
      "loudness_range": 23.428951263427734,
      "low_freq": 12199.2666015625,
      "mid_mean": -34.9769401550293,
      "mid_to_side_loudness": -2.5201263427734375,
      "mid_to_side_loudness_range": 5.714075565338135,
      "side_mean": -37.57899475097656
    }
  ],
  "channels": 2,
  "covariance": [
    [
      13.925164222717285,
      9.808512687683105,
      3.5881638526916504,
      4.099009990692139,
      0.6060633063316345,
      2.423828125,
      -0.19798289239406586,
      1.2345514297485352,
      -1.267271637916565,
      -0.1744612604379654,
      -0.33324921131134033,
      1.0244886875152588,
      -0.22476644814014435,
      0.8133983016014099,
      0.23137597739696503,
      -0.06253860890865326,
      1.176221489906311,
      0.28106454014778137
    ],
    [
      9.808512687683105,
      11.899056434631348,
      2.4308102130889893,
      4.179929256439209,
      0.04050084203481674,
      1.903764009475708,
      -0.9893130660057068,
      0.486723393201828,
      -1.5833011865615845,
      -0.3122735321521759,
      -1.5469824075698853,
      -0.06141500920057297,
      -1.7144674062728882,
      -0.474043607711792,
      -1.0165183544158936,
      -0.6040360927581787,
      -0.10162696242332458,
      -0.15909443795681
    ],
    [
      3.5881638526916504,
      2.4308102130889893,
      7.051474094390869,
      5.148670673370361,
      3.330493927001953,
      3.7580103874206543,
      0.5185520052909851,
      1.4931339025497437,
      1.193563461303711,
      1.827893614768982,
      2.815810203552246,
      3.3579602241516113,
      3.1389567852020264,
      3.6900527477264404,
      2.731461763381958,
      2.686795949935913,
      2.691587448120117,
      2.120020866394043
    ],
    [
      4.099009990692139,
      4.179929256439209,
      5.148670673370361,
      9.834197044372559,
      1.4635976552963257,
      4.491603851318359,
      -0.4438582956790924,
      1.5315500497817993,
      -0.05412514507770538,
      1.4010553359985352,
      -0.02578067034482956,
      2.012892723083496,
      -0.5642351508140564,
      1.2678472995758057,
      0.5424401164054871,
      1.4760762453079224,
      1.2891408205032349,
      1.228289246559143
    ],
    [
      0.6060633063316345,
      0.04050084203481674,
      3.330493927001953,
      1.4635976552963257,
      17.169145584106445,
      12.214600563049316,
      7.8948564529418945,
      5.755721569061279,
      6.981997966766357,
      4.748823165893555,
      9.422616958618164,
      6.786117076873779,
      12.550313949584961,
      10.432195663452148,
      9.49236011505127,
      7.384068965911865,
      7.358836650848389,
      7.759379863739014
    ],
    [
      2.423828125,
      1.903764009475708,
      3.7580103874206543,
      4.491603851318359,
      12.214600563049316,
      17.59497833251953,
      6.653123378753662,
      7.61151123046875,
      5.878789901733398,
      5.712309837341309,
      7.365728378295898,
      8.098302841186523,
      8.332387924194336,
      9.94501781463623,
      6.466930389404297,
      6.829512596130371,
      5.01987361907959,
      5.416269779205322
    ],
    [
      -0.19798289239406586,
      -0.9893130660057068,
      0.5185520052909851,
      -0.4438582956790924,
      7.8948564529418945,
      6.653123378753662,
      17.000202178955078,
      12.415183067321777,
      9.378541946411133,
      7.768413543701172,
      10.650793075561523,
      7.864686489105225,
      9.627355575561523,
      9.712061882019043,
      5.084770679473877,
      4.744043827056885,
      3.0472958087921143,
      3.5416419506073
    ],
    [
      1.2345514297485352,
      0.486723393201828,
      1.4931339025497437,
      1.5315500497817993,
      5.755721569061279,
      7.61151123046875,
      12.415183067321777,
      15.175447463989258,
      6.8878045082092285,
      8.46505355834961,
      8.024511337280273,
      9.57907772064209,
      5.210389137268066,
      7.676281929016113,
      2.0263826847076416,
      2.802846670150757,
      0.8191779255867004,
      1.146277904510498
    ],
    [
      -1.267271637916565,
      -1.5833011865615845,
      1.193563461303711,
      -0.05412514507770538,
      6.981997966766357,
      5.878789901733398,
      9.378541946411133,
      6.8878045082092285,
      13.205904006958008,
      9.14011001586914,
      11.679464340209961,
      8.102248191833496,
      10.241230010986328,
      9.427014350891113,
      6.525529384613037,
      5.650641918182373,
      3.5454249382019043,
      3.954080820083618
    ],
    [
      -0.1744612604379654,
      -0.3122735321521759,
      1.827893614768982,
      1.4010553359985352,
      4.748823165893555,
      5.712309837341309,
      7.768413543701172,
      8.46505355834961,
      9.14011001586914,
      10.263745307922363,
      7.889252662658691,
      8.574158668518066,
      5.518906116485596,
      6.975498676300049,
      2.9851019382476807,
      3.4414803981781006,
      1.3889780044555664,
      1.9250065088272095
    ],
    [
      -0.33324921131134033,
      -1.5469824075698853,
      2.815810203552246,
      -0.02578067034482956,
      9.422616958618164,
      7.365728378295898,
      10.650793075561523,
      8.024511337280273,
      11.679464340209961,
      7.889252662658691,
      18.425804138183594,
      13.371829986572266,
      15.901168823242188,
      14.53725528717041,
      9.300983428955078,
      7.816117763519287,
      5.4952392578125,
      5.248900413513184
    ],
    [
      1.0244886875152588,
      -0.06141500920057297,
      3.3579602241516113,
      2.012892723083496,
      6.786117076873779,
      8.098302841186523,
      7.864686489105225,
      9.57907772064209,
      8.102248191833496,
      8.574158668518066,
      13.371829986572266,
      15.174790382385254,
      10.225863456726074,
      12.507253646850586,
      6.075502395629883,
      6.350425720214844,
      3.848839521408081,
      3.735201597213745
    ],
    [
      -0.22476644814014435,
      -1.7144674062728882,
      3.1389567852020264,
      -0.5642351508140564,
      12.550313949584961,
      8.332387924194336,
      9.627355575561523,
      5.210389137268066,
      10.241230010986328,
      5.518906116485596,
      15.901168823242188,
      10.225863456726074,
      24.032974243164062,
      18.36085319519043,
      16.652353286743164,
      13.481422424316406,
      11.061363220214844,
      10.201569557189941
    ],
    [
      0.8133983016014099,
      -0.474043607711792,
      3.6900527477264404,
      1.2678472995758057,
      10.432195663452148,
      9.94501781463623,
      9.712061882019043,
      7.676281929016113,
      9.427014350891113,
      6.975498676300049,
      14.53725528717041,
      12.507253646850586,
      18.36085319519043,
      18.954296112060547,
      13.409709930419922,
      12.368404388427734,
      9.660829544067383,
      9.13618278503418
    ],
    [
      0.23137597739696503,
      -1.0165183544158936,
      2.731461763381958,
      0.5424401164054871,
      9.49236011505127,
      6.466930389404297,
      5.084770679473877,
      2.0263826847076416,
      6.525529384613037,
      2.9851019382476807,
      9.300983428955078,
      6.075502395629883,
      16.652353286743164,
      13.409709930419922,
      19.424360275268555,
      15.09591007232666,
      13.955011367797852,
      12.762312889099121
    ],
    [
      -0.06253860890865326,
      -0.6040360927581787,
      2.686795949935913,
      1.4760762453079224,
      7.384068965911865,
      6.829512596130371,
      4.744043827056885,
      2.802846670150757,
      5.650641918182373,
      3.4414803981781006,
      7.816117763519287,
      6.350425720214844,
      13.481422424316406,
      12.368404388427734,
      15.09591007232666,
      14.793445587158203,
      11.879365921020508,
      11.835862159729004
    ],
    [
      1.176221489906311,
      -0.10162696242332458,
      2.691587448120117,
      1.2891408205032349,
      7.358836650848389,
      5.01987361907959,
      3.0472958087921143,
      0.8191779255867004,
      3.5454249382019043,
      1.3889780044555664,
      5.4952392578125,
      3.848839521408081,
      11.061363220214844,
      9.660829544067383,
      13.955011367797852,
      11.879365921020508,
      16.819454193115234,
      13.70957088470459
    ],
    [
      0.28106454014778137,
      -0.15909443795681,
      2.120020866394043,
      1.228289246559143,
      7.759379863739014,
      5.416269779205322,
      3.5416419506073,
      1.146277904510498,
      3.954080820083618,
      1.9250065088272095,
      5.248900413513184,
      3.735201597213745,
      10.201569557189941,
      9.13618278503418,
      12.762312889099121,
      11.835862159729004,
      13.70957088470459,
      14.690216064453125
    ]
  ],
  "covariance_short": [
    [
      58.687339782714844,
      33.45707321166992,
      17.88524055480957,
      12.845890998840332,
      8.313549041748047,
      8.084932327270508,
      6.769963264465332,
      6.571850776672363,
      5.8093180656433105,
      5.805238246917725,
      5.831542015075684,
      7.974494457244873,
      4.64316463470459,
      7.1776933670043945,
      8.107438087463379,
      9.080412864685059,
      20.359529495239258,
      17.967479705810547
    ],
    [
      33.45707321166992,
      39.62765884399414,
      8.990840911865234,
      7.652285575866699,
      5.2800068855285645,
      5.938284397125244,
      3.7460460662841797,
      4.129758834838867,
      2.599128246307373,
      3.1879329681396484,
      2.5215535163879395,
      4.115614414215088,
      1.4031195640563965,
      3.5745019912719727,
      3.5101702213287354,
      5.0556464195251465,
      10.649273872375488,
      10.292755126953125
    ],
    [
      17.88524055480957,
      8.990840911865234,
      19.797101974487305,
      11.421602249145508,
      9.697332382202148,
      7.344144821166992,
      5.115865707397461,
      3.9109814167022705,
      6.756171226501465,
      5.685952186584473,
      7.933937072753906,
      7.219876766204834,
      6.27488899230957,
      6.615654945373535,
      6.607068061828613,
      6.827540397644043,
      11.976176261901855,
      10.990669250488281
    ],
    [
      12.845890998840332,
      7.652285575866699,
      11.421602249145508,
      17.885215759277344,
      5.491546630859375,
      7.639361381530762,
      2.857578992843628,
      3.6042447090148926,
      2.906726121902466,
      4.220343589782715,
      3.0178382396698,
      5.138496398925781,
      1.7257455587387085,
      3.6824049949645996,
      2.7604820728302,
      3.9891960620880127,
      6.0699896812438965,
      5.976517677307129
    ],
    [
      8.313549041748047,
      5.2800068855285645,
      9.697332382202148,
      5.491546630859375,
      29.989809036254883,
      18.264781951904297,
      16.032548904418945,
      9.961929321289062,
      15.420665740966797,
      10.214350700378418,
      17.701871871948242,
      12.440114974975586,
      18.408647537231445,
      15.035801887512207,
      14.421363830566406,
      12.052491188049316,
      15.073995590209961,
      13.774740219116211
    ],
    [
      8.084932327270508,
      5.938284397125244,
      7.344144821166992,
      7.639361381530762,
      18.264781951904297,
      25.246320724487305,
      11.550012588500977,
      10.671507835388184,
      9.961348533630371,
      9.417118072509766,
      10.900557518005371,
      11.292449951171875,
      11.866917610168457,
      12.544702529907227,
      9.825419425964355,
      10.071019172668457,
      10.388543128967285,
      10.086641311645508
    ],
    [
      6.769963264465332,
      3.7460460662841797,
      5.115865707397461,
      2.857578992843628,
      16.032548904418945,
      11.550012588500977,
      33.399845123291016,
      21.898584365844727,
      21.46932029724121,
      16.87230682373047,
      22.27981185913086,
      16.921823501586914,
      18.4130916595459,
      16.826828002929688,
      13.665748596191406,
      13.317407608032227,
      15.360337257385254,
      15.690861701965332
    ],
    [
      6.571850776672363,
      4.129758834838867,
      3.9109814167022705,
      3.6042447090148926,
      9.961929321289062,
      10.671507835388184,
      21.898584365844727,
      24.820762634277344,
      13.809903144836426,
      14.617303848266602,
      14.52841567993164,
      15.797450065612793,
      10.559629440307617,
      12.838430404663086,
      6.764598846435547,
      8.004091262817383,
      6.849215984344482,
      7.560008525848389
    ],
    [
      5.8093180656433105,
      2.599128246307373,
      6.756171226501465,
      2.906726121902466,
      15.420665740966797,
      9.961348533630371,
      21.46932029724121,
      13.809903144836426,
      29.67860984802246,
      19.274030685424805,
      24.60922622680664,
      17.088172912597656,
      19.864707946777344,
      16.336109161376953,
      15.913467407226562,
      14.418198585510254,
      17.64908218383789,
      17.36604118347168
    ],
    [
      5.805238246917725,
      3.1879329681396484,
      5.685952186584473,
      4.220343589782715,
      10.214350700378418,
      9.417118072509766,
      16.87230682373047,
      14.617303848266602,
      19.274030685424805,
      20.134132385253906,
      15.926680564880371,
      15.4315824508667,
      11.812882423400879,
      12.499383926391602,
      9.256523132324219,
      9.788228988647461,
      10.405838012695312,
      10.870769500732422
    ],
    [
      5.831542015075684,
      2.5215535163879395,
      7.933937072753906,
      3.0178382396698,
      17.701871871948242,
      10.900557518005371,
      22.27981185913086,
      14.52841567993164,
      24.60922622680664,
      15.926680564880371,
      34.65571594238281,
      23.663257598876953,
      27.491140365600586,
      22.787160873413086,
      20.083105087280273,
      17.757715225219727,
      20.212141036987305,
      19.165416717529297
    ],
    [
      7.974494457244873,
      4.115614414215088,
      7.219876766204834,
      5.138496398925781,
      12.440114974975586,
      11.292449951171875,
      16.921823501586914,
      15.797450065612793,
      17.088172912597656,
      15.4315824508667,
      23.663257598876953,
      24.412466049194336,
      18.120458602905273,
      19.323745727539062,
      13.841328620910645,
      14.368462562561035,
      15.01107120513916,
      14.929692268371582
    ],
    [
      4.64316463470459,
      1.4031195640563965,
      6.27488899230957,
      1.7257455587387085,
      18.408647537231445,
      11.866917610168457,
      18.4130916595459,
      10.559629440307617,
      19.864707946777344,
      11.812882423400879,
      27.491140365600586,
      18.120458602905273,
      36.246376037597656,
      27.43515968322754,
      28.36569595336914,
      23.390836715698242,
      25.64360237121582,
      22.917797088623047
    ],
    [
      7.1776933670043945,
      3.5745019912719727,
      6.615654945373535,
      3.6824049949645996,
      15.035801887512207,
      12.544702529907227,
      16.826828002929688,
      12.838430404663086,
      16.336109161376953,
      12.499383926391602,
      22.787160873413086,
      19.323745727539062,
      27.43515968322754,
      27.27849578857422,
      22.921770095825195,
      22.201793670654297,
      22.91163444519043,
      21.873167037963867
    ],
    [
      8.107438087463379,
      3.5101702213287354,
      6.607068061828613,
      2.7604820728302,
      14.421363830566406,
      9.825419425964355,
      13.665748596191406,
      6.764598846435547,
      15.913467407226562,
      9.256523132324219,
      20.083105087280273,
      13.841328620910645,
      28.36569595336914,
      22.921770095825195,
      36.092132568359375,
      30.47739601135254,
      39.35154342651367,
      34.68830490112305
    ],
    [
      9.080412864685059,
      5.0556464195251465,
      6.827540397644043,
      3.9891960620880127,
      12.052491188049316,
      10.071019172668457,
      13.317407608032227,
      8.004091262817383,
      14.418198585510254,
      9.788228988647461,
      17.757715225219727,
      14.368462562561035,
      23.390836715698242,
      22.201793670654297,
      30.47739601135254,
      31.585588455200195,
      38.17707824707031,
      37.1693000793457
    ],
    [
      20.359529495239258,
      10.649273872375488,
      11.976176261901855,
      6.0699896812438965,
      15.073995590209961,
      10.388543128967285,
      15.360337257385254,
      6.849215984344482,
      17.64908218383789,
      10.405838012695312,
      20.212141036987305,
      15.01107120513916,
      25.64360237121582,
      22.91163444519043,
      39.35154342651367,
      38.17707824707031,
      68.3363265991211,
      62.80939865112305
    ],
    [
      17.967479705810547,
      10.292755126953125,
      10.990669250488281,
      5.976517677307129,
      13.774740219116211,
      10.086641311645508,
      15.690861701965332,
      7.560008525848389,
      17.36604118347168,
      10.870769500732422,
      19.165416717529297,
      14.929692268371582,
      22.917797088623047,
      21.873167037963867,
      34.68830490112305,
      37.1693000793457,
      62.80939865112305,
      63.14393615722656
    ]
  ],
  "drr": 13.652875900268555,
  "dynamics": 2.496678113937378,
  "format": 1245190,
  "frames": 11532288,
  "loudness": -12.564420700073242,
  "loudness_range": 5.115457534790039,
  "loudness_range_short": 9.769386291503906,
  "peak": 0.17845207452774048,
  "rms": -15.277499198913574,
  "sample_rate": 44100,
  "sections": 1,
  "seekable": 1,
  "sharpness": 2.9680519104003906,
  "space": -6.051296234130859
}