{
  "bands": [
    {
      "high_freq": 148.1999969482422,
      "loudness": -18.32054901123047,
      "loudness_range": 6.072185516357422,
      "mid_mean": -14.659028053283691,
      "mid_to_side_loudness": -28.453475952148438,
      "mid_to_side_loudness_range": 12.12533187866211,
      "side_mean": -43.882652282714844
    },
    {
      "high_freq": 392.3793640136719,
      "loudness": -18.37471580505371,
      "loudness_range": 5.766469955444336,
      "low_freq": 148.1999969482422,
      "mid_mean": -14.918251037597656,
      "mid_to_side_loudness": -13.99841022491455,
      "mid_to_side_loudness_range": 10.165712356567383,
      "side_mean": -29.076997756958008
    },
    {
      "high_freq": 794.6976318359375,
      "loudness": -19.77897071838379,
      "loudness_range": 7.411164283752441,
      "low_freq": 392.3793640136719,
      "mid_mean": -16.57218360900879,
      "mid_to_side_loudness": -10.794883728027344,
      "mid_to_side_loudness_range": 9.583062171936035,
      "side_mean": -27.30599021911621
    },
    {
      "high_freq": 1457.5709228515625,
      "loudness": -23.28873062133789,
      "loudness_range": 12.275304794311523,
      "low_freq": 794.6976318359375,
      "mid_mean": -20.069982528686523,
      "mid_to_side_loudness": -11.067276954650879,
      "mid_to_side_loudness_range": 14.143190383911133,
      "side_mean": -31.46177864074707
    },
    {
      "high_freq": 2549.74365234375,
      "loudness": -19.365537643432617,
      "loudness_range": 8.794380187988281,
      "low_freq": 1457.5709228515625,
      "mid_mean": -16.86423683166504,
      "mid_to_side_loudness": -5.95335578918457,
      "mid_to_side_loudness_range": 7.801629066467285,
      "side_mean": -22.759618759155273
    },
    {
      "high_freq": 4349.24462890625,
      "loudness": -23.41486167907715,
      "loudness_range": 9.62980842590332,
      "low_freq": 2549.74365234375,
      "mid_mean": -20.925207138061523,
      "mid_to_side_loudness": -5.91624116897583,
      "mid_to_side_loudness_range": 9.545883178710938,
      "side_mean": -26.74220848083496
    },
    {
      "high_freq": 7314.1640625,
      "loudness": -31.77225685119629,
      "loudness_range": 15.23135757446289,
      "low_freq": 4349.24462890625,
      "mid_mean": -28.23723030090332,
      "mid_to_side_loudness": -14.676400184631348,
      "mid_to_side_loudness_range": 15.8820161819458,
      "side_mean": -44.00289535522461
    },
    {
      "high_freq": 12199.2666015625,
      "loudness": -37.918922424316406,
      "loudness_range": 15.36822509765625,
      "low_freq": 7314.1640625,
      "mid_mean": -34.81313705444336,
      "mid_to_side_loudness": -8.033452987670898,
      "mid_to_side_loudness_range": 8.125165939331055,
      "side_mean": -43.322044372558594
    },
    {
      "loudness": -45.28450393676758,
      "loudness_range": 12.403064727783203,
      "low_freq": 12199.2666015625,
      "mid_mean": -42.07277297973633,
      "mid_to_side_loudness": -8.915398597717285,
      "mid_to_side_loudness_range": 7.574826240539551,
      "side_mean": -52.75398254394531
    }
  ],
  "bands_short": [
    {
      "high_freq": 148.1999969482422,
      "loudness": -20.843181610107422,
      "loudness_range": 12.641550064086914,
      "mid_mean": -17.28484535217285,
      "mid_to_side_loudness": -29.114957809448242,
      "mid_to_side_loudness_range": 27.951417922973633,
      "side_mean": -48.03076171875
    },
    {
      "high_freq": 392.3793640136719,
      "loudness": -17.903091430664062,
      "loudness_range": 8.455187797546387,
      "low_freq": 148.1999969482422,
      "mid_mean": -14.43494701385498,
      "mid_to_side_loudness": -15.211296081542969,
      "mid_to_side_loudness_range": 13.938587188720703,
      "side_mean": -29.831621170043945
    },
    {
      "high_freq": 794.6976318359375,
      "loudness": -20.734167098999023,
      "loudness_range": 9.969917297363281,
      "low_freq": 392.3793640136719,
      "mid_mean": -17.566495895385742,
      "mid_to_side_loudness": -10.534048080444336,
      "mid_to_side_loudness_range": 11.54246997833252,
      "side_mean": -28.064411163330078
    },
    {
      "high_freq": 1457.5709228515625,
      "loudness": -23.868499755859375,
      "loudness_range": 16.997516632080078,
      "low_freq": 794.6976318359375,
      "mid_mean": -20.697406768798828,
      "mid_to_side_loudness": -11.195385932922363,
      "mid_to_side_loudness_range": 15.515443801879883,
      "side_mean": -32.24644088745117
    },
    {
      "high_freq": 2549.74365234375,
      "loudness": -20.44078826904297,
      "loudness_range": 13.607308387756348,
      "low_freq": 1457.5709228515625,
      "mid_mean": -17.8997802734375,
      "mid_to_side_loudness": -6.680845260620117,
      "mid_to_side_loudness_range": 12.015419960021973,
      "side_mean": -24.52853012084961
    },
    {
      "high_freq": 4349.24462890625,
      "loudness": -24.616180419921875,
      "loudness_range": 15.436506271362305,
      "low_freq": 2549.74365234375,
      "mid_mean": -22.211042404174805,
      "mid_to_side_loudness": -7.076695919036865,
      "mid_to_side_loudness_range": 14.368415832519531,
      "side_mean": -28.946563720703125
    },
    {
      "high_freq": 7314.1640625,
      "loudness": -34.41645431518555,
      "loudness_range": 22.331214904785156,
      "low_freq": 4349.24462890625,
      "mid_mean": -31.148361206054688,
      "mid_to_side_loudness": -13.712764739990234,
      "mid_to_side_loudness_range": 17.05418586730957,
      "side_mean": -45.95113754272461
    },
    {
      "high_freq": 12199.2666015625,
      "loudness": -40.02111053466797,
      "loudness_range": 23.248863220214844,
      "low_freq": 7314.1640625,
      "mid_mean": -37.384437561035156,
      "mid_to_side_loudness": -7.740098476409912,
      "mid_to_side_loudness_range": 8.860097885131836,
      "side_mean": -46.649925231933594
    },
    {
      "loudness": -49.86516189575195,
      "loudness_range": 28.026626586914062,
      "low_freq": 12199.2666015625,
      "mid_mean": -47.197509765625,
      "mid_to_side_loudness": -7.875786304473877,
      "mid_to_side_loudness_range": 8.467288970947266,
      "side_mean": -55.78561019897461
    }
  ],
  "channels": 2,
  "covariance": [
    [
      9.292902946472168,
      3.617884874343872,
      1.6602236032485962,
      1.1689127683639526,
      -0.9346444010734558,
      -0.28149449825286865,
      0.017681576311588287,
      2.4336984157562256,
      1.2065166234970093,
      0.931258499622345,
      2.187267303466797,
      2.720250129699707,
      -2.78812575340271,
      -0.7223895192146301,
      -3.206073760986328,
      -3.408842086791992,
      -2.076009511947632,
      2.235626220703125
    ],
    [
      3.617884874343872,
      13.572551727294922,
      3.8643336296081543,
      4.482895374298096,
      0.29705122113227844,
      1.7228485345840454,
      -1.1728785037994385,
      3.8629238605499268,
      3.566847562789917,
      4.742594242095947,
      2.517803430557251,
      4.403123378753662,
      1.380662441253662,
      1.220867395401001,
      1.0525418519973755,
      0.777808427810669,
      0.6818896532058716,
      3.684602737426758
    ],
    [
      1.6602236032485962,
      3.8643336296081543,
      7.793569564819336,
      4.0215325355529785,
      1.0420833826065063,
      1.237300157546997,
      1.482376217842102,
      3.918121814727783,
      4.189393520355225,
      3.841379165649414,
      3.812204360961914,
      4.158705711364746,
      1.5313762426376343,
      2.084372043609619,
      2.4009158611297607,
      2.591352939605713,
      1.9459474086761475,
      5.1465301513671875
    ],
    [
      1.1689127683639526,
      4.482895374298096,
      4.0215325355529785,
      12.804798126220703,
      1.6137882471084595,
      5.647525787353516,
      1.859277367591858,
      5.895911693572998,
      4.802271842956543,
      5.522838115692139,
      4.191860675811768,
      4.655008316040039,
      2.7362160682678223,
      3.1515953540802,
      1.6262444257736206,
      1.3021581172943115,
      0.694774866104126,
      5.316466808319092
    ],
    [
      -0.9346444010734558,
      0.29705122113227844,
      1.0420833826065063,
      1.6137882471084595,
      10.052774429321289,
      7.135511875152588,
      8.103978157043457,
      3.621878147125244,
      5.073647975921631,
      2.6376090049743652,
      5.264461040496826,
      2.140749931335449,
      4.634700775146484,
      6.123745441436768,
      4.454627990722656,
      4.738790512084961,
      2.4611246585845947,
      5.104814052581787
    ],
    [
      -0.28149449825286865,
      1.7228485345840454,
      1.237300157546997,
      5.647525787353516,
      7.135511875152588,
      18.63457679748535,
      5.319020748138428,
      6.936575889587402,
      3.22847843170166,
      3.9801621437072754,
      4.638164043426514,
      3.8686628341674805,
      4.937756061553955,
      7.406533718109131,
      3.196319103240967,
      2.6203904151916504,
      2.221991777420044,
      5.1794257164001465
    ],
    [
      0.017681576311588287,
      -1.1728785037994385,
      1.482376217842102,
      1.859277367591858,
      8.103978157043457,
      5.319020748138428,
      25.0118408203125,
      7.962240219116211,
      11.111200332641602,
      4.296184539794922,
      8.595287322998047,
      4.969727993011475,
      5.723015308380127,
      11.105928421020508,
      7.437051773071289,
      8.497115135192871,
      5.506941318511963,
      11.746831893920898
    ],
    [
      2.4336984157562256,
      3.8629238605499268,
      3.918121814727783,
      5.895911693572998,
      3.621878147125244,
      6.936575889587402,
      7.962240219116211,
      14.685096740722656,
      7.074463367462158,
      7.188343048095703,
      8.056269645690918,
      9.026891708374023,
      3.6703433990478516,
      7.553012371063232,
      2.0389623641967773,
      2.0301883220672607,
      2.1454429626464844,
      8.109478950500488
    ],
    [
      1.2065166234970093,
      3.566847562789917,
      4.189393520355225,
      4.802271842956543,
      5.073647975921631,
      3.22847843170166,
      11.111200332641602,
      7.074463367462158,
      15.81103515625,
      8.97586441040039,
      10.375279426574707,
      7.155549049377441,
      5.855905055999756,
      8.309946060180664,
      6.112156867980957,
      6.6294474601745605,
      4.273092269897461,
      10.61983871459961
    ],
    [
      0.931258499622345,
      4.742594242095947,
      3.841379165649414,
      5.522838115692139,
      2.6376090049743652,
      3.9801621437072754,
      4.296184539794922,
      7.188343048095703,
      8.97586441040039,
      12.710664749145508,
      6.091236114501953,
      8.872783660888672,
      3.3565664291381836,
      6.243985176086426,
      2.8790290355682373,
      3.1824703216552734,
      3.2042317390441895,
      8.35232925415039
    ],
    [
      2.187267303466797,
      2.517803430557251,
      3.812204360961914,
      4.191860675811768,
      5.264461040496826,
      4.638164043426514,
      8.595287322998047,
      8.056269645690918,
      10.375279426574707,
      6.091236114501953,
      18.087841033935547,
      9.324305534362793,
      10.75314998626709,
      12.784971237182617,
      9.221549987792969,
      9.288534164428711,
      5.643293380737305,
      11.817672729492188
    ],
    [
      2.720250129699707,
      4.403123378753662,
      4.158705711364746,
      4.655008316040039,
      2.140749931335449,
      3.8686628341674805,
      4.969727993011475,
      9.026891708374023,
      7.155549049377441,
      8.872783660888672,
      9.324305534362793,
      15.051497459411621,
      3.1329751014709473,
      7.8804168701171875,
      1.8485028743743896,
      2.156914710998535,
      3.3908567428588867,
      9.060028076171875
    ],
    [
      -2.78812575340271,
      1.380662441253662,
      1.5313762426376343,
      2.7362160682678223,
      4.634700775146484,
      4.937756061553955,
      5.723015308380127,
      3.6703433990478516,
      5.855905055999756,
      3.3565664291381836,
      10.75314998626709,
      3.1329751014709473,
      25.74782943725586,
      18.463356018066406,
      22.073345184326172,
      20.331199645996094,
      14.558099746704102,
      15.614786148071289
    ],
    [
      -0.7223895192146301,
      1.220867395401001,
      2.084372043609619,
      3.1515953540802,
      6.123745441436768,
      7.406533718109131,
      11.105928421020508,
      7.553012371063232,
      8.309946060180664,
      6.243985176086426,
      12.784971237182617,
      7.8804168701171875,
      18.463356018066406,
      23.175167083740234,
      16.820695877075195,
      16.91339111328125,
      12.769918441772461,
      18.612255096435547
    ],
    [
      -3.206073760986328,
      1.0525418519973755,
      2.4009158611297607,
      1.6262444257736206,
      4.454627990722656,
      3.196319103240967,
      7.437051773071289,
      2.0389623641967773,
      6.112156867980957,
      2.8790290355682373,
      9.221549987792969,
      1.8485028743743896,
      22.073345184326172,
      16.820695877075195,
      27.134443283081055,
      26.444185256958008,
      19.32512664794922,
      19.261857986450195
    ],
    [
      -3.408842086791992,
      0.777808427810669,
      2.591352939605713,
      1.3021581172943115,
      4.738790512084961,
      2.6203904151916504,
      8.497115135192871,
      2.0301883220672607,
      6.6294474601745605,
      3.1824703216552734,
      9.288534164428711,
      2.156914710998535,
      20.331199645996094,
      16.91339111328125,
      26.444185256958008,
      27.2264461517334,
      20.00167465209961,
      20.545276641845703
    ],
    [
      -2.076009511947632,
      0.6818896532058716,
      1.9459474086761475,
      0.694774866104126,
      2.4611246585845947,
      2.221991777420044,
      5.506941318511963,
      2.1454429626464844,
      4.273092269897461,
      3.2042317390441895,
      5.643293380737305,
      3.3908567428588867,
      14.558099746704102,
      12.769918441772461,
      19.32512664794922,
      20.00167465209961,
      21.45389747619629,
      20.166210174560547
    ],
    [
      2.235626220703125,
      3.684602737426758,
      5.1465301513671875,
      5.316466808319092,
      5.104814052581787,
      5.1794257164001465,
      11.746831893920898,
      8.109478950500488,
      10.61983871459961,
      8.35232925415039,
      11.817672729492188,
      9.060028076171875,
      15.614786148071289,
      18.612255096435547,
      19.261857986450195,
      20.545276641845703,
      20.166210174560547,
      40.8320198059082
    ]
  ],
  "covariance_short": [
    [
      32.490360260009766,
      2.9027442932128906,
      1.304051399230957,
      -1.9958313703536987,
      0.44491544365882874,
      1.2225842475891113,
      1.9585367441177368,
      0.9075340628623962,
      -1.669480800628662,
      -1.6550188064575195,
      -0.7787647247314453,
      0.356459379196167,
      -4.934552192687988,
      -0.33119651675224304,
      -6.108448028564453,
      -2.1973752975463867,
      0.3757288455963135,
      -1.0612772703170776
    ],
    [
      2.9027442932128906,
      29.670616149902344,
      4.6112165451049805,
      7.324706554412842,
      0.5829008221626282,
      2.494750499725342,
      -2.0587031841278076,
      4.027968406677246,
      3.2914493083953857,
      8.120116233825684,
      3.712261199951172,
      8.787367820739746,
      2.2009527683258057,
      2.7509589195251465,
      -0.18785373866558075,
      -1.4616817235946655,
      -0.19572189450263977,
      4.003507137298584
    ],
    [
      1.304051399230957,
      4.6112165451049805,
      12.860345840454102,
      4.818513870239258,
      2.4780285358428955,
      1.975966453552246,
      2.250580310821533,
      4.316489219665527,
      5.1792073249816895,
      4.6321563720703125,
      6.639782428741455,
      6.052505970001221,
      4.23521614074707,
      4.896641254425049,
      3.9483373165130615,
      4.270388126373291,
      6.157165050506592,
      7.162630081176758
    ],
    [
      -1.9958313703536987,
      7.324706554412842,
      4.818513870239258,
      20.999723434448242,
      4.526440620422363,
      10.404902458190918,
      4.018744945526123,
      9.492485046386719,
      8.91775131225586,
      12.910809516906738,
      10.430630683898926,
      13.496338844299316,
      6.807987213134766,
      9.821353912353516,
      3.093261957168579,
      3.6853139400482178,
      3.7215211391448975,
      6.458774089813232
    ],
    [
      0.44491544365882874,
      0.5829008221626282,
      2.4780285358428955,
      4.526440620422363,
      16.75469398498535,
      13.649819374084473,
      11.724971771240234,
      8.500643730163574,
      8.935391426086426,
      7.661526679992676,
      10.901119232177734,
      6.957449436187744,
      11.945375442504883,
      12.444679260253906,
      9.019673347473145,
      14.53465747833252,
      12.842452049255371,
      10.140652656555176
    ],
    [
      1.2225842475891113,
      2.494750499725342,
      1.975966453552246,
      10.404902458190918,
      13.649819374084473,
      30.27280616760254,
      9.551921844482422,
      13.297361373901367,
      8.617441177368164,
      11.933389663696289,
      11.462512969970703,
      11.839795112609863,
      12.34441089630127,
      16.0316162109375,
      6.624642848968506,
      10.74276351928711,
      11.556726455688477,
      9.221343994140625
    ],
    [
      1.9585367441177368,
      -2.0587031841278076,
      2.250580310821533,
      4.018744945526123,
      11.724971771240234,
      9.551921844482422,
      38.771427154541016,
      16.576841354370117,
      19.03741455078125,
      11.885588645935059,
      17.59234046936035,
      11.63602066040039,
      18.454587936401367,
      20.734304428100586,
      18.68482780456543,
      26.255632400512695,
      27.53644371032715,
      21.369935989379883
    ],
    [
      0.9075340628623962,
      4.027968406677246,
      4.316489219665527,
      9.492485046386719,
      8.500643730163574,
      13.297361373901367,
      16.576841354370117,
      25.364158630371094,
      13.790228843688965,
      17.374427795410156,
      17.439315795898438,
      21.01459312438965,
      12.727863311767578,
      20.217008590698242,
      7.97503137588501,
      12.681971549987793,
      15.876333236694336,
      14.008391380310059
    ],
    [
      -1.669480800628662,
      3.2914493083953857,
      5.1792073249816895,
      8.91775131225586,
      8.935391426086426,
      8.617441177368164,
      19.03741455078125,
      13.790228843688965,
      28.570863723754883,
      23.354856491088867,
      21.84337615966797,
      18.48874855041504,
      18.69898223876953,
      21.525924682617188,
      16.616474151611328,
      21.469820022583008,
      22.353546142578125,
      20.204713821411133
    ],
    [
      -1.6550188064575195,
      8.120116233825684,
      4.6321563720703125,
      12.910809516906738,
      7.661526679992676,
      11.933389663696289,
      11.885588645935059,
      17.374427795410156,
      23.354856491088867,
      41.425018310546875,
      21.951019287109375,
      33.58210754394531,
      15.361034393310547,
      24.806766510009766,
      9.923582077026367,
      14.72523307800293,
      16.826669692993164,
      16.985458374023438
    ],
    [
      -0.7787647247314453,
      3.712261199951172,
      6.639782428741455,
      10.430630683898926,
      10.901119232177734,
      11.462512969970703,
      17.59234046936035,
      17.439315795898438,
      21.84337615966797,
      21.951019287109375,
      38.889610290527344,
      29.803955078125,
      31.010812759399414,
      32.942115783691406,
      23.985973358154297,
      30.894195556640625,
      30.517261505126953,
      26.027875900268555
    ],
    [
      0.356459379196167,
      8.787367820739746,
      6.052505970001221,
      13.496338844299316,
      6.957449436187744,
      11.839795112609863,
      11.63602066040039,
      21.01459312438965,
      18.48874855041504,
      33.58210754394531,
      29.803955078125,
      55.182716369628906,
      17.444242477416992,
      30.567771911621094,
      8.687969207763672,
      15.877092361450195,
      20.03521728515625,
      18.77045440673828
    ],
    [
      -4.934552192687988,
      2.2009527683258057,
      4.23521614074707,
      6.807987213134766,
      11.945375442504883,
      12.34441089630127,
      18.454587936401367,
      12.727863311767578,
      18.69898223876953,
      15.361034393310547,
      31.010812759399414,
      17.444242477416992,
      68.24906921386719,
      46.29840087890625,
      56.167598724365234,
      62.23682403564453,
      59.189849853515625,
      47.502262115478516
    ],
    [
      -0.33119651675224304,
      2.7509589195251465,
      4.896641254425049,
      9.821353912353516,
      12.444679260253906,
      16.0316162109375,
      20.734304428100586,
      20.217008590698242,
      21.525924682617188,
      24.806766510009766,
      32.942115783691406,
      30.567771911621094,
      46.29840087890625,
      52.28218078613281,
      37.12397003173828,
      47.6346435546875,
      48.96821975708008,
      40.26926040649414
    ],
    [
      -6.108448028564453,
      -0.18785373866558075,
      3.9483373165130615,
      3.093261957168579,
      9.019673347473145,
      6.624642848968506,
      18.68482780456543,
      7.97503137588501,
      16.616474151611328,
      9.923582077026367,
      23.985973358154297,
      8.687969207763672,
      56.167598724365234,
      37.12397003173828,
      73.2193603515625,
      67.81307983398438,
      63.64533615112305,
      51.75859451293945
    ],
    [
      -2.1973752975463867,
      -1.4616817235946655,
      4.270388126373291,
      3.6853139400482178,
      14.53465747833252,
      10.74276351928711,
      26.255632400512695,
      12.681971549987793,
      21.469820022583008,
      14.72523307800293,
      30.894195556640625,
      15.877092361450195,
      62.23682403564453,
      47.6346435546875,
      67.81307983398438,
      83.19991302490234,
      76.30011749267578,
      60.81718063354492
    ],
    [
      0.3757288455963135,
      -0.19572189450263977,
      6.157165050506592,
      3.7215211391448975,
      12.842452049255371,
      11.556726455688477,
      27.53644371032715,
      15.876333236694336,
      22.353546142578125,
      16.826669692993164,
      30.517261505126953,
      20.03521728515625,
      59.189849853515625,
      48.96821975708008,
      63.64533615112305,
      76.30011749267578,
      91.21648406982422,
      70.60261535644531
    ],
    [
      -1.0612772703170776,
      4.003507137298584,
      7.162630081176758,
      6.458774089813232,
      10.140652656555176,
      9.221343994140625,
      21.369935989379883,
      14.008391380310059,
      20.204713821411133,
      16.985458374023438,
      26.027875900268555,
      18.77045440673828,
      47.502262115478516,
      40.26926040649414,
      51.75859451293945,
      60.81718063354492,
      70.60261535644531,
      65.00067138671875
    ]
  ],
  "drr": 13.514862060546875,
  "dynamics": 1.5449284315109253,
  "format": 1245190,
  "frames": 9746432,
  "loudness": -8.281806945800781,
  "loudness_range": 2.797121524810791,
  "loudness_range_short": 4.744396209716797,
  "peak": 0.7703922390937805,
  "rms": -11.13789176940918,
  "sample_rate": 44100,
  "sections": 1,
  "seekable": 1,
  "sharpness": 1.770253300666809,
  "space": -11.139629364013672
}