{
  "bands": [
    {
      "high_freq": 148.1999969482422,
      "loudness": -20.08232879638672,
      "loudness_range": 15.731466293334961,
      "mid_mean": -16.80606460571289,
      "mid_to_side_loudness": -18.096599578857422,
      "mid_to_side_loudness_range": 29.60852813720703,
      "side_mean": -35.1301155090332
    },
    {
      "high_freq": 392.3793640136719,
      "loudness": -18.059040069580078,
      "loudness_range": 8.963997840881348,
      "low_freq": 148.1999969482422,
      "mid_mean": -15.100469589233398,
      "mid_to_side_loudness": -9.101627349853516,
      "mid_to_side_loudness_range": 11.214335441589355,
      "side_mean": -23.702795028686523
    },
    {
      "high_freq": 794.6976318359375,
      "loudness": -22.39957046508789,
      "loudness_range": 14.303970336914062,
      "low_freq": 392.3793640136719,
      "mid_mean": -19.406883239746094,
      "mid_to_side_loudness": -7.770074844360352,
      "mid_to_side_loudness_range": 11.236197471618652,
      "side_mean": -27.394567489624023
    },
    {
      "high_freq": 1457.5709228515625,
      "loudness": -26.780893325805664,
      "loudness_range": 16.602909088134766,
      "low_freq": 794.6976318359375,
      "mid_mean": -23.981409072875977,
      "mid_to_side_loudness": -7.742698669433594,
      "mid_to_side_loudness_range": 12.549199104309082,
      "side_mean": -31.856781005859375
    },
    {
      "high_freq": 2549.74365234375,
      "loudness": -26.162158966064453,
      "loudness_range": 17.567846298217773,
      "low_freq": 1457.5709228515625,
      "mid_mean": -23.36905860900879,
      "mid_to_side_loudness": -7.839628219604492,
      "mid_to_side_loudness_range": 12.701982498168945,
      "side_mean": -31.311851501464844
    },
    {
      "high_freq": 4349.24462890625,
      "loudness": -29.46126937866211,
      "loudness_range": 12.709260940551758,
      "low_freq": 2549.74365234375,
      "mid_mean": -26.81743621826172,
      "mid_to_side_loudness": -7.392021179199219,
      "mid_to_side_loudness_range": 15.22127628326416,
      "side_mean": -34.17182159423828
    },
    {
      "high_freq": 7314.1640625,
      "loudness": -29.89284896850586,
      "loudness_range": 11.850536346435547,
      "low_freq": 4349.24462890625,
      "mid_mean": -27.133350372314453,
      "mid_to_side_loudness": -8.765779495239258,
      "mid_to_side_loudness_range": 17.177221298217773,
      "side_mean": -35.942848205566406
    },
    {
      "high_freq": 12199.2666015625,
      "loudness": -28.305368423461914,
      "loudness_range": 14.016681671142578,
      "low_freq": 7314.1640625,
      "mid_mean": -25.495532989501953,
      "mid_to_side_loudness": -9.012256622314453,
      "mid_to_side_loudness_range": 17.16424560546875,
      "side_mean": -34.671546936035156
    },
    {
      "loudness": -32.04866409301758,
      "loudness_range": 12.137296676635742,
      "low_freq": 12199.2666015625,
      "mid_mean": -29.558021545410156,
      "mid_to_side_loudness": -7.105947494506836,
      "mid_to_side_loudness_range": 16.55573081970215,
      "side_mean": -36.72260665893555
    }
  ],
  "bands_short": [
    {
      "high_freq": 148.1999969482422,
      "loudness": -23.550827026367188,
      "loudness_range": 23.485252380371094,
      "mid_mean": -20.31010627746582,
      "mid_to_side_loudness": -18.2746524810791,
      "mid_to_side_loudness_range": 32.67091751098633,
      "side_mean": -39.42414093017578
    },
    {
      "high_freq": 392.3793640136719,
      "loudness": -18.450212478637695,
      "loudness_range": 12.60867691040039,
      "low_freq": 148.1999969482422,
      "mid_mean": -15.601694107055664,
      "mid_to_side_loudness": -8.89083194732666,
      "mid_to_side_loudness_range": 14.736479759216309,
      "side_mean": -24.241609573364258
    },
    {
      "high_freq": 794.6976318359375,
      "loudness": -22.7706298828125,
      "loudness_range": 16.526256561279297,
      "low_freq": 392.3793640136719,
      "mid_mean": -19.92215919494629,
      "mid_to_side_loudness": -7.612868785858154,
      "mid_to_side_loudness_range": 13.206704139709473,
      "side_mean": -27.84702491760254
    },
    {
      "high_freq": 1457.5709228515625,
      "loudness": -27.845067977905273,
      "loudness_range": 20.135547637939453,
      "low_freq": 794.6976318359375,
      "mid_mean": -25.11503791809082,
      "mid_to_side_loudness": -7.418886184692383,
      "mid_to_side_loudness_range": 13.493851661682129,
      "side_mean": -32.834442138671875
    },
    {
      "high_freq": 2549.74365234375,
      "loudness": -27.45555305480957,
      "loudness_range": 20.3798885345459,
      "low_freq": 1457.5709228515625,
      "mid_mean": -24.744070053100586,
      "mid_to_side_loudness": -7.367396831512451,
      "mid_to_side_loudness_range": 13.727880477905273,
      "side_mean": -32.31974792480469
    },
    {
      "high_freq": 4349.24462890625,
      "loudness": -30.63497543334961,
      "loudness_range": 16.992979049682617,
      "low_freq": 2549.74365234375,
      "mid_mean": -28.132722854614258,
      "mid_to_side_loudness": -7.095846176147461,
      "mid_to_side_loudness_range": 14.949339866638184,
      "side_mean": -35.21249771118164
    },
    {
      "high_freq": 7314.1640625,
      "loudness": -32.06862258911133,
      "loudness_range": 19.3543643951416,
      "low_freq": 4349.24462890625,
      "mid_mean": -29.534563064575195,
      "mid_to_side_loudness": -7.685271739959717,
      "mid_to_side_loudness_range": 16.902294158935547,
      "side_mean": -37.48813247680664
    },
    {
      "high_freq": 12199.2666015625,
      "loudness": -31.283897399902344,
      "loudness_range": 22.442764282226562,
      "low_freq": 7314.1640625,
      "mid_mean": -28.648893356323242,
      "mid_to_side_loudness": -7.979755401611328,
      "mid_to_side_loudness_range": 17.339284896850586,
      "side_mean": -37.0086784362793
    },
    {
      "loudness": -34.42733383178711,
      "loudness_range": 22.40507698059082,
      "low_freq": 12199.2666015625,
      "mid_mean": -32.03422927856445,
      "mid_to_side_loudness": -6.947829246520996,
      "mid_to_side_loudness_range": 16.983610153198242,
      "side_mean": -39.0350341796875
    }
  ],
  "channels": 2,
  "covariance": [
    [
      40.00969314575195,
      7.322948932647705,
      13.312578201293945,
      4.388644695281982,
      13.106725692749023,
      13.360783576965332,
      12.155109405517578,
      9.497798919677734,
      14.803817749023438,
      12.433353424072266,
      10.60870361328125,
      9.222681999206543,
      8.323493957519531,
      7.451904296875,
      7.458154201507568,
      6.760127067565918,
      9.083648681640625,
      10.023820877075195
    ],
    [
      7.322948932647705,
      69.35977935791016,
      1.6025899648666382,
      11.186835289001465,
      -0.6486021280288696,
      3.404736280441284,
      -11.959197998046875,
      -3.966593027114868,
      -7.521105766296387,
      1.9200340509414673,
      -2.8375561237335205,
      14.584667205810547,
      -3.379875659942627,
      19.154930114746094,
      -1.4393811225891113,
      18.37016487121582,
      7.685910701751709,
      22.09221076965332
    ],
    [
      13.312578201293945,
      1.6025899648666382,
      17.443511962890625,
      6.571152210235596,
      14.127843856811523,
      12.649033546447754,
      12.832602500915527,
      7.1449809074401855,
      16.088470458984375,
      10.265932083129883,
      12.410114288330078,
      6.513415336608887,
      11.950817108154297,
      3.5403993129730225,
      10.8379487991333,
      3.0463974475860596,
      7.537978649139404,
      1.3877650499343872
    ],
    [
      4.388644695281982,
      11.186835289001465,
      6.571152210235596,
      16.890005111694336,
      10.375094413757324,
      13.206026077270508,
      4.894235610961914,
      4.298297882080078,
      9.768244743347168,
      10.507292747497559,
      7.812866687774658,
      10.75976848602295,
      6.828744411468506,
      10.867146492004395,
      6.234707832336426,
      9.477441787719727,
      6.563220024108887,
      8.536895751953125
    ],
    [
      13.106725692749023,
      -0.6486021280288696,
      14.127843856811523,
      10.375094413757324,
      32.54061508178711,
      21.443410873413086,
      21.3038330078125,
      9.155704498291016,
      28.70702362060547,
      19.541744232177734,
      19.68326187133789,
      11.982134819030762,
      16.78668975830078,
      8.693077087402344,
      15.88902473449707,
      7.538081169128418,
      12.443598747253418,
      5.183009624481201
    ],
    [
      13.360783576965332,
      3.404736280441284,
      12.649033546447754,
      13.206026077270508,
      21.443410873413086,
      28.492233276367188,
      16.648967742919922,
      12.723624229431152,
      22.40287208557129,
      19.256427764892578,
      16.757619857788086,
      15.634285926818848,
      14.747979164123535,
      13.286752700805664,
      13.770403861999512,
      11.542999267578125,
      12.496563911437988,
      11.15790843963623
    ],
    [
      12.155109405517578,
      -11.959197998046875,
      12.832602500915527,
      4.894235610961914,
      21.3038330078125,
      16.648967742919922,
      39.09501266479492,
      20.455142974853516,
      29.75433921813965,
      16.726642608642578,
      19.443084716796875,
      6.356075763702393,
      16.294836044311523,
      0.8786097168922424,
      14.49452018737793,
      0.7529226541519165,
      9.606365203857422,
      -1.6055482625961304
    ],
    [
      9.497798919677734,
      -3.966593027114868,
      7.1449809074401855,
      4.298297882080078,
      9.155704498291016,
      12.723624229431152,
      20.455142974853516,
      21.9735164642334,
      13.094629287719727,
      13.713408470153809,
      9.380627632141113,
      10.307333946228027,
      9.600835800170898,
      8.348522186279297,
      8.527642250061035,
      8.21005630493164,
      7.276190757751465,
      9.537748336791992
    ],
    [
      14.803817749023438,
      -7.521105766296387,
      16.088470458984375,
      9.768244743347168,
      28.70702362060547,
      22.40287208557129,
      29.75433921813965,
      13.094629287719727,
      43.90475845336914,
      26.532434463500977,
      29.12490463256836,
      14.507569313049316,
      22.036710739135742,
      7.022312641143799,
      19.97174644470215,
      6.0029497146606445,
      14.91788101196289,
      3.892408847808838
    ],
    [
      12.433353424072266,
      1.9200340509414673,
      10.265932083129883,
      10.507292747497559,
      19.541744232177734,
      19.256427764892578,
      16.726642608642578,
      13.713408470153809,
      26.532434463500977,
      27.757333755493164,
      18.52399253845215,
      20.528301239013672,
      14.739039421081543,
      16.559375762939453,
      13.854740142822266,
      15.825337409973145,
      13.860979080200195,
      18.41511344909668
    ],
    [
      10.60870361328125,
      -2.8375561237335205,
      12.410114288330078,
      7.812866687774658,
      19.68326187133789,
      16.757619857788086,
      19.443084716796875,
      9.380627632141113,
      29.12490463256836,
      18.52399253845215,
      25.750520706176758,
      13.976252555847168,
      19.14181900024414,
      8.067526817321777,
      15.947906494140625,
      5.926730632781982,
      11.778716087341309,
      4.777365207672119
    ],
    [
      9.222681999206543,
      14.584667205810547,
      6.513415336608887,
      10.75976848602295,
      11.982134819030762,
      15.634285926818848,
      6.356075763702393,
      10.307333946228027,
      14.507569313049316,
      20.528301239013672,
      13.976252555847168,
      25.953096389770508,
      10.948271751403809,
      23.388296127319336,
      10.720913887023926,
      21.592323303222656,
      13.712156295776367,
      26.478046417236328
    ],
    [
      8.323493957519531,
      -3.379875659942627,
      11.950817108154297,
      6.828744411468506,
      16.78668975830078,
      14.747979164123535,
      16.294836044311523,
      9.600835800170898,
      22.036710739135742,
      14.739039421081543,
      19.14181900024414,
      10.948271751403809,
      23.511903762817383,
      10.719239234924316,
      21.300397872924805,
      9.663257598876953,
      14.334686279296875,
      5.927801132202148
    ],
    [
      7.451904296875,
      19.154930114746094,
      3.5403993129730225,
      10.867146492004395,
      8.693077087402344,
      13.286752700805664,
      0.8786097168922424,
      8.348522186279297,
      7.022312641143799,
      16.559375762939453,
      8.067526817321777,
      23.388296127319336,
      10.719239234924316,
      32.05781555175781,
      10.436387062072754,
      29.24944305419922,
      13.769410133361816,
      32.01812744140625
    ],
    [
      7.458154201507568,
      -1.4393811225891113,
      10.8379487991333,
      6.234707832336426,
      15.88902473449707,
      13.770403861999512,
      14.49452018737793,
      8.527642250061035,
      19.97174644470215,
      13.854740142822266,
      15.947906494140625,
      10.720913887023926,
      21.300397872924805,
      10.436387062072754,
      27.05910301208496,
      13.690849304199219,
      18.789648056030273,
      9.504801750183105
    ],
    [
      6.760127067565918,
      18.37016487121582,
      3.0463974475860596,
      9.477441787719727,
      7.538081169128418,
      11.542999267578125,
      0.7529226541519165,
      8.21005630493164,
      6.0029497146606445,
      15.825337409973145,
      5.926730632781982,
      21.592323303222656,
      9.663257598876953,
      29.24944305419922,
      13.690849304199219,
      35.97585678100586,
      15.736668586730957,
      36.536277770996094
    ],
    [
      9.083648681640625,
      7.685910701751709,
      7.537978649139404,
      6.563220024108887,
      12.443598747253418,
      12.496563911437988,
      9.606365203857422,
      7.276190757751465,
      14.91788101196289,
      13.860979080200195,
      11.778716087341309,
      13.712156295776367,
      14.334686279296875,
      13.769410133361816,
      18.789648056030273,
      15.736668586730957,
      20.999509811401367,
      19.325801849365234
    ],
    [
      10.023820877075195,
      22.09221076965332,
      1.3877650499343872,
      8.536895751953125,
      5.183009624481201,
      11.15790843963623,
      -1.6055482625961304,
      9.537748336791992,
      3.892408847808838,
      18.41511344909668,
      4.777365207672119,
      26.478046417236328,
      5.927801132202148,
      32.01812744140625,
      9.504801750183105,
      36.536277770996094,
      19.325801849365234,
      53.848716735839844
    ]
  ],
  "covariance_short": [
    [
      65.79891204833984,
      13.815093994140625,
      19.594812393188477,
      5.37457799911499,
      11.868891716003418,
      13.028314590454102,
      9.996846199035645,
      10.419074058532715,
      13.008291244506836,
      13.569528579711914,
      12.394963264465332,
      13.842528343200684,
      9.906078338623047,
      11.408217430114746,
      9.231073379516602,
      9.382247924804688,
      11.088030815124512,
      10.087835311889648
    ],
    [
      13.815093994140625,
      84.37895202636719,
      4.53179931640625,
      15.043060302734375,
      2.6794183254241943,
      5.121082305908203,
      -9.748187065124512,
      -1.3945953845977783,
      -3.8131515979766846,
      4.17167329788208,
      0.49663615226745605,
      14.964428901672363,
      1.64374577999115,
      16.989606857299805,
      4.43755578994751,
      11.902416229248047,
      6.978622913360596,
      3.60215163230896
    ],
    [
      19.594812393188477,
      4.53179931640625,
      27.320619583129883,
      9.88049602508545,
      17.0673885345459,
      14.717428207397461,
      15.745704650878906,
      11.50471305847168,
      18.25743293762207,
      13.111083030700684,
      16.44212532043457,
      11.159945487976074,
      15.660245895385742,
      9.1611909866333,
      14.381321907043457,
      9.868680000305176,
      10.863983154296875,
      7.730434894561768
    ],
    [
      5.37457799911499,
      15.043060302734375,
      9.88049602508545,
      24.706153869628906,
      12.460607528686523,
      15.408411026000977,
      8.387786865234375,
      10.199241638183594,
      12.006800651550293,
      13.226682662963867,
      11.460442543029785,
      14.618557929992676,
      10.139604568481445,
      13.13111400604248,
      9.083327293395996,
      10.613924980163574,
      6.792640209197998,
      6.492281436920166
    ],
    [
      11.868891716003418,
      2.6794183254241943,
      17.0673885345459,
      12.460607528686523,
      41.10821533203125,
      25.550931930541992,
      27.827266693115234,
      16.554115295410156,
      33.45923614501953,
      22.55333709716797,
      26.540512084960938,
      16.72406578063965,
      22.50883674621582,
      12.864646911621094,
      21.827611923217773,
      13.909960746765137,
      15.467578887939453,
      9.983004570007324
    ],
    [
      13.028314590454102,
      5.121082305908203,
      14.717428207397461,
      15.408411026000977,
      25.550931930541992,
      34.47598648071289,
      21.596200942993164,
      19.946561813354492,
      26.48565673828125,
      23.599613189697266,
      22.060884475708008,
      20.788288116455078,
      19.727123260498047,
      18.267292022705078,
      18.251636505126953,
      16.6397762298584,
      14.9396333694458,
      13.930208206176758
    ],
    [
      9.996846199035645,
      -9.748187065124512,
      15.745704650878906,
      8.387786865234375,
      27.827266693115234,
      21.596200942993164,
      53.86275863647461,
      30.935096740722656,
      40.030006408691406,
      25.40166473388672,
      31.066612243652344,
      16.041820526123047,
      24.6778564453125,
      10.029683113098145,
      20.95047950744629,
      11.989460945129395,
      14.62153434753418,
      10.347700119018555
    ],
    [
      10.419074058532715,
      -1.3945953845977783,
      11.50471305847168,
      10.199241638183594,
      16.554115295410156,
      19.946561813354492,
      30.935096740722656,
      34.768531799316406,
      24.454147338867188,
      23.41427230834961,
      21.158939361572266,
      19.996509552001953,
      18.686254501342773,
      16.83415985107422,
      17.39400291442871,
      16.30983543395996,
      14.461457252502441,
      14.424337387084961
    ],
    [
      13.008291244506836,
      -3.8131515979766846,
      18.25743293762207,
      12.006800651550293,
      33.45923614501953,
      26.48565673828125,
      40.030006408691406,
      24.454147338867188,
      59.052310943603516,
      36.49819564819336,
      42.53109359741211,
      25.539812088012695,
      32.926509857177734,
      17.541881561279297,
      28.11954116821289,
      17.74816131591797,
      19.638877868652344,
      15.188741683959961
    ],
    [
      13.569528579711914,
      4.17167329788208,
      13.111083030700684,
      13.226682662963867,
      22.55333709716797,
      23.599613189697266,
      25.40166473388672,
      23.41427230834961,
      36.49819564819336,
      39.54534149169922,
      29.22140884399414,
      29.84780502319336,
      24.357091903686523,
      24.454818725585938,
      22.099397659301758,
      23.722021102905273,
      19.041357040405273,
      22.302013397216797
    ],
    [
      12.394963264465332,
      0.49663615226745605,
      16.44212532043457,
      11.460442543029785,
      26.540512084960938,
      22.060884475708008,
      31.066612243652344,
      21.158939361572266,
      42.53109359741211,
      29.22140884399414,
      45.54545593261719,
      27.707895278930664,
      36.2188720703125,
      21.87338638305664,
      30.450122833251953,
      20.820972442626953,
      21.06227684020996,
      17.655210494995117
    ],
    [
      13.842528343200684,
      14.964428901672363,
      11.159945487976074,
      14.618557929992676,
      16.72406578063965,
      20.788288116455078,
      16.041820526123047,
      19.996509552001953,
      25.539812088012695,
      29.84780502319336,
      27.707895278930664,
      40.01731491088867,
      25.5029296875,
      34.31446838378906,
      23.809797286987305,
      30.27987289428711,
      22.41451644897461,
      27.54413414001465
    ],
    [
      9.906078338623047,
      1.64374577999115,
      15.660245895385742,
      10.139604568481445,
      22.50883674621582,
      19.727123260498047,
      24.6778564453125,
      18.686254501342773,
      32.926509857177734,
      24.357091903686523,
      36.2188720703125,
      25.5029296875,
      54.35676956176758,
      33.147430419921875,
      50.042354583740234,
      33.781761169433594,
      36.77098083496094,
      25.26861572265625
    ],
    [
      11.408217430114746,
      16.989606857299805,
      9.1611909866333,
      13.13111400604248,
      12.864646911621094,
      18.267292022705078,
      10.029683113098145,
      16.83415985107422,
      17.541881561279297,
      24.454818725585938,
      21.87338638305664,
      34.31446838378906,
      33.147430419921875,
      53.527732849121094,
      32.05221176147461,
      44.77189254760742,
      30.710386276245117,
      37.51601791381836
    ],
    [
      9.231073379516602,
      4.43755578994751,
      14.381321907043457,
      9.083327293395996,
      21.827611923217773,
      18.251636505126953,
      20.95047950744629,
      17.39400291442871,
      28.11954116821289,
      22.099397659301758,
      30.450122833251953,
      23.809797286987305,
      50.042354583740234,
      32.05221176147461,
      69.83624267578125,
      43.89408493041992,
      52.09595489501953,
      34.79008102416992
    ],
    [
      9.382247924804688,
      11.902416229248047,
      9.868680000305176,
      10.613924980163574,
      13.909960746765137,
      16.6397762298584,
      11.989460945129395,
      16.30983543395996,
      17.74816131591797,
      23.722021102905273,
      20.820972442626953,
      30.27987289428711,
      33.781761169433594,
      44.77189254760742,
      43.89408493041992,
      69.95655822753906,
      40.47052764892578,
      57.06538772583008
    ],
    [
      11.088030815124512,
      6.978622913360596,
      10.863983154296875,
      6.792640209197998,
      15.467578887939453,
      14.9396333694458,
      14.62153434753418,
      14.461457252502441,
      19.638877868652344,
      19.041357040405273,
      21.06227684020996,
      22.41451644897461,
      36.77098083496094,
      30.710386276245117,
      52.09595489501953,
      40.47052764892578,
      63.60113525390625,
      46.69537353515625
    ],
    [
      10.087835311889648,
      3.60215163230896,
      7.730434894561768,
      6.492281436920166,
      9.983004570007324,
      13.930208206176758,
      10.347700119018555,
      14.424337387084961,
      15.188741683959961,
      22.302013397216797,
      17.655210494995117,
      27.54413414001465,
      25.26861572265625,
      37.51601791381836,
      34.79008102416992,
      57.06538772583008,
      46.69537353515625,
      92.49323272705078
    ]
  ],
  "drr": 16.43511390686035,
  "dynamics": 3.124656915664673,
  "format": 1245190,
  "frames": 10601408,
  "loudness": -9.67092514038086,
  "loudness_range": 7.207559108734131,
  "loudness_range_short": 11.87657356262207,
  "peak": 0.9756371378898621,
  "rms": -11.275973320007324,
  "sample_rate": 44100,
  "sections": 1,
  "seekable": 1,
  "sharpness": 3.0434787273406982,
  "space": -9.33796501159668
}