{
  "bands": [
    {
      "high_freq": 148.1999969482422,
      "loudness": -17.764598846435547,
      "loudness_range": 7.691425323486328,
      "mid_mean": -14.220405578613281,
      "mid_to_side_loudness": -18.815324783325195,
      "mid_to_side_loudness_range": 20.186349868774414,
      "side_mean": -33.19954299926758
    },
    {
      "high_freq": 392.3793640136719,
      "loudness": -16.43636131286621,
      "loudness_range": 5.853105545043945,
      "low_freq": 148.1999969482422,
      "mid_mean": -13.344283103942871,
      "mid_to_side_loudness": -9.731471061706543,
      "mid_to_side_loudness_range": 10.968442916870117,
      "side_mean": -23.076461791992188
    },
    {
      "high_freq": 794.6976318359375,
      "loudness": -19.044036865234375,
      "loudness_range": 6.125510215759277,
      "low_freq": 392.3793640136719,
      "mid_mean": -17.440418243408203,
      "mid_to_side_loudness": -2.9233083724975586,
      "mid_to_side_loudness_range": 10.685620307922363,
      "side_mean": -20.3686466217041
    },
    {
      "high_freq": 1457.5709228515625,
      "loudness": -20.487043380737305,
      "loudness_range": 10.37244701385498,
      "low_freq": 794.6976318359375,
      "mid_mean": -18.142364501953125,
      "mid_to_side_loudness": -5.504681587219238,
      "mid_to_side_loudness_range": 10.952113151550293,
      "side_mean": -23.653221130371094
    },
    {
      "high_freq": 2549.74365234375,
      "loudness": -19.118301391601562,
      "loudness_range": 9.534610748291016,
      "low_freq": 1457.5709228515625,
      "mid_mean": -16.507322311401367,
      "mid_to_side_loudness": -6.28051233291626,
      "mid_to_side_loudness_range": 8.740199089050293,
      "side_mean": -22.852365493774414
    },
    {
      "high_freq": 4349.24462890625,
      "loudness": -16.199331283569336,
      "loudness_range": 10.515894889831543,
      "low_freq": 2549.74365234375,
      "mid_mean": -13.307918548583984,
      "mid_to_side_loudness": -7.828872203826904,
      "mid_to_side_loudness_range": 9.34774112701416,
      "side_mean": -21.13269805908203
    },
    {
      "high_freq": 7314.1640625,
      "loudness": -17.360736846923828,
      "loudness_range": 9.726192474365234,
      "low_freq": 4349.24462890625,
      "mid_mean": -14.356077194213867,
      "mid_to_side_loudness": -8.690940856933594,
      "mid_to_side_loudness_range": 10.046337127685547,
      "side_mean": -23.047334671020508
    },
    {
      "high_freq": 12199.2666015625,
      "loudness": -22.22789192199707,
      "loudness_range": 9.74393081665039,
      "low_freq": 7314.1640625,
      "mid_mean": -19.56974220275879,
      "mid_to_side_loudness": -6.842693328857422,
      "mid_to_side_loudness_range": 10.572484970092773,
      "side_mean": -26.412466049194336
    },
    {
      "loudness": -29.550914764404297,
      "loudness_range": 10.323043823242188,
      "low_freq": 12199.2666015625,
      "mid_mean": -26.93412971496582,
      "mid_to_side_loudness": -6.525659561157227,
      "mid_to_side_loudness_range": 9.90288257598877,
      "side_mean": -33.45954895019531
    }
  ],
  "bands_short": [
    {
      "high_freq": 148.1999969482422,
      "loudness": -21.835826873779297,
      "loudness_range": 16.547908782958984,
      "mid_mean": -18.446008682250977,
      "mid_to_side_loudness": -18.087299346923828,
      "mid_to_side_loudness_range": 25.06599235534668,
      "side_mean": -36.77569580078125
    },
    {
      "high_freq": 392.3793640136719,
      "loudness": -16.275482177734375,
      "loudness_range": 10.796582221984863,
      "low_freq": 148.1999969482422,
      "mid_mean": -13.205968856811523,
      "mid_to_side_loudness": -10.460800170898438,
      "mid_to_side_loudness_range": 14.122086524963379,
      "side_mean": -23.79022789001465
    },
    {
      "high_freq": 794.6976318359375,
      "loudness": -19.949586868286133,
      "loudness_range": 10.438313484191895,
      "low_freq": 392.3793640136719,
      "mid_mean": -18.82693862915039,
      "mid_to_side_loudness": -2.489079475402832,
      "mid_to_side_loudness_range": 14.437101364135742,
      "side_mean": -21.29007339477539
    },
    {
      "high_freq": 1457.5709228515625,
      "loudness": -21.06575584411621,
      "loudness_range": 13.800890922546387,
      "low_freq": 794.6976318359375,
      "mid_mean": -18.958030700683594,
      "mid_to_side_loudness": -5.171601295471191,
      "mid_to_side_loudness_range": 13.368426322937012,
      "side_mean": -24.218130111694336
    },
    {
      "high_freq": 2549.74365234375,
      "loudness": -20.340333938598633,
      "loudness_range": 13.974015235900879,
      "low_freq": 1457.5709228515625,
      "mid_mean": -17.908700942993164,
      "mid_to_side_loudness": -5.952683448791504,
      "mid_to_side_loudness_range": 11.235453605651855,
      "side_mean": -23.948665618896484
    },
    {
      "high_freq": 4349.24462890625,
      "loudness": -17.853939056396484,
      "loudness_range": 16.664737701416016,
      "low_freq": 2549.74365234375,
      "mid_mean": -15.201533317565918,
      "mid_to_side_loudness": -7.01134729385376,
      "mid_to_side_loudness_range": 11.316978454589844,
      "side_mean": -22.255229949951172
    },
    {
      "high_freq": 7314.1640625,
      "loudness": -18.74675941467285,
      "loudness_range": 15.698758125305176,
      "low_freq": 4349.24462890625,
      "mid_mean": -15.890609741210938,
      "mid_to_side_loudness": -8.189253807067871,
      "mid_to_side_loudness_range": 11.90711498260498,
      "side_mean": -24.126365661621094
    },
    {
      "high_freq": 12199.2666015625,
      "loudness": -23.744876861572266,
      "loudness_range": 15.164192199707031,
      "low_freq": 7314.1640625,
      "mid_mean": -21.201499938964844,
      "mid_to_side_loudness": -6.561875820159912,
      "mid_to_side_loudness_range": 11.885791778564453,
      "side_mean": -27.8300724029541
    },
    {
      "loudness": -31.41057586669922,
      "loudness_range": 17.10957908630371,
      "low_freq": 12199.2666015625,
      "mid_mean": -28.94841957092285,
      "mid_to_side_loudness": -6.299332141876221,
      "mid_to_side_loudness_range": 12.273808479309082,
      "side_mean": -35.269893646240234
    }
  ],
  "channels": 2,
  "covariance": [
    [
      9.85180377960205,
      6.283527851104736,
      2.1078073978424072,
      4.710827827453613,
      0.8319076299667358,
      3.888895273208618,
      0.9214572906494141,
      2.014827251434326,
      1.33381187915802,
      2.134885787963867,
      1.5442759990692139,
      1.674060344696045,
      1.4209274053573608,
      1.511087417602539,
      1.652823567390442,
      1.8678100109100342,
      1.0249212980270386,
      1.0953272581100464
    ],
    [
      6.283527851104736,
      48.49005889892578,
      2.063246726989746,
      11.699392318725586,
      0.6359655857086182,
      4.667957782745361,
      0.07706476747989655,
      2.060512065887451,
      0.24299508333206177,
      0.47644245624542236,
      -0.8767567276954651,
      -1.7697937488555908,
      0.34295985102653503,
      -4.058200836181641,
      0.9577110409736633,
      -3.3732595443725586,
      -3.1050755977630615,
      -6.306078910827637
    ],
    [
      2.1078073978424072,
      2.063246726989746,
      7.968660354614258,
      5.39501428604126,
      2.8400397300720215,
      3.677070379257202,
      1.553750991821289,
      3.202294111251831,
      0.7430698275566101,
      3.390848159790039,
      2.319385051727295,
      3.5776495933532715,
      2.6896257400512695,
      3.968104839324951,
      2.535571336746216,
      4.406632423400879,
      2.3308510780334473,
      4.33099365234375
    ],
    [
      4.710827827453613,
      11.699392318725586,
      5.39501428604126,
      18.208675384521484,
      2.5095620155334473,
      7.78472900390625,
      2.249197006225586,
      6.617978096008301,
      2.035036563873291,
      6.697373867034912,
      2.9518425464630127,
      5.930487632751465,
      2.6516458988189697,
      5.540425777435303,
      2.8374040126800537,
      6.772164344787598,
      2.292095184326172,
      6.012650489807129
    ],
    [
      0.8319076299667358,
      0.6359655857086182,
      2.8400397300720215,
      2.5095620155334473,
      7.61515998840332,
      4.022330284118652,
      4.637044429779053,
      3.527212381362915,
      3.841569185256958,
      3.5100135803222656,
      3.948242425918579,
      3.8884167671203613,
      4.032042503356934,
      3.825906276702881,
      4.144375801086426,
      5.17161750793457,
      3.877934694290161,
      4.695714473724365
    ],
    [
      3.888895273208618,
      4.667957782745361,
      3.677070379257202,
      7.78472900390625,
      4.022330284118652,
      16.220775604248047,
      3.6819024085998535,
      10.550666809082031,
      4.6117424964904785,
      9.651620864868164,
      6.220281600952148,
      9.976786613464355,
      5.075984001159668,
      7.721034049987793,
      4.238722324371338,
      9.32692813873291,
      3.123460531234741,
      8.007899284362793
    ],
    [
      0.9214572906494141,
      0.07706476747989655,
      1.553750991821289,
      2.249197006225586,
      4.637044429779053,
      3.6819024085998535,
      15.646201133728027,
      8.754653930664062,
      10.942694664001465,
      6.607612133026123,
      3.983771324157715,
      5.0269880294799805,
      4.593289852142334,
      4.418004512786865,
      3.584214210510254,
      5.502328395843506,
      3.2783308029174805,
      4.584841251373291
    ],
    [
      2.014827251434326,
      2.060512065887451,
      3.202294111251831,
      6.617978096008301,
      3.527212381362915,
      10.550666809082031,
      8.754653930664062,
      19.38064956665039,
      7.726500034332275,
      13.253608703613281,
      6.1844587326049805,
      12.946365356445312,
      5.559510231018066,
      10.929648399353027,
      4.94168758392334,
      13.596049308776855,
      4.19069766998291,
      12.232439994812012
    ],
    [
      1.33381187915802,
      0.24299508333206177,
      0.7430698275566101,
      2.035036563873291,
      3.841569185256958,
      4.6117424964904785,
      10.942694664001465,
      7.726500034332275,
      14.445003509521484,
      9.186485290527344,
      5.3360490798950195,
      7.231616020202637,
      5.500875473022461,
      6.289095401763916,
      4.014832973480225,
      6.51389741897583,
      3.541208505630493,
      5.586361408233643
    ],
    [
      2.134885787963867,
      0.47644245624542236,
      3.390848159790039,
      6.697373867034912,
      3.5100135803222656,
      9.651620864868164,
      6.607612133026123,
      13.253608703613281,
      9.186485290527344,
      15.846610069274902,
      7.485456466674805,
      14.384866714477539,
      6.822676658630371,
      12.635079383850098,
      4.920289516448975,
      13.092978477478027,
      4.731509208679199,
      11.803375244140625
    ],
    [
      1.5442759990692139,
      -0.8767567276954651,
      2.319385051727295,
      2.9518425464630127,
      3.948242425918579,
      6.220281600952148,
      3.983771324157715,
      6.1844587326049805,
      5.3360490798950195,
      7.485456466674805,
      17.389177322387695,
      12.78487777709961,
      12.723331451416016,
      10.512757301330566,
      8.259214401245117,
      9.787483215332031,
      6.250178813934326,
      7.4142656326293945
    ],
    [
      1.674060344696045,
      -1.7697937488555908,
      3.5776495933532715,
      5.930487632751465,
      3.8884167671203613,
      9.976786613464355,
      5.0269880294799805,
      12.946365356445312,
      7.231616020202637,
      14.384866714477539,
      12.78487777709961,
      21.539438247680664,
      10.664495468139648,
      18.62606430053711,
      7.652279376983643,
      18.274431228637695,
      7.0617780685424805,
      15.607550621032715
    ],
    [
      1.4209274053573608,
      0.34295985102653503,
      2.6896257400512695,
      2.6516458988189697,
      4.032042503356934,
      5.075984001159668,
      4.593289852142334,
      5.559510231018066,
      5.500875473022461,
      6.822676658630371,
      12.723331451416016,
      10.664495468139648,
      14.948740005493164,
      10.497159957885742,
      9.585724830627441,
      9.920604705810547,
      7.414283275604248,
      7.179047584533691
    ],
    [
      1.511087417602539,
      -4.058200836181641,
      3.968104839324951,
      5.540425777435303,
      3.825906276702881,
      7.721034049987793,
      4.418004512786865,
      10.929648399353027,
      6.289095401763916,
      12.635079383850098,
      10.512757301330566,
      18.62606430053711,
      10.497159957885742,
      19.930564880371094,
      8.267812728881836,
      19.91486930847168,
      8.324295997619629,
      17.359405517578125
    ],
    [
      1.652823567390442,
      0.9577110409736633,
      2.535571336746216,
      2.8374040126800537,
      4.144375801086426,
      4.238722324371338,
      3.584214210510254,
      4.94168758392334,
      4.014832973480225,
      4.920289516448975,
      8.259214401245117,
      7.652279376983643,
      9.585724830627441,
      8.267812728881836,
      13.478053092956543,
      10.707625389099121,
      11.145206451416016,
      8.674431800842285
    ],
    [
      1.8678100109100342,
      -3.3732595443725586,
      4.406632423400879,
      6.772164344787598,
      5.17161750793457,
      9.32692813873291,
      5.502328395843506,
      13.596049308776855,
      6.51389741897583,
      13.092978477478027,
      9.787483215332031,
      18.274431228637695,
      9.920604705810547,
      19.91486930847168,
      10.707625389099121,
      25.224449157714844,
      10.872977256774902,
      22.371814727783203
    ],
    [
      1.0249212980270386,
      -3.1050755977630615,
      2.3308510780334473,
      2.292095184326172,
      3.877934694290161,
      3.123460531234741,
      3.2783308029174805,
      4.19069766998291,
      3.541208505630493,
      4.731509208679199,
      6.250178813934326,
      7.0617780685424805,
      7.414283275604248,
      8.324295997619629,
      11.145206451416016,
      10.872977256774902,
      15.440109252929688,
      12.514263153076172
    ],
    [
      1.0953272581100464,
      -6.306078910827637,
      4.33099365234375,
      6.012650489807129,
      4.695714473724365,
      8.007899284362793,
      4.584841251373291,
      12.232439994812012,
      5.586361408233643,
      11.803375244140625,
      7.4142656326293945,
      15.607550621032715,
      7.179047584533691,
      17.359405517578125,
      8.674431800842285,
      22.371814727783203,
      12.514263153076172,
      25.387990951538086
    ]
  ],
  "covariance_short": [
    [
      34.94979476928711,
      14.736174583435059,
      10.02908992767334,
      8.956107139587402,
      2.9820942878723145,
      6.840742111206055,
      3.885695457458496,
      5.341379642486572,
      4.451076030731201,
      5.107810974121094,
      5.2501540184021,
      5.03964376449585,
      3.8286421298980713,
      4.789623737335205,
      3.930488109588623,
      5.430977821350098,
      4.33860969543457,
      5.415595054626465
    ],
    [
      14.736174583435059,
      70.04891204833984,
      2.7114717960357666,
      15.239768981933594,
      1.4847500324249268,
      4.9766845703125,
      0.9317476749420166,
      0.5805653929710388,
      1.5563180446624756,
      -0.05725117027759552,
      0.04298229143023491,
      -2.84999418258667,
      0.5989317297935486,
      -5.184886455535889,
      1.4422037601470947,
      -3.8016481399536133,
      -2.1598010063171387,
      -6.240097522735596
    ],
    [
      10.02908992767334,
      2.7114717960357666,
      21.084436416625977,
      11.326539039611816,
      7.069053649902344,
      9.236605644226074,
      5.5312371253967285,
      8.395956993103027,
      5.114899635314941,
      8.284823417663574,
      7.981589317321777,
      9.406834602355957,
      8.010847091674805,
      10.062546730041504,
      7.3039984703063965,
      10.955303192138672,
      7.600671291351318,
      11.248114585876465
    ],
    [
      8.956107139587402,
      15.239768981933594,
      11.326539039611816,
      27.852718353271484,
      5.439608097076416,
      11.159071922302246,
      4.660764694213867,
      9.397311210632324,
      4.553292751312256,
      9.262194633483887,
      5.597766876220703,
      8.07221508026123,
      5.038952827453613,
      7.715333461761475,
      4.7578325271606445,
      8.87109088897705,
      4.2946014404296875,
      7.983668327331543
    ],
    [
      2.9820942878723145,
      1.4847500324249268,
      7.069053649902344,
      5.439608097076416,
      21.317588806152344,
      9.37258529663086,
      9.074780464172363,
      7.5318474769592285,
      8.575615882873535,
      7.842154502868652,
      12.551406860351562,
      9.623217582702637,
      11.276512145996094,
      8.913392066955566,
      9.748763084411621,
      9.84907341003418,
      9.275657653808594,
      9.62657642364502
    ],
    [
      6.840742111206055,
      4.9766845703125,
      9.236605644226074,
      11.159071922302246,
      9.37258529663086,
      27.129037857055664,
      7.156376838684082,
      15.586308479309082,
      8.064541816711426,
      14.032031059265137,
      12.189963340759277,
      15.102079391479492,
      8.996249198913574,
      12.182744026184082,
      7.22953462600708,
      13.145451545715332,
      5.572239398956299,
      11.536895751953125
    ],
    [
      3.885695457458496,
      0.9317476749420166,
      5.5312371253967285,
      4.660764694213867,
      9.074780464172363,
      7.156376838684082,
      28.735963821411133,
      15.21272087097168,
      20.64310073852539,
      12.673213958740234,
      15.028124809265137,
      12.497200012207031,
      14.177206993103027,
      11.070865631103516,
      10.95152759552002,
      11.748401641845703,
      10.237458229064941,
      11.224681854248047
    ],
    [
      5.341379642486572,
      0.5805653929710388,
      8.395956993103027,
      9.397311210632324,
      7.5318474769592285,
      15.586308479309082,
      15.21272087097168,
      29.81456184387207,
      13.899094581604004,
      19.831972122192383,
      14.203498840332031,
      20.434282302856445,
      11.629652976989746,
      17.536266326904297,
      9.588495254516602,
      19.753934860229492,
      9.158052444458008,
      18.72673797607422
    ],
    [
      4.451076030731201,
      1.5563180446624756,
      5.114899635314941,
      4.553292751312256,
      8.575615882873535,
      8.064541816711426,
      20.64310073852539,
      13.899094581604004,
      28.0487117767334,
      16.411874771118164,
      16.499290466308594,
      15.006787300109863,
      15.423225402832031,
      13.56423568725586,
      11.641599655151367,
      13.02021598815918,
      10.724113464355469,
      12.302227020263672
    ],
    [
      5.107810974121094,
      -0.05725117027759552,
      8.284823417663574,
      9.262194633483887,
      7.842154502868652,
      14.032031059265137,
      12.673213958740234,
      19.831972122192383,
      16.411874771118164,
      24.8475341796875,
      16.046133041381836,
      21.58486557006836,
      13.801441192626953,
      19.26705551147461,
      10.596559524536133,
      19.204532623291016,
      10.311240196228027,
      18.254802703857422
    ],
    [
      5.2501540184021,
      0.04298229143023491,
      7.981589317321777,
      5.597766876220703,
      12.551406860351562,
      12.189963340759277,
      15.028124809265137,
      14.203498840332031,
      16.499290466308594,
      16.046133041381836,
      39.85448455810547,
      26.953895568847656,
      30.903881072998047,
      23.823015213012695,
      21.61383819580078,
      21.948686599731445,
      18.228666305541992,
      18.706647872924805
    ],
    [
      5.03964376449585,
      -2.84999418258667,
      9.406834602355957,
      8.07221508026123,
      9.623217582702637,
      15.102079391479492,
      12.497200012207031,
      20.434282302856445,
      15.006787300109863,
      21.58486557006836,
      26.953895568847656,
      34.402313232421875,
      22.618915557861328,
      29.546119689941406,
      17.29596519470215,
      28.49834632873535,
      15.781017303466797,
      25.857349395751953
    ],
    [
      3.8286421298980713,
      0.5989317297935486,
      8.010847091674805,
      5.038952827453613,
      11.276512145996094,
      8.996249198913574,
      14.177206993103027,
      11.629652976989746,
      15.423225402832031,
      13.801441192626953,
      30.903881072998047,
      22.618915557861328,
      37.5711669921875,
      24.827436447143555,
      26.622520446777344,
      24.28731918334961,
      22.96974754333496,
      20.627113342285156
    ],
    [
      4.789623737335205,
      -5.184886455535889,
      10.062546730041504,
      7.715333461761475,
      8.913392066955566,
      12.182744026184082,
      11.070865631103516,
      17.536266326904297,
      13.56423568725586,
      19.26705551147461,
      23.823015213012695,
      29.546119689941406,
      24.827436447143555,
      34.14996337890625,
      20.244585037231445,
      33.34675216674805,
      19.65167236328125,
      30.900131225585938
    ],
    [
      3.930488109588623,
      1.4422037601470947,
      7.3039984703063965,
      4.7578325271606445,
      9.748763084411621,
      7.22953462600708,
      10.95152759552002,
      9.588495254516602,
      11.641599655151367,
      10.596559524536133,
      21.61383819580078,
      17.29596519470215,
      26.622520446777344,
      20.244585037231445,
      32.678462982177734,
      26.004728317260742,
      29.152877807617188,
      24.615060806274414
    ],
    [
      5.430977821350098,
      -3.8016481399536133,
      10.955303192138672,
      8.87109088897705,
      9.84907341003418,
      13.145451545715332,
      11.748401641845703,
      19.753934860229492,
      13.02021598815918,
      19.204532623291016,
      21.948686599731445,
      28.49834632873535,
      24.28731918334961,
      33.34675216674805,
      26.004728317260742,
      43.32086181640625,
      25.893840789794922,
      40.527015686035156
    ],
    [
      4.33860969543457,
      -2.1598010063171387,
      7.600671291351318,
      4.2946014404296875,
      9.275657653808594,
      5.572239398956299,
      10.237458229064941,
      9.158052444458008,
      10.724113464355469,
      10.311240196228027,
      18.228666305541992,
      15.781017303466797,
      22.96974754333496,
      19.65167236328125,
      29.152877807617188,
      25.893840789794922,
      38.104713439941406,
      31.214487075805664
    ],
    [
      5.415595054626465,
      -6.240097522735596,
      11.248114585876465,
      7.983668327331543,
      9.62657642364502,
      11.536895751953125,
      11.224681854248047,
      18.72673797607422,
      12.302227020263672,
      18.254802703857422,
      18.706647872924805,
      25.857349395751953,
      20.627113342285156,
      30.900131225585938,
      24.615060806274414,
      40.527015686035156,
      31.214487075805664,
      50.09585952758789
    ]
  ],
  "drr": 15.024991035461426,
  "dynamics": 2.0688536167144775,
  "format": 1245190,
  "frames": 9947136,
  "loudness": -5.289571285247803,
  "loudness_range": 3.9906258583068848,
  "loudness_range_short": 7.5594282150268555,
  "peak": 1.3437365293502808,
  "rms": -8.7715425491333,
  "sample_rate": 44100,
  "sections": 1,
  "seekable": 1,
  "sharpness": 2.8094160556793213,
  "space": -7.542590618133545
}