{
  "bands": [
    {
      "high_freq": 148.1999969482422,
      "loudness": -31.43035316467285,
      "loudness_range": 19.016252517700195,
      "mid_mean": -28.085975646972656,
      "mid_to_side_loudness": -12.89229965209961,
      "mid_to_side_loudness_range": 14.13401985168457,
      "side_mean": -41.26966857910156
    },
    {
      "high_freq": 392.3793640136719,
      "loudness": -26.71151351928711,
      "loudness_range": 11.527853012084961,
      "low_freq": 148.1999969482422,
      "mid_mean": -23.428672790527344,
      "mid_to_side_loudness": -11.68637466430664,
      "mid_to_side_loudness_range": 15.404070854187012,
      "side_mean": -35.41462707519531
    },
    {
      "high_freq": 794.6976318359375,
      "loudness": -26.821640014648438,
      "loudness_range": 15.184349060058594,
      "low_freq": 392.3793640136719,
      "mid_mean": -23.841968536376953,
      "mid_to_side_loudness": -9.963054656982422,
      "mid_to_side_loudness_range": 16.498538970947266,
      "side_mean": -33.806697845458984
    },
    {
      "high_freq": 1457.5709228515625,
      "loudness": -31.029125213623047,
      "loudness_range": 24.26158905029297,
      "low_freq": 794.6976318359375,
      "mid_mean": -28.638341903686523,
      "mid_to_side_loudness": -7.617219924926758,
      "mid_to_side_loudness_range": 20.250768661499023,
      "side_mean": -36.319908142089844
    },
    {
      "high_freq": 2549.74365234375,
      "loudness": -34.06053924560547,
      "loudness_range": 25.509994506835938,
      "low_freq": 1457.5709228515625,
      "mid_mean": -31.370187759399414,
      "mid_to_side_loudness": -8.095377922058105,
      "mid_to_side_loudness_range": 16.89531135559082,
      "side_mean": -39.551761627197266
    },
    {
      "high_freq": 4349.24462890625,
      "loudness": -37.569610595703125,
      "loudness_range": 23.563793182373047,
      "low_freq": 2549.74365234375,
      "mid_mean": -34.783382415771484,
      "mid_to_side_loudness": -8.171879768371582,
      "mid_to_side_loudness_range": 13.906723976135254,
      "side_mean": -43.39139938354492
    },
    {
      "high_freq": 7314.1640625,
      "loudness": -44.284969329833984,
      "loudness_range": 23.694795608520508,
      "low_freq": 4349.24462890625,
      "mid_mean": -41.42599868774414,
      "mid_to_side_loudness": -7.062374114990234,
      "mid_to_side_loudness_range": 7.506889820098877,
      "side_mean": -48.779720306396484
    },
    {
      "high_freq": 12199.2666015625,
      "loudness": -45.61262130737305,
      "loudness_range": 27.078292846679688,
      "low_freq": 7314.1640625,
      "mid_mean": -43.35122299194336,
      "mid_to_side_loudness": -4.532860279083252,
      "mid_to_side_loudness_range": 3.6321005821228027,
      "side_mean": -48.14628982543945
    },
    {
      "loudness": -52.9576416015625,
      "loudness_range": 24.295814514160156,
      "low_freq": 12199.2666015625,
      "mid_mean": -52.04356002807617,
      "mid_to_side_loudness": -0.9547861218452454,
      "mid_to_side_loudness_range": 2.799957036972046,
      "side_mean": -52.95974349975586
    }
  ],
  "bands_short": [
    {
      "high_freq": 148.1999969482422,
      "loudness": -36.80695343017578,
      "loudness_range": 25.524211883544922,
      "mid_mean": -33.65851974487305,
      "mid_to_side_loudness": -12.557351112365723,
      "mid_to_side_loudness_range": 19.342731475830078,
      "side_mean": -46.60150909423828
    },
    {
      "high_freq": 392.3793640136719,
      "loudness": -26.998477935791016,
      "loudness_range": 13.86281967163086,
      "low_freq": 148.1999969482422,
      "mid_mean": -23.793920516967773,
      "mid_to_side_loudness": -11.806817054748535,
      "mid_to_side_loudness_range": 18.519704818725586,
      "side_mean": -35.91401672363281
    },
    {
      "high_freq": 794.6976318359375,
      "loudness": -28.09425926208496,
      "loudness_range": 18.121923446655273,
      "low_freq": 392.3793640136719,
      "mid_mean": -25.207185745239258,
      "mid_to_side_loudness": -9.974316596984863,
      "mid_to_side_loudness_range": 18.876089096069336,
      "side_mean": -35.188316345214844
    },
    {
      "high_freq": 1457.5709228515625,
      "loudness": -31.115163803100586,
      "loudness_range": 25.542579650878906,
      "low_freq": 794.6976318359375,
      "mid_mean": -28.704490661621094,
      "mid_to_side_loudness": -7.633207321166992,
      "mid_to_side_loudness_range": 19.971263885498047,
      "side_mean": -36.363975524902344
    },
    {
      "high_freq": 2549.74365234375,
      "loudness": -35.72366714477539,
      "loudness_range": 28.121904373168945,
      "low_freq": 1457.5709228515625,
      "mid_mean": -33.21169662475586,
      "mid_to_side_loudness": -7.59328031539917,
      "mid_to_side_loudness_range": 17.48567008972168,
      "side_mean": -40.92179489135742
    },
    {
      "high_freq": 4349.24462890625,
      "loudness": -39.01068878173828,
      "loudness_range": 27.124046325683594,
      "low_freq": 2549.74365234375,
      "mid_mean": -36.32194519042969,
      "mid_to_side_loudness": -8.14110279083252,
      "mid_to_side_loudness_range": 14.854841232299805,
      "side_mean": -44.91629409790039
    },
    {
      "high_freq": 7314.1640625,
      "loudness": -47.403228759765625,
      "loudness_range": 28.299545288085938,
      "low_freq": 4349.24462890625,
      "mid_mean": -44.845741271972656,
      "mid_to_side_loudness": -7.112649440765381,
      "mid_to_side_loudness_range": 8.840316772460938,
      "side_mean": -52.42277145385742
    },
    {
      "high_freq": 12199.2666015625,
      "loudness": -48.234500885009766,
      "loudness_range": 30.30817413330078,
      "low_freq": 7314.1640625,
      "mid_mean": -47.03071594238281,
      "mid_to_side_loudness": -4.606802463531494,
      "mid_to_side_loudness_range": 4.218626022338867,
      "side_mean": -52.05839538574219
    },
    {
      "loudness": -56.34929275512695,
      "loudness_range": 27.209274291992188,
      "low_freq": 12199.2666015625,
      "mid_mean": -54.928279876708984,
      "mid_to_side_loudness": -0.9461398720741272,
      "mid_to_side_loudness_range": 3.1839137077331543,
      "side_mean": -55.81834411621094
    }
  ],
  "channels": 2,
  "covariance": [
    [
      45.19394302368164,
      30.75418472290039,
      10.076072692871094,
      11.502140998840332,
      6.012446880340576,
      9.720853805541992,
      7.184571266174316,
      9.940164566040039,
      6.357710361480713,
      10.396958351135254,
      4.297187328338623,
      10.75284481048584,
      12.49036693572998,
      13.783385276794434,
      5.618174076080322,
      6.659613609313965,
      6.79006814956665,
      6.741480350494385
    ],
    [
      30.75418472290039,
      47.30919647216797,
      11.170855522155762,
      22.387218475341797,
      10.511225700378418,
      19.040618896484375,
      9.878386497497559,
      14.3811616897583,
      9.893477439880371,
      14.064231872558594,
      10.183531761169434,
      17.06454086303711,
      18.285207748413086,
      22.154335021972656,
      13.311922073364258,
      15.69167423248291,
      18.034500122070312,
      16.83649444580078
    ],
    [
      10.076072692871094,
      11.170855522155762,
      19.16228675842285,
      12.811295509338379,
      14.833115577697754,
      9.185168266296387,
      13.601212501525879,
      7.417649269104004,
      15.036663055419922,
      11.183131217956543,
      12.98757553100586,
      11.454024314880371,
      16.21437644958496,
      14.199204444885254,
      19.523473739624023,
      18.16122055053711,
      14.166501998901367,
      12.71235179901123
    ],
    [
      11.502140998840332,
      22.387218475341797,
      12.811295509338379,
      35.23164367675781,
      17.193111419677734,
      28.518007278442383,
      16.689960479736328,
      22.240005493164062,
      18.07131576538086,
      23.066707611083984,
      15.96666431427002,
      22.381929397583008,
      17.34516716003418,
      20.82866096496582,
      16.095569610595703,
      17.510412216186523,
      20.670677185058594,
      18.898134231567383
    ],
    [
      6.012446880340576,
      10.511225700378418,
      14.833115577697754,
      17.193111419677734,
      31.911937713623047,
      20.02890396118164,
      33.12429428100586,
      19.634933471679688,
      34.05733871459961,
      22.907054901123047,
      28.155195236206055,
      23.501182556152344,
      21.98350715637207,
      18.348302841186523,
      28.38076400756836,
      26.2939510345459,
      22.674495697021484,
      20.439002990722656
    ],
    [
      9.720853805541992,
      19.040618896484375,
      9.185168266296387,
      28.518007278442383,
      20.02890396118164,
      42.630043029785156,
      18.647567749023438,
      33.26286697387695,
      19.398008346557617,
      30.854381561279297,
      15.107024192810059,
      28.014873504638672,
      10.919710159301758,
      16.10319709777832,
      7.591938018798828,
      8.958863258361816,
      14.528889656066895,
      13.498695373535156
    ],
    [
      7.184571266174316,
      9.878386497497559,
      13.601212501525879,
      16.689960479736328,
      33.12429428100586,
      18.647567749023438,
      64.51456451416016,
      32.12760925292969,
      55.29518508911133,
      32.849056243896484,
      41.870906829833984,
      32.22453689575195,
      26.281688690185547,
      21.425569534301758,
      34.80670928955078,
      32.35417556762695,
      29.25229835510254,
      26.737459182739258
    ],
    [
      9.940164566040039,
      14.3811616897583,
      7.417649269104004,
      22.240005493164062,
      19.634933471679688,
      33.26286697387695,
      32.12760925292969,
      49.208030700683594,
      25.700014114379883,
      36.32132339477539,
      17.215003967285156,
      30.69870948791504,
      8.474863052368164,
      12.611396789550781,
      3.4082581996917725,
      4.4786505699157715,
      12.431361198425293,
      12.263801574707031
    ],
    [
      6.357710361480713,
      9.893477439880371,
      15.036663055419922,
      18.07131576538086,
      34.05733871459961,
      19.398008346557617,
      55.29518508911133,
      25.700014114379883,
      70.40336608886719,
      40.010684967041016,
      55.753662109375,
      41.502113342285156,
      36.54778289794922,
      30.341350555419922,
      42.72222137451172,
      39.76081466674805,
      36.00965881347656,
      32.89113235473633
    ],
    [
      10.396958351135254,
      14.064231872558594,
      11.183131217956543,
      23.066707611083984,
      22.907054901123047,
      30.854381561279297,
      32.849056243896484,
      36.32132339477539,
      40.010684967041016,
      44.083194732666016,
      30.551206588745117,
      38.541465759277344,
      19.574365615844727,
      21.72185707092285,
      15.119900703430176,
      15.372519493103027,
      19.7356014251709,
      18.732131958007812
    ],
    [
      4.297187328338623,
      10.183531761169434,
      12.98757553100586,
      15.96666431427002,
      28.155195236206055,
      15.107024192810059,
      41.870906829833984,
      17.215003967285156,
      55.753662109375,
      30.551206588745117,
      66.65789794921875,
      45.808231353759766,
      43.031494140625,
      35.641971588134766,
      47.57801818847656,
      44.386497497558594,
      39.215877532958984,
      35.85451889038086
    ],
    [
      10.75284481048584,
      17.06454086303711,
      11.454024314880371,
      22.381929397583008,
      23.501182556152344,
      28.014873504638672,
      32.22453689575195,
      30.69870948791504,
      41.502113342285156,
      38.541465759277344,
      45.808231353759766,
      52.006473541259766,
      30.899600982666016,
      32.772865295410156,
      26.86249351501465,
      26.77545928955078,
      29.096336364746094,
      27.481826782226562
    ],
    [
      12.49036693572998,
      18.285207748413086,
      16.21437644958496,
      17.34516716003418,
      21.98350715637207,
      10.919710159301758,
      26.281688690185547,
      8.474863052368164,
      36.54778289794922,
      19.574365615844727,
      43.031494140625,
      30.899600982666016,
      64.45826721191406,
      54.28338623046875,
      66.82904815673828,
      62.95610427856445,
      53.13945770263672,
      49.1129264831543
    ],
    [
      13.783385276794434,
      22.154335021972656,
      14.199204444885254,
      20.82866096496582,
      18.348302841186523,
      16.10319709777832,
      21.425569534301758,
      12.611396789550781,
      30.341350555419922,
      21.72185707092285,
      35.641971588134766,
      32.772865295410156,
      54.28338623046875,
      54.16498565673828,
      53.77175521850586,
      54.69878387451172,
      48.94512176513672,
      45.8702278137207
    ],
    [
      5.618174076080322,
      13.311922073364258,
      19.523473739624023,
      16.095569610595703,
      28.38076400756836,
      7.591938018798828,
      34.80670928955078,
      3.4082581996917725,
      42.72222137451172,
      15.119900703430176,
      47.57801818847656,
      26.86249351501465,
      66.82904815673828,
      53.77175521850586,
      87.79850769042969,
      80.21160888671875,
      63.6411247253418,
      58.240230560302734
    ],
    [
      6.659613609313965,
      15.69167423248291,
      18.16122055053711,
      17.510412216186523,
      26.2939510345459,
      8.958863258361816,
      32.35417556762695,
      4.4786505699157715,
      39.76081466674805,
      15.372519493103027,
      44.386497497558594,
      26.77545928955078,
      62.95610427856445,
      54.69878387451172,
      80.21160888671875,
      78.07884216308594,
      62.2265625,
      57.365726470947266
    ],
    [
      6.79006814956665,
      18.034500122070312,
      14.166501998901367,
      20.670677185058594,
      22.674495697021484,
      14.528889656066895,
      29.25229835510254,
      12.431361198425293,
      36.00965881347656,
      19.7356014251709,
      39.215877532958984,
      29.096336364746094,
      53.13945770263672,
      48.94512176513672,
      63.6411247253418,
      62.2265625,
      66.49549865722656,
      62.307796478271484
    ],
    [
      6.741480350494385,
      16.83649444580078,
      12.71235179901123,
      18.898134231567383,
      20.439002990722656,
      13.498695373535156,
      26.737459182739258,
      12.263801574707031,
      32.89113235473633,
      18.732131958007812,
      35.85451889038086,
      27.481826782226562,
      49.1129264831543,
      45.8702278137207,
      58.240230560302734,
      57.365726470947266,
      62.307796478271484,
      58.872493743896484
    ]
  ],
  "covariance_short": [
    [
      76.946533203125,
      44.68115234375,
      18.666227340698242,
      23.98112678527832,
      10.593868255615234,
      18.55408477783203,
      9.63951587677002,
      15.811528205871582,
      9.456746101379395,
      16.93821907043457,
      8.46996784210205,
      17.634063720703125,
      23.533727645874023,
      26.311838150024414,
      16.868331909179688,
      17.847230911254883,
      14.825851440429688,
      14.204726219177246
    ],
    [
      44.68115234375,
      62.28750991821289,
      16.577991485595703,
      26.882339477539062,
      13.450359344482422,
      20.68114471435547,
      10.603164672851562,
      15.98024845123291,
      11.835454940795898,
      16.773887634277344,
      12.517512321472168,
      19.506610870361328,
      23.41188621520996,
      28.71137809753418,
      18.893383026123047,
      22.41191291809082,
      18.91866683959961,
      17.84388542175293
    ],
    [
      18.666227340698242,
      16.577991485595703,
      27.489259719848633,
      16.202577590942383,
      18.438173294067383,
      12.027458190917969,
      13.741655349731445,
      9.880629539489746,
      16.32623291015625,
      14.240248680114746,
      14.275289535522461,
      14.05069637298584,
      19.5234432220459,
      18.32650375366211,
      21.8703670501709,
      21.215930938720703,
      15.114103317260742,
      13.905517578125
    ],
    [
      23.98112678527832,
      26.882339477539062,
      16.202577590942383,
      46.22060775756836,
      20.041200637817383,
      33.91030502319336,
      19.778207778930664,
      27.787288665771484,
      21.779735565185547,
      28.240501403808594,
      18.6595516204834,
      26.78049087524414,
      23.555418014526367,
      27.75969696044922,
      22.357746124267578,
      23.150375366210938,
      22.523134231567383,
      20.62798309326172
    ],
    [
      10.593868255615234,
      13.450359344482422,
      18.438173294067383,
      20.041200637817383,
      43.057334899902344,
      25.62672996520996,
      38.41569519042969,
      23.647300720214844,
      41.131568908691406,
      29.98155403137207,
      34.56178665161133,
      30.28156089782715,
      29.142465591430664,
      25.081329345703125,
      35.115074157714844,
      32.88532638549805,
      25.977935791015625,
      23.712453842163086
    ],
    [
      18.55408477783203,
      20.68114471435547,
      12.027458190917969,
      33.91030502319336,
      25.62672996520996,
      52.25882339477539,
      24.582429885864258,
      38.315269470214844,
      25.644235610961914,
      37.91935348510742,
      20.391918182373047,
      34.27408218383789,
      18.999446868896484,
      23.682403564453125,
      14.104789733886719,
      14.422608375549316,
      17.09496307373047,
      15.83781909942627
    ],
    [
      9.63951587677002,
      10.603164672851562,
      13.741655349731445,
      19.778207778930664,
      38.41569519042969,
      24.582429885864258,
      69.31580352783203,
      37.56045150756836,
      59.701377868652344,
      40.87188720703125,
      46.223140716552734,
      39.755584716796875,
      32.96722412109375,
      28.203125,
      39.79777526855469,
      37.92195510864258,
      30.820545196533203,
      28.55267333984375
    ],
    [
      15.811528205871582,
      15.98024845123291,
      9.880629539489746,
      27.787288665771484,
      23.647300720214844,
      38.315269470214844,
      37.56045150756836,
      55.405879974365234,
      32.19559860229492,
      43.722801208496094,
      23.812397003173828,
      38.07419204711914,
      16.553159713745117,
      21.12635040283203,
      9.543233871459961,
      10.212933540344238,
      14.48880672454834,
      13.826200485229492
    ],
    [
      9.456746101379395,
      11.835454940795898,
      16.32623291015625,
      21.779735565185547,
      41.131568908691406,
      25.644235610961914,
      59.701377868652344,
      32.19559860229492,
      86.46798706054688,
      53.24605941772461,
      69.49369049072266,
      55.647335052490234,
      50.52375030517578,
      43.395931243896484,
      55.27101516723633,
      52.541107177734375,
      42.907840728759766,
      39.74742889404297
    ],
    [
      16.93821907043457,
      16.773887634277344,
      14.240248680114746,
      28.240501403808594,
      29.98155403137207,
      37.91935348510742,
      40.87188720703125,
      43.722801208496094,
      53.24605941772461,
      59.31367492675781,
      42.420475006103516,
      51.49652862548828,
      32.406131744384766,
      34.561222076416016,
      25.99838638305664,
      26.022972106933594,
      25.943117141723633,
      24.580020904541016
    ],
    [
      8.46996784210205,
      12.517512321472168,
      14.275289535522461,
      18.6595516204834,
      34.56178665161133,
      20.391918182373047,
      46.223140716552734,
      23.812397003173828,
      69.49369049072266,
      42.420475006103516,
      87.29759979248047,
      63.955265045166016,
      61.9310302734375,
      52.364524841308594,
      64.6881332397461,
      61.288265228271484,
      48.98712921142578,
      45.2901611328125
    ],
    [
      17.634063720703125,
      19.506610870361328,
      14.05069637298584,
      26.78049087524414,
      30.28156089782715,
      34.27408218383789,
      39.755584716796875,
      38.07419204711914,
      55.647335052490234,
      51.49652862548828,
      63.955265045166016,
      70.82230377197266,
      48.853275299072266,
      49.439971923828125,
      41.46347427368164,
      41.31155776977539,
      37.42082595825195,
      35.46348571777344
    ],
    [
      23.533727645874023,
      23.41188621520996,
      19.5234432220459,
      23.555418014526367,
      29.142465591430664,
      18.999446868896484,
      32.96722412109375,
      16.553159713745117,
      50.52375030517578,
      32.406131744384766,
      61.9310302734375,
      48.853275299072266,
      97.48511505126953,
      82.04707336425781,
      98.98877716064453,
      92.56331634521484,
      73.47926330566406,
      68.73717498779297
    ],
    [
      26.311838150024414,
      28.71137809753418,
      18.32650375366211,
      27.75969696044922,
      25.081329345703125,
      23.682403564453125,
      28.203125,
      21.12635040283203,
      43.395931243896484,
      34.561222076416016,
      52.364524841308594,
      49.439971923828125,
      82.04707336425781,
      83.6381607055664,
      81.70722198486328,
      84.42443084716797,
      69.2768325805664,
      65.51985168457031
    ],
    [
      16.868331909179688,
      18.893383026123047,
      21.8703670501709,
      22.357746124267578,
      35.115074157714844,
      14.104789733886719,
      39.79777526855469,
      9.543233871459961,
      55.27101516723633,
      25.99838638305664,
      64.6881332397461,
      41.46347427368164,
      98.98877716064453,
      81.70722198486328,
      129.16390991210938,
      117.66232299804688,
      90.70818328857422,
      84.17814636230469
    ],
    [
      17.847230911254883,
      22.41191291809082,
      21.215930938720703,
      23.150375366210938,
      32.88532638549805,
      14.422608375549316,
      37.92195510864258,
      10.212933540344238,
      52.541107177734375,
      26.022972106933594,
      61.288265228271484,
      41.31155776977539,
      92.56331634521484,
      84.42443084716797,
      117.66232299804688,
      116.08301544189453,
      90.13690185546875,
      84.17011260986328
    ],
    [
      14.825851440429688,
      18.91866683959961,
      15.114103317260742,
      22.523134231567383,
      25.977935791015625,
      17.09496307373047,
      30.820545196533203,
      14.48880672454834,
      42.907840728759766,
      25.943117141723633,
      48.98712921142578,
      37.42082595825195,
      73.47926330566406,
      69.2768325805664,
      90.70818328857422,
      90.13690185546875,
      81.12281036376953,
      76.26669311523438
    ],
    [
      14.204726219177246,
      17.84388542175293,
      13.905517578125,
      20.62798309326172,
      23.712453842163086,
      15.83781909942627,
      28.55267333984375,
      13.826200485229492,
      39.74742889404297,
      24.580020904541016,
      45.2901611328125,
      35.46348571777344,
      68.73717498779297,
      65.51985168457031,
      84.17814636230469,
      84.17011260986328,
      76.26669311523438,
      72.35501861572266
    ]
  ],
  "drr": 15.635357856750488,
  "dynamics": 4.584325313568115,
  "format": 1245190,
  "frames": 11175936,
  "loudness": -16.74049949645996,
  "loudness_range": 13.264532089233398,
  "loudness_range_short": 16.3104248046875,
  "peak": -0.5513366460800171,
  "rms": -17.692230224609375,
  "sample_rate": 44100,
  "sections": 1,
  "seekable": 1,
  "sharpness": 3.4146816730499268,
  "space": -10.46870231628418
}