{
  "bands": [
    {
      "high_freq": 148.1999969482422,
      "loudness": -24.13652229309082,
      "loudness_range": 19.15418243408203,
      "mid_mean": -20.530019760131836,
      "mid_to_side_loudness": -12.024253845214844,
      "mid_to_side_loudness_range": 16.874696731567383,
      "side_mean": -34.106666564941406
    },
    {
      "high_freq": 392.3793640136719,
      "loudness": -25.15033721923828,
      "loudness_range": 15.129707336425781,
      "low_freq": 148.1999969482422,
      "mid_mean": -22.272611618041992,
      "mid_to_side_loudness": -7.641190052032471,
      "mid_to_side_loudness_range": 14.343442916870117,
      "side_mean": -30.516632080078125
    },
    {
      "high_freq": 794.6976318359375,
      "loudness": -25.423072814941406,
      "loudness_range": 16.14002227783203,
      "low_freq": 392.3793640136719,
      "mid_mean": -22.699832916259766,
      "mid_to_side_loudness": -7.940904140472412,
      "mid_to_side_loudness_range": 15.070202827453613,
      "side_mean": -31.25173568725586
    },
    {
      "high_freq": 1457.5709228515625,
      "loudness": -28.47454833984375,
      "loudness_range": 24.564048767089844,
      "low_freq": 794.6976318359375,
      "mid_mean": -25.670032501220703,
      "mid_to_side_loudness": -8.46767807006836,
      "mid_to_side_loudness_range": 18.937423706054688,
      "side_mean": -35.2251091003418
    },
    {
      "high_freq": 2549.74365234375,
      "loudness": -29.724288940429688,
      "loudness_range": 23.245590209960938,
      "low_freq": 1457.5709228515625,
      "mid_mean": -26.814739227294922,
      "mid_to_side_loudness": -9.8976469039917,
      "mid_to_side_loudness_range": 18.595046997070312,
      "side_mean": -37.529273986816406
    },
    {
      "high_freq": 4349.24462890625,
      "loudness": -31.207382202148438,
      "loudness_range": 23.951763153076172,
      "low_freq": 2549.74365234375,
      "mid_mean": -27.8088436126709,
      "mid_to_side_loudness": -13.306170463562012,
      "mid_to_side_loudness_range": 20.666961669921875,
      "side_mean": -42.991859436035156
    },
    {
      "high_freq": 7314.1640625,
      "loudness": -40.729915618896484,
      "loudness_range": 20.82862091064453,
      "low_freq": 4349.24462890625,
      "mid_mean": -37.535221099853516,
      "mid_to_side_loudness": -13.667198181152344,
      "mid_to_side_loudness_range": 20.9918270111084,
      "side_mean": -53.69758987426758
    },
    {
      "high_freq": 12199.2666015625,
      "loudness": -40.70163345336914,
      "loudness_range": 17.192190170288086,
      "low_freq": 7314.1640625,
      "mid_mean": -37.57829666137695,
      "mid_to_side_loudness": -14.754338264465332,
      "mid_to_side_loudness_range": 20.79848861694336,
      "side_mean": -55.45585250854492
    },
    {
      "loudness": -45.20280075073242,
      "loudness_range": 19.015018463134766,
      "low_freq": 12199.2666015625,
      "mid_mean": -42.32661056518555,
      "mid_to_side_loudness": -13.20532512664795,
      "mid_to_side_loudness_range": 18.845069885253906,
      "side_mean": -58.083648681640625
    }
  ],
  "bands_short": [
    {
      "high_freq": 148.1999969482422,
      "loudness": -27.482379913330078,
      "loudness_range": 25.805879592895508,
      "mid_mean": -24.127723693847656,
      "mid_to_side_loudness": -11.763867378234863,
      "mid_to_side_loudness_range": 18.40962028503418,
      "side_mean": -37.091129302978516
    },
    {
      "high_freq": 392.3793640136719,
      "loudness": -24.93044662475586,
      "loudness_range": 16.887062072753906,
      "low_freq": 148.1999969482422,
      "mid_mean": -22.075355529785156,
      "mid_to_side_loudness": -8.045187950134277,
      "mid_to_side_loudness_range": 16.159381866455078,
      "side_mean": -30.897768020629883
    },
    {
      "high_freq": 794.6976318359375,
      "loudness": -26.40912628173828,
      "loudness_range": 18.079660415649414,
      "low_freq": 392.3793640136719,
      "mid_mean": -23.950353622436523,
      "mid_to_side_loudness": -6.856533527374268,
      "mid_to_side_loudness_range": 16.582481384277344,
      "side_mean": -31.37701416015625
    },
    {
      "high_freq": 1457.5709228515625,
      "loudness": -29.224889755249023,
      "loudness_range": 26.176782608032227,
      "low_freq": 794.6976318359375,
      "mid_mean": -26.65604019165039,
      "mid_to_side_loudness": -7.630886077880859,
      "mid_to_side_loudness_range": 19.987548828125,
      "side_mean": -35.422996520996094
    },
    {
      "high_freq": 2549.74365234375,
      "loudness": -31.143972396850586,
      "loudness_range": 25.759931564331055,
      "low_freq": 1457.5709228515625,
      "mid_mean": -28.405437469482422,
      "mid_to_side_loudness": -8.961810111999512,
      "mid_to_side_loudness_range": 20.418052673339844,
      "side_mean": -38.37736892700195
    },
    {
      "high_freq": 4349.24462890625,
      "loudness": -32.755611419677734,
      "loudness_range": 26.6339111328125,
      "low_freq": 2549.74365234375,
      "mid_mean": -29.6411075592041,
      "mid_to_side_loudness": -12.37031364440918,
      "mid_to_side_loudness_range": 21.82171630859375,
      "side_mean": -43.894744873046875
    },
    {
      "high_freq": 7314.1640625,
      "loudness": -43.094085693359375,
      "loudness_range": 25.270177841186523,
      "low_freq": 4349.24462890625,
      "mid_mean": -40.13497543334961,
      "mid_to_side_loudness": -13.111014366149902,
      "mid_to_side_loudness_range": 21.94583511352539,
      "side_mean": -55.46184158325195
    },
    {
      "high_freq": 12199.2666015625,
      "loudness": -43.63561248779297,
      "loudness_range": 24.632596969604492,
      "low_freq": 7314.1640625,
      "mid_mean": -40.688819885253906,
      "mid_to_side_loudness": -14.257471084594727,
      "mid_to_side_loudness_range": 21.537696838378906,
      "side_mean": -57.50815963745117
    },
    {
      "loudness": -49.89333724975586,
      "loudness_range": 27.544506072998047,
      "low_freq": 12199.2666015625,
      "mid_mean": -49.582061767578125,
      "mid_to_side_loudness": -12.88574504852295,
      "mid_to_side_loudness_range": 20.19908905029297,
      "side_mean": -61.229042053222656
    }
  ],
  "channels": 2,
  "covariance": [
    [
      50.78211212158203,
      30.202993392944336,
      21.38335609436035,
      24.036420822143555,
      16.203378677368164,
      17.32572364807129,
      20.05281639099121,
      22.564516067504883,
      19.608171463012695,
      20.316938400268555,
      17.607433319091797,
      22.700817108154297,
      19.95123291015625,
      32.23927307128906,
      16.810123443603516,
      28.298856735229492,
      18.531402587890625,
      24.9082088470459
    ],
    [
      30.202993392944336,
      51.1400260925293,
      22.233240127563477,
      24.667102813720703,
      15.991386413574219,
      16.197254180908203,
      21.952861785888672,
      22.141454696655273,
      22.723421096801758,
      17.848560333251953,
      22.359052658081055,
      23.626482009887695,
      23.57305908203125,
      37.93424987792969,
      18.961082458496094,
      34.494483947753906,
      20.13426399230957,
      29.39409828186035
    ],
    [
      21.38335609436035,
      22.233240127563477,
      37.32382583618164,
      23.715656280517578,
      19.29215431213379,
      17.351011276245117,
      21.144878387451172,
      19.1419620513916,
      22.301599502563477,
      17.6041202545166,
      17.969144821166992,
      23.293840408325195,
      18.381452560424805,
      33.20513916015625,
      14.391425132751465,
      31.10165023803711,
      12.11986255645752,
      25.0435791015625
    ],
    [
      24.036420822143555,
      24.667102813720703,
      23.715656280517578,
      41.055912017822266,
      20.1346378326416,
      23.98381996154785,
      29.67959976196289,
      32.09517288208008,
      29.930700302124023,
      29.603336334228516,
      25.46316146850586,
      33.646446228027344,
      23.537208557128906,
      40.521427154541016,
      17.33684539794922,
      36.52634048461914,
      17.260995864868164,
      30.607711791992188
    ],
    [
      16.203378677368164,
      15.991386413574219,
      19.29215431213379,
      20.1346378326416,
      41.477867126464844,
      21.36528778076172,
      39.64299011230469,
      24.806297302246094,
      38.976402282714844,
      27.600191116333008,
      34.25711441040039,
      33.66752243041992,
      21.5470027923584,
      33.77857208251953,
      19.283864974975586,
      30.091060638427734,
      17.184139251708984,
      23.04867935180664
    ],
    [
      17.32572364807129,
      16.197254180908203,
      17.351011276245117,
      23.98381996154785,
      21.36528778076172,
      35.74237823486328,
      22.43815040588379,
      29.987173080444336,
      24.182788848876953,
      31.154661178588867,
      21.199527740478516,
      31.196855545043945,
      18.18932342529297,
      33.490291595458984,
      11.651106834411621,
      25.600223541259766,
      11.421773910522461,
      21.229467391967773
    ],
    [
      20.05281639099121,
      21.952861785888672,
      21.144878387451172,
      29.67959976196289,
      39.64299011230469,
      22.43815040588379,
      83.74197387695312,
      40.18855667114258,
      63.885005950927734,
      38.85301971435547,
      56.047515869140625,
      52.40944290161133,
      36.086456298828125,
      50.97905349731445,
      28.517629623413086,
      46.95384216308594,
      25.05976104736328,
      35.505638122558594
    ],
    [
      22.564516067504883,
      22.141454696655273,
      19.1419620513916,
      32.09517288208008,
      24.806297302246094,
      29.987173080444336,
      40.18855667114258,
      46.03150177001953,
      37.900386810302734,
      39.537696838378906,
      31.13736915588379,
      43.22859573364258,
      26.127365112304688,
      47.00162124633789,
      19.859363555908203,
      37.881446838378906,
      19.911090850830078,
      30.87849235534668
    ],
    [
      19.608171463012695,
      22.723421096801758,
      22.301599502563477,
      29.930700302124023,
      38.976402282714844,
      24.182788848876953,
      63.885005950927734,
      37.900386810302734,
      78.8644790649414,
      43.35738754272461,
      63.61421203613281,
      56.92507553100586,
      40.04378128051758,
      55.50209045410156,
      29.856761932373047,
      49.80501174926758,
      27.44457244873047,
      38.49876403808594
    ],
    [
      20.316938400268555,
      17.848560333251953,
      17.6041202545166,
      29.603336334228516,
      27.600191116333008,
      31.154661178588867,
      38.85301971435547,
      39.537696838378906,
      43.35738754272461,
      51.953060150146484,
      34.32257080078125,
      49.070213317871094,
      26.256467819213867,
      49.747310638427734,
      19.296749114990234,
      37.9227180480957,
      18.887189865112305,
      30.87518882751465
    ],
    [
      17.607433319091797,
      22.359052658081055,
      17.969144821166992,
      25.46316146850586,
      34.25711441040039,
      21.199527740478516,
      56.047515869140625,
      31.13736915588379,
      63.61421203613281,
      34.32257080078125,
      74.84075164794922,
      49.45316696166992,
      44.39153289794922,
      47.63817596435547,
      32.04747009277344,
      45.422027587890625,
      29.614885330200195,
      35.6196174621582
    ],
    [
      22.700817108154297,
      23.626482009887695,
      23.293840408325195,
      33.646446228027344,
      33.66752243041992,
      31.196855545043945,
      52.40944290161133,
      43.22859573364258,
      56.92507553100586,
      49.070213317871094,
      49.45316696166992,
      65.69406127929688,
      36.56159210205078,
      62.58653259277344,
      27.6175479888916,
      50.313018798828125,
      27.225231170654297,
      40.32627487182617
    ],
    [
      19.95123291015625,
      23.57305908203125,
      18.381452560424805,
      23.537208557128906,
      21.5470027923584,
      18.18932342529297,
      36.086456298828125,
      26.127365112304688,
      40.04378128051758,
      26.256467819213867,
      44.39153289794922,
      36.56159210205078,
      59.69130325317383,
      53.45088195800781,
      41.27496337890625,
      51.5369987487793,
      38.090030670166016,
      42.97410202026367
    ],
    [
      32.23927307128906,
      37.93424987792969,
      33.20513916015625,
      40.521427154541016,
      33.77857208251953,
      33.490291595458984,
      50.97905349731445,
      47.00162124633789,
      55.50209045410156,
      49.747310638427734,
      47.63817596435547,
      62.58653259277344,
      53.45088195800781,
      93.87102508544922,
      39.771339416503906,
      78.55902862548828,
      39.612091064453125,
      64.1351547241211
    ],
    [
      16.810123443603516,
      18.961082458496094,
      14.391425132751465,
      17.33684539794922,
      19.283864974975586,
      11.651106834411621,
      28.517629623413086,
      19.859363555908203,
      29.856761932373047,
      19.296749114990234,
      32.04747009277344,
      27.6175479888916,
      41.27496337890625,
      39.771339416503906,
      48.353973388671875,
      43.41281509399414,
      45.27911376953125,
      38.53349304199219
    ],
    [
      28.298856735229492,
      34.494483947753906,
      31.10165023803711,
      36.52634048461914,
      30.091060638427734,
      25.600223541259766,
      46.95384216308594,
      37.881446838378906,
      49.80501174926758,
      37.9227180480957,
      45.422027587890625,
      50.313018798828125,
      51.5369987487793,
      78.55902862548828,
      43.41281509399414,
      76.60684967041016,
      44.979644775390625,
      65.18570709228516
    ],
    [
      18.531402587890625,
      20.13426399230957,
      12.11986255645752,
      17.260995864868164,
      17.184139251708984,
      11.421773910522461,
      25.05976104736328,
      19.911090850830078,
      27.44457244873047,
      18.887189865112305,
      29.614885330200195,
      27.225231170654297,
      38.090030670166016,
      39.612091064453125,
      45.27911376953125,
      44.979644775390625,
      56.907554626464844,
      47.33588409423828
    ],
    [
      24.9082088470459,
      29.39409828186035,
      25.0435791015625,
      30.607711791992188,
      23.04867935180664,
      21.229467391967773,
      35.505638122558594,
      30.87849235534668,
      38.49876403808594,
      30.87518882751465,
      35.6196174621582,
      40.32627487182617,
      42.97410202026367,
      64.1351547241211,
      38.53349304199219,
      65.18570709228516,
      47.33588409423828,
      63.50593185424805
    ]
  ],
  "covariance_short": [
    [
      72.82181549072266,
      41.09891128540039,
      25.167959213256836,
      23.99357032775879,
      12.536772727966309,
      13.669072151184082,
      18.779348373413086,
      18.533287048339844,
      18.720603942871094,
      15.579407691955566,
      18.115684509277344,
      20.445602416992188,
      24.709760665893555,
      31.265127182006836,
      21.460453033447266,
      28.98459815979004,
      34.0099983215332,
      23.29551887512207
    ],
    [
      41.09891128540039,
      66.58550262451172,
      19.56768798828125,
      22.694320678710938,
      10.953375816345215,
      10.256023406982422,
      16.729562759399414,
      15.989775657653809,
      18.28498649597168,
      13.53928279876709,
      18.387187957763672,
      18.2746524810791,
      22.954483032226562,
      30.897314071655273,
      19.643007278442383,
      29.618385314941406,
      37.63496017456055,
      23.28529167175293
    ],
    [
      25.167959213256836,
      19.56768798828125,
      43.70151138305664,
      27.517471313476562,
      22.13910484313965,
      19.746536254882812,
      22.3148193359375,
      20.718984603881836,
      23.424650192260742,
      20.228513717651367,
      21.759777069091797,
      25.668058395385742,
      23.268692016601562,
      32.208290100097656,
      20.36296272277832,
      28.648334503173828,
      35.90593719482422,
      20.95450210571289
    ],
    [
      23.99357032775879,
      22.694320678710938,
      27.517471313476562,
      48.55011749267578,
      22.380578994750977,
      25.81288719177246,
      32.40996551513672,
      34.39088439941406,
      32.58323669433594,
      31.62079429626465,
      30.139209747314453,
      37.46000289916992,
      29.02170181274414,
      42.05962371826172,
      23.522876739501953,
      35.78273391723633,
      42.006282806396484,
      26.310941696166992
    ],
    [
      12.536772727966309,
      10.953375816345215,
      22.13910484313965,
      22.380578994750977,
      51.27669906616211,
      24.468425750732422,
      46.502281188964844,
      27.301509857177734,
      45.59054183959961,
      30.99480438232422,
      43.10603332519531,
      36.971885681152344,
      29.271223068237305,
      34.413429260253906,
      30.315185546875,
      29.785213470458984,
      38.194847106933594,
      19.615718841552734
    ],
    [
      13.669072151184082,
      10.256023406982422,
      19.746536254882812,
      25.81288719177246,
      24.468425750732422,
      39.20448684692383,
      24.239852905273438,
      31.7484130859375,
      25.963375091552734,
      33.94212341308594,
      22.2222900390625,
      33.11674118041992,
      24.0599422454834,
      33.9193115234375,
      18.89362144470215,
      25.564083099365234,
      26.1723690032959,
      19.693510055541992
    ],
    [
      18.779348373413086,
      16.729562759399414,
      22.3148193359375,
      32.40996551513672,
      46.502281188964844,
      24.239852905273438,
      94.40060424804688,
      42.77217102050781,
      71.74409484863281,
      42.577640533447266,
      67.8057632446289,
      55.375118255615234,
      45.1158332824707,
      50.45219039916992,
      42.64491653442383,
      45.04144287109375,
      57.51115417480469,
      30.61528778076172
    ],
    [
      18.533287048339844,
      15.989775657653809,
      20.718984603881836,
      34.39088439941406,
      27.301509857177734,
      31.7484130859375,
      42.77217102050781,
      50.59321212768555,
      39.32080841064453,
      42.63843536376953,
      34.05039978027344,
      46.114742279052734,
      32.47997283935547,
      48.05659103393555,
      26.48477554321289,
      37.538475036621094,
      38.929527282714844,
      28.306732177734375
    ],
    [
      18.720603942871094,
      18.28498649597168,
      23.424650192260742,
      32.58323669433594,
      45.59054183959961,
      25.963375091552734,
      71.74409484863281,
      39.32080841064453,
      94.29588317871094,
      47.43422317504883,
      78.16400146484375,
      59.99480438232422,
      54.1900520324707,
      55.835201263427734,
      45.97194290161133,
      49.09072494506836,
      60.8123664855957,
      33.80096435546875
    ],
    [
      15.579407691955566,
      13.53928279876709,
      20.228513717651367,
      31.62079429626465,
      30.99480438232422,
      33.94212341308594,
      42.577640533447266,
      42.63843536376953,
      47.43422317504883,
      58.06584548950195,
      39.153133392333984,
      53.71147918701172,
      36.14723205566406,
      53.27996063232422,
      28.78611946105957,
      40.054954528808594,
      37.76395797729492,
      30.602428436279297
    ],
    [
      18.115684509277344,
      18.387187957763672,
      21.759777069091797,
      30.139209747314453,
      43.10603332519531,
      22.2222900390625,
      67.8057632446289,
      34.05039978027344,
      78.16400146484375,
      39.153133392333984,
      95.08287048339844,
      54.56085205078125,
      60.283912658691406,
      51.259517669677734,
      52.20644760131836,
      48.34461975097656,
      61.632381439208984,
      33.99394226074219
    ],
    [
      20.445602416992188,
      18.2746524810791,
      25.668058395385742,
      37.46000289916992,
      36.971885681152344,
      33.11674118041992,
      55.375118255615234,
      46.114742279052734,
      59.99480438232422,
      53.71147918701172,
      54.56085205078125,
      73.40675354003906,
      46.4052848815918,
      66.0827407836914,
      38.39136505126953,
      52.753849029541016,
      54.145992279052734,
      39.40812683105469
    ],
    [
      24.709760665893555,
      22.954483032226562,
      23.268692016601562,
      29.02170181274414,
      29.271223068237305,
      24.0599422454834,
      45.1158332824707,
      32.47997283935547,
      54.1900520324707,
      36.14723205566406,
      60.283912658691406,
      46.4052848815918,
      82.29885864257812,
      63.67192459106445,
      62.99962615966797,
      60.35685348510742,
      72.48123931884766,
      49.096900939941406
    ],
    [
      31.265127182006836,
      30.897314071655273,
      32.208290100097656,
      42.05962371826172,
      34.413429260253906,
      33.9193115234375,
      50.45219039916992,
      48.05659103393555,
      55.835201263427734,
      53.27996063232422,
      51.259517669677734,
      66.0827407836914,
      63.67192459106445,
      97.09089660644531,
      51.99637222290039,
      78.60266876220703,
      77.1548843383789,
      60.83755111694336
    ],
    [
      21.460453033447266,
      19.643007278442383,
      20.36296272277832,
      23.522876739501953,
      30.315185546875,
      18.89362144470215,
      42.64491653442383,
      26.48477554321289,
      45.97194290161133,
      28.78611946105957,
      52.20644760131836,
      38.39136505126953,
      62.99962615966797,
      51.99637222290039,
      76.6565170288086,
      56.941375732421875,
      74.56904602050781,
      47.836639404296875
    ],
    [
      28.98459815979004,
      29.618385314941406,
      28.648334503173828,
      35.78273391723633,
      29.785213470458984,
      25.564083099365234,
      45.04144287109375,
      37.538475036621094,
      49.09072494506836,
      40.054954528808594,
      48.34461975097656,
      52.753849029541016,
      60.35685348510742,
      78.60266876220703,
      56.941375732421875,
      77.17328643798828,
      82.46135711669922,
      61.346290588378906
    ],
    [
      34.0099983215332,
      37.63496017456055,
      35.90593719482422,
      42.006282806396484,
      38.194847106933594,
      26.1723690032959,
      57.51115417480469,
      38.929527282714844,
      60.8123664855957,
      37.76395797729492,
      61.632381439208984,
      54.145992279052734,
      72.48123931884766,
      77.1548843383789,
      74.56904602050781,
      82.46135711669922,
      124.11369323730469,
      70.1098861694336
    ],
    [
      23.29551887512207,
      23.28529167175293,
      20.95450210571289,
      26.310941696166992,
      19.615718841552734,
      19.693510055541992,
      30.61528778076172,
      28.306732177734375,
      33.80096435546875,
      30.602428436279297,
      33.99394226074219,
      39.40812683105469,
      49.096900939941406,
      60.83755111694336,
      47.836639404296875,
      61.346290588378906,
      70.1098861694336,
      58.41160583496094
    ]
  ],
  "drr": 16.57343292236328,
  "dynamics": 4.940720558166504,
  "format": 1245190,
  "frames": 10088448,
  "loudness": -13.368697166442871,
  "loudness_range": 15.26133918762207,
  "loudness_range_short": 17.50196647644043,
  "peak": 0.4190962612628937,
  "rms": -14.044938087463379,
  "sample_rate": 44100,
  "sections": 1,
  "seekable": 1,
  "sharpness": 3.076242208480835,
  "space": -10.265851974487305
}