{
  "bands": [
    {
      "high_freq": 148.1999969482422,
      "loudness": -40.30469512939453,
      "loudness_range": 20.1470890045166,
      "mid_mean": -36.95500946044922,
      "mid_to_side_loudness": -12.102002143859863,
      "mid_to_side_loudness_range": 7.1880059242248535,
      "side_mean": -49.875755310058594
    },
    {
      "high_freq": 392.3793640136719,
      "loudness": -30.1420955657959,
      "loudness_range": 18.24761390686035,
      "low_freq": 148.1999969482422,
      "mid_mean": -26.95460319519043,
      "mid_to_side_loudness": -11.07380485534668,
      "mid_to_side_loudness_range": 11.869302749633789,
      "side_mean": -38.36997604370117
    },
    {
      "high_freq": 794.6976318359375,
      "loudness": -31.37171745300293,
      "loudness_range": 21.830257415771484,
      "low_freq": 392.3793640136719,
      "mid_mean": -28.85103988647461,
      "mid_to_side_loudness": -6.701742172241211,
      "mid_to_side_loudness_range": 14.385140419006348,
      "side_mean": -36.1165771484375
    },
    {
      "high_freq": 1457.5709228515625,
      "loudness": -37.782508850097656,
      "loudness_range": 26.550870895385742,
      "low_freq": 794.6976318359375,
      "mid_mean": -36.56160354614258,
      "mid_to_side_loudness": -2.79960298538208,
      "mid_to_side_loudness_range": 16.3596248626709,
      "side_mean": -40.14357376098633
    },
    {
      "high_freq": 2549.74365234375,
      "loudness": -43.347721099853516,
      "loudness_range": 31.29259490966797,
      "low_freq": 1457.5709228515625,
      "mid_mean": -41.975643157958984,
      "mid_to_side_loudness": -4.669288158416748,
      "mid_to_side_loudness_range": 21.680416107177734,
      "side_mean": -47.40289306640625
    },
    {
      "high_freq": 4349.24462890625,
      "loudness": -46.54425811767578,
      "loudness_range": 31.98484992980957,
      "low_freq": 2549.74365234375,
      "mid_mean": -46.755104064941406,
      "mid_to_side_loudness": -8.861217498779297,
      "mid_to_side_loudness_range": 19.824033737182617,
      "side_mean": -57.322078704833984
    },
    {
      "high_freq": 7314.1640625,
      "loudness": -55.88663101196289,
      "loudness_range": 36.2102165222168,
      "low_freq": 4349.24462890625,
      "mid_mean": -57.40113830566406,
      "mid_to_side_loudness": -7.14817476272583,
      "mid_to_side_loudness_range": 13.137313842773438,
      "side_mean": -63.0928840637207
    },
    {
      "high_freq": 12199.2666015625,
      "loudness": -50.052494049072266,
      "loudness_range": 32.11643981933594,
      "low_freq": 7314.1640625,
      "mid_mean": -56.10348892211914,
      "mid_to_side_loudness": -4.621834754943848,
      "mid_to_side_loudness_range": 7.4482221603393555,
      "side_mean": -59.99148178100586
    },
    {
      "loudness": -64.46968078613281,
      "loudness_range": 32.59306716918945,
      "low_freq": 12199.2666015625,
      "mid_mean": -61.97319793701172,
      "mid_to_side_loudness": -2.0179598331451416,
      "mid_to_side_loudness_range": 2.963824987411499,
      "side_mean": -63.400814056396484
    }
  ],
  "bands_short": [
    {
      "high_freq": 148.1999969482422,
      "loudness": -43.13960266113281,
      "loudness_range": 23.84143829345703,
      "mid_mean": -39.886932373046875,
      "mid_to_side_loudness": -12.078250885009766,
      "mid_to_side_loudness_range": 9.748428344726562,
      "side_mean": -52.582706451416016
    },
    {
      "high_freq": 392.3793640136719,
      "loudness": -31.04275131225586,
      "loudness_range": 19.160362243652344,
      "low_freq": 148.1999969482422,
      "mid_mean": -27.87958335876465,
      "mid_to_side_loudness": -10.568892478942871,
      "mid_to_side_loudness_range": 13.070184707641602,
      "side_mean": -38.90199279785156
    },
    {
      "high_freq": 794.6976318359375,
      "loudness": -32.43517303466797,
      "loudness_range": 23.783687591552734,
      "low_freq": 392.3793640136719,
      "mid_mean": -30.041194915771484,
      "mid_to_side_loudness": -6.591001033782959,
      "mid_to_side_loudness_range": 15.709019660949707,
      "side_mean": -37.216880798339844
    },
    {
      "high_freq": 1457.5709228515625,
      "loudness": -37.43784713745117,
      "loudness_range": 26.695232391357422,
      "low_freq": 794.6976318359375,
      "mid_mean": -36.21879196166992,
      "mid_to_side_loudness": -2.8072574138641357,
      "mid_to_side_loudness_range": 14.687896728515625,
      "side_mean": -39.574851989746094
    },
    {
      "high_freq": 2549.74365234375,
      "loudness": -44.64226531982422,
      "loudness_range": 31.34720230102539,
      "low_freq": 1457.5709228515625,
      "mid_mean": -43.63432693481445,
      "mid_to_side_loudness": -4.096949100494385,
      "mid_to_side_loudness_range": 21.135656356811523,
      "side_mean": -48.713687896728516
    },
    {
      "high_freq": 4349.24462890625,
      "loudness": -48.30644226074219,
      "loudness_range": 33.485511779785156,
      "low_freq": 2549.74365234375,
      "mid_mean": -50.928199768066406,
      "mid_to_side_loudness": -8.312736511230469,
      "mid_to_side_loudness_range": 20.156707763671875,
      "side_mean": -58.28754806518555
    },
    {
      "high_freq": 7314.1640625,
      "loudness": -57.924827575683594,
      "loudness_range": 33.203468322753906,
      "low_freq": 4349.24462890625,
      "mid_mean": -59.05177307128906,
      "mid_to_side_loudness": -6.666180610656738,
      "mid_to_side_loudness_range": 14.042276382446289,
      "side_mean": -64.15357971191406
    },
    {
      "high_freq": 12199.2666015625,
      "loudness": -51.46342468261719,
      "loudness_range": 29.285015106201172,
      "low_freq": 7314.1640625,
      "mid_mean": -57.602272033691406,
      "mid_to_side_loudness": -4.387900352478027,
      "mid_to_side_loudness_range": 7.665531635284424,
      "side_mean": -61.189579010009766
    },
    {
      "loudness": -66.4808349609375,
      "loudness_range": 30.291744232177734,
      "low_freq": 12199.2666015625,
      "mid_mean": -63.00453186035156,
      "mid_to_side_loudness": -1.873828649520874,
      "mid_to_side_loudness_range": 3.3518478870391846,
      "side_mean": -64.2647705078125
    }
  ],
  "channels": 2,
  "covariance": [
    [
      52.48697280883789,
      43.64510726928711,
      15.745988845825195,
      20.671302795410156,
      17.104005813598633,
      21.42778968811035,
      18.722702026367188,
      18.974077224731445,
      18.185871124267578,
      22.909591674804688,
      14.196340560913086,
      24.391326904296875,
      13.811016082763672,
      10.652030944824219,
      7.926137447357178,
      6.7353949546813965,
      5.133031368255615,
      4.747535228729248
    ],
    [
      43.64510726928711,
      51.67284393310547,
      12.159562110900879,
      16.287832260131836,
      14.60902214050293,
      17.667112350463867,
      15.858785629272461,
      16.28899574279785,
      15.499785423278809,
      21.403596878051758,
      11.887073516845703,
      26.468461990356445,
      17.5957088470459,
      12.261013984680176,
      13.22330379486084,
      10.465333938598633,
      7.9871673583984375,
      7.066710948944092
    ],
    [
      15.745988845825195,
      12.159562110900879,
      44.01313781738281,
      30.561805725097656,
      37.01152038574219,
      25.266647338867188,
      36.6517448425293,
      26.832910537719727,
      37.180965423583984,
      34.227378845214844,
      33.88235855102539,
      33.99847412109375,
      34.18074035644531,
      19.946075439453125,
      43.95094680786133,
      34.9075813293457,
      27.46183967590332,
      23.20466423034668
    ],
    [
      20.671302795410156,
      16.287832260131836,
      30.561805725097656,
      38.77307891845703,
      31.391202926635742,
      34.09095764160156,
      28.979732513427734,
      33.105403900146484,
      24.726348876953125,
      38.65946960449219,
      15.297911643981934,
      29.47261619567871,
      15.856746673583984,
      11.08952522277832,
      15.03444766998291,
      11.505376815795898,
      8.527033805847168,
      7.188624858856201
    ],
    [
      17.104005813598633,
      14.60902214050293,
      37.01152038574219,
      31.391202926635742,
      65.07803344726562,
      42.46568298339844,
      61.75849151611328,
      43.313175201416016,
      63.80089569091797,
      58.79375457763672,
      53.4610481262207,
      56.59921646118164,
      42.54909896850586,
      29.686466217041016,
      44.23637008666992,
      37.248870849609375,
      31.335901260375977,
      27.385526657104492
    ],
    [
      21.42778968811035,
      17.667112350463867,
      25.266647338867188,
      34.09095764160156,
      42.46568298339844,
      53.88835525512695,
      37.13703536987305,
      45.024688720703125,
      30.461416244506836,
      50.06790542602539,
      15.517409324645996,
      40.009708404541016,
      9.98121166229248,
      10.482142448425293,
      2.2863481044769287,
      2.7129127979278564,
      1.5638529062271118,
      1.6498291492462158
    ],
    [
      18.722702026367188,
      15.858785629272461,
      36.6517448425293,
      28.979732513427734,
      61.75849151611328,
      37.13703536987305,
      89.09941101074219,
      47.58897018432617,
      85.10820007324219,
      64.56938171386719,
      72.71366882324219,
      62.940364837646484,
      51.62053298950195,
      34.374019622802734,
      54.45423889160156,
      46.10548400878906,
      40.01089859008789,
      35.10882568359375
    ],
    [
      18.974077224731445,
      16.28899574279785,
      26.832910537719727,
      33.105403900146484,
      43.313175201416016,
      45.024688720703125,
      47.58897018432617,
      55.531715393066406,
      39.96403121948242,
      57.09545135498047,
      25.19217872619629,
      43.76289367675781,
      13.297472953796387,
      12.799869537353516,
      4.970827102661133,
      4.961231231689453,
      4.379731178283691,
      4.090920925140381
    ],
    [
      18.185871124267578,
      15.499785423278809,
      37.180965423583984,
      24.726348876953125,
      63.80089569091797,
      30.461416244506836,
      85.10820007324219,
      39.96403121948242,
      118.51026916503906,
      68.44577026367188,
      111.33380889892578,
      84.89617919921875,
      82.5025405883789,
      55.0931396484375,
      80.55843353271484,
      67.24124145507812,
      57.891014099121094,
      50.97323989868164
    ],
    [
      22.909591674804688,
      21.403596878051758,
      34.227378845214844,
      38.65946960449219,
      58.79375457763672,
      50.06790542602539,
      64.56938171386719,
      57.09545135498047,
      68.44577026367188,
      85.64988708496094,
      53.08250045776367,
      70.84213256835938,
      31.661226272583008,
      27.94870376586914,
      18.895498275756836,
      17.227466583251953,
      14.828413009643555,
      13.537808418273926
    ],
    [
      14.196340560913086,
      11.887073516845703,
      33.88235855102539,
      15.297911643981934,
      53.4610481262207,
      15.517409324645996,
      72.71366882324219,
      25.19217872619629,
      111.33380889892578,
      53.08250045776367,
      159.34999084472656,
      96.19877624511719,
      125.9707260131836,
      80.03721618652344,
      123.08284759521484,
      99.57594299316406,
      81.97953796386719,
      71.2328872680664
    ],
    [
      24.391326904296875,
      26.468461990356445,
      33.99847412109375,
      29.47261619567871,
      56.59921646118164,
      40.009708404541016,
      62.940364837646484,
      43.76289367675781,
      84.89617919921875,
      70.84213256835938,
      96.19877624511719,
      97.98290252685547,
      77.85367584228516,
      57.358280181884766,
      62.80143737792969,
      51.97931671142578,
      43.46879577636719,
      38.37786865234375
    ],
    [
      13.811016082763672,
      17.5957088470459,
      34.18074035644531,
      15.856746673583984,
      42.54909896850586,
      9.98121166229248,
      51.62053298950195,
      13.297472953796387,
      82.5025405883789,
      31.661226272583008,
      125.9707260131836,
      77.85367584228516,
      142.61148071289062,
      91.07158660888672,
      144.28318786621094,
      115.54571533203125,
      94.00880432128906,
      81.33847045898438
    ],
    [
      10.652030944824219,
      12.261013984680176,
      19.946075439453125,
      11.08952522277832,
      29.686466217041016,
      10.482142448425293,
      34.374019622802734,
      12.799869537353516,
      55.0931396484375,
      27.94870376586914,
      80.03721618652344,
      57.358280181884766,
      91.07158660888672,
      66.45636749267578,
      83.06401824951172,
      69.12992858886719,
      57.485511779785156,
      50.730751037597656
    ],
    [
      7.926137447357178,
      13.22330379486084,
      43.95094680786133,
      15.03444766998291,
      44.23637008666992,
      2.2863481044769287,
      54.45423889160156,
      4.970827102661133,
      80.55843353271484,
      18.895498275756836,
      123.08284759521484,
      62.80143737792969,
      144.28318786621094,
      83.06401824951172,
      180.54234313964844,
      143.19473266601562,
      113.99958801269531,
      97.54721069335938
    ],
    [
      6.7353949546813965,
      10.465333938598633,
      34.9075813293457,
      11.505376815795898,
      37.248870849609375,
      2.7129127979278564,
      46.10548400878906,
      4.961231231689453,
      67.24124145507812,
      17.227466583251953,
      99.57594299316406,
      51.97931671142578,
      115.54571533203125,
      69.12992858886719,
      143.19473266601562,
      115.76190948486328,
      92.8873291015625,
      80.11402893066406
    ],
    [
      5.133031368255615,
      7.9871673583984375,
      27.46183967590332,
      8.527033805847168,
      31.335901260375977,
      1.5638529062271118,
      40.01089859008789,
      4.379731178283691,
      57.891014099121094,
      14.828413009643555,
      81.97953796386719,
      43.46879577636719,
      94.00880432128906,
      57.485511779785156,
      113.99958801269531,
      92.8873291015625,
      78.70874786376953,
      68.25615692138672
    ],
    [
      4.747535228729248,
      7.066710948944092,
      23.20466423034668,
      7.188624858856201,
      27.385526657104492,
      1.6498291492462158,
      35.10882568359375,
      4.090920925140381,
      50.97323989868164,
      13.537808418273926,
      71.2328872680664,
      38.37786865234375,
      81.33847045898438,
      50.730751037597656,
      97.54721069335938,
      80.11402893066406,
      68.25615692138672,
      59.597999572753906
    ]
  ],
  "covariance_short": [
    [
      72.62421417236328,
      56.775787353515625,
      19.10915756225586,
      21.706113815307617,
      20.11443519592285,
      21.98506736755371,
      16.57093620300293,
      17.0811710357666,
      17.94660758972168,
      23.93754768371582,
      27.755775451660156,
      23.607606887817383,
      13.88290786743164,
      9.018056869506836,
      9.750143051147461,
      7.38401460647583,
      5.424747467041016,
      4.677535533905029
    ],
    [
      56.775787353515625,
      60.115928649902344,
      13.555293083190918,
      16.025842666625977,
      15.60033893585205,
      16.833951950073242,
      14.317716598510742,
      14.802435874938965,
      15.55250358581543,
      18.732494354248047,
      27.296382904052734,
      22.20907974243164,
      13.535680770874023,
      8.273506164550781,
      10.675731658935547,
      7.94126033782959,
      5.780764102935791,
      4.935486316680908
    ],
    [
      19.10915756225586,
      13.555293083190918,
      48.83305358886719,
      32.51151657104492,
      39.443092346191406,
      29.59878921508789,
      33.288047790527344,
      26.334739685058594,
      35.093021392822266,
      37.83102035522461,
      45.11865997314453,
      30.7220458984375,
      25.905410766601562,
      13.731391906738281,
      34.32945251464844,
      26.44717025756836,
      19.5040340423584,
      16.042821884155273
    ],
    [
      21.706113815307617,
      16.025842666625977,
      32.51151657104492,
      41.773277282714844,
      34.97427749633789,
      35.61404800415039,
      30.86935043334961,
      32.94752502441406,
      27.50860595703125,
      42.896949768066406,
      32.56109619140625,
      28.573387145996094,
      15.501385688781738,
      10.351252555847168,
      14.822994232177734,
      11.131340980529785,
      8.627201080322266,
      7.177918910980225
    ],
    [
      20.11443519592285,
      15.60033893585205,
      39.443092346191406,
      34.97427749633789,
      77.8035659790039,
      48.25128936767578,
      67.05667877197266,
      45.521514892578125,
      70.74332427978516,
      66.93834686279297,
      73.64900207519531,
      58.52754592895508,
      42.38656234741211,
      26.837818145751953,
      46.443092346191406,
      37.48960876464844,
      29.696252822875977,
      25.35727310180664
    ],
    [
      21.98506736755371,
      16.833951950073242,
      29.59878921508789,
      35.61404800415039,
      48.25128936767578,
      57.202938079833984,
      43.12649917602539,
      46.53078079223633,
      35.64229202270508,
      56.295692443847656,
      35.3807373046875,
      40.69717025756836,
      13.069716453552246,
      11.859456062316895,
      6.681623935699463,
      5.847098350524902,
      4.42312479019165,
      3.946845769882202
    ],
    [
      16.57093620300293,
      14.317716598510742,
      33.288047790527344,
      30.86935043334961,
      67.05667877197266,
      43.12649917602539,
      92.49654388427734,
      53.58260726928711,
      85.0828857421875,
      70.36504364013672,
      79.1777114868164,
      64.34144592285156,
      43.231197357177734,
      28.616119384765625,
      44.96056365966797,
      37.7336311340332,
      31.83272933959961,
      27.71121597290039
    ],
    [
      17.0811710357666,
      14.802435874938965,
      26.334739685058594,
      32.94752502441406,
      45.521514892578125,
      46.53078079223633,
      53.58260726928711,
      58.5307502746582,
      44.301753997802734,
      60.905460357666016,
      38.19588851928711,
      44.56547164916992,
      13.797440528869629,
      13.291460990905762,
      5.887482643127441,
      5.6709465980529785,
      5.286252498626709,
      4.8342180252075195
    ],
    [
      17.94660758972168,
      15.55250358581543,
      35.093021392822266,
      27.50860595703125,
      70.74332427978516,
      35.64229202270508,
      85.0828857421875,
      44.301753997802734,
      123.17021179199219,
      74.55853271484375,
      120.8840560913086,
      85.96781158447266,
      78.32081604003906,
      49.9745979309082,
      76.64955139160156,
      62.57954025268555,
      51.626583099365234,
      45.01262664794922
    ],
    [
      23.93754768371582,
      18.732494354248047,
      37.83102035522461,
      42.896949768066406,
      66.93834686279297,
      56.295692443847656,
      70.36504364013672,
      60.905460357666016,
      74.55853271484375,
      94.39788818359375,
      75.86094665527344,
      73.29122161865234,
      36.20882034301758,
      28.90676498413086,
      26.465341567993164,
      22.403076171875,
      18.68952751159668,
      16.535457611083984
    ],
    [
      27.755775451660156,
      27.296382904052734,
      45.11865997314453,
      32.56109619140625,
      73.64900207519531,
      35.3807373046875,
      79.1777114868164,
      38.19588851928711,
      120.8840560913086,
      75.86094665527344,
      192.5072784423828,
      115.90563201904297,
      133.11766052246094,
      78.94738006591797,
      134.1462860107422,
      104.12666320800781,
      82.72157287597656,
      70.77452850341797
    ],
    [
      23.607606887817383,
      22.20907974243164,
      30.7220458984375,
      28.573387145996094,
      58.52754592895508,
      40.69717025756836,
      64.34144592285156,
      44.56547164916992,
      85.96781158447266,
      73.29122161865234,
      115.90563201904297,
      94.39546203613281,
      72.5164566040039,
      51.71462631225586,
      59.953453063964844,
      49.07099151611328,
      40.365875244140625,
      35.4957389831543
    ],
    [
      13.88290786743164,
      13.535680770874023,
      25.905410766601562,
      15.501385688781738,
      42.38656234741211,
      13.069716453552246,
      43.231197357177734,
      13.797440528869629,
      78.32081604003906,
      36.20882034301758,
      133.11766052246094,
      72.5164566040039,
      123.71256256103516,
      75.41600036621094,
      124.9804458618164,
      98.66241455078125,
      79.15253448486328,
      68.28495025634766
    ],
    [
      9.018056869506836,
      8.273506164550781,
      13.731391906738281,
      10.351252555847168,
      26.837818145751953,
      11.859456062316895,
      28.616119384765625,
      13.291460990905762,
      49.9745979309082,
      28.90676498413086,
      78.94738006591797,
      51.71462631225586,
      75.41600036621094,
      53.98916244506836,
      68.0688705444336,
      56.20990753173828,
      46.232601165771484,
      40.797542572021484
    ],
    [
      9.750143051147461,
      10.675731658935547,
      34.32945251464844,
      14.822994232177734,
      46.443092346191406,
      6.681623935699463,
      44.96056365966797,
      5.887482643127441,
      76.64955139160156,
      26.465341567993164,
      134.1462860107422,
      59.953453063964844,
      124.9804458618164,
      68.0688705444336,
      161.678466796875,
      126.53742980957031,
      98.27827453613281,
      83.77033233642578
    ],
    [
      7.38401460647583,
      7.94126033782959,
      26.44717025756836,
      11.131340980529785,
      37.48960876464844,
      5.847098350524902,
      37.7336311340332,
      5.6709465980529785,
      62.57954025268555,
      22.403076171875,
      104.12666320800781,
      49.07099151611328,
      98.66241455078125,
      56.20990753173828,
      126.53742980957031,
      101.25821685791016,
      79.2386245727539,
      68.1630859375
    ],
    [
      5.424747467041016,
      5.780764102935791,
      19.5040340423584,
      8.627201080322266,
      29.696252822875977,
      4.42312479019165,
      31.83272933959961,
      5.286252498626709,
      51.626583099365234,
      18.68952751159668,
      82.72157287597656,
      40.365875244140625,
      79.15253448486328,
      46.232601165771484,
      98.27827453613281,
      79.2386245727539,
      67.5274887084961,
      58.30891036987305
    ],
    [
      4.677535533905029,
      4.935486316680908,
      16.042821884155273,
      7.177918910980225,
      25.35727310180664,
      3.946845769882202,
      27.71121597290039,
      4.8342180252075195,
      45.01262664794922,
      16.535457611083984,
      70.77452850341797,
      35.4957389831543,
      68.28495025634766,
      40.797542572021484,
      83.77033233642578,
      68.1630859375,
      58.30891036987305,
      50.79069519042969
    ]
  ],
  "drr": 13.875639915466309,
  "dynamics": 5.432626247406006,
  "format": 1245190,
  "frames": 8282112,
  "loudness": -21.3328914642334,
  "loudness_range": 17.02855682373047,
  "loudness_range_short": 18.833192825317383,
  "peak": -0.895859956741333,
  "rms": -21.737207412719727,
  "sample_rate": 44100,
  "sections": 1,
  "seekable": 1,
  "sharpness": 3.151073455810547,
  "space": -9.228583335876465
}