{
  "bands": [
    {
      "high_freq": 148.1999969482422,
      "loudness": -35.04362869262695,
      "loudness_range": 20.70655632019043,
      "mid_mean": -31.339496612548828,
      "mid_to_side_loudness": 0,
      "mid_to_side_loudness_range": 0,
      "side_mean": -70
    },
    {
      "high_freq": 392.3793640136719,
      "loudness": -26.39164924621582,
      "loudness_range": 15.958549499511719,
      "low_freq": 148.1999969482422,
      "mid_mean": -22.69000244140625,
      "mid_to_side_loudness": 0,
      "mid_to_side_loudness_range": 0,
      "side_mean": -70
    },
    {
      "high_freq": 794.6976318359375,
      "loudness": -28.764026641845703,
      "loudness_range": 21.552947998046875,
      "low_freq": 392.3793640136719,
      "mid_mean": -25.062089920043945,
      "mid_to_side_loudness": 0,
      "mid_to_side_loudness_range": 0,
      "side_mean": -70
    },
    {
      "high_freq": 1457.5709228515625,
      "loudness": -34.83306121826172,
      "loudness_range": 23.586275100708008,
      "low_freq": 794.6976318359375,
      "mid_mean": -31.135990142822266,
      "mid_to_side_loudness": 0,
      "mid_to_side_loudness_range": 0,
      "side_mean": -70
    },
    {
      "high_freq": 2549.74365234375,
      "loudness": -41.07931900024414,
      "loudness_range": 21.48982048034668,
      "low_freq": 1457.5709228515625,
      "mid_mean": -37.40140914916992,
      "mid_to_side_loudness": -49.150001525878906,
      "mid_to_side_loudness_range": 52.20928955078125,
      "side_mean": -69.99996948242188
    },
    {
      "high_freq": 4349.24462890625,
      "loudness": -40.52847671508789,
      "loudness_range": 23.395219802856445,
      "low_freq": 2549.74365234375,
      "mid_mean": -36.88255310058594,
      "mid_to_side_loudness": 0,
      "mid_to_side_loudness_range": 0,
      "side_mean": -70
    },
    {
      "high_freq": 7314.1640625,
      "loudness": -42.28353500366211,
      "loudness_range": 24.822641372680664,
      "low_freq": 4349.24462890625,
      "mid_mean": -38.69694900512695,
      "mid_to_side_loudness": -54.248382568359375,
      "mid_to_side_loudness_range": 61.88594055175781,
      "side_mean": -69.99983215332031
    },
    {
      "high_freq": 12199.2666015625,
      "loudness": -52.514404296875,
      "loudness_range": 27.160411834716797,
      "low_freq": 7314.1640625,
      "mid_mean": -50.26942825317383,
      "mid_to_side_loudness": -49.4716796875,
      "mid_to_side_loudness_range": 58.070186614990234,
      "side_mean": -69.99995422363281
    },
    {
      "loudness": -60.12839126586914,
      "loudness_range": 24.824172973632812,
      "low_freq": 12199.2666015625,
      "mid_mean": -55.98307800292969,
      "mid_to_side_loudness": -42.3668098449707,
      "mid_to_side_loudness_range": 44.609130859375,
      "side_mean": -69.99996948242188
    }
  ],
  "bands_short": [
    {
      "high_freq": 148.1999969482422,
      "loudness": -38.926307678222656,
      "loudness_range": 24.61906623840332,
      "mid_mean": -35.223880767822266,
      "mid_to_side_loudness": 0,
      "mid_to_side_loudness_range": 0,
      "side_mean": -70
    },
    {
      "high_freq": 392.3793640136719,
      "loudness": -27.749967575073242,
      "loudness_range": 20.260055541992188,
      "low_freq": 148.1999969482422,
      "mid_mean": -24.05234718322754,
      "mid_to_side_loudness": 0,
      "mid_to_side_loudness_range": 0,
      "side_mean": -70
    },
    {
      "high_freq": 794.6976318359375,
      "loudness": -29.600393295288086,
      "loudness_range": 24.35190773010254,
      "low_freq": 392.3793640136719,
      "mid_mean": -25.899574279785156,
      "mid_to_side_loudness": 0,
      "mid_to_side_loudness_range": 0,
      "side_mean": -70
    },
    {
      "high_freq": 1457.5709228515625,
      "loudness": -36.05424118041992,
      "loudness_range": 26.233566284179688,
      "low_freq": 794.6976318359375,
      "mid_mean": -32.35556411743164,
      "mid_to_side_loudness": 0,
      "mid_to_side_loudness_range": 0,
      "side_mean": -70
    },
    {
      "high_freq": 2549.74365234375,
      "loudness": -42.53937911987305,
      "loudness_range": 23.79259490966797,
      "low_freq": 1457.5709228515625,
      "mid_mean": -38.92329025268555,
      "mid_to_side_loudness": -47.792484283447266,
      "mid_to_side_loudness_range": 53.836551666259766,
      "side_mean": -69.99996948242188
    },
    {
      "high_freq": 4349.24462890625,
      "loudness": -42.1070671081543,
      "loudness_range": 26.431411743164062,
      "low_freq": 2549.74365234375,
      "mid_mean": -38.48407745361328,
      "mid_to_side_loudness": 0,
      "mid_to_side_loudness_range": 0,
      "side_mean": -70
    },
    {
      "high_freq": 7314.1640625,
      "loudness": -43.87058639526367,
      "loudness_range": 26.467037200927734,
      "low_freq": 4349.24462890625,
      "mid_mean": -40.64952850341797,
      "mid_to_side_loudness": -49.540443420410156,
      "mid_to_side_loudness_range": 13.313129425048828,
      "side_mean": -69.99983978271484
    },
    {
      "high_freq": 12199.2666015625,
      "loudness": -54.488399505615234,
      "loudness_range": 29.66876983642578,
      "low_freq": 7314.1640625,
      "mid_mean": -52.07967758178711,
      "mid_to_side_loudness": -44.63993835449219,
      "mid_to_side_loudness_range": 17.676063537597656,
      "side_mean": -69.99995422363281
    },
    {
      "loudness": -61.84557342529297,
      "loudness_range": 23.58191680908203,
      "low_freq": 12199.2666015625,
      "mid_mean": -57.541481018066406,
      "mid_to_side_loudness": -36.603271484375,
      "mid_to_side_loudness_range": 14.774150848388672,
      "side_mean": -69.99996948242188
    }
  ],
  "channels": 2,
  "covariance": [
    [
      52.06520080566406,
      0,
      18.258838653564453,
      0,
      17.37520408630371,
      0,
      17.454774856567383,
      0,
      10.723587989807129,
      -0.00010305808973498642,
      11.573310852050781,
      -8.80548327586439e-08,
      9.1322021484375,
      -0.0006930025410838425,
      21.95285987854004,
      -0.00018000765703618526,
      16.033220291137695,
      -0.00016574822075199336
    ],
    [
      0,
      0,
      0,
      0,
      0,
      0,
      0,
      0,
      0,
      0,
      0,
      0,
      0,
      0,
      0,
      0,
      0,
      0
    ],
    [
      18.258838653564453,
      0,
      38.011024475097656,
      0,
      25.980484008789062,
      0,
      22.75115394592285,
      0,
      12.791641235351562,
      -1.3587278772320133e-05,
      10.030128479003906,
      -1.1149971612667287e-08,
      12.182145118713379,
      -0.0001880826021078974,
      20.791601181030273,
      -4.579360756906681e-05,
      12.90717601776123,
      -9.181920177070424e-05
    ],
    [
      0,
      0,
      0,
      0,
      0,
      0,
      0,
      0,
      0,
      0,
      0,
      0,
      0,
      0,
      0,
      0,
      0,
      0
    ],
    [
      17.37520408630371,
      0,
      25.980484008789062,
      0,
      58.17568588256836,
      0,
      36.539649963378906,
      0,
      30.921606063842773,
      -1.141477969213156e-05,
      22.566875457763672,
      -8.477681667784509e-09,
      19.247323989868164,
      -0.00012617793981917202,
      28.9379825592041,
      -3.1176095944829285e-05,
      14.406355857849121,
      -5.416937347035855e-05
    ],
    [
      0,
      0,
      0,
      0,
      0,
      0,
      0,
      0,
      0,
      0,
      0,
      0,
      0,
      0,
      0,
      0,
      0,
      0
    ],
    [
      17.454774856567383,
      0,
      22.75115394592285,
      0,
      36.539649963378906,
      0,
      62.05496597290039,
      0,
      49.81916809082031,
      -0.00027696872712112963,
      37.73993682861328,
      -2.1938586769465473e-07,
      30.591711044311523,
      -0.0016235511284321547,
      41.76243209838867,
      -0.0004302267334423959,
      25.391162872314453,
      -0.0002752332075033337
    ],
    [
      0,
      0,
      0,
      0,
      0,
      0,
      0,
      0,
      0,
      0,
      0,
      0,
      0,
      0,
      0,
      0,
      0,
      0
    ],
    [
      10.723587989807129,
      0,
      12.791641235351562,
      0,
      30.921606063842773,
      0,
      49.81916809082031,
      0,
      62.033809661865234,
      -0.0002264090726384893,
      49.73342514038086,
      -1.8027127168807056e-07,
      40.93077850341797,
      -0.00136563868727535,
      49.59785461425781,
      -0.0003604493394959718,
      31.54473114013672,
      -0.0002526738971937448
    ],
    [
      -0.00010305808973498642,
      0,
      -1.3587278772320133e-05,
      0,
      -1.141477969213156e-05,
      0,
      -0.00027696872712112963,
      0,
      -0.0002264090726384893,
      9.126498525802162e-07,
      -4.0201084630098194e-05,
      6.831170629162386e-10,
      0.00010503033263375983,
      4.654501026379876e-06,
      6.437787669710815e-05,
      1.2612564432856743e-06,
      -2.0866111754003214e-06,
      4.102622881418938e-07
    ],
    [
      11.573310852050781,
      0,
      10.030128479003906,
      0,
      22.566875457763672,
      0,
      37.73993682861328,
      0,
      49.73342514038086,
      -4.0201084630098194e-05,
      62.65327072143555,
      -3.4136455440147984e-08,
      56.55771255493164,
      -0.00024055132234934717,
      64.78173065185547,
      -6.345391011564061e-05,
      46.617698669433594,
      -4.318761784816161e-05
    ],
    [
      -8.80548327586439e-08,
      0,
      -1.1149971612667287e-08,
      0,
      -8.477681667784509e-09,
      0,
      -2.1938586769465473e-07,
      0,
      -1.8027127168807056e-07,
      6.831170629162386e-10,
      -3.4136455440147984e-08,
      5.228233210946565e-13,
      7.977368454703537e-08,
      3.484772248540935e-09,
      4.870693359748657e-08,
      9.440639381352867e-10,
      -2.16381068618432e-09,
      3.070328158383262e-10
    ],
    [
      9.1322021484375,
      0,
      12.182145118713379,
      0,
      19.247323989868164,
      0,
      30.591711044311523,
      0,
      40.93077850341797,
      0.00010503033263375983,
      56.55771255493164,
      7.977368454703537e-08,
      65.8680648803711,
      0.0005371836596168578,
      66.02384185791016,
      0.00014544857549481094,
      50.60749053955078,
      4.816117507289164e-05
    ],
    [
      -0.0006930025410838425,
      0,
      -0.0001880826021078974,
      0,
      -0.00012617793981917202,
      0,
      -0.0016235511284321547,
      0,
      -0.00136563868727535,
      4.654501026379876e-06,
      -0.00024055132234934717,
      3.484772248540935e-09,
      0.0005371836596168578,
      2.4292916350532323e-05,
      0.00037746643647551537,
      6.5590993472142145e-06,
      5.075470471638255e-05,
      2.4934483917604666e-06
    ],
    [
      21.95285987854004,
      0,
      20.791601181030273,
      0,
      28.9379825592041,
      0,
      41.76243209838867,
      0,
      49.59785461425781,
      6.437787669710815e-05,
      64.78173065185547,
      4.870693359748657e-08,
      66.02384185791016,
      0.00037746643647551537,
      88.48827362060547,
      0.00010015439329436049,
      60.439090728759766,
      6.435544491978362e-05
    ],
    [
      -0.00018000765703618526,
      0,
      -4.579360756906681e-05,
      0,
      -3.1176095944829285e-05,
      0,
      -0.0004302267334423959,
      0,
      -0.0003604493394959718,
      1.2612564432856743e-06,
      -6.345391011564061e-05,
      9.440639381352867e-10,
      0.00014544857549481094,
      6.5590993472142145e-06,
      0.00010015439329436049,
      1.7719609104460687e-06,
      1.1241639185755048e-05,
      6.585829055438808e-07
    ],
    [
      16.033220291137695,
      0,
      12.90717601776123,
      0,
      14.406355857849121,
      0,
      25.391162872314453,
      0,
      31.54473114013672,
      -2.0866111754003214e-06,
      46.617698669433594,
      -2.16381068618432e-09,
      50.60749053955078,
      5.075470471638255e-05,
      60.439090728759766,
      1.1241639185755048e-05,
      54.62655258178711,
      4.3672069296007976e-05
    ],
    [
      -0.00016574822075199336,
      0,
      -9.181920177070424e-05,
      0,
      -5.416937347035855e-05,
      0,
      -0.0002752332075033337,
      0,
      -0.0002526738971937448,
      4.102622881418938e-07,
      -4.318761784816161e-05,
      3.070328158383262e-10,
      4.816117507289164e-05,
      2.4934483917604666e-06,
      6.435544491978362e-05,
      6.585829055438808e-07,
      4.3672069296007976e-05,
      4.74462211741411e-07
    ]
  ],
  "covariance_short": [
    [
      69.44306945800781,
      0,
      25.036752700805664,
      0,
      19.991098403930664,
      0,
      23.120134353637695,
      0,
      14.73757266998291,
      9.63297497946769e-06,
      15.465716361999512,
      3.996858843891005e-09,
      14.042434692382812,
      -0.0001357213914161548,
      22.931875228881836,
      -2.7677455364027992e-05,
      15.024615287780762,
      -0.00012746873835567385
    ],
    [
      0,
      0,
      0,
      0,
      0,
      0,
      0,
      0,
      0,
      0,
      0,
      0,
      0,
      0,
      0,
      0,
      0,
      0
    ],
    [
      25.036752700805664,
      0,
      51.943885803222656,
      0,
      33.17580032348633,
      0,
      31.288652420043945,
      0,
      18.409687042236328,
      2.5333278244943358e-05,
      13.207062721252441,
      3.558563221872646e-08,
      13.387839317321777,
      -0.00023611870710738003,
      21.664962768554688,
      -4.854604776483029e-05,
      11.706205368041992,
      -0.00024979771114885807
    ],
    [
      0,
      0,
      0,
      0,
      0,
      0,
      0,
      0,
      0,
      0,
      0,
      0,
      0,
      0,
      0,
      0,
      0,
      0
    ],
    [
      19.991098403930664,
      0,
      33.17580032348633,
      0,
      69.53827667236328,
      0,
      41.77299118041992,
      0,
      33.96986770629883,
      1.151830565504497e-05,
      21.946321487426758,
      1.1040707903475777e-08,
      16.192243576049805,
      -0.00024630612460896373,
      23.997770309448242,
      -5.3495543397730216e-05,
      9.332015991210938,
      -0.0002139510470442474
    ],
    [
      0,
      0,
      0,
      0,
      0,
      0,
      0,
      0,
      0,
      0,
      0,
      0,
      0,
      0,
      0,
      0,
      0,
      0
    ],
    [
      23.120134353637695,
      0,
      31.288652420043945,
      0,
      41.77299118041992,
      0,
      75.33519744873047,
      0,
      55.815162658691406,
      -0.0002469896280672401,
      42.18910217285156,
      -3.320806456486025e-07,
      33.32551193237305,
      -0.0014959473628550768,
      40.5777473449707,
      -0.000406427716370672,
      21.427583694458008,
      -0.0003204679233022034
    ],
    [
      0,
      0,
      0,
      0,
      0,
      0,
      0,
      0,
      0,
      0,
      0,
      0,
      0,
      0,
      0,
      0,
      0,
      0
    ],
    [
      14.73757266998291,
      0,
      18.409687042236328,
      0,
      33.96986770629883,
      0,
      55.815162658691406,
      0,
      75.23768615722656,
      -0.0001860942575149238,
      60.80323028564453,
      -2.485228378645843e-07,
      51.26704025268555,
      -0.0011340706842020154,
      55.63574981689453,
      -0.00030811651959083974,
      32.96088790893555,
      -0.00024683302035555243
    ],
    [
      9.63297497946769e-06,
      0,
      2.5333278244943358e-05,
      0,
      1.151830565504497e-05,
      0,
      -0.0002469896280672401,
      0,
      -0.0001860942575149238,
      3.6408396226761397e-06,
      4.612156772054732e-05,
      4.285715338170348e-09,
      0.0002089352929033339,
      1.770316157490015e-05,
      0.00013963082164991647,
      5.058737770013977e-06,
      3.050544000871014e-05,
      1.6493826251462451e-06
    ],
    [
      15.465716361999512,
      0,
      13.207062721252441,
      0,
      21.946321487426758,
      0,
      42.18910217285156,
      0,
      60.80323028564453,
      4.612156772054732e-05,
      81.7811050415039,
      5.604039543527506e-08,
      75.06951904296875,
      0.0001828653330449015,
      78.67562866210938,
      5.474065983435139e-05,
      52.458255767822266,
      -8.926349437388126e-06
    ],
    [
      3.996858843891005e-09,
      0,
      3.558563221872646e-08,
      0,
      1.1040707903475777e-08,
      0,
      -3.320806456486025e-07,
      0,
      -2.485228378645843e-07,
      4.285715338170348e-09,
      5.604039543527506e-08,
      5.2347388576623466e-12,
      2.817648692143848e-07,
      2.0871713246606305e-08,
      1.877740345435086e-07,
      5.937208502615476e-09,
      4.063711855906149e-08,
      1.943778693558329e-09
    ],
    [
      14.042434692382812,
      0,
      13.387839317321777,
      0,
      16.192243576049805,
      0,
      33.32551193237305,
      0,
      51.26704025268555,
      0.0002089352929033339,
      75.06951904296875,
      2.817648692143848e-07,
      87.96173858642578,
      0.0009984916541725397,
      84.239990234375,
      0.0002818738284986466,
      58.37963104248047,
      7.69501639297232e-05
    ],
    [
      -0.0001357213914161548,
      0,
      -0.00023611870710738003,
      0,
      -0.00024630612460896373,
      0,
      -0.0014959473628550768,
      0,
      -0.0011340706842020154,
      1.770316157490015e-05,
      0.0001828653330449015,
      2.0871713246606305e-08,
      0.0009984916541725397,
      8.84524779394269e-05,
      0.0006802725838497281,
      2.5129264031420462e-05,
      0.00015878710837569088,
      9.728069017000962e-06
    ],
    [
      22.931875228881836,
      0,
      21.664962768554688,
      0,
      23.997770309448242,
      0,
      40.5777473449707,
      0,
      55.63574981689453,
      0.00013963082164991647,
      78.67562866210938,
      1.877740345435086e-07,
      84.239990234375,
      0.0006802725838497281,
      99.68097686767578,
      0.00019260606495663524,
      63.39279556274414,
      6.198856135597453e-05
    ],
    [
      -2.7677455364027992e-05,
      0,
      -4.854604776483029e-05,
      0,
      -5.3495543397730216e-05,
      0,
      -0.000406427716370672,
      0,
      -0.00030811651959083974,
      5.058737770013977e-06,
      5.474065983435139e-05,
      5.937208502615476e-09,
      0.0002818738284986466,
      2.5129264031420462e-05,
      0.00019260606495663524,
      7.1610106715525035e-06,
      4.3572774302447215e-05,
      2.6850727863347856e-06
    ],
    [
      15.024615287780762,
      0,
      11.706205368041992,
      0,
      9.332015991210938,
      0,
      21.427583694458008,
      0,
      32.96088790893555,
      3.050544000871014e-05,
      52.458255767822266,
      4.063711855906149e-08,
      58.37963104248047,
      0.00015878710837569088,
      63.39279556274414,
      4.3572774302447215e-05,
      54.759300231933594,
      2.0073881387361325e-05
    ],
    [
      -0.00012746873835567385,
      0,
      -0.00024979771114885807,
      0,
      -0.0002139510470442474,
      0,
      -0.0003204679233022034,
      0,
      -0.00024683302035555243,
      1.6493826251462451e-06,
      -8.926349437388126e-06,
      1.943778693558329e-09,
      7.69501639297232e-05,
      9.728069017000962e-06,
      6.198856135597453e-05,
      2.6850727863347856e-06,
      2.0073881387361325e-05,
      1.9871474705723813e-06
    ]
  ],
  "drr": 8.757808685302734,
  "dynamics": 4.439372539520264,
  "format": 1245190,
  "frames": 13254656,
  "loudness": -17.892009735107422,
  "loudness_range": 12.53859806060791,
  "loudness_range_short": 17.145164489746094,
  "peak": -1.173094391822815,
  "rms": -18.850555419921875,
  "sample_rate": 44100,
  "sections": 1,
  "seekable": 1,
  "sharpness": 3.915006637573242,
  "space": -61.05088424682617
}