{
  "bands": [
    {
      "high_freq": 148.1999969482422,
      "loudness": -28.512096405029297,
      "loudness_range": 16.92668342590332,
      "mid_mean": -25.153900146484375,
      "mid_to_side_loudness": -14.396178245544434,
      "mid_to_side_loudness_range": 18.464385986328125,
      "side_mean": -39.63604736328125
    },
    {
      "high_freq": 392.3793640136719,
      "loudness": -24.204553604125977,
      "loudness_range": 8.065841674804688,
      "low_freq": 148.1999969482422,
      "mid_mean": -21.320322036743164,
      "mid_to_side_loudness": -7.644229412078857,
      "mid_to_side_loudness_range": 8.770655632019043,
      "side_mean": -29.01889991760254
    },
    {
      "high_freq": 794.6976318359375,
      "loudness": -28.439409255981445,
      "loudness_range": 16.933427810668945,
      "low_freq": 392.3793640136719,
      "mid_mean": -25.744041442871094,
      "mid_to_side_loudness": -7.742875576019287,
      "mid_to_side_loudness_range": 14.94100570678711,
      "side_mean": -33.72892379760742
    },
    {
      "high_freq": 1457.5709228515625,
      "loudness": -34.87451934814453,
      "loudness_range": 26.92279815673828,
      "low_freq": 794.6976318359375,
      "mid_mean": -31.93140411376953,
      "mid_to_side_loudness": -9.60983657836914,
      "mid_to_side_loudness_range": 17.46508026123047,
      "side_mean": -41.63510513305664
    },
    {
      "high_freq": 2549.74365234375,
      "loudness": -37.14333724975586,
      "loudness_range": 25.964649200439453,
      "low_freq": 1457.5709228515625,
      "mid_mean": -34.3294563293457,
      "mid_to_side_loudness": -8.582151412963867,
      "mid_to_side_loudness_range": 15.82371711730957,
      "side_mean": -43.03076171875
    },
    {
      "high_freq": 4349.24462890625,
      "loudness": -39.97978591918945,
      "loudness_range": 22.17500877380371,
      "low_freq": 2549.74365234375,
      "mid_mean": -36.8177375793457,
      "mid_to_side_loudness": -10.860065460205078,
      "mid_to_side_loudness_range": 15.167245864868164,
      "side_mean": -48.07217788696289
    },
    {
      "high_freq": 7314.1640625,
      "loudness": -44.4248161315918,
      "loudness_range": 23.34560775756836,
      "low_freq": 4349.24462890625,
      "mid_mean": -41.05239486694336,
      "mid_to_side_loudness": -12.448911666870117,
      "mid_to_side_loudness_range": 13.673046112060547,
      "side_mean": -54.41337585449219
    },
    {
      "high_freq": 12199.2666015625,
      "loudness": -48.8505744934082,
      "loudness_range": 26.582958221435547,
      "low_freq": 7314.1640625,
      "mid_mean": -45.478206634521484,
      "mid_to_side_loudness": -14.821354866027832,
      "mid_to_side_loudness_range": 15.097801208496094,
      "side_mean": -59.941810607910156
    },
    {
      "loudness": -55.658573150634766,
      "loudness_range": 22.266605377197266,
      "low_freq": 12199.2666015625,
      "mid_mean": -52.326908111572266,
      "mid_to_side_loudness": -11.885509490966797,
      "mid_to_side_loudness_range": 13.285606384277344,
      "side_mean": -63.14917755126953
    }
  ],
  "bands_short": [
    {
      "high_freq": 148.1999969482422,
      "loudness": -32.05604553222656,
      "loudness_range": 22.664627075195312,
      "mid_mean": -28.589998245239258,
      "mid_to_side_loudness": -16.38037109375,
      "mid_to_side_loudness_range": 21.091142654418945,
      "side_mean": -45.07453918457031
    },
    {
      "high_freq": 392.3793640136719,
      "loudness": -24.462797164916992,
      "loudness_range": 9.947973251342773,
      "low_freq": 148.1999969482422,
      "mid_mean": -21.659347534179688,
      "mid_to_side_loudness": -7.862690448760986,
      "mid_to_side_loudness_range": 11.047701835632324,
      "side_mean": -29.345806121826172
    },
    {
      "high_freq": 794.6976318359375,
      "loudness": -28.50993537902832,
      "loudness_range": 16.20039176940918,
      "low_freq": 392.3793640136719,
      "mid_mean": -25.954185485839844,
      "mid_to_side_loudness": -7.066360950469971,
      "mid_to_side_loudness_range": 14.998831748962402,
      "side_mean": -33.20500946044922
    },
    {
      "high_freq": 1457.5709228515625,
      "loudness": -35.53061294555664,
      "loudness_range": 29.1854248046875,
      "low_freq": 794.6976318359375,
      "mid_mean": -32.71589279174805,
      "mid_to_side_loudness": -9.1231107711792,
      "mid_to_side_loudness_range": 18.303781509399414,
      "side_mean": -41.886070251464844
    },
    {
      "high_freq": 2549.74365234375,
      "loudness": -38.24875259399414,
      "loudness_range": 27.63739585876465,
      "low_freq": 1457.5709228515625,
      "mid_mean": -35.52390670776367,
      "mid_to_side_loudness": -8.258318901062012,
      "mid_to_side_loudness_range": 16.57039451599121,
      "side_mean": -43.88230514526367
    },
    {
      "high_freq": 4349.24462890625,
      "loudness": -41.53255081176758,
      "loudness_range": 25.560302734375,
      "low_freq": 2549.74365234375,
      "mid_mean": -38.38035583496094,
      "mid_to_side_loudness": -10.950674057006836,
      "mid_to_side_loudness_range": 16.599796295166016,
      "side_mean": -50.39409255981445
    },
    {
      "high_freq": 7314.1640625,
      "loudness": -46.81618881225586,
      "loudness_range": 23.238998413085938,
      "low_freq": 4349.24462890625,
      "mid_mean": -43.48393630981445,
      "mid_to_side_loudness": -12.162839889526367,
      "mid_to_side_loudness_range": 14.528575897216797,
      "side_mean": -56.246124267578125
    },
    {
      "high_freq": 12199.2666015625,
      "loudness": -51.34500503540039,
      "loudness_range": 29.297374725341797,
      "low_freq": 7314.1640625,
      "mid_mean": -47.844051361083984,
      "mid_to_side_loudness": -13.999412536621094,
      "mid_to_side_loudness_range": 15.641064643859863,
      "side_mean": -61.0530891418457
    },
    {
      "loudness": -57.05500030517578,
      "loudness_range": 21.035037994384766,
      "low_freq": 12199.2666015625,
      "mid_mean": -53.750919342041016,
      "mid_to_side_loudness": -11.030290603637695,
      "mid_to_side_loudness_range": 13.948273658752441,
      "side_mean": -63.61386489868164
    }
  ],
  "channels": 2,
  "covariance": [
    [
      40.983646392822266,
      12.409790992736816,
      6.353565216064453,
      6.798531532287598,
      5.711183547973633,
      5.927065372467041,
      10.781882286071777,
      9.203173637390137,
      9.564130783081055,
      8.122441291809082,
      8.231576919555664,
      10.082576751708984,
      4.117383003234863,
      13.146855354309082,
      9.036797523498535,
      4.9908952713012695,
      4.56201171875,
      1.6838538646697998
    ],
    [
      12.409790992736816,
      22.926942825317383,
      2.1713969707489014,
      3.5149118900299072,
      -1.7965470552444458,
      1.683665156364441,
      1.7448521852493286,
      2.719517707824707,
      0.44138842821121216,
      1.6083390712738037,
      0.45433831214904785,
      3.505129814147949,
      -1.5406229496002197,
      6.4317240715026855,
      -1.260786771774292,
      -0.39529281854629517,
      -3.190614938735962,
      -0.905307948589325
    ],
    [
      6.353565216064453,
      2.1713969707489014,
      12.827475547790527,
      5.982761859893799,
      12.457653045654297,
      5.9141364097595215,
      14.487585067749023,
      6.540253162384033,
      10.711665153503418,
      3.799821615219116,
      10.397658348083496,
      6.332312107086182,
      7.887296676635742,
      5.607595920562744,
      16.786962509155273,
      7.118112564086914,
      11.577255249023438,
      2.782007932662964
    ],
    [
      6.798531532287598,
      3.5149118900299072,
      5.982761859893799,
      10.199625015258789,
      6.432861804962158,
      7.220324993133545,
      8.164032936096191,
      8.302382469177246,
      5.966246128082275,
      6.901368618011475,
      4.610588073730469,
      7.311089992523193,
      2.3836634159088135,
      6.008514881134033,
      4.153432369232178,
      2.2278010845184326,
      2.1580090522766113,
      0.8150818943977356
    ],
    [
      5.711183547973633,
      -1.7965470552444458,
      12.457653045654297,
      6.432861804962158,
      39.82587814331055,
      16.09400177001953,
      43.66045379638672,
      18.786035537719727,
      39.762306213378906,
      19.16400909423828,
      34.19419479370117,
      15.669188499450684,
      24.839479446411133,
      13.467082977294922,
      38.18846893310547,
      18.079389572143555,
      29.3780460357666,
      8.167407989501953
    ],
    [
      5.927065372467041,
      1.683665156364441,
      5.9141364097595215,
      7.220324993133545,
      16.09400177001953,
      20.84560775756836,
      19.848527908325195,
      17.961633682250977,
      15.781468391418457,
      15.573310852050781,
      11.264452934265137,
      11.731817245483398,
      6.790528774261475,
      9.226978302001953,
      8.939495086669922,
      5.18411922454834,
      5.448348045349121,
      1.864889144897461
    ],
    [
      10.781882286071777,
      1.7448521852493286,
      14.487585067749023,
      8.164032936096191,
      43.66045379638672,
      19.848527908325195,
      76.78717041015625,
      38.12446975708008,
      65.52515411376953,
      35.60282897949219,
      51.494354248046875,
      28.98464584350586,
      31.43328094482422,
      21.265512466430664,
      41.31236267089844,
      20.22854232788086,
      32.846797943115234,
      10.179010391235352
    ],
    [
      9.203173637390137,
      2.719517707824707,
      6.540253162384033,
      8.302382469177246,
      18.786035537719727,
      17.961633682250977,
      38.12446975708008,
      34.38820266723633,
      32.13059616088867,
      29.377262115478516,
      22.999378204345703,
      22.54629898071289,
      13.334855079650879,
      15.496786117553711,
      9.380703926086426,
      6.332301616668701,
      6.658777713775635,
      2.8501436710357666
    ],
    [
      9.564130783081055,
      0.44138842821121216,
      10.711665153503418,
      5.966246128082275,
      39.762306213378906,
      15.781468391418457,
      65.52515411376953,
      32.13059616088867,
      73.31635284423828,
      40.90077590942383,
      57.74386978149414,
      30.96394920349121,
      36.67315673828125,
      23.874568939208984,
      40.78313064575195,
      20.604806900024414,
      32.46061325073242,
      10.497800827026367
    ],
    [
      8.122441291809082,
      1.6083390712738037,
      3.799821615219116,
      6.901368618011475,
      19.16400909423828,
      15.573310852050781,
      35.60282897949219,
      29.377262115478516,
      40.90077590942383,
      39.09733200073242,
      28.548925399780273,
      25.145130157470703,
      16.26983070373535,
      16.88469886779785,
      9.253152847290039,
      6.7364068031311035,
      7.501760482788086,
      3.402676820755005
    ],
    [
      8.231576919555664,
      0.45433831214904785,
      10.397658348083496,
      4.610588073730469,
      34.19419479370117,
      11.264452934265137,
      51.494354248046875,
      22.999378204345703,
      57.74386978149414,
      28.548925399780273,
      58.57115173339844,
      29.12895393371582,
      43.08586502075195,
      26.218955993652344,
      46.00881576538086,
      23.01497459411621,
      35.21566390991211,
      11.287566184997559
    ],
    [
      10.082576751708984,
      3.505129814147949,
      6.332312107086182,
      7.311089992523193,
      15.669188499450684,
      11.731817245483398,
      28.98464584350586,
      22.54629898071289,
      30.96394920349121,
      25.145130157470703,
      29.12895393371582,
      30.14179039001465,
      18.657243728637695,
      21.656494140625,
      11.541182518005371,
      7.668012619018555,
      7.167538166046143,
      3.0770232677459717
    ],
    [
      4.117383003234863,
      -1.5406229496002197,
      7.887296676635742,
      2.3836634159088135,
      24.839479446411133,
      6.790528774261475,
      31.43328094482422,
      13.334855079650879,
      36.67315673828125,
      16.26983070373535,
      43.08586502075195,
      18.657243728637695,
      56.64036560058594,
      29.47615623474121,
      54.059814453125,
      28.743797302246094,
      42.246559143066406,
      15.017565727233887
    ],
    [
      13.146855354309082,
      6.4317240715026855,
      5.607595920562744,
      6.008514881134033,
      13.467082977294922,
      9.226978302001953,
      21.265512466430664,
      15.496786117553711,
      23.874568939208984,
      16.88469886779785,
      26.218955993652344,
      21.656494140625,
      29.47615623474121,
      33.5359001159668,
      26.751874923706055,
      17.74702262878418,
      20.931459426879883,
      8.526604652404785
    ],
    [
      9.036797523498535,
      -1.260786771774292,
      16.786962509155273,
      4.153432369232178,
      38.18846893310547,
      8.939495086669922,
      41.31236267089844,
      9.380703926086426,
      40.78313064575195,
      9.253152847290039,
      46.00881576538086,
      11.541182518005371,
      54.059814453125,
      26.751874923706055,
      95.04192352294922,
      43.451454162597656,
      68.97301483154297,
      21.460941314697266
    ],
    [
      4.9908952713012695,
      -0.39529281854629517,
      7.118112564086914,
      2.2278010845184326,
      18.079389572143555,
      5.18411922454834,
      20.22854232788086,
      6.332301616668701,
      20.604806900024414,
      6.7364068031311035,
      23.01497459411621,
      7.668012619018555,
      28.743797302246094,
      17.74702262878418,
      43.451454162597656,
      23.374950408935547,
      34.26241683959961,
      12.173833847045898
    ],
    [
      4.56201171875,
      -3.190614938735962,
      11.577255249023438,
      2.1580090522766113,
      29.3780460357666,
      5.448348045349121,
      32.846797943115234,
      6.658777713775635,
      32.46061325073242,
      7.501760482788086,
      35.21566390991211,
      7.167538166046143,
      42.246559143066406,
      20.931459426879883,
      68.97301483154297,
      34.26241683959961,
      59.67207336425781,
      20.158035278320312
    ],
    [
      1.6838538646697998,
      -0.905307948589325,
      2.782007932662964,
      0.8150818943977356,
      8.167407989501953,
      1.864889144897461,
      10.179010391235352,
      2.8501436710357666,
      10.497800827026367,
      3.402676820755005,
      11.287566184997559,
      3.0770232677459717,
      15.017565727233887,
      8.526604652404785,
      21.460941314697266,
      12.173833847045898,
      20.158035278320312,
      8.594182968139648
    ]
  ],
  "covariance_short": [
    [
      60.24456024169922,
      18.84296417236328,
      12.81457233428955,
      9.17087459564209,
      8.225749015808105,
      5.412367343902588,
      13.782590866088867,
      10.251367568969727,
      11.595541000366211,
      10.069286346435547,
      8.983525276184082,
      16.77950668334961,
      5.325242042541504,
      12.129095077514648,
      10.30492115020752,
      5.019351482391357,
      4.569525241851807,
      1.7582967281341553
    ],
    [
      18.84296417236328,
      27.12396812438965,
      6.461570739746094,
      4.968618869781494,
      -0.19000808894634247,
      2.0052754878997803,
      -0.6368586421012878,
      0.7573970556259155,
      -2.416825294494629,
      -1.2501085996627808,
      -3.2315003871917725,
      3.499720573425293,
      -4.441766262054443,
      1.295959234237671,
      -4.024435520172119,
      -1.998777151107788,
      -4.458742618560791,
      -1.2073860168457031
    ],
    [
      12.81457233428955,
      6.461570739746094,
      20.822383880615234,
      8.623735427856445,
      10.59668254852295,
      4.979593753814697,
      11.627883911132812,
      5.834927558898926,
      7.632800102233887,
      2.9464447498321533,
      8.02043342590332,
      10.939929008483887,
      7.334800720214844,
      7.659337520599365,
      17.50806427001953,
      7.1954240798950195,
      9.58073616027832,
      1.8355835676193237
    ],
    [
      9.17087459564209,
      4.968618869781494,
      8.623735427856445,
      14.602606773376465,
      6.118332386016846,
      7.179152488708496,
      7.758950710296631,
      8.143525123596191,
      5.511819839477539,
      7.145514965057373,
      4.4040374755859375,
      10.365392684936523,
      3.0318024158477783,
      6.583205699920654,
      4.543431758880615,
      2.4957568645477295,
      1.8128514289855957,
      0.7630024552345276
    ],
    [
      8.225749015808105,
      -0.19000808894634247,
      10.59668254852295,
      6.118332386016846,
      36.744476318359375,
      13.00311279296875,
      39.713558197021484,
      17.279253005981445,
      35.568546295166016,
      18.04962730407715,
      32.3401985168457,
      16.89968490600586,
      23.188928604125977,
      11.73888111114502,
      34.290855407714844,
      15.403470993041992,
      24.371429443359375,
      5.011832237243652
    ],
    [
      5.412367343902588,
      2.0052754878997803,
      4.979593753814697,
      7.179152488708496,
      13.00311279296875,
      19.93196678161621,
      17.646942138671875,
      16.128173828125,
      14.232210159301758,
      14.599318504333496,
      11.097156524658203,
      12.61825180053711,
      6.667083740234375,
      7.648207664489746,
      5.7288618087768555,
      3.4317102432250977,
      3.063265323638916,
      0.9313743710517883
    ],
    [
      13.782590866088867,
      -0.6368586421012878,
      11.627883911132812,
      7.758950710296631,
      39.713558197021484,
      17.646942138671875,
      87.38372802734375,
      44.56095504760742,
      71.83130645751953,
      41.36371612548828,
      58.70671081542969,
      36.66206741333008,
      35.69865798950195,
      23.50640869140625,
      43.29220962524414,
      20.721435546875,
      31.036174774169922,
      7.4091715812683105
    ],
    [
      10.251367568969727,
      0.7573970556259155,
      5.834927558898926,
      8.143525123596191,
      17.279253005981445,
      16.128173828125,
      44.56095504760742,
      40.35301208496094,
      36.99517822265625,
      34.01283264160156,
      27.485918045043945,
      27.863025665283203,
      16.365949630737305,
      17.05620574951172,
      10.41412353515625,
      6.921961307525635,
      6.669093132019043,
      2.213374137878418
    ],
    [
      11.595541000366211,
      -2.416825294494629,
      7.632800102233887,
      5.511819839477539,
      35.568546295166016,
      14.232210159301758,
      71.83130645751953,
      36.99517822265625,
      81.58016204833984,
      47.63666534423828,
      65.29226684570312,
      40.42327880859375,
      41.79798126220703,
      27.538908004760742,
      44.95949935913086,
      22.17022132873535,
      32.366207122802734,
      8.4688720703125
    ],
    [
      10.069286346435547,
      -1.2501085996627808,
      2.9464447498321533,
      7.145514965057373,
      18.04962730407715,
      14.599318504333496,
      41.36371612548828,
      34.01283264160156,
      47.63666534423828,
      48.24582290649414,
      34.59342575073242,
      34.97959518432617,
      21.13848114013672,
      21.80918312072754,
      13.137619972229004,
      9.107840538024902,
      8.882770538330078,
      3.1508262157440186
    ],
    [
      8.983525276184082,
      -3.2315003871917725,
      8.02043342590332,
      4.4040374755859375,
      32.3401985168457,
      11.097156524658203,
      58.70671081542969,
      27.485918045043945,
      65.29226684570312,
      34.59342575073242,
      72.28839111328125,
      41.413818359375,
      54.071502685546875,
      33.82534408569336,
      57.13504409790039,
      28.383710861206055,
      39.48686599731445,
      11.071244239807129
    ],
    [
      16.77950668334961,
      3.499720573425293,
      10.939929008483887,
      10.365392684936523,
      16.89968490600586,
      12.61825180053711,
      36.66206741333008,
      27.863025665283203,
      40.42327880859375,
      34.97959518432617,
      41.413818359375,
      58.293418884277344,
      28.7780704498291,
      39.37665939331055,
      28.11419105529785,
      18.28228759765625,
      18.29129409790039,
      6.641229152679443
    ],
    [
      5.325242042541504,
      -4.441766262054443,
      7.334800720214844,
      3.0318024158477783,
      23.188928604125977,
      6.667083740234375,
      35.69865798950195,
      16.365949630737305,
      41.79798126220703,
      21.13848114013672,
      54.071502685546875,
      28.7780704498291,
      68.61824035644531,
      40.03904342651367,
      66.4203872680664,
      35.2713508605957,
      46.2918701171875,
      15.306947708129883
    ],
    [
      12.129095077514648,
      1.295959234237671,
      7.659337520599365,
      6.583205699920654,
      11.73888111114502,
      7.648207664489746,
      23.50640869140625,
      17.05620574951172,
      27.538908004760742,
      21.80918312072754,
      33.82534408569336,
      39.37665939331055,
      40.03904342651367,
      41.91447067260742,
      35.162506103515625,
      22.878170013427734,
      23.369808197021484,
      9.515658378601074
    ],
    [
      10.30492115020752,
      -4.024435520172119,
      17.50806427001953,
      4.543431758880615,
      34.290855407714844,
      5.7288618087768555,
      43.29220962524414,
      10.41412353515625,
      44.95949935913086,
      13.137619972229004,
      57.13504409790039,
      28.11419105529785,
      66.4203872680664,
      35.162506103515625,
      110.30412292480469,
      50.795433044433594,
      74.02447509765625,
      21.410419464111328
    ],
    [
      5.019351482391357,
      -1.998777151107788,
      7.1954240798950195,
      2.4957568645477295,
      15.403470993041992,
      3.4317102432250977,
      20.721435546875,
      6.921961307525635,
      22.17022132873535,
      9.107840538024902,
      28.383710861206055,
      18.28228759765625,
      35.2713508605957,
      22.878170013427734,
      50.795433044433594,
      28.185352325439453,
      36.30927276611328,
      12.695778846740723
    ],
    [
      4.569525241851807,
      -4.458742618560791,
      9.58073616027832,
      1.8128514289855957,
      24.371429443359375,
      3.063265323638916,
      31.036174774169922,
      6.669093132019043,
      32.366207122802734,
      8.882770538330078,
      39.48686599731445,
      18.29129409790039,
      46.2918701171875,
      23.369808197021484,
      74.02447509765625,
      36.30927276611328,
      59.70759201049805,
      19.09243392944336
    ],
    [
      1.7582967281341553,
      -1.2073860168457031,
      1.8355835676193237,
      0.7630024552345276,
      5.011832237243652,
      0.9313743710517883,
      7.4091715812683105,
      2.213374137878418,
      8.4688720703125,
      3.1508262157440186,
      11.071244239807129,
      6.641229152679443,
      15.306947708129883,
      9.515658378601074,
      21.410419464111328,
      12.695778846740723,
      19.09243392944336,
      9.234378814697266
    ]
  ],
  "drr": 13.82076644897461,
  "dynamics": 3.7537801265716553,
  "format": 1245190,
  "frames": 7929856,
  "loudness": -16.431163787841797,
  "loudness_range": 11.093855857849121,
  "loudness_range_short": 12.805126190185547,
  "peak": -0.38765111565589905,
  "rms": -17.640106201171875,
  "sample_rate": 44100,
  "sections": 1,
  "seekable": 1,
  "sharpness": 2.3870599269866943,
  "space": -9.543241500854492
}