{
  "bands": [
    {
      "high_freq": 148.1999969482422,
      "loudness": -20.077056884765625,
      "loudness_range": 6.346000671386719,
      "mid_mean": -16.442161560058594,
      "mid_to_side_loudness": -21.412580490112305,
      "mid_to_side_loudness_range": 20.955646514892578,
      "side_mean": -39.00580978393555
    },
    {
      "high_freq": 392.3793640136719,
      "loudness": -20.434293746948242,
      "loudness_range": 5.904874801635742,
      "low_freq": 148.1999969482422,
      "mid_mean": -16.959857940673828,
      "mid_to_side_loudness": -13.761974334716797,
      "mid_to_side_loudness_range": 11.47304916381836,
      "side_mean": -30.960113525390625
    },
    {
      "high_freq": 794.6976318359375,
      "loudness": -20.33992576599121,
      "loudness_range": 11.388312339782715,
      "low_freq": 392.3793640136719,
      "mid_mean": -16.973918914794922,
      "mid_to_side_loudness": -12.209709167480469,
      "mid_to_side_loudness_range": 11.530912399291992,
      "side_mean": -29.4462833404541
    },
    {
      "high_freq": 1457.5709228515625,
      "loudness": -22.499671936035156,
      "loudness_range": 13.079782485961914,
      "low_freq": 794.6976318359375,
      "mid_mean": -19.283485412597656,
      "mid_to_side_loudness": -10.770732879638672,
      "mid_to_side_loudness_range": 11.655527114868164,
      "side_mean": -30.12993049621582
    },
    {
      "high_freq": 2549.74365234375,
      "loudness": -21.13827896118164,
      "loudness_range": 11.402383804321289,
      "low_freq": 1457.5709228515625,
      "mid_mean": -17.86382484436035,
      "mid_to_side_loudness": -10.982320785522461,
      "mid_to_side_loudness_range": 10.65302848815918,
      "side_mean": -29.024738311767578
    },
    {
      "high_freq": 4349.24462890625,
      "loudness": -19.970870971679688,
      "loudness_range": 7.607114791870117,
      "low_freq": 2549.74365234375,
      "mid_mean": -16.750839233398438,
      "mid_to_side_loudness": -9.76801586151123,
      "mid_to_side_loudness_range": 7.156976222991943,
      "side_mean": -26.67201042175293
    },
    {
      "high_freq": 7314.1640625,
      "loudness": -24.22129249572754,
      "loudness_range": 8.112592697143555,
      "low_freq": 4349.24462890625,
      "mid_mean": -21.175567626953125,
      "mid_to_side_loudness": -8.597823143005371,
      "mid_to_side_loudness_range": 9.105545043945312,
      "side_mean": -29.9311466217041
    },
    {
      "high_freq": 12199.2666015625,
      "loudness": -26.526723861694336,
      "loudness_range": 8.264400482177734,
      "low_freq": 7314.1640625,
      "mid_mean": -23.615684509277344,
      "mid_to_side_loudness": -7.6344685554504395,
      "mid_to_side_loudness_range": 8.628925323486328,
      "side_mean": -31.469886779785156
    },
    {
      "loudness": -31.628496170043945,
      "loudness_range": 11.271142959594727,
      "low_freq": 12199.2666015625,
      "mid_mean": -28.905963897705078,
      "mid_to_side_loudness": -7.211885929107666,
      "mid_to_side_loudness_range": 10.48818588256836,
      "side_mean": -35.96613693237305
    }
  ],
  "bands_short": [
    {
      "high_freq": 148.1999969482422,
      "loudness": -24.75301170349121,
      "loudness_range": 16.379592895507812,
      "mid_mean": -21.13285255432129,
      "mid_to_side_loudness": -22.541282653808594,
      "mid_to_side_loudness_range": 25.261272430419922,
      "side_mean": -45.135990142822266
    },
    {
      "high_freq": 392.3793640136719,
      "loudness": -19.84567642211914,
      "loudness_range": 11.035921096801758,
      "low_freq": 148.1999969482422,
      "mid_mean": -16.364559173583984,
      "mid_to_side_loudness": -14.870149612426758,
      "mid_to_side_loudness_range": 14.471090316772461,
      "side_mean": -31.535810470581055
    },
    {
      "high_freq": 794.6976318359375,
      "loudness": -21.795377731323242,
      "loudness_range": 15.16435432434082,
      "low_freq": 392.3793640136719,
      "mid_mean": -18.569320678710938,
      "mid_to_side_loudness": -11.428690910339355,
      "mid_to_side_loudness_range": 15.368817329406738,
      "side_mean": -30.323476791381836
    },
    {
      "high_freq": 1457.5709228515625,
      "loudness": -23.107831954956055,
      "loudness_range": 16.944734573364258,
      "low_freq": 794.6976318359375,
      "mid_mean": -20.006542205810547,
      "mid_to_side_loudness": -10.612502098083496,
      "mid_to_side_loudness_range": 15.118318557739258,
      "side_mean": -30.763280868530273
    },
    {
      "high_freq": 2549.74365234375,
      "loudness": -22.152385711669922,
      "loudness_range": 15.191805839538574,
      "low_freq": 1457.5709228515625,
      "mid_mean": -18.965831756591797,
      "mid_to_side_loudness": -10.729453086853027,
      "mid_to_side_loudness_range": 13.197301864624023,
      "side_mean": -29.92919158935547
    },
    {
      "high_freq": 4349.24462890625,
      "loudness": -20.545108795166016,
      "loudness_range": 10.841204643249512,
      "low_freq": 2549.74365234375,
      "mid_mean": -17.37324333190918,
      "mid_to_side_loudness": -9.740961074829102,
      "mid_to_side_loudness_range": 9.505415916442871,
      "side_mean": -27.30521011352539
    },
    {
      "high_freq": 7314.1640625,
      "loudness": -24.922550201416016,
      "loudness_range": 11.731529235839844,
      "low_freq": 4349.24462890625,
      "mid_mean": -21.931026458740234,
      "mid_to_side_loudness": -8.545138359069824,
      "mid_to_side_loudness_range": 10.243059158325195,
      "side_mean": -30.580806732177734
    },
    {
      "high_freq": 12199.2666015625,
      "loudness": -27.34233283996582,
      "loudness_range": 11.826051712036133,
      "low_freq": 7314.1640625,
      "mid_mean": -24.502269744873047,
      "mid_to_side_loudness": -7.655065059661865,
      "mid_to_side_loudness_range": 10.735694885253906,
      "side_mean": -32.299224853515625
    },
    {
      "loudness": -33.56626510620117,
      "loudness_range": 18.241987228393555,
      "low_freq": 12199.2666015625,
      "mid_mean": -30.885984420776367,
      "mid_to_side_loudness": -7.752655506134033,
      "mid_to_side_loudness_range": 13.926915168762207,
      "side_mean": -38.54985046386719
    }
  ],
  "channels": 2,
  "covariance": [
    [
      12.921625137329102,
      5.847923278808594,
      4.65108060836792,
      3.718961715698242,
      2.833538770675659,
      2.6281473636627197,
      3.255581855773926,
      2.011352777481079,
      2.8223464488983154,
      2.2032899856567383,
      2.6306514739990234,
      3.0303311347961426,
      3.0624446868896484,
      4.033164978027344,
      0.6584115028381348,
      1.8055243492126465,
      0.4460795521736145,
      1.657824993133545
    ],
    [
      5.847923278808594,
      29.157184600830078,
      4.668643951416016,
      13.219533920288086,
      4.980831146240234,
      9.842364311218262,
      5.97273063659668,
      7.066591739654541,
      5.7694220542907715,
      8.592028617858887,
      6.106931209564209,
      12.160731315612793,
      5.151336669921875,
      12.750922203063965,
      2.621610403060913,
      7.737103462219238,
      3.984583616256714,
      1.4954705238342285
    ],
    [
      4.65108060836792,
      4.668643951416016,
      8.787810325622559,
      5.340919017791748,
      4.832828521728516,
      4.43025541305542,
      4.328337669372559,
      5.191049575805664,
      5.667494773864746,
      5.100186824798584,
      4.1501665115356445,
      4.127808570861816,
      6.006222248077393,
      7.164884090423584,
      2.7069382667541504,
      4.67358922958374,
      3.0420994758605957,
      4.600201606750488
    ],
    [
      3.718961715698242,
      13.219533920288086,
      5.340919017791748,
      14.131583213806152,
      4.749431133270264,
      9.145193099975586,
      5.9728593826293945,
      7.981966972351074,
      6.11213493347168,
      8.627359390258789,
      6.326605319976807,
      10.307428359985352,
      6.145432472229004,
      12.296961784362793,
      4.214824676513672,
      10.043618202209473,
      5.754558086395264,
      5.392355442047119
    ],
    [
      2.833538770675659,
      4.980831146240234,
      4.832828521728516,
      4.749431133270264,
      19.622934341430664,
      9.58377456665039,
      15.031585693359375,
      8.03097152709961,
      11.64951229095459,
      7.884953498840332,
      6.824733734130859,
      6.104289531707764,
      7.906169414520264,
      10.135702133178711,
      5.013942241668701,
      7.81126070022583,
      4.994164943695068,
      5.328340530395508
    ],
    [
      2.6281473636627197,
      9.842364311218262,
      4.43025541305542,
      9.145193099975586,
      9.58377456665039,
      15.952522277832031,
      8.641727447509766,
      11.529844284057617,
      8.857367515563965,
      12.59465217590332,
      7.320254802703857,
      12.61176872253418,
      8.300458908081055,
      16.579402923583984,
      6.442801475524902,
      13.92663288116455,
      8.876969337463379,
      9.749185562133789
    ],
    [
      3.255581855773926,
      5.97273063659668,
      4.328337669372559,
      5.9728593826293945,
      15.031585693359375,
      8.641727447509766,
      25.933692932128906,
      12.600818634033203,
      13.049697875976562,
      9.936734199523926,
      7.439149856567383,
      7.736213207244873,
      9.21575927734375,
      11.83074951171875,
      5.9138922691345215,
      9.204887390136719,
      6.168108940124512,
      4.8877153396606445
    ],
    [
      2.011352777481079,
      7.066591739654541,
      5.191049575805664,
      7.981966972351074,
      8.03097152709961,
      11.529844284057617,
      12.600818634033203,
      17.249061584472656,
      9.365234375,
      13.738252639770508,
      7.564614295959473,
      11.845942497253418,
      9.638642311096191,
      15.72990894317627,
      7.127442359924316,
      13.878926277160645,
      9.3705415725708,
      9.945140838623047
    ],
    [
      2.8223464488983154,
      5.7694220542907715,
      5.667494773864746,
      6.11213493347168,
      11.64951229095459,
      8.857367515563965,
      13.049697875976562,
      9.365234375,
      20.471715927124023,
      11.852684020996094,
      10.363875389099121,
      8.443131446838379,
      9.852882385253906,
      12.024188995361328,
      7.316925525665283,
      10.316357612609863,
      8.383064270019531,
      5.4004669189453125
    ],
    [
      2.2032899856567383,
      8.592028617858887,
      5.100186824798584,
      8.627359390258789,
      7.884953498840332,
      12.59465217590332,
      9.936734199523926,
      13.738252639770508,
      11.852684020996094,
      17.99370574951172,
      8.75588607788086,
      14.429603576660156,
      10.259366035461426,
      18.48976707458496,
      7.597397327423096,
      16.02349281311035,
      10.697834014892578,
      11.6013765335083
    ],
    [
      2.6306514739990234,
      6.106931209564209,
      4.1501665115356445,
      6.326605319976807,
      6.824733734130859,
      7.320254802703857,
      7.439149856567383,
      7.564614295959473,
      10.363875389099121,
      8.75588607788086,
      9.478521347045898,
      9.44136905670166,
      7.392697334289551,
      10.219929695129395,
      5.049988269805908,
      8.471370697021484,
      5.591747760772705,
      4.673337459564209
    ],
    [
      3.0303311347961426,
      12.160731315612793,
      4.127808570861816,
      10.307428359985352,
      6.104289531707764,
      12.61176872253418,
      7.736213207244873,
      11.845942497253418,
      8.443131446838379,
      14.429603576660156,
      9.44136905670166,
      17.970815658569336,
      9.0642728805542,
      19.104251861572266,
      6.777899265289307,
      15.573541641235352,
      9.056333541870117,
      9.424938201904297
    ],
    [
      3.0624446868896484,
      5.151336669921875,
      6.006222248077393,
      6.145432472229004,
      7.906169414520264,
      8.300458908081055,
      9.21575927734375,
      9.638642311096191,
      9.852882385253906,
      10.259366035461426,
      7.392697334289551,
      9.0642728805542,
      10.249604225158691,
      13.484540939331055,
      7.027236461639404,
      11.293129920959473,
      7.579080104827881,
      7.803818225860596
    ],
    [
      4.033164978027344,
      12.750922203063965,
      7.164884090423584,
      12.296961784362793,
      10.135702133178711,
      16.579402923583984,
      11.83074951171875,
      15.72990894317627,
      12.024188995361328,
      18.48976707458496,
      10.219929695129395,
      19.104251861572266,
      13.484540939331055,
      28.369001388549805,
      10.613347053527832,
      24.054061889648438,
      14.250104904174805,
      18.3580265045166
    ],
    [
      0.6584115028381348,
      2.621610403060913,
      2.7069382667541504,
      4.214824676513672,
      5.013942241668701,
      6.442801475524902,
      5.9138922691345215,
      7.127442359924316,
      7.316925525665283,
      7.597397327423096,
      5.049988269805908,
      6.777899265289307,
      7.027236461639404,
      10.613347053527832,
      10.17138385772705,
      12.214110374450684,
      10.551804542541504,
      8.98572826385498
    ],
    [
      1.8055243492126465,
      7.737103462219238,
      4.67358922958374,
      10.043618202209473,
      7.81126070022583,
      13.92663288116455,
      9.204887390136719,
      13.878926277160645,
      10.316357612609863,
      16.02349281311035,
      8.471370697021484,
      15.573541641235352,
      11.293129920959473,
      24.054061889648438,
      12.214110374450684,
      26.925626754760742,
      16.481603622436523,
      21.78074836730957
    ],
    [
      0.4460795521736145,
      3.984583616256714,
      3.0420994758605957,
      5.754558086395264,
      4.994164943695068,
      8.876969337463379,
      6.168108940124512,
      9.3705415725708,
      8.383064270019531,
      10.697834014892578,
      5.591747760772705,
      9.056333541870117,
      7.579080104827881,
      14.250104904174805,
      10.551804542541504,
      16.481603622436523,
      19.507719039916992,
      19.98685073852539
    ],
    [
      1.657824993133545,
      1.4954705238342285,
      4.600201606750488,
      5.392355442047119,
      5.328340530395508,
      9.749185562133789,
      4.8877153396606445,
      9.945140838623047,
      5.4004669189453125,
      11.6013765335083,
      4.673337459564209,
      9.424938201904297,
      7.803818225860596,
      18.3580265045166,
      8.98572826385498,
      21.78074836730957,
      19.98685073852539,
      41.45883560180664
    ]
  ],
  "covariance_short": [
    [
      37.295127868652344,
      13.215725898742676,
      12.647490501403809,
      5.7943034172058105,
      4.788249969482422,
      5.231902122497559,
      4.326751232147217,
      3.656010866165161,
      4.317923545837402,
      4.18217134475708,
      5.369612216949463,
      6.181475639343262,
      6.3534464836120605,
      7.3267083168029785,
      4.409320831298828,
      5.460494518280029,
      5.648293495178223,
      5.079810619354248
    ],
    [
      13.215725898742676,
      45.100921630859375,
      10.311848640441895,
      17.12255859375,
      7.71427583694458,
      12.48454475402832,
      9.486124992370605,
      10.142950057983398,
      8.343148231506348,
      10.75930404663086,
      8.990194320678711,
      14.61910343170166,
      8.635866165161133,
      14.936971664428711,
      5.832247734069824,
      9.794904708862305,
      6.337907314300537,
      1.8446646928787231
    ],
    [
      12.647490501403809,
      10.311848640441895,
      19.092864990234375,
      8.949467658996582,
      7.454390525817871,
      6.968549728393555,
      6.9067230224609375,
      8.11055850982666,
      7.920261383056641,
      8.218113899230957,
      6.740233421325684,
      7.60514497756958,
      9.31201457977295,
      10.613761901855469,
      5.65474271774292,
      7.544101715087891,
      7.382962226867676,
      9.599625587463379
    ],
    [
      5.7943034172058105,
      17.12255859375,
      8.949467658996582,
      22.14466094970703,
      8.032842636108398,
      13.133306503295898,
      8.4578218460083,
      12.151311874389648,
      8.186164855957031,
      12.321798324584961,
      8.78152084350586,
      13.959880828857422,
      9.762899398803711,
      15.503216743469238,
      7.300736904144287,
      12.626648902893066,
      8.482122421264648,
      8.879798889160156
    ],
    [
      4.788249969482422,
      7.71427583694458,
      7.454390525817871,
      8.032842636108398,
      31.6070499420166,
      13.191145896911621,
      20.788785934448242,
      12.585338592529297,
      17.111534118652344,
      12.246809959411621,
      13.22237777709961,
      11.073580741882324,
      13.5656156539917,
      14.211668968200684,
      10.050697326660156,
      12.033283233642578,
      10.722805976867676,
      11.848215103149414
    ],
    [
      5.231902122497559,
      12.48454475402832,
      6.968549728393555,
      13.133306503295898,
      13.191145896911621,
      24.621843338012695,
      12.366384506225586,
      16.848398208618164,
      11.39798641204834,
      17.247133255004883,
      10.89660930633545,
      17.759851455688477,
      12.394072532653809,
      20.737300872802734,
      10.018823623657227,
      17.179227828979492,
      12.149239540100098,
      13.022870063781738
    ],
    [
      4.326751232147217,
      9.486124992370605,
      6.9067230224609375,
      8.4578218460083,
      20.788785934448242,
      12.366384506225586,
      40.49781036376953,
      19.75330352783203,
      21.272775650024414,
      15.669295310974121,
      14.317950248718262,
      14.050143241882324,
      15.646085739135742,
      17.873361587524414,
      11.308895111083984,
      14.982975959777832,
      11.537859916687012,
      11.12526798248291
    ],
    [
      3.656010866165161,
      10.142950057983398,
      8.11055850982666,
      12.151311874389648,
      12.585338592529297,
      16.848398208618164,
      19.75330352783203,
      28.80242347717285,
      14.817330360412598,
      20.67803382873535,
      12.68027114868164,
      19.14206314086914,
      15.86170482635498,
      23.048349380493164,
      13.177773475646973,
      20.58803939819336,
      15.553702354431152,
      16.58255386352539
    ],
    [
      4.317923545837402,
      8.343148231506348,
      7.920261383056641,
      8.186164855957031,
      17.111534118652344,
      11.39798641204834,
      21.272775650024414,
      14.817330360412598,
      33.18975067138672,
      18.294795989990234,
      18.409130096435547,
      14.572680473327637,
      16.855751037597656,
      17.534700393676758,
      13.07662582397461,
      15.706840515136719,
      14.929097175598145,
      12.353928565979004
    ],
    [
      4.18217134475708,
      10.75930404663086,
      8.218113899230957,
      12.321798324584961,
      12.246809959411621,
      17.247133255004883,
      15.669295310974121,
      20.67803382873535,
      18.294795989990234,
      27.8494815826416,
      14.63393497467041,
      22.313695907592773,
      16.604867935180664,
      25.70368766784668,
      13.237749099731445,
      22.40035057067871,
      16.677513122558594,
      18.642017364501953
    ],
    [
      5.369612216949463,
      8.990194320678711,
      6.740233421325684,
      8.78152084350586,
      13.22237777709961,
      10.89660930633545,
      14.317950248718262,
      12.68027114868164,
      18.409130096435547,
      14.63393497467041,
      19.547481536865234,
      16.659955978393555,
      14.128083229064941,
      15.644762992858887,
      10.349451065063477,
      13.15328311920166,
      10.9233980178833,
      10.067962646484375
    ],
    [
      6.181475639343262,
      14.61910343170166,
      7.60514497756958,
      13.959880828857422,
      11.073580741882324,
      17.759851455688477,
      14.050143241882324,
      19.14206314086914,
      14.572680473327637,
      22.313695907592773,
      16.659955978393555,
      28.639617919921875,
      15.76306438446045,
      26.893844604492188,
      11.942091941833496,
      22.049516677856445,
      14.129292488098145,
      15.608509063720703
    ],
    [
      6.3534464836120605,
      8.635866165161133,
      9.31201457977295,
      9.762899398803711,
      13.5656156539917,
      12.394072532653809,
      15.646085739135742,
      15.86170482635498,
      16.855751037597656,
      16.604867935180664,
      14.128083229064941,
      15.76306438446045,
      20.415624618530273,
      21.609506607055664,
      15.90277099609375,
      19.312213897705078,
      16.88633918762207,
      18.710132598876953
    ],
    [
      7.3267083168029785,
      14.936971664428711,
      10.613761901855469,
      15.503216743469238,
      14.211668968200684,
      20.737300872802734,
      17.873361587524414,
      23.048349380493164,
      17.534700393676758,
      25.70368766784668,
      15.644762992858887,
      26.893844604492188,
      21.609506607055664,
      39.41282272338867,
      17.538366317749023,
      33.42639923095703,
      21.49547576904297,
      29.384119033813477
    ],
    [
      4.409320831298828,
      5.832247734069824,
      5.65474271774292,
      7.300736904144287,
      10.050697326660156,
      10.018823623657227,
      11.308895111083984,
      13.177773475646973,
      13.07662582397461,
      13.237749099731445,
      10.349451065063477,
      11.942091941833496,
      15.90277099609375,
      17.538366317749023,
      21.577665328979492,
      20.85452651977539,
      21.78826332092285,
      20.981163024902344
    ],
    [
      5.460494518280029,
      9.794904708862305,
      7.544101715087891,
      12.626648902893066,
      12.033283233642578,
      17.179227828979492,
      14.982975959777832,
      20.58803939819336,
      15.706840515136719,
      22.40035057067871,
      13.15328311920166,
      22.049516677856445,
      19.312213897705078,
      33.42639923095703,
      20.85452651977539,
      39.751468658447266,
      25.04177474975586,
      35.02348327636719
    ],
    [
      5.648293495178223,
      6.337907314300537,
      7.382962226867676,
      8.482122421264648,
      10.722805976867676,
      12.149239540100098,
      11.537859916687012,
      15.553702354431152,
      14.929097175598145,
      16.677513122558594,
      10.9233980178833,
      14.129292488098145,
      16.88633918762207,
      21.49547576904297,
      21.78826332092285,
      25.04177474975586,
      38.89413833618164,
      36.89884948730469
    ],
    [
      5.079810619354248,
      1.8446646928787231,
      9.599625587463379,
      8.879798889160156,
      11.848215103149414,
      13.022870063781738,
      11.12526798248291,
      16.58255386352539,
      12.353928565979004,
      18.642017364501953,
      10.067962646484375,
      15.608509063720703,
      18.710132598876953,
      29.384119033813477,
      20.981163024902344,
      35.02348327636719,
      36.89884948730469,
      69.13829040527344
    ]
  ],
  "drr": 16.218978881835938,
  "dynamics": 2.2837884426116943,
  "format": 1245190,
  "frames": 11370496,
  "loudness": -8.4021577835083,
  "loudness_range": 5.009401321411133,
  "loudness_range_short": 8.098483085632324,
  "peak": 0.2536655366420746,
  "rms": -11.453298568725586,
  "sample_rate": 44100,
  "sections": 1,
  "seekable": 1,
  "sharpness": 2.4889273643493652,
  "space": -11.804717063903809
}