{
  "bands": [
    {
      "high_freq": 148.1999969482422,
      "loudness": -37.00773620605469,
      "loudness_range": 19.0510196685791,
      "mid_mean": -34.029048919677734,
      "mid_to_side_loudness": -7.739542007446289,
      "mid_to_side_loudness_range": 6.313061237335205,
      "side_mean": -41.845123291015625
    },
    {
      "high_freq": 392.3793640136719,
      "loudness": -23.51730728149414,
      "loudness_range": 14.340034484863281,
      "low_freq": 148.1999969482422,
      "mid_mean": -20.710453033447266,
      "mid_to_side_loudness": -7.138314723968506,
      "mid_to_side_loudness_range": 7.443699836730957,
      "side_mean": -27.86177635192871
    },
    {
      "high_freq": 794.6976318359375,
      "loudness": -23.157184600830078,
      "loudness_range": 18.628742218017578,
      "low_freq": 392.3793640136719,
      "mid_mean": -21.23250961303711,
      "mid_to_side_loudness": -4.0318522453308105,
      "mid_to_side_loudness_range": 10.239623069763184,
      "side_mean": -25.16558074951172
    },
    {
      "high_freq": 1457.5709228515625,
      "loudness": -25.815959930419922,
      "loudness_range": 20.49077606201172,
      "low_freq": 794.6976318359375,
      "mid_mean": -23.227031707763672,
      "mid_to_side_loudness": -5.939733505249023,
      "mid_to_side_loudness_range": 7.480460166931152,
      "side_mean": -29.236881256103516
    },
    {
      "high_freq": 2549.74365234375,
      "loudness": -30.98927879333496,
      "loudness_range": 18.385974884033203,
      "low_freq": 1457.5709228515625,
      "mid_mean": -28.847929000854492,
      "mid_to_side_loudness": -4.473466873168945,
      "mid_to_side_loudness_range": 9.434804916381836,
      "side_mean": -33.31930160522461
    },
    {
      "high_freq": 4349.24462890625,
      "loudness": -41.5830078125,
      "loudness_range": 22.768198013305664,
      "low_freq": 2549.74365234375,
      "mid_mean": -38.71317672729492,
      "mid_to_side_loudness": -7.309333801269531,
      "mid_to_side_loudness_range": 6.665255546569824,
      "side_mean": -46.2164192199707
    },
    {
      "high_freq": 7314.1640625,
      "loudness": -54.783164978027344,
      "loudness_range": 30.870616912841797,
      "low_freq": 4349.24462890625,
      "mid_mean": -51.9908447265625,
      "mid_to_side_loudness": -5.759737014770508,
      "mid_to_side_loudness_range": 7.0710883140563965,
      "side_mean": -56.966617584228516
    },
    {
      "high_freq": 12199.2666015625,
      "loudness": -63.805931091308594,
      "loudness_range": 20.930496215820312,
      "low_freq": 7314.1640625,
      "mid_mean": -60.29942321777344,
      "mid_to_side_loudness": -5.506448745727539,
      "mid_to_side_loudness_range": 3.342381715774536,
      "side_mean": -64.13284301757812
    },
    {
      "loudness": -65.25128936767578,
      "loudness_range": 2.1711044311523438,
      "low_freq": 12199.2666015625,
      "mid_mean": -61.87521743774414,
      "mid_to_side_loudness": -5.5878448486328125,
      "mid_to_side_loudness_range": 1.0744142532348633,
      "side_mean": -65.96876525878906
    }
  ],
  "bands_short": [
    {
      "high_freq": 148.1999969482422,
      "loudness": -42.08779525756836,
      "loudness_range": 19.928367614746094,
      "mid_mean": -39.341670989990234,
      "mid_to_side_loudness": -6.710084438323975,
      "mid_to_side_loudness_range": 8.359137535095215,
      "side_mean": -46.09356689453125
    },
    {
      "high_freq": 392.3793640136719,
      "loudness": -24.331714630126953,
      "loudness_range": 16.212709426879883,
      "low_freq": 148.1999969482422,
      "mid_mean": -21.55434226989746,
      "mid_to_side_loudness": -7.3414506912231445,
      "mid_to_side_loudness_range": 9.357322692871094,
      "side_mean": -28.88911247253418
    },
    {
      "high_freq": 794.6976318359375,
      "loudness": -23.6434383392334,
      "loudness_range": 20.336261749267578,
      "low_freq": 392.3793640136719,
      "mid_mean": -21.648012161254883,
      "mid_to_side_loudness": -4.508811950683594,
      "mid_to_side_loudness_range": 11.470301628112793,
      "side_mean": -26.099512100219727
    },
    {
      "high_freq": 1457.5709228515625,
      "loudness": -26.96576499938965,
      "loudness_range": 21.694997787475586,
      "low_freq": 794.6976318359375,
      "mid_mean": -24.566349029541016,
      "mid_to_side_loudness": -5.56083869934082,
      "mid_to_side_loudness_range": 9.913154602050781,
      "side_mean": -30.19997787475586
    },
    {
      "high_freq": 2549.74365234375,
      "loudness": -32.64857482910156,
      "loudness_range": 21.667646408081055,
      "low_freq": 1457.5709228515625,
      "mid_mean": -30.471668243408203,
      "mid_to_side_loudness": -4.945377826690674,
      "mid_to_side_loudness_range": 10.440389633178711,
      "side_mean": -35.38421630859375
    },
    {
      "high_freq": 4349.24462890625,
      "loudness": -42.704246520996094,
      "loudness_range": 24.84873390197754,
      "low_freq": 2549.74365234375,
      "mid_mean": -39.96738815307617,
      "mid_to_side_loudness": -7.189363479614258,
      "mid_to_side_loudness_range": 8.815506935119629,
      "side_mean": -47.30869674682617
    },
    {
      "high_freq": 7314.1640625,
      "loudness": -57.4290885925293,
      "loudness_range": 32.20256805419922,
      "low_freq": 4349.24462890625,
      "mid_mean": -54.39192199707031,
      "mid_to_side_loudness": -5.912527084350586,
      "mid_to_side_loudness_range": 8.129865646362305,
      "side_mean": -59.30281448364258
    },
    {
      "high_freq": 12199.2666015625,
      "loudness": -65.6884765625,
      "loudness_range": 18.188865661621094,
      "low_freq": 7314.1640625,
      "mid_mean": -61.96580505371094,
      "mid_to_side_loudness": -5.599123477935791,
      "mid_to_side_loudness_range": 3.7333521842956543,
      "side_mean": -65.59331512451172
    },
    {
      "loudness": -65.37019348144531,
      "loudness_range": 1.6243972778320312,
      "low_freq": 12199.2666015625,
      "mid_mean": -61.95792770385742,
      "mid_to_side_loudness": -5.66916036605835,
      "mid_to_side_loudness_range": 1.4530973434448242,
      "side_mean": -66.06887817382812
    }
  ],
  "channels": 2,
  "covariance": [
    [
      42.46562576293945,
      38.0003776550293,
      8.262760162353516,
      10.724632263183594,
      4.239442348480225,
      4.088655948638916,
      4.037256717681885,
      4.846685409545898,
      3.4422688484191895,
      5.684915065765381,
      -2.313249111175537,
      0.22935427725315094,
      1.1999109983444214,
      0.9877710938453674,
      -1.5238776206970215,
      -1.0610618591308594,
      0.233655646443367,
      0.14451420307159424
    ],
    [
      38.0003776550293,
      38.944183349609375,
      8.456066131591797,
      12.587069511413574,
      5.613626480102539,
      5.247243404388428,
      4.999965190887451,
      5.190552711486816,
      4.38319206237793,
      6.079787731170654,
      -1.0430675745010376,
      1.5736862421035767,
      3.2371420860290527,
      2.726773262023926,
      -0.46110010147094727,
      -0.18477846682071686,
      0.3578903377056122,
      0.24535390734672546
    ],
    [
      8.262760162353516,
      8.456066131591797,
      31.467395782470703,
      29.06135368347168,
      18.43578338623047,
      17.997407913208008,
      12.616183280944824,
      12.124616622924805,
      14.769485473632812,
      12.432924270629883,
      6.50250244140625,
      6.338554859161377,
      10.318025588989258,
      7.713423252105713,
      -1.3455653190612793,
      -0.8997043967247009,
      0.11078130453824997,
      0.0781637504696846
    ],
    [
      10.724632263183594,
      12.587069511413574,
      29.06135368347168,
      34.19439697265625,
      20.043094635009766,
      18.82073211669922,
      13.478588104248047,
      12.702682495117188,
      15.147297859191895,
      13.486987113952637,
      8.405467987060547,
      8.79260540008545,
      10.868491172790527,
      8.553494453430176,
      -0.19122007489204407,
      -0.03547483682632446,
      0.14503459632396698,
      0.08712562173604965
    ],
    [
      4.239442348480225,
      5.613626480102539,
      18.43578338623047,
      20.043094635009766,
      48.40908432006836,
      40.00700378417969,
      26.487279891967773,
      27.235727310180664,
      30.447912216186523,
      28.813457489013672,
      23.78574562072754,
      26.048282623291016,
      34.06385040283203,
      33.27510452270508,
      13.136852264404297,
      11.994222640991211,
      0.7853948473930359,
      0.7776243090629578
    ],
    [
      4.088655948638916,
      5.247243404388428,
      17.997407913208008,
      18.82073211669922,
      40.00700378417969,
      46.05074691772461,
      25.209531784057617,
      24.493810653686523,
      33.061763763427734,
      28.040246963500977,
      24.369890213012695,
      26.11707878112793,
      33.42087173461914,
      32.439334869384766,
      14.568900108337402,
      12.925352096557617,
      0.7934851050376892,
      0.7310971617698669
    ],
    [
      4.037256717681885,
      4.999965190887451,
      12.616183280944824,
      13.478588104248047,
      26.487279891967773,
      25.209531784057617,
      49.1977424621582,
      41.89257049560547,
      30.136653900146484,
      34.57638931274414,
      32.713619232177734,
      36.030662536621094,
      52.454002380371094,
      44.94740295410156,
      25.037212371826172,
      22.19024658203125,
      2.5514936447143555,
      2.5491292476654053
    ],
    [
      4.846685409545898,
      5.190552711486816,
      12.124616622924805,
      12.702682495117188,
      27.235727310180664,
      24.493810653686523,
      41.89257049560547,
      44.07953643798828,
      30.012645721435547,
      32.77919387817383,
      31.266820907592773,
      35.628868103027344,
      50.98277282714844,
      44.10992431640625,
      24.504472732543945,
      21.304630279541016,
      2.483124017715454,
      2.4099583625793457
    ],
    [
      3.4422688484191895,
      4.38319206237793,
      14.769485473632812,
      15.147297859191895,
      30.447912216186523,
      33.061763763427734,
      30.136653900146484,
      30.012645721435547,
      40.46808624267578,
      37.02826690673828,
      33.899295806884766,
      37.39628219604492,
      46.52440643310547,
      42.811763763427734,
      22.8228816986084,
      19.70209503173828,
      1.8948156833648682,
      1.8342794179916382
    ],
    [
      5.684915065765381,
      6.079787731170654,
      12.432924270629883,
      13.486987113952637,
      28.813457489013672,
      28.040246963500977,
      34.57638931274414,
      32.77919387817383,
      37.02826690673828,
      45.36344909667969,
      34.32621383666992,
      38.245338439941406,
      49.60615158081055,
      45.44961166381836,
      24.014535903930664,
      21.091733932495117,
      2.0919058322906494,
      2.0884106159210205
    ],
    [
      -2.313249111175537,
      -1.0430675745010376,
      6.50250244140625,
      8.405467987060547,
      23.78574562072754,
      24.369890213012695,
      32.713619232177734,
      31.266820907592773,
      33.899295806884766,
      34.32621383666992,
      59.65245819091797,
      57.35314178466797,
      62.66391372680664,
      57.33076858520508,
      36.08478546142578,
      31.134183883666992,
      2.973541498184204,
      3.0890138149261475
    ],
    [
      0.22935427725315094,
      1.5736862421035767,
      6.338554859161377,
      8.79260540008545,
      26.048282623291016,
      26.11707878112793,
      36.030662536621094,
      35.628868103027344,
      37.39628219604492,
      38.245338439941406,
      57.35314178466797,
      63.284732818603516,
      66.6748275756836,
      61.08201599121094,
      37.932735443115234,
      32.750144958496094,
      3.130800247192383,
      3.274897575378418
    ],
    [
      1.1999109983444214,
      3.2371420860290527,
      10.318025588989258,
      10.868491172790527,
      34.06385040283203,
      33.42087173461914,
      52.454002380371094,
      50.98277282714844,
      46.52440643310547,
      49.60615158081055,
      62.66391372680664,
      66.6748275756836,
      96.55461120605469,
      85.18887329101562,
      50.9781608581543,
      43.49814987182617,
      5.47420072555542,
      4.921884536743164
    ],
    [
      0.9877710938453674,
      2.726773262023926,
      7.713423252105713,
      8.553494453430176,
      33.27510452270508,
      32.439334869384766,
      44.94740295410156,
      44.10992431640625,
      42.811763763427734,
      45.44961166381836,
      57.33076858520508,
      61.08201599121094,
      85.18887329101562,
      80.40323638916016,
      48.125038146972656,
      41.48383331298828,
      4.888204097747803,
      4.561427116394043
    ],
    [
      -1.5238776206970215,
      -0.46110010147094727,
      -1.3455653190612793,
      -0.19122007489204407,
      13.136852264404297,
      14.568900108337402,
      25.037212371826172,
      24.504472732543945,
      22.8228816986084,
      24.014535903930664,
      36.08478546142578,
      37.932735443115234,
      50.9781608581543,
      48.125038146972656,
      41.39167022705078,
      36.09825134277344,
      4.2840576171875,
      4.048401355743408
    ],
    [
      -1.0610618591308594,
      -0.18477846682071686,
      -0.8997043967247009,
      -0.03547483682632446,
      11.994222640991211,
      12.925352096557617,
      22.19024658203125,
      21.304630279541016,
      19.70209503173828,
      21.091733932495117,
      31.134183883666992,
      32.750144958496094,
      43.49814987182617,
      41.48383331298828,
      36.09825134277344,
      32.74671936035156,
      3.7718076705932617,
      3.6826112270355225
    ],
    [
      0.233655646443367,
      0.3578903377056122,
      0.11078130453824997,
      0.14503459632396698,
      0.7853948473930359,
      0.7934851050376892,
      2.5514936447143555,
      2.483124017715454,
      1.8948156833648682,
      2.0919058322906494,
      2.973541498184204,
      3.130800247192383,
      5.47420072555542,
      4.888204097747803,
      4.2840576171875,
      3.7718076705932617,
      1.1296459436416626,
      0.8819829821586609
    ],
    [
      0.14451420307159424,
      0.24535390734672546,
      0.0781637504696846,
      0.08712562173604965,
      0.7776243090629578,
      0.7310971617698669,
      2.5491292476654053,
      2.4099583625793457,
      1.8342794179916382,
      2.0884106159210205,
      3.0890138149261475,
      3.274897575378418,
      4.921884536743164,
      4.561427116394043,
      4.048401355743408,
      3.6826112270355225,
      0.8819829821586609,
      0.790574312210083
    ]
  ],
  "covariance_short": [
    [
      49.261966705322266,
      41.34222412109375,
      12.14828109741211,
      15.031577110290527,
      6.769848823547363,
      7.116662979125977,
      7.6203083992004395,
      7.257989406585693,
      7.204619884490967,
      9.784119606018066,
      4.11915397644043,
      5.475032806396484,
      6.3040008544921875,
      5.321619510650635,
      1.3509272336959839,
      1.337091088294983,
      0.5595572590827942,
      0.4214290976524353
    ],
    [
      41.34222412109375,
      42.90306854248047,
      8.81460189819336,
      12.671345710754395,
      5.474681854248047,
      5.683298110961914,
      6.349017143249512,
      5.354089736938477,
      6.068145275115967,
      7.978003025054932,
      3.5395147800445557,
      4.798418998718262,
      5.597011566162109,
      4.413028240203857,
      1.3678171634674072,
      1.3224419355392456,
      0.6354073882102966,
      0.462018221616745
    ],
    [
      12.14828109741211,
      8.81460189819336,
      35.504146575927734,
      32.35709762573242,
      21.53204345703125,
      20.20764923095703,
      13.37418270111084,
      14.05826473236084,
      17.754114151000977,
      16.137479782104492,
      11.911487579345703,
      11.914107322692871,
      12.789152145385742,
      9.857939720153809,
      0.17631924152374268,
      0.5404704213142395,
      0.15731659531593323,
      0.1342611014842987
    ],
    [
      15.031577110290527,
      12.671345710754395,
      32.35709762573242,
      41.0238037109375,
      25.17291831970215,
      23.195728302001953,
      16.089229583740234,
      16.594825744628906,
      19.711769104003906,
      18.69200897216797,
      15.538818359375,
      16.249727249145508,
      15.161301612854004,
      12.145788192749023,
      1.8964639902114868,
      1.846403956413269,
      0.3097781538963318,
      0.26593437790870667
    ],
    [
      6.769848823547363,
      5.474681854248047,
      21.53204345703125,
      25.17291831970215,
      52.9370231628418,
      43.290977478027344,
      30.088878631591797,
      31.353635787963867,
      36.43195343017578,
      36.21541976928711,
      33.53758239746094,
      34.009849548339844,
      38.97869873046875,
      35.68403244018555,
      13.071044921875,
      11.97293472290039,
      1.2195760011672974,
      1.160056471824646
    ],
    [
      7.116662979125977,
      5.683298110961914,
      20.20764923095703,
      23.195728302001953,
      43.290977478027344,
      51.9803581237793,
      29.565488815307617,
      29.062759399414062,
      39.2901496887207,
      35.31019973754883,
      33.760475158691406,
      33.37141418457031,
      39.47413635253906,
      35.77129364013672,
      15.343240737915039,
      13.499483108520508,
      1.3021693229675293,
      1.2529512643814087
    ],
    [
      7.6203083992004395,
      6.349017143249512,
      13.37418270111084,
      16.089229583740234,
      30.088878631591797,
      29.565488815307617,
      53.06855392456055,
      44.232139587402344,
      36.80213928222656,
      39.480018615722656,
      38.63918685913086,
      41.568275451660156,
      52.39316940307617,
      43.654937744140625,
      21.269954681396484,
      18.61953353881836,
      2.6806602478027344,
      2.541940212249756
    ],
    [
      7.257989406585693,
      5.354089736938477,
      14.05826473236084,
      16.594825744628906,
      31.353635787963867,
      29.062759399414062,
      44.232139587402344,
      49.52400207519531,
      37.433223724365234,
      38.4461669921875,
      39.034629821777344,
      42.0869140625,
      51.417057037353516,
      43.90806198120117,
      20.854490280151367,
      17.85856056213379,
      2.7218918800354004,
      2.4963419437408447
    ],
    [
      7.204619884490967,
      6.068145275115967,
      17.754114151000977,
      19.711769104003906,
      36.43195343017578,
      39.2901496887207,
      36.80213928222656,
      37.433223724365234,
      52.681331634521484,
      47.07670593261719,
      43.88575744628906,
      45.52192306518555,
      51.77437210083008,
      46.18438720703125,
      21.647085189819336,
      18.697040557861328,
      2.298705577850342,
      2.1965250968933105
    ],
    [
      9.784119606018066,
      7.978003025054932,
      16.137479782104492,
      18.69200897216797,
      36.21541976928711,
      35.31019973754883,
      39.480018615722656,
      38.4461669921875,
      47.07670593261719,
      57.512752532958984,
      43.9991455078125,
      46.24875259399414,
      53.254024505615234,
      47.80368423461914,
      22.521135330200195,
      19.654144287109375,
      2.5372698307037354,
      2.4368114471435547
    ],
    [
      4.11915397644043,
      3.5395147800445557,
      11.911487579345703,
      15.538818359375,
      33.53758239746094,
      33.760475158691406,
      38.63918685913086,
      39.034629821777344,
      43.88575744628906,
      43.9991455078125,
      70.56306457519531,
      65.79718017578125,
      66.1224136352539,
      58.98738479614258,
      31.04237937927246,
      26.288848876953125,
      3.2306227684020996,
      3.1641602516174316
    ],
    [
      5.475032806396484,
      4.798418998718262,
      11.914107322692871,
      16.249727249145508,
      34.009849548339844,
      33.37141418457031,
      41.568275451660156,
      42.0869140625,
      45.52192306518555,
      46.24875259399414,
      65.79718017578125,
      73.38671875,
      68.64810180664062,
      60.18680191040039,
      31.388607025146484,
      26.553571701049805,
      3.37955379486084,
      3.286412000656128
    ],
    [
      6.3040008544921875,
      5.597011566162109,
      12.789152145385742,
      15.161301612854004,
      38.97869873046875,
      39.47413635253906,
      52.39316940307617,
      51.417057037353516,
      51.77437210083008,
      53.254024505615234,
      66.1224136352539,
      68.64810180664062,
      93.78630828857422,
      78.73751831054688,
      41.03547668457031,
      34.313995361328125,
      5.327951908111572,
      4.6495161056518555
    ],
    [
      5.321619510650635,
      4.413028240203857,
      9.857939720153809,
      12.145788192749023,
      35.68403244018555,
      35.77129364013672,
      43.654937744140625,
      43.90806198120117,
      46.18438720703125,
      47.80368423461914,
      58.98738479614258,
      60.18680191040039,
      78.73751831054688,
      72.8244857788086,
      38.17131042480469,
      32.325347900390625,
      4.74730110168457,
      4.299778938293457
    ],
    [
      1.3509272336959839,
      1.3678171634674072,
      0.17631924152374268,
      1.8964639902114868,
      13.071044921875,
      15.343240737915039,
      21.269954681396484,
      20.854490280151367,
      21.647085189819336,
      22.521135330200195,
      31.04237937927246,
      31.388607025146484,
      41.03547668457031,
      38.17131042480469,
      30.83277130126953,
      26.001415252685547,
      3.9252867698669434,
      3.6523282527923584
    ],
    [
      1.337091088294983,
      1.3224419355392456,
      0.5404704213142395,
      1.846403956413269,
      11.97293472290039,
      13.499483108520508,
      18.61953353881836,
      17.85856056213379,
      18.697040557861328,
      19.654144287109375,
      26.288848876953125,
      26.553571701049805,
      34.313995361328125,
      32.325347900390625,
      26.001415252685547,
      23.633665084838867,
      3.447826623916626,
      3.3397178649902344
    ],
    [
      0.5595572590827942,
      0.6354073882102966,
      0.15731659531593323,
      0.3097781538963318,
      1.2195760011672974,
      1.3021693229675293,
      2.6806602478027344,
      2.7218918800354004,
      2.298705577850342,
      2.5372698307037354,
      3.2306227684020996,
      3.37955379486084,
      5.327951908111572,
      4.74730110168457,
      3.9252867698669434,
      3.447826623916626,
      1.3402990102767944,
      1.0248141288757324
    ],
    [
      0.4214290976524353,
      0.462018221616745,
      0.1342611014842987,
      0.26593437790870667,
      1.160056471824646,
      1.2529512643814087,
      2.541940212249756,
      2.4963419437408447,
      2.1965250968933105,
      2.4368114471435547,
      3.1641602516174316,
      3.286412000656128,
      4.6495161056518555,
      4.299778938293457,
      3.6523282527923584,
      3.3397178649902344,
      1.0248141288757324,
      0.9766644835472107
    ]
  ],
  "drr": 9.399904251098633,
  "dynamics": 4.324472904205322,
  "format": 1245190,
  "frames": 7973824,
  "loudness": -13.402878761291504,
  "loudness_range": 12.151908874511719,
  "loudness_range_short": 15.741020202636719,
  "peak": 0.29179590940475464,
  "rms": -14.887574195861816,
  "sample_rate": 44100,
  "sections": 1,
  "seekable": 1,
  "sharpness": 3.9985740184783936,
  "space": -5.717250347137451
}