{
  "bands": [
    {
      "high_freq": 148.1999969482422,
      "loudness": -32.01839828491211,
      "loudness_range": 14.81092643737793,
      "mid_mean": -28.451496124267578,
      "mid_to_side_loudness": -15.973320007324219,
      "mid_to_side_loudness_range": 9.063520431518555,
      "side_mean": -44.52250671386719
    },
    {
      "high_freq": 392.3793640136719,
      "loudness": -24.472980499267578,
      "loudness_range": 10.985116958618164,
      "low_freq": 148.1999969482422,
      "mid_mean": -20.8082218170166,
      "mid_to_side_loudness": -21.009639739990234,
      "mid_to_side_loudness_range": 5.143703460693359,
      "side_mean": -41.93187713623047
    },
    {
      "high_freq": 794.6976318359375,
      "loudness": -32.52009963989258,
      "loudness_range": 21.232145309448242,
      "low_freq": 392.3793640136719,
      "mid_mean": -28.895044326782227,
      "mid_to_side_loudness": -19.427778244018555,
      "mid_to_side_loudness_range": 8.8296537399292,
      "side_mean": -48.83563232421875
    },
    {
      "high_freq": 1457.5709228515625,
      "loudness": -38.740543365478516,
      "loudness_range": 24.124181747436523,
      "low_freq": 794.6976318359375,
      "mid_mean": -35.37667465209961,
      "mid_to_side_loudness": -13.238851547241211,
      "mid_to_side_loudness_range": 10.45907211303711,
      "side_mean": -48.73131561279297
    },
    {
      "high_freq": 2549.74365234375,
      "loudness": -38.30363845825195,
      "loudness_range": 25.796104431152344,
      "low_freq": 1457.5709228515625,
      "mid_mean": -35.285221099853516,
      "mid_to_side_loudness": -8.509888648986816,
      "mid_to_side_loudness_range": 8.208961486816406,
      "side_mean": -43.92463684082031
    },
    {
      "high_freq": 4349.24462890625,
      "loudness": -38.82352066040039,
      "loudness_range": 22.497173309326172,
      "low_freq": 2549.74365234375,
      "mid_mean": -36.669090270996094,
      "mid_to_side_loudness": -4.5245561599731445,
      "mid_to_side_loudness_range": 8.074129104614258,
      "side_mean": -40.911502838134766
    },
    {
      "high_freq": 7314.1640625,
      "loudness": -40.933353424072266,
      "loudness_range": 22.604005813598633,
      "low_freq": 4349.24462890625,
      "mid_mean": -40.15851974487305,
      "mid_to_side_loudness": -1.3015387058258057,
      "mid_to_side_loudness_range": 12.854473114013672,
      "side_mean": -41.492557525634766
    },
    {
      "high_freq": 12199.2666015625,
      "loudness": -45.62925338745117,
      "loudness_range": 23.01305389404297,
      "low_freq": 7314.1640625,
      "mid_mean": -44.495887756347656,
      "mid_to_side_loudness": -2.644223928451538,
      "mid_to_side_loudness_range": 15.961263656616211,
      "side_mean": -47.080101013183594
    },
    {
      "loudness": -59.285919189453125,
      "loudness_range": 22.53734588623047,
      "low_freq": 12199.2666015625,
      "mid_mean": -56.186676025390625,
      "mid_to_side_loudness": -5.6952714920043945,
      "mid_to_side_loudness_range": 8.981372833251953,
      "side_mean": -60.80399703979492
    }
  ],
  "bands_short": [
    {
      "high_freq": 148.1999969482422,
      "loudness": -36.859188079833984,
      "loudness_range": 20.436159133911133,
      "mid_mean": -33.47528076171875,
      "mid_to_side_loudness": -13.716768264770508,
      "mid_to_side_loudness_range": 14.069799423217773,
      "side_mean": -47.229896545410156
    },
    {
      "high_freq": 392.3793640136719,
      "loudness": -25.34425926208496,
      "loudness_range": 15.103992462158203,
      "low_freq": 148.1999969482422,
      "mid_mean": -21.692323684692383,
      "mid_to_side_loudness": -20.344093322753906,
      "mid_to_side_loudness_range": 7.387941360473633,
      "side_mean": -42.22203063964844
    },
    {
      "high_freq": 794.6976318359375,
      "loudness": -33.2262077331543,
      "loudness_range": 24.332073211669922,
      "low_freq": 392.3793640136719,
      "mid_mean": -29.63487434387207,
      "mid_to_side_loudness": -19.38736915588379,
      "mid_to_side_loudness_range": 11.411192893981934,
      "side_mean": -49.20985412597656
    },
    {
      "high_freq": 1457.5709228515625,
      "loudness": -39.82875442504883,
      "loudness_range": 27.501237869262695,
      "low_freq": 794.6976318359375,
      "mid_mean": -36.43683624267578,
      "mid_to_side_loudness": -14.199686050415039,
      "mid_to_side_loudness_range": 12.317554473876953,
      "side_mean": -51.103302001953125
    },
    {
      "high_freq": 2549.74365234375,
      "loudness": -40.57642364501953,
      "loudness_range": 31.449209213256836,
      "low_freq": 1457.5709228515625,
      "mid_mean": -37.56149673461914,
      "mid_to_side_loudness": -8.76148509979248,
      "mid_to_side_loudness_range": 10.12590503692627,
      "side_mean": -46.6796989440918
    },
    {
      "high_freq": 4349.24462890625,
      "loudness": -40.75505065917969,
      "loudness_range": 26.943445205688477,
      "low_freq": 2549.74365234375,
      "mid_mean": -38.54082489013672,
      "mid_to_side_loudness": -4.7449259757995605,
      "mid_to_side_loudness_range": 8.989002227783203,
      "side_mean": -43.15562438964844
    },
    {
      "high_freq": 7314.1640625,
      "loudness": -43.76646423339844,
      "loudness_range": 26.71552848815918,
      "low_freq": 4349.24462890625,
      "mid_mean": -42.87372970581055,
      "mid_to_side_loudness": -1.729373574256897,
      "mid_to_side_loudness_range": 13.833446502685547,
      "side_mean": -44.60878372192383
    },
    {
      "high_freq": 12199.2666015625,
      "loudness": -47.96487045288086,
      "loudness_range": 24.159038543701172,
      "low_freq": 7314.1640625,
      "mid_mean": -46.33981704711914,
      "mid_to_side_loudness": -3.8149573802948,
      "mid_to_side_loudness_range": 12.738601684570312,
      "side_mean": -50.11882400512695
    },
    {
      "loudness": -61.09851837158203,
      "loudness_range": 27.03287124633789,
      "low_freq": 12199.2666015625,
      "mid_mean": -57.406742095947266,
      "mid_to_side_loudness": -6.124268054962158,
      "mid_to_side_loudness_range": 8.694683074951172,
      "side_mean": -62.00012969970703
    }
  ],
  "channels": 2,
  "covariance": [
    [
      27.05552864074707,
      15.404572486877441,
      4.163283824920654,
      1.7012584209442139,
      3.570627450942993,
      8.877826690673828,
      6.568741321563721,
      10.956830978393555,
      3.5948967933654785,
      5.749472141265869,
      6.79229211807251,
      4.660348892211914,
      7.564957141876221,
      5.3204345703125,
      7.233510971069336,
      3.958343029022217,
      9.192709922790527,
      5.278201103210449
    ],
    [
      15.404572486877441,
      12.03952407836914,
      0.01790078729391098,
      -0.26562073826789856,
      1.2125494480133057,
      4.4888834953308105,
      1.635842204093933,
      4.850632667541504,
      1.4389315843582153,
      2.9983115196228027,
      2.1919291019439697,
      1.4573906660079956,
      3.099383592605591,
      2.3639988899230957,
      3.368396759033203,
      0.6426272988319397,
      5.781092166900635,
      2.6249656677246094
    ],
    [
      4.163283824920654,
      0.01790078729391098,
      16.164974212646484,
      11.313547134399414,
      11.233874320983887,
      13.333110809326172,
      15.750983238220215,
      15.303890228271484,
      9.171670913696289,
      7.623938083648682,
      12.2666654586792,
      8.447832107543945,
      9.482492446899414,
      7.142192840576172,
      9.997058868408203,
      9.624516487121582,
      7.499209403991699,
      6.0872297286987305
    ],
    [
      1.7012584209442139,
      -0.26562073826789856,
      11.313547134399414,
      10.224111557006836,
      7.024362564086914,
      9.733182907104492,
      9.174287796020508,
      9.726807594299316,
      5.350510597229004,
      4.97654914855957,
      7.32179594039917,
      5.2059245109558105,
      4.810360431671143,
      4.727810382843018,
      5.217154502868652,
      5.275646686553955,
      3.086866617202759,
      2.114990234375
    ],
    [
      3.570627450942993,
      1.2125494480133057,
      11.233874320983887,
      7.024362564086914,
      51.05079650878906,
      42.08328628540039,
      44.072574615478516,
      33.9053955078125,
      43.545658111572266,
      30.92117691040039,
      36.177555084228516,
      22.275529861450195,
      30.972970962524414,
      17.507305145263672,
      26.30033302307129,
      14.674388885498047,
      31.476064682006836,
      21.801694869995117
    ],
    [
      8.877826690673828,
      4.4888834953308105,
      13.333110809326172,
      9.733182907104492,
      42.08328628540039,
      48.0155143737793,
      43.47222900390625,
      40.679195404052734,
      40.42609405517578,
      33.386260986328125,
      36.749515533447266,
      25.75934600830078,
      32.87160873413086,
      21.909250259399414,
      30.76121711730957,
      17.9702205657959,
      35.67194747924805,
      24.210216522216797
    ],
    [
      6.568741321563721,
      1.635842204093933,
      15.750983238220215,
      9.174287796020508,
      44.072574615478516,
      43.47222900390625,
      71.36682891845703,
      57.54032516479492,
      59.564266204833984,
      45.361698150634766,
      51.52429962158203,
      34.32807540893555,
      47.2993278503418,
      28.28986358642578,
      39.23282241821289,
      24.5553035736084,
      44.80576705932617,
      33.01044464111328
    ],
    [
      10.956830978393555,
      4.850632667541504,
      15.303890228271484,
      9.726807594299316,
      33.9053955078125,
      40.679195404052734,
      57.54032516479492,
      58.562744140625,
      48.2729377746582,
      41.14354705810547,
      43.79961395263672,
      31.722858428955078,
      42.13245391845703,
      27.476362228393555,
      35.95792007446289,
      23.913349151611328,
      40.33272933959961,
      29.84642219543457
    ],
    [
      3.5948967933654785,
      1.4389315843582153,
      9.171670913696289,
      5.350510597229004,
      43.545658111572266,
      40.42609405517578,
      59.564266204833984,
      48.2729377746582,
      75.9586410522461,
      57.21265411376953,
      61.20985794067383,
      42.505760192871094,
      52.63618850708008,
      33.428199768066406,
      41.49279022216797,
      26.39885902404785,
      48.28243637084961,
      35.309547424316406
    ],
    [
      5.749472141265869,
      2.9983115196228027,
      7.623938083648682,
      4.97654914855957,
      30.92117691040039,
      33.386260986328125,
      45.361698150634766,
      41.14354705810547,
      57.21265411376953,
      50.22880935668945,
      47.766658782958984,
      36.26045227050781,
      41.43815612792969,
      29.13587188720703,
      33.6833381652832,
      22.15288734436035,
      37.81275177001953,
      27.756267547607422
    ],
    [
      6.79229211807251,
      2.1919291019439697,
      12.2666654586792,
      7.32179594039917,
      36.177555084228516,
      36.749515533447266,
      51.52429962158203,
      43.79961395263672,
      61.20985794067383,
      47.766658782958984,
      66.12889862060547,
      45.80224609375,
      56.38533020019531,
      41.01786422729492,
      43.74090576171875,
      35.462120056152344,
      45.171756744384766,
      35.013946533203125
    ],
    [
      4.660348892211914,
      1.4573906660079956,
      8.447832107543945,
      5.2059245109558105,
      22.275529861450195,
      25.75934600830078,
      34.32807540893555,
      31.722858428955078,
      42.505760192871094,
      36.26045227050781,
      45.80224609375,
      38.9418830871582,
      38.13890075683594,
      32.38922119140625,
      30.944091796875,
      27.95718765258789,
      29.39948081970215,
      23.95562744140625
    ],
    [
      7.564957141876221,
      3.099383592605591,
      9.482492446899414,
      4.810360431671143,
      30.972970962524414,
      32.87160873413086,
      47.2993278503418,
      42.13245391845703,
      52.63618850708008,
      41.43815612792969,
      56.38533020019531,
      38.13890075683594,
      74.70732879638672,
      53.39567947387695,
      58.14204406738281,
      54.00540542602539,
      55.418434143066406,
      46.300270080566406
    ],
    [
      5.3204345703125,
      2.3639988899230957,
      7.142192840576172,
      4.727810382843018,
      17.507305145263672,
      21.909250259399414,
      28.28986358642578,
      27.476362228393555,
      33.428199768066406,
      29.13587188720703,
      41.01786422729492,
      32.38922119140625,
      53.39567947387695,
      55.88825988769531,
      42.88177490234375,
      54.10151290893555,
      31.26177406311035,
      30.000486373901367
    ],
    [
      7.233510971069336,
      3.368396759033203,
      9.997058868408203,
      5.217154502868652,
      26.30033302307129,
      30.76121711730957,
      39.23282241821289,
      35.95792007446289,
      41.49279022216797,
      33.6833381652832,
      43.74090576171875,
      30.944091796875,
      58.14204406738281,
      42.88177490234375,
      56.138065338134766,
      50.739418029785156,
      51.494956970214844,
      42.992454528808594
    ],
    [
      3.958343029022217,
      0.6426272988319397,
      9.624516487121582,
      5.275646686553955,
      14.674388885498047,
      17.9702205657959,
      24.5553035736084,
      23.913349151611328,
      26.39885902404785,
      22.15288734436035,
      35.462120056152344,
      27.95718765258789,
      54.00540542602539,
      54.10151290893555,
      50.739418029785156,
      68.4194107055664,
      32.71117401123047,
      34.91952896118164
    ],
    [
      9.192709922790527,
      5.781092166900635,
      7.499209403991699,
      3.086866617202759,
      31.476064682006836,
      35.67194747924805,
      44.80576705932617,
      40.33272933959961,
      48.28243637084961,
      37.81275177001953,
      45.171756744384766,
      29.39948081970215,
      55.418434143066406,
      31.26177406311035,
      51.494956970214844,
      32.71117401123047,
      62.22291564941406,
      46.10646057128906
    ],
    [
      5.278201103210449,
      2.6249656677246094,
      6.0872297286987305,
      2.114990234375,
      21.801694869995117,
      24.210216522216797,
      33.01044464111328,
      29.84642219543457,
      35.309547424316406,
      27.756267547607422,
      35.013946533203125,
      23.95562744140625,
      46.300270080566406,
      30.000486373901367,
      42.992454528808594,
      34.91952896118164,
      46.10646057128906,
      39.256221771240234
    ]
  ],
  "covariance_short": [
    [
      56.80110549926758,
      29.271404266357422,
      8.226005554199219,
      4.0667901039123535,
      1.286095142364502,
      2.942840337753296,
      4.356409549713135,
      8.127936363220215,
      4.481448650360107,
      5.297235012054443,
      5.272071361541748,
      3.6483194828033447,
      8.148609161376953,
      3.7670650482177734,
      7.821897983551025,
      5.3640947341918945,
      7.689851760864258,
      5.194929122924805
    ],
    [
      29.271404266357422,
      23.43101692199707,
      0.8492245674133301,
      -0.008113265968859196,
      -0.9291378855705261,
      1.0197720527648926,
      1.4332990646362305,
      4.447846412658691,
      2.9449830055236816,
      3.455848217010498,
      2.828289031982422,
      2.2447402477264404,
      5.373316287994385,
      3.1800906658172607,
      4.983086109161377,
      3.760401487350464,
      5.1395583152771,
      3.178938627243042
    ],
    [
      8.226005554199219,
      0.8492245674133301,
      31.691621780395508,
      22.247900009155273,
      23.284465789794922,
      19.37853240966797,
      21.234304428100586,
      20.227294921875,
      12.672022819519043,
      11.10267448425293,
      11.532855987548828,
      7.601568222045898,
      5.084365367889404,
      1.8018808364868164,
      7.799727439880371,
      4.361306190490723,
      5.237453937530518,
      2.7545597553253174
    ],
    [
      4.0667901039123535,
      -0.008113265968859196,
      22.247900009155273,
      20.683223724365234,
      17.25533103942871,
      17.03972625732422,
      13.453198432922363,
      15.668193817138672,
      8.807796478271484,
      9.101029396057129,
      7.426023006439209,
      5.747340202331543,
      2.8292341232299805,
      1.852320671081543,
      4.874537944793701,
      1.7762534618377686,
      3.381209373474121,
      1.1277130842208862
    ],
    [
      1.286095142364502,
      -0.9291378855705261,
      23.284465789794922,
      17.25533103942871,
      67.04142761230469,
      54.03203582763672,
      52.84634017944336,
      43.770931243896484,
      52.04452896118164,
      42.13877487182617,
      41.39692687988281,
      30.752182006835938,
      31.339801788330078,
      21.323274612426758,
      29.208810806274414,
      18.66020393371582,
      29.715768814086914,
      19.572811126708984
    ],
    [
      2.942840337753296,
      1.0197720527648926,
      19.37853240966797,
      17.03972625732422,
      54.03203582763672,
      55.76744842529297,
      47.79731369018555,
      46.65298080444336,
      48.923282623291016,
      42.957401275634766,
      40.8768196105957,
      31.904373168945312,
      36.344425201416016,
      25.0010929107666,
      33.07993698120117,
      21.09469985961914,
      34.74654006958008,
      22.824459075927734
    ],
    [
      4.356409549713135,
      1.4332990646362305,
      21.234304428100586,
      13.453198432922363,
      52.84634017944336,
      47.79731369018555,
      89.70491790771484,
      73.14472961425781,
      75.7247085571289,
      60.78355026245117,
      62.97873306274414,
      45.952972412109375,
      54.91804885864258,
      35.85732650756836,
      46.49861145019531,
      32.59917068481445,
      48.97175979614258,
      34.18600845336914
    ],
    [
      8.127936363220215,
      4.447846412658691,
      20.227294921875,
      15.668193817138672,
      43.770931243896484,
      46.65298080444336,
      73.14472961425781,
      80.43045043945312,
      65.2817611694336,
      60.034366607666016,
      56.66498565673828,
      45.070194244384766,
      53.96596145629883,
      37.66631317138672,
      45.99869155883789,
      34.477054595947266,
      47.23984909057617,
      32.93913650512695
    ],
    [
      4.481448650360107,
      2.9449830055236816,
      12.672022819519043,
      8.807796478271484,
      52.04452896118164,
      48.923282623291016,
      75.7247085571289,
      65.2817611694336,
      108.08995819091797,
      86.54473876953125,
      86.12151336669922,
      66.76122283935547,
      73.37157440185547,
      55.413761138916016,
      58.48209762573242,
      46.57724380493164,
      59.77907180786133,
      42.923343658447266
    ],
    [
      5.297235012054443,
      3.455848217010498,
      11.10267448425293,
      9.101029396057129,
      42.13877487182617,
      42.957401275634766,
      60.78355026245117,
      60.034366607666016,
      86.54473876953125,
      82.53924560546875,
      72.31853485107422,
      62.286766052246094,
      63.947628021240234,
      51.64818572998047,
      51.5787353515625,
      41.88223648071289,
      50.6686897277832,
      36.6911506652832
    ],
    [
      5.272071361541748,
      2.828289031982422,
      11.532855987548828,
      7.426023006439209,
      41.39692687988281,
      40.8768196105957,
      62.97873306274414,
      56.66498565673828,
      86.12151336669922,
      72.31853485107422,
      89.4135513305664,
      68.78469848632812,
      76.87701416015625,
      60.680152893066406,
      59.6943359375,
      52.36385726928711,
      57.793819427490234,
      43.14517593383789
    ],
    [
      3.6483194828033447,
      2.2447402477264404,
      7.601568222045898,
      5.747340202331543,
      30.752182006835938,
      31.904373168945312,
      45.952972412109375,
      45.070194244384766,
      66.76122283935547,
      62.286766052246094,
      68.78469848632812,
      63.253501892089844,
      58.98972702026367,
      51.79920959472656,
      46.01825714111328,
      42.88859176635742,
      41.57849884033203,
      32.09879684448242
    ],
    [
      8.148609161376953,
      5.373316287994385,
      5.084365367889404,
      2.8292341232299805,
      31.339801788330078,
      36.344425201416016,
      54.91804885864258,
      53.96596145629883,
      73.37157440185547,
      63.947628021240234,
      76.87701416015625,
      58.98972702026367,
      101.1675033569336,
      74.76753234863281,
      78.44157409667969,
      69.2431640625,
      77.05233001708984,
      59.046573638916016
    ],
    [
      3.7670650482177734,
      3.1800906658172607,
      1.8018808364868164,
      1.852320671081543,
      21.323274612426758,
      25.0010929107666,
      35.85732650756836,
      37.66631317138672,
      55.413761138916016,
      51.64818572998047,
      60.680152893066406,
      51.79920959472656,
      74.76753234863281,
      73.37535095214844,
      58.65019226074219,
      63.84229278564453,
      48.05374526977539,
      39.98933410644531
    ],
    [
      7.821897983551025,
      4.983086109161377,
      7.799727439880371,
      4.874537944793701,
      29.208810806274414,
      33.07993698120117,
      46.49861145019531,
      45.99869155883789,
      58.48209762573242,
      51.5787353515625,
      59.6943359375,
      46.01825714111328,
      78.44157409667969,
      58.65019226074219,
      74.3094253540039,
      65.29815673828125,
      68.08301544189453,
      51.91170883178711
    ],
    [
      5.3640947341918945,
      3.760401487350464,
      4.361306190490723,
      1.7762534618377686,
      18.66020393371582,
      21.09469985961914,
      32.59917068481445,
      34.477054595947266,
      46.57724380493164,
      41.88223648071289,
      52.36385726928711,
      42.88859176635742,
      69.2431640625,
      63.84229278564453,
      65.29815673828125,
      75.08029174804688,
      49.95549011230469,
      43.748348236083984
    ],
    [
      7.689851760864258,
      5.1395583152771,
      5.237453937530518,
      3.381209373474121,
      29.715768814086914,
      34.74654006958008,
      48.97175979614258,
      47.23984909057617,
      59.77907180786133,
      50.6686897277832,
      57.793819427490234,
      41.57849884033203,
      77.05233001708984,
      48.05374526977539,
      68.08301544189453,
      49.95549011230469,
      79.08970642089844,
      56.67156982421875
    ],
    [
      5.194929122924805,
      3.178938627243042,
      2.7545597553253174,
      1.1277130842208862,
      19.572811126708984,
      22.824459075927734,
      34.18600845336914,
      32.93913650512695,
      42.923343658447266,
      36.6911506652832,
      43.14517593383789,
      32.09879684448242,
      59.046573638916016,
      39.98933410644531,
      51.91170883178711,
      43.748348236083984,
      56.67156982421875,
      46.445308685302734
    ]
  ],
  "drr": 12.68532943725586,
  "dynamics": 3.843474864959717,
  "format": 1245190,
  "frames": 12374976,
  "loudness": -17.827003479003906,
  "loudness_range": 10.623139381408691,
  "loudness_range_short": 13.783862113952637,
  "peak": -1.3065935373306274,
  "rms": -19.125446319580078,
  "sample_rate": 44100,
  "sections": 1,
  "seekable": 1,
  "sharpness": 3.1147289276123047,
  "space": -15.555580139160156
}