{
  "bands": [
    {
      "high_freq": 148.1999969482422,
      "loudness": -17.169301986694336,
      "loudness_range": 13.392380714416504,
      "mid_mean": -13.523164749145508,
      "mid_to_side_loudness": -23.760990142822266,
      "mid_to_side_loudness_range": 17.947052001953125,
      "side_mean": -36.60283660888672
    },
    {
      "high_freq": 392.3793640136719,
      "loudness": -22.295848846435547,
      "loudness_range": 12.973073959350586,
      "low_freq": 148.1999969482422,
      "mid_mean": -19.018543243408203,
      "mid_to_side_loudness": -17.699216842651367,
      "mid_to_side_loudness_range": 25.604982376098633,
      "side_mean": -36.40977478027344
    },
    {
      "high_freq": 794.6976318359375,
      "loudness": -22.9622859954834,
      "loudness_range": 13.991050720214844,
      "low_freq": 392.3793640136719,
      "mid_mean": -19.698997497558594,
      "mid_to_side_loudness": -17.7903995513916,
      "mid_to_side_loudness_range": 32.73948669433594,
      "side_mean": -36.52728271484375
    },
    {
      "high_freq": 1457.5709228515625,
      "loudness": -23.591936111450195,
      "loudness_range": 13.853995323181152,
      "low_freq": 794.6976318359375,
      "mid_mean": -20.356098175048828,
      "mid_to_side_loudness": -15.789698600769043,
      "mid_to_side_loudness_range": 25.450359344482422,
      "side_mean": -36.00266647338867
    },
    {
      "high_freq": 2549.74365234375,
      "loudness": -23.652633666992188,
      "loudness_range": 10.97193717956543,
      "low_freq": 1457.5709228515625,
      "mid_mean": -20.48695182800293,
      "mid_to_side_loudness": -14.086323738098145,
      "mid_to_side_loudness_range": 22.231172561645508,
      "side_mean": -34.44825744628906
    },
    {
      "high_freq": 4349.24462890625,
      "loudness": -23.277814865112305,
      "loudness_range": 12.671064376831055,
      "low_freq": 2549.74365234375,
      "mid_mean": -19.992225646972656,
      "mid_to_side_loudness": -15.217774391174316,
      "mid_to_side_loudness_range": 20.6555118560791,
      "side_mean": -35.07062911987305
    },
    {
      "high_freq": 7314.1640625,
      "loudness": -26.97489356994629,
      "loudness_range": 16.977054595947266,
      "low_freq": 4349.24462890625,
      "mid_mean": -23.671890258789062,
      "mid_to_side_loudness": -14.54245662689209,
      "mid_to_side_loudness_range": 19.43524932861328,
      "side_mean": -38.13371276855469
    },
    {
      "high_freq": 12199.2666015625,
      "loudness": -32.06380081176758,
      "loudness_range": 21.252403259277344,
      "low_freq": 7314.1640625,
      "mid_mean": -29.046213150024414,
      "mid_to_side_loudness": -14.852655410766602,
      "mid_to_side_loudness_range": 26.530256271362305,
      "side_mean": -43.769493103027344
    },
    {
      "loudness": -43.766536712646484,
      "loudness_range": 18.44534683227539,
      "low_freq": 12199.2666015625,
      "mid_mean": -40.754150390625,
      "mid_to_side_loudness": -14.206692695617676,
      "mid_to_side_loudness_range": 28.9094181060791,
      "side_mean": -55.246524810791016
    }
  ],
  "bands_short": [
    {
      "high_freq": 148.1999969482422,
      "loudness": -19.519264221191406,
      "loudness_range": 18.761276245117188,
      "mid_mean": -15.835116386413574,
      "mid_to_side_loudness": -23.991905212402344,
      "mid_to_side_loudness_range": 23.478235244750977,
      "side_mean": -39.4594841003418
    },
    {
      "high_freq": 392.3793640136719,
      "loudness": -22.39784049987793,
      "loudness_range": 16.26856231689453,
      "low_freq": 148.1999969482422,
      "mid_mean": -19.157007217407227,
      "mid_to_side_loudness": -17.57655143737793,
      "mid_to_side_loudness_range": 25.725677490234375,
      "side_mean": -36.38251876831055
    },
    {
      "high_freq": 794.6976318359375,
      "loudness": -24.68994140625,
      "loudness_range": 18.808269500732422,
      "low_freq": 392.3793640136719,
      "mid_mean": -21.509628295898438,
      "mid_to_side_loudness": -16.443960189819336,
      "mid_to_side_loudness_range": 32.67939376831055,
      "side_mean": -36.95697021484375
    },
    {
      "high_freq": 1457.5709228515625,
      "loudness": -24.587255477905273,
      "loudness_range": 17.047927856445312,
      "low_freq": 794.6976318359375,
      "mid_mean": -21.411575317382812,
      "mid_to_side_loudness": -15.448720932006836,
      "mid_to_side_loudness_range": 25.814245223999023,
      "side_mean": -36.852848052978516
    },
    {
      "high_freq": 2549.74365234375,
      "loudness": -24.44178009033203,
      "loudness_range": 13.332021713256836,
      "low_freq": 1457.5709228515625,
      "mid_mean": -21.292484283447266,
      "mid_to_side_loudness": -13.927220344543457,
      "mid_to_side_loudness_range": 21.587804794311523,
      "side_mean": -35.013370513916016
    },
    {
      "high_freq": 4349.24462890625,
      "loudness": -23.57832908630371,
      "loudness_range": 14.026865005493164,
      "low_freq": 2549.74365234375,
      "mid_mean": -20.332551956176758,
      "mid_to_side_loudness": -15.368324279785156,
      "mid_to_side_loudness_range": 20.865982055664062,
      "side_mean": -35.148624420166016
    },
    {
      "high_freq": 7314.1640625,
      "loudness": -28.68091583251953,
      "loudness_range": 19.94831657409668,
      "low_freq": 4349.24462890625,
      "mid_mean": -25.485734939575195,
      "mid_to_side_loudness": -14.370306015014648,
      "mid_to_side_loudness_range": 19.504323959350586,
      "side_mean": -39.429203033447266
    },
    {
      "high_freq": 12199.2666015625,
      "loudness": -34.32684326171875,
      "loudness_range": 23.96114730834961,
      "low_freq": 7314.1640625,
      "mid_mean": -31.266592025756836,
      "mid_to_side_loudness": -13.847622871398926,
      "mid_to_side_loudness_range": 23.407453536987305,
      "side_mean": -45.46395492553711
    },
    {
      "loudness": -45.519832611083984,
      "loudness_range": 19.061504364013672,
      "low_freq": 12199.2666015625,
      "mid_mean": -42.50114822387695,
      "mid_to_side_loudness": -13.269766807556152,
      "mid_to_side_loudness_range": 27.708717346191406,
      "side_mean": -57.52635955810547
    }
  ],
  "channels": 2,
  "covariance": [
    [
      23.544586181640625,
      10.736302375793457,
      5.883264541625977,
      -0.6259145736694336,
      -0.5508413314819336,
      -7.18403434753418,
      -0.5807028412818909,
      -4.223126411437988,
      2.4244494438171387,
      -0.47837111353874207,
      4.813939571380615,
      -0.4016977548599243,
      4.921499252319336,
      -0.49557337164878845,
      2.1658408641815186,
      -3.800727605819702,
      1.3012455701828003,
      4.317595958709717
    ],
    [
      10.736302375793457,
      34.153968811035156,
      16.13885498046875,
      14.77049446105957,
      8.86796760559082,
      10.036518096923828,
      9.039193153381348,
      15.69509506225586,
      10.163630485534668,
      11.192395210266113,
      12.348749160766602,
      10.67837142944336,
      12.363702774047852,
      16.695289611816406,
      15.538166046142578,
      24.900800704956055,
      11.619765281677246,
      30.391857147216797
    ],
    [
      5.883264541625977,
      16.13885498046875,
      27.5546817779541,
      7.31080436706543,
      11.224081039428711,
      -14.069515228271484,
      8.81213092803955,
      -4.1403961181640625,
      15.042569160461426,
      0.3613589107990265,
      15.177532196044922,
      3.135051965713501,
      21.660261154174805,
      13.265175819396973,
      25.84136962890625,
      12.490686416625977,
      22.00340461730957,
      17.245820999145508
    ],
    [
      -0.6259145736694336,
      14.77049446105957,
      7.31080436706543,
      63.892662048339844,
      14.219908714294434,
      66.44712829589844,
      13.514639854431152,
      64.58975219726562,
      5.390687942504883,
      46.89145278930664,
      -3.1480305194854736,
      32.386680603027344,
      -12.257330894470215,
      26.507646560668945,
      8.172126770019531,
      60.725563049316406,
      2.0093772411346436,
      54.895774841308594
    ],
    [
      -0.5508413314819336,
      8.86796760559082,
      11.224081039428711,
      14.219908714294434,
      25.365482330322266,
      7.924444198608398,
      14.15839958190918,
      13.085299491882324,
      9.733806610107422,
      8.23792552947998,
      3.256150245666504,
      6.778889179229736,
      7.439478397369385,
      10.06779956817627,
      15.005250930786133,
      11.558953285217285,
      11.310905456542969,
      14.558960914611816
    ],
    [
      -7.18403434753418,
      10.036518096923828,
      -14.069515228271484,
      66.44712829589844,
      7.924444198608398,
      123.82640838623047,
      14.821016311645508,
      99.24247741699219,
      -2.789721727371216,
      64.76901245117188,
      -8.995431900024414,
      42.98473358154297,
      -34.255760192871094,
      20.106597900390625,
      -22.03229331970215,
      61.885684967041016,
      -19.982370376586914,
      57.4637336730957
    ],
    [
      -0.5807028412818909,
      9.039193153381348,
      8.81213092803955,
      13.514639854431152,
      14.15839958190918,
      14.821016311645508,
      22.938827514648438,
      22.813060760498047,
      10.764280319213867,
      12.687668800354004,
      8.939648628234863,
      11.617301940917969,
      8.371977806091309,
      11.64986801147461,
      9.028559684753418,
      13.999199867248535,
      7.965388774871826,
      17.08667755126953
    ],
    [
      -4.223126411437988,
      15.69509506225586,
      -4.1403961181640625,
      64.58975219726562,
      13.085299491882324,
      99.24247741699219,
      22.813060760498047,
      106.43392181396484,
      5.291178226470947,
      69.10469818115234,
      1.6702224016189575,
      46.90314865112305,
      -15.995787620544434,
      31.496524810791016,
      -4.912820339202881,
      66.94042205810547,
      -8.974952697753906,
      63.267452239990234
    ],
    [
      2.4244494438171387,
      10.163630485534668,
      15.042569160461426,
      5.390687942504883,
      9.733806610107422,
      -2.789721727371216,
      10.764280319213867,
      5.291178226470947,
      21.308090209960938,
      9.428391456604004,
      18.518470764160156,
      10.52231502532959,
      18.43233299255371,
      13.928742408752441,
      17.97464942932129,
      12.363117218017578,
      14.141145706176758,
      14.04207706451416
    ],
    [
      -0.47837111353874207,
      11.192395210266113,
      0.3613589107990265,
      46.89145278930664,
      8.23792552947998,
      64.76901245117188,
      12.687668800354004,
      69.10469818115234,
      9.428391456604004,
      57.17753982543945,
      5.937687397003174,
      39.1555290222168,
      -7.722174644470215,
      26.284381866455078,
      1.1845558881759644,
      52.51154708862305,
      -3.3105177879333496,
      48.692867279052734
    ],
    [
      4.813939571380615,
      12.348749160766602,
      15.177532196044922,
      -3.1480305194854736,
      3.256150245666504,
      -8.995431900024414,
      8.939648628234863,
      1.6702224016189575,
      18.518470764160156,
      5.937687397003174,
      32.111900329589844,
      11.169180870056152,
      28.233055114746094,
      14.816460609436035,
      17.70192527770996,
      8.829416275024414,
      13.226630210876465,
      12.392108917236328
    ],
    [
      -0.4016977548599243,
      10.67837142944336,
      3.135051965713501,
      32.386680603027344,
      6.778889179229736,
      42.98473358154297,
      11.617301940917969,
      46.90314865112305,
      10.52231502532959,
      39.1555290222168,
      11.169180870056152,
      33.3363151550293,
      0.8821743726730347,
      23.9871826171875,
      5.1415839195251465,
      40.56781005859375,
      1.5711040496826172,
      36.66202926635742
    ],
    [
      4.921499252319336,
      12.363702774047852,
      21.660261154174805,
      -12.257330894470215,
      7.439478397369385,
      -34.255760192871094,
      8.371977806091309,
      -15.995787620544434,
      18.43233299255371,
      -7.722174644470215,
      28.233055114746094,
      0.8821743726730347,
      46.953914642333984,
      17.22590446472168,
      36.09703063964844,
      1.7035671472549438,
      28.41313934326172,
      7.454928398132324
    ],
    [
      -0.49557337164878845,
      16.695289611816406,
      13.265175819396973,
      26.507646560668945,
      10.06779956817627,
      20.106597900390625,
      11.64986801147461,
      31.496524810791016,
      13.928742408752441,
      26.284381866455078,
      14.816460609436035,
      23.9871826171875,
      17.22590446472168,
      33.80834197998047,
      24.099546432495117,
      45.73981475830078,
      15.20241641998291,
      40.91938400268555
    ],
    [
      2.1658408641815186,
      15.538166046142578,
      25.84136962890625,
      8.172126770019531,
      15.005250930786133,
      -22.03229331970215,
      9.028559684753418,
      -4.912820339202881,
      17.97464942932129,
      1.1845558881759644,
      17.70192527770996,
      5.1415839195251465,
      36.09703063964844,
      24.099546432495117,
      57.98755645751953,
      24.185449600219727,
      42.27653503417969,
      24.728713989257812
    ],
    [
      -3.800727605819702,
      24.900800704956055,
      12.490686416625977,
      60.725563049316406,
      11.558953285217285,
      61.885684967041016,
      13.999199867248535,
      66.94042205810547,
      12.363117218017578,
      52.51154708862305,
      8.829416275024414,
      40.56781005859375,
      1.7035671472549438,
      45.73981475830078,
      24.185449600219727,
      98.72869110107422,
      11.337438583374023,
      81.44707489013672
    ],
    [
      1.3012455701828003,
      11.619765281677246,
      22.00340461730957,
      2.0093772411346436,
      11.310905456542969,
      -19.982370376586914,
      7.965388774871826,
      -8.974952697753906,
      14.141145706176758,
      -3.3105177879333496,
      13.226630210876465,
      1.5711040496826172,
      28.41313934326172,
      15.20241641998291,
      42.27653503417969,
      11.337438583374023,
      39.76686477661133,
      15.143457412719727
    ],
    [
      4.317595958709717,
      30.391857147216797,
      17.245820999145508,
      54.895774841308594,
      14.558960914611816,
      57.4637336730957,
      17.08667755126953,
      63.267452239990234,
      14.04207706451416,
      48.692867279052734,
      12.392108917236328,
      36.66202926635742,
      7.454928398132324,
      40.91938400268555,
      24.728713989257812,
      81.44707489013672,
      15.143457412719727,
      85.10814666748047
    ]
  ],
  "covariance_short": [
    [
      35.248870849609375,
      18.37114906311035,
      4.071908473968506,
      3.3096354007720947,
      -1.6214609146118164,
      -1.6280994415283203,
      -3.333752393722534,
      -1.306910753250122,
      -1.3425681591033936,
      -0.056571830064058304,
      -0.4796450138092041,
      -0.48554205894470215,
      -0.44706276059150696,
      -0.07529454678297043,
      -0.8505522608757019,
      1.8251456022262573,
      -1.3324813842773438,
      7.910318374633789
    ],
    [
      18.37114906311035,
      50.3198356628418,
      17.738224029541016,
      10.715032577514648,
      11.271349906921387,
      3.6499154567718506,
      13.112977981567383,
      11.732000350952148,
      11.64854907989502,
      5.414442539215088,
      14.122596740722656,
      3.5541138648986816,
      16.155712127685547,
      10.667346954345703,
      15.427050590515137,
      19.271841049194336,
      12.271575927734375,
      26.81011199951172
    ],
    [
      4.071908473968506,
      17.738224029541016,
      36.1109504699707,
      10.030715942382812,
      17.023046493530273,
      -7.788351058959961,
      13.42697811126709,
      -1.1654807329177856,
      14.9948148727417,
      -0.20493097603321075,
      13.943885803222656,
      0.6402640342712402,
      20.87378692626953,
      9.436750411987305,
      21.369508743286133,
      12.449481964111328,
      20.12208366394043,
      16.039409637451172
    ],
    [
      3.3096354007720947,
      10.715032577514648,
      10.030715942382812,
      63.944122314453125,
      19.066049575805664,
      64.73404693603516,
      15.290510177612305,
      63.99943542480469,
      7.012540817260742,
      45.66936111450195,
      -2.515179395675659,
      30.34805679321289,
      -5.173300266265869,
      30.903560638427734,
      12.487100601196289,
      62.110443115234375,
      5.6545939445495605,
      57.07024383544922
    ],
    [
      -1.6214609146118164,
      11.271349906921387,
      17.023046493530273,
      19.066049575805664,
      42.972206115722656,
      20.1995849609375,
      25.313264846801758,
      24.022415161132812,
      17.801742553710938,
      14.544779777526855,
      9.520792007446289,
      10.127671241760254,
      10.519071578979492,
      13.878341674804688,
      19.638174057006836,
      22.613718032836914,
      14.424872398376465,
      21.325679779052734
    ],
    [
      -1.6280994415283203,
      3.6499154567718506,
      -7.788351058959961,
      64.73404693603516,
      20.1995849609375,
      130.438720703125,
      20.252286911010742,
      99.25353240966797,
      3.188613176345825,
      65.62474060058594,
      -4.939538955688477,
      43.956329345703125,
      -17.650558471679688,
      33.82535171508789,
      1.2192223072052002,
      69.68952941894531,
      -3.279008388519287,
      66.14044189453125
    ],
    [
      -3.333752393722534,
      13.112977981567383,
      13.42697811126709,
      15.290510177612305,
      25.313264846801758,
      20.252286911010742,
      35.89912414550781,
      31.047245025634766,
      19.658571243286133,
      16.735654830932617,
      15.059625625610352,
      12.069640159606934,
      14.421574592590332,
      13.484062194824219,
      15.172619819641113,
      18.527145385742188,
      13.230998992919922,
      20.460968017578125
    ],
    [
      -1.306910753250122,
      11.732000350952148,
      -1.1654807329177856,
      63.99943542480469,
      24.022415161132812,
      99.25353240966797,
      31.047245025634766,
      118.87969970703125,
      13.386137008666992,
      76.35101318359375,
      5.961583137512207,
      50.48747253417969,
      -5.045530319213867,
      42.98766326904297,
      8.595029830932617,
      77.00169372558594,
      1.0672225952148438,
      74.68121337890625
    ],
    [
      -1.3425681591033936,
      11.64854907989502,
      14.9948148727417,
      7.012540817260742,
      17.801742553710938,
      3.188613176345825,
      19.658571243286133,
      13.386137008666992,
      29.301353454589844,
      14.583024978637695,
      21.718631744384766,
      10.37224006652832,
      20.853803634643555,
      12.185359001159668,
      19.60456085205078,
      15.341181755065918,
      14.826927185058594,
      15.099583625793457
    ],
    [
      -0.056571830064058304,
      5.414442539215088,
      -0.20493097603321075,
      45.66936111450195,
      14.544779777526855,
      65.62474060058594,
      16.735654830932617,
      76.35101318359375,
      14.583024978637695,
      67.73281860351562,
      8.322883605957031,
      41.448890686035156,
      -1.3055834770202637,
      34.04070281982422,
      7.454602241516113,
      58.354576110839844,
      0.9351732134819031,
      56.201751708984375
    ],
    [
      -0.4796450138092041,
      14.122596740722656,
      13.943885803222656,
      -2.515179395675659,
      9.520792007446289,
      -4.939538955688477,
      15.059625625610352,
      5.961583137512207,
      21.718631744384766,
      8.322883605957031,
      35.861175537109375,
      11.109580039978027,
      30.817533493041992,
      13.113029479980469,
      19.17495346069336,
      8.596813201904297,
      14.056475639343262,
      11.622919082641602
    ],
    [
      -0.48554205894470215,
      3.5541138648986816,
      0.6402640342712402,
      30.34805679321289,
      10.127671241760254,
      43.956329345703125,
      12.069640159606934,
      50.48747253417969,
      10.37224006652832,
      41.448890686035156,
      11.109580039978027,
      35.05736541748047,
      4.482069969177246,
      28.348337173461914,
      8.584647178649902,
      42.196563720703125,
      3.993509292602539,
      39.29740905761719
    ],
    [
      -0.44706276059150696,
      16.155712127685547,
      20.87378692626953,
      -5.173300266265869,
      10.519071578979492,
      -17.650558471679688,
      14.421574592590332,
      -5.045530319213867,
      20.853803634643555,
      -1.3055834770202637,
      30.817533493041992,
      4.482069969177246,
      55.3702278137207,
      24.369529724121094,
      41.842899322509766,
      16.156869888305664,
      31.694040298461914,
      13.541332244873047
    ],
    [
      -0.07529454678297043,
      10.667346954345703,
      9.436750411987305,
      30.903560638427734,
      13.878341674804688,
      33.82535171508789,
      13.484062194824219,
      42.98766326904297,
      12.185359001159668,
      34.04070281982422,
      13.113029479980469,
      28.348337173461914,
      24.369529724121094,
      47.980506896972656,
      27.661100387573242,
      59.51008605957031,
      16.436315536499023,
      52.125579833984375
    ],
    [
      -0.8505522608757019,
      15.427050590515137,
      21.369508743286133,
      12.487100601196289,
      19.638174057006836,
      1.2192223072052002,
      15.172619819641113,
      8.595029830932617,
      19.60456085205078,
      7.454602241516113,
      19.17495346069336,
      8.584647178649902,
      41.842899322509766,
      27.661100387573242,
      67.15884399414062,
      47.66126251220703,
      46.43876266479492,
      30.818937301635742
    ],
    [
      1.8251456022262573,
      19.271841049194336,
      12.449481964111328,
      62.110443115234375,
      22.613718032836914,
      69.68952941894531,
      18.527145385742188,
      77.00169372558594,
      15.341181755065918,
      58.354576110839844,
      8.596813201904297,
      42.196563720703125,
      16.156869888305664,
      59.51008605957031,
      47.66126251220703,
      123.92009735107422,
      26.67091178894043,
      99.0392074584961
    ],
    [
      -1.3324813842773438,
      12.271575927734375,
      20.12208366394043,
      5.6545939445495605,
      14.424872398376465,
      -3.279008388519287,
      13.230998992919922,
      1.0672225952148438,
      14.826927185058594,
      0.9351732134819031,
      14.056475639343262,
      3.993509292602539,
      31.694040298461914,
      16.436315536499023,
      46.43876266479492,
      26.67091178894043,
      44.309661865234375,
      20.021638870239258
    ],
    [
      7.910318374633789,
      26.81011199951172,
      16.039409637451172,
      57.07024383544922,
      21.325679779052734,
      66.14044189453125,
      20.460968017578125,
      74.68121337890625,
      15.099583625793457,
      56.201751708984375,
      11.622919082641602,
      39.29740905761719,
      13.541332244873047,
      52.125579833984375,
      30.818937301635742,
      99.0392074584961,
      20.021638870239258,
      103.21066284179688
    ]
  ],
  "drr": 15.916854858398438,
  "dynamics": 3.0308377742767334,
  "format": 1245190,
  "frames": 14460928,
  "loudness": -8.636343955993652,
  "loudness_range": 7.282200336456299,
  "loudness_range_short": 10.919689178466797,
  "peak": 0.8225583434104919,
  "rms": -9.732589721679688,
  "sample_rate": 44100,
  "sections": 1,
  "seekable": 1,
  "sharpness": 2.7673752307891846,
  "space": -17.34321403503418
}