{
  "bands": [
    {
      "high_freq": 148.1999969482422,
      "loudness": -19.806596755981445,
      "loudness_range": 12.120816230773926,
      "mid_mean": -16.586275100708008,
      "mid_to_side_loudness": -13.800820350646973,
      "mid_to_side_loudness_range": 21.349281311035156,
      "side_mean": -30.589950561523438
    },
    {
      "high_freq": 392.3793640136719,
      "loudness": -21.51349449157715,
      "loudness_range": 8.825862884521484,
      "low_freq": 148.1999969482422,
      "mid_mean": -19.173521041870117,
      "mid_to_side_loudness": -5.893126010894775,
      "mid_to_side_loudness_range": 13.770462036132812,
      "side_mean": -25.283458709716797
    },
    {
      "high_freq": 794.6976318359375,
      "loudness": -22.609956741333008,
      "loudness_range": 12.545392990112305,
      "low_freq": 392.3793640136719,
      "mid_mean": -20.131155014038086,
      "mid_to_side_loudness": -5.343082427978516,
      "mid_to_side_loudness_range": 10.837688446044922,
      "side_mean": -25.76337432861328
    },
    {
      "high_freq": 1457.5709228515625,
      "loudness": -24.507179260253906,
      "loudness_range": 18.40281105041504,
      "low_freq": 794.6976318359375,
      "mid_mean": -21.92188835144043,
      "mid_to_side_loudness": -5.854024410247803,
      "mid_to_side_loudness_range": 10.904519081115723,
      "side_mean": -28.15665054321289
    },
    {
      "high_freq": 2549.74365234375,
      "loudness": -26.106340408325195,
      "loudness_range": 17.702287673950195,
      "low_freq": 1457.5709228515625,
      "mid_mean": -23.580625534057617,
      "mid_to_side_loudness": -5.599386215209961,
      "mid_to_side_loudness_range": 12.138266563415527,
      "side_mean": -29.607789993286133
    },
    {
      "high_freq": 4349.24462890625,
      "loudness": -26.674427032470703,
      "loudness_range": 15.678962707519531,
      "low_freq": 2549.74365234375,
      "mid_mean": -24.596221923828125,
      "mid_to_side_loudness": -4.916806697845459,
      "mid_to_side_loudness_range": 15.079795837402344,
      "side_mean": -28.962905883789062
    },
    {
      "high_freq": 7314.1640625,
      "loudness": -27.199146270751953,
      "loudness_range": 16.14764404296875,
      "low_freq": 4349.24462890625,
      "mid_mean": -24.989036560058594,
      "mid_to_side_loudness": -6.038611888885498,
      "mid_to_side_loudness_range": 14.505388259887695,
      "side_mean": -29.268009185791016
    },
    {
      "high_freq": 12199.2666015625,
      "loudness": -28.019819259643555,
      "loudness_range": 17.822803497314453,
      "low_freq": 7314.1640625,
      "mid_mean": -25.711570739746094,
      "mid_to_side_loudness": -5.3162078857421875,
      "mid_to_side_loudness_range": 9.095107078552246,
      "side_mean": -29.43290901184082
    },
    {
      "loudness": -35.3028564453125,
      "loudness_range": 17.676156997680664,
      "low_freq": 12199.2666015625,
      "mid_mean": -32.938133239746094,
      "mid_to_side_loudness": -5.920916557312012,
      "mid_to_side_loudness_range": 11.514118194580078,
      "side_mean": -36.873138427734375
    }
  ],
  "bands_short": [
    {
      "high_freq": 148.1999969482422,
      "loudness": -25.443269729614258,
      "loudness_range": 26.882038116455078,
      "mid_mean": -22.460025787353516,
      "mid_to_side_loudness": -14.7689790725708,
      "mid_to_side_loudness_range": 29.20543670654297,
      "side_mean": -38.767269134521484
    },
    {
      "high_freq": 392.3793640136719,
      "loudness": -22.15436553955078,
      "loudness_range": 17.981487274169922,
      "low_freq": 148.1999969482422,
      "mid_mean": -19.792381286621094,
      "mid_to_side_loudness": -7.0071563720703125,
      "mid_to_side_loudness_range": 19.507354736328125,
      "side_mean": -27.365007400512695
    },
    {
      "high_freq": 794.6976318359375,
      "loudness": -23.882465362548828,
      "loudness_range": 17.78504753112793,
      "low_freq": 392.3793640136719,
      "mid_mean": -21.9520263671875,
      "mid_to_side_loudness": -4.471449851989746,
      "mid_to_side_loudness_range": 15.956133842468262,
      "side_mean": -26.886768341064453
    },
    {
      "high_freq": 1457.5709228515625,
      "loudness": -25.762859344482422,
      "loudness_range": 21.559329986572266,
      "low_freq": 794.6976318359375,
      "mid_mean": -23.542436599731445,
      "mid_to_side_loudness": -5.289585113525391,
      "mid_to_side_loudness_range": 14.845826148986816,
      "side_mean": -29.350788116455078
    },
    {
      "high_freq": 2549.74365234375,
      "loudness": -27.412675857543945,
      "loudness_range": 21.68813705444336,
      "low_freq": 1457.5709228515625,
      "mid_mean": -25.35112762451172,
      "mid_to_side_loudness": -4.902098655700684,
      "mid_to_side_loudness_range": 15.064584732055664,
      "side_mean": -30.539152145385742
    },
    {
      "high_freq": 4349.24462890625,
      "loudness": -27.75918960571289,
      "loudness_range": 20.229272842407227,
      "low_freq": 2549.74365234375,
      "mid_mean": -26.13028335571289,
      "mid_to_side_loudness": -3.898352861404419,
      "mid_to_side_loudness_range": 17.157596588134766,
      "side_mean": -29.90043067932129
    },
    {
      "high_freq": 7314.1640625,
      "loudness": -28.39188575744629,
      "loudness_range": 21.695804595947266,
      "low_freq": 4349.24462890625,
      "mid_mean": -26.545761108398438,
      "mid_to_side_loudness": -4.989721298217773,
      "mid_to_side_loudness_range": 14.935501098632812,
      "side_mean": -30.50967025756836
    },
    {
      "high_freq": 12199.2666015625,
      "loudness": -29.29475212097168,
      "loudness_range": 23.540231704711914,
      "low_freq": 7314.1640625,
      "mid_mean": -27.162639617919922,
      "mid_to_side_loudness": -5.2119975090026855,
      "mid_to_side_loudness_range": 11.195199012756348,
      "side_mean": -31.129228591918945
    },
    {
      "loudness": -37.035423278808594,
      "loudness_range": 24.119611740112305,
      "low_freq": 12199.2666015625,
      "mid_mean": -34.73371505737305,
      "mid_to_side_loudness": -5.625879764556885,
      "mid_to_side_loudness_range": 13.081785202026367,
      "side_mean": -39.55752944946289
    }
  ],
  "channels": 2,
  "covariance": [
    [
      26.366764068603516,
      11.684173583984375,
      7.743735313415527,
      2.2501583099365234,
      7.964054107666016,
      8.591633796691895,
      13.747865676879883,
      15.395062446594238,
      14.04525375366211,
      16.529205322265625,
      14.14852237701416,
      15.398259162902832,
      11.823225975036621,
      7.855546951293945,
      11.07162094116211,
      4.638088703155518,
      12.164427757263184,
      6.7740912437438965
    ],
    [
      11.684173583984375,
      47.98838806152344,
      5.480743885040283,
      12.358176231384277,
      4.579631805419922,
      10.594198226928711,
      5.508510589599609,
      9.903965950012207,
      0.7133402228355408,
      6.134159564971924,
      -1.6142667531967163,
      -2.417421579360962,
      -4.831684589385986,
      -6.889828205108643,
      -5.459668159484863,
      -7.1950836181640625,
      -2.9012503623962402,
      -5.42631196975708
    ],
    [
      7.743735313415527,
      5.480743885040283,
      15.664839744567871,
      4.556274890899658,
      9.349921226501465,
      8.002242088317871,
      10.426334381103516,
      11.227350234985352,
      10.17281436920166,
      12.459452629089355,
      9.047873497009277,
      8.486410140991211,
      8.06917667388916,
      4.755301475524902,
      6.1619343757629395,
      2.4013750553131104,
      6.303442001342773,
      3.085310935974121
    ],
    [
      2.2501583099365234,
      12.358176231384277,
      4.556274890899658,
      16.651752471923828,
      5.396962642669678,
      9.642374038696289,
      3.705172300338745,
      5.312296390533447,
      1.834773063659668,
      2.8333938121795654,
      -1.796446442604065,
      -3.1483006477355957,
      -4.899433612823486,
      -7.281571388244629,
      -5.769532680511475,
      -7.307395935058594,
      -4.1505818367004395,
      -6.0465779304504395
    ],
    [
      7.964054107666016,
      4.579631805419922,
      9.349921226501465,
      5.396962642669678,
      24.50537872314453,
      17.28815460205078,
      23.35688591003418,
      21.017675399780273,
      21.741561889648438,
      21.609472274780273,
      16.921070098876953,
      17.998722076416016,
      14.673450469970703,
      10.07397747039795,
      12.61229419708252,
      6.627302646636963,
      14.355193138122559,
      9.321389198303223
    ],
    [
      8.591633796691895,
      10.594198226928711,
      8.002242088317871,
      9.642374038696289,
      17.28815460205078,
      23.988561630249023,
      19.983295440673828,
      25.40480613708496,
      16.59578514099121,
      23.842226028442383,
      12.027053833007812,
      19.052825927734375,
      9.712311744689941,
      9.109044075012207,
      8.513901710510254,
      5.426517009735107,
      11.145039558410645,
      7.97387170791626
    ],
    [
      13.747865676879883,
      5.508510589599609,
      10.426334381103516,
      3.705172300338745,
      23.35688591003418,
      19.983295440673828,
      46.10968017578125,
      35.823604583740234,
      32.10676574707031,
      34.576904296875,
      25.77495002746582,
      32.083805084228516,
      22.488983154296875,
      19.793306350708008,
      21.457056045532227,
      14.61974811553955,
      23.349620819091797,
      18.049623489379883
    ],
    [
      15.395062446594238,
      9.903965950012207,
      11.227350234985352,
      5.312296390533447,
      21.017675399780273,
      25.40480613708496,
      35.823604583740234,
      42.742652893066406,
      29.25827980041504,
      39.434505462646484,
      24.336397171020508,
      35.62999725341797,
      22.71055030822754,
      22.499671936035156,
      21.61511993408203,
      17.51029396057129,
      24.030052185058594,
      21.001752853393555
    ],
    [
      14.04525375366211,
      0.7133402228355408,
      10.17281436920166,
      1.834773063659668,
      21.741561889648438,
      16.59578514099121,
      32.10676574707031,
      29.25827980041504,
      44.054813385009766,
      36.2822265625,
      32.39809036254883,
      35.30903244018555,
      28.09403419494629,
      22.849380493164062,
      27.861242294311523,
      18.751039505004883,
      26.911378860473633,
      20.74184226989746
    ],
    [
      16.529205322265625,
      6.134159564971924,
      12.459452629089355,
      2.8333938121795654,
      21.609472274780273,
      23.842226028442383,
      34.576904296875,
      39.434505462646484,
      36.2822265625,
      49.593536376953125,
      29.872352600097656,
      44.69578170776367,
      28.86968994140625,
      30.45071029663086,
      27.65121841430664,
      24.203510284423828,
      28.89023208618164,
      25.172550201416016
    ],
    [
      14.14852237701416,
      -1.6142667531967163,
      9.047873497009277,
      -1.796446442604065,
      16.921070098876953,
      12.027053833007812,
      25.77495002746582,
      24.336397171020508,
      32.39809036254883,
      29.872352600097656,
      35.40226364135742,
      34.08158493041992,
      31.987598419189453,
      26.373920440673828,
      30.81954002380371,
      22.970190048217773,
      27.43480110168457,
      22.277387619018555
    ],
    [
      15.398259162902832,
      -2.417421579360962,
      8.486410140991211,
      -3.1483006477355957,
      17.998722076416016,
      19.052825927734375,
      32.083805084228516,
      35.62999725341797,
      35.30903244018555,
      44.69578170776367,
      34.08158493041992,
      61.94538497924805,
      37.063011169433594,
      45.714027404785156,
      36.0681266784668,
      36.5246696472168,
      34.42234420776367,
      34.09516143798828
    ],
    [
      11.823225975036621,
      -4.831684589385986,
      8.06917667388916,
      -4.899433612823486,
      14.673450469970703,
      9.712311744689941,
      22.488983154296875,
      22.71055030822754,
      28.09403419494629,
      28.86968994140625,
      31.987598419189453,
      37.063011169433594,
      39.68855667114258,
      31.235891342163086,
      34.84321212768555,
      27.837223052978516,
      30.053037643432617,
      25.891616821289062
    ],
    [
      7.855546951293945,
      -6.889828205108643,
      4.755301475524902,
      -7.281571388244629,
      10.07397747039795,
      9.109044075012207,
      19.793306350708008,
      22.499671936035156,
      22.849380493164062,
      30.45071029663086,
      26.373920440673828,
      45.714027404785156,
      31.235891342163086,
      53.92811584472656,
      32.281471252441406,
      42.651390075683594,
      29.528188705444336,
      38.88087463378906
    ],
    [
      11.07162094116211,
      -5.459668159484863,
      6.1619343757629395,
      -5.769532680511475,
      12.61229419708252,
      8.513901710510254,
      21.457056045532227,
      21.61511993408203,
      27.861242294311523,
      27.65121841430664,
      30.81954002380371,
      36.0681266784668,
      34.84321212768555,
      32.281471252441406,
      40.92131423950195,
      33.389530181884766,
      36.893577575683594,
      32.207733154296875
    ],
    [
      4.638088703155518,
      -7.1950836181640625,
      2.4013750553131104,
      -7.307395935058594,
      6.627302646636963,
      5.426517009735107,
      14.61974811553955,
      17.51029396057129,
      18.751039505004883,
      24.203510284423828,
      22.970190048217773,
      36.5246696472168,
      27.837223052978516,
      42.651390075683594,
      33.389530181884766,
      48.77268600463867,
      31.330829620361328,
      44.71003723144531
    ],
    [
      12.164427757263184,
      -2.9012503623962402,
      6.303442001342773,
      -4.1505818367004395,
      14.355193138122559,
      11.145039558410645,
      23.349620819091797,
      24.030052185058594,
      26.911378860473633,
      28.89023208618164,
      27.43480110168457,
      34.42234420776367,
      30.053037643432617,
      29.528188705444336,
      36.893577575683594,
      31.330829620361328,
      41.742671966552734,
      35.4075927734375
    ],
    [
      6.7740912437438965,
      -5.42631196975708,
      3.085310935974121,
      -6.0465779304504395,
      9.321389198303223,
      7.97387170791626,
      18.049623489379883,
      21.001752853393555,
      20.74184226989746,
      25.172550201416016,
      22.277387619018555,
      34.09516143798828,
      25.891616821289062,
      38.88087463378906,
      32.207733154296875,
      44.71003723144531,
      35.4075927734375,
      52.54268264770508
    ]
  ],
  "covariance_short": [
    [
      90.70018005371094,
      53.1519660949707,
      33.79475021362305,
      22.852684020996094,
      13.832991600036621,
      15.79548454284668,
      18.319406509399414,
      21.543670654296875,
      19.37501335144043,
      20.9471492767334,
      17.172693252563477,
      19.01431655883789,
      12.836349487304688,
      14.62716007232666,
      12.43626880645752,
      13.917726516723633,
      16.227258682250977,
      20.409988403320312
    ],
    [
      53.1519660949707,
      132.0279083251953,
      21.29726219177246,
      42.76953125,
      11.478902816772461,
      23.650598526000977,
      10.4384183883667,
      20.374553680419922,
      5.572726726531982,
      13.177678108215332,
      2.5458667278289795,
      4.391491889953613,
      -1.4624208211898804,
      1.5883296728134155,
      -2.287121534347534,
      1.3661386966705322,
      0.6946084499359131,
      4.2645087242126465
    ],
    [
      33.79475021362305,
      21.29726219177246,
      48.735225677490234,
      22.5682430267334,
      20.04972267150879,
      17.817710876464844,
      18.771020889282227,
      18.54173469543457,
      20.205955505371094,
      17.602510452270508,
      17.51881217956543,
      13.302595138549805,
      13.43176555633545,
      10.608756065368652,
      10.032720565795898,
      9.587366104125977,
      11.217168807983398,
      14.045001029968262
    ],
    [
      22.852684020996094,
      42.76953125,
      22.5682430267334,
      46.897438049316406,
      14.706883430480957,
      26.015432357788086,
      13.599567413330078,
      20.28917694091797,
      11.85953140258789,
      14.886301040649414,
      7.132058620452881,
      6.302846431732178,
      3.386709213256836,
      0.2980915307998657,
      1.1700564622879028,
      -1.4607166051864624,
      2.4517033100128174,
      1.1103978157043457
    ],
    [
      13.832991600036621,
      11.478902816772461,
      20.04972267150879,
      14.706883430480957,
      48.188289642333984,
      28.48769187927246,
      35.137062072753906,
      27.66556739807129,
      33.22066879272461,
      27.35760498046875,
      25.684852600097656,
      23.981643676757812,
      19.289379119873047,
      15.958162307739258,
      17.378019332885742,
      14.233620643615723,
      19.044458389282227,
      22.314014434814453
    ],
    [
      15.79548454284668,
      23.650598526000977,
      17.817710876464844,
      26.015432357788086,
      28.48769187927246,
      44.396209716796875,
      29.338842391967773,
      36.84156036376953,
      25.550928115844727,
      32.080570220947266,
      18.524066925048828,
      26.117429733276367,
      15.394784927368164,
      16.554306030273438,
      13.74874496459961,
      11.186901092529297,
      16.52043914794922,
      17.701093673706055
    ],
    [
      18.319406509399414,
      10.4384183883667,
      18.771020889282227,
      13.599567413330078,
      35.137062072753906,
      29.338842391967773,
      65.02629852294922,
      46.00397491455078,
      43.48122787475586,
      40.459598541259766,
      35.92646789550781,
      39.098636627197266,
      29.514854431152344,
      27.8709716796875,
      27.70343017578125,
      24.17250633239746,
      29.856414794921875,
      33.00551223754883
    ],
    [
      21.543670654296875,
      20.374553680419922,
      18.54173469543457,
      20.28917694091797,
      27.66556739807129,
      36.84156036376953,
      46.00397491455078,
      60.03556442260742,
      36.019256591796875,
      46.513877868652344,
      30.271957397460938,
      43.297889709472656,
      28.65885353088379,
      32.30873107910156,
      27.321552276611328,
      26.875551223754883,
      30.598554611206055,
      36.060081481933594
    ],
    [
      19.37501335144043,
      5.572726726531982,
      20.205955505371094,
      11.85953140258789,
      33.22066879272461,
      25.550928115844727,
      43.48122787475586,
      36.019256591796875,
      65.33218383789062,
      45.874576568603516,
      47.04854202270508,
      45.515323638916016,
      39.283634185791016,
      34.55699920654297,
      37.28436279296875,
      32.531593322753906,
      35.308292388916016,
      39.38161087036133
    ],
    [
      20.9471492767334,
      13.177678108215332,
      17.602510452270508,
      14.886301040649414,
      27.35760498046875,
      32.080570220947266,
      40.459598541259766,
      46.513877868652344,
      45.874576568603516,
      60.58576583862305,
      37.74992752075195,
      54.18661880493164,
      36.32827377319336,
      41.65383529663086,
      33.911102294921875,
      36.02429962158203,
      34.771644592285156,
      41.612857818603516
    ],
    [
      17.172693252563477,
      2.5458667278289795,
      17.51881217956543,
      7.132058620452881,
      25.684852600097656,
      18.524066925048828,
      35.92646789550781,
      30.271957397460938,
      47.04854202270508,
      37.74992752075195,
      59.248146057128906,
      47.165340423583984,
      51.32474136352539,
      44.3300666809082,
      47.392887115478516,
      44.46512222290039,
      42.59330368041992,
      47.66038513183594
    ],
    [
      19.01431655883789,
      4.391491889953613,
      13.302595138549805,
      6.302846431732178,
      23.981643676757812,
      26.117429733276367,
      39.098636627197266,
      43.297889709472656,
      45.515323638916016,
      54.18661880493164,
      47.165340423583984,
      74.54727172851562,
      49.54188919067383,
      59.975223541259766,
      46.746063232421875,
      52.672142028808594,
      46.082618713378906,
      55.764156341552734
    ],
    [
      12.836349487304688,
      -1.4624208211898804,
      13.43176555633545,
      3.386709213256836,
      19.289379119873047,
      15.394784927368164,
      29.514854431152344,
      28.65885353088379,
      39.283634185791016,
      36.32827377319336,
      51.32474136352539,
      49.54188919067383,
      65.10374450683594,
      51.09191131591797,
      56.89036178588867,
      54.037296295166016,
      51.044647216796875,
      55.53843307495117
    ],
    [
      14.62716007232666,
      1.5883296728134155,
      10.608756065368652,
      0.2980915307998657,
      15.958162307739258,
      16.554306030273438,
      27.8709716796875,
      32.30873107910156,
      34.55699920654297,
      41.65383529663086,
      44.3300666809082,
      59.975223541259766,
      51.09191131591797,
      76.24686431884766,
      50.3448371887207,
      66.09593963623047,
      49.04387283325195,
      65.44474029541016
    ],
    [
      12.43626880645752,
      -2.287121534347534,
      10.032720565795898,
      1.1700564622879028,
      17.378019332885742,
      13.74874496459961,
      27.70343017578125,
      27.321552276611328,
      37.28436279296875,
      33.911102294921875,
      47.392887115478516,
      46.746063232421875,
      56.89036178588867,
      50.3448371887207,
      66.8294677734375,
      60.41249084472656,
      60.5411491394043,
      63.748870849609375
    ],
    [
      13.917726516723633,
      1.3661386966705322,
      9.587366104125977,
      -1.4607166051864624,
      14.233620643615723,
      11.186901092529297,
      24.17250633239746,
      26.875551223754883,
      32.531593322753906,
      36.02429962158203,
      44.46512222290039,
      52.672142028808594,
      54.037296295166016,
      66.09593963623047,
      60.41249084472656,
      85.95597839355469,
      60.383995056152344,
      79.80121612548828
    ],
    [
      16.227258682250977,
      0.6946084499359131,
      11.217168807983398,
      2.4517033100128174,
      19.044458389282227,
      16.52043914794922,
      29.856414794921875,
      30.598554611206055,
      35.308292388916016,
      34.771644592285156,
      42.59330368041992,
      46.082618713378906,
      51.044647216796875,
      49.04387283325195,
      60.5411491394043,
      60.383995056152344,
      71.43696594238281,
      71.58798217773438
    ],
    [
      20.409988403320312,
      4.2645087242126465,
      14.045001029968262,
      1.1103978157043457,
      22.314014434814453,
      17.701093673706055,
      33.00551223754883,
      36.060081481933594,
      39.38161087036133,
      41.612857818603516,
      47.66038513183594,
      55.764156341552734,
      55.53843307495117,
      65.44474029541016,
      63.748870849609375,
      79.80121612548828,
      71.58798217773438,
      108.36398315429688
    ]
  ],
  "drr": 15.757246017456055,
  "dynamics": 3.331596851348877,
  "format": 1245190,
  "frames": 11071424,
  "loudness": -10.296595573425293,
  "loudness_range": 9.027359008789062,
  "loudness_range_short": 11.970407485961914,
  "peak": 0.7996526956558228,
  "rms": -12.047164916992188,
  "sample_rate": 44100,
  "sections": 1,
  "seekable": 1,
  "sharpness": 3.3566057682037354,
  "space": -6.386598587036133
}