{
  "bands": [
    {
      "high_freq": 148.1999969482422,
      "loudness": -25.479448318481445,
      "loudness_range": 22.176971435546875,
      "mid_mean": -22.375478744506836,
      "mid_to_side_loudness": -10.683137893676758,
      "mid_to_side_loudness_range": 23.55074119567871,
      "side_mean": -34.66170120239258
    },
    {
      "high_freq": 392.3793640136719,
      "loudness": -25.87946891784668,
      "loudness_range": 13.558221817016602,
      "low_freq": 148.1999969482422,
      "mid_mean": -23.28636932373047,
      "mid_to_side_loudness": -6.485040664672852,
      "mid_to_side_loudness_range": 11.346795082092285,
      "side_mean": -29.935909271240234
    },
    {
      "high_freq": 794.6976318359375,
      "loudness": -25.917579650878906,
      "loudness_range": 16.937969207763672,
      "low_freq": 392.3793640136719,
      "mid_mean": -24.366212844848633,
      "mid_to_side_loudness": -3.4478793144226074,
      "mid_to_side_loudness_range": 14.906227111816406,
      "side_mean": -27.99368667602539
    },
    {
      "high_freq": 1457.5709228515625,
      "loudness": -29.48265838623047,
      "loudness_range": 24.588041305541992,
      "low_freq": 794.6976318359375,
      "mid_mean": -27.959306716918945,
      "mid_to_side_loudness": -4.0360188484191895,
      "mid_to_side_loudness_range": 21.200227737426758,
      "side_mean": -32.63288879394531
    },
    {
      "high_freq": 2549.74365234375,
      "loudness": -32.355674743652344,
      "loudness_range": 29.3452205657959,
      "low_freq": 1457.5709228515625,
      "mid_mean": -30.739225387573242,
      "mid_to_side_loudness": -5.012082576751709,
      "mid_to_side_loudness_range": 22.814817428588867,
      "side_mean": -35.64961242675781
    },
    {
      "high_freq": 4349.24462890625,
      "loudness": -33.62580871582031,
      "loudness_range": 26.170185089111328,
      "low_freq": 2549.74365234375,
      "mid_mean": -31.151412963867188,
      "mid_to_side_loudness": -9.289440155029297,
      "mid_to_side_loudness_range": 26.551498413085938,
      "side_mean": -41.41862487792969
    },
    {
      "high_freq": 7314.1640625,
      "loudness": -38.42902374267578,
      "loudness_range": 29.794559478759766,
      "low_freq": 4349.24462890625,
      "mid_mean": -36.135528564453125,
      "mid_to_side_loudness": -10.467174530029297,
      "mid_to_side_loudness_range": 31.768980026245117,
      "side_mean": -50.309635162353516
    },
    {
      "high_freq": 12199.2666015625,
      "loudness": -36.633544921875,
      "loudness_range": 26.671344757080078,
      "low_freq": 7314.1640625,
      "mid_mean": -34.56998825073242,
      "mid_to_side_loudness": -11.698370933532715,
      "mid_to_side_loudness_range": 36.77939224243164,
      "side_mean": -51.95476531982422
    },
    {
      "loudness": -47.52922439575195,
      "loudness_range": 35.66896057128906,
      "low_freq": 12199.2666015625,
      "mid_mean": -45.17662048339844,
      "mid_to_side_loudness": -9.01430606842041,
      "mid_to_side_loudness_range": 26.488529205322266,
      "side_mean": -54.20472717285156
    }
  ],
  "bands_short": [
    {
      "high_freq": 148.1999969482422,
      "loudness": -27.366252899169922,
      "loudness_range": 24.120159149169922,
      "mid_mean": -24.535051345825195,
      "mid_to_side_loudness": -10.077350616455078,
      "mid_to_side_loudness_range": 25.704195022583008,
      "side_mean": -37.21326446533203
    },
    {
      "high_freq": 392.3793640136719,
      "loudness": -25.224905014038086,
      "loudness_range": 14.584671020507812,
      "low_freq": 148.1999969482422,
      "mid_mean": -22.464874267578125,
      "mid_to_side_loudness": -7.367141246795654,
      "mid_to_side_loudness_range": 13.061346054077148,
      "side_mean": -30.157150268554688
    },
    {
      "high_freq": 794.6976318359375,
      "loudness": -27.03966522216797,
      "loudness_range": 19.008325576782227,
      "low_freq": 392.3793640136719,
      "mid_mean": -25.815385818481445,
      "mid_to_side_loudness": -2.739495277404785,
      "mid_to_side_loudness_range": 16.349781036376953,
      "side_mean": -28.81859016418457
    },
    {
      "high_freq": 1457.5709228515625,
      "loudness": -29.567628860473633,
      "loudness_range": 26.487855911254883,
      "low_freq": 794.6976318359375,
      "mid_mean": -28.735158920288086,
      "mid_to_side_loudness": -2.3946690559387207,
      "mid_to_side_loudness_range": 21.418140411376953,
      "side_mean": -32.1361198425293
    },
    {
      "high_freq": 2549.74365234375,
      "loudness": -33.59156036376953,
      "loudness_range": 31.827756881713867,
      "low_freq": 1457.5709228515625,
      "mid_mean": -32.78074264526367,
      "mid_to_side_loudness": -3.178915500640869,
      "mid_to_side_loudness_range": 22.526565551757812,
      "side_mean": -36.15273666381836
    },
    {
      "high_freq": 4349.24462890625,
      "loudness": -35.13298034667969,
      "loudness_range": 30.011571884155273,
      "low_freq": 2549.74365234375,
      "mid_mean": -33.21431350708008,
      "mid_to_side_loudness": -6.87280797958374,
      "mid_to_side_loudness_range": 26.530235290527344,
      "side_mean": -41.679927825927734
    },
    {
      "high_freq": 7314.1640625,
      "loudness": -39.27574920654297,
      "loudness_range": 32.963706970214844,
      "low_freq": 4349.24462890625,
      "mid_mean": -37.47905731201172,
      "mid_to_side_loudness": -7.60373592376709,
      "mid_to_side_loudness_range": 28.574081420898438,
      "side_mean": -51.07419967651367
    },
    {
      "high_freq": 12199.2666015625,
      "loudness": -37.54120635986328,
      "loudness_range": 29.710203170776367,
      "low_freq": 7314.1640625,
      "mid_mean": -35.848934173583984,
      "mid_to_side_loudness": -6.7681193351745605,
      "mid_to_side_loudness_range": 31.227811813354492,
      "side_mean": -53.014347076416016
    },
    {
      "loudness": -49.29673385620117,
      "loudness_range": 36.383697509765625,
      "low_freq": 12199.2666015625,
      "mid_mean": -47.183528900146484,
      "mid_to_side_loudness": -6.932668685913086,
      "mid_to_side_loudness_range": 25.67505645751953,
      "side_mean": -54.837646484375
    }
  ],
  "channels": 2,
  "covariance": [
    [
      69.0643081665039,
      33.51293182373047,
      26.623870849609375,
      31.388721466064453,
      30.712080001831055,
      38.61418914794922,
      42.700462341308594,
      51.46562957763672,
      57.10036849975586,
      60.4576530456543,
      45.93105697631836,
      80.14952087402344,
      51.65272521972656,
      102.8515625,
      41.1024169921875,
      109.39100646972656,
      52.2576904296875,
      79.77922821044922
    ],
    [
      33.51293182373047,
      58.39242172241211,
      19.335704803466797,
      25.794469833374023,
      19.798072814941406,
      28.610197067260742,
      28.571121215820312,
      36.605926513671875,
      38.71381759643555,
      42.943878173828125,
      35.414222717285156,
      56.64284133911133,
      40.152137756347656,
      71.84211730957031,
      32.003570556640625,
      73.66694641113281,
      29.45537757873535,
      52.32038497924805
    ],
    [
      26.623870849609375,
      19.335704803466797,
      26.32415199279785,
      22.82381248474121,
      18.16419792175293,
      21.68856430053711,
      21.31172752380371,
      29.822689056396484,
      31.71227264404297,
      34.80265426635742,
      27.19505500793457,
      41.6938362121582,
      30.863388061523438,
      60.29423141479492,
      26.485092163085938,
      63.972328186035156,
      35.45979309082031,
      47.2713508605957
    ],
    [
      31.388721466064453,
      25.794469833374023,
      22.82381248474121,
      37.004173278808594,
      17.966182708740234,
      29.133769989013672,
      26.539432525634766,
      40.58131408691406,
      37.11638259887695,
      47.51068878173828,
      33.903221130371094,
      56.966495513916016,
      40.06959533691406,
      73.40800476074219,
      32.39232635498047,
      78.16537475585938,
      35.95817947387695,
      58.81260681152344
    ],
    [
      30.712080001831055,
      19.798072814941406,
      18.16419792175293,
      17.966182708740234,
      40.990135192871094,
      31.074209213256836,
      46.55826187133789,
      37.98050308227539,
      47.74692153930664,
      43.87887191772461,
      38.43425369262695,
      53.15668487548828,
      37.411190032958984,
      71.38036346435547,
      32.222869873046875,
      73.93392944335938,
      42.76770782470703,
      53.8536491394043
    ],
    [
      38.61418914794922,
      28.610197067260742,
      21.68856430053711,
      29.133769989013672,
      31.074209213256836,
      51.02210235595703,
      38.65975570678711,
      54.3896598815918,
      46.353126525878906,
      58.493865966796875,
      38.49593734741211,
      71.3272705078125,
      43.96770095825195,
      89.48003387451172,
      36.140560150146484,
      92.48200225830078,
      37.68315887451172,
      69.14808654785156
    ],
    [
      42.700462341308594,
      28.571121215820312,
      21.31172752380371,
      26.539432525634766,
      46.55826187133789,
      38.65975570678711,
      88.73750305175781,
      55.32268142700195,
      72.83734893798828,
      64.01937103271484,
      60.698890686035156,
      81.20121002197266,
      57.37065124511719,
      102.55210876464844,
      47.34309005737305,
      108.51395416259766,
      60.78818893432617,
      79.23638916015625
    ],
    [
      51.46562957763672,
      36.605926513671875,
      29.822689056396484,
      40.58131408691406,
      37.98050308227539,
      54.3896598815918,
      55.32268142700195,
      80.64341735839844,
      64.50192260742188,
      84.08519744873047,
      53.81033706665039,
      99.51203155517578,
      63.07927703857422,
      126.1656494140625,
      49.88683319091797,
      130.1484375,
      54.12299346923828,
      97.33726501464844
    ],
    [
      57.10036849975586,
      38.71381759643555,
      31.71227264404297,
      37.11638259887695,
      47.74692153930664,
      46.353126525878906,
      72.83734893798828,
      64.50192260742188,
      112.19618225097656,
      81.26155853271484,
      85.34253692626953,
      107.47563934326172,
      85.14202117919922,
      134.7720489501953,
      68.39400482177734,
      143.39794921875,
      77.19564056396484,
      103.59196472167969
    ],
    [
      60.4576530456543,
      42.943878173828125,
      34.80265426635742,
      47.51068878173828,
      43.87887191772461,
      58.493865966796875,
      64.01937103271484,
      84.08519744873047,
      81.26155853271484,
      117.66016387939453,
      68.0714340209961,
      127.9702377319336,
      81.39059448242188,
      159.29774475097656,
      64.66091918945312,
      164.0328369140625,
      69.53974151611328,
      122.60420227050781
    ],
    [
      45.93105697631836,
      35.414222717285156,
      27.19505500793457,
      33.903221130371094,
      38.43425369262695,
      38.49593734741211,
      60.698890686035156,
      53.81033706665039,
      85.34253692626953,
      68.0714340209961,
      91.72252655029297,
      89.35612487792969,
      85.67656707763672,
      116.63232421875,
      64.58935546875,
      126.96762084960938,
      70.78854370117188,
      92.91937255859375
    ],
    [
      80.14952087402344,
      56.64284133911133,
      41.6938362121582,
      56.966495513916016,
      53.15668487548828,
      71.3272705078125,
      81.20121002197266,
      99.51203155517578,
      107.47563934326172,
      127.9702377319336,
      89.35612487792969,
      174.97836303710938,
      105.35606384277344,
      208.38449096679688,
      82.49754333496094,
      217.6494598388672,
      89.05594635009766,
      162.3207244873047
    ],
    [
      51.65272521972656,
      40.152137756347656,
      30.863388061523438,
      40.06959533691406,
      37.411190032958984,
      43.96770095825195,
      57.37065124511719,
      63.07927703857422,
      85.14202117919922,
      81.39059448242188,
      85.67656707763672,
      105.35606384277344,
      108.7794418334961,
      140.62876892089844,
      79.97502899169922,
      153.1594696044922,
      81.15853118896484,
      114.86317443847656
    ],
    [
      102.8515625,
      71.84211730957031,
      60.29423141479492,
      73.40800476074219,
      71.38036346435547,
      89.48003387451172,
      102.55210876464844,
      126.1656494140625,
      134.7720489501953,
      159.29774475097656,
      116.63232421875,
      208.38449096679688,
      140.62876892089844,
      285.4335021972656,
      113.8316879272461,
      301.0201721191406,
      132.30032348632812,
      220.7726287841797
    ],
    [
      41.1024169921875,
      32.003570556640625,
      26.485092163085938,
      32.39232635498047,
      32.222869873046875,
      36.140560150146484,
      47.34309005737305,
      49.88683319091797,
      68.39400482177734,
      64.66091918945312,
      64.58935546875,
      82.49754333496094,
      79.97502899169922,
      113.8316879272461,
      77.9909896850586,
      125.40890502929688,
      70.79621124267578,
      94.29666900634766
    ],
    [
      109.39100646972656,
      73.66694641113281,
      63.972328186035156,
      78.16537475585938,
      73.93392944335938,
      92.48200225830078,
      108.51395416259766,
      130.1484375,
      143.39794921875,
      164.0328369140625,
      126.96762084960938,
      217.6494598388672,
      153.1594696044922,
      301.0201721191406,
      125.40890502929688,
      341.74310302734375,
      147.73419189453125,
      253.7486114501953
    ],
    [
      52.2576904296875,
      29.45537757873535,
      35.45979309082031,
      35.95817947387695,
      42.76770782470703,
      37.68315887451172,
      60.78818893432617,
      54.12299346923828,
      77.19564056396484,
      69.53974151611328,
      70.78854370117188,
      89.05594635009766,
      81.15853118896484,
      132.30032348632812,
      70.79621124267578,
      147.73419189453125,
      111.88463592529297,
      108.91116333007812
    ],
    [
      79.77922821044922,
      52.32038497924805,
      47.2713508605957,
      58.81260681152344,
      53.8536491394043,
      69.14808654785156,
      79.23638916015625,
      97.33726501464844,
      103.59196472167969,
      122.60420227050781,
      92.91937255859375,
      162.3207244873047,
      114.86317443847656,
      220.7726287841797,
      94.29666900634766,
      253.7486114501953,
      108.91116333007812,
      198.47662353515625
    ]
  ],
  "covariance_short": [
    [
      82.63472747802734,
      35.17728805541992,
      29.952726364135742,
      29.56285285949707,
      31.243608474731445,
      35.30238342285156,
      42.330848693847656,
      49.1176872253418,
      55.77953338623047,
      59.05445098876953,
      46.62451934814453,
      74.12728118896484,
      50.638187408447266,
      100.16857147216797,
      41.536468505859375,
      105.86943054199219,
      52.44902801513672,
      75.80833435058594
    ],
    [
      35.17728805541992,
      82.47317504882812,
      18.008241653442383,
      24.530244827270508,
      17.760440826416016,
      24.634653091430664,
      25.547401428222656,
      30.50223731994629,
      34.337982177734375,
      38.03213119506836,
      31.054855346679688,
      47.98426055908203,
      34.23720169067383,
      63.685028076171875,
      27.737945556640625,
      65.9328842163086,
      25.991052627563477,
      45.1539421081543
    ],
    [
      29.952726364135742,
      18.008241653442383,
      32.510215759277344,
      23.678274154663086,
      23.984092712402344,
      25.252464294433594,
      25.70897102355957,
      33.504337310791016,
      36.0171012878418,
      38.54736328125,
      31.35797882080078,
      46.137088775634766,
      33.818138122558594,
      65.63542175292969,
      29.024887084960938,
      67.87115478515625,
      35.38526153564453,
      49.661983489990234
    ],
    [
      29.56285285949707,
      24.530244827270508,
      23.678274154663086,
      38.494937896728516,
      20.30540657043457,
      29.81432342529297,
      25.79509162902832,
      37.053531646728516,
      37.280494689941406,
      45.54777526855469,
      34.33260726928711,
      52.99481201171875,
      39.737220764160156,
      69.07327270507812,
      32.223941802978516,
      72.96898651123047,
      34.432769775390625,
      53.701419830322266
    ],
    [
      31.243608474731445,
      17.760440826416016,
      23.984092712402344,
      20.30540657043457,
      53.01646041870117,
      34.296653747558594,
      53.67980194091797,
      40.786861419677734,
      58.83281707763672,
      47.70523452758789,
      51.85886764526367,
      58.37406539916992,
      45.845558166503906,
      78.27464294433594,
      37.564456939697266,
      81.00677490234375,
      46.58606719970703,
      59.20377731323242
    ],
    [
      35.30238342285156,
      24.634653091430664,
      25.252464294433594,
      29.81432342529297,
      34.296653747558594,
      52.70515060424805,
      39.648860931396484,
      52.4578857421875,
      48.793853759765625,
      56.63310241699219,
      41.92805480957031,
      70.3519515991211,
      46.81416702270508,
      88.7621841430664,
      38.58174514770508,
      92.16168975830078,
      40.728477478027344,
      67.75886535644531
    ],
    [
      42.330848693847656,
      25.547401428222656,
      25.70897102355957,
      25.79509162902832,
      53.67980194091797,
      39.648860931396484,
      105.48712158203125,
      59.87751007080078,
      86.97859954833984,
      69.59443664550781,
      76.88150787353516,
      85.55972290039062,
      68.76316833496094,
      109.63216400146484,
      55.170413970947266,
      114.45570373535156,
      62.679691314697266,
      82.7607421875
    ],
    [
      49.1176872253418,
      30.50223731994629,
      33.504337310791016,
      37.053531646728516,
      40.786861419677734,
      52.4578857421875,
      59.87751007080078,
      85.44156646728516,
      69.09563446044922,
      84.44796752929688,
      56.674591064453125,
      98.23390197753906,
      66.10340118408203,
      126.30609893798828,
      53.447959899902344,
      129.23976135253906,
      55.04227828979492,
      94.44149017333984
    ],
    [
      55.77953338623047,
      34.337982177734375,
      36.0171012878418,
      37.280494689941406,
      58.83281707763672,
      48.793853759765625,
      86.97859954833984,
      69.09563446044922,
      133.25994873046875,
      89.76811981201172,
      104.72977447509766,
      115.06505584716797,
      100.1355209350586,
      144.94520568847656,
      79.20750427246094,
      152.4918212890625,
      82.47852325439453,
      109.52655029296875
    ],
    [
      59.05445098876953,
      38.03213119506836,
      38.54736328125,
      45.54777526855469,
      47.70523452758789,
      56.63310241699219,
      69.59443664550781,
      84.44796752929688,
      89.76811981201172,
      122.26603698730469,
      74.59783172607422,
      129.38697814941406,
      87.43553161621094,
      162.99624633789062,
      70.73934173583984,
      167.41043090820312,
      72.35489654541016,
      122.28536987304688
    ],
    [
      46.62451934814453,
      31.054855346679688,
      31.35797882080078,
      34.33260726928711,
      51.85886764526367,
      41.92805480957031,
      76.88150787353516,
      56.674591064453125,
      104.72977447509766,
      74.59783172607422,
      119.85188293457031,
      100.2829360961914,
      105.7666244506836,
      128.3880615234375,
      79.16793060302734,
      138.71878051757812,
      80.48616027832031,
      101.12247467041016
    ],
    [
      74.12728118896484,
      47.98426055908203,
      46.137088775634766,
      52.99481201171875,
      58.37406539916992,
      70.3519515991211,
      85.55972290039062,
      98.23390197753906,
      115.06505584716797,
      129.38697814941406,
      100.2829360961914,
      178.26763916015625,
      114.84088897705078,
      213.4377899169922,
      91.6702880859375,
      221.62277221679688,
      95.32946014404297,
      161.0630645751953
    ],
    [
      50.638187408447266,
      34.23720169067383,
      33.818138122558594,
      39.737220764160156,
      45.845558166503906,
      46.81416702270508,
      68.76316833496094,
      66.10340118408203,
      100.1355209350586,
      87.43553161621094,
      105.7666244506836,
      114.84088897705078,
      136.07261657714844,
      149.42420959472656,
      98.61670684814453,
      162.2306671142578,
      94.73780059814453,
      121.68194580078125
    ],
    [
      100.16857147216797,
      63.685028076171875,
      65.63542175292969,
      69.07327270507812,
      78.27464294433594,
      88.7621841430664,
      109.63216400146484,
      126.30609893798828,
      144.94520568847656,
      162.99624633789062,
      128.3880615234375,
      213.4377899169922,
      149.42420959472656,
      295.8641357421875,
      121.59220886230469,
      308.3291931152344,
      136.0094757080078,
      220.6811981201172
    ],
    [
      41.536468505859375,
      27.737945556640625,
      29.024887084960938,
      32.223941802978516,
      37.564456939697266,
      38.58174514770508,
      55.170413970947266,
      53.447959899902344,
      79.20750427246094,
      70.73934173583984,
      79.16793060302734,
      91.6702880859375,
      98.61670684814453,
      121.59220886230469,
      100.31900024414062,
      131.51577758789062,
      85.83319854736328,
      100.36942291259766
    ],
    [
      105.86943054199219,
      65.9328842163086,
      67.87115478515625,
      72.96898651123047,
      81.00677490234375,
      92.16168975830078,
      114.45570373535156,
      129.23976135253906,
      152.4918212890625,
      167.41043090820312,
      138.71878051757812,
      221.62277221679688,
      162.2306671142578,
      308.3291931152344,
      131.51577758789062,
      349.6607971191406,
      149.62564086914062,
      252.52853393554688
    ],
    [
      52.44902801513672,
      25.991052627563477,
      35.38526153564453,
      34.432769775390625,
      46.58606719970703,
      40.728477478027344,
      62.679691314697266,
      55.04227828979492,
      82.47852325439453,
      72.35489654541016,
      80.48616027832031,
      95.32946014404297,
      94.73780059814453,
      136.0094757080078,
      85.83319854736328,
      149.62564086914062,
      126.36522674560547,
      111.78882598876953
    ],
    [
      75.80833435058594,
      45.1539421081543,
      49.661983489990234,
      53.701419830322266,
      59.20377731323242,
      67.75886535644531,
      82.7607421875,
      94.44149017333984,
      109.52655029296875,
      122.28536987304688,
      101.12247467041016,
      161.0630645751953,
      121.68194580078125,
      220.6811981201172,
      100.36942291259766,
      252.52853393554688,
      111.78882598876953,
      194.3252716064453
    ]
  ],
  "drr": 15.338820457458496,
  "dynamics": 5.377818584442139,
  "format": 1245190,
  "frames": 11007936,
  "loudness": -14.919977188110352,
  "loudness_range": 16.399261474609375,
  "loudness_range_short": 17.562347412109375,
  "peak": 0.16091598570346832,
  "rms": -14.671209335327148,
  "sample_rate": 44100,
  "sections": 1,
  "seekable": 1,
  "sharpness": 1.7975386381149292,
  "space": -6.372557163238525
}