{
  "bands": [
    {
      "high_freq": 148.1999969482422,
      "loudness": -21.95682716369629,
      "loudness_range": 10.551290512084961,
      "mid_mean": -18.6584415435791,
      "mid_to_side_loudness": -14.298938751220703,
      "mid_to_side_loudness_range": 18.35706329345703,
      "side_mean": -32.24210739135742
    },
    {
      "high_freq": 392.3793640136719,
      "loudness": -21.64120864868164,
      "loudness_range": 14.020007133483887,
      "low_freq": 148.1999969482422,
      "mid_mean": -19.481040954589844,
      "mid_to_side_loudness": -5.819322109222412,
      "mid_to_side_loudness_range": 12.497570991516113,
      "side_mean": -24.390840530395508
    },
    {
      "high_freq": 794.6976318359375,
      "loudness": -30.710920333862305,
      "loudness_range": 21.06415557861328,
      "low_freq": 392.3793640136719,
      "mid_mean": -29.528635025024414,
      "mid_to_side_loudness": -2.6050891876220703,
      "mid_to_side_loudness_range": 12.445611953735352,
      "side_mean": -31.801427841186523
    },
    {
      "high_freq": 1457.5709228515625,
      "loudness": -38.996463775634766,
      "loudness_range": 26.931901931762695,
      "low_freq": 794.6976318359375,
      "mid_mean": -38.12041473388672,
      "mid_to_side_loudness": -1.7969337701797485,
      "mid_to_side_loudness_range": 12.107524871826172,
      "side_mean": -39.43462371826172
    },
    {
      "high_freq": 2549.74365234375,
      "loudness": -39.11402130126953,
      "loudness_range": 25.811138153076172,
      "low_freq": 1457.5709228515625,
      "mid_mean": -37.53863525390625,
      "mid_to_side_loudness": -3.353301763534546,
      "mid_to_side_loudness_range": 11.468292236328125,
      "side_mean": -40.59971618652344
    },
    {
      "high_freq": 4349.24462890625,
      "loudness": -42.6719970703125,
      "loudness_range": 26.324743270874023,
      "low_freq": 2549.74365234375,
      "mid_mean": -41.1486930847168,
      "mid_to_side_loudness": -3.647247076034546,
      "mid_to_side_loudness_range": 12.908247947692871,
      "side_mean": -44.664371490478516
    },
    {
      "high_freq": 7314.1640625,
      "loudness": -51.69340133666992,
      "loudness_range": 28.197734832763672,
      "low_freq": 4349.24462890625,
      "mid_mean": -50.48511505126953,
      "mid_to_side_loudness": -4.745392322540283,
      "mid_to_side_loudness_range": 14.182999610900879,
      "side_mean": -54.90737533569336
    },
    {
      "high_freq": 12199.2666015625,
      "loudness": -50.0482177734375,
      "loudness_range": 33.806739807128906,
      "low_freq": 7314.1640625,
      "mid_mean": -50.63857650756836,
      "mid_to_side_loudness": -9.899626731872559,
      "mid_to_side_loudness_range": 18.158771514892578,
      "side_mean": -59.31972885131836
    },
    {
      "loudness": -61.47221374511719,
      "loudness_range": 31.155719757080078,
      "low_freq": 12199.2666015625,
      "mid_mean": -57.933616638183594,
      "mid_to_side_loudness": -9.908809661865234,
      "mid_to_side_loudness_range": 21.139385223388672,
      "side_mean": -65.69078826904297
    }
  ],
  "bands_short": [
    {
      "high_freq": 148.1999969482422,
      "loudness": -25.23008155822754,
      "loudness_range": 16.219995498657227,
      "mid_mean": -22.070079803466797,
      "mid_to_side_loudness": -14.751175880432129,
      "mid_to_side_loudness_range": 24.423614501953125,
      "side_mean": -36.4783821105957
    },
    {
      "high_freq": 392.3793640136719,
      "loudness": -20.27024269104004,
      "loudness_range": 13.481844902038574,
      "low_freq": 148.1999969482422,
      "mid_mean": -17.883695602416992,
      "mid_to_side_loudness": -7.3930511474609375,
      "mid_to_side_loudness_range": 16.429962158203125,
      "side_mean": -24.59562873840332
    },
    {
      "high_freq": 794.6976318359375,
      "loudness": -31.855440139770508,
      "loudness_range": 23.604549407958984,
      "low_freq": 392.3793640136719,
      "mid_mean": -30.89346694946289,
      "mid_to_side_loudness": -2.500253915786743,
      "mid_to_side_loudness_range": 15.345696449279785,
      "side_mean": -33.210262298583984
    },
    {
      "high_freq": 1457.5709228515625,
      "loudness": -39.8846549987793,
      "loudness_range": 31.484722137451172,
      "low_freq": 794.6976318359375,
      "mid_mean": -39.33647155761719,
      "mid_to_side_loudness": -1.445709228515625,
      "mid_to_side_loudness_range": 14.694032669067383,
      "side_mean": -40.4796142578125
    },
    {
      "high_freq": 2549.74365234375,
      "loudness": -41.47368240356445,
      "loudness_range": 30.913230895996094,
      "low_freq": 1457.5709228515625,
      "mid_mean": -40.078269958496094,
      "mid_to_side_loudness": -3.0537569522857666,
      "mid_to_side_loudness_range": 13.24388313293457,
      "side_mean": -43.04924774169922
    },
    {
      "high_freq": 4349.24462890625,
      "loudness": -44.88235855102539,
      "loudness_range": 30.129478454589844,
      "low_freq": 2549.74365234375,
      "mid_mean": -43.45958709716797,
      "mid_to_side_loudness": -3.576650381088257,
      "mid_to_side_loudness_range": 14.223261833190918,
      "side_mean": -47.184181213378906
    },
    {
      "high_freq": 7314.1640625,
      "loudness": -53.96156692504883,
      "loudness_range": 31.378997802734375,
      "low_freq": 4349.24462890625,
      "mid_mean": -52.96012878417969,
      "mid_to_side_loudness": -4.701771259307861,
      "mid_to_side_loudness_range": 14.532386779785156,
      "side_mean": -57.19247055053711
    },
    {
      "high_freq": 12199.2666015625,
      "loudness": -51.17313003540039,
      "loudness_range": 33.260868072509766,
      "low_freq": 7314.1640625,
      "mid_mean": -52.32984161376953,
      "mid_to_side_loudness": -9.354050636291504,
      "mid_to_side_loudness_range": 18.75748062133789,
      "side_mean": -60.341796875
    },
    {
      "loudness": -62.96807098388672,
      "loudness_range": 29.47820281982422,
      "low_freq": 12199.2666015625,
      "mid_mean": -59.18661880493164,
      "mid_to_side_loudness": -9.371559143066406,
      "mid_to_side_loudness_range": 20.87274169921875,
      "side_mean": -66.25139617919922
    }
  ],
  "channels": 2,
  "covariance": [
    [
      22.46672821044922,
      7.638940811157227,
      8.951316833496094,
      1.6794769763946533,
      7.487082004547119,
      4.412382125854492,
      4.533639907836914,
      2.6039628982543945,
      2.0380046367645264,
      2.1437430381774902,
      3.4083237648010254,
      2.8962225914001465,
      7.957849979400635,
      6.525845527648926,
      12.267794609069824,
      9.47917652130127,
      6.823137283325195,
      2.4798481464385986
    ],
    [
      7.638940811157227,
      29.886537551879883,
      -0.25356271862983704,
      -4.069489002227783,
      4.354314804077148,
      3.602688789367676,
      9.280512809753418,
      6.15107536315918,
      0.10482718795537949,
      2.659627676010132,
      4.244791030883789,
      6.546796798706055,
      1.479038119316101,
      5.002802848815918,
      -0.5422215461730957,
      2.3224847316741943,
      1.8012011051177979,
      0.7176799178123474
    ],
    [
      8.951316833496094,
      -0.25356271862983704,
      36.63270568847656,
      20.068132400512695,
      27.314374923706055,
      16.364025115966797,
      25.531343460083008,
      16.50506019592285,
      25.646459579467773,
      16.281675338745117,
      19.718690872192383,
      10.424431800842285,
      27.851177215576172,
      15.940982818603516,
      48.23779296875,
      24.868412017822266,
      29.852500915527344,
      6.942963123321533
    ],
    [
      1.6794769763946533,
      -4.069489002227783,
      20.068132400512695,
      22.628496170043945,
      14.01517105102539,
      11.772546768188477,
      8.20799446105957,
      8.055603981018066,
      14.024191856384277,
      10.71088695526123,
      5.263185977935791,
      3.562702178955078,
      8.310697555541992,
      5.6932525634765625,
      18.016626358032227,
      8.048419952392578,
      8.615212440490723,
      2.113042116165161
    ],
    [
      7.487082004547119,
      4.354314804077148,
      27.314374923706055,
      14.01517105102539,
      61.47494125366211,
      37.673118591308594,
      59.95931625366211,
      43.1455192565918,
      56.77583694458008,
      38.54549789428711,
      53.289730072021484,
      33.9608154296875,
      56.764923095703125,
      34.28488540649414,
      73.75025939941406,
      44.024505615234375,
      54.63177490234375,
      15.526689529418945
    ],
    [
      4.412382125854492,
      3.602688789367676,
      16.364025115966797,
      11.772546768188477,
      37.673118591308594,
      32.93572235107422,
      35.44936752319336,
      30.394330978393555,
      36.952335357666016,
      28.02107810974121,
      30.28469467163086,
      23.09543228149414,
      30.958667755126953,
      21.995996475219727,
      36.61149215698242,
      23.578332901000977,
      26.72539710998535,
      9.248920440673828
    ],
    [
      4.533639907836914,
      9.280512809753418,
      25.531343460083008,
      8.20799446105957,
      59.95931625366211,
      35.44936752319336,
      89.2451171875,
      60.70928955078125,
      65.89242553710938,
      44.45343017578125,
      67.19733428955078,
      42.510677337646484,
      69.48046875,
      42.08967590332031,
      89.53238677978516,
      52.27983474731445,
      69.0200424194336,
      19.073488235473633
    ],
    [
      2.6039628982543945,
      6.15107536315918,
      16.50506019592285,
      8.055603981018066,
      43.1455192565918,
      30.394330978393555,
      60.70928955078125,
      51.63151550292969,
      49.35017776489258,
      38.211647033691406,
      45.1303825378418,
      33.80881881713867,
      43.834415435791016,
      30.076251983642578,
      51.89375305175781,
      32.48508834838867,
      40.04628372192383,
      12.631816864013672
    ],
    [
      2.0380046367645264,
      0.10482718795537949,
      25.646459579467773,
      14.024191856384277,
      56.77583694458008,
      36.952335357666016,
      65.89242553710938,
      49.35017776489258,
      85.35389709472656,
      57.121795654296875,
      65.72859191894531,
      44.55929183959961,
      71.62451171875,
      46.48017501831055,
      80.88909912109375,
      50.09830856323242,
      60.56078338623047,
      19.839492797851562
    ],
    [
      2.1437430381774902,
      2.659627676010132,
      16.281675338745117,
      10.71088695526123,
      38.54549789428711,
      28.02107810974121,
      44.45343017578125,
      38.211647033691406,
      57.121795654296875,
      46.62326431274414,
      42.42975616455078,
      35.122947692871094,
      43.959617614746094,
      32.87773513793945,
      44.75522994995117,
      29.682479858398438,
      34.34559631347656,
      12.604251861572266
    ],
    [
      3.4083237648010254,
      4.244791030883789,
      19.718690872192383,
      5.263185977935791,
      53.289730072021484,
      30.28469467163086,
      67.19733428955078,
      45.1303825378418,
      65.72859191894531,
      42.42975616455078,
      88.24246215820312,
      55.74546432495117,
      87.05648040771484,
      52.56477737426758,
      98.88117218017578,
      60.21212387084961,
      75.44750213623047,
      21.726642608642578
    ],
    [
      2.8962225914001465,
      6.546796798706055,
      10.424431800842285,
      3.562702178955078,
      33.9608154296875,
      23.09543228149414,
      42.510677337646484,
      33.80881881713867,
      44.55929183959961,
      35.122947692871094,
      55.74546432495117,
      47.18277359008789,
      50.14240264892578,
      37.32703399658203,
      49.22752380371094,
      33.717952728271484,
      38.60950469970703,
      13.510213851928711
    ],
    [
      7.957849979400635,
      1.479038119316101,
      27.851177215576172,
      8.310697555541992,
      56.764923095703125,
      30.958667755126953,
      69.48046875,
      43.834415435791016,
      71.62451171875,
      43.959617614746094,
      87.05648040771484,
      50.14240264892578,
      124.66848754882812,
      76.9089584350586,
      134.80348205566406,
      80.63267517089844,
      102.34056854248047,
      32.48918533325195
    ],
    [
      6.525845527648926,
      5.002802848815918,
      15.940982818603516,
      5.6932525634765625,
      34.28488540649414,
      21.995996475219727,
      42.08967590332031,
      30.076251983642578,
      46.48017501831055,
      32.87773513793945,
      52.56477737426758,
      37.32703399658203,
      76.9089584350586,
      57.50628662109375,
      74.0784683227539,
      50.02816390991211,
      57.506710052490234,
      22.935775756835938
    ],
    [
      12.267794609069824,
      -0.5422215461730957,
      48.23779296875,
      18.016626358032227,
      73.75025939941406,
      36.61149215698242,
      89.53238677978516,
      51.89375305175781,
      80.88909912109375,
      44.75522994995117,
      98.88117218017578,
      49.22752380371094,
      134.80348205566406,
      74.0784683227539,
      183.10630798339844,
      101.15126037597656,
      130.80426025390625,
      35.084922790527344
    ],
    [
      9.47917652130127,
      2.3224847316741943,
      24.868412017822266,
      8.048419952392578,
      44.024505615234375,
      23.578332901000977,
      52.27983474731445,
      32.48508834838867,
      50.09830856323242,
      29.682479858398438,
      60.21212387084961,
      33.717952728271484,
      80.63267517089844,
      50.02816390991211,
      101.15126037597656,
      65.01538848876953,
      74.48592376708984,
      25.359970092773438
    ],
    [
      6.823137283325195,
      1.8012011051177979,
      29.852500915527344,
      8.615212440490723,
      54.63177490234375,
      26.72539710998535,
      69.0200424194336,
      40.04628372192383,
      60.56078338623047,
      34.34559631347656,
      75.44750213623047,
      38.60950469970703,
      102.34056854248047,
      57.506710052490234,
      130.80426025390625,
      74.48592376708984,
      102.48690032958984,
      29.83382797241211
    ],
    [
      2.4798481464385986,
      0.7176799178123474,
      6.942963123321533,
      2.113042116165161,
      15.526689529418945,
      9.248920440673828,
      19.073488235473633,
      12.631816864013672,
      19.839492797851562,
      12.604251861572266,
      21.726642608642578,
      13.510213851928711,
      32.48918533325195,
      22.935775756835938,
      35.084922790527344,
      25.359970092773438,
      29.83382797241211,
      14.816254615783691
    ]
  ],
  "covariance_short": [
    [
      42.81127166748047,
      10.135810852050781,
      16.299802780151367,
      4.330309867858887,
      10.466851234436035,
      6.989664554595947,
      4.896488666534424,
      4.117135047912598,
      4.511844158172607,
      3.7681708335876465,
      5.570573329925537,
      4.846807479858398,
      10.430776596069336,
      7.9019598960876465,
      14.055401802062988,
      10.186558723449707,
      5.8910675048828125,
      1.820555567741394
    ],
    [
      10.135810852050781,
      44.80192184448242,
      1.8849629163742065,
      -0.1382153332233429,
      0.5642021894454956,
      1.4930174350738525,
      0.9436984062194824,
      1.06283700466156,
      -4.739743232727051,
      -4.442099571228027,
      -3.851515293121338,
      -1.5526138544082642,
      -5.749835014343262,
      -2.3196401596069336,
      -6.060198783874512,
      -1.4699532985687256,
      -2.94612193107605,
      -1.134398102760315
    ],
    [
      16.299802780151367,
      1.8849629163742065,
      33.20088195800781,
      14.981801986694336,
      25.3095645904541,
      16.478132247924805,
      21.640640258789062,
      16.515989303588867,
      19.573469161987305,
      14.643073081970215,
      16.521007537841797,
      12.710747718811035,
      20.99039077758789,
      14.267354011535645,
      33.065269470214844,
      17.5966739654541,
      18.56988525390625,
      3.744838237762451
    ],
    [
      4.330309867858887,
      -0.1382153332233429,
      14.981801986694336,
      26.83419418334961,
      16.7735595703125,
      15.979333877563477,
      11.288436889648438,
      12.034867286682129,
      15.07131290435791,
      13.575416564941406,
      7.325385093688965,
      7.246177673339844,
      8.911670684814453,
      6.957643032073975,
      15.351263999938965,
      6.2499895095825195,
      6.516530990600586,
      0.7612191438674927
    ],
    [
      10.466851234436035,
      0.5642021894454956,
      25.3095645904541,
      16.7735595703125,
      77.7177963256836,
      47.43999099731445,
      74.69695281982422,
      56.27132034301758,
      68.46051025390625,
      50.91841125488281,
      62.9504508972168,
      44.84294891357422,
      62.25105667114258,
      40.97602844238281,
      76.9846420288086,
      43.97027587890625,
      52.90492248535156,
      12.86150074005127
    ],
    [
      6.989664554595947,
      1.4930174350738525,
      16.478132247924805,
      15.979333877563477,
      47.43999099731445,
      47.94526672363281,
      46.922386169433594,
      42.29402542114258,
      46.29628372192383,
      38.73363494873047,
      38.4688835144043,
      32.346405029296875,
      38.090328216552734,
      29.247610092163086,
      41.538204193115234,
      25.392234802246094,
      28.199018478393555,
      8.29718017578125
    ],
    [
      4.896488666534424,
      0.9436984062194824,
      21.640640258789062,
      11.288436889648438,
      74.69695281982422,
      46.922386169433594,
      115.12089538574219,
      81.53305053710938,
      88.74249267578125,
      66.13327026367188,
      85.03347778320312,
      61.789756774902344,
      80.6516342163086,
      53.5982551574707,
      98.23119354248047,
      56.492576599121094,
      70.66180419921875,
      17.850915908813477
    ],
    [
      4.117135047912598,
      1.06283700466156,
      16.515989303588867,
      12.034867286682129,
      56.27132034301758,
      42.29402542114258,
      81.53305053710938,
      75.44575500488281,
      68.1453857421875,
      58.444339752197266,
      60.42884826660156,
      51.5547981262207,
      55.35763931274414,
      41.531368255615234,
      61.86497497558594,
      37.80640411376953,
      44.473976135253906,
      12.767533302307129
    ],
    [
      4.511844158172607,
      -4.739743232727051,
      19.573469161987305,
      15.07131290435791,
      68.46051025390625,
      46.29628372192383,
      88.74249267578125,
      68.1453857421875,
      109.77661895751953,
      78.7091293334961,
      88.15245056152344,
      65.5236587524414,
      87.55805206298828,
      61.270320892333984,
      92.72891998291016,
      55.13487243652344,
      65.0921859741211,
      19.21424674987793
    ],
    [
      3.7681708335876465,
      -4.442099571228027,
      14.643073081970215,
      13.575416564941406,
      50.91841125488281,
      38.73363494873047,
      66.13327026367188,
      58.444339752197266,
      78.7091293334961,
      72.56594848632812,
      62.78895950317383,
      56.83140563964844,
      60.29667282104492,
      48.88066864013672,
      58.06739807128906,
      37.0849494934082,
      41.1136474609375,
      13.896744728088379
    ],
    [
      5.570573329925537,
      -3.851515293121338,
      16.521007537841797,
      7.325385093688965,
      62.9504508972168,
      38.4688835144043,
      85.03347778320312,
      60.42884826660156,
      88.15245056152344,
      62.78895950317383,
      110.90476989746094,
      76.67915344238281,
      102.52471160888672,
      67.7501220703125,
      110.41065216064453,
      65.61054992675781,
      78.8835678100586,
      22.185644149780273
    ],
    [
      4.846807479858398,
      -1.5526138544082642,
      12.710747718811035,
      7.246177673339844,
      44.84294891357422,
      32.346405029296875,
      61.789756774902344,
      51.5547981262207,
      65.5236587524414,
      56.83140563964844,
      76.67915344238281,
      72.70085906982422,
      68.99176788330078,
      55.54731750488281,
      66.12401580810547,
      43.62394332885742,
      47.24188232421875,
      15.863554000854492
    ],
    [
      10.430776596069336,
      -5.749835014343262,
      20.99039077758789,
      8.911670684814453,
      62.25105667114258,
      38.090328216552734,
      80.6516342163086,
      55.35763931274414,
      87.55805206298828,
      60.29667282104492,
      102.52471160888672,
      68.99176788330078,
      129.62158203125,
      85.2799301147461,
      134.55982971191406,
      79.87384033203125,
      96.33242797851562,
      30.49233627319336
    ],
    [
      7.9019598960876465,
      -2.3196401596069336,
      14.267354011535645,
      6.957643032073975,
      40.97602844238281,
      29.247610092163086,
      53.5982551574707,
      41.531368255615234,
      61.270320892333984,
      48.88066864013672,
      67.7501220703125,
      55.54731750488281,
      85.2799301147461,
      70.24483489990234,
      79.54736328125,
      54.729454040527344,
      57.496910095214844,
      23.229299545288086
    ],
    [
      14.055401802062988,
      -6.060198783874512,
      33.065269470214844,
      15.351263999938965,
      76.9846420288086,
      41.538204193115234,
      98.23119354248047,
      61.86497497558594,
      92.72891998291016,
      58.06739807128906,
      110.41065216064453,
      66.12401580810547,
      134.55982971191406,
      79.54736328125,
      178.1042938232422,
      97.29676055908203,
      121.11479187011719,
      32.320919036865234
    ],
    [
      10.186558723449707,
      -1.4699532985687256,
      17.5966739654541,
      6.2499895095825195,
      43.97027587890625,
      25.392234802246094,
      56.492576599121094,
      37.80640411376953,
      55.13487243652344,
      37.0849494934082,
      65.61054992675781,
      43.62394332885742,
      79.87384033203125,
      54.729454040527344,
      97.29676055908203,
      64.04302978515625,
      67.94114685058594,
      23.902252197265625
    ],
    [
      5.8910675048828125,
      -2.94612193107605,
      18.56988525390625,
      6.516530990600586,
      52.90492248535156,
      28.199018478393555,
      70.66180419921875,
      44.473976135253906,
      65.0921859741211,
      41.1136474609375,
      78.8835678100586,
      47.24188232421875,
      96.33242797851562,
      57.496910095214844,
      121.11479187011719,
      67.94114685058594,
      93.11463928222656,
      26.92006492614746
    ],
    [
      1.820555567741394,
      -1.134398102760315,
      3.744838237762451,
      0.7612191438674927,
      12.86150074005127,
      8.29718017578125,
      17.850915908813477,
      12.767533302307129,
      19.21424674987793,
      13.896744728088379,
      22.185644149780273,
      15.863554000854492,
      30.49233627319336,
      23.229299545288086,
      32.320919036865234,
      23.902252197265625,
      26.92006492614746,
      14.374852180480957
    ]
  ],
  "drr": 14.341219902038574,
  "dynamics": 3.668076515197754,
  "format": 1245190,
  "frames": 9310208,
  "loudness": -13.656051635742188,
  "loudness_range": 9.93708324432373,
  "loudness_range_short": 12.419440269470215,
  "peak": -0.2190043032169342,
  "rms": -14.685527801513672,
  "sample_rate": 44100,
  "sections": 1,
  "seekable": 1,
  "sharpness": 2.5978281497955322,
  "space": -7.693451881408691
}