{
  "bands": [
    {
      "high_freq": 148.1999969482422,
      "loudness": -24.022809982299805,
      "loudness_range": 6.948099136352539,
      "mid_mean": -20.57425308227539,
      "mid_to_side_loudness": -13.468022346496582,
      "mid_to_side_loudness_range": 10.363377571105957,
      "side_mean": -34.126548767089844
    },
    {
      "high_freq": 392.3793640136719,
      "loudness": -20.933597564697266,
      "loudness_range": 6.499727249145508,
      "low_freq": 148.1999969482422,
      "mid_mean": -18.050048828125,
      "mid_to_side_loudness": -7.282850742340088,
      "mid_to_side_loudness_range": 6.771807670593262,
      "side_mean": -25.369096755981445
    },
    {
      "high_freq": 794.6976318359375,
      "loudness": -23.934974670410156,
      "loudness_range": 10.475288391113281,
      "low_freq": 392.3793640136719,
      "mid_mean": -21.08976173400879,
      "mid_to_side_loudness": -7.866889953613281,
      "mid_to_side_loudness_range": 10.799068450927734,
      "side_mean": -29.007673263549805
    },
    {
      "high_freq": 1457.5709228515625,
      "loudness": -27.242956161499023,
      "loudness_range": 15.371313095092773,
      "low_freq": 794.6976318359375,
      "mid_mean": -24.529857635498047,
      "mid_to_side_loudness": -6.969893455505371,
      "mid_to_side_loudness_range": 10.578778266906738,
      "side_mean": -31.530132293701172
    },
    {
      "high_freq": 2549.74365234375,
      "loudness": -27.876680374145508,
      "loudness_range": 14.214935302734375,
      "low_freq": 1457.5709228515625,
      "mid_mean": -25.337438583374023,
      "mid_to_side_loudness": -6.043968677520752,
      "mid_to_side_loudness_range": 9.26279067993164,
      "side_mean": -31.380847930908203
    },
    {
      "high_freq": 4349.24462890625,
      "loudness": -29.108230590820312,
      "loudness_range": 10.804370880126953,
      "low_freq": 2549.74365234375,
      "mid_mean": -26.591527938842773,
      "mid_to_side_loudness": -5.730310916900635,
      "mid_to_side_loudness_range": 8.495596885681152,
      "side_mean": -32.33192443847656
    },
    {
      "high_freq": 7314.1640625,
      "loudness": -33.57501983642578,
      "loudness_range": 12.041486740112305,
      "low_freq": 4349.24462890625,
      "mid_mean": -31.196372985839844,
      "mid_to_side_loudness": -5.073627471923828,
      "mid_to_side_loudness_range": 7.847030162811279,
      "side_mean": -36.27014923095703
    },
    {
      "high_freq": 12199.2666015625,
      "loudness": -38.32658004760742,
      "loudness_range": 13.819000244140625,
      "low_freq": 7314.1640625,
      "mid_mean": -36.07069396972656,
      "mid_to_side_loudness": -4.507486820220947,
      "mid_to_side_loudness_range": 7.18758487701416,
      "side_mean": -40.575443267822266
    },
    {
      "loudness": -45.43617630004883,
      "loudness_range": 14.544368743896484,
      "low_freq": 12199.2666015625,
      "mid_mean": -43.97712707519531,
      "mid_to_side_loudness": -1.932312250137329,
      "mid_to_side_loudness_range": 4.971302509307861,
      "side_mean": -45.908687591552734
    }
  ],
  "bands_short": [
    {
      "high_freq": 148.1999969482422,
      "loudness": -27.55531883239746,
      "loudness_range": 10.542104721069336,
      "mid_mean": -24.189651489257812,
      "mid_to_side_loudness": -13.60908031463623,
      "mid_to_side_loudness_range": 15.962997436523438,
      "side_mean": -37.96718215942383
    },
    {
      "high_freq": 392.3793640136719,
      "loudness": -20.587158203125,
      "loudness_range": 8.544361114501953,
      "low_freq": 148.1999969482422,
      "mid_mean": -17.639394760131836,
      "mid_to_side_loudness": -8.092096328735352,
      "mid_to_side_loudness_range": 9.632766723632812,
      "side_mean": -25.7811279296875
    },
    {
      "high_freq": 794.6976318359375,
      "loudness": -24.191831588745117,
      "loudness_range": 12.228780746459961,
      "low_freq": 392.3793640136719,
      "mid_mean": -21.51396369934082,
      "mid_to_side_loudness": -7.347957134246826,
      "mid_to_side_loudness_range": 13.110932350158691,
      "side_mean": -28.92947769165039
    },
    {
      "high_freq": 1457.5709228515625,
      "loudness": -27.655900955200195,
      "loudness_range": 16.90227508544922,
      "low_freq": 794.6976318359375,
      "mid_mean": -25.123655319213867,
      "mid_to_side_loudness": -6.540826797485352,
      "mid_to_side_loudness_range": 12.801715850830078,
      "side_mean": -31.71817970275879
    },
    {
      "high_freq": 2549.74365234375,
      "loudness": -28.593542098999023,
      "loudness_range": 16.410106658935547,
      "low_freq": 1457.5709228515625,
      "mid_mean": -26.23724937438965,
      "mid_to_side_loudness": -5.627108573913574,
      "mid_to_side_loudness_range": 11.24905776977539,
      "side_mean": -31.864404678344727
    },
    {
      "high_freq": 4349.24462890625,
      "loudness": -29.54070472717285,
      "loudness_range": 12.761039733886719,
      "low_freq": 2549.74365234375,
      "mid_mean": -27.155548095703125,
      "mid_to_side_loudness": -5.443196773529053,
      "mid_to_side_loudness_range": 9.806870460510254,
      "side_mean": -32.59815216064453
    },
    {
      "high_freq": 7314.1640625,
      "loudness": -34.575504302978516,
      "loudness_range": 15.183643341064453,
      "low_freq": 4349.24462890625,
      "mid_mean": -32.33064651489258,
      "mid_to_side_loudness": -4.7547383308410645,
      "mid_to_side_loudness_range": 8.928145408630371,
      "side_mean": -37.08479309082031
    },
    {
      "high_freq": 12199.2666015625,
      "loudness": -40.094234466552734,
      "loudness_range": 18.574623107910156,
      "low_freq": 7314.1640625,
      "mid_mean": -37.988685607910156,
      "mid_to_side_loudness": -4.210892677307129,
      "mid_to_side_loudness_range": 8.809313774108887,
      "side_mean": -42.19610595703125
    },
    {
      "loudness": -48.16958236694336,
      "loudness_range": 20.043140411376953,
      "low_freq": 12199.2666015625,
      "mid_mean": -46.81713104248047,
      "mid_to_side_loudness": -1.8056933879852295,
      "mid_to_side_loudness_range": 7.112910270690918,
      "side_mean": -48.593441009521484
    }
  ],
  "channels": 2,
  "covariance": [
    [
      9.885456085205078,
      4.578211307525635,
      3.622708320617676,
      3.250149965286255,
      2.5124871730804443,
      2.9340546131134033,
      2.5441184043884277,
      2.814361333847046,
      1.8825887441635132,
      1.490323781967163,
      2.4150946140289307,
      1.9402830600738525,
      2.029994487762451,
      1.7461960315704346,
      2.3011977672576904,
      1.7083251476287842,
      2.047149419784546,
      1.5737214088439941
    ],
    [
      4.578211307525635,
      11.283300399780273,
      3.037302017211914,
      3.572948455810547,
      1.6235840320587158,
      3.0101447105407715,
      3.270364761352539,
      4.7371602058410645,
      2.5268588066101074,
      3.0406534671783447,
      2.542428493499756,
      3.605062484741211,
      2.3749585151672363,
      3.0036258697509766,
      2.1654415130615234,
      2.8317348957061768,
      1.4175872802734375,
      2.04191255569458
    ],
    [
      3.622708320617676,
      3.037302017211914,
      8.367141723632812,
      5.808803081512451,
      2.6692023277282715,
      4.305217266082764,
      0.07353103905916214,
      1.714137315750122,
      3.442821741104126,
      2.343783378601074,
      4.714003086090088,
      3.183882236480713,
      3.0164129734039307,
      1.45930814743042,
      4.3489298820495605,
      2.882634401321411,
      4.495699405670166,
      3.7590301036834717
    ],
    [
      3.250149965286255,
      3.572948455810547,
      5.808803081512451,
      8.543499946594238,
      2.3203439712524414,
      4.841493129730225,
      1.110555648803711,
      3.2540810108184814,
      3.127842426300049,
      3.2147350311279297,
      3.841646194458008,
      4.176113605499268,
      3.0572078227996826,
      2.869962215423584,
      4.230978488922119,
      3.71695876121521,
      4.398412227630615,
      4.121517658233643
    ],
    [
      2.5124871730804443,
      1.6235840320587158,
      2.6692023277282715,
      2.3203439712524414,
      20.21287727355957,
      8.560582160949707,
      16.727191925048828,
      8.413984298706055,
      13.06377124786377,
      4.786959648132324,
      10.252348899841309,
      4.0391058921813965,
      10.522472381591797,
      6.089018821716309,
      9.809322357177734,
      6.204575538635254,
      4.759504795074463,
      3.511863946914673
    ],
    [
      2.9340546131134033,
      3.0101447105407715,
      4.305217266082764,
      4.841493129730225,
      8.560582160949707,
      11.069417953491211,
      7.375718593597412,
      7.0698089599609375,
      7.844653129577637,
      5.385721683502197,
      6.512322902679443,
      5.225011825561523,
      6.829596042633057,
      5.24806022644043,
      7.635839462280273,
      5.81849479675293,
      5.24615478515625,
      4.528677940368652
    ],
    [
      2.5441184043884277,
      3.270364761352539,
      0.07353103905916214,
      1.110555648803711,
      16.727191925048828,
      7.375718593597412,
      34.48155212402344,
      18.512840270996094,
      19.806026458740234,
      9.372138023376465,
      11.490860939025879,
      7.116036891937256,
      14.556886672973633,
      10.963264465332031,
      9.460249900817871,
      8.25036334991455,
      3.2667667865753174,
      3.9580299854278564
    ],
    [
      2.814361333847046,
      4.7371602058410645,
      1.714137315750122,
      3.2540810108184814,
      8.413984298706055,
      7.0698089599609375,
      18.512840270996094,
      16.848773956298828,
      11.953356742858887,
      8.815801620483398,
      7.00269079208374,
      7.4353837966918945,
      9.942156791687012,
      10.02683162689209,
      6.803112506866455,
      7.362534046173096,
      1.934168815612793,
      3.0904579162597656
    ],
    [
      1.8825887441635132,
      2.5268588066101074,
      3.442821741104126,
      3.127842426300049,
      13.06377124786377,
      7.844653129577637,
      19.806026458740234,
      11.953356742858887,
      28.008533477783203,
      14.145893096923828,
      17.798574447631836,
      10.520065307617188,
      16.252906799316406,
      10.379940032958984,
      15.033231735229492,
      11.056502342224121,
      9.681276321411133,
      8.776649475097656
    ],
    [
      1.490323781967163,
      3.0406534671783447,
      2.343783378601074,
      3.2147350311279297,
      4.786959648132324,
      5.385721683502197,
      9.372138023376465,
      8.815801620483398,
      14.145893096923828,
      11.461894035339355,
      9.224913597106934,
      8.902783393859863,
      8.620918273925781,
      8.179155349731445,
      7.646830081939697,
      7.455410480499268,
      5.507789134979248,
      6.415229797363281
    ],
    [
      2.4150946140289307,
      2.542428493499756,
      4.714003086090088,
      3.841646194458008,
      10.252348899841309,
      6.512322902679443,
      11.490860939025879,
      7.00269079208374,
      17.798574447631836,
      9.224913597106934,
      17.773487091064453,
      10.212858200073242,
      13.389558792114258,
      7.6707329750061035,
      13.776762962341309,
      9.93186092376709,
      9.783646583557129,
      8.662235260009766
    ],
    [
      1.9402830600738525,
      3.605062484741211,
      3.183882236480713,
      4.176113605499268,
      4.0391058921813965,
      5.225011825561523,
      7.116036891937256,
      7.4353837966918945,
      10.520065307617188,
      8.902783393859863,
      10.212858200073242,
      11.243584632873535,
      7.8378424644470215,
      7.839772701263428,
      8.255967140197754,
      8.825156211853027,
      6.384645462036133,
      7.646921157836914
    ],
    [
      2.029994487762451,
      2.3749585151672363,
      3.0164129734039307,
      3.0572078227996826,
      10.522472381591797,
      6.829596042633057,
      14.556886672973633,
      9.942156791687012,
      16.252906799316406,
      8.620918273925781,
      13.389558792114258,
      7.8378424644470215,
      20.939176559448242,
      14.492453575134277,
      18.160995483398438,
      13.624663352966309,
      11.880327224731445,
      9.104777336120605
    ],
    [
      1.7461960315704346,
      3.0036258697509766,
      1.45930814743042,
      2.869962215423584,
      6.089018821716309,
      5.24806022644043,
      10.963264465332031,
      10.02683162689209,
      10.379940032958984,
      8.179155349731445,
      7.6707329750061035,
      7.839772701263428,
      14.492453575134277,
      15.439520835876465,
      10.425752639770508,
      10.58188533782959,
      6.637057304382324,
      6.806790828704834
    ],
    [
      2.3011977672576904,
      2.1654415130615234,
      4.3489298820495605,
      4.230978488922119,
      9.809322357177734,
      7.635839462280273,
      9.460249900817871,
      6.803112506866455,
      15.033231735229492,
      7.646830081939697,
      13.776762962341309,
      8.255967140197754,
      18.160995483398438,
      10.425752639770508,
      28.11664390563965,
      20.07036781311035,
      21.066635131835938,
      15.36644458770752
    ],
    [
      1.7083251476287842,
      2.8317348957061768,
      2.882634401321411,
      3.71695876121521,
      6.204575538635254,
      5.81849479675293,
      8.25036334991455,
      7.362534046173096,
      11.056502342224121,
      7.455410480499268,
      9.93186092376709,
      8.825156211853027,
      13.624663352966309,
      10.58188533782959,
      20.07036781311035,
      18.63648796081543,
      16.361328125,
      14.873771667480469
    ],
    [
      2.047149419784546,
      1.4175872802734375,
      4.495699405670166,
      4.398412227630615,
      4.759504795074463,
      5.24615478515625,
      3.2667667865753174,
      1.934168815612793,
      9.681276321411133,
      5.507789134979248,
      9.783646583557129,
      6.384645462036133,
      11.880327224731445,
      6.637057304382324,
      21.066635131835938,
      16.361328125,
      27.39935874938965,
      23.243061065673828
    ],
    [
      1.5737214088439941,
      2.04191255569458,
      3.7590301036834717,
      4.121517658233643,
      3.511863946914673,
      4.528677940368652,
      3.9580299854278564,
      3.0904579162597656,
      8.776649475097656,
      6.415229797363281,
      8.662235260009766,
      7.646921157836914,
      9.104777336120605,
      6.806790828704834,
      15.36644458770752,
      14.873771667480469,
      23.243061065673828,
      24.0201358795166
    ]
  ],
  "covariance_short": [
    [
      19.35491180419922,
      4.0392231941223145,
      5.4257707595825195,
      2.8234503269195557,
      2.5452420711517334,
      2.8476810455322266,
      2.5065102577209473,
      2.7015349864959717,
      3.7248919010162354,
      2.1550817489624023,
      3.517988920211792,
      2.218649387359619,
      4.292234897613525,
      3.055009365081787,
      4.47294807434082,
      3.795830249786377,
      5.35151481628418,
      4.970675468444824
    ],
    [
      4.0392231941223145,
      19.440567016601562,
      3.205737590789795,
      3.3871054649353027,
      2.675166130065918,
      3.3955371379852295,
      3.9691061973571777,
      3.830343008041382,
      3.7933759689331055,
      3.096475124359131,
      3.4775683879852295,
      3.4744327068328857,
      3.8844213485717773,
      3.4676761627197266,
      4.08615255355835,
      4.20175838470459,
      4.690148830413818,
      5.1554670333862305
    ],
    [
      5.4257707595825195,
      3.205737590789795,
      12.266670227050781,
      6.66534423828125,
      3.8619511127471924,
      4.836406230926514,
      1.5249079465866089,
      2.9217984676361084,
      3.5257062911987305,
      2.740830898284912,
      5.797659873962402,
      4.39450216293335,
      4.737930774688721,
      3.496563673019409,
      6.24434757232666,
      5.208915710449219,
      6.572591304779053,
      5.978402137756348
    ],
    [
      2.8234503269195557,
      3.3871054649353027,
      6.66534423828125,
      12.322216987609863,
      2.576380491256714,
      5.442311763763428,
      2.255911111831665,
      4.650783061981201,
      3.5845181941986084,
      4.0997748374938965,
      4.776702880859375,
      5.516222953796387,
      4.107859134674072,
      4.618281841278076,
      5.5659685134887695,
      5.699473857879639,
      6.23847770690918,
      6.497239589691162
    ],
    [
      2.5452420711517334,
      2.675166130065918,
      3.8619511127471924,
      2.576380491256714,
      25.67562484741211,
      9.750958442687988,
      17.961057662963867,
      8.515012741088867,
      16.012596130371094,
      6.2606000900268555,
      13.061324119567871,
      5.192777633666992,
      13.545424461364746,
      7.541386604309082,
      13.456178665161133,
      8.461261749267578,
      8.06704330444336,
      6.529376029968262
    ],
    [
      2.8476810455322266,
      3.3955371379852295,
      4.836406230926514,
      5.442311763763428,
      9.750958442687988,
      14.968855857849121,
      8.000943183898926,
      7.608296871185303,
      9.258161544799805,
      6.8279290199279785,
      8.154370307922363,
      7.0380473136901855,
      9.069642066955566,
      7.32460355758667,
      10.252882957458496,
      8.714493751525879,
      8.216936111450195,
      7.903188228607178
    ],
    [
      2.5065102577209473,
      3.9691061973571777,
      1.5249079465866089,
      2.255911111831665,
      17.961057662963867,
      8.000943183898926,
      40.54230499267578,
      19.483169555664062,
      24.332075119018555,
      11.452288627624512,
      15.56102180480957,
      8.56180477142334,
      20.01112174987793,
      13.99679946899414,
      16.363447189331055,
      12.643823623657227,
      9.071375846862793,
      8.745993614196777
    ],
    [
      2.7015349864959717,
      3.830343008041382,
      2.9217984676361084,
      4.650783061981201,
      8.515012741088867,
      7.608296871185303,
      19.483169555664062,
      19.797454833984375,
      13.89437484741211,
      10.458846092224121,
      9.030637741088867,
      8.730474472045898,
      13.162124633789062,
      12.493406295776367,
      11.220757484436035,
      11.162699699401855,
      6.613786220550537,
      7.519853591918945
    ],
    [
      3.7248919010162354,
      3.7933759689331055,
      3.5257062911987305,
      3.5845181941986084,
      16.012596130371094,
      9.258161544799805,
      24.332075119018555,
      13.89437484741211,
      35.64353942871094,
      17.162120819091797,
      22.952716827392578,
      13.113869667053223,
      22.605606079101562,
      14.84644889831543,
      22.65201187133789,
      16.91518783569336,
      16.75172233581543,
      14.841741561889648
    ],
    [
      2.1550817489624023,
      3.096475124359131,
      2.740830898284912,
      4.0997748374938965,
      6.2606000900268555,
      6.8279290199279785,
      11.452288627624512,
      10.458846092224121,
      17.162120819091797,
      15.340543746948242,
      12.130664825439453,
      11.183588981628418,
      12.658254623413086,
      11.702836990356445,
      12.673391342163086,
      12.17313003540039,
      11.088984489440918,
      11.765905380249023
    ],
    [
      3.517988920211792,
      3.4775683879852295,
      5.797659873962402,
      4.776702880859375,
      13.061324119567871,
      8.154370307922363,
      15.56102180480957,
      9.030637741088867,
      22.952716827392578,
      12.130664825439453,
      24.674251556396484,
      13.85925006866455,
      20.162086486816406,
      12.434967994689941,
      22.15467071533203,
      16.279550552368164,
      17.48573875427246,
      15.1945161819458
    ],
    [
      2.218649387359619,
      3.4744327068328857,
      4.39450216293335,
      5.516222953796387,
      5.192777633666992,
      7.0380473136901855,
      8.56180477142334,
      8.730474472045898,
      13.113869667053223,
      11.183588981628418,
      13.85925006866455,
      15.034733772277832,
      12.321832656860352,
      12.065975189208984,
      13.892621994018555,
      14.413130760192871,
      12.900064468383789,
      14.23258113861084
    ],
    [
      4.292234897613525,
      3.8844213485717773,
      4.737930774688721,
      4.107859134674072,
      13.545424461364746,
      9.069642066955566,
      20.01112174987793,
      13.162124633789062,
      22.605606079101562,
      12.658254623413086,
      20.162086486816406,
      12.321832656860352,
      32.46974182128906,
      22.518535614013672,
      31.240875244140625,
      24.27892303466797,
      23.814437866210938,
      19.43099594116211
    ],
    [
      3.055009365081787,
      3.4676761627197266,
      3.496563673019409,
      4.618281841278076,
      7.541386604309082,
      7.32460355758667,
      13.99679946899414,
      12.493406295776367,
      14.84644889831543,
      11.702836990356445,
      12.434967994689941,
      12.065975189208984,
      22.518535614013672,
      22.759899139404297,
      20.286882400512695,
      20.191308975219727,
      16.859848022460938,
      17.02503204345703
    ],
    [
      4.47294807434082,
      4.08615255355835,
      6.24434757232666,
      5.5659685134887695,
      13.456178665161133,
      10.252882957458496,
      16.363447189331055,
      11.220757484436035,
      22.65201187133789,
      12.673391342163086,
      22.15467071533203,
      13.892621994018555,
      31.240875244140625,
      20.286882400512695,
      47.398189544677734,
      35.97472381591797,
      38.42471694946289,
      30.924903869628906
    ],
    [
      3.795830249786377,
      4.20175838470459,
      5.208915710449219,
      5.699473857879639,
      8.461261749267578,
      8.714493751525879,
      12.643823623657227,
      11.162699699401855,
      16.91518783569336,
      12.17313003540039,
      16.279550552368164,
      14.413130760192871,
      24.27892303466797,
      20.191308975219727,
      35.97472381591797,
      35.424827575683594,
      33.06863021850586,
      32.16493225097656
    ],
    [
      5.35151481628418,
      4.690148830413818,
      6.572591304779053,
      6.23847770690918,
      8.06704330444336,
      8.216936111450195,
      9.071375846862793,
      6.613786220550537,
      16.75172233581543,
      11.088984489440918,
      17.48573875427246,
      12.900064468383789,
      23.814437866210938,
      16.859848022460938,
      38.42471694946289,
      33.06863021850586,
      49.7947883605957,
      44.30440902709961
    ],
    [
      4.970675468444824,
      5.1554670333862305,
      5.978402137756348,
      6.497239589691162,
      6.529376029968262,
      7.903188228607178,
      8.745993614196777,
      7.519853591918945,
      14.841741561889648,
      11.765905380249023,
      15.1945161819458,
      14.23258113861084,
      19.43099594116211,
      17.02503204345703,
      30.924903869628906,
      32.16493225097656,
      44.30440902709961,
      47.27711868286133
    ]
  ],
  "drr": 13.885391235351562,
  "dynamics": 2.329123020172119,
  "format": 1245190,
  "frames": 8853504,
  "loudness": -12.726094245910645,
  "loudness_range": 5.494850158691406,
  "loudness_range_short": 7.401556015014648,
  "peak": -0.3347614109516144,
  "rms": -14.858881950378418,
  "sample_rate": 44100,
  "sections": 1,
  "seekable": 1,
  "sharpness": 1.7788922786712646,
  "space": -8.161961555480957
}