{
  "bands": [
    {
      "high_freq": 148.1999969482422,
      "loudness": -23.092266082763672,
      "loudness_range": 13.775899887084961,
      "mid_mean": -19.603302001953125,
      "mid_to_side_loudness": -19.56310272216797,
      "mid_to_side_loudness_range": 27.309337615966797,
      "side_mean": -40.02229690551758
    },
    {
      "high_freq": 392.3793640136719,
      "loudness": -20.19356346130371,
      "loudness_range": 9.357096672058105,
      "low_freq": 148.1999969482422,
      "mid_mean": -17.268465042114258,
      "mid_to_side_loudness": -8.807497024536133,
      "mid_to_side_loudness_range": 13.26613998413086,
      "side_mean": -26.21369743347168
    },
    {
      "high_freq": 794.6976318359375,
      "loudness": -23.582164764404297,
      "loudness_range": 15.528468132019043,
      "low_freq": 392.3793640136719,
      "mid_mean": -21.153873443603516,
      "mid_to_side_loudness": -5.948619365692139,
      "mid_to_side_loudness_range": 13.62990951538086,
      "side_mean": -27.255290985107422
    },
    {
      "high_freq": 1457.5709228515625,
      "loudness": -27.10452651977539,
      "loudness_range": 20.345239639282227,
      "low_freq": 794.6976318359375,
      "mid_mean": -24.41983985900879,
      "mid_to_side_loudness": -7.535056114196777,
      "mid_to_side_loudness_range": 13.93721866607666,
      "side_mean": -31.972379684448242
    },
    {
      "high_freq": 2549.74365234375,
      "loudness": -26.82252311706543,
      "loudness_range": 18.32500648498535,
      "low_freq": 1457.5709228515625,
      "mid_mean": -24.527902603149414,
      "mid_to_side_loudness": -5.48117208480835,
      "mid_to_side_loudness_range": 11.490811347961426,
      "side_mean": -30.01639747619629
    },
    {
      "high_freq": 4349.24462890625,
      "loudness": -28.531702041625977,
      "loudness_range": 19.018869400024414,
      "low_freq": 2549.74365234375,
      "mid_mean": -26.197072982788086,
      "mid_to_side_loudness": -5.802566051483154,
      "mid_to_side_loudness_range": 12.51197338104248,
      "side_mean": -31.989526748657227
    },
    {
      "high_freq": 7314.1640625,
      "loudness": -31.48004150390625,
      "loudness_range": 24.468690872192383,
      "low_freq": 4349.24462890625,
      "mid_mean": -28.876672744750977,
      "mid_to_side_loudness": -7.389077186584473,
      "mid_to_side_loudness_range": 14.462474822998047,
      "side_mean": -36.36943817138672
    },
    {
      "high_freq": 12199.2666015625,
      "loudness": -34.63153839111328,
      "loudness_range": 25.920162200927734,
      "low_freq": 7314.1640625,
      "mid_mean": -31.6262264251709,
      "mid_to_side_loudness": -10.561647415161133,
      "mid_to_side_loudness_range": 19.71540641784668,
      "side_mean": -42.431156158447266
    },
    {
      "loudness": -43.86664962768555,
      "loudness_range": 27.019500732421875,
      "low_freq": 12199.2666015625,
      "mid_mean": -40.81265640258789,
      "mid_to_side_loudness": -10.99363899230957,
      "mid_to_side_loudness_range": 17.703258514404297,
      "side_mean": -52.704044342041016
    }
  ],
  "bands_short": [
    {
      "high_freq": 148.1999969482422,
      "loudness": -25.19057273864746,
      "loudness_range": 15.224987030029297,
      "mid_mean": -21.63165855407715,
      "mid_to_side_loudness": -22.098953247070312,
      "mid_to_side_loudness_range": 31.06528091430664,
      "side_mean": -44.99531936645508
    },
    {
      "high_freq": 392.3793640136719,
      "loudness": -20.026174545288086,
      "loudness_range": 10.75885009765625,
      "low_freq": 148.1999969482422,
      "mid_mean": -17.094615936279297,
      "mid_to_side_loudness": -9.34528923034668,
      "mid_to_side_loudness_range": 15.06542682647705,
      "side_mean": -26.54570198059082
    },
    {
      "high_freq": 794.6976318359375,
      "loudness": -24.375810623168945,
      "loudness_range": 17.15028190612793,
      "low_freq": 392.3793640136719,
      "mid_mean": -22.191057205200195,
      "mid_to_side_loudness": -5.586324691772461,
      "mid_to_side_loudness_range": 15.347089767456055,
      "side_mean": -27.935352325439453
    },
    {
      "high_freq": 1457.5709228515625,
      "loudness": -27.566991806030273,
      "loudness_range": 22.20517349243164,
      "low_freq": 794.6976318359375,
      "mid_mean": -24.986297607421875,
      "mid_to_side_loudness": -7.444530487060547,
      "mid_to_side_loudness_range": 15.836790084838867,
      "side_mean": -32.511390686035156
    },
    {
      "high_freq": 2549.74365234375,
      "loudness": -27.610633850097656,
      "loudness_range": 19.93207550048828,
      "low_freq": 1457.5709228515625,
      "mid_mean": -25.474475860595703,
      "mid_to_side_loudness": -5.212751388549805,
      "mid_to_side_loudness_range": 13.396824836730957,
      "side_mean": -30.73889923095703
    },
    {
      "high_freq": 4349.24462890625,
      "loudness": -29.438241958618164,
      "loudness_range": 20.89700698852539,
      "low_freq": 2549.74365234375,
      "mid_mean": -27.25656509399414,
      "mid_to_side_loudness": -5.5342888832092285,
      "mid_to_side_loudness_range": 14.059759140014648,
      "side_mean": -32.804656982421875
    },
    {
      "high_freq": 7314.1640625,
      "loudness": -33.250526428222656,
      "loudness_range": 26.13434600830078,
      "low_freq": 4349.24462890625,
      "mid_mean": -30.70827865600586,
      "mid_to_side_loudness": -7.041347026824951,
      "mid_to_side_loudness_range": 14.996088027954102,
      "side_mean": -37.857200622558594
    },
    {
      "high_freq": 12199.2666015625,
      "loudness": -36.859825134277344,
      "loudness_range": 28.315235137939453,
      "low_freq": 7314.1640625,
      "mid_mean": -33.90898895263672,
      "mid_to_side_loudness": -10.408496856689453,
      "mid_to_side_loudness_range": 20.578737258911133,
      "side_mean": -45.11813735961914
    },
    {
      "loudness": -46.596256256103516,
      "loudness_range": 30.925825119018555,
      "low_freq": 12199.2666015625,
      "mid_mean": -43.90043640136719,
      "mid_to_side_loudness": -10.737592697143555,
      "mid_to_side_loudness_range": 19.279298782348633,
      "side_mean": -55.650657653808594
    }
  ],
  "channels": 2,
  "covariance": [
    [
      31.791351318359375,
      4.00972843170166,
      9.331644058227539,
      9.984745025634766,
      9.580180168151855,
      7.650579452514648,
      13.077326774597168,
      8.287293434143066,
      13.601058006286621,
      7.2658820152282715,
      14.733906745910645,
      8.941650390625,
      16.39218521118164,
      15.287755966186523,
      13.343114852905273,
      20.364290237426758,
      8.599021911621094,
      15.52376937866211
    ],
    [
      4.00972843170166,
      51.81200408935547,
      2.831416606903076,
      8.456976890563965,
      1.1764427423477173,
      5.591548442840576,
      4.966675758361816,
      5.12238073348999,
      4.814979553222656,
      6.604831218719482,
      3.44408917427063,
      6.552628517150879,
      3.9630041122436523,
      6.2781243324279785,
      5.9818949699401855,
      9.379578590393066,
      6.109210014343262,
      7.226120471954346
    ],
    [
      9.331644058227539,
      2.831416606903076,
      14.456499099731445,
      12.172083854675293,
      10.242226600646973,
      8.367753982543945,
      12.242929458618164,
      8.387243270874023,
      9.656067848205566,
      7.2192912101745605,
      10.134618759155273,
      7.188657760620117,
      9.960892677307129,
      9.08530044555664,
      8.937553405761719,
      12.68120002746582,
      5.212792873382568,
      10.148499488830566
    ],
    [
      9.984745025634766,
      8.456976890563965,
      12.172083854675293,
      31.10785675048828,
      15.364134788513184,
      20.241596221923828,
      21.532127380371094,
      22.0142765045166,
      18.472715377807617,
      19.679391860961914,
      17.595243453979492,
      21.34378433227539,
      16.204973220825195,
      23.62774658203125,
      15.932064056396484,
      31.311527252197266,
      13.395217895507812,
      30.083110809326172
    ],
    [
      9.580180168151855,
      1.1764427423477173,
      10.242226600646973,
      15.364134788513184,
      33.79019546508789,
      20.205562591552734,
      31.75165557861328,
      20.715669631958008,
      25.511898040771484,
      17.510190963745117,
      23.376779556274414,
      19.14436149597168,
      18.393285751342773,
      20.24139976501465,
      18.639087677001953,
      23.53246307373047,
      15.143261909484863,
      22.891721725463867
    ],
    [
      7.650579452514648,
      5.591548442840576,
      8.367753982543945,
      20.241596221923828,
      20.205562591552734,
      31.14879608154297,
      22.811166763305664,
      25.900835037231445,
      21.35000228881836,
      22.45401954650879,
      18.532257080078125,
      23.04413604736328,
      15.14628791809082,
      20.669649124145508,
      15.947223663330078,
      23.865938186645508,
      14.02883243560791,
      23.427364349365234
    ],
    [
      13.077326774597168,
      4.966675758361816,
      12.242929458618164,
      21.532127380371094,
      31.75165557861328,
      22.811166763305664,
      50.791507720947266,
      32.79676055908203,
      33.07958984375,
      26.44314193725586,
      31.010744094848633,
      28.916574478149414,
      27.87670135498047,
      31.750137329101562,
      28.399154663085938,
      36.80716323852539,
      25.273393630981445,
      35.9160041809082
    ],
    [
      8.287293434143066,
      5.12238073348999,
      8.387243270874023,
      22.0142765045166,
      20.715669631958008,
      25.900835037231445,
      32.79676055908203,
      39.26127624511719,
      25.942365646362305,
      29.42594337463379,
      24.648283004760742,
      31.94475746154785,
      22.56212043762207,
      32.72121810913086,
      22.45166015625,
      35.8113899230957,
      22.35340690612793,
      37.89522933959961
    ],
    [
      13.601058006286621,
      4.814979553222656,
      9.656067848205566,
      18.472715377807617,
      25.511898040771484,
      21.35000228881836,
      33.07958984375,
      25.942365646362305,
      44.00721740722656,
      28.566354751586914,
      36.68131637573242,
      32.625579833984375,
      33.74878692626953,
      34.957557678222656,
      32.43943786621094,
      37.41802978515625,
      26.573469161987305,
      35.54856872558594
    ],
    [
      7.2658820152282715,
      6.604831218719482,
      7.2192912101745605,
      19.679391860961914,
      17.510190963745117,
      22.45401954650879,
      26.44314193725586,
      29.42594337463379,
      28.566354751586914,
      32.497894287109375,
      25.475378036499023,
      34.73622131347656,
      22.695003509521484,
      32.74852752685547,
      21.6920166015625,
      34.89060592651367,
      21.552736282348633,
      35.27450942993164
    ],
    [
      14.733906745910645,
      3.44408917427063,
      10.134618759155273,
      17.595243453979492,
      23.376779556274414,
      18.532257080078125,
      31.010744094848633,
      24.648283004760742,
      36.68131637573242,
      25.475378036499023,
      46.50889587402344,
      36.174049377441406,
      45.56525802612305,
      44.03385543823242,
      41.204795837402344,
      45.23173522949219,
      33.01828384399414,
      42.39371871948242
    ],
    [
      8.941650390625,
      6.552628517150879,
      7.188657760620117,
      21.34378433227539,
      19.14436149597168,
      23.04413604736328,
      28.916574478149414,
      31.94475746154785,
      32.625579833984375,
      34.73622131347656,
      36.174049377441406,
      50.88251495361328,
      36.59165954589844,
      54.467681884765625,
      34.63772201538086,
      56.66669464111328,
      35.666812896728516,
      57.10395050048828
    ],
    [
      16.39218521118164,
      3.9630041122436523,
      9.960892677307129,
      16.204973220825195,
      18.393285751342773,
      15.14628791809082,
      27.87670135498047,
      22.56212043762207,
      33.74878692626953,
      22.695003509521484,
      45.56525802612305,
      36.59165954589844,
      68.39849090576172,
      57.26737594604492,
      63.08004379272461,
      63.56731414794922,
      53.5013313293457,
      58.68090057373047
    ],
    [
      15.287755966186523,
      6.2781243324279785,
      9.08530044555664,
      23.62774658203125,
      20.24139976501465,
      20.669649124145508,
      31.750137329101562,
      32.72121810913086,
      34.957557678222656,
      32.74852752685547,
      44.03385543823242,
      54.467681884765625,
      57.26737594604492,
      84.01333618164062,
      55.05864334106445,
      89.85443115234375,
      56.64257049560547,
      88.52996826171875
    ],
    [
      13.343114852905273,
      5.9818949699401855,
      8.937553405761719,
      15.932064056396484,
      18.639087677001953,
      15.947223663330078,
      28.399154663085938,
      22.45166015625,
      32.43943786621094,
      21.6920166015625,
      41.204795837402344,
      34.63772201538086,
      63.08004379272461,
      55.05864334106445,
      76.22757720947266,
      66.79356384277344,
      66.0158462524414,
      65.06179809570312
    ],
    [
      20.364290237426758,
      9.379578590393066,
      12.68120002746582,
      31.311527252197266,
      23.53246307373047,
      23.865938186645508,
      36.80716323852539,
      35.8113899230957,
      37.41802978515625,
      34.89060592651367,
      45.23173522949219,
      56.66669464111328,
      63.56731414794922,
      89.85443115234375,
      66.79356384277344,
      117.14191436767578,
      71.44766235351562,
      112.20262145996094
    ],
    [
      8.599021911621094,
      6.109210014343262,
      5.212792873382568,
      13.395217895507812,
      15.143261909484863,
      14.02883243560791,
      25.273393630981445,
      22.35340690612793,
      26.573469161987305,
      21.552736282348633,
      33.01828384399414,
      35.666812896728516,
      53.5013313293457,
      56.64257049560547,
      66.0158462524414,
      71.44766235351562,
      84.16422271728516,
      80.36341857910156
    ],
    [
      15.52376937866211,
      7.226120471954346,
      10.148499488830566,
      30.083110809326172,
      22.891721725463867,
      23.427364349365234,
      35.9160041809082,
      37.89522933959961,
      35.54856872558594,
      35.27450942993164,
      42.39371871948242,
      57.10395050048828,
      58.68090057373047,
      88.52996826171875,
      65.06179809570312,
      112.20262145996094,
      80.36341857910156,
      127.94928741455078
    ]
  ],
  "covariance_short": [
    [
      38.81010818481445,
      -0.7544975280761719,
      11.612146377563477,
      8.9595947265625,
      10.066303253173828,
      8.128995895385742,
      12.950957298278809,
      7.692708969116211,
      13.370596885681152,
      7.126290321350098,
      13.702889442443848,
      8.27873706817627,
      15.33773422241211,
      14.271944046020508,
      13.576797485351562,
      20.207416534423828,
      9.398781776428223,
      13.840444564819336
    ],
    [
      -0.7544975280761719,
      58.64850997924805,
      4.513380527496338,
      13.754979133605957,
      4.230723857879639,
      10.167770385742188,
      9.987200736999512,
      12.81373119354248,
      9.934849739074707,
      14.47747802734375,
      8.230576515197754,
      15.279187202453613,
      8.86889362335205,
      14.126233100891113,
      11.529436111450195,
      18.401607513427734,
      14.416529655456543,
      20.914609909057617
    ],
    [
      11.612146377563477,
      4.513380527496338,
      18.640520095825195,
      12.42455005645752,
      11.944191932678223,
      9.351144790649414,
      13.404670715332031,
      8.966168403625488,
      10.444144248962402,
      7.814599514007568,
      10.349740982055664,
      7.027440071105957,
      9.291096687316895,
      8.627277374267578,
      8.633563041687012,
      13.456111907958984,
      6.607355117797852,
      9.345405578613281
    ],
    [
      8.9595947265625,
      13.754979133605957,
      12.42455005645752,
      33.55137252807617,
      15.757960319519043,
      20.92569351196289,
      21.83993148803711,
      22.948699951171875,
      18.28277015686035,
      19.915098190307617,
      16.8030948638916,
      20.214548110961914,
      15.212653160095215,
      21.657005310058594,
      14.424715042114258,
      31.325963973999023,
      13.189316749572754,
      28.307910919189453
    ],
    [
      10.066303253173828,
      4.230723857879639,
      11.944191932678223,
      15.757960319519043,
      41.53927993774414,
      23.01630210876465,
      36.02534866333008,
      23.237899780273438,
      28.455322265625,
      18.910415649414062,
      26.723331451416016,
      20.50829315185547,
      20.53725242614746,
      21.1767578125,
      21.26503562927246,
      27.245990753173828,
      19.87507438659668,
      23.945484161376953
    ],
    [
      8.128995895385742,
      10.167770385742188,
      9.351144790649414,
      20.92569351196289,
      23.01630210876465,
      36.50123977661133,
      26.112741470336914,
      30.030948638916016,
      24.357507705688477,
      25.700023651123047,
      21.759376525878906,
      26.045028686523438,
      18.708505630493164,
      24.211185455322266,
      18.91377067565918,
      29.80865478515625,
      18.13589096069336,
      28.244413375854492
    ],
    [
      12.950957298278809,
      9.987200736999512,
      13.404670715332031,
      21.83993148803711,
      36.02534866333008,
      26.112741470336914,
      59.53858947753906,
      36.75200271606445,
      38.401119232177734,
      29.615516662597656,
      34.965450286865234,
      31.395627975463867,
      30.14208221435547,
      33.03596496582031,
      31.08527374267578,
      41.78858184814453,
      31.18839454650879,
      37.229793548583984
    ],
    [
      7.692708969116211,
      12.81373119354248,
      8.966168403625488,
      22.948699951171875,
      23.237899780273438,
      30.030948638916016,
      36.75200271606445,
      47.15093994140625,
      30.72563362121582,
      34.37485885620117,
      28.303701400756836,
      36.68671798706055,
      25.869325637817383,
      35.90841293334961,
      25.60894203186035,
      43.176998138427734,
      27.67088508605957,
      42.702911376953125
    ],
    [
      13.370596885681152,
      9.934849739074707,
      10.444144248962402,
      18.28277015686035,
      28.455322265625,
      24.357507705688477,
      38.401119232177734,
      30.72563362121582,
      52.90779113769531,
      33.425201416015625,
      43.022945404052734,
      37.55854415893555,
      39.97749710083008,
      40.06296920776367,
      38.0125617980957,
      46.02334213256836,
      34.582794189453125,
      40.390995025634766
    ],
    [
      7.126290321350098,
      14.47747802734375,
      7.814599514007568,
      19.915098190307617,
      18.910415649414062,
      25.700023651123047,
      29.615516662597656,
      34.37485885620117,
      33.425201416015625,
      40.18329620361328,
      30.241106033325195,
      40.986595153808594,
      28.312597274780273,
      39.26506042480469,
      26.106393814086914,
      44.18959426879883,
      27.705917358398438,
      42.98769760131836
    ],
    [
      13.702889442443848,
      8.230576515197754,
      10.349740982055664,
      16.8030948638916,
      26.723331451416016,
      21.759376525878906,
      34.965450286865234,
      28.303701400756836,
      43.022945404052734,
      30.241106033325195,
      56.68743896484375,
      42.38847732543945,
      53.83168411254883,
      50.3475227355957,
      49.17676544189453,
      56.113807678222656,
      44.47344207763672,
      47.99824905395508
    ],
    [
      8.27873706817627,
      15.279187202453613,
      7.027440071105957,
      20.214548110961914,
      20.50829315185547,
      26.045028686523438,
      31.395627975463867,
      36.68671798706055,
      37.55854415893555,
      40.986595153808594,
      42.38847732543945,
      59.884281158447266,
      43.57977294921875,
      62.10885238647461,
      39.98739242553711,
      67.2752685546875,
      43.010738372802734,
      64.46842956542969
    ],
    [
      15.33773422241211,
      8.86889362335205,
      9.291096687316895,
      15.212653160095215,
      20.53725242614746,
      18.708505630493164,
      30.14208221435547,
      25.869325637817383,
      39.97749710083008,
      28.312597274780273,
      53.83168411254883,
      43.57977294921875,
      78.5249252319336,
      64.0062484741211,
      71.9175033569336,
      74.37786865234375,
      66.74813079833984,
      64.05228424072266
    ],
    [
      14.271944046020508,
      14.126233100891113,
      8.627277374267578,
      21.657005310058594,
      21.1767578125,
      24.211185455322266,
      33.03596496582031,
      35.90841293334961,
      40.06296920776367,
      39.26506042480469,
      50.3475227355957,
      62.10885238647461,
      64.0062484741211,
      90.6384048461914,
      59.72172164916992,
      98.50203704833984,
      62.683677673339844,
      90.17142486572266
    ],
    [
      13.576797485351562,
      11.529436111450195,
      8.633563041687012,
      14.424715042114258,
      21.26503562927246,
      18.91377067565918,
      31.08527374267578,
      25.60894203186035,
      38.0125617980957,
      26.106393814086914,
      49.17676544189453,
      39.98739242553711,
      71.9175033569336,
      59.72172164916992,
      90.6985092163086,
      77.71786499023438,
      81.02833557128906,
      70.7476806640625
    ],
    [
      20.207416534423828,
      18.401607513427734,
      13.456111907958984,
      31.325963973999023,
      27.245990753173828,
      29.80865478515625,
      41.78858184814453,
      43.176998138427734,
      46.02334213256836,
      44.18959426879883,
      56.113807678222656,
      67.2752685546875,
      74.37786865234375,
      98.50203704833984,
      77.71786499023438,
      133.38217163085938,
      84.04960632324219,
      120.48065948486328
    ],
    [
      9.398781776428223,
      14.416529655456543,
      6.607355117797852,
      13.189316749572754,
      19.87507438659668,
      18.13589096069336,
      31.18839454650879,
      27.67088508605957,
      34.582794189453125,
      27.705917358398438,
      44.47344207763672,
      43.010738372802734,
      66.74813079833984,
      62.683677673339844,
      81.02833557128906,
      84.04960632324219,
      107.13726043701172,
      88.41062927246094
    ],
    [
      13.840444564819336,
      20.914609909057617,
      9.345405578613281,
      28.307910919189453,
      23.945484161376953,
      28.244413375854492,
      37.229793548583984,
      42.702911376953125,
      40.390995025634766,
      42.98769760131836,
      47.99824905395508,
      64.46842956542969,
      64.05228424072266,
      90.17142486572266,
      70.7476806640625,
      120.48065948486328,
      88.41062927246094,
      130.19029235839844
    ]
  ],
  "drr": 12.377270698547363,
  "dynamics": 3.6061129570007324,
  "format": 1245190,
  "frames": 15818752,
  "loudness": -11.237848281860352,
  "loudness_range": 10.04171085357666,
  "loudness_range_short": 11.528585433959961,
  "peak": 1.1662251949310303,
  "rms": -12.902798652648926,
  "sample_rate": 44100,
  "sections": 1,
  "seekable": 1,
  "sharpness": 2.064096450805664,
  "space": -8.869808197021484
}