{
  "bands": [
    {
      "high_freq": 148.1999969482422,
      "loudness": -39.32727813720703,
      "loudness_range": 21.615039825439453,
      "mid_mean": -37.63481521606445,
      "mid_to_side_loudness": -5.165440082550049,
      "mid_to_side_loudness_range": 19.446632385253906,
      "side_mean": -38.812156677246094
    },
    {
      "high_freq": 392.3793640136719,
      "loudness": -33.8952522277832,
      "loudness_range": 14.270330429077148,
      "low_freq": 148.1999969482422,
      "mid_mean": -31.19057273864746,
      "mid_to_side_loudness": -7.95007848739624,
      "mid_to_side_loudness_range": 14.607356071472168,
      "side_mean": -39.11004638671875
    },
    {
      "high_freq": 794.6976318359375,
      "loudness": -33.365901947021484,
      "loudness_range": 19.270658493041992,
      "low_freq": 392.3793640136719,
      "mid_mean": -29.896146774291992,
      "mid_to_side_loudness": -15.356348037719727,
      "mid_to_side_loudness_range": 14.89706039428711,
      "side_mean": -45.48952865600586
    },
    {
      "high_freq": 1457.5709228515625,
      "loudness": -43.54256057739258,
      "loudness_range": 22.3936767578125,
      "low_freq": 794.6976318359375,
      "mid_mean": -40.133460998535156,
      "mid_to_side_loudness": -13.85669994354248,
      "mid_to_side_loudness_range": 14.500022888183594,
      "side_mean": -54.16168212890625
    },
    {
      "high_freq": 2549.74365234375,
      "loudness": -46.41996383666992,
      "loudness_range": 20.695091247558594,
      "low_freq": 1457.5709228515625,
      "mid_mean": -43.18742752075195,
      "mid_to_side_loudness": -11.466638565063477,
      "mid_to_side_loudness_range": 13.432527542114258,
      "side_mean": -54.698204040527344
    },
    {
      "high_freq": 4349.24462890625,
      "loudness": -54.90922546386719,
      "loudness_range": 18.769939422607422,
      "low_freq": 2549.74365234375,
      "mid_mean": -53.941673278808594,
      "mid_to_side_loudness": -3.9525818824768066,
      "mid_to_side_loudness_range": 9.256109237670898,
      "side_mean": -57.022911071777344
    },
    {
      "high_freq": 7314.1640625,
      "loudness": -54.352134704589844,
      "loudness_range": 15.103317260742188,
      "low_freq": 4349.24462890625,
      "mid_mean": -56.71183776855469,
      "mid_to_side_loudness": -0.451892226934433,
      "mid_to_side_loudness_range": 0.7665809988975525,
      "side_mean": -57.023040771484375
    },
    {
      "high_freq": 12199.2666015625,
      "loudness": -56.5633544921875,
      "loudness_range": 15.679889678955078,
      "low_freq": 7314.1640625,
      "mid_mean": -58.293212890625,
      "mid_to_side_loudness": 0.06355305761098862,
      "mid_to_side_loudness_range": 0.6772891879081726,
      "side_mean": -58.24271011352539
    },
    {
      "loudness": -62.71354675292969,
      "loudness_range": 23.97891616821289,
      "low_freq": 12199.2666015625,
      "mid_mean": -61.14115905761719,
      "mid_to_side_loudness": 0.36834216117858887,
      "mid_to_side_loudness_range": 0.7305485606193542,
      "side_mean": -60.83138656616211
    }
  ],
  "bands_short": [
    {
      "high_freq": 148.1999969482422,
      "loudness": -42.686248779296875,
      "loudness_range": 25.876144409179688,
      "mid_mean": -41.368507385253906,
      "mid_to_side_loudness": -4.736213207244873,
      "mid_to_side_loudness_range": 19.016372680664062,
      "side_mean": -43.133846282958984
    },
    {
      "high_freq": 392.3793640136719,
      "loudness": -34.95397186279297,
      "loudness_range": 15.817008972167969,
      "low_freq": 148.1999969482422,
      "mid_mean": -32.54020309448242,
      "mid_to_side_loudness": -6.760604381561279,
      "mid_to_side_loudness_range": 15.3267183303833,
      "side_mean": -39.26014709472656
    },
    {
      "high_freq": 794.6976318359375,
      "loudness": -34.25392532348633,
      "loudness_range": 22.125547409057617,
      "low_freq": 392.3793640136719,
      "mid_mean": -30.87579345703125,
      "mid_to_side_loudness": -14.338561058044434,
      "mid_to_side_loudness_range": 18.847082138061523,
      "side_mean": -45.44817352294922
    },
    {
      "high_freq": 1457.5709228515625,
      "loudness": -44.12946701049805,
      "loudness_range": 23.785503387451172,
      "low_freq": 794.6976318359375,
      "mid_mean": -40.79557800292969,
      "mid_to_side_loudness": -13.450190544128418,
      "mid_to_side_loudness_range": 16.038087844848633,
      "side_mean": -54.425621032714844
    },
    {
      "high_freq": 2549.74365234375,
      "loudness": -47.93790054321289,
      "loudness_range": 24.099502563476562,
      "low_freq": 1457.5709228515625,
      "mid_mean": -44.74225616455078,
      "mid_to_side_loudness": -11.510153770446777,
      "mid_to_side_loudness_range": 14.550816535949707,
      "side_mean": -56.14938735961914
    },
    {
      "high_freq": 4349.24462890625,
      "loudness": -56.503116607666016,
      "loudness_range": 21.203140258789062,
      "low_freq": 2549.74365234375,
      "mid_mean": -55.247440338134766,
      "mid_to_side_loudness": -4.202025413513184,
      "mid_to_side_loudness_range": 9.690129280090332,
      "side_mean": -58.48933410644531
    },
    {
      "high_freq": 7314.1640625,
      "loudness": -56.89291000366211,
      "loudness_range": 19.708499908447266,
      "low_freq": 4349.24462890625,
      "mid_mean": -58.448036193847656,
      "mid_to_side_loudness": -0.4917731285095215,
      "mid_to_side_loudness_range": 1.5761659145355225,
      "side_mean": -58.801212310791016
    },
    {
      "high_freq": 12199.2666015625,
      "loudness": -60.10818099975586,
      "loudness_range": 26.49535369873047,
      "low_freq": 7314.1640625,
      "mid_mean": -59.69150161743164,
      "mid_to_side_loudness": 0.05330408737063408,
      "mid_to_side_loudness_range": 1.4249547719955444,
      "side_mean": -59.640464782714844
    },
    {
      "loudness": -64.7957763671875,
      "loudness_range": 22.165306091308594,
      "low_freq": 12199.2666015625,
      "mid_mean": -62.7068977355957,
      "mid_to_side_loudness": 0.3355102837085724,
      "mid_to_side_loudness_range": 1.2368054389953613,
      "side_mean": -62.44221496582031
    }
  ],
  "channels": 2,
  "covariance": [
    [
      57.18401336669922,
      39.52455520629883,
      11.890498161315918,
      27.624845504760742,
      8.71792984008789,
      16.7763614654541,
      16.04911231994629,
      21.72137451171875,
      15.426738739013672,
      23.428571701049805,
      29.414573669433594,
      31.068527221679688,
      34.78609085083008,
      34.1462287902832,
      31.46493148803711,
      31.704038619995117,
      22.505477905273438,
      23.32445526123047
    ],
    [
      39.52455520629883,
      58.178443908691406,
      7.322657108306885,
      16.167390823364258,
      3.5441508293151855,
      9.63187026977539,
      8.341064453125,
      12.582738876342773,
      8.080562591552734,
      13.552003860473633,
      18.46696662902832,
      19.888559341430664,
      22.58995819091797,
      22.189924240112305,
      21.442920684814453,
      21.638614654541016,
      16.02634620666504,
      16.556053161621094
    ],
    [
      11.890498161315918,
      7.322657108306885,
      29.696247100830078,
      20.045228958129883,
      18.161169052124023,
      14.103204727172852,
      21.565502166748047,
      15.441485404968262,
      21.889610290527344,
      16.849515914916992,
      15.146710395812988,
      9.712909698486328,
      7.51143217086792,
      7.314373970031738,
      7.505290985107422,
      7.598115921020508,
      6.467874526977539,
      6.605493545532227
    ],
    [
      27.624845504760742,
      16.167390823364258,
      20.045228958129883,
      37.27002716064453,
      13.12896728515625,
      19.0170841217041,
      20.84982681274414,
      23.020587921142578,
      21.086647033691406,
      25.662893295288086,
      28.4833927154541,
      27.650331497192383,
      29.175458908081055,
      28.62957763671875,
      26.007326126098633,
      26.181299209594727,
      19.218826293945312,
      19.794002532958984
    ],
    [
      8.71792984008789,
      3.5441508293151855,
      18.161169052124023,
      13.12896728515625,
      50.789817810058594,
      29.874187469482422,
      38.22083282470703,
      22.73531723022461,
      41.58787155151367,
      26.504802703857422,
      21.69649314880371,
      10.306991577148438,
      5.436421871185303,
      5.0125555992126465,
      4.436989784240723,
      4.486266613006592,
      2.7939701080322266,
      2.7470312118530273
    ],
    [
      16.7763614654541,
      9.63187026977539,
      14.103204727172852,
      19.0170841217041,
      29.874187469482422,
      31.05126953125,
      28.516578674316406,
      24.360097885131836,
      29.828937530517578,
      26.905426025390625,
      26.384613037109375,
      19.46754264831543,
      17.258594512939453,
      16.794477462768555,
      14.762322425842285,
      14.875382423400879,
      10.691600799560547,
      10.899589538574219
    ],
    [
      16.04911231994629,
      8.341064453125,
      21.565502166748047,
      20.84982681274414,
      38.22083282470703,
      28.516578674316406,
      58.748924255371094,
      37.538421630859375,
      46.576515197753906,
      34.5709228515625,
      33.9434700012207,
      22.189746856689453,
      18.292354583740234,
      17.6799259185791,
      15.569992065429688,
      15.74362850189209,
      11.835254669189453,
      12.015385627746582
    ],
    [
      21.72137451171875,
      12.582738876342773,
      15.441485404968262,
      23.020587921142578,
      22.73531723022461,
      24.360097885131836,
      37.538421630859375,
      39.33835220336914,
      32.959144592285156,
      36.61431884765625,
      39.0440559387207,
      33.0812873840332,
      32.519264221191406,
      31.856788635253906,
      27.5501651763916,
      27.77025604248047,
      20.416213989257812,
      20.93022346496582
    ],
    [
      15.426738739013672,
      8.080562591552734,
      21.889610290527344,
      21.086647033691406,
      41.58787155151367,
      29.828937530517578,
      46.576515197753906,
      32.959144592285156,
      56.40449523925781,
      39.650238037109375,
      34.27910614013672,
      23.029924392700195,
      18.897098541259766,
      18.233898162841797,
      15.883978843688965,
      16.024072647094727,
      10.994233131408691,
      11.164019584655762
    ],
    [
      23.428571701049805,
      13.552003860473633,
      16.849515914916992,
      25.662893295288086,
      26.504802703857422,
      26.905426025390625,
      34.5709228515625,
      36.61431884765625,
      39.650238037109375,
      42.997459411621094,
      43.569732666015625,
      37.73787307739258,
      36.862056732177734,
      36.074398040771484,
      31.068918228149414,
      31.31121253967285,
      22.038240432739258,
      22.624732971191406
    ],
    [
      29.414573669433594,
      18.46696662902832,
      15.146710395812988,
      28.4833927154541,
      21.69649314880371,
      26.384613037109375,
      33.9434700012207,
      39.0440559387207,
      34.27910614013672,
      43.569732666015625,
      53.45570755004883,
      48.37161636352539,
      49.33695602416992,
      48.37319564819336,
      42.16520309448242,
      42.44636917114258,
      30.6387882232666,
      31.504119873046875
    ],
    [
      31.068527221679688,
      19.888559341430664,
      9.712909698486328,
      27.650331497192383,
      10.306991577148438,
      19.46754264831543,
      22.189746856689453,
      33.0812873840332,
      23.029924392700195,
      37.73787307739258,
      48.37161636352539,
      50.745758056640625,
      55.40557098388672,
      54.58372497558594,
      47.42259216308594,
      47.71501159667969,
      34.67060089111328,
      35.68669891357422
    ],
    [
      34.78609085083008,
      22.58995819091797,
      7.51143217086792,
      29.175458908081055,
      5.436421871185303,
      17.258594512939453,
      18.292354583740234,
      32.519264221191406,
      18.897098541259766,
      36.862056732177734,
      49.33695602416992,
      55.40557098388672,
      64.77364349365234,
      63.94458770751953,
      56.2006950378418,
      56.55607604980469,
      43.386295318603516,
      44.64091110229492
    ],
    [
      34.1462287902832,
      22.189924240112305,
      7.314373970031738,
      28.62957763671875,
      5.0125555992126465,
      16.794477462768555,
      17.6799259185791,
      31.856788635253906,
      18.233898162841797,
      36.074398040771484,
      48.37319564819336,
      54.58372497558594,
      63.94458770751953,
      63.17869567871094,
      55.522186279296875,
      55.87368392944336,
      42.94607925415039,
      44.18238830566406
    ],
    [
      31.46493148803711,
      21.442920684814453,
      7.505290985107422,
      26.007326126098633,
      4.436989784240723,
      14.762322425842285,
      15.569992065429688,
      27.5501651763916,
      15.883978843688965,
      31.068918228149414,
      42.16520309448242,
      47.42259216308594,
      56.2006950378418,
      55.522186279296875,
      51.78541946411133,
      52.09597396850586,
      41.45585250854492,
      42.63517379760742
    ],
    [
      31.704038619995117,
      21.638614654541016,
      7.598115921020508,
      26.181299209594727,
      4.486266613006592,
      14.875382423400879,
      15.74362850189209,
      27.77025604248047,
      16.024072647094727,
      31.31121253967285,
      42.44636917114258,
      47.71501159667969,
      56.55607604980469,
      55.87368392944336,
      52.09597396850586,
      52.44804000854492,
      41.77231979370117,
      42.96709442138672
    ],
    [
      22.505477905273438,
      16.02634620666504,
      6.467874526977539,
      19.218826293945312,
      2.7939701080322266,
      10.691600799560547,
      11.835254669189453,
      20.416213989257812,
      10.994233131408691,
      22.038240432739258,
      30.6387882232666,
      34.67060089111328,
      43.386295318603516,
      42.94607925415039,
      41.45585250854492,
      41.77231979370117,
      38.60767364501953,
      39.596683502197266
    ],
    [
      23.32445526123047,
      16.556053161621094,
      6.605493545532227,
      19.794002532958984,
      2.7470312118530273,
      10.899589538574219,
      12.015385627746582,
      20.93022346496582,
      11.164019584655762,
      22.624732971191406,
      31.504119873046875,
      35.68669891357422,
      44.64091110229492,
      44.18238830566406,
      42.63517379760742,
      42.96709442138672,
      39.596683502197266,
      40.63771438598633
    ]
  ],
  "covariance_short": [
    [
      81.82332611083984,
      64.84651184082031,
      17.89134407043457,
      36.29282760620117,
      8.132436752319336,
      17.567420959472656,
      14.764788627624512,
      18.565797805786133,
      14.34205150604248,
      21.057912826538086,
      26.588533401489258,
      27.874813079833984,
      30.6597900390625,
      29.8302059173584,
      28.183996200561523,
      28.43389892578125,
      18.897205352783203,
      19.67296600341797
    ],
    [
      64.84651184082031,
      91.84439086914062,
      14.028765678405762,
      30.892995834350586,
      4.537714958190918,
      12.623653411865234,
      9.211350440979004,
      14.70955753326416,
      9.623053550720215,
      16.1589298248291,
      21.093015670776367,
      23.21497344970703,
      26.396102905273438,
      25.775447845458984,
      24.68467140197754,
      24.916555404663086,
      17.158689498901367,
      17.825910568237305
    ],
    [
      17.89134407043457,
      14.028765678405762,
      33.841896057128906,
      24.294509887695312,
      20.984783172607422,
      16.46150016784668,
      23.931194305419922,
      18.296249389648438,
      23.98431396484375,
      18.709726333618164,
      17.227867126464844,
      11.555076599121094,
      9.339967727661133,
      9.049750328063965,
      9.034114837646484,
      9.158102035522461,
      7.621139049530029,
      7.839441776275635
    ],
    [
      36.29282760620117,
      30.892995834350586,
      24.294509887695312,
      45.92967987060547,
      13.414066314697266,
      21.839452743530273,
      19.925952911376953,
      24.002002716064453,
      19.891157150268555,
      24.963808059692383,
      28.572824478149414,
      27.39442253112793,
      28.58222007751465,
      27.898765563964844,
      25.691112518310547,
      25.90675926208496,
      18.029573440551758,
      18.65321922302246
    ],
    [
      8.132436752319336,
      4.537714958190918,
      20.984783172607422,
      13.414066314697266,
      62.772254943847656,
      32.50535583496094,
      44.41620635986328,
      26.946792602539062,
      50.07484436035156,
      31.387929916381836,
      24.932418823242188,
      11.3721342086792,
      4.641844749450684,
      4.062129497528076,
      3.9327120780944824,
      3.9595112800598145,
      2.8535659313201904,
      2.8537445068359375
    ],
    [
      17.567420959472656,
      12.623653411865234,
      16.46150016784668,
      21.839452743530273,
      32.50535583496094,
      37.221534729003906,
      28.777664184570312,
      25.668027877807617,
      31.17340850830078,
      28.00957679748535,
      27.302047729492188,
      20.019245147705078,
      16.953739166259766,
      16.381593704223633,
      14.393213272094727,
      14.488128662109375,
      9.898157119750977,
      10.11989688873291
    ],
    [
      14.764788627624512,
      9.211350440979004,
      23.931194305419922,
      19.925952911376953,
      44.41620635986328,
      28.777664184570312,
      69.78646850585938,
      45.15776062011719,
      56.069759368896484,
      39.885414123535156,
      37.19234085083008,
      22.742820739746094,
      16.483562469482422,
      15.498684883117676,
      14.217341423034668,
      14.427760124206543,
      10.567549705505371,
      10.783455848693848
    ],
    [
      18.565797805786133,
      14.70955753326416,
      18.296249389648438,
      24.002002716064453,
      26.946792602539062,
      25.668027877807617,
      45.15776062011719,
      48.05264663696289,
      40.17909240722656,
      40.143741607666016,
      40.90796661376953,
      32.672630310058594,
      30.047828674316406,
      29.142820358276367,
      25.73785972595215,
      25.977636337280273,
      18.726985931396484,
      19.21055793762207
    ],
    [
      14.34205150604248,
      9.623053550720215,
      23.98431396484375,
      19.891157150268555,
      50.07484436035156,
      31.17340850830078,
      56.069759368896484,
      40.17909240722656,
      70.25105285644531,
      47.79326629638672,
      39.41191482543945,
      24.616153717041016,
      17.9029598236084,
      16.947803497314453,
      15.184094429016113,
      15.305508613586426,
      10.412717819213867,
      10.61958122253418
    ],
    [
      21.057912826538086,
      16.1589298248291,
      18.709726333618164,
      24.963808059692383,
      31.387929916381836,
      28.00957679748535,
      39.885414123535156,
      40.143741607666016,
      47.79326629638672,
      48.40882110595703,
      46.773590087890625,
      38.58173370361328,
      35.44956970214844,
      34.458900451660156,
      30.20223045349121,
      30.47329330444336,
      21.244361877441406,
      21.859848022460938
    ],
    [
      26.588533401489258,
      21.093015670776367,
      17.227867126464844,
      28.572824478149414,
      24.932418823242188,
      27.302047729492188,
      37.19234085083008,
      40.90796661376953,
      39.41191482543945,
      46.773590087890625,
      57.34019470214844,
      49.61431121826172,
      47.84487533569336,
      46.56245422363281,
      41.4642219543457,
      41.763038635253906,
      29.354272842407227,
      30.231170654296875
    ],
    [
      27.874813079833984,
      23.21497344970703,
      11.555076599121094,
      27.39442253112793,
      11.3721342086792,
      20.019245147705078,
      22.742820739746094,
      32.672630310058594,
      24.616153717041016,
      38.58173370361328,
      49.61431121826172,
      50.76924133300781,
      53.26276779174805,
      52.32108688354492,
      46.46561050415039,
      46.7776985168457,
      33.23489761352539,
      34.258541107177734
    ],
    [
      30.6597900390625,
      26.396102905273438,
      9.339967727661133,
      28.58222007751465,
      4.641844749450684,
      16.953739166259766,
      16.483562469482422,
      30.047828674316406,
      17.9029598236084,
      35.44956970214844,
      47.84487533569336,
      53.26276779174805,
      61.56800079345703,
      60.69719314575195,
      54.60039138793945,
      54.93626022338867,
      40.530738830566406,
      41.76362609863281
    ],
    [
      29.8302059173584,
      25.775447845458984,
      9.049750328063965,
      27.898765563964844,
      4.062129497528076,
      16.381593704223633,
      15.498684883117676,
      29.142820358276367,
      16.947803497314453,
      34.458900451660156,
      46.56245422363281,
      52.32108688354492,
      60.69719314575195,
      60.03599166870117,
      53.9818000793457,
      54.31743240356445,
      40.22879409790039,
      41.44495391845703
    ],
    [
      28.183996200561523,
      24.68467140197754,
      9.034114837646484,
      25.691112518310547,
      3.9327120780944824,
      14.393213272094727,
      14.217341423034668,
      25.73785972595215,
      15.184094429016113,
      30.20223045349121,
      41.4642219543457,
      46.46561050415039,
      54.60039138793945,
      53.9818000793457,
      52.80327606201172,
      53.04632568359375,
      40.17929458618164,
      41.37873077392578
    ],
    [
      28.43389892578125,
      24.916555404663086,
      9.158102035522461,
      25.90675926208496,
      3.9595112800598145,
      14.488128662109375,
      14.427760124206543,
      25.977636337280273,
      15.305508613586426,
      30.47329330444336,
      41.763038635253906,
      46.7776985168457,
      54.93626022338867,
      54.31743240356445,
      53.04632568359375,
      53.4284553527832,
      40.413875579833984,
      41.639644622802734
    ],
    [
      18.897205352783203,
      17.158689498901367,
      7.621139049530029,
      18.029573440551758,
      2.8535659313201904,
      9.898157119750977,
      10.567549705505371,
      18.726985931396484,
      10.412717819213867,
      21.244361877441406,
      29.354272842407227,
      33.23489761352539,
      40.530738830566406,
      40.22879409790039,
      40.17929458618164,
      40.413875579833984,
      35.4383430480957,
      36.3375358581543
    ],
    [
      19.67296600341797,
      17.825910568237305,
      7.839441776275635,
      18.65321922302246,
      2.8537445068359375,
      10.11989688873291,
      10.783455848693848,
      19.21055793762207,
      10.61958122253418,
      21.859848022460938,
      30.231170654296875,
      34.258541107177734,
      41.76362609863281,
      41.44495391845703,
      41.37873077392578,
      41.639644622802734,
      36.3375358581543,
      37.33351135253906
    ]
  ],
  "drr": 10.509648323059082,
  "dynamics": 4.274600028991699,
  "format": 1245190,
  "frames": 12957696,
  "loudness": -24.421619415283203,
  "loudness_range": 12.016260147094727,
  "loudness_range_short": 15.841907501220703,
  "peak": -6.727780818939209,
  "rms": -25.413442611694336,
  "sample_rate": 44100,
  "sections": 1,
  "seekable": 1,
  "sharpness": 3.5989866256713867,
  "space": -9.447240829467773
}