{
  "bands": [
    {
      "high_freq": 148.1999969482422,
      "loudness": -21.04474639892578,
      "loudness_range": 16.481414794921875,
      "mid_mean": -17.412626266479492,
      "mid_to_side_loudness": -31.1895751953125,
      "mid_to_side_loudness_range": 26.414752960205078,
      "side_mean": -50.09098434448242
    },
    {
      "high_freq": 392.3793640136719,
      "loudness": -23.207260131835938,
      "loudness_range": 11.263505935668945,
      "low_freq": 148.1999969482422,
      "mid_mean": -19.99767303466797,
      "mid_to_side_loudness": -16.328218460083008,
      "mid_to_side_loudness_range": 26.891630172729492,
      "side_mean": -35.675575256347656
    },
    {
      "high_freq": 794.6976318359375,
      "loudness": -25.839834213256836,
      "loudness_range": 13.208272933959961,
      "low_freq": 392.3793640136719,
      "mid_mean": -22.8287410736084,
      "mid_to_side_loudness": -10.92613697052002,
      "mid_to_side_loudness_range": 17.179656982421875,
      "side_mean": -33.217315673828125
    },
    {
      "high_freq": 1457.5709228515625,
      "loudness": -30.975479125976562,
      "loudness_range": 16.49829864501953,
      "low_freq": 794.6976318359375,
      "mid_mean": -27.841270446777344,
      "mid_to_side_loudness": -12.123431205749512,
      "mid_to_side_loudness_range": 17.996055603027344,
      "side_mean": -39.63661193847656
    },
    {
      "high_freq": 2549.74365234375,
      "loudness": -32.5444221496582,
      "loudness_range": 16.214807510375977,
      "low_freq": 1457.5709228515625,
      "mid_mean": -29.460214614868164,
      "mid_to_side_loudness": -12.523627281188965,
      "mid_to_side_loudness_range": 19.382122039794922,
      "side_mean": -41.47102737426758
    },
    {
      "high_freq": 4349.24462890625,
      "loudness": -32.7074089050293,
      "loudness_range": 16.130781173706055,
      "low_freq": 2549.74365234375,
      "mid_mean": -29.51772117614746,
      "mid_to_side_loudness": -13.910369873046875,
      "mid_to_side_loudness_range": 23.081789016723633,
      "side_mean": -43.21741485595703
    },
    {
      "high_freq": 7314.1640625,
      "loudness": -33.238136291503906,
      "loudness_range": 9.399923324584961,
      "low_freq": 4349.24462890625,
      "mid_mean": -29.731464385986328,
      "mid_to_side_loudness": -16.23708724975586,
      "mid_to_side_loudness_range": 14.249186515808105,
      "side_mean": -45.87812042236328
    },
    {
      "high_freq": 12199.2666015625,
      "loudness": -35.7155876159668,
      "loudness_range": 10.04024887084961,
      "low_freq": 7314.1640625,
      "mid_mean": -32.4699592590332,
      "mid_to_side_loudness": -14.310978889465332,
      "mid_to_side_loudness_range": 20.300308227539062,
      "side_mean": -46.54602813720703
    },
    {
      "loudness": -44.70813751220703,
      "loudness_range": 17.265766143798828,
      "low_freq": 12199.2666015625,
      "mid_mean": -41.566165924072266,
      "mid_to_side_loudness": -14.6604642868042,
      "mid_to_side_loudness_range": 25.94826316833496,
      "side_mean": -55.66122055053711
    }
  ],
  "bands_short": [
    {
      "high_freq": 148.1999969482422,
      "loudness": -26.653732299804688,
      "loudness_range": 28.708633422851562,
      "mid_mean": -23.003244400024414,
      "mid_to_side_loudness": -30.17222023010254,
      "mid_to_side_loudness_range": 27.89258575439453,
      "side_mean": -54.44086456298828
    },
    {
      "high_freq": 392.3793640136719,
      "loudness": -23.89260482788086,
      "loudness_range": 18.598651885986328,
      "low_freq": 148.1999969482422,
      "mid_mean": -20.74628448486328,
      "mid_to_side_loudness": -17.37210464477539,
      "mid_to_side_loudness_range": 30.273191452026367,
      "side_mean": -38.149208068847656
    },
    {
      "high_freq": 794.6976318359375,
      "loudness": -26.2805118560791,
      "loudness_range": 16.7823429107666,
      "low_freq": 392.3793640136719,
      "mid_mean": -23.291175842285156,
      "mid_to_side_loudness": -11.437658309936523,
      "mid_to_side_loudness_range": 19.28296661376953,
      "side_mean": -34.20677185058594
    },
    {
      "high_freq": 1457.5709228515625,
      "loudness": -32.196380615234375,
      "loudness_range": 20.358644485473633,
      "low_freq": 794.6976318359375,
      "mid_mean": -29.268579483032227,
      "mid_to_side_loudness": -11.686379432678223,
      "mid_to_side_loudness_range": 19.815401077270508,
      "side_mean": -40.59617233276367
    },
    {
      "high_freq": 2549.74365234375,
      "loudness": -34.17898178100586,
      "loudness_range": 20.92422103881836,
      "low_freq": 1457.5709228515625,
      "mid_mean": -31.151182174682617,
      "mid_to_side_loudness": -11.914546012878418,
      "mid_to_side_loudness_range": 20.245121002197266,
      "side_mean": -42.77605056762695
    },
    {
      "high_freq": 4349.24462890625,
      "loudness": -34.06122970581055,
      "loudness_range": 19.782276153564453,
      "low_freq": 2549.74365234375,
      "mid_mean": -31.056495666503906,
      "mid_to_side_loudness": -12.933210372924805,
      "mid_to_side_loudness_range": 23.36545753479004,
      "side_mean": -43.61170959472656
    },
    {
      "high_freq": 7314.1640625,
      "loudness": -37.28574752807617,
      "loudness_range": 22.04742431640625,
      "low_freq": 4349.24462890625,
      "mid_mean": -34.137237548828125,
      "mid_to_side_loudness": -13.8923978805542,
      "mid_to_side_loudness_range": 21.043067932128906,
      "side_mean": -47.927223205566406
    },
    {
      "high_freq": 12199.2666015625,
      "loudness": -37.54777145385742,
      "loudness_range": 17.424331665039062,
      "low_freq": 7314.1640625,
      "mid_mean": -34.57085037231445,
      "mid_to_side_loudness": -13.18486499786377,
      "mid_to_side_loudness_range": 22.936037063598633,
      "side_mean": -48.16268539428711
    },
    {
      "loudness": -45.33325958251953,
      "loudness_range": 18.31806182861328,
      "low_freq": 12199.2666015625,
      "mid_mean": -42.43989562988281,
      "mid_to_side_loudness": -13.243820190429688,
      "mid_to_side_loudness_range": 25.922632217407227,
      "side_mean": -56.54813003540039
    }
  ],
  "channels": 2,
  "covariance": [
    [
      43.91068649291992,
      13.841691017150879,
      11.64177417755127,
      3.2394731044769287,
      3.239450693130493,
      0.9155992269515991,
      1.2382210493087769,
      0.5931335687637329,
      1.5003401041030884,
      3.36283278465271,
      -0.6486831307411194,
      5.244608402252197,
      -1.0781365633010864,
      3.1049110889434814,
      1.5977656841278076,
      3.795111894607544,
      2.9460196495056152,
      6.44052791595459
    ],
    [
      13.841691017150879,
      74.59724426269531,
      13.788618087768555,
      35.245094299316406,
      12.214364051818848,
      23.075824737548828,
      12.186833381652832,
      17.97669792175293,
      12.09105110168457,
      22.143234252929688,
      14.195362091064453,
      36.667259216308594,
      3.0527215003967285,
      19.404626846313477,
      8.270230293273926,
      29.430212020874023,
      21.8552303314209,
      43.40773391723633
    ],
    [
      11.64177417755127,
      13.788618087768555,
      20.961523056030273,
      17.660429000854492,
      11.455440521240234,
      10.126705169677734,
      9.461809158325195,
      6.786462306976318,
      10.248710632324219,
      7.713836669921875,
      9.284432411193848,
      9.907463073730469,
      5.244417190551758,
      7.138472080230713,
      7.298591136932373,
      12.72348403930664,
      11.732789993286133,
      18.304733276367188
    ],
    [
      3.2394731044769287,
      35.245094299316406,
      17.660429000854492,
      109.84133911132812,
      22.970840454101562,
      60.00053405761719,
      24.63928985595703,
      61.00296401977539,
      21.68522834777832,
      59.33894348144531,
      15.96561050415039,
      66.14864349365234,
      1.0079387426376343,
      32.68143844604492,
      11.272310256958008,
      68.72491455078125,
      27.091175079345703,
      92.28624725341797
    ],
    [
      3.239450693130493,
      12.214364051818848,
      11.455440521240234,
      22.970840454101562,
      26.416391372680664,
      27.829818725585938,
      19.19362449645996,
      22.994924545288086,
      17.00084686279297,
      20.959915161132812,
      13.269585609436035,
      22.716350555419922,
      5.574916362762451,
      13.108453750610352,
      8.954380989074707,
      21.010717391967773,
      17.759803771972656,
      28.77229881286621
    ],
    [
      0.9155992269515991,
      23.075824737548828,
      10.126705169677734,
      60.00053405761719,
      27.829818725585938,
      70.48037719726562,
      22.589990615844727,
      54.446109771728516,
      23.15825843811035,
      52.26304626464844,
      16.32402229309082,
      56.6045036315918,
      3.562267303466797,
      29.030366897583008,
      10.134247779846191,
      52.61756134033203,
      26.703447341918945,
      68.12621307373047
    ],
    [
      1.2382210493087769,
      12.186833381652832,
      9.461809158325195,
      24.63928985595703,
      19.19362449645996,
      22.589990615844727,
      34.64878845214844,
      32.91884231567383,
      23.050548553466797,
      23.81739044189453,
      17.923049926757812,
      23.742717742919922,
      7.299271583557129,
      12.443717002868652,
      8.509803771972656,
      21.003097534179688,
      17.14771270751953,
      26.52254295349121
    ],
    [
      0.5931335687637329,
      17.97669792175293,
      6.786462306976318,
      61.00296401977539,
      22.994924545288086,
      54.446109771728516,
      32.91884231567383,
      76.22367858886719,
      23.23528289794922,
      53.47824478149414,
      14.835214614868164,
      56.15761184692383,
      2.827160358428955,
      27.293811798095703,
      8.191091537475586,
      49.455177307128906,
      21.251020431518555,
      62.34586715698242
    ],
    [
      1.5003401041030884,
      12.09105110168457,
      10.248710632324219,
      21.68522834777832,
      17.00084686279297,
      23.15825843811035,
      23.050548553466797,
      23.23528289794922,
      38.74460983276367,
      35.68070983886719,
      27.411149978637695,
      32.40345764160156,
      10.289196968078613,
      15.80797004699707,
      10.562487602233887,
      23.098764419555664,
      22.78922462463379,
      29.564748764038086
    ],
    [
      3.36283278465271,
      22.143234252929688,
      7.713836669921875,
      59.33894348144531,
      20.959915161132812,
      52.26304626464844,
      23.81739044189453,
      53.47824478149414,
      35.68070983886719,
      78.78915405273438,
      22.319843292236328,
      69.92449188232422,
      4.813356876373291,
      33.25857925415039,
      9.605676651000977,
      53.53068923950195,
      26.182918548583984,
      67.09817504882812
    ],
    [
      -0.6486831307411194,
      14.195362091064453,
      9.284432411193848,
      15.96561050415039,
      13.269585609436035,
      16.32402229309082,
      17.923049926757812,
      14.835214614868164,
      27.411149978637695,
      22.319843292236328,
      31.561134338378906,
      28.58057975769043,
      11.474221229553223,
      13.910721778869629,
      10.630258560180664,
      18.707704544067383,
      21.38290786743164,
      24.25227165222168
    ],
    [
      5.244608402252197,
      36.667259216308594,
      9.907463073730469,
      66.14864349365234,
      22.716350555419922,
      56.6045036315918,
      23.742717742919922,
      56.15761184692383,
      32.40345764160156,
      69.92449188232422,
      28.58057975769043,
      90.81212615966797,
      4.702377796173096,
      41.34849166870117,
      11.035722732543945,
      64.28916931152344,
      33.33961868286133,
      81.49270629882812
    ],
    [
      -1.0781365633010864,
      3.0527215003967285,
      5.244417190551758,
      1.0079387426376343,
      5.574916362762451,
      3.562267303466797,
      7.299271583557129,
      2.827160358428955,
      10.289196968078613,
      4.813356876373291,
      11.474221229553223,
      4.702377796173096,
      13.010065078735352,
      10.247721672058105,
      9.987039566040039,
      8.149314880371094,
      10.263318061828613,
      7.5237860679626465
    ],
    [
      3.1049110889434814,
      19.404626846313477,
      7.138472080230713,
      32.68143844604492,
      13.108453750610352,
      29.030366897583008,
      12.443717002868652,
      27.293811798095703,
      15.80797004699707,
      33.25857925415039,
      13.910721778869629,
      41.34849166870117,
      10.247721672058105,
      34.64539337158203,
      13.78676986694336,
      42.70815658569336,
      20.99970817565918,
      47.80564498901367
    ],
    [
      1.5977656841278076,
      8.270230293273926,
      7.298591136932373,
      11.272310256958008,
      8.954380989074707,
      10.134247779846191,
      8.509803771972656,
      8.191091537475586,
      10.562487602233887,
      9.605676651000977,
      10.630258560180664,
      11.035722732543945,
      9.987039566040039,
      13.78676986694336,
      14.377756118774414,
      18.099885940551758,
      17.81562042236328,
      20.71858787536621
    ],
    [
      3.795111894607544,
      29.430212020874023,
      12.72348403930664,
      68.72491455078125,
      21.010717391967773,
      52.61756134033203,
      21.003097534179688,
      49.455177307128906,
      23.098764419555664,
      53.53068923950195,
      18.707704544067383,
      64.28916931152344,
      8.149314880371094,
      42.70815658569336,
      18.099885940551758,
      72.53863525390625,
      33.19358444213867,
      87.19570922851562
    ],
    [
      2.9460196495056152,
      21.8552303314209,
      11.732789993286133,
      27.091175079345703,
      17.759803771972656,
      26.703447341918945,
      17.14771270751953,
      21.251020431518555,
      22.78922462463379,
      26.182918548583984,
      21.38290786743164,
      33.33961868286133,
      10.263318061828613,
      20.99970817565918,
      17.81562042236328,
      33.19358444213867,
      42.174522399902344,
      42.94011306762695
    ],
    [
      6.44052791595459,
      43.40773391723633,
      18.304733276367188,
      92.28624725341797,
      28.77229881286621,
      68.12621307373047,
      26.52254295349121,
      62.34586715698242,
      29.564748764038086,
      67.09817504882812,
      24.25227165222168,
      81.49270629882812,
      7.5237860679626465,
      47.80564498901367,
      20.71858787536621,
      87.19570922851562,
      42.94011306762695,
      117.1128158569336
    ]
  ],
  "covariance_short": [
    [
      92.98432159423828,
      28.056236267089844,
      34.62431716918945,
      11.659491539001465,
      2.830047607421875,
      0.6531121134757996,
      4.495585918426514,
      2.0012266635894775,
      8.732988357543945,
      9.125405311584473,
      4.958070278167725,
      10.866942405700684,
      3.668480634689331,
      8.031469345092773,
      1.2862855195999146,
      8.750540733337402,
      4.138941287994385,
      11.33554458618164
    ],
    [
      28.056236267089844,
      62.43513488769531,
      18.146072387695312,
      30.663776397705078,
      9.393235206604004,
      13.760972023010254,
      11.63634967803955,
      13.506092071533203,
      11.34992790222168,
      17.127147674560547,
      8.78670883178711,
      17.47503089904785,
      2.686213254928589,
      15.463254928588867,
      3.8761110305786133,
      18.813491821289062,
      10.477598190307617,
      29.045886993408203
    ],
    [
      34.62431716918945,
      18.146072387695312,
      42.46139907836914,
      28.27895736694336,
      13.45928955078125,
      10.851968765258789,
      14.876152038574219,
      10.678180694580078,
      13.377922058105469,
      11.289027214050293,
      12.004966735839844,
      12.792930603027344,
      10.029560089111328,
      13.151143074035645,
      10.465422630310059,
      18.46695327758789,
      11.167037963867188,
      22.24106216430664
    ],
    [
      11.659491539001465,
      30.663776397705078,
      28.27895736694336,
      135.1107940673828,
      27.523563385009766,
      64.90026092529297,
      30.381317138671875,
      65.34812927246094,
      25.921756744384766,
      62.015594482421875,
      21.28449249267578,
      67.32331085205078,
      3.653437852859497,
      42.41267013549805,
      16.851024627685547,
      77.16989135742188,
      25.057979583740234,
      94.13179016113281
    ],
    [
      2.830047607421875,
      9.393235206604004,
      13.45928955078125,
      27.523563385009766,
      37.665775299072266,
      33.55091094970703,
      26.448989868164062,
      27.7922306060791,
      22.57935333251953,
      24.23023223876953,
      15.75428581237793,
      19.654653549194336,
      8.161324501037598,
      16.03403663635254,
      10.749530792236328,
      22.443307876586914,
      15.427386283874512,
      27.173316955566406
    ],
    [
      0.6531121134757996,
      13.760972023010254,
      10.851968765258789,
      64.90026092529297,
      33.55091094970703,
      74.89468383789062,
      26.701433181762695,
      57.4788818359375,
      24.723899841308594,
      53.1558952331543,
      16.61520004272461,
      49.60054397583008,
      4.453615665435791,
      30.734922409057617,
      10.777400016784668,
      51.921756744384766,
      19.26570701599121,
      60.64875411987305
    ],
    [
      4.495585918426514,
      11.63634967803955,
      14.876152038574219,
      30.381317138671875,
      26.448989868164062,
      26.701433181762695,
      51.52138137817383,
      42.362308502197266,
      30.743011474609375,
      27.69867515563965,
      23.085966110229492,
      23.108579635620117,
      14.373279571533203,
      18.349905014038086,
      13.83006477355957,
      24.58789825439453,
      16.77777862548828,
      27.46668243408203
    ],
    [
      2.0012266635894775,
      13.506092071533203,
      10.678180694580078,
      65.34812927246094,
      27.7922306060791,
      57.4788818359375,
      42.362308502197266,
      86.97307586669922,
      29.30305290222168,
      57.89969253540039,
      18.420774459838867,
      53.58931350708008,
      6.760021686553955,
      33.727081298828125,
      11.189445495605469,
      54.180702209472656,
      19.27838134765625,
      60.213836669921875
    ],
    [
      8.732988357543945,
      11.34992790222168,
      13.377922058105469,
      25.921756744384766,
      22.57935333251953,
      24.723899841308594,
      30.743011474609375,
      29.30305290222168,
      52.7143669128418,
      43.807735443115234,
      34.48764419555664,
      32.44424057006836,
      22.322786331176758,
      23.682910919189453,
      17.911523818969727,
      27.500404357910156,
      21.444650650024414,
      30.093164443969727
    ],
    [
      9.125405311584473,
      17.127147674560547,
      11.289027214050293,
      62.015594482421875,
      24.23023223876953,
      53.1558952331543,
      27.69867515563965,
      57.89969253540039,
      43.807735443115234,
      89.02142333984375,
      26.941064834594727,
      70.19429016113281,
      12.860403060913086,
      44.5390739440918,
      14.560736656188965,
      61.42727279663086,
      23.838117599487305,
      67.59859466552734
    ],
    [
      4.958070278167725,
      8.78670883178711,
      12.004966735839844,
      21.28449249267578,
      15.75428581237793,
      16.61520004272461,
      23.085966110229492,
      18.420774459838867,
      34.48764419555664,
      26.941064834594727,
      49.79764938354492,
      34.91339874267578,
      32.438350677490234,
      27.462059020996094,
      25.107526779174805,
      28.863487243652344,
      22.15733528137207,
      26.671049118041992
    ],
    [
      10.866942405700684,
      17.47503089904785,
      12.792930603027344,
      67.32331085205078,
      19.654653549194336,
      49.60054397583008,
      23.108579635620117,
      53.58931350708008,
      32.44424057006836,
      70.19429016113281,
      34.91339874267578,
      94.4903564453125,
      15.512606620788574,
      57.47654342651367,
      18.335132598876953,
      75.32308959960938,
      25.09500503540039,
      77.53028869628906
    ],
    [
      3.668480634689331,
      2.686213254928589,
      10.029560089111328,
      3.653437852859497,
      8.161324501037598,
      4.453615665435791,
      14.373279571533203,
      6.760021686553955,
      22.322786331176758,
      12.860403060913086,
      32.438350677490234,
      15.512606620788574,
      63.759132385253906,
      36.501502990722656,
      39.55414962768555,
      29.33328628540039,
      24.77981948852539,
      16.878955841064453
    ],
    [
      8.031469345092773,
      15.463254928588867,
      13.151143074035645,
      42.41267013549805,
      16.03403663635254,
      30.734922409057617,
      18.349905014038086,
      33.727081298828125,
      23.682910919189453,
      44.5390739440918,
      27.462059020996094,
      57.47654342651367,
      36.501502990722656,
      71.39262390136719,
      30.43851089477539,
      72.57550811767578,
      26.460918426513672,
      63.055240631103516
    ],
    [
      1.2862855195999146,
      3.8761110305786133,
      10.465422630310059,
      16.851024627685547,
      10.749530792236328,
      10.777400016784668,
      13.83006477355957,
      11.189445495605469,
      17.911523818969727,
      14.560736656188965,
      25.107526779174805,
      18.335132598876953,
      39.55414962768555,
      30.43851089477539,
      44.698333740234375,
      36.546913146972656,
      28.972707748413086,
      29.02239227294922
    ],
    [
      8.750540733337402,
      18.813491821289062,
      18.46695327758789,
      77.16989135742188,
      22.443307876586914,
      51.921756744384766,
      24.58789825439453,
      54.180702209472656,
      27.500404357910156,
      61.42727279663086,
      28.863487243652344,
      75.32308959960938,
      29.33328628540039,
      72.57550811767578,
      36.546913146972656,
      106.62864685058594,
      34.98073959350586,
      100.32107543945312
    ],
    [
      4.138941287994385,
      10.477598190307617,
      11.167037963867188,
      25.057979583740234,
      15.427386283874512,
      19.26570701599121,
      16.77777862548828,
      19.27838134765625,
      21.444650650024414,
      23.838117599487305,
      22.15733528137207,
      25.09500503540039,
      24.77981948852539,
      26.460918426513672,
      28.972707748413086,
      34.98073959350586,
      44.5217399597168,
      40.78900146484375
    ],
    [
      11.33554458618164,
      29.045886993408203,
      22.24106216430664,
      94.13179016113281,
      27.173316955566406,
      60.64875411987305,
      27.46668243408203,
      60.213836669921875,
      30.093164443969727,
      67.59859466552734,
      26.671049118041992,
      77.53028869628906,
      16.878955841064453,
      63.055240631103516,
      29.02239227294922,
      100.32107543945312,
      40.78900146484375,
      120.33270263671875
    ]
  ],
  "drr": 14.973160743713379,
  "dynamics": 3.5593807697296143,
  "format": 1245190,
  "frames": 11401216,
  "loudness": -12.323896408081055,
  "loudness_range": 7.902868270874023,
  "loudness_range_short": 15.092689514160156,
  "peak": 0.37628114223480225,
  "rms": -12.46319580078125,
  "sample_rate": 44100,
  "sections": 1,
  "seekable": 1,
  "sharpness": 4.1255784034729,
  "space": -14.666337966918945
}