{
  "bands": [
    {
      "high_freq": 148.1999969482422,
      "loudness": -26.06123161315918,
      "loudness_range": 21.01035499572754,
      "mid_mean": -23.07822036743164,
      "mid_to_side_loudness": -10.942835807800293,
      "mid_to_side_loudness_range": 15.184978485107422,
      "side_mean": -34.399898529052734
    },
    {
      "high_freq": 392.3793640136719,
      "loudness": -20.478010177612305,
      "loudness_range": 18.586162567138672,
      "low_freq": 148.1999969482422,
      "mid_mean": -17.846874237060547,
      "mid_to_side_loudness": -5.927876949310303,
      "mid_to_side_loudness_range": 12.305631637573242,
      "side_mean": -24.553125381469727
    },
    {
      "high_freq": 794.6976318359375,
      "loudness": -21.342863082885742,
      "loudness_range": 16.946922302246094,
      "low_freq": 392.3793640136719,
      "mid_mean": -18.553512573242188,
      "mid_to_side_loudness": -8.682638168334961,
      "mid_to_side_loudness_range": 15.71920108795166,
      "side_mean": -27.462892532348633
    },
    {
      "high_freq": 1457.5709228515625,
      "loudness": -25.349809646606445,
      "loudness_range": 24.122591018676758,
      "low_freq": 794.6976318359375,
      "mid_mean": -22.26530647277832,
      "mid_to_side_loudness": -9.66637134552002,
      "mid_to_side_loudness_range": 18.135263442993164,
      "side_mean": -32.88930892944336
    },
    {
      "high_freq": 2549.74365234375,
      "loudness": -27.714187622070312,
      "loudness_range": 23.400300979614258,
      "low_freq": 1457.5709228515625,
      "mid_mean": -24.807849884033203,
      "mid_to_side_loudness": -8.802510261535645,
      "mid_to_side_loudness_range": 16.581974029541016,
      "side_mean": -34.71619415283203
    },
    {
      "high_freq": 4349.24462890625,
      "loudness": -31.935548782348633,
      "loudness_range": 25.446624755859375,
      "low_freq": 2549.74365234375,
      "mid_mean": -28.927589416503906,
      "mid_to_side_loudness": -9.275947570800781,
      "mid_to_side_loudness_range": 19.858823776245117,
      "side_mean": -39.74091339111328
    },
    {
      "high_freq": 7314.1640625,
      "loudness": -37.628536224365234,
      "loudness_range": 23.34036636352539,
      "low_freq": 4349.24462890625,
      "mid_mean": -34.82634735107422,
      "mid_to_side_loudness": -11.29713249206543,
      "mid_to_side_loudness_range": 21.090543746948242,
      "side_mean": -48.609867095947266
    },
    {
      "high_freq": 12199.2666015625,
      "loudness": -38.52598190307617,
      "loudness_range": 21.575275421142578,
      "low_freq": 7314.1640625,
      "mid_mean": -35.89423370361328,
      "mid_to_side_loudness": -14.098531723022461,
      "mid_to_side_loudness_range": 24.883527755737305,
      "side_mean": -53.57124710083008
    },
    {
      "loudness": -43.907779693603516,
      "loudness_range": 26.103816986083984,
      "low_freq": 12199.2666015625,
      "mid_mean": -41.74217224121094,
      "mid_to_side_loudness": -14.828399658203125,
      "mid_to_side_loudness_range": 24.216508865356445,
      "side_mean": -58.48556137084961
    }
  ],
  "bands_short": [
    {
      "high_freq": 148.1999969482422,
      "loudness": -33.49006652832031,
      "loudness_range": 27.819427490234375,
      "mid_mean": -30.46954917907715,
      "mid_to_side_loudness": -12.055630683898926,
      "mid_to_side_loudness_range": 18.731239318847656,
      "side_mean": -44.456180572509766
    },
    {
      "high_freq": 392.3793640136719,
      "loudness": -19.914249420166016,
      "loudness_range": 18.997299194335938,
      "low_freq": 148.1999969482422,
      "mid_mean": -17.338987350463867,
      "mid_to_side_loudness": -6.369566440582275,
      "mid_to_side_loudness_range": 13.784348487854004,
      "side_mean": -24.61289405822754
    },
    {
      "high_freq": 794.6976318359375,
      "loudness": -22.06938934326172,
      "loudness_range": 19.565921783447266,
      "low_freq": 392.3793640136719,
      "mid_mean": -19.328611373901367,
      "mid_to_side_loudness": -8.49814510345459,
      "mid_to_side_loudness_range": 17.711380004882812,
      "side_mean": -28.09092903137207
    },
    {
      "high_freq": 1457.5709228515625,
      "loudness": -25.674728393554688,
      "loudness_range": 25.62994384765625,
      "low_freq": 794.6976318359375,
      "mid_mean": -22.846704483032227,
      "mid_to_side_loudness": -8.60394287109375,
      "mid_to_side_loudness_range": 19.52374267578125,
      "side_mean": -32.4868278503418
    },
    {
      "high_freq": 2549.74365234375,
      "loudness": -28.766082763671875,
      "loudness_range": 25.898645401000977,
      "low_freq": 1457.5709228515625,
      "mid_mean": -26.040904998779297,
      "mid_to_side_loudness": -8.086153030395508,
      "mid_to_side_loudness_range": 17.50627899169922,
      "side_mean": -35.13212966918945
    },
    {
      "high_freq": 4349.24462890625,
      "loudness": -32.464481353759766,
      "loudness_range": 27.75688362121582,
      "low_freq": 2549.74365234375,
      "mid_mean": -29.712047576904297,
      "mid_to_side_loudness": -8.415194511413574,
      "mid_to_side_loudness_range": 20.07168197631836,
      "side_mean": -39.74091339111328
    },
    {
      "high_freq": 7314.1640625,
      "loudness": -38.87675094604492,
      "loudness_range": 27.806753158569336,
      "low_freq": 4349.24462890625,
      "mid_mean": -36.411720275878906,
      "mid_to_side_loudness": -10.439749717712402,
      "mid_to_side_loudness_range": 21.901103973388672,
      "side_mean": -50.471961975097656
    },
    {
      "high_freq": 12199.2666015625,
      "loudness": -41.00386047363281,
      "loudness_range": 27.51119613647461,
      "low_freq": 7314.1640625,
      "mid_mean": -38.56936264038086,
      "mid_to_side_loudness": -14.098998069763184,
      "mid_to_side_loudness_range": 26.581750869750977,
      "side_mean": -55.84755325317383
    },
    {
      "loudness": -49.497161865234375,
      "loudness_range": 33.453155517578125,
      "low_freq": 12199.2666015625,
      "mid_mean": -51.02802658081055,
      "mid_to_side_loudness": -13.67813777923584,
      "mid_to_side_loudness_range": 25.20709800720215,
      "side_mean": -61.45801544189453
    }
  ],
  "channels": 2,
  "covariance": [
    [
      68.32919311523438,
      52.102378845214844,
      30.00162696838379,
      28.52076530456543,
      23.3268985748291,
      31.447925567626953,
      24.33808135986328,
      37.787601470947266,
      31.20370101928711,
      47.7402458190918,
      40.98277282714844,
      56.07489013671875,
      38.770652770996094,
      59.43622589111328,
      38.219078063964844,
      60.017845153808594,
      48.51386260986328,
      54.33024978637695
    ],
    [
      52.102378845214844,
      77.70216369628906,
      31.268753051757812,
      35.11042404174805,
      26.048139572143555,
      39.56098937988281,
      27.46390724182129,
      46.4066276550293,
      36.09634780883789,
      57.56103515625,
      46.2462158203125,
      67.90852355957031,
      44.119422912597656,
      71.22832489013672,
      39.14144515991211,
      72.16676330566406,
      46.581947326660156,
      65.52310943603516
    ],
    [
      30.00162696838379,
      31.268753051757812,
      53.57931137084961,
      39.084835052490234,
      28.280406951904297,
      32.91835403442383,
      30.19226837158203,
      39.24814224243164,
      35.00640106201172,
      50.55257797241211,
      40.442195892333984,
      57.6889762878418,
      36.243980407714844,
      64.80985260009766,
      35.1698112487793,
      67.28233337402344,
      40.6593017578125,
      55.34112548828125
    ],
    [
      28.52076530456543,
      35.11042404174805,
      39.084835052490234,
      48.036067962646484,
      29.030019760131836,
      37.45767593383789,
      31.888206481933594,
      42.25579071044922,
      36.696319580078125,
      54.93511962890625,
      41.3902702331543,
      60.6693000793457,
      35.11399841308594,
      66.48106384277344,
      31.670135498046875,
      68.88384246826172,
      37.74394226074219,
      58.342037200927734
    ],
    [
      23.3268985748291,
      26.048139572143555,
      28.280406951904297,
      29.030019760131836,
      41.64350128173828,
      29.83236312866211,
      35.08171844482422,
      33.432456970214844,
      34.88302230834961,
      40.61980056762695,
      37.59355926513672,
      46.01980972290039,
      29.848155975341797,
      50.3674430847168,
      28.052120208740234,
      52.2814826965332,
      26.98021697998047,
      43.0394287109375
    ],
    [
      31.447925567626953,
      39.56098937988281,
      32.91835403442383,
      37.45767593383789,
      29.83236312866211,
      51.1265869140625,
      32.76448059082031,
      49.1149787902832,
      40.3209114074707,
      61.84101486206055,
      46.25924301147461,
      71.92271423339844,
      41.78825759887695,
      75.97173309326172,
      35.135398864746094,
      74.3047866821289,
      44.656307220458984,
      65.38878631591797
    ],
    [
      24.33808135986328,
      27.46390724182129,
      30.19226837158203,
      31.888206481933594,
      35.08171844482422,
      32.76448059082031,
      69.52110290527344,
      42.06806182861328,
      50.359825134277344,
      50.06254577636719,
      45.575714111328125,
      57.050933837890625,
      31.127201080322266,
      59.0075569152832,
      30.45459747314453,
      61.68173599243164,
      30.89795684814453,
      51.26884078979492
    ],
    [
      37.787601470947266,
      46.4066276550293,
      39.24814224243164,
      42.25579071044922,
      33.432456970214844,
      49.1149787902832,
      42.06806182861328,
      62.14712905883789,
      46.55030059814453,
      71.57255554199219,
      53.13360595703125,
      83.47753143310547,
      47.421451568603516,
      89.4485855102539,
      41.97050476074219,
      87.04423522949219,
      52.77727508544922,
      74.97988891601562
    ],
    [
      31.20370101928711,
      36.09634780883789,
      35.00640106201172,
      36.696319580078125,
      34.88302230834961,
      40.3209114074707,
      50.359825134277344,
      46.55030059814453,
      68.4897232055664,
      60.41533279418945,
      58.02371597290039,
      70.46591186523438,
      47.33004379272461,
      75.71302795410156,
      41.62183380126953,
      75.50076293945312,
      45.47566604614258,
      64.68496704101562
    ],
    [
      47.7402458190918,
      57.56103515625,
      50.55257797241211,
      54.93511962890625,
      40.61980056762695,
      61.84101486206055,
      50.06254577636719,
      71.57255554199219,
      60.41533279418945,
      96.38050079345703,
      67.47281646728516,
      108.93196105957031,
      59.622886657714844,
      115.39911651611328,
      52.96455383300781,
      111.19469451904297,
      68.18391418457031,
      96.04865264892578
    ],
    [
      40.98277282714844,
      46.2462158203125,
      40.442195892333984,
      41.3902702331543,
      37.59355926513672,
      46.25924301147461,
      45.575714111328125,
      53.13360595703125,
      58.02371597290039,
      67.47281646728516,
      86.589111328125,
      85.11701202392578,
      62.792152404785156,
      93.10602569580078,
      55.16313171386719,
      89.92558288574219,
      60.17527770996094,
      77.47054290771484
    ],
    [
      56.07489013671875,
      67.90852355957031,
      57.6889762878418,
      60.6693000793457,
      46.01980972290039,
      71.92271423339844,
      57.050933837890625,
      83.47753143310547,
      70.46591186523438,
      108.93196105957031,
      85.11701202392578,
      140.49888610839844,
      73.23493194580078,
      145.26194763183594,
      66.6668472290039,
      136.78704833984375,
      86.31015014648438,
      119.31120300292969
    ],
    [
      38.770652770996094,
      44.119422912597656,
      36.243980407714844,
      35.11399841308594,
      29.848155975341797,
      41.78825759887695,
      31.127201080322266,
      47.421451568603516,
      47.33004379272461,
      59.622886657714844,
      62.792152404785156,
      73.23493194580078,
      73.83096313476562,
      85.3394546508789,
      61.417755126953125,
      85.57508850097656,
      67.9559097290039,
      76.86310577392578
    ],
    [
      59.43622589111328,
      71.22832489013672,
      64.80985260009766,
      66.48106384277344,
      50.3674430847168,
      75.97173309326172,
      59.0075569152832,
      89.4485855102539,
      75.71302795410156,
      115.39911651611328,
      93.10602569580078,
      145.26194763183594,
      85.3394546508789,
      169.73501586914062,
      78.84330749511719,
      157.33859252929688,
      100.84911346435547,
      137.3812713623047
    ],
    [
      38.219078063964844,
      39.14144515991211,
      35.1698112487793,
      31.670135498046875,
      28.052120208740234,
      35.135398864746094,
      30.45459747314453,
      41.97050476074219,
      41.62183380126953,
      52.96455383300781,
      55.16313171386719,
      66.6668472290039,
      61.417755126953125,
      78.84330749511719,
      72.23518371582031,
      81.76863861083984,
      74.50127410888672,
      73.99168395996094
    ],
    [
      60.017845153808594,
      72.16676330566406,
      67.28233337402344,
      68.88384246826172,
      52.2814826965332,
      74.3047866821289,
      61.68173599243164,
      87.04423522949219,
      75.50076293945312,
      111.19469451904297,
      89.92558288574219,
      136.78704833984375,
      85.57508850097656,
      157.33859252929688,
      81.76863861083984,
      163.8673095703125,
      102.18026733398438,
      143.64663696289062
    ],
    [
      48.51386260986328,
      46.581947326660156,
      40.6593017578125,
      37.74394226074219,
      26.98021697998047,
      44.656307220458984,
      30.89795684814453,
      52.77727508544922,
      45.47566604614258,
      68.18391418457031,
      60.17527770996094,
      86.31015014648438,
      67.9559097290039,
      100.84911346435547,
      74.50127410888672,
      102.18026733398438,
      103.11174011230469,
      95.17115783691406
    ],
    [
      54.33024978637695,
      65.52310943603516,
      55.34112548828125,
      58.342037200927734,
      43.0394287109375,
      65.38878631591797,
      51.26884078979492,
      74.97988891601562,
      64.68496704101562,
      96.04865264892578,
      77.47054290771484,
      119.31120300292969,
      76.86310577392578,
      137.3812713623047,
      73.99168395996094,
      143.64663696289062,
      95.17115783691406,
      133.60818481445312
    ]
  ],
  "covariance_short": [
    [
      97.13658142089844,
      72.58146667480469,
      41.49769592285156,
      37.30107879638672,
      29.215932846069336,
      34.76658248901367,
      34.454986572265625,
      41.06787872314453,
      41.75117492675781,
      56.0548210144043,
      49.742919921875,
      65.97968292236328,
      45.89442443847656,
      75.97392272949219,
      42.28728103637695,
      68.7276840209961,
      68.59770965576172,
      51.807403564453125
    ],
    [
      72.58146667480469,
      111.60159301757812,
      50.504207611083984,
      49.63068389892578,
      40.15094757080078,
      46.077178955078125,
      42.77560806274414,
      53.19487762451172,
      52.422122955322266,
      71.02272033691406,
      58.23890686035156,
      83.50959777832031,
      52.97238540649414,
      97.22956085205078,
      48.99845504760742,
      85.84833526611328,
      83.22245025634766,
      63.09039306640625
    ],
    [
      41.49769592285156,
      50.504207611083984,
      57.71430206298828,
      40.57255172729492,
      31.085952758789062,
      36.429359436035156,
      30.73208999633789,
      39.3003044128418,
      38.70348358154297,
      52.08664321899414,
      43.17511749267578,
      58.91969299316406,
      38.37432861328125,
      71.10249328613281,
      36.42649841308594,
      62.14051818847656,
      62.06955337524414,
      43.7774772644043
    ],
    [
      37.30107879638672,
      49.63068389892578,
      40.57255172729492,
      52.62343215942383,
      31.52690315246582,
      41.80913162231445,
      33.31295394897461,
      43.22685241699219,
      40.42384338378906,
      56.095306396484375,
      44.3055534362793,
      62.99306106567383,
      39.04785919189453,
      74.94520568847656,
      33.35409927368164,
      65.48196411132812,
      60.97504806518555,
      47.46296691894531
    ],
    [
      29.215932846069336,
      40.15094757080078,
      31.085952758789062,
      31.52690315246582,
      51.30340576171875,
      34.5383415222168,
      39.97633743286133,
      36.325782775878906,
      41.579410552978516,
      43.27773666381836,
      44.01848602294922,
      49.771427154541016,
      34.62200927734375,
      59.378658294677734,
      33.35081100463867,
      50.848426818847656,
      56.2323112487793,
      35.284446716308594
    ],
    [
      34.76658248901367,
      46.077178955078125,
      36.429359436035156,
      41.80913162231445,
      34.5383415222168,
      57.89312744140625,
      36.32338333129883,
      51.96189498901367,
      45.74800109863281,
      64.40770721435547,
      51.20175552368164,
      75.72661590576172,
      46.50188064575195,
      83.99176788330078,
      37.314022064208984,
      72.71627807617188,
      61.31338119506836,
      53.21017837524414
    ],
    [
      34.454986572265625,
      42.77560806274414,
      30.73208999633789,
      33.31295394897461,
      39.97633743286133,
      36.32338333129883,
      78.93707275390625,
      45.86201477050781,
      58.93561935424805,
      53.32522201538086,
      54.24901580810547,
      60.69040298461914,
      39.86180114746094,
      69.54769897460938,
      38.579505920410156,
      60.47213363647461,
      66.32076263427734,
      42.21879577636719
    ],
    [
      41.06787872314453,
      53.19487762451172,
      39.3003044128418,
      43.22685241699219,
      36.325782775878906,
      51.96189498901367,
      45.86201477050781,
      67.44537353515625,
      50.71495056152344,
      71.46125793457031,
      57.38918685913086,
      84.04938507080078,
      51.4652099609375,
      93.7761001586914,
      42.5961799621582,
      81.21663665771484,
      69.62100982666016,
      58.975303649902344
    ],
    [
      41.75117492675781,
      52.422122955322266,
      38.70348358154297,
      40.42384338378906,
      41.579410552978516,
      45.74800109863281,
      58.93561935424805,
      50.71495056152344,
      84.39288330078125,
      67.73140716552734,
      68.9747314453125,
      79.56588745117188,
      58.212852478027344,
      88.58723449707031,
      50.99893569946289,
      78.22662353515625,
      75.88643646240234,
      56.254005432128906
    ],
    [
      56.0548210144043,
      71.02272033691406,
      52.08664321899414,
      56.095306396484375,
      43.27773666381836,
      64.40770721435547,
      53.32522201538086,
      71.46125793457031,
      67.73140716552734,
      99.90708923339844,
      73.35594940185547,
      110.28679656982422,
      64.45203399658203,
      122.61163330078125,
      53.055850982666016,
      104.65264129638672,
      86.42916107177734,
      75.95663452148438
    ],
    [
      49.742919921875,
      58.23890686035156,
      43.17511749267578,
      44.3055534362793,
      44.01848602294922,
      51.20175552368164,
      54.24901580810547,
      57.38918685913086,
      68.9747314453125,
      73.35594940185547,
      102.66963958740234,
      94.06857299804688,
      76.17650604248047,
      104.43683624267578,
      64.1572265625,
      92.7816162109375,
      80.92897033691406,
      68.04002380371094
    ],
    [
      65.97968292236328,
      83.50959777832031,
      58.91969299316406,
      62.99306106567383,
      49.771427154541016,
      75.72661590576172,
      60.69040298461914,
      84.04938507080078,
      79.56588745117188,
      110.28679656982422,
      94.06857299804688,
      147.5460205078125,
      82.62413787841797,
      153.8986053466797,
      67.79874420166016,
      132.11082458496094,
      103.46744537353516,
      97.42100524902344
    ],
    [
      45.89442443847656,
      52.97238540649414,
      38.37432861328125,
      39.04785919189453,
      34.62200927734375,
      46.50188064575195,
      39.86180114746094,
      51.4652099609375,
      58.212852478027344,
      64.45203399658203,
      76.17650604248047,
      82.62413787841797,
      96.59060668945312,
      97.70098114013672,
      78.824462890625,
      94.66873931884766,
      93.055908203125,
      74.25884246826172
    ],
    [
      75.97392272949219,
      97.22956085205078,
      71.10249328613281,
      74.94520568847656,
      59.378658294677734,
      83.99176788330078,
      69.54769897460938,
      93.7761001586914,
      88.58723449707031,
      122.61163330078125,
      104.43683624267578,
      153.8986053466797,
      97.70098114013672,
      187.6098175048828,
      82.33150482177734,
      160.10476684570312,
      135.5022735595703,
      117.20352172851562
    ],
    [
      42.28728103637695,
      48.99845504760742,
      36.42649841308594,
      33.35409927368164,
      33.35081100463867,
      37.314022064208984,
      38.579505920410156,
      42.5961799621582,
      50.99893569946289,
      53.055850982666016,
      64.1572265625,
      67.79874420166016,
      78.824462890625,
      82.33150482177734,
      99.28843688964844,
      87.62940979003906,
      105.5921630859375,
      71.1762924194336
    ],
    [
      68.7276840209961,
      85.84833526611328,
      62.14051818847656,
      65.48196411132812,
      50.848426818847656,
      72.71627807617188,
      60.47213363647461,
      81.21663665771484,
      78.22662353515625,
      104.65264129638672,
      92.7816162109375,
      132.11082458496094,
      94.66873931884766,
      160.10476684570312,
      87.62940979003906,
      150.35423278808594,
      131.36801147460938,
      114.74329376220703
    ],
    [
      68.59770965576172,
      83.22245025634766,
      62.06955337524414,
      60.97504806518555,
      56.2323112487793,
      61.31338119506836,
      66.32076263427734,
      69.62100982666016,
      75.88643646240234,
      86.42916107177734,
      80.92897033691406,
      103.46744537353516,
      93.055908203125,
      135.5022735595703,
      105.5921630859375,
      131.36801147460938,
      173.94137573242188,
      102.87683868408203
    ],
    [
      51.807403564453125,
      63.09039306640625,
      43.7774772644043,
      47.46296691894531,
      35.284446716308594,
      53.21017837524414,
      42.21879577636719,
      58.975303649902344,
      56.254005432128906,
      75.95663452148438,
      68.04002380371094,
      97.42100524902344,
      74.25884246826172,
      117.20352172851562,
      71.1762924194336,
      114.74329376220703,
      102.87683868408203,
      96.57571411132812
    ]
  ],
  "drr": 13.025039672851562,
  "dynamics": 4.5604729652404785,
  "format": 1245190,
  "frames": 11837440,
  "loudness": -10.78179931640625,
  "loudness_range": 16.908769607543945,
  "loudness_range_short": 17.601266860961914,
  "peak": -0.25717923045158386,
  "rms": -12.340352058410645,
  "sample_rate": 44100,
  "sections": 1,
  "seekable": 1,
  "sharpness": 1.9021296501159668,
  "space": -9.084933280944824
}