{
  "bands": [
    {
      "high_freq": 148.1999969482422,
      "loudness": -41.59663772583008,
      "loudness_range": 15.974491119384766,
      "mid_mean": -39.065834045410156,
      "mid_to_side_loudness": -6.294531345367432,
      "mid_to_side_loudness_range": 12.172918319702148,
      "side_mean": -45.508113861083984
    },
    {
      "high_freq": 392.3793640136719,
      "loudness": -36.32987594604492,
      "loudness_range": 16.84516143798828,
      "low_freq": 148.1999969482422,
      "mid_mean": -34.11490249633789,
      "mid_to_side_loudness": -5.3491058349609375,
      "mid_to_side_loudness_range": 11.268226623535156,
      "side_mean": -39.695945739746094
    },
    {
      "high_freq": 794.6976318359375,
      "loudness": -34.55195617675781,
      "loudness_range": 27.074827194213867,
      "low_freq": 392.3793640136719,
      "mid_mean": -33.028656005859375,
      "mid_to_side_loudness": -3.2812681198120117,
      "mid_to_side_loudness_range": 14.128904342651367,
      "side_mean": -36.86199188232422
    },
    {
      "high_freq": 1457.5709228515625,
      "loudness": -31.254941940307617,
      "loudness_range": 25.35343360900879,
      "low_freq": 794.6976318359375,
      "mid_mean": -29.499643325805664,
      "mid_to_side_loudness": -4.313028335571289,
      "mid_to_side_loudness_range": 14.093354225158691,
      "side_mean": -34.177425384521484
    },
    {
      "high_freq": 2549.74365234375,
      "loudness": -32.4300537109375,
      "loudness_range": 20.6447811126709,
      "low_freq": 1457.5709228515625,
      "mid_mean": -31.044944763183594,
      "mid_to_side_loudness": -2.776362657546997,
      "mid_to_side_loudness_range": 11.001350402832031,
      "side_mean": -33.82511520385742
    },
    {
      "high_freq": 4349.24462890625,
      "loudness": -36.608154296875,
      "loudness_range": 22.091798782348633,
      "low_freq": 2549.74365234375,
      "mid_mean": -35.4749755859375,
      "mid_to_side_loudness": -1.7849708795547485,
      "mid_to_side_loudness_range": 10.0775146484375,
      "side_mean": -37.31198501586914
    },
    {
      "high_freq": 7314.1640625,
      "loudness": -47.13113021850586,
      "loudness_range": 26.087615966796875,
      "low_freq": 4349.24462890625,
      "mid_mean": -46.498207092285156,
      "mid_to_side_loudness": -1.5122504234313965,
      "mid_to_side_loudness_range": 8.596713066101074,
      "side_mean": -48.24675750732422
    },
    {
      "high_freq": 12199.2666015625,
      "loudness": -56.61201477050781,
      "loudness_range": 25.136825561523438,
      "low_freq": 7314.1640625,
      "mid_mean": -55.30872344970703,
      "mid_to_side_loudness": -1.4618136882781982,
      "mid_to_side_loudness_range": 7.731429100036621,
      "side_mean": -56.581024169921875
    },
    {
      "loudness": -61.54167556762695,
      "loudness_range": 17.61151885986328,
      "low_freq": 12199.2666015625,
      "mid_mean": -60.00554275512695,
      "mid_to_side_loudness": -0.6748841404914856,
      "mid_to_side_loudness_range": 2.3324031829833984,
      "side_mean": -60.55388259887695
    }
  ],
  "bands_short": [
    {
      "high_freq": 148.1999969482422,
      "loudness": -42.4808464050293,
      "loudness_range": 16.415313720703125,
      "mid_mean": -40.10960006713867,
      "mid_to_side_loudness": -6.312024116516113,
      "mid_to_side_loudness_range": 15.017997741699219,
      "side_mean": -46.535892486572266
    },
    {
      "high_freq": 392.3793640136719,
      "loudness": -36.79527282714844,
      "loudness_range": 17.781715393066406,
      "low_freq": 148.1999969482422,
      "mid_mean": -34.5433464050293,
      "mid_to_side_loudness": -5.578769683837891,
      "mid_to_side_loudness_range": 12.182082176208496,
      "side_mean": -40.46645736694336
    },
    {
      "high_freq": 794.6976318359375,
      "loudness": -35.276268005371094,
      "loudness_range": 26.75432777404785,
      "low_freq": 392.3793640136719,
      "mid_mean": -33.77461624145508,
      "mid_to_side_loudness": -3.4472734928131104,
      "mid_to_side_loudness_range": 15.525978088378906,
      "side_mean": -37.539947509765625
    },
    {
      "high_freq": 1457.5709228515625,
      "loudness": -31.3881893157959,
      "loudness_range": 26.111087799072266,
      "low_freq": 794.6976318359375,
      "mid_mean": -29.8507080078125,
      "mid_to_side_loudness": -4.080410480499268,
      "mid_to_side_loudness_range": 17.00859832763672,
      "side_mean": -34.36637496948242
    },
    {
      "high_freq": 2549.74365234375,
      "loudness": -33.21580123901367,
      "loudness_range": 21.02313804626465,
      "low_freq": 1457.5709228515625,
      "mid_mean": -32.00463104248047,
      "mid_to_side_loudness": -2.7336928844451904,
      "mid_to_side_loudness_range": 13.371068000793457,
      "side_mean": -34.72568130493164
    },
    {
      "high_freq": 4349.24462890625,
      "loudness": -36.76592254638672,
      "loudness_range": 23.362232208251953,
      "low_freq": 2549.74365234375,
      "mid_mean": -35.77132797241211,
      "mid_to_side_loudness": -1.7386600971221924,
      "mid_to_side_loudness_range": 11.842432022094727,
      "side_mean": -37.58129119873047
    },
    {
      "high_freq": 7314.1640625,
      "loudness": -47.57112503051758,
      "loudness_range": 27.011451721191406,
      "low_freq": 4349.24462890625,
      "mid_mean": -47.35865783691406,
      "mid_to_side_loudness": -1.456870198249817,
      "mid_to_side_loudness_range": 8.95089340209961,
      "side_mean": -48.85886764526367
    },
    {
      "high_freq": 12199.2666015625,
      "loudness": -57.097110748291016,
      "loudness_range": 25.716045379638672,
      "low_freq": 7314.1640625,
      "mid_mean": -55.7772216796875,
      "mid_to_side_loudness": -1.3340824842453003,
      "mid_to_side_loudness_range": 7.119172096252441,
      "side_mean": -56.9318962097168
    },
    {
      "loudness": -61.80213165283203,
      "loudness_range": 17.711685180664062,
      "low_freq": 12199.2666015625,
      "mid_mean": -60.24606704711914,
      "mid_to_side_loudness": -0.6352440118789673,
      "mid_to_side_loudness_range": 2.639517068862915,
      "side_mean": -60.763999938964844
    }
  ],
  "channels": 2,
  "covariance": [
    [
      35.06407928466797,
      19.769838333129883,
      11.968659400939941,
      13.41373348236084,
      10.872551918029785,
      6.973832607269287,
      7.826669216156006,
      3.594404697418213,
      6.011954307556152,
      -0.06037669628858566,
      5.751288890838623,
      1.6822620630264282,
      1.3789900541305542,
      2.2843918800354004,
      1.841951608657837,
      0.20955821871757507,
      0.7985170483589172,
      0.12788273394107819
    ],
    [
      19.769838333129883,
      23.714670181274414,
      12.983638763427734,
      14.897196769714355,
      4.14308500289917,
      5.598996162414551,
      6.521877288818359,
      6.977328777313232,
      4.987046718597412,
      4.438660621643066,
      8.302614212036133,
      7.443116664886475,
      7.440735340118408,
      9.899344444274902,
      7.257265567779541,
      6.788827896118164,
      3.558335542678833,
      3.406230926513672
    ],
    [
      11.968659400939941,
      12.983638763427734,
      37.710845947265625,
      37.72488784790039,
      -6.148282051086426,
      0.5309159755706787,
      8.09306526184082,
      10.667457580566406,
      6.232860088348389,
      10.8855562210083,
      14.074098587036133,
      13.40503978729248,
      11.469886779785156,
      12.176970481872559,
      10.837798118591309,
      9.054474830627441,
      6.350836753845215,
      5.5183515548706055
    ],
    [
      13.41373348236084,
      14.897196769714355,
      37.72488784790039,
      59.32252502441406,
      -17.443763732910156,
      -7.697750091552734,
      8.281509399414062,
      10.65620231628418,
      3.335563898086548,
      8.438875198364258,
      14.946367263793945,
      14.622047424316406,
      10.426102638244629,
      11.925825119018555,
      11.636967658996582,
      8.349841117858887,
      8.117901802062988,
      6.664371013641357
    ],
    [
      10.872551918029785,
      4.14308500289917,
      -6.148282051086426,
      -17.443763732910156,
      101.98976135253906,
      71.3846206665039,
      24.35905647277832,
      8.729549407958984,
      26.11434555053711,
      7.123676300048828,
      1.2083895206451416,
      -12.089579582214355,
      -2.5579967498779297,
      -6.011645793914795,
      -1.6925057172775269,
      -6.022640228271484,
      -5.206172943115234,
      -6.595860958099365
    ],
    [
      6.973832607269287,
      5.598996162414551,
      0.5309159755706787,
      -7.697750091552734,
      71.3846206665039,
      73.82575988769531,
      28.61367416381836,
      22.2126407623291,
      25.593948364257812,
      19.118803024291992,
      10.461685180664062,
      3.4923837184906006,
      13.674792289733887,
      14.844590187072754,
      13.512497901916504,
      10.15636920928955,
      4.172030925750732,
      3.235535144805908
    ],
    [
      7.826669216156006,
      6.521877288818359,
      8.09306526184082,
      8.281509399414062,
      24.35905647277832,
      28.61367416381836,
      87.18087005615234,
      61.60310745239258,
      27.61271858215332,
      21.020626068115234,
      25.352497100830078,
      14.389592170715332,
      25.382871627807617,
      16.431880950927734,
      28.483179092407227,
      14.578765869140625,
      16.1776180267334,
      11.27076244354248
    ],
    [
      3.594404697418213,
      6.977328777313232,
      10.667457580566406,
      10.65620231628418,
      8.729549407958984,
      22.2126407623291,
      61.60310745239258,
      69.79383850097656,
      32.99016189575195,
      38.45991516113281,
      36.9730110168457,
      36.59239196777344,
      41.85698318481445,
      41.53163146972656,
      40.096134185791016,
      34.5096435546875,
      25.34159278869629,
      23.30036163330078
    ],
    [
      6.011954307556152,
      4.987046718597412,
      6.232860088348389,
      3.335563898086548,
      26.11434555053711,
      25.593948364257812,
      27.61271858215332,
      32.99016189575195,
      50.1359977722168,
      45.44357681274414,
      30.64824867248535,
      27.914621353149414,
      35.17769241333008,
      35.779598236083984,
      30.614456176757812,
      29.991933822631836,
      20.59630012512207,
      20.30178451538086
    ],
    [
      -0.06037669628858566,
      4.438660621643066,
      10.8855562210083,
      8.438875198364258,
      7.123676300048828,
      19.118803024291992,
      21.020626068115234,
      38.45991516113281,
      45.44357681274414,
      62.031150817871094,
      39.398895263671875,
      46.75151062011719,
      51.50584411621094,
      57.935455322265625,
      42.62669372558594,
      46.72644805908203,
      28.600048065185547,
      30.040668487548828
    ],
    [
      5.751288890838623,
      8.302614212036133,
      14.074098587036133,
      14.946367263793945,
      1.2083895206451416,
      10.461685180664062,
      25.352497100830078,
      36.9730110168457,
      30.64824867248535,
      39.398895263671875,
      56.305816650390625,
      57.66949462890625,
      52.33975601196289,
      55.58784103393555,
      40.724056243896484,
      42.58283615112305,
      28.37806510925293,
      28.532772064208984
    ],
    [
      1.6822620630264282,
      7.443116664886475,
      13.40503978729248,
      14.622047424316406,
      -12.089579582214355,
      3.4923837184906006,
      14.389592170715332,
      36.59239196777344,
      27.914621353149414,
      46.75151062011719,
      57.66949462890625,
      75.86163330078125,
      62.279319763183594,
      73.02051544189453,
      47.20635223388672,
      55.011871337890625,
      33.62055206298828,
      35.90589904785156
    ],
    [
      1.3789900541305542,
      7.440735340118408,
      11.469886779785156,
      10.426102638244629,
      -2.5579967498779297,
      13.674792289733887,
      25.382871627807617,
      41.85698318481445,
      35.17769241333008,
      51.50584411621094,
      52.33975601196289,
      62.279319763183594,
      76.90083312988281,
      84.20890808105469,
      57.30620574951172,
      61.75286102294922,
      37.798709869384766,
      39.01787567138672
    ],
    [
      2.2843918800354004,
      9.899344444274902,
      12.176970481872559,
      11.925825119018555,
      -6.011645793914795,
      14.844590187072754,
      16.431880950927734,
      41.53163146972656,
      35.779598236083984,
      57.935455322265625,
      55.58784103393555,
      73.02051544189453,
      84.20890808105469,
      105.14075469970703,
      65.64167785644531,
      75.10140991210938,
      42.6237678527832,
      45.595191955566406
    ],
    [
      1.841951608657837,
      7.257265567779541,
      10.837798118591309,
      11.636967658996582,
      -1.6925057172775269,
      13.512497901916504,
      28.483179092407227,
      40.096134185791016,
      30.614456176757812,
      42.62669372558594,
      40.724056243896484,
      47.20635223388672,
      57.30620574951172,
      65.64167785644531,
      56.68545150756836,
      56.745201110839844,
      35.83578872680664,
      35.631614685058594
    ],
    [
      0.20955821871757507,
      6.788827896118164,
      9.054474830627441,
      8.349841117858887,
      -6.022640228271484,
      10.15636920928955,
      14.578765869140625,
      34.5096435546875,
      29.991933822631836,
      46.72644805908203,
      42.58283615112305,
      55.011871337890625,
      61.75286102294922,
      75.10140991210938,
      56.745201110839844,
      63.5283317565918,
      37.49165344238281,
      39.51530838012695
    ],
    [
      0.7985170483589172,
      3.558335542678833,
      6.350836753845215,
      8.117901802062988,
      -5.206172943115234,
      4.172030925750732,
      16.1776180267334,
      25.34159278869629,
      20.59630012512207,
      28.600048065185547,
      28.37806510925293,
      33.62055206298828,
      37.798709869384766,
      42.6237678527832,
      35.83578872680664,
      37.49165344238281,
      28.097789764404297,
      28.41828155517578
    ],
    [
      0.12788273394107819,
      3.406230926513672,
      5.5183515548706055,
      6.664371013641357,
      -6.595860958099365,
      3.235535144805908,
      11.27076244354248,
      23.30036163330078,
      20.30178451538086,
      30.040668487548828,
      28.532772064208984,
      35.90589904785156,
      39.01787567138672,
      45.595191955566406,
      35.631614685058594,
      39.51530838012695,
      28.41828155517578,
      29.794635772705078
    ]
  ],
  "covariance_short": [
    [
      37.414756774902344,
      18.217775344848633,
      12.761666297912598,
      14.549264907836914,
      11.519423484802246,
      7.1779093742370605,
      8.758157730102539,
      3.3077762126922607,
      5.952492713928223,
      0.28820663690567017,
      6.65300178527832,
      2.296407461166382,
      4.213237285614014,
      3.4181272983551025,
      2.441938638687134,
      0.7568666338920593,
      1.239736795425415,
      0.5349629521369934
    ],
    [
      18.217775344848633,
      26.21900177001953,
      11.734518051147461,
      13.693806648254395,
      9.138848304748535,
      8.731658935546875,
      8.319988250732422,
      7.555770397186279,
      5.767506122589111,
      5.12841272354126,
      8.933125495910645,
      7.812381744384766,
      9.54647445678711,
      10.907010078430176,
      7.788963317871094,
      7.0912628173828125,
      3.6042537689208984,
      3.384498357772827
    ],
    [
      12.761666297912598,
      11.734518051147461,
      40.94693374633789,
      41.141170501708984,
      1.1157846450805664,
      7.053596496582031,
      6.5595316886901855,
      7.245660305023193,
      4.875213623046875,
      8.754531860351562,
      14.335572242736816,
      14.352949142456055,
      11.450424194335938,
      11.900188446044922,
      9.853302001953125,
      8.506986618041992,
      5.547300815582275,
      4.850654602050781
    ],
    [
      14.549264907836914,
      13.693806648254395,
      41.141170501708984,
      64.56642150878906,
      -8.801414489746094,
      1.9739370346069336,
      6.026038646697998,
      6.237499713897705,
      2.536705255508423,
      6.592983245849609,
      16.199859619140625,
      16.100610733032227,
      13.536828994750977,
      13.414310455322266,
      11.163429260253906,
      8.519984245300293,
      7.92920446395874,
      6.66469669342041
    ],
    [
      11.519423484802246,
      9.138848304748535,
      1.1157846450805664,
      -8.801414489746094,
      98.3071517944336,
      66.63139343261719,
      19.628509521484375,
      8.726948738098145,
      26.993791580200195,
      9.14541244506836,
      5.167255878448486,
      -7.386851787567139,
      -0.3876206874847412,
      -3.141679286956787,
      0.023201392963528633,
      -3.040644407272339,
      -3.5187439918518066,
      -4.569551467895508
    ],
    [
      7.1779093742370605,
      8.731658935546875,
      7.053596496582031,
      1.9739370346069336,
      66.63139343261719,
      68.10530090332031,
      20.984960556030273,
      18.239294052124023,
      24.282302856445312,
      18.595388412475586,
      12.934822082519531,
      6.473480224609375,
      13.965658187866211,
      14.612591743469238,
      12.55208969116211,
      10.1554594039917,
      4.016021728515625,
      3.2730417251586914
    ],
    [
      8.758157730102539,
      8.319988250732422,
      6.5595316886901855,
      6.026038646697998,
      19.628509521484375,
      20.984960556030273,
      92.42713928222656,
      60.39206314086914,
      25.07988166809082,
      17.896860122680664,
      24.516183853149414,
      13.523479461669922,
      23.97585105895996,
      14.747443199157715,
      26.313520431518555,
      13.12674331665039,
      14.931965827941895,
      10.152262687683105
    ],
    [
      3.3077762126922607,
      7.555770397186279,
      7.245660305023193,
      6.237499713897705,
      8.726948738098145,
      18.239294052124023,
      60.39206314086914,
      73.59905242919922,
      28.93084144592285,
      34.22351837158203,
      34.955726623535156,
      34.932979583740234,
      40.45236587524414,
      40.01845932006836,
      37.74063491821289,
      32.8978271484375,
      23.122896194458008,
      21.397090911865234
    ],
    [
      5.952492713928223,
      5.767506122589111,
      4.875213623046875,
      2.536705255508423,
      26.993791580200195,
      24.282302856445312,
      25.07988166809082,
      28.93084144592285,
      56.90541076660156,
      46.738494873046875,
      30.246427536010742,
      26.71044158935547,
      36.14789581298828,
      35.27094650268555,
      29.991147994995117,
      28.635419845581055,
      18.890539169311523,
      18.28874397277832
    ],
    [
      0.28820663690567017,
      5.12841272354126,
      8.754531860351562,
      6.592983245849609,
      9.14541244506836,
      18.595388412475586,
      17.896860122680664,
      34.22351837158203,
      46.738494873046875,
      65.30037689208984,
      37.3701057434082,
      44.46877670288086,
      49.922550201416016,
      56.003265380859375,
      40.8306884765625,
      44.19040298461914,
      25.877294540405273,
      27.107816696166992
    ],
    [
      6.65300178527832,
      8.933125495910645,
      14.335572242736816,
      16.199859619140625,
      5.167255878448486,
      12.934822082519531,
      24.516183853149414,
      34.955726623535156,
      30.246427536010742,
      37.3701057434082,
      62.404911041259766,
      60.46539306640625,
      54.54966354370117,
      57.0545768737793,
      42.78924560546875,
      43.822662353515625,
      28.940223693847656,
      28.70714569091797
    ],
    [
      2.296407461166382,
      7.812381744384766,
      14.352949142456055,
      16.100610733032227,
      -7.386851787567139,
      6.473480224609375,
      13.523479461669922,
      34.932979583740234,
      26.71044158935547,
      44.46877670288086,
      60.46539306640625,
      81.01286315917969,
      63.39360427856445,
      73.57291412353516,
      48.439125061035156,
      55.30549240112305,
      33.40922927856445,
      35.40530014038086
    ],
    [
      4.213237285614014,
      9.54647445678711,
      11.450424194335938,
      13.536828994750977,
      -0.3876206874847412,
      13.965658187866211,
      23.97585105895996,
      40.45236587524414,
      36.14789581298828,
      49.922550201416016,
      54.54966354370117,
      63.39360427856445,
      86.3672103881836,
      91.41325378417969,
      61.85791778564453,
      64.74529266357422,
      38.938175201416016,
      39.57756042480469
    ],
    [
      3.4181272983551025,
      10.907010078430176,
      11.900188446044922,
      13.414310455322266,
      -3.141679286956787,
      14.612591743469238,
      14.747443199157715,
      40.01845932006836,
      35.27094650268555,
      56.003265380859375,
      57.0545768737793,
      73.57291412353516,
      91.41325378417969,
      109.33625030517578,
      67.93008422851562,
      75.88481903076172,
      42.651268005371094,
      45.169898986816406
    ],
    [
      2.441938638687134,
      7.788963317871094,
      9.853302001953125,
      11.163429260253906,
      0.023201392963528633,
      12.55208969116211,
      26.313520431518555,
      37.74063491821289,
      29.991147994995117,
      40.8306884765625,
      42.78924560546875,
      48.439125061035156,
      61.85791778564453,
      67.93008422851562,
      59.11021423339844,
      58.00916290283203,
      36.116119384765625,
      35.55036926269531
    ],
    [
      0.7568666338920593,
      7.0912628173828125,
      8.506986618041992,
      8.519984245300293,
      -3.040644407272339,
      10.1554594039917,
      13.12674331665039,
      32.8978271484375,
      28.635419845581055,
      44.19040298461914,
      43.822662353515625,
      55.30549240112305,
      64.74529266357422,
      75.88481903076172,
      58.00916290283203,
      64.19255828857422,
      37.022483825683594,
      38.74020004272461
    ],
    [
      1.239736795425415,
      3.6042537689208984,
      5.547300815582275,
      7.92920446395874,
      -3.5187439918518066,
      4.016021728515625,
      14.931965827941895,
      23.122896194458008,
      18.890539169311523,
      25.877294540405273,
      28.940223693847656,
      33.40922927856445,
      38.938175201416016,
      42.651268005371094,
      36.116119384765625,
      37.022483825683594,
      28.18706512451172,
      28.077268600463867
    ],
    [
      0.5349629521369934,
      3.384498357772827,
      4.850654602050781,
      6.66469669342041,
      -4.569551467895508,
      3.2730417251586914,
      10.152262687683105,
      21.397090911865234,
      18.28874397277832,
      27.107816696166992,
      28.70714569091797,
      35.40530014038086,
      39.57756042480469,
      45.169898986816406,
      35.55036926269531,
      38.74020004272461,
      28.077268600463867,
      29.317760467529297
    ]
  ],
  "drr": 7.427449703216553,
  "dynamics": 4.6875901222229,
  "format": 1245190,
  "frames": 9324544,
  "loudness": -19.54761505126953,
  "loudness_range": 15.344223022460938,
  "loudness_range_short": 15.979811668395996,
  "peak": -1.210273027420044,
  "rms": -20.992706298828125,
  "sample_rate": 44100,
  "sections": 1,
  "seekable": 1,
  "sharpness": 1.7409595251083374,
  "space": -4.4169921875
}