{
  "bands": [
    {
      "high_freq": 148.1999969482422,
      "loudness": -26.32467269897461,
      "loudness_range": 24.41105842590332,
      "mid_mean": -22.960891723632812,
      "mid_to_side_loudness": -15.233731269836426,
      "mid_to_side_loudness_range": 24.17190933227539,
      "side_mean": -40.375301361083984
    },
    {
      "high_freq": 392.3793640136719,
      "loudness": -24.16238021850586,
      "loudness_range": 15.167791366577148,
      "low_freq": 148.1999969482422,
      "mid_mean": -21.182226181030273,
      "mid_to_side_loudness": -8.817398071289062,
      "mid_to_side_loudness_range": 14.3701810836792,
      "side_mean": -30.600255966186523
    },
    {
      "high_freq": 794.6976318359375,
      "loudness": -24.984663009643555,
      "loudness_range": 16.20476722717285,
      "low_freq": 392.3793640136719,
      "mid_mean": -22.421329498291016,
      "mid_to_side_loudness": -6.220698833465576,
      "mid_to_side_loudness_range": 11.43851089477539,
      "side_mean": -28.96871566772461
    },
    {
      "high_freq": 1457.5709228515625,
      "loudness": -26.42470932006836,
      "loudness_range": 22.194913864135742,
      "low_freq": 794.6976318359375,
      "mid_mean": -24.018367767333984,
      "mid_to_side_loudness": -6.021466255187988,
      "mid_to_side_loudness_range": 13.779763221740723,
      "side_mean": -30.35725212097168
    },
    {
      "high_freq": 2549.74365234375,
      "loudness": -26.495346069335938,
      "loudness_range": 24.309158325195312,
      "low_freq": 1457.5709228515625,
      "mid_mean": -24.047128677368164,
      "mid_to_side_loudness": -6.248157024383545,
      "mid_to_side_loudness_range": 13.907416343688965,
      "side_mean": -30.706378936767578
    },
    {
      "high_freq": 4349.24462890625,
      "loudness": -30.82685661315918,
      "loudness_range": 23.929567337036133,
      "low_freq": 2549.74365234375,
      "mid_mean": -28.39094352722168,
      "mid_to_side_loudness": -7.273470878601074,
      "mid_to_side_loudness_range": 15.663681030273438,
      "side_mean": -36.26593780517578
    },
    {
      "high_freq": 7314.1640625,
      "loudness": -33.86662292480469,
      "loudness_range": 21.23904800415039,
      "low_freq": 4349.24462890625,
      "mid_mean": -31.348918914794922,
      "mid_to_side_loudness": -9.49566650390625,
      "mid_to_side_loudness_range": 19.638811111450195,
      "side_mean": -42.408565521240234
    },
    {
      "high_freq": 12199.2666015625,
      "loudness": -33.391807556152344,
      "loudness_range": 19.94285011291504,
      "low_freq": 7314.1640625,
      "mid_mean": -30.72661590576172,
      "mid_to_side_loudness": -11.404524803161621,
      "mid_to_side_loudness_range": 21.143226623535156,
      "side_mean": -43.85792922973633
    },
    {
      "loudness": -38.70041275024414,
      "loudness_range": 21.317800521850586,
      "low_freq": 12199.2666015625,
      "mid_mean": -36.106658935546875,
      "mid_to_side_loudness": -11.953171730041504,
      "mid_to_side_loudness_range": 21.65867042541504,
      "side_mean": -52.85490798950195
    }
  ],
  "bands_short": [
    {
      "high_freq": 148.1999969482422,
      "loudness": -28.074132919311523,
      "loudness_range": 27.94198226928711,
      "mid_mean": -24.796600341796875,
      "mid_to_side_loudness": -16.37708282470703,
      "mid_to_side_loudness_range": 32.31046676635742,
      "side_mean": -46.93217086791992
    },
    {
      "high_freq": 392.3793640136719,
      "loudness": -23.838621139526367,
      "loudness_range": 16.599454879760742,
      "low_freq": 148.1999969482422,
      "mid_mean": -20.83875846862793,
      "mid_to_side_loudness": -9.414767265319824,
      "mid_to_side_loudness_range": 15.46737289428711,
      "side_mean": -31.027252197265625
    },
    {
      "high_freq": 794.6976318359375,
      "loudness": -25.34612464904785,
      "loudness_range": 17.726438522338867,
      "low_freq": 392.3793640136719,
      "mid_mean": -22.924428939819336,
      "mid_to_side_loudness": -5.894948482513428,
      "mid_to_side_loudness_range": 13.036789894104004,
      "side_mean": -29.138912200927734
    },
    {
      "high_freq": 1457.5709228515625,
      "loudness": -27.064321517944336,
      "loudness_range": 23.646114349365234,
      "low_freq": 794.6976318359375,
      "mid_mean": -24.845239639282227,
      "mid_to_side_loudness": -5.555443286895752,
      "mid_to_side_loudness_range": 15.215154647827148,
      "side_mean": -30.730690002441406
    },
    {
      "high_freq": 2549.74365234375,
      "loudness": -27.56485366821289,
      "loudness_range": 26.36615753173828,
      "low_freq": 1457.5709228515625,
      "mid_mean": -25.381404876708984,
      "mid_to_side_loudness": -5.4660325050354,
      "mid_to_side_loudness_range": 14.999762535095215,
      "side_mean": -31.23639488220215
    },
    {
      "high_freq": 4349.24462890625,
      "loudness": -31.584152221679688,
      "loudness_range": 26.330106735229492,
      "low_freq": 2549.74365234375,
      "mid_mean": -29.37187385559082,
      "mid_to_side_loudness": -6.296706676483154,
      "mid_to_side_loudness_range": 16.067537307739258,
      "side_mean": -36.21139144897461
    },
    {
      "high_freq": 7314.1640625,
      "loudness": -35.695587158203125,
      "loudness_range": 25.65468406677246,
      "low_freq": 4349.24462890625,
      "mid_mean": -33.58917236328125,
      "mid_to_side_loudness": -7.757789134979248,
      "mid_to_side_loudness_range": 19.697572708129883,
      "side_mean": -43.017852783203125
    },
    {
      "high_freq": 12199.2666015625,
      "loudness": -36.845367431640625,
      "loudness_range": 27.610109329223633,
      "low_freq": 7314.1640625,
      "mid_mean": -34.607765197753906,
      "mid_to_side_loudness": -8.825489044189453,
      "mid_to_side_loudness_range": 20.7506103515625,
      "side_mean": -46.053279876708984
    },
    {
      "loudness": -42.98443603515625,
      "loudness_range": 29.911945343017578,
      "low_freq": 12199.2666015625,
      "mid_mean": -41.150779724121094,
      "mid_to_side_loudness": -9.502463340759277,
      "mid_to_side_loudness_range": 22.115131378173828,
      "side_mean": -55.17817687988281
    }
  ],
  "channels": 2,
  "covariance": [
    [
      90.60092163085938,
      40.23074722290039,
      31.038389205932617,
      27.05604362487793,
      25.670154571533203,
      18.85560417175293,
      32.61396026611328,
      26.269367218017578,
      41.39106369018555,
      38.4526252746582,
      51.45302963256836,
      56.87907028198242,
      45.736122131347656,
      69.00292205810547,
      40.81203079223633,
      69.16822814941406,
      42.835182189941406,
      87.69660949707031
    ],
    [
      40.23074722290039,
      54.216983795166016,
      26.85011100769043,
      27.284473419189453,
      24.051986694335938,
      18.795907974243164,
      31.5023250579834,
      24.926170349121094,
      37.81027603149414,
      34.59332275390625,
      39.53907775878906,
      44.72000503540039,
      28.750076293945312,
      40.17388916015625,
      23.59393882751465,
      34.298179626464844,
      22.374174118041992,
      58.23233413696289
    ],
    [
      31.038389205932617,
      26.85011100769043,
      36.38578414916992,
      24.263120651245117,
      26.294818878173828,
      18.37766456604004,
      30.999340057373047,
      22.006864547729492,
      34.89276123046875,
      27.236536026000977,
      34.28268051147461,
      31.701242446899414,
      25.497488021850586,
      28.56627655029297,
      18.37229347229004,
      26.733917236328125,
      14.46944808959961,
      43.928016662597656
    ],
    [
      27.05604362487793,
      27.284473419189453,
      24.263120651245117,
      36.86195373535156,
      25.620147705078125,
      24.589475631713867,
      31.56437873840332,
      29.301225662231445,
      34.64582061767578,
      35.59784698486328,
      31.655441284179688,
      38.2327766418457,
      23.518585205078125,
      35.75641632080078,
      17.697021484375,
      29.463525772094727,
      16.71589469909668,
      46.895164489746094
    ],
    [
      25.670154571533203,
      24.051986694335938,
      26.294818878173828,
      25.620147705078125,
      42.359981536865234,
      27.96710205078125,
      44.10135269165039,
      29.492727279663086,
      43.78546142578125,
      35.09833908081055,
      34.583740234375,
      33.16330337524414,
      26.892213821411133,
      29.428773880004883,
      19.62483024597168,
      27.359216690063477,
      17.16696548461914,
      40.691558837890625
    ],
    [
      18.85560417175293,
      18.795907974243164,
      18.37766456604004,
      24.589475631713867,
      27.96710205078125,
      30.883342742919922,
      29.206619262695312,
      28.926542282104492,
      29.693212509155273,
      32.596866607666016,
      24.252994537353516,
      30.157602310180664,
      19.349300384521484,
      27.190176010131836,
      14.339410781860352,
      23.29467010498047,
      12.88967514038086,
      33.76676940917969
    ],
    [
      32.61396026611328,
      31.5023250579834,
      30.999340057373047,
      31.56437873840332,
      44.10135269165039,
      29.206619262695312,
      61.993896484375,
      38.33964157104492,
      56.2205696105957,
      43.99776840209961,
      42.97710037231445,
      44.22789764404297,
      30.86618423461914,
      38.0037956237793,
      21.93687629699707,
      31.856245040893555,
      19.515153884887695,
      52.28169250488281
    ],
    [
      26.269367218017578,
      24.926170349121094,
      22.006864547729492,
      29.301225662231445,
      29.492727279663086,
      28.926542282104492,
      38.33964157104492,
      38.12105941772461,
      38.853973388671875,
      41.68618392944336,
      32.195648193359375,
      43.187705993652344,
      23.265165328979492,
      38.357200622558594,
      17.345928192138672,
      30.502119064331055,
      16.298633575439453,
      47.316627502441406
    ],
    [
      41.39106369018555,
      37.81027603149414,
      34.89276123046875,
      34.64582061767578,
      43.78546142578125,
      29.693212509155273,
      56.2205696105957,
      38.853973388671875,
      73.69770050048828,
      53.779685974121094,
      60.175804138183594,
      59.31663131713867,
      44.944793701171875,
      52.747982025146484,
      32.82365417480469,
      44.84138870239258,
      28.369564056396484,
      65.5228042602539
    ],
    [
      38.4526252746582,
      34.59332275390625,
      27.236536026000977,
      35.59784698486328,
      35.09833908081055,
      32.596866607666016,
      43.99776840209961,
      41.68618392944336,
      53.779685974121094,
      59.77208709716797,
      47.2425537109375,
      64.36054229736328,
      35.04388427734375,
      58.446006774902344,
      27.684450149536133,
      48.179019927978516,
      26.771745681762695,
      68.00884246826172
    ],
    [
      51.45302963256836,
      39.53907775878906,
      34.28268051147461,
      31.655441284179688,
      34.583740234375,
      24.252994537353516,
      42.97710037231445,
      32.195648193359375,
      60.175804138183594,
      47.2425537109375,
      77.5132827758789,
      65.1698989868164,
      54.769046783447266,
      64.90379333496094,
      41.51593780517578,
      55.66519546508789,
      36.207786560058594,
      73.41381072998047
    ],
    [
      56.87907028198242,
      44.72000503540039,
      31.701242446899414,
      38.2327766418457,
      33.16330337524414,
      30.157602310180664,
      44.22789764404297,
      43.187705993652344,
      59.31663131713867,
      64.36054229736328,
      65.1698989868164,
      94.62594604492188,
      46.73435974121094,
      83.7056884765625,
      39.30075454711914,
      70.31620788574219,
      40.197410583496094,
      94.13001251220703
    ],
    [
      45.736122131347656,
      28.750076293945312,
      25.497488021850586,
      23.518585205078125,
      26.892213821411133,
      19.349300384521484,
      30.86618423461914,
      23.265165328979492,
      44.944793701171875,
      35.04388427734375,
      54.769046783447266,
      46.73435974121094,
      71.31622314453125,
      64.1085205078125,
      56.07724380493164,
      65.1337661743164,
      49.000614166259766,
      67.87950897216797
    ],
    [
      69.00292205810547,
      40.17388916015625,
      28.56627655029297,
      35.75641632080078,
      29.428773880004883,
      27.190176010131836,
      38.0037956237793,
      38.357200622558594,
      52.747982025146484,
      58.446006774902344,
      64.90379333496094,
      83.7056884765625,
      64.1085205078125,
      116.1085433959961,
      56.621341705322266,
      102.00543975830078,
      59.56044006347656,
      115.18799591064453
    ],
    [
      40.81203079223633,
      23.59393882751465,
      18.37229347229004,
      17.697021484375,
      19.62483024597168,
      14.339410781860352,
      21.93687629699707,
      17.345928192138672,
      32.82365417480469,
      27.684450149536133,
      41.51593780517578,
      39.30075454711914,
      56.07724380493164,
      56.621341705322266,
      64.32328033447266,
      63.721527099609375,
      56.41486358642578,
      67.64883422851562
    ],
    [
      69.16822814941406,
      34.298179626464844,
      26.733917236328125,
      29.463525772094727,
      27.359216690063477,
      23.29467010498047,
      31.856245040893555,
      30.502119064331055,
      44.84138870239258,
      48.179019927978516,
      55.66519546508789,
      70.31620788574219,
      65.1337661743164,
      102.00543975830078,
      63.721527099609375,
      116.42530822753906,
      68.6790771484375,
      119.62020111083984
    ],
    [
      42.835182189941406,
      22.374174118041992,
      14.46944808959961,
      16.71589469909668,
      17.16696548461914,
      12.88967514038086,
      19.515153884887695,
      16.298633575439453,
      28.369564056396484,
      26.771745681762695,
      36.207786560058594,
      40.197410583496094,
      49.000614166259766,
      59.56044006347656,
      56.41486358642578,
      68.6790771484375,
      69.99132537841797,
      80.23535919189453
    ],
    [
      87.69660949707031,
      58.23233413696289,
      43.928016662597656,
      46.895164489746094,
      40.691558837890625,
      33.76676940917969,
      52.28169250488281,
      47.316627502441406,
      65.5228042602539,
      68.00884246826172,
      73.41381072998047,
      94.13001251220703,
      67.87950897216797,
      115.18799591064453,
      67.64883422851562,
      119.62020111083984,
      80.23535919189453,
      169.62416076660156
    ]
  ],
  "covariance_short": [
    [
      114.48920440673828,
      41.72087097167969,
      30.50855255126953,
      25.857669830322266,
      20.396677017211914,
      15.926915168762207,
      25.809036254882812,
      24.469398498535156,
      36.66802978515625,
      38.786624908447266,
      48.01039123535156,
      58.16460037231445,
      44.683616638183594,
      73.20223236083984,
      40.20354461669922,
      73.13035583496094,
      43.9902458190918,
      81.32352447509766
    ],
    [
      41.72087097167969,
      89.64337158203125,
      36.397464752197266,
      35.63353729248047,
      32.69219970703125,
      28.521671295166016,
      40.02653121948242,
      33.23234176635742,
      46.91309356689453,
      41.5745849609375,
      47.88032150268555,
      49.816463470458984,
      40.79386520385742,
      49.71722412109375,
      34.45592498779297,
      48.433265686035156,
      34.633453369140625,
      62.94415283203125
    ],
    [
      30.50855255126953,
      36.397464752197266,
      42.465248107910156,
      24.39846420288086,
      27.95467185974121,
      18.98834228515625,
      32.391231536865234,
      23.270206451416016,
      36.86540603637695,
      28.985013961791992,
      37.41974639892578,
      34.20181655883789,
      28.947477340698242,
      32.004356384277344,
      22.74062728881836,
      34.30731201171875,
      23.961509704589844,
      44.51544189453125
    ],
    [
      25.857669830322266,
      35.63353729248047,
      24.39846420288086,
      38.54970932006836,
      27.142568588256836,
      25.959543228149414,
      32.17332077026367,
      29.834829330444336,
      36.00426483154297,
      36.238807678222656,
      32.399391174316406,
      38.347599029541016,
      24.892850875854492,
      36.14592361450195,
      19.69567108154297,
      33.95121765136719,
      19.567947387695312,
      44.38930892944336
    ],
    [
      20.396677017211914,
      32.69219970703125,
      27.95467185974121,
      27.142568588256836,
      46.79964828491211,
      30.26140785217285,
      45.697959899902344,
      31.58619499206543,
      46.88639450073242,
      36.17959976196289,
      37.49650192260742,
      34.67015075683594,
      31.23440170288086,
      30.93109130859375,
      25.195423126220703,
      32.56886291503906,
      27.1532039642334,
      39.802940368652344
    ],
    [
      15.926915168762207,
      28.521671295166016,
      18.98834228515625,
      25.959543228149414,
      30.26140785217285,
      35.396087646484375,
      31.070114135742188,
      31.509353637695312,
      32.52467727661133,
      34.46908187866211,
      26.19404411315918,
      32.252174377441406,
      21.394163131713867,
      28.706398010253906,
      16.461118698120117,
      28.829387664794922,
      16.766197204589844,
      34.11219787597656
    ],
    [
      25.809036254882812,
      40.02653121948242,
      32.391231536865234,
      32.17332077026367,
      45.697959899902344,
      31.070114135742188,
      66.77300262451172,
      40.17287826538086,
      59.56049728393555,
      44.92942810058594,
      46.661373138427734,
      44.74859619140625,
      35.47220230102539,
      38.54743957519531,
      29.553333282470703,
      37.64324188232422,
      33.28367233276367,
      50.84444808959961
    ],
    [
      24.469398498535156,
      33.23234176635742,
      23.270206451416016,
      29.834829330444336,
      31.58619499206543,
      31.509353637695312,
      40.17287826538086,
      43.10355758666992,
      41.92810821533203,
      43.79801940917969,
      35.682777404785156,
      45.54195022583008,
      26.616622924804688,
      40.3365592956543,
      20.210172653198242,
      36.8887939453125,
      21.04145050048828,
      47.259830474853516
    ],
    [
      36.66802978515625,
      46.91309356689453,
      36.86540603637695,
      36.00426483154297,
      46.88639450073242,
      32.52467727661133,
      59.56049728393555,
      41.92810821533203,
      81.52151489257812,
      56.496334075927734,
      65.05223846435547,
      60.911808013916016,
      51.556156158447266,
      54.89601516723633,
      42.103214263916016,
      53.283687591552734,
      42.981082916259766,
      64.96315002441406
    ],
    [
      38.786624908447266,
      41.5745849609375,
      28.985013961791992,
      36.238807678222656,
      36.17959976196289,
      34.46908187866211,
      44.92942810058594,
      43.79801940917969,
      56.496334075927734,
      63.403114318847656,
      50.9956169128418,
      66.66206359863281,
      38.337646484375,
      60.59865951538086,
      29.311172485351562,
      55.01620101928711,
      30.17639923095703,
      66.01210021972656
    ],
    [
      48.01039123535156,
      47.88032150268555,
      37.41974639892578,
      32.399391174316406,
      37.49650192260742,
      26.19404411315918,
      46.661373138427734,
      35.682777404785156,
      65.05223846435547,
      50.9956169128418,
      87.0781021118164,
      71.69721221923828,
      65.20381164550781,
      69.57584381103516,
      53.39399337768555,
      66.63261413574219,
      52.263893127441406,
      73.72073364257812
    ],
    [
      58.16460037231445,
      49.816463470458984,
      34.20181655883789,
      38.347599029541016,
      34.67015075683594,
      32.252174377441406,
      44.74859619140625,
      45.54195022583008,
      60.911808013916016,
      66.66206359863281,
      71.69721221923828,
      98.81983947753906,
      52.414527893066406,
      87.0125732421875,
      42.1920166015625,
      79.32205200195312,
      44.042747497558594,
      90.53872680664062
    ],
    [
      44.683616638183594,
      40.79386520385742,
      28.947477340698242,
      24.892850875854492,
      31.23440170288086,
      21.394163131713867,
      35.47220230102539,
      26.616622924804688,
      51.556156158447266,
      38.337646484375,
      65.20381164550781,
      52.414527893066406,
      92.76239776611328,
      73.3011245727539,
      80.53296661376953,
      79.29411315917969,
      78.25880432128906,
      76.49716186523438
    ],
    [
      73.20223236083984,
      49.71722412109375,
      32.004356384277344,
      36.14592361450195,
      30.93109130859375,
      28.706398010253906,
      38.54743957519531,
      40.3365592956543,
      54.89601516723633,
      60.59865951538086,
      69.57584381103516,
      87.0125732421875,
      73.3011245727539,
      120.55268096923828,
      62.97747802734375,
      109.84053039550781,
      65.64421081542969,
      112.798828125
    ],
    [
      40.20354461669922,
      34.45592498779297,
      22.74062728881836,
      19.69567108154297,
      25.195423126220703,
      16.461118698120117,
      29.553333282470703,
      20.210172653198242,
      42.103214263916016,
      29.311172485351562,
      53.39399337768555,
      42.1920166015625,
      80.53296661376953,
      62.97747802734375,
      103.95088958740234,
      79.42591857910156,
      99.8437728881836,
      77.57044982910156
    ],
    [
      73.13035583496094,
      48.433265686035156,
      34.30731201171875,
      33.95121765136719,
      32.56886291503906,
      28.829387664794922,
      37.64324188232422,
      36.8887939453125,
      53.283687591552734,
      55.01620101928711,
      66.63261413574219,
      79.32205200195312,
      79.29411315917969,
      109.84053039550781,
      79.42591857910156,
      132.447509765625,
      84.24710845947266,
      125.63170623779297
    ],
    [
      43.9902458190918,
      34.633453369140625,
      23.961509704589844,
      19.567947387695312,
      27.1532039642334,
      16.766197204589844,
      33.28367233276367,
      21.04145050048828,
      42.981082916259766,
      30.17639923095703,
      52.263893127441406,
      44.042747497558594,
      78.25880432128906,
      65.64421081542969,
      99.8437728881836,
      84.24710845947266,
      119.95623779296875,
      91.63140869140625
    ],
    [
      81.32352447509766,
      62.94415283203125,
      44.51544189453125,
      44.38930892944336,
      39.802940368652344,
      34.11219787597656,
      50.84444808959961,
      47.259830474853516,
      64.96315002441406,
      66.01210021972656,
      73.72073364257812,
      90.53872680664062,
      76.49716186523438,
      112.798828125,
      77.57044982910156,
      125.63170623779297,
      91.63140869140625,
      151.19993591308594
    ]
  ],
  "drr": 12.246302604675293,
  "dynamics": 4.934718608856201,
  "format": 1245190,
  "frames": 11646976,
  "loudness": -12.638239860534668,
  "loudness_range": 16.363252639770508,
  "loudness_range_short": 18.15786361694336,
  "peak": 0.9225658774375916,
  "rms": -13.666787147521973,
  "sample_rate": 44100,
  "sections": 1,
  "seekable": 1,
  "sharpness": 2.338872194290161,
  "space": -8.787395477294922
}