{
  "bands": [
    {
      "high_freq": 148.1999969482422,
      "loudness": -23.693422317504883,
      "loudness_range": 23.22085189819336,
      "mid_mean": -21.118249893188477,
      "mid_to_side_loudness": -8.209444999694824,
      "mid_to_side_loudness_range": 20.062353134155273,
      "side_mean": -29.87804412841797
    },
    {
      "high_freq": 392.3793640136719,
      "loudness": -19.83405876159668,
      "loudness_range": 10.188414573669434,
      "low_freq": 148.1999969482422,
      "mid_mean": -17.39561653137207,
      "mid_to_side_loudness": -6.76615571975708,
      "mid_to_side_loudness_range": 15.012289047241211,
      "side_mean": -24.14984703063965
    },
    {
      "high_freq": 794.6976318359375,
      "loudness": -18.523353576660156,
      "loudness_range": 13.603707313537598,
      "low_freq": 392.3793640136719,
      "mid_mean": -16.498790740966797,
      "mid_to_side_loudness": -4.362775802612305,
      "mid_to_side_loudness_range": 10.778260231018066,
      "side_mean": -20.836545944213867
    },
    {
      "high_freq": 1457.5709228515625,
      "loudness": -21.827709197998047,
      "loudness_range": 21.460636138916016,
      "low_freq": 794.6976318359375,
      "mid_mean": -19.83285903930664,
      "mid_to_side_loudness": -5.1098313331604,
      "mid_to_side_loudness_range": 16.2619571685791,
      "side_mean": -24.943822860717773
    },
    {
      "high_freq": 2549.74365234375,
      "loudness": -24.042354583740234,
      "loudness_range": 15.018892288208008,
      "low_freq": 1457.5709228515625,
      "mid_mean": -21.97195816040039,
      "mid_to_side_loudness": -5.527264595031738,
      "mid_to_side_loudness_range": 14.660820960998535,
      "side_mean": -26.92034912109375
    },
    {
      "high_freq": 4349.24462890625,
      "loudness": -25.986780166625977,
      "loudness_range": 12.366662979125977,
      "low_freq": 2549.74365234375,
      "mid_mean": -23.910476684570312,
      "mid_to_side_loudness": -5.558445453643799,
      "mid_to_side_loudness_range": 15.359037399291992,
      "side_mean": -29.26224708557129
    },
    {
      "high_freq": 7314.1640625,
      "loudness": -32.163856506347656,
      "loudness_range": 14.593517303466797,
      "low_freq": 4349.24462890625,
      "mid_mean": -29.843097686767578,
      "mid_to_side_loudness": -6.237482070922852,
      "mid_to_side_loudness_range": 14.976649284362793,
      "side_mean": -35.73142623901367
    },
    {
      "high_freq": 12199.2666015625,
      "loudness": -31.67424201965332,
      "loudness_range": 19.36219596862793,
      "low_freq": 7314.1640625,
      "mid_mean": -29.403392791748047,
      "mid_to_side_loudness": -6.653304576873779,
      "mid_to_side_loudness_range": 16.931062698364258,
      "side_mean": -35.956974029541016
    },
    {
      "loudness": -39.51825714111328,
      "loudness_range": 21.672964096069336,
      "low_freq": 12199.2666015625,
      "mid_mean": -36.971038818359375,
      "mid_to_side_loudness": -7.144193172454834,
      "mid_to_side_loudness_range": 14.441962242126465,
      "side_mean": -43.753875732421875
    }
  ],
  "bands_short": [
    {
      "high_freq": 148.1999969482422,
      "loudness": -27.895889282226562,
      "loudness_range": 27.623838424682617,
      "mid_mean": -25.331035614013672,
      "mid_to_side_loudness": -9.335817337036133,
      "mid_to_side_loudness_range": 24.04873275756836,
      "side_mean": -35.84065628051758
    },
    {
      "high_freq": 392.3793640136719,
      "loudness": -19.95973777770996,
      "loudness_range": 13.748847007751465,
      "low_freq": 148.1999969482422,
      "mid_mean": -17.6884708404541,
      "mid_to_side_loudness": -6.387401103973389,
      "mid_to_side_loudness_range": 16.597196578979492,
      "side_mean": -24.093597412109375
    },
    {
      "high_freq": 794.6976318359375,
      "loudness": -19.877092361450195,
      "loudness_range": 15.907323837280273,
      "low_freq": 392.3793640136719,
      "mid_mean": -18.070308685302734,
      "mid_to_side_loudness": -4.202445030212402,
      "mid_to_side_loudness_range": 14.167824745178223,
      "side_mean": -22.360273361206055
    },
    {
      "high_freq": 1457.5709228515625,
      "loudness": -22.45684242248535,
      "loudness_range": 23.76717185974121,
      "low_freq": 794.6976318359375,
      "mid_mean": -20.70313262939453,
      "mid_to_side_loudness": -4.433663845062256,
      "mid_to_side_loudness_range": 15.876579284667969,
      "side_mean": -25.29926300048828
    },
    {
      "high_freq": 2549.74365234375,
      "loudness": -25.12284278869629,
      "loudness_range": 18.062450408935547,
      "low_freq": 1457.5709228515625,
      "mid_mean": -23.299522399902344,
      "mid_to_side_loudness": -4.704093933105469,
      "mid_to_side_loudness_range": 15.086201667785645,
      "side_mean": -27.720996856689453
    },
    {
      "high_freq": 4349.24462890625,
      "loudness": -27.027935028076172,
      "loudness_range": 16.380535125732422,
      "low_freq": 2549.74365234375,
      "mid_mean": -25.14291000366211,
      "mid_to_side_loudness": -4.917525291442871,
      "mid_to_side_loudness_range": 15.857706069946289,
      "side_mean": -29.821556091308594
    },
    {
      "high_freq": 7314.1640625,
      "loudness": -33.74380874633789,
      "loudness_range": 18.946613311767578,
      "low_freq": 4349.24462890625,
      "mid_mean": -31.65667152404785,
      "mid_to_side_loudness": -5.306303977966309,
      "mid_to_side_loudness_range": 14.01512336730957,
      "side_mean": -36.86014175415039
    },
    {
      "high_freq": 12199.2666015625,
      "loudness": -33.67003631591797,
      "loudness_range": 23.429302215576172,
      "low_freq": 7314.1640625,
      "mid_mean": -31.845699310302734,
      "mid_to_side_loudness": -5.529261589050293,
      "mid_to_side_loudness_range": 19.260204315185547,
      "side_mean": -37.52940368652344
    },
    {
      "loudness": -42.25069046020508,
      "loudness_range": 27.467628479003906,
      "low_freq": 12199.2666015625,
      "mid_mean": -40.45601272583008,
      "mid_to_side_loudness": -5.300742149353027,
      "mid_to_side_loudness_range": 18.184762954711914,
      "side_mean": -46.21674728393555
    }
  ],
  "channels": 2,
  "covariance": [
    [
      64.85408020019531,
      24.627798080444336,
      17.541975021362305,
      -0.019567882642149925,
      1.7366291284561157,
      3.890719175338745,
      -5.869375228881836,
      -1.4958440065383911,
      4.839139938354492,
      5.613903045654297,
      4.589623928070068,
      11.868638038635254,
      15.126811981201172,
      16.550588607788086,
      19.36513328552246,
      23.499780654907227,
      28.45914077758789,
      25.640399932861328
    ],
    [
      24.627798080444336,
      40.071712493896484,
      9.195002555847168,
      12.616992950439453,
      9.708683967590332,
      13.519672393798828,
      13.377442359924316,
      22.585689544677734,
      9.417327880859375,
      16.25692367553711,
      5.143011093139648,
      18.31243324279785,
      2.727436065673828,
      12.100336074829102,
      -3.7045345306396484,
      4.56562614440918,
      -0.813849151134491,
      1.40749192237854
    ],
    [
      17.541975021362305,
      9.195002555847168,
      16.4027156829834,
      5.570217132568359,
      4.76102876663208,
      2.7523856163024902,
      1.3937032222747803,
      0.3544938266277313,
      5.459517478942871,
      4.9673357009887695,
      6.482361316680908,
      5.973687171936035,
      7.3535661697387695,
      6.325047492980957,
      7.257450580596924,
      3.5836689472198486,
      5.9018731117248535,
      3.9169979095458984
    ],
    [
      -0.019567882642149925,
      12.616992950439453,
      5.570217132568359,
      22.744384765625,
      11.557125091552734,
      17.150741577148438,
      19.38365364074707,
      30.954166412353516,
      8.432229042053223,
      20.663326263427734,
      5.364039897918701,
      21.517202377319336,
      -3.53867244720459,
      9.95199203491211,
      -11.44750690460205,
      -1.296427607536316,
      -14.825589179992676,
      -6.151709079742432
    ],
    [
      1.7366291284561157,
      9.708683967590332,
      4.76102876663208,
      11.557125091552734,
      23.549768447875977,
      21.63614273071289,
      24.9387264251709,
      26.172332763671875,
      13.316256523132324,
      15.696407318115234,
      10.100337982177734,
      15.614654541015625,
      4.59887170791626,
      11.695796012878418,
      -2.3703155517578125,
      2.241448402404785,
      -2.0593297481536865,
      2.8185503482818604
    ],
    [
      3.890719175338745,
      13.519672393798828,
      2.7523856163024902,
      17.150741577148438,
      21.63614273071289,
      38.569374084472656,
      23.472797393798828,
      40.38568115234375,
      10.381816864013672,
      22.505146026611328,
      5.906430721282959,
      24.42177391052246,
      2.1215837001800537,
      18.808305740356445,
      -4.493580341339111,
      8.481881141662598,
      -3.141753673553467,
      9.15054988861084
    ],
    [
      -5.869375228881836,
      13.377442359924316,
      1.3937032222747803,
      19.38365364074707,
      24.9387264251709,
      23.472797393798828,
      54.6313591003418,
      50.64762878417969,
      25.083091735839844,
      27.460725784301758,
      16.849891662597656,
      27.55915069580078,
      1.4924044609069824,
      15.060470581054688,
      -13.568113327026367,
      -1.8271888494491577,
      -12.852461814880371,
      -5.260017395019531
    ],
    [
      -1.4958440065383911,
      22.585689544677734,
      0.3544938266277313,
      30.954166412353516,
      26.172332763671875,
      40.38568115234375,
      50.64762878417969,
      84.03254699707031,
      19.775232315063477,
      43.373104095458984,
      12.207184791564941,
      46.51515579223633,
      -5.101906776428223,
      23.909072875976562,
      -21.624385833740234,
      5.168113708496094,
      -22.398771286010742,
      -2.865976095199585
    ],
    [
      4.839139938354492,
      9.417327880859375,
      5.459517478942871,
      8.432229042053223,
      13.316256523132324,
      10.381816864013672,
      25.083091735839844,
      19.775232315063477,
      32.316558837890625,
      19.970075607299805,
      21.9608097076416,
      20.065866470336914,
      14.307751655578613,
      18.8997745513916,
      4.546514511108398,
      6.723294734954834,
      6.947973728179932,
      4.828862190246582
    ],
    [
      5.613903045654297,
      16.25692367553711,
      4.9673357009887695,
      20.663326263427734,
      15.696407318115234,
      22.505146026611328,
      27.460725784301758,
      43.373104095458984,
      19.970075607299805,
      46.09415054321289,
      10.8543062210083,
      38.22887420654297,
      4.004938125610352,
      24.692052841186523,
      -7.183081150054932,
      8.32771110534668,
      -5.332520008087158,
      5.264654636383057
    ],
    [
      4.589623928070068,
      5.143011093139648,
      6.482361316680908,
      5.364039897918701,
      10.100337982177734,
      5.906430721282959,
      16.849891662597656,
      12.207184791564941,
      21.9608097076416,
      10.8543062210083,
      24.717208862304688,
      15.459196090698242,
      16.489917755126953,
      13.79723834991455,
      8.189690589904785,
      6.332425117492676,
      7.028763771057129,
      4.903928279876709
    ],
    [
      11.868638038635254,
      18.31243324279785,
      5.973687171936035,
      21.517202377319336,
      15.614654541015625,
      24.42177391052246,
      27.55915069580078,
      46.51515579223633,
      20.065866470336914,
      38.22887420654297,
      15.459196090698242,
      49.294559478759766,
      6.652712345123291,
      31.673612594604492,
      -3.022890090942383,
      16.064218521118164,
      -1.2788567543029785,
      9.587494850158691
    ],
    [
      15.126811981201172,
      2.727436065673828,
      7.3535661697387695,
      -3.53867244720459,
      4.59887170791626,
      2.1215837001800537,
      1.4924044609069824,
      -5.101906776428223,
      14.307751655578613,
      4.004938125610352,
      16.489917755126953,
      6.652712345123291,
      33.57731246948242,
      20.77344512939453,
      30.61293601989746,
      19.986845016479492,
      30.06623649597168,
      21.081066131591797
    ],
    [
      16.550588607788086,
      12.100336074829102,
      6.325047492980957,
      9.95199203491211,
      11.695796012878418,
      18.808305740356445,
      15.060470581054688,
      23.909072875976562,
      18.8997745513916,
      24.692052841186523,
      13.79723834991455,
      31.673612594604492,
      20.77344512939453,
      48.17744064331055,
      15.33361530303955,
      35.16792678833008,
      21.47751808166504,
      29.036663055419922
    ],
    [
      19.36513328552246,
      -3.7045345306396484,
      7.257450580596924,
      -11.44750690460205,
      -2.3703155517578125,
      -4.493580341339111,
      -13.568113327026367,
      -21.624385833740234,
      4.546514511108398,
      -7.183081150054932,
      8.189690589904785,
      -3.022890090942383,
      30.61293601989746,
      15.33361530303955,
      51.448265075683594,
      33.8365364074707,
      48.501792907714844,
      35.767574310302734
    ],
    [
      23.499780654907227,
      4.56562614440918,
      3.5836689472198486,
      -1.296427607536316,
      2.241448402404785,
      8.481881141662598,
      -1.8271888494491577,
      5.168113708496094,
      6.723294734954834,
      8.32771110534668,
      6.332425117492676,
      16.064218521118164,
      19.986845016479492,
      35.16792678833008,
      33.8365364074707,
      72.4446792602539,
      40.49322509765625,
      57.933441162109375
    ],
    [
      28.45914077758789,
      -0.813849151134491,
      5.9018731117248535,
      -14.825589179992676,
      -2.0593297481536865,
      -3.141753673553467,
      -12.852461814880371,
      -22.398771286010742,
      6.947973728179932,
      -5.332520008087158,
      7.028763771057129,
      -1.2788567543029785,
      30.06623649597168,
      21.47751808166504,
      48.501792907714844,
      40.49322509765625,
      67.70085144042969,
      50.01148986816406
    ],
    [
      25.640399932861328,
      1.40749192237854,
      3.9169979095458984,
      -6.151709079742432,
      2.8185503482818604,
      9.15054988861084,
      -5.260017395019531,
      -2.865976095199585,
      4.828862190246582,
      5.264654636383057,
      4.903928279876709,
      9.587494850158691,
      21.081066131591797,
      29.036663055419922,
      35.767574310302734,
      57.933441162109375,
      50.01148986816406,
      69.81665802001953
    ]
  ],
  "covariance_short": [
    [
      87.61601257324219,
      34.9085807800293,
      22.931495666503906,
      0.11126918345689774,
      0.7627138495445251,
      -0.4131339192390442,
      -8.572267532348633,
      -4.8353681564331055,
      3.2324469089508057,
      4.468511581420898,
      7.070309162139893,
      7.256227493286133,
      17.889020919799805,
      15.502065658569336,
      23.449657440185547,
      27.59613609313965,
      29.23516845703125,
      35.21213912963867
    ],
    [
      34.9085807800293,
      60.16056442260742,
      16.533855438232422,
      15.132735252380371,
      9.240782737731934,
      13.559612274169922,
      11.493343353271484,
      19.668310165405273,
      10.771577835083008,
      17.231679916381836,
      9.743977546691895,
      19.319047927856445,
      10.833992004394531,
      17.82551383972168,
      5.582698822021484,
      11.471159934997559,
      8.265349388122559,
      13.608382225036621
    ],
    [
      22.931495666503906,
      16.533855438232422,
      27.84855842590332,
      11.015755653381348,
      10.024296760559082,
      5.989501476287842,
      8.105341911315918,
      6.501816749572754,
      10.254220962524414,
      9.937525749206543,
      11.532485008239746,
      10.613791465759277,
      11.08488655090332,
      9.820911407470703,
      9.191368103027344,
      5.625679016113281,
      9.96132755279541,
      7.3097310066223145
    ],
    [
      0.11126918345689774,
      15.132735252380371,
      11.015755653381348,
      29.811559677124023,
      13.815868377685547,
      21.676292419433594,
      26.001394271850586,
      35.04130935668945,
      13.196603775024414,
      22.7242488861084,
      10.097495079040527,
      22.759174346923828,
      1.9685931205749512,
      11.724885940551758,
      -5.680341720581055,
      1.2032380104064941,
      -3.4689536094665527,
      -1.1096093654632568
    ],
    [
      0.7627138495445251,
      9.240782737731934,
      10.024296760559082,
      13.815868377685547,
      36.68901443481445,
      27.93803596496582,
      31.207447052001953,
      29.940412521362305,
      17.5063533782959,
      16.714473724365234,
      16.175321578979492,
      15.829694747924805,
      10.550887107849121,
      13.385340690612793,
      3.169119358062744,
      3.121370553970337,
      6.540051460266113,
      9.968257904052734
    ],
    [
      -0.4131339192390442,
      13.559612274169922,
      5.989501476287842,
      21.676292419433594,
      27.93803596496582,
      50.8809928894043,
      30.060253143310547,
      46.1014289855957,
      13.369341850280762,
      24.500144958496094,
      10.88831615447998,
      25.11812973022461,
      6.981626033782959,
      19.168554306030273,
      -0.06809170544147491,
      9.459246635437012,
      3.6549179553985596,
      15.549572944641113
    ],
    [
      -8.572267532348633,
      11.493343353271484,
      8.105341911315918,
      26.001394271850586,
      31.207447052001953,
      30.060253143310547,
      75.0418472290039,
      65.51461791992188,
      34.900325775146484,
      36.65903091430664,
      27.68684196472168,
      34.94632339477539,
      10.947556495666504,
      21.788421630859375,
      -2.911777973175049,
      4.454010009765625,
      3.1518876552581787,
      8.548748016357422
    ],
    [
      -4.8353681564331055,
      19.668310165405273,
      6.501816749572754,
      35.04130935668945,
      29.940412521362305,
      46.1014289855957,
      65.51461791992188,
      96.27544403076172,
      26.92250633239746,
      47.70293045043945,
      21.53447723388672,
      49.648860931396484,
      6.297883987426758,
      29.262977600097656,
      -7.797285556793213,
      13.702109336853027,
      0.25005850195884705,
      17.288393020629883
    ],
    [
      3.2324469089508057,
      10.771577835083008,
      10.254220962524414,
      13.196603775024414,
      17.5063533782959,
      13.369341850280762,
      34.900325775146484,
      26.92250633239746,
      45.21419143676758,
      28.695844650268555,
      30.903474807739258,
      25.90587043762207,
      20.66284942626953,
      23.636634826660156,
      10.222021102905273,
      10.602225303649902,
      14.42956829071045,
      13.499271392822266
    ],
    [
      4.468511581420898,
      17.231679916381836,
      9.937525749206543,
      22.7242488861084,
      16.714473724365234,
      24.500144958496094,
      36.65903091430664,
      47.70293045043945,
      28.695844650268555,
      53.79703140258789,
      19.823436737060547,
      42.04573059082031,
      13.622599601745605,
      30.71202850341797,
      4.003417491912842,
      16.07786750793457,
      10.080718994140625,
      19.547405242919922
    ],
    [
      7.070309162139893,
      9.743977546691895,
      11.532485008239746,
      10.097495079040527,
      16.175321578979492,
      10.88831615447998,
      27.68684196472168,
      21.53447723388672,
      30.903474807739258,
      19.823436737060547,
      38.39940643310547,
      24.159788131713867,
      26.167795181274414,
      21.86647605895996,
      16.973724365234375,
      14.104745864868164,
      18.35244369506836,
      16.551225662231445
    ],
    [
      7.256227493286133,
      19.319047927856445,
      10.613791465759277,
      22.759174346923828,
      15.829694747924805,
      25.11812973022461,
      34.94632339477539,
      49.648860931396484,
      25.90587043762207,
      42.04573059082031,
      24.159788131713867,
      54.957969665527344,
      14.844676971435547,
      36.21028518676758,
      6.753509998321533,
      24.03986358642578,
      10.592981338500977,
      24.245716094970703
    ],
    [
      17.889020919799805,
      10.833992004394531,
      11.08488655090332,
      1.9685931205749512,
      10.550887107849121,
      6.981626033782959,
      10.947556495666504,
      6.297883987426758,
      20.66284942626953,
      13.622599601745605,
      26.167795181274414,
      14.844676971435547,
      48.5134391784668,
      31.242517471313477,
      41.10953140258789,
      28.908775329589844,
      41.44651412963867,
      35.496761322021484
    ],
    [
      15.502065658569336,
      17.82551383972168,
      9.820911407470703,
      11.724885940551758,
      13.385340690612793,
      19.168554306030273,
      21.788421630859375,
      29.262977600097656,
      23.636634826660156,
      30.71202850341797,
      21.86647605895996,
      36.21028518676758,
      31.242517471313477,
      55.6983528137207,
      23.509098052978516,
      44.58290100097656,
      28.894554138183594,
      45.36895751953125
    ],
    [
      23.449657440185547,
      5.582698822021484,
      9.191368103027344,
      -5.680341720581055,
      3.169119358062744,
      -0.06809170544147491,
      -2.911777973175049,
      -7.797285556793213,
      10.222021102905273,
      4.003417491912842,
      16.973724365234375,
      6.753509998321533,
      41.10953140258789,
      23.509098052978516,
      64.91667938232422,
      44.65956115722656,
      57.05366134643555,
      46.84967803955078
    ],
    [
      27.59613609313965,
      11.471159934997559,
      5.625679016113281,
      1.2032380104064941,
      3.121370553970337,
      9.459246635437012,
      4.454010009765625,
      13.702109336853027,
      10.602225303649902,
      16.07786750793457,
      14.104745864868164,
      24.03986358642578,
      28.908775329589844,
      44.58290100097656,
      44.65956115722656,
      87.81537628173828,
      46.66725158691406,
      75.9105453491211
    ],
    [
      29.23516845703125,
      8.265349388122559,
      9.96132755279541,
      -3.4689536094665527,
      6.540051460266113,
      3.6549179553985596,
      3.1518876552581787,
      0.25005850195884705,
      14.42956829071045,
      10.080718994140625,
      18.35244369506836,
      10.592981338500977,
      41.44651412963867,
      28.894554138183594,
      57.05366134643555,
      46.66725158691406,
      78.31370544433594,
      59.58558654785156
    ],
    [
      35.21213912963867,
      13.608382225036621,
      7.3097310066223145,
      -1.1096093654632568,
      9.968257904052734,
      15.549572944641113,
      8.548748016357422,
      17.288393020629883,
      13.499271392822266,
      19.547405242919922,
      16.551225662231445,
      24.245716094970703,
      35.496761322021484,
      45.36895751953125,
      46.84967803955078,
      75.9105453491211,
      59.58558654785156,
      98.27693176269531
    ]
  ],
  "drr": 13.738090515136719,
  "dynamics": 3.3704354763031006,
  "format": 1245190,
  "frames": 12384256,
  "loudness": -8.565505027770996,
  "loudness_range": 8.505462646484375,
  "loudness_range_short": 11.91887378692627,
  "peak": 0.7164589166641235,
  "rms": -10.328248023986816,
  "sample_rate": 44100,
  "sections": 1,
  "seekable": 1,
  "sharpness": 2.777376174926758,
  "space": -5.873751640319824
}