{
  "bands": [
    {
      "high_freq": 148.1999969482422,
      "loudness": -28.969682693481445,
      "loudness_range": 14.205135345458984,
      "mid_mean": -26.84624481201172,
      "mid_to_side_loudness": -4.644206523895264,
      "mid_to_side_loudness_range": 9.596039772033691,
      "side_mean": -31.38602638244629
    },
    {
      "high_freq": 392.3793640136719,
      "loudness": -20.31375503540039,
      "loudness_range": 8.258245468139648,
      "low_freq": 148.1999969482422,
      "mid_mean": -18.16613006591797,
      "mid_to_side_loudness": -4.29692268371582,
      "mid_to_side_loudness_range": 7.218679428100586,
      "side_mean": -22.446069717407227
    },
    {
      "high_freq": 794.6976318359375,
      "loudness": -27.317228317260742,
      "loudness_range": 19.10759162902832,
      "low_freq": 392.3793640136719,
      "mid_mean": -24.959754943847656,
      "mid_to_side_loudness": -5.9365739822387695,
      "mid_to_side_loudness_range": 13.426276206970215,
      "side_mean": -30.945268630981445
    },
    {
      "high_freq": 1457.5709228515625,
      "loudness": -33.84955596923828,
      "loudness_range": 23.936687469482422,
      "low_freq": 794.6976318359375,
      "mid_mean": -31.39938735961914,
      "mid_to_side_loudness": -6.583430767059326,
      "mid_to_side_loudness_range": 14.28879165649414,
      "side_mean": -38.20542526245117
    },
    {
      "high_freq": 2549.74365234375,
      "loudness": -38.96879196166992,
      "loudness_range": 26.758554458618164,
      "low_freq": 1457.5709228515625,
      "mid_mean": -36.55912399291992,
      "mid_to_side_loudness": -6.611943244934082,
      "mid_to_side_loudness_range": 13.340171813964844,
      "side_mean": -43.19026565551758
    },
    {
      "high_freq": 4349.24462890625,
      "loudness": -41.86964416503906,
      "loudness_range": 25.80414581298828,
      "low_freq": 2549.74365234375,
      "mid_mean": -39.396427154541016,
      "mid_to_side_loudness": -6.509066581726074,
      "mid_to_side_loudness_range": 11.23194408416748,
      "side_mean": -46.19154739379883
    },
    {
      "high_freq": 7314.1640625,
      "loudness": -49.65931701660156,
      "loudness_range": 29.824077606201172,
      "low_freq": 4349.24462890625,
      "mid_mean": -47.51030731201172,
      "mid_to_side_loudness": -5.127864837646484,
      "mid_to_side_loudness_range": 7.65506649017334,
      "side_mean": -53.15521240234375
    },
    {
      "high_freq": 12199.2666015625,
      "loudness": -47.26432800292969,
      "loudness_range": 31.91014289855957,
      "low_freq": 7314.1640625,
      "mid_mean": -46.27727508544922,
      "mid_to_side_loudness": -2.826463222503662,
      "mid_to_side_loudness_range": 3.2016913890838623,
      "side_mean": -50.065650939941406
    },
    {
      "loudness": -57.257869720458984,
      "loudness_range": 31.980499267578125,
      "low_freq": 12199.2666015625,
      "mid_mean": -56.0487174987793,
      "mid_to_side_loudness": -0.25494471192359924,
      "mid_to_side_loudness_range": 1.6961772441864014,
      "side_mean": -56.2989501953125
    }
  ],
  "bands_short": [
    {
      "high_freq": 148.1999969482422,
      "loudness": -33.55538558959961,
      "loudness_range": 20.29893684387207,
      "mid_mean": -31.35816192626953,
      "mid_to_side_loudness": -6.031692028045654,
      "mid_to_side_loudness_range": 15.15530776977539,
      "side_mean": -37.401145935058594
    },
    {
      "high_freq": 392.3793640136719,
      "loudness": -20.444528579711914,
      "loudness_range": 10.270476341247559,
      "low_freq": 148.1999969482422,
      "mid_mean": -18.459819793701172,
      "mid_to_side_loudness": -4.209734916687012,
      "mid_to_side_loudness_range": 9.522504806518555,
      "side_mean": -22.584232330322266
    },
    {
      "high_freq": 794.6976318359375,
      "loudness": -28.263839721679688,
      "loudness_range": 20.423521041870117,
      "low_freq": 392.3793640136719,
      "mid_mean": -26.044113159179688,
      "mid_to_side_loudness": -5.550544261932373,
      "mid_to_side_loudness_range": 13.9569091796875,
      "side_mean": -31.762353897094727
    },
    {
      "high_freq": 1457.5709228515625,
      "loudness": -33.76764678955078,
      "loudness_range": 25.398189544677734,
      "low_freq": 794.6976318359375,
      "mid_mean": -31.502731323242188,
      "mid_to_side_loudness": -5.800919055938721,
      "mid_to_side_loudness_range": 15.175098419189453,
      "side_mean": -37.438209533691406
    },
    {
      "high_freq": 2549.74365234375,
      "loudness": -40.594078063964844,
      "loudness_range": 29.11311149597168,
      "low_freq": 1457.5709228515625,
      "mid_mean": -38.20743942260742,
      "mid_to_side_loudness": -6.3559722900390625,
      "mid_to_side_loudness_range": 14.425806045532227,
      "side_mean": -44.77934265136719
    },
    {
      "high_freq": 4349.24462890625,
      "loudness": -43.37343215942383,
      "loudness_range": 28.267866134643555,
      "low_freq": 2549.74365234375,
      "mid_mean": -41.068939208984375,
      "mid_to_side_loudness": -6.275932312011719,
      "mid_to_side_loudness_range": 11.965815544128418,
      "side_mean": -48.11817932128906
    },
    {
      "high_freq": 7314.1640625,
      "loudness": -52.49972915649414,
      "loudness_range": 29.431262969970703,
      "low_freq": 4349.24462890625,
      "mid_mean": -50.99754333496094,
      "mid_to_side_loudness": -5.019668102264404,
      "mid_to_side_loudness_range": 8.136231422424316,
      "side_mean": -55.60220718383789
    },
    {
      "high_freq": 12199.2666015625,
      "loudness": -48.646148681640625,
      "loudness_range": 32.677490234375,
      "low_freq": 7314.1640625,
      "mid_mean": -50.044960021972656,
      "mid_to_side_loudness": -2.7555174827575684,
      "mid_to_side_loudness_range": 3.6121034622192383,
      "side_mean": -52.52988052368164
    },
    {
      "loudness": -59.260719299316406,
      "loudness_range": 30.033828735351562,
      "low_freq": 12199.2666015625,
      "mid_mean": -57.74465560913086,
      "mid_to_side_loudness": -0.1518290936946869,
      "mid_to_side_loudness_range": 2.3643040657043457,
      "side_mean": -57.9135627746582
    }
  ],
  "channels": 2,
  "covariance": [
    [
      31.083194732666016,
      22.7268009185791,
      4.367727756500244,
      5.5654096603393555,
      10.061235427856445,
      8.92065715789795,
      10.96265983581543,
      10.924600601196289,
      11.929311752319336,
      12.493849754333496,
      8.888467788696289,
      11.679089546203613,
      9.71267318725586,
      13.109273910522461,
      9.553267478942871,
      12.924856185913086,
      10.274619102478027,
      10.020044326782227
    ],
    [
      22.7268009185791,
      27.975749969482422,
      4.591358184814453,
      5.570427417755127,
      11.097746849060059,
      9.073769569396973,
      11.68375301361084,
      10.99931526184082,
      13.728405952453613,
      13.169733047485352,
      10.916638374328613,
      11.299300193786621,
      11.795258522033691,
      13.37090015411377,
      13.396322250366211,
      14.542503356933594,
      11.863834381103516,
      11.52885627746582
    ],
    [
      4.367727756500244,
      4.591358184814453,
      16.559167861938477,
      9.90283489227295,
      16.00228500366211,
      8.747770309448242,
      15.339790344238281,
      8.805862426757812,
      14.253702163696289,
      7.454731464385986,
      13.249029159545898,
      9.775691986083984,
      16.25977897644043,
      13.685054779052734,
      22.920324325561523,
      23.8864688873291,
      18.29981231689453,
      17.891340255737305
    ],
    [
      5.5654096603393555,
      5.570427417755127,
      9.90283489227295,
      13.323561668395996,
      11.224587440490723,
      12.449458122253418,
      9.996943473815918,
      12.254443168640137,
      9.299165725708008,
      10.63379955291748,
      9.03392505645752,
      12.11048412322998,
      10.25739574432373,
      12.480765342712402,
      7.807372570037842,
      10.813981056213379,
      6.651587009429932,
      6.468206882476807
    ],
    [
      10.061235427856445,
      11.097746849060059,
      16.00228500366211,
      11.224587440490723,
      47.4559211730957,
      30.14789390563965,
      44.884525299072266,
      32.596248626708984,
      44.407955169677734,
      32.98188781738281,
      38.5296630859375,
      34.026248931884766,
      33.57615661621094,
      29.334932327270508,
      40.798892974853516,
      41.35335159301758,
      33.33900833129883,
      32.781558990478516
    ],
    [
      8.92065715789795,
      9.073769569396973,
      8.747770309448242,
      12.449458122253418,
      30.14789390563965,
      39.48149108886719,
      27.853986740112305,
      36.917503356933594,
      26.71355628967285,
      33.61154556274414,
      23.77210235595703,
      33.562286376953125,
      16.895610809326172,
      23.02037239074707,
      8.069975852966309,
      13.126837730407715,
      6.683012008666992,
      6.647182941436768
    ],
    [
      10.96265983581543,
      11.68375301361084,
      15.339790344238281,
      9.996943473815918,
      44.884525299072266,
      27.853986740112305,
      70.92247772216797,
      47.82648849487305,
      63.640289306640625,
      48.690582275390625,
      54.4556884765625,
      48.21445083618164,
      40.597076416015625,
      36.7114143371582,
      47.46152877807617,
      49.50672912597656,
      40.813270568847656,
      39.99329376220703
    ],
    [
      10.924600601196289,
      10.99931526184082,
      8.805862426757812,
      12.254443168640137,
      32.596248626708984,
      36.917503356933594,
      47.82648849487305,
      56.82231521606445,
      43.906982421875,
      50.27506637573242,
      38.70777893066406,
      49.673431396484375,
      25.403905868530273,
      31.820470809936523,
      14.528450965881348,
      20.030805587768555,
      11.230435371398926,
      11.189240455627441
    ],
    [
      11.929311752319336,
      13.728405952453613,
      14.253702163696289,
      9.299165725708008,
      44.407955169677734,
      26.71355628967285,
      63.640289306640625,
      43.906982421875,
      85.31134033203125,
      62.242431640625,
      72.10359191894531,
      61.71158218383789,
      57.671138763427734,
      51.881019592285156,
      62.053611755371094,
      63.73676681518555,
      51.99657440185547,
      50.87786865234375
    ],
    [
      12.493849754333496,
      13.169733047485352,
      7.454731464385986,
      10.63379955291748,
      32.98188781738281,
      33.61154556274414,
      48.690582275390625,
      50.27506637573242,
      62.242431640625,
      67.3336181640625,
      51.561492919921875,
      60.12331771850586,
      35.916908264160156,
      41.71753692626953,
      25.34488296508789,
      30.719003677368164,
      19.399425506591797,
      19.36674690246582
    ],
    [
      8.888467788696289,
      10.916638374328613,
      13.249029159545898,
      9.03392505645752,
      38.5296630859375,
      23.77210235595703,
      54.4556884765625,
      38.70777893066406,
      72.10359191894531,
      51.561492919921875,
      79.61062622070312,
      64.71610260009766,
      66.11763763427734,
      57.709999084472656,
      68.4717025756836,
      68.36715698242188,
      54.758209228515625,
      53.33283233642578
    ],
    [
      11.679089546203613,
      11.299300193786621,
      9.775691986083984,
      12.11048412322998,
      34.026248931884766,
      33.562286376953125,
      48.21445083618164,
      49.673431396484375,
      61.71158218383789,
      60.12331771850586,
      64.71610260009766,
      73.15717315673828,
      52.654266357421875,
      54.728851318359375,
      40.47980880737305,
      44.870445251464844,
      30.434656143188477,
      30.01288604736328
    ],
    [
      9.71267318725586,
      11.795258522033691,
      16.25977897644043,
      10.25739574432373,
      33.57615661621094,
      16.895610809326172,
      40.597076416015625,
      25.403905868530273,
      57.671138763427734,
      35.916908264160156,
      66.11763763427734,
      52.654266357421875,
      98.57698059082031,
      82.24710845947266,
      94.65571594238281,
      92.29205322265625,
      76.364013671875,
      74.09505462646484
    ],
    [
      13.109273910522461,
      13.37090015411377,
      13.685054779052734,
      12.480765342712402,
      29.334932327270508,
      23.02037239074707,
      36.7114143371582,
      31.820470809936523,
      51.881019592285156,
      41.71753692626953,
      57.709999084472656,
      54.728851318359375,
      82.24710845947266,
      82.87989044189453,
      71.8703842163086,
      82.11024475097656,
      63.88570785522461,
      62.25202560424805
    ],
    [
      9.553267478942871,
      13.396322250366211,
      22.920324325561523,
      7.807372570037842,
      40.798892974853516,
      8.069975852966309,
      47.46152877807617,
      14.528450965881348,
      62.053611755371094,
      25.34488296508789,
      68.4717025756836,
      40.47980880737305,
      94.65571594238281,
      71.8703842163086,
      126.31402587890625,
      116.84439086914062,
      100.89862823486328,
      98.02384185791016
    ],
    [
      12.924856185913086,
      14.542503356933594,
      23.8864688873291,
      10.813981056213379,
      41.35335159301758,
      13.126837730407715,
      49.50672912597656,
      20.030805587768555,
      63.73676681518555,
      30.719003677368164,
      68.36715698242188,
      44.870445251464844,
      92.29205322265625,
      82.11024475097656,
      116.84439086914062,
      123.35376739501953,
      102.0716552734375,
      99.41490936279297
    ],
    [
      10.274619102478027,
      11.863834381103516,
      18.29981231689453,
      6.651587009429932,
      33.33900833129883,
      6.683012008666992,
      40.813270568847656,
      11.230435371398926,
      51.99657440185547,
      19.399425506591797,
      54.758209228515625,
      30.434656143188477,
      76.364013671875,
      63.88570785522461,
      100.89862823486328,
      102.0716552734375,
      93.44985961914062,
      90.80575561523438
    ],
    [
      10.020044326782227,
      11.52885627746582,
      17.891340255737305,
      6.468206882476807,
      32.781558990478516,
      6.647182941436768,
      39.99329376220703,
      11.189240455627441,
      50.87786865234375,
      19.36674690246582,
      53.33283233642578,
      30.01288604736328,
      74.09505462646484,
      62.25202560424805,
      98.02384185791016,
      99.41490936279297,
      90.80575561523438,
      88.4804916381836
    ]
  ],
  "covariance_short": [
    [
      51.16364288330078,
      37.31193161010742,
      8.92694091796875,
      8.219249725341797,
      9.290046691894531,
      11.391615867614746,
      10.471511840820312,
      8.869784355163574,
      10.324463844299316,
      11.368078231811523,
      7.565633773803711,
      11.030184745788574,
      7.242477893829346,
      7.164328098297119,
      6.234853267669678,
      6.401311874389648,
      5.685316562652588,
      5.472975254058838
    ],
    [
      37.31193161010742,
      54.81958770751953,
      9.636582374572754,
      11.103838920593262,
      11.363504409790039,
      15.79012680053711,
      11.808478355407715,
      13.855825424194336,
      12.888218879699707,
      16.13071060180664,
      10.573086738586426,
      16.52098274230957,
      11.89125919342041,
      13.097627639770508,
      9.246790885925293,
      9.540763854980469,
      7.265573501586914,
      7.011904716491699
    ],
    [
      8.92694091796875,
      9.636582374572754,
      21.705568313598633,
      11.685029029846191,
      16.001750946044922,
      9.05136775970459,
      14.371598243713379,
      7.288111686706543,
      13.78882884979248,
      8.752213478088379,
      11.69522476196289,
      11.937097549438477,
      16.906394958496094,
      12.266975402832031,
      25.044906616210938,
      23.10030174255371,
      15.783574104309082,
      15.4223051071167
    ],
    [
      8.219249725341797,
      11.103838920593262,
      11.685029029846191,
      17.68870735168457,
      11.301596641540527,
      12.74740982055664,
      11.04155445098877,
      12.127803802490234,
      9.995109558105469,
      12.1838960647583,
      8.582697868347168,
      14.137771606445312,
      12.420684814453125,
      11.991276741027832,
      10.607771873474121,
      10.428850173950195,
      6.602612018585205,
      6.371738433837891
    ],
    [
      9.290046691894531,
      11.363504409790039,
      16.001750946044922,
      11.301596641540527,
      54.26884078979492,
      33.88043212890625,
      48.7980842590332,
      33.37945556640625,
      47.92061233520508,
      37.536582946777344,
      40.200653076171875,
      38.94335174560547,
      32.11671447753906,
      27.416431427001953,
      41.31991195678711,
      40.05690383911133,
      27.981754302978516,
      27.484228134155273
    ],
    [
      11.391615867614746,
      15.79012680053711,
      9.05136775970459,
      12.74740982055664,
      33.88043212890625,
      43.457313537597656,
      32.30787658691406,
      37.49340057373047,
      30.037809371948242,
      36.82093811035156,
      25.58487892150879,
      36.97307205200195,
      20.968732833862305,
      24.27982521057129,
      12.245567321777344,
      13.796026229858398,
      6.97217321395874,
      6.8784027099609375
    ],
    [
      10.471511840820312,
      11.808478355407715,
      14.371598243713379,
      11.04155445098877,
      48.7980842590332,
      32.30787658691406,
      77.21416473388672,
      52.23857879638672,
      67.90393829345703,
      55.246116638183594,
      58.240909576416016,
      57.88547134399414,
      40.22945022583008,
      36.31342315673828,
      47.544864654541016,
      46.41872787475586,
      32.484832763671875,
      31.666479110717773
    ],
    [
      8.869784355163574,
      13.855825424194336,
      7.288111686706543,
      12.127803802490234,
      33.37945556640625,
      37.49340057373047,
      52.23857879638672,
      59.080936431884766,
      45.444419860839844,
      53.147647857666016,
      39.234867095947266,
      53.71622848510742,
      27.090917587280273,
      32.32558822631836,
      14.539510726928711,
      16.8872127532959,
      7.921858310699463,
      7.776997089385986
    ],
    [
      10.324463844299316,
      12.888218879699707,
      13.78882884979248,
      9.995109558105469,
      47.92061233520508,
      30.037809371948242,
      67.90393829345703,
      45.444419860839844,
      98.455810546875,
      74.06007385253906,
      82.3751220703125,
      73.6755599975586,
      63.97763442993164,
      56.66530227661133,
      70.84617614746094,
      68.26240539550781,
      49.203163146972656,
      47.89313507080078
    ],
    [
      11.368078231811523,
      16.13071060180664,
      8.752213478088379,
      12.1838960647583,
      37.536582946777344,
      36.82093811035156,
      55.246116638183594,
      53.147647857666016,
      74.06007385253906,
      80.50762939453125,
      59.86164474487305,
      72.17838287353516,
      45.266719818115234,
      49.875099182128906,
      34.56352996826172,
      36.50031661987305,
      21.483184814453125,
      21.14310073852539
    ],
    [
      7.565633773803711,
      10.573086738586426,
      11.69522476196289,
      8.582697868347168,
      40.200653076171875,
      25.58487892150879,
      58.240909576416016,
      39.234867095947266,
      82.3751220703125,
      59.86164474487305,
      96.5414810180664,
      78.7596664428711,
      75.59295654296875,
      64.96746063232422,
      81.43189239501953,
      77.3499984741211,
      56.06562042236328,
      54.558109283447266
    ],
    [
      11.030184745788574,
      16.52098274230957,
      11.937097549438477,
      14.137771606445312,
      38.94335174560547,
      36.97307205200195,
      57.88547134399414,
      53.71622848510742,
      73.6755599975586,
      72.17838287353516,
      78.7596664428711,
      90.9725570678711,
      66.6319580078125,
      66.09154510498047,
      56.45857238769531,
      56.35172653198242,
      35.903987884521484,
      35.09307098388672
    ],
    [
      7.242477893829346,
      11.89125919342041,
      16.906394958496094,
      12.420684814453125,
      32.11671447753906,
      20.968732833862305,
      40.22945022583008,
      27.090917587280273,
      63.97763442993164,
      45.266719818115234,
      75.59295654296875,
      66.6319580078125,
      114.10175323486328,
      94.24261474609375,
      115.5079574584961,
      107.3195571899414,
      79.75907897949219,
      77.53463745117188
    ],
    [
      7.164328098297119,
      13.097627639770508,
      12.266975402832031,
      11.991276741027832,
      27.416431427001953,
      24.27982521057129,
      36.31342315673828,
      32.32558822631836,
      56.66530227661133,
      49.875099182128906,
      64.96746063232422,
      66.09154510498047,
      94.24261474609375,
      84.94615173339844,
      86.86775207519531,
      82.69451904296875,
      59.62447738647461,
      58.168212890625
    ],
    [
      6.234853267669678,
      9.246790885925293,
      25.044906616210938,
      10.607771873474121,
      41.31991195678711,
      12.245567321777344,
      47.544864654541016,
      14.539510726928711,
      70.84617614746094,
      34.56352996826172,
      81.43189239501953,
      56.45857238769531,
      115.5079574584961,
      86.86775207519531,
      158.30068969726562,
      145.35226440429688,
      111.0791244506836,
      107.92342376708984
    ],
    [
      6.401311874389648,
      9.540763854980469,
      23.10030174255371,
      10.428850173950195,
      40.05690383911133,
      13.796026229858398,
      46.41872787475586,
      16.8872127532959,
      68.26240539550781,
      36.50031661987305,
      77.3499984741211,
      56.35172653198242,
      107.3195571899414,
      82.69451904296875,
      145.35226440429688,
      134.62513732910156,
      102.29015350341797,
      99.62979125976562
    ],
    [
      5.685316562652588,
      7.265573501586914,
      15.783574104309082,
      6.602612018585205,
      27.981754302978516,
      6.97217321395874,
      32.484832763671875,
      7.921858310699463,
      49.203163146972656,
      21.483184814453125,
      56.06562042236328,
      35.903987884521484,
      79.75907897949219,
      59.62447738647461,
      111.0791244506836,
      102.29015350341797,
      88.08413696289062,
      85.38826751708984
    ],
    [
      5.472975254058838,
      7.011904716491699,
      15.4223051071167,
      6.371738433837891,
      27.484228134155273,
      6.8784027099609375,
      31.666479110717773,
      7.776997089385986,
      47.89313507080078,
      21.14310073852539,
      54.558109283447266,
      35.09307098388672,
      77.53463745117188,
      58.168212890625,
      107.92342376708984,
      99.62979125976562,
      85.38826751708984,
      83.18824005126953
    ]
  ],
  "drr": 14.243968963623047,
  "dynamics": 3.342630624771118,
  "format": 1245190,
  "frames": 6410240,
  "loudness": -14.336043357849121,
  "loudness_range": 9.555679321289062,
  "loudness_range_short": 11.350083351135254,
  "peak": -0.6361285448074341,
  "rms": -15.80395221710205,
  "sample_rate": 44100,
  "sections": 1,
  "seekable": 1,
  "sharpness": 2.402374505996704,
  "space": -4.999569892883301
}