{
  "bands": [
    {
      "high_freq": 148.1999969482422,
      "loudness": -28.9139404296875,
      "loudness_range": 24.7869815826416,
      "mid_mean": -25.838336944580078,
      "mid_to_side_loudness": -9.946310997009277,
      "mid_to_side_loudness_range": 14.077042579650879,
      "side_mean": -36.2686882019043
    },
    {
      "high_freq": 392.3793640136719,
      "loudness": -22.741432189941406,
      "loudness_range": 13.53426742553711,
      "low_freq": 148.1999969482422,
      "mid_mean": -19.526254653930664,
      "mid_to_side_loudness": -10.495710372924805,
      "mid_to_side_loudness_range": 9.786903381347656,
      "side_mean": -30.18202781677246
    },
    {
      "high_freq": 794.6976318359375,
      "loudness": -26.62863540649414,
      "loudness_range": 14.890869140625,
      "low_freq": 392.3793640136719,
      "mid_mean": -23.452653884887695,
      "mid_to_side_loudness": -9.949569702148438,
      "mid_to_side_loudness_range": 9.873947143554688,
      "side_mean": -33.566810607910156
    },
    {
      "high_freq": 1457.5709228515625,
      "loudness": -36.05134963989258,
      "loudness_range": 16.715681076049805,
      "low_freq": 794.6976318359375,
      "mid_mean": -33.1005744934082,
      "mid_to_side_loudness": -7.935859680175781,
      "mid_to_side_loudness_range": 8.588109016418457,
      "side_mean": -41.20207595825195
    },
    {
      "high_freq": 2549.74365234375,
      "loudness": -40.056602478027344,
      "loudness_range": 19.185314178466797,
      "low_freq": 1457.5709228515625,
      "mid_mean": -37.18549346923828,
      "mid_to_side_loudness": -7.553371429443359,
      "mid_to_side_loudness_range": 6.886654853820801,
      "side_mean": -44.87257766723633
    },
    {
      "high_freq": 4349.24462890625,
      "loudness": -42.37498092651367,
      "loudness_range": 21.146141052246094,
      "low_freq": 2549.74365234375,
      "mid_mean": -39.389163970947266,
      "mid_to_side_loudness": -8.477688789367676,
      "mid_to_side_loudness_range": 7.752803802490234,
      "side_mean": -48.341312408447266
    },
    {
      "high_freq": 7314.1640625,
      "loudness": -46.65501022338867,
      "loudness_range": 24.16580581665039,
      "low_freq": 4349.24462890625,
      "mid_mean": -43.853302001953125,
      "mid_to_side_loudness": -9.977306365966797,
      "mid_to_side_loudness_range": 8.632013320922852,
      "side_mean": -55.004783630371094
    },
    {
      "high_freq": 12199.2666015625,
      "loudness": -49.4764289855957,
      "loudness_range": 27.820476531982422,
      "low_freq": 7314.1640625,
      "mid_mean": -48.58057403564453,
      "mid_to_side_loudness": -12.559267044067383,
      "mid_to_side_loudness_range": 8.857287406921387,
      "side_mean": -59.56496047973633
    },
    {
      "loudness": -56.49525451660156,
      "loudness_range": 29.008541107177734,
      "low_freq": 12199.2666015625,
      "mid_mean": -52.940223693847656,
      "mid_to_side_loudness": -12.21201229095459,
      "mid_to_side_loudness_range": 11.758752822875977,
      "side_mean": -63.39525604248047
    }
  ],
  "bands_short": [
    {
      "high_freq": 148.1999969482422,
      "loudness": -32.848079681396484,
      "loudness_range": 26.408063888549805,
      "mid_mean": -29.7868595123291,
      "mid_to_side_loudness": -10.290428161621094,
      "mid_to_side_loudness_range": 20.689350128173828,
      "side_mean": -41.34455490112305
    },
    {
      "high_freq": 392.3793640136719,
      "loudness": -22.395151138305664,
      "loudness_range": 14.690296173095703,
      "low_freq": 148.1999969482422,
      "mid_mean": -19.284780502319336,
      "mid_to_side_loudness": -10.13284969329834,
      "mid_to_side_loudness_range": 13.11979866027832,
      "side_mean": -29.571903228759766
    },
    {
      "high_freq": 794.6976318359375,
      "loudness": -27.181690216064453,
      "loudness_range": 16.280542373657227,
      "low_freq": 392.3793640136719,
      "mid_mean": -24.098102569580078,
      "mid_to_side_loudness": -9.879778861999512,
      "mid_to_side_loudness_range": 13.011421203613281,
      "side_mean": -34.18901824951172
    },
    {
      "high_freq": 1457.5709228515625,
      "loudness": -35.3995361328125,
      "loudness_range": 18.113372802734375,
      "low_freq": 794.6976318359375,
      "mid_mean": -32.56783676147461,
      "mid_to_side_loudness": -7.889233589172363,
      "mid_to_side_loudness_range": 11.57784652709961,
      "side_mean": -40.63749313354492
    },
    {
      "high_freq": 2549.74365234375,
      "loudness": -40.88880157470703,
      "loudness_range": 20.881988525390625,
      "low_freq": 1457.5709228515625,
      "mid_mean": -38.157161712646484,
      "mid_to_side_loudness": -7.116804599761963,
      "mid_to_side_loudness_range": 9.747684478759766,
      "side_mean": -45.425621032714844
    },
    {
      "high_freq": 4349.24462890625,
      "loudness": -43.67926788330078,
      "loudness_range": 23.79957389831543,
      "low_freq": 2549.74365234375,
      "mid_mean": -40.9710693359375,
      "mid_to_side_loudness": -7.564523696899414,
      "mid_to_side_loudness_range": 9.794082641601562,
      "side_mean": -49.57032012939453
    },
    {
      "high_freq": 7314.1640625,
      "loudness": -49.31328201293945,
      "loudness_range": 28.866127014160156,
      "low_freq": 4349.24462890625,
      "mid_mean": -48.34893798828125,
      "mid_to_side_loudness": -8.313850402832031,
      "mid_to_side_loudness_range": 11.075109481811523,
      "side_mean": -56.100860595703125
    },
    {
      "high_freq": 12199.2666015625,
      "loudness": -54.305641174316406,
      "loudness_range": 34.4924430847168,
      "low_freq": 7314.1640625,
      "mid_mean": -53.658565521240234,
      "mid_to_side_loudness": -10.138525009155273,
      "mid_to_side_loudness_range": 12.869455337524414,
      "side_mean": -61.38742446899414
    },
    {
      "loudness": -61.631858825683594,
      "loudness_range": 26.972278594970703,
      "low_freq": 12199.2666015625,
      "mid_mean": -58.0081672668457,
      "mid_to_side_loudness": -8.769196510314941,
      "mid_to_side_loudness_range": 11.980306625366211,
      "side_mean": -64.88262176513672
    }
  ],
  "channels": 2,
  "covariance": [
    [
      73.5000228881836,
      52.810646057128906,
      14.59174633026123,
      5.872214317321777,
      8.26059627532959,
      1.037219524383545,
      20.929380416870117,
      16.13237762451172,
      22.540447235107422,
      18.856393814086914,
      25.49738311767578,
      23.674331665039062,
      26.181997299194336,
      26.963335037231445,
      29.113344192504883,
      26.558494567871094,
      30.53040313720703,
      18.290205001831055
    ],
    [
      52.810646057128906,
      61.33415222167969,
      6.427194595336914,
      2.8764119148254395,
      6.570406436920166,
      0.2714161276817322,
      17.41890525817871,
      14.580958366394043,
      17.647829055786133,
      15.846806526184082,
      20.12570571899414,
      19.57272720336914,
      19.573074340820312,
      20.273284912109375,
      20.326004028320312,
      20.04673957824707,
      22.732519149780273,
      13.460371971130371
    ],
    [
      14.59174633026123,
      6.427194595336914,
      26.57914161682129,
      18.587371826171875,
      15.527640342712402,
      11.850162506103516,
      17.40192413330078,
      12.291458129882812,
      20.446468353271484,
      17.035171508789062,
      21.687400817871094,
      20.836763381958008,
      22.784488677978516,
      25.13909149169922,
      32.799232482910156,
      21.785945892333984,
      25.075363159179688,
      12.565032958984375
    ],
    [
      5.872214317321777,
      2.8764119148254395,
      18.587371826171875,
      22.584457397460938,
      13.679435729980469,
      13.4334135055542,
      13.493289947509766,
      11.548044204711914,
      15.014808654785156,
      13.888001441955566,
      14.584567070007324,
      16.163734436035156,
      14.21484375,
      19.326793670654297,
      24.64659881591797,
      15.610453605651855,
      16.700834274291992,
      8.090267181396484
    ],
    [
      8.26059627532959,
      6.570406436920166,
      15.527640342712402,
      13.679435729980469,
      29.231143951416016,
      20.905391693115234,
      25.818153381347656,
      20.830326080322266,
      27.92926597595215,
      24.771413803100586,
      27.33917236328125,
      26.982559204101562,
      28.828516006469727,
      29.861774444580078,
      39.5457763671875,
      27.603626251220703,
      30.314308166503906,
      15.863739967346191
    ],
    [
      1.037219524383545,
      0.2714161276817322,
      11.850162506103516,
      13.4334135055542,
      20.905391693115234,
      24.53008270263672,
      18.059114456176758,
      16.837207794189453,
      18.81529426574707,
      18.84103012084961,
      17.129287719726562,
      19.047727584838867,
      17.181283950805664,
      21.208370208740234,
      26.49118423461914,
      17.989599227905273,
      18.13736915588379,
      9.536490440368652
    ],
    [
      20.929380416870117,
      17.41890525817871,
      17.40192413330078,
      13.493289947509766,
      25.818153381347656,
      18.059114456176758,
      39.71756362915039,
      30.040693283081055,
      36.420326232910156,
      31.38156509399414,
      37.5092658996582,
      36.2430534362793,
      38.7290153503418,
      38.935787200927734,
      50.3953971862793,
      36.594993591308594,
      40.943172454833984,
      21.587520599365234
    ],
    [
      16.13237762451172,
      14.580958366394043,
      12.291458129882812,
      11.548044204711914,
      20.830326080322266,
      16.837207794189453,
      30.040693283081055,
      29.79805564880371,
      27.350305557250977,
      26.016876220703125,
      26.974838256835938,
      28.520029067993164,
      26.242456436157227,
      29.710128784179688,
      35.14590835571289,
      26.31020736694336,
      27.442684173583984,
      14.91185188293457
    ],
    [
      22.540447235107422,
      17.647829055786133,
      20.446468353271484,
      15.014808654785156,
      27.92926597595215,
      18.81529426574707,
      36.420326232910156,
      27.350305557250977,
      47.80898666381836,
      38.7477912902832,
      46.13896942138672,
      42.72036361694336,
      47.8911018371582,
      45.80119705200195,
      61.07984161376953,
      43.68486022949219,
      49.458045959472656,
      25.703449249267578
    ],
    [
      18.856393814086914,
      15.846806526184082,
      17.035171508789062,
      13.888001441955566,
      24.771413803100586,
      18.84103012084961,
      31.38156509399414,
      26.016876220703125,
      38.7477912902832,
      36.76536178588867,
      36.25743103027344,
      37.067378997802734,
      36.02507400512695,
      38.0439453125,
      46.9964714050293,
      34.364688873291016,
      36.833187103271484,
      19.501848220825195
    ],
    [
      25.49738311767578,
      20.12570571899414,
      21.687400817871094,
      14.584567070007324,
      27.33917236328125,
      17.129287719726562,
      37.5092658996582,
      26.974838256835938,
      46.13896942138672,
      36.25743103027344,
      60.35801696777344,
      48.40603256225586,
      60.64677810668945,
      53.591434478759766,
      73.91563415527344,
      52.717681884765625,
      61.122802734375,
      31.673133850097656
    ],
    [
      23.674331665039062,
      19.57272720336914,
      20.836763381958008,
      16.163734436035156,
      26.982559204101562,
      19.047727584838867,
      36.2430534362793,
      28.520029067993164,
      42.72036361694336,
      37.067378997802734,
      48.40603256225586,
      48.79822540283203,
      48.930450439453125,
      49.636878967285156,
      63.39250183105469,
      46.107810974121094,
      50.62496566772461,
      26.899805068969727
    ],
    [
      26.181997299194336,
      19.573074340820312,
      22.784488677978516,
      14.21484375,
      28.828516006469727,
      17.181283950805664,
      38.7290153503418,
      26.242456436157227,
      47.8911018371582,
      36.02507400512695,
      60.64677810668945,
      48.930450439453125,
      79.71096801757812,
      60.3096809387207,
      88.16970825195312,
      63.05924606323242,
      75.93955993652344,
      40.02131652832031
    ],
    [
      26.963335037231445,
      20.273284912109375,
      25.13909149169922,
      19.326793670654297,
      29.861774444580078,
      21.208370208740234,
      38.935787200927734,
      29.710128784179688,
      45.80119705200195,
      38.0439453125,
      53.591434478759766,
      49.636878967285156,
      60.3096809387207,
      64.9540023803711,
      81.07789611816406,
      59.30044174194336,
      68.2188491821289,
      35.34379959106445
    ],
    [
      29.113344192504883,
      20.326004028320312,
      32.799232482910156,
      24.64659881591797,
      39.5457763671875,
      26.49118423461914,
      50.3953971862793,
      35.14590835571289,
      61.07984161376953,
      46.9964714050293,
      73.91563415527344,
      63.39250183105469,
      88.16970825195312,
      81.07789611816406,
      125.99806213378906,
      83.55787658691406,
      102.64868927001953,
      50.57297134399414
    ],
    [
      26.558494567871094,
      20.04673957824707,
      21.785945892333984,
      15.610453605651855,
      27.603626251220703,
      17.989599227905273,
      36.594993591308594,
      26.31020736694336,
      43.68486022949219,
      34.364688873291016,
      52.717681884765625,
      46.107810974121094,
      63.05924606323242,
      59.30044174194336,
      83.55787658691406,
      61.598793029785156,
      72.92716217041016,
      38.740577697753906
    ],
    [
      30.53040313720703,
      22.732519149780273,
      25.075363159179688,
      16.700834274291992,
      30.314308166503906,
      18.13736915588379,
      40.943172454833984,
      27.442684173583984,
      49.458045959472656,
      36.833187103271484,
      61.122802734375,
      50.62496566772461,
      75.93955993652344,
      68.2188491821289,
      102.64868927001953,
      72.92716217041016,
      97.09510040283203,
      49.28206253051758
    ],
    [
      18.290205001831055,
      13.460371971130371,
      12.565032958984375,
      8.090267181396484,
      15.863739967346191,
      9.536490440368652,
      21.587520599365234,
      14.91185188293457,
      25.703449249267578,
      19.501848220825195,
      31.673133850097656,
      26.899805068969727,
      40.02131652832031,
      35.34379959106445,
      50.57297134399414,
      38.740577697753906,
      49.28206253051758,
      28.94291877746582
    ]
  ],
  "covariance_short": [
    [
      87.03898620605469,
      52.777015686035156,
      22.316020965576172,
      10.791686058044434,
      11.088583946228027,
      3.1515228748321533,
      20.584688186645508,
      15.340716361999512,
      24.700809478759766,
      19.78760528564453,
      28.140846252441406,
      26.79031753540039,
      32.52431106567383,
      27.625911712646484,
      31.039875030517578,
      24.968320846557617,
      26.755321502685547,
      15.394137382507324
    ],
    [
      52.777015686035156,
      76.22343444824219,
      13.839130401611328,
      10.544108390808105,
      11.936022758483887,
      5.6279401779174805,
      19.335790634155273,
      17.174036026000977,
      22.491973876953125,
      20.20292854309082,
      26.82225227355957,
      26.77922248840332,
      29.56105613708496,
      26.382007598876953,
      25.648094177246094,
      21.55182647705078,
      18.204713821411133,
      10.600314140319824
    ],
    [
      22.316020965576172,
      13.839130401611328,
      30.990745544433594,
      17.317358016967773,
      16.674360275268555,
      11.229630470275879,
      18.747194290161133,
      12.537435531616211,
      22.63847541809082,
      17.381092071533203,
      24.271352767944336,
      24.737207412719727,
      33.96945571899414,
      25.592607498168945,
      31.827268600463867,
      21.491483688354492,
      20.775882720947266,
      11.004270553588867
    ],
    [
      10.791686058044434,
      10.544108390808105,
      17.317358016967773,
      23.811323165893555,
      11.353667259216309,
      11.59031867980957,
      12.091715812683105,
      10.466534614562988,
      13.28573226928711,
      12.47807502746582,
      12.415371894836426,
      18.494699478149414,
      21.130138397216797,
      16.90427589416504,
      18.150718688964844,
      12.626145362854004,
      9.893853187561035,
      5.246500015258789
    ],
    [
      11.088583946228027,
      11.936022758483887,
      16.674360275268555,
      11.353667259216309,
      35.237060546875,
      22.496557235717773,
      29.74983787536621,
      21.972396850585938,
      31.99862289428711,
      26.42881965637207,
      32.49721145629883,
      31.1175537109375,
      44.016422271728516,
      32.762046813964844,
      42.91423797607422,
      28.774812698364258,
      25.744136810302734,
      13.962508201599121
    ],
    [
      3.1515228748321533,
      5.6279401779174805,
      11.229630470275879,
      11.59031867980957,
      22.496557235717773,
      30.13349723815918,
      20.367382049560547,
      19.06576156616211,
      21.02455711364746,
      20.22254753112793,
      19.795745849609375,
      24.294809341430664,
      29.64717674255371,
      23.34026336669922,
      27.457124710083008,
      18.811172485351562,
      14.203986167907715,
      8.061637878417969
    ],
    [
      20.584688186645508,
      19.335790634155273,
      18.747194290161133,
      12.091715812683105,
      29.74983787536621,
      20.367382049560547,
      44.59409713745117,
      31.035953521728516,
      41.05950927734375,
      33.99238204956055,
      43.1268196105957,
      41.28058624267578,
      56.44347381591797,
      42.370445251464844,
      54.23347854614258,
      36.919734954833984,
      33.68723678588867,
      18.113285064697266
    ],
    [
      15.340716361999512,
      17.174036026000977,
      12.537435531616211,
      10.466534614562988,
      21.972396850585938,
      19.06576156616211,
      31.035953521728516,
      34.64763259887695,
      29.354780197143555,
      27.878400802612305,
      29.290027618408203,
      33.145347595214844,
      39.12964630126953,
      31.6088924407959,
      35.24692916870117,
      25.47368049621582,
      19.47884178161621,
      11.26601791381836
    ],
    [
      24.700809478759766,
      22.491973876953125,
      22.63847541809082,
      13.28573226928711,
      31.99862289428711,
      21.02455711364746,
      41.05950927734375,
      29.354780197143555,
      56.4703483581543,
      42.61568069458008,
      55.18050765991211,
      48.09710693359375,
      69.00273132324219,
      51.210044860839844,
      68.0059585571289,
      46.13591384887695,
      43.27334976196289,
      23.134403228759766
    ],
    [
      19.78760528564453,
      20.20292854309082,
      17.381092071533203,
      12.47807502746582,
      26.42881965637207,
      20.22254753112793,
      33.99238204956055,
      27.878400802612305,
      42.61568069458008,
      42.16573715209961,
      40.99814987182617,
      41.457794189453125,
      52.29111862182617,
      41.672733306884766,
      48.503929138183594,
      34.95954895019531,
      28.603660583496094,
      16.241180419921875
    ],
    [
      28.140846252441406,
      26.82225227355957,
      24.271352767944336,
      12.415371894836426,
      32.49721145629883,
      19.795745849609375,
      43.1268196105957,
      29.290027618408203,
      55.18050765991211,
      40.99814987182617,
      74.33845520019531,
      55.534969329833984,
      84.78900146484375,
      61.57032775878906,
      85.36177825927734,
      57.179656982421875,
      55.88479232788086,
      29.542295455932617
    ],
    [
      26.79031753540039,
      26.77922248840332,
      24.737207412719727,
      18.494699478149414,
      31.1175537109375,
      24.294809341430664,
      41.28058624267578,
      33.145347595214844,
      48.09710693359375,
      41.457794189453125,
      55.534969329833984,
      64.95919036865234,
      78.07275390625,
      61.093971252441406,
      73.06828308105469,
      51.176109313964844,
      43.85805892944336,
      24.349607467651367
    ],
    [
      32.52431106567383,
      29.56105613708496,
      33.96945571899414,
      21.130138397216797,
      44.016422271728516,
      29.64717674255371,
      56.44347381591797,
      39.12964630126953,
      69.00273132324219,
      52.29111862182617,
      84.78900146484375,
      78.07275390625,
      124.75726318359375,
      87.26107025146484,
      123.36426544189453,
      79.3287582397461,
      79.92708587646484,
      40.88205337524414
    ],
    [
      27.625911712646484,
      26.382007598876953,
      25.592607498168945,
      16.90427589416504,
      32.762046813964844,
      23.34026336669922,
      42.370445251464844,
      31.6088924407959,
      51.210044860839844,
      41.672733306884766,
      61.57032775878906,
      61.093971252441406,
      87.26107025146484,
      70.57080841064453,
      86.58572387695312,
      60.39080047607422,
      54.606964111328125,
      30.513120651245117
    ],
    [
      31.039875030517578,
      25.648094177246094,
      31.827268600463867,
      18.150718688964844,
      42.91423797607422,
      27.457124710083008,
      54.23347854614258,
      35.24692916870117,
      68.0059585571289,
      48.503929138183594,
      85.36177825927734,
      73.06828308105469,
      123.36426544189453,
      86.58572387695312,
      142.11883544921875,
      87.5843276977539,
      97.3385009765625,
      47.34227752685547
    ],
    [
      24.968320846557617,
      21.55182647705078,
      21.491483688354492,
      12.626145362854004,
      28.774812698364258,
      18.811172485351562,
      36.919734954833984,
      25.47368049621582,
      46.13591384887695,
      34.95954895019531,
      57.179656982421875,
      51.176109313964844,
      79.3287582397461,
      60.39080047607422,
      87.5843276977539,
      61.588050842285156,
      60.61000442504883,
      33.68396759033203
    ],
    [
      26.755321502685547,
      18.204713821411133,
      20.775882720947266,
      9.893853187561035,
      25.744136810302734,
      14.203986167907715,
      33.68723678588867,
      19.47884178161621,
      43.27334976196289,
      28.603660583496094,
      55.88479232788086,
      43.85805892944336,
      79.92708587646484,
      54.606964111328125,
      97.3385009765625,
      60.61000442504883,
      82.8170394897461,
      39.92824172973633
    ],
    [
      15.394137382507324,
      10.600314140319824,
      11.004270553588867,
      5.246500015258789,
      13.962508201599121,
      8.061637878417969,
      18.113285064697266,
      11.26601791381836,
      23.134403228759766,
      16.241180419921875,
      29.542295455932617,
      24.349607467651367,
      40.88205337524414,
      30.513120651245117,
      47.34227752685547,
      33.68396759033203,
      39.92824172973633,
      23.663686752319336
    ]
  ],
  "drr": 11.172403335571289,
  "dynamics": 3.8584342002868652,
  "format": 1245190,
  "frames": 15497216,
  "loudness": -15.817527770996094,
  "loudness_range": 11.296002388000488,
  "loudness_range_short": 12.917092323303223,
  "peak": 0.32679346203804016,
  "rms": -16.79649543762207,
  "sample_rate": 44100,
  "sections": 1,
  "seekable": 1,
  "sharpness": 2.4932048320770264,
  "space": -10.170459747314453
}