{
  "bands": [
    {
      "high_freq": 148.1999969482422,
      "loudness": -32.257259368896484,
      "loudness_range": 19.005298614501953,
      "mid_mean": -28.84455680847168,
      "mid_to_side_loudness": -13.571266174316406,
      "mid_to_side_loudness_range": 10.553860664367676,
      "side_mean": -42.140037536621094
    },
    {
      "high_freq": 392.3793640136719,
      "loudness": -21.542177200317383,
      "loudness_range": 12.112631797790527,
      "low_freq": 148.1999969482422,
      "mid_mean": -18.042591094970703,
      "mid_to_side_loudness": -14.401890754699707,
      "mid_to_side_loudness_range": 11.365273475646973,
      "side_mean": -32.88196563720703
    },
    {
      "high_freq": 794.6976318359375,
      "loudness": -27.52939796447754,
      "loudness_range": 19.888341903686523,
      "low_freq": 392.3793640136719,
      "mid_mean": -24.405405044555664,
      "mid_to_side_loudness": -11.04897689819336,
      "mid_to_side_loudness_range": 15.45986557006836,
      "side_mean": -35.63825607299805
    },
    {
      "high_freq": 1457.5709228515625,
      "loudness": -35.67223358154297,
      "loudness_range": 29.180583953857422,
      "low_freq": 794.6976318359375,
      "mid_mean": -32.92644119262695,
      "mid_to_side_loudness": -8.63238525390625,
      "mid_to_side_loudness_range": 14.774959564208984,
      "side_mean": -41.69668960571289
    },
    {
      "high_freq": 2549.74365234375,
      "loudness": -38.029052734375,
      "loudness_range": 25.593191146850586,
      "low_freq": 1457.5709228515625,
      "mid_mean": -34.7493896484375,
      "mid_to_side_loudness": -11.70153522491455,
      "mid_to_side_loudness_range": 11.853900909423828,
      "side_mean": -46.624420166015625
    },
    {
      "high_freq": 4349.24462890625,
      "loudness": -42.48174285888672,
      "loudness_range": 28.28375244140625,
      "low_freq": 2549.74365234375,
      "mid_mean": -38.9854850769043,
      "mid_to_side_loudness": -14.088316917419434,
      "mid_to_side_loudness_range": 11.000615119934082,
      "side_mean": -53.988670349121094
    },
    {
      "high_freq": 7314.1640625,
      "loudness": -47.27806854248047,
      "loudness_range": 26.463146209716797,
      "low_freq": 4349.24462890625,
      "mid_mean": -43.740577697753906,
      "mid_to_side_loudness": -15.027239799499512,
      "mid_to_side_loudness_range": 10.340241432189941,
      "side_mean": -58.96220779418945
    },
    {
      "high_freq": 12199.2666015625,
      "loudness": -47.37621307373047,
      "loudness_range": 31.18071746826172,
      "low_freq": 7314.1640625,
      "mid_mean": -44.08706283569336,
      "mid_to_side_loudness": -17.467937469482422,
      "mid_to_side_loudness_range": 12.390780448913574,
      "side_mean": -60.84263610839844
    },
    {
      "loudness": -57.69340133666992,
      "loudness_range": 23.338531494140625,
      "low_freq": 12199.2666015625,
      "mid_mean": -54.04115295410156,
      "mid_to_side_loudness": -19.73392105102539,
      "mid_to_side_loudness_range": 13.143726348876953,
      "side_mean": -67.93094635009766
    }
  ],
  "bands_short": [
    {
      "high_freq": 148.1999969482422,
      "loudness": -38.48011016845703,
      "loudness_range": 17.828857421875,
      "mid_mean": -35.136985778808594,
      "mid_to_side_loudness": -13.877696990966797,
      "mid_to_side_loudness_range": 15.72888469696045,
      "side_mean": -48.952999114990234
    },
    {
      "high_freq": 392.3793640136719,
      "loudness": -21.517433166503906,
      "loudness_range": 12.238982200622559,
      "low_freq": 148.1999969482422,
      "mid_mean": -18.02349090576172,
      "mid_to_side_loudness": -14.561172485351562,
      "mid_to_side_loudness_range": 12.960854530334473,
      "side_mean": -33.01582336425781
    },
    {
      "high_freq": 794.6976318359375,
      "loudness": -27.699596405029297,
      "loudness_range": 21.733539581298828,
      "low_freq": 392.3793640136719,
      "mid_mean": -24.60139274597168,
      "mid_to_side_loudness": -11.33578109741211,
      "mid_to_side_loudness_range": 16.993213653564453,
      "side_mean": -36.19365692138672
    },
    {
      "high_freq": 1457.5709228515625,
      "loudness": -36.5410041809082,
      "loudness_range": 30.986955642700195,
      "low_freq": 794.6976318359375,
      "mid_mean": -33.868255615234375,
      "mid_to_side_loudness": -8.745803833007812,
      "mid_to_side_loudness_range": 16.679473876953125,
      "side_mean": -42.70632553100586
    },
    {
      "high_freq": 2549.74365234375,
      "loudness": -39.335289001464844,
      "loudness_range": 27.5648250579834,
      "low_freq": 1457.5709228515625,
      "mid_mean": -36.1633415222168,
      "mid_to_side_loudness": -11.438250541687012,
      "mid_to_side_loudness_range": 13.782541275024414,
      "side_mean": -47.86088943481445
    },
    {
      "high_freq": 4349.24462890625,
      "loudness": -43.80885314941406,
      "loudness_range": 31.889019012451172,
      "low_freq": 2549.74365234375,
      "mid_mean": -40.58905029296875,
      "mid_to_side_loudness": -12.854972839355469,
      "mid_to_side_loudness_range": 14.3507661819458,
      "side_mean": -54.39851760864258
    },
    {
      "high_freq": 7314.1640625,
      "loudness": -49.97610855102539,
      "loudness_range": 32.38823318481445,
      "low_freq": 4349.24462890625,
      "mid_mean": -47.585594177246094,
      "mid_to_side_loudness": -12.95557975769043,
      "mid_to_side_loudness_range": 15.315164566040039,
      "side_mean": -60.02528762817383
    },
    {
      "high_freq": 12199.2666015625,
      "loudness": -45.720157623291016,
      "loudness_range": 30.560016632080078,
      "low_freq": 7314.1640625,
      "mid_mean": -47.15974044799805,
      "mid_to_side_loudness": -15.671146392822266,
      "mid_to_side_loudness_range": 16.087158203125,
      "side_mean": -61.41954040527344
    },
    {
      "loudness": -58.71389389038086,
      "loudness_range": 23.786651611328125,
      "low_freq": 12199.2666015625,
      "mid_mean": -54.94597625732422,
      "mid_to_side_loudness": -19.095035552978516,
      "mid_to_side_loudness_range": 16.33989715576172,
      "side_mean": -68.0355224609375
    }
  ],
  "channels": 2,
  "covariance": [
    [
      49.88420867919922,
      35.434364318847656,
      7.2384843826293945,
      9.729658126831055,
      7.736238956451416,
      8.350762367248535,
      12.470394134521484,
      15.141441345214844,
      5.040711879730225,
      6.592685699462891,
      5.0900559425354,
      10.190359115600586,
      2.84167742729187,
      7.221417427062988,
      5.525148868560791,
      8.025796890258789,
      7.174416542053223,
      1.1429572105407715
    ],
    [
      35.434364318847656,
      35.27522277832031,
      7.286449909210205,
      8.041426658630371,
      8.983481407165527,
      11.341794967651367,
      12.903681755065918,
      15.792597770690918,
      5.952795505523682,
      7.646371364593506,
      5.919527053833008,
      8.99494743347168,
      3.0249359607696533,
      5.363211154937744,
      4.238088607788086,
      5.770515441894531,
      4.827406406402588,
      0.9531013369560242
    ],
    [
      7.2384843826293945,
      7.286449909210205,
      20.41800880432129,
      15.184697151184082,
      18.055437088012695,
      13.065659523010254,
      20.29245376586914,
      17.61785316467285,
      12.787596702575684,
      11.8767671585083,
      20.14899253845215,
      21.483232498168945,
      15.751426696777344,
      14.742681503295898,
      28.204498291015625,
      19.52074432373047,
      20.56764030456543,
      3.923142433166504
    ],
    [
      9.729658126831055,
      8.041426658630371,
      15.184697151184082,
      24.03541374206543,
      15.360817909240723,
      17.757139205932617,
      17.045555114746094,
      19.15544891357422,
      7.945798397064209,
      9.009374618530273,
      15.504878997802734,
      18.11021614074707,
      11.346467971801758,
      11.97546672821045,
      23.43899154663086,
      17.027263641357422,
      18.484519958496094,
      3.6562814712524414
    ],
    [
      7.736238956451416,
      8.983481407165527,
      18.055437088012695,
      15.360817909240723,
      47.3987922668457,
      42.53050231933594,
      46.837039947509766,
      46.61101150512695,
      39.78056335449219,
      43.28226089477539,
      38.447975158691406,
      38.84233856201172,
      29.27032470703125,
      27.008573532104492,
      38.92777633666992,
      28.9443302154541,
      30.48035430908203,
      7.106475353240967
    ],
    [
      8.350762367248535,
      11.341794967651367,
      13.065659523010254,
      17.757139205932617,
      42.53050231933594,
      65.7447280883789,
      46.72157669067383,
      61.05846405029297,
      34.730953216552734,
      48.54861831665039,
      25.558008193969727,
      31.669292449951172,
      16.339757919311523,
      18.76895523071289,
      19.968969345092773,
      18.61310386657715,
      19.25345230102539,
      5.300422191619873
    ],
    [
      12.470394134521484,
      12.903681755065918,
      20.29245376586914,
      17.045555114746094,
      46.837039947509766,
      46.72157669067383,
      91.81417083740234,
      82.6314926147461,
      58.492164611816406,
      60.525787353515625,
      50.951839447021484,
      52.570396423339844,
      33.55125427246094,
      30.2217960357666,
      52.32621383666992,
      38.32676696777344,
      42.426334381103516,
      9.286892890930176
    ],
    [
      15.141441345214844,
      15.792597770690918,
      17.61785316467285,
      19.15544891357422,
      46.61101150512695,
      61.05846405029297,
      82.6314926147461,
      102.15872192382812,
      49.476837158203125,
      64.2059555053711,
      37.949459075927734,
      45.24611282348633,
      22.880596160888672,
      23.170373916625977,
      32.3622932434082,
      26.783884048461914,
      30.152259826660156,
      7.075206756591797
    ],
    [
      5.040711879730225,
      5.952795505523682,
      12.787596702575684,
      7.945798397064209,
      39.78056335449219,
      34.730953216552734,
      58.492164611816406,
      49.476837158203125,
      73.6903076171875,
      68.8027572631836,
      56.13688659667969,
      55.07715606689453,
      42.2769889831543,
      37.17683410644531,
      42.135013580322266,
      33.82375717163086,
      36.27452087402344,
      10.046298027038574
    ],
    [
      6.592685699462891,
      7.646371364593506,
      11.8767671585083,
      9.009374618530273,
      43.28226089477539,
      48.54861831665039,
      60.525787353515625,
      64.2059555053711,
      68.8027572631836,
      81.50531768798828,
      43.28303527832031,
      50.38215255737305,
      29.697086334228516,
      29.688488006591797,
      25.054697036743164,
      24.343095779418945,
      26.390382766723633,
      7.96787691116333
    ],
    [
      5.0900559425354,
      5.919527053833008,
      20.14899253845215,
      15.504878997802734,
      38.447975158691406,
      25.558008193969727,
      50.951839447021484,
      37.949459075927734,
      56.13688659667969,
      43.28303527832031,
      88.72695922851562,
      75.8599624633789,
      69.0170669555664,
      56.47567367553711,
      88.83175659179688,
      60.538761138916016,
      62.70791244506836,
      14.253299713134766
    ],
    [
      10.190359115600586,
      8.99494743347168,
      21.483232498168945,
      18.11021614074707,
      38.84233856201172,
      31.669292449951172,
      52.570396423339844,
      45.24611282348633,
      55.07715606689453,
      50.38215255737305,
      75.8599624633789,
      83.28465270996094,
      57.00996398925781,
      56.9271240234375,
      74.1146011352539,
      57.23065185546875,
      61.214778900146484,
      13.443055152893066
    ],
    [
      2.84167742729187,
      3.0249359607696533,
      15.751426696777344,
      11.346467971801758,
      29.27032470703125,
      16.339757919311523,
      33.55125427246094,
      22.880596160888672,
      42.2769889831543,
      29.697086334228516,
      69.0170669555664,
      57.00996398925781,
      77.17721557617188,
      60.27057647705078,
      80.43123626708984,
      54.98934555053711,
      57.05036163330078,
      14.683802604675293
    ],
    [
      7.221417427062988,
      5.363211154937744,
      14.742681503295898,
      11.97546672821045,
      27.008573532104492,
      18.76895523071289,
      30.2217960357666,
      23.170373916625977,
      37.17683410644531,
      29.688488006591797,
      56.47567367553711,
      56.9271240234375,
      60.27057647705078,
      56.69884490966797,
      64.20441436767578,
      49.0711555480957,
      50.8804817199707,
      13.105987548828125
    ],
    [
      5.525148868560791,
      4.238088607788086,
      28.204498291015625,
      23.43899154663086,
      38.92777633666992,
      19.968969345092773,
      52.32621383666992,
      32.3622932434082,
      42.135013580322266,
      25.054697036743164,
      88.83175659179688,
      74.1146011352539,
      80.43123626708984,
      64.20441436767578,
      127.97332763671875,
      80.89216613769531,
      84.27742004394531,
      18.262466430664062
    ],
    [
      8.025796890258789,
      5.770515441894531,
      19.52074432373047,
      17.027263641357422,
      28.9443302154541,
      18.61310386657715,
      38.32676696777344,
      26.783884048461914,
      33.82375717163086,
      24.343095779418945,
      60.538761138916016,
      57.23065185546875,
      54.98934555053711,
      49.0711555480957,
      80.89216613769531,
      57.25831604003906,
      59.39808654785156,
      13.993797302246094
    ],
    [
      7.174416542053223,
      4.827406406402588,
      20.56764030456543,
      18.484519958496094,
      30.48035430908203,
      19.25345230102539,
      42.426334381103516,
      30.152259826660156,
      36.27452087402344,
      26.390382766723633,
      62.70791244506836,
      61.214778900146484,
      57.05036163330078,
      50.8804817199707,
      84.27742004394531,
      59.39808654785156,
      69.71466064453125,
      16.361719131469727
    ],
    [
      1.1429572105407715,
      0.9531013369560242,
      3.923142433166504,
      3.6562814712524414,
      7.106475353240967,
      5.300422191619873,
      9.286892890930176,
      7.075206756591797,
      10.046298027038574,
      7.96787691116333,
      14.253299713134766,
      13.443055152893066,
      14.683802604675293,
      13.105987548828125,
      18.262466430664062,
      13.993797302246094,
      16.361719131469727,
      6.017251968383789
    ]
  ],
  "covariance_short": [
    [
      43.88767623901367,
      28.861337661743164,
      10.958057403564453,
      11.37997055053711,
      11.396143913269043,
      11.524524688720703,
      9.860568046569824,
      11.56200122833252,
      6.271279811859131,
      8.887923240661621,
      6.239809513092041,
      11.56128978729248,
      7.508274078369141,
      8.144996643066406,
      9.954970359802246,
      7.97416877746582,
      8.031534194946289,
      1.169353723526001
    ],
    [
      28.861337661743164,
      42.57147216796875,
      10.075634956359863,
      13.962738990783691,
      13.437871932983398,
      15.983987808227539,
      12.368178367614746,
      14.662168502807617,
      7.400278568267822,
      10.764140129089355,
      7.729462623596191,
      16.126768112182617,
      8.12166976928711,
      10.26020336151123,
      9.938164710998535,
      9.430233001708984,
      9.987143516540527,
      1.7455121278762817
    ],
    [
      10.958057403564453,
      10.075634956359863,
      21.032421112060547,
      13.25867748260498,
      18.688119888305664,
      13.522363662719727,
      19.258840560913086,
      15.850571632385254,
      10.850892066955566,
      10.975769996643066,
      16.81276512145996,
      16.2595272064209,
      18.95302391052246,
      11.00318717956543,
      29.835172653198242,
      14.985629081726074,
      16.075925827026367,
      2.322277784347534
    ],
    [
      11.37997055053711,
      13.962738990783691,
      13.25867748260498,
      24.27297592163086,
      13.866724014282227,
      16.608623504638672,
      14.760483741760254,
      16.096097946166992,
      5.195091247558594,
      7.701813697814941,
      10.98165512084961,
      13.334371566772461,
      11.321178436279297,
      8.33736515045166,
      20.728679656982422,
      12.4358491897583,
      13.766837120056152,
      2.298396110534668
    ],
    [
      11.396143913269043,
      13.437871932983398,
      18.688119888305664,
      13.866724014282227,
      57.954524993896484,
      46.91362380981445,
      53.351776123046875,
      50.19614028930664,
      44.35151672363281,
      45.813743591308594,
      47.48147201538086,
      43.72614288330078,
      43.05134201049805,
      30.14170265197754,
      52.42521667480469,
      31.38460350036621,
      33.732967376708984,
      6.883662223815918
    ],
    [
      11.524524688720703,
      15.983987808227539,
      13.522363662719727,
      16.608623504638672,
      46.91362380981445,
      71.08718872070312,
      49.937381744384766,
      61.78278350830078,
      36.22673797607422,
      49.71706771850586,
      31.359724044799805,
      35.38926696777344,
      26.268970489501953,
      20.642301559448242,
      30.279836654663086,
      20.546955108642578,
      22.642498016357422,
      5.053780555725098
    ],
    [
      9.860568046569824,
      12.368178367614746,
      19.258840560913086,
      14.760483741760254,
      53.351776123046875,
      49.937381744384766,
      103.02842712402344,
      86.57886505126953,
      67.394287109375,
      65.95671081542969,
      63.21881103515625,
      58.768455505371094,
      55.09703063964844,
      36.44874954223633,
      71.1412124633789,
      42.87531280517578,
      48.268226623535156,
      9.498467445373535
    ],
    [
      11.56200122833252,
      14.662168502807617,
      15.850571632385254,
      16.096097946166992,
      50.19614028930664,
      61.78278350830078,
      86.57886505126953,
      106.16704559326172,
      54.425445556640625,
      67.2478256225586,
      46.250572204589844,
      50.78714370727539,
      37.51913070678711,
      26.826372146606445,
      46.06425476074219,
      29.760555267333984,
      34.4055290222168,
      7.1728105545043945
    ],
    [
      6.271279811859131,
      7.400278568267822,
      10.850892066955566,
      5.195091247558594,
      44.35151672363281,
      36.22673797607422,
      67.394287109375,
      54.425445556640625,
      83.59414672851562,
      70.72708892822266,
      69.37899017333984,
      59.006717681884766,
      63.66305923461914,
      42.82149887084961,
      59.545379638671875,
      38.4619255065918,
      42.10428237915039,
      10.077753067016602
    ],
    [
      8.887923240661621,
      10.764140129089355,
      10.975769996643066,
      7.701813697814941,
      45.813743591308594,
      49.71706771850586,
      65.95671081542969,
      67.2478256225586,
      70.72708892822266,
      83.98173522949219,
      51.511417388916016,
      55.2756233215332,
      44.266876220703125,
      33.88258361816406,
      38.899871826171875,
      28.600006103515625,
      30.895475387573242,
      8.159697532653809
    ],
    [
      6.239809513092041,
      7.729462623596191,
      16.81276512145996,
      10.98165512084961,
      47.48147201538086,
      31.359724044799805,
      63.21881103515625,
      46.250572204589844,
      69.37899017333984,
      51.511417388916016,
      114.01984405517578,
      84.38597106933594,
      103.22700500488281,
      64.86531829833984,
      114.91670227050781,
      65.6745376586914,
      70.05482482910156,
      14.506962776184082
    ],
    [
      11.56128978729248,
      16.126768112182617,
      16.2595272064209,
      13.334371566772461,
      43.72614288330078,
      35.38926696777344,
      58.768455505371094,
      50.78714370727539,
      59.006717681884766,
      55.2756233215332,
      84.38597106933594,
      88.41583251953125,
      76.37299346923828,
      58.46238708496094,
      86.85636138916016,
      56.41056823730469,
      59.7056999206543,
      12.944467544555664
    ],
    [
      7.508274078369141,
      8.12166976928711,
      18.95302391052246,
      11.321178436279297,
      43.05134201049805,
      26.268970489501953,
      55.09703063964844,
      37.51913070678711,
      63.66305923461914,
      44.266876220703125,
      103.22700500488281,
      76.37299346923828,
      130.75692749023438,
      76.70894622802734,
      129.88009643554688,
      70.83719635009766,
      75.40126037597656,
      16.41495704650879
    ],
    [
      8.144996643066406,
      10.26020336151123,
      11.00318717956543,
      8.33736515045166,
      30.14170265197754,
      20.642301559448242,
      36.44874954223633,
      26.826372146606445,
      42.82149887084961,
      33.88258361816406,
      64.86531829833984,
      58.46238708496094,
      76.70894622802734,
      59.86623764038086,
      76.2203598022461,
      50.077720642089844,
      50.03240966796875,
      12.805195808410645
    ],
    [
      9.954970359802246,
      9.938164710998535,
      29.835172653198242,
      20.728679656982422,
      52.42521667480469,
      30.279836654663086,
      71.1412124633789,
      46.06425476074219,
      59.545379638671875,
      38.899871826171875,
      114.91670227050781,
      86.85636138916016,
      129.88009643554688,
      76.2203598022461,
      182.45458984375,
      93.75965881347656,
      100.96479797363281,
      19.195096969604492
    ],
    [
      7.97416877746582,
      9.430233001708984,
      14.985629081726074,
      12.4358491897583,
      31.38460350036621,
      20.546955108642578,
      42.87531280517578,
      29.760555267333984,
      38.4619255065918,
      28.600006103515625,
      65.6745376586914,
      56.41056823730469,
      70.83719635009766,
      50.077720642089844,
      93.75965881347656,
      57.53199768066406,
      58.71343231201172,
      13.572181701660156
    ],
    [
      8.031534194946289,
      9.987143516540527,
      16.075925827026367,
      13.766837120056152,
      33.732967376708984,
      22.642498016357422,
      48.268226623535156,
      34.4055290222168,
      42.10428237915039,
      30.895475387573242,
      70.05482482910156,
      59.7056999206543,
      75.40126037597656,
      50.03240966796875,
      100.96479797363281,
      58.71343231201172,
      73.43225860595703,
      15.549196243286133
    ],
    [
      1.169353723526001,
      1.7455121278762817,
      2.322277784347534,
      2.298396110534668,
      6.883662223815918,
      5.053780555725098,
      9.498467445373535,
      7.1728105545043945,
      10.077753067016602,
      8.159697532653809,
      14.506962776184082,
      12.944467544555664,
      16.41495704650879,
      12.805195808410645,
      19.195096969604492,
      13.572181701660156,
      15.549196243286133,
      6.254533290863037
    ]
  ],
  "drr": 13.312461853027344,
  "dynamics": 4.232877731323242,
  "format": 1245190,
  "frames": 8192000,
  "loudness": -15.117862701416016,
  "loudness_range": 12.056146621704102,
  "loudness_range_short": 13.972167015075684,
  "peak": -0.22131897509098053,
  "rms": -16.354055404663086,
  "sample_rate": 44100,
  "sections": 1,
  "seekable": 1,
  "sharpness": 2.4739248752593994,
  "space": -13.204285621643066
}