{
  "bands": [
    {
      "high_freq": 148.1999969482422,
      "loudness": -35.129783630371094,
      "loudness_range": 27.59109878540039,
      "mid_mean": -31.875030517578125,
      "mid_to_side_loudness": -13.733841896057129,
      "mid_to_side_loudness_range": 9.77664852142334,
      "side_mean": -46.007137298583984
    },
    {
      "high_freq": 392.3793640136719,
      "loudness": -23.2639102935791,
      "loudness_range": 13.215934753417969,
      "low_freq": 148.1999969482422,
      "mid_mean": -20.334070205688477,
      "mid_to_side_loudness": -8.383347511291504,
      "mid_to_side_loudness_range": 14.926568984985352,
      "side_mean": -29.76898765563965
    },
    {
      "high_freq": 794.6976318359375,
      "loudness": -22.231962203979492,
      "loudness_range": 14.997973442077637,
      "low_freq": 392.3793640136719,
      "mid_mean": -19.493017196655273,
      "mid_to_side_loudness": -6.928000450134277,
      "mid_to_side_loudness_range": 9.896465301513672,
      "side_mean": -26.829748153686523
    },
    {
      "high_freq": 1457.5709228515625,
      "loudness": -25.8792667388916,
      "loudness_range": 18.606155395507812,
      "low_freq": 794.6976318359375,
      "mid_mean": -24.387889862060547,
      "mid_to_side_loudness": -3.2200465202331543,
      "mid_to_side_loudness_range": 14.75821590423584,
      "side_mean": -27.956912994384766
    },
    {
      "high_freq": 2549.74365234375,
      "loudness": -28.517202377319336,
      "loudness_range": 14.136259078979492,
      "low_freq": 1457.5709228515625,
      "mid_mean": -26.78574562072754,
      "mid_to_side_loudness": -3.437333106994629,
      "mid_to_side_loudness_range": 9.434881210327148,
      "side_mean": -30.274843215942383
    },
    {
      "high_freq": 4349.24462890625,
      "loudness": -34.30708694458008,
      "loudness_range": 12.056558609008789,
      "low_freq": 2549.74365234375,
      "mid_mean": -32.121002197265625,
      "mid_to_side_loudness": -4.317959785461426,
      "mid_to_side_loudness_range": 8.753350257873535,
      "side_mean": -36.71176528930664
    },
    {
      "high_freq": 7314.1640625,
      "loudness": -40.53860092163086,
      "loudness_range": 10.634994506835938,
      "low_freq": 4349.24462890625,
      "mid_mean": -38.35481643676758,
      "mid_to_side_loudness": -4.263586044311523,
      "mid_to_side_loudness_range": 9.224298477172852,
      "side_mean": -43.026939392089844
    },
    {
      "high_freq": 12199.2666015625,
      "loudness": -43.16769790649414,
      "loudness_range": 12.929893493652344,
      "low_freq": 7314.1640625,
      "mid_mean": -40.630130767822266,
      "mid_to_side_loudness": -5.997941493988037,
      "mid_to_side_loudness_range": 12.812339782714844,
      "side_mean": -47.168853759765625
    },
    {
      "loudness": -52.79081344604492,
      "loudness_range": 10.415302276611328,
      "low_freq": 12199.2666015625,
      "mid_mean": -52.39111328125,
      "mid_to_side_loudness": -3.8889503479003906,
      "mid_to_side_loudness_range": 8.079488754272461,
      "side_mean": -56.13519287109375
    }
  ],
  "bands_short": [
    {
      "high_freq": 148.1999969482422,
      "loudness": -36.116119384765625,
      "loudness_range": 27.42644691467285,
      "mid_mean": -32.890380859375,
      "mid_to_side_loudness": -14.02921199798584,
      "mid_to_side_loudness_range": 14.265637397766113,
      "side_mean": -48.45930862426758
    },
    {
      "high_freq": 392.3793640136719,
      "loudness": -24.53791618347168,
      "loudness_range": 16.809104919433594,
      "low_freq": 148.1999969482422,
      "mid_mean": -21.799015045166016,
      "mid_to_side_loudness": -8.300069808959961,
      "mid_to_side_loudness_range": 17.397689819335938,
      "side_mean": -31.153783798217773
    },
    {
      "high_freq": 794.6976318359375,
      "loudness": -22.668319702148438,
      "loudness_range": 16.78223419189453,
      "low_freq": 392.3793640136719,
      "mid_mean": -19.99603271484375,
      "mid_to_side_loudness": -7.0151686668396,
      "mid_to_side_loudness_range": 11.688369750976562,
      "side_mean": -27.399309158325195
    },
    {
      "high_freq": 1457.5709228515625,
      "loudness": -26.50607681274414,
      "loudness_range": 20.98776626586914,
      "low_freq": 794.6976318359375,
      "mid_mean": -25.424407958984375,
      "mid_to_side_loudness": -2.3669822216033936,
      "mid_to_side_loudness_range": 15.420146942138672,
      "side_mean": -28.14335060119629
    },
    {
      "high_freq": 2549.74365234375,
      "loudness": -29.665287017822266,
      "loudness_range": 17.624841690063477,
      "low_freq": 1457.5709228515625,
      "mid_mean": -28.154468536376953,
      "mid_to_side_loudness": -3.0371758937835693,
      "mid_to_side_loudness_range": 11.41615104675293,
      "side_mean": -31.231304168701172
    },
    {
      "high_freq": 4349.24462890625,
      "loudness": -35.507259368896484,
      "loudness_range": 17.67902183532715,
      "low_freq": 2549.74365234375,
      "mid_mean": -33.48091506958008,
      "mid_to_side_loudness": -4.200488090515137,
      "mid_to_side_loudness_range": 10.84706974029541,
      "side_mean": -37.85612869262695
    },
    {
      "high_freq": 7314.1640625,
      "loudness": -44.07706069946289,
      "loudness_range": 20.721370697021484,
      "low_freq": 4349.24462890625,
      "mid_mean": -42.29961395263672,
      "mid_to_side_loudness": -3.4432148933410645,
      "mid_to_side_loudness_range": 11.841556549072266,
      "side_mean": -46.174598693847656
    },
    {
      "high_freq": 12199.2666015625,
      "loudness": -48.34632110595703,
      "loudness_range": 24.671035766601562,
      "low_freq": 7314.1640625,
      "mid_mean": -46.06357955932617,
      "mid_to_side_loudness": -5.881893634796143,
      "mid_to_side_loudness_range": 16.743833541870117,
      "side_mean": -54.19528579711914
    },
    {
      "loudness": -60.8996696472168,
      "loudness_range": 26.947158813476562,
      "low_freq": 12199.2666015625,
      "mid_mean": -59.022701263427734,
      "mid_to_side_loudness": -4.159610271453857,
      "mid_to_side_loudness_range": 13.344879150390625,
      "side_mean": -62.53982925415039
    }
  ],
  "channels": 2,
  "covariance": [
    [
      100.23702239990234,
      89.3854751586914,
      21.455989837646484,
      36.51127624511719,
      32.84128952026367,
      39.321414947509766,
      25.085647583007812,
      33.676631927490234,
      30.42017936706543,
      36.7037467956543,
      26.161426544189453,
      33.808223724365234,
      14.491032600402832,
      24.08295249938965,
      4.746210098266602,
      12.322965621948242,
      19.50432586669922,
      19.7933406829834
    ],
    [
      89.3854751586914,
      95.56511688232422,
      20.428449630737305,
      32.32353591918945,
      31.4554386138916,
      37.545467376708984,
      26.130470275878906,
      34.21034240722656,
      29.864656448364258,
      36.813602447509766,
      25.292638778686523,
      33.063323974609375,
      13.673788070678711,
      23.032262802124023,
      4.3458733558654785,
      11.623187065124512,
      14.665814399719238,
      15.636858940124512
    ],
    [
      21.455989837646484,
      20.428449630737305,
      30.085365295410156,
      15.29783821105957,
      18.082101821899414,
      15.833087921142578,
      15.630489349365234,
      15.703534126281738,
      14.32129192352295,
      12.466456413269043,
      12.863615989685059,
      12.205347061157227,
      5.87747859954834,
      8.997679710388184,
      4.521322727203369,
      4.689012050628662,
      11.819866180419922,
      10.337544441223145
    ],
    [
      36.51127624511719,
      32.32353591918945,
      15.29783821105957,
      33.42604446411133,
      17.791439056396484,
      22.490190505981445,
      11.558568000793457,
      19.089738845825195,
      15.582331657409668,
      19.481332778930664,
      11.235587120056152,
      16.969390869140625,
      5.831043243408203,
      12.576227188110352,
      1.3590580224990845,
      7.154833793640137,
      19.47974967956543,
      18.243314743041992
    ],
    [
      32.84128952026367,
      31.4554386138916,
      18.082101821899414,
      17.791439056396484,
      32.67238998413086,
      24.77324867248535,
      21.455625534057617,
      18.82967758178711,
      19.772886276245117,
      19.495283126831055,
      15.03004264831543,
      16.731624603271484,
      9.469961166381836,
      13.143705368041992,
      6.747425556182861,
      8.208500862121582,
      14.022231101989746,
      13.649075508117676
    ],
    [
      39.321414947509766,
      37.545467376708984,
      15.833087921142578,
      22.490190505981445,
      24.77324867248535,
      30.389545440673828,
      15.704156875610352,
      21.34414291381836,
      18.38930320739746,
      22.048917770385742,
      13.743745803833008,
      19.522062301635742,
      7.696284770965576,
      14.764971733093262,
      2.7254257202148438,
      8.398476600646973,
      13.743996620178223,
      14.429943084716797
    ],
    [
      25.085647583007812,
      26.130470275878906,
      15.630489349365234,
      11.558568000793457,
      21.455625534057617,
      15.704156875610352,
      46.54102325439453,
      20.749605178833008,
      28.111526489257812,
      16.78206443786621,
      16.13401222229004,
      13.892505645751953,
      10.37555980682373,
      11.460288047790527,
      10.012523651123047,
      5.988346576690674,
      10.68090534210205,
      8.487504005432129
    ],
    [
      33.676631927490234,
      34.21034240722656,
      15.703534126281738,
      19.089738845825195,
      18.82967758178711,
      21.34414291381836,
      20.749605178833008,
      27.216402053833008,
      20.509098052978516,
      22.92896842956543,
      14.763033866882324,
      20.4698429107666,
      7.827295303344727,
      14.931482315063477,
      2.6482198238372803,
      8.558603286743164,
      9.988886833190918,
      11.237363815307617
    ],
    [
      30.42017936706543,
      29.864656448364258,
      14.32129192352295,
      15.582331657409668,
      19.772886276245117,
      18.38930320739746,
      28.111526489257812,
      20.509098052978516,
      28.592164993286133,
      21.769763946533203,
      17.63042640686035,
      18.18587875366211,
      10.484902381896973,
      13.646464347839355,
      6.786530494689941,
      7.196211814880371,
      8.410634994506836,
      8.03743839263916
    ],
    [
      36.7037467956543,
      36.813602447509766,
      12.466456413269043,
      19.481332778930664,
      19.495283126831055,
      22.048917770385742,
      16.78206443786621,
      22.92896842956543,
      21.769763946533203,
      28.14214324951172,
      15.298699378967285,
      22.407453536987305,
      8.334524154663086,
      16.47674560546875,
      2.310229539871216,
      9.594468116760254,
      7.445513725280762,
      10.140366554260254
    ],
    [
      26.161426544189453,
      25.292638778686523,
      12.863615989685059,
      11.235587120056152,
      15.03004264831543,
      13.743745803833008,
      16.13401222229004,
      14.763033866882324,
      17.63042640686035,
      15.298699378967285,
      19.646120071411133,
      16.174392700195312,
      9.542859077453613,
      11.259051322937012,
      5.074728965759277,
      5.683351993560791,
      5.826656818389893,
      5.486160755157471
    ],
    [
      33.808223724365234,
      33.063323974609375,
      12.205347061157227,
      16.969390869140625,
      16.731624603271484,
      19.522062301635742,
      13.892505645751953,
      20.4698429107666,
      18.18587875366211,
      22.407453536987305,
      16.174392700195312,
      22.931297302246094,
      8.175333023071289,
      16.289033889770508,
      2.3813304901123047,
      9.874228477478027,
      6.242252349853516,
      9.339750289916992
    ],
    [
      14.491032600402832,
      13.673788070678711,
      5.87747859954834,
      5.831043243408203,
      9.469961166381836,
      7.696284770965576,
      10.37555980682373,
      7.827295303344727,
      10.484902381896973,
      8.334524154663086,
      9.542859077453613,
      8.175333023071289,
      14.277997016906738,
      9.498292922973633,
      13.010337829589844,
      7.781801700592041,
      9.392380714416504,
      6.182331085205078
    ],
    [
      24.08295249938965,
      23.032262802124023,
      8.997679710388184,
      12.576227188110352,
      13.143705368041992,
      14.764971733093262,
      11.460288047790527,
      14.931482315063477,
      13.646464347839355,
      16.47674560546875,
      11.259051322937012,
      16.289033889770508,
      9.498292922973633,
      17.10665512084961,
      5.3563055992126465,
      11.832757949829102,
      8.336616516113281,
      11.258763313293457
    ],
    [
      4.746210098266602,
      4.3458733558654785,
      4.521322727203369,
      1.3590580224990845,
      6.747425556182861,
      2.7254257202148438,
      10.012523651123047,
      2.6482198238372803,
      6.786530494689941,
      2.310229539871216,
      5.074728965759277,
      2.3813304901123047,
      13.010337829589844,
      5.3563055992126465,
      21.779769897460938,
      7.369789123535156,
      12.201885223388672,
      5.770132541656494
    ],
    [
      12.322965621948242,
      11.623187065124512,
      4.689012050628662,
      7.154833793640137,
      8.208500862121582,
      8.398476600646973,
      5.988346576690674,
      8.558603286743164,
      7.196211814880371,
      9.594468116760254,
      5.683351993560791,
      9.874228477478027,
      7.781801700592041,
      11.832757949829102,
      7.369789123535156,
      13.681193351745605,
      9.176703453063965,
      12.40334701538086
    ],
    [
      19.50432586669922,
      14.665814399719238,
      11.819866180419922,
      19.47974967956543,
      14.022231101989746,
      13.743996620178223,
      10.68090534210205,
      9.988886833190918,
      8.410634994506836,
      7.445513725280762,
      5.826656818389893,
      6.242252349853516,
      9.392380714416504,
      8.336616516113281,
      12.201885223388672,
      9.176703453063965,
      42.34414291381836,
      33.25254821777344
    ],
    [
      19.7933406829834,
      15.636858940124512,
      10.337544441223145,
      18.243314743041992,
      13.649075508117676,
      14.429943084716797,
      8.487504005432129,
      11.237363815307617,
      8.03743839263916,
      10.140366554260254,
      5.486160755157471,
      9.339750289916992,
      6.182331085205078,
      11.258763313293457,
      5.770132541656494,
      12.40334701538086,
      33.25254821777344,
      32.040645599365234
    ]
  ],
  "covariance_short": [
    [
      98.2127456665039,
      80.94910430908203,
      24.585033416748047,
      35.38939666748047,
      29.418081283569336,
      35.94505310058594,
      25.606201171875,
      31.83455467224121,
      30.57286262512207,
      34.606414794921875,
      29.351999282836914,
      34.433162689208984,
      20.198945999145508,
      26.75394058227539,
      3.6753146648406982,
      22.98453712463379,
      12.843560218811035,
      10.463849067687988
    ],
    [
      80.94910430908203,
      103.5063247680664,
      26.998287200927734,
      32.8311653137207,
      30.831531524658203,
      36.72178268432617,
      29.953943252563477,
      34.83845520019531,
      32.554954528808594,
      37.4621467590332,
      31.772531509399414,
      36.80241394042969,
      24.458633422851562,
      29.014585494995117,
      8.9659423828125,
      21.193851470947266,
      13.183053016662598,
      10.7459135055542
    ],
    [
      24.585033416748047,
      26.998287200927734,
      43.320526123046875,
      20.73968505859375,
      25.729351043701172,
      20.633403778076172,
      23.61895751953125,
      20.373092651367188,
      21.17783546447754,
      19.652109146118164,
      21.933637619018555,
      20.046234130859375,
      15.48292064666748,
      18.49868392944336,
      14.65424919128418,
      19.622718811035156,
      13.211902618408203,
      11.543123245239258
    ],
    [
      35.38939666748047,
      32.8311653137207,
      20.73968505859375,
      43.62553405761719,
      23.059307098388672,
      25.57329750061035,
      16.73653793334961,
      22.94001579284668,
      21.27779197692871,
      25.39645004272461,
      18.0964298248291,
      23.40537452697754,
      13.109041213989258,
      19.745098114013672,
      4.981330394744873,
      26.35256576538086,
      14.87112808227539,
      13.254302978515625
    ],
    [
      29.418081283569336,
      30.831531524658203,
      25.729351043701172,
      23.059307098388672,
      40.900611877441406,
      28.760417938232422,
      26.71917724609375,
      23.919004440307617,
      27.08697509765625,
      26.45785140991211,
      26.116947174072266,
      26.20253562927246,
      20.66564178466797,
      23.45920753479004,
      14.098349571228027,
      23.024049758911133,
      16.236156463623047,
      13.38279914855957
    ],
    [
      35.94505310058594,
      36.72178268432617,
      20.633403778076172,
      25.57329750061035,
      28.760417938232422,
      34.92223358154297,
      20.385875701904297,
      24.92363166809082,
      23.493410110473633,
      27.54029655456543,
      21.39143943786621,
      26.168704986572266,
      16.415151596069336,
      22.7329158782959,
      6.119590759277344,
      21.41498374938965,
      11.858881950378418,
      11.835428237915039
    ],
    [
      25.606201171875,
      29.953943252563477,
      23.61895751953125,
      16.73653793334961,
      26.71917724609375,
      20.385875701904297,
      57.98588562011719,
      27.859861373901367,
      38.70652389526367,
      24.98910140991211,
      29.481876373291016,
      23.98596954345703,
      25.729721069335938,
      23.987226486206055,
      26.145427703857422,
      20.91636848449707,
      21.279123306274414,
      13.360198020935059
    ],
    [
      31.83455467224121,
      34.83845520019531,
      20.373092651367188,
      22.94001579284668,
      23.919004440307617,
      24.92363166809082,
      27.859861373901367,
      34.07913589477539,
      27.307235717773438,
      29.052898406982422,
      23.774578094482422,
      28.251245498657227,
      19.302995681762695,
      25.01891326904297,
      10.22687816619873,
      20.293912887573242,
      13.169931411743164,
      12.73254108428955
    ],
    [
      30.57286262512207,
      32.554954528808594,
      21.17783546447754,
      21.27779197692871,
      27.08697509765625,
      23.493410110473633,
      38.70652389526367,
      27.307235717773438,
      42.70874786376953,
      30.766109466552734,
      32.074005126953125,
      29.509702682495117,
      27.92117691040039,
      28.21075439453125,
      22.148269653320312,
      22.299047470092773,
      19.859466552734375,
      14.712717056274414
    ],
    [
      34.606414794921875,
      37.4621467590332,
      19.652109146118164,
      25.39645004272461,
      26.45785140991211,
      27.54029655456543,
      24.98910140991211,
      29.052898406982422,
      30.766109466552734,
      38.296627044677734,
      26.75733184814453,
      33.291690826416016,
      21.527360916137695,
      29.51970863342285,
      10.147004127502441,
      22.050935745239258,
      13.42169189453125,
      14.732505798339844
    ],
    [
      29.351999282836914,
      31.772531509399414,
      21.933637619018555,
      18.0964298248291,
      26.116947174072266,
      21.39143943786621,
      29.481876373291016,
      23.774578094482422,
      32.074005126953125,
      26.75733184814453,
      41.31718826293945,
      32.40781021118164,
      35.879581451416016,
      31.888322830200195,
      29.824108123779297,
      26.519088745117188,
      26.83844757080078,
      21.168289184570312
    ],
    [
      34.433162689208984,
      36.80241394042969,
      20.046234130859375,
      23.40537452697754,
      26.20253562927246,
      26.168704986572266,
      23.98596954345703,
      28.251245498657227,
      29.509702682495117,
      33.291690826416016,
      32.40781021118164,
      39.44107437133789,
      28.381793975830078,
      35.57798767089844,
      17.639049530029297,
      28.233888626098633,
      20.643173217773438,
      22.526044845581055
    ],
    [
      20.198945999145508,
      24.458633422851562,
      15.48292064666748,
      13.109041213989258,
      20.66564178466797,
      16.415151596069336,
      25.729721069335938,
      19.302995681762695,
      27.92117691040039,
      21.527360916137695,
      35.879581451416016,
      28.381793975830078,
      55.26653289794922,
      38.53561019897461,
      55.48187255859375,
      40.43415451049805,
      50.40151596069336,
      34.6483268737793
    ],
    [
      26.75394058227539,
      29.014585494995117,
      18.49868392944336,
      19.745098114013672,
      23.45920753479004,
      22.7329158782959,
      23.987226486206055,
      25.01891326904297,
      28.21075439453125,
      29.51970863342285,
      31.888322830200195,
      35.57798767089844,
      38.53561019897461,
      45.45370101928711,
      30.60301971435547,
      40.88444900512695,
      34.34748840332031,
      35.250823974609375
    ],
    [
      3.6753146648406982,
      8.9659423828125,
      14.65424919128418,
      4.981330394744873,
      14.098349571228027,
      6.119590759277344,
      26.145427703857422,
      10.22687816619873,
      22.148269653320312,
      10.147004127502441,
      29.824108123779297,
      17.639049530029297,
      55.48187255859375,
      30.60301971435547,
      81.1565933227539,
      43.57624816894531,
      65.99496459960938,
      38.92190933227539
    ],
    [
      22.98453712463379,
      21.193851470947266,
      19.622718811035156,
      26.35256576538086,
      23.024049758911133,
      21.41498374938965,
      20.91636848449707,
      20.293912887573242,
      22.299047470092773,
      22.050935745239258,
      26.519088745117188,
      28.233888626098633,
      40.43415451049805,
      40.88444900512695,
      43.57624816894531,
      71.30963897705078,
      61.639495849609375,
      55.29026794433594
    ],
    [
      12.843560218811035,
      13.183053016662598,
      13.211902618408203,
      14.87112808227539,
      16.236156463623047,
      11.858881950378418,
      21.279123306274414,
      13.169931411743164,
      19.859466552734375,
      13.42169189453125,
      26.83844757080078,
      20.643173217773438,
      50.40151596069336,
      34.34748840332031,
      65.99496459960938,
      61.639495849609375,
      75.73747253417969,
      54.02647399902344
    ],
    [
      10.463849067687988,
      10.7459135055542,
      11.543123245239258,
      13.254302978515625,
      13.38279914855957,
      11.835428237915039,
      13.360198020935059,
      12.73254108428955,
      14.712717056274414,
      14.732505798339844,
      21.168289184570312,
      22.526044845581055,
      34.6483268737793,
      35.250823974609375,
      38.92190933227539,
      55.29026794433594,
      54.02647399902344,
      54.571964263916016
    ]
  ],
  "drr": 11.929044723510742,
  "dynamics": 4.232855319976807,
  "format": 1245190,
  "frames": 7393280,
  "loudness": -13.638795852661133,
  "loudness_range": 11.549478530883789,
  "loudness_range_short": 14.59488296508789,
  "peak": 0.8243006467819214,
  "rms": -15.214170455932617,
  "sample_rate": 44100,
  "sections": 1,
  "seekable": 1,
  "sharpness": 2.7757067680358887,
  "space": -7.230070114135742
}