{
  "bands": [
    {
      "high_freq": 148.1999969482422,
      "loudness": -23.674427032470703,
      "loudness_range": 20.737285614013672,
      "mid_mean": -20.185495376586914,
      "mid_to_side_loudness": -16.772438049316406,
      "mid_to_side_loudness_range": 18.851741790771484,
      "side_mean": -37.5666389465332
    },
    {
      "high_freq": 392.3793640136719,
      "loudness": -19.447711944580078,
      "loudness_range": 11.767014503479004,
      "low_freq": 148.1999969482422,
      "mid_mean": -16.403535842895508,
      "mid_to_side_loudness": -9.175387382507324,
      "mid_to_side_loudness_range": 11.329267501831055,
      "side_mean": -25.670061111450195
    },
    {
      "high_freq": 794.6976318359375,
      "loudness": -22.88847541809082,
      "loudness_range": 11.790594100952148,
      "low_freq": 392.3793640136719,
      "mid_mean": -20.198671340942383,
      "mid_to_side_loudness": -6.858448028564453,
      "mid_to_side_loudness_range": 10.687124252319336,
      "side_mean": -27.095027923583984
    },
    {
      "high_freq": 1457.5709228515625,
      "loudness": -26.335044860839844,
      "loudness_range": 15.696905136108398,
      "low_freq": 794.6976318359375,
      "mid_mean": -23.83599281311035,
      "mid_to_side_loudness": -6.506792068481445,
      "mid_to_side_loudness_range": 13.297282218933105,
      "side_mean": -30.43450927734375
    },
    {
      "high_freq": 2549.74365234375,
      "loudness": -22.995378494262695,
      "loudness_range": 13.838254928588867,
      "low_freq": 1457.5709228515625,
      "mid_mean": -20.258956909179688,
      "mid_to_side_loudness": -7.577974319458008,
      "mid_to_side_loudness_range": 12.57296371459961,
      "side_mean": -27.913524627685547
    },
    {
      "high_freq": 4349.24462890625,
      "loudness": -26.26963996887207,
      "loudness_range": 14.534849166870117,
      "low_freq": 2549.74365234375,
      "mid_mean": -23.15082550048828,
      "mid_to_side_loudness": -9.689860343933105,
      "mid_to_side_loudness_range": 11.232523918151855,
      "side_mean": -33.021240234375
    },
    {
      "high_freq": 7314.1640625,
      "loudness": -28.557464599609375,
      "loudness_range": 14.15835952758789,
      "low_freq": 4349.24462890625,
      "mid_mean": -25.32269287109375,
      "mid_to_side_loudness": -10.830740928649902,
      "mid_to_side_loudness_range": 10.407384872436523,
      "side_mean": -36.60675048828125
    },
    {
      "high_freq": 12199.2666015625,
      "loudness": -28.35805892944336,
      "loudness_range": 13.712860107421875,
      "low_freq": 7314.1640625,
      "mid_mean": -25.04555892944336,
      "mid_to_side_loudness": -10.753464698791504,
      "mid_to_side_loudness_range": 8.796525955200195,
      "side_mean": -36.300296783447266
    },
    {
      "loudness": -33.351959228515625,
      "loudness_range": 9.921297073364258,
      "low_freq": 12199.2666015625,
      "mid_mean": -30.282180786132812,
      "mid_to_side_loudness": -8.741055488586426,
      "mid_to_side_loudness_range": 4.981020927429199,
      "side_mean": -39.46866226196289
    }
  ],
  "bands_short": [
    {
      "high_freq": 148.1999969482422,
      "loudness": -29.772924423217773,
      "loudness_range": 29.331809997558594,
      "mid_mean": -26.442487716674805,
      "mid_to_side_loudness": -14.128127098083496,
      "mid_to_side_loudness_range": 19.978891372680664,
      "side_mean": -41.59767150878906
    },
    {
      "high_freq": 392.3793640136719,
      "loudness": -20.38637351989746,
      "loudness_range": 16.177242279052734,
      "low_freq": 148.1999969482422,
      "mid_mean": -17.467432022094727,
      "mid_to_side_loudness": -9.142594337463379,
      "mid_to_side_loudness_range": 14.672754287719727,
      "side_mean": -26.697113037109375
    },
    {
      "high_freq": 794.6976318359375,
      "loudness": -22.860212326049805,
      "loudness_range": 14.3594331741333,
      "low_freq": 392.3793640136719,
      "mid_mean": -20.41357421875,
      "mid_to_side_loudness": -6.2763991355896,
      "mid_to_side_loudness_range": 12.78952693939209,
      "side_mean": -26.687829971313477
    },
    {
      "high_freq": 1457.5709228515625,
      "loudness": -27.426240921020508,
      "loudness_range": 19.1447811126709,
      "low_freq": 794.6976318359375,
      "mid_mean": -25.270004272460938,
      "mid_to_side_loudness": -5.628610134124756,
      "mid_to_side_loudness_range": 15.358224868774414,
      "side_mean": -30.936656951904297
    },
    {
      "high_freq": 2549.74365234375,
      "loudness": -24.18266487121582,
      "loudness_range": 17.10226821899414,
      "low_freq": 1457.5709228515625,
      "mid_mean": -21.738290786743164,
      "mid_to_side_loudness": -6.739253997802734,
      "mid_to_side_loudness_range": 14.367473602294922,
      "side_mean": -28.511024475097656
    },
    {
      "high_freq": 4349.24462890625,
      "loudness": -27.352094650268555,
      "loudness_range": 18.711427688598633,
      "low_freq": 2549.74365234375,
      "mid_mean": -24.331449508666992,
      "mid_to_side_loudness": -9.264552116394043,
      "mid_to_side_loudness_range": 12.55247974395752,
      "side_mean": -33.749961853027344
    },
    {
      "high_freq": 7314.1640625,
      "loudness": -32.43737030029297,
      "loudness_range": 24.601285934448242,
      "low_freq": 4349.24462890625,
      "mid_mean": -29.373998641967773,
      "mid_to_side_loudness": -10.029519081115723,
      "mid_to_side_loudness_range": 12.47103500366211,
      "side_mean": -39.799095153808594
    },
    {
      "high_freq": 12199.2666015625,
      "loudness": -34.27796936035156,
      "loudness_range": 28.554025650024414,
      "low_freq": 7314.1640625,
      "mid_mean": -31.08733558654785,
      "mid_to_side_loudness": -11.45448112487793,
      "mid_to_side_loudness_range": 13.855369567871094,
      "side_mean": -44.11015319824219
    },
    {
      "loudness": -43.59531784057617,
      "loudness_range": 35.5870246887207,
      "low_freq": 12199.2666015625,
      "mid_mean": -40.38602828979492,
      "mid_to_side_loudness": -10.00380802154541,
      "mid_to_side_loudness_range": 11.3944091796875,
      "side_mean": -51.18355178833008
    }
  ],
  "channels": 2,
  "covariance": [
    [
      63.77444839477539,
      21.51850700378418,
      23.151033401489258,
      7.9790825843811035,
      15.521966934204102,
      14.266914367675781,
      25.222702026367188,
      20.149349212646484,
      23.704750061035156,
      20.07851219177246,
      25.265193939208984,
      24.628108978271484,
      17.270042419433594,
      20.606033325195312,
      13.346671104431152,
      13.234284400939941,
      11.24294662475586,
      12.265615463256836
    ],
    [
      21.51850700378418,
      21.61478614807129,
      8.83236026763916,
      5.460288047790527,
      6.1089253425598145,
      7.9216508865356445,
      9.780914306640625,
      11.452733039855957,
      9.489518165588379,
      10.604238510131836,
      10.03553295135498,
      12.54183292388916,
      5.106739521026611,
      8.701409339904785,
      3.941983699798584,
      4.787312984466553,
      2.996735095977783,
      3.3724465370178223
    ],
    [
      23.151033401489258,
      8.83236026763916,
      22.94038200378418,
      10.733068466186523,
      16.606847763061523,
      12.727983474731445,
      19.765710830688477,
      13.6624755859375,
      20.38734245300293,
      13.48255443572998,
      22.093351364135742,
      18.894041061401367,
      18.176563262939453,
      16.68197250366211,
      13.919252395629883,
      12.49111557006836,
      9.838292121887207,
      10.154001235961914
    ],
    [
      7.9790825843811035,
      5.460288047790527,
      10.733068466186523,
      12.086727142333984,
      10.133543968200684,
      11.014457702636719,
      11.471678733825684,
      10.539344787597656,
      11.05459976196289,
      9.91537857055664,
      10.744477272033691,
      12.517064094543457,
      7.760592937469482,
      9.603285789489746,
      5.838631629943848,
      6.386135101318359,
      3.3266260623931885,
      3.907620668411255
    ],
    [
      15.521966934204102,
      6.1089253425598145,
      16.606847763061523,
      10.133543968200684,
      24.050893783569336,
      14.087440490722656,
      23.47185707092285,
      13.377462387084961,
      20.588769912719727,
      12.051689147949219,
      20.405061721801758,
      17.307228088378906,
      14.276785850524902,
      12.772689819335938,
      10.326142311096191,
      8.583917617797852,
      6.5306291580200195,
      6.721075057983398
    ],
    [
      14.266914367675781,
      7.9216508865356445,
      12.727983474731445,
      11.014457702636719,
      14.087440490722656,
      16.88727378845215,
      16.260009765625,
      14.528491973876953,
      14.38335132598877,
      13.671476364135742,
      14.088410377502441,
      17.66644287109375,
      9.740180015563965,
      12.417604446411133,
      7.977350234985352,
      8.351229667663574,
      5.087368488311768,
      5.4434356689453125
    ],
    [
      25.222702026367188,
      9.780914306640625,
      19.765710830688477,
      11.471678733825684,
      23.47185707092285,
      16.260009765625,
      41.55512619018555,
      21.223970413208008,
      29.692462921142578,
      17.193140029907227,
      27.603700637817383,
      23.341983795166016,
      18.337223052978516,
      18.247926712036133,
      12.045985221862793,
      11.225894927978516,
      8.428540229797363,
      8.884089469909668
    ],
    [
      20.149349212646484,
      11.452733039855957,
      13.6624755859375,
      10.539344787597656,
      13.377462387084961,
      14.528491973876953,
      21.223970413208008,
      20.577587127685547,
      17.126567840576172,
      16.21886444091797,
      16.564088821411133,
      19.82408905029297,
      10.592982292175293,
      14.535828590393066,
      8.096342086791992,
      8.519072532653809,
      5.8341569900512695,
      5.865377902984619
    ],
    [
      23.704750061035156,
      9.489518165588379,
      20.38734245300293,
      11.05459976196289,
      20.588769912719727,
      14.38335132598877,
      29.692462921142578,
      17.126567840576172,
      32.35624313354492,
      16.997549057006836,
      30.52449607849121,
      23.19537925720215,
      19.193368911743164,
      18.68476104736328,
      13.343472480773926,
      12.305916786193848,
      8.845186233520508,
      9.314075469970703
    ],
    [
      20.07851219177246,
      10.604238510131836,
      13.48255443572998,
      9.91537857055664,
      12.051689147949219,
      13.671476364135742,
      17.193140029907227,
      16.21886444091797,
      16.997549057006836,
      18.140090942382812,
      17.051050186157227,
      20.626285552978516,
      9.833024978637695,
      14.653289794921875,
      6.780900955200195,
      7.4554524421691895,
      5.038583755493164,
      5.604562282562256
    ],
    [
      25.265193939208984,
      10.03553295135498,
      22.093351364135742,
      10.744477272033691,
      20.405061721801758,
      14.088410377502441,
      27.603700637817383,
      16.564088821411133,
      30.52449607849121,
      17.051050186157227,
      34.882232666015625,
      25.26148223876953,
      23.162246704101562,
      21.90850257873535,
      15.503110885620117,
      14.178946495056152,
      10.404260635375977,
      11.039414405822754
    ],
    [
      24.628108978271484,
      12.54183292388916,
      18.894041061401367,
      12.517064094543457,
      17.307228088378906,
      17.66644287109375,
      23.341983795166016,
      19.82408905029297,
      23.19537925720215,
      20.626285552978516,
      25.26148223876953,
      28.99264907836914,
      16.673446655273438,
      21.955835342407227,
      11.218222618103027,
      12.220958709716797,
      7.370702743530273,
      8.230896949768066
    ],
    [
      17.270042419433594,
      5.106739521026611,
      18.176563262939453,
      7.760592937469482,
      14.276785850524902,
      9.740180015563965,
      18.337223052978516,
      10.592982292175293,
      19.193368911743164,
      9.833024978637695,
      23.162246704101562,
      16.673446655273438,
      32.54624938964844,
      24.768028259277344,
      22.788082122802734,
      21.229448318481445,
      15.636171340942383,
      16.71636199951172
    ],
    [
      20.606033325195312,
      8.701409339904785,
      16.68197250366211,
      9.603285789489746,
      12.772689819335938,
      12.417604446411133,
      18.247926712036133,
      14.535828590393066,
      18.68476104736328,
      14.653289794921875,
      21.90850257873535,
      21.955835342407227,
      24.768028259277344,
      31.042184829711914,
      17.30121421813965,
      20.195430755615234,
      12.49990463256836,
      14.794556617736816
    ],
    [
      13.346671104431152,
      3.941983699798584,
      13.919252395629883,
      5.838631629943848,
      10.326142311096191,
      7.977350234985352,
      12.045985221862793,
      8.096342086791992,
      13.343472480773926,
      6.780900955200195,
      15.503110885620117,
      11.218222618103027,
      22.788082122802734,
      17.30121421813965,
      28.52556800842285,
      23.265562057495117,
      20.523000717163086,
      20.662866592407227
    ],
    [
      13.234284400939941,
      4.787312984466553,
      12.49111557006836,
      6.386135101318359,
      8.583917617797852,
      8.351229667663574,
      11.225894927978516,
      8.519072532653809,
      12.305916786193848,
      7.4554524421691895,
      14.178946495056152,
      12.220958709716797,
      21.229448318481445,
      20.195430755615234,
      23.265562057495117,
      25.833484649658203,
      17.76287269592285,
      20.18773078918457
    ],
    [
      11.24294662475586,
      2.996735095977783,
      9.838292121887207,
      3.3266260623931885,
      6.5306291580200195,
      5.087368488311768,
      8.428540229797363,
      5.8341569900512695,
      8.845186233520508,
      5.038583755493164,
      10.404260635375977,
      7.370702743530273,
      15.636171340942383,
      12.49990463256836,
      20.523000717163086,
      17.76287269592285,
      22.674772262573242,
      20.6434383392334
    ],
    [
      12.265615463256836,
      3.3724465370178223,
      10.154001235961914,
      3.907620668411255,
      6.721075057983398,
      5.4434356689453125,
      8.884089469909668,
      5.865377902984619,
      9.314075469970703,
      5.604562282562256,
      11.039414405822754,
      8.230896949768066,
      16.71636199951172,
      14.794556617736816,
      20.662866592407227,
      20.18773078918457,
      20.6434383392334,
      24.289159774780273
    ]
  ],
  "covariance_short": [
    [
      99.84626007080078,
      42.77166748046875,
      33.82870101928711,
      6.54723596572876,
      14.522611618041992,
      11.718161582946777,
      26.963088989257812,
      22.260560989379883,
      25.169925689697266,
      21.828824996948242,
      26.68120765686035,
      25.04895782470703,
      28.008359909057617,
      30.817922592163086,
      25.86984634399414,
      34.21622085571289,
      34.54358673095703,
      33.71125030517578
    ],
    [
      42.77166748046875,
      45.25796890258789,
      14.708118438720703,
      6.726722240447998,
      8.13835620880127,
      10.039338111877441,
      16.572612762451172,
      17.00145721435547,
      15.199400901794434,
      15.405610084533691,
      15.717694282531738,
      16.630191802978516,
      12.781854629516602,
      17.218942642211914,
      11.221822738647461,
      15.884521484375,
      13.889765739440918,
      12.872655868530273
    ],
    [
      33.82870101928711,
      14.708118438720703,
      34.557098388671875,
      10.791818618774414,
      18.778060913085938,
      12.628933906555176,
      22.703916549682617,
      15.496298789978027,
      22.36200714111328,
      15.67785358428955,
      25.126203536987305,
      21.633317947387695,
      28.42038345336914,
      27.329376220703125,
      26.398744583129883,
      32.901859283447266,
      32.6224479675293,
      30.702404022216797
    ],
    [
      6.54723596572876,
      6.726722240447998,
      10.791818618774414,
      13.836009979248047,
      10.795042991638184,
      11.462418556213379,
      11.684151649475098,
      10.059539794921875,
      11.613700866699219,
      10.185019493103027,
      11.858091354370117,
      12.560665130615234,
      11.352219581604004,
      13.706243515014648,
      11.131640434265137,
      15.167258262634277,
      13.893265724182129,
      11.901312828063965
    ],
    [
      14.522611618041992,
      8.13835620880127,
      18.778060913085938,
      10.795042991638184,
      31.509349822998047,
      15.27413272857666,
      27.15687370300293,
      14.404006958007812,
      25.43468475341797,
      13.381465911865234,
      25.817262649536133,
      19.649871826171875,
      22.53248405456543,
      20.993989944458008,
      20.39249038696289,
      24.865650177001953,
      24.292098999023438,
      21.539945602416992
    ],
    [
      11.718161582946777,
      10.039338111877441,
      12.628933906555176,
      11.462418556213379,
      15.27413272857666,
      19.318376541137695,
      16.535282135009766,
      14.60051155090332,
      14.868200302124023,
      14.024767875671387,
      15.46618938446045,
      17.455562591552734,
      15.80602741241455,
      19.137346267700195,
      15.89851188659668,
      20.276269912719727,
      18.1102294921875,
      16.30246353149414
    ],
    [
      26.963088989257812,
      16.572612762451172,
      22.703916549682617,
      11.684151649475098,
      27.15687370300293,
      16.535282135009766,
      54.087642669677734,
      25.312440872192383,
      37.879207611083984,
      20.45680809020996,
      36.055545806884766,
      27.59214210510254,
      29.50159454345703,
      29.291288375854492,
      24.98282814025879,
      32.30611801147461,
      32.335357666015625,
      28.192588806152344
    ],
    [
      22.260560989379883,
      17.00145721435547,
      15.496298789978027,
      10.059539794921875,
      14.404006958007812,
      14.60051155090332,
      25.312440872192383,
      24.80280876159668,
      19.37852668762207,
      17.714702606201172,
      19.903640747070312,
      21.73795509338379,
      19.480026245117188,
      23.334440231323242,
      18.545936584472656,
      23.821447372436523,
      22.287322998046875,
      19.862289428710938
    ],
    [
      25.169925689697266,
      15.199400901794434,
      22.36200714111328,
      11.613700866699219,
      25.43468475341797,
      14.868200302124023,
      37.879207611083984,
      19.37852668762207,
      45.88176727294922,
      20.999311447143555,
      41.58554458618164,
      27.921796798706055,
      31.25374984741211,
      29.05879020690918,
      24.30161476135254,
      32.737022399902344,
      30.573991775512695,
      26.512344360351562
    ],
    [
      21.828824996948242,
      15.405610084533691,
      15.67785358428955,
      10.185019493103027,
      13.381465911865234,
      14.024767875671387,
      20.45680809020996,
      17.714702606201172,
      20.999311447143555,
      21.986003875732422,
      20.974733352661133,
      23.075698852539062,
      18.61612892150879,
      23.925859451293945,
      15.558608055114746,
      22.03683853149414,
      19.45427131652832,
      17.16708755493164
    ],
    [
      26.68120765686035,
      15.717694282531738,
      25.126203536987305,
      11.858091354370117,
      25.817262649536133,
      15.46618938446045,
      36.055545806884766,
      19.903640747070312,
      41.58554458618164,
      20.974733352661133,
      48.73485565185547,
      32.23029327392578,
      40.3360595703125,
      35.881263732910156,
      31.653564453125,
      40.36922836303711,
      37.103614807128906,
      31.519203186035156
    ],
    [
      25.04895782470703,
      16.630191802978516,
      21.633317947387695,
      12.560665130615234,
      19.649871826171875,
      17.455562591552734,
      27.59214210510254,
      21.73795509338379,
      27.921796798706055,
      23.075698852539062,
      32.23029327392578,
      33.788726806640625,
      30.87836456298828,
      35.57756423950195,
      25.763137817382812,
      35.077545166015625,
      29.920032501220703,
      27.886411666870117
    ],
    [
      28.008359909057617,
      12.781854629516602,
      28.42038345336914,
      11.352219581604004,
      22.53248405456543,
      15.80602741241455,
      29.50159454345703,
      19.480026245117188,
      31.25374984741211,
      18.61612892150879,
      40.3360595703125,
      30.87836456298828,
      76.47809600830078,
      61.74655532836914,
      75.44729614257812,
      85.12130737304688,
      84.67963409423828,
      79.04654693603516
    ],
    [
      30.817922592163086,
      17.218942642211914,
      27.329376220703125,
      13.706243515014648,
      20.993989944458008,
      19.137346267700195,
      29.291288375854492,
      23.334440231323242,
      29.05879020690918,
      23.925859451293945,
      35.881263732910156,
      35.57756423950195,
      61.74655532836914,
      67.32806396484375,
      60.84788131713867,
      79.24574279785156,
      72.01603698730469,
      73.60067749023438
    ],
    [
      25.86984634399414,
      11.221822738647461,
      26.398744583129883,
      11.131640434265137,
      20.39249038696289,
      15.89851188659668,
      24.98282814025879,
      18.545936584472656,
      24.30161476135254,
      15.558608055114746,
      31.653564453125,
      25.763137817382812,
      75.44729614257812,
      60.84788131713867,
      104.4610824584961,
      100.89981079101562,
      109.57675170898438,
      98.89230346679688
    ],
    [
      34.21622085571289,
      15.884521484375,
      32.901859283447266,
      15.167258262634277,
      24.865650177001953,
      20.276269912719727,
      32.30611801147461,
      23.821447372436523,
      32.737022399902344,
      22.03683853149414,
      40.36922836303711,
      35.077545166015625,
      85.12130737304688,
      79.24574279785156,
      100.89981079101562,
      125.9780044555664,
      122.00592041015625,
      120.50006866455078
    ],
    [
      34.54358673095703,
      13.889765739440918,
      32.6224479675293,
      13.893265724182129,
      24.292098999023438,
      18.1102294921875,
      32.335357666015625,
      22.287322998046875,
      30.573991775512695,
      19.45427131652832,
      37.103614807128906,
      29.920032501220703,
      84.67963409423828,
      72.01603698730469,
      109.57675170898438,
      122.00592041015625,
      143.6798858642578,
      130.4839630126953
    ],
    [
      33.71125030517578,
      12.872655868530273,
      30.702404022216797,
      11.901312828063965,
      21.539945602416992,
      16.30246353149414,
      28.192588806152344,
      19.862289428710938,
      26.512344360351562,
      17.16708755493164,
      31.519203186035156,
      27.886411666870117,
      79.04654693603516,
      73.60067749023438,
      98.89230346679688,
      120.50006866455078,
      130.4839630126953,
      146.22752380371094
    ]
  ],
  "drr": 18.20290184020996,
  "dynamics": 3.762094020843506,
  "format": 1245190,
  "frames": 10115008,
  "loudness": -10.269979476928711,
  "loudness_range": 10.187387466430664,
  "loudness_range_short": 13.786964416503906,
  "peak": 0.8458565473556519,
  "rms": -12.22867202758789,
  "sample_rate": 44100,
  "sections": 1,
  "seekable": 1,
  "sharpness": 3.0674121379852295,
  "space": -9.078892707824707
}