{
  "bands": [
    {
      "high_freq": 148.1999969482422,
      "loudness": -22.967493057250977,
      "loudness_range": 13.561643600463867,
      "mid_mean": -19.689733505249023,
      "mid_to_side_loudness": -13.924470901489258,
      "mid_to_side_loudness_range": 18.826520919799805,
      "side_mean": -33.453392028808594
    },
    {
      "high_freq": 392.3793640136719,
      "loudness": -21.479206085205078,
      "loudness_range": 12.418527603149414,
      "low_freq": 148.1999969482422,
      "mid_mean": -18.884201049804688,
      "mid_to_side_loudness": -7.214080333709717,
      "mid_to_side_loudness_range": 13.645995140075684,
      "side_mean": -26.08907127380371
    },
    {
      "high_freq": 794.6976318359375,
      "loudness": -25.40496826171875,
      "loudness_range": 20.15298080444336,
      "low_freq": 392.3793640136719,
      "mid_mean": -22.87967300415039,
      "mid_to_side_loudness": -7.824333190917969,
      "mid_to_side_loudness_range": 18.109249114990234,
      "side_mean": -30.88697624206543
    },
    {
      "high_freq": 1457.5709228515625,
      "loudness": -32.27547836303711,
      "loudness_range": 30.726511001586914,
      "low_freq": 794.6976318359375,
      "mid_mean": -29.638338088989258,
      "mid_to_side_loudness": -9.190895080566406,
      "mid_to_side_loudness_range": 22.06451416015625,
      "side_mean": -39.0286750793457
    },
    {
      "high_freq": 2549.74365234375,
      "loudness": -35.8267822265625,
      "loudness_range": 26.460615158081055,
      "low_freq": 1457.5709228515625,
      "mid_mean": -33.26932144165039,
      "mid_to_side_loudness": -9.520791053771973,
      "mid_to_side_loudness_range": 22.685068130493164,
      "side_mean": -42.94042205810547
    },
    {
      "high_freq": 4349.24462890625,
      "loudness": -40.36837387084961,
      "loudness_range": 25.63332176208496,
      "low_freq": 2549.74365234375,
      "mid_mean": -37.453155517578125,
      "mid_to_side_loudness": -12.820976257324219,
      "mid_to_side_loudness_range": 24.11175537109375,
      "side_mean": -51.07781219482422
    },
    {
      "high_freq": 7314.1640625,
      "loudness": -46.14585494995117,
      "loudness_range": 26.505687713623047,
      "low_freq": 4349.24462890625,
      "mid_mean": -43.200767517089844,
      "mid_to_side_loudness": -12.442619323730469,
      "mid_to_side_loudness_range": 24.01827621459961,
      "side_mean": -55.98896789550781
    },
    {
      "high_freq": 12199.2666015625,
      "loudness": -45.18411636352539,
      "loudness_range": 30.211660385131836,
      "low_freq": 7314.1640625,
      "mid_mean": -42.180885314941406,
      "mid_to_side_loudness": -17.730924606323242,
      "mid_to_side_loudness_range": 25.4949893951416,
      "side_mean": -60.04109191894531
    },
    {
      "loudness": -52.511138916015625,
      "loudness_range": 26.156051635742188,
      "low_freq": 12199.2666015625,
      "mid_mean": -49.17057418823242,
      "mid_to_side_loudness": -15.913460731506348,
      "mid_to_side_loudness_range": 22.238685607910156,
      "side_mean": -63.839420318603516
    }
  ],
  "bands_short": [
    {
      "high_freq": 148.1999969482422,
      "loudness": -26.206016540527344,
      "loudness_range": 20.032894134521484,
      "mid_mean": -22.90235137939453,
      "mid_to_side_loudness": -15.959946632385254,
      "mid_to_side_loudness_range": 23.73208236694336,
      "side_mean": -38.93552017211914
    },
    {
      "high_freq": 392.3793640136719,
      "loudness": -21.81379508972168,
      "loudness_range": 14.874775886535645,
      "low_freq": 148.1999969482422,
      "mid_mean": -19.307443618774414,
      "mid_to_side_loudness": -7.230594158172607,
      "mid_to_side_loudness_range": 14.783302307128906,
      "side_mean": -26.344337463378906
    },
    {
      "high_freq": 794.6976318359375,
      "loudness": -26.44818115234375,
      "loudness_range": 23.159950256347656,
      "low_freq": 392.3793640136719,
      "mid_mean": -24.264177322387695,
      "mid_to_side_loudness": -6.440091133117676,
      "mid_to_side_loudness_range": 19.0317325592041,
      "side_mean": -30.939559936523438
    },
    {
      "high_freq": 1457.5709228515625,
      "loudness": -34.535831451416016,
      "loudness_range": 34.425941467285156,
      "low_freq": 794.6976318359375,
      "mid_mean": -32.25360107421875,
      "mid_to_side_loudness": -7.705753326416016,
      "mid_to_side_loudness_range": 22.964374542236328,
      "side_mean": -40.221805572509766
    },
    {
      "high_freq": 2549.74365234375,
      "loudness": -38.447322845458984,
      "loudness_range": 31.116098403930664,
      "low_freq": 1457.5709228515625,
      "mid_mean": -36.28286361694336,
      "mid_to_side_loudness": -7.7635087966918945,
      "mid_to_side_loudness_range": 23.787858963012695,
      "side_mean": -44.293819427490234
    },
    {
      "high_freq": 4349.24462890625,
      "loudness": -43.02505874633789,
      "loudness_range": 31.135032653808594,
      "low_freq": 2549.74365234375,
      "mid_mean": -40.400482177734375,
      "mid_to_side_loudness": -11.328943252563477,
      "mid_to_side_loudness_range": 25.307783126831055,
      "side_mean": -52.81855010986328
    },
    {
      "high_freq": 7314.1640625,
      "loudness": -49.82209777832031,
      "loudness_range": 31.04155731201172,
      "low_freq": 4349.24462890625,
      "mid_mean": -47.75027847290039,
      "mid_to_side_loudness": -10.853269577026367,
      "mid_to_side_loudness_range": 24.48964500427246,
      "side_mean": -58.76465606689453
    },
    {
      "high_freq": 12199.2666015625,
      "loudness": -48.13039016723633,
      "loudness_range": 33.592002868652344,
      "low_freq": 7314.1640625,
      "mid_mean": -47.680686950683594,
      "mid_to_side_loudness": -15.803051948547363,
      "mid_to_side_loudness_range": 27.124683380126953,
      "side_mean": -62.39950942993164
    },
    {
      "loudness": -55.82645797729492,
      "loudness_range": 27.103900909423828,
      "low_freq": 12199.2666015625,
      "mid_mean": -52.563533782958984,
      "mid_to_side_loudness": -13.308670043945312,
      "mid_to_side_loudness_range": 23.75259017944336,
      "side_mean": -64.92987823486328
    }
  ],
  "channels": 2,
  "covariance": [
    [
      30.025846481323242,
      6.756900310516357,
      8.778629302978516,
      9.369117736816406,
      6.589169025421143,
      6.1372528076171875,
      4.592367649078369,
      5.071222305297852,
      1.3033101558685303,
      2.054616928100586,
      4.227543830871582,
      7.941402912139893,
      0.3148590922355652,
      6.09834098815918,
      -0.7853032946586609,
      3.433906316757202,
      3.530395269393921,
      -0.10939160734415054
    ],
    [
      6.756900310516357,
      23.076757431030273,
      2.792907238006592,
      7.920280933380127,
      -2.1323204040527344,
      3.853794813156128,
      -5.4735307693481445,
      0.7728046774864197,
      -5.834692001342773,
      0.045552030205726624,
      -2.633908987045288,
      3.3868930339813232,
      -4.922265529632568,
      3.3613500595092773,
      -6.9060139656066895,
      -0.0793541967868805,
      -4.097744941711426,
      0.06832773983478546
    ],
    [
      8.778629302978516,
      2.792907238006592,
      23.62443733215332,
      12.309035301208496,
      16.295473098754883,
      7.191098213195801,
      17.887393951416016,
      7.731765270233154,
      17.197429656982422,
      7.8364129066467285,
      20.040788650512695,
      8.646172523498535,
      14.08219051361084,
      7.0576019287109375,
      19.01822280883789,
      7.520082473754883,
      17.331478118896484,
      2.18880295753479
    ],
    [
      9.369117736816406,
      7.920280933380127,
      12.309035301208496,
      24.3289737701416,
      10.049808502197266,
      13.357332229614258,
      13.300973892211914,
      15.434885025024414,
      10.563254356384277,
      14.878129959106445,
      10.440288543701172,
      15.050020217895508,
      4.945318698883057,
      12.507722854614258,
      4.253390789031982,
      7.599715709686279,
      5.439033508300781,
      3.1409878730773926
    ],
    [
      6.589169025421143,
      -2.1323204040527344,
      16.295473098754883,
      10.049808502197266,
      53.870269775390625,
      29.69069480895996,
      52.01972198486328,
      25.653188705444336,
      43.56199645996094,
      22.92486000061035,
      40.179847717285156,
      24.731035232543945,
      27.167171478271484,
      13.221502304077148,
      30.67457389831543,
      14.45438003540039,
      29.00301170349121,
      4.526268482208252
    ],
    [
      6.1372528076171875,
      3.853794813156128,
      7.191098213195801,
      13.357332229614258,
      29.69069480895996,
      47.396121978759766,
      28.04147720336914,
      36.739410400390625,
      18.40887451171875,
      32.62466049194336,
      12.026021957397461,
      30.868980407714844,
      2.9846091270446777,
      16.880449295043945,
      -4.075099945068359,
      9.193347930908203,
      -0.4041406214237213,
      3.6309638023376465
    ],
    [
      4.592367649078369,
      -5.4735307693481445,
      17.887393951416016,
      13.300973892211914,
      52.01972198486328,
      28.04147720336914,
      102.15978240966797,
      52.09140396118164,
      74.82567596435547,
      40.387603759765625,
      61.08200454711914,
      36.75187301635742,
      38.49545669555664,
      17.66883659362793,
      42.65890121459961,
      20.750947952270508,
      39.94401168823242,
      6.198357105255127
    ],
    [
      5.071222305297852,
      0.7728046774864197,
      7.731765270233154,
      15.434885025024414,
      25.653188705444336,
      36.739410400390625,
      52.09140396118164,
      63.461830139160156,
      28.741138458251953,
      45.339351654052734,
      18.235342025756836,
      42.62508773803711,
      4.538617134094238,
      21.866512298583984,
      -4.438051223754883,
      13.509087562561035,
      -0.5403355956077576,
      5.200536251068115
    ],
    [
      1.3033101558685303,
      -5.834692001342773,
      17.197429656982422,
      10.563254356384277,
      43.56199645996094,
      18.40887451171875,
      74.82567596435547,
      28.741138458251953,
      78.8998031616211,
      31.8643856048584,
      67.13143920898438,
      29.293994903564453,
      48.231964111328125,
      16.176822662353516,
      53.52402877807617,
      21.250661849975586,
      47.680076599121094,
      6.615390777587891
    ],
    [
      2.054616928100586,
      0.045552030205726624,
      7.8364129066467285,
      14.878129959106445,
      22.92486000061035,
      32.62466049194336,
      40.387603759765625,
      45.339351654052734,
      31.8643856048584,
      52.145057678222656,
      19.431669235229492,
      41.46067428588867,
      8.120630264282227,
      24.38994026184082,
      -0.8272932767868042,
      14.064111709594727,
      1.424797534942627,
      5.6052422523498535
    ],
    [
      4.227543830871582,
      -2.633908987045288,
      20.040788650512695,
      10.440288543701172,
      40.179847717285156,
      12.026021957397461,
      61.08200454711914,
      18.235342025756836,
      67.13143920898438,
      19.431669235229492,
      81.21349334716797,
      27.538097381591797,
      62.34117126464844,
      19.443870544433594,
      68.9917984008789,
      26.10001564025879,
      58.78594207763672,
      9.697784423828125
    ],
    [
      7.941402912139893,
      3.3868930339813232,
      8.646172523498535,
      15.050020217895508,
      24.731035232543945,
      30.868980407714844,
      36.75187301635742,
      42.62508773803711,
      29.293994903564453,
      41.46067428588867,
      27.538097381591797,
      58.67052459716797,
      15.01167106628418,
      38.15190124511719,
      4.500585079193115,
      24.586894989013672,
      11.343153953552246,
      10.913351058959961
    ],
    [
      0.3148590922355652,
      -4.922265529632568,
      14.08219051361084,
      4.945318698883057,
      27.167171478271484,
      2.9846091270446777,
      38.49545669555664,
      4.538617134094238,
      48.231964111328125,
      8.120630264282227,
      62.34117126464844,
      15.01167106628418,
      79.83760833740234,
      24.656841278076172,
      81.85978698730469,
      35.35926055908203,
      68.21470642089844,
      17.230966567993164
    ],
    [
      6.09834098815918,
      3.3613500595092773,
      7.0576019287109375,
      12.507722854614258,
      13.221502304077148,
      16.880449295043945,
      17.66883659362793,
      21.866512298583984,
      16.176822662353516,
      24.38994026184082,
      19.443870544433594,
      38.15190124511719,
      24.656841278076172,
      43.40671157836914,
      14.828156471252441,
      30.81571388244629,
      17.439437866210938,
      15.180216789245605
    ],
    [
      -0.7853032946586609,
      -6.9060139656066895,
      19.01822280883789,
      4.253390789031982,
      30.67457389831543,
      -4.075099945068359,
      42.65890121459961,
      -4.438051223754883,
      53.52402877807617,
      -0.8272932767868042,
      68.9917984008789,
      4.500585079193115,
      81.85978698730469,
      14.828156471252441,
      111.7890853881836,
      36.16560745239258,
      89.55237579345703,
      17.941484451293945
    ],
    [
      3.433906316757202,
      -0.0793541967868805,
      7.520082473754883,
      7.599715709686279,
      14.45438003540039,
      9.193347930908203,
      20.750947952270508,
      13.509087562561035,
      21.250661849975586,
      14.064111709594727,
      26.10001564025879,
      24.586894989013672,
      35.35926055908203,
      30.81571388244629,
      36.16560745239258,
      34.79807662963867,
      32.73521423339844,
      17.89236831665039
    ],
    [
      3.530395269393921,
      -4.097744941711426,
      17.331478118896484,
      5.439033508300781,
      29.00301170349121,
      -0.4041406214237213,
      39.94401168823242,
      -0.5403355956077576,
      47.680076599121094,
      1.424797534942627,
      58.78594207763672,
      11.343153953552246,
      68.21470642089844,
      17.439437866210938,
      89.55237579345703,
      32.73521423339844,
      84.2452621459961,
      17.712932586669922
    ],
    [
      -0.10939160734415054,
      0.06832773983478546,
      2.18880295753479,
      3.1409878730773926,
      4.526268482208252,
      3.6309638023376465,
      6.198357105255127,
      5.200536251068115,
      6.615390777587891,
      5.6052422523498535,
      9.697784423828125,
      10.913351058959961,
      17.230966567993164,
      15.180216789245605,
      17.941484451293945,
      17.89236831665039,
      17.712932586669922,
      13.559953689575195
    ]
  ],
  "covariance_short": [
    [
      54.53892517089844,
      16.88810920715332,
      18.322643280029297,
      11.166634559631348,
      12.204025268554688,
      9.30958366394043,
      11.389824867248535,
      7.289748191833496,
      9.67050838470459,
      6.478315353393555,
      11.777589797973633,
      12.363926887512207,
      11.298076629638672,
      11.576680183410645,
      11.672956466674805,
      7.765135765075684,
      10.257081985473633,
      1.050713300704956
    ],
    [
      16.88810920715332,
      47.66559600830078,
      12.138014793395996,
      13.450879096984863,
      -3.3040826320648193,
      1.282312273979187,
      -4.811636924743652,
      0.3706549108028412,
      -3.9842965602874756,
      -1.0357073545455933,
      -0.33099499344825745,
      6.918008327484131,
      1.9661061763763428,
      11.255077362060547,
      -1.2503751516342163,
      5.191295623779297,
      1.3395527601242065,
      3.1239511966705322
    ],
    [
      18.322643280029297,
      12.138014793395996,
      31.88064193725586,
      15.673376083374023,
      22.164278030395508,
      12.320436477661133,
      23.22635841369629,
      12.18102741241455,
      22.152896881103516,
      12.238992691040039,
      23.777280807495117,
      14.729884147644043,
      21.557689666748047,
      10.858026504516602,
      28.596527099609375,
      9.801858901977539,
      20.539791107177734,
      1.3825198411941528
    ],
    [
      11.166634559631348,
      13.450879096984863,
      15.673376083374023,
      27.646926879882812,
      13.736656188964844,
      17.19170379638672,
      17.314407348632812,
      17.334959030151367,
      14.760502815246582,
      17.922639846801758,
      13.330997467041016,
      18.31461524963379,
      10.72350788116455,
      15.006702423095703,
      9.246590614318848,
      8.950407028198242,
      7.805104732513428,
      3.3377561569213867
    ],
    [
      12.204025268554688,
      -3.3040826320648193,
      22.164278030395508,
      13.736656188964844,
      72.52130889892578,
      37.52284240722656,
      68.43830871582031,
      35.47227478027344,
      58.980926513671875,
      33.349422454833984,
      53.39950942993164,
      34.26700210571289,
      41.136756896972656,
      16.899930953979492,
      48.55414962768555,
      16.843687057495117,
      36.08766555786133,
      1.3250633478164673
    ],
    [
      9.30958366394043,
      1.282312273979187,
      12.320436477661133,
      17.19170379638672,
      37.52284240722656,
      50.731300354003906,
      36.5676155090332,
      39.06918716430664,
      27.666109085083008,
      36.239498138427734,
      18.806108474731445,
      33.19114303588867,
      11.030997276306152,
      18.155216217041016,
      4.725081920623779,
      10.240331649780273,
      4.957146644592285,
      2.8849477767944336
    ],
    [
      11.389824867248535,
      -4.811636924743652,
      23.22635841369629,
      17.314407348632812,
      68.43830871582031,
      36.5676155090332,
      128.93136596679688,
      66.51919555664062,
      95.38645935058594,
      54.66303253173828,
      80.08032989501953,
      51.36009216308594,
      57.761390686035156,
      22.596805572509766,
      64.14253234863281,
      23.753572463989258,
      48.89834976196289,
      1.9765464067459106
    ],
    [
      7.289748191833496,
      0.3706549108028412,
      12.18102741241455,
      17.334959030151367,
      35.47227478027344,
      39.06918716430664,
      66.51919555664062,
      70.75910949707031,
      41.7325325012207,
      51.945709228515625,
      28.23581314086914,
      47.9602165222168,
      15.956888198852539,
      24.71092414855957,
      5.303846836090088,
      15.125934600830078,
      5.643265247344971,
      4.287899971008301
    ],
    [
      9.67050838470459,
      -3.9842965602874756,
      22.152896881103516,
      14.760502815246582,
      58.980926513671875,
      27.666109085083008,
      95.38645935058594,
      41.7325325012207,
      107.02934265136719,
      47.77093505859375,
      93.87545013427734,
      46.533687591552734,
      75.94841766357422,
      25.62935447692871,
      83.1490478515625,
      28.311172485351562,
      60.75761795043945,
      3.901967763900757
    ],
    [
      6.478315353393555,
      -1.0357073545455933,
      12.238992691040039,
      17.922639846801758,
      33.349422454833984,
      36.239498138427734,
      54.66303253173828,
      51.945709228515625,
      47.77093505859375,
      63.07802200317383,
      30.803197860717773,
      49.218685150146484,
      21.79340362548828,
      29.126081466674805,
      11.675021171569824,
      17.328462600708008,
      8.724390029907227,
      5.368011951446533
    ],
    [
      11.777589797973633,
      -0.33099499344825745,
      23.777280807495117,
      13.330997467041016,
      53.39950942993164,
      18.806108474731445,
      80.08032989501953,
      28.23581314086914,
      93.87545013427734,
      30.803197860717773,
      119.695556640625,
      44.8330192565918,
      98.84357452392578,
      31.595619201660156,
      109.74699401855469,
      36.712406158447266,
      78.7942123413086,
      7.9879913330078125
    ],
    [
      12.363926887512207,
      6.918008327484131,
      14.729884147644043,
      18.31461524963379,
      34.26700210571289,
      33.19114303588867,
      51.36009216308594,
      47.9602165222168,
      46.533687591552734,
      49.218685150146484,
      44.8330192565918,
      69.13031768798828,
      36.26087188720703,
      45.9847526550293,
      24.289875030517578,
      29.301332473754883,
      24.14946746826172,
      10.650067329406738
    ],
    [
      11.298076629638672,
      1.9661061763763428,
      21.557689666748047,
      10.72350788116455,
      41.136756896972656,
      11.030997276306152,
      57.761390686035156,
      15.956888198852539,
      75.94841766357422,
      21.79340362548828,
      98.84357452392578,
      36.26087188720703,
      123.8897476196289,
      48.05940628051758,
      130.06698608398438,
      51.89852523803711,
      91.16950988769531,
      17.85750961303711
    ],
    [
      11.576680183410645,
      11.255077362060547,
      10.858026504516602,
      15.006702423095703,
      16.899930953979492,
      18.155216217041016,
      22.596805572509766,
      24.71092414855957,
      25.62935447692871,
      29.126081466674805,
      31.595619201660156,
      45.9847526550293,
      48.05940628051758,
      60.06611251831055,
      35.28707504272461,
      39.75653076171875,
      27.199419021606445,
      17.74627113342285
    ],
    [
      11.672956466674805,
      -1.2503751516342163,
      28.596527099609375,
      9.246590614318848,
      48.55414962768555,
      4.725081920623779,
      64.14253234863281,
      5.303846836090088,
      83.1490478515625,
      11.675021171569824,
      109.74699401855469,
      24.289875030517578,
      130.06698608398438,
      35.28707504272461,
      170.7445831298828,
      55.243690490722656,
      120.00562286376953,
      18.41473388671875
    ],
    [
      7.765135765075684,
      5.191295623779297,
      9.801858901977539,
      8.950407028198242,
      16.843687057495117,
      10.240331649780273,
      23.753572463989258,
      15.125934600830078,
      28.311172485351562,
      17.328462600708008,
      36.712406158447266,
      29.301332473754883,
      51.89852523803711,
      39.75653076171875,
      55.243690490722656,
      41.89792251586914,
      40.887939453125,
      18.71888542175293
    ],
    [
      10.257081985473633,
      1.3395527601242065,
      20.539791107177734,
      7.805104732513428,
      36.08766555786133,
      4.957146644592285,
      48.89834976196289,
      5.643265247344971,
      60.75761795043945,
      8.724390029907227,
      78.7942123413086,
      24.14946746826172,
      91.16950988769531,
      27.199419021606445,
      120.00562286376953,
      40.887939453125,
      98.4928207397461,
      16.51290512084961
    ],
    [
      1.050713300704956,
      3.1239511966705322,
      1.3825198411941528,
      3.3377561569213867,
      1.3250633478164673,
      2.8849477767944336,
      1.9765464067459106,
      4.287899971008301,
      3.901967763900757,
      5.368011951446533,
      7.9879913330078125,
      10.650067329406738,
      17.85750961303711,
      17.74627113342285,
      18.41473388671875,
      18.71888542175293,
      16.51290512084961,
      15.220172882080078
    ]
  ],
  "drr": 14.474365234375,
  "dynamics": 4.3362135887146,
  "format": 1245190,
  "frames": 8939520,
  "loudness": -12.674171447753906,
  "loudness_range": 12.129273414611816,
  "loudness_range_short": 16.19017791748047,
  "peak": 0.306488573551178,
  "rms": -13.378704071044922,
  "sample_rate": 44100,
  "sections": 1,
  "seekable": 1,
  "sharpness": 3.6047863960266113,
  "space": -9.219710350036621
}