{
  "bands": [
    {
      "high_freq": 148.1999969482422,
      "loudness": -23.563526153564453,
      "loudness_range": 15.010307312011719,
      "mid_mean": -19.928165435791016,
      "mid_to_side_loudness": -20.230146408081055,
      "mid_to_side_loudness_range": 13.910579681396484,
      "side_mean": -40.27296447753906
    },
    {
      "high_freq": 392.3793640136719,
      "loudness": -21.519840240478516,
      "loudness_range": 13.194711685180664,
      "low_freq": 148.1999969482422,
      "mid_mean": -18.295541763305664,
      "mid_to_side_loudness": -11.12998104095459,
      "mid_to_side_loudness_range": 11.436300277709961,
      "side_mean": -29.199012756347656
    },
    {
      "high_freq": 794.6976318359375,
      "loudness": -25.087509155273438,
      "loudness_range": 16.871376037597656,
      "low_freq": 392.3793640136719,
      "mid_mean": -22.208110809326172,
      "mid_to_side_loudness": -8.327567100524902,
      "mid_to_side_loudness_range": 11.661190032958984,
      "side_mean": -30.298337936401367
    },
    {
      "high_freq": 1457.5709228515625,
      "loudness": -30.99385643005371,
      "loudness_range": 17.577693939208984,
      "low_freq": 794.6976318359375,
      "mid_mean": -28.163881301879883,
      "mid_to_side_loudness": -7.986635208129883,
      "mid_to_side_loudness_range": 11.080734252929688,
      "side_mean": -36.039512634277344
    },
    {
      "high_freq": 2549.74365234375,
      "loudness": -31.493242263793945,
      "loudness_range": 16.88931655883789,
      "low_freq": 1457.5709228515625,
      "mid_mean": -28.4738712310791,
      "mid_to_side_loudness": -8.605626106262207,
      "mid_to_side_loudness_range": 8.59876823425293,
      "side_mean": -37.02730178833008
    },
    {
      "high_freq": 4349.24462890625,
      "loudness": -33.188507080078125,
      "loudness_range": 15.374395370483398,
      "low_freq": 2549.74365234375,
      "mid_mean": -30.156234741210938,
      "mid_to_side_loudness": -8.578084945678711,
      "mid_to_side_loudness_range": 7.266656398773193,
      "side_mean": -38.72317886352539
    },
    {
      "high_freq": 7314.1640625,
      "loudness": -34.447120666503906,
      "loudness_range": 15.848245620727539,
      "low_freq": 4349.24462890625,
      "mid_mean": -31.39137840270996,
      "mid_to_side_loudness": -8.635499000549316,
      "mid_to_side_loudness_range": 7.142378807067871,
      "side_mean": -40.032466888427734
    },
    {
      "high_freq": 12199.2666015625,
      "loudness": -35.02476501464844,
      "loudness_range": 11.270439147949219,
      "low_freq": 7314.1640625,
      "mid_mean": -32.261749267578125,
      "mid_to_side_loudness": -6.5288920402526855,
      "mid_to_side_loudness_range": 5.354630947113037,
      "side_mean": -38.79549789428711
    },
    {
      "loudness": -37.901145935058594,
      "loudness_range": 12.173372268676758,
      "low_freq": 12199.2666015625,
      "mid_mean": -35.35676956176758,
      "mid_to_side_loudness": -5.538057327270508,
      "mid_to_side_loudness_range": 5.948748588562012,
      "side_mean": -40.92577362060547
    }
  ],
  "bands_short": [
    {
      "high_freq": 148.1999969482422,
      "loudness": -29.043766021728516,
      "loudness_range": 26.375690460205078,
      "mid_mean": -25.570274353027344,
      "mid_to_side_loudness": -19.22031593322754,
      "mid_to_side_loudness_range": 23.10210609436035,
      "side_mean": -45.253448486328125
    },
    {
      "high_freq": 392.3793640136719,
      "loudness": -22.21295928955078,
      "loudness_range": 18.48752212524414,
      "low_freq": 148.1999969482422,
      "mid_mean": -19.08601188659668,
      "mid_to_side_loudness": -11.310346603393555,
      "mid_to_side_loudness_range": 17.383037567138672,
      "side_mean": -30.339305877685547
    },
    {
      "high_freq": 794.6976318359375,
      "loudness": -27.04196548461914,
      "loudness_range": 22.22772979736328,
      "low_freq": 392.3793640136719,
      "mid_mean": -24.474163055419922,
      "mid_to_side_loudness": -7.780987739562988,
      "mid_to_side_loudness_range": 15.326268196105957,
      "side_mean": -31.80002784729004
    },
    {
      "high_freq": 1457.5709228515625,
      "loudness": -31.811443328857422,
      "loudness_range": 22.021188735961914,
      "low_freq": 794.6976318359375,
      "mid_mean": -29.41852569580078,
      "mid_to_side_loudness": -6.829144477844238,
      "mid_to_side_loudness_range": 14.297533988952637,
      "side_mean": -35.89125061035156
    },
    {
      "high_freq": 2549.74365234375,
      "loudness": -34.765438079833984,
      "loudness_range": 24.68461036682129,
      "low_freq": 1457.5709228515625,
      "mid_mean": -32.191837310791016,
      "mid_to_side_loudness": -7.0539398193359375,
      "mid_to_side_loudness_range": 11.889516830444336,
      "side_mean": -39.175838470458984
    },
    {
      "high_freq": 4349.24462890625,
      "loudness": -37.726348876953125,
      "loudness_range": 25.388381958007812,
      "low_freq": 2549.74365234375,
      "mid_mean": -35.185302734375,
      "mid_to_side_loudness": -6.473219871520996,
      "mid_to_side_loudness_range": 11.080824851989746,
      "side_mean": -41.75592041015625
    },
    {
      "high_freq": 7314.1640625,
      "loudness": -40.09892272949219,
      "loudness_range": 28.149250030517578,
      "low_freq": 4349.24462890625,
      "mid_mean": -37.66374588012695,
      "mid_to_side_loudness": -5.953517913818359,
      "mid_to_side_loudness_range": 11.041410446166992,
      "side_mean": -43.807472229003906
    },
    {
      "high_freq": 12199.2666015625,
      "loudness": -41.7269401550293,
      "loudness_range": 28.8640079498291,
      "low_freq": 7314.1640625,
      "mid_mean": -39.581947326660156,
      "mid_to_side_loudness": -4.614382743835449,
      "mid_to_side_loudness_range": 9.080731391906738,
      "side_mean": -44.396053314208984
    },
    {
      "loudness": -46.109458923339844,
      "loudness_range": 31.56606674194336,
      "low_freq": 12199.2666015625,
      "mid_mean": -44.434410095214844,
      "mid_to_side_loudness": -3.2821292877197266,
      "mid_to_side_loudness_range": 7.667765140533447,
      "side_mean": -47.89564895629883
    }
  ],
  "channels": 2,
  "covariance": [
    [
      31.20659828186035,
      24.61689567565918,
      14.375375747680664,
      9.834571838378906,
      7.556966781616211,
      9.493127822875977,
      5.293041706085205,
      8.831022262573242,
      4.626286506652832,
      6.014611721038818,
      3.2049224376678467,
      3.497278928756714,
      1.454914927482605,
      2.1040725708007812,
      3.827378273010254,
      5.221634864807129,
      7.254083156585693,
      7.847733974456787
    ],
    [
      24.61689567565918,
      38.59474563598633,
      16.367769241333008,
      15.08405876159668,
      9.444426536560059,
      10.982224464416504,
      10.556838989257812,
      13.084076881408691,
      10.853974342346191,
      12.657755851745605,
      10.233695030212402,
      11.533884048461914,
      8.3897123336792,
      8.909552574157715,
      6.923596382141113,
      8.004799842834473,
      6.387181758880615,
      6.9806060791015625
    ],
    [
      14.375375747680664,
      16.367769241333008,
      25.419504165649414,
      20.46201515197754,
      16.62473487854004,
      15.219809532165527,
      11.823516845703125,
      10.960071563720703,
      11.329731941223145,
      9.585054397583008,
      7.968602657318115,
      8.123154640197754,
      4.792608737945557,
      4.683558940887451,
      3.3901560306549072,
      4.424732208251953,
      4.266151428222656,
      5.6838531494140625
    ],
    [
      9.834571838378906,
      15.08405876159668,
      20.46201515197754,
      36.57061767578125,
      18.86711883544922,
      21.258075714111328,
      12.673349380493164,
      14.774604797363281,
      10.023361206054688,
      10.19640827178955,
      6.019429683685303,
      8.197320938110352,
      2.7736921310424805,
      4.482733249664307,
      2.0629382133483887,
      3.7946083545684814,
      2.8459720611572266,
      5.292852878570557
    ],
    [
      7.556966781616211,
      9.444426536560059,
      16.62473487854004,
      18.86711883544922,
      36.59346008300781,
      27.354507446289062,
      22.755706787109375,
      19.997207641601562,
      23.26569366455078,
      20.583999633789062,
      12.64647102355957,
      13.406216621398926,
      6.5103840827941895,
      7.334155559539795,
      2.303466320037842,
      3.5648934841156006,
      0.9283969402313232,
      3.4842820167541504
    ],
    [
      9.493127822875977,
      10.982224464416504,
      15.219809532165527,
      21.258075714111328,
      27.354507446289062,
      36.86381912231445,
      22.009313583374023,
      27.89204978942871,
      19.351238250732422,
      21.840497970581055,
      9.93012809753418,
      13.7951078414917,
      5.018054008483887,
      7.88220739364624,
      2.7404754161834717,
      5.395619869232178,
      1.1700730323791504,
      4.6103715896606445
    ],
    [
      5.293041706085205,
      10.556838989257812,
      11.823516845703125,
      12.673349380493164,
      22.755706787109375,
      22.009313583374023,
      38.24722671508789,
      34.40317153930664,
      31.969640731811523,
      31.812335968017578,
      24.3502254486084,
      26.112886428833008,
      19.90803337097168,
      19.748600006103516,
      10.483394622802734,
      10.122485160827637,
      2.1837270259857178,
      3.4320566654205322
    ],
    [
      8.831022262573242,
      13.084076881408691,
      10.960071563720703,
      14.774604797363281,
      19.997207641601562,
      27.89204978942871,
      34.40317153930664,
      45.68425369262695,
      27.172061920166016,
      33.34685134887695,
      19.238487243652344,
      25.061702728271484,
      15.189931869506836,
      18.24113655090332,
      9.510890007019043,
      10.954042434692383,
      3.55792236328125,
      5.769590377807617
    ],
    [
      4.626286506652832,
      10.853974342346191,
      11.329731941223145,
      10.023361206054688,
      23.26569366455078,
      19.351238250732422,
      31.969640731811523,
      27.172061920166016,
      38.230220794677734,
      34.70122528076172,
      27.809024810791016,
      27.868484497070312,
      21.524892807006836,
      19.779878616333008,
      9.541224479675293,
      9.099393844604492,
      0.5707318782806396,
      2.1093392372131348
    ],
    [
      6.014611721038818,
      12.657755851745605,
      9.585054397583008,
      10.19640827178955,
      20.583999633789062,
      21.840497970581055,
      31.812335968017578,
      33.34685134887695,
      34.70122528076172,
      39.543216705322266,
      26.006418228149414,
      30.040401458740234,
      20.940311431884766,
      22.044586181640625,
      11.230239868164062,
      11.602269172668457,
      2.9364635944366455,
      4.404458522796631
    ],
    [
      3.2049224376678467,
      10.233695030212402,
      7.968602657318115,
      6.019429683685303,
      12.64647102355957,
      9.93012809753418,
      24.3502254486084,
      19.238487243652344,
      27.809024810791016,
      26.006418228149414,
      31.795637130737305,
      29.004732131958008,
      28.349889755249023,
      24.450336456298828,
      13.895495414733887,
      12.220622062683105,
      2.0341129302978516,
      2.3185181617736816
    ],
    [
      3.497278928756714,
      11.533884048461914,
      8.123154640197754,
      8.197320938110352,
      13.406216621398926,
      13.7951078414917,
      26.112886428833008,
      25.061702728271484,
      27.868484497070312,
      30.040401458740234,
      29.004732131958008,
      32.3228645324707,
      26.053415298461914,
      26.575634002685547,
      14.065488815307617,
      13.940934181213379,
      2.830303430557251,
      3.7478315830230713
    ],
    [
      1.454914927482605,
      8.3897123336792,
      4.792608737945557,
      2.7736921310424805,
      6.5103840827941895,
      5.018054008483887,
      19.90803337097168,
      15.189931869506836,
      21.524892807006836,
      20.940311431884766,
      28.349889755249023,
      26.053415298461914,
      31.072006225585938,
      26.215436935424805,
      17.831878662109375,
      14.765134811401367,
      5.0865864753723145,
      3.801846742630005
    ],
    [
      2.1040725708007812,
      8.909552574157715,
      4.683558940887451,
      4.482733249664307,
      7.334155559539795,
      7.88220739364624,
      19.748600006103516,
      18.24113655090332,
      19.779878616333008,
      22.044586181640625,
      24.450336456298828,
      26.575634002685547,
      26.215436935424805,
      27.15561294555664,
      16.379636764526367,
      15.965039253234863,
      4.970230579376221,
      5.026348114013672
    ],
    [
      3.827378273010254,
      6.923596382141113,
      3.3901560306549072,
      2.0629382133483887,
      2.303466320037842,
      2.7404754161834717,
      10.483394622802734,
      9.510890007019043,
      9.541224479675293,
      11.230239868164062,
      13.895495414733887,
      14.065488815307617,
      17.831878662109375,
      16.379636764526367,
      18.692190170288086,
      15.671907424926758,
      13.934598922729492,
      10.652442932128906
    ],
    [
      5.221634864807129,
      8.004799842834473,
      4.424732208251953,
      3.7946083545684814,
      3.5648934841156006,
      5.395619869232178,
      10.122485160827637,
      10.954042434692383,
      9.099393844604492,
      11.602269172668457,
      12.220622062683105,
      13.940934181213379,
      14.765134811401367,
      15.965039253234863,
      15.671907424926758,
      15.966314315795898,
      11.662346839904785,
      11.117199897766113
    ],
    [
      7.254083156585693,
      6.387181758880615,
      4.266151428222656,
      2.8459720611572266,
      0.9283969402313232,
      1.1700730323791504,
      2.1837270259857178,
      3.55792236328125,
      0.5707318782806396,
      2.9364635944366455,
      2.0341129302978516,
      2.830303430557251,
      5.0865864753723145,
      4.970230579376221,
      13.934598922729492,
      11.662346839904785,
      20.623626708984375,
      15.94584846496582
    ],
    [
      7.847733974456787,
      6.9806060791015625,
      5.6838531494140625,
      5.292852878570557,
      3.4842820167541504,
      4.6103715896606445,
      3.4320566654205322,
      5.769590377807617,
      2.1093392372131348,
      4.404458522796631,
      2.3185181617736816,
      3.7478315830230713,
      3.801846742630005,
      5.026348114013672,
      10.652442932128906,
      11.117199897766113,
      15.94584846496582,
      15.533708572387695
    ]
  ],
  "covariance_short": [
    [
      86.57732391357422,
      44.836524963378906,
      32.92420196533203,
      16.20777130126953,
      18.252443313598633,
      14.701163291931152,
      15.002010345458984,
      11.745031356811523,
      15.991253852844238,
      10.262578964233398,
      18.050813674926758,
      12.026103973388672,
      20.253643035888672,
      15.564923286437988,
      24.434337615966797,
      22.557310104370117,
      29.29522705078125,
      27.223262786865234
    ],
    [
      44.836524963378906,
      59.328529357910156,
      26.00474739074707,
      20.60580825805664,
      15.947837829589844,
      14.413698196411133,
      16.851835250854492,
      15.09566879272461,
      20.387802124023438,
      19.108152389526367,
      23.16146469116211,
      22.49839973449707,
      24.56996726989746,
      23.43811798095703,
      25.111459732055664,
      24.785476684570312,
      25.187206268310547,
      23.541791915893555
    ],
    [
      32.92420196533203,
      26.00474739074707,
      45.06256866455078,
      28.419822692871094,
      26.894033432006836,
      19.706682205200195,
      21.428234100341797,
      15.142230033874512,
      23.13786506652832,
      15.084678649902344,
      21.96050262451172,
      17.18311309814453,
      18.78046417236328,
      16.16841697692871,
      18.68165397644043,
      18.062604904174805,
      20.217449188232422,
      19.40462875366211
    ],
    [
      16.20777130126953,
      20.60580825805664,
      28.419822692871094,
      54.313419342041016,
      29.565109252929688,
      30.116012573242188,
      23.917667388916016,
      23.8702392578125,
      18.671457290649414,
      16.63905906677246,
      13.19830322265625,
      15.77727222442627,
      8.418095588684082,
      12.156582832336426,
      7.969419479370117,
      12.078490257263184,
      9.667335510253906,
      13.391003608703613
    ],
    [
      18.252443313598633,
      15.947837829589844,
      26.894033432006836,
      29.565109252929688,
      62.52577209472656,
      40.539955139160156,
      41.794918060302734,
      30.850948333740234,
      42.793548583984375,
      32.071136474609375,
      30.409610748291016,
      26.218305587768555,
      21.65889549255371,
      21.35028839111328,
      17.11507797241211,
      19.1355037689209,
      16.984310150146484,
      18.914636611938477
    ],
    [
      14.701163291931152,
      14.413698196411133,
      19.706682205200195,
      30.116012573242188,
      40.539955139160156,
      51.11994171142578,
      35.02227020263672,
      36.35667419433594,
      30.72286033630371,
      29.953123092651367,
      18.46202850341797,
      21.98896026611328,
      11.698686599731445,
      16.463376998901367,
      8.595048904418945,
      13.299066543579102,
      7.68032169342041,
      11.578227043151855
    ],
    [
      15.002010345458984,
      16.851835250854492,
      21.428234100341797,
      23.917667388916016,
      41.794918060302734,
      35.02227020263672,
      61.32001876831055,
      45.75795364379883,
      52.1851692199707,
      45.189903259277344,
      41.876243591308594,
      39.153076171875,
      35.20705032348633,
      32.67234420776367,
      28.474369049072266,
      27.299346923828125,
      21.016685485839844,
      20.2540225982666
    ],
    [
      11.745031356811523,
      15.09566879272461,
      15.142230033874512,
      23.8702392578125,
      30.850948333740234,
      36.35667419433594,
      45.75795364379883,
      59.17467498779297,
      38.772483825683594,
      42.9073371887207,
      27.826980590820312,
      33.97435760498047,
      23.38728904724121,
      27.876455307006836,
      18.798133850097656,
      22.106929779052734,
      12.465394020080566,
      14.677437782287598
    ],
    [
      15.991253852844238,
      20.387802124023438,
      23.13786506652832,
      18.671457290649414,
      42.793548583984375,
      30.72286033630371,
      52.1851692199707,
      38.772483825683594,
      71.79969024658203,
      56.30678176879883,
      56.81206130981445,
      49.425376892089844,
      49.08491897583008,
      42.25887680053711,
      40.533836364746094,
      36.598995208740234,
      32.26696014404297,
      28.89925193786621
    ],
    [
      10.262578964233398,
      19.108152389526367,
      15.084678649902344,
      16.63905906677246,
      32.071136474609375,
      29.953123092651367,
      45.189903259277344,
      42.9073371887207,
      56.30678176879883,
      61.3826789855957,
      45.40399932861328,
      47.70538330078125,
      39.44967269897461,
      39.36088562011719,
      31.958480834960938,
      31.63341522216797,
      23.7714900970459,
      22.613197326660156
    ],
    [
      18.050813674926758,
      23.16146469116211,
      21.96050262451172,
      13.19830322265625,
      30.409610748291016,
      18.46202850341797,
      41.876243591308594,
      27.826980590820312,
      56.81206130981445,
      45.40399932861328,
      75.45075225830078,
      58.17919158935547,
      73.3448257446289,
      56.60121536254883,
      64.6166000366211,
      52.761444091796875,
      52.89118957519531,
      42.95171356201172
    ],
    [
      12.026103973388672,
      22.49839973449707,
      17.18311309814453,
      15.77727222442627,
      26.218305587768555,
      21.98896026611328,
      39.153076171875,
      33.97435760498047,
      49.425376892089844,
      47.70538330078125,
      58.17919158935547,
      59.11250686645508,
      58.19380569458008,
      53.84291076660156,
      51.36235427856445,
      47.02063751220703,
      40.54591369628906,
      35.5159797668457
    ],
    [
      20.253643035888672,
      24.56996726989746,
      18.78046417236328,
      8.418095588684082,
      21.65889549255371,
      11.698686599731445,
      35.20705032348633,
      23.38728904724121,
      49.08491897583008,
      39.44967269897461,
      73.3448257446289,
      58.19380569458008,
      94.33997344970703,
      69.85433197021484,
      89.86470794677734,
      71.58314514160156,
      76.01568603515625,
      60.23748779296875
    ],
    [
      15.564923286437988,
      23.43811798095703,
      16.16841697692871,
      12.156582832336426,
      21.35028839111328,
      16.463376998901367,
      32.67234420776367,
      27.876455307006836,
      42.25887680053711,
      39.36088562011719,
      56.60121536254883,
      53.84291076660156,
      69.85433197021484,
      64.4357681274414,
      68.6154556274414,
      62.39186477661133,
      59.092594146728516,
      51.35224533081055
    ],
    [
      24.434337615966797,
      25.111459732055664,
      18.68165397644043,
      7.969419479370117,
      17.11507797241211,
      8.595048904418945,
      28.474369049072266,
      18.798133850097656,
      40.533836364746094,
      31.958480834960938,
      64.6166000366211,
      51.36235427856445,
      89.86470794677734,
      68.6154556274414,
      105.69025421142578,
      84.24618530273438,
      99.33702087402344,
      79.94637298583984
    ],
    [
      22.557310104370117,
      24.785476684570312,
      18.062604904174805,
      12.078490257263184,
      19.1355037689209,
      13.299066543579102,
      27.299346923828125,
      22.106929779052734,
      36.598995208740234,
      31.63341522216797,
      52.761444091796875,
      47.02063751220703,
      71.58314514160156,
      62.39186477661133,
      84.24618530273438,
      77.88152313232422,
      84.95072174072266,
      74.3687515258789
    ],
    [
      29.29522705078125,
      25.187206268310547,
      20.217449188232422,
      9.667335510253906,
      16.984310150146484,
      7.68032169342041,
      21.016685485839844,
      12.465394020080566,
      32.26696014404297,
      23.7714900970459,
      52.89118957519531,
      40.54591369628906,
      76.01568603515625,
      59.092594146728516,
      99.33702087402344,
      84.95072174072266,
      118.14472961425781,
      98.8074722290039
    ],
    [
      27.223262786865234,
      23.541791915893555,
      19.40462875366211,
      13.391003608703613,
      18.914636611938477,
      11.578227043151855,
      20.2540225982666,
      14.677437782287598,
      28.89925193786621,
      22.613197326660156,
      42.95171356201172,
      35.5159797668457,
      60.23748779296875,
      51.35224533081055,
      79.94637298583984,
      74.3687515258789,
      98.8074722290039,
      91.93486785888672
    ]
  ],
  "drr": 14.67965316772461,
  "dynamics": 3.6604325771331787,
  "format": 1245190,
  "frames": 12255232,
  "loudness": -12.721891403198242,
  "loudness_range": 8.745895385742188,
  "loudness_range_short": 15.118074417114258,
  "peak": 1.5435113906860352,
  "rms": -14.121417999267578,
  "sample_rate": 44100,
  "sections": 1,
  "seekable": 1,
  "sharpness": 4.448000431060791,
  "space": -9.913774490356445
}