{
  "bands": [
    {
      "high_freq": 148.1999969482422,
      "loudness": -53.94789123535156,
      "loudness_range": 20.810527801513672,
      "mid_mean": -50.69035339355469,
      "mid_to_side_loudness": -16.557395935058594,
      "mid_to_side_loudness_range": 7.079154968261719,
      "side_mean": -64.5680923461914
    },
    {
      "high_freq": 392.3793640136719,
      "loudness": -39.26286697387695,
      "loudness_range": 18.522111892700195,
      "low_freq": 148.1999969482422,
      "mid_mean": -36.04923629760742,
      "mid_to_side_loudness": -10.544913291931152,
      "mid_to_side_loudness_range": 10.179539680480957,
      "side_mean": -46.685752868652344
    },
    {
      "high_freq": 794.6976318359375,
      "loudness": -43.73756408691406,
      "loudness_range": 20.9842529296875,
      "low_freq": 392.3793640136719,
      "mid_mean": -41.38264846801758,
      "mid_to_side_loudness": -5.385165214538574,
      "mid_to_side_loudness_range": 9.539432525634766,
      "side_mean": -46.72499465942383
    },
    {
      "high_freq": 1457.5709228515625,
      "loudness": -54.70564270019531,
      "loudness_range": 25.270885467529297,
      "low_freq": 794.6976318359375,
      "mid_mean": -54.944522857666016,
      "mid_to_side_loudness": 0.15546369552612305,
      "mid_to_side_loudness_range": 7.191387176513672,
      "side_mean": -54.707557678222656
    },
    {
      "high_freq": 2549.74365234375,
      "loudness": -63.6124267578125,
      "loudness_range": 25.584476470947266,
      "low_freq": 1457.5709228515625,
      "mid_mean": -62.38499450683594,
      "mid_to_side_loudness": 1.4658808708190918,
      "mid_to_side_loudness_range": 8.320329666137695,
      "side_mean": -61.55519485473633
    },
    {
      "high_freq": 4349.24462890625,
      "loudness": -76.14726257324219,
      "loudness_range": 18.104183197021484,
      "low_freq": 2549.74365234375,
      "mid_mean": -68.13483428955078,
      "mid_to_side_loudness": -0.32787570357322693,
      "mid_to_side_loudness_range": 3.3939902782440186,
      "side_mean": -68.2413558959961
    },
    {
      "high_freq": 7314.1640625,
      "loudness": -78.98835754394531,
      "loudness_range": 3.0332565307617188,
      "low_freq": 4349.24462890625,
      "mid_mean": -69.39397430419922,
      "mid_to_side_loudness": 0.08511991053819656,
      "mid_to_side_loudness_range": 0.9099061489105225,
      "side_mean": -69.37195587158203
    },
    {
      "high_freq": 12199.2666015625,
      "loudness": 0,
      "loudness_range": 0,
      "low_freq": 7314.1640625,
      "mid_mean": -69.23611450195312,
      "mid_to_side_loudness": -0.1100197583436966,
      "mid_to_side_loudness_range": 0.5142110586166382,
      "side_mean": -69.24679565429688
    },
    {
      "loudness": 0,
      "loudness_range": 0,
      "low_freq": 12199.2666015625,
      "mid_mean": -68.9700927734375,
      "mid_to_side_loudness": -0.016271302476525307,
      "mid_to_side_loudness_range": 0.40670210123062134,
      "side_mean": -68.97456359863281
    }
  ],
  "bands_short": [
    {
      "high_freq": 148.1999969482422,
      "loudness": -57.73012924194336,
      "loudness_range": 21.33175277709961,
      "mid_mean": -54.22224044799805,
      "mid_to_side_loudness": -16.39521026611328,
      "mid_to_side_loudness_range": 10.539145469665527,
      "side_mean": -66.55024719238281
    },
    {
      "high_freq": 392.3793640136719,
      "loudness": -39.677555084228516,
      "loudness_range": 19.097517013549805,
      "low_freq": 148.1999969482422,
      "mid_mean": -36.480770111083984,
      "mid_to_side_loudness": -10.75197696685791,
      "mid_to_side_loudness_range": 11.124862670898438,
      "side_mean": -47.33528137207031
    },
    {
      "high_freq": 794.6976318359375,
      "loudness": -43.90605163574219,
      "loudness_range": 21.053546905517578,
      "low_freq": 392.3793640136719,
      "mid_mean": -41.54283142089844,
      "mid_to_side_loudness": -5.806359767913818,
      "mid_to_side_loudness_range": 11.312127113342285,
      "side_mean": -47.37855911254883
    },
    {
      "high_freq": 1457.5709228515625,
      "loudness": -54.77207946777344,
      "loudness_range": 24.663639068603516,
      "low_freq": 794.6976318359375,
      "mid_mean": -55.17540740966797,
      "mid_to_side_loudness": 0.28712373971939087,
      "mid_to_side_loudness_range": 8.097225189208984,
      "side_mean": -54.797237396240234
    },
    {
      "high_freq": 2549.74365234375,
      "loudness": -64.20967864990234,
      "loudness_range": 25.922637939453125,
      "low_freq": 1457.5709228515625,
      "mid_mean": -62.7991943359375,
      "mid_to_side_loudness": 1.466479778289795,
      "mid_to_side_loudness_range": 9.320428848266602,
      "side_mean": -61.9890022277832
    },
    {
      "high_freq": 4349.24462890625,
      "loudness": -76.21585083007812,
      "loudness_range": 18.329421997070312,
      "low_freq": 2549.74365234375,
      "mid_mean": -68.1081771850586,
      "mid_to_side_loudness": -0.4531814455986023,
      "mid_to_side_loudness_range": 4.629813194274902,
      "side_mean": -68.28279876708984
    },
    {
      "high_freq": 7314.1640625,
      "loudness": -79.0242691040039,
      "loudness_range": 2.9356536865234375,
      "low_freq": 4349.24462890625,
      "mid_mean": -69.39521026611328,
      "mid_to_side_loudness": 0.08251199126243591,
      "mid_to_side_loudness_range": 2.229717493057251,
      "side_mean": -69.37519073486328
    },
    {
      "high_freq": 12199.2666015625,
      "loudness": 0,
      "loudness_range": 0,
      "low_freq": 7314.1640625,
      "mid_mean": -69.23748779296875,
      "mid_to_side_loudness": -0.09878397732973099,
      "mid_to_side_loudness_range": 1.6122925281524658,
      "side_mean": -69.24791717529297
    },
    {
      "loudness": 0,
      "loudness_range": 0,
      "low_freq": 12199.2666015625,
      "mid_mean": -68.96593475341797,
      "mid_to_side_loudness": -0.02475496381521225,
      "mid_to_side_loudness_range": 1.2702652215957642,
      "side_mean": -68.97052001953125
    }
  ],
  "channels": 2,
  "covariance": [
    [
      56.125160217285156,
      28.67915153503418,
      24.32714080810547,
      31.296545028686523,
      16.651012420654297,
      21.48924446105957,
      35.90082931518555,
      39.51647186279297,
      23.510581970214844,
      24.81260108947754,
      4.989269256591797,
      4.4734368324279785,
      0.6003186106681824,
      0.6680965423583984,
      0.4609273076057434,
      0.45570534467697144,
      0.6371017694473267,
      0.6250588893890381
    ],
    [
      28.67915153503418,
      17.813156127929688,
      14.277356147766113,
      17.95402717590332,
      9.668427467346191,
      12.019129753112793,
      16.937301635742188,
      18.952430725097656,
      11.899688720703125,
      12.469420433044434,
      2.185314416885376,
      1.9270637035369873,
      0.26224958896636963,
      0.29317420721054077,
      0.19166961312294006,
      0.18904125690460205,
      0.2596346437931061,
      0.2565603256225586
    ],
    [
      24.32714080810547,
      14.277356147766113,
      42.34590148925781,
      41.37046813964844,
      31.492769241333008,
      33.47356414794922,
      37.96173095703125,
      38.89842224121094,
      29.009117126464844,
      30.289363861083984,
      8.329992294311523,
      8.033441543579102,
      0.5512810349464417,
      0.6103413105010986,
      0.15895278751850128,
      0.1489345282316208,
      0.2136852890253067,
      0.19347919523715973
    ],
    [
      31.296545028686523,
      17.95402717590332,
      41.37046813964844,
      52.73602294921875,
      36.73554992675781,
      39.91938018798828,
      43.60660171508789,
      44.37278366088867,
      35.03240966796875,
      34.753658294677734,
      9.73363208770752,
      9.111835479736328,
      0.6688141822814941,
      0.760286271572113,
      0.17170529067516327,
      0.16301259398460388,
      0.23658816516399384,
      0.213911235332489
    ],
    [
      16.651012420654297,
      9.668427467346191,
      31.492769241333008,
      36.73554992675781,
      50.24639892578125,
      46.29082489013672,
      47.549530029296875,
      45.95323944091797,
      37.918888092041016,
      36.524749755859375,
      13.198224067687988,
      12.811066627502441,
      0.9978615045547485,
      1.0631914138793945,
      0.20979009568691254,
      0.19045913219451904,
      0.2583483159542084,
      0.23112383484840393
    ],
    [
      21.48924446105957,
      12.019129753112793,
      33.47356414794922,
      39.91938018798828,
      46.29082489013672,
      54.54414367675781,
      50.43592834472656,
      48.8516845703125,
      40.634151458740234,
      39.86973571777344,
      13.663729667663574,
      13.366548538208008,
      0.97281813621521,
      1.0399205684661865,
      0.1801190823316574,
      0.1701977699995041,
      0.23532196879386902,
      0.20648548007011414
    ],
    [
      35.90082931518555,
      16.937301635742188,
      37.96173095703125,
      43.60660171508789,
      47.549530029296875,
      50.43592834472656,
      71.86643981933594,
      68.81999969482422,
      50.424800872802734,
      48.70133972167969,
      17.8129825592041,
      16.603809356689453,
      1.5460853576660156,
      1.6306328773498535,
      0.5503085255622864,
      0.5289947986602783,
      0.7307698130607605,
      0.6931648850440979
    ],
    [
      39.51647186279297,
      18.952430725097656,
      38.89842224121094,
      44.37278366088867,
      45.95323944091797,
      48.8516845703125,
      68.81999969482422,
      70.93621063232422,
      48.91551971435547,
      47.60918426513672,
      16.571687698364258,
      15.509489059448242,
      1.3748279809951782,
      1.438158631324768,
      0.5287244319915771,
      0.5124527812004089,
      0.7110587358474731,
      0.6764610409736633
    ],
    [
      23.510581970214844,
      11.899688720703125,
      29.009117126464844,
      35.03240966796875,
      37.918888092041016,
      40.634151458740234,
      50.424800872802734,
      48.91551971435547,
      44.61750030517578,
      40.66215896606445,
      15.18873405456543,
      13.985738754272461,
      1.1725367307662964,
      1.2945886850357056,
      0.3350718021392822,
      0.32262057065963745,
      0.44532012939453125,
      0.4179040193557739
    ],
    [
      24.81260108947754,
      12.469420433044434,
      30.289363861083984,
      34.753658294677734,
      36.524749755859375,
      39.86973571777344,
      48.70133972167969,
      47.60918426513672,
      40.66215896606445,
      41.57081985473633,
      14.186751365661621,
      13.462177276611328,
      1.1233112812042236,
      1.2342841625213623,
      0.36380112171173096,
      0.3502627909183502,
      0.48349207639694214,
      0.4557567536830902
    ],
    [
      4.989269256591797,
      2.185314416885376,
      8.329992294311523,
      9.73363208770752,
      13.198224067687988,
      13.663729667663574,
      17.8129825592041,
      16.571687698364258,
      15.18873405456543,
      14.186751365661621,
      8.688926696777344,
      8.011748313903809,
      0.7290475368499756,
      0.8040120005607605,
      0.10399918258190155,
      0.0968175008893013,
      0.12044632434844971,
      0.10991492867469788
    ],
    [
      4.4734368324279785,
      1.9270637035369873,
      8.033441543579102,
      9.111835479736328,
      12.811066627502441,
      13.366548538208008,
      16.603809356689453,
      15.509489059448242,
      13.985738754272461,
      13.462177276611328,
      8.011748313903809,
      7.873806476593018,
      0.6899374127388,
      0.746410608291626,
      0.1015399917960167,
      0.09482685476541519,
      0.11727101355791092,
      0.10744409263134003
    ],
    [
      0.6003186106681824,
      0.26224958896636963,
      0.5512810349464417,
      0.6688141822814941,
      0.9978615045547485,
      0.97281813621521,
      1.5460853576660156,
      1.3748279809951782,
      1.1725367307662964,
      1.1233112812042236,
      0.7290475368499756,
      0.6899374127388,
      0.12957832217216492,
      0.1358409821987152,
      0.026425430551171303,
      0.02468145824968815,
      0.02962399646639824,
      0.028604555875062943
    ],
    [
      0.6680965423583984,
      0.29317420721054077,
      0.6103413105010986,
      0.760286271572113,
      1.0631914138793945,
      1.0399205684661865,
      1.6306328773498535,
      1.438158631324768,
      1.2945886850357056,
      1.2342841625213623,
      0.8040120005607605,
      0.746410608291626,
      0.1358409821987152,
      0.15787087380886078,
      0.027680497616529465,
      0.025897808372974396,
      0.031033048406243324,
      0.029921533539891243
    ],
    [
      0.4609273076057434,
      0.19166961312294006,
      0.15895278751850128,
      0.17170529067516327,
      0.20979009568691254,
      0.1801190823316574,
      0.5503085255622864,
      0.5287244319915771,
      0.3350718021392822,
      0.36380112171173096,
      0.10399918258190155,
      0.1015399917960167,
      0.026425430551171303,
      0.027680497616529465,
      0.023515740409493446,
      0.022661907598376274,
      0.030344363301992416,
      0.030120262876152992
    ],
    [
      0.45570534467697144,
      0.18904125690460205,
      0.1489345282316208,
      0.16301259398460388,
      0.19045913219451904,
      0.1701977699995041,
      0.5289947986602783,
      0.5124527812004089,
      0.32262057065963745,
      0.3502627909183502,
      0.0968175008893013,
      0.09482685476541519,
      0.02468145824968815,
      0.025897808372974396,
      0.022661907598376274,
      0.022669274359941483,
      0.02994411066174507,
      0.029743721708655357
    ],
    [
      0.6371017694473267,
      0.2596346437931061,
      0.2136852890253067,
      0.23658816516399384,
      0.2583483159542084,
      0.23532196879386902,
      0.7307698130607605,
      0.7110587358474731,
      0.44532012939453125,
      0.48349207639694214,
      0.12044632434844971,
      0.11727101355791092,
      0.02962399646639824,
      0.031033048406243324,
      0.030344363301992416,
      0.02994411066174507,
      0.041082654148340225,
      0.040386319160461426
    ],
    [
      0.6250588893890381,
      0.2565603256225586,
      0.19347919523715973,
      0.213911235332489,
      0.23112383484840393,
      0.20648548007011414,
      0.6931648850440979,
      0.6764610409736633,
      0.4179040193557739,
      0.4557567536830902,
      0.10991492867469788,
      0.10744409263134003,
      0.028604555875062943,
      0.029921533539891243,
      0.030120262876152992,
      0.029743721708655357,
      0.040386319160461426,
      0.04055311530828476
    ]
  ],
  "covariance_short": [
    [
      50.88785934448242,
      19.832420349121094,
      20.972623825073242,
      26.514286041259766,
      17.27899932861328,
      20.81207847595215,
      31.385299682617188,
      34.01508331298828,
      19.443872451782227,
      21.040014266967773,
      4.654202938079834,
      4.0865864753723145,
      0.5923476219177246,
      0.6451383233070374,
      0.3953872323036194,
      0.3857917785644531,
      0.5345448851585388,
      0.5258495807647705
    ],
    [
      19.832420349121094,
      10.43708324432373,
      9.488201141357422,
      11.625604629516602,
      7.906154632568359,
      9.153817176818848,
      11.747235298156738,
      12.733948707580566,
      7.69768762588501,
      8.5111665725708,
      1.798412799835205,
      1.5722699165344238,
      0.24216431379318237,
      0.259437620639801,
      0.14221768081188202,
      0.13694578409194946,
      0.18400618433952332,
      0.18024592101573944
    ],
    [
      20.972623825073242,
      9.488201141357422,
      44.80171203613281,
      42.903812408447266,
      32.364837646484375,
      35.04595947265625,
      38.32770538330078,
      39.579097747802734,
      28.23759651184082,
      29.95323371887207,
      8.522976875305176,
      7.778459072113037,
      0.5326496362686157,
      0.5849599838256836,
      0.15959013998508453,
      0.1488495171070099,
      0.21245527267456055,
      0.1917472779750824
    ],
    [
      26.514286041259766,
      11.625604629516602,
      42.903812408447266,
      55.59674072265625,
      38.150814056396484,
      42.360435485839844,
      44.529945373535156,
      45.82337951660156,
      34.12137985229492,
      34.48520278930664,
      10.167492866516113,
      9.0497407913208,
      0.6462005972862244,
      0.7185596227645874,
      0.18235111236572266,
      0.17256052792072296,
      0.25008994340896606,
      0.22487275302410126
    ],
    [
      17.27899932861328,
      7.906154632568359,
      32.364837646484375,
      38.150814056396484,
      52.770015716552734,
      48.00398635864258,
      48.773338317871094,
      48.496097564697266,
      37.7043342590332,
      36.83941650390625,
      14.218670845031738,
      13.181169509887695,
      1.0039318799972534,
      1.0720665454864502,
      0.2018778920173645,
      0.18231043219566345,
      0.24347278475761414,
      0.2167545109987259
    ],
    [
      20.81207847595215,
      9.153817176818848,
      35.04595947265625,
      42.360435485839844,
      48.00398635864258,
      60.518524169921875,
      53.63608169555664,
      53.275997161865234,
      41.12751007080078,
      40.96918869018555,
      14.84763240814209,
      13.845462799072266,
      0.9967793822288513,
      1.0655378103256226,
      0.19247061014175415,
      0.1855091005563736,
      0.25317052006721497,
      0.2235412895679474
    ],
    [
      31.385299682617188,
      11.747235298156738,
      38.32770538330078,
      44.529945373535156,
      48.773338317871094,
      53.63608169555664,
      71.543212890625,
      68.5896224975586,
      48.881561279296875,
      48.08211135864258,
      18.107519149780273,
      16.452394485473633,
      1.5447300672531128,
      1.6159354448318481,
      0.5560765862464905,
      0.5347780585289001,
      0.7326260209083557,
      0.6951360106468201
    ],
    [
      34.01508331298828,
      12.733948707580566,
      39.579097747802734,
      45.82337951660156,
      48.496097564697266,
      53.275997161865234,
      68.5896224975586,
      72.5232925415039,
      48.15032958984375,
      47.62200164794922,
      17.223743438720703,
      15.698558807373047,
      1.3890537023544312,
      1.4454522132873535,
      0.5371344685554504,
      0.521744430065155,
      0.7177574038505554,
      0.6831246018409729
    ],
    [
      19.443872451782227,
      7.69768762588501,
      28.23759651184082,
      34.12137985229492,
      37.7043342590332,
      41.12751007080078,
      48.881561279296875,
      48.15032958984375,
      43.34873962402344,
      39.510494232177734,
      15.540301322937012,
      13.786974906921387,
      1.1812744140625,
      1.2886459827423096,
      0.3304138481616974,
      0.31909459829330444,
      0.43407800793647766,
      0.40677112340927124
    ],
    [
      21.040014266967773,
      8.5111665725708,
      29.95323371887207,
      34.48520278930664,
      36.83941650390625,
      40.96918869018555,
      48.08211135864258,
      47.62200164794922,
      39.510494232177734,
      41.469520568847656,
      14.621735572814941,
      13.371776580810547,
      1.1286364793777466,
      1.231359601020813,
      0.35804232954978943,
      0.34504228830337524,
      0.4711857736110687,
      0.44339820742607117
    ],
    [
      4.654202938079834,
      1.798412799835205,
      8.522976875305176,
      10.167492866516113,
      14.218670845031738,
      14.84763240814209,
      18.107519149780273,
      17.223743438720703,
      15.540301322937012,
      14.621735572814941,
      9.345467567443848,
      8.164074897766113,
      0.7697470188140869,
      0.8357048630714417,
      0.11428310722112656,
      0.10665683448314667,
      0.12725196778774261,
      0.11598538607358932
    ],
    [
      4.0865864753723145,
      1.5722699165344238,
      7.778459072113037,
      9.0497407913208,
      13.181169509887695,
      13.845462799072266,
      16.452394485473633,
      15.698558807373047,
      13.786974906921387,
      13.371776580810547,
      8.164074897766113,
      7.874094486236572,
      0.725089967250824,
      0.7730997800827026,
      0.10964140295982361,
      0.10187388211488724,
      0.1204862892627716,
      0.10982146859169006
    ],
    [
      0.5923476219177246,
      0.24216431379318237,
      0.5326496362686157,
      0.6462005972862244,
      1.0039318799972534,
      0.9967793822288513,
      1.5447300672531128,
      1.3890537023544312,
      1.1812744140625,
      1.1286364793777466,
      0.7697470188140869,
      0.725089967250824,
      0.15675652027130127,
      0.152067169547081,
      0.029420118778944016,
      0.027201591059565544,
      0.03063448704779148,
      0.02944052219390869
    ],
    [
      0.6451383233070374,
      0.259437620639801,
      0.5849599838256836,
      0.7185596227645874,
      1.0720665454864502,
      1.0655378103256226,
      1.6159354448318481,
      1.4454522132873535,
      1.2886459827423096,
      1.231359601020813,
      0.8357048630714417,
      0.7730997800827026,
      0.152067169547081,
      0.1851803958415985,
      0.03122277930378914,
      0.028635140508413315,
      0.03197542950510979,
      0.03077886626124382
    ],
    [
      0.3953872323036194,
      0.14221768081188202,
      0.15959013998508453,
      0.18235111236572266,
      0.2018778920173645,
      0.19247061014175415,
      0.5560765862464905,
      0.5371344685554504,
      0.3304138481616974,
      0.35804232954978943,
      0.11428310722112656,
      0.10964140295982361,
      0.029420118778944016,
      0.03122277930378914,
      0.02806239388883114,
      0.023307444527745247,
      0.030685191974043846,
      0.030466904863715172
    ],
    [
      0.3857917785644531,
      0.13694578409194946,
      0.1488495171070099,
      0.17256052792072296,
      0.18231043219566345,
      0.1855091005563736,
      0.5347780585289001,
      0.521744430065155,
      0.31909459829330444,
      0.34504228830337524,
      0.10665683448314667,
      0.10187388211488724,
      0.027201591059565544,
      0.028635140508413315,
      0.023307444527745247,
      0.026626579463481903,
      0.03032408468425274,
      0.030109116807579994
    ],
    [
      0.5345448851585388,
      0.18400618433952332,
      0.21245527267456055,
      0.25008994340896606,
      0.24347278475761414,
      0.25317052006721497,
      0.7326260209083557,
      0.7177574038505554,
      0.43407800793647766,
      0.4711857736110687,
      0.12725196778774261,
      0.1204862892627716,
      0.03063448704779148,
      0.03197542950510979,
      0.030685191974043846,
      0.03032408468425274,
      0.04549993574619293,
      0.04112042114138603
    ],
    [
      0.5258495807647705,
      0.18024592101573944,
      0.1917472779750824,
      0.22487275302410126,
      0.2167545109987259,
      0.2235412895679474,
      0.6951360106468201,
      0.6831246018409729,
      0.40677112340927124,
      0.44339820742607117,
      0.11598538607358932,
      0.10982146859169006,
      0.02944052219390869,
      0.03077886626124382,
      0.030466904863715172,
      0.030109116807579994,
      0.04112042114138603,
      0.04499782621860504
    ]
  ],
  "drr": 9.832345962524414,
  "dynamics": 5.410837173461914,
  "format": 1245190,
  "frames": 16162816,
  "loudness": -32.91048049926758,
  "loudness_range": 18.038389205932617,
  "loudness_range_short": 18.82491111755371,
  "peak": -7.517479419708252,
  "rms": -32.669246673583984,
  "sample_rate": 44100,
  "sections": 1,
  "seekable": 1,
  "sharpness": 2.5772366523742676,
  "space": -8.477392196655273
}