{
  "bands": [
    {
      "high_freq": 148.1999969482422,
      "loudness": -33.36119842529297,
      "loudness_range": 17.452306747436523,
      "mid_mean": -32.105857849121094,
      "mid_to_side_loudness": -1.4433857202529907,
      "mid_to_side_loudness_range": 4.63060188293457,
      "side_mean": -33.54719924926758
    },
    {
      "high_freq": 392.3793640136719,
      "loudness": -25.387752532958984,
      "loudness_range": 10.487293243408203,
      "low_freq": 148.1999969482422,
      "mid_mean": -23.3469181060791,
      "mid_to_side_loudness": -4.038756370544434,
      "mid_to_side_loudness_range": 9.14304256439209,
      "side_mean": -27.42265510559082
    },
    {
      "high_freq": 794.6976318359375,
      "loudness": -24.244836807250977,
      "loudness_range": 8.538930892944336,
      "low_freq": 392.3793640136719,
      "mid_mean": -21.671083450317383,
      "mid_to_side_loudness": -6.2130560874938965,
      "mid_to_side_loudness_range": 10.271828651428223,
      "side_mean": -27.971826553344727
    },
    {
      "high_freq": 1457.5709228515625,
      "loudness": -26.67384910583496,
      "loudness_range": 11.747152328491211,
      "low_freq": 794.6976318359375,
      "mid_mean": -24.06195831298828,
      "mid_to_side_loudness": -6.493924140930176,
      "mid_to_side_loudness_range": 11.010835647583008,
      "side_mean": -30.700754165649414
    },
    {
      "high_freq": 2549.74365234375,
      "loudness": -24.407119750976562,
      "loudness_range": 13.529167175292969,
      "low_freq": 1457.5709228515625,
      "mid_mean": -22.2861270904541,
      "mid_to_side_loudness": -4.489490032196045,
      "mid_to_side_loudness_range": 9.372774124145508,
      "side_mean": -26.79031753540039
    },
    {
      "high_freq": 4349.24462890625,
      "loudness": -24.531917572021484,
      "loudness_range": 10.219356536865234,
      "low_freq": 2549.74365234375,
      "mid_mean": -23.783281326293945,
      "mid_to_side_loudness": -0.4661670923233032,
      "mid_to_side_loudness_range": 6.893124580383301,
      "side_mean": -24.24274444580078
    },
    {
      "high_freq": 7314.1640625,
      "loudness": -24.64771842956543,
      "loudness_range": 7.381357192993164,
      "low_freq": 4349.24462890625,
      "mid_mean": -24.252696990966797,
      "mid_to_side_loudness": 0.4733162820339203,
      "mid_to_side_loudness_range": 4.433117866516113,
      "side_mean": -23.801780700683594
    },
    {
      "high_freq": 12199.2666015625,
      "loudness": -29.823965072631836,
      "loudness_range": 8.994327545166016,
      "low_freq": 7314.1640625,
      "mid_mean": -29.300899505615234,
      "mid_to_side_loudness": 0.30278974771499634,
      "mid_to_side_loudness_range": 0.6523796319961548,
      "side_mean": -28.989431381225586
    },
    {
      "loudness": -42.131282806396484,
      "loudness_range": 15.037975311279297,
      "low_freq": 12199.2666015625,
      "mid_mean": -41.57317352294922,
      "mid_to_side_loudness": 0.28485774993896484,
      "mid_to_side_loudness_range": 0.40942901372909546,
      "side_mean": -41.286468505859375
    }
  ],
  "bands_short": [
    {
      "high_freq": 148.1999969482422,
      "loudness": -36.35016632080078,
      "loudness_range": 19.658527374267578,
      "mid_mean": -34.99700164794922,
      "mid_to_side_loudness": -2.587111711502075,
      "mid_to_side_loudness_range": 12.347650527954102,
      "side_mean": -37.58543014526367
    },
    {
      "high_freq": 392.3793640136719,
      "loudness": -27.186933517456055,
      "loudness_range": 18.066112518310547,
      "low_freq": 148.1999969482422,
      "mid_mean": -25.545860290527344,
      "mid_to_side_loudness": -3.560882568359375,
      "mid_to_side_loudness_range": 12.769124984741211,
      "side_mean": -29.185380935668945
    },
    {
      "high_freq": 794.6976318359375,
      "loudness": -25.032033920288086,
      "loudness_range": 13.174589157104492,
      "low_freq": 392.3793640136719,
      "mid_mean": -22.67357063293457,
      "mid_to_side_loudness": -5.816809177398682,
      "mid_to_side_loudness_range": 12.988348960876465,
      "side_mean": -28.651325225830078
    },
    {
      "high_freq": 1457.5709228515625,
      "loudness": -28.28289794921875,
      "loudness_range": 18.291439056396484,
      "low_freq": 794.6976318359375,
      "mid_mean": -25.94523811340332,
      "mid_to_side_loudness": -5.691587924957275,
      "mid_to_side_loudness_range": 12.612327575683594,
      "side_mean": -31.863218307495117
    },
    {
      "high_freq": 2549.74365234375,
      "loudness": -25.856184005737305,
      "loudness_range": 18.7157039642334,
      "low_freq": 1457.5709228515625,
      "mid_mean": -23.90545654296875,
      "mid_to_side_loudness": -3.9724502563476562,
      "mid_to_side_loudness_range": 10.138508796691895,
      "side_mean": -28.071250915527344
    },
    {
      "high_freq": 4349.24462890625,
      "loudness": -25.34543228149414,
      "loudness_range": 13.49177360534668,
      "low_freq": 2549.74365234375,
      "mid_mean": -24.6407413482666,
      "mid_to_side_loudness": -0.41483762860298157,
      "mid_to_side_loudness_range": 7.095460414886475,
      "side_mean": -25.076160430908203
    },
    {
      "high_freq": 7314.1640625,
      "loudness": -25.76089859008789,
      "loudness_range": 12.465360641479492,
      "low_freq": 4349.24462890625,
      "mid_mean": -25.4858455657959,
      "mid_to_side_loudness": 0.5404572486877441,
      "mid_to_side_loudness_range": 5.58477258682251,
      "side_mean": -24.978958129882812
    },
    {
      "high_freq": 12199.2666015625,
      "loudness": -31.83588218688965,
      "loudness_range": 16.045948028564453,
      "low_freq": 7314.1640625,
      "mid_mean": -31.358137130737305,
      "mid_to_side_loudness": 0.2823578119277954,
      "mid_to_side_loudness_range": 1.7412164211273193,
      "side_mean": -31.060827255249023
    },
    {
      "loudness": -44.387691497802734,
      "loudness_range": 19.874073028564453,
      "low_freq": 12199.2666015625,
      "mid_mean": -43.82280349731445,
      "mid_to_side_loudness": 0.2831263840198517,
      "mid_to_side_loudness_range": 1.2189900875091553,
      "side_mean": -43.53827667236328
    }
  ],
  "channels": 2,
  "covariance": [
    [
      31.325927734375,
      30.507307052612305,
      5.590508937835693,
      13.228710174560547,
      -4.242218971252441,
      5.349778652191162,
      -5.327549457550049,
      2.455249071121216,
      -2.8763222694396973,
      0.7800750732421875,
      -0.17508342862129211,
      -1.5429407358169556,
      -0.9593450427055359,
      -1.200830101966858,
      -5.498439311981201,
      -5.647800445556641,
      -7.370091915130615,
      -7.557353973388672
    ],
    [
      30.507307052612305,
      33.45478057861328,
      5.645150661468506,
      14.045406341552734,
      -2.3703949451446533,
      6.487734317779541,
      -3.323694944381714,
      3.72127628326416,
      -0.2960720956325531,
      2.3848962783813477,
      2.4709396362304688,
      0.8363717198371887,
      0.7877568602561951,
      0.5870712995529175,
      -2.8574819564819336,
      -2.9862349033355713,
      -3.352362632751465,
      -3.5013325214385986
    ],
    [
      5.590508937835693,
      5.645150661468506,
      16.16501808166504,
      12.824892044067383,
      1.7129756212234497,
      5.404989719390869,
      -1.1095679998397827,
      1.7803741693496704,
      -3.503223180770874,
      -1.6316092014312744,
      -2.364999532699585,
      -1.399672508239746,
      -0.5691675543785095,
      -0.8190115094184875,
      -1.1931979656219482,
      -1.117009162902832,
      0.028587980195879936,
      0.06308674812316895
    ],
    [
      13.228710174560547,
      14.045406341552734,
      12.824892044067383,
      20.11599349975586,
      -1.1689649820327759,
      7.294765472412109,
      -3.600135087966919,
      4.026978969573975,
      -4.2539873123168945,
      -0.22143277525901794,
      -1.5956885814666748,
      -1.1610273122787476,
      -0.5175930261611938,
      -0.8110499382019043,
      -3.2434215545654297,
      -3.2092905044555664,
      -2.1790285110473633,
      -2.224865436553955
    ],
    [
      -4.242218971252441,
      -2.3703949451446533,
      1.7129756212234497,
      -1.1689649820327759,
      14.976558685302734,
      6.336082935333252,
      12.881884574890137,
      7.383247375488281,
      14.814346313476562,
      9.09595012664795,
      11.435880661010742,
      10.486886024475098,
      6.345989227294922,
      6.775038719177246,
      7.5885820388793945,
      7.596619129180908,
      11.384973526000977,
      11.456506729125977
    ],
    [
      5.349778652191162,
      6.487734317779541,
      5.404989719390869,
      7.294765472412109,
      6.336082935333252,
      9.649782180786133,
      4.7657790184021,
      6.954681873321533,
      5.661283016204834,
      5.862522602081299,
      5.513905048370361,
      5.553385257720947,
      3.4568076133728027,
      3.4942708015441895,
      2.2584095001220703,
      2.2643513679504395,
      4.803711891174316,
      4.828104019165039
    ],
    [
      -5.327549457550049,
      -3.323694944381714,
      -1.1095679998397827,
      -3.600135087966919,
      12.881884574890137,
      4.7657790184021,
      25.810455322265625,
      13.755997657775879,
      23.73831558227539,
      14.863075256347656,
      16.982656478881836,
      14.478878021240234,
      8.750208854675293,
      8.858760833740234,
      9.443674087524414,
      9.550271034240723,
      14.561562538146973,
      14.707019805908203
    ],
    [
      2.455249071121216,
      3.72127628326416,
      1.7803741693496704,
      4.026978969573975,
      7.383247375488281,
      6.954681873321533,
      13.755997657775879,
      15.798301696777344,
      12.703827857971191,
      12.320899963378906,
      9.813209533691406,
      10.82259750366211,
      5.2588300704956055,
      5.635758876800537,
      3.6877188682556152,
      3.7746775150299072,
      7.116728782653809,
      7.173022270202637
    ],
    [
      -2.8763222694396973,
      -0.2960720956325531,
      -3.503223180770874,
      -4.2539873123168945,
      14.814346313476562,
      5.661283016204834,
      23.73831558227539,
      12.703827857971191,
      30.825634002685547,
      18.667903900146484,
      22.13606834411621,
      17.803415298461914,
      11.20954704284668,
      11.4080810546875,
      10.48669719696045,
      10.46723461151123,
      14.829911231994629,
      14.889505386352539
    ],
    [
      0.7800750732421875,
      2.3848962783813477,
      -1.6316092014312744,
      -0.22143277525901794,
      9.09595012664795,
      5.862522602081299,
      14.863075256347656,
      12.320899963378906,
      18.667903900146484,
      17.849166870117188,
      13.08450984954834,
      13.883076667785645,
      7.778263568878174,
      8.13105583190918,
      5.976294040679932,
      6.0154523849487305,
      8.88901138305664,
      8.878724098205566
    ],
    [
      -0.17508342862129211,
      2.4709396362304688,
      -2.364999532699585,
      -1.5956885814666748,
      11.435880661010742,
      5.513905048370361,
      16.982656478881836,
      9.813209533691406,
      22.13606834411621,
      13.08450984954834,
      19.777591705322266,
      15.3538179397583,
      10.141935348510742,
      10.384628295898438,
      9.629956245422363,
      9.606995582580566,
      13.509519577026367,
      13.545684814453125
    ],
    [
      -1.5429407358169556,
      0.8363717198371887,
      -1.399672508239746,
      -1.1610273122787476,
      10.486886024475098,
      5.553385257720947,
      14.478878021240234,
      10.82259750366211,
      17.803415298461914,
      13.883076667785645,
      15.3538179397583,
      16.080251693725586,
      8.446276664733887,
      9.686596870422363,
      9.246246337890625,
      9.273483276367188,
      13.35448169708252,
      13.40087890625
    ],
    [
      -0.9593450427055359,
      0.7877568602561951,
      -0.5691675543785095,
      -0.5175930261611938,
      6.345989227294922,
      3.4568076133728027,
      8.750208854675293,
      5.2588300704956055,
      11.20954704284668,
      7.778263568878174,
      10.141935348510742,
      8.446276664733887,
      11.089527130126953,
      9.686324119567871,
      10.311066627502441,
      10.44060230255127,
      11.499265670776367,
      11.57049560546875
    ],
    [
      -1.200830101966858,
      0.5870712995529175,
      -0.8190115094184875,
      -0.8110499382019043,
      6.775038719177246,
      3.4942708015441895,
      8.858760833740234,
      5.635758876800537,
      11.4080810546875,
      8.13105583190918,
      10.384628295898438,
      9.686596870422363,
      9.686324119567871,
      10.6072416305542,
      10.29703140258789,
      10.350496292114258,
      11.696077346801758,
      11.721363067626953
    ],
    [
      -5.498439311981201,
      -2.8574819564819336,
      -1.1931979656219482,
      -3.2434215545654297,
      7.5885820388793945,
      2.2584095001220703,
      9.443674087524414,
      3.6877188682556152,
      10.48669719696045,
      5.976294040679932,
      9.629956245422363,
      9.246246337890625,
      10.311066627502441,
      10.29703140258789,
      16.361160278320312,
      16.502899169921875,
      18.630558013916016,
      18.800643920898438
    ],
    [
      -5.647800445556641,
      -2.9862349033355713,
      -1.117009162902832,
      -3.2092905044555664,
      7.596619129180908,
      2.2643513679504395,
      9.550271034240723,
      3.7746775150299072,
      10.46723461151123,
      6.0154523849487305,
      9.606995582580566,
      9.273483276367188,
      10.44060230255127,
      10.350496292114258,
      16.502899169921875,
      16.72632598876953,
      18.907373428344727,
      19.087759017944336
    ],
    [
      -7.370091915130615,
      -3.352362632751465,
      0.028587980195879936,
      -2.1790285110473633,
      11.384973526000977,
      4.803711891174316,
      14.561562538146973,
      7.116728782653809,
      14.829911231994629,
      8.88901138305664,
      13.509519577026367,
      13.35448169708252,
      11.499265670776367,
      11.696077346801758,
      18.630558013916016,
      18.907373428344727,
      28.41187858581543,
      28.695133209228516
    ],
    [
      -7.557353973388672,
      -3.5013325214385986,
      0.06308674812316895,
      -2.224865436553955,
      11.456506729125977,
      4.828104019165039,
      14.707019805908203,
      7.173022270202637,
      14.889505386352539,
      8.878724098205566,
      13.545684814453125,
      13.40087890625,
      11.57049560546875,
      11.721363067626953,
      18.800643920898438,
      19.087759017944336,
      28.695133209228516,
      29.015727996826172
    ]
  ],
  "covariance_short": [
    [
      39.08904266357422,
      34.33998489379883,
      11.38037395477295,
      19.439159393310547,
      -1.897884488105774,
      6.1154046058654785,
      -1.495701551437378,
      3.544034481048584,
      0.7484378218650818,
      2.239316940307617,
      2.2017197608947754,
      0.636700451374054,
      0.3493974208831787,
      0.07567356526851654,
      -1.5142244100570679,
      -1.6948318481445312,
      -2.0710813999176025,
      -2.266923189163208
    ],
    [
      34.33998489379883,
      47.911258697509766,
      13.49908447265625,
      23.528226852416992,
      -0.14325565099716187,
      8.259413719177246,
      0.5745018720626831,
      5.943142890930176,
      3.883863925933838,
      4.808414936065674,
      5.373699188232422,
      3.633474111557007,
      3.47782826423645,
      3.3082773685455322,
      3.104804754257202,
      2.8832595348358154,
      3.280388593673706,
      3.152686834335327
    ],
    [
      11.38037395477295,
      13.49908447265625,
      44.618473052978516,
      32.211795806884766,
      4.573832988739014,
      11.014456748962402,
      -0.41397401690483093,
      3.824327230453491,
      -4.615516185760498,
      -1.0451017618179321,
      -3.4190866947174072,
      -2.195878028869629,
      0.7566112279891968,
      0.2986304759979248,
      2.2830379009246826,
      2.32401442527771,
      2.3766751289367676,
      2.3561248779296875
    ],
    [
      19.439159393310547,
      23.528226852416992,
      32.211795806884766,
      43.345726013183594,
      1.7904573678970337,
      13.61865234375,
      -2.068754196166992,
      6.601988315582275,
      -3.7965471744537354,
      1.422757863998413,
      -0.8061556220054626,
      -0.31719714403152466,
      3.4691429138183594,
      2.978360414505005,
      4.218760013580322,
      4.288714408874512,
      4.222911834716797,
      4.161342620849609
    ],
    [
      -1.897884488105774,
      -0.14325565099716187,
      4.573832988739014,
      1.7904573678970337,
      28.49982452392578,
      12.340363502502441,
      27.926698684692383,
      17.60832405090332,
      27.363040924072266,
      19.288232803344727,
      17.677696228027344,
      16.48341941833496,
      12.166041374206543,
      12.711942672729492,
      9.7208833694458,
      9.643192291259766,
      11.477826118469238,
      11.448087692260742
    ],
    [
      6.1154046058654785,
      8.259413719177246,
      11.014456748962402,
      13.61865234375,
      12.340363502502441,
      17.936918258666992,
      11.785810470581055,
      12.956062316894531,
      10.58588981628418,
      10.672065734863281,
      8.14892292022705,
      8.18859577178955,
      7.6725263595581055,
      7.6565632820129395,
      6.060967922210693,
      6.03640604019165,
      8.022117614746094,
      8.030501365661621
    ],
    [
      -1.495701551437378,
      0.5745018720626831,
      -0.41397401690483093,
      -2.068754196166992,
      27.926698684692383,
      11.785810470581055,
      53.12324142456055,
      30.712244033813477,
      44.10898208618164,
      31.06123924255371,
      27.937969207763672,
      24.93577766418457,
      16.643043518066406,
      17.22374153137207,
      12.068790435791016,
      12.022732734680176,
      14.65880012512207,
      14.703680038452148
    ],
    [
      3.544034481048584,
      5.943142890930176,
      3.824327230453491,
      6.601988315582275,
      17.60832405090332,
      12.956062316894531,
      30.712244033813477,
      30.95949935913086,
      24.959362030029297,
      22.736940383911133,
      16.712209701538086,
      17.431644439697266,
      11.68720817565918,
      12.426602363586426,
      7.592494010925293,
      7.6708760261535645,
      10.612086296081543,
      10.658337593078613
    ],
    [
      0.7484378218650818,
      3.883863925933838,
      -4.615516185760498,
      -3.7965471744537354,
      27.363040924072266,
      10.58588981628418,
      44.10898208618164,
      24.959362030029297,
      52.64315414428711,
      34.3726921081543,
      34.08401107788086,
      29.067537307739258,
      19.10944938659668,
      19.85954475402832,
      14.397787094116211,
      14.21584415435791,
      15.027235984802246,
      14.940560340881348
    ],
    [
      2.239316940307617,
      4.808414936065674,
      -1.0451017618179321,
      1.422757863998413,
      19.288232803344727,
      10.672065734863281,
      31.06123924255371,
      22.736940383911133,
      34.3726921081543,
      32.10954666137695,
      23.4648380279541,
      23.957744598388672,
      16.90194320678711,
      17.603254318237305,
      12.097516059875488,
      12.045042037963867,
      12.98454761505127,
      12.893875122070312
    ],
    [
      2.2017197608947754,
      5.373699188232422,
      -3.4190866947174072,
      -0.8061556220054626,
      17.677696228027344,
      8.14892292022705,
      27.937969207763672,
      16.712209701538086,
      34.08401107788086,
      23.4648380279541,
      29.706825256347656,
      24.503267288208008,
      18.603635787963867,
      19.27063751220703,
      16.614524841308594,
      16.474346160888672,
      16.948537826538086,
      16.901607513427734
    ],
    [
      0.636700451374054,
      3.633474111557007,
      -2.195878028869629,
      -0.31719714403152466,
      16.48341941833496,
      8.18859577178955,
      24.93577766418457,
      17.431644439697266,
      29.067537307739258,
      23.957744598388672,
      24.503267288208008,
      25.678762435913086,
      16.960676193237305,
      18.70492935180664,
      16.298904418945312,
      16.200712203979492,
      17.20733642578125,
      17.181921005249023
    ],
    [
      0.3493974208831787,
      3.47782826423645,
      0.7566112279891968,
      3.4691429138183594,
      12.166041374206543,
      7.6725263595581055,
      16.643043518066406,
      11.68720817565918,
      19.10944938659668,
      16.90194320678711,
      18.603635787963867,
      16.960676193237305,
      24.732988357543945,
      21.951181411743164,
      22.422710418701172,
      22.536663055419922,
      22.511011123657227,
      22.542461395263672
    ],
    [
      0.07567356526851654,
      3.3082773685455322,
      0.2986304759979248,
      2.978360414505005,
      12.711942672729492,
      7.6565632820129395,
      17.22374153137207,
      12.426602363586426,
      19.85954475402832,
      17.603254318237305,
      19.27063751220703,
      18.70492935180664,
      21.951181411743164,
      24.126461029052734,
      22.332538604736328,
      22.276838302612305,
      22.643125534057617,
      22.609880447387695
    ],
    [
      -1.5142244100570679,
      3.104804754257202,
      2.2830379009246826,
      4.218760013580322,
      9.7208833694458,
      6.060967922210693,
      12.068790435791016,
      7.592494010925293,
      14.397787094116211,
      12.097516059875488,
      16.614524841308594,
      16.298904418945312,
      22.422710418701172,
      22.332538604736328,
      32.58417510986328,
      32.06108856201172,
      32.188575744628906,
      32.2963752746582
    ],
    [
      -1.6948318481445312,
      2.8832595348358154,
      2.32401442527771,
      4.288714408874512,
      9.643192291259766,
      6.03640604019165,
      12.022732734680176,
      7.6708760261535645,
      14.21584415435791,
      12.045042037963867,
      16.474346160888672,
      16.200712203979492,
      22.536663055419922,
      22.276838302612305,
      32.06108856201172,
      32.77463150024414,
      32.36908721923828,
      32.48768615722656
    ],
    [
      -2.0710813999176025,
      3.280388593673706,
      2.3766751289367676,
      4.222911834716797,
      11.477826118469238,
      8.022117614746094,
      14.65880012512207,
      10.612086296081543,
      15.027235984802246,
      12.98454761505127,
      16.948537826538086,
      17.20733642578125,
      22.511011123657227,
      22.643125534057617,
      32.188575744628906,
      32.36908721923828,
      41.098289489746094,
      41.239532470703125
    ],
    [
      -2.266923189163208,
      3.152686834335327,
      2.3561248779296875,
      4.161342620849609,
      11.448087692260742,
      8.030501365661621,
      14.703680038452148,
      10.658337593078613,
      14.940560340881348,
      12.893875122070312,
      16.901607513427734,
      17.181921005249023,
      22.542461395263672,
      22.609880447387695,
      32.2963752746582,
      32.48768615722656,
      41.239532470703125,
      41.58804702758789
    ]
  ],
  "drr": 14.672313690185547,
  "dynamics": 2.576186180114746,
  "format": 1245190,
  "frames": 12249088,
  "loudness": -12.694441795349121,
  "loudness_range": 5.924040794372559,
  "loudness_range_short": 10.141672134399414,
  "peak": 0.3642285466194153,
  "rms": -16.32334327697754,
  "sample_rate": 44100,
  "sections": 1,
  "seekable": 1,
  "sharpness": 3.047398805618286,
  "space": -3.0703091621398926
}