{
  "bands": [
    {
      "high_freq": 148.1999969482422,
      "loudness": -24.88467788696289,
      "loudness_range": 10.948572158813477,
      "mid_mean": -21.27579689025879,
      "mid_to_side_loudness": -17.94265365600586,
      "mid_to_side_loudness_range": 12.893930435180664,
      "side_mean": -40.152076721191406
    },
    {
      "high_freq": 392.3793640136719,
      "loudness": -21.988340377807617,
      "loudness_range": 9.136842727661133,
      "low_freq": 148.1999969482422,
      "mid_mean": -18.495887756347656,
      "mid_to_side_loudness": -13.601506233215332,
      "mid_to_side_loudness_range": 7.54563045501709,
      "side_mean": -32.314517974853516
    },
    {
      "high_freq": 794.6976318359375,
      "loudness": -23.910526275634766,
      "loudness_range": 14.70400619506836,
      "low_freq": 392.3793640136719,
      "mid_mean": -20.598684310913086,
      "mid_to_side_loudness": -11.23787784576416,
      "mid_to_side_loudness_range": 12.9462890625,
      "side_mean": -32.219635009765625
    },
    {
      "high_freq": 1457.5709228515625,
      "loudness": -25.544729232788086,
      "loudness_range": 13.407644271850586,
      "low_freq": 794.6976318359375,
      "mid_mean": -22.376644134521484,
      "mid_to_side_loudness": -9.437149047851562,
      "mid_to_side_loudness_range": 11.443174362182617,
      "side_mean": -31.927104949951172
    },
    {
      "high_freq": 2549.74365234375,
      "loudness": -26.082632064819336,
      "loudness_range": 9.963220596313477,
      "low_freq": 1457.5709228515625,
      "mid_mean": -22.934303283691406,
      "mid_to_side_loudness": -9.410686492919922,
      "mid_to_side_loudness_range": 7.882505893707275,
      "side_mean": -32.34400177001953
    },
    {
      "high_freq": 4349.24462890625,
      "loudness": -27.59876823425293,
      "loudness_range": 9.986089706420898,
      "low_freq": 2549.74365234375,
      "mid_mean": -24.560171127319336,
      "mid_to_side_loudness": -8.332630157470703,
      "mid_to_side_loudness_range": 6.331325531005859,
      "side_mean": -32.90580368041992
    },
    {
      "high_freq": 7314.1640625,
      "loudness": -28.733922958374023,
      "loudness_range": 13.220947265625,
      "low_freq": 4349.24462890625,
      "mid_mean": -26.383020401000977,
      "mid_to_side_loudness": -4.565515041351318,
      "mid_to_side_loudness_range": 4.3155059814453125,
      "side_mean": -30.9635066986084
    },
    {
      "high_freq": 12199.2666015625,
      "loudness": -31.98845100402832,
      "loudness_range": 13.399293899536133,
      "low_freq": 7314.1640625,
      "mid_mean": -30.746471405029297,
      "mid_to_side_loudness": -1.2128387689590454,
      "mid_to_side_loudness_range": 3.3392608165740967,
      "side_mean": -31.9720516204834
    },
    {
      "loudness": -37.72593307495117,
      "loudness_range": 14.323246002197266,
      "low_freq": 12199.2666015625,
      "mid_mean": -37.09695816040039,
      "mid_to_side_loudness": -0.10315021127462387,
      "mid_to_side_loudness_range": 5.451347351074219,
      "side_mean": -37.13331985473633
    }
  ],
  "bands_short": [
    {
      "high_freq": 148.1999969482422,
      "loudness": -30.565114974975586,
      "loudness_range": 23.327072143554688,
      "mid_mean": -27.09478759765625,
      "mid_to_side_loudness": -15.923155784606934,
      "mid_to_side_loudness_range": 21.246746063232422,
      "side_mean": -44.309326171875
    },
    {
      "high_freq": 392.3793640136719,
      "loudness": -22.284767150878906,
      "loudness_range": 14.00454044342041,
      "low_freq": 148.1999969482422,
      "mid_mean": -18.789628982543945,
      "mid_to_side_loudness": -13.653861045837402,
      "mid_to_side_loudness_range": 13.022119522094727,
      "side_mean": -32.984676361083984
    },
    {
      "high_freq": 794.6976318359375,
      "loudness": -24.363800048828125,
      "loudness_range": 16.768983840942383,
      "low_freq": 392.3793640136719,
      "mid_mean": -21.070043563842773,
      "mid_to_side_loudness": -10.952427864074707,
      "mid_to_side_loudness_range": 15.22861385345459,
      "side_mean": -32.54020690917969
    },
    {
      "high_freq": 1457.5709228515625,
      "loudness": -26.091886520385742,
      "loudness_range": 16.44827651977539,
      "low_freq": 794.6976318359375,
      "mid_mean": -23.004119873046875,
      "mid_to_side_loudness": -9.32861614227295,
      "mid_to_side_loudness_range": 13.295612335205078,
      "side_mean": -32.49274444580078
    },
    {
      "high_freq": 2549.74365234375,
      "loudness": -26.849565505981445,
      "loudness_range": 13.077083587646484,
      "low_freq": 1457.5709228515625,
      "mid_mean": -23.794841766357422,
      "mid_to_side_loudness": -9.072366714477539,
      "mid_to_side_loudness_range": 10.954031944274902,
      "side_mean": -32.90310287475586
    },
    {
      "high_freq": 4349.24462890625,
      "loudness": -28.27670669555664,
      "loudness_range": 13.18745231628418,
      "low_freq": 2549.74365234375,
      "mid_mean": -25.370222091674805,
      "mid_to_side_loudness": -7.834350109100342,
      "mid_to_side_loudness_range": 9.477252006530762,
      "side_mean": -33.2139892578125
    },
    {
      "high_freq": 7314.1640625,
      "loudness": -29.697546005249023,
      "loudness_range": 16.390117645263672,
      "low_freq": 4349.24462890625,
      "mid_mean": -27.498592376708984,
      "mid_to_side_loudness": -4.203692436218262,
      "mid_to_side_loudness_range": 6.489675998687744,
      "side_mean": -31.73912239074707
    },
    {
      "high_freq": 12199.2666015625,
      "loudness": -33.20734786987305,
      "loudness_range": 17.585786819458008,
      "low_freq": 7314.1640625,
      "mid_mean": -32.035640716552734,
      "mid_to_side_loudness": -1.2588568925857544,
      "mid_to_side_loudness_range": 5.907276630401611,
      "side_mean": -33.34429931640625
    },
    {
      "loudness": -41.21932601928711,
      "loudness_range": 23.737255096435547,
      "low_freq": 12199.2666015625,
      "mid_mean": -40.348819732666016,
      "mid_to_side_loudness": -0.41287922859191895,
      "mid_to_side_loudness_range": 6.5829010009765625,
      "side_mean": -40.94269561767578
    }
  ],
  "channels": 2,
  "covariance": [
    [
      23.179641723632812,
      14.573864936828613,
      9.45832633972168,
      9.059995651245117,
      9.031534194946289,
      9.002903938293457,
      7.7957963943481445,
      7.054693698883057,
      6.307557106018066,
      5.862081527709961,
      7.425208568572998,
      6.426577568054199,
      9.382062911987305,
      8.881260871887207,
      9.954633712768555,
      9.83079719543457,
      12.235013961791992,
      15.110767364501953
    ],
    [
      14.573864936828613,
      29.312280654907227,
      12.976707458496094,
      16.70431137084961,
      13.8880615234375,
      18.100454330444336,
      12.156530380249023,
      14.628800392150879,
      9.51386547088623,
      9.489830017089844,
      10.43740463256836,
      10.06811809539795,
      13.713520050048828,
      13.765602111816406,
      13.196904182434082,
      12.45804500579834,
      10.446873664855957,
      12.4309720993042
    ],
    [
      9.45832633972168,
      12.976707458496094,
      16.186071395874023,
      14.104996681213379,
      11.233565330505371,
      12.691468238830566,
      9.624464988708496,
      11.16115665435791,
      7.784206867218018,
      7.116764068603516,
      7.877741813659668,
      7.589754104614258,
      10.93442153930664,
      10.859039306640625,
      10.714160919189453,
      10.316320419311523,
      8.852850914001465,
      10.56314468383789
    ],
    [
      9.059995651245117,
      16.70431137084961,
      14.104996681213379,
      19.190542221069336,
      13.628890991210938,
      17.144594192504883,
      11.974702835083008,
      14.154236793518066,
      9.526062965393066,
      9.405876159667969,
      10.180534362792969,
      10.05223274230957,
      13.98030948638916,
      14.006987571716309,
      13.071404457092285,
      12.329713821411133,
      9.26844596862793,
      11.93216609954834
    ],
    [
      9.031534194946289,
      13.8880615234375,
      11.233565330505371,
      13.628890991210938,
      24.431474685668945,
      28.715591430664062,
      18.279726028442383,
      23.74778175354004,
      13.197858810424805,
      14.495096206665039,
      11.950029373168945,
      13.312131881713867,
      15.241424560546875,
      16.02214813232422,
      14.182844161987305,
      13.282727241516113,
      9.677184104919434,
      11.5462646484375
    ],
    [
      9.002903938293457,
      18.100454330444336,
      12.691468238830566,
      17.144594192504883,
      28.715591430664062,
      49.42881393432617,
      26.025859832763672,
      40.886322021484375,
      19.176387786865234,
      23.110261917114258,
      16.906414031982422,
      19.43149185180664,
      21.94395637512207,
      23.418046951293945,
      19.864765167236328,
      18.687437057495117,
      12.54481315612793,
      14.722695350646973
    ],
    [
      7.7957963943481445,
      12.156530380249023,
      9.624464988708496,
      11.974702835083008,
      18.279726028442383,
      26.025859832763672,
      24.391429901123047,
      26.699134826660156,
      15.198991775512695,
      15.155069351196289,
      13.313136100769043,
      13.089838027954102,
      16.474559783935547,
      16.375823974609375,
      14.858521461486816,
      13.797245025634766,
      10.494882583618164,
      11.863557815551758
    ],
    [
      7.054693698883057,
      14.628800392150879,
      11.16115665435791,
      14.154236793518066,
      23.74778175354004,
      40.886322021484375,
      26.699134826660156,
      42.519630432128906,
      16.95543098449707,
      22.09159278869629,
      14.794124603271484,
      18.226337432861328,
      19.379714965820312,
      21.310152053833008,
      18.27176284790039,
      17.457454681396484,
      11.161953926086426,
      12.4613037109375
    ],
    [
      6.307557106018066,
      9.51386547088623,
      7.784206867218018,
      9.526062965393066,
      13.197858810424805,
      19.176387786865234,
      15.198991775512695,
      16.95543098449707,
      15.836812973022461,
      12.580473899841309,
      13.576854705810547,
      11.116999626159668,
      15.00810432434082,
      13.75302505493164,
      13.537545204162598,
      12.343925476074219,
      10.08456039428711,
      10.576119422912598
    ],
    [
      5.862081527709961,
      9.489830017089844,
      7.116764068603516,
      9.405876159667969,
      14.495096206665039,
      23.110261917114258,
      15.155069351196289,
      22.09159278869629,
      12.580473899841309,
      15.799787521362305,
      10.956764221191406,
      12.865949630737305,
      14.185002326965332,
      15.079310417175293,
      13.342040061950684,
      12.49242877960205,
      8.011775970458984,
      9.138428688049316
    ],
    [
      7.425208568572998,
      10.43740463256836,
      7.877741813659668,
      10.180534362792969,
      11.950029373168945,
      16.906414031982422,
      13.313136100769043,
      14.794124603271484,
      13.576854705810547,
      10.956764221191406,
      15.58984088897705,
      12.272103309631348,
      17.21561622619629,
      15.343644142150879,
      15.582242965698242,
      14.260213851928711,
      12.118144989013672,
      12.265372276306152
    ],
    [
      6.426577568054199,
      10.06811809539795,
      7.589754104614258,
      10.05223274230957,
      13.312131881713867,
      19.43149185180664,
      13.089838027954102,
      18.226337432861328,
      11.116999626159668,
      12.865949630737305,
      12.272103309631348,
      13.866368293762207,
      15.920454025268555,
      16.6562557220459,
      15.01452922821045,
      14.198277473449707,
      9.565423011779785,
      10.554977416992188
    ],
    [
      9.382062911987305,
      13.713520050048828,
      10.93442153930664,
      13.98030948638916,
      15.241424560546875,
      21.94395637512207,
      16.474559783935547,
      19.379714965820312,
      15.00810432434082,
      14.185002326965332,
      17.21561622619629,
      15.920454025268555,
      24.926103591918945,
      23.281450271606445,
      22.808650970458984,
      21.233400344848633,
      16.325157165527344,
      17.985736846923828
    ],
    [
      8.881260871887207,
      13.765602111816406,
      10.859039306640625,
      14.006987571716309,
      16.02214813232422,
      23.418046951293945,
      16.375823974609375,
      21.310152053833008,
      13.75302505493164,
      15.079310417175293,
      15.343644142150879,
      16.6562557220459,
      23.281450271606445,
      24.12428092956543,
      21.952007293701172,
      21.144556045532227,
      14.606037139892578,
      16.798749923706055
    ],
    [
      9.954633712768555,
      13.196904182434082,
      10.714160919189453,
      13.071404457092285,
      14.182844161987305,
      19.864765167236328,
      14.858521461486816,
      18.27176284790039,
      13.537545204162598,
      13.342040061950684,
      15.582242965698242,
      15.01452922821045,
      22.808650970458984,
      21.952007293701172,
      25.308122634887695,
      23.317119598388672,
      19.980655670166016,
      20.987882614135742
    ],
    [
      9.83079719543457,
      12.45804500579834,
      10.316320419311523,
      12.329713821411133,
      13.282727241516113,
      18.687437057495117,
      13.797245025634766,
      17.457454681396484,
      12.343925476074219,
      12.49242877960205,
      14.260213851928711,
      14.198277473449707,
      21.233400344848633,
      21.144556045532227,
      23.317119598388672,
      23.453588485717773,
      19.256864547729492,
      21.126426696777344
    ],
    [
      12.235013961791992,
      10.446873664855957,
      8.852850914001465,
      9.26844596862793,
      9.677184104919434,
      12.54481315612793,
      10.494882583618164,
      11.161953926086426,
      10.08456039428711,
      8.011775970458984,
      12.118144989013672,
      9.565423011779785,
      16.325157165527344,
      14.606037139892578,
      19.980655670166016,
      19.256864547729492,
      26.215198516845703,
      25.55975914001465
    ],
    [
      15.110767364501953,
      12.4309720993042,
      10.56314468383789,
      11.93216609954834,
      11.5462646484375,
      14.722695350646973,
      11.863557815551758,
      12.4613037109375,
      10.576119422912598,
      9.138428688049316,
      12.265372276306152,
      10.554977416992188,
      17.985736846923828,
      16.798749923706055,
      20.987882614135742,
      21.126426696777344,
      25.55975914001465,
      30.253772735595703
    ]
  ],
  "covariance_short": [
    [
      59.668880462646484,
      21.601621627807617,
      22.29323959350586,
      11.106090545654297,
      11.206841468811035,
      6.5799360275268555,
      9.388151168823242,
      4.335356712341309,
      10.87794017791748,
      6.875240325927734,
      13.001662254333496,
      8.167543411254883,
      14.656517028808594,
      10.745471954345703,
      17.645702362060547,
      15.248239517211914,
      29.55210304260254,
      31.276899337768555
    ],
    [
      21.601621627807617,
      42.945152282714844,
      15.712570190429688,
      19.167150497436523,
      15.552197456359863,
      18.71858024597168,
      13.857291221618652,
      15.033778190612793,
      12.110465049743652,
      10.870280265808105,
      13.187405586242676,
      11.612680435180664,
      17.498430252075195,
      16.110082626342773,
      18.576171875,
      16.986146926879883,
      19.51023292541504,
      21.309118270874023
    ],
    [
      22.29323959350586,
      15.712570190429688,
      26.3677978515625,
      16.108213424682617,
      14.444918632507324,
      11.79581069946289,
      11.577413558959961,
      10.04239273071289,
      10.400007247924805,
      7.860509395599365,
      11.799674034118652,
      8.993807792663574,
      15.158977508544922,
      13.093936920166016,
      16.039993286132812,
      14.895339012145996,
      19.787670135498047,
      22.462263107299805
    ],
    [
      11.106090545654297,
      19.167150497436523,
      16.108213424682617,
      25.91680145263672,
      15.228151321411133,
      16.998966217041016,
      13.415868759155273,
      13.952361106872559,
      11.378231048583984,
      10.062679290771484,
      12.696434020996094,
      11.074009895324707,
      16.976713180541992,
      16.08653450012207,
      16.549396514892578,
      15.7672758102417,
      14.45488166809082,
      17.59061622619629
    ],
    [
      11.206841468811035,
      15.552197456359863,
      14.444918632507324,
      15.228151321411133,
      34.545082092285156,
      30.244060516357422,
      23.609786987304688,
      24.914867401123047,
      18.442508697509766,
      16.76093864440918,
      17.175840377807617,
      15.571648597717285,
      20.750640869140625,
      19.265886306762695,
      19.699954986572266,
      17.750579833984375,
      17.566259384155273,
      19.484628677368164
    ],
    [
      6.5799360275268555,
      18.71858024597168,
      11.79581069946289,
      16.998966217041016,
      30.244060516357422,
      50.51804733276367,
      28.148483276367188,
      39.67538070678711,
      20.56817626953125,
      23.39748764038086,
      18.976367950439453,
      19.755125045776367,
      24.819721221923828,
      25.053749084472656,
      22.891727447509766,
      21.660120010375977,
      16.66073989868164,
      19.341968536376953
    ],
    [
      9.388151168823242,
      13.857291221618652,
      11.577413558959961,
      13.415868759155273,
      23.609786987304688,
      28.148483276367188,
      34.29113006591797,
      30.037548065185547,
      21.323974609375,
      18.316001892089844,
      18.933345794677734,
      15.747271537780762,
      22.616012573242188,
      20.234630584716797,
      20.767555236816406,
      18.84326934814453,
      18.31370735168457,
      19.567747116088867
    ],
    [
      4.335356712341309,
      15.033778190612793,
      10.04239273071289,
      13.952361106872559,
      24.914867401123047,
      39.67538070678711,
      30.037548065185547,
      45.597068786621094,
      18.831104278564453,
      23.633512496948242,
      17.05109405517578,
      19.31447982788086,
      22.89895248413086,
      23.902366638183594,
      21.68938446044922,
      21.023292541503906,
      16.457138061523438,
      18.355329513549805
    ],
    [
      10.87794017791748,
      12.110465049743652,
      10.400007247924805,
      11.378231048583984,
      18.442508697509766,
      20.56817626953125,
      21.323974609375,
      18.831104278564453,
      24.99898338317871,
      16.053184509277344,
      20.958444595336914,
      14.196832656860352,
      21.623855590820312,
      17.597164154052734,
      19.91695785522461,
      17.377363204956055,
      18.74397087097168,
      18.719749450683594
    ],
    [
      6.875240325927734,
      10.870280265808105,
      7.860509395599365,
      10.062679290771484,
      16.76093864440918,
      23.39748764038086,
      18.316001892089844,
      23.633512496948242,
      16.053184509277344,
      19.60991096496582,
      14.56679630279541,
      14.984573364257812,
      18.44174575805664,
      18.286943435668945,
      17.697141647338867,
      16.623254776000977,
      14.373860359191895,
      15.840636253356934
    ],
    [
      13.001662254333496,
      13.187405586242676,
      11.799674034118652,
      12.696434020996094,
      17.175840377807617,
      18.976367950439453,
      18.933345794677734,
      17.05109405517578,
      20.958444595336914,
      14.56679630279541,
      25.77901840209961,
      16.78046226501465,
      25.485326766967773,
      20.824542999267578,
      23.15239143371582,
      20.290040969848633,
      22.264266967773438,
      21.93387222290039
    ],
    [
      8.167543411254883,
      11.612680435180664,
      8.993807792663574,
      11.074009895324707,
      15.571648597717285,
      19.755125045776367,
      15.747271537780762,
      19.31447982788086,
      14.196832656860352,
      14.984573364257812,
      16.78046226501465,
      17.2733154296875,
      21.21209144592285,
      20.836687088012695,
      20.236682891845703,
      19.347286224365234,
      17.099578857421875,
      18.23434066772461
    ],
    [
      14.656517028808594,
      17.498430252075195,
      15.158977508544922,
      16.976713180541992,
      20.750640869140625,
      24.819721221923828,
      22.616012573242188,
      22.89895248413086,
      21.623855590820312,
      18.44174575805664,
      25.485326766967773,
      21.21209144592285,
      36.62982940673828,
      31.546295166015625,
      33.61142349243164,
      30.887554168701172,
      30.470056533813477,
      31.446949005126953
    ],
    [
      10.745471954345703,
      16.110082626342773,
      13.093936920166016,
      16.08653450012207,
      19.265886306762695,
      25.053749084472656,
      20.234630584716797,
      23.902366638183594,
      17.597164154052734,
      18.286943435668945,
      20.824542999267578,
      20.836687088012695,
      31.546295166015625,
      32.359107971191406,
      30.62512969970703,
      30.63326644897461,
      25.993896484375,
      28.63942527770996
    ],
    [
      17.645702362060547,
      18.576171875,
      16.039993286132812,
      16.549396514892578,
      19.699954986572266,
      22.891727447509766,
      20.767555236816406,
      21.68938446044922,
      19.91695785522461,
      17.697141647338867,
      23.15239143371582,
      20.236682891845703,
      33.61142349243164,
      30.62512969970703,
      41.09873962402344,
      37.196388244628906,
      41.286617279052734,
      40.678043365478516
    ],
    [
      15.248239517211914,
      16.986146926879883,
      14.895339012145996,
      15.7672758102417,
      17.750579833984375,
      21.660120010375977,
      18.84326934814453,
      21.023292541503906,
      17.377363204956055,
      16.623254776000977,
      20.290040969848633,
      19.347286224365234,
      30.887554168701172,
      30.63326644897461,
      37.196388244628906,
      39.59178161621094,
      39.062320709228516,
      40.83704376220703
    ],
    [
      29.55210304260254,
      19.51023292541504,
      19.787670135498047,
      14.45488166809082,
      17.566259384155273,
      16.66073989868164,
      18.31370735168457,
      16.457138061523438,
      18.74397087097168,
      14.373860359191895,
      22.264266967773438,
      17.099578857421875,
      30.470056533813477,
      25.993896484375,
      41.286617279052734,
      39.062320709228516,
      64.5068588256836,
      61.37504959106445
    ],
    [
      31.276899337768555,
      21.309118270874023,
      22.462263107299805,
      17.59061622619629,
      19.484628677368164,
      19.341968536376953,
      19.567747116088867,
      18.355329513549805,
      18.719749450683594,
      15.840636253356934,
      21.93387222290039,
      18.23434066772461,
      31.446949005126953,
      28.63942527770996,
      40.678043365478516,
      40.83704376220703,
      61.37504959106445,
      66.59815216064453
    ]
  ],
  "drr": 13.774486541748047,
  "dynamics": 3.211810827255249,
  "format": 1245190,
  "frames": 6533120,
  "loudness": -12.318023681640625,
  "loudness_range": 8.1500883102417,
  "loudness_range_short": 11.5072660446167,
  "peak": 0.049067266285419464,
  "rms": -14.540072441101074,
  "sample_rate": 44100,
  "sections": 1,
  "seekable": 1,
  "sharpness": 2.5589818954467773,
  "space": -9.630481719970703
}