{
  "bands": [
    {
      "high_freq": 148.1999969482422,
      "loudness": -53.682334899902344,
      "loudness_range": 25.005393981933594,
      "mid_mean": -50.10912322998047,
      "mid_to_side_loudness": -13.694540977478027,
      "mid_to_side_loudness_range": 12.641918182373047,
      "side_mean": -62.19151306152344
    },
    {
      "high_freq": 392.3793640136719,
      "loudness": -39.99250030517578,
      "loudness_range": 26.593095779418945,
      "low_freq": 148.1999969482422,
      "mid_mean": -36.96983337402344,
      "mid_to_side_loudness": -10.106499671936035,
      "mid_to_side_loudness_range": 9.247721672058105,
      "side_mean": -47.435699462890625
    },
    {
      "high_freq": 794.6976318359375,
      "loudness": -40.05354309082031,
      "loudness_range": 32.11443328857422,
      "low_freq": 392.3793640136719,
      "mid_mean": -37.548770904541016,
      "mid_to_side_loudness": -6.331613540649414,
      "mid_to_side_loudness_range": 8.280048370361328,
      "side_mean": -44.163238525390625
    },
    {
      "high_freq": 1457.5709228515625,
      "loudness": -49.24582290649414,
      "loudness_range": 35.34042739868164,
      "low_freq": 794.6976318359375,
      "mid_mean": -50.38269805908203,
      "mid_to_side_loudness": 0.1690920740365982,
      "mid_to_side_loudness_range": 8.057181358337402,
      "side_mean": -50.173919677734375
    },
    {
      "high_freq": 2549.74365234375,
      "loudness": -52.73617172241211,
      "loudness_range": 36.63117599487305,
      "low_freq": 1457.5709228515625,
      "mid_mean": -54.840972900390625,
      "mid_to_side_loudness": -1.0069963932037354,
      "mid_to_side_loudness_range": 7.80135440826416,
      "side_mean": -55.69465637207031
    },
    {
      "high_freq": 4349.24462890625,
      "loudness": -59.13859176635742,
      "loudness_range": 34.65736389160156,
      "low_freq": 2549.74365234375,
      "mid_mean": -62.54941177368164,
      "mid_to_side_loudness": -0.1869269460439682,
      "mid_to_side_loudness_range": 5.58043098449707,
      "side_mean": -62.66059112548828
    },
    {
      "high_freq": 7314.1640625,
      "loudness": -69.00798797607422,
      "loudness_range": 29.70352554321289,
      "low_freq": 4349.24462890625,
      "mid_mean": -67.29913330078125,
      "mid_to_side_loudness": 0.1499171406030655,
      "mid_to_side_loudness_range": 2.8722453117370605,
      "side_mean": -67.19605255126953
    },
    {
      "high_freq": 12199.2666015625,
      "loudness": -76.86311340332031,
      "loudness_range": 9.300544738769531,
      "low_freq": 7314.1640625,
      "mid_mean": -68.78553009033203,
      "mid_to_side_loudness": 0.0725020170211792,
      "mid_to_side_loudness_range": 0.687980055809021,
      "side_mean": -68.77855682373047
    },
    {
      "loudness": -76.19285583496094,
      "loudness_range": 1.9777450561523438,
      "low_freq": 12199.2666015625,
      "mid_mean": -68.88077545166016,
      "mid_to_side_loudness": -0.07370336353778839,
      "mid_to_side_loudness_range": 0.46614283323287964,
      "side_mean": -68.8940658569336
    }
  ],
  "bands_short": [
    {
      "high_freq": 148.1999969482422,
      "loudness": -57.40797424316406,
      "loudness_range": 24.48339080810547,
      "mid_mean": -53.85554122924805,
      "mid_to_side_loudness": -12.429102897644043,
      "mid_to_side_loudness_range": 16.652141571044922,
      "side_mean": -64.02661895751953
    },
    {
      "high_freq": 392.3793640136719,
      "loudness": -40.67522430419922,
      "loudness_range": 27.52396583557129,
      "low_freq": 148.1999969482422,
      "mid_mean": -37.729637145996094,
      "mid_to_side_loudness": -10.125977516174316,
      "mid_to_side_loudness_range": 10.760595321655273,
      "side_mean": -48.37787628173828
    },
    {
      "high_freq": 794.6976318359375,
      "loudness": -40.47056579589844,
      "loudness_range": 32.04772186279297,
      "low_freq": 392.3793640136719,
      "mid_mean": -37.94985580444336,
      "mid_to_side_loudness": -6.449601650238037,
      "mid_to_side_loudness_range": 9.454797744750977,
      "side_mean": -44.73125457763672
    },
    {
      "high_freq": 1457.5709228515625,
      "loudness": -49.732425689697266,
      "loudness_range": 35.08839797973633,
      "low_freq": 794.6976318359375,
      "mid_mean": -50.864994049072266,
      "mid_to_side_loudness": 0.2837080657482147,
      "mid_to_side_loudness_range": 9.335084915161133,
      "side_mean": -50.562721252441406
    },
    {
      "high_freq": 2549.74365234375,
      "loudness": -53.572689056396484,
      "loudness_range": 36.473209381103516,
      "low_freq": 1457.5709228515625,
      "mid_mean": -55.71910095214844,
      "mid_to_side_loudness": -0.7952557802200317,
      "mid_to_side_loudness_range": 9.382390975952148,
      "side_mean": -56.38113021850586
    },
    {
      "high_freq": 4349.24462890625,
      "loudness": -59.30274200439453,
      "loudness_range": 34.47904968261719,
      "low_freq": 2549.74365234375,
      "mid_mean": -62.84398651123047,
      "mid_to_side_loudness": -0.11611974984407425,
      "mid_to_side_loudness_range": 6.817627906799316,
      "side_mean": -62.90463638305664
    },
    {
      "high_freq": 7314.1640625,
      "loudness": -69.62897491455078,
      "loudness_range": 28.725772857666016,
      "low_freq": 4349.24462890625,
      "mid_mean": -67.52667999267578,
      "mid_to_side_loudness": 0.10931199043989182,
      "mid_to_side_loudness_range": 4.0696821212768555,
      "side_mean": -67.45835876464844
    },
    {
      "high_freq": 12199.2666015625,
      "loudness": -77.10426330566406,
      "loudness_range": 6.975860595703125,
      "low_freq": 7314.1640625,
      "mid_mean": -68.9140853881836,
      "mid_to_side_loudness": 0.08802510797977448,
      "mid_to_side_loudness_range": 1.8220856189727783,
      "side_mean": -68.89750671386719
    },
    {
      "loudness": -76.23607635498047,
      "loudness_range": 1.9947357177734375,
      "low_freq": 12199.2666015625,
      "mid_mean": -68.89427185058594,
      "mid_to_side_loudness": -0.08241395652294159,
      "mid_to_side_loudness_range": 1.2993956804275513,
      "side_mean": -68.9113998413086
    }
  ],
  "channels": 2,
  "covariance": [
    [
      72.30884552001953,
      39.45225524902344,
      49.13194274902344,
      49.74425506591797,
      55.82659912109375,
      54.44725036621094,
      66.17584991455078,
      70.2232666015625,
      64.14248657226562,
      62.43366241455078,
      44.29835891723633,
      43.494876861572266,
      15.915462493896484,
      16.569480895996094,
      4.06671142578125,
      4.063537120819092,
      1.1011381149291992,
      1.0816665887832642
    ],
    [
      39.45225524902344,
      27.307092666625977,
      31.099328994750977,
      31.83502769470215,
      35.48419189453125,
      34.65388488769531,
      40.71698760986328,
      43.25056838989258,
      39.460819244384766,
      38.66795349121094,
      28.041818618774414,
      27.39011573791504,
      11.057225227355957,
      11.421485900878906,
      3.0850467681884766,
      3.1028060913085938,
      0.7918586730957031,
      0.8009211421012878
    ],
    [
      49.13194274902344,
      31.099328994750977,
      85.33976745605469,
      75.38681030273438,
      60.69799041748047,
      58.69890213012695,
      67.29673767089844,
      68.39803314208984,
      64.27062225341797,
      63.716739654541016,
      46.914371490478516,
      46.59367752075195,
      19.32049560546875,
      19.504722595214844,
      5.297379016876221,
      5.397794723510742,
      1.3313207626342773,
      1.3231606483459473
    ],
    [
      49.74425506591797,
      31.83502769470215,
      75.38681030273438,
      83.4014663696289,
      62.045928955078125,
      59.39073944091797,
      72.60004425048828,
      73.30823516845703,
      70.98937225341797,
      69.94367218017578,
      51.876312255859375,
      51.57841110229492,
      21.59665870666504,
      21.91238784790039,
      5.957370281219482,
      6.024938106536865,
      1.4663221836090088,
      1.4665507078170776
    ],
    [
      55.82659912109375,
      35.48419189453125,
      60.69799041748047,
      62.045928955078125,
      119.28347778320312,
      107.2442398071289,
      101.2629165649414,
      103.3113784790039,
      110.92898559570312,
      102.14511108398438,
      83.77685546875,
      81.21157836914062,
      35.9754524230957,
      37.07510757446289,
      9.334511756896973,
      9.199104309082031,
      2.2937490940093994,
      2.2638115882873535
    ],
    [
      54.44725036621094,
      34.65388488769531,
      58.69890213012695,
      59.39073944091797,
      107.2442398071289,
      108.21179962158203,
      99.24136352539062,
      100.8462905883789,
      107.02823638916016,
      98.70581817626953,
      81.08052825927734,
      78.58202362060547,
      35.35490417480469,
      36.676544189453125,
      9.105706214904785,
      8.978334426879883,
      2.223365068435669,
      2.2139854431152344
    ],
    [
      66.17584991455078,
      40.71698760986328,
      67.29673767089844,
      72.60004425048828,
      101.2629165649414,
      99.24136352539062,
      141.02552795410156,
      138.3814239501953,
      136.16140747070312,
      126.99092102050781,
      97.82002258300781,
      95.36368560791016,
      43.44746780395508,
      45.17429733276367,
      12.226479530334473,
      12.139689445495605,
      2.9761383533477783,
      3.0185608863830566
    ],
    [
      70.2232666015625,
      43.25056838989258,
      68.39803314208984,
      73.30823516845703,
      103.3113784790039,
      100.8462905883789,
      138.3814239501953,
      142.28431701660156,
      135.05816650390625,
      126.93476867675781,
      97.46441650390625,
      94.91170501708984,
      43.13136291503906,
      44.68737030029297,
      12.003037452697754,
      11.932254791259766,
      2.9399468898773193,
      3.0174245834350586
    ],
    [
      64.14248657226562,
      39.460819244384766,
      64.27062225341797,
      70.98937225341797,
      110.92898559570312,
      107.02823638916016,
      136.16140747070312,
      135.05816650390625,
      158.9164276123047,
      145.30690002441406,
      108.64965057373047,
      106.76276397705078,
      47.654415130615234,
      49.86506652832031,
      12.704736709594727,
      12.522982597351074,
      3.0320513248443604,
      3.067655563354492
    ],
    [
      62.43366241455078,
      38.66795349121094,
      63.716739654541016,
      69.94367218017578,
      102.14511108398438,
      98.70581817626953,
      126.99092102050781,
      126.93476867675781,
      145.30690002441406,
      137.6450958251953,
      101.03553771972656,
      99.58418273925781,
      44.19222640991211,
      46.02397918701172,
      11.981125831604004,
      11.767844200134277,
      2.843101978302002,
      2.869109630584717
    ],
    [
      44.29835891723633,
      28.041818618774414,
      46.914371490478516,
      51.876312255859375,
      83.77685546875,
      81.08052825927734,
      97.82002258300781,
      97.46441650390625,
      108.64965057373047,
      101.03553771972656,
      91.69114685058594,
      89.08863067626953,
      43.21675109863281,
      44.8740348815918,
      11.73486614227295,
      11.57419204711914,
      2.6968038082122803,
      2.7346014976501465
    ],
    [
      43.494876861572266,
      27.39011573791504,
      46.59367752075195,
      51.57841110229492,
      81.21157836914062,
      78.58202362060547,
      95.36368560791016,
      94.91170501708984,
      106.76276397705078,
      99.58418273925781,
      89.08863067626953,
      88.99620056152344,
      41.92168426513672,
      43.66746139526367,
      11.48095703125,
      11.322783470153809,
      2.6242542266845703,
      2.659539222717285
    ],
    [
      15.915462493896484,
      11.057225227355957,
      19.32049560546875,
      21.59665870666504,
      35.9754524230957,
      35.35490417480469,
      43.44746780395508,
      43.13136291503906,
      47.654415130615234,
      44.19222640991211,
      43.21675109863281,
      41.92168426513672,
      26.57319450378418,
      27.302570343017578,
      7.881044387817383,
      7.805160045623779,
      1.7543718814849854,
      1.81417977809906
    ],
    [
      16.569480895996094,
      11.421485900878906,
      19.504722595214844,
      21.91238784790039,
      37.07510757446289,
      36.676544189453125,
      45.17429733276367,
      44.68737030029297,
      49.86506652832031,
      46.02397918701172,
      44.8740348815918,
      43.66746139526367,
      27.302570343017578,
      28.708105087280273,
      8.208141326904297,
      8.164458274841309,
      1.8240233659744263,
      1.8890867233276367
    ],
    [
      4.06671142578125,
      3.0850467681884766,
      5.297379016876221,
      5.957370281219482,
      9.334511756896973,
      9.105706214904785,
      12.226479530334473,
      12.003037452697754,
      12.704736709594727,
      11.981125831604004,
      11.73486614227295,
      11.48095703125,
      7.881044387817383,
      8.208141326904297,
      3.556079149246216,
      3.386437177658081,
      0.7444040179252625,
      0.7666435241699219
    ],
    [
      4.063537120819092,
      3.1028060913085938,
      5.397794723510742,
      6.024938106536865,
      9.199104309082031,
      8.978334426879883,
      12.139689445495605,
      11.932254791259766,
      12.522982597351074,
      11.767844200134277,
      11.57419204711914,
      11.322783470153809,
      7.805160045623779,
      8.164458274841309,
      3.386437177658081,
      3.3409717082977295,
      0.7303450107574463,
      0.7661522030830383
    ],
    [
      1.1011381149291992,
      0.7918586730957031,
      1.3313207626342773,
      1.4663221836090088,
      2.2937490940093994,
      2.223365068435669,
      2.9761383533477783,
      2.9399468898773193,
      3.0320513248443604,
      2.843101978302002,
      2.6968038082122803,
      2.6242542266845703,
      1.7543718814849854,
      1.8240233659744263,
      0.7444040179252625,
      0.7303450107574463,
      0.20289935171604156,
      0.20672522485256195
    ],
    [
      1.0816665887832642,
      0.8009211421012878,
      1.3231606483459473,
      1.4665507078170776,
      2.2638115882873535,
      2.2139854431152344,
      3.0185608863830566,
      3.0174245834350586,
      3.067655563354492,
      2.869109630584717,
      2.7346014976501465,
      2.659539222717285,
      1.81417977809906,
      1.8890867233276367,
      0.7666435241699219,
      0.7661522030830383,
      0.20672522485256195,
      0.22512568533420563
    ]
  ],
  "covariance_short": [
    [
      67.02399444580078,
      29.110427856445312,
      40.65566635131836,
      40.046783447265625,
      49.38751220703125,
      47.26426315307617,
      57.89723587036133,
      60.87187194824219,
      55.931270599365234,
      54.679969787597656,
      39.544158935546875,
      38.60877227783203,
      14.32854175567627,
      14.81434440612793,
      3.372657060623169,
      3.3960418701171875,
      0.9880666732788086,
      0.9547902345657349
    ],
    [
      29.110427856445312,
      20.78868293762207,
      22.664508819580078,
      22.898448944091797,
      28.943477630615234,
      27.840463638305664,
      32.771976470947266,
      34.374267578125,
      31.584224700927734,
      30.845632553100586,
      23.596755981445312,
      22.91629981994629,
      9.755867958068848,
      10.072052001953125,
      2.4560508728027344,
      2.4762589931488037,
      0.6753013134002686,
      0.6631330847740173
    ],
    [
      40.65566635131836,
      22.664508819580078,
      91.42586517333984,
      79.1164321899414,
      61.001686096191406,
      59.74879455566406,
      68.12051391601562,
      68.49063110351562,
      65.13861846923828,
      64.32066345214844,
      45.82149887084961,
      45.55011749267578,
      17.290443420410156,
      17.292776107788086,
      3.810898780822754,
      4.012447357177734,
      1.0828852653503418,
      1.0319111347198486
    ],
    [
      40.046783447265625,
      22.898448944091797,
      79.1164321899414,
      91.49246978759766,
      61.16148376464844,
      59.14753341674805,
      74.9748764038086,
      74.86100769042969,
      72.20048522949219,
      71.10242462158203,
      51.11012268066406,
      50.82948684692383,
      19.622764587402344,
      19.733539581298828,
      4.3346848487854,
      4.493808269500732,
      1.2319072484970093,
      1.1798968315124512
    ],
    [
      49.38751220703125,
      28.943477630615234,
      61.001686096191406,
      61.16148376464844,
      116.48542022705078,
      104.38459777832031,
      101.71598052978516,
      102.8644790649414,
      108.0433349609375,
      99.30085754394531,
      80.43964385986328,
      80.19430541992188,
      32.5926513671875,
      33.29589080810547,
      7.015506267547607,
      6.957697868347168,
      1.9417493343353271,
      1.8357415199279785
    ],
    [
      47.26426315307617,
      27.840463638305664,
      59.74879455566406,
      59.14753341674805,
      104.38459777832031,
      108.86869812011719,
      101.47470092773438,
      102.30252838134766,
      105.05308532714844,
      96.59032440185547,
      78.17594909667969,
      77.8208236694336,
      32.16962432861328,
      33.183929443359375,
      6.787669658660889,
      6.759362697601318,
      1.8697705268859863,
      1.7835866212844849
    ],
    [
      57.89723587036133,
      32.771976470947266,
      68.12051391601562,
      74.9748764038086,
      101.71598052978516,
      101.47470092773438,
      141.83828735351562,
      137.17465209960938,
      133.07522583007812,
      123.26158905029297,
      95.08611297607422,
      93.90702819824219,
      40.276039123535156,
      41.590267181396484,
      9.3317232131958,
      9.395495414733887,
      2.5910887718200684,
      2.5261003971099854
    ],
    [
      60.87187194824219,
      34.374267578125,
      68.49063110351562,
      74.86100769042969,
      102.8644790649414,
      102.30252838134766,
      137.17465209960938,
      141.63002014160156,
      131.39321899414062,
      123.1568603515625,
      94.43509674072266,
      93.29798126220703,
      39.51787185668945,
      40.600406646728516,
      8.97939395904541,
      9.03991985321045,
      2.526973009109497,
      2.4724786281585693
    ],
    [
      55.931270599365234,
      31.584224700927734,
      65.13861846923828,
      72.20048522949219,
      108.0433349609375,
      105.05308532714844,
      133.07522583007812,
      131.39321899414062,
      152.30206298828125,
      138.111083984375,
      103.75952911376953,
      102.95518493652344,
      43.22420883178711,
      44.711875915527344,
      9.61264705657959,
      9.592264175415039,
      2.6151843070983887,
      2.5261614322662354
    ],
    [
      54.679969787597656,
      30.845632553100586,
      64.32066345214844,
      71.10242462158203,
      99.30085754394531,
      96.59032440185547,
      123.26158905029297,
      123.1568603515625,
      138.111083984375,
      132.515380859375,
      96.56534576416016,
      96.02986907958984,
      39.83583450317383,
      41.03355407714844,
      9.001425743103027,
      8.962462425231934,
      2.4253315925598145,
      2.3541455268859863
    ],
    [
      39.544158935546875,
      23.596755981445312,
      45.82149887084961,
      51.11012268066406,
      80.43964385986328,
      78.17594909667969,
      95.08611297607422,
      94.43509674072266,
      103.75952911376953,
      96.56534576416016,
      88.81037902832031,
      86.14496612548828,
      39.40675354003906,
      40.39835739135742,
      8.931170463562012,
      8.94292163848877,
      2.3214480876922607,
      2.261960506439209
    ],
    [
      38.60877227783203,
      22.91629981994629,
      45.55011749267578,
      50.82948684692383,
      80.19430541992188,
      77.8208236694336,
      93.90702819824219,
      93.29798126220703,
      102.95518493652344,
      96.02986907958984,
      86.14496612548828,
      87.16973876953125,
      38.64911651611328,
      39.72874450683594,
      8.791387557983398,
      8.819926261901855,
      2.2927420139312744,
      2.228342294692993
    ],
    [
      14.32854175567627,
      9.755867958068848,
      17.290443420410156,
      19.622764587402344,
      32.5926513671875,
      32.16962432861328,
      40.276039123535156,
      39.51787185668945,
      43.22420883178711,
      39.83583450317383,
      39.40675354003906,
      38.64911651611328,
      24.026037216186523,
      24.20187759399414,
      5.959071636199951,
      6.000903129577637,
      1.4831335544586182,
      1.4822540283203125
    ],
    [
      14.81434440612793,
      10.072052001953125,
      17.292776107788086,
      19.733539581298828,
      33.29589080810547,
      33.183929443359375,
      41.590267181396484,
      40.600406646728516,
      44.711875915527344,
      41.03355407714844,
      40.39835739135742,
      39.72874450683594,
      24.20187759399414,
      25.57688331604004,
      6.181325435638428,
      6.235742568969727,
      1.5547256469726562,
      1.554038643836975
    ],
    [
      3.372657060623169,
      2.4560508728027344,
      3.810898780822754,
      4.3346848487854,
      7.015506267547607,
      6.787669658660889,
      9.3317232131958,
      8.97939395904541,
      9.61264705657959,
      9.001425743103027,
      8.931170463562012,
      8.791387557983398,
      5.959071636199951,
      6.181325435638428,
      2.583428144454956,
      2.461761474609375,
      0.6303627490997314,
      0.6491708159446716
    ],
    [
      3.3960418701171875,
      2.4762589931488037,
      4.012447357177734,
      4.493808269500732,
      6.957697868347168,
      6.759362697601318,
      9.395495414733887,
      9.03991985321045,
      9.592264175415039,
      8.962462425231934,
      8.94292163848877,
      8.819926261901855,
      6.000903129577637,
      6.235742568969727,
      2.461761474609375,
      2.5103445053100586,
      0.6288249492645264,
      0.6538287401199341
    ],
    [
      0.9880666732788086,
      0.6753013134002686,
      1.0828852653503418,
      1.2319072484970093,
      1.9417493343353271,
      1.8697705268859863,
      2.5910887718200684,
      2.526973009109497,
      2.6151843070983887,
      2.4253315925598145,
      2.3214480876922607,
      2.2927420139312744,
      1.4831335544586182,
      1.5547256469726562,
      0.6303627490997314,
      0.6288249492645264,
      0.2291446179151535,
      0.2318565994501114
    ],
    [
      0.9547902345657349,
      0.6631330847740173,
      1.0319111347198486,
      1.1798968315124512,
      1.8357415199279785,
      1.7835866212844849,
      2.5261003971099854,
      2.4724786281585693,
      2.5261614322662354,
      2.3541455268859863,
      2.261960506439209,
      2.228342294692993,
      1.4822540283203125,
      1.554038643836975,
      0.6491708159446716,
      0.6538287401199341,
      0.2318565994501114,
      0.2560086250305176
    ]
  ],
  "drr": 8.63706111907959,
  "dynamics": 7.600820064544678,
  "format": 1245190,
  "frames": 10448896,
  "loudness": -29.2718448638916,
  "loudness_range": 27.726242065429688,
  "loudness_range_short": 28.303424835205078,
  "peak": -1.505164623260498,
  "rms": -26.633455276489258,
  "sample_rate": 44100,
  "sections": 1,
  "seekable": 1,
  "sharpness": 3.1673471927642822,
  "space": -7.597607612609863
}