{
  "bands": [
    {
      "high_freq": 148.1999969482422,
      "loudness": -45.572452545166016,
      "loudness_range": 22.929630279541016,
      "mid_mean": -42.73135757446289,
      "mid_to_side_loudness": -7.5277886390686035,
      "mid_to_side_loudness_range": 10.008172988891602,
      "side_mean": -50.64215850830078
    },
    {
      "high_freq": 392.3793640136719,
      "loudness": -31.841943740844727,
      "loudness_range": 16.817529678344727,
      "low_freq": 148.1999969482422,
      "mid_mean": -29.29783058166504,
      "mid_to_side_loudness": -5.801743507385254,
      "mid_to_side_loudness_range": 8.991958618164062,
      "side_mean": -35.182220458984375
    },
    {
      "high_freq": 794.6976318359375,
      "loudness": -26.75285530090332,
      "loudness_range": 13.997343063354492,
      "low_freq": 392.3793640136719,
      "mid_mean": -23.838348388671875,
      "mid_to_side_loudness": -7.469562530517578,
      "mid_to_side_loudness_range": 6.972972393035889,
      "side_mean": -31.366334915161133
    },
    {
      "high_freq": 1457.5709228515625,
      "loudness": -32.30739212036133,
      "loudness_range": 14.665889739990234,
      "low_freq": 794.6976318359375,
      "mid_mean": -29.322139739990234,
      "mid_to_side_loudness": -8.205978393554688,
      "mid_to_side_loudness_range": 8.346488952636719,
      "side_mean": -37.56391525268555
    },
    {
      "high_freq": 2549.74365234375,
      "loudness": -33.05453109741211,
      "loudness_range": 14.45541000366211,
      "low_freq": 1457.5709228515625,
      "mid_mean": -29.828887939453125,
      "mid_to_side_loudness": -9.783491134643555,
      "mid_to_side_loudness_range": 7.097896575927734,
      "side_mean": -39.744529724121094
    },
    {
      "high_freq": 4349.24462890625,
      "loudness": -34.428916931152344,
      "loudness_range": 16.53335189819336,
      "low_freq": 2549.74365234375,
      "mid_mean": -31.14091682434082,
      "mid_to_side_loudness": -10.429025650024414,
      "mid_to_side_loudness_range": 5.857895851135254,
      "side_mean": -41.78020477294922
    },
    {
      "high_freq": 7314.1640625,
      "loudness": -46.74497985839844,
      "loudness_range": 18.09679412841797,
      "low_freq": 4349.24462890625,
      "mid_mean": -43.51274871826172,
      "mid_to_side_loudness": -9.812939643859863,
      "mid_to_side_loudness_range": 4.730335712432861,
      "side_mean": -53.636085510253906
    },
    {
      "high_freq": 12199.2666015625,
      "loudness": -56.6236457824707,
      "loudness_range": 21.33637237548828,
      "low_freq": 7314.1640625,
      "mid_mean": -53.70092010498047,
      "mid_to_side_loudness": -8.78825569152832,
      "mid_to_side_loudness_range": 3.6609458923339844,
      "side_mean": -61.26154327392578
    },
    {
      "loudness": -64.02706146240234,
      "loudness_range": 21.38964080810547,
      "low_freq": 12199.2666015625,
      "mid_mean": -59.887489318847656,
      "mid_to_side_loudness": -8.74569034576416,
      "mid_to_side_loudness_range": 3.6180996894836426,
      "side_mean": -65.85403442382812
    }
  ],
  "bands_short": [
    {
      "high_freq": 148.1999969482422,
      "loudness": -52.538055419921875,
      "loudness_range": 28.046825408935547,
      "mid_mean": -50.012516021728516,
      "mid_to_side_loudness": -8.720110893249512,
      "mid_to_side_loudness_range": 15.610694885253906,
      "side_mean": -57.96672821044922
    },
    {
      "high_freq": 392.3793640136719,
      "loudness": -35.890419006347656,
      "loudness_range": 22.357418060302734,
      "low_freq": 148.1999969482422,
      "mid_mean": -33.97887420654297,
      "mid_to_side_loudness": -4.2006144523620605,
      "mid_to_side_loudness_range": 13.413230895996094,
      "side_mean": -38.32512283325195
    },
    {
      "high_freq": 794.6976318359375,
      "loudness": -28.023963928222656,
      "loudness_range": 18.37932014465332,
      "low_freq": 392.3793640136719,
      "mid_mean": -25.48906135559082,
      "mid_to_side_loudness": -6.520727157592773,
      "mid_to_side_loudness_range": 12.490150451660156,
      "side_mean": -32.05567169189453
    },
    {
      "high_freq": 1457.5709228515625,
      "loudness": -32.3668212890625,
      "loudness_range": 18.036962509155273,
      "low_freq": 794.6976318359375,
      "mid_mean": -29.677637100219727,
      "mid_to_side_loudness": -7.406071186065674,
      "mid_to_side_loudness_range": 13.454916954040527,
      "side_mean": -37.190834045410156
    },
    {
      "high_freq": 2549.74365234375,
      "loudness": -34.56334686279297,
      "loudness_range": 18.374292373657227,
      "low_freq": 1457.5709228515625,
      "mid_mean": -31.551254272460938,
      "mid_to_side_loudness": -8.848048210144043,
      "mid_to_side_loudness_range": 11.491536140441895,
      "side_mean": -40.60940933227539
    },
    {
      "high_freq": 4349.24462890625,
      "loudness": -35.66133117675781,
      "loudness_range": 19.580707550048828,
      "low_freq": 2549.74365234375,
      "mid_mean": -32.4511604309082,
      "mid_to_side_loudness": -9.702301979064941,
      "mid_to_side_loudness_range": 10.524822235107422,
      "side_mean": -42.572486877441406
    },
    {
      "high_freq": 7314.1640625,
      "loudness": -48.20907974243164,
      "loudness_range": 21.571617126464844,
      "low_freq": 4349.24462890625,
      "mid_mean": -45.18775177001953,
      "mid_to_side_loudness": -9.253578186035156,
      "mid_to_side_loudness_range": 8.4708251953125,
      "side_mean": -54.847068786621094
    },
    {
      "high_freq": 12199.2666015625,
      "loudness": -57.91725540161133,
      "loudness_range": 23.412803649902344,
      "low_freq": 7314.1640625,
      "mid_mean": -55.292327880859375,
      "mid_to_side_loudness": -8.381534576416016,
      "mid_to_side_loudness_range": 6.519956111907959,
      "side_mean": -62.17885971069336
    },
    {
      "loudness": -65.46123504638672,
      "loudness_range": 24.851181030273438,
      "low_freq": 12199.2666015625,
      "mid_mean": -60.92034149169922,
      "mid_to_side_loudness": -8.367705345153809,
      "mid_to_side_loudness_range": 5.747656345367432,
      "side_mean": -66.27944946289062
    }
  ],
  "channels": 2,
  "covariance": [
    [
      66.26850128173828,
      55.382965087890625,
      24.415245056152344,
      23.660165786743164,
      7.205079078674316,
      6.3795318603515625,
      7.443009376525879,
      5.807236671447754,
      6.947092533111572,
      6.573022365570068,
      7.13110876083374,
      7.241329669952393,
      8.895256042480469,
      8.287629127502441,
      9.108135223388672,
      7.781257629394531,
      9.124216079711914,
      6.092892169952393
    ],
    [
      55.382965087890625,
      61.939552307128906,
      25.936954498291016,
      24.082731246948242,
      7.074213027954102,
      5.483105659484863,
      9.825223922729492,
      7.920219421386719,
      6.571900844573975,
      6.830207824707031,
      7.5176520347595215,
      8.143606185913086,
      9.515216827392578,
      12.835566520690918,
      13.563888549804688,
      10.622881889343262,
      11.92378044128418,
      7.443151473999023
    ],
    [
      24.415245056152344,
      25.936954498291016,
      39.008201599121094,
      27.625886917114258,
      10.06646728515625,
      10.511075973510742,
      12.131579399108887,
      11.293725967407227,
      6.962168216705322,
      7.15269660949707,
      8.271749496459961,
      8.40966796875,
      9.367061614990234,
      8.873038291931152,
      9.275141716003418,
      7.723665237426758,
      7.783212184906006,
      4.8577351570129395
    ],
    [
      23.660165786743164,
      24.082731246948242,
      27.625886917114258,
      27.07830047607422,
      8.770280838012695,
      9.110647201538086,
      10.31733512878418,
      9.847040176391602,
      7.056850433349609,
      7.0694990158081055,
      8.060903549194336,
      8.192278861999512,
      9.439964294433594,
      8.936732292175293,
      9.465657234191895,
      7.755293369293213,
      7.873916149139404,
      4.746005058288574
    ],
    [
      7.205079078674316,
      7.074213027954102,
      10.06646728515625,
      8.770280838012695,
      25.364356994628906,
      21.041767120361328,
      14.299542427062988,
      13.467852592468262,
      14.714789390563965,
      13.537946701049805,
      13.359528541564941,
      13.649824142456055,
      14.622685432434082,
      15.37968635559082,
      14.767762184143066,
      11.232664108276367,
      11.600775718688965,
      6.502840042114258
    ],
    [
      6.3795318603515625,
      5.483105659484863,
      10.511075973510742,
      9.110647201538086,
      21.041767120361328,
      22.6507511138916,
      12.434981346130371,
      13.095998764038086,
      13.70440673828125,
      13.123793601989746,
      12.109429359436035,
      12.506591796875,
      13.067471504211426,
      14.20046329498291,
      13.6263427734375,
      10.30527114868164,
      10.678921699523926,
      6.067104339599609
    ],
    [
      7.443009376525879,
      9.825223922729492,
      12.131579399108887,
      10.31733512878418,
      14.299542427062988,
      12.434981346130371,
      28.091970443725586,
      21.560073852539062,
      13.747516632080078,
      12.971420288085938,
      14.865801811218262,
      15.071939468383789,
      17.177703857421875,
      17.689638137817383,
      18.04886817932129,
      13.715283393859863,
      14.688474655151367,
      8.508368492126465
    ],
    [
      5.807236671447754,
      7.920219421386719,
      11.293725967407227,
      9.847040176391602,
      13.467852592468262,
      13.095998764038086,
      21.560073852539062,
      23.135452270507812,
      13.556222915649414,
      13.580435752868652,
      14.347339630126953,
      14.587496757507324,
      15.678359985351562,
      16.21854019165039,
      16.56875228881836,
      12.5930757522583,
      13.319515228271484,
      7.836129188537598
    ],
    [
      6.947092533111572,
      6.571900844573975,
      6.962168216705322,
      7.056850433349609,
      14.714789390563965,
      13.70440673828125,
      13.747516632080078,
      13.556222915649414,
      28.32988739013672,
      21.763097763061523,
      20.605358123779297,
      19.877851486206055,
      24.633678436279297,
      24.202547073364258,
      25.555091857910156,
      19.14115333557129,
      20.029863357543945,
      11.46218490600586
    ],
    [
      6.573022365570068,
      6.830207824707031,
      7.15269660949707,
      7.0694990158081055,
      13.537946701049805,
      13.123793601989746,
      12.971420288085938,
      13.580435752868652,
      21.763097763061523,
      21.99892807006836,
      18.42001724243164,
      18.835834503173828,
      21.268117904663086,
      22.011917114257812,
      23.097049713134766,
      17.306659698486328,
      17.9682559967041,
      10.276932716369629
    ],
    [
      7.13110876083374,
      7.5176520347595215,
      8.271749496459961,
      8.060903549194336,
      13.359528541564941,
      12.109429359436035,
      14.865801811218262,
      14.347339630126953,
      20.605358123779297,
      18.42001724243164,
      34.47536849975586,
      29.4575252532959,
      30.926000595092773,
      29.112571716308594,
      35.227787017822266,
      26.08043098449707,
      28.777881622314453,
      16.654823303222656
    ],
    [
      7.241329669952393,
      8.143606185913086,
      8.40966796875,
      8.192278861999512,
      13.649824142456055,
      12.506591796875,
      15.071939468383789,
      14.587496757507324,
      19.877851486206055,
      18.835834503173828,
      29.4575252532959,
      30.525636672973633,
      28.334941864013672,
      28.40581512451172,
      33.6131591796875,
      24.901456832885742,
      27.117002487182617,
      15.830068588256836
    ],
    [
      8.895256042480469,
      9.515216827392578,
      9.367061614990234,
      9.439964294433594,
      14.622685432434082,
      13.067471504211426,
      17.177703857421875,
      15.678359985351562,
      24.633678436279297,
      21.268117904663086,
      30.926000595092773,
      28.334941864013672,
      40.73246383666992,
      35.63810348510742,
      39.577396392822266,
      29.85015869140625,
      32.70138931274414,
      19.150461196899414
    ],
    [
      8.287629127502441,
      12.835566520690918,
      8.873038291931152,
      8.936732292175293,
      15.37968635559082,
      14.20046329498291,
      17.689638137817383,
      16.21854019165039,
      24.202547073364258,
      22.011917114257812,
      29.112571716308594,
      28.40581512451172,
      35.63810348510742,
      39.20509338378906,
      41.90076446533203,
      30.47576141357422,
      33.35973358154297,
      19.02699089050293
    ],
    [
      9.108135223388672,
      13.563888549804688,
      9.275141716003418,
      9.465657234191895,
      14.767762184143066,
      13.6263427734375,
      18.04886817932129,
      16.56875228881836,
      25.555091857910156,
      23.097049713134766,
      35.227787017822266,
      33.6131591796875,
      39.577396392822266,
      41.90076446533203,
      51.877105712890625,
      37.53501892089844,
      40.945743560791016,
      23.830472946166992
    ],
    [
      7.781257629394531,
      10.622881889343262,
      7.723665237426758,
      7.755293369293213,
      11.232664108276367,
      10.30527114868164,
      13.715283393859863,
      12.5930757522583,
      19.14115333557129,
      17.306659698486328,
      26.08043098449707,
      24.901456832885742,
      29.85015869140625,
      30.47576141357422,
      37.53501892089844,
      28.666654586791992,
      30.483675003051758,
      18.45309829711914
    ],
    [
      9.124216079711914,
      11.92378044128418,
      7.783212184906006,
      7.873916149139404,
      11.600775718688965,
      10.678921699523926,
      14.688474655151367,
      13.319515228271484,
      20.029863357543945,
      17.9682559967041,
      28.777881622314453,
      27.117002487182617,
      32.70138931274414,
      33.35973358154297,
      40.945743560791016,
      30.483675003051758,
      35.814083099365234,
      21.461563110351562
    ],
    [
      6.092892169952393,
      7.443151473999023,
      4.8577351570129395,
      4.746005058288574,
      6.502840042114258,
      6.067104339599609,
      8.508368492126465,
      7.836129188537598,
      11.46218490600586,
      10.276932716369629,
      16.654823303222656,
      15.830068588256836,
      19.150461196899414,
      19.02699089050293,
      23.830472946166992,
      18.45309829711914,
      21.461563110351562,
      14.00586223602295
    ]
  ],
  "covariance_short": [
    [
      103.69890594482422,
      65.27323913574219,
      46.623558044433594,
      40.3055534362793,
      21.679983139038086,
      15.030172348022461,
      15.047325134277344,
      11.34058666229248,
      11.9154052734375,
      9.65994930267334,
      9.78535270690918,
      8.56053352355957,
      13.265007972717285,
      15.012426376342773,
      15.278170585632324,
      10.715152740478516,
      13.187423706054688,
      7.193512916564941
    ],
    [
      65.27323913574219,
      54.62387466430664,
      32.68210220336914,
      30.457225799560547,
      14.333540916442871,
      10.456221580505371,
      11.101758003234863,
      9.038132667541504,
      8.369759559631348,
      7.633774757385254,
      6.954593181610107,
      6.792527198791504,
      9.37002182006836,
      10.619333267211914,
      10.134062767028809,
      7.486523151397705,
      9.193527221679688,
      5.200069427490234
    ],
    [
      46.623558044433594,
      32.68210220336914,
      71.99280548095703,
      48.91890335083008,
      29.00697135925293,
      19.59642219543457,
      16.915822982788086,
      14.810997009277344,
      11.582401275634766,
      9.499299049377441,
      11.163802146911621,
      9.98353099822998,
      14.118332862854004,
      11.867860794067383,
      12.39073657989502,
      9.430416107177734,
      10.195199012756348,
      5.975440979003906
    ],
    [
      40.3055534362793,
      30.457225799560547,
      48.91890335083008,
      48.794734954833984,
      21.571134567260742,
      15.505556106567383,
      14.393427848815918,
      13.140876770019531,
      10.496467590332031,
      8.78367805480957,
      10.591466903686523,
      9.685367584228516,
      12.392995834350586,
      10.907424926757812,
      11.298162460327148,
      8.7984619140625,
      9.327935218811035,
      5.460175514221191
    ],
    [
      21.679983139038086,
      14.333540916442871,
      29.00697135925293,
      21.571134567260742,
      46.016902923583984,
      29.41765594482422,
      20.163436889648438,
      18.372339248657227,
      19.362794876098633,
      16.508298873901367,
      16.076412200927734,
      15.630319595336914,
      18.979862213134766,
      17.965438842773438,
      18.299495697021484,
      12.73352336883545,
      12.526057243347168,
      6.097660541534424
    ],
    [
      15.030172348022461,
      10.456221580505371,
      19.59642219543457,
      15.505556106567383,
      29.41765594482422,
      30.471948623657227,
      16.050823211669922,
      15.999348640441895,
      16.017297744750977,
      14.655364036560059,
      14.170462608337402,
      14.108695030212402,
      15.694231033325195,
      15.698978424072266,
      15.839171409606934,
      11.311939239501953,
      11.66609001159668,
      6.177138328552246
    ],
    [
      15.047325134277344,
      11.101758003234863,
      16.915822982788086,
      14.393427848815918,
      20.163436889648438,
      16.050823211669922,
      44.69144058227539,
      27.46804428100586,
      20.602149963378906,
      16.753620147705078,
      22.331335067749023,
      20.384645462036133,
      25.692434310913086,
      24.66290855407715,
      25.78791618347168,
      17.97945213317871,
      21.09354019165039,
      11.417512893676758
    ],
    [
      11.34058666229248,
      9.038132667541504,
      14.810997009277344,
      13.140876770019531,
      18.372339248657227,
      15.999348640441895,
      27.46804428100586,
      31.913557052612305,
      16.574520111083984,
      15.761113166809082,
      16.338958740234375,
      16.685670852661133,
      18.757022857666016,
      19.11248779296875,
      19.38179588317871,
      13.90347957611084,
      15.67196273803711,
      8.74416732788086
    ],
    [
      11.9154052734375,
      8.369759559631348,
      11.582401275634766,
      10.496467590332031,
      19.362794876098633,
      16.017297744750977,
      20.602149963378906,
      16.574520111083984,
      44.33584213256836,
      28.257938385009766,
      29.6971378326416,
      25.94253921508789,
      35.291316986083984,
      31.885095596313477,
      34.2462043762207,
      24.07103729248047,
      25.898340225219727,
      14.006691932678223
    ],
    [
      9.65994930267334,
      7.633774757385254,
      9.499299049377441,
      8.78367805480957,
      16.508298873901367,
      14.655364036560059,
      16.753620147705078,
      15.761113166809082,
      28.257938385009766,
      29.20270538330078,
      22.06072998046875,
      21.933917999267578,
      25.856021881103516,
      25.828344345092773,
      26.732444763183594,
      19.15193748474121,
      20.14423942565918,
      10.966669082641602
    ],
    [
      9.78535270690918,
      6.954593181610107,
      11.163802146911621,
      10.591466903686523,
      16.076412200927734,
      14.170462608337402,
      22.331335067749023,
      16.338958740234375,
      29.6971378326416,
      22.06072998046875,
      49.27241134643555,
      36.32782745361328,
      42.62432098388672,
      36.49436950683594,
      44.34954071044922,
      31.105390548706055,
      34.514984130859375,
      18.94635581970215
    ],
    [
      8.56053352355957,
      6.792527198791504,
      9.98353099822998,
      9.685367584228516,
      15.630319595336914,
      14.108695030212402,
      20.384645462036133,
      16.685670852661133,
      25.94253921508789,
      21.933917999267578,
      36.32782745361328,
      38.07140350341797,
      35.083003997802734,
      33.22239685058594,
      38.555877685546875,
      27.29433822631836,
      29.78778076171875,
      16.655466079711914
    ],
    [
      13.265007972717285,
      9.37002182006836,
      14.118332862854004,
      12.392995834350586,
      18.979862213134766,
      15.694231033325195,
      25.692434310913086,
      18.757022857666016,
      35.291316986083984,
      25.856021881103516,
      42.62432098388672,
      35.083003997802734,
      59.2812385559082,
      46.38028335571289,
      51.80257797241211,
      36.59596252441406,
      40.629844665527344,
      22.366296768188477
    ],
    [
      15.012426376342773,
      10.619333267211914,
      11.867860794067383,
      10.907424926757812,
      17.965438842773438,
      15.698978424072266,
      24.66290855407715,
      19.11248779296875,
      31.885095596313477,
      25.828344345092773,
      36.49436950683594,
      33.22239685058594,
      46.38028335571289,
      47.479190826416016,
      49.165523529052734,
      34.27656555175781,
      37.6883659362793,
      20.605674743652344
    ],
    [
      15.278170585632324,
      10.134062767028809,
      12.39073657989502,
      11.298162460327148,
      18.299495697021484,
      15.839171409606934,
      25.78791618347168,
      19.38179588317871,
      34.2462043762207,
      26.732444763183594,
      44.34954071044922,
      38.555877685546875,
      51.80257797241211,
      49.165523529052734,
      63.112545013427734,
      43.19129943847656,
      46.95173263549805,
      26.008562088012695
    ],
    [
      10.715152740478516,
      7.486523151397705,
      9.430416107177734,
      8.7984619140625,
      12.73352336883545,
      11.311939239501953,
      17.97945213317871,
      13.90347957611084,
      24.07103729248047,
      19.15193748474121,
      31.105390548706055,
      27.29433822631836,
      36.59596252441406,
      34.27656555175781,
      43.19129943847656,
      32.2761344909668,
      33.442832946777344,
      19.43596649169922
    ],
    [
      13.187423706054688,
      9.193527221679688,
      10.195199012756348,
      9.327935218811035,
      12.526057243347168,
      11.66609001159668,
      21.09354019165039,
      15.67196273803711,
      25.898340225219727,
      20.14423942565918,
      34.514984130859375,
      29.78778076171875,
      40.629844665527344,
      37.6883659362793,
      46.95173263549805,
      33.442832946777344,
      40.144447326660156,
      22.867767333984375
    ],
    [
      7.193512916564941,
      5.200069427490234,
      5.975440979003906,
      5.460175514221191,
      6.097660541534424,
      6.177138328552246,
      11.417512893676758,
      8.74416732788086,
      14.006691932678223,
      10.966669082641602,
      18.94635581970215,
      16.655466079711914,
      22.366296768188477,
      20.605674743652344,
      26.008562088012695,
      19.43596649169922,
      22.867767333984375,
      14.490440368652344
    ]
  ],
  "drr": 9.578880310058594,
  "dynamics": 3.928925037384033,
  "format": 1245190,
  "frames": 10287104,
  "loudness": -19.273000717163086,
  "loudness_range": 10.659046173095703,
  "loudness_range_short": 14.019240379333496,
  "peak": -0.07913871854543686,
  "rms": -20.845613479614258,
  "sample_rate": 44100,
  "sections": 1,
  "seekable": 1,
  "sharpness": 3.6088008880615234,
  "space": -7.659536838531494
}