{
  "bands": [
    {
      "high_freq": 148.1999969482422,
      "loudness": -18.150850296020508,
      "loudness_range": 23.078821182250977,
      "mid_mean": -14.46823787689209,
      "mid_to_side_loudness": -19.786205291748047,
      "mid_to_side_loudness_range": 17.76788330078125,
      "side_mean": -36.55154800415039
    },
    {
      "high_freq": 392.3793640136719,
      "loudness": -20.956632614135742,
      "loudness_range": 7.420328140258789,
      "low_freq": 148.1999969482422,
      "mid_mean": -17.516983032226562,
      "mid_to_side_loudness": -13.375222206115723,
      "mid_to_side_loudness_range": 11.255248069763184,
      "side_mean": -31.010061264038086
    },
    {
      "high_freq": 794.6976318359375,
      "loudness": -24.23511505126953,
      "loudness_range": 11.423616409301758,
      "low_freq": 392.3793640136719,
      "mid_mean": -21.032655715942383,
      "mid_to_side_loudness": -10.062498092651367,
      "mid_to_side_loudness_range": 7.989485263824463,
      "side_mean": -30.789817810058594
    },
    {
      "high_freq": 1457.5709228515625,
      "loudness": -24.226388931274414,
      "loudness_range": 13.27733039855957,
      "low_freq": 794.6976318359375,
      "mid_mean": -21.56361198425293,
      "mid_to_side_loudness": -6.666134357452393,
      "mid_to_side_loudness_range": 9.4605712890625,
      "side_mean": -27.74854850769043
    },
    {
      "high_freq": 2549.74365234375,
      "loudness": -19.863082885742188,
      "loudness_range": 12.155491828918457,
      "low_freq": 1457.5709228515625,
      "mid_mean": -17.387514114379883,
      "mid_to_side_loudness": -6.110895156860352,
      "mid_to_side_loudness_range": 11.370745658874512,
      "side_mean": -23.224302291870117
    },
    {
      "high_freq": 4349.24462890625,
      "loudness": -20.067096710205078,
      "loudness_range": 10.114398002624512,
      "low_freq": 2549.74365234375,
      "mid_mean": -17.392433166503906,
      "mid_to_side_loudness": -7.054751396179199,
      "mid_to_side_loudness_range": 11.169498443603516,
      "side_mean": -24.26837921142578
    },
    {
      "high_freq": 7314.1640625,
      "loudness": -23.07903480529785,
      "loudness_range": 10.826099395751953,
      "low_freq": 4349.24462890625,
      "mid_mean": -19.924442291259766,
      "mid_to_side_loudness": -10.1709623336792,
      "mid_to_side_loudness_range": 9.508678436279297,
      "side_mean": -29.883708953857422
    },
    {
      "high_freq": 12199.2666015625,
      "loudness": -25.424243927001953,
      "loudness_range": 10.118824005126953,
      "low_freq": 7314.1640625,
      "mid_mean": -22.194202423095703,
      "mid_to_side_loudness": -9.746427536010742,
      "mid_to_side_loudness_range": 8.63041877746582,
      "side_mean": -31.963214874267578
    },
    {
      "loudness": -30.865869522094727,
      "loudness_range": 13.789649963378906,
      "low_freq": 12199.2666015625,
      "mid_mean": -27.514284133911133,
      "mid_to_side_loudness": -11.382856369018555,
      "mid_to_side_loudness_range": 10.585420608520508,
      "side_mean": -39.07273483276367
    }
  ],
  "bands_short": [
    {
      "high_freq": 148.1999969482422,
      "loudness": -25.387720108032227,
      "loudness_range": 33.376747131347656,
      "mid_mean": -21.6601619720459,
      "mid_to_side_loudness": -15.940590858459473,
      "mid_to_side_loudness_range": 25.02309226989746,
      "side_mean": -39.634849548339844
    },
    {
      "high_freq": 392.3793640136719,
      "loudness": -21.119298934936523,
      "loudness_range": 18.296566009521484,
      "low_freq": 148.1999969482422,
      "mid_mean": -17.756103515625,
      "mid_to_side_loudness": -12.94295597076416,
      "mid_to_side_loudness_range": 16.8168888092041,
      "side_mean": -31.82534408569336
    },
    {
      "high_freq": 794.6976318359375,
      "loudness": -24.622089385986328,
      "loudness_range": 14.512481689453125,
      "low_freq": 392.3793640136719,
      "mid_mean": -21.59592056274414,
      "mid_to_side_loudness": -9.034313201904297,
      "mid_to_side_loudness_range": 11.936302185058594,
      "side_mean": -31.158206939697266
    },
    {
      "high_freq": 1457.5709228515625,
      "loudness": -24.961584091186523,
      "loudness_range": 15.540781021118164,
      "low_freq": 794.6976318359375,
      "mid_mean": -22.562498092651367,
      "mid_to_side_loudness": -6.1479172706604,
      "mid_to_side_loudness_range": 12.717307090759277,
      "side_mean": -28.599830627441406
    },
    {
      "high_freq": 2549.74365234375,
      "loudness": -21.113481521606445,
      "loudness_range": 14.372335433959961,
      "low_freq": 1457.5709228515625,
      "mid_mean": -18.782516479492188,
      "mid_to_side_loudness": -5.907421588897705,
      "mid_to_side_loudness_range": 12.414920806884766,
      "side_mean": -24.53160285949707
    },
    {
      "high_freq": 4349.24462890625,
      "loudness": -20.59108543395996,
      "loudness_range": 15.102492332458496,
      "low_freq": 2549.74365234375,
      "mid_mean": -18.244510650634766,
      "mid_to_side_loudness": -6.059759140014648,
      "mid_to_side_loudness_range": 13.340489387512207,
      "side_mean": -24.079730987548828
    },
    {
      "high_freq": 7314.1640625,
      "loudness": -25.430925369262695,
      "loudness_range": 18.792814254760742,
      "low_freq": 4349.24462890625,
      "mid_mean": -22.574180603027344,
      "mid_to_side_loudness": -8.476814270019531,
      "mid_to_side_loudness_range": 12.943359375,
      "side_mean": -31.22672462463379
    },
    {
      "high_freq": 12199.2666015625,
      "loudness": -28.024507522583008,
      "loudness_range": 20.02995491027832,
      "low_freq": 7314.1640625,
      "mid_mean": -25.134716033935547,
      "mid_to_side_loudness": -8.477333068847656,
      "mid_to_side_loudness_range": 12.67690658569336,
      "side_mean": -33.88644027709961
    },
    {
      "loudness": -34.61870574951172,
      "loudness_range": 25.51546859741211,
      "low_freq": 12199.2666015625,
      "mid_mean": -31.511383056640625,
      "mid_to_side_loudness": -10.0580472946167,
      "mid_to_side_loudness_range": 15.536934852600098,
      "side_mean": -42.27566146850586
    }
  ],
  "channels": 2,
  "covariance": [
    [
      75.47339630126953,
      38.313873291015625,
      10.633307456970215,
      -3.6210317611694336,
      3.0706794261932373,
      7.505815505981445,
      -2.311558246612549,
      1.7437779903411865,
      -0.0897933766245842,
      8.729569435119629,
      8.859166145324707,
      19.75521469116211,
      17.80821990966797,
      14.230157852172852,
      16.66998291015625,
      18.151430130004883,
      23.50235939025879,
      14.027284622192383
    ],
    [
      38.313873291015625,
      38.65159225463867,
      7.8444390296936035,
      0.9635629057884216,
      4.716561794281006,
      9.036028861999512,
      2.0192391872406006,
      6.586926460266113,
      4.838864803314209,
      11.922158241271973,
      10.791295051574707,
      19.816713333129883,
      15.729347229003906,
      14.61230754852295,
      13.720348358154297,
      16.83876609802246,
      17.667781829833984,
      14.26030445098877
    ],
    [
      10.633307456970215,
      7.8444390296936035,
      14.345602989196777,
      11.10222339630127,
      11.627286911010742,
      10.142093658447266,
      8.063728332519531,
      9.889251708984375,
      7.039734840393066,
      12.677964210510254,
      5.333584308624268,
      10.95745849609375,
      2.092423439025879,
      3.5113582611083984,
      1.532142996788025,
      5.142971515655518,
      0.9127941727638245,
      1.0974221229553223
    ],
    [
      -3.6210317611694336,
      0.9635629057884216,
      11.10222339630127,
      30.196887969970703,
      18.768203735351562,
      22.324979782104492,
      16.9056396484375,
      22.96575164794922,
      14.042960166931152,
      26.44576072692871,
      7.537242412567139,
      19.989356994628906,
      -1.4055612087249756,
      7.032153129577637,
      -1.1366586685180664,
      8.433856010437012,
      -3.8693411350250244,
      3.7885537147521973
    ],
    [
      3.0706794261932373,
      4.716561794281006,
      11.627286911010742,
      18.768203735351562,
      21.94891357421875,
      18.303451538085938,
      16.468505859375,
      17.692087173461914,
      14.023222923278809,
      21.038127899169922,
      9.067240715026855,
      16.378602981567383,
      2.477470636367798,
      6.844031810760498,
      2.157792329788208,
      7.922286033630371,
      -0.08426155894994736,
      3.8759498596191406
    ],
    [
      7.505815505981445,
      9.036028861999512,
      10.142093658447266,
      22.324979782104492,
      18.303451538085938,
      26.732892990112305,
      15.609053611755371,
      22.449567794799805,
      12.952641487121582,
      26.577003479003906,
      9.168307304382324,
      23.907459259033203,
      3.431431531906128,
      11.408977508544922,
      3.2023589611053467,
      12.447258949279785,
      1.5826239585876465,
      8.087129592895508
    ],
    [
      -2.311558246612549,
      2.0192391872406006,
      8.063728332519531,
      16.9056396484375,
      16.468505859375,
      15.609053611755371,
      21.72182846069336,
      20.291303634643555,
      15.298177719116211,
      20.558902740478516,
      7.721555709838867,
      13.356282234191895,
      1.1906561851501465,
      5.708274841308594,
      0.5721737146377563,
      5.963508129119873,
      -2.099999189376831,
      3.640049695968628
    ],
    [
      1.7437779903411865,
      6.586926460266113,
      9.889251708984375,
      22.96575164794922,
      17.692087173461914,
      22.449567794799805,
      20.291303634643555,
      34.1350212097168,
      14.083366394042969,
      29.269954681396484,
      8.275410652160645,
      22.974349975585938,
      0.8982553482055664,
      10.01653003692627,
      0.37755724787712097,
      10.637459754943848,
      -2.2449874877929688,
      6.3427205085754395
    ],
    [
      -0.0897933766245842,
      4.838864803314209,
      7.039734840393066,
      14.042960166931152,
      14.023222923278809,
      12.952641487121582,
      15.298177719116211,
      14.083366394042969,
      17.893115997314453,
      19.816593170166016,
      12.308435440063477,
      15.720085144042969,
      5.937339782714844,
      8.05762767791748,
      4.444690227508545,
      7.6809468269348145,
      2.3320865631103516,
      5.69471549987793
    ],
    [
      8.729569435119629,
      11.922158241271973,
      12.677964210510254,
      26.44576072692871,
      21.038127899169922,
      26.577003479003906,
      20.558902740478516,
      29.269954681396484,
      19.816593170166016,
      41.271484375,
      14.83758544921875,
      32.79115676879883,
      6.907875061035156,
      15.232601165771484,
      5.140264511108398,
      15.677867889404297,
      3.3867592811584473,
      9.893485069274902
    ],
    [
      8.859166145324707,
      10.791295051574707,
      5.333584308624268,
      7.537242412567139,
      9.067240715026855,
      9.168307304382324,
      7.721555709838867,
      8.275410652160645,
      12.308435440063477,
      14.83758544921875,
      16.010555267333984,
      18.721513748168945,
      13.52496337890625,
      12.022781372070312,
      10.169526100158691,
      12.191303253173828,
      9.782364845275879,
      10.912287712097168
    ],
    [
      19.75521469116211,
      19.816713333129883,
      10.95745849609375,
      19.989356994628906,
      16.378602981567383,
      23.907459259033203,
      13.356282234191895,
      22.974349975585938,
      15.720085144042969,
      32.79115676879883,
      18.721513748168945,
      42.01226043701172,
      13.689539909362793,
      21.991161346435547,
      10.866527557373047,
      21.399343490600586,
      10.952973365783691,
      15.427886962890625
    ],
    [
      17.80821990966797,
      15.729347229003906,
      2.092423439025879,
      -1.4055612087249756,
      2.477470636367798,
      3.431431531906128,
      1.1906561851501465,
      0.8982553482055664,
      5.937339782714844,
      6.907875061035156,
      13.52496337890625,
      13.689539909362793,
      22.127521514892578,
      14.715088844299316,
      17.20127296447754,
      15.649394989013672,
      19.525001525878906,
      16.548147201538086
    ],
    [
      14.230157852172852,
      14.61230754852295,
      3.5113582611083984,
      7.032153129577637,
      6.844031810760498,
      11.408977508544922,
      5.708274841308594,
      10.01653003692627,
      8.05762767791748,
      15.232601165771484,
      12.022781372070312,
      21.991161346435547,
      14.715088844299316,
      22.701675415039062,
      11.953956604003906,
      18.747800827026367,
      13.146604537963867,
      17.42845344543457
    ],
    [
      16.66998291015625,
      13.720348358154297,
      1.532142996788025,
      -1.1366586685180664,
      2.157792329788208,
      3.2023589611053467,
      0.5721737146377563,
      0.37755724787712097,
      4.444690227508545,
      5.140264511108398,
      10.169526100158691,
      10.866527557373047,
      17.20127296447754,
      11.953956604003906,
      18.31513786315918,
      13.905431747436523,
      20.38923454284668,
      15.36141300201416
    ],
    [
      18.151430130004883,
      16.83876609802246,
      5.142971515655518,
      8.433856010437012,
      7.922286033630371,
      12.447258949279785,
      5.963508129119873,
      10.637459754943848,
      7.6809468269348145,
      15.677867889404297,
      12.191303253173828,
      21.399343490600586,
      15.649394989013672,
      18.747800827026367,
      13.905431747436523,
      23.47111701965332,
      14.801443099975586,
      19.973785400390625
    ],
    [
      23.50235939025879,
      17.667781829833984,
      0.9127941727638245,
      -3.8693411350250244,
      -0.08426155894994736,
      1.5826239585876465,
      -2.099999189376831,
      -2.2449874877929688,
      2.3320865631103516,
      3.3867592811584473,
      9.782364845275879,
      10.952973365783691,
      19.525001525878906,
      13.146604537963867,
      20.38923454284668,
      14.801443099975586,
      28.939525604248047,
      18.897396087646484
    ],
    [
      14.027284622192383,
      14.26030445098877,
      1.0974221229553223,
      3.7885537147521973,
      3.8759498596191406,
      8.087129592895508,
      3.640049695968628,
      6.3427205085754395,
      5.69471549987793,
      9.893485069274902,
      10.912287712097168,
      15.427886962890625,
      16.548147201538086,
      17.42845344543457,
      15.36141300201416,
      19.973785400390625,
      18.897396087646484,
      25.993988037109375
    ]
  ],
  "covariance_short": [
    [
      165.16064453125,
      80.52803802490234,
      29.266990661621094,
      -6.109244346618652,
      -2.2269949913024902,
      1.902378797531128,
      -3.358837842941284,
      7.00416898727417,
      1.9837965965270996,
      7.095699787139893,
      10.092121124267578,
      22.779678344726562,
      10.970834732055664,
      4.372887134552002,
      5.779300689697266,
      13.835421562194824,
      8.456796646118164,
      1.7385962009429932
    ],
    [
      80.52803802490234,
      63.60968017578125,
      13.836694717407227,
      3.2757532596588135,
      1.944481611251831,
      8.34527587890625,
      2.537757635116577,
      10.945794105529785,
      4.954497814178467,
      11.633832931518555,
      10.744363784790039,
      22.299772262573242,
      8.970355987548828,
      10.479780197143555,
      5.402838230133057,
      15.094712257385254,
      6.568850517272949,
      6.913729667663574
    ],
    [
      29.266990661621094,
      13.836694717407227,
      40.93389129638672,
      14.403627395629883,
      19.11044692993164,
      15.169938087463379,
      13.552759170532227,
      14.090993881225586,
      12.043599128723145,
      14.66146469116211,
      13.117266654968262,
      16.41450309753418,
      11.929312705993652,
      11.09709358215332,
      13.05736255645752,
      16.08421516418457,
      15.34286880493164,
      10.394704818725586
    ],
    [
      -6.109244346618652,
      3.2757532596588135,
      14.403627395629883,
      33.75469970703125,
      20.266281127929688,
      25.323028564453125,
      18.463903427124023,
      22.39493179321289,
      14.424764633178711,
      21.586971282958984,
      10.918039321899414,
      18.159950256347656,
      1.403338074684143,
      11.445670127868652,
      1.9930192232131958,
      9.978837013244629,
      -0.12293854355812073,
      6.365272045135498
    ],
    [
      -2.2269949913024902,
      1.944481611251831,
      19.11044692993164,
      20.266281127929688,
      38.15778732299805,
      24.85926628112793,
      23.721542358398438,
      21.204242706298828,
      19.97290802001953,
      23.467283248901367,
      15.539477348327637,
      18.917491912841797,
      7.596225738525391,
      12.254920959472656,
      7.828027248382568,
      13.950850486755371,
      6.002356052398682,
      9.87258243560791
    ],
    [
      1.902378797531128,
      8.34527587890625,
      15.169938087463379,
      25.323028564453125,
      24.85926628112793,
      38.399513244628906,
      20.07419776916504,
      26.585552215576172,
      15.468058586120605,
      25.441116333007812,
      14.466012001037598,
      24.977598190307617,
      5.614221572875977,
      17.951183319091797,
      4.762032985687256,
      15.637619018554688,
      2.980236053466797,
      10.31043529510498
    ],
    [
      -3.358837842941284,
      2.537757635116577,
      13.552759170532227,
      18.463903427124023,
      23.721542358398438,
      20.07419776916504,
      37.020755767822266,
      26.854822158813477,
      23.645336151123047,
      24.085548400878906,
      15.568471908569336,
      17.76770782470703,
      9.046982765197754,
      11.485846519470215,
      8.195576667785645,
      12.745462417602539,
      5.731371879577637,
      11.30527400970459
    ],
    [
      7.00416898727417,
      10.945794105529785,
      14.090993881225586,
      22.39493179321289,
      21.204242706298828,
      26.585552215576172,
      26.854822158813477,
      42.78471374511719,
      16.570466995239258,
      29.67160415649414,
      13.245890617370605,
      25.95474624633789,
      3.1744256019592285,
      13.992966651916504,
      1.8542560338974,
      13.852413177490234,
      -0.8365427851676941,
      9.8848876953125
    ],
    [
      1.9837965965270996,
      4.954497814178467,
      12.043599128723145,
      14.424764633178711,
      19.97290802001953,
      15.468058586120605,
      23.645336151123047,
      16.570466995239258,
      33.08197021484375,
      25.382858276367188,
      22.788677215576172,
      20.650390625,
      17.06746482849121,
      14.997313499450684,
      14.657917976379395,
      14.740476608276367,
      13.90231704711914,
      15.174083709716797
    ],
    [
      7.095699787139893,
      11.633832931518555,
      14.66146469116211,
      21.586971282958984,
      23.467283248901367,
      25.441116333007812,
      24.085548400878906,
      29.67160415649414,
      25.382858276367188,
      44.0065803527832,
      21.731470108032227,
      35.72093200683594,
      11.565354347229004,
      19.93440818786621,
      7.586656093597412,
      18.6219425201416,
      6.040159702301025,
      14.93891429901123
    ],
    [
      10.092121124267578,
      10.744363784790039,
      13.117266654968262,
      10.918039321899414,
      15.539477348327637,
      14.466012001037598,
      15.568471908569336,
      13.245890617370605,
      22.788677215576172,
      21.731470108032227,
      33.860260009765625,
      30.215499877929688,
      31.02312660217285,
      25.89803123474121,
      25.125852584838867,
      25.33571434020996,
      23.87653350830078,
      24.4688663482666
    ],
    [
      22.779678344726562,
      22.299772262573242,
      16.41450309753418,
      18.159950256347656,
      18.917491912841797,
      24.977598190307617,
      17.76770782470703,
      25.95474624633789,
      20.650390625,
      35.72093200683594,
      30.215499877929688,
      54.2651481628418,
      24.000091552734375,
      31.9504451751709,
      15.888888359069824,
      29.8784122467041,
      13.909928321838379,
      21.769556045532227
    ],
    [
      10.970834732055664,
      8.970355987548828,
      11.929312705993652,
      1.403338074684143,
      7.596225738525391,
      5.614221572875977,
      9.046982765197754,
      3.1744256019592285,
      17.06746482849121,
      11.565354347229004,
      31.02312660217285,
      24.000091552734375,
      54.15037155151367,
      33.319156646728516,
      46.26266860961914,
      34.03823471069336,
      49.592376708984375,
      39.81635665893555
    ],
    [
      4.372887134552002,
      10.479780197143555,
      11.09709358215332,
      11.445670127868652,
      12.254920959472656,
      17.951183319091797,
      11.485846519470215,
      13.992966651916504,
      14.997313499450684,
      19.93440818786621,
      25.89803123474121,
      31.9504451751709,
      33.319156646728516,
      46.23193359375,
      28.088191986083984,
      35.59977722167969,
      28.64967155456543,
      34.77410888671875
    ],
    [
      5.779300689697266,
      5.402838230133057,
      13.05736255645752,
      1.9930192232131958,
      7.828027248382568,
      4.762032985687256,
      8.195576667785645,
      1.8542560338974,
      14.657917976379395,
      7.586656093597412,
      25.125852584838867,
      15.888888359069824,
      46.26266860961914,
      28.088191986083984,
      55.77714538574219,
      37.23772048950195,
      57.39276885986328,
      42.95180130004883
    ],
    [
      13.835421562194824,
      15.094712257385254,
      16.08421516418457,
      9.978837013244629,
      13.950850486755371,
      15.637619018554688,
      12.745462417602539,
      13.852413177490234,
      14.740476608276367,
      18.6219425201416,
      25.33571434020996,
      29.8784122467041,
      34.03823471069336,
      35.59977722167969,
      37.23772048950195,
      52.14544677734375,
      36.23284149169922,
      42.96760177612305
    ],
    [
      8.456796646118164,
      6.568850517272949,
      15.34286880493164,
      -0.12293854355812073,
      6.002356052398682,
      2.980236053466797,
      5.731371879577637,
      -0.8365427851676941,
      13.90231704711914,
      6.040159702301025,
      23.87653350830078,
      13.909928321838379,
      49.592376708984375,
      28.64967155456543,
      57.39276885986328,
      36.23284149169922,
      78.74291229248047,
      49.04479217529297
    ],
    [
      1.7385962009429932,
      6.913729667663574,
      10.394704818725586,
      6.365272045135498,
      9.87258243560791,
      10.31043529510498,
      11.30527400970459,
      9.8848876953125,
      15.174083709716797,
      14.93891429901123,
      24.4688663482666,
      21.769556045532227,
      39.81635665893555,
      34.77410888671875,
      42.95180130004883,
      42.96760177612305,
      49.04479217529297,
      68.23430633544922
    ]
  ],
  "drr": 13.799344062805176,
  "dynamics": 2.9394707679748535,
  "format": 1245190,
  "frames": 14771136,
  "loudness": -7.841407775878906,
  "loudness_range": 7.0114545822143555,
  "loudness_range_short": 10.971809387207031,
  "peak": 0.8643741011619568,
  "rms": -9.739340782165527,
  "sample_rate": 44100,
  "sections": 1,
  "seekable": 1,
  "sharpness": 3.245771884918213,
  "space": -9.7347993850708
}