{
  "bands": [
    {
      "high_freq": 148.1999969482422,
      "loudness": -32.62193298339844,
      "loudness_range": 24.327747344970703,
      "mid_mean": -29.139415740966797,
      "mid_to_side_loudness": -16.427589416503906,
      "mid_to_side_loudness_range": 14.163037300109863,
      "side_mean": -45.78203201293945
    },
    {
      "high_freq": 392.3793640136719,
      "loudness": -32.567203521728516,
      "loudness_range": 16.089624404907227,
      "low_freq": 148.1999969482422,
      "mid_mean": -29.719938278198242,
      "mid_to_side_loudness": -8.653030395507812,
      "mid_to_side_loudness_range": 14.052186012268066,
      "side_mean": -38.54642105102539
    },
    {
      "high_freq": 794.6976318359375,
      "loudness": -33.5245475769043,
      "loudness_range": 20.8194522857666,
      "low_freq": 392.3793640136719,
      "mid_mean": -31.864343643188477,
      "mid_to_side_loudness": -3.3422060012817383,
      "mid_to_side_loudness_range": 9.688343048095703,
      "side_mean": -34.52168273925781
    },
    {
      "high_freq": 1457.5709228515625,
      "loudness": -35.95780563354492,
      "loudness_range": 28.346059799194336,
      "low_freq": 794.6976318359375,
      "mid_mean": -34.70367431640625,
      "mid_to_side_loudness": -2.4877686500549316,
      "mid_to_side_loudness_range": 8.697676658630371,
      "side_mean": -36.6903190612793
    },
    {
      "high_freq": 2549.74365234375,
      "loudness": -40.46973419189453,
      "loudness_range": 24.91451072692871,
      "low_freq": 1457.5709228515625,
      "mid_mean": -38.798763275146484,
      "mid_to_side_loudness": -3.6441829204559326,
      "mid_to_side_loudness_range": 8.31123161315918,
      "side_mean": -42.303871154785156
    },
    {
      "high_freq": 4349.24462890625,
      "loudness": -45.136844635009766,
      "loudness_range": 29.01439094543457,
      "low_freq": 2549.74365234375,
      "mid_mean": -44.1153450012207,
      "mid_to_side_loudness": -3.6058590412139893,
      "mid_to_side_loudness_range": 9.07708740234375,
      "side_mean": -48.18077087402344
    },
    {
      "high_freq": 7314.1640625,
      "loudness": -54.471099853515625,
      "loudness_range": 29.71615219116211,
      "low_freq": 4349.24462890625,
      "mid_mean": -55.02257537841797,
      "mid_to_side_loudness": -3.6727473735809326,
      "mid_to_side_loudness_range": 6.971551418304443,
      "side_mean": -57.96593475341797
    },
    {
      "high_freq": 12199.2666015625,
      "loudness": -60.22723388671875,
      "loudness_range": 28.579830169677734,
      "low_freq": 7314.1640625,
      "mid_mean": -61.14299392700195,
      "mid_to_side_loudness": -3.070841073989868,
      "mid_to_side_loudness_range": 6.664316654205322,
      "side_mean": -63.26090621948242
    },
    {
      "loudness": -61.33852767944336,
      "loudness_range": 32.5941047668457,
      "low_freq": 12199.2666015625,
      "mid_mean": -63.3316764831543,
      "mid_to_side_loudness": -3.1121389865875244,
      "mid_to_side_loudness_range": 6.631448745727539,
      "side_mean": -65.23389434814453
    }
  ],
  "bands_short": [
    {
      "high_freq": 148.1999969482422,
      "loudness": -35.59246826171875,
      "loudness_range": 28.339448928833008,
      "mid_mean": -32.16334915161133,
      "mid_to_side_loudness": -15.847517013549805,
      "mid_to_side_loudness_range": 21.18991470336914,
      "side_mean": -48.81914138793945
    },
    {
      "high_freq": 392.3793640136719,
      "loudness": -31.961673736572266,
      "loudness_range": 17.8950252532959,
      "low_freq": 148.1999969482422,
      "mid_mean": -29.021825790405273,
      "mid_to_side_loudness": -9.583392143249512,
      "mid_to_side_loudness_range": 16.82444190979004,
      "side_mean": -38.810604095458984
    },
    {
      "high_freq": 794.6976318359375,
      "loudness": -34.759918212890625,
      "loudness_range": 22.741960525512695,
      "low_freq": 392.3793640136719,
      "mid_mean": -33.19789123535156,
      "mid_to_side_loudness": -3.3864500522613525,
      "mid_to_side_loudness_range": 12.333366394042969,
      "side_mean": -36.002967834472656
    },
    {
      "high_freq": 1457.5709228515625,
      "loudness": -36.996368408203125,
      "loudness_range": 28.817880630493164,
      "low_freq": 794.6976318359375,
      "mid_mean": -35.80170440673828,
      "mid_to_side_loudness": -2.433844804763794,
      "mid_to_side_loudness_range": 10.179943084716797,
      "side_mean": -37.692501068115234
    },
    {
      "high_freq": 2549.74365234375,
      "loudness": -42.10584259033203,
      "loudness_range": 27.31296730041504,
      "low_freq": 1457.5709228515625,
      "mid_mean": -40.5971565246582,
      "mid_to_side_loudness": -3.2124791145324707,
      "mid_to_side_loudness_range": 10.319881439208984,
      "side_mean": -43.82429885864258
    },
    {
      "high_freq": 4349.24462890625,
      "loudness": -47.010643005371094,
      "loudness_range": 30.597736358642578,
      "low_freq": 2549.74365234375,
      "mid_mean": -46.57196044921875,
      "mid_to_side_loudness": -2.8801443576812744,
      "mid_to_side_loudness_range": 10.241743087768555,
      "side_mean": -51.00644302368164
    },
    {
      "high_freq": 7314.1640625,
      "loudness": -56.472965240478516,
      "loudness_range": 31.003963470458984,
      "low_freq": 4349.24462890625,
      "mid_mean": -56.928924560546875,
      "mid_to_side_loudness": -2.9858458042144775,
      "mid_to_side_loudness_range": 8.12896728515625,
      "side_mean": -59.26384735107422
    },
    {
      "high_freq": 12199.2666015625,
      "loudness": -63.76587677001953,
      "loudness_range": 30.933338165283203,
      "low_freq": 7314.1640625,
      "mid_mean": -63.13982009887695,
      "mid_to_side_loudness": -2.726390838623047,
      "mid_to_side_loudness_range": 7.592862129211426,
      "side_mean": -64.84672546386719
    },
    {
      "loudness": -67.66809844970703,
      "loudness_range": 30.538753509521484,
      "low_freq": 12199.2666015625,
      "mid_mean": -65.76544189453125,
      "mid_to_side_loudness": -2.7682790756225586,
      "mid_to_side_loudness_range": 6.482905387878418,
      "side_mean": -67.17713165283203
    }
  ],
  "channels": 2,
  "covariance": [
    [
      78.74446105957031,
      53.93068313598633,
      27.4833927154541,
      6.524716377258301,
      19.498184204101562,
      18.31609344482422,
      37.40776443481445,
      36.468257904052734,
      32.29936981201172,
      36.74566650390625,
      32.82079315185547,
      38.229915618896484,
      52.88593673706055,
      44.234100341796875,
      51.81709671020508,
      39.655906677246094,
      44.5227165222168,
      32.369686126708984
    ],
    [
      53.93068313598633,
      54.775550842285156,
      25.462203979492188,
      10.047239303588867,
      17.219484329223633,
      16.73584747314453,
      33.06294250488281,
      32.01332092285156,
      29.536624908447266,
      31.7208309173584,
      30.84380531311035,
      34.99335479736328,
      45.89896011352539,
      39.19044494628906,
      41.72920227050781,
      32.263893127441406,
      34.476600646972656,
      24.720375061035156
    ],
    [
      27.4833927154541,
      25.462203979492188,
      36.485652923583984,
      24.183786392211914,
      21.257516860961914,
      17.62723159790039,
      24.10752296447754,
      23.22829818725586,
      23.997770309448242,
      24.834274291992188,
      21.58614158630371,
      25.547428131103516,
      33.65599060058594,
      29.187416076660156,
      26.01479721069336,
      20.677711486816406,
      22.948486328125,
      18.097881317138672
    ],
    [
      6.524716377258301,
      10.047239303588867,
      24.183786392211914,
      38.687461853027344,
      17.456533432006836,
      14.781286239624023,
      13.631511688232422,
      11.977128982543945,
      16.057178497314453,
      13.497030258178711,
      12.314167022705078,
      13.79743766784668,
      17.861833572387695,
      17.64803695678711,
      8.951854705810547,
      7.90946102142334,
      8.0670747756958,
      7.68179988861084
    ],
    [
      19.498184204101562,
      17.219484329223633,
      21.257516860961914,
      17.456533432006836,
      54.59764099121094,
      47.433006286621094,
      34.108238220214844,
      31.352516174316406,
      42.17007064819336,
      39.534889221191406,
      44.499420166015625,
      53.193599700927734,
      47.56708908081055,
      42.43316650390625,
      30.155481338500977,
      24.92923355102539,
      23.335987091064453,
      17.906024932861328
    ],
    [
      18.31609344482422,
      16.73584747314453,
      17.62723159790039,
      14.781286239624023,
      47.433006286621094,
      54.421287536621094,
      27.829099655151367,
      27.41089630126953,
      38.71363830566406,
      36.87217330932617,
      38.28847122192383,
      50.08464050292969,
      38.270694732666016,
      35.193538665771484,
      23.41373634338379,
      19.788076400756836,
      17.580209732055664,
      13.64614200592041
    ],
    [
      37.40776443481445,
      33.06294250488281,
      24.10752296447754,
      13.631511688232422,
      34.108238220214844,
      27.829099655151367,
      84.09419250488281,
      71.68064880371094,
      60.69461441040039,
      60.223716735839844,
      67.31282806396484,
      71.7712631225586,
      74.14225769042969,
      66.82846069335938,
      53.481807708740234,
      44.02201461791992,
      41.16801071166992,
      29.64872169494629
    ],
    [
      36.468257904052734,
      32.01332092285156,
      23.22829818725586,
      11.977128982543945,
      31.352516174316406,
      27.41089630126953,
      71.68064880371094,
      74.79080963134766,
      55.53302764892578,
      58.059539794921875,
      61.406593322753906,
      69.14756774902344,
      68.18708038330078,
      61.09400939941406,
      47.77108383178711,
      40.07783889770508,
      37.27299118041992,
      26.936973571777344
    ],
    [
      32.29936981201172,
      29.536624908447266,
      23.997770309448242,
      16.057178497314453,
      42.17007064819336,
      38.71363830566406,
      60.69461441040039,
      55.53302764892578,
      82.58501434326172,
      69.87751007080078,
      78.81273651123047,
      84.58792877197266,
      77.76358032226562,
      71.04385375976562,
      54.51914596557617,
      45.49134063720703,
      42.0870475769043,
      31.431917190551758
    ],
    [
      36.74566650390625,
      31.7208309173584,
      24.834274291992188,
      13.497030258178711,
      39.534889221191406,
      36.87217330932617,
      60.223716735839844,
      58.059539794921875,
      69.87751007080078,
      71.87238311767578,
      68.32068634033203,
      78.51681518554688,
      73.25588989257812,
      66.7945785522461,
      52.17106628417969,
      43.67742156982422,
      40.766990661621094,
      30.45580291748047
    ],
    [
      32.82079315185547,
      30.84380531311035,
      21.58614158630371,
      12.314167022705078,
      44.499420166015625,
      38.28847122192383,
      67.31282806396484,
      61.406593322753906,
      78.81273651123047,
      68.32068634033203,
      106.49333190917969,
      95.05217742919922,
      94.70368194580078,
      85.98915100097656,
      67.54973602294922,
      56.08381271362305,
      53.04328918457031,
      39.61140441894531
    ],
    [
      38.229915618896484,
      34.99335479736328,
      25.547428131103516,
      13.79743766784668,
      53.193599700927734,
      50.08464050292969,
      71.7712631225586,
      69.14756774902344,
      84.58792877197266,
      78.51681518554688,
      95.05217742919922,
      110.02201843261719,
      95.07122802734375,
      85.8979263305664,
      66.34645080566406,
      55.70609664916992,
      51.38868713378906,
      38.167877197265625
    ],
    [
      52.88593673706055,
      45.89896011352539,
      33.65599060058594,
      17.861833572387695,
      47.56708908081055,
      38.270694732666016,
      74.14225769042969,
      68.18708038330078,
      77.76358032226562,
      73.25588989257812,
      94.70368194580078,
      95.07122802734375,
      119.8857192993164,
      103.5174560546875,
      90.36674499511719,
      71.84979248046875,
      72.9544448852539,
      53.69564437866211
    ],
    [
      44.234100341796875,
      39.19044494628906,
      29.187416076660156,
      17.64803695678711,
      42.43316650390625,
      35.193538665771484,
      66.82846069335938,
      61.09400939941406,
      71.04385375976562,
      66.7945785522461,
      85.98915100097656,
      85.8979263305664,
      103.5174560546875,
      93.14584350585938,
      77.26668548583984,
      62.82939529418945,
      62.54179000854492,
      46.773109436035156
    ],
    [
      51.81709671020508,
      41.72920227050781,
      26.01479721069336,
      8.951854705810547,
      30.155481338500977,
      23.41373634338379,
      53.481807708740234,
      47.77108383178711,
      54.51914596557617,
      52.17106628417969,
      67.54973602294922,
      66.34645080566406,
      90.36674499511719,
      77.26668548583984,
      84.35446166992188,
      67.4011459350586,
      74.80615997314453,
      57.33489227294922
    ],
    [
      39.655906677246094,
      32.263893127441406,
      20.677711486816406,
      7.90946102142334,
      24.92923355102539,
      19.788076400756836,
      44.02201461791992,
      40.07783889770508,
      45.49134063720703,
      43.67742156982422,
      56.08381271362305,
      55.70609664916992,
      71.84979248046875,
      62.82939529418945,
      67.4011459350586,
      56.98860549926758,
      61.209716796875,
      48.38241195678711
    ],
    [
      44.5227165222168,
      34.476600646972656,
      22.948486328125,
      8.0670747756958,
      23.335987091064453,
      17.580209732055664,
      41.16801071166992,
      37.27299118041992,
      42.0870475769043,
      40.766990661621094,
      53.04328918457031,
      51.38868713378906,
      72.9544448852539,
      62.54179000854492,
      74.80615997314453,
      61.209716796875,
      79.53564453125,
      65.5673599243164
    ],
    [
      32.369686126708984,
      24.720375061035156,
      18.097881317138672,
      7.68179988861084,
      17.906024932861328,
      13.64614200592041,
      29.64872169494629,
      26.936973571777344,
      31.431917190551758,
      30.45580291748047,
      39.61140441894531,
      38.167877197265625,
      53.69564437866211,
      46.773109436035156,
      57.33489227294922,
      48.38241195678711,
      65.5673599243164,
      56.97321701049805
    ]
  ],
  "covariance_short": [
    [
      100.99336242675781,
      59.352413177490234,
      36.730464935302734,
      7.142689228057861,
      16.397523880004883,
      11.854330062866211,
      33.37118148803711,
      31.34375,
      29.60849952697754,
      31.668527603149414,
      33.35850524902344,
      36.703006744384766,
      43.52106475830078,
      35.93599319458008,
      38.10684585571289,
      29.259857177734375,
      26.55008316040039,
      18.668750762939453
    ],
    [
      59.352413177490234,
      71.47676849365234,
      28.886985778808594,
      12.079010963439941,
      15.213563919067383,
      13.057452201843262,
      31.421236038208008,
      29.882068634033203,
      30.01543617248535,
      29.818815231323242,
      33.89088439941406,
      40.89412307739258,
      42.603214263916016,
      35.75128173828125,
      33.09343719482422,
      24.85076141357422,
      20.558866500854492,
      12.997452735900879
    ],
    [
      36.730464935302734,
      28.886985778808594,
      44.1563835144043,
      22.723878860473633,
      24.38827133178711,
      20.789052963256836,
      28.366167068481445,
      27.86142349243164,
      26.906005859375,
      28.12946891784668,
      28.704381942749023,
      35.22012710571289,
      35.5176887512207,
      30.05375862121582,
      25.357742309570312,
      19.902000427246094,
      18.048725128173828,
      13.297155380249023
    ],
    [
      7.142689228057861,
      12.079010963439941,
      22.723878860473633,
      37.813880920410156,
      19.953535079956055,
      20.833965301513672,
      16.559812545776367,
      16.05420684814453,
      18.628990173339844,
      17.37849998474121,
      15.227972984313965,
      24.56218910217285,
      18.76321029663086,
      17.878904342651367,
      9.212865829467773,
      7.82877254486084,
      6.007852554321289,
      5.104972839355469
    ],
    [
      16.397523880004883,
      15.213563919067383,
      24.38827133178711,
      19.953535079956055,
      62.722957611083984,
      55.87496566772461,
      35.260009765625,
      31.94174575805664,
      45.08061599731445,
      42.66014862060547,
      51.43661117553711,
      62.20502471923828,
      47.893699645996094,
      42.7901496887207,
      24.30630111694336,
      20.07765007019043,
      14.2615385055542,
      10.343575477600098
    ],
    [
      11.854330062866211,
      13.057452201843262,
      20.789052963256836,
      20.833965301513672,
      55.87496566772461,
      69.75257873535156,
      27.68042755126953,
      26.21278190612793,
      42.22921371459961,
      39.021968841552734,
      45.131771087646484,
      55.81117248535156,
      37.93160629272461,
      35.52542495727539,
      17.460844039916992,
      14.906343460083008,
      9.528818130493164,
      7.073783874511719
    ],
    [
      33.37118148803711,
      31.421236038208008,
      28.366167068481445,
      16.559812545776367,
      35.260009765625,
      27.68042755126953,
      87.65879821777344,
      73.99427795410156,
      63.68935775756836,
      62.9600715637207,
      74.31693267822266,
      80.34857940673828,
      70.50823211669922,
      63.28041076660156,
      44.81089401245117,
      37.1293830871582,
      25.25722312927246,
      17.293773651123047
    ],
    [
      31.34375,
      29.882068634033203,
      27.86142349243164,
      16.05420684814453,
      31.94174575805664,
      26.21278190612793,
      73.99427795410156,
      79.02045440673828,
      60.419063568115234,
      60.94405746459961,
      70.89549255371094,
      74.14674377441406,
      65.25302124023438,
      58.715274810791016,
      40.21197509765625,
      34.16363525390625,
      22.95397186279297,
      15.724119186401367
    ],
    [
      29.60849952697754,
      30.01543617248535,
      26.906005859375,
      18.628990173339844,
      45.08061599731445,
      42.22921371459961,
      63.68935775756836,
      60.419063568115234,
      90.70965576171875,
      76.09972381591797,
      88.0523452758789,
      89.1178970336914,
      77.72306060791016,
      71.28166198730469,
      46.88900375366211,
      38.96028137207031,
      26.79328155517578,
      18.74881935119629
    ],
    [
      31.668527603149414,
      29.818815231323242,
      28.12946891784668,
      17.37849998474121,
      42.66014862060547,
      39.021968841552734,
      62.9600715637207,
      60.94405746459961,
      76.09972381591797,
      78.42880249023438,
      79.3608169555664,
      82.86837768554688,
      72.26277160644531,
      66.04369354248047,
      43.66212463378906,
      36.82778549194336,
      24.745906829833984,
      17.28407096862793
    ],
    [
      33.35850524902344,
      33.89088439941406,
      28.704381942749023,
      15.227972984313965,
      51.43661117553711,
      45.131771087646484,
      74.31693267822266,
      70.89549255371094,
      88.0523452758789,
      79.3608169555664,
      118.87577056884766,
      106.940185546875,
      98.90721893310547,
      89.75391387939453,
      61.845237731933594,
      51.33445358276367,
      37.64939498901367,
      26.541955947875977
    ],
    [
      36.703006744384766,
      40.89412307739258,
      35.22012710571289,
      24.56218910217285,
      62.20502471923828,
      55.81117248535156,
      80.34857940673828,
      74.14674377441406,
      89.1178970336914,
      82.86837768554688,
      106.940185546875,
      130.80868530273438,
      104.11237335205078,
      94.1826400756836,
      61.66304397583008,
      51.31171798706055,
      36.66291427612305,
      25.4555721282959
    ],
    [
      43.52106475830078,
      42.603214263916016,
      35.5176887512207,
      18.76321029663086,
      47.893699645996094,
      37.93160629272461,
      70.50823211669922,
      65.25302124023438,
      77.72306060791016,
      72.26277160644531,
      98.90721893310547,
      104.11237335205078,
      111.39945220947266,
      95.67286682128906,
      75.00961303710938,
      59.55269241333008,
      49.32012939453125,
      34.411460876464844
    ],
    [
      35.93599319458008,
      35.75128173828125,
      30.05375862121582,
      17.878904342651367,
      42.7901496887207,
      35.52542495727539,
      63.28041076660156,
      58.715274810791016,
      71.28166198730469,
      66.04369354248047,
      89.75391387939453,
      94.1826400756836,
      95.67286682128906,
      87.4441909790039,
      63.26918029785156,
      51.81803894042969,
      40.61262893676758,
      29.102375030517578
    ],
    [
      38.10684585571289,
      33.09343719482422,
      25.357742309570312,
      9.212865829467773,
      24.30630111694336,
      17.460844039916992,
      44.81089401245117,
      40.21197509765625,
      46.88900375366211,
      43.66212463378906,
      61.845237731933594,
      61.66304397583008,
      75.00961303710938,
      63.26918029785156,
      66.7421875,
      52.45134353637695,
      49.543094635009766,
      35.890159606933594
    ],
    [
      29.259857177734375,
      24.85076141357422,
      19.902000427246094,
      7.82877254486084,
      20.07765007019043,
      14.906343460083008,
      37.1293830871582,
      34.16363525390625,
      38.96028137207031,
      36.82778549194336,
      51.33445358276367,
      51.31171798706055,
      59.55269241333008,
      51.81803894042969,
      52.45134353637695,
      45.320884704589844,
      39.18095016479492,
      29.988359451293945
    ],
    [
      26.55008316040039,
      20.558866500854492,
      18.048725128173828,
      6.007852554321289,
      14.2615385055542,
      9.528818130493164,
      25.25722312927246,
      22.95397186279297,
      26.79328155517578,
      24.745906829833984,
      37.64939498901367,
      36.66291427612305,
      49.32012939453125,
      40.61262893676758,
      49.543094635009766,
      39.18095016479492,
      47.16252517700195,
      36.430511474609375
    ],
    [
      18.668750762939453,
      12.997452735900879,
      13.297155380249023,
      5.104972839355469,
      10.343575477600098,
      7.073783874511719,
      17.293773651123047,
      15.724119186401367,
      18.74881935119629,
      17.28407096862793,
      26.541955947875977,
      25.4555721282959,
      34.411460876464844,
      29.102375030517578,
      35.890159606933594,
      29.988359451293945,
      36.430511474609375,
      30.48189926147461
    ]
  ],
  "drr": 9.274073600769043,
  "dynamics": 5.061445713043213,
  "format": 1245190,
  "frames": 12070912,
  "loudness": -20.7442569732666,
  "loudness_range": 15.901569366455078,
  "loudness_range_short": 18.255889892578125,
  "peak": -0.4617510437965393,
  "rms": -21.049339294433594,
  "sample_rate": 44100,
  "sections": 1,
  "seekable": 1,
  "sharpness": 3.3529436588287354,
  "space": -6.554056167602539
}