{
  "bands": [
    {
      "high_freq": 148.1999969482422,
      "loudness": -17.83985137939453,
      "loudness_range": 5.754417419433594,
      "mid_mean": -14.33439826965332,
      "mid_to_side_loudness": -12.311741828918457,
      "mid_to_side_loudness_range": 11.67694091796875,
      "side_mean": -27.092418670654297
    },
    {
      "high_freq": 392.3793640136719,
      "loudness": -19.77383041381836,
      "loudness_range": 4.990056991577148,
      "low_freq": 148.1999969482422,
      "mid_mean": -17.144729614257812,
      "mid_to_side_loudness": -5.970023155212402,
      "mid_to_side_loudness_range": 7.175564289093018,
      "side_mean": -23.21866798400879
    },
    {
      "high_freq": 794.6976318359375,
      "loudness": -21.631858825683594,
      "loudness_range": 7.192808151245117,
      "low_freq": 392.3793640136719,
      "mid_mean": -18.974567413330078,
      "mid_to_side_loudness": -6.225401401519775,
      "mid_to_side_loudness_range": 7.897730827331543,
      "side_mean": -25.285036087036133
    },
    {
      "high_freq": 1457.5709228515625,
      "loudness": -19.196653366088867,
      "loudness_range": 11.561979293823242,
      "low_freq": 794.6976318359375,
      "mid_mean": -16.327434539794922,
      "mid_to_side_loudness": -7.481820583343506,
      "mid_to_side_loudness_range": 8.677886962890625,
      "side_mean": -23.86886215209961
    },
    {
      "high_freq": 2549.74365234375,
      "loudness": -16.429502487182617,
      "loudness_range": 6.834517478942871,
      "low_freq": 1457.5709228515625,
      "mid_mean": -14.48094654083252,
      "mid_to_side_loudness": -3.302338123321533,
      "mid_to_side_loudness_range": 6.006618022918701,
      "side_mean": -17.841358184814453
    },
    {
      "high_freq": 4349.24462890625,
      "loudness": -19.614160537719727,
      "loudness_range": 7.649292945861816,
      "low_freq": 2549.74365234375,
      "mid_mean": -17.91532325744629,
      "mid_to_side_loudness": -2.484071731567383,
      "mid_to_side_loudness_range": 4.44677734375,
      "side_mean": -20.414844512939453
    },
    {
      "high_freq": 7314.1640625,
      "loudness": -26.47416114807129,
      "loudness_range": 9.440353393554688,
      "low_freq": 4349.24462890625,
      "mid_mean": -24.126970291137695,
      "mid_to_side_loudness": -4.999354839324951,
      "mid_to_side_loudness_range": 8.910828590393066,
      "side_mean": -29.25141716003418
    },
    {
      "high_freq": 12199.2666015625,
      "loudness": -30.884004592895508,
      "loudness_range": 9.590208053588867,
      "low_freq": 7314.1640625,
      "mid_mean": -28.414653778076172,
      "mid_to_side_loudness": -5.138179779052734,
      "mid_to_side_loudness_range": 8.186712265014648,
      "side_mean": -33.82783889770508
    },
    {
      "loudness": -36.20438003540039,
      "loudness_range": 10.850435256958008,
      "low_freq": 12199.2666015625,
      "mid_mean": -34.431156158447266,
      "mid_to_side_loudness": -2.6293270587921143,
      "mid_to_side_loudness_range": 3.3207554817199707,
      "side_mean": -37.20563507080078
    }
  ],
  "bands_short": [
    {
      "high_freq": 148.1999969482422,
      "loudness": -21.05771827697754,
      "loudness_range": 11.11014175415039,
      "mid_mean": -17.75979995727539,
      "mid_to_side_loudness": -12.698211669921875,
      "mid_to_side_loudness_range": 18.516712188720703,
      "side_mean": -30.941635131835938
    },
    {
      "high_freq": 392.3793640136719,
      "loudness": -18.034530639648438,
      "loudness_range": 6.37204647064209,
      "low_freq": 148.1999969482422,
      "mid_mean": -15.198775291442871,
      "mid_to_side_loudness": -7.590185642242432,
      "mid_to_side_loudness_range": 10.648404121398926,
      "side_mean": -22.900489807128906
    },
    {
      "high_freq": 794.6976318359375,
      "loudness": -21.875289916992188,
      "loudness_range": 9.625329971313477,
      "low_freq": 392.3793640136719,
      "mid_mean": -19.429248809814453,
      "mid_to_side_loudness": -5.6937432289123535,
      "mid_to_side_loudness_range": 10.787210464477539,
      "side_mean": -25.22998809814453
    },
    {
      "high_freq": 1457.5709228515625,
      "loudness": -19.627552032470703,
      "loudness_range": 13.279356956481934,
      "low_freq": 794.6976318359375,
      "mid_mean": -16.90642738342285,
      "mid_to_side_loudness": -7.151041030883789,
      "mid_to_side_loudness_range": 11.636491775512695,
      "side_mean": -24.115402221679688
    },
    {
      "high_freq": 2549.74365234375,
      "loudness": -16.80535888671875,
      "loudness_range": 8.567605018615723,
      "low_freq": 1457.5709228515625,
      "mid_mean": -14.921819686889648,
      "mid_to_side_loudness": -3.331345558166504,
      "mid_to_side_loudness_range": 7.656119346618652,
      "side_mean": -18.31354522705078
    },
    {
      "high_freq": 4349.24462890625,
      "loudness": -19.740764617919922,
      "loudness_range": 9.620065689086914,
      "low_freq": 2549.74365234375,
      "mid_mean": -18.09324073791504,
      "mid_to_side_loudness": -2.4645020961761475,
      "mid_to_side_loudness_range": 5.848504543304443,
      "side_mean": -20.588327407836914
    },
    {
      "high_freq": 7314.1640625,
      "loudness": -26.979005813598633,
      "loudness_range": 12.407621383666992,
      "low_freq": 4349.24462890625,
      "mid_mean": -24.83397102355957,
      "mid_to_side_loudness": -4.476301670074463,
      "mid_to_side_loudness_range": 9.881868362426758,
      "side_mean": -29.395252227783203
    },
    {
      "high_freq": 12199.2666015625,
      "loudness": -32.224430084228516,
      "loudness_range": 13.754581451416016,
      "low_freq": 7314.1640625,
      "mid_mean": -29.88923454284668,
      "mid_to_side_loudness": -4.929530143737793,
      "mid_to_side_loudness_range": 9.173672676086426,
      "side_mean": -35.025184631347656
    },
    {
      "loudness": -38.62867736816406,
      "loudness_range": 20.572261810302734,
      "low_freq": 12199.2666015625,
      "mid_mean": -36.9210090637207,
      "mid_to_side_loudness": -2.6790788173675537,
      "mid_to_side_loudness_range": 4.684950351715088,
      "side_mean": -39.585060119628906
    }
  ],
  "channels": 2,
  "covariance": [
    [
      6.575448036193848,
      1.6790637969970703,
      -0.429291695356369,
      -0.23746895790100098,
      1.29093337059021,
      0.9855649471282959,
      1.387629747390747,
      1.0492359399795532,
      1.6904410123825073,
      1.376624345779419,
      1.7611478567123413,
      1.5694801807403564,
      1.3858156204223633,
      1.378352403640747,
      0.9951388835906982,
      1.34651517868042,
      1.4335851669311523,
      1.4945151805877686
    ],
    [
      1.6790637969970703,
      12.88318157196045,
      3.004030227661133,
      2.4865562915802,
      2.1490280628204346,
      2.9877586364746094,
      3.0770626068115234,
      2.920579195022583,
      3.545746088027954,
      4.287467002868652,
      5.018941402435303,
      5.278983116149902,
      5.432535648345947,
      6.868083953857422,
      2.702761650085449,
      4.370895862579346,
      1.395658016204834,
      1.0708807706832886
    ],
    [
      -0.429291695356369,
      3.004030227661133,
      6.913975715637207,
      3.7578470706939697,
      3.4876041412353516,
      2.197108268737793,
      2.4213311672210693,
      1.5907479524612427,
      3.13256573677063,
      3.1726229190826416,
      4.161426544189453,
      3.8839941024780273,
      4.854733943939209,
      4.68903112411499,
      3.573409080505371,
      4.748875617980957,
      1.591336727142334,
      2.1291956901550293
    ],
    [
      -0.23746895790100098,
      2.4865562915802,
      3.7578470706939697,
      7.582585334777832,
      2.837599039077759,
      2.439578056335449,
      1.7674803733825684,
      1.4398010969161987,
      2.6649041175842285,
      2.777942419052124,
      3.7178726196289062,
      3.809965133666992,
      3.7911412715911865,
      4.408102512359619,
      1.843570351600647,
      3.3966307640075684,
      0.06960665434598923,
      0.6476042866706848
    ],
    [
      1.29093337059021,
      2.1490280628204346,
      3.4876041412353516,
      2.837599039077759,
      12.124208450317383,
      5.491297245025635,
      8.565523147583008,
      4.233052730560303,
      7.178413391113281,
      4.279538631439209,
      6.7178497314453125,
      4.516650676727295,
      7.6507887840271,
      4.041547775268555,
      6.181952476501465,
      5.345273017883301,
      2.917311191558838,
      3.879697322845459
    ],
    [
      0.9855649471282959,
      2.9877586364746094,
      2.197108268737793,
      2.439578056335449,
      5.491297245025635,
      7.140341758728027,
      4.383525371551514,
      3.673267364501953,
      4.501601696014404,
      4.214258193969727,
      4.949159622192383,
      4.685217380523682,
      4.766229629516602,
      5.278200626373291,
      2.5571608543395996,
      4.345564842224121,
      1.3443553447723389,
      2.3045129776000977
    ],
    [
      1.387629747390747,
      3.0770626068115234,
      2.4213311672210693,
      1.7674803733825684,
      8.565523147583008,
      4.383525371551514,
      22.095386505126953,
      10.45019817352295,
      11.811237335205078,
      5.928031921386719,
      8.802125930786133,
      6.106325626373291,
      8.89339542388916,
      5.963696002960205,
      5.278782844543457,
      6.3385772705078125,
      2.894052028656006,
      4.503926753997803
    ],
    [
      1.0492359399795532,
      2.920579195022583,
      1.5907479524612427,
      1.4398010969161987,
      4.233052730560303,
      3.673267364501953,
      10.45019817352295,
      8.871278762817383,
      6.151730537414551,
      4.4087653160095215,
      5.792983531951904,
      5.010777473449707,
      5.3748064041137695,
      6.0835490226745605,
      2.547846794128418,
      4.741668701171875,
      1.5038905143737793,
      2.024045705795288
    ],
    [
      1.6904410123825073,
      3.545746088027954,
      3.13256573677063,
      2.6649041175842285,
      7.178413391113281,
      4.501601696014404,
      11.811237335205078,
      6.151730537414551,
      12.631866455078125,
      8.81139087677002,
      10.130202293395996,
      9.266796112060547,
      9.932901382446289,
      9.804298400878906,
      5.802855968475342,
      8.111236572265625,
      3.4448835849761963,
      5.267618179321289
    ],
    [
      1.376624345779419,
      4.287467002868652,
      3.1726229190826416,
      2.777942419052124,
      4.279538631439209,
      4.214258193969727,
      5.928031921386719,
      4.4087653160095215,
      8.81139087677002,
      10.642160415649414,
      9.538898468017578,
      11.096604347229004,
      7.993023872375488,
      11.814797401428223,
      4.225898742675781,
      7.931995868682861,
      2.5775318145751953,
      4.0274434089660645
    ],
    [
      1.7611478567123413,
      5.018941402435303,
      4.161426544189453,
      3.7178726196289062,
      6.7178497314453125,
      4.949159622192383,
      8.802125930786133,
      5.792983531951904,
      10.130202293395996,
      9.538898468017578,
      14.537140846252441,
      13.84900188446045,
      12.436542510986328,
      14.477492332458496,
      6.891304969787598,
      10.094449043273926,
      3.0526046752929688,
      5.110071182250977
    ],
    [
      1.5694801807403564,
      5.278983116149902,
      3.8839941024780273,
      3.809965133666992,
      4.516650676727295,
      4.685217380523682,
      6.106325626373291,
      5.010777473449707,
      9.266796112060547,
      11.096604347229004,
      13.84900188446045,
      16.93977165222168,
      10.862411499023438,
      17.316829681396484,
      5.227232933044434,
      10.212206840515137,
      1.9610072374343872,
      4.097189426422119
    ],
    [
      1.3858156204223633,
      5.432535648345947,
      4.854733943939209,
      3.7911412715911865,
      7.6507887840271,
      4.766229629516602,
      8.89339542388916,
      5.3748064041137695,
      9.932901382446289,
      7.993023872375488,
      12.436542510986328,
      10.862411499023438,
      17.77288246154785,
      14.429043769836426,
      12.451644897460938,
      12.026288986206055,
      5.38530158996582,
      7.2080607414245605
    ],
    [
      1.378352403640747,
      6.868083953857422,
      4.68903112411499,
      4.408102512359619,
      4.041547775268555,
      5.278200626373291,
      5.963696002960205,
      6.0835490226745605,
      9.804298400878906,
      11.814797401428223,
      14.477492332458496,
      17.316829681396484,
      14.429043769836426,
      23.66555404663086,
      7.406500339508057,
      14.43511962890625,
      2.4434688091278076,
      4.845759868621826
    ],
    [
      0.9951388835906982,
      2.702761650085449,
      3.573409080505371,
      1.843570351600647,
      6.181952476501465,
      2.5571608543395996,
      5.278782844543457,
      2.547846794128418,
      5.802855968475342,
      4.225898742675781,
      6.891304969787598,
      5.227232933044434,
      12.451644897460938,
      7.406500339508057,
      19.060630798339844,
      11.887145042419434,
      11.835711479187012,
      11.960046768188477
    ],
    [
      1.34651517868042,
      4.370895862579346,
      4.748875617980957,
      3.3966307640075684,
      5.345273017883301,
      4.345564842224121,
      6.3385772705078125,
      4.741668701171875,
      8.111236572265625,
      7.931995868682861,
      10.094449043273926,
      10.212206840515137,
      12.026288986206055,
      14.43511962890625,
      11.887145042419434,
      19.06596565246582,
      9.506556510925293,
      12.825370788574219
    ],
    [
      1.4335851669311523,
      1.395658016204834,
      1.591336727142334,
      0.06960665434598923,
      2.917311191558838,
      1.3443553447723389,
      2.894052028656006,
      1.5038905143737793,
      3.4448835849761963,
      2.5775318145751953,
      3.0526046752929688,
      1.9610072374343872,
      5.38530158996582,
      2.4434688091278076,
      11.835711479187012,
      9.506556510925293,
      20.518850326538086,
      17.292903900146484
    ],
    [
      1.4945151805877686,
      1.0708807706832886,
      2.1291956901550293,
      0.6476042866706848,
      3.879697322845459,
      2.3045129776000977,
      4.503926753997803,
      2.024045705795288,
      5.267618179321289,
      4.0274434089660645,
      5.110071182250977,
      4.097189426422119,
      7.2080607414245605,
      4.845759868621826,
      11.960046768188477,
      12.825370788574219,
      17.292903900146484,
      21.291473388671875
    ]
  ],
  "covariance_short": [
    [
      22.947553634643555,
      4.762058734893799,
      2.7170140743255615,
      0.7516120672225952,
      3.5525882244110107,
      2.7285208702087402,
      3.3230929374694824,
      2.140395164489746,
      3.2691283226013184,
      2.4743051528930664,
      3.0481319427490234,
      2.7079296112060547,
      3.3430652618408203,
      2.6504061222076416,
      2.6325480937957764,
      3.2000064849853516,
      4.732995986938477,
      5.156411170959473
    ],
    [
      4.762058734893799,
      27.209306716918945,
      2.5396993160247803,
      4.297484874725342,
      3.176055431365967,
      3.84633469581604,
      5.263425827026367,
      4.655946254730225,
      5.27756929397583,
      6.043993949890137,
      6.7207350730896,
      6.979884147644043,
      7.66294527053833,
      8.67882251739502,
      5.80875301361084,
      7.292457103729248,
      5.38455867767334,
      5.891478538513184
    ],
    [
      2.7170140743255615,
      2.5396993160247803,
      10.343963623046875,
      2.704207181930542,
      3.3759336471557617,
      2.201936960220337,
      2.104088306427002,
      1.6689268350601196,
      2.894958734512329,
      3.313821792602539,
      4.250331401824951,
      4.141230583190918,
      4.795684814453125,
      4.923354148864746,
      3.427738666534424,
      4.532805919647217,
      4.057430267333984,
      3.7947025299072266
    ],
    [
      0.7516120672225952,
      4.297484874725342,
      2.704207181930542,
      9.03065013885498,
      1.541863203048706,
      2.7334506511688232,
      0.7178365588188171,
      1.6005486249923706,
      1.4375053644180298,
      2.378103733062744,
      2.6628527641296387,
      3.2783753871917725,
      3.107713460922241,
      4.066971778869629,
      1.6071094274520874,
      2.6103334426879883,
      0.8647114038467407,
      0.9737771153450012
    ],
    [
      3.5525882244110107,
      3.176055431365967,
      3.3759336471557617,
      1.541863203048706,
      17.691553115844727,
      6.506962299346924,
      9.940613746643066,
      4.029204368591309,
      8.412384033203125,
      4.551795482635498,
      8.029057502746582,
      5.0266923904418945,
      10.175731658935547,
      5.0879621505737305,
      8.698667526245117,
      6.470976829528809,
      7.178207874298096,
      7.726306438446045
    ],
    [
      2.7285208702087402,
      3.84633469581604,
      2.201936960220337,
      2.7334506511688232,
      6.506962299346924,
      10.56284236907959,
      4.310956954956055,
      3.821223020553589,
      4.592942714691162,
      4.493478298187256,
      5.147039413452148,
      5.177466869354248,
      5.453364849090576,
      5.935272216796875,
      3.5377728939056396,
      5.0345306396484375,
      3.2093420028686523,
      3.9661502838134766
    ],
    [
      3.3230929374694824,
      5.263425827026367,
      2.104088306427002,
      0.7178365588188171,
      9.940613746643066,
      4.310956954956055,
      27.58669662475586,
      10.93764591217041,
      13.976245880126953,
      6.476522922515869,
      10.04654312133789,
      6.624578952789307,
      11.582414627075195,
      6.8815412521362305,
      8.953566551208496,
      8.020840644836426,
      8.127141952514648,
      9.562089920043945
    ],
    [
      2.140395164489746,
      4.655946254730225,
      1.6689268350601196,
      1.6005486249923706,
      4.029204368591309,
      3.821223020553589,
      10.93764591217041,
      11.446320533752441,
      6.50030517578125,
      4.9717116355896,
      6.216403961181641,
      5.698843479156494,
      6.438234329223633,
      6.634364128112793,
      4.407590866088867,
      5.851282596588135,
      5.094682693481445,
      5.565749168395996
    ],
    [
      3.2691283226013184,
      5.27756929397583,
      2.894958734512329,
      1.4375053644180298,
      8.412384033203125,
      4.592942714691162,
      13.976245880126953,
      6.50030517578125,
      16.628623962402344,
      11.044389724731445,
      12.10545539855957,
      10.922237396240234,
      12.975387573242188,
      11.176031112670898,
      8.972419738769531,
      9.751358985900879,
      9.4242525100708,
      10.663671493530273
    ],
    [
      2.4743051528930664,
      6.043993949890137,
      3.313821792602539,
      2.378103733062744,
      4.551795482635498,
      4.493478298187256,
      6.476522922515869,
      4.9717116355896,
      11.044389724731445,
      14.564513206481934,
      10.907505989074707,
      13.309096336364746,
      9.934754371643066,
      13.3317289352417,
      6.23927116394043,
      9.226573944091797,
      7.237405300140381,
      8.31641960144043
    ],
    [
      3.0481319427490234,
      6.7207350730896,
      4.250331401824951,
      2.6628527641296387,
      8.029057502746582,
      5.147039413452148,
      10.04654312133789,
      6.216403961181641,
      12.10545539855957,
      10.907505989074707,
      18.304353713989258,
      16.49045753479004,
      16.520896911621094,
      16.231388092041016,
      10.851556777954102,
      12.367511749267578,
      10.997008323669434,
      11.79858112335205
    ],
    [
      2.7079296112060547,
      6.979884147644043,
      4.141230583190918,
      3.2783753871917725,
      5.0266923904418945,
      5.177466869354248,
      6.624578952789307,
      5.698843479156494,
      10.922237396240234,
      13.309096336364746,
      16.49045753479004,
      21.313953399658203,
      13.939359664916992,
      19.419963836669922,
      8.208284378051758,
      12.431242942810059,
      8.949702262878418,
      10.245429992675781
    ],
    [
      3.3430652618408203,
      7.66294527053833,
      4.795684814453125,
      3.107713460922241,
      10.175731658935547,
      5.453364849090576,
      11.582414627075195,
      6.438234329223633,
      12.975387573242188,
      9.934754371643066,
      16.520896911621094,
      13.939359664916992,
      26.73459815979004,
      19.562692642211914,
      21.52539825439453,
      19.064672470092773,
      18.21367073059082,
      18.093090057373047
    ],
    [
      2.6504061222076416,
      8.67882251739502,
      4.923354148864746,
      4.066971778869629,
      5.0879621505737305,
      5.935272216796875,
      6.8815412521362305,
      6.634364128112793,
      11.176031112670898,
      13.3317289352417,
      16.231388092041016,
      19.419963836669922,
      19.562692642211914,
      27.805553436279297,
      13.336689949035645,
      20.647228240966797,
      13.68266487121582,
      15.86652660369873
    ],
    [
      2.6325480937957764,
      5.80875301361084,
      3.427738666534424,
      1.6071094274520874,
      8.698667526245117,
      3.5377728939056396,
      8.953566551208496,
      4.407590866088867,
      8.972419738769531,
      6.23927116394043,
      10.851556777954102,
      8.208284378051758,
      21.52539825439453,
      13.336689949035645,
      32.119876861572266,
      23.565814971923828,
      28.4512882232666,
      26.02425193786621
    ],
    [
      3.2000064849853516,
      7.292457103729248,
      4.532805919647217,
      2.6103334426879883,
      6.470976829528809,
      5.0345306396484375,
      8.020840644836426,
      5.851282596588135,
      9.751358985900879,
      9.226573944091797,
      12.367511749267578,
      12.431242942810059,
      19.064672470092773,
      20.647228240966797,
      23.565814971923828,
      33.218772888183594,
      29.217113494873047,
      32.25386428833008
    ],
    [
      4.732995986938477,
      5.38455867767334,
      4.057430267333984,
      0.8647114038467407,
      7.178207874298096,
      3.2093420028686523,
      8.127141952514648,
      5.094682693481445,
      9.4242525100708,
      7.237405300140381,
      10.997008323669434,
      8.949702262878418,
      18.21367073059082,
      13.68266487121582,
      28.4512882232666,
      29.217113494873047,
      50.89640808105469,
      46.425567626953125
    ],
    [
      5.156411170959473,
      5.891478538513184,
      3.7947025299072266,
      0.9737771153450012,
      7.726306438446045,
      3.9661502838134766,
      9.562089920043945,
      5.565749168395996,
      10.663671493530273,
      8.31641960144043,
      11.79858112335205,
      10.245429992675781,
      18.093090057373047,
      15.86652660369873,
      26.02425193786621,
      32.25386428833008,
      46.425567626953125,
      51.84174346923828
    ]
  ],
  "drr": 13.348692893981934,
  "dynamics": 1.5245622396469116,
  "format": 1245190,
  "frames": 15032320,
  "loudness": -6.961106777191162,
  "loudness_range": 3.979536533355713,
  "loudness_range_short": 4.893738269805908,
  "peak": 0.711280107498169,
  "rms": -10.162026405334473,
  "sample_rate": 44100,
  "sections": 1,
  "seekable": 1,
  "sharpness": 1.1681358814239502,
  "space": -5.719740390777588
}