{
  "bands": [
    {
      "high_freq": 148.1999969482422,
      "loudness": -29.875402450561523,
      "loudness_range": 21.167400360107422,
      "mid_mean": -26.306533813476562,
      "mid_to_side_loudness": -17.754348754882812,
      "mid_to_side_loudness_range": 14.932747840881348,
      "side_mean": -44.228702545166016
    },
    {
      "high_freq": 392.3793640136719,
      "loudness": -29.17046546936035,
      "loudness_range": 18.54291343688965,
      "low_freq": 148.1999969482422,
      "mid_mean": -26.020967483520508,
      "mid_to_side_loudness": -10.267461776733398,
      "mid_to_side_loudness_range": 11.662049293518066,
      "side_mean": -36.101226806640625
    },
    {
      "high_freq": 794.6976318359375,
      "loudness": -30.59926986694336,
      "loudness_range": 24.546981811523438,
      "low_freq": 392.3793640136719,
      "mid_mean": -28.533374786376953,
      "mid_to_side_loudness": -4.9113898277282715,
      "mid_to_side_loudness_range": 11.400847434997559,
      "side_mean": -33.22410583496094
    },
    {
      "high_freq": 1457.5709228515625,
      "loudness": -34.36299133300781,
      "loudness_range": 27.321569442749023,
      "low_freq": 794.6976318359375,
      "mid_mean": -31.570558547973633,
      "mid_to_side_loudness": -7.208946704864502,
      "mid_to_side_loudness_range": 8.573275566101074,
      "side_mean": -38.9324836730957
    },
    {
      "high_freq": 2549.74365234375,
      "loudness": -39.812679290771484,
      "loudness_range": 26.777082443237305,
      "low_freq": 1457.5709228515625,
      "mid_mean": -37.18804931640625,
      "mid_to_side_loudness": -7.2742695808410645,
      "mid_to_side_loudness_range": 8.948919296264648,
      "side_mean": -44.77116394042969
    },
    {
      "high_freq": 4349.24462890625,
      "loudness": -40.65555953979492,
      "loudness_range": 26.997913360595703,
      "low_freq": 2549.74365234375,
      "mid_mean": -38.82334899902344,
      "mid_to_side_loudness": -6.063098430633545,
      "mid_to_side_loudness_range": 5.923357009887695,
      "side_mean": -45.658477783203125
    },
    {
      "high_freq": 7314.1640625,
      "loudness": -42.7804069519043,
      "loudness_range": 24.744295120239258,
      "low_freq": 4349.24462890625,
      "mid_mean": -42.78881072998047,
      "mid_to_side_loudness": -4.695389270782471,
      "mid_to_side_loudness_range": 6.141332626342773,
      "side_mean": -51.80292892456055
    },
    {
      "high_freq": 12199.2666015625,
      "loudness": -45.56391906738281,
      "loudness_range": 22.93675994873047,
      "low_freq": 7314.1640625,
      "mid_mean": -51.87238693237305,
      "mid_to_side_loudness": -3.666382074356079,
      "mid_to_side_loudness_range": 3.354663372039795,
      "side_mean": -54.6078987121582
    },
    {
      "loudness": -46.57009506225586,
      "loudness_range": 22.37661361694336,
      "low_freq": 12199.2666015625,
      "mid_mean": -54.43817901611328,
      "mid_to_side_loudness": -3.5004873275756836,
      "mid_to_side_loudness_range": 2.6913585662841797,
      "side_mean": -56.90004348754883
    }
  ],
  "bands_short": [
    {
      "high_freq": 148.1999969482422,
      "loudness": -32.441253662109375,
      "loudness_range": 24.55746078491211,
      "mid_mean": -28.949024200439453,
      "mid_to_side_loudness": -18.020299911499023,
      "mid_to_side_loudness_range": 19.08045768737793,
      "side_mean": -47.50322723388672
    },
    {
      "high_freq": 392.3793640136719,
      "loudness": -29.08866310119629,
      "loudness_range": 19.49613380432129,
      "low_freq": 148.1999969482422,
      "mid_mean": -25.950136184692383,
      "mid_to_side_loudness": -10.703593254089355,
      "mid_to_side_loudness_range": 14.151541709899902,
      "side_mean": -36.539894104003906
    },
    {
      "high_freq": 794.6976318359375,
      "loudness": -31.64731216430664,
      "loudness_range": 26.865352630615234,
      "low_freq": 392.3793640136719,
      "mid_mean": -29.618192672729492,
      "mid_to_side_loudness": -5.262270450592041,
      "mid_to_side_loudness_range": 13.086758613586426,
      "side_mean": -34.553558349609375
    },
    {
      "high_freq": 1457.5709228515625,
      "loudness": -35.435302734375,
      "loudness_range": 28.484695434570312,
      "low_freq": 794.6976318359375,
      "mid_mean": -32.87285614013672,
      "mid_to_side_loudness": -6.662884712219238,
      "mid_to_side_loudness_range": 10.51490306854248,
      "side_mean": -39.6258430480957
    },
    {
      "high_freq": 2549.74365234375,
      "loudness": -41.2874641418457,
      "loudness_range": 28.664281845092773,
      "low_freq": 1457.5709228515625,
      "mid_mean": -38.844688415527344,
      "mid_to_side_loudness": -6.881393909454346,
      "mid_to_side_loudness_range": 10.940079689025879,
      "side_mean": -46.02903366088867
    },
    {
      "high_freq": 4349.24462890625,
      "loudness": -41.73851013183594,
      "loudness_range": 29.438264846801758,
      "low_freq": 2549.74365234375,
      "mid_mean": -40.22719955444336,
      "mid_to_side_loudness": -5.34915828704834,
      "mid_to_side_loudness_range": 8.29415512084961,
      "side_mean": -46.65953826904297
    },
    {
      "high_freq": 7314.1640625,
      "loudness": -44.9482421875,
      "loudness_range": 29.6768741607666,
      "low_freq": 4349.24462890625,
      "mid_mean": -49.62862014770508,
      "mid_to_side_loudness": -3.7712182998657227,
      "mid_to_side_loudness_range": 7.537834167480469,
      "side_mean": -53.00749588012695
    },
    {
      "high_freq": 12199.2666015625,
      "loudness": -47.045494079589844,
      "loudness_range": 27.59073257446289,
      "low_freq": 7314.1640625,
      "mid_mean": -53.939537048339844,
      "mid_to_side_loudness": -3.19746470451355,
      "mid_to_side_loudness_range": 4.346192836761475,
      "side_mean": -56.17018508911133
    },
    {
      "loudness": -50.51647186279297,
      "loudness_range": 28.665000915527344,
      "low_freq": 12199.2666015625,
      "mid_mean": -58.026519775390625,
      "mid_to_side_loudness": -3.490607738494873,
      "mid_to_side_loudness_range": 3.9515740871429443,
      "side_mean": -60.28792190551758
    }
  ],
  "channels": 2,
  "covariance": [
    [
      57.46897888183594,
      34.61748123168945,
      27.357704162597656,
      20.807825088500977,
      36.9394645690918,
      35.406211853027344,
      36.88557434082031,
      36.67971420288086,
      38.33424377441406,
      40.40916061401367,
      38.83736801147461,
      42.97907638549805,
      35.72787857055664,
      62.74521255493164,
      66.4282455444336,
      59.9274787902832,
      64.17756652832031,
      56.16108322143555
    ],
    [
      34.61748123168945,
      34.49150848388672,
      21.76631736755371,
      19.162845611572266,
      26.14298439025879,
      26.430822372436523,
      27.329906463623047,
      27.37876319885254,
      29.781837463378906,
      30.972015380859375,
      28.490489959716797,
      31.380643844604492,
      26.24677848815918,
      42.390228271484375,
      43.98418426513672,
      40.254150390625,
      42.86651611328125,
      37.840370178222656
    ],
    [
      27.357704162597656,
      21.76631736755371,
      41.07764434814453,
      38.782875061035156,
      29.59657096862793,
      30.802982330322266,
      33.716651916503906,
      33.600242614746094,
      35.956520080566406,
      36.10703659057617,
      30.982437133789062,
      32.42001724243164,
      25.229591369628906,
      42.36305236816406,
      41.186241149902344,
      37.77493667602539,
      38.46517562866211,
      34.90011978149414
    ],
    [
      20.807825088500977,
      19.162845611572266,
      38.782875061035156,
      55.518978118896484,
      27.44413185119629,
      31.30088233947754,
      31.428102493286133,
      31.07780647277832,
      33.324954986572266,
      33.953643798828125,
      25.19244956970215,
      26.34600257873535,
      15.187797546386719,
      30.778762817382812,
      25.731321334838867,
      24.37569236755371,
      21.846576690673828,
      20.95928192138672
    ],
    [
      36.9394645690918,
      26.14298439025879,
      29.59657096862793,
      27.44413185119629,
      73.94331359863281,
      67.68606567382812,
      61.72120666503906,
      59.156593322753906,
      67.60874938964844,
      65.19869232177734,
      55.4620475769043,
      61.11662292480469,
      45.22364044189453,
      76.56202697753906,
      75.0022964477539,
      66.27326965332031,
      65.38676452636719,
      57.75711441040039
    ],
    [
      35.406211853027344,
      26.430822372436523,
      30.802982330322266,
      31.30088233947754,
      67.68606567382812,
      81.98320770263672,
      60.71330642700195,
      60.593658447265625,
      67.06484985351562,
      66.07018280029297,
      54.55872344970703,
      59.457664489746094,
      42.93878936767578,
      75.04322052001953,
      71.40594482421875,
      63.470794677734375,
      62.39112091064453,
      55.567195892333984
    ],
    [
      36.88557434082031,
      27.329906463623047,
      33.716651916503906,
      31.428102493286133,
      61.72120666503906,
      60.71330642700195,
      89.45802307128906,
      82.18618774414062,
      71.81487274169922,
      73.85052490234375,
      63.16973114013672,
      66.42743682861328,
      54.408485412597656,
      80.25338745117188,
      78.4337158203125,
      69.4509048461914,
      69.38302612304688,
      61.78385925292969
    ],
    [
      36.67971420288086,
      27.37876319885254,
      33.600242614746094,
      31.07780647277832,
      59.156593322753906,
      60.593658447265625,
      82.18618774414062,
      85.21406555175781,
      68.36772918701172,
      71.5274429321289,
      60.7354736328125,
      63.98786544799805,
      48.21233367919922,
      75.72138214111328,
      72.75587463378906,
      64.3316650390625,
      63.74203109741211,
      56.868377685546875
    ],
    [
      38.33424377441406,
      29.781837463378906,
      35.956520080566406,
      33.324954986572266,
      67.60874938964844,
      67.06484985351562,
      71.81487274169922,
      68.36772918701172,
      89.76799774169922,
      81.26920318603516,
      73.07682800292969,
      76.99057006835938,
      59.03374099731445,
      87.21739959716797,
      84.73894500732422,
      75.5459213256836,
      75.54534912109375,
      67.45367431640625
    ],
    [
      40.40916061401367,
      30.972015380859375,
      36.10703659057617,
      33.953643798828125,
      65.19869232177734,
      66.07018280029297,
      73.85052490234375,
      71.5274429321289,
      81.26920318603516,
      85.49224090576172,
      73.33061218261719,
      78.41377258300781,
      59.411415100097656,
      90.5467758178711,
      88.41118621826172,
      78.96229553222656,
      79.41142272949219,
      70.7559814453125
    ],
    [
      38.83736801147461,
      28.490489959716797,
      30.982437133789062,
      25.19244956970215,
      55.4620475769043,
      54.55872344970703,
      63.16973114013672,
      60.7354736328125,
      73.07682800292969,
      73.33061218261719,
      107.68635559082031,
      101.08101654052734,
      92.77787780761719,
      106.9161605834961,
      110.93302917480469,
      100.07723999023438,
      104.55381774902344,
      93.3062973022461
    ],
    [
      42.97907638549805,
      31.380643844604492,
      32.42001724243164,
      26.34600257873535,
      61.11662292480469,
      59.457664489746094,
      66.42743682861328,
      63.98786544799805,
      76.99057006835938,
      78.41377258300781,
      101.08101654052734,
      109.89643859863281,
      90.48029327392578,
      113.66996765136719,
      117.55713653564453,
      106.30265808105469,
      110.29679107666016,
      98.0447006225586
    ],
    [
      35.72787857055664,
      26.24677848815918,
      25.229591369628906,
      15.187797546386719,
      45.22364044189453,
      42.93878936767578,
      54.408485412597656,
      48.21233367919922,
      59.03374099731445,
      59.411415100097656,
      92.77787780761719,
      90.48029327392578,
      125.31719970703125,
      111.8271713256836,
      126.61042022705078,
      115.33647155761719,
      124.93304443359375,
      111.19194793701172
    ],
    [
      62.74521255493164,
      42.390228271484375,
      42.36305236816406,
      30.778762817382812,
      76.56202697753906,
      75.04322052001953,
      80.25338745117188,
      75.72138214111328,
      87.21739959716797,
      90.5467758178711,
      106.9161605834961,
      113.66996765136719,
      111.8271713256836,
      158.58262634277344,
      167.80160522460938,
      150.0874481201172,
      156.87001037597656,
      137.46920776367188
    ],
    [
      66.4282455444336,
      43.98418426513672,
      41.186241149902344,
      25.731321334838867,
      75.0022964477539,
      71.40594482421875,
      78.4337158203125,
      72.75587463378906,
      84.73894500732422,
      88.41118621826172,
      110.93302917480469,
      117.55713653564453,
      126.61042022705078,
      167.80160522460938,
      187.05267333984375,
      168.1152801513672,
      179.6221160888672,
      157.27720642089844
    ],
    [
      59.9274787902832,
      40.254150390625,
      37.77493667602539,
      24.37569236755371,
      66.27326965332031,
      63.470794677734375,
      69.4509048461914,
      64.3316650390625,
      75.5459213256836,
      78.96229553222656,
      100.07723999023438,
      106.30265808105469,
      115.33647155761719,
      150.0874481201172,
      168.1152801513672,
      152.62806701660156,
      163.53517150878906,
      143.644775390625
    ],
    [
      64.17756652832031,
      42.86651611328125,
      38.46517562866211,
      21.846576690673828,
      65.38676452636719,
      62.39112091064453,
      69.38302612304688,
      63.74203109741211,
      75.54534912109375,
      79.41142272949219,
      104.55381774902344,
      110.29679107666016,
      124.93304443359375,
      156.87001037597656,
      179.6221160888672,
      163.53517150878906,
      184.34811401367188,
      162.41165161132812
    ],
    [
      56.16108322143555,
      37.840370178222656,
      34.90011978149414,
      20.95928192138672,
      57.75711441040039,
      55.567195892333984,
      61.78385925292969,
      56.868377685546875,
      67.45367431640625,
      70.7559814453125,
      93.3062973022461,
      98.0447006225586,
      111.19194793701172,
      137.46920776367188,
      157.27720642089844,
      143.644775390625,
      162.41165161132812,
      143.79776000976562
    ]
  ],
  "covariance_short": [
    [
      76.91790771484375,
      42.7164306640625,
      31.87137794494629,
      21.130348205566406,
      35.3289680480957,
      31.260332107543945,
      34.22968292236328,
      34.72265625,
      36.208858489990234,
      38.701316833496094,
      37.27425003051758,
      42.88330078125,
      63.794925689697266,
      56.82814025878906,
      58.332969665527344,
      53.04763412475586,
      50.27920913696289,
      43.13505172729492
    ],
    [
      42.7164306640625,
      49.59162902832031,
      26.63976287841797,
      20.219533920288086,
      29.321327209472656,
      27.480445861816406,
      28.989355087280273,
      29.66768455505371,
      32.1660270690918,
      33.837791442871094,
      31.304107666015625,
      36.33292007446289,
      52.76140213012695,
      47.43205642700195,
      47.693115234375,
      43.646690368652344,
      39.11440658569336,
      33.045257568359375
    ],
    [
      31.87137794494629,
      26.63976287841797,
      45.065635681152344,
      37.70344543457031,
      33.98103332519531,
      32.881065368652344,
      36.613372802734375,
      35.23890686035156,
      39.21564483642578,
      38.51938247680664,
      35.25360870361328,
      36.7937126159668,
      50.64980697631836,
      44.58855056762695,
      44.16143035888672,
      40.14070129394531,
      37.84745788574219,
      32.9901237487793
    ],
    [
      21.130348205566406,
      20.219533920288086,
      37.70344543457031,
      56.34796142578125,
      30.772809982299805,
      34.5970573425293,
      35.52689743041992,
      33.18759536743164,
      36.694583892822266,
      36.57465362548828,
      28.86669921875,
      29.5345516204834,
      36.35386276245117,
      32.369937896728516,
      28.942352294921875,
      26.703582763671875,
      22.36922836303711,
      19.98260498046875
    ],
    [
      35.3289680480957,
      29.321327209472656,
      33.98103332519531,
      30.772809982299805,
      81.48397064208984,
      73.22962188720703,
      66.2142562866211,
      62.82295608520508,
      72.79693603515625,
      70.29574584960938,
      60.39670944213867,
      65.89588165283203,
      87.18292236328125,
      75.26701354980469,
      71.1326675415039,
      62.55434799194336,
      53.767391204833984,
      45.8480110168457
    ],
    [
      31.260332107543945,
      27.480445861816406,
      32.881065368652344,
      34.5970573425293,
      73.22962188720703,
      90.56402587890625,
      65.0420913696289,
      64.42243957519531,
      72.26956176757812,
      69.96289825439453,
      59.263916015625,
      64.97820281982422,
      82.12763977050781,
      72.34249877929688,
      66.47417449951172,
      58.80757522583008,
      49.49643325805664,
      42.41134262084961
    ],
    [
      34.22968292236328,
      28.989355087280273,
      36.613372802734375,
      35.52689743041992,
      66.2142562866211,
      65.0420913696289,
      97.01344299316406,
      85.82142639160156,
      78.36400604248047,
      78.5377197265625,
      69.14083862304688,
      71.9129638671875,
      92.45674133300781,
      78.49317932128906,
      74.94419860839844,
      66.18643951416016,
      57.35462188720703,
      49.43769454956055
    ],
    [
      34.72265625,
      29.66768455505371,
      35.23890686035156,
      33.18759536743164,
      62.82295608520508,
      64.42243957519531,
      85.82142639160156,
      90.29570770263672,
      74.14939880371094,
      75.70626831054688,
      67.21260833740234,
      69.98077392578125,
      88.4257583618164,
      76.09249877929688,
      71.26384735107422,
      63.00352096557617,
      54.01435470581055,
      46.59944534301758
    ],
    [
      36.208858489990234,
      32.1660270690918,
      39.21564483642578,
      36.694583892822266,
      72.79693603515625,
      72.26956176757812,
      78.36400604248047,
      74.14939880371094,
      99.46070098876953,
      87.16075134277344,
      82.25688171386719,
      86.21229553222656,
      103.6565933227539,
      90.24108123779297,
      86.69445037841797,
      76.89691925048828,
      67.8563003540039,
      58.31098175048828
    ],
    [
      38.701316833496094,
      33.837791442871094,
      38.51938247680664,
      36.57465362548828,
      70.29574584960938,
      69.96289825439453,
      78.5377197265625,
      75.70626831054688,
      87.16075134277344,
      93.42007446289062,
      83.08035278320312,
      88.63996887207031,
      108.35993194580078,
      94.54029846191406,
      90.98994445800781,
      81.22101593017578,
      71.34052276611328,
      61.079811096191406
    ],
    [
      37.27425003051758,
      31.304107666015625,
      35.25360870361328,
      28.86669921875,
      60.39670944213867,
      59.263916015625,
      69.14083862304688,
      67.21260833740234,
      82.25688171386719,
      83.08035278320312,
      123.95698547363281,
      111.74746704101562,
      133.5335693359375,
      117.06394958496094,
      120.8675537109375,
      108.35539245605469,
      100.81171417236328,
      86.62173461914062
    ],
    [
      42.88330078125,
      36.33292007446289,
      36.7937126159668,
      29.5345516204834,
      65.89588165283203,
      64.97820281982422,
      71.9129638671875,
      69.98077392578125,
      86.21229553222656,
      88.63996887207031,
      111.74746704101562,
      122.76790618896484,
      138.76150512695312,
      123.02265930175781,
      125.17752838134766,
      112.79633331298828,
      102.81578826904297,
      87.83840942382812
    ],
    [
      63.794925689697266,
      52.76140213012695,
      50.64980697631836,
      36.35386276245117,
      87.18292236328125,
      82.12763977050781,
      92.45674133300781,
      88.4257583618164,
      103.6565933227539,
      108.35993194580078,
      133.5335693359375,
      138.76150512695312,
      202.3309326171875,
      174.94284057617188,
      182.42127990722656,
      162.2045135498047,
      150.9196014404297,
      128.3584442138672
    ],
    [
      56.82814025878906,
      47.43205642700195,
      44.58855056762695,
      32.369937896728516,
      75.26701354980469,
      72.34249877929688,
      78.49317932128906,
      76.09249877929688,
      90.24108123779297,
      94.54029846191406,
      117.06394958496094,
      123.02265930175781,
      174.94284057617188,
      158.07212829589844,
      163.5620574951172,
      146.817626953125,
      136.0901336669922,
      115.82422637939453
    ],
    [
      58.332969665527344,
      47.693115234375,
      44.16143035888672,
      28.942352294921875,
      71.1326675415039,
      66.47417449951172,
      74.94419860839844,
      71.26384735107422,
      86.69445037841797,
      90.98994445800781,
      120.8675537109375,
      125.17752838134766,
      182.42127990722656,
      163.5620574951172,
      182.6622772216797,
      164.31497192382812,
      157.76246643066406,
      134.3070526123047
    ],
    [
      53.04763412475586,
      43.646690368652344,
      40.14070129394531,
      26.703582763671875,
      62.55434799194336,
      58.80757522583008,
      66.18643951416016,
      63.00352096557617,
      76.89691925048828,
      81.22101593017578,
      108.35539245605469,
      112.79633331298828,
      162.2045135498047,
      146.817626953125,
      164.31497192382812,
      149.82530212402344,
      144.0023956298828,
      122.94677734375
    ],
    [
      50.27920913696289,
      39.11440658569336,
      37.84745788574219,
      22.36922836303711,
      53.767391204833984,
      49.49643325805664,
      57.35462188720703,
      54.01435470581055,
      67.8563003540039,
      71.34052276611328,
      100.81171417236328,
      102.81578826904297,
      150.9196014404297,
      136.0901336669922,
      157.76246643066406,
      144.0023956298828,
      153.46629333496094,
      132.8101043701172
    ],
    [
      43.13505172729492,
      33.045257568359375,
      32.9901237487793,
      19.98260498046875,
      45.8480110168457,
      42.41134262084961,
      49.43769454956055,
      46.59944534301758,
      58.31098175048828,
      61.079811096191406,
      86.62173461914062,
      87.83840942382812,
      128.3584442138672,
      115.82422637939453,
      134.3070526123047,
      122.94677734375,
      132.8101043701172,
      116.45028686523438
    ]
  ],
  "drr": 9.075386047363281,
  "dynamics": 5.431515693664551,
  "format": 1245190,
  "frames": 11579392,
  "loudness": -18.166038513183594,
  "loudness_range": 18.099822998046875,
  "loudness_range_short": 20.289701461791992,
  "peak": 0.06575965881347656,
  "rms": -18.202064514160156,
  "sample_rate": 44100,
  "sections": 1,
  "seekable": 1,
  "sharpness": 3.353248357772827,
  "space": -8.872880935668945
}