{
  "bands": [
    {
      "high_freq": 148.1999969482422,
      "loudness": -49.31102752685547,
      "loudness_range": 31.61697769165039,
      "mid_mean": -48.16994094848633,
      "mid_to_side_loudness": -1.760543942451477,
      "mid_to_side_loudness_range": 10.760887145996094,
      "side_mean": -49.4289436340332
    },
    {
      "high_freq": 392.3793640136719,
      "loudness": -35.55926513671875,
      "loudness_range": 18.915977478027344,
      "low_freq": 148.1999969482422,
      "mid_mean": -35.622840881347656,
      "mid_to_side_loudness": 0.7407997846603394,
      "mid_to_side_loudness_range": 8.074204444885254,
      "side_mean": -35.00973129272461
    },
    {
      "high_freq": 794.6976318359375,
      "loudness": -36.18266677856445,
      "loudness_range": 20.21749496459961,
      "low_freq": 392.3793640136719,
      "mid_mean": -36.001121520996094,
      "mid_to_side_loudness": 0.3335590958595276,
      "mid_to_side_loudness_range": 7.283964157104492,
      "side_mean": -35.50872039794922
    },
    {
      "high_freq": 1457.5709228515625,
      "loudness": -38.20109176635742,
      "loudness_range": 19.42843246459961,
      "low_freq": 794.6976318359375,
      "mid_mean": -37.78767395019531,
      "mid_to_side_loudness": 0.20855079591274261,
      "mid_to_side_loudness_range": 6.327803611755371,
      "side_mean": -37.59917449951172
    },
    {
      "high_freq": 2549.74365234375,
      "loudness": -38.60564422607422,
      "loudness_range": 21.460695266723633,
      "low_freq": 1457.5709228515625,
      "mid_mean": -38.515907287597656,
      "mid_to_side_loudness": 0.6232658624649048,
      "mid_to_side_loudness_range": 4.910835266113281,
      "side_mean": -37.804412841796875
    },
    {
      "high_freq": 4349.24462890625,
      "loudness": -41.66225814819336,
      "loudness_range": 26.20595932006836,
      "low_freq": 2549.74365234375,
      "mid_mean": -41.434417724609375,
      "mid_to_side_loudness": 0.29399093985557556,
      "mid_to_side_loudness_range": 3.4641659259796143,
      "side_mean": -41.040771484375
    },
    {
      "high_freq": 7314.1640625,
      "loudness": -54.50725173950195,
      "loudness_range": 29.407245635986328,
      "low_freq": 4349.24462890625,
      "mid_mean": -54.848114013671875,
      "mid_to_side_loudness": -0.14931175112724304,
      "mid_to_side_loudness_range": 3.1911439895629883,
      "side_mean": -54.98725509643555
    },
    {
      "high_freq": 12199.2666015625,
      "loudness": -62.24024200439453,
      "loudness_range": 28.178688049316406,
      "low_freq": 7314.1640625,
      "mid_mean": -61.49345779418945,
      "mid_to_side_loudness": -0.02283569984138012,
      "mid_to_side_loudness_range": 1.5252230167388916,
      "side_mean": -61.508670806884766
    },
    {
      "loudness": -67.39667510986328,
      "loudness_range": 26.792747497558594,
      "low_freq": 12199.2666015625,
      "mid_mean": -65.3471908569336,
      "mid_to_side_loudness": -0.029159734025597572,
      "mid_to_side_loudness_range": 0.750049352645874,
      "side_mean": -65.34857177734375
    }
  ],
  "bands_short": [
    {
      "high_freq": 148.1999969482422,
      "loudness": -53.328147888183594,
      "loudness_range": 32.21559143066406,
      "mid_mean": -51.66629409790039,
      "mid_to_side_loudness": -2.7292428016662598,
      "mid_to_side_loudness_range": 12.082648277282715,
      "side_mean": -53.68296432495117
    },
    {
      "high_freq": 392.3793640136719,
      "loudness": -35.59324645996094,
      "loudness_range": 18.71368408203125,
      "low_freq": 148.1999969482422,
      "mid_mean": -35.5638313293457,
      "mid_to_side_loudness": 0.38897591829299927,
      "mid_to_side_loudness_range": 9.6510009765625,
      "side_mean": -35.26433181762695
    },
    {
      "high_freq": 794.6976318359375,
      "loudness": -36.40248489379883,
      "loudness_range": 20.316484451293945,
      "low_freq": 392.3793640136719,
      "mid_mean": -36.5348014831543,
      "mid_to_side_loudness": 0.5997005105018616,
      "mid_to_side_loudness_range": 10.242612838745117,
      "side_mean": -35.796138763427734
    },
    {
      "high_freq": 1457.5709228515625,
      "loudness": -38.2508430480957,
      "loudness_range": 20.277320861816406,
      "low_freq": 794.6976318359375,
      "mid_mean": -38.00737380981445,
      "mid_to_side_loudness": 0.21037721633911133,
      "mid_to_side_loudness_range": 8.598501205444336,
      "side_mean": -37.78232955932617
    },
    {
      "high_freq": 2549.74365234375,
      "loudness": -39.050907135009766,
      "loudness_range": 22.1790828704834,
      "low_freq": 1457.5709228515625,
      "mid_mean": -39.050270080566406,
      "mid_to_side_loudness": 0.6660418510437012,
      "mid_to_side_loudness_range": 6.998932361602783,
      "side_mean": -38.31263732910156
    },
    {
      "high_freq": 4349.24462890625,
      "loudness": -42.09328079223633,
      "loudness_range": 26.532638549804688,
      "low_freq": 2549.74365234375,
      "mid_mean": -41.88037109375,
      "mid_to_side_loudness": 0.24639128148555756,
      "mid_to_side_loudness_range": 4.915753364562988,
      "side_mean": -41.5653076171875
    },
    {
      "high_freq": 7314.1640625,
      "loudness": -54.8797607421875,
      "loudness_range": 29.58753204345703,
      "low_freq": 4349.24462890625,
      "mid_mean": -55.248817443847656,
      "mid_to_side_loudness": -0.11427942663431168,
      "mid_to_side_loudness_range": 4.7788286209106445,
      "side_mean": -55.352394104003906
    },
    {
      "high_freq": 12199.2666015625,
      "loudness": -62.606117248535156,
      "loudness_range": 28.352264404296875,
      "low_freq": 7314.1640625,
      "mid_mean": -61.83658981323242,
      "mid_to_side_loudness": -0.021947216242551804,
      "mid_to_side_loudness_range": 2.6910839080810547,
      "side_mean": -61.85166931152344
    },
    {
      "loudness": -67.55960083007812,
      "loudness_range": 26.656356811523438,
      "low_freq": 12199.2666015625,
      "mid_mean": -65.57303619384766,
      "mid_to_side_loudness": 0.040965721011161804,
      "mid_to_side_loudness_range": 1.8420106172561646,
      "side_mean": -65.57215118408203
    }
  ],
  "channels": 2,
  "covariance": [
    [
      106.60445404052734,
      118.63404846191406,
      24.34479331970215,
      18.70674705505371,
      11.980842590332031,
      17.131494522094727,
      10.861763000488281,
      10.312507629394531,
      7.091960430145264,
      7.160134792327881,
      0.6208627223968506,
      1.4608943462371826,
      13.958990097045898,
      14.037636756896973,
      4.871350288391113,
      4.740982532501221,
      2.8281164169311523,
      2.8828048706054688
    ],
    [
      118.63404846191406,
      139.33065795898438,
      26.851842880249023,
      19.725614547729492,
      13.056734085083008,
      19.471893310546875,
      12.215402603149414,
      11.646980285644531,
      8.392118453979492,
      8.451112747192383,
      0.08033045381307602,
      1.120560646057129,
      15.328839302062988,
      15.324871063232422,
      4.770970344543457,
      4.6892991065979,
      1.9828941822052002,
      2.0777621269226074
    ],
    [
      24.34479331970215,
      26.851842880249023,
      53.882476806640625,
      43.176334381103516,
      35.5085334777832,
      37.17533874511719,
      35.81625747680664,
      36.0279426574707,
      37.78143310546875,
      37.625797271728516,
      38.654056549072266,
      38.600624084472656,
      42.125972747802734,
      42.53826904296875,
      31.96156883239746,
      32.076168060302734,
      23.063859939575195,
      23.14980125427246
    ],
    [
      18.70674705505371,
      19.725614547729492,
      43.176334381103516,
      44.236366271972656,
      31.036489486694336,
      31.349008560180664,
      29.948274612426758,
      31.04962158203125,
      31.171907424926758,
      30.32645034790039,
      31.19523048400879,
      31.11161994934082,
      33.685882568359375,
      34.04775619506836,
      24.848369598388672,
      24.91010284423828,
      18.29562759399414,
      18.34255599975586
    ],
    [
      11.980842590332031,
      13.056734085083008,
      35.5085334777832,
      31.036489486694336,
      53.49888229370117,
      46.643699645996094,
      37.41599655151367,
      38.17163848876953,
      40.61024475097656,
      40.06422424316406,
      43.72573471069336,
      43.282196044921875,
      43.03068542480469,
      43.15478515625,
      32.30582046508789,
      32.435604095458984,
      20.737417221069336,
      20.75567626953125
    ],
    [
      17.131494522094727,
      19.471893310546875,
      37.17533874511719,
      31.349008560180664,
      46.643699645996094,
      49.54484558105469,
      36.973350524902344,
      37.62525177001953,
      39.84016036987305,
      40.05886459350586,
      42.75684356689453,
      42.2147216796875,
      42.8266487121582,
      43.05856704711914,
      32.604915618896484,
      32.70850372314453,
      21.4805965423584,
      21.52811050415039
    ],
    [
      10.861763000488281,
      12.215402603149414,
      35.81625747680664,
      29.948274612426758,
      37.41599655151367,
      36.973350524902344,
      50.22147750854492,
      45.967838287353516,
      47.48421859741211,
      47.45698928833008,
      52.19070816040039,
      51.17696762084961,
      53.49186325073242,
      53.55743408203125,
      40.58025360107422,
      40.79103088378906,
      28.68914222717285,
      28.764062881469727
    ],
    [
      10.312507629394531,
      11.646980285644531,
      36.0279426574707,
      31.04962158203125,
      38.17163848876953,
      37.62525177001953,
      45.967838287353516,
      47.97213363647461,
      46.293792724609375,
      45.943294525146484,
      49.101661682128906,
      47.9112548828125,
      50.580963134765625,
      50.61317825317383,
      38.84165573120117,
      39.00475311279297,
      27.06133460998535,
      27.140073776245117
    ],
    [
      7.091960430145264,
      8.392118453979492,
      37.78143310546875,
      31.171907424926758,
      40.61024475097656,
      39.84016036987305,
      47.48421859741211,
      46.293792724609375,
      62.812843322753906,
      59.79441833496094,
      59.649288177490234,
      57.919677734375,
      61.104820251464844,
      60.90911102294922,
      47.08287811279297,
      47.30876541137695,
      32.21343231201172,
      32.271976470947266
    ],
    [
      7.160134792327881,
      8.451112747192383,
      37.625797271728516,
      30.32645034790039,
      40.06422424316406,
      40.05886459350586,
      47.45698928833008,
      45.943294525146484,
      59.79441833496094,
      61.52738571166992,
      59.823429107666016,
      58.57455825805664,
      61.38443374633789,
      61.2364616394043,
      47.32806396484375,
      47.56814193725586,
      32.50359344482422,
      32.564945220947266
    ],
    [
      0.6208627223968506,
      0.08033045381307602,
      38.654056549072266,
      31.19523048400879,
      43.72573471069336,
      42.75684356689453,
      52.19070816040039,
      49.101661682128906,
      59.649288177490234,
      59.823429107666016,
      81.20448303222656,
      78.84298706054688,
      78.00345611572266,
      77.76669311523438,
      63.49577713012695,
      63.737789154052734,
      44.33998489379883,
      44.350215911865234
    ],
    [
      1.4608943462371826,
      1.120560646057129,
      38.600624084472656,
      31.11161994934082,
      43.282196044921875,
      42.2147216796875,
      51.17696762084961,
      47.9112548828125,
      57.919677734375,
      58.57455825805664,
      78.84298706054688,
      79.9419174194336,
      77.0774154663086,
      76.79290771484375,
      63.0521354675293,
      63.27812576293945,
      44.21065139770508,
      44.21105194091797
    ],
    [
      13.958990097045898,
      15.328839302062988,
      42.125972747802734,
      33.685882568359375,
      43.03068542480469,
      42.8266487121582,
      53.49186325073242,
      50.580963134765625,
      61.104820251464844,
      61.38443374633789,
      78.00345611572266,
      77.0774154663086,
      93.22799682617188,
      92.31702423095703,
      71.73192596435547,
      71.968017578125,
      50.88301086425781,
      50.90817642211914
    ],
    [
      14.037636756896973,
      15.324871063232422,
      42.53826904296875,
      34.04775619506836,
      43.15478515625,
      43.05856704711914,
      53.55743408203125,
      50.61317825317383,
      60.90911102294922,
      61.2364616394043,
      77.76669311523438,
      76.79290771484375,
      92.31702423095703,
      92.40983581542969,
      71.43156433105469,
      71.66122436523438,
      50.72312545776367,
      50.74544906616211
    ],
    [
      4.871350288391113,
      4.770970344543457,
      31.96156883239746,
      24.848369598388672,
      32.30582046508789,
      32.604915618896484,
      40.58025360107422,
      38.84165573120117,
      47.08287811279297,
      47.32806396484375,
      63.49577713012695,
      63.0521354675293,
      71.73192596435547,
      71.43156433105469,
      61.87042236328125,
      62.00480651855469,
      44.73244094848633,
      44.74781036376953
    ],
    [
      4.740982532501221,
      4.6892991065979,
      32.076168060302734,
      24.91010284423828,
      32.435604095458984,
      32.70850372314453,
      40.79103088378906,
      39.00475311279297,
      47.30876541137695,
      47.56814193725586,
      63.737789154052734,
      63.27812576293945,
      71.968017578125,
      71.66122436523438,
      62.00480651855469,
      62.34174728393555,
      45.0234375,
      45.03596878051758
    ],
    [
      2.8281164169311523,
      1.9828941822052002,
      23.063859939575195,
      18.29562759399414,
      20.737417221069336,
      21.4805965423584,
      28.68914222717285,
      27.06133460998535,
      32.21343231201172,
      32.50359344482422,
      44.33998489379883,
      44.21065139770508,
      50.88301086425781,
      50.72312545776367,
      44.73244094848633,
      45.0234375,
      35.82257843017578,
      35.83137130737305
    ],
    [
      2.8828048706054688,
      2.0777621269226074,
      23.14980125427246,
      18.34255599975586,
      20.75567626953125,
      21.52811050415039,
      28.764062881469727,
      27.140073776245117,
      32.271976470947266,
      32.564945220947266,
      44.350215911865234,
      44.21105194091797,
      50.90817642211914,
      50.74544906616211,
      44.74781036376953,
      45.03596878051758,
      35.83137130737305,
      35.863441467285156
    ]
  ],
  "covariance_short": [
    [
      103.59835815429688,
      110.6492919921875,
      28.859312057495117,
      22.363561630249023,
      14.049947738647461,
      17.369253158569336,
      12.18269157409668,
      10.895726203918457,
      8.904695510864258,
      8.945181846618652,
      4.546089172363281,
      5.183791160583496,
      15.17992115020752,
      15.441763877868652,
      7.216400146484375,
      7.073241233825684,
      5.280422687530518,
      5.3347954750061035
    ],
    [
      110.6492919921875,
      129.39785766601562,
      31.115705490112305,
      23.785680770874023,
      13.91696834564209,
      18.348995208740234,
      12.280135154724121,
      11.09906005859375,
      8.000447273254395,
      8.12722110748291,
      2.3265323638916016,
      3.1897125244140625,
      14.569175720214844,
      14.718905448913574,
      5.800748825073242,
      5.673852920532227,
      4.148096561431885,
      4.226941108703613
    ],
    [
      28.859312057495117,
      31.115705490112305,
      52.62968444824219,
      42.26972961425781,
      31.924488067626953,
      33.77017593383789,
      33.94520568847656,
      33.5229606628418,
      34.463138580322266,
      34.989234924316406,
      35.6188850402832,
      35.73967361450195,
      38.26180648803711,
      38.77650833129883,
      28.904563903808594,
      28.933298110961914,
      21.04158592224121,
      21.108341217041016
    ],
    [
      22.363561630249023,
      23.785680770874023,
      42.26972961425781,
      46.16228485107422,
      29.58332633972168,
      30.83902931213379,
      28.984485626220703,
      29.663679122924805,
      29.057357788085938,
      29.1208553314209,
      29.285789489746094,
      29.379451751708984,
      31.610803604125977,
      32.0087776184082,
      23.461923599243164,
      23.498584747314453,
      17.371477127075195,
      17.405960083007812
    ],
    [
      14.049947738647461,
      13.91696834564209,
      31.924488067626953,
      29.58332633972168,
      56.34034729003906,
      46.14847946166992,
      36.674320220947266,
      37.76935577392578,
      38.90862274169922,
      38.51123809814453,
      41.54151916503906,
      41.518619537353516,
      40.87081527709961,
      40.862144470214844,
      30.11125373840332,
      30.175949096679688,
      18.673812866210938,
      18.697763442993164
    ],
    [
      17.369253158569336,
      18.348995208740234,
      33.77017593383789,
      30.83902931213379,
      46.14847946166992,
      51.81917953491211,
      36.16077423095703,
      36.97865676879883,
      37.995094299316406,
      38.06896209716797,
      40.19586181640625,
      39.98670196533203,
      40.03262710571289,
      40.21803665161133,
      29.7308349609375,
      29.759326934814453,
      18.85004234313965,
      18.89472770690918
    ],
    [
      12.18269157409668,
      12.280135154724121,
      33.94520568847656,
      28.984485626220703,
      36.674320220947266,
      36.16077423095703,
      54.57117462158203,
      47.415565490722656,
      48.28041076660156,
      48.6767578125,
      53.7150993347168,
      53.0703239440918,
      53.980735778808594,
      54.073516845703125,
      40.48733139038086,
      40.652915954589844,
      28.226186752319336,
      28.287797927856445
    ],
    [
      10.895726203918457,
      11.09906005859375,
      33.5229606628418,
      29.663679122924805,
      37.76935577392578,
      36.97865676879883,
      47.415565490722656,
      51.84425354003906,
      46.92372512817383,
      46.969505310058594,
      50.20334243774414,
      49.40864944458008,
      50.7601203918457,
      50.81448745727539,
      38.65431594848633,
      38.795692443847656,
      26.824983596801758,
      26.89960289001465
    ],
    [
      8.904695510864258,
      8.000447273254395,
      34.463138580322266,
      29.057357788085938,
      38.90862274169922,
      37.995094299316406,
      48.28041076660156,
      46.92372512817383,
      65.08106231689453,
      60.606170654296875,
      59.862457275390625,
      58.75509262084961,
      60.386287689208984,
      60.149600982666016,
      45.876651763916016,
      46.07545852661133,
      31.14090347290039,
      31.205078125
    ],
    [
      8.945181846618652,
      8.12722110748291,
      34.989234924316406,
      29.1208553314209,
      38.51123809814453,
      38.06896209716797,
      48.6767578125,
      46.969505310058594,
      60.606170654296875,
      64.470947265625,
      59.83771896362305,
      58.82515335083008,
      60.427879333496094,
      60.32322692871094,
      45.720802307128906,
      45.974491119384766,
      31.124868392944336,
      31.193635940551758
    ],
    [
      4.546089172363281,
      2.3265323638916016,
      35.6188850402832,
      29.285789489746094,
      41.54151916503906,
      40.19586181640625,
      53.7150993347168,
      50.20334243774414,
      59.862457275390625,
      59.83771896362305,
      83.23992919921875,
      80.3643569946289,
      77.54875946044922,
      77.44041442871094,
      62.12294387817383,
      62.28701400756836,
      42.77092742919922,
      42.80141067504883
    ],
    [
      5.183791160583496,
      3.1897125244140625,
      35.73967361450195,
      29.379451751708984,
      41.518619537353516,
      39.98670196533203,
      53.0703239440918,
      49.40864944458008,
      58.75509262084961,
      58.82515335083008,
      80.3643569946289,
      82.72096252441406,
      77.03870391845703,
      76.82479858398438,
      62.040706634521484,
      62.190696716308594,
      42.85710906982422,
      42.87733459472656
    ],
    [
      15.17992115020752,
      14.569175720214844,
      38.26180648803711,
      31.610803604125977,
      40.87081527709961,
      40.03262710571289,
      53.980735778808594,
      50.7601203918457,
      60.386287689208984,
      60.427879333496094,
      77.54875946044922,
      77.03870391845703,
      93.76969146728516,
      92.27289581298828,
      70.13159942626953,
      70.28641510009766,
      49.14838790893555,
      49.18865966796875
    ],
    [
      15.441763877868652,
      14.718905448913574,
      38.77650833129883,
      32.0087776184082,
      40.862144470214844,
      40.21803665161133,
      54.073516845703125,
      50.81448745727539,
      60.149600982666016,
      60.32322692871094,
      77.44041442871094,
      76.82479858398438,
      92.27289581298828,
      93.15142059326172,
      70.0020523071289,
      70.16148376464844,
      49.08079528808594,
      49.11420440673828
    ],
    [
      7.216400146484375,
      5.800748825073242,
      28.904563903808594,
      23.461923599243164,
      30.11125373840332,
      29.7308349609375,
      40.48733139038086,
      38.65431594848633,
      45.876651763916016,
      45.720802307128906,
      62.12294387817383,
      62.040706634521484,
      70.13159942626953,
      70.0020523071289,
      61.47309112548828,
      61.32978439331055,
      43.36087417602539,
      43.39934158325195
    ],
    [
      7.073241233825684,
      5.673852920532227,
      28.933298110961914,
      23.498584747314453,
      30.175949096679688,
      29.759326934814453,
      40.652915954589844,
      38.795692443847656,
      46.07545852661133,
      45.974491119384766,
      62.28701400756836,
      62.190696716308594,
      70.28641510009766,
      70.16148376464844,
      61.32978439331055,
      61.83040237426758,
      43.56891632080078,
      43.60843276977539
    ],
    [
      5.280422687530518,
      4.148096561431885,
      21.04158592224121,
      17.371477127075195,
      18.673812866210938,
      18.85004234313965,
      28.226186752319336,
      26.824983596801758,
      31.14090347290039,
      31.124868392944336,
      42.77092742919922,
      42.85710906982422,
      49.14838790893555,
      49.08079528808594,
      43.36087417602539,
      43.56891632080078,
      34.967308044433594,
      34.94863510131836
    ],
    [
      5.3347954750061035,
      4.226941108703613,
      21.108341217041016,
      17.405960083007812,
      18.697763442993164,
      18.89472770690918,
      28.287797927856445,
      26.89960289001465,
      31.205078125,
      31.193635940551758,
      42.80141067504883,
      42.87733459472656,
      49.18865966796875,
      49.11420440673828,
      43.39934158325195,
      43.60843276977539,
      34.94863510131836,
      35.033260345458984
    ]
  ],
  "drr": 12.648030281066895,
  "dynamics": 5.520030498504639,
  "format": 1245190,
  "frames": 10474432,
  "loudness": -25.653606414794922,
  "loudness_range": 17.152359008789062,
  "loudness_range_short": 18.036170959472656,
  "peak": -4.811581611633301,
  "rms": -26.149478912353516,
  "sample_rate": 44100,
  "sections": 1,
  "seekable": 1,
  "sharpness": 1.545761227607727,
  "space": 0.3263171911239624
}