{
  "bands": [
    {
      "high_freq": 148.1999969482422,
      "loudness": -18.189743041992188,
      "loudness_range": 4.675563812255859,
      "mid_mean": -14.784940719604492,
      "mid_to_side_loudness": -13.031885147094727,
      "mid_to_side_loudness_range": 11.360879898071289,
      "side_mean": -27.816469192504883
    },
    {
      "high_freq": 392.3793640136719,
      "loudness": -19.11391258239746,
      "loudness_range": 4.637968063354492,
      "low_freq": 148.1999969482422,
      "mid_mean": -16.494718551635742,
      "mid_to_side_loudness": -5.839104175567627,
      "mid_to_side_loudness_range": 5.789811134338379,
      "side_mean": -22.333763122558594
    },
    {
      "high_freq": 794.6976318359375,
      "loudness": -20.305484771728516,
      "loudness_range": 7.9277544021606445,
      "low_freq": 392.3793640136719,
      "mid_mean": -17.520416259765625,
      "mid_to_side_loudness": -6.993269920349121,
      "mid_to_side_loudness_range": 8.427558898925781,
      "side_mean": -24.52153968811035
    },
    {
      "high_freq": 1457.5709228515625,
      "loudness": -20.473867416381836,
      "loudness_range": 11.51791000366211,
      "low_freq": 794.6976318359375,
      "mid_mean": -17.65471076965332,
      "mid_to_side_loudness": -7.367428302764893,
      "mid_to_side_loudness_range": 9.488897323608398,
      "side_mean": -25.03000259399414
    },
    {
      "high_freq": 2549.74365234375,
      "loudness": -18.335256576538086,
      "loudness_range": 5.780464172363281,
      "low_freq": 1457.5709228515625,
      "mid_mean": -16.38327980041504,
      "mid_to_side_loudness": -3.344670057296753,
      "mid_to_side_loudness_range": 5.477297782897949,
      "side_mean": -19.72943115234375
    },
    {
      "high_freq": 4349.24462890625,
      "loudness": -21.221403121948242,
      "loudness_range": 6.261436462402344,
      "low_freq": 2549.74365234375,
      "mid_mean": -19.13687515258789,
      "mid_to_side_loudness": -3.655773639678955,
      "mid_to_side_loudness_range": 4.492498397827148,
      "side_mean": -22.792593002319336
    },
    {
      "high_freq": 7314.1640625,
      "loudness": -27.112552642822266,
      "loudness_range": 9.307952880859375,
      "low_freq": 4349.24462890625,
      "mid_mean": -24.325809478759766,
      "mid_to_side_loudness": -7.184097766876221,
      "mid_to_side_loudness_range": 9.0487060546875,
      "side_mean": -31.5111026763916
    },
    {
      "high_freq": 12199.2666015625,
      "loudness": -31.046096801757812,
      "loudness_range": 9.363361358642578,
      "low_freq": 7314.1640625,
      "mid_mean": -28.26766586303711,
      "mid_to_side_loudness": -7.184330463409424,
      "mid_to_side_loudness_range": 9.542160034179688,
      "side_mean": -35.487125396728516
    },
    {
      "loudness": -37.8665771484375,
      "loudness_range": 12.468278884887695,
      "low_freq": 12199.2666015625,
      "mid_mean": -35.88606643676758,
      "mid_to_side_loudness": -3.3315746784210205,
      "mid_to_side_loudness_range": 3.966017723083496,
      "side_mean": -39.242095947265625
    }
  ],
  "bands_short": [
    {
      "high_freq": 148.1999969482422,
      "loudness": -21.072481155395508,
      "loudness_range": 10.653982162475586,
      "mid_mean": -17.75926399230957,
      "mid_to_side_loudness": -13.939435005187988,
      "mid_to_side_loudness_range": 18.050928115844727,
      "side_mean": -31.713237762451172
    },
    {
      "high_freq": 392.3793640136719,
      "loudness": -17.894737243652344,
      "loudness_range": 5.766108512878418,
      "low_freq": 148.1999969482422,
      "mid_mean": -15.128462791442871,
      "mid_to_side_loudness": -7.10407018661499,
      "mid_to_side_loudness_range": 9.303141593933105,
      "side_mean": -22.236377716064453
    },
    {
      "high_freq": 794.6976318359375,
      "loudness": -20.81620979309082,
      "loudness_range": 10.231871604919434,
      "low_freq": 392.3793640136719,
      "mid_mean": -18.290447235107422,
      "mid_to_side_loudness": -6.35302209854126,
      "mid_to_side_loudness_range": 11.514373779296875,
      "side_mean": -24.645652770996094
    },
    {
      "high_freq": 1457.5709228515625,
      "loudness": -20.937406539916992,
      "loudness_range": 13.473584175109863,
      "low_freq": 794.6976318359375,
      "mid_mean": -18.344707489013672,
      "mid_to_side_loudness": -6.842391490936279,
      "mid_to_side_loudness_range": 12.637921333312988,
      "side_mean": -25.187986373901367
    },
    {
      "high_freq": 2549.74365234375,
      "loudness": -18.810222625732422,
      "loudness_range": 8.0809965133667,
      "low_freq": 1457.5709228515625,
      "mid_mean": -16.981639862060547,
      "mid_to_side_loudness": -3.2406153678894043,
      "mid_to_side_loudness_range": 7.53271484375,
      "side_mean": -20.22255516052246
    },
    {
      "high_freq": 4349.24462890625,
      "loudness": -21.52996826171875,
      "loudness_range": 8.58203125,
      "low_freq": 2549.74365234375,
      "mid_mean": -19.579498291015625,
      "mid_to_side_loudness": -3.4864981174468994,
      "mid_to_side_loudness_range": 6.784942626953125,
      "side_mean": -23.06605339050293
    },
    {
      "high_freq": 7314.1640625,
      "loudness": -28.014711380004883,
      "loudness_range": 12.772130966186523,
      "low_freq": 4349.24462890625,
      "mid_mean": -25.448545455932617,
      "mid_to_side_loudness": -6.454093933105469,
      "mid_to_side_loudness_range": 10.863751411437988,
      "side_mean": -31.9049072265625
    },
    {
      "high_freq": 12199.2666015625,
      "loudness": -32.51960754394531,
      "loudness_range": 14.031269073486328,
      "low_freq": 7314.1640625,
      "mid_mean": -29.866104125976562,
      "mid_to_side_loudness": -6.998434543609619,
      "mid_to_side_loudness_range": 11.667154312133789,
      "side_mean": -36.911048889160156
    },
    {
      "loudness": -41.660552978515625,
      "loudness_range": 24.389652252197266,
      "low_freq": 12199.2666015625,
      "mid_mean": -39.677860260009766,
      "mid_to_side_loudness": -3.7534563541412354,
      "mid_to_side_loudness_range": 7.04789400100708,
      "side_mean": -43.359066009521484
    }
  ],
  "channels": 2,
  "covariance": [
    [
      4.024787902832031,
      1.6734760999679565,
      -1.244266390800476,
      -0.2209949940443039,
      -0.8722148537635803,
      -0.333847314119339,
      -0.24541831016540527,
      0.20060068368911743,
      -0.12029173970222473,
      0.1386795938014984,
      -0.0068131424486637115,
      0.4200218617916107,
      -0.6366601586341858,
      -0.4808574914932251,
      -1.0316531658172607,
      -0.6543020009994507,
      -0.8390563130378723,
      -0.6250966191291809
    ],
    [
      1.6734760999679565,
      13.540681838989258,
      0.11762784421443939,
      1.795675277709961,
      -0.8499591946601868,
      0.5478700399398804,
      1.6701719760894775,
      2.909236431121826,
      1.2833657264709473,
      0.5523101091384888,
      1.835069179534912,
      1.5061386823654175,
      1.1252297163009644,
      2.8086252212524414,
      1.0637240409851074,
      2.25461483001709,
      -1.3709312677383423,
      -1.613876223564148
    ],
    [
      -1.244266390800476,
      0.11762784421443939,
      3.3758697509765625,
      1.187664270401001,
      -0.598150908946991,
      -0.12906254827976227,
      -2.2639992237091064,
      -0.7424383163452148,
      -0.4271302819252014,
      0.11364459246397018,
      0.05743551626801491,
      0.007851320318877697,
      -0.0704069510102272,
      0.05272917076945305,
      0.14888964593410492,
      0.09769979119300842,
      0.19718293845653534,
      -0.008317149244248867
    ],
    [
      -0.2209949940443039,
      1.795675277709961,
      1.187664270401001,
      3.055138111114502,
      -0.9458213448524475,
      0.324115127325058,
      -0.3326013684272766,
      0.8517899513244629,
      0.23600149154663086,
      0.43693286180496216,
      0.6547297239303589,
      0.5726467967033386,
      0.39577263593673706,
      1.7649723291397095,
      0.0635858029127121,
      1.6237282752990723,
      0.2506541609764099,
      0.33236023783683777
    ],
    [
      -0.8722148537635803,
      -0.8499591946601868,
      -0.598150908946991,
      -0.9458213448524475,
      8.959001541137695,
      2.4828591346740723,
      3.2723045349121094,
      -0.05378500372171402,
      0.5984597206115723,
      -0.5026184916496277,
      1.3217318058013916,
      -0.07509162276983261,
      3.1118054389953613,
      -0.28372207283973694,
      2.3925461769104004,
      -1.267268180847168,
      -1.0130938291549683,
      -1.5036643743515015
    ],
    [
      -0.333847314119339,
      0.5478700399398804,
      -0.12906254827976227,
      0.324115127325058,
      2.4828591346740723,
      4.555056571960449,
      0.2698800265789032,
      1.4911553859710693,
      -0.0631939247250557,
      0.38342559337615967,
      1.1146025657653809,
      1.252820372581482,
      1.0745211839675903,
      2.541645050048828,
      0.5305243134498596,
      1.4163728952407837,
      -0.9179208278656006,
      -0.8653076887130737
    ],
    [
      -0.24541831016540527,
      1.6701719760894775,
      -2.2639992237091064,
      -0.3326013684272766,
      3.2723045349121094,
      0.2698800265789032,
      16.753210067749023,
      5.932709217071533,
      4.1346306800842285,
      0.08067327737808228,
      2.202385425567627,
      0.5945565700531006,
      2.4824700355529785,
      1.0893669128417969,
      2.149993658065796,
      0.9325366020202637,
      -1.2895256280899048,
      -0.9390094876289368
    ],
    [
      0.20060068368911743,
      2.909236431121826,
      -0.7424383163452148,
      0.8517899513244629,
      -0.05378500372171402,
      1.4911553859710693,
      5.932709217071533,
      6.833478927612305,
      1.5951184034347534,
      1.0432789325714111,
      2.296668291091919,
      2.1557564735412598,
      1.5827124118804932,
      3.658353805541992,
      0.6661374568939209,
      2.775566816329956,
      -0.9072921872138977,
      -0.5964590907096863
    ],
    [
      -0.12029173970222473,
      1.2833657264709473,
      -0.4271302819252014,
      0.23600149154663086,
      0.5984597206115723,
      -0.0631939247250557,
      4.1346306800842285,
      1.5951184034347534,
      6.924461841583252,
      3.416259288787842,
      3.9724678993225098,
      2.5729029178619385,
      3.8159396648406982,
      2.8675570487976074,
      1.7535309791564941,
      2.234668493270874,
      -0.7916013598442078,
      0.4966230094432831
    ],
    [
      0.1386795938014984,
      0.5523101091384888,
      0.11364459246397018,
      0.43693286180496216,
      -0.5026184916496277,
      0.38342559337615967,
      0.08067327737808228,
      1.0432789325714111,
      3.416259288787842,
      4.147449970245361,
      2.644603967666626,
      2.949876308441162,
      1.6698371171951294,
      2.5665054321289062,
      -0.052012838423252106,
      1.7363612651824951,
      -0.4223072826862335,
      0.8152860999107361
    ],
    [
      -0.0068131424486637115,
      1.835069179534912,
      0.05743551626801491,
      0.6547297239303589,
      1.3217318058013916,
      1.1146025657653809,
      2.202385425567627,
      2.296668291091919,
      3.9724678993225098,
      2.644603967666626,
      6.65947961807251,
      4.661844730377197,
      4.594907760620117,
      4.205493927001953,
      1.3127225637435913,
      1.972071647644043,
      -1.5363045930862427,
      -0.8784459829330444
    ],
    [
      0.4200218617916107,
      1.5061386823654175,
      0.007851320318877697,
      0.5726467967033386,
      -0.07509162276983261,
      1.252820372581482,
      0.5945565700531006,
      2.1557564735412598,
      2.5729029178619385,
      2.949876308441162,
      4.661844730377197,
      5.271144390106201,
      2.107455015182495,
      3.7622740268707275,
      0.069544717669487,
      1.8132799863815308,
      -1.2503876686096191,
      -0.543027937412262
    ],
    [
      -0.6366601586341858,
      1.1252297163009644,
      -0.0704069510102272,
      0.39577263593673706,
      3.1118054389953613,
      1.0745211839675903,
      2.4824700355529785,
      1.5827124118804932,
      3.8159396648406982,
      1.6698371171951294,
      4.594907760620117,
      2.107455015182495,
      11.922700881958008,
      6.903359889984131,
      7.375888347625732,
      5.461790561676025,
      1.552669644355774,
      1.854711651802063
    ],
    [
      -0.4808574914932251,
      2.8086252212524414,
      0.05272917076945305,
      1.7649723291397095,
      -0.28372207283973694,
      2.541645050048828,
      1.0893669128417969,
      3.658353805541992,
      2.8675570487976074,
      2.5665054321289062,
      4.205493927001953,
      3.7622740268707275,
      6.903359889984131,
      12.375197410583496,
      4.099208831787109,
      10.73718547821045,
      1.1701939105987549,
      3.1189913749694824
    ],
    [
      -1.0316531658172607,
      1.0637240409851074,
      0.14888964593410492,
      0.0635858029127121,
      2.3925461769104004,
      0.5305243134498596,
      2.149993658065796,
      0.6661374568939209,
      1.7535309791564941,
      -0.052012838423252106,
      1.3127225637435913,
      0.069544717669487,
      7.375888347625732,
      4.099208831787109,
      12.326663970947266,
      8.160964965820312,
      8.319205284118652,
      6.720431804656982
    ],
    [
      -0.6543020009994507,
      2.25461483001709,
      0.09769979119300842,
      1.6237282752990723,
      -1.267268180847168,
      1.4163728952407837,
      0.9325366020202637,
      2.775566816329956,
      2.234668493270874,
      1.7363612651824951,
      1.972071647644043,
      1.8132799863815308,
      5.461790561676025,
      10.73718547821045,
      8.160964965820312,
      16.27326774597168,
      9.903570175170898,
      11.861058235168457
    ],
    [
      -0.8390563130378723,
      -1.3709312677383423,
      0.19718293845653534,
      0.2506541609764099,
      -1.0130938291549683,
      -0.9179208278656006,
      -1.2895256280899048,
      -0.9072921872138977,
      -0.7916013598442078,
      -0.4223072826862335,
      -1.5363045930862427,
      -1.2503876686096191,
      1.552669644355774,
      1.1701939105987549,
      8.319205284118652,
      9.903570175170898,
      19.519073486328125,
      17.836149215698242
    ],
    [
      -0.6250966191291809,
      -1.613876223564148,
      -0.008317149244248867,
      0.33236023783683777,
      -1.5036643743515015,
      -0.8653076887130737,
      -0.9390094876289368,
      -0.5964590907096863,
      0.4966230094432831,
      0.8152860999107361,
      -0.8784459829330444,
      -0.543027937412262,
      1.854711651802063,
      3.1189913749694824,
      6.720431804656982,
      11.861058235168457,
      17.836149215698242,
      19.672401428222656
    ]
  ],
  "covariance_short": [
    [
      18.446557998657227,
      3.166051149368286,
      0.10610612481832504,
      -1.0193723440170288,
      -0.5498207211494446,
      -0.5866121649742126,
      -0.21646751463413239,
      -0.4174332916736603,
      -0.28530728816986084,
      0.4303800165653229,
      0.03765415772795677,
      0.5058814883232117,
      -1.6900848150253296,
      -2.157973289489746,
      -2.7279460430145264,
      -2.913123369216919,
      -2.526810646057129,
      -1.3790677785873413
    ],
    [
      3.166051149368286,
      24.52601432800293,
      -0.6992322206497192,
      2.7047839164733887,
      -0.8558033108711243,
      0.4658082127571106,
      0.8833158016204834,
      1.8452091217041016,
      0.40104320645332336,
      0.512596070766449,
      0.5682544708251953,
      1.042376160621643,
      -0.08284666389226913,
      0.8803162574768066,
      0.04951931908726692,
      0.7360849380493164,
      -2.1412532329559326,
      -2.59954833984375
    ],
    [
      0.10610612481832504,
      -0.6992322206497192,
      5.595231533050537,
      0.7074958682060242,
      -0.4417663812637329,
      -0.3015463948249817,
      -2.23848295211792,
      -0.46811753511428833,
      -0.22062215209007263,
      0.1310168355703354,
      0.6385852694511414,
      0.2657614052295685,
      0.4782482385635376,
      0.5287482142448425,
      0.2361910045146942,
      0.9595256447792053,
      2.7359459400177,
      2.3655624389648438
    ],
    [
      -1.0193723440170288,
      2.7047839164733887,
      0.7074958682060242,
      6.396142959594727,
      -1.3088877201080322,
      0.6349006295204163,
      -0.3872238099575043,
      1.5068600177764893,
      0.21811595559120178,
      0.6407574415206909,
      0.5586773157119751,
      0.6847154498100281,
      0.683483898639679,
      2.57258677482605,
      0.4588681757450104,
      3.3250834941864014,
      2.005394458770752,
      2.6081414222717285
    ],
    [
      -0.5498207211494446,
      -0.8558033108711243,
      -0.4417663812637329,
      -1.3088877201080322,
      15.69770622253418,
      3.0663645267486572,
      6.288110256195068,
      0.036863405257463455,
      2.3988373279571533,
      -0.1496608853340149,
      3.694727897644043,
      0.5869779586791992,
      6.1407084465026855,
      0.7102522850036621,
      5.156146049499512,
      -0.04250979796051979,
      0.03402930498123169,
      -1.044016718864441
    ],
    [
      -0.5866121649742126,
      0.4658082127571106,
      -0.3015463948249817,
      0.6349006295204163,
      3.0663645267486572,
      7.153256893157959,
      0.7642253041267395,
      1.7510864734649658,
      0.29634904861450195,
      1.1098089218139648,
      1.3375248908996582,
      1.5849295854568481,
      1.8066202402114868,
      2.896888017654419,
      0.5853317975997925,
      1.6347064971923828,
      -0.5249066948890686,
      -0.26646533608436584
    ],
    [
      -0.21646751463413239,
      0.8833158016204834,
      -2.23848295211792,
      -0.3872238099575043,
      6.288110256195068,
      0.7642253041267395,
      23.317153930664062,
      6.499797344207764,
      6.954016208648682,
      0.9349913001060486,
      4.958269119262695,
      1.6966023445129395,
      6.148706436157227,
      2.8753433227539062,
      5.485078811645508,
      3.106987237930298,
      2.1144208908081055,
      2.610503911972046
    ],
    [
      -0.4174332916736603,
      1.8452091217041016,
      -0.46811753511428833,
      1.5068600177764893,
      0.036863405257463455,
      1.7510864734649658,
      6.499797344207764,
      9.888266563415527,
      2.129157304763794,
      2.0524725914001465,
      2.8391478061676025,
      2.901585340499878,
      2.917083501815796,
      4.868778228759766,
      1.7483137845993042,
      4.657308578491211,
      2.3460195064544678,
      3.080759286880493
    ],
    [
      -0.28530728816986084,
      0.40104320645332336,
      -0.22062215209007263,
      0.21811595559120178,
      2.3988373279571533,
      0.29634904861450195,
      6.954016208648682,
      2.129157304763794,
      11.974270820617676,
      5.957791805267334,
      6.906282424926758,
      4.711259365081787,
      7.242222309112549,
      4.553954601287842,
      4.887761116027832,
      4.353825092315674,
      4.079246997833252,
      5.760171890258789
    ],
    [
      0.4303800165653229,
      0.512596070766449,
      0.1310168355703354,
      0.6407574415206909,
      -0.1496608853340149,
      1.1098089218139648,
      0.9349913001060486,
      2.0524725914001465,
      5.957791805267334,
      8.386945724487305,
      4.490961074829102,
      5.669118404388428,
      3.271712064743042,
      4.524354457855225,
      1.6349810361862183,
      3.7730600833892822,
      2.864616632461548,
      4.761277675628662
    ],
    [
      0.03765415772795677,
      0.5682544708251953,
      0.6385852694511414,
      0.5586773157119751,
      3.694727897644043,
      1.3375248908996582,
      4.958269119262695,
      2.8391478061676025,
      6.906282424926758,
      4.490961074829102,
      11.742816925048828,
      7.5265116691589355,
      9.366362571716309,
      6.202892303466797,
      5.295732021331787,
      4.600543975830078,
      4.024347305297852,
      4.78703498840332
    ],
    [
      0.5058814883232117,
      1.042376160621643,
      0.2657614052295685,
      0.6847154498100281,
      0.5869779586791992,
      1.5849295854568481,
      1.6966023445129395,
      2.901585340499878,
      4.711259365081787,
      5.669118404388428,
      7.5265116691589355,
      9.56192684173584,
      4.506059169769287,
      5.903337001800537,
      2.2151005268096924,
      4.158227443695068,
      2.876804828643799,
      4.226431369781494
    ],
    [
      -1.6900848150253296,
      -0.08284666389226913,
      0.4782482385635376,
      0.683483898639679,
      6.1407084465026855,
      1.8066202402114868,
      6.148706436157227,
      2.917083501815796,
      7.242222309112549,
      3.271712064743042,
      9.366362571716309,
      4.506059169769287,
      24.150569915771484,
      12.96183967590332,
      19.034284591674805,
      15.031023979187012,
      16.75716209411621,
      16.291004180908203
    ],
    [
      -2.157973289489746,
      0.8803162574768066,
      0.5287482142448425,
      2.57258677482605,
      0.7102522850036621,
      2.896888017654419,
      2.8753433227539062,
      4.868778228759766,
      4.553954601287842,
      4.524354457855225,
      6.202892303466797,
      5.903337001800537,
      12.96183967590332,
      18.014232635498047,
      10.327581405639648,
      19.204601287841797,
      14.871319770812988,
      18.599838256835938
    ],
    [
      -2.7279460430145264,
      0.04951931908726692,
      0.2361910045146942,
      0.4588681757450104,
      5.156146049499512,
      0.5853317975997925,
      5.485078811645508,
      1.7483137845993042,
      4.887761116027832,
      1.6349810361862183,
      5.295732021331787,
      2.2151005268096924,
      19.034284591674805,
      10.327581405639648,
      29.113554000854492,
      21.409669876098633,
      29.459121704101562,
      26.78220558166504
    ],
    [
      -2.913123369216919,
      0.7360849380493164,
      0.9595256447792053,
      3.3250834941864014,
      -0.04250979796051979,
      1.6347064971923828,
      3.106987237930298,
      4.657308578491211,
      4.353825092315674,
      3.7730600833892822,
      4.600543975830078,
      4.158227443695068,
      15.031023979187012,
      19.204601287841797,
      21.409669876098633,
      34.451210021972656,
      36.56636428833008,
      41.536922454833984
    ],
    [
      -2.526810646057129,
      -2.1412532329559326,
      2.7359459400177,
      2.005394458770752,
      0.03402930498123169,
      -0.5249066948890686,
      2.1144208908081055,
      2.3460195064544678,
      4.079246997833252,
      2.864616632461548,
      4.024347305297852,
      2.876804828643799,
      16.75716209411621,
      14.871319770812988,
      29.459121704101562,
      36.56636428833008,
      66.92807006835938,
      66.24787139892578
    ],
    [
      -1.3790677785873413,
      -2.59954833984375,
      2.3655624389648438,
      2.6081414222717285,
      -1.044016718864441,
      -0.26646533608436584,
      2.610503911972046,
      3.080759286880493,
      5.760171890258789,
      4.761277675628662,
      4.78703498840332,
      4.226431369781494,
      16.291004180908203,
      18.599838256835938,
      26.78220558166504,
      41.536922454833984,
      66.24787139892578,
      76.10986328125
    ]
  ],
  "drr": 13.988495826721191,
  "dynamics": 1.1723905801773071,
  "format": 1245190,
  "frames": 11208704,
  "loudness": -7.886786460876465,
  "loudness_range": 2.9302310943603516,
  "loudness_range_short": 4.372607231140137,
  "peak": 0.40464141964912415,
  "rms": -10.668659210205078,
  "sample_rate": 44100,
  "sections": 1,
  "seekable": 1,
  "sharpness": 1.4302465915679932,
  "space": -6.457974433898926
}