{
  "bands": [
    {
      "high_freq": 148.1999969482422,
      "loudness": -21.046642303466797,
      "loudness_range": 14.136009216308594,
      "mid_mean": -17.41415786743164,
      "mid_to_side_loudness": -26.341585159301758,
      "mid_to_side_loudness_range": 19.5382022857666,
      "side_mean": -44.18232727050781
    },
    {
      "high_freq": 392.3793640136719,
      "loudness": -18.69310760498047,
      "loudness_range": 10.111234664916992,
      "low_freq": 148.1999969482422,
      "mid_mean": -16.034547805786133,
      "mid_to_side_loudness": -8.189960479736328,
      "mid_to_side_loudness_range": 17.9720401763916,
      "side_mean": -24.52511215209961
    },
    {
      "high_freq": 794.6976318359375,
      "loudness": -23.45615005493164,
      "loudness_range": 12.428863525390625,
      "low_freq": 392.3793640136719,
      "mid_mean": -21.77773666381836,
      "mid_to_side_loudness": -3.36078143119812,
      "mid_to_side_loudness_range": 11.184501647949219,
      "side_mean": -25.232799530029297
    },
    {
      "high_freq": 1457.5709228515625,
      "loudness": -25.016666412353516,
      "loudness_range": 17.852008819580078,
      "low_freq": 794.6976318359375,
      "mid_mean": -23.68075942993164,
      "mid_to_side_loudness": -2.2762982845306396,
      "mid_to_side_loudness_range": 8.558195114135742,
      "side_mean": -25.937274932861328
    },
    {
      "high_freq": 2549.74365234375,
      "loudness": -24.184484481811523,
      "loudness_range": 17.49358558654785,
      "low_freq": 1457.5709228515625,
      "mid_mean": -22.3612060546875,
      "mid_to_side_loudness": -3.335947275161743,
      "mid_to_side_loudness_range": 8.14052963256836,
      "side_mean": -25.666202545166016
    },
    {
      "high_freq": 4349.24462890625,
      "loudness": -26.748689651489258,
      "loudness_range": 17.928749084472656,
      "low_freq": 2549.74365234375,
      "mid_mean": -24.622346878051758,
      "mid_to_side_loudness": -5.019202709197998,
      "mid_to_side_loudness_range": 10.98704719543457,
      "side_mean": -29.679401397705078
    },
    {
      "high_freq": 7314.1640625,
      "loudness": -29.214555740356445,
      "loudness_range": 17.982606887817383,
      "low_freq": 4349.24462890625,
      "mid_mean": -26.64383888244629,
      "mid_to_side_loudness": -6.958399772644043,
      "mid_to_side_loudness_range": 12.236312866210938,
      "side_mean": -33.70279312133789
    },
    {
      "high_freq": 12199.2666015625,
      "loudness": -28.81084632873535,
      "loudness_range": 20.359094619750977,
      "low_freq": 7314.1640625,
      "mid_mean": -26.25697135925293,
      "mid_to_side_loudness": -6.522561550140381,
      "mid_to_side_loudness_range": 11.910346984863281,
      "side_mean": -33.07919692993164
    },
    {
      "loudness": -32.0826530456543,
      "loudness_range": 18.870052337646484,
      "low_freq": 12199.2666015625,
      "mid_mean": -29.499752044677734,
      "mid_to_side_loudness": -6.607324600219727,
      "mid_to_side_loudness_range": 10.604620933532715,
      "side_mean": -36.17884826660156
    }
  ],
  "bands_short": [
    {
      "high_freq": 148.1999969482422,
      "loudness": -25.110551834106445,
      "loudness_range": 22.413921356201172,
      "mid_mean": -21.609899520874023,
      "mid_to_side_loudness": -26.362775802612305,
      "mid_to_side_loudness_range": 26.413230895996094,
      "side_mean": -49.3117790222168
    },
    {
      "high_freq": 392.3793640136719,
      "loudness": -19.095746994018555,
      "loudness_range": 12.56225299835205,
      "low_freq": 148.1999969482422,
      "mid_mean": -16.274879455566406,
      "mid_to_side_loudness": -10.208312034606934,
      "mid_to_side_loudness_range": 20.045862197875977,
      "side_mean": -26.630197525024414
    },
    {
      "high_freq": 794.6976318359375,
      "loudness": -23.290660858154297,
      "loudness_range": 15.503206253051758,
      "low_freq": 392.3793640136719,
      "mid_mean": -22.0689754486084,
      "mid_to_side_loudness": -2.637362241744995,
      "mid_to_side_loudness_range": 14.13479232788086,
      "side_mean": -24.82122802734375
    },
    {
      "high_freq": 1457.5709228515625,
      "loudness": -25.804798126220703,
      "loudness_range": 20.044485092163086,
      "low_freq": 794.6976318359375,
      "mid_mean": -24.73280143737793,
      "mid_to_side_loudness": -2.043797492980957,
      "mid_to_side_loudness_range": 11.767560958862305,
      "side_mean": -26.79136085510254
    },
    {
      "high_freq": 2549.74365234375,
      "loudness": -25.24966812133789,
      "loudness_range": 20.767562866210938,
      "low_freq": 1457.5709228515625,
      "mid_mean": -23.693275451660156,
      "mid_to_side_loudness": -3.066736936569214,
      "mid_to_side_loudness_range": 10.581485748291016,
      "side_mean": -26.750465393066406
    },
    {
      "high_freq": 4349.24462890625,
      "loudness": -28.11075782775879,
      "loudness_range": 21.465511322021484,
      "low_freq": 2549.74365234375,
      "mid_mean": -26.210546493530273,
      "mid_to_side_loudness": -4.616774082183838,
      "mid_to_side_loudness_range": 12.504863739013672,
      "side_mean": -30.697904586791992
    },
    {
      "high_freq": 7314.1640625,
      "loudness": -31.243144989013672,
      "loudness_range": 22.877567291259766,
      "low_freq": 4349.24462890625,
      "mid_mean": -28.910615921020508,
      "mid_to_side_loudness": -6.690284729003906,
      "mid_to_side_loudness_range": 15.372099876403809,
      "side_mean": -35.656063079833984
    },
    {
      "high_freq": 12199.2666015625,
      "loudness": -31.50868797302246,
      "loudness_range": 25.422183990478516,
      "low_freq": 7314.1640625,
      "mid_mean": -29.233373641967773,
      "mid_to_side_loudness": -7.011320114135742,
      "mid_to_side_loudness_range": 16.297080993652344,
      "side_mean": -36.73515701293945
    },
    {
      "loudness": -34.98161315917969,
      "loudness_range": 26.095197677612305,
      "low_freq": 12199.2666015625,
      "mid_mean": -32.69708251953125,
      "mid_to_side_loudness": -6.999251365661621,
      "mid_to_side_loudness_range": 15.301307678222656,
      "side_mean": -40.123817443847656
    }
  ],
  "channels": 2,
  "covariance": [
    [
      31.863431930541992,
      9.756719589233398,
      4.305657386779785,
      7.696335792541504,
      5.376293659210205,
      6.185609817504883,
      2.018220901489258,
      3.032646656036377,
      1.8976236581802368,
      3.6172244548797607,
      1.2154706716537476,
      2.6883063316345215,
      1.810684323310852,
      1.6729058027267456,
      4.198140621185303,
      3.974209785461426,
      4.858583927154541,
      3.3039052486419678
    ],
    [
      9.756719589233398,
      31.307836532592773,
      4.728160858154297,
      17.9700984954834,
      9.164012908935547,
      12.238442420959473,
      13.085780143737793,
      13.181530952453613,
      12.475768089294434,
      13.976119041442871,
      10.150105476379395,
      14.699623107910156,
      9.255112648010254,
      15.413454055786133,
      8.675588607788086,
      13.779903411865234,
      8.594501495361328,
      11.294443130493164
    ],
    [
      4.305657386779785,
      4.728160858154297,
      18.098495483398438,
      11.009245872497559,
      9.31267261505127,
      4.884109020233154,
      5.844922065734863,
      2.9101924896240234,
      6.963578701019287,
      3.443723678588867,
      10.283674240112305,
      5.540133476257324,
      11.085186958312988,
      8.572443962097168,
      12.350059509277344,
      11.287507057189941,
      10.414074897766113,
      10.134944915771484
    ],
    [
      7.696335792541504,
      17.9700984954834,
      11.009245872497559,
      46.942298889160156,
      20.879858016967773,
      27.935020446777344,
      26.700387954711914,
      29.478540420532227,
      28.04233741760254,
      31.691429138183594,
      25.96207046508789,
      36.414146423339844,
      20.531253814697266,
      35.07154846191406,
      19.983537673950195,
      32.09717559814453,
      16.52994728088379,
      24.4805965423584
    ],
    [
      5.376293659210205,
      9.164012908935547,
      9.31267261505127,
      20.879858016967773,
      25.7026424407959,
      20.68648910522461,
      26.474328994750977,
      23.5413818359375,
      25.091550827026367,
      23.25508689880371,
      22.51400375366211,
      25.990583419799805,
      17.76801872253418,
      23.150699615478516,
      15.87458324432373,
      19.99420928955078,
      13.926092147827148,
      16.58779525756836
    ],
    [
      6.185609817504883,
      12.238442420959473,
      4.884109020233154,
      27.935020446777344,
      20.68648910522461,
      33.1776237487793,
      27.750232696533203,
      31.509458541870117,
      26.06302833557129,
      31.16638946533203,
      21.384084701538086,
      32.5635986328125,
      15.2544584274292,
      28.394752502441406,
      12.934300422668457,
      23.459035873413086,
      11.63150691986084,
      18.800565719604492
    ],
    [
      2.018220901489258,
      13.085780143737793,
      5.844922065734863,
      26.700387954711914,
      26.474328994750977,
      27.750232696533203,
      44.69258117675781,
      39.08767318725586,
      35.753658294677734,
      35.5617561340332,
      30.117441177368164,
      39.31490707397461,
      20.635005950927734,
      34.526817321777344,
      16.809978485107422,
      27.64949607849121,
      15.841554641723633,
      22.332983016967773
    ],
    [
      3.032646656036377,
      13.181530952453613,
      2.9101924896240234,
      29.478540420532227,
      23.5413818359375,
      31.509458541870117,
      39.08767318725586,
      45.86893081665039,
      32.93655014038086,
      38.72317886352539,
      26.565805435180664,
      40.54228973388672,
      17.184677124023438,
      33.70112991333008,
      13.928235054016113,
      25.96109390258789,
      12.198505401611328,
      20.11321258544922
    ],
    [
      1.8976236581802368,
      12.475768089294434,
      6.963578701019287,
      28.04233741760254,
      25.091550827026367,
      26.06302833557129,
      35.753658294677734,
      32.93655014038086,
      41.27625274658203,
      38.38337326049805,
      34.28225326538086,
      41.07292938232422,
      25.369356155395508,
      38.14007568359375,
      21.071149826049805,
      31.62914276123047,
      18.39309310913086,
      25.32440948486328
    ],
    [
      3.6172244548797607,
      13.976119041442871,
      3.443723678588867,
      31.691429138183594,
      23.25508689880371,
      31.16638946533203,
      35.5617561340332,
      38.72317886352539,
      38.38337326049805,
      45.88306427001953,
      30.581483840942383,
      45.0816764831543,
      20.810216903686523,
      39.014469146728516,
      17.262149810791016,
      31.76517105102539,
      14.328784942626953,
      24.140249252319336
    ],
    [
      1.2154706716537476,
      10.150105476379395,
      10.283674240112305,
      25.96207046508789,
      22.51400375366211,
      21.384084701538086,
      30.117441177368164,
      26.565805435180664,
      34.28225326538086,
      30.581483840942383,
      43.150421142578125,
      43.017906188964844,
      33.07459259033203,
      40.3963623046875,
      27.31983184814453,
      34.083133697509766,
      22.71217155456543,
      27.38271713256836
    ],
    [
      2.6883063316345215,
      14.699623107910156,
      5.540133476257324,
      36.414146423339844,
      25.990583419799805,
      32.5635986328125,
      39.31490707397461,
      40.54228973388672,
      41.07292938232422,
      45.0816764831543,
      43.017906188964844,
      61.52483367919922,
      30.302574157714844,
      52.26693344116211,
      24.130409240722656,
      42.07902526855469,
      20.61515998840332,
      32.11506652832031
    ],
    [
      1.810684323310852,
      9.255112648010254,
      11.085186958312988,
      20.531253814697266,
      17.76801872253418,
      15.2544584274292,
      20.635005950927734,
      17.184677124023438,
      25.369356155395508,
      20.810216903686523,
      33.07459259033203,
      30.302574157714844,
      40.11826705932617,
      39.64360427856445,
      37.034446716308594,
      38.124244689941406,
      31.340063095092773,
      31.795360565185547
    ],
    [
      1.6729058027267456,
      15.413454055786133,
      8.572443962097168,
      35.07154846191406,
      23.150699615478516,
      28.394752502441406,
      34.526817321777344,
      33.70112991333008,
      38.14007568359375,
      39.014469146728516,
      40.3963623046875,
      52.26693344116211,
      39.64360427856445,
      62.180702209472656,
      34.8054084777832,
      55.459407806396484,
      29.995250701904297,
      43.132110595703125
    ],
    [
      4.198140621185303,
      8.675588607788086,
      12.350059509277344,
      19.983537673950195,
      15.87458324432373,
      12.934300422668457,
      16.809978485107422,
      13.928235054016113,
      21.071149826049805,
      17.262149810791016,
      27.31983184814453,
      24.130409240722656,
      37.034446716308594,
      34.8054084777832,
      44.66442108154297,
      40.718650817871094,
      38.53233337402344,
      34.865867614746094
    ],
    [
      3.974209785461426,
      13.779903411865234,
      11.287507057189941,
      32.09717559814453,
      19.99420928955078,
      23.459035873413086,
      27.64949607849121,
      25.96109390258789,
      31.62914276123047,
      31.76517105102539,
      34.083133697509766,
      42.07902526855469,
      38.124244689941406,
      55.459407806396484,
      40.718650817871094,
      61.097259521484375,
      36.037841796875,
      49.617820739746094
    ],
    [
      4.858583927154541,
      8.594501495361328,
      10.414074897766113,
      16.52994728088379,
      13.926092147827148,
      11.63150691986084,
      15.841554641723633,
      12.198505401611328,
      18.39309310913086,
      14.328784942626953,
      22.71217155456543,
      20.61515998840332,
      31.340063095092773,
      29.995250701904297,
      38.53233337402344,
      36.037841796875,
      43.540428161621094,
      36.49180603027344
    ],
    [
      3.3039052486419678,
      11.294443130493164,
      10.134944915771484,
      24.4805965423584,
      16.58779525756836,
      18.800565719604492,
      22.332983016967773,
      20.11321258544922,
      25.32440948486328,
      24.140249252319336,
      27.38271713256836,
      32.11506652832031,
      31.795360565185547,
      43.132110595703125,
      34.865867614746094,
      49.617820739746094,
      36.49180603027344,
      47.6184196472168
    ]
  ],
  "covariance_short": [
    [
      62.051979064941406,
      17.584680557250977,
      13.359986305236816,
      6.903022289276123,
      4.764366149902344,
      5.421063423156738,
      1.3123239278793335,
      2.791593551635742,
      0.5869102478027344,
      3.0405004024505615,
      1.5765379667282104,
      2.9103262424468994,
      3.2982137203216553,
      2.7177274227142334,
      7.131872653961182,
      8.948150634765625,
      8.771717071533203,
      9.750422477722168
    ],
    [
      17.584680557250977,
      51.23592758178711,
      9.804811477661133,
      20.48650360107422,
      13.987448692321777,
      16.02352523803711,
      16.984222412109375,
      16.6988582611084,
      18.28586196899414,
      19.047399520874023,
      15.228501319885254,
      18.105152130126953,
      13.651298522949219,
      18.506921768188477,
      14.909031867980957,
      19.79714012145996,
      14.502583503723145,
      20.819807052612305
    ],
    [
      13.359986305236816,
      9.804811477661133,
      27.708271026611328,
      14.666613578796387,
      13.813323974609375,
      8.232917785644531,
      8.691207885742188,
      5.428683757781982,
      9.676018714904785,
      6.263637542724609,
      11.893836975097656,
      7.226236820220947,
      11.940489768981934,
      9.825329780578613,
      12.286894798278809,
      13.417052268981934,
      10.964509010314941,
      16.161354064941406
    ],
    [
      6.903022289276123,
      20.48650360107422,
      14.666613578796387,
      50.81087875366211,
      23.753170013427734,
      31.988115310668945,
      28.24408531188965,
      31.533472061157227,
      29.759056091308594,
      33.27379608154297,
      27.32496452331543,
      35.16709899902344,
      21.723793029785156,
      36.669464111328125,
      21.138853073120117,
      38.132469177246094,
      17.15296173095703,
      31.476226806640625
    ],
    [
      4.764366149902344,
      13.987448692321777,
      13.813323974609375,
      23.753170013427734,
      36.87056350708008,
      26.31515884399414,
      32.8427619934082,
      28.984586715698242,
      33.42463302612305,
      29.733346939086914,
      31.293004989624023,
      31.948829650878906,
      24.308975219726562,
      31.11541175842285,
      20.1209659576416,
      29.77954864501953,
      17.659934997558594,
      27.239992141723633
    ],
    [
      5.421063423156738,
      16.02352523803711,
      8.232917785644531,
      31.988115310668945,
      26.31515884399414,
      43.34729766845703,
      31.167428970336914,
      36.59075164794922,
      31.69963264465332,
      36.75908279418945,
      27.438894271850586,
      35.65666198730469,
      21.510190963745117,
      36.606319427490234,
      19.63003158569336,
      34.87819290161133,
      18.155494689941406,
      30.231061935424805
    ],
    [
      1.3123239278793335,
      16.984222412109375,
      8.691207885742188,
      28.24408531188965,
      32.8427619934082,
      31.167428970336914,
      55.256683349609375,
      44.6104736328125,
      44.214256286621094,
      42.13496780395508,
      38.88816833496094,
      43.93746566772461,
      28.105947494506836,
      42.8706169128418,
      23.096864700317383,
      38.26984405517578,
      22.266197204589844,
      34.21677780151367
    ],
    [
      2.791593551635742,
      16.6988582611084,
      5.428683757781982,
      31.533472061157227,
      28.984586715698242,
      36.59075164794922,
      44.6104736328125,
      55.18029022216797,
      40.14057922363281,
      45.7540397644043,
      33.723899841308594,
      44.73760223388672,
      23.738725662231445,
      42.47135543823242,
      19.757211685180664,
      37.51315689086914,
      18.435298919677734,
      30.655433654785156
    ],
    [
      0.5869102478027344,
      18.28586196899414,
      9.676018714904785,
      29.759056091308594,
      33.42463302612305,
      31.69963264465332,
      44.214256286621094,
      40.14057922363281,
      58.253692626953125,
      49.14625930786133,
      46.7137336730957,
      49.104774475097656,
      36.33236312866211,
      49.76618576049805,
      30.066184997558594,
      46.2940559387207,
      27.91501808166504,
      40.98084259033203
    ],
    [
      3.0405004024505615,
      19.047399520874023,
      6.263637542724609,
      33.27379608154297,
      29.733346939086914,
      36.75908279418945,
      42.13496780395508,
      45.7540397644043,
      49.14625930786133,
      58.17117691040039,
      39.79939270019531,
      51.34714889526367,
      29.184467315673828,
      49.49171447753906,
      24.538990020751953,
      45.36582565307617,
      22.256803512573242,
      38.21080780029297
    ],
    [
      1.5765379667282104,
      15.228501319885254,
      11.893836975097656,
      27.32496452331543,
      31.293004989624023,
      27.438894271850586,
      38.88816833496094,
      33.723899841308594,
      46.7137336730957,
      39.79939270019531,
      62.38367462158203,
      55.13421630859375,
      47.79877853393555,
      55.89102554321289,
      39.06658172607422,
      50.792266845703125,
      34.05651092529297,
      45.13848114013672
    ],
    [
      2.9103262424468994,
      18.105152130126953,
      7.226236820220947,
      35.16709899902344,
      31.948829650878906,
      35.65666198730469,
      43.93746566772461,
      44.73760223388672,
      49.104774475097656,
      51.34714889526367,
      55.13421630859375,
      75.09796142578125,
      40.95059585571289,
      65.65977478027344,
      33.0706672668457,
      56.859867095947266,
      29.532012939453125,
      47.027095794677734
    ],
    [
      3.2982137203216553,
      13.651298522949219,
      11.940489768981934,
      21.723793029785156,
      24.308975219726562,
      21.510190963745117,
      28.105947494506836,
      23.738725662231445,
      36.33236312866211,
      29.184467315673828,
      47.79877853393555,
      40.95059585571289,
      65.58090209960938,
      60.05963897705078,
      59.05326843261719,
      65.88916778564453,
      50.91093444824219,
      60.32666015625
    ],
    [
      2.7177274227142334,
      18.506921768188477,
      9.825329780578613,
      36.669464111328125,
      31.11541175842285,
      36.606319427490234,
      42.8706169128418,
      42.47135543823242,
      49.76618576049805,
      49.49171447753906,
      55.89102554321289,
      65.65977478027344,
      60.05963897705078,
      94.12234497070312,
      53.55546188354492,
      87.26534271240234,
      48.266727447509766,
      74.44267272949219
    ],
    [
      7.131872653961182,
      14.909031867980957,
      12.286894798278809,
      21.138853073120117,
      20.1209659576416,
      19.63003158569336,
      23.096864700317383,
      19.757211685180664,
      30.066184997558594,
      24.538990020751953,
      39.06658172607422,
      33.0706672668457,
      59.05326843261719,
      53.55546188354492,
      78.47227478027344,
      74.67154693603516,
      66.43255615234375,
      72.73433685302734
    ],
    [
      8.948150634765625,
      19.79714012145996,
      13.417052268981934,
      38.132469177246094,
      29.77954864501953,
      34.87819290161133,
      38.26984405517578,
      37.51315689086914,
      46.2940559387207,
      45.36582565307617,
      50.792266845703125,
      56.859867095947266,
      65.88916778564453,
      87.26534271240234,
      74.67154693603516,
      123.44334411621094,
      66.08491516113281,
      104.66914367675781
    ],
    [
      8.771717071533203,
      14.502583503723145,
      10.964509010314941,
      17.15296173095703,
      17.659934997558594,
      18.155494689941406,
      22.266197204589844,
      18.435298919677734,
      27.91501808166504,
      22.256803512573242,
      34.05651092529297,
      29.532012939453125,
      50.91093444824219,
      48.266727447509766,
      66.43255615234375,
      66.08491516113281,
      82.0317153930664,
      75.82139587402344
    ],
    [
      9.750422477722168,
      20.819807052612305,
      16.161354064941406,
      31.476226806640625,
      27.239992141723633,
      30.231061935424805,
      34.21677780151367,
      30.655433654785156,
      40.98084259033203,
      38.21080780029297,
      45.13848114013672,
      47.027095794677734,
      60.32666015625,
      74.44267272949219,
      72.73433685302734,
      104.66914367675781,
      75.82139587402344,
      119.98287200927734
    ]
  ],
  "drr": 12.555132865905762,
  "dynamics": 3.1090941429138184,
  "format": 1245190,
  "frames": 10553344,
  "loudness": -9.17509651184082,
  "loudness_range": 7.074991226196289,
  "loudness_range_short": 10.790426254272461,
  "peak": 0.8677985668182373,
  "rms": -11.221808433532715,
  "sample_rate": 44100,
  "sections": 1,
  "seekable": 1,
  "sharpness": 2.772766590118408,
  "space": -7.178768157958984
}