{
  "bands": [
    {
      "high_freq": 148.1999969482422,
      "loudness": -18.23332405090332,
      "loudness_range": 9.54081916809082,
      "mid_mean": -14.847585678100586,
      "mid_to_side_loudness": -18.64387321472168,
      "mid_to_side_loudness_range": 31.256744384765625,
      "side_mean": -35.95662307739258
    },
    {
      "high_freq": 392.3793640136719,
      "loudness": -23.195737838745117,
      "loudness_range": 8.491891860961914,
      "low_freq": 148.1999969482422,
      "mid_mean": -20.7840633392334,
      "mid_to_side_loudness": -6.220756530761719,
      "mid_to_side_loudness_range": 14.598044395446777,
      "side_mean": -27.229537963867188
    },
    {
      "high_freq": 794.6976318359375,
      "loudness": -23.626888275146484,
      "loudness_range": 9.178356170654297,
      "low_freq": 392.3793640136719,
      "mid_mean": -22.146183013916016,
      "mid_to_side_loudness": -3.1245617866516113,
      "mid_to_side_loudness_range": 13.716431617736816,
      "side_mean": -25.391666412353516
    },
    {
      "high_freq": 1457.5709228515625,
      "loudness": -23.69783592224121,
      "loudness_range": 13.754610061645508,
      "low_freq": 794.6976318359375,
      "mid_mean": -21.80093765258789,
      "mid_to_side_loudness": -4.311990261077881,
      "mid_to_side_loudness_range": 13.322978973388672,
      "side_mean": -26.27569580078125
    },
    {
      "high_freq": 2549.74365234375,
      "loudness": -22.66212272644043,
      "loudness_range": 15.382698059082031,
      "low_freq": 1457.5709228515625,
      "mid_mean": -20.6243953704834,
      "mid_to_side_loudness": -4.450465202331543,
      "mid_to_side_loudness_range": 12.929880142211914,
      "side_mean": -25.57024383544922
    },
    {
      "high_freq": 4349.24462890625,
      "loudness": -24.435340881347656,
      "loudness_range": 13.604063034057617,
      "low_freq": 2549.74365234375,
      "mid_mean": -22.078235626220703,
      "mid_to_side_loudness": -4.55939245223999,
      "mid_to_side_loudness_range": 14.42540168762207,
      "side_mean": -27.608070373535156
    },
    {
      "high_freq": 7314.1640625,
      "loudness": -26.949901580810547,
      "loudness_range": 16.233564376831055,
      "low_freq": 4349.24462890625,
      "mid_mean": -24.966371536254883,
      "mid_to_side_loudness": -3.59390926361084,
      "mid_to_side_loudness_range": 13.026531219482422,
      "side_mean": -29.61790657043457
    },
    {
      "high_freq": 12199.2666015625,
      "loudness": -27.95594024658203,
      "loudness_range": 16.70725440979004,
      "low_freq": 7314.1640625,
      "mid_mean": -25.5839900970459,
      "mid_to_side_loudness": -4.193489074707031,
      "mid_to_side_loudness_range": 18.084436416625977,
      "side_mean": -31.374710083007812
    },
    {
      "loudness": -35.0092887878418,
      "loudness_range": 15.04354476928711,
      "low_freq": 12199.2666015625,
      "mid_mean": -32.528987884521484,
      "mid_to_side_loudness": -3.648860454559326,
      "mid_to_side_loudness_range": 17.579545974731445,
      "side_mean": -37.84555435180664
    }
  ],
  "bands_short": [
    {
      "high_freq": 148.1999969482422,
      "loudness": -20.586153030395508,
      "loudness_range": 17.775230407714844,
      "mid_mean": -17.35871696472168,
      "mid_to_side_loudness": -19.16319465637207,
      "mid_to_side_loudness_range": 38.032798767089844,
      "side_mean": -41.187870025634766
    },
    {
      "high_freq": 392.3793640136719,
      "loudness": -23.35554313659668,
      "loudness_range": 15.304399490356445,
      "low_freq": 148.1999969482422,
      "mid_mean": -20.825481414794922,
      "mid_to_side_loudness": -7.465773105621338,
      "mid_to_side_loudness_range": 18.788551330566406,
      "side_mean": -28.77238655090332
    },
    {
      "high_freq": 794.6976318359375,
      "loudness": -24.602298736572266,
      "loudness_range": 13.874471664428711,
      "low_freq": 392.3793640136719,
      "mid_mean": -23.617713928222656,
      "mid_to_side_loudness": -2.397768974304199,
      "mid_to_side_loudness_range": 16.39764976501465,
      "side_mean": -26.157630920410156
    },
    {
      "high_freq": 1457.5709228515625,
      "loudness": -24.646883010864258,
      "loudness_range": 16.96940040588379,
      "low_freq": 794.6976318359375,
      "mid_mean": -23.021224975585938,
      "mid_to_side_loudness": -3.8292393684387207,
      "mid_to_side_loudness_range": 15.746109008789062,
      "side_mean": -27.11054039001465
    },
    {
      "high_freq": 2549.74365234375,
      "loudness": -23.736143112182617,
      "loudness_range": 20.02806854248047,
      "low_freq": 1457.5709228515625,
      "mid_mean": -21.88979148864746,
      "mid_to_side_loudness": -4.292809963226318,
      "mid_to_side_loudness_range": 15.432449340820312,
      "side_mean": -26.587997436523438
    },
    {
      "high_freq": 4349.24462890625,
      "loudness": -25.62789535522461,
      "loudness_range": 19.137245178222656,
      "low_freq": 2549.74365234375,
      "mid_mean": -23.620058059692383,
      "mid_to_side_loudness": -4.0654144287109375,
      "mid_to_side_loudness_range": 15.496397972106934,
      "side_mean": -28.536418914794922
    },
    {
      "high_freq": 7314.1640625,
      "loudness": -28.28583526611328,
      "loudness_range": 21.822751998901367,
      "low_freq": 4349.24462890625,
      "mid_mean": -26.471738815307617,
      "mid_to_side_loudness": -3.3426403999328613,
      "mid_to_side_loudness_range": 14.205957412719727,
      "side_mean": -30.77594757080078
    },
    {
      "high_freq": 12199.2666015625,
      "loudness": -29.361923217773438,
      "loudness_range": 23.40603256225586,
      "low_freq": 7314.1640625,
      "mid_mean": -27.310407638549805,
      "mid_to_side_loudness": -3.7983901500701904,
      "mid_to_side_loudness_range": 17.2497615814209,
      "side_mean": -32.56133270263672
    },
    {
      "loudness": -37.23609924316406,
      "loudness_range": 24.748289108276367,
      "low_freq": 12199.2666015625,
      "mid_mean": -35.00584411621094,
      "mid_to_side_loudness": -3.219362258911133,
      "mid_to_side_loudness_range": 16.413198471069336,
      "side_mean": -39.43973159790039
    }
  ],
  "channels": 2,
  "covariance": [
    [
      27.0354061126709,
      16.45072364807129,
      3.384925365447998,
      6.895105838775635,
      3.740936040878296,
      5.121699810028076,
      10.229506492614746,
      11.288532257080078,
      15.319580078125,
      15.848136901855469,
      13.308551788330078,
      18.948387145996094,
      12.298306465148926,
      20.27440071105957,
      10.713094711303711,
      21.471969604492188,
      7.00763463973999,
      19.986101150512695
    ],
    [
      16.45072364807129,
      83.1059799194336,
      4.260869026184082,
      24.819114685058594,
      7.195867538452148,
      15.16878890991211,
      15.760573387145996,
      24.238872528076172,
      25.322038650512695,
      32.36772155761719,
      22.636260986328125,
      38.488338470458984,
      29.450687408447266,
      44.6840705871582,
      23.05125617980957,
      40.998958587646484,
      13.57256031036377,
      27.738250732421875
    ],
    [
      3.384925365447998,
      4.260869026184082,
      15.655501365661621,
      7.716161251068115,
      9.689445495605469,
      8.077701568603516,
      9.834507942199707,
      9.218646049499512,
      9.920914649963379,
      11.171703338623047,
      4.499262809753418,
      8.600401878356934,
      4.431942939758301,
      7.991405487060547,
      5.071339130401611,
      11.09968376159668,
      4.05678653717041,
      12.45331859588623
    ],
    [
      6.895105838775635,
      24.819114685058594,
      7.716161251068115,
      26.73752212524414,
      5.938136100769043,
      19.637086868286133,
      8.986000061035156,
      22.499605178833008,
      15.1019287109375,
      22.8415584564209,
      11.536764144897461,
      25.87544822692871,
      17.846675872802734,
      29.2364559173584,
      11.157466888427734,
      26.797515869140625,
      7.648695468902588,
      17.99774742126465
    ],
    [
      3.740936040878296,
      7.195867538452148,
      9.689445495605469,
      5.938136100769043,
      16.13673973083496,
      8.429405212402344,
      12.830842971801758,
      8.363420486450195,
      13.239755630493164,
      11.014558792114258,
      10.04437255859375,
      11.021483421325684,
      8.633458137512207,
      10.909149169921875,
      9.191017150878906,
      15.175849914550781,
      6.934929370880127,
      15.566712379455566
    ],
    [
      5.121699810028076,
      15.16878890991211,
      8.077701568603516,
      19.637086868286133,
      8.429405212402344,
      27.545042037963867,
      9.99002456665039,
      23.76313591003418,
      12.079290390014648,
      24.326248168945312,
      8.03252124786377,
      25.218101501464844,
      12.726614952087402,
      24.626630783081055,
      6.160991668701172,
      25.701139450073242,
      5.1656904220581055,
      19.235923767089844
    ],
    [
      10.229506492614746,
      15.760573387145996,
      9.834507942199707,
      8.986000061035156,
      12.830842971801758,
      9.99002456665039,
      27.495452880859375,
      20.71538543701172,
      22.15299415588379,
      23.81920051574707,
      15.235735893249512,
      23.457876205444336,
      14.295709609985352,
      22.766460418701172,
      12.940430641174316,
      26.858896255493164,
      8.017167091369629,
      24.9585018157959
    ],
    [
      11.288532257080078,
      24.238872528076172,
      9.218646049499512,
      22.499605178833008,
      8.363420486450195,
      23.76313591003418,
      20.71538543701172,
      40.12152862548828,
      22.92254066467285,
      38.49607849121094,
      15.232542991638184,
      38.81305694580078,
      19.96892547607422,
      38.6846923828125,
      12.444069862365723,
      39.517127990722656,
      8.225332260131836,
      33.101585388183594
    ],
    [
      15.319580078125,
      25.322038650512695,
      9.920914649963379,
      15.1019287109375,
      13.239755630493164,
      12.079290390014648,
      22.15299415588379,
      22.92254066467285,
      38.7502555847168,
      32.293643951416016,
      24.679569244384766,
      35.123573303222656,
      24.64661979675293,
      36.56895446777344,
      22.219594955444336,
      36.00159454345703,
      13.064544677734375,
      33.7384033203125
    ],
    [
      15.848136901855469,
      32.36772155761719,
      11.171703338623047,
      22.8415584564209,
      11.014558792114258,
      24.326248168945312,
      23.81920051574707,
      38.49607849121094,
      32.293643951416016,
      53.51042556762695,
      20.521764755249023,
      50.34898376464844,
      24.915708541870117,
      49.398101806640625,
      17.28691864013672,
      51.52411651611328,
      10.880908012390137,
      44.992713928222656
    ],
    [
      13.308551788330078,
      22.636260986328125,
      4.499262809753418,
      11.536764144897461,
      10.04437255859375,
      8.03252124786377,
      15.235735893249512,
      15.232542991638184,
      24.679569244384766,
      20.521764755249023,
      28.267704010009766,
      27.621360778808594,
      24.984460830688477,
      32.50809097290039,
      20.86221694946289,
      30.614032745361328,
      14.28023624420166,
      26.409442901611328
    ],
    [
      18.948387145996094,
      38.488338470458984,
      8.600401878356934,
      25.87544822692871,
      11.021483421325684,
      25.218101501464844,
      23.457876205444336,
      38.81305694580078,
      35.123573303222656,
      50.34898376464844,
      27.621360778808594,
      59.50564956665039,
      31.967256546020508,
      59.651145935058594,
      23.79766273498535,
      60.21251678466797,
      14.753152847290039,
      50.619144439697266
    ],
    [
      12.298306465148926,
      29.450687408447266,
      4.431942939758301,
      17.846675872802734,
      8.633458137512207,
      12.726614952087402,
      14.295709609985352,
      19.96892547607422,
      24.64661979675293,
      24.915708541870117,
      24.984460830688477,
      31.967256546020508,
      34.81547927856445,
      40.05020523071289,
      28.472705841064453,
      37.91626739501953,
      20.264888763427734,
      30.14211654663086
    ],
    [
      20.27440071105957,
      44.6840705871582,
      7.991405487060547,
      29.2364559173584,
      10.909149169921875,
      24.626630783081055,
      22.766460418701172,
      38.6846923828125,
      36.56895446777344,
      49.398101806640625,
      32.50809097290039,
      59.651145935058594,
      40.05020523071289,
      73.41506958007812,
      29.128576278686523,
      68.85608673095703,
      20.299585342407227,
      56.03947448730469
    ],
    [
      10.713094711303711,
      23.05125617980957,
      5.071339130401611,
      11.157466888427734,
      9.191017150878906,
      6.160991668701172,
      12.940430641174316,
      12.444069862365723,
      22.219594955444336,
      17.28691864013672,
      20.86221694946289,
      23.79766273498535,
      28.472705841064453,
      29.128576278686523,
      34.687171936035156,
      30.572433471679688,
      23.301345825195312,
      27.772817611694336
    ],
    [
      21.471969604492188,
      40.998958587646484,
      11.09968376159668,
      26.797515869140625,
      15.175849914550781,
      25.701139450073242,
      26.858896255493164,
      39.517127990722656,
      36.00159454345703,
      51.52411651611328,
      30.614032745361328,
      60.21251678466797,
      37.91626739501953,
      68.85608673095703,
      30.572433471679688,
      83.62019348144531,
      22.545385360717773,
      68.95453643798828
    ],
    [
      7.00763463973999,
      13.57256031036377,
      4.05678653717041,
      7.648695468902588,
      6.934929370880127,
      5.1656904220581055,
      8.017167091369629,
      8.225332260131836,
      13.064544677734375,
      10.880908012390137,
      14.28023624420166,
      14.753152847290039,
      20.264888763427734,
      20.299585342407227,
      23.301345825195312,
      22.545385360717773,
      25.04366683959961,
      22.64452362060547
    ],
    [
      19.986101150512695,
      27.738250732421875,
      12.45331859588623,
      17.99774742126465,
      15.566712379455566,
      19.235923767089844,
      24.9585018157959,
      33.101585388183594,
      33.7384033203125,
      44.992713928222656,
      26.409442901611328,
      50.619144439697266,
      30.14211654663086,
      56.03947448730469,
      27.772817611694336,
      68.95453643798828,
      22.64452362060547,
      76.34528350830078
    ]
  ],
  "covariance_short": [
    [
      46.365238189697266,
      17.016700744628906,
      11.25519847869873,
      6.890298366546631,
      3.699434757232666,
      3.696995496749878,
      10.435145378112793,
      9.328144073486328,
      16.72818374633789,
      15.280891418457031,
      17.757213592529297,
      18.63201141357422,
      16.737911224365234,
      23.742406845092773,
      18.260095596313477,
      21.63532257080078,
      13.981796264648438,
      21.179244995117188
    ],
    [
      17.016700744628906,
      128.94625854492188,
      15.032482147216797,
      37.76994705200195,
      15.63473892211914,
      23.713762283325195,
      23.472902297973633,
      32.54802322387695,
      36.108856201171875,
      44.29562759399414,
      33.80189895629883,
      49.59397888183594,
      43.00823974609375,
      57.500205993652344,
      34.49830627441406,
      51.12193298339844,
      27.028921127319336,
      42.893436431884766
    ],
    [
      11.25519847869873,
      15.032482147216797,
      38.5129280090332,
      17.059303283691406,
      17.281108856201172,
      14.012628555297852,
      16.37907600402832,
      17.734283447265625,
      18.681507110595703,
      20.506816864013672,
      14.054609298706055,
      17.790969848632812,
      13.592801094055176,
      18.90105628967285,
      13.89440631866455,
      21.637371063232422,
      15.969446182250977,
      21.491411209106445
    ],
    [
      6.890298366546631,
      37.76994705200195,
      17.059303283691406,
      40.62771224975586,
      13.682236671447754,
      25.560298919677734,
      15.633291244506836,
      28.836185455322266,
      20.370685577392578,
      29.0234375,
      17.862682342529297,
      31.58379364013672,
      24.130769729614258,
      32.88875198364258,
      17.21544647216797,
      32.18877410888672,
      14.822402000427246,
      24.59390640258789
    ],
    [
      3.699434757232666,
      15.63473892211914,
      17.281108856201172,
      13.682236671447754,
      34.4441032409668,
      16.364543914794922,
      22.081985473632812,
      14.786126136779785,
      22.927831649780273,
      18.82114028930664,
      22.452327728271484,
      18.424104690551758,
      18.512001037597656,
      19.45418357849121,
      18.034887313842773,
      21.47984504699707,
      16.793180465698242,
      23.56926918029785
    ],
    [
      3.696995496749878,
      23.713762283325195,
      14.012628555297852,
      25.560298919677734,
      16.364543914794922,
      37.81688690185547,
      14.264440536499023,
      28.89896011352539,
      16.82707977294922,
      29.07574462890625,
      13.753716468811035,
      29.72929573059082,
      17.816402435302734,
      28.308664321899414,
      12.91714859008789,
      28.89091682434082,
      12.025936126708984,
      21.928241729736328
    ],
    [
      10.435145378112793,
      23.472902297973633,
      16.37907600402832,
      15.633291244506836,
      22.081985473632812,
      14.264440536499023,
      44.06684875488281,
      28.450639724731445,
      33.21470642089844,
      31.293670654296875,
      30.065065383911133,
      32.54052734375,
      25.763450622558594,
      33.480892181396484,
      23.675125122070312,
      33.89167404174805,
      20.170059204101562,
      32.58222198486328
    ],
    [
      9.328144073486328,
      32.54802322387695,
      17.734283447265625,
      28.836185455322266,
      14.786126136779785,
      28.89896011352539,
      28.450639724731445,
      50.87143325805664,
      28.865625381469727,
      43.4409065246582,
      23.71363067626953,
      45.22442626953125,
      27.236690521240234,
      44.1963005065918,
      21.252887725830078,
      44.986141204833984,
      18.63564682006836,
      36.538516998291016
    ],
    [
      16.72818374633789,
      36.108856201171875,
      18.681507110595703,
      20.370685577392578,
      22.927831649780273,
      16.82707977294922,
      33.21470642089844,
      28.865625381469727,
      57.211647033691406,
      41.210514068603516,
      42.71044921875,
      44.76207733154297,
      39.9396858215332,
      48.71101379394531,
      37.36592102050781,
      47.774715423583984,
      30.001440048217773,
      45.74382781982422
    ],
    [
      15.280891418457031,
      44.29562759399414,
      20.506816864013672,
      29.0234375,
      18.82114028930664,
      29.07574462890625,
      31.293670654296875,
      43.4409065246582,
      41.210514068603516,
      65.89480590820312,
      32.49735641479492,
      59.74961471557617,
      35.12745666503906,
      59.90800857543945,
      30.141281127929688,
      59.037471771240234,
      26.93834114074707,
      50.79444122314453
    ],
    [
      17.757213592529297,
      33.80189895629883,
      14.054609298706055,
      17.862682342529297,
      22.452327728271484,
      13.753716468811035,
      30.065065383911133,
      23.71363067626953,
      42.71044921875,
      32.49735641479492,
      53.62340545654297,
      42.6168212890625,
      45.54130554199219,
      50.358070373535156,
      40.83238220214844,
      48.138023376464844,
      32.16974639892578,
      46.38452911376953
    ],
    [
      18.63201141357422,
      49.59397888183594,
      17.790969848632812,
      31.58379364013672,
      18.424104690551758,
      29.72929573059082,
      32.54052734375,
      45.22442626953125,
      44.76207733154297,
      59.74961471557617,
      42.6168212890625,
      73.69573974609375,
      45.48997497558594,
      73.3837890625,
      39.20131301879883,
      71.40753173828125,
      32.6363410949707,
      61.109649658203125
    ],
    [
      16.737911224365234,
      43.00823974609375,
      13.592801094055176,
      24.130769729614258,
      18.512001037597656,
      17.816402435302734,
      25.763450622558594,
      27.236690521240234,
      39.9396858215332,
      35.12745666503906,
      45.54130554199219,
      45.48997497558594,
      62.66642761230469,
      58.8293342590332,
      49.709625244140625,
      59.98228454589844,
      42.41572189331055,
      54.11351776123047
    ],
    [
      23.742406845092773,
      57.500205993652344,
      18.90105628967285,
      32.88875198364258,
      19.45418357849121,
      28.308664321899414,
      33.480892181396484,
      44.1963005065918,
      48.71101379394531,
      59.90800857543945,
      50.358070373535156,
      73.3837890625,
      58.8293342590332,
      96.11409759521484,
      50.159584045410156,
      89.65351867675781,
      44.19184112548828,
      77.92542266845703
    ],
    [
      18.260095596313477,
      34.49830627441406,
      13.89440631866455,
      17.21544647216797,
      18.034887313842773,
      12.91714859008789,
      23.675125122070312,
      21.252887725830078,
      37.36592102050781,
      30.141281127929688,
      40.83238220214844,
      39.20131301879883,
      49.709625244140625,
      50.159584045410156,
      62.7169075012207,
      55.25798797607422,
      49.702796936035156,
      55.19597625732422
    ],
    [
      21.63532257080078,
      51.12193298339844,
      21.637371063232422,
      32.18877410888672,
      21.47984504699707,
      28.89091682434082,
      33.89167404174805,
      44.986141204833984,
      47.774715423583984,
      59.037471771240234,
      48.138023376464844,
      71.40753173828125,
      59.98228454589844,
      89.65351867675781,
      55.25798797607422,
      108.00579071044922,
      52.38584518432617,
      91.08441925048828
    ],
    [
      13.981796264648438,
      27.028921127319336,
      15.969446182250977,
      14.822402000427246,
      16.793180465698242,
      12.025936126708984,
      20.170059204101562,
      18.63564682006836,
      30.001440048217773,
      26.93834114074707,
      32.16974639892578,
      32.6363410949707,
      42.41572189331055,
      44.19184112548828,
      49.702796936035156,
      52.38584518432617,
      60.74498748779297,
      55.780662536621094
    ],
    [
      21.179244995117188,
      42.893436431884766,
      21.491411209106445,
      24.59390640258789,
      23.56926918029785,
      21.928241729736328,
      32.58222198486328,
      36.538516998291016,
      45.74382781982422,
      50.79444122314453,
      46.38452911376953,
      61.109649658203125,
      54.11351776123047,
      77.92542266845703,
      55.19597625732422,
      91.08441925048828,
      55.780662536621094,
      104.94004821777344
    ]
  ],
  "drr": 16.118318557739258,
  "dynamics": 3.3110475540161133,
  "format": 1245190,
  "frames": 8727488,
  "loudness": -9.70584487915039,
  "loudness_range": 10.178483009338379,
  "loudness_range_short": 12.806390762329102,
  "peak": 0.5359817743301392,
  "rms": -11.69631576538086,
  "sample_rate": 44100,
  "sections": 1,
  "seekable": 1,
  "sharpness": 2.615039348602295,
  "space": -6.635707378387451
}