{
  "bands": [
    {
      "high_freq": 148.1999969482422,
      "loudness": -20.72151756286621,
      "loudness_range": 9.303130149841309,
      "mid_mean": -17.467958450317383,
      "mid_to_side_loudness": -11.482648849487305,
      "mid_to_side_loudness_range": 13.227811813354492,
      "side_mean": -28.320133209228516
    },
    {
      "high_freq": 392.3793640136719,
      "loudness": -20.585906982421875,
      "loudness_range": 5.736028671264648,
      "low_freq": 148.1999969482422,
      "mid_mean": -18.08954429626465,
      "mid_to_side_loudness": -5.381374835968018,
      "mid_to_side_loudness_range": 6.356383323669434,
      "side_mean": -23.506437301635742
    },
    {
      "high_freq": 794.6976318359375,
      "loudness": -21.282657623291016,
      "loudness_range": 7.422786712646484,
      "low_freq": 392.3793640136719,
      "mid_mean": -18.67604637145996,
      "mid_to_side_loudness": -5.879699230194092,
      "mid_to_side_loudness_range": 7.5557541847229,
      "side_mean": -24.616052627563477
    },
    {
      "high_freq": 1457.5709228515625,
      "loudness": -20.4892635345459,
      "loudness_range": 11.08488655090332,
      "low_freq": 794.6976318359375,
      "mid_mean": -17.731124877929688,
      "mid_to_side_loudness": -7.151288986206055,
      "mid_to_side_loudness_range": 10.237506866455078,
      "side_mean": -24.989051818847656
    },
    {
      "high_freq": 2549.74365234375,
      "loudness": -20.47646713256836,
      "loudness_range": 10.782912254333496,
      "low_freq": 1457.5709228515625,
      "mid_mean": -18.230045318603516,
      "mid_to_side_loudness": -4.635663986206055,
      "mid_to_side_loudness_range": 8.171709060668945,
      "side_mean": -22.911026000976562
    },
    {
      "high_freq": 4349.24462890625,
      "loudness": -23.831008911132812,
      "loudness_range": 10.161136627197266,
      "low_freq": 2549.74365234375,
      "mid_mean": -21.789562225341797,
      "mid_to_side_loudness": -3.8556742668151855,
      "mid_to_side_loudness_range": 6.826615810394287,
      "side_mean": -25.64604949951172
    },
    {
      "high_freq": 7314.1640625,
      "loudness": -29.176738739013672,
      "loudness_range": 11.211328506469727,
      "low_freq": 4349.24462890625,
      "mid_mean": -26.81660270690918,
      "mid_to_side_loudness": -5.077563285827637,
      "mid_to_side_loudness_range": 8.081089973449707,
      "side_mean": -31.91269302368164
    },
    {
      "high_freq": 12199.2666015625,
      "loudness": -33.07489776611328,
      "loudness_range": 13.246665954589844,
      "low_freq": 7314.1640625,
      "mid_mean": -30.3676700592041,
      "mid_to_side_loudness": -6.679603576660156,
      "mid_to_side_loudness_range": 8.571295738220215,
      "side_mean": -37.08392333984375
    },
    {
      "loudness": -38.901241302490234,
      "loudness_range": 17.550230026245117,
      "low_freq": 12199.2666015625,
      "mid_mean": -36.829734802246094,
      "mid_to_side_loudness": -3.5518321990966797,
      "mid_to_side_loudness_range": 3.6160783767700195,
      "side_mean": -40.36923599243164
    }
  ],
  "bands_short": [
    {
      "high_freq": 148.1999969482422,
      "loudness": -23.146259307861328,
      "loudness_range": 14.601494789123535,
      "mid_mean": -20.029987335205078,
      "mid_to_side_loudness": -12.509262084960938,
      "mid_to_side_loudness_range": 19.899545669555664,
      "side_mean": -32.270957946777344
    },
    {
      "high_freq": 392.3793640136719,
      "loudness": -19.894155502319336,
      "loudness_range": 8.199298858642578,
      "low_freq": 148.1999969482422,
      "mid_mean": -17.333209991455078,
      "mid_to_side_loudness": -6.091323375701904,
      "mid_to_side_loudness_range": 9.806161880493164,
      "side_mean": -23.476694107055664
    },
    {
      "high_freq": 794.6976318359375,
      "loudness": -22.296377182006836,
      "loudness_range": 10.090351104736328,
      "low_freq": 392.3793640136719,
      "mid_mean": -20.00074005126953,
      "mid_to_side_loudness": -5.117204666137695,
      "mid_to_side_loudness_range": 9.868302345275879,
      "side_mean": -25.137887954711914
    },
    {
      "high_freq": 1457.5709228515625,
      "loudness": -20.867996215820312,
      "loudness_range": 13.598126411437988,
      "low_freq": 794.6976318359375,
      "mid_mean": -18.34341049194336,
      "mid_to_side_loudness": -6.438283920288086,
      "mid_to_side_loudness_range": 12.719154357910156,
      "side_mean": -24.839326858520508
    },
    {
      "high_freq": 2549.74365234375,
      "loudness": -21.103557586669922,
      "loudness_range": 12.617016792297363,
      "low_freq": 1457.5709228515625,
      "mid_mean": -19.062652587890625,
      "mid_to_side_loudness": -4.248408317565918,
      "mid_to_side_loudness_range": 10.067615509033203,
      "side_mean": -23.308609008789062
    },
    {
      "high_freq": 4349.24462890625,
      "loudness": -24.257492065429688,
      "loudness_range": 11.727859497070312,
      "low_freq": 2549.74365234375,
      "mid_mean": -22.360462188720703,
      "mid_to_side_loudness": -3.569218397140503,
      "mid_to_side_loudness_range": 8.076601028442383,
      "side_mean": -25.9259033203125
    },
    {
      "high_freq": 7314.1640625,
      "loudness": -29.859987258911133,
      "loudness_range": 14.064216613769531,
      "low_freq": 4349.24462890625,
      "mid_mean": -27.676485061645508,
      "mid_to_side_loudness": -4.518496513366699,
      "mid_to_side_loudness_range": 8.377866744995117,
      "side_mean": -32.21198272705078
    },
    {
      "high_freq": 12199.2666015625,
      "loudness": -34.74734878540039,
      "loudness_range": 17.25896453857422,
      "low_freq": 7314.1640625,
      "mid_mean": -32.1446647644043,
      "mid_to_side_loudness": -6.525720119476318,
      "mid_to_side_loudness_range": 10.386499404907227,
      "side_mean": -38.703460693359375
    },
    {
      "loudness": -45.09354782104492,
      "loudness_range": 27.735414505004883,
      "low_freq": 12199.2666015625,
      "mid_mean": -42.917667388916016,
      "mid_to_side_loudness": -4.1341705322265625,
      "mid_to_side_loudness_range": 6.980659484863281,
      "side_mean": -46.989845275878906
    }
  ],
  "channels": 2,
  "covariance": [
    [
      19.385665893554688,
      7.852570533752441,
      9.709942817687988,
      6.545210361480713,
      3.8423359394073486,
      1.292027473449707,
      4.435126304626465,
      1.2320116758346558,
      4.617839813232422,
      3.5097665786743164,
      5.0253376960754395,
      4.940652370452881,
      2.3184258937835693,
      1.7086747884750366,
      0.5393097996711731,
      -1.5342321395874023,
      1.4307234287261963,
      -0.35150671005249023
    ],
    [
      7.852570533752441,
      23.503559112548828,
      5.222426414489746,
      5.3312788009643555,
      0.8662537336349487,
      0.8091886043548584,
      -0.8123694062232971,
      2.1827051639556885,
      1.6318997144699097,
      5.05277681350708,
      3.924147844314575,
      7.463050842285156,
      3.2052247524261475,
      6.250930309295654,
      -4.085417747497559,
      -3.3483119010925293,
      -9.29796314239502,
      -11.42441463470459
    ],
    [
      9.709942817687988,
      5.222426414489746,
      11.242700576782227,
      7.5077056884765625,
      4.998533248901367,
      1.9469128847122192,
      4.361590385437012,
      1.2782312631607056,
      4.183806896209717,
      3.1912736892700195,
      4.981588363647461,
      4.650881290435791,
      3.059844493865967,
      1.4756561517715454,
      2.9067981243133545,
      -0.3036755919456482,
      2.6610524654388428,
      1.1269350051879883
    ],
    [
      6.545210361480713,
      5.3312788009643555,
      7.5077056884765625,
      9.269732475280762,
      3.660783290863037,
      2.799081802368164,
      2.6535704135894775,
      2.5062835216522217,
      3.7035064697265625,
      4.520777225494385,
      4.291118621826172,
      5.483819484710693,
      1.7638826370239258,
      2.1440646648406982,
      0.590053379535675,
      -0.7646334171295166,
      0.5575286149978638,
      -0.5202273726463318
    ],
    [
      3.8423359394073486,
      0.8662537336349487,
      4.998533248901367,
      3.660783290863037,
      10.342761039733887,
      5.1626057624816895,
      5.979955673217773,
      3.256126642227173,
      4.811565399169922,
      2.2806854248046875,
      5.48921537399292,
      3.655876636505127,
      2.235111713409424,
      0.048873648047447205,
      3.1191976070404053,
      -0.2534019947052002,
      1.9151395559310913,
      1.3648364543914795
    ],
    [
      1.292027473449707,
      0.8091886043548584,
      1.9469128847122192,
      2.799081802368164,
      5.1626057624816895,
      7.230001926422119,
      2.3150219917297363,
      3.894246816635132,
      2.126312017440796,
      3.5912387371063232,
      3.5242700576782227,
      4.805998802185059,
      0.3951503336429596,
      1.8963881731033325,
      -1.1636192798614502,
      -0.5698167085647583,
      -0.7459016442298889,
      -0.5111438632011414
    ],
    [
      4.435126304626465,
      -0.8123694062232971,
      4.361590385437012,
      2.6535704135894775,
      5.979955673217773,
      2.3150219917297363,
      17.886594772338867,
      7.565390110015869,
      11.56562614440918,
      4.84939432144165,
      6.375720024108887,
      4.506044387817383,
      2.302841901779175,
      0.7333548069000244,
      3.7206060886383057,
      0.953207790851593,
      4.0116987228393555,
      3.7313766479492188
    ],
    [
      1.2320116758346558,
      2.1827051639556885,
      1.2782312631607056,
      2.5062835216522217,
      3.256126642227173,
      3.894246816635132,
      7.565390110015869,
      11.122482299804688,
      5.9068379402160645,
      6.4176344871521,
      5.493565082550049,
      6.628422737121582,
      2.4086380004882812,
      3.3304996490478516,
      -0.9000469446182251,
      -0.508981466293335,
      -2.3871874809265137,
      -2.6558761596679688
    ],
    [
      4.617839813232422,
      1.6318997144699097,
      4.183806896209717,
      3.7035064697265625,
      4.811565399169922,
      2.126312017440796,
      11.56562614440918,
      5.9068379402160645,
      15.693328857421875,
      9.127558708190918,
      9.96458625793457,
      9.540481567382812,
      4.8284220695495605,
      4.965684413909912,
      3.355639934539795,
      0.6329302191734314,
      1.8122609853744507,
      1.3769564628601074
    ],
    [
      3.5097665786743164,
      5.05277681350708,
      3.1912736892700195,
      4.520777225494385,
      2.2806854248046875,
      3.5912387371063232,
      4.84939432144165,
      6.4176344871521,
      9.127558708190918,
      12.092053413391113,
      8.387269020080566,
      12.458230018615723,
      3.7738518714904785,
      7.813058853149414,
      -1.4408342838287354,
      -0.6420301198959351,
      -2.778071165084839,
      -3.2786221504211426
    ],
    [
      5.0253376960754395,
      3.924147844314575,
      4.981588363647461,
      4.291118621826172,
      5.48921537399292,
      3.5242700576782227,
      6.375720024108887,
      5.493565082550049,
      9.96458625793457,
      8.387269020080566,
      13.905556678771973,
      12.820188522338867,
      7.3181304931640625,
      7.541881561279297,
      3.304304838180542,
      0.8010636568069458,
      -0.28545841574668884,
      -0.932141900062561
    ],
    [
      4.940652370452881,
      7.463050842285156,
      4.650881290435791,
      5.483819484710693,
      3.655876636505127,
      4.805998802185059,
      4.506044387817383,
      6.628422737121582,
      9.540481567382812,
      12.458230018615723,
      12.820188522338867,
      19.51467514038086,
      6.535070419311523,
      12.608848571777344,
      -0.47997400164604187,
      -0.3971627950668335,
      -3.831228017807007,
      -4.572894096374512
    ],
    [
      2.3184258937835693,
      3.2052247524261475,
      3.059844493865967,
      1.7638826370239258,
      2.235111713409424,
      0.3951503336429596,
      2.302841901779175,
      2.4086380004882812,
      4.8284220695495605,
      3.7738518714904785,
      7.3181304931640625,
      6.535070419311523,
      14.018441200256348,
      10.262242317199707,
      12.290267944335938,
      7.657203197479248,
      3.76802659034729,
      2.30523681640625
    ],
    [
      1.7086747884750366,
      6.250930309295654,
      1.4756561517715454,
      2.1440646648406982,
      0.048873648047447205,
      1.8963881731033325,
      0.7333548069000244,
      3.3304996490478516,
      4.965684413909912,
      7.813058853149414,
      7.541881561279297,
      12.608848571777344,
      10.262242317199707,
      16.216428756713867,
      4.349485397338867,
      7.116044998168945,
      0.5417618155479431,
      -0.07480742037296295
    ],
    [
      0.5393097996711731,
      -4.085417747497559,
      2.9067981243133545,
      0.590053379535675,
      3.1191976070404053,
      -1.1636192798614502,
      3.7206060886383057,
      -0.9000469446182251,
      3.355639934539795,
      -1.4408342838287354,
      3.304304838180542,
      -0.47997400164604187,
      12.290267944335938,
      4.349485397338867,
      23.413000106811523,
      13.235782623291016,
      16.011127471923828,
      14.786195755004883
    ],
    [
      -1.5342321395874023,
      -3.3483119010925293,
      -0.3036755919456482,
      -0.7646334171295166,
      -0.2534019947052002,
      -0.5698167085647583,
      0.953207790851593,
      -0.508981466293335,
      0.6329302191734314,
      -0.6420301198959351,
      0.8010636568069458,
      -0.3971627950668335,
      7.657203197479248,
      7.116044998168945,
      13.235782623291016,
      15.90093994140625,
      17.080774307250977,
      18.130245208740234
    ],
    [
      1.4307234287261963,
      -9.29796314239502,
      2.6610524654388428,
      0.5575286149978638,
      1.9151395559310913,
      -0.7459016442298889,
      4.0116987228393555,
      -2.3871874809265137,
      1.8122609853744507,
      -2.778071165084839,
      -0.28545841574668884,
      -3.831228017807007,
      3.76802659034729,
      0.5417618155479431,
      16.011127471923828,
      17.080774307250977,
      31.604093551635742,
      33.31684494018555
    ],
    [
      -0.35150671005249023,
      -11.42441463470459,
      1.1269350051879883,
      -0.5202273726463318,
      1.3648364543914795,
      -0.5111438632011414,
      3.7313766479492188,
      -2.6558761596679688,
      1.3769564628601074,
      -3.2786221504211426,
      -0.932141900062561,
      -4.572894096374512,
      2.30523681640625,
      -0.07480742037296295,
      14.786195755004883,
      18.130245208740234,
      33.31684494018555,
      37.05817794799805
    ]
  ],
  "covariance_short": [
    [
      30.8812313079834,
      12.627053260803223,
      10.484992980957031,
      5.748815536499023,
      2.4594292640686035,
      1.3835415840148926,
      2.124119758605957,
      0.1778542846441269,
      2.893843173980713,
      2.2562026977539062,
      3.5726852416992188,
      3.2623391151428223,
      0.5393063426017761,
      0.5266090631484985,
      -1.0398690700531006,
      -2.5454142093658447,
      -3.223858594894409,
      -4.51765775680542
    ],
    [
      12.627053260803223,
      44.82791519165039,
      8.0612211227417,
      8.241548538208008,
      1.774816870689392,
      0.5274807214736938,
      -0.7992672324180603,
      0.5951662659645081,
      2.9355859756469727,
      4.023839950561523,
      3.165724754333496,
      5.413455009460449,
      2.8996224403381348,
      5.042969703674316,
      -2.4266679286956787,
      -0.9264682531356812,
      -1.4174870252609253,
      -1.422824740409851
    ],
    [
      10.484992980957031,
      8.0612211227417,
      15.54397964477539,
      8.519623756408691,
      5.156899452209473,
      2.1666970252990723,
      3.1078407764434814,
      0.8580131530761719,
      3.51518177986145,
      2.7980730533599854,
      4.722002029418945,
      4.4892683029174805,
      2.6617746353149414,
      1.2916722297668457,
      2.0016589164733887,
      -1.4345697164535522,
      -0.006245410535484552,
      -2.3044166564941406
    ],
    [
      5.748815536499023,
      8.241548538208008,
      8.519623756408691,
      12.880034446716309,
      3.3566689491271973,
      2.924683094024658,
      1.192191243171692,
      1.9028624296188354,
      3.2216713428497314,
      4.206097602844238,
      4.085244655609131,
      5.485544204711914,
      2.0440285205841064,
      2.4859957695007324,
      -0.20649850368499756,
      -1.306133508682251,
      -0.9194629788398743,
      -1.8974517583847046
    ],
    [
      2.4594292640686035,
      1.774816870689392,
      5.156899452209473,
      3.3566689491271973,
      16.381662368774414,
      6.5693769454956055,
      6.978366374969482,
      1.9774178266525269,
      5.7811279296875,
      2.0830769538879395,
      7.054873943328857,
      3.453857421875,
      3.4105396270751953,
      0.30179479718208313,
      4.6230034828186035,
      0.6629254221916199,
      3.411860227584839,
      1.8717259168624878
    ],
    [
      1.3835415840148926,
      0.5274807214736938,
      2.1666970252990723,
      2.924683094024658,
      6.5693769454956055,
      9.735687255859375,
      2.6813948154449463,
      2.8305070400238037,
      2.9196085929870605,
      3.4226105213165283,
      4.055723190307617,
      4.772299766540527,
      1.4656614065170288,
      2.0301551818847656,
      0.2765050530433655,
      -0.05962153896689415,
      -0.4613776206970215,
      -0.4646291434764862
    ],
    [
      2.124119758605957,
      -0.7992672324180603,
      3.1078407764434814,
      1.192191243171692,
      6.978366374969482,
      2.6813948154449463,
      26.00642967224121,
      9.33350658416748,
      16.482078552246094,
      6.498953342437744,
      9.382195472717285,
      6.1697540283203125,
      4.22454309463501,
      2.5887396335601807,
      5.597568511962891,
      2.6187450885772705,
      4.687434673309326,
      4.083982467651367
    ],
    [
      0.1778542846441269,
      0.5951662659645081,
      0.8580131530761719,
      1.9028624296188354,
      1.9774178266525269,
      2.8305070400238037,
      9.33350658416748,
      13.277125358581543,
      6.832521438598633,
      6.8485636711120605,
      5.096001148223877,
      6.257260322570801,
      3.1779117584228516,
      4.073782444000244,
      0.2294483631849289,
      0.8681365847587585,
      -0.5849978923797607,
      -0.25315195322036743
    ],
    [
      2.893843173980713,
      2.9355859756469727,
      3.51518177986145,
      3.2216713428497314,
      5.7811279296875,
      2.9196085929870605,
      16.482078552246094,
      6.832521438598633,
      23.131729125976562,
      12.161231994628906,
      13.801284790039062,
      11.656655311584473,
      7.462812900543213,
      7.172046661376953,
      4.746923446655273,
      2.0171003341674805,
      2.5423407554626465,
      2.0145227909088135
    ],
    [
      2.2562026977539062,
      4.023839950561523,
      2.7980730533599854,
      4.206097602844238,
      2.0830769538879395,
      3.4226105213165283,
      6.498953342437744,
      6.8485636711120605,
      12.161231994628906,
      15.034031867980957,
      10.109772682189941,
      13.870266914367676,
      5.660907745361328,
      9.149164199829102,
      -0.6014068126678467,
      0.13925492763519287,
      -2.6110243797302246,
      -2.2941160202026367
    ],
    [
      3.5726852416992188,
      3.165724754333496,
      4.722002029418945,
      4.085244655609131,
      7.054873943328857,
      4.055723190307617,
      9.382195472717285,
      5.096001148223877,
      13.801284790039062,
      10.109772682189941,
      19.80072784423828,
      15.899645805358887,
      12.283555030822754,
      11.210366249084473,
      7.070107936859131,
      4.017784118652344,
      3.7295374870300293,
      2.8690977096557617
    ],
    [
      3.2623391151428223,
      5.413455009460449,
      4.4892683029174805,
      5.485544204711914,
      3.453857421875,
      4.772299766540527,
      6.1697540283203125,
      6.257260322570801,
      11.656655311584473,
      13.870266914367676,
      15.899645805358887,
      22.721033096313477,
      9.953232765197754,
      15.470330238342285,
      1.5024232864379883,
      2.1483893394470215,
      -0.8513277173042297,
      -0.18410351872444153
    ],
    [
      0.5393063426017761,
      2.8996224403381348,
      2.6617746353149414,
      2.0440285205841064,
      3.4105396270751953,
      1.4656614065170288,
      4.22454309463501,
      3.1779117584228516,
      7.462812900543213,
      5.660907745361328,
      12.283555030822754,
      9.953232765197754,
      23.501741409301758,
      16.905651092529297,
      21.092954635620117,
      15.68517780303955,
      20.75636863708496,
      18.054706573486328
    ],
    [
      0.5266090631484985,
      5.042969703674316,
      1.2916722297668457,
      2.4859957695007324,
      0.30179479718208313,
      2.0301551818847656,
      2.5887396335601807,
      4.073782444000244,
      7.172046661376953,
      9.149164199829102,
      11.210366249084473,
      15.470330238342285,
      16.905651092529297,
      22.14243507385254,
      10.31357479095459,
      14.227416038513184,
      13.957779884338379,
      16.008502960205078
    ],
    [
      -1.0398690700531006,
      -2.4266679286956787,
      2.0016589164733887,
      -0.20649850368499756,
      4.6230034828186035,
      0.2765050530433655,
      5.597568511962891,
      0.2294483631849289,
      4.746923446655273,
      -0.6014068126678467,
      7.070107936859131,
      1.5024232864379883,
      21.092954635620117,
      10.31357479095459,
      37.79991149902344,
      25.629365921020508,
      41.9168815612793,
      36.550899505615234
    ],
    [
      -2.5454142093658447,
      -0.9264682531356812,
      -1.4345697164535522,
      -1.306133508682251,
      0.6629254221916199,
      -0.05962153896689415,
      2.6187450885772705,
      0.8681365847587585,
      2.0171003341674805,
      0.13925492763519287,
      4.017784118652344,
      2.1483893394470215,
      15.68517780303955,
      14.227416038513184,
      25.629365921020508,
      30.715965270996094,
      42.39735794067383,
      45.479251861572266
    ],
    [
      -3.223858594894409,
      -1.4174870252609253,
      -0.006245410535484552,
      -0.9194629788398743,
      3.411860227584839,
      -0.4613776206970215,
      4.687434673309326,
      -0.5849978923797607,
      2.5423407554626465,
      -2.6110243797302246,
      3.7295374870300293,
      -0.8513277173042297,
      20.75636863708496,
      13.957779884338379,
      41.9168815612793,
      42.39735794067383,
      83.76973724365234,
      83.17643737792969
    ],
    [
      -4.51765775680542,
      -1.422824740409851,
      -2.3044166564941406,
      -1.8974517583847046,
      1.8717259168624878,
      -0.4646291434764862,
      4.083982467651367,
      -0.25315195322036743,
      2.0145227909088135,
      -2.2941160202026367,
      2.8690977096557617,
      -0.18410351872444153,
      18.054706573486328,
      16.008502960205078,
      36.550899505615234,
      45.479251861572266,
      83.17643737792969,
      90.22732543945312
    ]
  ],
  "drr": 13.503791809082031,
  "dynamics": 2.0289077758789062,
  "format": 1245190,
  "frames": 4722688,
  "loudness": -9.15951156616211,
  "loudness_range": 4.553901195526123,
  "loudness_range_short": 6.112807273864746,
  "peak": 0.34238073229789734,
  "rms": -11.900419235229492,
  "sample_rate": 44100,
  "sections": 1,
  "seekable": 1,
  "sharpness": 1.5646461248397827,
  "space": -6.290197372436523
}