{
  "bands": [
    {
      "high_freq": 148.1999969482422,
      "loudness": -55.05878448486328,
      "loudness_range": 22.27017593383789,
      "mid_mean": -51.30754470825195,
      "mid_to_side_loudness": -16.515954971313477,
      "mid_to_side_loudness_range": 8.670306205749512,
      "side_mean": -65.00027465820312
    },
    {
      "high_freq": 392.3793640136719,
      "loudness": -40.3988037109375,
      "loudness_range": 23.87594223022461,
      "low_freq": 148.1999969482422,
      "mid_mean": -37.35817337036133,
      "mid_to_side_loudness": -10.934358596801758,
      "mid_to_side_loudness_range": 8.688665390014648,
      "side_mean": -50.745662689208984
    },
    {
      "high_freq": 794.6976318359375,
      "loudness": -37.87377166748047,
      "loudness_range": 23.66242790222168,
      "low_freq": 392.3793640136719,
      "mid_mean": -35.46051025390625,
      "mid_to_side_loudness": -5.999308109283447,
      "mid_to_side_loudness_range": 6.264494895935059,
      "side_mean": -41.570919036865234
    },
    {
      "high_freq": 1457.5709228515625,
      "loudness": -44.64177703857422,
      "loudness_range": 22.260547637939453,
      "low_freq": 794.6976318359375,
      "mid_mean": -44.7462043762207,
      "mid_to_side_loudness": 0.3350560665130615,
      "mid_to_side_loudness_range": 9.113473892211914,
      "side_mean": -44.28017807006836
    },
    {
      "high_freq": 2549.74365234375,
      "loudness": -55.63411331176758,
      "loudness_range": 28.845836639404297,
      "low_freq": 1457.5709228515625,
      "mid_mean": -56.441226959228516,
      "mid_to_side_loudness": 0.8135839104652405,
      "mid_to_side_loudness_range": 7.770269393920898,
      "side_mean": -55.67210006713867
    },
    {
      "high_freq": 4349.24462890625,
      "loudness": -65.79007720947266,
      "loudness_range": 29.14398193359375,
      "low_freq": 2549.74365234375,
      "mid_mean": -64.17414855957031,
      "mid_to_side_loudness": 0.6409080624580383,
      "mid_to_side_loudness_range": 5.402858734130859,
      "side_mean": -63.779151916503906
    },
    {
      "high_freq": 7314.1640625,
      "loudness": -76.88856506347656,
      "loudness_range": 15.374900817871094,
      "low_freq": 4349.24462890625,
      "mid_mean": -68.48228454589844,
      "mid_to_side_loudness": 0.06321032345294952,
      "mid_to_side_loudness_range": 2.426271915435791,
      "side_mean": -68.50468444824219
    },
    {
      "high_freq": 12199.2666015625,
      "loudness": -78.44793701171875,
      "loudness_range": 1.8877639770507812,
      "low_freq": 7314.1640625,
      "mid_mean": -69.30269622802734,
      "mid_to_side_loudness": -0.1190880835056305,
      "mid_to_side_loudness_range": 0.6492465734481812,
      "side_mean": -69.32524871826172
    },
    {
      "loudness": 0,
      "loudness_range": 0,
      "low_freq": 12199.2666015625,
      "mid_mean": -69.17536163330078,
      "mid_to_side_loudness": -0.04793692007660866,
      "mid_to_side_loudness_range": 0.43976640701293945,
      "side_mean": -69.18384552001953
    }
  ],
  "bands_short": [
    {
      "high_freq": 148.1999969482422,
      "loudness": -58.29835510253906,
      "loudness_range": 23.045677185058594,
      "mid_mean": -54.40290451049805,
      "mid_to_side_loudness": -16.671432495117188,
      "mid_to_side_loudness_range": 12.53048038482666,
      "side_mean": -66.80204010009766
    },
    {
      "high_freq": 392.3793640136719,
      "loudness": -41.295780181884766,
      "loudness_range": 25.736255645751953,
      "low_freq": 148.1999969482422,
      "mid_mean": -38.32659149169922,
      "mid_to_side_loudness": -11.264493942260742,
      "mid_to_side_loudness_range": 10.355794906616211,
      "side_mean": -51.8119010925293
    },
    {
      "high_freq": 794.6976318359375,
      "loudness": -38.65005111694336,
      "loudness_range": 25.173498153686523,
      "low_freq": 392.3793640136719,
      "mid_mean": -36.29960250854492,
      "mid_to_side_loudness": -6.04368782043457,
      "mid_to_side_loudness_range": 7.625797271728516,
      "side_mean": -42.517269134521484
    },
    {
      "high_freq": 1457.5709228515625,
      "loudness": -45.46165084838867,
      "loudness_range": 23.782291412353516,
      "low_freq": 794.6976318359375,
      "mid_mean": -45.72138214111328,
      "mid_to_side_loudness": 0.43705758452415466,
      "mid_to_side_loudness_range": 10.603580474853516,
      "side_mean": -45.19356918334961
    },
    {
      "high_freq": 2549.74365234375,
      "loudness": -56.37981414794922,
      "loudness_range": 29.73778533935547,
      "low_freq": 1457.5709228515625,
      "mid_mean": -57.22254180908203,
      "mid_to_side_loudness": 0.8429135680198669,
      "mid_to_side_loudness_range": 9.654986381530762,
      "side_mean": -56.43473434448242
    },
    {
      "high_freq": 4349.24462890625,
      "loudness": -65.08283233642578,
      "loudness_range": 29.82268524169922,
      "low_freq": 2549.74365234375,
      "mid_mean": -63.98158264160156,
      "mid_to_side_loudness": 0.8549895286560059,
      "mid_to_side_loudness_range": 7.2051286697387695,
      "side_mean": -63.38924026489258
    },
    {
      "high_freq": 7314.1640625,
      "loudness": -77.1161117553711,
      "loudness_range": 14.965057373046875,
      "low_freq": 4349.24462890625,
      "mid_mean": -68.61016082763672,
      "mid_to_side_loudness": 0.14633819460868835,
      "mid_to_side_loudness_range": 3.486351490020752,
      "side_mean": -68.57743835449219
    },
    {
      "high_freq": 12199.2666015625,
      "loudness": -78.48870086669922,
      "loudness_range": 2.1632766723632812,
      "low_freq": 7314.1640625,
      "mid_mean": -69.3060531616211,
      "mid_to_side_loudness": -0.11250127851963043,
      "mid_to_side_loudness_range": 1.6871123313903809,
      "side_mean": -69.32762145996094
    },
    {
      "loudness": 0,
      "loudness_range": 0,
      "low_freq": 12199.2666015625,
      "mid_mean": -69.17146301269531,
      "mid_to_side_loudness": -0.04865491762757301,
      "mid_to_side_loudness_range": 1.2726058959960938,
      "side_mean": -69.18017578125
    }
  ],
  "channels": 2,
  "covariance": [
    [
      52.6959342956543,
      25.12100601196289,
      33.46698760986328,
      54.9736213684082,
      25.030548095703125,
      25.196762084960938,
      13.40302848815918,
      17.284027099609375,
      40.8275032043457,
      44.18331527709961,
      27.66938018798828,
      27.782629013061523,
      6.027290344238281,
      5.375801086425781,
      0.41402468085289,
      0.32104331254959106,
      0.23895663022994995,
      0.21942971646785736
    ],
    [
      25.12100601196289,
      15.175138473510742,
      18.593387603759766,
      27.36444664001465,
      12.58321475982666,
      12.825417518615723,
      7.7861223220825195,
      10.230812072753906,
      20.964122772216797,
      22.709861755371094,
      15.126436233520508,
      14.876768112182617,
      3.416560649871826,
      2.9436676502227783,
      0.20424623787403107,
      0.1634453982114792,
      0.11622319370508194,
      0.10596523433923721
    ],
    [
      33.46698760986328,
      18.593387603759766,
      73.6828842163086,
      64.4283676147461,
      39.96736526489258,
      39.690521240234375,
      15.255453109741211,
      21.70527458190918,
      45.08319854736328,
      50.42258834838867,
      30.43218231201172,
      30.603349685668945,
      6.566938877105713,
      6.521237373352051,
      0.3788713216781616,
      0.2845202386379242,
      0.19957980513572693,
      0.18060645461082458
    ],
    [
      54.9736213684082,
      27.36444664001465,
      64.4283676147461,
      100.28800201416016,
      46.47145462036133,
      46.510128021240234,
      23.33498764038086,
      26.940135955810547,
      67.00053405761719,
      73.64450073242188,
      39.734588623046875,
      40.44866943359375,
      8.596121788024902,
      8.291409492492676,
      0.5556541681289673,
      0.45518556237220764,
      0.3881368637084961,
      0.34771037101745605
    ],
    [
      25.030548095703125,
      12.58321475982666,
      39.96736526489258,
      46.47145462036133,
      77.01506042480469,
      67.97992706298828,
      24.24334144592285,
      29.60114288330078,
      62.043052673339844,
      68.54761505126953,
      45.47100830078125,
      49.144325256347656,
      12.22057819366455,
      11.69671630859375,
      0.8831369280815125,
      0.6611674427986145,
      0.393575519323349,
      0.3441970944404602
    ],
    [
      25.196762084960938,
      12.825417518615723,
      39.690521240234375,
      46.510128021240234,
      67.97992706298828,
      67.73446655273438,
      20.95311164855957,
      26.19303321838379,
      60.68287658691406,
      67.21174621582031,
      44.066490173339844,
      47.07859420776367,
      10.949654579162598,
      10.538912773132324,
      0.8030636310577393,
      0.5916605591773987,
      0.36926111578941345,
      0.3211451768875122
    ],
    [
      13.40302848815918,
      7.7861223220825195,
      15.255453109741211,
      23.33498764038086,
      24.24334144592285,
      20.95311164855957,
      61.79490661621094,
      57.661964416503906,
      38.044063568115234,
      37.72740173339844,
      25.183950424194336,
      26.615934371948242,
      5.515163898468018,
      5.739609718322754,
      0.5203871726989746,
      0.4451351761817932,
      0.23672570288181305,
      0.22930623590946198
    ],
    [
      17.284027099609375,
      10.230812072753906,
      21.70527458190918,
      26.940135955810547,
      29.60114288330078,
      26.19303321838379,
      57.661964416503906,
      66.30989837646484,
      44.598785400390625,
      47.2413330078125,
      31.036836624145508,
      32.85692596435547,
      7.0857367515563965,
      7.25736141204834,
      0.6533717513084412,
      0.5504847168922424,
      0.2944805324077606,
      0.29216548800468445
    ],
    [
      40.8275032043457,
      20.964122772216797,
      45.08319854736328,
      67.00053405761719,
      62.043052673339844,
      60.68287658691406,
      38.044063568115234,
      44.598785400390625,
      87.9412841796875,
      92.54248809814453,
      58.80366516113281,
      62.309940338134766,
      14.203672409057617,
      13.808398246765137,
      1.0280743837356567,
      0.7961947321891785,
      0.5146658420562744,
      0.47230616211891174
    ],
    [
      44.18331527709961,
      22.709861755371094,
      50.42258834838867,
      73.64450073242188,
      68.54761505126953,
      67.21174621582031,
      37.72740173339844,
      47.2413330078125,
      92.54248809814453,
      102.81407928466797,
      63.025909423828125,
      66.80880737304688,
      15.079099655151367,
      14.643996238708496,
      1.0868932008743286,
      0.8439291715621948,
      0.5517025589942932,
      0.5094602108001709
    ],
    [
      27.66938018798828,
      15.126436233520508,
      30.43218231201172,
      39.734588623046875,
      45.47100830078125,
      44.066490173339844,
      25.183950424194336,
      31.036836624145508,
      58.80366516113281,
      63.025909423828125,
      50.7396240234375,
      52.235347747802734,
      13.745672225952148,
      12.79108715057373,
      0.9283985495567322,
      0.7164194583892822,
      0.3798401355743408,
      0.35592684149742126
    ],
    [
      27.782629013061523,
      14.876768112182617,
      30.603349685668945,
      40.44866943359375,
      49.144325256347656,
      47.07859420776367,
      26.615934371948242,
      32.85692596435547,
      62.309940338134766,
      66.80880737304688,
      52.235347747802734,
      55.96044921875,
      14.525131225585938,
      13.90739917755127,
      1.0025486946105957,
      0.7651503086090088,
      0.41593867540359497,
      0.3864193558692932
    ],
    [
      6.027290344238281,
      3.416560649871826,
      6.566938877105713,
      8.596121788024902,
      12.22057819366455,
      10.949654579162598,
      5.515163898468018,
      7.0857367515563965,
      14.203672409057617,
      15.079099655151367,
      13.745672225952148,
      14.525131225585938,
      6.23160982131958,
      5.59251594543457,
      0.369253009557724,
      0.29460838437080383,
      0.11980339884757996,
      0.11144382506608963
    ],
    [
      5.375801086425781,
      2.9436676502227783,
      6.521237373352051,
      8.291409492492676,
      11.69671630859375,
      10.538912773132324,
      5.739609718322754,
      7.25736141204834,
      13.808398246765137,
      14.643996238708496,
      12.79108715057373,
      13.90739917755127,
      5.59251594543457,
      5.536848545074463,
      0.35203075408935547,
      0.27747222781181335,
      0.12071095407009125,
      0.11160669475793839
    ],
    [
      0.41402468085289,
      0.20424623787403107,
      0.3788713216781616,
      0.5556541681289673,
      0.8831369280815125,
      0.8030636310577393,
      0.5203871726989746,
      0.6533717513084412,
      1.0280743837356567,
      1.0868932008743286,
      0.9283985495567322,
      1.0025486946105957,
      0.369253009557724,
      0.35203075408935547,
      0.058820679783821106,
      0.04269428551197052,
      0.01065762061625719,
      0.010365195572376251
    ],
    [
      0.32104331254959106,
      0.1634453982114792,
      0.2845202386379242,
      0.45518556237220764,
      0.6611674427986145,
      0.5916605591773987,
      0.4451351761817932,
      0.5504847168922424,
      0.7961947321891785,
      0.8439291715621948,
      0.7164194583892822,
      0.7651503086090088,
      0.29460838437080383,
      0.27747222781181335,
      0.04269428551197052,
      0.033499542623758316,
      0.008592341095209122,
      0.008349454961717129
    ],
    [
      0.23895663022994995,
      0.11622319370508194,
      0.19957980513572693,
      0.3881368637084961,
      0.393575519323349,
      0.36926111578941345,
      0.23672570288181305,
      0.2944805324077606,
      0.5146658420562744,
      0.5517025589942932,
      0.3798401355743408,
      0.41593867540359497,
      0.11980339884757996,
      0.12071095407009125,
      0.01065762061625719,
      0.008592341095209122,
      0.00555157195776701,
      0.004969345405697823
    ],
    [
      0.21942971646785736,
      0.10596523433923721,
      0.18060645461082458,
      0.34771037101745605,
      0.3441970944404602,
      0.3211451768875122,
      0.22930623590946198,
      0.29216548800468445,
      0.47230616211891174,
      0.5094602108001709,
      0.35592684149742126,
      0.3864193558692932,
      0.11144382506608963,
      0.11160669475793839,
      0.010365195572376251,
      0.008349454961717129,
      0.004969345405697823,
      0.005061122588813305
    ]
  ],
  "covariance_short": [
    [
      53.150630950927734,
      18.622249603271484,
      28.81386947631836,
      44.41701126098633,
      22.278867721557617,
      21.86863136291504,
      15.701520919799805,
      18.39852523803711,
      32.8836555480957,
      35.13246154785156,
      22.813148498535156,
      23.08583641052246,
      4.6635942459106445,
      4.6647515296936035,
      0.3770386576652527,
      0.2940143048763275,
      0.22454749047756195,
      0.1965225338935852
    ],
    [
      18.622249603271484,
      9.62907600402832,
      12.135632514953613,
      16.38820457458496,
      8.711957931518555,
      8.506604194641113,
      7.335491180419922,
      8.270990371704102,
      12.741177558898926,
      13.565957069396973,
      9.042557716369629,
      9.04183292388916,
      2.061793565750122,
      2.0362277030944824,
      0.16830776631832123,
      0.13711173832416534,
      0.08349265158176422,
      0.07261066883802414
    ],
    [
      28.81386947631836,
      12.135632514953613,
      82.7862548828125,
      70.51642608642578,
      42.7869873046875,
      41.74348449707031,
      22.295644760131836,
      26.54435920715332,
      46.99454116821289,
      51.13792037963867,
      31.267866134643555,
      32.38225555419922,
      6.042272090911865,
      6.409122467041016,
      0.45318132638931274,
      0.34905242919921875,
      0.23275108635425568,
      0.20932450890541077
    ],
    [
      44.41701126098633,
      16.38820457458496,
      70.51642608642578,
      101.87272644042969,
      47.693904876708984,
      47.80149459838867,
      27.518665313720703,
      32.1943359375,
      63.95732879638672,
      70.08038330078125,
      39.18523025512695,
      40.62584686279297,
      7.424570560455322,
      7.606500625610352,
      0.5440872311592102,
      0.44191882014274597,
      0.38024163246154785,
      0.3368133008480072
    ],
    [
      22.278867721557617,
      8.711957931518555,
      42.7869873046875,
      47.693904876708984,
      83.82951354980469,
      74.28766632080078,
      31.15003776550293,
      36.800472259521484,
      63.61586380004883,
      69.94345092773438,
      48.79637145996094,
      52.12077713012695,
      11.572067260742188,
      11.692802429199219,
      0.952424168586731,
      0.7171492576599121,
      0.4401170611381531,
      0.38108527660369873
    ],
    [
      21.86863136291504,
      8.506604194641113,
      41.74348449707031,
      47.80149459838867,
      74.28766632080078,
      75.89329528808594,
      27.792802810668945,
      33.29246520996094,
      62.00791931152344,
      68.32756805419922,
      47.49376678466797,
      50.537967681884766,
      10.247507095336914,
      10.520625114440918,
      0.8626382946968079,
      0.6429244875907898,
      0.41264015436172485,
      0.35787472128868103
    ],
    [
      15.701520919799805,
      7.335491180419922,
      22.295644760131836,
      27.518665313720703,
      31.15003776550293,
      27.792802810668945,
      71.63410949707031,
      63.76069259643555,
      45.53310775756836,
      45.307804107666016,
      31.695100784301758,
      33.24967575073242,
      6.481280326843262,
      6.904544830322266,
      0.6676540970802307,
      0.561216413974762,
      0.3132762312889099,
      0.2965273857116699
    ],
    [
      18.39852523803711,
      8.270990371704102,
      26.54435920715332,
      32.1943359375,
      36.800472259521484,
      33.29246520996094,
      63.76069259643555,
      74.53510284423828,
      50.39932632446289,
      53.246192932128906,
      36.37320327758789,
      38.05380630493164,
      7.3200602531433105,
      7.5643510818481445,
      0.7609696984291077,
      0.6322759985923767,
      0.36168861389160156,
      0.35162973403930664
    ],
    [
      32.8836555480957,
      12.741177558898926,
      46.99454116821289,
      63.95732879638672,
      63.61586380004883,
      62.00791931152344,
      45.53310775756836,
      50.39932632446289,
      87.58983612060547,
      90.32738494873047,
      59.74757385253906,
      63.76611328125,
      12.846238136291504,
      13.220361709594727,
      1.0565392971038818,
      0.8294532895088196,
      0.532788097858429,
      0.482055127620697
    ],
    [
      35.13246154785156,
      13.565957069396973,
      51.13792037963867,
      70.08038330078125,
      69.94345092773438,
      68.32756805419922,
      45.307804107666016,
      53.246192932128906,
      90.32738494873047,
      102.20096588134766,
      64.45226287841797,
      69.50121307373047,
      13.690099716186523,
      14.041569709777832,
      1.114897608757019,
      0.8792670369148254,
      0.5684083104133606,
      0.5185562968254089
    ],
    [
      22.813148498535156,
      9.042557716369629,
      31.267866134643555,
      39.18523025512695,
      48.79637145996094,
      47.49376678466797,
      31.695100784301758,
      36.37320327758789,
      59.74757385253906,
      64.45226287841797,
      52.70356750488281,
      54.290409088134766,
      12.645830154418945,
      12.65402603149414,
      0.9727509617805481,
      0.7607207298278809,
      0.42129409313201904,
      0.3887685239315033
    ],
    [
      23.08583641052246,
      9.04183292388916,
      32.38225555419922,
      40.62584686279297,
      52.12077713012695,
      50.537967681884766,
      33.24967575073242,
      38.05380630493164,
      63.76611328125,
      69.50121307373047,
      54.290409088134766,
      59.74873352050781,
      12.998568534851074,
      13.305998802185059,
      1.0310126543045044,
      0.7987686395645142,
      0.4493643343448639,
      0.41386839747428894
    ],
    [
      4.6635942459106445,
      2.061793565750122,
      6.042272090911865,
      7.424570560455322,
      11.572067260742188,
      10.247507095336914,
      6.481280326843262,
      7.3200602531433105,
      12.846238136291504,
      13.690099716186523,
      12.645830154418945,
      12.998568534851074,
      5.723217964172363,
      5.29684591293335,
      0.3871120810508728,
      0.3211548626422882,
      0.12695790827274323,
      0.11579711735248566
    ],
    [
      4.6647515296936035,
      2.0362277030944824,
      6.409122467041016,
      7.606500625610352,
      11.692802429199219,
      10.520625114440918,
      6.904544830322266,
      7.5643510818481445,
      13.220361709594727,
      14.041569709777832,
      12.65402603149414,
      13.305998802185059,
      5.29684591293335,
      5.6783857345581055,
      0.38887274265289307,
      0.31494438648223877,
      0.13524757325649261,
      0.1201103925704956
    ],
    [
      0.3770386576652527,
      0.16830776631832123,
      0.45318132638931274,
      0.5440872311592102,
      0.952424168586731,
      0.8626382946968079,
      0.6676540970802307,
      0.7609696984291077,
      1.0565392971038818,
      1.114897608757019,
      0.9727509617805481,
      1.0310126543045044,
      0.3871120810508728,
      0.38887274265289307,
      0.07889402657747269,
      0.05564206466078758,
      0.013216162100434303,
      0.012630004435777664
    ],
    [
      0.2940143048763275,
      0.13711173832416534,
      0.34905242919921875,
      0.44191882014274597,
      0.7171492576599121,
      0.6429244875907898,
      0.561216413974762,
      0.6322759985923767,
      0.8294532895088196,
      0.8792670369148254,
      0.7607207298278809,
      0.7987686395645142,
      0.3211548626422882,
      0.31494438648223877,
      0.05564206466078758,
      0.04973761364817619,
      0.01105800922960043,
      0.010553199797868729
    ],
    [
      0.22454749047756195,
      0.08349265158176422,
      0.23275108635425568,
      0.38024163246154785,
      0.4401170611381531,
      0.41264015436172485,
      0.3132762312889099,
      0.36168861389160156,
      0.532788097858429,
      0.5684083104133606,
      0.42129409313201904,
      0.4493643343448639,
      0.12695790827274323,
      0.13524757325649261,
      0.013216162100434303,
      0.01105800922960043,
      0.00962768867611885,
      0.006350274663418531
    ],
    [
      0.1965225338935852,
      0.07261066883802414,
      0.20932450890541077,
      0.3368133008480072,
      0.38108527660369873,
      0.35787472128868103,
      0.2965273857116699,
      0.35162973403930664,
      0.482055127620697,
      0.5185562968254089,
      0.3887685239315033,
      0.41386839747428894,
      0.11579711735248566,
      0.1201103925704956,
      0.012630004435777664,
      0.010553199797868729,
      0.006350274663418531,
      0.008869246579706669
    ]
  ],
  "drr": 8.336309432983398,
  "dynamics": 6.014453411102295,
  "format": 1245190,
  "frames": 4030464,
  "loudness": -29.310163497924805,
  "loudness_range": 18.627756118774414,
  "loudness_range_short": 20.845943450927734,
  "peak": -8.94301986694336,
  "rms": -29.14579963684082,
  "sample_rate": 44100,
  "sections": 1,
  "seekable": 1,
  "sharpness": 3.3768913745880127,
  "space": -6.224182605743408
}