{
  "bands": [
    {
      "high_freq": 148.1999969482422,
      "loudness": -38.095367431640625,
      "loudness_range": 12.268306732177734,
      "mid_mean": -36.21218490600586,
      "mid_to_side_loudness": -4.272928714752197,
      "mid_to_side_loudness_range": 12.766457557678223,
      "side_mean": -40.51835250854492
    },
    {
      "high_freq": 392.3793640136719,
      "loudness": -28.558937072753906,
      "loudness_range": 12.802793502807617,
      "low_freq": 148.1999969482422,
      "mid_mean": -26.614654541015625,
      "mid_to_side_loudness": -4.572769641876221,
      "mid_to_side_loudness_range": 13.158805847167969,
      "side_mean": -31.07256317138672
    },
    {
      "high_freq": 794.6976318359375,
      "loudness": -30.21471405029297,
      "loudness_range": 19.92645263671875,
      "low_freq": 392.3793640136719,
      "mid_mean": -28.35148811340332,
      "mid_to_side_loudness": -5.598733901977539,
      "mid_to_side_loudness_range": 19.70905303955078,
      "side_mean": -33.99626922607422
    },
    {
      "high_freq": 1457.5709228515625,
      "loudness": -34.193294525146484,
      "loudness_range": 24.97236442565918,
      "low_freq": 794.6976318359375,
      "mid_mean": -32.17038345336914,
      "mid_to_side_loudness": -6.793464183807373,
      "mid_to_side_loudness_range": 21.271038055419922,
      "side_mean": -39.171661376953125
    },
    {
      "high_freq": 2549.74365234375,
      "loudness": -40.79853439331055,
      "loudness_range": 22.124019622802734,
      "low_freq": 1457.5709228515625,
      "mid_mean": -38.60062789916992,
      "mid_to_side_loudness": -5.487502574920654,
      "mid_to_side_loudness_range": 13.737563133239746,
      "side_mean": -44.498931884765625
    },
    {
      "high_freq": 4349.24462890625,
      "loudness": -43.59258270263672,
      "loudness_range": 20.834693908691406,
      "low_freq": 2549.74365234375,
      "mid_mean": -41.316864013671875,
      "mid_to_side_loudness": -6.079558372497559,
      "mid_to_side_loudness_range": 14.78359603881836,
      "side_mean": -47.8961296081543
    },
    {
      "high_freq": 7314.1640625,
      "loudness": -50.86240005493164,
      "loudness_range": 22.605449676513672,
      "low_freq": 4349.24462890625,
      "mid_mean": -49.26300811767578,
      "mid_to_side_loudness": -5.964709758758545,
      "mid_to_side_loudness_range": 13.526522636413574,
      "side_mean": -55.56974411010742
    },
    {
      "high_freq": 12199.2666015625,
      "loudness": -61.710723876953125,
      "loudness_range": 20.767696380615234,
      "low_freq": 7314.1640625,
      "mid_mean": -59.10774612426758,
      "mid_to_side_loudness": -4.06033182144165,
      "mid_to_side_loudness_range": 9.491968154907227,
      "side_mean": -62.5985107421875
    },
    {
      "loudness": -66.86587524414062,
      "loudness_range": 16.312068939208984,
      "low_freq": 12199.2666015625,
      "mid_mean": -63.9039192199707,
      "mid_to_side_loudness": -1.2883769273757935,
      "mid_to_side_loudness_range": 3.993657112121582,
      "side_mean": -64.88079833984375
    }
  ],
  "bands_short": [
    {
      "high_freq": 148.1999969482422,
      "loudness": -43.07597351074219,
      "loudness_range": 16.179901123046875,
      "mid_mean": -41.033416748046875,
      "mid_to_side_loudness": -5.9378743171691895,
      "mid_to_side_loudness_range": 18.49698257446289,
      "side_mean": -47.12635040283203
    },
    {
      "high_freq": 392.3793640136719,
      "loudness": -28.7950439453125,
      "loudness_range": 13.78403091430664,
      "low_freq": 148.1999969482422,
      "mid_mean": -26.90184211730957,
      "mid_to_side_loudness": -4.7033772468566895,
      "mid_to_side_loudness_range": 14.959110260009766,
      "side_mean": -31.503496170043945
    },
    {
      "high_freq": 794.6976318359375,
      "loudness": -31.433652877807617,
      "loudness_range": 21.59185791015625,
      "low_freq": 392.3793640136719,
      "mid_mean": -29.68343162536621,
      "mid_to_side_loudness": -5.551056385040283,
      "mid_to_side_loudness_range": 21.169240951538086,
      "side_mean": -35.2233772277832
    },
    {
      "high_freq": 1457.5709228515625,
      "loudness": -33.982452392578125,
      "loudness_range": 26.456409454345703,
      "low_freq": 794.6976318359375,
      "mid_mean": -32.07404708862305,
      "mid_to_side_loudness": -6.619322299957275,
      "mid_to_side_loudness_range": 22.714330673217773,
      "side_mean": -39.18234634399414
    },
    {
      "high_freq": 2549.74365234375,
      "loudness": -41.50868225097656,
      "loudness_range": 23.970632553100586,
      "low_freq": 1457.5709228515625,
      "mid_mean": -39.431697845458984,
      "mid_to_side_loudness": -5.5694260597229,
      "mid_to_side_loudness_range": 15.918769836425781,
      "side_mean": -45.45635986328125
    },
    {
      "high_freq": 4349.24462890625,
      "loudness": -44.09764099121094,
      "loudness_range": 21.734561920166016,
      "low_freq": 2549.74365234375,
      "mid_mean": -41.977134704589844,
      "mid_to_side_loudness": -6.037359714508057,
      "mid_to_side_loudness_range": 16.79209327697754,
      "side_mean": -48.76069641113281
    },
    {
      "high_freq": 7314.1640625,
      "loudness": -51.20616149902344,
      "loudness_range": 23.238330841064453,
      "low_freq": 4349.24462890625,
      "mid_mean": -50.493629455566406,
      "mid_to_side_loudness": -5.630792617797852,
      "mid_to_side_loudness_range": 14.724340438842773,
      "side_mean": -55.90890884399414
    },
    {
      "high_freq": 12199.2666015625,
      "loudness": -62.4007453918457,
      "loudness_range": 21.788677215576172,
      "low_freq": 7314.1640625,
      "mid_mean": -59.695194244384766,
      "mid_to_side_loudness": -3.8163228034973145,
      "mid_to_side_loudness_range": 10.245468139648438,
      "side_mean": -62.92799758911133
    },
    {
      "loudness": -67.08294677734375,
      "loudness_range": 15.367023468017578,
      "low_freq": 12199.2666015625,
      "mid_mean": -64.08887481689453,
      "mid_to_side_loudness": -1.2390599250793457,
      "mid_to_side_loudness_range": 4.255778789520264,
      "side_mean": -65.01856994628906
    }
  ],
  "channels": 2,
  "covariance": [
    [
      23.291770935058594,
      16.316110610961914,
      6.752371311187744,
      4.201058864593506,
      -2.5432426929473877,
      -1.6564664840698242,
      1.85689377784729,
      -1.3442726135253906,
      -2.6714189052581787,
      -2.699002981185913,
      -3.584833860397339,
      -2.10990834236145,
      1.361088752746582,
      -0.7696263194084167,
      1.0510766506195068,
      -0.8211100697517395,
      -1.1267024278640747,
      -1.5188554525375366
    ],
    [
      16.316110610961914,
      31.016096115112305,
      4.59285831451416,
      13.075396537780762,
      1.0853006839752197,
      5.824802875518799,
      1.9830931425094604,
      5.857121467590332,
      7.5067830085754395,
      8.588374137878418,
      5.1464667320251465,
      8.387627601623535,
      8.307537078857422,
      8.073756217956543,
      3.762970447540283,
      2.886977195739746,
      1.6933743953704834,
      0.2482907921075821
    ],
    [
      6.752371311187744,
      4.59285831451416,
      22.304792404174805,
      15.291465759277344,
      0.4510208070278168,
      8.928086280822754,
      9.730537414550781,
      14.228187561035156,
      2.235795259475708,
      7.98617696762085,
      1.2089457511901855,
      9.902314186096191,
      2.979771137237549,
      9.176742553710938,
      2.6988608837127686,
      5.862801551818848,
      2.476200819015503,
      3.6278955936431885
    ],
    [
      4.201058864593506,
      13.075396537780762,
      15.291465759277344,
      32.78843688964844,
      6.095150947570801,
      23.82700538635254,
      7.390907287597656,
      26.878137588500977,
      16.298025131225586,
      26.367170333862305,
      12.351438522338867,
      26.349609375,
      12.377738952636719,
      22.900623321533203,
      6.284367561340332,
      12.248465538024902,
      7.6198649406433105,
      7.89509916305542
    ],
    [
      -2.5432426929473877,
      1.0853006839752197,
      0.4510208070278168,
      6.095150947570801,
      55.948368072509766,
      20.916959762573242,
      2.696871519088745,
      5.148410797119141,
      12.07851791381836,
      8.379981994628906,
      6.1234002113342285,
      7.932039737701416,
      9.823285102844238,
      7.681874752044678,
      1.4574748277664185,
      2.5133540630340576,
      5.526190280914307,
      5.094452381134033
    ],
    [
      -1.6564664840698242,
      5.824802875518799,
      8.928086280822754,
      23.82700538635254,
      20.916959762573242,
      36.634403228759766,
      5.139261245727539,
      27.410676956176758,
      20.352060317993164,
      30.797441482543945,
      13.1675386428833,
      28.573366165161133,
      14.988814353942871,
      24.894271850585938,
      6.462928771972656,
      12.57950496673584,
      7.9781107902526855,
      8.275848388671875
    ],
    [
      1.85689377784729,
      1.9830931425094604,
      9.730537414550781,
      7.390907287597656,
      2.696871519088745,
      5.139261245727539,
      79.37464904785156,
      30.49367904663086,
      5.437166690826416,
      6.793972015380859,
      30.946489334106445,
      16.617305755615234,
      39.87030792236328,
      18.873550415039062,
      25.95450210571289,
      11.494049072265625,
      8.663116455078125,
      6.614119052886963
    ],
    [
      -1.3442726135253906,
      5.857121467590332,
      14.228187561035156,
      26.878137588500977,
      5.148410797119141,
      27.410676956176758,
      30.49367904663086,
      45.57120895385742,
      21.81275749206543,
      34.4739990234375,
      24.52952766418457,
      36.83478927612305,
      28.06609535217285,
      34.778709411621094,
      17.39801788330078,
      19.91780662536621,
      10.884929656982422,
      11.712152481079102
    ],
    [
      -2.6714189052581787,
      7.5067830085754395,
      2.235795259475708,
      16.298025131225586,
      12.07851791381836,
      20.352060317993164,
      5.437166690826416,
      21.81275749206543,
      55.294403076171875,
      35.954471588134766,
      38.4378776550293,
      31.734214782714844,
      36.271419525146484,
      30.779420852661133,
      25.24965476989746,
      19.39098358154297,
      12.462753295898438,
      9.56068229675293
    ],
    [
      -2.699002981185913,
      8.588374137878418,
      7.98617696762085,
      26.367170333862305,
      8.379981994628906,
      30.797441482543945,
      6.793972015380859,
      34.4739990234375,
      35.954471588134766,
      46.45869064331055,
      25.113693237304688,
      40.810302734375,
      26.318477630615234,
      36.533966064453125,
      17.107006072998047,
      22.016403198242188,
      12.647791862487793,
      12.597469329833984
    ],
    [
      -3.584833860397339,
      5.1464667320251465,
      1.2089457511901855,
      12.351438522338867,
      6.1234002113342285,
      13.1675386428833,
      30.946489334106445,
      24.52952766418457,
      38.4378776550293,
      25.113693237304688,
      52.549320220947266,
      32.5078010559082,
      50.489192962646484,
      34.041744232177734,
      35.81760025024414,
      23.066268920898438,
      18.164884567260742,
      13.50098705291748
    ],
    [
      -2.10990834236145,
      8.387627601623535,
      9.902314186096191,
      26.349609375,
      7.932039737701416,
      28.573366165161133,
      16.617305755615234,
      36.83478927612305,
      31.734214782714844,
      40.810302734375,
      32.5078010559082,
      47.105934143066406,
      33.69101333618164,
      41.78312683105469,
      23.550525665283203,
      26.93021011352539,
      18.461137771606445,
      17.12376594543457
    ],
    [
      1.361088752746582,
      8.307537078857422,
      2.979771137237549,
      12.377738952636719,
      9.823285102844238,
      14.988814353942871,
      39.87030792236328,
      28.06609535217285,
      36.271419525146484,
      26.318477630615234,
      50.489192962646484,
      33.69101333618164,
      70.97115325927734,
      45.771873474121094,
      45.071006774902344,
      28.231719970703125,
      22.449007034301758,
      17.045631408691406
    ],
    [
      -0.7696263194084167,
      8.073756217956543,
      9.176742553710938,
      22.900623321533203,
      7.681874752044678,
      24.894271850585938,
      18.873550415039062,
      34.778709411621094,
      30.779420852661133,
      36.533966064453125,
      34.041744232177734,
      41.78312683105469,
      45.771873474121094,
      52.01644515991211,
      33.98430633544922,
      32.13667297363281,
      23.05061912536621,
      20.65117835998535
    ],
    [
      1.0510766506195068,
      3.762970447540283,
      2.6988608837127686,
      6.284367561340332,
      1.4574748277664185,
      6.462928771972656,
      25.95450210571289,
      17.39801788330078,
      25.24965476989746,
      17.107006072998047,
      35.81760025024414,
      23.550525665283203,
      45.071006774902344,
      33.98430633544922,
      40.722408294677734,
      27.71186637878418,
      21.279216766357422,
      16.922807693481445
    ],
    [
      -0.8211100697517395,
      2.886977195739746,
      5.862801551818848,
      12.248465538024902,
      2.5133540630340576,
      12.57950496673584,
      11.494049072265625,
      19.91780662536621,
      19.39098358154297,
      22.016403198242188,
      23.066268920898438,
      26.93021011352539,
      28.231719970703125,
      32.13667297363281,
      27.71186637878418,
      26.804805755615234,
      19.660140991210938,
      17.734922409057617
    ],
    [
      -1.1267024278640747,
      1.6933743953704834,
      2.476200819015503,
      7.6198649406433105,
      5.526190280914307,
      7.9781107902526855,
      8.663116455078125,
      10.884929656982422,
      12.462753295898438,
      12.647791862487793,
      18.164884567260742,
      18.461137771606445,
      22.449007034301758,
      23.05061912536621,
      21.279216766357422,
      19.660140991210938,
      22.212982177734375,
      17.678447723388672
    ],
    [
      -1.5188554525375366,
      0.2482907921075821,
      3.6278955936431885,
      7.89509916305542,
      5.094452381134033,
      8.275848388671875,
      6.614119052886963,
      11.712152481079102,
      9.56068229675293,
      12.597469329833984,
      13.50098705291748,
      17.12376594543457,
      17.045631408691406,
      20.65117835998535,
      16.922807693481445,
      17.734922409057617,
      17.678447723388672,
      15.361190795898438
    ]
  ],
  "covariance_short": [
    [
      36.031776428222656,
      18.396215438842773,
      9.961682319641113,
      1.4508898258209229,
      -3.812814950942993,
      -5.679009914398193,
      7.082333087921143,
      -3.5987701416015625,
      -10.370515823364258,
      -9.627154350280762,
      -4.985251426696777,
      -4.420855522155762,
      0.27455374598503113,
      -3.4227843284606934,
      0.8282026648521423,
      -1.8153908252716064,
      -1.031604528427124,
      -1.4211453199386597
    ],
    [
      18.396215438842773,
      40.63019561767578,
      8.564484596252441,
      15.59786605834961,
      0.5874999761581421,
      7.569295883178711,
      7.227356433868408,
      7.461475372314453,
      4.233006954193115,
      9.230175971984863,
      7.518194198608398,
      13.487067222595215,
      11.422745704650879,
      12.084320068359375,
      6.298192501068115,
      6.105875015258789,
      4.823394298553467,
      3.223590135574341
    ],
    [
      9.961682319641113,
      8.564484596252441,
      25.7208251953125,
      17.22882080078125,
      3.64451265335083,
      12.149810791015625,
      8.83712387084961,
      13.715599060058594,
      4.931687355041504,
      10.4157075881958,
      2.83424973487854,
      13.217550277709961,
      4.5749053955078125,
      10.182433128356934,
      3.346327066421509,
      6.402485370635986,
      2.9761762619018555,
      3.830475091934204
    ],
    [
      1.4508898258209229,
      15.59786605834961,
      17.22882080078125,
      37.69093704223633,
      10.163931846618652,
      28.94261932373047,
      6.84163236618042,
      26.339292526245117,
      19.02992057800293,
      30.817989349365234,
      14.068488121032715,
      30.61264991760254,
      15.226573944091797,
      25.222841262817383,
      8.187129974365234,
      13.954963684082031,
      8.767513275146484,
      8.726137161254883
    ],
    [
      -3.812814950942993,
      0.5874999761581421,
      3.64451265335083,
      10.163931846618652,
      62.61545944213867,
      27.74342155456543,
      -0.5253182053565979,
      9.229390144348145,
      16.26530647277832,
      13.61713981628418,
      9.822402000427246,
      14.2855224609375,
      12.339974403381348,
      12.093647003173828,
      4.812136650085449,
      6.504196643829346,
      7.900043964385986,
      7.224842548370361
    ],
    [
      -5.679009914398193,
      7.569295883178711,
      12.149810791015625,
      28.94261932373047,
      27.74342155456543,
      49.00657653808594,
      5.054657936096191,
      32.19202423095703,
      26.087553024291992,
      38.989742279052734,
      16.270986557006836,
      36.33269500732422,
      18.553804397583008,
      30.551620483398438,
      9.085050582885742,
      16.638456344604492,
      10.535479545593262,
      10.732162475585938
    ],
    [
      7.082333087921143,
      7.227356433868408,
      8.83712387084961,
      6.84163236618042,
      -0.5253182053565979,
      5.054657936096191,
      88.10526275634766,
      32.39527130126953,
      10.582494735717773,
      7.997541427612305,
      35.18947219848633,
      17.933263778686523,
      44.20241165161133,
      21.102489471435547,
      29.394920349121094,
      14.094263076782227,
      10.694663047790527,
      7.9581403732299805
    ],
    [
      -3.5987701416015625,
      7.461475372314453,
      13.715599060058594,
      26.339292526245117,
      9.229390144348145,
      32.19202423095703,
      32.39527130126953,
      49.19689178466797,
      26.399309158325195,
      38.63718032836914,
      26.79515838623047,
      39.493743896484375,
      31.6396427154541,
      37.21916198730469,
      20.066137313842773,
      22.368816375732422,
      12.748571395874023,
      13.114655494689941
    ],
    [
      -10.370515823364258,
      4.233006954193115,
      4.931687355041504,
      19.02992057800293,
      16.26530647277832,
      26.087553024291992,
      10.582494735717773,
      26.399309158325195,
      66.05948638916016,
      43.87774658203125,
      43.03142166137695,
      38.22249221801758,
      42.79132843017578,
      36.57036209106445,
      28.243206024169922,
      22.379390716552734,
      14.196916580200195,
      11.157042503356934
    ],
    [
      -9.627154350280762,
      9.230175971984863,
      10.4157075881958,
      30.817989349365234,
      13.61713981628418,
      38.989742279052734,
      7.997541427612305,
      38.63718032836914,
      43.87774658203125,
      58.33064651489258,
      29.009078979492188,
      48.80451965332031,
      31.33464241027832,
      42.96472930908203,
      19.51735496520996,
      25.336217880249023,
      14.642888069152832,
      14.404267311096191
    ],
    [
      -4.985251426696777,
      7.518194198608398,
      2.83424973487854,
      14.068488121032715,
      9.822402000427246,
      16.270986557006836,
      35.18947219848633,
      26.79515838623047,
      43.03142166137695,
      29.009078979492188,
      60.486751556396484,
      36.97081756591797,
      57.63638687133789,
      38.61244201660156,
      39.80531311035156,
      25.914220809936523,
      19.91195297241211,
      14.984357833862305
    ],
    [
      -4.420855522155762,
      13.487067222595215,
      13.217550277709961,
      30.61264991760254,
      14.2855224609375,
      36.33269500732422,
      17.933263778686523,
      39.493743896484375,
      38.22249221801758,
      48.80451965332031,
      36.97081756591797,
      58.902862548828125,
      42.34958267211914,
      49.398624420166016,
      27.71833038330078,
      30.396291732788086,
      19.93248176574707,
      18.430994033813477
    ],
    [
      0.27455374598503113,
      11.422745704650879,
      4.5749053955078125,
      15.226573944091797,
      12.339974403381348,
      18.553804397583008,
      44.20241165161133,
      31.6396427154541,
      42.79132843017578,
      31.33464241027832,
      57.63638687133789,
      42.34958267211914,
      87.99169921875,
      57.52671432495117,
      53.56764602661133,
      34.25830841064453,
      26.51764488220215,
      20.478492736816406
    ],
    [
      -3.4227843284606934,
      12.084320068359375,
      10.182433128356934,
      25.222841262817383,
      12.093647003173828,
      30.551620483398438,
      21.102489471435547,
      37.21916198730469,
      36.57036209106445,
      42.96472930908203,
      38.61244201660156,
      49.398624420166016,
      57.52671432495117,
      57.35750961303711,
      36.0720329284668,
      33.86965560913086,
      23.211891174316406,
      20.90011215209961
    ],
    [
      0.8282026648521423,
      6.298192501068115,
      3.346327066421509,
      8.187129974365234,
      4.812136650085449,
      9.085050582885742,
      29.394920349121094,
      20.066137313842773,
      28.243206024169922,
      19.51735496520996,
      39.80531311035156,
      27.71833038330078,
      53.56764602661133,
      36.0720329284668,
      42.68475341796875,
      28.364927291870117,
      21.247730255126953,
      16.836841583251953
    ],
    [
      -1.8153908252716064,
      6.105875015258789,
      6.402485370635986,
      13.954963684082031,
      6.504196643829346,
      16.638456344604492,
      14.094263076782227,
      22.368816375732422,
      22.379390716552734,
      25.336217880249023,
      25.914220809936523,
      30.396291732788086,
      34.25830841064453,
      33.86965560913086,
      28.364927291870117,
      26.94703483581543,
      18.715192794799805,
      16.994543075561523
    ],
    [
      -1.031604528427124,
      4.823394298553467,
      2.9761762619018555,
      8.767513275146484,
      7.900043964385986,
      10.535479545593262,
      10.694663047790527,
      12.748571395874023,
      14.196916580200195,
      14.642888069152832,
      19.91195297241211,
      19.93248176574707,
      26.51764488220215,
      23.211891174316406,
      21.247730255126953,
      18.715192794799805,
      21.17136573791504,
      16.638961791992188
    ],
    [
      -1.4211453199386597,
      3.223590135574341,
      3.830475091934204,
      8.726137161254883,
      7.224842548370361,
      10.732162475585938,
      7.9581403732299805,
      13.114655494689941,
      11.157042503356934,
      14.404267311096191,
      14.984357833862305,
      18.430994033813477,
      20.478492736816406,
      20.90011215209961,
      16.836841583251953,
      16.994543075561523,
      16.638961791992188,
      14.598543167114258
    ]
  ],
  "drr": 8.40554141998291,
  "dynamics": 3.6153998374938965,
  "format": 1245190,
  "frames": 8192000,
  "loudness": -19.4436092376709,
  "loudness_range": 9.857902526855469,
  "loudness_range_short": 11.554316520690918,
  "peak": -0.5019619464874268,
  "rms": -20.940900802612305,
  "sample_rate": 44100,
  "sections": 1,
  "seekable": 1,
  "sharpness": 2.035731554031372,
  "space": -7.698851108551025
}