{
  "bands": [
    {
      "high_freq": 148.1999969482422,
      "loudness": -20.025405883789062,
      "loudness_range": 17.13163185119629,
      "mid_mean": -16.44007110595703,
      "mid_to_side_loudness": -25.4482364654541,
      "mid_to_side_loudness_range": 21.837297439575195,
      "side_mean": -43.440765380859375
    },
    {
      "high_freq": 392.3793640136719,
      "loudness": -21.856969833374023,
      "loudness_range": 16.11330795288086,
      "low_freq": 148.1999969482422,
      "mid_mean": -18.33987808227539,
      "mid_to_side_loudness": -14.98731517791748,
      "mid_to_side_loudness_range": 12.204785346984863,
      "side_mean": -33.68946838378906
    },
    {
      "high_freq": 794.6976318359375,
      "loudness": -22.925268173217773,
      "loudness_range": 14.625005722045898,
      "low_freq": 392.3793640136719,
      "mid_mean": -19.5553035736084,
      "mid_to_side_loudness": -14.922079086303711,
      "mid_to_side_loudness_range": 14.005273818969727,
      "side_mean": -34.86152648925781
    },
    {
      "high_freq": 1457.5709228515625,
      "loudness": -25.60209083557129,
      "loudness_range": 17.896141052246094,
      "low_freq": 794.6976318359375,
      "mid_mean": -22.2903995513916,
      "mid_to_side_loudness": -13.990832328796387,
      "mid_to_side_loudness_range": 16.96692657470703,
      "side_mean": -35.89311218261719
    },
    {
      "high_freq": 2549.74365234375,
      "loudness": -24.48485565185547,
      "loudness_range": 17.622207641601562,
      "low_freq": 1457.5709228515625,
      "mid_mean": -21.169384002685547,
      "mid_to_side_loudness": -13.742887496948242,
      "mid_to_side_loudness_range": 14.667952537536621,
      "side_mean": -34.92251968383789
    },
    {
      "high_freq": 4349.24462890625,
      "loudness": -28.2255916595459,
      "loudness_range": 15.77253532409668,
      "low_freq": 2549.74365234375,
      "mid_mean": -24.958017349243164,
      "mid_to_side_loudness": -11.100200653076172,
      "mid_to_side_loudness_range": 9.825722694396973,
      "side_mean": -36.02840042114258
    },
    {
      "high_freq": 7314.1640625,
      "loudness": -28.75231170654297,
      "loudness_range": 9.366386413574219,
      "low_freq": 4349.24462890625,
      "mid_mean": -25.382293701171875,
      "mid_to_side_loudness": -11.646953582763672,
      "mid_to_side_loudness_range": 7.191370964050293,
      "side_mean": -37.02928924560547
    },
    {
      "high_freq": 12199.2666015625,
      "loudness": -30.498552322387695,
      "loudness_range": 9.558185577392578,
      "low_freq": 7314.1640625,
      "mid_mean": -27.08945655822754,
      "mid_to_side_loudness": -12.120805740356445,
      "mid_to_side_loudness_range": 6.43479061126709,
      "side_mean": -39.26198959350586
    },
    {
      "loudness": -36.0693244934082,
      "loudness_range": 8.428503036499023,
      "low_freq": 12199.2666015625,
      "mid_mean": -32.64811706542969,
      "mid_to_side_loudness": -11.837350845336914,
      "mid_to_side_loudness_range": 3.0758142471313477,
      "side_mean": -44.56996536254883
    }
  ],
  "bands_short": [
    {
      "high_freq": 148.1999969482422,
      "loudness": -31.280719757080078,
      "loudness_range": 38.040367126464844,
      "mid_mean": -27.92071533203125,
      "mid_to_side_loudness": -17.5637264251709,
      "mid_to_side_loudness_range": 35.30879211425781,
      "side_mean": -50.15633773803711
    },
    {
      "high_freq": 392.3793640136719,
      "loudness": -23.91121482849121,
      "loudness_range": 28.452518463134766,
      "low_freq": 148.1999969482422,
      "mid_mean": -20.276042938232422,
      "mid_to_side_loudness": -15.063788414001465,
      "mid_to_side_loudness_range": 23.527463912963867,
      "side_mean": -37.44690704345703
    },
    {
      "high_freq": 794.6976318359375,
      "loudness": -24.405611038208008,
      "loudness_range": 22.383920669555664,
      "low_freq": 392.3793640136719,
      "mid_mean": -21.074081420898438,
      "mid_to_side_loudness": -13.912671089172363,
      "mid_to_side_loudness_range": 17.11737060546875,
      "side_mean": -36.52756118774414
    },
    {
      "high_freq": 1457.5709228515625,
      "loudness": -25.908761978149414,
      "loudness_range": 21.787853240966797,
      "low_freq": 794.6976318359375,
      "mid_mean": -22.71546173095703,
      "mid_to_side_loudness": -12.955473899841309,
      "mid_to_side_loudness_range": 19.97403335571289,
      "side_mean": -37.55208206176758
    },
    {
      "high_freq": 2549.74365234375,
      "loudness": -25.77705192565918,
      "loudness_range": 24.1088809967041,
      "low_freq": 1457.5709228515625,
      "mid_mean": -22.53840446472168,
      "mid_to_side_loudness": -12.666207313537598,
      "mid_to_side_loudness_range": 18.159587860107422,
      "side_mean": -36.88804626464844
    },
    {
      "high_freq": 4349.24462890625,
      "loudness": -29.334835052490234,
      "loudness_range": 20.71320152282715,
      "low_freq": 2549.74365234375,
      "mid_mean": -26.15196990966797,
      "mid_to_side_loudness": -10.920945167541504,
      "mid_to_side_loudness_range": 13.39889144897461,
      "side_mean": -38.01060485839844
    },
    {
      "high_freq": 7314.1640625,
      "loudness": -30.906885147094727,
      "loudness_range": 18.608457565307617,
      "low_freq": 4349.24462890625,
      "mid_mean": -27.68851661682129,
      "mid_to_side_loudness": -10.824155807495117,
      "mid_to_side_loudness_range": 12.454817771911621,
      "side_mean": -39.37525177001953
    },
    {
      "high_freq": 12199.2666015625,
      "loudness": -33.624603271484375,
      "loudness_range": 22.19813346862793,
      "low_freq": 7314.1640625,
      "mid_mean": -30.301908493041992,
      "mid_to_side_loudness": -11.2537202835083,
      "mid_to_side_loudness_range": 12.891959190368652,
      "side_mean": -43.5173225402832
    },
    {
      "loudness": -39.86386489868164,
      "loudness_range": 23.179269790649414,
      "low_freq": 12199.2666015625,
      "mid_mean": -36.70109939575195,
      "mid_to_side_loudness": -11.09937858581543,
      "mid_to_side_loudness_range": 13.10276985168457,
      "side_mean": -50.491859436035156
    }
  ],
  "channels": 2,
  "covariance": [
    [
      45.591400146484375,
      7.320638179779053,
      15.44286060333252,
      0.4458061158657074,
      9.500904083251953,
      7.799587249755859,
      13.162100791931152,
      13.633203506469727,
      13.96861743927002,
      15.26988697052002,
      7.612736701965332,
      16.961122512817383,
      -3.0075714588165283,
      3.2614378929138184,
      -3.434575080871582,
      -2.917900800704956,
      -3.4892654418945312,
      -2.945286512374878
    ],
    [
      7.320638179779053,
      17.19036102294922,
      10.854766845703125,
      12.986011505126953,
      3.7660791873931885,
      7.3417205810546875,
      3.426037549972534,
      4.769008159637451,
      4.1422038078308105,
      7.764682292938232,
      7.467520713806152,
      7.531702518463135,
      3.679095506668091,
      3.251997470855713,
      0.6731203198432922,
      0.516358494758606,
      -1.4454959630966187,
      -1.3565411567687988
    ],
    [
      15.44286060333252,
      10.854766845703125,
      36.06262969970703,
      28.79352378845215,
      20.806955337524414,
      21.618820190429688,
      15.368169784545898,
      14.581711769104004,
      17.863313674926758,
      18.18492317199707,
      17.34048843383789,
      21.218830108642578,
      7.312619209289551,
      8.93625259399414,
      1.3013410568237305,
      0.43226704001426697,
      -2.1207573413848877,
      -1.9252761602401733
    ],
    [
      0.4458061158657074,
      12.986011505126953,
      28.79352378845215,
      42.912845611572266,
      18.60023307800293,
      29.505720138549805,
      11.588119506835938,
      16.774770736694336,
      15.482588768005371,
      23.213010787963867,
      19.712717056274414,
      21.694490432739258,
      11.105209350585938,
      10.958846092224121,
      1.7335094213485718,
      3.2437453269958496,
      -3.127572536468506,
      -1.6420427560806274
    ],
    [
      9.500904083251953,
      3.7660791873931885,
      20.806955337524414,
      18.60023307800293,
      34.466609954833984,
      34.02303695678711,
      23.695207595825195,
      22.338542938232422,
      24.70453453063965,
      24.979307174682617,
      19.281429290771484,
      22.881717681884766,
      8.065200805664062,
      9.856560707092285,
      2.723646879196167,
      3.2448461055755615,
      -0.4812881648540497,
      0.1080835685133934
    ],
    [
      7.799587249755859,
      7.3417205810546875,
      21.618820190429688,
      29.505720138549805,
      34.02303695678711,
      60.47676467895508,
      28.426496505737305,
      44.92048263549805,
      33.39501190185547,
      51.39531707763672,
      28.89455223083496,
      39.06486892700195,
      11.535892486572266,
      17.14580535888672,
      2.7181403636932373,
      9.163426399230957,
      -2.3929603099823,
      1.3027536869049072
    ],
    [
      13.162100791931152,
      3.426037549972534,
      15.368169784545898,
      11.588119506835938,
      23.695207595825195,
      28.426496505737305,
      43.41360092163086,
      43.87073516845703,
      34.88233947753906,
      38.236328125,
      23.618993759155273,
      30.83036994934082,
      8.243215560913086,
      12.877111434936523,
      3.1665947437286377,
      6.17717981338501,
      0.40702036023139954,
      2.0379538536071777
    ],
    [
      13.633203506469727,
      4.769008159637451,
      14.581711769104004,
      16.774770736694336,
      22.338542938232422,
      44.92048263549805,
      43.87073516845703,
      76.85443878173828,
      40.71696472167969,
      65.85784912109375,
      29.58674430847168,
      46.741092681884766,
      8.535422325134277,
      19.378223419189453,
      1.0772616863250732,
      10.976659774780273,
      -2.679147720336914,
      2.426623821258545
    ],
    [
      13.96861743927002,
      4.1422038078308105,
      17.863313674926758,
      15.482588768005371,
      24.70453453063965,
      33.39501190185547,
      34.88233947753906,
      40.71696472167969,
      46.91590118408203,
      48.887794494628906,
      29.239402770996094,
      38.71609878540039,
      9.615408897399902,
      15.600676536560059,
      3.2219016551971436,
      6.85679817199707,
      -0.5262020826339722,
      1.8540607690811157
    ],
    [
      15.26988697052002,
      7.764682292938232,
      18.18492317199707,
      23.213010787963867,
      24.979307174682617,
      51.39531707763672,
      38.236328125,
      65.85784912109375,
      48.887794494628906,
      79.31147766113281,
      36.52866744995117,
      55.293392181396484,
      11.2012939453125,
      22.522201538085938,
      2.123137950897217,
      11.813974380493164,
      -3.125384569168091,
      2.2400965690612793
    ],
    [
      7.612736701965332,
      7.467520713806152,
      17.34048843383789,
      19.712717056274414,
      19.281429290771484,
      28.89455223083496,
      23.618993759155273,
      29.58674430847168,
      29.239402770996094,
      36.52866744995117,
      29.14992332458496,
      33.407920837402344,
      11.933247566223145,
      14.564878463745117,
      4.238034248352051,
      6.594781875610352,
      0.07849787175655365,
      1.8181103467941284
    ],
    [
      16.961122512817383,
      7.531702518463135,
      21.218830108642578,
      21.694490432739258,
      22.881717681884766,
      39.06486892700195,
      30.83036994934082,
      46.741092681884766,
      38.71609878540039,
      55.293392181396484,
      33.407920837402344,
      50.38228225708008,
      10.934656143188477,
      20.43464469909668,
      2.1066770553588867,
      8.516168594360352,
      -2.0751945972442627,
      1.755939245223999
    ],
    [
      -3.0075714588165283,
      3.679095506668091,
      7.312619209289551,
      11.105209350585938,
      8.065200805664062,
      11.535892486572266,
      8.243215560913086,
      8.535422325134277,
      9.615408897399902,
      11.2012939453125,
      11.933247566223145,
      10.934656143188477,
      12.599822998046875,
      9.392891883850098,
      8.25540828704834,
      7.249296188354492,
      4.309246063232422,
      3.909024953842163
    ],
    [
      3.2614378929138184,
      3.251997470855713,
      8.93625259399414,
      10.958846092224121,
      9.856560707092285,
      17.14580535888672,
      12.877111434936523,
      19.378223419189453,
      15.600676536560059,
      22.522201538085938,
      14.564878463745117,
      20.43464469909668,
      9.392891883850098,
      12.602066040039062,
      5.156571865081787,
      8.205016136169434,
      2.2816028594970703,
      3.9689698219299316
    ],
    [
      -3.434575080871582,
      0.6731203198432922,
      1.3013410568237305,
      1.7335094213485718,
      2.723646879196167,
      2.7181403636932373,
      3.1665947437286377,
      1.0772616863250732,
      3.2219016551971436,
      2.123137950897217,
      4.238034248352051,
      2.1066770553588867,
      8.25540828704834,
      5.156571865081787,
      10.647869110107422,
      8.568671226501465,
      7.835992336273193,
      6.576666831970215
    ],
    [
      -2.917900800704956,
      0.516358494758606,
      0.43226704001426697,
      3.2437453269958496,
      3.2448461055755615,
      9.163426399230957,
      6.17717981338501,
      10.976659774780273,
      6.85679817199707,
      11.813974380493164,
      6.594781875610352,
      8.516168594360352,
      7.249296188354492,
      8.205016136169434,
      8.568671226501465,
      11.932358741760254,
      6.172163486480713,
      7.598104000091553
    ],
    [
      -3.4892654418945312,
      -1.4454959630966187,
      -2.1207573413848877,
      -3.127572536468506,
      -0.4812881648540497,
      -2.3929603099823,
      0.40702036023139954,
      -2.679147720336914,
      -0.5262020826339722,
      -3.125384569168091,
      0.07849787175655365,
      -2.0751945972442627,
      4.309246063232422,
      2.2816028594970703,
      7.835992336273193,
      6.172163486480713,
      9.170467376708984,
      7.723255634307861
    ],
    [
      -2.945286512374878,
      -1.3565411567687988,
      -1.9252761602401733,
      -1.6420427560806274,
      0.1080835685133934,
      1.3027536869049072,
      2.0379538536071777,
      2.426623821258545,
      1.8540607690811157,
      2.2400965690612793,
      1.8181103467941284,
      1.755939245223999,
      3.909024953842163,
      3.9689698219299316,
      6.576666831970215,
      7.598104000091553,
      7.723255634307861,
      8.115884780883789
    ]
  ],
  "covariance_short": [
    [
      217.93551635742188,
      44.717926025390625,
      89.04891967773438,
      36.263282775878906,
      28.148122787475586,
      23.832881927490234,
      27.415346145629883,
      36.75178527832031,
      35.10599899291992,
      40.994136810302734,
      29.046676635742188,
      50.08588409423828,
      2.1723921298980713,
      21.903030395507812,
      -2.142033338546753,
      -1.3029528856277466,
      -4.154446601867676,
      -0.22082319855690002
    ],
    [
      44.717926025390625,
      55.8837890625,
      25.26906394958496,
      20.555498123168945,
      8.718273162841797,
      11.261526107788086,
      7.017561435699463,
      8.636168479919434,
      9.154183387756348,
      11.414533615112305,
      10.125791549682617,
      16.397594451904297,
      8.102666854858398,
      12.3207368850708,
      7.64165735244751,
      7.69631290435791,
      6.693890571594238,
      14.963812828063965
    ],
    [
      89.04891967773438,
      25.26906394958496,
      102.74763488769531,
      55.17434310913086,
      42.28306198120117,
      37.35069274902344,
      22.71194076538086,
      28.561800003051758,
      32.34213638305664,
      34.43027114868164,
      29.671119689941406,
      40.48193359375,
      13.527155876159668,
      22.69922637939453,
      7.798868179321289,
      8.61802864074707,
      6.039782524108887,
      10.435885429382324
    ],
    [
      36.263282775878906,
      20.555498123168945,
      55.17434310913086,
      74.84259033203125,
      31.114038467407227,
      44.21440505981445,
      12.913006782531738,
      26.890579223632812,
      22.56965446472168,
      35.47393035888672,
      29.29559326171875,
      35.869632720947266,
      24.281024932861328,
      28.626235961914062,
      17.89975357055664,
      24.98324203491211,
      13.702178955078125,
      23.531076431274414
    ],
    [
      28.148122787475586,
      8.718273162841797,
      42.28306198120117,
      31.114038467407227,
      65.9582290649414,
      53.02413558959961,
      29.775150299072266,
      36.77223587036133,
      38.15102767944336,
      41.12516784667969,
      28.075767517089844,
      35.64370346069336,
      10.75619125366211,
      17.53802490234375,
      4.552950859069824,
      8.446822166442871,
      2.575489044189453,
      7.866113662719727
    ],
    [
      23.832881927490234,
      11.261526107788086,
      37.35069274902344,
      44.21440505981445,
      53.02413558959961,
      86.41596984863281,
      29.5056209564209,
      60.96294403076172,
      42.35447692871094,
      67.73331451416016,
      38.98139953613281,
      57.402000427246094,
      20.22697639465332,
      33.44379806518555,
      12.42689037322998,
      25.98963737487793,
      6.611447811126709,
      21.238422393798828
    ],
    [
      27.415346145629883,
      7.017561435699463,
      22.71194076538086,
      12.913006782531738,
      29.775150299072266,
      29.5056209564209,
      66.62838745117188,
      62.998592376708984,
      47.3287239074707,
      50.93099594116211,
      32.106849670410156,
      41.545936584472656,
      11.197054862976074,
      20.17249870300293,
      4.496023178100586,
      12.150250434875488,
      1.5268199443817139,
      11.961273193359375
    ],
    [
      36.75178527832031,
      8.636168479919434,
      28.561800003051758,
      26.890579223632812,
      36.77223587036133,
      60.96294403076172,
      62.998592376708984,
      116.17558288574219,
      60.00394821166992,
      94.04232025146484,
      47.821014404296875,
      74.31346130371094,
      19.12428092956543,
      38.44407653808594,
      8.974041938781738,
      26.5468692779541,
      1.5605167150497437,
      20.516056060791016
    ],
    [
      35.10599899291992,
      9.154183387756348,
      32.34213638305664,
      22.56965446472168,
      38.15102767944336,
      42.35447692871094,
      47.3287239074707,
      60.00394821166992,
      76.87311553955078,
      72.9613037109375,
      46.155433654785156,
      56.71950149536133,
      16.995342254638672,
      27.34542465209961,
      6.3154144287109375,
      13.7567777633667,
      0.8202186226844788,
      10.83922290802002
    ],
    [
      40.994136810302734,
      11.414533615112305,
      34.43027114868164,
      35.47393035888672,
      41.12516784667969,
      67.73331451416016,
      50.93099594116211,
      94.04232025146484,
      72.9613037109375,
      114.57618713378906,
      57.0276985168457,
      84.8242416381836,
      25.608850479125977,
      45.26161575317383,
      13.99571418762207,
      30.971389770507812,
      4.660626411437988,
      23.351194381713867
    ],
    [
      29.046676635742188,
      10.125791549682617,
      29.671119689941406,
      29.29559326171875,
      28.075767517089844,
      38.98139953613281,
      32.106849670410156,
      47.821014404296875,
      46.155433654785156,
      57.0276985168457,
      58.535301208496094,
      58.713401794433594,
      28.747236251831055,
      33.398841857910156,
      18.44798469543457,
      23.67668342590332,
      13.766241073608398,
      21.334693908691406
    ],
    [
      50.08588409423828,
      16.397594451904297,
      40.48193359375,
      35.869632720947266,
      35.64370346069336,
      57.402000427246094,
      41.545936584472656,
      74.31346130371094,
      56.71950149536133,
      84.8242416381836,
      58.713401794433594,
      93.18836212158203,
      31.334409713745117,
      52.56658935546875,
      22.5341796875,
      36.5007438659668,
      16.31909942626953,
      32.908451080322266
    ],
    [
      2.1723921298980713,
      8.102666854858398,
      13.527155876159668,
      24.281024932861328,
      10.75619125366211,
      20.22697639465332,
      11.197054862976074,
      19.12428092956543,
      16.995342254638672,
      25.608850479125977,
      28.747236251831055,
      31.334409713745117,
      49.02873992919922,
      38.51600646972656,
      44.0770263671875,
      42.78315353393555,
      39.95670700073242,
      42.469879150390625
    ],
    [
      21.903030395507812,
      12.3207368850708,
      22.69922637939453,
      28.626235961914062,
      17.53802490234375,
      33.44379806518555,
      20.17249870300293,
      38.44407653808594,
      27.34542465209961,
      45.26161575317383,
      33.398841857910156,
      52.56658935546875,
      38.51600646972656,
      54.04068374633789,
      37.99982833862305,
      48.579097747802734,
      33.89978790283203,
      47.45420837402344
    ],
    [
      -2.142033338546753,
      7.64165735244751,
      7.798868179321289,
      17.89975357055664,
      4.552950859069824,
      12.42689037322998,
      4.496023178100586,
      8.974041938781738,
      6.3154144287109375,
      13.99571418762207,
      18.44798469543457,
      22.5341796875,
      44.0770263671875,
      37.99982833862305,
      66.02360534667969,
      54.444007873535156,
      61.47895050048828,
      56.45890808105469
    ],
    [
      -1.3029528856277466,
      7.69631290435791,
      8.61802864074707,
      24.98324203491211,
      8.446822166442871,
      25.98963737487793,
      12.150250434875488,
      26.5468692779541,
      13.7567777633667,
      30.971389770507812,
      23.67668342590332,
      36.5007438659668,
      42.78315353393555,
      48.579097747802734,
      54.444007873535156,
      75.95276641845703,
      51.18938064575195,
      74.4925308227539
    ],
    [
      -4.154446601867676,
      6.693890571594238,
      6.039782524108887,
      13.702178955078125,
      2.575489044189453,
      6.611447811126709,
      1.5268199443817139,
      1.5605167150497437,
      0.8202186226844788,
      4.660626411437988,
      13.766241073608398,
      16.31909942626953,
      39.95670700073242,
      33.89978790283203,
      61.47895050048828,
      51.18938064575195,
      74.92604064941406,
      61.779666900634766
    ],
    [
      -0.22082319855690002,
      14.963812828063965,
      10.435885429382324,
      23.531076431274414,
      7.866113662719727,
      21.238422393798828,
      11.961273193359375,
      20.516056060791016,
      10.83922290802002,
      23.351194381713867,
      21.334693908691406,
      32.908451080322266,
      42.469879150390625,
      47.45420837402344,
      56.45890808105469,
      74.4925308227539,
      61.779666900634766,
      89.39403533935547
    ]
  ],
  "drr": 17.006385803222656,
  "dynamics": 3.5672659873962402,
  "format": 1245190,
  "frames": 11370496,
  "loudness": -10.09533405303955,
  "loudness_range": 9.082880020141602,
  "loudness_range_short": 15.520491600036621,
  "peak": 0.6637964844703674,
  "rms": -11.333882331848145,
  "sample_rate": 44100,
  "sections": 1,
  "seekable": 1,
  "sharpness": 4.413451194763184,
  "space": -15.039504051208496
}