{
  "bands": [
    {
      "high_freq": 148.1999969482422,
      "loudness": -39.80583953857422,
      "loudness_range": 18.98098373413086,
      "mid_mean": -36.35631561279297,
      "mid_to_side_loudness": -12.80158805847168,
      "mid_to_side_loudness_range": 7.744477272033691,
      "side_mean": -49.3211669921875
    },
    {
      "high_freq": 392.3793640136719,
      "loudness": -26.480369567871094,
      "loudness_range": 19.194473266601562,
      "low_freq": 148.1999969482422,
      "mid_mean": -23.791492462158203,
      "mid_to_side_loudness": -6.964329719543457,
      "mid_to_side_loudness_range": 7.999181270599365,
      "side_mean": -30.662935256958008
    },
    {
      "high_freq": 794.6976318359375,
      "loudness": -26.34882164001465,
      "loudness_range": 15.04002571105957,
      "low_freq": 392.3793640136719,
      "mid_mean": -24.149377822875977,
      "mid_to_side_loudness": -4.397153854370117,
      "mid_to_side_loudness_range": 7.151332855224609,
      "side_mean": -28.456758499145508
    },
    {
      "high_freq": 1457.5709228515625,
      "loudness": -32.24285125732422,
      "loudness_range": 17.09502410888672,
      "low_freq": 794.6976318359375,
      "mid_mean": -29.912261962890625,
      "mid_to_side_loudness": -4.806986331939697,
      "mid_to_side_loudness_range": 7.1643500328063965,
      "side_mean": -34.65208435058594
    },
    {
      "high_freq": 2549.74365234375,
      "loudness": -36.25288772583008,
      "loudness_range": 18.56025505065918,
      "low_freq": 1457.5709228515625,
      "mid_mean": -34.214115142822266,
      "mid_to_side_loudness": -3.6264655590057373,
      "mid_to_side_loudness_range": 5.547252178192139,
      "side_mean": -37.80524444580078
    },
    {
      "high_freq": 4349.24462890625,
      "loudness": -47.0063591003418,
      "loudness_range": 22.549842834472656,
      "low_freq": 2549.74365234375,
      "mid_mean": -46.3873291015625,
      "mid_to_side_loudness": -0.3004593253135681,
      "mid_to_side_loudness_range": 5.481435775756836,
      "side_mean": -46.58534622192383
    },
    {
      "high_freq": 7314.1640625,
      "loudness": -62.274452209472656,
      "loudness_range": 25.827110290527344,
      "low_freq": 4349.24462890625,
      "mid_mean": -62.065574645996094,
      "mid_to_side_loudness": 3.533998489379883,
      "mid_to_side_loudness_range": 5.593569755554199,
      "side_mean": -59.148399353027344
    },
    {
      "high_freq": 12199.2666015625,
      "loudness": -71.5519790649414,
      "loudness_range": 11.142498016357422,
      "low_freq": 7314.1640625,
      "mid_mean": -67.21307373046875,
      "mid_to_side_loudness": 0.13985759019851685,
      "mid_to_side_loudness_range": 2.203277111053467,
      "side_mean": -67.03656768798828
    },
    {
      "loudness": -72.26667022705078,
      "loudness_range": 2.6760940551757812,
      "low_freq": 12199.2666015625,
      "mid_mean": -67.6998062133789,
      "mid_to_side_loudness": -0.26559486985206604,
      "mid_to_side_loudness_range": 0.5324170589447021,
      "side_mean": -67.7651138305664
    }
  ],
  "bands_short": [
    {
      "high_freq": 148.1999969482422,
      "loudness": -43.97249984741211,
      "loudness_range": 19.92282485961914,
      "mid_mean": -40.62397384643555,
      "mid_to_side_loudness": -12.954723358154297,
      "mid_to_side_loudness_range": 15.22734260559082,
      "side_mean": -53.92369842529297
    },
    {
      "high_freq": 392.3793640136719,
      "loudness": -27.66064453125,
      "loudness_range": 21.581409454345703,
      "low_freq": 148.1999969482422,
      "mid_mean": -25.07517433166504,
      "mid_to_side_loudness": -7.276115417480469,
      "mid_to_side_loudness_range": 10.883020401000977,
      "side_mean": -32.1018180847168
    },
    {
      "high_freq": 794.6976318359375,
      "loudness": -26.949695587158203,
      "loudness_range": 16.54787826538086,
      "low_freq": 392.3793640136719,
      "mid_mean": -24.85068702697754,
      "mid_to_side_loudness": -4.575990200042725,
      "mid_to_side_loudness_range": 10.210065841674805,
      "side_mean": -29.273883819580078
    },
    {
      "high_freq": 1457.5709228515625,
      "loudness": -32.64546585083008,
      "loudness_range": 19.639280319213867,
      "low_freq": 794.6976318359375,
      "mid_mean": -30.442882537841797,
      "mid_to_side_loudness": -4.6929497718811035,
      "mid_to_side_loudness_range": 8.869766235351562,
      "side_mean": -35.000389099121094
    },
    {
      "high_freq": 2549.74365234375,
      "loudness": -37.45741653442383,
      "loudness_range": 20.976255416870117,
      "low_freq": 1457.5709228515625,
      "mid_mean": -35.52093505859375,
      "mid_to_side_loudness": -3.694566249847412,
      "mid_to_side_loudness_range": 7.8176116943359375,
      "side_mean": -39.10097122192383
    },
    {
      "high_freq": 4349.24462890625,
      "loudness": -47.579261779785156,
      "loudness_range": 24.590835571289062,
      "low_freq": 2549.74365234375,
      "mid_mean": -46.94800567626953,
      "mid_to_side_loudness": -0.4358767867088318,
      "mid_to_side_loudness_range": 7.8220415115356445,
      "side_mean": -47.320556640625
    },
    {
      "high_freq": 7314.1640625,
      "loudness": -63.34859848022461,
      "loudness_range": 26.594215393066406,
      "low_freq": 4349.24462890625,
      "mid_mean": -62.68523406982422,
      "mid_to_side_loudness": 3.2675859928131104,
      "mid_to_side_loudness_range": 6.974250793457031,
      "side_mean": -60.04615783691406
    },
    {
      "high_freq": 12199.2666015625,
      "loudness": -72.00257110595703,
      "loudness_range": 10.077468872070312,
      "low_freq": 7314.1640625,
      "mid_mean": -67.42410278320312,
      "mid_to_side_loudness": 0.10030395537614822,
      "mid_to_side_loudness_range": 2.8403513431549072,
      "side_mean": -67.29701232910156
    },
    {
      "loudness": -72.28559875488281,
      "loudness_range": 2.9294509887695312,
      "low_freq": 12199.2666015625,
      "mid_mean": -67.703369140625,
      "mid_to_side_loudness": -0.24482187628746033,
      "mid_to_side_loudness_range": 1.3509036302566528,
      "side_mean": -67.7656021118164
    }
  ],
  "channels": 2,
  "covariance": [
    [
      42.29941940307617,
      35.58891296386719,
      29.145191192626953,
      21.222095489501953,
      5.274757385253906,
      2.7532601356506348,
      8.700748443603516,
      7.710385799407959,
      12.432025909423828,
      14.154022216796875,
      18.816219329833984,
      18.721954345703125,
      10.876294136047363,
      12.458172798156738,
      2.142127752304077,
      2.5395283699035645,
      0.6464381814002991,
      0.53575199842453
    ],
    [
      35.58891296386719,
      37.25322723388672,
      25.54791831970215,
      19.11313819885254,
      7.319379806518555,
      4.707266807556152,
      9.79217529296875,
      9.444293975830078,
      13.128249168395996,
      15.056574821472168,
      19.38411521911621,
      19.75439453125,
      12.377943992614746,
      14.500025749206543,
      2.819593906402588,
      3.2017388343811035,
      0.9689645171165466,
      0.8403826355934143
    ],
    [
      29.145191192626953,
      25.54791831970215,
      49.96684265136719,
      43.15998458862305,
      10.485956192016602,
      9.082721710205078,
      9.626511573791504,
      8.140865325927734,
      17.348968505859375,
      18.462934494018555,
      27.217864990234375,
      26.123376846313477,
      15.380555152893066,
      18.83576202392578,
      2.567434787750244,
      3.1477341651916504,
      0.7125028967857361,
      0.6258149743080139
    ],
    [
      21.222095489501953,
      19.11313819885254,
      43.15998458862305,
      45.68157958984375,
      12.560432434082031,
      11.442839622497559,
      10.278456687927246,
      8.888591766357422,
      18.063772201538086,
      18.95977020263672,
      26.644933700561523,
      25.804203033447266,
      16.872955322265625,
      20.64162254333496,
      3.039262056350708,
      3.6779041290283203,
      0.7962781190872192,
      0.7041841149330139
    ],
    [
      5.274757385253906,
      7.319379806518555,
      10.485956192016602,
      12.560432434082031,
      25.913509368896484,
      24.91840934753418,
      19.322879791259766,
      20.185989379882812,
      23.945024490356445,
      24.614715576171875,
      30.274831771850586,
      31.571029663085938,
      24.88014793395996,
      30.256439208984375,
      6.676934242248535,
      7.6670823097229,
      1.6658803224563599,
      1.4329426288604736
    ],
    [
      2.7532601356506348,
      4.707266807556152,
      9.082721710205078,
      11.442839622497559,
      24.91840934753418,
      29.75030517578125,
      19.918210983276367,
      21.463581085205078,
      24.820175170898438,
      25.366943359375,
      32.063297271728516,
      33.149513244628906,
      26.87386703491211,
      33.26959991455078,
      7.2330169677734375,
      8.466914176940918,
      1.7158170938491821,
      1.4924695491790771
    ],
    [
      8.700748443603516,
      9.79217529296875,
      9.626511573791504,
      10.278456687927246,
      19.322879791259766,
      19.918210983276367,
      30.74247169494629,
      31.45746421813965,
      28.783676147460938,
      29.480106353759766,
      33.803932189941406,
      34.11920166015625,
      27.977031707763672,
      34.11357116699219,
      7.998577117919922,
      9.322232246398926,
      2.0127222537994385,
      1.6905230283737183
    ],
    [
      7.710385799407959,
      9.444293975830078,
      8.140865325927734,
      8.888591766357422,
      20.185989379882812,
      21.463581085205078,
      31.45746421813965,
      37.37408447265625,
      30.55581283569336,
      30.997209548950195,
      35.05903244018555,
      36.04301071166992,
      29.74376678466797,
      35.844600677490234,
      8.788561820983887,
      10.223077774047852,
      2.186591863632202,
      1.8568247556686401
    ],
    [
      12.432025909423828,
      13.128249168395996,
      17.348968505859375,
      18.063772201538086,
      23.945024490356445,
      24.820175170898438,
      28.783676147460938,
      30.55581283569336,
      44.04894256591797,
      42.214271545410156,
      48.00636672973633,
      47.84657287597656,
      36.71000289916992,
      44.823280334472656,
      9.540980339050293,
      11.222596168518066,
      2.322330951690674,
      1.9535664319992065
    ],
    [
      14.154022216796875,
      15.056574821472168,
      18.462934494018555,
      18.95977020263672,
      24.614715576171875,
      25.366943359375,
      29.480106353759766,
      30.997209548950195,
      42.214271545410156,
      44.32239532470703,
      48.14464569091797,
      48.72017288208008,
      36.90083312988281,
      45.55765914916992,
      9.3781156539917,
      11.008861541748047,
      2.3148038387298584,
      1.968652367591858
    ],
    [
      18.816219329833984,
      19.38411521911621,
      27.217864990234375,
      26.644933700561523,
      30.274831771850586,
      32.063297271728516,
      33.803932189941406,
      35.05903244018555,
      48.00636672973633,
      48.14464569091797,
      64.99020385742188,
      63.47553634643555,
      44.88312530517578,
      55.87797927856445,
      11.015070915222168,
      12.919426918029785,
      2.676058530807495,
      2.271864414215088
    ],
    [
      18.721954345703125,
      19.75439453125,
      26.123376846313477,
      25.804203033447266,
      31.571029663085938,
      33.149513244628906,
      34.11920166015625,
      36.04301071166992,
      47.84657287597656,
      48.72017288208008,
      63.47553634643555,
      66.05713653564453,
      45.568267822265625,
      56.70176696777344,
      11.097253799438477,
      12.980561256408691,
      2.726492404937744,
      2.3219656944274902
    ],
    [
      10.876294136047363,
      12.377943992614746,
      15.380555152893066,
      16.872955322265625,
      24.88014793395996,
      26.87386703491211,
      27.977031707763672,
      29.74376678466797,
      36.71000289916992,
      36.90083312988281,
      44.88312530517578,
      45.568267822265625,
      42.019676208496094,
      50.358638763427734,
      11.216404914855957,
      13.17253589630127,
      2.926595449447632,
      2.55130934715271
    ],
    [
      12.458172798156738,
      14.500025749206543,
      18.83576202392578,
      20.64162254333496,
      30.256439208984375,
      33.26959991455078,
      34.11357116699219,
      35.844600677490234,
      44.823280334472656,
      45.55765914916992,
      55.87797927856445,
      56.70176696777344,
      50.358638763427734,
      62.71824645996094,
      13.082296371459961,
      15.334687232971191,
      3.520662784576416,
      3.083585023880005
    ],
    [
      2.142127752304077,
      2.819593906402588,
      2.567434787750244,
      3.039262056350708,
      6.676934242248535,
      7.2330169677734375,
      7.998577117919922,
      8.788561820983887,
      9.540980339050293,
      9.3781156539917,
      11.015070915222168,
      11.097253799438477,
      11.216404914855957,
      13.082296371459961,
      4.670639514923096,
      5.292535305023193,
      1.0627518892288208,
      0.9148377776145935
    ],
    [
      2.5395283699035645,
      3.2017388343811035,
      3.1477341651916504,
      3.6779041290283203,
      7.6670823097229,
      8.466914176940918,
      9.322232246398926,
      10.223077774047852,
      11.222596168518066,
      11.008861541748047,
      12.919426918029785,
      12.980561256408691,
      13.17253589630127,
      15.334687232971191,
      5.292535305023193,
      6.216083526611328,
      1.2030975818634033,
      1.0313373804092407
    ],
    [
      0.6464381814002991,
      0.9689645171165466,
      0.7125028967857361,
      0.7962781190872192,
      1.6658803224563599,
      1.7158170938491821,
      2.0127222537994385,
      2.186591863632202,
      2.322330951690674,
      2.3148038387298584,
      2.676058530807495,
      2.726492404937744,
      2.926595449447632,
      3.520662784576416,
      1.0627518892288208,
      1.2030975818634033,
      0.3659828007221222,
      0.3242490589618683
    ],
    [
      0.53575199842453,
      0.8403826355934143,
      0.6258149743080139,
      0.7041841149330139,
      1.4329426288604736,
      1.4924695491790771,
      1.6905230283737183,
      1.8568247556686401,
      1.9535664319992065,
      1.968652367591858,
      2.271864414215088,
      2.3219656944274902,
      2.55130934715271,
      3.083585023880005,
      0.9148377776145935,
      1.0313373804092407,
      0.3242490589618683,
      0.29395851492881775
    ]
  ],
  "covariance_short": [
    [
      48.001243591308594,
      27.812410354614258,
      26.032888412475586,
      20.017602920532227,
      11.374762535095215,
      9.717074394226074,
      16.816633224487305,
      16.1551513671875,
      20.391468048095703,
      21.219552993774414,
      23.995256423950195,
      24.931842803955078,
      15.968111038208008,
      19.721879959106445,
      3.4381439685821533,
      3.961803674697876,
      1.0913565158843994,
      0.9403573274612427
    ],
    [
      27.812410354614258,
      38.253448486328125,
      19.380428314208984,
      16.05489158630371,
      11.2533540725708,
      10.155280113220215,
      15.659624099731445,
      15.517891883850098,
      18.279617309570312,
      19.27764320373535,
      22.193660736083984,
      23.34429168701172,
      17.99505043029785,
      22.695178985595703,
      4.267284870147705,
      4.7500529289245605,
      2.0198795795440674,
      1.8577191829681396
    ],
    [
      26.032888412475586,
      19.380428314208984,
      62.609012603759766,
      51.02936935424805,
      16.457843780517578,
      14.712861061096191,
      15.974231719970703,
      15.280104637145996,
      24.512460708618164,
      25.283727645874023,
      31.85280990600586,
      30.46550178527832,
      16.83565330505371,
      21.498624801635742,
      2.938631057739258,
      3.375161647796631,
      0.9960511326789856,
      0.8715079426765442
    ],
    [
      20.017602920532227,
      16.05489158630371,
      51.02936935424805,
      56.745609283447266,
      17.5732479095459,
      16.813344955444336,
      14.958026885986328,
      14.08763313293457,
      22.581645965576172,
      23.530969619750977,
      30.12191390991211,
      28.998233795166016,
      17.06744384765625,
      21.6486759185791,
      2.9981703758239746,
      3.4538886547088623,
      0.9864152669906616,
      0.8708379864692688
    ],
    [
      11.374762535095215,
      11.2533540725708,
      16.457843780517578,
      17.5732479095459,
      32.80025863647461,
      29.577360153198242,
      24.386829376220703,
      23.518535614013672,
      28.96287727355957,
      28.824464797973633,
      34.34674835205078,
      36.49889373779297,
      25.084442138671875,
      31.322309494018555,
      5.812284469604492,
      6.559127330780029,
      1.7729144096374512,
      1.5523935556411743
    ],
    [
      9.717074394226074,
      10.155280113220215,
      14.712861061096191,
      16.813344955444336,
      29.577360153198242,
      38.378700256347656,
      25.33203125,
      25.09454345703125,
      31.041460037231445,
      30.49248695373535,
      36.9103889465332,
      39.56618118286133,
      28.20425033569336,
      35.53459167480469,
      6.528589248657227,
      7.548307418823242,
      1.8948789834976196,
      1.6871815919876099
    ],
    [
      16.816633224487305,
      15.659624099731445,
      15.974231719970703,
      14.958026885986328,
      24.386829376220703,
      25.33203125,
      43.011505126953125,
      38.95446014404297,
      37.141502380371094,
      37.9881706237793,
      42.74491500854492,
      44.29945755004883,
      31.265352249145508,
      39.14104461669922,
      8.04094409942627,
      9.188435554504395,
      2.494112730026245,
      2.1426801681518555
    ],
    [
      16.1551513671875,
      15.517891883850098,
      15.280104637145996,
      14.08763313293457,
      23.518535614013672,
      25.09454345703125,
      38.95446014404297,
      44.202178955078125,
      36.92935562133789,
      37.30695724487305,
      41.961700439453125,
      44.171627044677734,
      31.371450424194336,
      38.8210563659668,
      8.310131072998047,
      9.486434936523438,
      2.502934455871582,
      2.169482946395874
    ],
    [
      20.391468048095703,
      18.279617309570312,
      24.512460708618164,
      22.581645965576172,
      28.96287727355957,
      31.041460037231445,
      37.141502380371094,
      36.92935562133789,
      55.52285385131836,
      50.94404602050781,
      55.28739547729492,
      56.6854248046875,
      38.335975646972656,
      48.05528259277344,
      8.987337112426758,
      10.374862670898438,
      2.7124533653259277,
      2.319023609161377
    ],
    [
      21.219552993774414,
      19.27764320373535,
      25.283727645874023,
      23.530969619750977,
      28.824464797973633,
      30.49248695373535,
      37.9881706237793,
      37.30695724487305,
      50.94404602050781,
      54.37370681762695,
      55.26632308959961,
      57.08152389526367,
      38.35918426513672,
      48.41511154174805,
      8.933192253112793,
      10.283137321472168,
      2.668689489364624,
      2.3124027252197266
    ],
    [
      23.995256423950195,
      22.193660736083984,
      31.85280990600586,
      30.12191390991211,
      34.34674835205078,
      36.9103889465332,
      42.74491500854492,
      41.961700439453125,
      55.28739547729492,
      55.26632308959961,
      72.00799560546875,
      70.27132415771484,
      45.72056198120117,
      57.99776077270508,
      10.194005966186523,
      11.862241744995117,
      2.978909969329834,
      2.553874969482422
    ],
    [
      24.931842803955078,
      23.34429168701172,
      30.46550178527832,
      28.998233795166016,
      36.49889373779297,
      39.56618118286133,
      44.29945755004883,
      44.171627044677734,
      56.6854248046875,
      57.08152389526367,
      70.27132415771484,
      75.92286682128906,
      47.809356689453125,
      60.582542419433594,
      10.599321365356445,
      12.29468059539795,
      3.0975613594055176,
      2.675935983657837
    ],
    [
      15.968111038208008,
      17.99505043029785,
      16.83565330505371,
      17.06744384765625,
      25.084442138671875,
      28.20425033569336,
      31.265352249145508,
      31.371450424194336,
      38.335975646972656,
      38.35918426513672,
      45.72056198120117,
      47.809356689453125,
      41.324546813964844,
      49.483402252197266,
      10.244782447814941,
      11.874249458312988,
      3.063636064529419,
      2.680698871612549
    ],
    [
      19.721879959106445,
      22.695178985595703,
      21.498624801635742,
      21.6486759185791,
      31.322309494018555,
      35.53459167480469,
      39.14104461669922,
      38.8210563659668,
      48.05528259277344,
      48.41511154174805,
      57.99776077270508,
      60.582542419433594,
      49.483402252197266,
      62.85115051269531,
      12.046761512756348,
      13.931083679199219,
      3.7174320220947266,
      3.2709434032440186
    ],
    [
      3.4381439685821533,
      4.267284870147705,
      2.938631057739258,
      2.9981703758239746,
      5.812284469604492,
      6.528589248657227,
      8.04094409942627,
      8.310131072998047,
      8.987337112426758,
      8.933192253112793,
      10.194005966186523,
      10.599321365356445,
      10.244782447814941,
      12.046761512756348,
      4.451790809631348,
      4.875882625579834,
      1.1390032768249512,
      0.9726611375808716
    ],
    [
      3.961803674697876,
      4.7500529289245605,
      3.375161647796631,
      3.4538886547088623,
      6.559127330780029,
      7.548307418823242,
      9.188435554504395,
      9.486434936523438,
      10.374862670898438,
      10.283137321472168,
      11.862241744995117,
      12.29468059539795,
      11.874249458312988,
      13.931083679199219,
      4.875882625579834,
      5.760928630828857,
      1.2681124210357666,
      1.0785675048828125
    ],
    [
      1.0913565158843994,
      2.0198795795440674,
      0.9960511326789856,
      0.9864152669906616,
      1.7729144096374512,
      1.8948789834976196,
      2.494112730026245,
      2.502934455871582,
      2.7124533653259277,
      2.668689489364624,
      2.978909969329834,
      3.0975613594055176,
      3.063636064529419,
      3.7174320220947266,
      1.1390032768249512,
      1.2681124210357666,
      0.45947134494781494,
      0.38776248693466187
    ],
    [
      0.9403573274612427,
      1.8577191829681396,
      0.8715079426765442,
      0.8708379864692688,
      1.5523935556411743,
      1.6871815919876099,
      2.1426801681518555,
      2.169482946395874,
      2.319023609161377,
      2.3124027252197266,
      2.553874969482422,
      2.675935983657837,
      2.680698871612549,
      3.2709434032440186,
      0.9726611375808716,
      1.0785675048828125,
      0.38776248693466187,
      0.36262965202331543
    ]
  ],
  "drr": 9.625819206237793,
  "dynamics": 4.1681809425354,
  "format": 1245190,
  "frames": 10889216,
  "loudness": -17.882112503051758,
  "loudness_range": 11.328591346740723,
  "loudness_range_short": 14.2786283493042,
  "peak": -1.0457541942596436,
  "rms": -18.90390968322754,
  "sample_rate": 44100,
  "sections": 1,
  "seekable": 1,
  "sharpness": 3.228815793991089,
  "space": -5.565661907196045
}