{
  "bands": [
    {
      "high_freq": 148.1999969482422,
      "loudness": -15.737042427062988,
      "loudness_range": 7.626932144165039,
      "mid_mean": -12.135299682617188,
      "mid_to_side_loudness": -17.81188201904297,
      "mid_to_side_loudness_range": 12.290936470031738,
      "side_mean": -30.15234375
    },
    {
      "high_freq": 392.3793640136719,
      "loudness": -17.783254623413086,
      "loudness_range": 7.4180803298950195,
      "low_freq": 148.1999969482422,
      "mid_mean": -14.43118667602539,
      "mid_to_side_loudness": -12.245923042297363,
      "mid_to_side_loudness_range": 10.490520477294922,
      "side_mean": -26.706079483032227
    },
    {
      "high_freq": 794.6976318359375,
      "loudness": -24.29537582397461,
      "loudness_range": 12.09577751159668,
      "low_freq": 392.3793640136719,
      "mid_mean": -21.04877471923828,
      "mid_to_side_loudness": -11.55919075012207,
      "mid_to_side_loudness_range": 12.784416198730469,
      "side_mean": -32.589412689208984
    },
    {
      "high_freq": 1457.5709228515625,
      "loudness": -22.949785232543945,
      "loudness_range": 12.290241241455078,
      "low_freq": 794.6976318359375,
      "mid_mean": -19.633472442626953,
      "mid_to_side_loudness": -12.438397407531738,
      "mid_to_side_loudness_range": 13.413232803344727,
      "side_mean": -32.094146728515625
    },
    {
      "high_freq": 2549.74365234375,
      "loudness": -20.536951065063477,
      "loudness_range": 10.345197677612305,
      "low_freq": 1457.5709228515625,
      "mid_mean": -17.255327224731445,
      "mid_to_side_loudness": -11.367138862609863,
      "mid_to_side_loudness_range": 10.870861053466797,
      "side_mean": -28.628433227539062
    },
    {
      "high_freq": 4349.24462890625,
      "loudness": -22.880266189575195,
      "loudness_range": 12.12999153137207,
      "low_freq": 2549.74365234375,
      "mid_mean": -19.55854034423828,
      "mid_to_side_loudness": -11.518733978271484,
      "mid_to_side_loudness_range": 9.832468032836914,
      "side_mean": -31.016803741455078
    },
    {
      "high_freq": 7314.1640625,
      "loudness": -25.60843849182129,
      "loudness_range": 13.366495132446289,
      "low_freq": 4349.24462890625,
      "mid_mean": -22.352449417114258,
      "mid_to_side_loudness": -10.69843578338623,
      "mid_to_side_loudness_range": 9.541749954223633,
      "side_mean": -32.69804382324219
    },
    {
      "high_freq": 12199.2666015625,
      "loudness": -28.56692123413086,
      "loudness_range": 12.89415168762207,
      "low_freq": 7314.1640625,
      "mid_mean": -25.390804290771484,
      "mid_to_side_loudness": -10.117775917053223,
      "mid_to_side_loudness_range": 9.961971282958984,
      "side_mean": -35.15133285522461
    },
    {
      "loudness": -34.727691650390625,
      "loudness_range": 12.543582916259766,
      "low_freq": 12199.2666015625,
      "mid_mean": -31.759441375732422,
      "mid_to_side_loudness": -8.451957702636719,
      "mid_to_side_loudness_range": 8.90058708190918,
      "side_mean": -39.571006774902344
    }
  ],
  "bands_short": [
    {
      "high_freq": 148.1999969482422,
      "loudness": -18.678369522094727,
      "loudness_range": 15.515321731567383,
      "mid_mean": -15.100296020507812,
      "mid_to_side_loudness": -18.729564666748047,
      "mid_to_side_loudness_range": 21.519573211669922,
      "side_mean": -34.16340637207031
    },
    {
      "high_freq": 392.3793640136719,
      "loudness": -16.852161407470703,
      "loudness_range": 10.057826042175293,
      "low_freq": 148.1999969482422,
      "mid_mean": -13.491870880126953,
      "mid_to_side_loudness": -12.990537643432617,
      "mid_to_side_loudness_range": 13.809450149536133,
      "side_mean": -26.554948806762695
    },
    {
      "high_freq": 794.6976318359375,
      "loudness": -25.070100784301758,
      "loudness_range": 14.563766479492188,
      "low_freq": 392.3793640136719,
      "mid_mean": -21.937332153320312,
      "mid_to_side_loudness": -11.053695678710938,
      "mid_to_side_loudness_range": 15.660565376281738,
      "side_mean": -33.02590560913086
    },
    {
      "high_freq": 1457.5709228515625,
      "loudness": -24.01543617248535,
      "loudness_range": 15.662467002868652,
      "low_freq": 794.6976318359375,
      "mid_mean": -20.819501876831055,
      "mid_to_side_loudness": -11.724594116210938,
      "mid_to_side_loudness_range": 16.107555389404297,
      "side_mean": -32.609046936035156
    },
    {
      "high_freq": 2549.74365234375,
      "loudness": -21.35880470275879,
      "loudness_range": 13.278401374816895,
      "low_freq": 1457.5709228515625,
      "mid_mean": -18.158031463623047,
      "mid_to_side_loudness": -11.097494125366211,
      "mid_to_side_loudness_range": 13.491449356079102,
      "side_mean": -29.28880500793457
    },
    {
      "high_freq": 4349.24462890625,
      "loudness": -23.890499114990234,
      "loudness_range": 15.877169609069824,
      "low_freq": 2549.74365234375,
      "mid_mean": -20.604434967041016,
      "mid_to_side_loudness": -11.62822437286377,
      "mid_to_side_loudness_range": 12.242271423339844,
      "side_mean": -32.16979217529297
    },
    {
      "high_freq": 7314.1640625,
      "loudness": -27.524988174438477,
      "loudness_range": 19.77851104736328,
      "low_freq": 4349.24462890625,
      "mid_mean": -24.282184600830078,
      "mid_to_side_loudness": -11.181558609008789,
      "mid_to_side_loudness_range": 11.50306510925293,
      "side_mean": -35.04072570800781
    },
    {
      "high_freq": 12199.2666015625,
      "loudness": -30.759939193725586,
      "loudness_range": 19.166889190673828,
      "low_freq": 7314.1640625,
      "mid_mean": -27.514129638671875,
      "mid_to_side_loudness": -11.266295433044434,
      "mid_to_side_loudness_range": 12.386615753173828,
      "side_mean": -38.81892776489258
    },
    {
      "loudness": -38.18094253540039,
      "loudness_range": 22.190399169921875,
      "low_freq": 12199.2666015625,
      "mid_mean": -35.12826919555664,
      "mid_to_side_loudness": -9.873169898986816,
      "mid_to_side_loudness_range": 12.492717742919922,
      "side_mean": -45.004302978515625
    }
  ],
  "channels": 2,
  "covariance": [
    [
      13.345052719116211,
      6.0028533935546875,
      4.334856033325195,
      2.963529109954834,
      6.201370716094971,
      5.757095813751221,
      2.3888561725616455,
      3.960895538330078,
      2.5047709941864014,
      3.923511028289795,
      5.213102340698242,
      6.441969871520996,
      5.033141613006592,
      6.171825408935547,
      5.415180683135986,
      6.436838150024414,
      5.9876933097839355,
      7.4437127113342285
    ],
    [
      6.0028533935546875,
      17.317533493041992,
      4.307982921600342,
      5.948562145233154,
      3.592820167541504,
      5.017704963684082,
      1.7341880798339844,
      5.437367916107178,
      1.8892672061920166,
      5.581223011016846,
      5.487592697143555,
      8.691574096679688,
      7.719338893890381,
      9.600844383239746,
      6.59562349319458,
      9.92227840423584,
      7.770854949951172,
      10.744102478027344
    ],
    [
      4.334856033325195,
      4.307982921600342,
      11.483482360839844,
      5.232287883758545,
      5.919620037078857,
      4.155029773712158,
      0.7867316603660583,
      4.597599029541016,
      2.843881130218506,
      5.136725902557373,
      6.514245986938477,
      7.946756839752197,
      9.235353469848633,
      8.109333992004395,
      7.802309036254883,
      7.677847385406494,
      6.577798366546631,
      6.948370456695557
    ],
    [
      2.963529109954834,
      5.948562145233154,
      5.232287883758545,
      15.452208518981934,
      2.4925315380096436,
      6.2230401039123535,
      -1.0552465915679932,
      7.755154609680176,
      3.433699369430542,
      11.069199562072754,
      6.183733940124512,
      12.773027420043945,
      7.200568199157715,
      9.613539695739746,
      4.692538738250732,
      8.890377044677734,
      3.350980043411255,
      7.3836445808410645
    ],
    [
      6.201370716094971,
      3.592820167541504,
      5.919620037078857,
      2.4925315380096436,
      22.702194213867188,
      8.83052921295166,
      12.257302284240723,
      5.345083713531494,
      7.824575901031494,
      4.065894603729248,
      11.281928062438965,
      7.630927562713623,
      10.850211143493652,
      7.196314811706543,
      10.484944343566895,
      7.517361640930176,
      7.420229434967041,
      6.2965474128723145
    ],
    [
      5.757095813751221,
      5.017704963684082,
      4.155029773712158,
      6.2230401039123535,
      8.83052921295166,
      15.496260643005371,
      2.706345558166504,
      7.9401631355285645,
      5.173223972320557,
      9.015887260437012,
      6.952000141143799,
      11.011459350585938,
      8.013178825378418,
      10.513077735900879,
      7.045454978942871,
      10.30763053894043,
      6.623307704925537,
      9.745946884155273
    ],
    [
      2.3888561725616455,
      1.7341880798339844,
      0.7867316603660583,
      -1.0552465915679932,
      12.257302284240723,
      2.706345558166504,
      20.529417037963867,
      3.9894556999206543,
      9.833799362182617,
      1.4824366569519043,
      9.394524574279785,
      4.392032623291016,
      6.646788120269775,
      3.915452241897583,
      5.593063831329346,
      3.3582513332366943,
      3.972074508666992,
      2.9795680046081543
    ],
    [
      3.960895538330078,
      5.437367916107178,
      4.597599029541016,
      7.755154609680176,
      5.345083713531494,
      7.9401631355285645,
      3.9894556999206543,
      10.903327941894531,
      5.152652740478516,
      11.329730987548828,
      7.815352916717529,
      13.1268310546875,
      8.861396789550781,
      10.568293571472168,
      7.0630574226379395,
      9.932027816772461,
      6.4911322593688965,
      8.996747970581055
    ],
    [
      2.5047709941864014,
      1.8892672061920166,
      2.843881130218506,
      3.433699369430542,
      7.824575901031494,
      5.173223972320557,
      9.833799362182617,
      5.152652740478516,
      13.947151184082031,
      7.932883262634277,
      10.984307289123535,
      9.048245429992676,
      8.154521942138672,
      6.987170696258545,
      5.496424674987793,
      5.612753868103027,
      3.037020683288574,
      3.806230068206787
    ],
    [
      3.923511028289795,
      5.581223011016846,
      5.136725902557373,
      11.069199562072754,
      4.065894603729248,
      9.015887260437012,
      1.4824366569519043,
      11.329730987548828,
      7.932883262634277,
      18.09234619140625,
      9.807016372680664,
      17.541980743408203,
      10.379030227661133,
      12.869901657104492,
      7.221192836761475,
      11.433823585510254,
      5.874307155609131,
      9.761531829833984
    ],
    [
      5.213102340698242,
      5.487592697143555,
      6.514245986938477,
      6.183733940124512,
      11.281928062438965,
      6.952000141143799,
      9.394524574279785,
      7.815352916717529,
      10.984307289123535,
      9.807016372680664,
      20.030689239501953,
      16.323701858520508,
      18.124059677124023,
      13.582998275756836,
      13.384611129760742,
      11.670621871948242,
      8.9990873336792,
      9.134323120117188
    ],
    [
      6.441969871520996,
      8.691574096679688,
      7.946756839752197,
      12.773027420043945,
      7.630927562713623,
      11.011459350585938,
      4.392032623291016,
      13.1268310546875,
      9.048245429992676,
      17.541980743408203,
      16.323701858520508,
      25.420269012451172,
      17.52936553955078,
      20.211963653564453,
      13.520381927490234,
      18.52042579650879,
      11.683862686157227,
      15.510964393615723
    ],
    [
      5.033141613006592,
      7.719338893890381,
      9.235353469848633,
      7.200568199157715,
      10.850211143493652,
      8.013178825378418,
      6.646788120269775,
      8.861396789550781,
      8.154521942138672,
      10.379030227661133,
      18.124059677124023,
      17.52936553955078,
      26.797256469726562,
      18.896713256835938,
      21.74857521057129,
      19.101238250732422,
      17.20388412475586,
      15.802436828613281
    ],
    [
      6.171825408935547,
      9.600844383239746,
      8.109333992004395,
      9.613539695739746,
      7.196314811706543,
      10.513077735900879,
      3.915452241897583,
      10.568293571472168,
      6.987170696258545,
      12.869901657104492,
      13.582998275756836,
      20.211963653564453,
      18.896713256835938,
      27.050880432128906,
      16.3764591217041,
      25.61512565612793,
      16.0593318939209,
      22.192935943603516
    ],
    [
      5.415180683135986,
      6.59562349319458,
      7.802309036254883,
      4.692538738250732,
      10.484944343566895,
      7.045454978942871,
      5.593063831329346,
      7.0630574226379395,
      5.496424674987793,
      7.221192836761475,
      13.384611129760742,
      13.520381927490234,
      21.74857521057129,
      16.3764591217041,
      23.49801254272461,
      18.75352668762207,
      19.46599769592285,
      15.430864334106445
    ],
    [
      6.436838150024414,
      9.92227840423584,
      7.677847385406494,
      8.890377044677734,
      7.517361640930176,
      10.30763053894043,
      3.3582513332366943,
      9.932027816772461,
      5.612753868103027,
      11.433823585510254,
      11.670621871948242,
      18.52042579650879,
      19.101238250732422,
      25.61512565612793,
      18.75352668762207,
      30.098846435546875,
      19.320348739624023,
      26.500675201416016
    ],
    [
      5.9876933097839355,
      7.770854949951172,
      6.577798366546631,
      3.350980043411255,
      7.420229434967041,
      6.623307704925537,
      3.972074508666992,
      6.4911322593688965,
      3.037020683288574,
      5.874307155609131,
      8.9990873336792,
      11.683862686157227,
      17.20388412475586,
      16.0593318939209,
      19.46599769592285,
      19.320348739624023,
      23.692625045776367,
      19.389446258544922
    ],
    [
      7.4437127113342285,
      10.744102478027344,
      6.948370456695557,
      7.3836445808410645,
      6.2965474128723145,
      9.745946884155273,
      2.9795680046081543,
      8.996747970581055,
      3.806230068206787,
      9.761531829833984,
      9.134323120117188,
      15.510964393615723,
      15.802436828613281,
      22.192935943603516,
      15.430864334106445,
      26.500675201416016,
      19.389446258544922,
      32.17100143432617
    ]
  ],
  "covariance_short": [
    [
      31.71755599975586,
      7.336006164550781,
      10.159812927246094,
      4.424282550811768,
      6.861910820007324,
      7.137385368347168,
      3.7654783725738525,
      5.9410080909729,
      4.4102277755737305,
      6.104579448699951,
      7.427431583404541,
      10.156876564025879,
      7.958006858825684,
      10.882617950439453,
      6.8748369216918945,
      10.199411392211914,
      8.667623519897461,
      11.30341625213623
    ],
    [
      7.336006164550781,
      32.842620849609375,
      5.077735424041748,
      4.840609073638916,
      4.901808738708496,
      5.362021446228027,
      4.354005813598633,
      5.673661231994629,
      3.4250378608703613,
      5.299989700317383,
      7.725346088409424,
      9.189783096313477,
      11.162569046020508,
      11.278986930847168,
      8.451643943786621,
      11.046545028686523,
      9.57984447479248,
      11.747237205505371
    ],
    [
      10.159812927246094,
      5.077735424041748,
      17.00370216369629,
      6.382894515991211,
      8.313698768615723,
      6.845501899719238,
      4.182652473449707,
      6.318279266357422,
      5.413381099700928,
      6.708796977996826,
      8.780054092407227,
      10.639151573181152,
      11.841477394104004,
      12.041601181030273,
      9.075139045715332,
      11.65852165222168,
      9.583311080932617,
      13.194319725036621
    ],
    [
      4.424282550811768,
      4.840609073638916,
      6.382894515991211,
      20.879484176635742,
      5.062057018280029,
      8.770525932312012,
      1.4109238386154175,
      9.397309303283691,
      5.36757755279541,
      12.548741340637207,
      8.203145980834961,
      15.046422004699707,
      10.281780242919922,
      13.46322250366211,
      5.638602256774902,
      13.108794212341309,
      4.885087013244629,
      13.420433044433594
    ],
    [
      6.861910820007324,
      4.901808738708496,
      8.313698768615723,
      5.062057018280029,
      31.38763999938965,
      12.347238540649414,
      18.423297882080078,
      7.94374942779541,
      12.393574714660645,
      7.197908401489258,
      17.214384078979492,
      12.978323936462402,
      17.44894027709961,
      13.580416679382324,
      16.167604446411133,
      13.846854209899902,
      14.546914100646973,
      13.563852310180664
    ],
    [
      7.137385368347168,
      5.362021446228027,
      6.845501899719238,
      8.770525932312012,
      12.347238540649414,
      24.18340492248535,
      6.257419586181641,
      11.811659812927246,
      7.9406514167785645,
      12.972638130187988,
      10.223475456237793,
      16.204633712768555,
      12.672932624816895,
      16.255943298339844,
      9.22950553894043,
      14.670313835144043,
      9.170555114746094,
      14.205622673034668
    ],
    [
      3.7654783725738525,
      4.354005813598633,
      4.182652473449707,
      1.4109238386154175,
      18.423297882080078,
      6.257419586181641,
      32.74299240112305,
      8.086589813232422,
      17.08456802368164,
      5.463803768157959,
      17.22287368774414,
      10.177241325378418,
      14.122386932373047,
      12.050209045410156,
      14.303545951843262,
      12.621918678283691,
      15.173097610473633,
      13.342586517333984
    ],
    [
      5.9410080909729,
      5.673661231994629,
      6.318279266357422,
      9.397309303283691,
      7.94374942779541,
      11.811659812927246,
      8.086589813232422,
      17.263687133789062,
      7.771751880645752,
      15.358855247497559,
      10.892436981201172,
      18.247621536254883,
      13.407581329345703,
      16.791767120361328,
      9.379983901977539,
      15.597312927246094,
      9.68883228302002,
      15.688884735107422
    ],
    [
      4.4102277755737305,
      3.4250378608703613,
      5.413381099700928,
      5.36757755279541,
      12.393574714660645,
      7.9406514167785645,
      17.08456802368164,
      7.771751880645752,
      23.968849182128906,
      12.184059143066406,
      18.76192283630371,
      14.986505508422852,
      15.74467945098877,
      14.652469635009766,
      12.596292495727539,
      13.75684642791748,
      12.581992149353027,
      13.520771026611328
    ],
    [
      6.104579448699951,
      5.299989700317383,
      6.708796977996826,
      12.548741340637207,
      7.197908401489258,
      12.972638130187988,
      5.463803768157959,
      15.358855247497559,
      12.184059143066406,
      24.605798721313477,
      13.809523582458496,
      23.972280502319336,
      15.694530487060547,
      20.75567054748535,
      10.164161682128906,
      18.590856552124023,
      9.627374649047852,
      18.14674949645996
    ],
    [
      7.427431583404541,
      7.725346088409424,
      8.780054092407227,
      8.203145980834961,
      17.214384078979492,
      10.223475456237793,
      17.22287368774414,
      10.892436981201172,
      18.76192283630371,
      13.809523582458496,
      31.831409454345703,
      24.305206298828125,
      30.20246124267578,
      24.306421279907227,
      24.846261978149414,
      24.026933670043945,
      22.597763061523438,
      22.745861053466797
    ],
    [
      10.156876564025879,
      9.189783096313477,
      10.639151573181152,
      15.046422004699707,
      12.978323936462402,
      16.204633712768555,
      10.177241325378418,
      18.247621536254883,
      14.986505508422852,
      23.972280502319336,
      24.305206298828125,
      36.40966796875,
      27.843061447143555,
      32.695167541503906,
      21.004423141479492,
      31.153223037719727,
      20.981395721435547,
      30.625545501708984
    ],
    [
      7.958006858825684,
      11.162569046020508,
      11.841477394104004,
      10.281780242919922,
      17.44894027709961,
      12.672932624816895,
      14.122386932373047,
      13.407581329345703,
      15.74467945098877,
      15.694530487060547,
      30.20246124267578,
      27.843061447143555,
      47.12453079223633,
      35.852378845214844,
      39.00132369995117,
      38.306495666503906,
      36.63710403442383,
      36.68825912475586
    ],
    [
      10.882617950439453,
      11.278986930847168,
      12.041601181030273,
      13.46322250366211,
      13.580416679382324,
      16.255943298339844,
      12.050209045410156,
      16.791767120361328,
      14.652469635009766,
      20.75567054748535,
      24.306421279907227,
      32.695167541503906,
      35.852378845214844,
      47.23813247680664,
      31.731918334960938,
      45.51906967163086,
      34.622833251953125,
      46.92593002319336
    ],
    [
      6.8748369216918945,
      8.451643943786621,
      9.075139045715332,
      5.638602256774902,
      16.167604446411133,
      9.22950553894043,
      14.303545951843262,
      9.379983901977539,
      12.596292495727539,
      10.164161682128906,
      24.846261978149414,
      21.004423141479492,
      39.00132369995117,
      31.731918334960938,
      46.6013298034668,
      40.793453216552734,
      45.230220794677734,
      40.296844482421875
    ],
    [
      10.199411392211914,
      11.046545028686523,
      11.65852165222168,
      13.108794212341309,
      13.846854209899902,
      14.670313835144043,
      12.621918678283691,
      15.597312927246094,
      13.75684642791748,
      18.590856552124023,
      24.026933670043945,
      31.153223037719727,
      38.306495666503906,
      45.51906967163086,
      40.793453216552734,
      59.168392181396484,
      46.75156784057617,
      60.504520416259766
    ],
    [
      8.667623519897461,
      9.57984447479248,
      9.583311080932617,
      4.885087013244629,
      14.546914100646973,
      9.170555114746094,
      15.173097610473633,
      9.68883228302002,
      12.581992149353027,
      9.627374649047852,
      22.597763061523438,
      20.981395721435547,
      36.63710403442383,
      34.622833251953125,
      45.230220794677734,
      46.75156784057617,
      59.69514083862305,
      54.52928924560547
    ],
    [
      11.30341625213623,
      11.747237205505371,
      13.194319725036621,
      13.420433044433594,
      13.563852310180664,
      14.205622673034668,
      13.342586517333984,
      15.688884735107422,
      13.520771026611328,
      18.14674949645996,
      22.745861053466797,
      30.625545501708984,
      36.68825912475586,
      46.92593002319336,
      40.296844482421875,
      60.504520416259766,
      54.52928924560547,
      76.44898223876953
    ]
  ],
  "drr": 16.47671127319336,
  "dynamics": 2.3496577739715576,
  "format": 1245190,
  "frames": 11206656,
  "loudness": -7.6134867668151855,
  "loudness_range": 5.050249099731445,
  "loudness_range_short": 8.391094207763672,
  "peak": 1.574250340461731,
  "rms": -9.570183753967285,
  "sample_rate": 44100,
  "sections": 1,
  "seekable": 1,
  "sharpness": 2.552018880844116,
  "space": -13.31969165802002
}