{
  "bands": [
    {
      "high_freq": 148.1999969482422,
      "loudness": -44.52528381347656,
      "loudness_range": 11.205207824707031,
      "mid_mean": -41.01716995239258,
      "mid_to_side_loudness": -32.927066802978516,
      "mid_to_side_loudness_range": 11.940692901611328,
      "side_mean": -68.44525146484375
    },
    {
      "high_freq": 392.3793640136719,
      "loudness": -30.318002700805664,
      "loudness_range": 10.969524383544922,
      "low_freq": 148.1999969482422,
      "mid_mean": -26.88521385192871,
      "mid_to_side_loudness": -34.010292053222656,
      "mid_to_side_loudness_range": 13.254201889038086,
      "side_mean": -61.76969528198242
    },
    {
      "high_freq": 794.6976318359375,
      "loudness": -30.656465530395508,
      "loudness_range": 15.346559524536133,
      "low_freq": 392.3793640136719,
      "mid_mean": -27.228500366210938,
      "mid_to_side_loudness": -37.07061767578125,
      "mid_to_side_loudness_range": 16.162487030029297,
      "side_mean": -64.61463928222656
    },
    {
      "high_freq": 1457.5709228515625,
      "loudness": -28.20859146118164,
      "loudness_range": 22.127656936645508,
      "low_freq": 794.6976318359375,
      "mid_mean": -24.79275131225586,
      "mid_to_side_loudness": -35.915199279785156,
      "mid_to_side_loudness_range": 23.250701904296875,
      "side_mean": -62.52426528930664
    },
    {
      "high_freq": 2549.74365234375,
      "loudness": -30.20900535583496,
      "loudness_range": 25.502307891845703,
      "low_freq": 1457.5709228515625,
      "mid_mean": -26.830589294433594,
      "mid_to_side_loudness": -34.92176055908203,
      "mid_to_side_loudness_range": 29.979276657104492,
      "side_mean": -63.386714935302734
    },
    {
      "high_freq": 4349.24462890625,
      "loudness": -39.092227935791016,
      "loudness_range": 16.9533748626709,
      "low_freq": 2549.74365234375,
      "mid_mean": -35.90155029296875,
      "mid_to_side_loudness": -31.831024169921875,
      "mid_to_side_loudness_range": 35.47428894042969,
      "side_mean": -67.24085235595703
    },
    {
      "high_freq": 7314.1640625,
      "loudness": -50.94342803955078,
      "loudness_range": 17.851482391357422,
      "low_freq": 4349.24462890625,
      "mid_mean": -51.22214889526367,
      "mid_to_side_loudness": -27.523813247680664,
      "mid_to_side_loudness_range": 37.020870208740234,
      "side_mean": -69.36080169677734
    },
    {
      "high_freq": 12199.2666015625,
      "loudness": -55.992164611816406,
      "loudness_range": 19.753219604492188,
      "low_freq": 7314.1640625,
      "mid_mean": -55.44325256347656,
      "mid_to_side_loudness": -22.485740661621094,
      "mid_to_side_loudness_range": 29.591415405273438,
      "side_mean": -69.36318969726562
    },
    {
      "loudness": -66.38558197021484,
      "loudness_range": 32.861507415771484,
      "low_freq": 12199.2666015625,
      "mid_mean": -61.14448165893555,
      "mid_to_side_loudness": -13.985954284667969,
      "mid_to_side_loudness_range": 23.069509506225586,
      "side_mean": -68.93545532226562
    }
  ],
  "bands_short": [
    {
      "high_freq": 148.1999969482422,
      "loudness": -48.676212310791016,
      "loudness_range": 15.995864868164062,
      "mid_mean": -45.40250015258789,
      "mid_to_side_loudness": -33.320735931396484,
      "mid_to_side_loudness_range": 16.872068405151367,
      "side_mean": -69.15274810791016
    },
    {
      "high_freq": 392.3793640136719,
      "loudness": -31.622039794921875,
      "loudness_range": 15.432437896728516,
      "low_freq": 148.1999969482422,
      "mid_mean": -28.20309829711914,
      "mid_to_side_loudness": -34.55971145629883,
      "mid_to_side_loudness_range": 15.436853408813477,
      "side_mean": -62.955814361572266
    },
    {
      "high_freq": 794.6976318359375,
      "loudness": -31.678388595581055,
      "loudness_range": 17.30602264404297,
      "low_freq": 392.3793640136719,
      "mid_mean": -28.305639266967773,
      "mid_to_side_loudness": -37.03851318359375,
      "mid_to_side_loudness_range": 17.692916870117188,
      "side_mean": -65.20582580566406
    },
    {
      "high_freq": 1457.5709228515625,
      "loudness": -29.853513717651367,
      "loudness_range": 24.024417877197266,
      "low_freq": 794.6976318359375,
      "mid_mean": -26.288564682006836,
      "mid_to_side_loudness": -35.850955963134766,
      "mid_to_side_loudness_range": 24.95649528503418,
      "side_mean": -63.57808303833008
    },
    {
      "high_freq": 2549.74365234375,
      "loudness": -32.255035400390625,
      "loudness_range": 27.353992462158203,
      "low_freq": 1457.5709228515625,
      "mid_mean": -28.764493942260742,
      "mid_to_side_loudness": -34.42368698120117,
      "mid_to_side_loudness_range": 32.5181999206543,
      "side_mean": -64.75184631347656
    },
    {
      "high_freq": 4349.24462890625,
      "loudness": -40.000221252441406,
      "loudness_range": 19.75604820251465,
      "low_freq": 2549.74365234375,
      "mid_mean": -36.84404754638672,
      "mid_to_side_loudness": -30.97890853881836,
      "mid_to_side_loudness_range": 37.150821685791016,
      "side_mean": -67.6753921508789
    },
    {
      "high_freq": 7314.1640625,
      "loudness": -52.65150451660156,
      "loudness_range": 20.971343994140625,
      "low_freq": 4349.24462890625,
      "mid_mean": -53.101234436035156,
      "mid_to_side_loudness": -25.285444259643555,
      "mid_to_side_loudness_range": 36.17538833618164,
      "side_mean": -69.43457794189453
    },
    {
      "high_freq": 12199.2666015625,
      "loudness": -58.5239372253418,
      "loudness_range": 24.429298400878906,
      "low_freq": 7314.1640625,
      "mid_mean": -57.86309051513672,
      "mid_to_side_loudness": -20.565536499023438,
      "mid_to_side_loudness_range": 30.335811614990234,
      "side_mean": -69.44189453125
    },
    {
      "loudness": -69.41852569580078,
      "loudness_range": 28.171836853027344,
      "low_freq": 12199.2666015625,
      "mid_mean": -63.36585998535156,
      "mid_to_side_loudness": -11.720844268798828,
      "mid_to_side_loudness_range": 21.95964813232422,
      "side_mean": -69.13924407958984
    }
  ],
  "channels": 2,
  "covariance": [
    [
      29.399389266967773,
      4.172616958618164,
      12.822184562683105,
      10.841404914855957,
      13.382953643798828,
      10.215099334716797,
      12.720148086547852,
      15.874981880187988,
      12.602705955505371,
      13.708512306213379,
      12.597803115844727,
      6.092434406280518,
      33.732120513916016,
      1.2910646200180054,
      27.166059494018555,
      0.9692482948303223,
      14.116531372070312,
      1.0772898197174072
    ],
    [
      4.172616958618164,
      1.3246538639068604,
      1.1081792116165161,
      1.8557195663452148,
      2.124793529510498,
      1.9771981239318848,
      2.128309488296509,
      3.0756683349609375,
      2.2357699871063232,
      2.8045973777770996,
      2.3830466270446777,
      1.3196356296539307,
      6.715075492858887,
      0.2756010890007019,
      5.053863048553467,
      0.1914312243461609,
      2.1833271980285645,
      0.15154726803302765
    ],
    [
      12.822184562683105,
      1.1081792116165161,
      30.965547561645508,
      19.569278717041016,
      13.04722785949707,
      9.122239112854004,
      7.434550762176514,
      8.934249877929688,
      9.415804862976074,
      9.053351402282715,
      9.1964111328125,
      2.907743215560913,
      25.27901840209961,
      0.670119047164917,
      23.711925506591797,
      1.0762946605682373,
      17.70663833618164,
      1.9019087553024292
    ],
    [
      10.841404914855957,
      1.8557195663452148,
      19.569278717041016,
      24.383636474609375,
      7.246947288513184,
      9.783149719238281,
      2.6565098762512207,
      10.605799674987793,
      3.6841866970062256,
      9.656608581542969,
      4.120738983154297,
      3.373934507369995,
      32.0439453125,
      0.894740879535675,
      28.1102294921875,
      1.345852017402649,
      20.62129020690918,
      2.4738800525665283
    ],
    [
      13.382953643798828,
      2.124793529510498,
      13.04722785949707,
      7.246947288513184,
      36.933204650878906,
      18.259132385253906,
      33.59994888305664,
      24.688955307006836,
      35.66910934448242,
      24.378490447998047,
      27.95993995666504,
      9.179149627685547,
      34.40273666381836,
      1.5228384733200073,
      30.793228149414062,
      1.6216340065002441,
      23.198272705078125,
      2.3837814331054688
    ],
    [
      10.215099334716797,
      1.9771981239318848,
      9.122239112854004,
      9.783149719238281,
      18.259132385253906,
      14.057914733886719,
      17.353168487548828,
      17.367996215820312,
      18.649520874023438,
      16.68054962158203,
      14.553513526916504,
      6.309247970581055,
      28.47503662109375,
      1.1004602909088135,
      24.32308006286621,
      1.1831954717636108,
      17.273326873779297,
      1.7917006015777588
    ],
    [
      12.720148086547852,
      2.128309488296509,
      7.434550762176514,
      2.6565098762512207,
      33.59994888305664,
      17.353168487548828,
      71.71916961669922,
      52.850318908691406,
      65.04081726074219,
      46.531837463378906,
      32.46843719482422,
      11.370328903198242,
      32.59308624267578,
      2.163935899734497,
      30.909141540527344,
      2.127767562866211,
      22.27377700805664,
      2.296158790588379
    ],
    [
      15.874981880187988,
      3.0756683349609375,
      8.934249877929688,
      10.605799674987793,
      24.688955307006836,
      17.367996215820312,
      52.850318908691406,
      45.26918029785156,
      47.82169723510742,
      39.35662078857422,
      21.664440155029297,
      10.430784225463867,
      40.14386749267578,
      2.0547878742218018,
      34.397071838378906,
      1.8805029392242432,
      21.906494140625,
      2.016540765762329
    ],
    [
      12.602705955505371,
      2.2357699871063232,
      9.415804862976074,
      3.6841866970062256,
      35.66910934448242,
      18.649520874023438,
      65.04081726074219,
      47.82169723510742,
      81.49147033691406,
      56.745208740234375,
      42.491424560546875,
      13.937356948852539,
      39.261837005615234,
      2.468709707260132,
      38.364784240722656,
      2.6321449279785156,
      30.84739112854004,
      3.4997622966766357
    ],
    [
      13.708512306213379,
      2.8045973777770996,
      9.053351402282715,
      9.656608581542969,
      24.378490447998047,
      16.68054962158203,
      46.531837463378906,
      39.35662078857422,
      56.745208740234375,
      45.7115478515625,
      25.54274559020996,
      11.921725273132324,
      39.214088439941406,
      2.2323176860809326,
      34.879905700683594,
      2.121197462081909,
      24.19916343688965,
      2.4270548820495605
    ],
    [
      12.597803115844727,
      2.3830466270446777,
      9.1964111328125,
      4.120738983154297,
      27.95993995666504,
      14.553513526916504,
      32.46843719482422,
      21.664440155029297,
      42.491424560546875,
      25.54274559020996,
      52.08544921875,
      17.380393981933594,
      41.19999694824219,
      2.7742738723754883,
      35.73469161987305,
      2.147022247314453,
      26.384719848632812,
      2.8367319107055664
    ],
    [
      6.092434406280518,
      1.3196356296539307,
      2.907743215560913,
      3.373934507369995,
      9.179149627685547,
      6.309247970581055,
      11.370328903198242,
      10.430784225463867,
      13.937356948852539,
      11.921725273132324,
      17.380393981933594,
      9.594902038574219,
      17.81764030456543,
      1.6685971021652222,
      13.614270210266113,
      0.8577919602394104,
      7.1356096267700195,
      0.33905529975891113
    ],
    [
      33.732120513916016,
      6.715075492858887,
      25.27901840209961,
      32.0439453125,
      34.40273666381836,
      28.47503662109375,
      32.59308624267578,
      40.14386749267578,
      39.261837005615234,
      39.214088439941406,
      41.19999694824219,
      17.81764030456543,
      103.76163482666016,
      4.1015119552612305,
      86.46337890625,
      4.218316555023193,
      62.57363510131836,
      7.224740028381348
    ],
    [
      1.2910646200180054,
      0.2756010890007019,
      0.670119047164917,
      0.894740879535675,
      1.5228384733200073,
      1.1004602909088135,
      2.163935899734497,
      2.0547878742218018,
      2.468709707260132,
      2.2323176860809326,
      2.7742738723754883,
      1.6685971021652222,
      4.1015119552612305,
      0.5856574773788452,
      3.1831233501434326,
      0.308556467294693,
      2.1739368438720703,
      0.29529425501823425
    ],
    [
      27.166059494018555,
      5.053863048553467,
      23.711925506591797,
      28.1102294921875,
      30.793228149414062,
      24.32308006286621,
      30.909141540527344,
      34.397071838378906,
      38.364784240722656,
      34.879905700683594,
      35.73469161987305,
      13.614270210266113,
      86.46337890625,
      3.1831233501434326,
      78.96031188964844,
      4.350740432739258,
      62.38525390625,
      7.857999324798584
    ],
    [
      0.9692482948303223,
      0.1914312243461609,
      1.0762946605682373,
      1.345852017402649,
      1.6216340065002441,
      1.1831954717636108,
      2.127767562866211,
      1.8805029392242432,
      2.6321449279785156,
      2.121197462081909,
      2.147022247314453,
      0.8577919602394104,
      4.218316555023193,
      0.308556467294693,
      4.350740432739258,
      0.4897617995738983,
      4.394504070281982,
      0.8142512440681458
    ],
    [
      14.116531372070312,
      2.1833271980285645,
      17.70663833618164,
      20.62129020690918,
      23.198272705078125,
      17.273326873779297,
      22.27377700805664,
      21.906494140625,
      30.84739112854004,
      24.19916343688965,
      26.384719848632812,
      7.1356096267700195,
      62.57363510131836,
      2.1739368438720703,
      62.38525390625,
      4.394504070281982,
      65.98967742919922,
      10.348089218139648
    ],
    [
      1.0772898197174072,
      0.15154726803302765,
      1.9019087553024292,
      2.4738800525665283,
      2.3837814331054688,
      1.7917006015777588,
      2.296158790588379,
      2.016540765762329,
      3.4997622966766357,
      2.4270548820495605,
      2.8367319107055664,
      0.33905529975891113,
      7.224740028381348,
      0.29529425501823425,
      7.857999324798584,
      0.8142512440681458,
      10.348089218139648,
      2.3037428855895996
    ]
  ],
  "covariance_short": [
    [
      41.9393310546875,
      4.051436901092529,
      13.803877830505371,
      11.894903182983398,
      11.49936294555664,
      8.4824800491333,
      10.487844467163086,
      14.52976131439209,
      8.219866752624512,
      11.148109436035156,
      9.509805679321289,
      5.836215496063232,
      29.825239181518555,
      1.2120940685272217,
      21.04306983947754,
      0.7714655995368958,
      8.560467720031738,
      0.2787431478500366
    ],
    [
      4.051436901092529,
      0.9810999631881714,
      1.1105769872665405,
      1.3694775104522705,
      1.3617079257965088,
      1.132660984992981,
      1.491909146308899,
      1.9450284242630005,
      1.3107508420944214,
      1.5500293970108032,
      1.7015873193740845,
      1.0923820734024048,
      3.6632022857666016,
      0.23493774235248566,
      2.376042604446411,
      0.08240416646003723,
      0.6380741000175476,
      -0.08207160234451294
    ],
    [
      13.803877830505371,
      1.1105769872665405,
      40.66756057739258,
      26.889049530029297,
      15.873900413513184,
      10.087776184082031,
      6.486897945404053,
      8.840112686157227,
      6.923449993133545,
      6.844531536102295,
      8.248700141906738,
      2.3495733737945557,
      26.523361206054688,
      0.7606804966926575,
      23.728363037109375,
      1.2453194856643677,
      16.705698013305664,
      2.0238866806030273
    ],
    [
      11.894903182983398,
      1.3694775104522705,
      26.889049530029297,
      30.414384841918945,
      8.299554824829102,
      9.732349395751953,
      3.1440038681030273,
      9.742042541503906,
      3.3556950092315674,
      7.068787574768066,
      4.126626968383789,
      2.6638381481170654,
      28.34911346435547,
      0.9154282212257385,
      24.653871536254883,
      1.4222228527069092,
      17.888818740844727,
      2.3779091835021973
    ],
    [
      11.49936294555664,
      1.3617079257965088,
      15.873900413513184,
      8.299554824829102,
      44.88174057006836,
      20.694604873657227,
      35.09210205078125,
      27.002758026123047,
      37.66889572143555,
      25.14427375793457,
      29.53582191467285,
      9.797019004821777,
      38.70922088623047,
      1.662002682685852,
      33.00321960449219,
      1.6812924146652222,
      20.426116943359375,
      2.1956136226654053
    ],
    [
      8.4824800491333,
      1.132660984992981,
      10.087776184082031,
      9.732349395751953,
      20.694604873657227,
      15.764261245727539,
      18.082557678222656,
      16.951120376586914,
      19.82630157470703,
      15.383402824401855,
      15.67076301574707,
      6.256420135498047,
      26.605499267578125,
      1.2377073764801025,
      21.82549476623535,
      1.1035404205322266,
      12.672364234924316,
      1.2717164754867554
    ],
    [
      10.487844467163086,
      1.491909146308899,
      6.486897945404053,
      3.1440038681030273,
      35.09210205078125,
      18.082557678222656,
      77.95955657958984,
      57.3695182800293,
      71.09896850585938,
      48.75936508178711,
      37.17686080932617,
      12.421072959899902,
      37.06660461425781,
      2.512608051300049,
      35.65947723388672,
      2.2781550884246826,
      22.3831729888916,
      2.282440662384033
    ],
    [
      14.52976131439209,
      1.9450284242630005,
      8.840112686157227,
      9.742042541503906,
      27.002758026123047,
      16.951120376586914,
      57.3695182800293,
      47.178409576416016,
      52.10044479370117,
      39.099334716796875,
      25.138530731201172,
      10.64472484588623,
      38.39793395996094,
      2.285444498062134,
      32.76223373413086,
      1.8664551973342896,
      18.380001068115234,
      1.4597605466842651
    ],
    [
      8.219866752624512,
      1.3107508420944214,
      6.923449993133545,
      3.3556950092315674,
      37.66889572143555,
      19.82630157470703,
      71.09896850585938,
      52.10044479370117,
      88.94530487060547,
      59.569820404052734,
      45.90158462524414,
      14.428356170654297,
      43.924232482910156,
      2.7726593017578125,
      42.9869270324707,
      2.709277868270874,
      28.085010528564453,
      3.0740439891815186
    ],
    [
      11.148109436035156,
      1.5500293970108032,
      6.844531536102295,
      7.068787574768066,
      25.14427375793457,
      15.383402824401855,
      48.75936508178711,
      39.099334716796875,
      59.569820404052734,
      47.00150680541992,
      26.405860900878906,
      11.765342712402344,
      34.600345611572266,
      2.6408276557922363,
      30.627201080322266,
      2.055490016937256,
      17.592823028564453,
      1.4697365760803223
    ],
    [
      9.509805679321289,
      1.7015873193740845,
      8.248700141906738,
      4.126626968383789,
      29.53582191467285,
      15.67076301574707,
      37.17686080932617,
      25.138530731201172,
      45.90158462524414,
      26.405860900878906,
      60.3032341003418,
      18.660993576049805,
      48.30256652832031,
      3.1242315769195557,
      41.7829475402832,
      2.557778835296631,
      26.00362205505371,
      3.014620065689087
    ],
    [
      5.836215496063232,
      1.0923820734024048,
      2.3495733737945557,
      2.6638381481170654,
      9.797019004821777,
      6.256420135498047,
      12.421072959899902,
      10.64472484588623,
      14.428356170654297,
      11.765342712402344,
      18.660993576049805,
      11.25264835357666,
      17.407339096069336,
      2.2580509185791016,
      13.214668273925781,
      1.117430567741394,
      6.0043463706970215,
      0.2509118914604187
    ],
    [
      29.825239181518555,
      3.6632022857666016,
      26.523361206054688,
      28.34911346435547,
      38.70922088623047,
      26.605499267578125,
      37.06660461425781,
      38.39793395996094,
      43.924232482910156,
      34.600345611572266,
      48.30256652832031,
      17.407339096069336,
      108.24615478515625,
      4.530526161193848,
      86.88675689697266,
      4.551995277404785,
      54.560760498046875,
      6.539241790771484
    ],
    [
      1.2120940685272217,
      0.23493774235248566,
      0.7606804966926575,
      0.9154282212257385,
      1.662002682685852,
      1.2377073764801025,
      2.512608051300049,
      2.285444498062134,
      2.7726593017578125,
      2.6408276557922363,
      3.1242315769195557,
      2.2580509185791016,
      4.530526161193848,
      1.0542341470718384,
      3.605365037918091,
      0.5211092233657837,
      2.202728271484375,
      0.31904372572898865
    ],
    [
      21.04306983947754,
      2.376042604446411,
      23.728363037109375,
      24.653871536254883,
      33.00321960449219,
      21.82549476623535,
      35.65947723388672,
      32.76223373413086,
      42.9869270324707,
      30.627201080322266,
      41.7829475402832,
      13.214668273925781,
      86.88675689697266,
      3.605365037918091,
      82.84669494628906,
      4.966338157653809,
      56.92435073852539,
      7.202868461608887
    ],
    [
      0.7714655995368958,
      0.08240416646003723,
      1.2453194856643677,
      1.4222228527069092,
      1.6812924146652222,
      1.1035404205322266,
      2.2781550884246826,
      1.8664551973342896,
      2.709277868270874,
      2.055490016937256,
      2.557778835296631,
      1.117430567741394,
      4.551995277404785,
      0.5211092233657837,
      4.966338157653809,
      0.8335447311401367,
      4.395379543304443,
      0.9368031024932861
    ],
    [
      8.560467720031738,
      0.6380741000175476,
      16.705698013305664,
      17.888818740844727,
      20.426116943359375,
      12.672364234924316,
      22.3831729888916,
      18.380001068115234,
      28.085010528564453,
      17.592823028564453,
      26.00362205505371,
      6.0043463706970215,
      54.560760498046875,
      2.202728271484375,
      56.92435073852539,
      4.395379543304443,
      53.21836471557617,
      8.608445167541504
    ],
    [
      0.2787431478500366,
      -0.08207160234451294,
      2.0238866806030273,
      2.3779091835021973,
      2.1956136226654053,
      1.2717164754867554,
      2.282440662384033,
      1.4597605466842651,
      3.0740439891815186,
      1.4697365760803223,
      3.014620065689087,
      0.2509118914604187,
      6.539241790771484,
      0.31904372572898865,
      7.202868461608887,
      0.9368031024932861,
      8.608445167541504,
      2.434241771697998
    ]
  ],
  "drr": 12.571438789367676,
  "dynamics": 5.699431896209717,
  "format": 1245190,
  "frames": 3510272,
  "loudness": -17.917787551879883,
  "loudness_range": 15.9134521484375,
  "loudness_range_short": 19.57718849182129,
  "peak": -0.7578966021537781,
  "rms": -19.59850311279297,
  "sample_rate": 44100,
  "sections": 1,
  "seekable": 1,
  "sharpness": 4.34236478805542,
  "space": -36.77827835083008
}