{
  "bands": [
    {
      "high_freq": 148.1999969482422,
      "loudness": -46.89627456665039,
      "loudness_range": 20.604637145996094,
      "mid_mean": -44.44533157348633,
      "mid_to_side_loudness": -7.062078952789307,
      "mid_to_side_loudness_range": 12.632552146911621,
      "side_mean": -52.44791030883789
    },
    {
      "high_freq": 392.3793640136719,
      "loudness": -34.45400619506836,
      "loudness_range": 19.19502067565918,
      "low_freq": 148.1999969482422,
      "mid_mean": -33.32310104370117,
      "mid_to_side_loudness": -1.6565852165222168,
      "mid_to_side_loudness_range": 8.836420059204102,
      "side_mean": -34.93294906616211
    },
    {
      "high_freq": 794.6976318359375,
      "loudness": -33.9113655090332,
      "loudness_range": 21.14041519165039,
      "low_freq": 392.3793640136719,
      "mid_mean": -31.51469612121582,
      "mid_to_side_loudness": -5.698424339294434,
      "mid_to_side_loudness_range": 9.796929359436035,
      "side_mean": -37.20936965942383
    },
    {
      "high_freq": 1457.5709228515625,
      "loudness": -35.500797271728516,
      "loudness_range": 25.61907958984375,
      "low_freq": 794.6976318359375,
      "mid_mean": -33.025596618652344,
      "mid_to_side_loudness": -6.316574573516846,
      "mid_to_side_loudness_range": 11.744732856750488,
      "side_mean": -39.66798400878906
    },
    {
      "high_freq": 2549.74365234375,
      "loudness": -43.743892669677734,
      "loudness_range": 23.678251266479492,
      "low_freq": 1457.5709228515625,
      "mid_mean": -41.02783203125,
      "mid_to_side_loudness": -7.591113567352295,
      "mid_to_side_loudness_range": 8.320802688598633,
      "side_mean": -49.447147369384766
    },
    {
      "high_freq": 4349.24462890625,
      "loudness": -43.719139099121094,
      "loudness_range": 25.09915542602539,
      "low_freq": 2549.74365234375,
      "mid_mean": -40.98881149291992,
      "mid_to_side_loudness": -9.189033508300781,
      "mid_to_side_loudness_range": 8.050966262817383,
      "side_mean": -52.06918716430664
    },
    {
      "high_freq": 7314.1640625,
      "loudness": -49.17388916015625,
      "loudness_range": 28.596904754638672,
      "low_freq": 4349.24462890625,
      "mid_mean": -47.15312194824219,
      "mid_to_side_loudness": -9.331506729125977,
      "mid_to_side_loudness_range": 7.234572887420654,
      "side_mean": -57.011497497558594
    },
    {
      "high_freq": 12199.2666015625,
      "loudness": -56.115047454833984,
      "loudness_range": 27.677356719970703,
      "low_freq": 7314.1640625,
      "mid_mean": -55.27599334716797,
      "mid_to_side_loudness": -8.570788383483887,
      "mid_to_side_loudness_range": 7.214789390563965,
      "side_mean": -61.91288375854492
    },
    {
      "loudness": -61.738040924072266,
      "loudness_range": 27.497447967529297,
      "low_freq": 12199.2666015625,
      "mid_mean": -60.06619644165039,
      "mid_to_side_loudness": -8.44301986694336,
      "mid_to_side_loudness_range": 6.862812519073486,
      "side_mean": -65.43627166748047
    }
  ],
  "bands_short": [
    {
      "high_freq": 148.1999969482422,
      "loudness": -51.38755416870117,
      "loudness_range": 24.842975616455078,
      "mid_mean": -49.541324615478516,
      "mid_to_side_loudness": -8.699851036071777,
      "mid_to_side_loudness_range": 15.851563453674316,
      "side_mean": -57.753501892089844
    },
    {
      "high_freq": 392.3793640136719,
      "loudness": -35.63722229003906,
      "loudness_range": 20.0794677734375,
      "low_freq": 148.1999969482422,
      "mid_mean": -34.66546630859375,
      "mid_to_side_loudness": -1.3987106084823608,
      "mid_to_side_loudness_range": 9.622148513793945,
      "side_mean": -35.9970588684082
    },
    {
      "high_freq": 794.6976318359375,
      "loudness": -34.06542205810547,
      "loudness_range": 22.118682861328125,
      "low_freq": 392.3793640136719,
      "mid_mean": -31.906631469726562,
      "mid_to_side_loudness": -5.212944030761719,
      "mid_to_side_loudness_range": 12.537933349609375,
      "side_mean": -37.228851318359375
    },
    {
      "high_freq": 1457.5709228515625,
      "loudness": -35.53797912597656,
      "loudness_range": 25.752893447875977,
      "low_freq": 794.6976318359375,
      "mid_mean": -33.31266403198242,
      "mid_to_side_loudness": -6.1262526512146,
      "mid_to_side_loudness_range": 15.03641128540039,
      "side_mean": -39.725643157958984
    },
    {
      "high_freq": 2549.74365234375,
      "loudness": -44.42454147338867,
      "loudness_range": 24.945358276367188,
      "low_freq": 1457.5709228515625,
      "mid_mean": -41.853633880615234,
      "mid_to_side_loudness": -7.340397357940674,
      "mid_to_side_loudness_range": 11.766668319702148,
      "side_mean": -50.454795837402344
    },
    {
      "high_freq": 4349.24462890625,
      "loudness": -44.4530029296875,
      "loudness_range": 26.20632553100586,
      "low_freq": 2549.74365234375,
      "mid_mean": -41.997779846191406,
      "mid_to_side_loudness": -8.811328887939453,
      "mid_to_side_loudness_range": 11.484356880187988,
      "side_mean": -52.568790435791016
    },
    {
      "high_freq": 7314.1640625,
      "loudness": -49.9399299621582,
      "loudness_range": 29.692779541015625,
      "low_freq": 4349.24462890625,
      "mid_mean": -49.1856803894043,
      "mid_to_side_loudness": -8.993149757385254,
      "mid_to_side_loudness_range": 9.113258361816406,
      "side_mean": -57.489139556884766
    },
    {
      "high_freq": 12199.2666015625,
      "loudness": -56.60132598876953,
      "loudness_range": 28.631572723388672,
      "low_freq": 7314.1640625,
      "mid_mean": -56.042179107666016,
      "mid_to_side_loudness": -8.314871788024902,
      "mid_to_side_loudness_range": 8.457586288452148,
      "side_mean": -62.32655715942383
    },
    {
      "loudness": -62.0753173828125,
      "loudness_range": 27.88601303100586,
      "low_freq": 12199.2666015625,
      "mid_mean": -60.63700485229492,
      "mid_to_side_loudness": -8.20305347442627,
      "mid_to_side_loudness_range": 7.783658504486084,
      "side_mean": -65.6807632446289
    }
  ],
  "channels": 2,
  "covariance": [
    [
      55.91358184814453,
      43.08734130859375,
      26.854753494262695,
      23.679210662841797,
      7.490581512451172,
      9.198749542236328,
      14.8942289352417,
      17.108478546142578,
      22.247652053833008,
      22.816558837890625,
      23.63797378540039,
      29.209779739379883,
      33.50956726074219,
      30.231277465820312,
      34.80819320678711,
      22.77311134338379,
      28.244945526123047,
      15.952556610107422
    ],
    [
      43.08734130859375,
      62.00288772583008,
      28.296913146972656,
      24.38204574584961,
      4.640804290771484,
      4.2714033126831055,
      5.429925918579102,
      7.954711437225342,
      14.524370193481445,
      15.431384086608887,
      15.805241584777832,
      26.596439361572266,
      22.200618743896484,
      24.51228141784668,
      30.414215087890625,
      19.5639705657959,
      23.57455825805664,
      13.092223167419434
    ],
    [
      26.854753494262695,
      28.296913146972656,
      53.168052673339844,
      39.90590286254883,
      23.796550750732422,
      24.12363052368164,
      19.145999908447266,
      20.51041603088379,
      20.916061401367188,
      26.73090934753418,
      20.965133666992188,
      29.078752517700195,
      25.743167877197266,
      25.724201202392578,
      28.39852523803711,
      18.49264907836914,
      23.059551239013672,
      12.500940322875977
    ],
    [
      23.679210662841797,
      24.38204574584961,
      39.90590286254883,
      40.844173431396484,
      16.79560089111328,
      19.018144607543945,
      17.64851188659668,
      19.25550079345703,
      19.46514892578125,
      24.146728515625,
      20.1640625,
      28.40258026123047,
      25.7651424407959,
      25.945817947387695,
      28.488758087158203,
      18.80931854248047,
      23.68951416015625,
      13.182029724121094
    ],
    [
      7.490581512451172,
      4.640804290771484,
      23.796550750732422,
      16.79560089111328,
      57.68113708496094,
      49.9232063293457,
      20.639650344848633,
      21.481016159057617,
      31.11617660522461,
      34.51938247680664,
      27.349565505981445,
      32.26439666748047,
      25.697181701660156,
      24.830636978149414,
      26.996389389038086,
      17.351181030273438,
      19.5427188873291,
      9.46813678741455
    ],
    [
      9.198749542236328,
      4.2714033126831055,
      24.12363052368164,
      19.018144607543945,
      49.9232063293457,
      55.474281311035156,
      21.292327880859375,
      23.510833740234375,
      31.676982879638672,
      36.12123489379883,
      28.589630126953125,
      33.95556640625,
      29.35795783996582,
      27.12296485900879,
      28.260408401489258,
      18.625720977783203,
      21.981847763061523,
      11.225939750671387
    ],
    [
      14.8942289352417,
      5.429925918579102,
      19.145999908447266,
      17.64851188659668,
      20.639650344848633,
      21.292327880859375,
      80.86807250976562,
      64.6016616821289,
      46.3287353515625,
      45.2757453918457,
      48.06844711303711,
      53.14047622680664,
      58.43340301513672,
      52.32628631591797,
      53.84131622314453,
      35.97502136230469,
      45.30854415893555,
      24.35732078552246
    ],
    [
      17.108478546142578,
      7.954711437225342,
      20.51041603088379,
      19.25550079345703,
      21.481016159057617,
      23.510833740234375,
      64.6016616821289,
      69.16410064697266,
      45.012393951416016,
      47.78053665161133,
      44.44084930419922,
      53.51437759399414,
      54.62428283691406,
      50.98166275024414,
      52.022220611572266,
      34.832942962646484,
      43.93394088745117,
      23.715435028076172
    ],
    [
      22.247652053833008,
      14.524370193481445,
      20.916061401367188,
      19.46514892578125,
      31.11617660522461,
      31.676982879638672,
      46.3287353515625,
      45.012393951416016,
      72.0725326538086,
      61.29644012451172,
      58.84062957763672,
      62.074440002441406,
      70.17171478271484,
      61.79112243652344,
      66.63135528564453,
      45.10291290283203,
      54.43373489379883,
      29.744958877563477
    ],
    [
      22.816558837890625,
      15.431384086608887,
      26.73090934753418,
      24.146728515625,
      34.51938247680664,
      36.12123489379883,
      45.2757453918457,
      47.78053665161133,
      61.29644012451172,
      70.70732116699219,
      54.94615936279297,
      68.45795440673828,
      65.32083129882812,
      63.38252639770508,
      67.7347183227539,
      45.156349182128906,
      54.162559509277344,
      29.44341278076172
    ],
    [
      23.63797378540039,
      15.805241584777832,
      20.965133666992188,
      20.1640625,
      27.349565505981445,
      28.589630126953125,
      48.06844711303711,
      44.44084930419922,
      58.84062957763672,
      54.94615936279297,
      85.44344329833984,
      71.49833679199219,
      85.77476501464844,
      72.94857025146484,
      80.85100555419922,
      56.288326263427734,
      68.43344116210938,
      38.42416763305664
    ],
    [
      29.209779739379883,
      26.596439361572266,
      29.078752517700195,
      28.40258026123047,
      32.26439666748047,
      33.95556640625,
      53.14047622680664,
      53.51437759399414,
      62.074440002441406,
      68.45795440673828,
      71.49833679199219,
      89.05396270751953,
      81.27835083007812,
      80.31430053710938,
      88.08233642578125,
      58.363685607910156,
      70.41021728515625,
      38.224246978759766
    ],
    [
      33.50956726074219,
      22.200618743896484,
      25.743167877197266,
      25.7651424407959,
      25.697181701660156,
      29.35795783996582,
      58.43340301513672,
      54.62428283691406,
      70.17171478271484,
      65.32083129882812,
      85.77476501464844,
      81.27835083007812,
      114.17825317382812,
      92.08451843261719,
      100.31578063964844,
      69.74272918701172,
      86.22215270996094,
      49.010501861572266
    ],
    [
      30.231277465820312,
      24.51228141784668,
      25.724201202392578,
      25.945817947387695,
      24.830636978149414,
      27.12296485900879,
      52.32628631591797,
      50.98166275024414,
      61.79112243652344,
      63.38252639770508,
      72.94857025146484,
      80.31430053710938,
      92.08451843261719,
      85.43620300292969,
      91.9898910522461,
      62.84303283691406,
      77.01526641845703,
      43.42179870605469
    ],
    [
      34.80819320678711,
      30.414215087890625,
      28.39852523803711,
      28.488758087158203,
      26.996389389038086,
      28.260408401489258,
      53.84131622314453,
      52.022220611572266,
      66.63135528564453,
      67.7347183227539,
      80.85100555419922,
      88.08233642578125,
      100.31578063964844,
      91.9898910522461,
      105.00727081298828,
      70.84950256347656,
      86.02689361572266,
      48.13703155517578
    ],
    [
      22.77311134338379,
      19.5639705657959,
      18.49264907836914,
      18.80931854248047,
      17.351181030273438,
      18.625720977783203,
      35.97502136230469,
      34.832942962646484,
      45.10291290283203,
      45.156349182128906,
      56.288326263427734,
      58.363685607910156,
      69.74272918701172,
      62.84303283691406,
      70.84950256347656,
      49.96143341064453,
      60.010406494140625,
      34.78853988647461
    ],
    [
      28.244945526123047,
      23.57455825805664,
      23.059551239013672,
      23.68951416015625,
      19.5427188873291,
      21.981847763061523,
      45.30854415893555,
      43.93394088745117,
      54.43373489379883,
      54.162559509277344,
      68.43344116210938,
      70.41021728515625,
      86.22215270996094,
      77.01526641845703,
      86.02689361572266,
      60.010406494140625,
      76.20330810546875,
      43.992794036865234
    ],
    [
      15.952556610107422,
      13.092223167419434,
      12.500940322875977,
      13.182029724121094,
      9.46813678741455,
      11.225939750671387,
      24.35732078552246,
      23.715435028076172,
      29.744958877563477,
      29.44341278076172,
      38.42416763305664,
      38.224246978759766,
      49.010501861572266,
      43.42179870605469,
      48.13703155517578,
      34.78853988647461,
      43.992794036865234,
      26.918350219726562
    ]
  ],
  "covariance_short": [
    [
      90.20858764648438,
      54.129825592041016,
      40.22467803955078,
      36.54745864868164,
      10.964902877807617,
      14.026350021362305,
      14.313979148864746,
      17.18123435974121,
      24.824825286865234,
      31.64495277404785,
      27.964202880859375,
      36.13843536376953,
      41.82878875732422,
      35.50267028808594,
      40.81907272338867,
      26.363250732421875,
      32.10939407348633,
      18.217267990112305
    ],
    [
      54.129825592041016,
      48.86219787597656,
      27.226116180419922,
      25.344188690185547,
      8.211860656738281,
      10.088116645812988,
      8.238349914550781,
      10.129819869995117,
      17.469696044921875,
      24.04757308959961,
      21.396461486816406,
      27.994943618774414,
      29.5601749420166,
      26.621517181396484,
      30.998931884765625,
      19.95423698425293,
      23.90511703491211,
      13.216231346130371
    ],
    [
      40.22467803955078,
      27.226116180419922,
      55.475067138671875,
      43.088348388671875,
      27.323360443115234,
      27.21034049987793,
      22.57408905029297,
      23.15031623840332,
      22.371278762817383,
      28.776342391967773,
      23.659984588623047,
      31.492713928222656,
      33.387630462646484,
      27.71502685546875,
      29.916969299316406,
      19.35187530517578,
      23.89695167541504,
      12.903122901916504
    ],
    [
      36.54745864868164,
      25.344188690185547,
      43.088348388671875,
      45.194801330566406,
      18.841567993164062,
      21.33165740966797,
      19.276742935180664,
      19.886932373046875,
      19.740915298461914,
      25.417430877685547,
      20.930877685546875,
      28.29122543334961,
      30.83675193786621,
      26.398662567138672,
      28.018508911132812,
      18.72451400756836,
      23.46441650390625,
      13.245073318481445
    ],
    [
      10.964902877807617,
      8.211860656738281,
      27.323360443115234,
      18.841567993164062,
      65.32206726074219,
      51.18366241455078,
      20.34539031982422,
      20.352216720581055,
      27.317838668823242,
      30.44620132446289,
      26.16364288330078,
      28.831003189086914,
      28.99028968811035,
      20.5661678314209,
      23.6366024017334,
      14.68330192565918,
      16.044017791748047,
      7.376519680023193
    ],
    [
      14.026350021362305,
      10.088116645812988,
      27.21034049987793,
      21.33165740966797,
      51.18366241455078,
      60.06233215332031,
      19.813867568969727,
      21.432693481445312,
      26.66375732421875,
      30.432918548583984,
      25.907501220703125,
      29.862537384033203,
      29.16888999938965,
      21.93379020690918,
      23.476093292236328,
      14.98346996307373,
      17.41419219970703,
      8.6343412399292
    ],
    [
      14.313979148864746,
      8.238349914550781,
      22.57408905029297,
      19.276742935180664,
      20.34539031982422,
      19.813867568969727,
      82.75721740722656,
      61.953304290771484,
      48.902061462402344,
      47.3716926574707,
      50.86174392700195,
      54.63018035888672,
      68.23363494873047,
      52.95576477050781,
      53.87428283691406,
      35.81938552856445,
      44.72450256347656,
      24.1060848236084
    ],
    [
      17.18123435974121,
      10.129819869995117,
      23.15031623840332,
      19.886932373046875,
      20.352216720581055,
      21.432693481445312,
      61.953304290771484,
      73.11337280273438,
      45.45771026611328,
      49.07780838012695,
      46.74388885498047,
      53.81596374511719,
      62.48918151855469,
      50.4488525390625,
      50.05469512939453,
      33.8026123046875,
      41.889137268066406,
      22.915498733520508
    ],
    [
      24.824825286865234,
      17.469696044921875,
      22.371278762817383,
      19.740915298461914,
      27.317838668823242,
      26.66375732421875,
      48.902061462402344,
      45.45771026611328,
      79.25016021728516,
      63.017730712890625,
      63.514949798583984,
      62.91640853881836,
      80.36849975585938,
      61.8067626953125,
      67.51249694824219,
      45.01771545410156,
      53.92850112915039,
      29.14735221862793
    ],
    [
      31.64495277404785,
      24.04757308959961,
      28.776342391967773,
      25.417430877685547,
      30.44620132446289,
      30.432918548583984,
      47.3716926574707,
      49.07780838012695,
      63.017730712890625,
      81.39655303955078,
      57.30577087402344,
      74.55657196044922,
      78.59329986572266,
      66.35883331298828,
      70.5844955444336,
      46.133052825927734,
      54.830238342285156,
      29.36260986328125
    ],
    [
      27.964202880859375,
      21.396461486816406,
      23.659984588623047,
      20.930877685546875,
      26.16364288330078,
      25.907501220703125,
      50.86174392700195,
      46.74388885498047,
      63.514949798583984,
      57.30577087402344,
      95.61007690429688,
      75.31440734863281,
      94.79782104492188,
      74.82667541503906,
      84.85057830810547,
      57.90205383300781,
      69.8301010131836,
      38.73450469970703
    ],
    [
      36.13843536376953,
      27.994943618774414,
      31.492713928222656,
      28.29122543334961,
      28.831003189086914,
      29.862537384033203,
      54.63018035888672,
      53.81596374511719,
      62.91640853881836,
      74.55657196044922,
      75.31440734863281,
      91.873779296875,
      96.30184173583984,
      79.29478454589844,
      86.51103973388672,
      57.10051345825195,
      68.18006896972656,
      36.990360260009766
    ],
    [
      41.82878875732422,
      29.5601749420166,
      33.387630462646484,
      30.83675193786621,
      28.99028968811035,
      29.16888999938965,
      68.23363494873047,
      62.48918151855469,
      80.36849975585938,
      78.59329986572266,
      94.79782104492188,
      96.30184173583984,
      137.4324493408203,
      103.3031005859375,
      114.3443832397461,
      76.05720520019531,
      93.18360900878906,
      51.49169921875
    ],
    [
      35.50267028808594,
      26.621517181396484,
      27.71502685546875,
      26.398662567138672,
      20.5661678314209,
      21.93379020690918,
      52.95576477050781,
      50.4488525390625,
      61.8067626953125,
      66.35883331298828,
      74.82667541503906,
      79.29478454589844,
      103.3031005859375,
      85.8344955444336,
      90.8880386352539,
      61.720149993896484,
      75.13195037841797,
      42.28591537475586
    ],
    [
      40.81907272338867,
      30.998931884765625,
      29.916969299316406,
      28.018508911132812,
      23.6366024017334,
      23.476093292236328,
      53.87428283691406,
      50.05469512939453,
      67.51249694824219,
      70.5844955444336,
      84.85057830810547,
      86.51103973388672,
      114.3443832397461,
      90.8880386352539,
      108.49504852294922,
      71.72547149658203,
      86.37855529785156,
      48.04983901977539
    ],
    [
      26.363250732421875,
      19.95423698425293,
      19.35187530517578,
      18.72451400756836,
      14.68330192565918,
      14.98346996307373,
      35.81938552856445,
      33.8026123046875,
      45.01771545410156,
      46.133052825927734,
      57.90205383300781,
      57.10051345825195,
      76.05720520019531,
      61.720149993896484,
      71.72547149658203,
      50.699398040771484,
      59.52051544189453,
      34.31182861328125
    ],
    [
      32.10939407348633,
      23.90511703491211,
      23.89695167541504,
      23.46441650390625,
      16.044017791748047,
      17.41419219970703,
      44.72450256347656,
      41.889137268066406,
      53.92850112915039,
      54.830238342285156,
      69.8301010131836,
      68.18006896972656,
      93.18360900878906,
      75.13195037841797,
      86.37855529785156,
      59.52051544189453,
      76.54615783691406,
      43.7425537109375
    ],
    [
      18.217267990112305,
      13.216231346130371,
      12.903122901916504,
      13.245073318481445,
      7.376519680023193,
      8.6343412399292,
      24.1060848236084,
      22.915498733520508,
      29.14735221862793,
      29.36260986328125,
      38.73450469970703,
      36.990360260009766,
      51.49169921875,
      42.28591537475586,
      48.04983901977539,
      34.31182861328125,
      43.7425537109375,
      26.936044692993164
    ]
  ],
  "drr": 10.966534614562988,
  "dynamics": 4.965673923492432,
  "format": 1245190,
  "frames": 9662464,
  "loudness": -23.326021194458008,
  "loudness_range": 15.52115535736084,
  "loudness_range_short": 17.11653709411621,
  "peak": -0.03690730407834053,
  "rms": -23.94581413269043,
  "sample_rate": 44100,
  "sections": 1,
  "seekable": 1,
  "sharpness": 2.2686760425567627,
  "space": -5.134810924530029
}