{
  "bands": [
    {
      "high_freq": 148.1999969482422,
      "loudness": -46.32784652709961,
      "loudness_range": 20.232196807861328,
      "mid_mean": -43.34485626220703,
      "mid_to_side_loudness": -17.436092376708984,
      "mid_to_side_loudness_range": 9.185943603515625,
      "side_mean": -59.84394454956055
    },
    {
      "high_freq": 392.3793640136719,
      "loudness": -33.136539459228516,
      "loudness_range": 17.093767166137695,
      "low_freq": 148.1999969482422,
      "mid_mean": -29.732946395874023,
      "mid_to_side_loudness": -11.631990432739258,
      "mid_to_side_loudness_range": 7.290626525878906,
      "side_mean": -41.838096618652344
    },
    {
      "high_freq": 794.6976318359375,
      "loudness": -30.91056251525879,
      "loudness_range": 17.21420669555664,
      "low_freq": 392.3793640136719,
      "mid_mean": -28.288484573364258,
      "mid_to_side_loudness": -7.477513790130615,
      "mid_to_side_loudness_range": 6.510320663452148,
      "side_mean": -34.795143127441406
    },
    {
      "high_freq": 1457.5709228515625,
      "loudness": -39.36833190917969,
      "loudness_range": 24.40369987487793,
      "low_freq": 794.6976318359375,
      "mid_mean": -39.670528411865234,
      "mid_to_side_loudness": 1.049063801765442,
      "mid_to_side_loudness_range": 6.182834148406982,
      "side_mean": -38.517704010009766
    },
    {
      "high_freq": 2549.74365234375,
      "loudness": -47.54090118408203,
      "loudness_range": 28.85503578186035,
      "low_freq": 1457.5709228515625,
      "mid_mean": -49.995941162109375,
      "mid_to_side_loudness": 1.0235960483551025,
      "mid_to_side_loudness_range": 4.890423774719238,
      "side_mean": -46.90702438354492
    },
    {
      "high_freq": 4349.24462890625,
      "loudness": -57.85310363769531,
      "loudness_range": 32.567657470703125,
      "low_freq": 2549.74365234375,
      "mid_mean": -58.84379196166992,
      "mid_to_side_loudness": -0.06130919232964516,
      "mid_to_side_loudness_range": 4.4285173416137695,
      "side_mean": -58.84467697143555
    },
    {
      "high_freq": 7314.1640625,
      "loudness": -73.23713684082031,
      "loudness_range": 27.58269500732422,
      "low_freq": 4349.24462890625,
      "mid_mean": -66.5619888305664,
      "mid_to_side_loudness": -0.054235391318798065,
      "mid_to_side_loudness_range": 3.6573233604431152,
      "side_mean": -66.58822631835938
    },
    {
      "high_freq": 12199.2666015625,
      "loudness": -77.37317657470703,
      "loudness_range": 8.224563598632812,
      "low_freq": 7314.1640625,
      "mid_mean": -68.99040222167969,
      "mid_to_side_loudness": -0.0921410620212555,
      "mid_to_side_loudness_range": 0.8827651739120483,
      "side_mean": -69.00342559814453
    },
    {
      "loudness": 0,
      "loudness_range": 0,
      "low_freq": 12199.2666015625,
      "mid_mean": -69.09929656982422,
      "mid_to_side_loudness": -0.09468037635087967,
      "mid_to_side_loudness_range": 0.4641857147216797,
      "side_mean": -69.11656951904297
    }
  ],
  "bands_short": [
    {
      "high_freq": 148.1999969482422,
      "loudness": -51.575233459472656,
      "loudness_range": 27.60533905029297,
      "mid_mean": -47.97564697265625,
      "mid_to_side_loudness": -17.811126708984375,
      "mid_to_side_loudness_range": 12.300984382629395,
      "side_mean": -63.377864837646484
    },
    {
      "high_freq": 392.3793640136719,
      "loudness": -33.65951156616211,
      "loudness_range": 18.093259811401367,
      "low_freq": 148.1999969482422,
      "mid_mean": -30.319215774536133,
      "mid_to_side_loudness": -11.880578994750977,
      "mid_to_side_loudness_range": 8.990803718566895,
      "side_mean": -42.69960021972656
    },
    {
      "high_freq": 794.6976318359375,
      "loudness": -31.74434471130371,
      "loudness_range": 19.269424438476562,
      "low_freq": 392.3793640136719,
      "mid_mean": -29.103641510009766,
      "mid_to_side_loudness": -7.569263458251953,
      "mid_to_side_loudness_range": 8.193933486938477,
      "side_mean": -35.74094009399414
    },
    {
      "high_freq": 1457.5709228515625,
      "loudness": -39.715152740478516,
      "loudness_range": 26.31749153137207,
      "low_freq": 794.6976318359375,
      "mid_mean": -40.03770446777344,
      "mid_to_side_loudness": 0.8894994854927063,
      "mid_to_side_loudness_range": 8.430442810058594,
      "side_mean": -38.950836181640625
    },
    {
      "high_freq": 2549.74365234375,
      "loudness": -48.108829498291016,
      "loudness_range": 29.208087921142578,
      "low_freq": 1457.5709228515625,
      "mid_mean": -50.63948059082031,
      "mid_to_side_loudness": 1.1094915866851807,
      "mid_to_side_loudness_range": 6.901782989501953,
      "side_mean": -47.94319152832031
    },
    {
      "high_freq": 4349.24462890625,
      "loudness": -57.80345153808594,
      "loudness_range": 33.013648986816406,
      "low_freq": 2549.74365234375,
      "mid_mean": -59.14154052734375,
      "mid_to_side_loudness": 0.1419236958026886,
      "mid_to_side_loudness_range": 6.529638290405273,
      "side_mean": -58.952659606933594
    },
    {
      "high_freq": 7314.1640625,
      "loudness": -73.69327545166016,
      "loudness_range": 25.286788940429688,
      "low_freq": 4349.24462890625,
      "mid_mean": -66.83428955078125,
      "mid_to_side_loudness": -0.005168969742953777,
      "mid_to_side_loudness_range": 4.1388139724731445,
      "side_mean": -66.83988189697266
    },
    {
      "high_freq": 12199.2666015625,
      "loudness": -77.5186996459961,
      "loudness_range": 6.751960754394531,
      "low_freq": 7314.1640625,
      "mid_mean": -69.03490447998047,
      "mid_to_side_loudness": -0.10412139445543289,
      "mid_to_side_loudness_range": 1.870671033859253,
      "side_mean": -69.05305480957031
    },
    {
      "loudness": 0,
      "loudness_range": 0,
      "low_freq": 12199.2666015625,
      "mid_mean": -69.09439086914062,
      "mid_to_side_loudness": -0.09683443605899811,
      "mid_to_side_loudness_range": 1.3170435428619385,
      "side_mean": -69.11210632324219
    }
  ],
  "channels": 2,
  "covariance": [
    [
      68.46092224121094,
      42.75088119506836,
      23.370946884155273,
      30.120779037475586,
      27.810575485229492,
      25.388519287109375,
      30.10711669921875,
      33.97612380981445,
      70.71892547607422,
      44.51229476928711,
      53.76443099975586,
      53.04548645019531,
      20.421619415283203,
      20.51910400390625,
      2.579261541366577,
      2.572404623031616,
      0.7624889016151428,
      0.7532991766929626
    ],
    [
      42.75088119506836,
      35.11399841308594,
      17.657751083374023,
      23.218461990356445,
      20.480379104614258,
      20.95140266418457,
      26.647125244140625,
      29.921255111694336,
      52.361568450927734,
      37.804447174072266,
      43.94355773925781,
      42.787200927734375,
      17.910852432250977,
      18.048412322998047,
      2.216282367706299,
      2.227463960647583,
      0.655497133731842,
      0.6529091596603394
    ],
    [
      23.370946884155273,
      17.657751083374023,
      35.2119140625,
      36.16733169555664,
      15.539648056030273,
      18.929746627807617,
      24.867328643798828,
      27.62914276123047,
      37.75996017456055,
      38.7691764831543,
      36.042518615722656,
      35.3377799987793,
      16.859058380126953,
      17.169042587280273,
      2.172764301300049,
      2.3131985664367676,
      0.48650091886520386,
      0.48631107807159424
    ],
    [
      30.120779037475586,
      23.218461990356445,
      36.16733169555664,
      44.0053825378418,
      21.377811431884766,
      24.05699920654297,
      30.936500549316406,
      33.873382568359375,
      48.766483306884766,
      49.916847229003906,
      45.97507095336914,
      45.35279846191406,
      20.697284698486328,
      20.8521785736084,
      2.423680305480957,
      2.5687508583068848,
      0.598017692565918,
      0.6003006100654602
    ],
    [
      27.810575485229492,
      20.480379104614258,
      15.539648056030273,
      21.377811431884766,
      45.83768081665039,
      38.02830123901367,
      36.009517669677734,
      36.41720199584961,
      54.39162826538086,
      51.0124397277832,
      49.59284591674805,
      50.84903335571289,
      18.95594024658203,
      18.192920684814453,
      2.298140287399292,
      2.318880558013916,
      0.7432113289833069,
      0.6854223012924194
    ],
    [
      25.388519287109375,
      20.95140266418457,
      18.929746627807617,
      24.05699920654297,
      38.02830123901367,
      40.4339714050293,
      39.095279693603516,
      40.350120544433594,
      51.71908187866211,
      53.795352935791016,
      50.41832733154297,
      51.77429962158203,
      20.498287200927734,
      20.075286865234375,
      2.519044876098633,
      2.5523507595062256,
      0.7523364424705505,
      0.7160347700119019
    ],
    [
      30.10711669921875,
      26.647125244140625,
      24.867328643798828,
      30.936500549316406,
      36.009517669677734,
      39.095279693603516,
      75.08235168457031,
      73.81535339355469,
      70.7929458618164,
      70.1365737915039,
      68.2681655883789,
      68.22987365722656,
      31.407278060913086,
      32.628299713134766,
      5.41917085647583,
      5.327954292297363,
      1.2828785181045532,
      1.2877329587936401
    ],
    [
      33.97612380981445,
      29.921255111694336,
      27.62914276123047,
      33.873382568359375,
      36.41720199584961,
      40.350120544433594,
      73.81535339355469,
      81.03954315185547,
      73.7359390258789,
      73.75338745117188,
      72.03583526611328,
      71.42011260986328,
      33.87760925292969,
      34.95219802856445,
      5.772533416748047,
      5.660885334014893,
      1.3397934436798096,
      1.3574539422988892
    ],
    [
      70.71892547607422,
      52.361568450927734,
      37.75996017456055,
      48.766483306884766,
      54.39162826538086,
      51.71908187866211,
      70.7929458618164,
      73.7359390258789,
      125.51319885253906,
      95.99309539794922,
      103.10895538330078,
      103.14022827148438,
      41.91286087036133,
      42.41015625,
      5.996809005737305,
      5.9946088790893555,
      1.6667977571487427,
      1.623032569885254
    ],
    [
      44.51229476928711,
      37.804447174072266,
      38.7691764831543,
      49.916847229003906,
      51.0124397277832,
      53.795352935791016,
      70.1365737915039,
      73.75338745117188,
      95.99309539794922,
      99.48480224609375,
      92.59705352783203,
      92.8865966796875,
      41.263824462890625,
      41.76106262207031,
      5.941258907318115,
      5.96976900100708,
      1.4484624862670898,
      1.4395010471343994
    ],
    [
      53.76443099975586,
      43.94355773925781,
      36.042518615722656,
      45.97507095336914,
      49.59284591674805,
      50.41832733154297,
      68.2681655883789,
      72.03583526611328,
      103.10895538330078,
      92.59705352783203,
      99.26298522949219,
      98.95201110839844,
      44.84235382080078,
      45.27579116821289,
      6.308873176574707,
      6.354266166687012,
      1.6189484596252441,
      1.5913426876068115
    ],
    [
      53.04548645019531,
      42.787200927734375,
      35.3377799987793,
      45.35279846191406,
      50.84903335571289,
      51.77429962158203,
      68.22987365722656,
      71.42011260986328,
      103.14022827148438,
      92.8865966796875,
      98.95201110839844,
      100.41537475585938,
      44.943939208984375,
      45.28399658203125,
      6.267393589019775,
      6.33536434173584,
      1.6213887929916382,
      1.5861189365386963
    ],
    [
      20.421619415283203,
      17.910852432250977,
      16.859058380126953,
      20.697284698486328,
      18.95594024658203,
      20.498287200927734,
      31.407278060913086,
      33.87760925292969,
      41.91286087036133,
      41.263824462890625,
      44.84235382080078,
      44.943939208984375,
      27.559326171875,
      28.012649536132812,
      4.118906021118164,
      4.241772651672363,
      0.9123710989952087,
      0.9102821946144104
    ],
    [
      20.51910400390625,
      18.048412322998047,
      17.169042587280273,
      20.8521785736084,
      18.192920684814453,
      20.075286865234375,
      32.628299713134766,
      34.95219802856445,
      42.41015625,
      41.76106262207031,
      45.27579116821289,
      45.28399658203125,
      28.012649536132812,
      29.132492065429688,
      4.46358060836792,
      4.587268352508545,
      0.9476706981658936,
      0.9519886374473572
    ],
    [
      2.579261541366577,
      2.216282367706299,
      2.172764301300049,
      2.423680305480957,
      2.298140287399292,
      2.519044876098633,
      5.41917085647583,
      5.772533416748047,
      5.996809005737305,
      5.941258907318115,
      6.308873176574707,
      6.267393589019775,
      4.118906021118164,
      4.46358060836792,
      1.151708722114563,
      1.1056135892868042,
      0.1762549728155136,
      0.18369491398334503
    ],
    [
      2.572404623031616,
      2.227463960647583,
      2.3131985664367676,
      2.5687508583068848,
      2.318880558013916,
      2.5523507595062256,
      5.327954292297363,
      5.660885334014893,
      5.9946088790893555,
      5.96976900100708,
      6.354266166687012,
      6.33536434173584,
      4.241772651672363,
      4.587268352508545,
      1.1056135892868042,
      1.1068998575210571,
      0.17171838879585266,
      0.1772618144750595
    ],
    [
      0.7624889016151428,
      0.655497133731842,
      0.48650091886520386,
      0.598017692565918,
      0.7432113289833069,
      0.7523364424705505,
      1.2828785181045532,
      1.3397934436798096,
      1.6667977571487427,
      1.4484624862670898,
      1.6189484596252441,
      1.6213887929916382,
      0.9123710989952087,
      0.9476706981658936,
      0.1762549728155136,
      0.17171838879585266,
      0.040824227035045624,
      0.04066413640975952
    ],
    [
      0.7532991766929626,
      0.6529091596603394,
      0.48631107807159424,
      0.6003006100654602,
      0.6854223012924194,
      0.7160347700119019,
      1.2877329587936401,
      1.3574539422988892,
      1.623032569885254,
      1.4395010471343994,
      1.5913426876068115,
      1.5861189365386963,
      0.9102821946144104,
      0.9519886374473572,
      0.18369491398334503,
      0.1772618144750595,
      0.04066413640975952,
      0.0416974313557148
    ]
  ],
  "covariance_short": [
    [
      86.7662582397461,
      42.16218948364258,
      26.27630043029785,
      33.243194580078125,
      35.7852783203125,
      35.1862907409668,
      38.36767578125,
      43.03853988647461,
      80.12651824951172,
      62.666404724121094,
      61.560699462890625,
      62.243499755859375,
      21.169889450073242,
      21.639026641845703,
      2.727665424346924,
      2.683746576309204,
      0.8699651956558228,
      0.8791426420211792
    ],
    [
      42.16218948364258,
      26.293636322021484,
      15.571232795715332,
      20.026222229003906,
      18.875595092773438,
      20.246400833129883,
      23.487342834472656,
      26.495140075683594,
      42.4653205871582,
      36.66313171386719,
      36.39511489868164,
      36.71000671386719,
      14.589861869812012,
      15.025320053100586,
      1.7633180618286133,
      1.7781692743301392,
      0.5301791429519653,
      0.536197304725647
    ],
    [
      26.27630043029785,
      15.571232795715332,
      42.555564880371094,
      40.11240768432617,
      20.162824630737305,
      23.245113372802734,
      29.320539474487305,
      31.542673110961914,
      40.67098617553711,
      41.64799118041992,
      37.3313102722168,
      37.22452163696289,
      15.941905975341797,
      16.608295440673828,
      2.0614712238311768,
      2.097900629043579,
      0.5482537746429443,
      0.5547366142272949
    ],
    [
      33.243194580078125,
      20.026222229003906,
      40.11240768432617,
      50.363895416259766,
      24.9279727935791,
      27.635683059692383,
      35.289180755615234,
      38.06298828125,
      51.110599517822266,
      52.123931884765625,
      46.5822639465332,
      46.437034606933594,
      19.235305786132812,
      19.682254791259766,
      2.334517478942871,
      2.361933708190918,
      0.6565682888031006,
      0.6572688817977905
    ],
    [
      35.7852783203125,
      18.875595092773438,
      20.162824630737305,
      24.9279727935791,
      51.68703079223633,
      43.088035583496094,
      38.17622756958008,
      38.183170318603516,
      57.220741271972656,
      57.86277389526367,
      51.95246887207031,
      54.12744140625,
      19.15971565246582,
      18.785682678222656,
      2.460461378097534,
      2.369232177734375,
      0.8450207114219666,
      0.7822346687316895
    ],
    [
      35.1862907409668,
      20.246400833129883,
      23.245113372802734,
      27.635683059692383,
      43.088035583496094,
      46.809303283691406,
      40.5177116394043,
      41.379940032958984,
      53.98855972290039,
      55.521324157714844,
      52.36344909667969,
      54.685245513916016,
      20.38438606262207,
      20.393709182739258,
      2.632934331893921,
      2.5597665309906006,
      0.8379228115081787,
      0.807064414024353
    ],
    [
      38.36767578125,
      23.487342834472656,
      29.320539474487305,
      35.289180755615234,
      38.17622756958008,
      40.5177116394043,
      81.82269287109375,
      78.11661529541016,
      75.33634948730469,
      73.79454803466797,
      69.4662094116211,
      70.55216217041016,
      29.25050926208496,
      30.143613815307617,
      4.795650482177734,
      4.669360637664795,
      1.3605362176895142,
      1.3703532218933105
    ],
    [
      43.03853988647461,
      26.495140075683594,
      31.542673110961914,
      38.06298828125,
      38.183170318603516,
      41.379940032958984,
      78.11661529541016,
      86.55377960205078,
      77.12966918945312,
      76.42427825927734,
      72.78215789794922,
      73.54251098632812,
      31.312700271606445,
      32.06061553955078,
      4.971210956573486,
      4.833632469177246,
      1.4096972942352295,
      1.4461894035339355
    ],
    [
      80.12651824951172,
      42.4653205871582,
      40.67098617553711,
      51.110599517822266,
      57.220741271972656,
      53.98855972290039,
      75.33634948730469,
      77.12966918945312,
      128.33255004882812,
      105.64434814453125,
      103.45073699951172,
      105.24668884277344,
      39.308780670166016,
      39.86526107788086,
      5.505361557006836,
      5.408076763153076,
      1.6986157894134521,
      1.6470459699630737
    ],
    [
      62.666404724121094,
      36.66313171386719,
      41.64799118041992,
      52.123931884765625,
      57.86277389526367,
      55.521324157714844,
      73.79454803466797,
      76.42427825927734,
      105.64434814453125,
      110.3724594116211,
      96.17219543457031,
      98.32392120361328,
      38.5668830871582,
      39.26694869995117,
      5.389993190765381,
      5.301456451416016,
      1.5315158367156982,
      1.5207304954528809
    ],
    [
      61.560699462890625,
      36.39511489868164,
      37.3313102722168,
      46.5822639465332,
      51.95246887207031,
      52.36344909667969,
      69.4662094116211,
      72.78215789794922,
      103.45073699951172,
      96.17219543457031,
      99.43583679199219,
      99.99783325195312,
      41.79106140136719,
      42.53517150878906,
      5.741239547729492,
      5.6875081062316895,
      1.649229645729065,
      1.6137619018554688
    ],
    [
      62.243499755859375,
      36.71000671386719,
      37.22452163696289,
      46.437034606933594,
      54.12744140625,
      54.685245513916016,
      70.55216217041016,
      73.54251098632812,
      105.24668884277344,
      98.32392120361328,
      99.99783325195312,
      104.43800354003906,
      42.48038101196289,
      43.26948165893555,
      5.799325466156006,
      5.790007591247559,
      1.6762571334838867,
      1.6308703422546387
    ],
    [
      21.169889450073242,
      14.589861869812012,
      15.941905975341797,
      19.235305786132812,
      19.15971565246582,
      20.38438606262207,
      29.25050926208496,
      31.312700271606445,
      39.308780670166016,
      38.5668830871582,
      41.79106140136719,
      42.48038101196289,
      24.925432205200195,
      25.095050811767578,
      3.646313428878784,
      3.747389554977417,
      0.8982438445091248,
      0.8953697681427002
    ],
    [
      21.639026641845703,
      15.025320053100586,
      16.608295440673828,
      19.682254791259766,
      18.785682678222656,
      20.393709182739258,
      30.143613815307617,
      32.06061553955078,
      39.86526107788086,
      39.26694869995117,
      42.53517150878906,
      43.26948165893555,
      25.095050811767578,
      26.361312866210938,
      3.8985776901245117,
      4.009913444519043,
      0.9255178570747375,
      0.9267749190330505
    ],
    [
      2.727665424346924,
      1.7633180618286133,
      2.0614712238311768,
      2.334517478942871,
      2.460461378097534,
      2.632934331893921,
      4.795650482177734,
      4.971210956573486,
      5.505361557006836,
      5.389993190765381,
      5.741239547729492,
      5.799325466156006,
      3.646313428878784,
      3.8985776901245117,
      1.0520761013031006,
      1.0183988809585571,
      0.1724012792110443,
      0.18062539398670197
    ],
    [
      2.683746576309204,
      1.7781692743301392,
      2.097900629043579,
      2.361933708190918,
      2.369232177734375,
      2.5597665309906006,
      4.669360637664795,
      4.833632469177246,
      5.408076763153076,
      5.301456451416016,
      5.6875081062316895,
      5.790007591247559,
      3.747389554977417,
      4.009913444519043,
      1.0183988809585571,
      1.0596964359283447,
      0.16843248903751373,
      0.17412899434566498
    ],
    [
      0.8699651956558228,
      0.5301791429519653,
      0.5482537746429443,
      0.6565682888031006,
      0.8450207114219666,
      0.8379228115081787,
      1.3605362176895142,
      1.4096972942352295,
      1.6986157894134521,
      1.5315158367156982,
      1.649229645729065,
      1.6762571334838867,
      0.8982438445091248,
      0.9255178570747375,
      0.1724012792110443,
      0.16843248903751373,
      0.05106544867157936,
      0.04836249724030495
    ],
    [
      0.8791426420211792,
      0.536197304725647,
      0.5547366142272949,
      0.6572688817977905,
      0.7822346687316895,
      0.807064414024353,
      1.3703532218933105,
      1.4461894035339355,
      1.6470459699630737,
      1.5207304954528809,
      1.6137619018554688,
      1.6308703422546387,
      0.8953697681427002,
      0.9267749190330505,
      0.18062539398670197,
      0.17412899434566498,
      0.04836249724030495,
      0.05355985835194588
    ]
  ],
  "drr": 7.99810791015625,
  "dynamics": 5.0308332443237305,
  "format": 1245190,
  "frames": 1916928,
  "loudness": -23.35199737548828,
  "loudness_range": 15.518251419067383,
  "loudness_range_short": 16.60417938232422,
  "peak": -3.446720600128174,
  "rms": -23.877269744873047,
  "sample_rate": 44100,
  "sections": 1,
  "seekable": 1,
  "sharpness": 2.8779640197753906,
  "space": -6.999757766723633
}