{
  "bands": [
    {
      "high_freq": 148.1999969482422,
      "loudness": -47.04201889038086,
      "loudness_range": 17.873600006103516,
      "mid_mean": -43.643131256103516,
      "mid_to_side_loudness": -14.63270378112793,
      "mid_to_side_loudness_range": 10.097262382507324,
      "side_mean": -58.01090621948242
    },
    {
      "high_freq": 392.3793640136719,
      "loudness": -33.45744705200195,
      "loudness_range": 23.01797866821289,
      "low_freq": 148.1999969482422,
      "mid_mean": -30.45929527282715,
      "mid_to_side_loudness": -8.908815383911133,
      "mid_to_side_loudness_range": 11.98649787902832,
      "side_mean": -39.46418380737305
    },
    {
      "high_freq": 794.6976318359375,
      "loudness": -29.691747665405273,
      "loudness_range": 17.685670852661133,
      "low_freq": 392.3793640136719,
      "mid_mean": -26.844139099121094,
      "mid_to_side_loudness": -7.660372734069824,
      "mid_to_side_loudness_range": 10.523494720458984,
      "side_mean": -34.7463493347168
    },
    {
      "high_freq": 1457.5709228515625,
      "loudness": -38.95722198486328,
      "loudness_range": 22.995668411254883,
      "low_freq": 794.6976318359375,
      "mid_mean": -36.563289642333984,
      "mid_to_side_loudness": -5.291439056396484,
      "mid_to_side_loudness_range": 7.344106197357178,
      "side_mean": -41.93046569824219
    },
    {
      "high_freq": 2549.74365234375,
      "loudness": -46.3035888671875,
      "loudness_range": 23.073429107666016,
      "low_freq": 1457.5709228515625,
      "mid_mean": -44.62423324584961,
      "mid_to_side_loudness": -2.9852123260498047,
      "mid_to_side_loudness_range": 6.471155643463135,
      "side_mean": -47.683349609375
    },
    {
      "high_freq": 4349.24462890625,
      "loudness": -60.789817810058594,
      "loudness_range": 27.11056137084961,
      "low_freq": 2549.74365234375,
      "mid_mean": -58.69251251220703,
      "mid_to_side_loudness": -1.7430474758148193,
      "mid_to_side_loudness_range": 7.2308349609375,
      "side_mean": -60.1939697265625
    },
    {
      "high_freq": 7314.1640625,
      "loudness": -72.2495346069336,
      "loudness_range": 14.063785552978516,
      "low_freq": 4349.24462890625,
      "mid_mean": -67.42965698242188,
      "mid_to_side_loudness": 0.8724170327186584,
      "mid_to_side_loudness_range": 3.293050527572632,
      "side_mean": -66.9592056274414
    },
    {
      "high_freq": 12199.2666015625,
      "loudness": -73.90332794189453,
      "loudness_range": 2.08367919921875,
      "low_freq": 7314.1640625,
      "mid_mean": -68.26781463623047,
      "mid_to_side_loudness": -0.1340552121400833,
      "mid_to_side_loudness_range": 0.6126259565353394,
      "side_mean": -68.28903198242188
    },
    {
      "loudness": 0,
      "loudness_range": 0,
      "low_freq": 12199.2666015625,
      "mid_mean": -67.96243286132812,
      "mid_to_side_loudness": -0.11450672149658203,
      "mid_to_side_loudness_range": 0.4476291537284851,
      "side_mean": -67.98805236816406
    }
  ],
  "bands_short": [
    {
      "high_freq": 148.1999969482422,
      "loudness": -50.61751937866211,
      "loudness_range": 20.405445098876953,
      "mid_mean": -47.28622817993164,
      "mid_to_side_loudness": -13.925980567932129,
      "mid_to_side_loudness_range": 15.420032501220703,
      "side_mean": -60.430110931396484
    },
    {
      "high_freq": 392.3793640136719,
      "loudness": -34.50864791870117,
      "loudness_range": 25.17778205871582,
      "low_freq": 148.1999969482422,
      "mid_mean": -31.603214263916016,
      "mid_to_side_loudness": -9.151155471801758,
      "mid_to_side_loudness_range": 14.313983917236328,
      "side_mean": -41.0368537902832
    },
    {
      "high_freq": 794.6976318359375,
      "loudness": -30.58547592163086,
      "loudness_range": 20.68696403503418,
      "low_freq": 392.3793640136719,
      "mid_mean": -27.857572555541992,
      "mid_to_side_loudness": -7.491691589355469,
      "mid_to_side_loudness_range": 12.318531036376953,
      "side_mean": -35.59920883178711
    },
    {
      "high_freq": 1457.5709228515625,
      "loudness": -39.10478973388672,
      "loudness_range": 23.63508415222168,
      "low_freq": 794.6976318359375,
      "mid_mean": -36.74961471557617,
      "mid_to_side_loudness": -5.477318286895752,
      "mid_to_side_loudness_range": 9.492218971252441,
      "side_mean": -42.311885833740234
    },
    {
      "high_freq": 2549.74365234375,
      "loudness": -47.71901321411133,
      "loudness_range": 25.329586029052734,
      "low_freq": 1457.5709228515625,
      "mid_mean": -46.099830627441406,
      "mid_to_side_loudness": -3.131279945373535,
      "mid_to_side_loudness_range": 8.747400283813477,
      "side_mean": -50.180511474609375
    },
    {
      "high_freq": 4349.24462890625,
      "loudness": -61.25885772705078,
      "loudness_range": 28.198280334472656,
      "low_freq": 2549.74365234375,
      "mid_mean": -59.11606216430664,
      "mid_to_side_loudness": -1.5780889987945557,
      "mid_to_side_loudness_range": 8.472436904907227,
      "side_mean": -60.46271514892578
    },
    {
      "high_freq": 7314.1640625,
      "loudness": -72.60535430908203,
      "loudness_range": 13.552204132080078,
      "low_freq": 4349.24462890625,
      "mid_mean": -67.5698013305664,
      "mid_to_side_loudness": 0.7213954925537109,
      "mid_to_side_loudness_range": 4.393097877502441,
      "side_mean": -67.2046890258789
    },
    {
      "high_freq": 12199.2666015625,
      "loudness": -73.9634780883789,
      "loudness_range": 2.2105178833007812,
      "low_freq": 7314.1640625,
      "mid_mean": -68.28242492675781,
      "mid_to_side_loudness": -0.12758970260620117,
      "mid_to_side_loudness_range": 1.6679284572601318,
      "side_mean": -68.30960845947266
    },
    {
      "loudness": -72.9601058959961,
      "loudness_range": 1.445526123046875,
      "low_freq": 12199.2666015625,
      "mid_mean": -67.95703125,
      "mid_to_side_loudness": -0.10788191854953766,
      "mid_to_side_loudness_range": 1.2803361415863037,
      "side_mean": -67.98262786865234
    }
  ],
  "channels": 2,
  "covariance": [
    [
      44.02756881713867,
      30.969663619995117,
      23.024490356445312,
      27.190324783325195,
      2.4469809532165527,
      4.772861480712891,
      1.8689943552017212,
      3.4228475093841553,
      5.025517463684082,
      6.852270126342773,
      8.913134574890137,
      9.444291114807129,
      3.464000701904297,
      4.4516401290893555,
      0.700883686542511,
      0.6948630809783936,
      0.5819677710533142,
      0.5810484290122986
    ],
    [
      30.969663619995117,
      33.567466735839844,
      17.192405700683594,
      20.39423370361328,
      -2.282836437225342,
      0.039322543889284134,
      -3.5212199687957764,
      -2.2721996307373047,
      -1.6312990188598633,
      -0.3636896312236786,
      4.729201316833496,
      5.838620185852051,
      2.1573526859283447,
      2.807438373565674,
      0.6767197251319885,
      0.6794752478599548,
      0.7042017579078674,
      0.704639732837677
    ],
    [
      23.024490356445312,
      17.192405700683594,
      64.79579162597656,
      54.660499572753906,
      9.0185546875,
      10.821207046508789,
      4.472131729125977,
      7.0970234870910645,
      11.49682903289795,
      13.427331924438477,
      13.86372184753418,
      12.580728530883789,
      2.292915105819702,
      3.6033060550689697,
      0.45067715644836426,
      0.3459087014198303,
      0.314922034740448,
      0.31679782271385193
    ],
    [
      27.190324783325195,
      20.39423370361328,
      54.660499572753906,
      61.703826904296875,
      10.08338451385498,
      10.636924743652344,
      6.986642360687256,
      9.930727005004883,
      10.693832397460938,
      14.325380325317383,
      15.198456764221191,
      14.522604942321777,
      3.5139591693878174,
      5.219656944274902,
      0.5964434742927551,
      0.5240973234176636,
      0.4283200800418854,
      0.4215184450149536
    ],
    [
      2.4469809532165527,
      -2.282836437225342,
      9.0185546875,
      10.08338451385498,
      44.003849029541016,
      35.16074752807617,
      26.8911075592041,
      28.328306198120117,
      35.39055252075195,
      35.6815071105957,
      30.979705810546875,
      28.46322250366211,
      7.93665885925293,
      9.840221405029297,
      1.0525611639022827,
      0.9749089479446411,
      0.7109823226928711,
      0.606732964515686
    ],
    [
      4.772861480712891,
      0.039322543889284134,
      10.821207046508789,
      10.636924743652344,
      35.16074752807617,
      40.4731559753418,
      24.74690818786621,
      26.334980010986328,
      33.27959442138672,
      34.686790466308594,
      33.26722717285156,
      29.68975257873535,
      7.746363639831543,
      9.375158309936523,
      0.9713768362998962,
      0.9492821097373962,
      0.6205239295959473,
      0.5343679785728455
    ],
    [
      1.8689943552017212,
      -3.5212199687957764,
      4.472131729125977,
      6.986642360687256,
      26.8911075592041,
      24.74690818786621,
      63.75567626953125,
      57.55025100708008,
      43.2647590637207,
      44.032615661621094,
      46.9172477722168,
      43.4466438293457,
      13.636556625366211,
      15.985657691955566,
      1.583770751953125,
      1.7654399871826172,
      0.8921295404434204,
      0.7540575861930847
    ],
    [
      3.4228475093841553,
      -2.2721996307373047,
      7.0970234870910645,
      9.930727005004883,
      28.328306198120117,
      26.334980010986328,
      57.55025100708008,
      58.387699127197266,
      43.449825286865234,
      44.11857986450195,
      45.47726821899414,
      42.78708267211914,
      13.476058006286621,
      16.168678283691406,
      1.5579767227172852,
      1.7099601030349731,
      0.8784886002540588,
      0.7505238056182861
    ],
    [
      5.025517463684082,
      -1.6312990188598633,
      11.49682903289795,
      10.693832397460938,
      35.39055252075195,
      33.27959442138672,
      43.2647590637207,
      43.449825286865234,
      68.76332092285156,
      62.95295333862305,
      53.65681076049805,
      47.15517807006836,
      13.926644325256348,
      17.108797073364258,
      1.6113717555999756,
      1.6319917440414429,
      0.9271336197853088,
      0.794827401638031
    ],
    [
      6.852270126342773,
      -0.3636896312236786,
      13.427331924438477,
      14.325380325317383,
      35.6815071105957,
      34.686790466308594,
      44.032615661621094,
      44.11857986450195,
      62.95295333862305,
      63.70526885986328,
      54.63202667236328,
      47.84709548950195,
      13.921391487121582,
      17.045543670654297,
      1.6264703273773193,
      1.6753073930740356,
      0.9233348369598389,
      0.7980325222015381
    ],
    [
      8.913134574890137,
      4.729201316833496,
      13.86372184753418,
      15.198456764221191,
      30.979705810546875,
      33.26722717285156,
      46.9172477722168,
      45.47726821899414,
      53.65681076049805,
      54.63202667236328,
      63.61412048339844,
      54.28717041015625,
      15.763586044311523,
      19.244781494140625,
      2.283857583999634,
      2.436079978942871,
      1.586058259010315,
      1.4469609260559082
    ],
    [
      9.444291114807129,
      5.838620185852051,
      12.580728530883789,
      14.522604942321777,
      28.46322250366211,
      29.68975257873535,
      43.4466438293457,
      42.78708267211914,
      47.15517807006836,
      47.84709548950195,
      54.28717041015625,
      50.54708480834961,
      15.20230770111084,
      18.55002784729004,
      2.1205811500549316,
      2.273775100708008,
      1.4612940549850464,
      1.331481695175171
    ],
    [
      3.464000701904297,
      2.1573526859283447,
      2.292915105819702,
      3.5139591693878174,
      7.93665885925293,
      7.746363639831543,
      13.636556625366211,
      13.476058006286621,
      13.926644325256348,
      13.921391487121582,
      15.763586044311523,
      15.20230770111084,
      7.599409580230713,
      8.641931533813477,
      0.9367575645446777,
      1.0231809616088867,
      0.513276994228363,
      0.459006667137146
    ],
    [
      4.4516401290893555,
      2.807438373565674,
      3.6033060550689697,
      5.219656944274902,
      9.840221405029297,
      9.375158309936523,
      15.985657691955566,
      16.168678283691406,
      17.108797073364258,
      17.045543670654297,
      19.244781494140625,
      18.55002784729004,
      8.641931533813477,
      10.581019401550293,
      1.0733823776245117,
      1.1726200580596924,
      0.6070330142974854,
      0.5465273261070251
    ],
    [
      0.700883686542511,
      0.6767197251319885,
      0.45067715644836426,
      0.5964434742927551,
      1.0525611639022827,
      0.9713768362998962,
      1.583770751953125,
      1.5579767227172852,
      1.6113717555999756,
      1.6264703273773193,
      2.283857583999634,
      2.1205811500549316,
      0.9367575645446777,
      1.0733823776245117,
      0.20381739735603333,
      0.21442312002182007,
      0.13582049310207367,
      0.1271314024925232
    ],
    [
      0.6948630809783936,
      0.6794752478599548,
      0.3459087014198303,
      0.5240973234176636,
      0.9749089479446411,
      0.9492821097373962,
      1.7654399871826172,
      1.7099601030349731,
      1.6319917440414429,
      1.6753073930740356,
      2.436079978942871,
      2.273775100708008,
      1.0231809616088867,
      1.1726200580596924,
      0.21442312002182007,
      0.26114365458488464,
      0.13809239864349365,
      0.12930729985237122
    ],
    [
      0.5819677710533142,
      0.7042017579078674,
      0.314922034740448,
      0.4283200800418854,
      0.7109823226928711,
      0.6205239295959473,
      0.8921295404434204,
      0.8784886002540588,
      0.9271336197853088,
      0.9233348369598389,
      1.586058259010315,
      1.4612940549850464,
      0.513276994228363,
      0.6070330142974854,
      0.13582049310207367,
      0.13809239864349365,
      0.1266118884086609,
      0.11979936063289642
    ],
    [
      0.5810484290122986,
      0.704639732837677,
      0.31679782271385193,
      0.4215184450149536,
      0.606732964515686,
      0.5343679785728455,
      0.7540575861930847,
      0.7505238056182861,
      0.794827401638031,
      0.7980325222015381,
      1.4469609260559082,
      1.331481695175171,
      0.459006667137146,
      0.5465273261070251,
      0.1271314024925232,
      0.12930729985237122,
      0.11979936063289642,
      0.1163102239370346
    ]
  ],
  "covariance_short": [
    [
      51.52536392211914,
      24.12153434753418,
      23.492385864257812,
      27.962203979492188,
      7.560221195220947,
      9.278907775878906,
      3.87929630279541,
      5.791472434997559,
      9.420354843139648,
      19.902109146118164,
      12.725763320922852,
      12.021565437316895,
      3.4133126735687256,
      4.241611003875732,
      0.8590964674949646,
      0.8435531854629517,
      0.776650071144104,
      0.7558144927024841
    ],
    [
      24.12153434753418,
      24.839412689208984,
      14.880717277526855,
      17.988147735595703,
      2.0549330711364746,
      3.228800058364868,
      -1.7269999980926514,
      -0.22914458811283112,
      1.43082594871521,
      10.172941207885742,
      6.198694229125977,
      6.371347427368164,
      1.6614112854003906,
      2.1403698921203613,
      0.5705782175064087,
      0.5634829998016357,
      0.601052463054657,
      0.5939576625823975
    ],
    [
      23.492385864257812,
      14.880717277526855,
      78.05306243896484,
      64.8550033569336,
      17.95644760131836,
      17.907482147216797,
      3.5960352420806885,
      7.411765098571777,
      17.321205139160156,
      22.910722732543945,
      19.564990997314453,
      17.54900360107422,
      3.3461506366729736,
      4.204339504241943,
      0.5750446319580078,
      0.5279011726379395,
      0.39983242750167847,
      0.4035388231277466
    ],
    [
      27.962203979492188,
      17.988147735595703,
      64.8550033569336,
      78.66993713378906,
      18.706777572631836,
      18.25126075744629,
      7.841436386108398,
      12.133034706115723,
      17.660131454467773,
      26.81627082824707,
      22.308897018432617,
      20.40662384033203,
      4.642057418823242,
      6.053938865661621,
      0.7706915140151978,
      0.7370379567146301,
      0.5846464037895203,
      0.5689831376075745
    ],
    [
      7.560221195220947,
      2.0549330711364746,
      17.95644760131836,
      18.706777572631836,
      56.28291702270508,
      42.84386444091797,
      32.21173858642578,
      31.247282028198242,
      42.86746597290039,
      43.1143913269043,
      36.824729919433594,
      32.517974853515625,
      8.31380558013916,
      9.920737266540527,
      1.2284830808639526,
      1.1258410215377808,
      0.8773515224456787,
      0.7555521726608276
    ],
    [
      9.278907775878906,
      3.228800058364868,
      17.907482147216797,
      18.25126075744629,
      42.84386444091797,
      48.471405029296875,
      28.517776489257812,
      28.745656967163086,
      38.87456130981445,
      41.22536849975586,
      36.52540969848633,
      32.387367248535156,
      7.710182189941406,
      9.057424545288086,
      1.051382064819336,
      1.0135515928268433,
      0.7358339428901672,
      0.6417068243026733
    ],
    [
      3.87929630279541,
      -1.7269999980926514,
      3.5960352420806885,
      7.841436386108398,
      32.21173858642578,
      28.517776489257812,
      67.70311737060547,
      57.9080696105957,
      51.43634796142578,
      49.55838394165039,
      47.343666076660156,
      44.08573532104492,
      12.629190444946289,
      14.46243953704834,
      1.7240192890167236,
      1.7856117486953735,
      1.0949491262435913,
      0.9271867275238037
    ],
    [
      5.791472434997559,
      -0.22914458811283112,
      7.411765098571777,
      12.133034706115723,
      31.247282028198242,
      28.745656967163086,
      57.9080696105957,
      60.84325408935547,
      48.90027618408203,
      47.51268005371094,
      46.40709686279297,
      43.671756744384766,
      12.464797973632812,
      14.459144592285156,
      1.622299313545227,
      1.7049050331115723,
      1.0276095867156982,
      0.8837969899177551
    ],
    [
      9.420354843139648,
      1.43082594871521,
      17.321205139160156,
      17.660131454467773,
      42.86746597290039,
      38.87456130981445,
      51.43634796142578,
      48.90027618408203,
      79.3232421875,
      70.70262908935547,
      58.706722259521484,
      52.35162353515625,
      13.914841651916504,
      16.588417053222656,
      1.8096176385879517,
      1.8229353427886963,
      1.1359728574752808,
      0.9834190607070923
    ],
    [
      19.902109146118164,
      10.172941207885742,
      22.910722732543945,
      26.81627082824707,
      43.1143913269043,
      41.22536849975586,
      49.55838394165039,
      47.51268005371094,
      70.70262908935547,
      87.35305786132812,
      66.12787628173828,
      58.70166015625,
      15.09997844696045,
      17.887086868286133,
      2.820622205734253,
      2.817690372467041,
      2.2980246543884277,
      2.1363365650177
    ],
    [
      12.725763320922852,
      6.198694229125977,
      19.564990997314453,
      22.308897018432617,
      36.824729919433594,
      36.52540969848633,
      47.343666076660156,
      46.40709686279297,
      58.706722259521484,
      66.12787628173828,
      67.19297790527344,
      57.54649353027344,
      15.174806594848633,
      18.102758407592773,
      2.3881630897521973,
      2.4600586891174316,
      1.730290412902832,
      1.5750621557235718
    ],
    [
      12.021565437316895,
      6.371347427368164,
      17.54900360107422,
      20.40662384033203,
      32.517974853515625,
      32.387367248535156,
      44.08573532104492,
      43.671756744384766,
      52.35162353515625,
      58.70166015625,
      57.54649353027344,
      54.64523696899414,
      14.547551155090332,
      17.396535873413086,
      2.196614980697632,
      2.2716777324676514,
      1.5780473947525024,
      1.4386005401611328
    ],
    [
      3.4133126735687256,
      1.6614112854003906,
      3.3461506366729736,
      4.642057418823242,
      8.31380558013916,
      7.710182189941406,
      12.629190444946289,
      12.464797973632812,
      13.914841651916504,
      15.09997844696045,
      15.174806594848633,
      14.547551155090332,
      7.214820384979248,
      7.795108318328857,
      0.9570430517196655,
      1.0388520956039429,
      0.5543227791786194,
      0.4963320791721344
    ],
    [
      4.241611003875732,
      2.1403698921203613,
      4.204339504241943,
      6.053938865661621,
      9.920737266540527,
      9.057424545288086,
      14.46243953704834,
      14.459144592285156,
      16.588417053222656,
      17.887086868286133,
      18.102758407592773,
      17.396535873413086,
      7.795108318328857,
      9.623863220214844,
      1.0785250663757324,
      1.1629725694656372,
      0.6334129571914673,
      0.5713354349136353
    ],
    [
      0.8590964674949646,
      0.5705782175064087,
      0.5750446319580078,
      0.7706915140151978,
      1.2284830808639526,
      1.051382064819336,
      1.7240192890167236,
      1.622299313545227,
      1.8096176385879517,
      2.820622205734253,
      2.3881630897521973,
      2.196614980697632,
      0.9570430517196655,
      1.0785250663757324,
      0.26501184701919556,
      0.26264625787734985,
      0.1558578461408615,
      0.14468450844287872
    ],
    [
      0.8435531854629517,
      0.5634829998016357,
      0.5279011726379395,
      0.7370379567146301,
      1.1258410215377808,
      1.0135515928268433,
      1.7856117486953735,
      1.7049050331115723,
      1.8229353427886963,
      2.817690372467041,
      2.4600586891174316,
      2.2716777324676514,
      1.0388520956039429,
      1.1629725694656372,
      0.26264625787734985,
      0.3286268413066864,
      0.1576303243637085,
      0.1464097797870636
    ],
    [
      0.776650071144104,
      0.601052463054657,
      0.39983242750167847,
      0.5846464037895203,
      0.8773515224456787,
      0.7358339428901672,
      1.0949491262435913,
      1.0276095867156982,
      1.1359728574752808,
      2.2980246543884277,
      1.730290412902832,
      1.5780473947525024,
      0.5543227791786194,
      0.6334129571914673,
      0.1558578461408615,
      0.1576303243637085,
      0.1528804451227188,
      0.1326623111963272
    ],
    [
      0.7558144927024841,
      0.5939576625823975,
      0.4035388231277466,
      0.5689831376075745,
      0.7555521726608276,
      0.6417068243026733,
      0.9271867275238037,
      0.8837969899177551,
      0.9834190607070923,
      2.1363365650177,
      1.5750621557235718,
      1.4386005401611328,
      0.4963320791721344,
      0.5713354349136353,
      0.14468450844287872,
      0.1464097797870636,
      0.1326623111963272,
      0.13928498327732086
    ]
  ],
  "drr": 9.219904899597168,
  "dynamics": 4.389801502227783,
  "format": 1245190,
  "frames": 13674496,
  "loudness": -22.079530715942383,
  "loudness_range": 12.463335037231445,
  "loudness_range_short": 15.766704559326172,
  "peak": -1.3362163305282593,
  "rms": -23.109949111938477,
  "sample_rate": 44100,
  "sections": 1,
  "seekable": 1,
  "sharpness": 3.396723508834839,
  "space": -8.1237154006958
}