{
  "bands": [
    {
      "high_freq": 148.1999969482422,
      "loudness": -17.386104583740234,
      "loudness_range": 7.498197555541992,
      "mid_mean": -13.852067947387695,
      "mid_to_side_loudness": -18.909074783325195,
      "mid_to_side_loudness_range": 20.46247100830078,
      "side_mean": -32.853336334228516
    },
    {
      "high_freq": 392.3793640136719,
      "loudness": -16.420326232910156,
      "loudness_range": 6.415891647338867,
      "low_freq": 148.1999969482422,
      "mid_mean": -13.313518524169922,
      "mid_to_side_loudness": -9.68251895904541,
      "mid_to_side_loudness_range": 10.746296882629395,
      "side_mean": -23.107574462890625
    },
    {
      "high_freq": 794.6976318359375,
      "loudness": -20.943601608276367,
      "loudness_range": 7.841150283813477,
      "low_freq": 392.3793640136719,
      "mid_mean": -20.155269622802734,
      "mid_to_side_loudness": -0.7257102131843567,
      "mid_to_side_loudness_range": 8.777585983276367,
      "side_mean": -20.817689895629883
    },
    {
      "high_freq": 1457.5709228515625,
      "loudness": -23.867572784423828,
      "loudness_range": 8.877349853515625,
      "low_freq": 794.6976318359375,
      "mid_mean": -21.971940994262695,
      "mid_to_side_loudness": -3.3516087532043457,
      "mid_to_side_loudness_range": 6.177945137023926,
      "side_mean": -25.23420524597168
    },
    {
      "high_freq": 2549.74365234375,
      "loudness": -22.685575485229492,
      "loudness_range": 9.059494018554688,
      "low_freq": 1457.5709228515625,
      "mid_mean": -20.45429039001465,
      "mid_to_side_loudness": -4.19420862197876,
      "mid_to_side_loudness_range": 4.865349769592285,
      "side_mean": -24.613393783569336
    },
    {
      "high_freq": 4349.24462890625,
      "loudness": -21.770343780517578,
      "loudness_range": 10.100992202758789,
      "low_freq": 2549.74365234375,
      "mid_mean": -19.321313858032227,
      "mid_to_side_loudness": -4.9871296882629395,
      "mid_to_side_loudness_range": 4.31087589263916,
      "side_mean": -24.27332305908203
    },
    {
      "high_freq": 7314.1640625,
      "loudness": -22.303359985351562,
      "loudness_range": 10.260704040527344,
      "low_freq": 4349.24462890625,
      "mid_mean": -19.690074920654297,
      "mid_to_side_loudness": -5.700453758239746,
      "mid_to_side_loudness_range": 5.087646007537842,
      "side_mean": -25.42714500427246
    },
    {
      "high_freq": 12199.2666015625,
      "loudness": -26.120935440063477,
      "loudness_range": 10.798805236816406,
      "low_freq": 7314.1640625,
      "mid_mean": -23.813011169433594,
      "mid_to_side_loudness": -4.669444561004639,
      "mid_to_side_loudness_range": 6.775798320770264,
      "side_mean": -28.46987533569336
    },
    {
      "loudness": -33.15815734863281,
      "loudness_range": 11.83267593383789,
      "low_freq": 12199.2666015625,
      "mid_mean": -30.941761016845703,
      "mid_to_side_loudness": -4.192964553833008,
      "mid_to_side_loudness_range": 5.362582206726074,
      "side_mean": -35.1270751953125
    }
  ],
  "bands_short": [
    {
      "high_freq": 148.1999969482422,
      "loudness": -21.43929100036621,
      "loudness_range": 16.50967025756836,
      "mid_mean": -18.043107986450195,
      "mid_to_side_loudness": -18.20757484436035,
      "mid_to_side_loudness_range": 25.224441528320312,
      "side_mean": -36.47308349609375
    },
    {
      "high_freq": 392.3793640136719,
      "loudness": -16.182220458984375,
      "loudness_range": 11.79504680633545,
      "low_freq": 148.1999969482422,
      "mid_mean": -13.12051773071289,
      "mid_to_side_loudness": -10.43653678894043,
      "mid_to_side_loudness_range": 14.52335262298584,
      "side_mean": -23.7569637298584
    },
    {
      "high_freq": 794.6976318359375,
      "loudness": -21.764911651611328,
      "loudness_range": 11.726221084594727,
      "low_freq": 392.3793640136719,
      "mid_mean": -21.40943717956543,
      "mid_to_side_loudness": -0.44606250524520874,
      "mid_to_side_loudness_range": 12.922489166259766,
      "side_mean": -21.714231491088867
    },
    {
      "high_freq": 1457.5709228515625,
      "loudness": -24.23185157775879,
      "loudness_range": 11.899486541748047,
      "low_freq": 794.6976318359375,
      "mid_mean": -22.515886306762695,
      "mid_to_side_loudness": -3.262233018875122,
      "mid_to_side_loudness_range": 9.566245079040527,
      "side_mean": -25.739849090576172
    },
    {
      "high_freq": 2549.74365234375,
      "loudness": -23.514387130737305,
      "loudness_range": 12.212347030639648,
      "low_freq": 1457.5709228515625,
      "mid_mean": -21.400270462036133,
      "mid_to_side_loudness": -4.214639186859131,
      "mid_to_side_loudness_range": 7.961073875427246,
      "side_mean": -25.61611557006836
    },
    {
      "high_freq": 4349.24462890625,
      "loudness": -22.84044647216797,
      "loudness_range": 15.275508880615234,
      "low_freq": 2549.74365234375,
      "mid_mean": -20.550443649291992,
      "mid_to_side_loudness": -4.685912132263184,
      "mid_to_side_loudness_range": 6.5436625480651855,
      "side_mean": -25.194141387939453
    },
    {
      "high_freq": 7314.1640625,
      "loudness": -23.772550582885742,
      "loudness_range": 16.131868362426758,
      "low_freq": 4349.24462890625,
      "mid_mean": -21.316381454467773,
      "mid_to_side_loudness": -5.430434226989746,
      "mid_to_side_loudness_range": 6.738799571990967,
      "side_mean": -26.692853927612305
    },
    {
      "high_freq": 12199.2666015625,
      "loudness": -27.882080078125,
      "loudness_range": 18.270809173583984,
      "low_freq": 7314.1640625,
      "mid_mean": -25.704774856567383,
      "mid_to_side_loudness": -4.559061527252197,
      "mid_to_side_loudness_range": 7.45887565612793,
      "side_mean": -30.225313186645508
    },
    {
      "loudness": -35.69468688964844,
      "loudness_range": 21.399627685546875,
      "low_freq": 12199.2666015625,
      "mid_mean": -33.79129409790039,
      "mid_to_side_loudness": -3.682192802429199,
      "mid_to_side_loudness_range": 6.440476417541504,
      "side_mean": -37.355655670166016
    }
  ],
  "channels": 2,
  "covariance": [
    [
      9.815278053283691,
      6.075167655944824,
      2.761401414871216,
      5.0627970695495605,
      2.1238646507263184,
      4.094223976135254,
      2.7975587844848633,
      2.6252150535583496,
      2.2210052013397217,
      2.43208909034729,
      2.3815500736236572,
      2.30918550491333,
      2.218872547149658,
      2.270864486694336,
      2.674912214279175,
      2.202967405319214,
      1.7062766551971436,
      1.5143024921417236
    ],
    [
      6.075167655944824,
      49.99046325683594,
      1.0899362564086914,
      12.203967094421387,
      2.6368796825408936,
      4.99312162399292,
      1.4429712295532227,
      2.7880263328552246,
      2.85731840133667,
      2.116983652114868,
      2.977604627609253,
      2.0732486248016357,
      0.37055084109306335,
      -1.5102533102035522,
      -2.216364860534668,
      -3.551262378692627,
      -6.297488212585449,
      -6.732457160949707
    ],
    [
      2.761401414871216,
      1.0899362564086914,
      9.078953742980957,
      6.378867149353027,
      5.706733703613281,
      4.864893436431885,
      5.447118282318115,
      5.094113349914551,
      4.638381004333496,
      4.997488021850586,
      5.266420841217041,
      5.439042091369629,
      6.707529067993164,
      6.493124485015869,
      6.368493556976318,
      7.052102565765381,
      5.832433223724365,
      6.950979232788086
    ],
    [
      5.0627970695495605,
      12.203967094421387,
      6.378867149353027,
      18.52450180053711,
      5.912866115570068,
      7.42099666595459,
      6.4922261238098145,
      7.30640172958374,
      6.192082405090332,
      7.082650184631348,
      5.573775291442871,
      6.168750762939453,
      5.493736267089844,
      6.538832187652588,
      5.518331527709961,
      7.06291389465332,
      4.906220436096191,
      6.660407066345215
    ],
    [
      2.1238646507263184,
      2.6368796825408936,
      5.706733703613281,
      5.912866115570068,
      11.454218864440918,
      8.725075721740723,
      8.305076599121094,
      8.918008804321289,
      8.016026496887207,
      8.893648147583008,
      8.750046730041504,
      8.85016918182373,
      7.847567558288574,
      7.8767499923706055,
      7.2393035888671875,
      8.135099411010742,
      5.90057373046875,
      7.558094501495361
    ],
    [
      4.094223976135254,
      4.99312162399292,
      4.864893436431885,
      7.42099666595459,
      8.725075721740723,
      15.846251487731934,
      7.899247646331787,
      10.243568420410156,
      8.445452690124512,
      9.463324546813965,
      8.481528282165527,
      9.01091194152832,
      6.590843200683594,
      7.088928699493408,
      6.424379825592041,
      7.02019739151001,
      5.039988040924072,
      6.032926559448242
    ],
    [
      2.7975587844848633,
      1.4429712295532227,
      5.447118282318115,
      6.4922261238098145,
      8.305076599121094,
      7.899247646331787,
      13.841395378112793,
      11.563072204589844,
      11.628647804260254,
      10.526436805725098,
      11.160605430603027,
      10.598185539245605,
      8.526241302490234,
      9.777828216552734,
      8.749191284179688,
      10.306292533874512,
      8.629375457763672,
      10.660308837890625
    ],
    [
      2.6252150535583496,
      2.7880263328552246,
      5.094113349914551,
      7.30640172958374,
      8.918008804321289,
      10.243568420410156,
      11.563072204589844,
      15.45113468170166,
      10.89224910736084,
      11.747091293334961,
      11.178873062133789,
      11.59158706665039,
      8.451737403869629,
      10.307592391967773,
      8.646889686584473,
      10.945589065551758,
      8.438079833984375,
      10.924424171447754
    ],
    [
      2.2210052013397217,
      2.85731840133667,
      4.638381004333496,
      6.192082405090332,
      8.016026496887207,
      8.445452690124512,
      11.628647804260254,
      10.89224910736084,
      13.842677116394043,
      11.186387062072754,
      10.842938423156738,
      10.711745262145996,
      7.949513912200928,
      9.218032836914062,
      7.85880184173584,
      9.53072452545166,
      7.693454265594482,
      9.645783424377441
    ],
    [
      2.43208909034729,
      2.116983652114868,
      4.997488021850586,
      7.082650184631348,
      8.893648147583008,
      9.463324546813965,
      10.526436805725098,
      11.747091293334961,
      11.186387062072754,
      12.575063705444336,
      10.580605506896973,
      11.111054420471191,
      8.452754974365234,
      10.078176498413086,
      8.44663143157959,
      10.376365661621094,
      7.720279693603516,
      9.976883888244629
    ],
    [
      2.3815500736236572,
      2.977604627609253,
      5.266420841217041,
      5.573775291442871,
      8.750046730041504,
      8.481528282165527,
      11.160605430603027,
      11.178873062133789,
      10.842938423156738,
      10.580605506896973,
      16.12335968017578,
      14.618489265441895,
      12.646480560302734,
      13.63077163696289,
      11.236444473266602,
      13.386617660522461,
      8.159405708312988,
      10.537407875061035
    ],
    [
      2.30918550491333,
      2.0732486248016357,
      5.439042091369629,
      6.168750762939453,
      8.85016918182373,
      9.01091194152832,
      10.598185539245605,
      11.59158706665039,
      10.711745262145996,
      11.111054420471191,
      14.618489265441895,
      16.10480308532715,
      13.014398574829102,
      15.220848083496094,
      11.107063293457031,
      15.038542747497559,
      8.382718086242676,
      11.694643020629883
    ],
    [
      2.218872547149658,
      0.37055084109306335,
      6.707529067993164,
      5.493736267089844,
      7.847567558288574,
      6.590843200683594,
      8.526241302490234,
      8.451737403869629,
      7.949513912200928,
      8.452754974365234,
      12.646480560302734,
      13.014398574829102,
      16.13861656188965,
      16.25375747680664,
      14.04715347290039,
      16.927288055419922,
      10.881253242492676,
      13.810500144958496
    ],
    [
      2.270864486694336,
      -1.5102533102035522,
      6.493124485015869,
      6.538832187652588,
      7.8767499923706055,
      7.088928699493408,
      9.777828216552734,
      10.307592391967773,
      9.218032836914062,
      10.078176498413086,
      13.63077163696289,
      15.220848083496094,
      16.25375747680664,
      20.087995529174805,
      15.496378898620605,
      21.534454345703125,
      13.283820152282715,
      18.05136489868164
    ],
    [
      2.674912214279175,
      -2.216364860534668,
      6.368493556976318,
      5.518331527709961,
      7.2393035888671875,
      6.424379825592041,
      8.749191284179688,
      8.646889686584473,
      7.85880184173584,
      8.44663143157959,
      11.236444473266602,
      11.107063293457031,
      14.04715347290039,
      15.496378898620605,
      16.9752140045166,
      19.327205657958984,
      15.25216293334961,
      18.110876083374023
    ],
    [
      2.202967405319214,
      -3.551262378692627,
      7.052102565765381,
      7.06291389465332,
      8.135099411010742,
      7.02019739151001,
      10.306292533874512,
      10.945589065551758,
      9.53072452545166,
      10.376365661621094,
      13.386617660522461,
      15.038542747497559,
      16.927288055419922,
      21.534454345703125,
      19.327205657958984,
      27.50141716003418,
      18.56737518310547,
      24.897457122802734
    ],
    [
      1.7062766551971436,
      -6.297488212585449,
      5.832433223724365,
      4.906220436096191,
      5.90057373046875,
      5.039988040924072,
      8.629375457763672,
      8.438079833984375,
      7.693454265594482,
      7.720279693603516,
      8.159405708312988,
      8.382718086242676,
      10.881253242492676,
      13.283820152282715,
      15.25216293334961,
      18.56737518310547,
      21.216983795166016,
      23.285865783691406
    ],
    [
      1.5143024921417236,
      -6.732457160949707,
      6.950979232788086,
      6.660407066345215,
      7.558094501495361,
      6.032926559448242,
      10.660308837890625,
      10.924424171447754,
      9.645783424377441,
      9.976883888244629,
      10.537407875061035,
      11.694643020629883,
      13.810500144958496,
      18.05136489868164,
      18.110876083374023,
      24.897457122802734,
      23.285865783691406,
      29.6514835357666
    ]
  ],
  "covariance_short": [
    [
      34.491920471191406,
      14.149943351745605,
      11.5452880859375,
      9.470486640930176,
      6.001866817474365,
      7.819756031036377,
      6.874146938323975,
      6.671929836273193,
      6.860853672027588,
      6.468547821044922,
      7.56071662902832,
      7.260646343231201,
      7.045070171356201,
      6.907660007476807,
      7.221761226654053,
      6.89689826965332,
      7.698294639587402,
      6.6587018966674805
    ],
    [
      14.149943351745605,
      71.46316528320312,
      1.6634047031402588,
      15.329060554504395,
      4.007564067840576,
      6.2155632972717285,
      0.7117091417312622,
      1.565241813659668,
      2.8027615547180176,
      2.3087668418884277,
      3.18100905418396,
      2.2765841484069824,
      -0.3120407164096832,
      -2.1005337238311768,
      -2.6898043155670166,
      -4.250227928161621,
      -5.201836585998535,
      -6.1308465003967285
    ],
    [
      11.5452880859375,
      1.6634047031402588,
      24.44115447998047,
      12.99687671661377,
      11.732449531555176,
      11.593703269958496,
      12.54621696472168,
      12.016533851623535,
      10.57546329498291,
      11.008625984191895,
      12.939340591430664,
      11.921510696411133,
      14.71462631225586,
      13.355332374572754,
      14.28117847442627,
      14.06755542755127,
      14.841177940368652,
      14.124104499816895
    ],
    [
      9.470486640930176,
      15.329060554504395,
      12.99687671661377,
      28.640913009643555,
      10.001224517822266,
      11.951019287109375,
      10.055851936340332,
      11.57451343536377,
      9.432605743408203,
      10.941601753234863,
      9.488304138183594,
      9.501225471496582,
      9.314654350280762,
      9.285284996032715,
      8.843332290649414,
      9.79688835144043,
      8.21354866027832,
      9.057693481445312
    ],
    [
      6.001866817474365,
      4.007564067840576,
      11.732449531555176,
      10.001224517822266,
      23.812118530273438,
      15.070918083190918,
      14.211237907409668,
      14.326377868652344,
      13.95477294921875,
      14.59785270690918,
      16.674362182617188,
      15.252939224243164,
      14.729955673217773,
      13.176159858703613,
      12.551252365112305,
      12.855037689208984,
      12.540363311767578,
      12.62985610961914
    ],
    [
      7.819756031036377,
      6.2155632972717285,
      11.593703269958496,
      11.951019287109375,
      15.070918083190918,
      27.490468978881836,
      13.696216583251953,
      16.615468978881836,
      13.592022895812988,
      15.380001068115234,
      14.858064651489258,
      15.124282836914062,
      12.2649564743042,
      11.924707412719727,
      10.48304271697998,
      10.922747611999512,
      8.82319164276123,
      9.295088768005371
    ],
    [
      6.874146938323975,
      0.7117091417312622,
      12.54621696472168,
      10.055851936340332,
      14.211237907409668,
      13.696216583251953,
      25.494892120361328,
      19.484630584716797,
      18.567543029785156,
      17.481460571289062,
      20.121248245239258,
      18.929378509521484,
      16.30277442932129,
      16.76679229736328,
      15.171948432922363,
      16.56863784790039,
      16.290788650512695,
      17.335899353027344
    ],
    [
      6.671929836273193,
      1.565241813659668,
      12.016533851623535,
      11.57451343536377,
      14.326377868652344,
      16.615468978881836,
      19.484630584716797,
      27.37358283996582,
      17.146533966064453,
      19.088171005249023,
      19.544462203979492,
      20.129642486572266,
      15.95719051361084,
      17.33249282836914,
      14.32413101196289,
      16.86836051940918,
      15.252386093139648,
      17.070777893066406
    ],
    [
      6.860853672027588,
      2.8027615547180176,
      10.57546329498291,
      9.432605743408203,
      13.95477294921875,
      13.592022895812988,
      18.567543029785156,
      17.146533966064453,
      23.949071884155273,
      18.097793579101562,
      19.494592666625977,
      18.7109375,
      15.674993515014648,
      16.166013717651367,
      14.102210998535156,
      15.70878791809082,
      15.415665626525879,
      16.26019287109375
    ],
    [
      6.468547821044922,
      2.3087668418884277,
      11.008625984191895,
      10.941601753234863,
      14.59785270690918,
      15.380001068115234,
      17.481460571289062,
      19.088171005249023,
      18.097793579101562,
      21.940370559692383,
      19.152511596679688,
      19.56305694580078,
      16.400007247924805,
      17.3259334564209,
      14.643237113952637,
      16.765811920166016,
      14.746993064880371,
      16.389270782470703
    ],
    [
      7.56071662902832,
      3.18100905418396,
      12.939340591430664,
      9.488304138183594,
      16.674362182617188,
      14.858064651489258,
      20.121248245239258,
      19.544462203979492,
      19.494592666625977,
      19.152511596679688,
      33.64434051513672,
      28.621253967285156,
      27.219425201416016,
      26.143857955932617,
      23.464914321899414,
      24.841251373291016,
      20.508272171020508,
      21.664247512817383
    ],
    [
      7.260646343231201,
      2.2765841484069824,
      11.921510696411133,
      9.501225471496582,
      15.252939224243164,
      15.124282836914062,
      18.929378509521484,
      20.129642486572266,
      18.7109375,
      19.56305694580078,
      28.621253967285156,
      30.773754119873047,
      26.291086196899414,
      27.215591430664062,
      22.59086799621582,
      26.415040969848633,
      19.98479652404785,
      22.81352424621582
    ],
    [
      7.045070171356201,
      -0.3120407164096832,
      14.71462631225586,
      9.314654350280762,
      14.729955673217773,
      12.2649564743042,
      16.30277442932129,
      15.95719051361084,
      15.674993515014648,
      16.400007247924805,
      27.219425201416016,
      26.291086196899414,
      38.07070541381836,
      34.075809478759766,
      33.41668701171875,
      35.6624870300293,
      29.56410789489746,
      31.277503967285156
    ],
    [
      6.907660007476807,
      -2.1005337238311768,
      13.355332374572754,
      9.285284996032715,
      13.176159858703613,
      11.924707412719727,
      16.76679229736328,
      17.33249282836914,
      16.166013717651367,
      17.3259334564209,
      26.143857955932617,
      27.215591430664062,
      34.075809478759766,
      37.50812911987305,
      32.16783905029297,
      38.7898063659668,
      30.362247467041016,
      34.47081756591797
    ],
    [
      7.221761226654053,
      -2.6898043155670166,
      14.28117847442627,
      8.843332290649414,
      12.551252365112305,
      10.48304271697998,
      15.171948432922363,
      14.32413101196289,
      14.102210998535156,
      14.643237113952637,
      23.464914321899414,
      22.59086799621582,
      33.41668701171875,
      32.16783905029297,
      40.6168098449707,
      40.475067138671875,
      39.47972869873047,
      40.057655334472656
    ],
    [
      6.89689826965332,
      -4.250227928161621,
      14.06755542755127,
      9.79688835144043,
      12.855037689208984,
      10.922747611999512,
      16.56863784790039,
      16.86836051940918,
      15.70878791809082,
      16.765811920166016,
      24.841251373291016,
      26.415040969848633,
      35.6624870300293,
      38.7898063659668,
      40.475067138671875,
      50.1940803527832,
      41.69414138793945,
      47.080867767333984
    ],
    [
      7.698294639587402,
      -5.201836585998535,
      14.841177940368652,
      8.21354866027832,
      12.540363311767578,
      8.82319164276123,
      16.290788650512695,
      15.252386093139648,
      15.415665626525879,
      14.746993064880371,
      20.508272171020508,
      19.98479652404785,
      29.56410789489746,
      30.362247467041016,
      39.47972869873047,
      41.69414138793945,
      55.30638885498047,
      53.08916091918945
    ],
    [
      6.6587018966674805,
      -6.1308465003967285,
      14.124104499816895,
      9.057693481445312,
      12.62985610961914,
      9.295088768005371,
      17.335899353027344,
      17.070777893066406,
      16.26019287109375,
      16.389270782470703,
      21.664247512817383,
      22.81352424621582,
      31.277503967285156,
      34.47081756591797,
      40.057655334472656,
      47.080867767333984,
      53.08916091918945,
      59.22639846801758
    ]
  ],
  "drr": 12.293895721435547,
  "dynamics": 2.2211949825286865,
  "format": 1245190,
  "frames": 9947136,
  "loudness": -7.603307723999023,
  "loudness_range": 4.137049198150635,
  "loudness_range_short": 8.610506057739258,
  "peak": 1.2327497005462646,
  "rms": -10.111653327941895,
  "sample_rate": 44100,
  "sections": 1,
  "seekable": 1,
  "sharpness": 2.912292957305908,
  "space": -6.337543487548828
}