{
  "bands": [
    {
      "high_freq": 148.1999969482422,
      "loudness": -19.289363861083984,
      "loudness_range": 9.203484535217285,
      "mid_mean": -15.655158042907715,
      "mid_to_side_loudness": -22.590497970581055,
      "mid_to_side_loudness_range": 18.044483184814453,
      "side_mean": -38.7528190612793
    },
    {
      "high_freq": 392.3793640136719,
      "loudness": -22.236621856689453,
      "loudness_range": 6.476200103759766,
      "low_freq": 148.1999969482422,
      "mid_mean": -18.902742385864258,
      "mid_to_side_loudness": -11.804503440856934,
      "mid_to_side_loudness_range": 10.162395477294922,
      "side_mean": -30.83113670349121
    },
    {
      "high_freq": 794.6976318359375,
      "loudness": -21.595714569091797,
      "loudness_range": 10.577479362487793,
      "low_freq": 392.3793640136719,
      "mid_mean": -18.703174591064453,
      "mid_to_side_loudness": -8.454357147216797,
      "mid_to_side_loudness_range": 10.944878578186035,
      "side_mean": -27.3176212310791
    },
    {
      "high_freq": 1457.5709228515625,
      "loudness": -22.226863861083984,
      "loudness_range": 12.058518409729004,
      "low_freq": 794.6976318359375,
      "mid_mean": -19.277027130126953,
      "mid_to_side_loudness": -8.33473014831543,
      "mid_to_side_loudness_range": 10.173992156982422,
      "side_mean": -27.71231460571289
    },
    {
      "high_freq": 2549.74365234375,
      "loudness": -21.46432876586914,
      "loudness_range": 11.0648775100708,
      "low_freq": 1457.5709228515625,
      "mid_mean": -18.51755714416504,
      "mid_to_side_loudness": -8.066997528076172,
      "mid_to_side_loudness_range": 9.475114822387695,
      "side_mean": -26.642414093017578
    },
    {
      "high_freq": 4349.24462890625,
      "loudness": -21.701940536499023,
      "loudness_range": 9.027091979980469,
      "low_freq": 2549.74365234375,
      "mid_mean": -18.613235473632812,
      "mid_to_side_loudness": -8.943864822387695,
      "mid_to_side_loudness_range": 8.667171478271484,
      "side_mean": -27.64230728149414
    },
    {
      "high_freq": 7314.1640625,
      "loudness": -25.345687866210938,
      "loudness_range": 6.7462158203125,
      "low_freq": 4349.24462890625,
      "mid_mean": -22.203927993774414,
      "mid_to_side_loudness": -9.364205360412598,
      "mid_to_side_loudness_range": 9.138581275939941,
      "side_mean": -31.725261688232422
    },
    {
      "high_freq": 12199.2666015625,
      "loudness": -28.219388961791992,
      "loudness_range": 9.27869987487793,
      "low_freq": 7314.1640625,
      "mid_mean": -25.100404739379883,
      "mid_to_side_loudness": -9.526182174682617,
      "mid_to_side_loudness_range": 11.69636344909668,
      "side_mean": -34.74835968017578
    },
    {
      "loudness": -36.45298767089844,
      "loudness_range": 13.715799331665039,
      "low_freq": 12199.2666015625,
      "mid_mean": -33.44720458984375,
      "mid_to_side_loudness": -9.384186744689941,
      "mid_to_side_loudness_range": 15.444467544555664,
      "side_mean": -42.86276626586914
    }
  ],
  "bands_short": [
    {
      "high_freq": 148.1999969482422,
      "loudness": -24.112964630126953,
      "loudness_range": 20.439409255981445,
      "mid_mean": -20.526941299438477,
      "mid_to_side_loudness": -23.982513427734375,
      "mid_to_side_loudness_range": 26.94729995727539,
      "side_mean": -45.61756896972656
    },
    {
      "high_freq": 392.3793640136719,
      "loudness": -21.35804557800293,
      "loudness_range": 12.793888092041016,
      "low_freq": 148.1999969482422,
      "mid_mean": -18.046308517456055,
      "mid_to_side_loudness": -12.60519027709961,
      "mid_to_side_loudness_range": 15.394441604614258,
      "side_mean": -30.868093490600586
    },
    {
      "high_freq": 794.6976318359375,
      "loudness": -23.501876831054688,
      "loudness_range": 14.739531517028809,
      "low_freq": 392.3793640136719,
      "mid_mean": -20.799131393432617,
      "mid_to_side_loudness": -7.820196151733398,
      "mid_to_side_loudness_range": 14.32175350189209,
      "side_mean": -28.803882598876953
    },
    {
      "high_freq": 1457.5709228515625,
      "loudness": -22.538991928100586,
      "loudness_range": 14.636963844299316,
      "low_freq": 794.6976318359375,
      "mid_mean": -19.855072021484375,
      "mid_to_side_loudness": -7.400602340698242,
      "mid_to_side_loudness_range": 12.934493064880371,
      "side_mean": -27.35954475402832
    },
    {
      "high_freq": 2549.74365234375,
      "loudness": -22.360130310058594,
      "loudness_range": 14.347864151000977,
      "low_freq": 1457.5709228515625,
      "mid_mean": -19.63457679748535,
      "mid_to_side_loudness": -7.43968391418457,
      "mid_to_side_loudness_range": 12.23838996887207,
      "side_mean": -27.10177993774414
    },
    {
      "high_freq": 4349.24462890625,
      "loudness": -22.523723602294922,
      "loudness_range": 12.328044891357422,
      "low_freq": 2549.74365234375,
      "mid_mean": -19.570358276367188,
      "mid_to_side_loudness": -8.5120849609375,
      "mid_to_side_loudness_range": 11.305913925170898,
      "side_mean": -28.154804229736328
    },
    {
      "high_freq": 7314.1640625,
      "loudness": -26.252912521362305,
      "loudness_range": 11.852832794189453,
      "low_freq": 4349.24462890625,
      "mid_mean": -23.224966049194336,
      "mid_to_side_loudness": -8.973637580871582,
      "mid_to_side_loudness_range": 11.477198600769043,
      "side_mean": -32.33594512939453
    },
    {
      "high_freq": 12199.2666015625,
      "loudness": -29.560131072998047,
      "loudness_range": 14.919660568237305,
      "low_freq": 7314.1640625,
      "mid_mean": -26.568161010742188,
      "mid_to_side_loudness": -9.214913368225098,
      "mid_to_side_loudness_range": 14.327548027038574,
      "side_mean": -35.85742950439453
    },
    {
      "loudness": -38.292301177978516,
      "loudness_range": 18.042278289794922,
      "low_freq": 12199.2666015625,
      "mid_mean": -35.43428421020508,
      "mid_to_side_loudness": -9.022984504699707,
      "mid_to_side_loudness_range": 16.493711471557617,
      "side_mean": -44.56715774536133
    }
  ],
  "channels": 2,
  "covariance": [
    [
      17.405187606811523,
      2.5833935737609863,
      5.2047858238220215,
      3.2631609439849854,
      -0.6114648580551147,
      2.7537381649017334,
      -0.3186848759651184,
      1.8006830215454102,
      0.45726278424263,
      1.9215809106826782,
      0.6724798679351807,
      1.7836166620254517,
      1.0264190435409546,
      1.2598923444747925,
      0.4717235863208771,
      0.5361480116844177,
      -0.5798285603523254,
      -0.11187417805194855
    ],
    [
      2.5833935737609863,
      28.654813766479492,
      -0.4788838028907776,
      9.145031929016113,
      -2.0754477977752686,
      6.388176918029785,
      3.6145379543304443,
      7.4306206703186035,
      3.6512444019317627,
      7.599125385284424,
      2.7814881801605225,
      7.469074726104736,
      -0.025582879781723022,
      5.633481979370117,
      0.07825995981693268,
      5.681396961212158,
      0.8180903196334839,
      6.958558082580566
    ],
    [
      5.2047858238220215,
      -0.4788838028907776,
      8.512555122375488,
      3.8029658794403076,
      2.265655517578125,
      3.111023187637329,
      1.044020414352417,
      1.5513116121292114,
      1.982797384262085,
      2.108527421951294,
      2.253624677658081,
      2.31927752494812,
      2.6367616653442383,
      2.1470627784729004,
      2.936333656311035,
      1.43509042263031,
      1.696508526802063,
      0.7539517283439636
    ],
    [
      3.2631609439849854,
      9.145031929016113,
      3.8029658794403076,
      16.739521026611328,
      3.0518710613250732,
      13.122391700744629,
      3.94085693359375,
      9.762565612792969,
      6.902750015258789,
      10.502623558044434,
      6.325781345367432,
      10.114030838012695,
      3.9563310146331787,
      8.821420669555664,
      4.368393421173096,
      8.152650833129883,
      2.8735833168029785,
      8.407344818115234
    ],
    [
      -0.6114648580551147,
      -2.0754477977752686,
      2.265655517578125,
      3.0518710613250732,
      18.505512237548828,
      8.597676277160645,
      11.85788345336914,
      5.76332426071167,
      7.233145236968994,
      4.5776872634887695,
      7.301813125610352,
      3.390535593032837,
      4.2225236892700195,
      2.238257884979248,
      5.138734340667725,
      2.6582956314086914,
      6.2470269203186035,
      4.305060386657715
    ],
    [
      2.7537381649017334,
      6.388176918029785,
      3.111023187637329,
      13.122391700744629,
      8.597676277160645,
      19.522403717041016,
      8.642958641052246,
      13.247448921203613,
      9.229151725769043,
      13.388087272644043,
      8.703420639038086,
      12.860785484313965,
      5.41357421875,
      10.915757179260254,
      5.879851818084717,
      10.650338172912598,
      4.423300266265869,
      12.02800178527832
    ],
    [
      -0.3186848759651184,
      3.6145379543304443,
      1.044020414352417,
      3.94085693359375,
      11.85788345336914,
      8.642958641052246,
      20.00094223022461,
      10.524998664855957,
      8.118627548217773,
      7.6969685554504395,
      8.156423568725586,
      6.873531341552734,
      4.079226493835449,
      4.861154556274414,
      3.784529685974121,
      4.765225887298584,
      4.445559024810791,
      7.55518913269043
    ],
    [
      1.8006830215454102,
      7.4306206703186035,
      1.5513116121292114,
      9.762565612792969,
      5.76332426071167,
      13.247448921203613,
      10.524998664855957,
      15.304880142211914,
      7.870032787322998,
      12.60031509399414,
      7.784236907958984,
      12.264974594116211,
      4.742499351501465,
      10.411828994750977,
      5.186741352081299,
      10.791086196899414,
      3.86071515083313,
      13.781617164611816
    ],
    [
      0.45726278424263,
      3.6512444019317627,
      1.982797384262085,
      6.902750015258789,
      7.233145236968994,
      9.229151725769043,
      8.118627548217773,
      7.870032787322998,
      16.696048736572266,
      10.882529258728027,
      11.534902572631836,
      9.257083892822266,
      5.899489402770996,
      7.323519706726074,
      5.805254936218262,
      6.279428005218506,
      7.179569721221924,
      9.041783332824707
    ],
    [
      1.9215809106826782,
      7.599125385284424,
      2.108527421951294,
      10.502623558044434,
      4.5776872634887695,
      13.388087272644043,
      7.6969685554504395,
      12.60031509399414,
      10.882529258728027,
      17.22770881652832,
      8.803376197814941,
      14.807464599609375,
      5.19244909286499,
      12.410280227661133,
      5.378693103790283,
      12.628527641296387,
      4.449868202209473,
      15.260212898254395
    ],
    [
      0.6724798679351807,
      2.7814881801605225,
      2.253624677658081,
      6.325781345367432,
      7.301813125610352,
      8.703420639038086,
      8.156423568725586,
      7.784236907958984,
      11.534902572631836,
      8.803376197814941,
      11.811789512634277,
      9.010013580322266,
      6.652324676513672,
      7.222998142242432,
      6.672245502471924,
      6.753335475921631,
      7.343707084655762,
      9.096475601196289
    ],
    [
      1.7836166620254517,
      7.469074726104736,
      2.31927752494812,
      10.114030838012695,
      3.390535593032837,
      12.860785484313965,
      6.873531341552734,
      12.264974594116211,
      9.257083892822266,
      14.807464599609375,
      9.010013580322266,
      17.224136352539062,
      5.70538854598999,
      14.645922660827637,
      6.011812686920166,
      14.82121753692627,
      5.5555419921875,
      17.541189193725586
    ],
    [
      1.0264190435409546,
      -0.025582879781723022,
      2.6367616653442383,
      3.9563310146331787,
      4.2225236892700195,
      5.41357421875,
      4.079226493835449,
      4.742499351501465,
      5.899489402770996,
      5.19244909286499,
      6.652324676513672,
      5.70538854598999,
      8.222745895385742,
      7.029897689819336,
      8.191898345947266,
      7.491017818450928,
      7.216463565826416,
      8.290392875671387
    ],
    [
      1.2598923444747925,
      5.633481979370117,
      2.1470627784729004,
      8.821420669555664,
      2.238257884979248,
      10.915757179260254,
      4.861154556274414,
      10.411828994750977,
      7.323519706726074,
      12.410280227661133,
      7.222998142242432,
      14.645922660827637,
      7.029897689819336,
      17.867517471313477,
      7.742334842681885,
      17.972991943359375,
      6.789178371429443,
      19.75387954711914
    ],
    [
      0.4717235863208771,
      0.07825995981693268,
      2.936333656311035,
      4.368393421173096,
      5.138734340667725,
      5.879851818084717,
      3.784529685974121,
      5.186741352081299,
      5.805254936218262,
      5.378693103790283,
      6.672245502471924,
      6.011812686920166,
      8.191898345947266,
      7.742334842681885,
      13.541132926940918,
      10.793096542358398,
      13.480422019958496,
      13.075249671936035
    ],
    [
      0.5361480116844177,
      5.681396961212158,
      1.43509042263031,
      8.152650833129883,
      2.6582956314086914,
      10.650338172912598,
      4.765225887298584,
      10.791086196899414,
      6.279428005218506,
      12.628527641296387,
      6.753335475921631,
      14.82121753692627,
      7.491017818450928,
      17.972991943359375,
      10.793096542358398,
      24.606321334838867,
      10.768965721130371,
      27.557329177856445
    ],
    [
      -0.5798285603523254,
      0.8180903196334839,
      1.696508526802063,
      2.8735833168029785,
      6.2470269203186035,
      4.423300266265869,
      4.445559024810791,
      3.86071515083313,
      7.179569721221924,
      4.449868202209473,
      7.343707084655762,
      5.5555419921875,
      7.216463565826416,
      6.789178371429443,
      13.480422019958496,
      10.768965721130371,
      21.067054748535156,
      18.073627471923828
    ],
    [
      -0.11187417805194855,
      6.958558082580566,
      0.7539517283439636,
      8.407344818115234,
      4.305060386657715,
      12.02800178527832,
      7.55518913269043,
      13.781617164611816,
      9.041783332824707,
      15.260212898254395,
      9.096475601196289,
      17.541189193725586,
      8.290392875671387,
      19.75387954711914,
      13.075249671936035,
      27.557329177856445,
      18.073627471923828,
      43.09390640258789
    ]
  ],
  "covariance_short": [
    [
      49.79404067993164,
      8.150045394897461,
      7.82605504989624,
      1.7873667478561401,
      1.1526374816894531,
      2.538773775100708,
      -0.034331995993852615,
      1.8880547285079956,
      1.3149781227111816,
      2.312582492828369,
      1.7617443799972534,
      2.5254669189453125,
      3.557192325592041,
      2.441141128540039,
      2.3798632621765137,
      0.8478513956069946,
      1.6383216381072998,
      0.055985722690820694
    ],
    [
      8.150045394897461,
      45.01738357543945,
      4.94352912902832,
      7.01893424987793,
      -1.5171023607254028,
      3.5336084365844727,
      1.8574806451797485,
      2.7186813354492188,
      2.5277645587921143,
      4.751779079437256,
      1.960878610610962,
      5.188676834106445,
      0.9273543357849121,
      4.454848766326904,
      -1.3312667608261108,
      2.386467456817627,
      -0.49726971983909607,
      2.0408568382263184
    ],
    [
      7.82605504989624,
      4.94352912902832,
      21.435688018798828,
      5.540337085723877,
      3.4712328910827637,
      4.263433933258057,
      0.7973133325576782,
      2.4077954292297363,
      3.292844295501709,
      3.120570182800293,
      4.103015422821045,
      3.3585338592529297,
      4.589893817901611,
      2.6424901485443115,
      4.094179630279541,
      1.242699146270752,
      3.216968059539795,
      -0.009075015783309937
    ],
    [
      1.7873667478561401,
      7.01893424987793,
      5.540337085723877,
      20.990245819091797,
      4.054332256317139,
      12.083200454711914,
      4.753885269165039,
      10.27949333190918,
      7.2670769691467285,
      10.914162635803223,
      7.072332382202148,
      10.610031127929688,
      4.624446868896484,
      9.09972095489502,
      4.611571788787842,
      8.402177810668945,
      3.769005537033081,
      8.775703430175781
    ],
    [
      1.1526374816894531,
      -1.5171023607254028,
      3.4712328910827637,
      4.054332256317139,
      31.4888916015625,
      12.400528907775879,
      17.171070098876953,
      8.673511505126953,
      14.184792518615723,
      7.738204479217529,
      14.6561918258667,
      7.529344081878662,
      10.418130874633789,
      6.51418399810791,
      9.95024299621582,
      6.178252696990967,
      11.86381721496582,
      8.726293563842773
    ],
    [
      2.538773775100708,
      3.5336084365844727,
      4.263433933258057,
      12.083200454711914,
      12.400528907775879,
      23.635475158691406,
      10.780050277709961,
      14.917755126953125,
      11.615897178649902,
      14.595891952514648,
      11.622000694274902,
      14.943639755249023,
      8.406676292419434,
      13.17033863067627,
      8.432215690612793,
      12.454292297363281,
      7.71108341217041,
      14.26237678527832
    ],
    [
      -0.034331995993852615,
      1.8574806451797485,
      0.7973133325576782,
      4.753885269165039,
      17.171070098876953,
      10.780050277709961,
      29.49910545349121,
      13.657803535461426,
      15.09793472290039,
      11.087499618530273,
      15.144455909729004,
      10.226133346557617,
      10.249505996704102,
      9.00246810913086,
      8.977422714233398,
      8.543401718139648,
      9.792229652404785,
      12.111832618713379
    ],
    [
      1.8880547285079956,
      2.7186813354492188,
      2.4077954292297363,
      10.27949333190918,
      8.673511505126953,
      14.917755126953125,
      13.657803535461426,
      21.217069625854492,
      11.892590522766113,
      15.74914264678955,
      11.691320419311523,
      15.490259170532227,
      8.354982376098633,
      14.034041404724121,
      8.503057479858398,
      14.525134086608887,
      7.514642715454102,
      17.283693313598633
    ],
    [
      1.3149781227111816,
      2.5277645587921143,
      3.292844295501709,
      7.2670769691467285,
      14.184792518615723,
      11.615897178649902,
      15.09793472290039,
      11.892590522766113,
      29.17814826965332,
      15.889381408691406,
      21.070005416870117,
      14.3624849319458,
      13.612754821777344,
      12.554677963256836,
      12.191546440124512,
      11.182546615600586,
      14.277969360351562,
      15.14588737487793
    ],
    [
      2.312582492828369,
      4.751779079437256,
      3.120570182800293,
      10.914162635803223,
      7.738204479217529,
      14.595891952514648,
      11.087499618530273,
      15.74914264678955,
      15.889381408691406,
      22.942710876464844,
      13.344385147094727,
      18.689632415771484,
      9.430641174316406,
      16.378704071044922,
      9.201910018920898,
      16.547653198242188,
      8.442340850830078,
      19.263973236083984
    ],
    [
      1.7617443799972534,
      1.960878610610962,
      4.103015422821045,
      7.072332382202148,
      14.6561918258667,
      11.622000694274902,
      15.144455909729004,
      11.691320419311523,
      21.070005416870117,
      13.344385147094727,
      23.98986053466797,
      14.79405403137207,
      16.281206130981445,
      13.565217971801758,
      14.700238227844238,
      12.768363952636719,
      16.190031051635742,
      16.032365798950195
    ],
    [
      2.5254669189453125,
      5.188676834106445,
      3.3585338592529297,
      10.610031127929688,
      7.529344081878662,
      14.943639755249023,
      10.226133346557617,
      15.490259170532227,
      14.3624849319458,
      18.689632415771484,
      14.79405403137207,
      24.4031925201416,
      11.072879791259766,
      20.777347564697266,
      10.836843490600586,
      20.7261962890625,
      10.799989700317383,
      23.178709030151367
    ],
    [
      3.557192325592041,
      0.9273543357849121,
      4.589893817901611,
      4.624446868896484,
      10.418130874633789,
      8.406676292419434,
      10.249505996704102,
      8.354982376098633,
      13.612754821777344,
      9.430641174316406,
      16.281206130981445,
      11.072879791259766,
      21.87188148498535,
      15.10865306854248,
      20.0069637298584,
      15.755009651184082,
      18.38691520690918,
      16.850597381591797
    ],
    [
      2.441141128540039,
      4.454848766326904,
      2.6424901485443115,
      9.09972095489502,
      6.51418399810791,
      13.17033863067627,
      9.00246810913086,
      14.034041404724121,
      12.554677963256836,
      16.378704071044922,
      13.565217971801758,
      20.777347564697266,
      15.10865306854248,
      27.312891006469727,
      15.421215057373047,
      27.335180282592773,
      13.968316078186035,
      29.1971378326416
    ],
    [
      2.3798632621765137,
      -1.3312667608261108,
      4.094179630279541,
      4.611571788787842,
      9.95024299621582,
      8.432215690612793,
      8.977422714233398,
      8.503057479858398,
      12.191546440124512,
      9.201910018920898,
      14.700238227844238,
      10.836843490600586,
      20.0069637298584,
      15.421215057373047,
      29.985788345336914,
      21.595928192138672,
      29.289165496826172,
      24.804765701293945
    ],
    [
      0.8478513956069946,
      2.386467456817627,
      1.242699146270752,
      8.402177810668945,
      6.178252696990967,
      12.454292297363281,
      8.543401718139648,
      14.525134086608887,
      11.182546615600586,
      16.547653198242188,
      12.768363952636719,
      20.7261962890625,
      15.755009651184082,
      27.335180282592773,
      21.595928192138672,
      39.81364822387695,
      21.381511688232422,
      42.346092224121094
    ],
    [
      1.6383216381072998,
      -0.49726971983909607,
      3.216968059539795,
      3.769005537033081,
      11.86381721496582,
      7.71108341217041,
      9.792229652404785,
      7.514642715454102,
      14.277969360351562,
      8.442340850830078,
      16.190031051635742,
      10.799989700317383,
      18.38691520690918,
      13.968316078186035,
      29.289165496826172,
      21.381511688232422,
      42.714168548583984,
      31.766538619995117
    ],
    [
      0.055985722690820694,
      2.0408568382263184,
      -0.009075015783309937,
      8.775703430175781,
      8.726293563842773,
      14.26237678527832,
      12.111832618713379,
      17.283693313598633,
      15.14588737487793,
      19.263973236083984,
      16.032365798950195,
      23.178709030151367,
      16.850597381591797,
      29.1971378326416,
      24.804765701293945,
      42.346092224121094,
      31.766538619995117,
      61.51430892944336
    ]
  ],
  "drr": 16.09501075744629,
  "dynamics": 2.2000536918640137,
  "format": 1245190,
  "frames": 10569728,
  "loudness": -9.033364295959473,
  "loudness_range": 5.095108985900879,
  "loudness_range_short": 8.106598854064941,
  "peak": 0.17813760042190552,
  "rms": -11.716943740844727,
  "sample_rate": 44100,
  "sections": 1,
  "seekable": 1,
  "sharpness": 2.719322443008423,
  "space": -10.544536590576172
}