{
  "bands": [
    {
      "high_freq": 148.1999969482422,
      "loudness": -21.392194747924805,
      "loudness_range": 11.29115104675293,
      "mid_mean": -17.758142471313477,
      "mid_to_side_loudness": -21.424575805664062,
      "mid_to_side_loudness_range": 28.819833755493164,
      "side_mean": -40.948726654052734
    },
    {
      "high_freq": 392.3793640136719,
      "loudness": -22.61452293395996,
      "loudness_range": 14.854584693908691,
      "low_freq": 148.1999969482422,
      "mid_mean": -19.550315856933594,
      "mid_to_side_loudness": -10.408942222595215,
      "mid_to_side_loudness_range": 14.892895698547363,
      "side_mean": -29.85640525817871
    },
    {
      "high_freq": 794.6976318359375,
      "loudness": -21.28790283203125,
      "loudness_range": 14.079279899597168,
      "low_freq": 392.3793640136719,
      "mid_mean": -18.62310028076172,
      "mid_to_side_loudness": -7.657001495361328,
      "mid_to_side_loudness_range": 16.33823585510254,
      "side_mean": -26.624191284179688
    },
    {
      "high_freq": 1457.5709228515625,
      "loudness": -22.708040237426758,
      "loudness_range": 18.98119354248047,
      "low_freq": 794.6976318359375,
      "mid_mean": -20.639402389526367,
      "mid_to_side_loudness": -5.736998081207275,
      "mid_to_side_loudness_range": 17.854036331176758,
      "side_mean": -26.6998348236084
    },
    {
      "high_freq": 2549.74365234375,
      "loudness": -25.23732566833496,
      "loudness_range": 18.70195960998535,
      "low_freq": 1457.5709228515625,
      "mid_mean": -23.36829376220703,
      "mid_to_side_loudness": -4.179971694946289,
      "mid_to_side_loudness_range": 13.40766716003418,
      "side_mean": -27.69862937927246
    },
    {
      "high_freq": 4349.24462890625,
      "loudness": -25.60062599182129,
      "loudness_range": 16.761520385742188,
      "low_freq": 2549.74365234375,
      "mid_mean": -23.70000457763672,
      "mid_to_side_loudness": -4.120330333709717,
      "mid_to_side_loudness_range": 12.34119701385498,
      "side_mean": -28.25092124938965
    },
    {
      "high_freq": 7314.1640625,
      "loudness": -29.85911750793457,
      "loudness_range": 16.398399353027344,
      "low_freq": 4349.24462890625,
      "mid_mean": -27.466856002807617,
      "mid_to_side_loudness": -6.2891669273376465,
      "mid_to_side_loudness_range": 12.88756275177002,
      "side_mean": -34.245330810546875
    },
    {
      "high_freq": 12199.2666015625,
      "loudness": -30.595903396606445,
      "loudness_range": 15.489496231079102,
      "low_freq": 7314.1640625,
      "mid_mean": -28.2398624420166,
      "mid_to_side_loudness": -5.368058681488037,
      "mid_to_side_loudness_range": 10.518165588378906,
      "side_mean": -33.797508239746094
    },
    {
      "loudness": -35.333736419677734,
      "loudness_range": 16.418930053710938,
      "low_freq": 12199.2666015625,
      "mid_mean": -33.09014892578125,
      "mid_to_side_loudness": -5.184363842010498,
      "mid_to_side_loudness_range": 9.43840503692627,
      "side_mean": -38.25186538696289
    }
  ],
  "bands_short": [
    {
      "high_freq": 148.1999969482422,
      "loudness": -24.058759689331055,
      "loudness_range": 18.02664566040039,
      "mid_mean": -20.493900299072266,
      "mid_to_side_loudness": -22.6866512298584,
      "mid_to_side_loudness_range": 31.71878433227539,
      "side_mean": -46.42584228515625
    },
    {
      "high_freq": 392.3793640136719,
      "loudness": -22.324777603149414,
      "loudness_range": 17.055028915405273,
      "low_freq": 148.1999969482422,
      "mid_mean": -19.279796600341797,
      "mid_to_side_loudness": -11.079208374023438,
      "mid_to_side_loudness_range": 19.792491912841797,
      "side_mean": -30.715890884399414
    },
    {
      "high_freq": 794.6976318359375,
      "loudness": -22.48576545715332,
      "loudness_range": 15.700074195861816,
      "low_freq": 392.3793640136719,
      "mid_mean": -19.92342185974121,
      "mid_to_side_loudness": -7.634280204772949,
      "mid_to_side_loudness_range": 18.74794578552246,
      "side_mean": -28.16413688659668
    },
    {
      "high_freq": 1457.5709228515625,
      "loudness": -22.508502960205078,
      "loudness_range": 20.482961654663086,
      "low_freq": 794.6976318359375,
      "mid_mean": -20.605894088745117,
      "mid_to_side_loudness": -5.652006149291992,
      "mid_to_side_loudness_range": 19.700618743896484,
      "side_mean": -26.562856674194336
    },
    {
      "high_freq": 2549.74365234375,
      "loudness": -26.000051498413086,
      "loudness_range": 21.290447235107422,
      "low_freq": 1457.5709228515625,
      "mid_mean": -24.43328857421875,
      "mid_to_side_loudness": -3.6440083980560303,
      "mid_to_side_loudness_range": 15.345333099365234,
      "side_mean": -28.15955352783203
    },
    {
      "high_freq": 4349.24462890625,
      "loudness": -26.244728088378906,
      "loudness_range": 19.54798126220703,
      "low_freq": 2549.74365234375,
      "mid_mean": -24.582603454589844,
      "mid_to_side_loudness": -3.65272855758667,
      "mid_to_side_loudness_range": 13.220785140991211,
      "side_mean": -28.69890022277832
    },
    {
      "high_freq": 7314.1640625,
      "loudness": -30.833669662475586,
      "loudness_range": 20.212255477905273,
      "low_freq": 4349.24462890625,
      "mid_mean": -28.477344512939453,
      "mid_to_side_loudness": -5.78152322769165,
      "mid_to_side_loudness_range": 13.737457275390625,
      "side_mean": -34.91357421875
    },
    {
      "high_freq": 12199.2666015625,
      "loudness": -31.93265724182129,
      "loudness_range": 19.653640747070312,
      "low_freq": 7314.1640625,
      "mid_mean": -29.77920913696289,
      "mid_to_side_loudness": -4.989705562591553,
      "mid_to_side_loudness_range": 11.603334426879883,
      "side_mean": -35.22397994995117
    },
    {
      "loudness": -37.4670524597168,
      "loudness_range": 23.36766815185547,
      "low_freq": 12199.2666015625,
      "mid_mean": -35.37691116333008,
      "mid_to_side_loudness": -4.696901798248291,
      "mid_to_side_loudness_range": 10.346577644348145,
      "side_mean": -40.25763702392578
    }
  ],
  "channels": 2,
  "covariance": [
    [
      27.78715705871582,
      24.629356384277344,
      12.670902252197266,
      18.702720642089844,
      11.915619850158691,
      13.578508377075195,
      12.494526863098145,
      12.56290054321289,
      12.696797370910645,
      12.727370262145996,
      7.758204936981201,
      10.347851753234863,
      8.49275016784668,
      9.704771995544434,
      6.703548908233643,
      6.831808567047119,
      8.687055587768555,
      7.535863399505615
    ],
    [
      24.629356384277344,
      96.60331726074219,
      19.61458396911621,
      42.999046325683594,
      12.258516311645508,
      23.951244354248047,
      22.208505630493164,
      34.274166107177734,
      23.792295455932617,
      32.66588592529297,
      21.508955001831055,
      34.81554412841797,
      21.544376373291016,
      33.92390823364258,
      15.498421669006348,
      25.22705078125,
      20.14196014404297,
      22.48863983154297
    ],
    [
      12.670902252197266,
      19.61458396911621,
      33.39881896972656,
      27.870777130126953,
      19.615571975708008,
      15.649340629577637,
      19.03080940246582,
      13.627157211303711,
      21.01022720336914,
      15.372209548950195,
      17.038286209106445,
      13.256678581237793,
      19.8055477142334,
      15.643631935119629,
      15.93427848815918,
      14.172638893127441,
      15.462630271911621,
      15.102794647216797
    ],
    [
      18.702720642089844,
      42.999046325683594,
      27.870777130126953,
      59.84857940673828,
      22.57493782043457,
      27.534221649169922,
      27.42918586730957,
      34.68730545043945,
      32.74118423461914,
      35.37996292114258,
      26.397361755371094,
      34.541080474853516,
      25.843664169311523,
      30.998332977294922,
      20.053590774536133,
      26.000699996948242,
      22.708871841430664,
      24.21686553955078
    ],
    [
      11.915619850158691,
      12.258516311645508,
      19.615571975708008,
      22.57493782043457,
      35.971923828125,
      18.733795166015625,
      26.993938446044922,
      14.278566360473633,
      24.317119598388672,
      17.020137786865234,
      22.869075775146484,
      16.47292137145996,
      22.114410400390625,
      16.91739273071289,
      16.258943557739258,
      15.477828979492188,
      14.321993827819824,
      16.240890502929688
    ],
    [
      13.578508377075195,
      23.951244354248047,
      15.649340629577637,
      27.534221649169922,
      18.733795166015625,
      30.324384689331055,
      16.761253356933594,
      21.85019302368164,
      20.169475555419922,
      24.528366088867188,
      16.3046817779541,
      22.04605484008789,
      14.246789932250977,
      18.964374542236328,
      11.340017318725586,
      15.402070999145508,
      12.50973129272461,
      15.170330047607422
    ],
    [
      12.494526863098145,
      22.208505630493164,
      19.03080940246582,
      27.42918586730957,
      26.993938446044922,
      16.761253356933594,
      49.45060729980469,
      31.278461456298828,
      40.25680160522461,
      28.494155883789062,
      32.1618537902832,
      27.740623474121094,
      32.0871696472168,
      27.35903549194336,
      18.951980590820312,
      19.022239685058594,
      18.309602737426758,
      19.627178192138672
    ],
    [
      12.56290054321289,
      34.274166107177734,
      13.627157211303711,
      34.68730545043945,
      14.278566360473633,
      21.85019302368164,
      31.278461456298828,
      53.69891357421875,
      33.64352035522461,
      44.62754821777344,
      30.878110885620117,
      43.29651641845703,
      26.913991928100586,
      36.25365447998047,
      16.136962890625,
      23.689016342163086,
      20.637359619140625,
      24.18121337890625
    ],
    [
      12.696797370910645,
      23.792295455932617,
      21.01022720336914,
      32.74118423461914,
      24.317119598388672,
      20.169475555419922,
      40.25680160522461,
      33.64352035522461,
      49.66243362426758,
      36.32389450073242,
      35.28656005859375,
      35.37870788574219,
      34.20368957519531,
      31.675500869750977,
      20.50493812561035,
      22.055768966674805,
      21.125322341918945,
      22.054851531982422
    ],
    [
      12.727370262145996,
      32.66588592529297,
      15.372209548950195,
      35.37996292114258,
      17.020137786865234,
      24.528366088867188,
      28.494155883789062,
      44.62754821777344,
      36.32389450073242,
      50.320274353027344,
      32.681400299072266,
      45.01235580444336,
      27.436298370361328,
      36.875240325927734,
      17.578855514526367,
      24.888166427612305,
      21.29808235168457,
      25.327274322509766
    ],
    [
      7.758204936981201,
      21.508955001831055,
      17.038286209106445,
      26.397361755371094,
      22.869075775146484,
      16.3046817779541,
      32.1618537902832,
      30.878110885620117,
      35.28656005859375,
      32.681400299072266,
      45.4375114440918,
      36.729190826416016,
      36.782291412353516,
      33.14756393432617,
      22.002653121948242,
      23.780393600463867,
      20.4254207611084,
      23.13059425354004
    ],
    [
      10.347851753234863,
      34.81554412841797,
      13.256678581237793,
      34.541080474853516,
      16.47292137145996,
      22.04605484008789,
      27.740623474121094,
      43.29651641845703,
      35.37870788574219,
      45.01235580444336,
      36.729190826416016,
      54.546661376953125,
      28.330522537231445,
      40.54283142089844,
      18.699321746826172,
      27.972064971923828,
      22.067340850830078,
      26.9858341217041
    ],
    [
      8.49275016784668,
      21.544376373291016,
      19.8055477142334,
      25.843664169311523,
      22.114410400390625,
      14.246789932250977,
      32.0871696472168,
      26.913991928100586,
      34.20368957519531,
      27.436298370361328,
      36.782291412353516,
      28.330522537231445,
      44.920413970947266,
      32.169403076171875,
      27.874195098876953,
      25.052324295043945,
      25.510421752929688,
      23.364933013916016
    ],
    [
      9.704771995544434,
      33.92390823364258,
      15.643631935119629,
      30.998332977294922,
      16.91739273071289,
      18.964374542236328,
      27.35903549194336,
      36.25365447998047,
      31.675500869750977,
      36.875240325927734,
      33.14756393432617,
      40.54283142089844,
      32.169403076171875,
      49.151432037353516,
      23.221540451049805,
      33.27091598510742,
      26.232946395874023,
      31.11954116821289
    ],
    [
      6.703548908233643,
      15.498421669006348,
      15.93427848815918,
      20.053590774536133,
      16.258943557739258,
      11.340017318725586,
      18.951980590820312,
      16.136962890625,
      20.50493812561035,
      17.578855514526367,
      22.002653121948242,
      18.699321746826172,
      27.874195098876953,
      23.221540451049805,
      31.017051696777344,
      28.873367309570312,
      28.21785545349121,
      28.332626342773438
    ],
    [
      6.831808567047119,
      25.22705078125,
      14.172638893127441,
      26.000699996948242,
      15.477828979492188,
      15.402070999145508,
      19.022239685058594,
      23.689016342163086,
      22.055768966674805,
      24.888166427612305,
      23.780393600463867,
      27.972064971923828,
      25.052324295043945,
      33.27091598510742,
      28.873367309570312,
      43.986759185791016,
      29.91867446899414,
      41.75396728515625
    ],
    [
      8.687055587768555,
      20.14196014404297,
      15.462630271911621,
      22.708871841430664,
      14.321993827819824,
      12.50973129272461,
      18.309602737426758,
      20.637359619140625,
      21.125322341918945,
      21.29808235168457,
      20.4254207611084,
      22.067340850830078,
      25.510421752929688,
      26.232946395874023,
      28.21785545349121,
      29.91867446899414,
      38.065147399902344,
      35.80238723754883
    ],
    [
      7.535863399505615,
      22.48863983154297,
      15.102794647216797,
      24.21686553955078,
      16.240890502929688,
      15.170330047607422,
      19.627178192138672,
      24.18121337890625,
      22.054851531982422,
      25.327274322509766,
      23.13059425354004,
      26.9858341217041,
      23.364933013916016,
      31.11954116821289,
      28.332626342773438,
      41.75396728515625,
      35.80238723754883,
      52.13997268676758
    ]
  ],
  "covariance_short": [
    [
      49.875938415527344,
      28.516687393188477,
      14.63247013092041,
      22.575603485107422,
      11.900906562805176,
      14.612448692321777,
      15.853133201599121,
      14.847579956054688,
      16.425077438354492,
      14.021383285522461,
      9.582025527954102,
      11.998780250549316,
      10.255188941955566,
      11.672000885009766,
      7.541907787322998,
      8.633279800415039,
      11.337714195251465,
      9.02922534942627
    ],
    [
      28.516687393188477,
      96.58470153808594,
      22.68463134765625,
      49.54268264770508,
      12.443750381469727,
      24.32560920715332,
      26.386363983154297,
      31.652149200439453,
      27.049776077270508,
      29.485960006713867,
      22.43128776550293,
      31.075302124023438,
      20.92356300354004,
      30.850772857666016,
      14.99679183959961,
      24.017160415649414,
      18.79386329650879,
      20.4677791595459
    ],
    [
      14.63247013092041,
      22.68463134765625,
      40.5401611328125,
      29.082073211669922,
      18.711671829223633,
      18.334877014160156,
      17.37347984313965,
      14.280548095703125,
      19.488786697387695,
      15.601452827453613,
      15.361845970153809,
      13.167879104614258,
      18.668367385864258,
      16.02177619934082,
      17.395986557006836,
      15.9520263671875,
      19.63848304748535,
      17.590364456176758
    ],
    [
      22.575603485107422,
      49.54268264770508,
      29.082073211669922,
      76.49785614013672,
      25.102100372314453,
      31.776460647583008,
      31.471567153930664,
      39.3013801574707,
      36.35258865356445,
      38.75060272216797,
      30.801340103149414,
      38.948638916015625,
      30.160743713378906,
      36.76842498779297,
      23.635391235351562,
      29.971731185913086,
      27.583463668823242,
      27.196269989013672
    ],
    [
      11.900906562805176,
      12.443750381469727,
      18.711671829223633,
      25.102100372314453,
      43.503326416015625,
      20.658170700073242,
      30.774669647216797,
      16.942283630371094,
      27.27790641784668,
      19.104042053222656,
      25.170909881591797,
      17.59195899963379,
      26.590925216674805,
      19.215309143066406,
      21.710254669189453,
      17.133037567138672,
      20.5501766204834,
      18.314512252807617
    ],
    [
      14.612448692321777,
      24.32560920715332,
      18.334877014160156,
      31.776460647583008,
      20.658170700073242,
      40.399925231933594,
      19.57503318786621,
      23.954381942749023,
      22.73671531677246,
      26.260316848754883,
      17.76996612548828,
      23.240678787231445,
      15.869253158569336,
      20.684307098388672,
      12.560966491699219,
      15.282387733459473,
      14.641131401062012,
      14.747503280639648
    ],
    [
      15.853133201599121,
      26.386363983154297,
      17.37347984313965,
      31.471567153930664,
      30.774669647216797,
      19.57503318786621,
      62.27927780151367,
      34.2817497253418,
      46.463165283203125,
      29.41423225402832,
      38.98054885864258,
      30.544307708740234,
      40.46346664428711,
      31.435237884521484,
      26.02240562438965,
      24.98360824584961,
      26.02438735961914,
      23.21340560913086
    ],
    [
      14.847579956054688,
      31.652149200439453,
      14.280548095703125,
      39.3013801574707,
      16.942283630371094,
      23.954381942749023,
      34.2817497253418,
      57.72728729248047,
      37.3555908203125,
      44.634498596191406,
      34.75685119628906,
      45.112037658691406,
      29.616661071777344,
      38.13661575317383,
      18.046451568603516,
      27.149736404418945,
      22.357210159301758,
      25.30308723449707
    ],
    [
      16.425077438354492,
      27.049776077270508,
      19.488786697387695,
      36.35258865356445,
      27.27790641784668,
      22.73671531677246,
      46.463165283203125,
      37.3555908203125,
      62.28273391723633,
      40.530982971191406,
      42.07863235473633,
      39.416221618652344,
      42.2812614440918,
      37.245460510253906,
      26.921104431152344,
      28.441884994506836,
      29.101839065551758,
      26.495258331298828
    ],
    [
      14.021383285522461,
      29.485960006713867,
      15.601452827453613,
      38.75060272216797,
      19.104042053222656,
      26.260316848754883,
      29.41423225402832,
      44.634498596191406,
      40.530982971191406,
      55.811031341552734,
      36.256439208984375,
      47.304622650146484,
      30.470266342163086,
      39.09272766113281,
      19.085594177246094,
      27.12405776977539,
      22.33218002319336,
      25.83273696899414
    ],
    [
      9.582025527954102,
      22.43128776550293,
      15.361845970153809,
      30.801340103149414,
      25.170909881591797,
      17.76996612548828,
      38.98054885864258,
      34.75685119628906,
      42.07863235473633,
      36.256439208984375,
      57.37419509887695,
      43.21806335449219,
      46.27197265625,
      40.74568176269531,
      28.566598892211914,
      30.343591690063477,
      27.419504165649414,
      28.009559631347656
    ],
    [
      11.998780250549316,
      31.075302124023438,
      13.167879104614258,
      38.948638916015625,
      17.59195899963379,
      23.240678787231445,
      30.544307708740234,
      45.112037658691406,
      39.416221618652344,
      47.304622650146484,
      43.21806335449219,
      61.78853988647461,
      32.62761688232422,
      45.08434295654297,
      20.9083309173584,
      31.51723289489746,
      23.326683044433594,
      28.513011932373047
    ],
    [
      10.255188941955566,
      20.92356300354004,
      18.668367385864258,
      30.160743713378906,
      26.590925216674805,
      15.869253158569336,
      40.46346664428711,
      29.616661071777344,
      42.2812614440918,
      30.470266342163086,
      46.27197265625,
      32.62761688232422,
      60.78837203979492,
      41.60149002075195,
      40.23808670043945,
      34.99361038208008,
      37.96889114379883,
      32.99567413330078
    ],
    [
      11.672000885009766,
      30.850772857666016,
      16.02177619934082,
      36.76842498779297,
      19.215309143066406,
      20.684307098388672,
      31.435237884521484,
      38.13661575317383,
      37.245460510253906,
      39.09272766113281,
      40.74568176269531,
      45.08434295654297,
      41.60149002075195,
      55.615848541259766,
      31.396442413330078,
      43.340782165527344,
      34.836143493652344,
      38.800174713134766
    ],
    [
      7.541907787322998,
      14.99679183959961,
      17.395986557006836,
      23.635391235351562,
      21.710254669189453,
      12.560966491699219,
      26.02240562438965,
      18.046451568603516,
      26.921104431152344,
      19.085594177246094,
      28.566598892211914,
      20.9083309173584,
      40.23808670043945,
      31.396442413330078,
      50.930580139160156,
      43.5384407043457,
      47.40264129638672,
      44.44029998779297
    ],
    [
      8.633279800415039,
      24.017160415649414,
      15.9520263671875,
      29.971731185913086,
      17.133037567138672,
      15.282387733459473,
      24.98360824584961,
      27.149736404418945,
      28.441884994506836,
      27.12405776977539,
      30.343591690063477,
      31.51723289489746,
      34.99361038208008,
      43.340782165527344,
      43.5384407043457,
      63.359004974365234,
      48.29567337036133,
      58.04301071166992
    ],
    [
      11.337714195251465,
      18.79386329650879,
      19.63848304748535,
      27.583463668823242,
      20.5501766204834,
      14.641131401062012,
      26.02438735961914,
      22.357210159301758,
      29.101839065551758,
      22.33218002319336,
      27.419504165649414,
      23.326683044433594,
      37.96889114379883,
      34.836143493652344,
      47.40264129638672,
      48.29567337036133,
      68.27516174316406,
      61.48902130126953
    ],
    [
      9.02922534942627,
      20.4677791595459,
      17.590364456176758,
      27.196269989013672,
      18.314512252807617,
      14.747503280639648,
      23.21340560913086,
      25.30308723449707,
      26.495258331298828,
      25.83273696899414,
      28.009559631347656,
      28.513011932373047,
      32.99567413330078,
      38.800174713134766,
      44.44029998779297,
      58.04301071166992,
      61.48902130126953,
      77.440673828125
    ]
  ],
  "drr": 10.361205101013184,
  "dynamics": 3.762282609939575,
  "format": 1245190,
  "frames": 10708992,
  "loudness": -10.22990608215332,
  "loudness_range": 9.515264511108398,
  "loudness_range_short": 11.969879150390625,
  "peak": 0.7690560817718506,
  "rms": -12.15639877319336,
  "sample_rate": 44100,
  "sections": 1,
  "seekable": 1,
  "sharpness": 2.284379005432129,
  "space": -7.918515682220459
}