{
  "bands": [
    {
      "high_freq": 148.1999969482422,
      "loudness": -20.27031898498535,
      "loudness_range": 5.524818420410156,
      "mid_mean": -16.620006561279297,
      "mid_to_side_loudness": -21.781702041625977,
      "mid_to_side_loudness_range": 9.656978607177734,
      "side_mean": -38.57573318481445
    },
    {
      "high_freq": 392.3793640136719,
      "loudness": -22.083797454833984,
      "loudness_range": 6.08165168762207,
      "low_freq": 148.1999969482422,
      "mid_mean": -18.952072143554688,
      "mid_to_side_loudness": -9.585932731628418,
      "mid_to_side_loudness_range": 7.652955055236816,
      "side_mean": -28.515714645385742
    },
    {
      "high_freq": 794.6976318359375,
      "loudness": -24.09012222290039,
      "loudness_range": 9.580612182617188,
      "low_freq": 392.3793640136719,
      "mid_mean": -21.41981315612793,
      "mid_to_side_loudness": -7.108988285064697,
      "mid_to_side_loudness_range": 12.278254508972168,
      "side_mean": -28.70102882385254
    },
    {
      "high_freq": 1457.5709228515625,
      "loudness": -24.441518783569336,
      "loudness_range": 16.18384552001953,
      "low_freq": 794.6976318359375,
      "mid_mean": -21.45368766784668,
      "mid_to_side_loudness": -10.567298889160156,
      "mid_to_side_loudness_range": 16.944477081298828,
      "side_mean": -32.40804672241211
    },
    {
      "high_freq": 2549.74365234375,
      "loudness": -22.93413734436035,
      "loudness_range": 13.679648399353027,
      "low_freq": 1457.5709228515625,
      "mid_mean": -19.62790870666504,
      "mid_to_side_loudness": -12.477070808410645,
      "mid_to_side_loudness_range": 14.655824661254883,
      "side_mean": -32.68873977661133
    },
    {
      "high_freq": 4349.24462890625,
      "loudness": -25.387136459350586,
      "loudness_range": 11.256914138793945,
      "low_freq": 2549.74365234375,
      "mid_mean": -21.933523178100586,
      "mid_to_side_loudness": -13.828567504882812,
      "mid_to_side_loudness_range": 12.134571075439453,
      "side_mean": -36.28398895263672
    },
    {
      "high_freq": 7314.1640625,
      "loudness": -30.215194702148438,
      "loudness_range": 10.641532897949219,
      "low_freq": 4349.24462890625,
      "mid_mean": -26.77278709411621,
      "mid_to_side_loudness": -12.640142440795898,
      "mid_to_side_loudness_range": 8.847872734069824,
      "side_mean": -39.82773208618164
    },
    {
      "high_freq": 12199.2666015625,
      "loudness": -31.5136775970459,
      "loudness_range": 10.956825256347656,
      "low_freq": 7314.1640625,
      "mid_mean": -28.216697692871094,
      "mid_to_side_loudness": -10.77826976776123,
      "mid_to_side_loudness_range": 8.886123657226562,
      "side_mean": -39.33659744262695
    },
    {
      "loudness": -34.03853225708008,
      "loudness_range": 16.50978660583496,
      "low_freq": 12199.2666015625,
      "mid_mean": -30.961570739746094,
      "mid_to_side_loudness": -8.473084449768066,
      "mid_to_side_loudness_range": 6.244566917419434,
      "side_mean": -39.65134048461914
    }
  ],
  "bands_short": [
    {
      "high_freq": 148.1999969482422,
      "loudness": -22.099069595336914,
      "loudness_range": 9.680944442749023,
      "mid_mean": -18.470355987548828,
      "mid_to_side_loudness": -23.085025787353516,
      "mid_to_side_loudness_range": 17.868366241455078,
      "side_mean": -41.807640075683594
    },
    {
      "high_freq": 392.3793640136719,
      "loudness": -21.590272903442383,
      "loudness_range": 9.386758804321289,
      "low_freq": 148.1999969482422,
      "mid_mean": -18.38928985595703,
      "mid_to_side_loudness": -10.680770874023438,
      "mid_to_side_loudness_range": 10.343950271606445,
      "side_mean": -29.100961685180664
    },
    {
      "high_freq": 794.6976318359375,
      "loudness": -25.251235961914062,
      "loudness_range": 14.478414535522461,
      "low_freq": 392.3793640136719,
      "mid_mean": -23.000377655029297,
      "mid_to_side_loudness": -5.873269081115723,
      "mid_to_side_loudness_range": 15.181178092956543,
      "side_mean": -29.00935935974121
    },
    {
      "high_freq": 1457.5709228515625,
      "loudness": -26.504314422607422,
      "loudness_range": 20.378170013427734,
      "low_freq": 794.6976318359375,
      "mid_mean": -24.028467178344727,
      "mid_to_side_loudness": -8.509824752807617,
      "mid_to_side_loudness_range": 20.05694007873535,
      "side_mean": -32.770050048828125
    },
    {
      "high_freq": 2549.74365234375,
      "loudness": -24.495248794555664,
      "loudness_range": 18.636869430541992,
      "low_freq": 1457.5709228515625,
      "mid_mean": -21.40999984741211,
      "mid_to_side_loudness": -11.343851089477539,
      "mid_to_side_loudness_range": 19.209915161132812,
      "side_mean": -33.30998992919922
    },
    {
      "high_freq": 4349.24462890625,
      "loudness": -26.703378677368164,
      "loudness_range": 15.538522720336914,
      "low_freq": 2549.74365234375,
      "mid_mean": -23.32954978942871,
      "mid_to_side_loudness": -13.231514930725098,
      "mid_to_side_loudness_range": 15.235387802124023,
      "side_mean": -37.05658721923828
    },
    {
      "high_freq": 7314.1640625,
      "loudness": -31.45633316040039,
      "loudness_range": 15.286336898803711,
      "low_freq": 4349.24462890625,
      "mid_mean": -28.070560455322266,
      "mid_to_side_loudness": -12.699051856994629,
      "mid_to_side_loudness_range": 11.268623352050781,
      "side_mean": -41.2039909362793
    },
    {
      "high_freq": 12199.2666015625,
      "loudness": -33.67123794555664,
      "loudness_range": 17.33704948425293,
      "low_freq": 7314.1640625,
      "mid_mean": -30.413497924804688,
      "mid_to_side_loudness": -11.286186218261719,
      "mid_to_side_loudness_range": 11.214580535888672,
      "side_mean": -42.26542282104492
    },
    {
      "loudness": -40.091278076171875,
      "loudness_range": 28.090744018554688,
      "low_freq": 12199.2666015625,
      "mid_mean": -37.06736373901367,
      "mid_to_side_loudness": -8.693025588989258,
      "mid_to_side_loudness_range": 11.130765914916992,
      "side_mean": -46.207611083984375
    }
  ],
  "channels": 2,
  "covariance": [
    [
      8.20419979095459,
      4.618398666381836,
      2.864773750305176,
      3.080018997192383,
      2.7018024921417236,
      4.936810493469238,
      1.7030541896820068,
      2.7264773845672607,
      2.6732237339019775,
      2.425983190536499,
      2.4996140003204346,
      2.4680395126342773,
      2.398939847946167,
      2.700432300567627,
      2.0331947803497314,
      2.2569658756256104,
      2.260585069656372,
      2.594367027282715
    ],
    [
      4.618398666381836,
      12.722298622131348,
      5.160740852355957,
      4.590017795562744,
      2.9323174953460693,
      6.019813060760498,
      -0.02850230783224106,
      3.7107343673706055,
      -0.5480691194534302,
      2.8906445503234863,
      1.328955054283142,
      4.037032604217529,
      3.4288382530212402,
      5.495652675628662,
      4.360194206237793,
      5.440799236297607,
      3.989767074584961,
      5.395668983459473
    ],
    [
      2.864773750305176,
      5.160740852355957,
      10.861778259277344,
      7.967252254486084,
      8.014917373657227,
      7.791548728942871,
      5.0063581466674805,
      6.912754058837891,
      1.7154432535171509,
      5.237819194793701,
      3.4732205867767334,
      5.552495956420898,
      5.071391582489014,
      6.2902703285217285,
      5.807082653045654,
      6.623912811279297,
      6.490055561065674,
      7.334676265716553
    ],
    [
      3.080018997192383,
      4.590017795562744,
      7.967252254486084,
      12.885753631591797,
      8.088432312011719,
      10.626936912536621,
      6.471374988555908,
      10.171928405761719,
      3.566041946411133,
      7.6305131912231445,
      3.3328709602355957,
      7.183473587036133,
      4.5399885177612305,
      7.044854164123535,
      5.418525218963623,
      6.19414758682251,
      4.478041648864746,
      5.5509467124938965
    ],
    [
      2.7018024921417236,
      2.9323174953460693,
      8.014917373657227,
      8.088432312011719,
      22.154767990112305,
      11.1451416015625,
      18.46219253540039,
      10.256465911865234,
      11.47795295715332,
      9.176316261291504,
      8.384302139282227,
      8.2007417678833,
      7.329586029052734,
      6.595012664794922,
      8.511242866516113,
      6.756425857543945,
      8.433880805969238,
      7.8849897384643555
    ],
    [
      4.936810493469238,
      6.019813060760498,
      7.791548728942871,
      10.626936912536621,
      11.1451416015625,
      18.738788604736328,
      8.97626781463623,
      12.022682189941406,
      5.528680801391602,
      9.70650863647461,
      5.200078010559082,
      8.582155227661133,
      6.354677200317383,
      8.475859642028809,
      6.670756816864014,
      7.6769819259643555,
      5.596166133880615,
      7.119900226593018
    ],
    [
      1.7030541896820068,
      -0.02850230783224106,
      5.0063581466674805,
      6.471374988555908,
      18.46219253540039,
      8.97626781463623,
      43.38253402709961,
      12.385927200317383,
      25.042022705078125,
      11.017809867858887,
      12.1578950881958,
      7.887330532073975,
      6.975179195404053,
      2.9619266986846924,
      6.679105758666992,
      4.057196140289307,
      8.369588851928711,
      8.358922958374023
    ],
    [
      2.7264773845672607,
      3.7107343673706055,
      6.912754058837891,
      10.171928405761719,
      10.256465911865234,
      12.022682189941406,
      12.385927200317383,
      16.243228912353516,
      6.1992011070251465,
      11.10265827178955,
      4.800239562988281,
      8.719608306884766,
      5.054128646850586,
      6.708036422729492,
      6.063765525817871,
      6.068533420562744,
      5.450791835784912,
      6.210639953613281
    ],
    [
      2.6732237339019775,
      -0.5480691194534302,
      1.7154432535171509,
      3.566041946411133,
      11.47795295715332,
      5.528680801391602,
      25.042022705078125,
      6.1992011070251465,
      29.332056045532227,
      8.95091724395752,
      14.826452255249023,
      5.376481056213379,
      6.113081455230713,
      0.715548038482666,
      4.26308012008667,
      1.92051100730896,
      6.459900856018066,
      6.2017998695373535
    ],
    [
      2.425983190536499,
      2.8906445503234863,
      5.237819194793701,
      7.6305131912231445,
      9.176316261291504,
      9.70650863647461,
      11.017809867858887,
      11.10265827178955,
      8.95091724395752,
      14.366950988769531,
      5.1534342765808105,
      8.2645902633667,
      5.275743007659912,
      6.40260648727417,
      6.105842590332031,
      6.396583557128906,
      5.971643447875977,
      6.768521308898926
    ],
    [
      2.4996140003204346,
      1.328955054283142,
      3.4732205867767334,
      3.3328709602355957,
      8.384302139282227,
      5.200078010559082,
      12.1578950881958,
      4.800239562988281,
      14.826452255249023,
      5.1534342765808105,
      17.94680404663086,
      7.839501857757568,
      9.043702125549316,
      5.353350639343262,
      6.226998805999756,
      5.963888645172119,
      6.47371244430542,
      6.852391719818115
    ],
    [
      2.4680395126342773,
      4.037032604217529,
      5.552495956420898,
      7.183473587036133,
      8.2007417678833,
      8.582155227661133,
      7.887330532073975,
      8.719608306884766,
      5.376481056213379,
      8.2645902633667,
      7.839501857757568,
      13.252357482910156,
      10.334112167358398,
      14.706521034240723,
      9.666521072387695,
      13.422727584838867,
      8.47889518737793,
      10.470795631408691
    ],
    [
      2.398939847946167,
      3.4288382530212402,
      5.071391582489014,
      4.5399885177612305,
      7.329586029052734,
      6.354677200317383,
      6.975179195404053,
      5.054128646850586,
      6.113081455230713,
      5.275743007659912,
      9.043702125549316,
      10.334112167358398,
      14.712538719177246,
      15.876696586608887,
      11.738184928894043,
      16.425893783569336,
      11.365006446838379,
      13.358954429626465
    ],
    [
      2.700432300567627,
      5.495652675628662,
      6.2902703285217285,
      7.044854164123535,
      6.595012664794922,
      8.475859642028809,
      2.9619266986846924,
      6.708036422729492,
      0.715548038482666,
      6.40260648727417,
      5.353350639343262,
      14.706521034240723,
      15.876696586608887,
      26.10906219482422,
      14.827470779418945,
      24.640195846557617,
      13.303293228149414,
      17.317913055419922
    ],
    [
      2.0331947803497314,
      4.360194206237793,
      5.807082653045654,
      5.418525218963623,
      8.511242866516113,
      6.670756816864014,
      6.679105758666992,
      6.063765525817871,
      4.26308012008667,
      6.105842590332031,
      6.226998805999756,
      9.666521072387695,
      11.738184928894043,
      14.827470779418945,
      17.574846267700195,
      20.01982307434082,
      17.9855899810791,
      19.63735008239746
    ],
    [
      2.2569658756256104,
      5.440799236297607,
      6.623912811279297,
      6.19414758682251,
      6.756425857543945,
      7.6769819259643555,
      4.057196140289307,
      6.068533420562744,
      1.92051100730896,
      6.396583557128906,
      5.963888645172119,
      13.422727584838867,
      16.425893783569336,
      24.640195846557617,
      20.01982307434082,
      32.13810729980469,
      24.284841537475586,
      30.161537170410156
    ],
    [
      2.260585069656372,
      3.989767074584961,
      6.490055561065674,
      4.478041648864746,
      8.433880805969238,
      5.596166133880615,
      8.369588851928711,
      5.450791835784912,
      6.459900856018066,
      5.971643447875977,
      6.47371244430542,
      8.47889518737793,
      11.365006446838379,
      13.303293228149414,
      17.9855899810791,
      24.284841537475586,
      36.94069290161133,
      39.62242126464844
    ],
    [
      2.594367027282715,
      5.395668983459473,
      7.334676265716553,
      5.5509467124938965,
      7.8849897384643555,
      7.119900226593018,
      8.358922958374023,
      6.210639953613281,
      6.2017998695373535,
      6.768521308898926,
      6.852391719818115,
      10.470795631408691,
      13.358954429626465,
      17.317913055419922,
      19.63735008239746,
      30.161537170410156,
      39.62242126464844,
      48.26820755004883
    ]
  ],
  "covariance_short": [
    [
      18.89790153503418,
      5.572259426116943,
      4.925861835479736,
      4.920007705688477,
      5.29345178604126,
      6.694417476654053,
      4.156421184539795,
      3.924739360809326,
      4.444383144378662,
      3.1636576652526855,
      4.806417942047119,
      3.8395442962646484,
      5.163605213165283,
      5.027477264404297,
      4.701518535614014,
      4.35011100769043,
      4.595632076263428,
      4.4190168380737305
    ],
    [
      5.572259426116943,
      25.076122283935547,
      5.425447463989258,
      5.506528377532959,
      4.317134857177734,
      7.102958679199219,
      3.047022581100464,
      5.302226543426514,
      1.350197196006775,
      4.23981237411499,
      3.8383169174194336,
      5.981997013092041,
      5.058802127838135,
      7.033240795135498,
      6.422337532043457,
      8.356316566467285,
      8.967449188232422,
      11.361420631408691
    ],
    [
      4.925861835479736,
      5.425447463989258,
      17.271408081054688,
      9.921823501586914,
      11.580634117126465,
      10.210819244384766,
      8.952275276184082,
      8.184283256530762,
      5.907371997833252,
      6.968796730041504,
      7.484046936035156,
      7.6493611335754395,
      9.079825401306152,
      9.19022274017334,
      9.429905891418457,
      10.75466251373291,
      13.81242847442627,
      14.842041015625
    ],
    [
      4.920007705688477,
      5.506528377532959,
      9.921823501586914,
      17.296648025512695,
      11.47686767578125,
      14.360577583312988,
      10.113726615905762,
      12.340225219726562,
      5.616878032684326,
      9.338102340698242,
      6.177013397216797,
      9.276803970336914,
      7.8191752433776855,
      10.091059684753418,
      8.826407432556152,
      10.042572975158691,
      9.40058422088623,
      10.444144248962402
    ],
    [
      5.29345178604126,
      4.317134857177734,
      11.580634117126465,
      11.47686767578125,
      35.72544479370117,
      16.11321258544922,
      29.145111083984375,
      13.892940521240234,
      20.900596618652344,
      12.802875518798828,
      18.142494201660156,
      13.009027481079102,
      16.523958206176758,
      13.906901359558105,
      19.366825103759766,
      17.265274047851562,
      24.760658264160156,
      23.11979866027832
    ],
    [
      6.694417476654053,
      7.102958679199219,
      10.210819244384766,
      14.360577583312988,
      16.11321258544922,
      25.68193817138672,
      14.5341796875,
      17.156888961791992,
      9.67883586883545,
      14.202662467956543,
      9.810294151306152,
      12.91249942779541,
      11.348342895507812,
      13.667323112487793,
      13.226088523864746,
      14.227879524230957,
      14.75383186340332,
      16.346506118774414
    ],
    [
      4.156421184539795,
      3.047022581100464,
      8.952275276184082,
      10.113726615905762,
      29.145111083984375,
      14.5341796875,
      65.59261322021484,
      17.63376235961914,
      40.50375747680664,
      14.685778617858887,
      27.467004776000977,
      14.602089881896973,
      19.9783992767334,
      12.402111053466797,
      19.223552703857422,
      15.20219898223877,
      26.363548278808594,
      24.168283462524414
    ],
    [
      3.924739360809326,
      5.302226543426514,
      8.184283256530762,
      12.340225219726562,
      13.892940521240234,
      17.156888961791992,
      17.63376235961914,
      23.136762619018555,
      9.289813041687012,
      15.130050659179688,
      9.152591705322266,
      13.357379913330078,
      9.858224868774414,
      11.873133659362793,
      11.768634796142578,
      12.366174697875977,
      13.638628959655762,
      15.176513671875
    ],
    [
      4.444383144378662,
      1.350197196006775,
      5.907371997833252,
      5.616878032684326,
      20.900596618652344,
      9.67883586883545,
      40.50375747680664,
      9.289813041687012,
      48.64958572387695,
      12.928374290466309,
      28.221351623535156,
      9.568286895751953,
      17.912385940551758,
      7.884256362915039,
      14.524882316589355,
      10.171663284301758,
      19.403724670410156,
      17.514144897460938
    ],
    [
      3.1636576652526855,
      4.23981237411499,
      6.968796730041504,
      9.338102340698242,
      12.802875518798828,
      14.202662467956543,
      14.685778617858887,
      15.130050659179688,
      12.928374290466309,
      20.58347511291504,
      8.820662498474121,
      12.081392288208008,
      9.66539478302002,
      11.242118835449219,
      11.50538444519043,
      12.586953163146973,
      14.216896057128906,
      15.921281814575195
    ],
    [
      4.806417942047119,
      3.8383169174194336,
      7.484046936035156,
      6.177013397216797,
      18.142494201660156,
      9.810294151306152,
      27.467004776000977,
      9.152591705322266,
      28.221351623535156,
      8.820662498474121,
      33.85685729980469,
      14.242350578308105,
      23.143522262573242,
      14.955615043640137,
      18.7950496673584,
      17.63239097595215,
      23.197357177734375,
      22.311389923095703
    ],
    [
      3.8395442962646484,
      5.981997013092041,
      7.6493611335754395,
      9.276803970336914,
      13.009027481079102,
      12.91249942779541,
      14.602089881896973,
      13.357379913330078,
      9.568286895751953,
      12.081392288208008,
      14.242350578308105,
      20.071027755737305,
      17.848270416259766,
      22.358522415161133,
      17.85454750061035,
      23.950197219848633,
      21.606904983520508,
      25.163740158081055
    ],
    [
      5.163605213165283,
      5.058802127838135,
      9.079825401306152,
      7.8191752433776855,
      16.523958206176758,
      11.348342895507812,
      19.9783992767334,
      9.858224868774414,
      17.912385940551758,
      9.66539478302002,
      23.143522262573242,
      17.848270416259766,
      32.23121643066406,
      28.702646255493164,
      27.745935440063477,
      33.167396545410156,
      32.53932571411133,
      34.14453125
    ],
    [
      5.027477264404297,
      7.033240795135498,
      9.19022274017334,
      10.091059684753418,
      13.906901359558105,
      13.667323112487793,
      12.402111053466797,
      11.873133659362793,
      7.884256362915039,
      11.242118835449219,
      14.955615043640137,
      22.358522415161133,
      28.702646255493164,
      40.14482879638672,
      28.631288528442383,
      42.739707946777344,
      33.440189361572266,
      40.10433578491211
    ],
    [
      4.701518535614014,
      6.422337532043457,
      9.429905891418457,
      8.826407432556152,
      19.366825103759766,
      13.226088523864746,
      19.223552703857422,
      11.768634796142578,
      14.524882316589355,
      11.50538444519043,
      18.7950496673584,
      17.85454750061035,
      27.745935440063477,
      28.631288528442383,
      40.48149490356445,
      40.44865036010742,
      48.2719612121582,
      47.196781158447266
    ],
    [
      4.35011100769043,
      8.356316566467285,
      10.75466251373291,
      10.042572975158691,
      17.265274047851562,
      14.227879524230957,
      15.20219898223877,
      12.366174697875977,
      10.171663284301758,
      12.586953163146973,
      17.63239097595215,
      23.950197219848633,
      33.167396545410156,
      42.739707946777344,
      40.44865036010742,
      58.073909759521484,
      53.19989776611328,
      62.00221252441406
    ],
    [
      4.595632076263428,
      8.967449188232422,
      13.81242847442627,
      9.40058422088623,
      24.760658264160156,
      14.75383186340332,
      26.363548278808594,
      13.638628959655762,
      19.403724670410156,
      14.216896057128906,
      23.197357177734375,
      21.606904983520508,
      32.53932571411133,
      33.440189361572266,
      48.2719612121582,
      53.19989776611328,
      84.89274597167969,
      81.65056610107422
    ],
    [
      4.4190168380737305,
      11.361420631408691,
      14.842041015625,
      10.444144248962402,
      23.11979866027832,
      16.346506118774414,
      24.168283462524414,
      15.176513671875,
      17.514144897460938,
      15.921281814575195,
      22.311389923095703,
      25.163740158081055,
      34.14453125,
      40.10433578491211,
      47.196781158447266,
      62.00221252441406,
      81.65056610107422,
      93.57171630859375
    ]
  ],
  "drr": 12.497047424316406,
  "dynamics": 2.522665500640869,
  "format": 1245190,
  "frames": 6598656,
  "loudness": -10.634014129638672,
  "loudness_range": 5.409281253814697,
  "loudness_range_short": 8.97408676147461,
  "peak": -0.20301386713981628,
  "rms": -13.085373878479004,
  "sample_rate": 44100,
  "sections": 1,
  "seekable": 1,
  "sharpness": 2.782972812652588,
  "space": -12.13827133178711
}