{
  "bands": [
    {
      "high_freq": 148.1999969482422,
      "loudness": -21.607656478881836,
      "loudness_range": 7.421236038208008,
      "mid_mean": -18.136882781982422,
      "mid_to_side_loudness": -14.044867515563965,
      "mid_to_side_loudness_range": 10.060935020446777,
      "side_mean": -32.18632125854492
    },
    {
      "high_freq": 392.3793640136719,
      "loudness": -17.583816528320312,
      "loudness_range": 8.421730995178223,
      "low_freq": 148.1999969482422,
      "mid_mean": -14.097637176513672,
      "mid_to_side_loudness": -13.678096771240234,
      "mid_to_side_loudness_range": 7.454592704772949,
      "side_mean": -27.778100967407227
    },
    {
      "high_freq": 794.6976318359375,
      "loudness": -21.74632453918457,
      "loudness_range": 10.16779899597168,
      "low_freq": 392.3793640136719,
      "mid_mean": -18.230148315429688,
      "mid_to_side_loudness": -14.128766059875488,
      "mid_to_side_loudness_range": 5.774231910705566,
      "side_mean": -32.35365295410156
    },
    {
      "high_freq": 1457.5709228515625,
      "loudness": -25.948078155517578,
      "loudness_range": 10.453289031982422,
      "low_freq": 794.6976318359375,
      "mid_mean": -22.46907615661621,
      "mid_to_side_loudness": -13.389647483825684,
      "mid_to_side_loudness_range": 6.4872589111328125,
      "side_mean": -35.868316650390625
    },
    {
      "high_freq": 2549.74365234375,
      "loudness": -27.79259490966797,
      "loudness_range": 10.252582550048828,
      "low_freq": 1457.5709228515625,
      "mid_mean": -24.313955307006836,
      "mid_to_side_loudness": -13.19788646697998,
      "mid_to_side_loudness_range": 5.039599418640137,
      "side_mean": -37.52136993408203
    },
    {
      "high_freq": 4349.24462890625,
      "loudness": -32.02325439453125,
      "loudness_range": 11.049566268920898,
      "low_freq": 2549.74365234375,
      "mid_mean": -28.55328369140625,
      "mid_to_side_loudness": -13.005290031433105,
      "mid_to_side_loudness_range": 5.025917053222656,
      "side_mean": -41.55121612548828
    },
    {
      "high_freq": 7314.1640625,
      "loudness": -33.28123474121094,
      "loudness_range": 11.776710510253906,
      "low_freq": 4349.24462890625,
      "mid_mean": -29.778017044067383,
      "mid_to_side_loudness": -13.714888572692871,
      "mid_to_side_loudness_range": 4.631196975708008,
      "side_mean": -43.49566650390625
    },
    {
      "high_freq": 12199.2666015625,
      "loudness": -33.56344985961914,
      "loudness_range": 12.733810424804688,
      "low_freq": 7314.1640625,
      "mid_mean": -29.98543357849121,
      "mid_to_side_loudness": -15.509693145751953,
      "mid_to_side_loudness_range": 4.933541297912598,
      "side_mean": -45.5042724609375
    },
    {
      "loudness": -38.4923095703125,
      "loudness_range": 14.124534606933594,
      "low_freq": 12199.2666015625,
      "mid_mean": -34.84224319458008,
      "mid_to_side_loudness": -19.930139541625977,
      "mid_to_side_loudness_range": 6.9883222579956055,
      "side_mean": -54.83622741699219
    }
  ],
  "bands_short": [
    {
      "high_freq": 148.1999969482422,
      "loudness": -25.345983505249023,
      "loudness_range": 12.933341979980469,
      "mid_mean": -22.04291343688965,
      "mid_to_side_loudness": -13.895804405212402,
      "mid_to_side_loudness_range": 17.830463409423828,
      "side_mean": -35.850894927978516
    },
    {
      "high_freq": 392.3793640136719,
      "loudness": -17.467300415039062,
      "loudness_range": 10.382497787475586,
      "low_freq": 148.1999969482422,
      "mid_mean": -14.054457664489746,
      "mid_to_side_loudness": -13.621932029724121,
      "mid_to_side_loudness_range": 11.873533248901367,
      "side_mean": -27.508251190185547
    },
    {
      "high_freq": 794.6976318359375,
      "loudness": -22.25316619873047,
      "loudness_range": 12.39141845703125,
      "low_freq": 392.3793640136719,
      "mid_mean": -18.800067901611328,
      "mid_to_side_loudness": -13.869988441467285,
      "mid_to_side_loudness_range": 9.810420036315918,
      "side_mean": -32.611793518066406
    },
    {
      "high_freq": 1457.5709228515625,
      "loudness": -26.33416748046875,
      "loudness_range": 13.195064544677734,
      "low_freq": 794.6976318359375,
      "mid_mean": -22.932817459106445,
      "mid_to_side_loudness": -13.192357063293457,
      "mid_to_side_loudness_range": 11.494845390319824,
      "side_mean": -36.07230758666992
    },
    {
      "high_freq": 2549.74365234375,
      "loudness": -28.840024948120117,
      "loudness_range": 13.89841079711914,
      "low_freq": 1457.5709228515625,
      "mid_mean": -25.450294494628906,
      "mid_to_side_loudness": -12.682156562805176,
      "mid_to_side_loudness_range": 9.982744216918945,
      "side_mean": -38.0570182800293
    },
    {
      "high_freq": 4349.24462890625,
      "loudness": -33.41251754760742,
      "loudness_range": 16.08194923400879,
      "low_freq": 2549.74365234375,
      "mid_mean": -30.064125061035156,
      "mid_to_side_loudness": -12.103278160095215,
      "mid_to_side_loudness_range": 9.496044158935547,
      "side_mean": -42.03011703491211
    },
    {
      "high_freq": 7314.1640625,
      "loudness": -35.797386169433594,
      "loudness_range": 20.189199447631836,
      "low_freq": 4349.24462890625,
      "mid_mean": -32.473453521728516,
      "mid_to_side_loudness": -12.074492454528809,
      "mid_to_side_loudness_range": 12.339706420898438,
      "side_mean": -44.50572204589844
    },
    {
      "high_freq": 12199.2666015625,
      "loudness": -37.416900634765625,
      "loudness_range": 24.022640228271484,
      "low_freq": 7314.1640625,
      "mid_mean": -34.045223236083984,
      "mid_to_side_loudness": -12.611233711242676,
      "mid_to_side_loudness_range": 15.893059730529785,
      "side_mean": -47.37702560424805
    },
    {
      "loudness": -44.43598175048828,
      "loudness_range": 28.726028442382812,
      "low_freq": 12199.2666015625,
      "mid_mean": -41.195919036865234,
      "mid_to_side_loudness": -14.474611282348633,
      "mid_to_side_loudness_range": 22.635740280151367,
      "side_mean": -56.76314163208008
    }
  ],
  "channels": 2,
  "covariance": [
    [
      7.276060581207275,
      5.199118137359619,
      0.3794681131839752,
      0.4111941456794739,
      -0.357700377702713,
      -0.6546555161476135,
      0.30075791478157043,
      0.10094121843576431,
      1.3346772193908691,
      0.9417033195495605,
      1.960840106010437,
      1.2880384922027588,
      2.48317813873291,
      2.3199687004089355,
      2.156052827835083,
      1.9011834859848022,
      2.732961416244507,
      2.0939435958862305
    ],
    [
      5.199118137359619,
      15.202555656433105,
      1.2228275537490845,
      3.7563390731811523,
      2.4232425689697266,
      3.036078691482544,
      2.044478416442871,
      2.955094814300537,
      3.417181968688965,
      5.174039840698242,
      2.950820207595825,
      4.501417636871338,
      3.612999200820923,
      5.52260160446167,
      2.245546817779541,
      3.893608808517456,
      2.45503568649292,
      3.7549588680267334
    ],
    [
      0.3794681131839752,
      1.2228275537490845,
      10.002829551696777,
      7.801545143127441,
      7.803475379943848,
      6.23487663269043,
      5.831096649169922,
      6.43245792388916,
      5.708400726318359,
      5.860852241516113,
      5.218204021453857,
      5.786117076873779,
      4.131030082702637,
      4.166187286376953,
      4.732059001922607,
      4.813819408416748,
      3.561121702194214,
      3.3087658882141113
    ],
    [
      0.4111941456794739,
      3.7563390731811523,
      7.801545143127441,
      12.642180442810059,
      7.866243839263916,
      7.939537525177002,
      5.740368843078613,
      8.72060489654541,
      5.663173198699951,
      7.749007225036621,
      5.6669840812683105,
      8.021777153015137,
      4.343830585479736,
      6.299156665802002,
      4.734539031982422,
      6.588506698608398,
      3.4641804695129395,
      5.256082057952881
    ],
    [
      -0.357700377702713,
      2.4232425689697266,
      7.803475379943848,
      7.866243839263916,
      14.56082820892334,
      12.095954895019531,
      9.28943157196045,
      9.901012420654297,
      8.430259704589844,
      9.161004066467285,
      7.030491828918457,
      8.604727745056152,
      5.150235176086426,
      5.733264446258545,
      5.284587860107422,
      5.983297824859619,
      3.383647918701172,
      4.021938800811768
    ],
    [
      -0.6546555161476135,
      3.036078691482544,
      6.23487663269043,
      7.939537525177002,
      12.095954895019531,
      14.165105819702148,
      8.470511436462402,
      10.599895477294922,
      6.993549346923828,
      9.418813705444336,
      5.1498188972473145,
      7.977427005767822,
      3.3802926540374756,
      5.049465656280518,
      3.3116824626922607,
      4.9094014167785645,
      1.685279369354248,
      3.1179959774017334
    ],
    [
      0.30075791478157043,
      2.044478416442871,
      5.831096649169922,
      5.740368843078613,
      9.28943157196045,
      8.470511436462402,
      14.262214660644531,
      12.448699951171875,
      9.690582275390625,
      9.750626564025879,
      6.242351055145264,
      7.047352313995361,
      4.138754844665527,
      4.357780456542969,
      4.551563262939453,
      5.063910484313965,
      3.545922040939331,
      3.6304447650909424
    ],
    [
      0.10094121843576431,
      2.955094814300537,
      6.43245792388916,
      8.72060489654541,
      9.901012420654297,
      10.599895477294922,
      12.448699951171875,
      16.055072784423828,
      9.185822486877441,
      11.762245178222656,
      6.902019500732422,
      9.798081398010254,
      4.702428817749023,
      6.66421365737915,
      5.3132405281066895,
      7.285830497741699,
      3.7883455753326416,
      5.43670654296875
    ],
    [
      1.3346772193908691,
      3.417181968688965,
      5.708400726318359,
      5.663173198699951,
      8.430259704589844,
      6.993549346923828,
      9.690582275390625,
      9.185822486877441,
      13.153831481933594,
      12.045635223388672,
      10.003860473632812,
      10.030999183654785,
      8.738412857055664,
      8.242204666137695,
      8.30712604522705,
      8.417808532714844,
      7.692404270172119,
      7.213944911956787
    ],
    [
      0.9417033195495605,
      5.174039840698242,
      5.860852241516113,
      7.749007225036621,
      9.161004066467285,
      9.418813705444336,
      9.750626564025879,
      11.762245178222656,
      12.045635223388672,
      14.921436309814453,
      9.002464294433594,
      11.486130714416504,
      7.395402431488037,
      9.03138256072998,
      7.002630710601807,
      8.768472671508789,
      6.13232421875,
      7.448909759521484
    ],
    [
      1.960840106010437,
      2.950820207595825,
      5.218204021453857,
      5.6669840812683105,
      7.030491828918457,
      5.1498188972473145,
      6.242351055145264,
      6.902019500732422,
      10.003860473632812,
      9.002464294433594,
      15.390984535217285,
      13.627538681030273,
      14.515397071838379,
      12.936888694763184,
      14.576423645019531,
      13.892972946166992,
      14.431058883666992,
      12.92544174194336
    ],
    [
      1.2880384922027588,
      4.501417636871338,
      5.786117076873779,
      8.021777153015137,
      8.604727745056152,
      7.977427005767822,
      7.047352313995361,
      9.798081398010254,
      10.030999183654785,
      11.486130714416504,
      13.627538681030273,
      15.980438232421875,
      12.252703666687012,
      13.619356155395508,
      12.032976150512695,
      13.79269790649414,
      11.212272644042969,
      12.589285850524902
    ],
    [
      2.48317813873291,
      3.612999200820923,
      4.131030082702637,
      4.343830585479736,
      5.150235176086426,
      3.3802926540374756,
      4.138754844665527,
      4.702428817749023,
      8.738412857055664,
      7.395402431488037,
      14.515397071838379,
      12.252703666687012,
      18.7150821685791,
      15.759354591369629,
      18.17824363708496,
      16.540321350097656,
      19.03573989868164,
      16.182353973388672
    ],
    [
      2.3199687004089355,
      5.52260160446167,
      4.166187286376953,
      6.299156665802002,
      5.733264446258545,
      5.049465656280518,
      4.357780456542969,
      6.66421365737915,
      8.242204666137695,
      9.03138256072998,
      12.936888694763184,
      13.619356155395508,
      15.759354591369629,
      16.8129940032959,
      14.811596870422363,
      16.278785705566406,
      15.01036262512207,
      16.076833724975586
    ],
    [
      2.156052827835083,
      2.245546817779541,
      4.732059001922607,
      4.734539031982422,
      5.284587860107422,
      3.3116824626922607,
      4.551563262939453,
      5.3132405281066895,
      8.30712604522705,
      7.002630710601807,
      14.576423645019531,
      12.032976150512695,
      18.17824363708496,
      14.811596870422363,
      22.27855682373047,
      19.33911895751953,
      22.217782974243164,
      17.982393264770508
    ],
    [
      1.9011834859848022,
      3.893608808517456,
      4.813819408416748,
      6.588506698608398,
      5.983297824859619,
      4.9094014167785645,
      5.063910484313965,
      7.285830497741699,
      8.417808532714844,
      8.768472671508789,
      13.892972946166992,
      13.79269790649414,
      16.540321350097656,
      16.278785705566406,
      19.33911895751953,
      20.006834030151367,
      18.7652587890625,
      18.6619930267334
    ],
    [
      2.732961416244507,
      2.45503568649292,
      3.561121702194214,
      3.4641804695129395,
      3.383647918701172,
      1.685279369354248,
      3.545922040939331,
      3.7883455753326416,
      7.692404270172119,
      6.13232421875,
      14.431058883666992,
      11.212272644042969,
      19.03573989868164,
      15.01036262512207,
      22.217782974243164,
      18.7652587890625,
      26.027462005615234,
      20.195348739624023
    ],
    [
      2.0939435958862305,
      3.7549588680267334,
      3.3087658882141113,
      5.256082057952881,
      4.021938800811768,
      3.1179959774017334,
      3.6304447650909424,
      5.43670654296875,
      7.213944911956787,
      7.448909759521484,
      12.92544174194336,
      12.589285850524902,
      16.182353973388672,
      16.076833724975586,
      17.982393264770508,
      18.6619930267334,
      20.195348739624023,
      24.3063907623291
    ]
  ],
  "covariance_short": [
    [
      23.31814193725586,
      8.293888092041016,
      2.7875421047210693,
      -0.6523469686508179,
      0.35441017150878906,
      -1.0147695541381836,
      1.3854674100875854,
      -1.1167422533035278,
      3.1686477661132812,
      0.4466007947921753,
      4.178304672241211,
      1.1063169240951538,
      5.799175262451172,
      3.2329161167144775,
      5.391860485076904,
      3.291132688522339,
      7.483354091644287,
      4.5869927406311035
    ],
    [
      8.293888092041016,
      31.2478084564209,
      -0.23779867589473724,
      4.497167587280273,
      0.9479442834854126,
      2.2493722438812256,
      0.19968049228191376,
      1.7154123783111572,
      2.27738094329834,
      4.785790920257568,
      1.637718915939331,
      3.7454442977905273,
      1.9818233251571655,
      4.700488090515137,
      -1.2347279787063599,
      2.7423441410064697,
      -2.233863592147827,
      3.8882975578308105
    ],
    [
      2.7875421047210693,
      -0.23779867589473724,
      17.42304039001465,
      7.446617603302002,
      10.751687049865723,
      6.652276039123535,
      9.760771751403809,
      6.996463775634766,
      10.064020156860352,
      6.840139865875244,
      11.098443031311035,
      6.559201717376709,
      12.293642044067383,
      5.971426486968994,
      13.76756763458252,
      8.162199020385742,
      15.138945579528809,
      6.720003604888916
    ],
    [
      -0.6523469686508179,
      4.497167587280273,
      7.446617603302002,
      15.847620964050293,
      6.934951305389404,
      7.57602596282959,
      5.629804611206055,
      8.734187126159668,
      6.026474952697754,
      8.120741844177246,
      7.224334239959717,
      7.95445442199707,
      6.990507125854492,
      6.695643901824951,
      5.248862266540527,
      7.27297306060791,
      4.3631086349487305,
      6.103832244873047
    ],
    [
      0.35441017150878906,
      0.9479442834854126,
      10.751687049865723,
      6.934951305389404,
      22.854143142700195,
      13.834833145141602,
      15.425189018249512,
      10.784016609191895,
      14.246586799621582,
      10.697053909301758,
      13.647567749023438,
      9.856799125671387,
      13.754426956176758,
      7.891985893249512,
      13.919737815856934,
      9.29269790649414,
      14.678044319152832,
      6.481342315673828
    ],
    [
      -1.0147695541381836,
      2.2493722438812256,
      6.652276039123535,
      7.57602596282959,
      13.834833145141602,
      18.377960205078125,
      10.251057624816895,
      11.544947624206543,
      9.321945190429688,
      10.470070838928223,
      8.341357231140137,
      8.798510551452637,
      7.747660160064697,
      6.209578037261963,
      6.792909145355225,
      6.696268558502197,
      6.108518123626709,
      4.693523406982422
    ],
    [
      1.3854674100875854,
      0.19968049228191376,
      9.760771751403809,
      5.629804611206055,
      15.425189018249512,
      10.251057624816895,
      24.444204330444336,
      14.567190170288086,
      18.305343627929688,
      12.707087516784668,
      15.385832786560059,
      9.912524223327637,
      14.946063995361328,
      8.21045970916748,
      16.535686492919922,
      10.22416877746582,
      17.76085662841797,
      8.108296394348145
    ],
    [
      -1.1167422533035278,
      1.7154123783111572,
      6.996463775634766,
      8.734187126159668,
      10.784016609191895,
      11.544947624206543,
      14.567190170288086,
      20.9965877532959,
      12.120262145996094,
      13.829202651977539,
      11.425721168518066,
      12.242582321166992,
      11.439949989318848,
      9.904135704040527,
      10.723377227783203,
      11.41763687133789,
      9.77186393737793,
      9.083033561706543
    ],
    [
      3.1686477661132812,
      2.27738094329834,
      10.064020156860352,
      6.026474952697754,
      14.246586799621582,
      9.321945190429688,
      18.305343627929688,
      12.120262145996094,
      26.10601806640625,
      16.776174545288086,
      22.290233612060547,
      15.198519706726074,
      23.480709075927734,
      15.049518585205078,
      23.14910888671875,
      17.296316146850586,
      24.62303352355957,
      14.429131507873535
    ],
    [
      0.4466007947921753,
      4.785790920257568,
      6.840139865875244,
      8.120741844177246,
      10.697053909301758,
      10.470070838928223,
      12.707087516784668,
      13.829202651977539,
      16.776174545288086,
      20.381103515625,
      15.271288871765137,
      15.029587745666504,
      15.556807518005371,
      13.471223831176758,
      13.870636940002441,
      14.546753883361816,
      13.77444076538086,
      12.543583869934082
    ],
    [
      4.178304672241211,
      1.637718915939331,
      11.098443031311035,
      7.224334239959717,
      13.647567749023438,
      8.341357231140137,
      15.385832786560059,
      11.425721168518066,
      22.290233612060547,
      15.271288871765137,
      33.69607162475586,
      21.708385467529297,
      35.791961669921875,
      23.933645248413086,
      35.73321533203125,
      28.531654357910156,
      37.730079650878906,
      24.5953426361084
    ],
    [
      1.1063169240951538,
      3.7454442977905273,
      6.559201717376709,
      7.95445442199707,
      9.856799125671387,
      8.798510551452637,
      9.912524223327637,
      12.242582321166992,
      15.198519706726074,
      15.029587745666504,
      21.708385467529297,
      22.514928817749023,
      23.216964721679688,
      20.882034301757812,
      21.106557846069336,
      23.102108001708984,
      20.620363235473633,
      19.901853561401367
    ],
    [
      5.799175262451172,
      1.9818233251571655,
      12.293642044067383,
      6.990507125854492,
      13.754426956176758,
      7.747660160064697,
      14.946063995361328,
      11.439949989318848,
      23.480709075927734,
      15.556807518005371,
      35.791961669921875,
      23.216964721679688,
      51.60752868652344,
      31.855037689208984,
      50.30840301513672,
      38.23695373535156,
      54.05860137939453,
      33.180419921875
    ],
    [
      3.2329161167144775,
      4.700488090515137,
      5.971426486968994,
      6.695643901824951,
      7.891985893249512,
      6.209578037261963,
      8.21045970916748,
      9.904135704040527,
      15.049518585205078,
      13.471223831176758,
      23.933645248413086,
      20.882034301757812,
      31.855037689208984,
      29.14716148376465,
      29.083486557006836,
      31.09152603149414,
      29.655858993530273,
      27.81441879272461
    ],
    [
      5.391860485076904,
      -1.2347279787063599,
      13.76756763458252,
      5.248862266540527,
      13.919737815856934,
      6.792909145355225,
      16.535686492919922,
      10.723377227783203,
      23.14910888671875,
      13.870636940002441,
      35.73321533203125,
      21.106557846069336,
      50.30840301513672,
      29.083486557006836,
      70.34064483642578,
      41.82079315185547,
      74.20625305175781,
      35.96651840209961
    ],
    [
      3.291132688522339,
      2.7423441410064697,
      8.162199020385742,
      7.27297306060791,
      9.29269790649414,
      6.696268558502197,
      10.22416877746582,
      11.41763687133789,
      17.296316146850586,
      14.546753883361816,
      28.531654357910156,
      23.102108001708984,
      38.23695373535156,
      31.09152603149414,
      41.82079315185547,
      42.25904846191406,
      43.086116790771484,
      35.86354446411133
    ],
    [
      7.483354091644287,
      -2.233863592147827,
      15.138945579528809,
      4.3631086349487305,
      14.678044319152832,
      6.108518123626709,
      17.76085662841797,
      9.77186393737793,
      24.62303352355957,
      13.77444076538086,
      37.730079650878906,
      20.620363235473633,
      54.05860137939453,
      29.655858993530273,
      74.20625305175781,
      43.086116790771484,
      98.8883285522461,
      40.375919342041016
    ],
    [
      4.5869927406311035,
      3.8882975578308105,
      6.720003604888916,
      6.103832244873047,
      6.481342315673828,
      4.693523406982422,
      8.108296394348145,
      9.083033561706543,
      14.429131507873535,
      12.543583869934082,
      24.5953426361084,
      19.901853561401367,
      33.180419921875,
      27.81441879272461,
      35.96651840209961,
      35.86354446411133,
      40.375919342041016,
      40.55426788330078
    ]
  ],
  "drr": 11.342557907104492,
  "dynamics": 2.3339483737945557,
  "format": 1245190,
  "frames": 10426368,
  "loudness": -10.647266387939453,
  "loudness_range": 5.1614990234375,
  "loudness_range_short": 7.98069953918457,
  "peak": 0.09935358166694641,
  "rms": -12.628252983093262,
  "sample_rate": 44100,
  "sections": 1,
  "seekable": 1,
  "sharpness": 2.5277175903320312,
  "space": -13.519007682800293
}