{
  "bands": [
    {
      "high_freq": 148.1999969482422,
      "loudness": -31.20484161376953,
      "loudness_range": 16.603166580200195,
      "mid_mean": -29.902019500732422,
      "mid_to_side_loudness": -2.4698421955108643,
      "mid_to_side_loudness_range": 6.181543350219727,
      "side_mean": -31.11388397216797
    },
    {
      "high_freq": 392.3793640136719,
      "loudness": -29.673023223876953,
      "loudness_range": 17.861282348632812,
      "low_freq": 148.1999969482422,
      "mid_mean": -27.19378089904785,
      "mid_to_side_loudness": -7.57800817489624,
      "mid_to_side_loudness_range": 18.212860107421875,
      "side_mean": -34.8062744140625
    },
    {
      "high_freq": 794.6976318359375,
      "loudness": -30.92633056640625,
      "loudness_range": 19.514324188232422,
      "low_freq": 392.3793640136719,
      "mid_mean": -27.855356216430664,
      "mid_to_side_loudness": -11.070672035217285,
      "mid_to_side_loudness_range": 16.499238967895508,
      "side_mean": -39.07170867919922
    },
    {
      "high_freq": 1457.5709228515625,
      "loudness": -37.27982711791992,
      "loudness_range": 21.47994041442871,
      "low_freq": 794.6976318359375,
      "mid_mean": -34.2105598449707,
      "mid_to_side_loudness": -9.868000984191895,
      "mid_to_side_loudness_range": 15.313374519348145,
      "side_mean": -44.34408187866211
    },
    {
      "high_freq": 2549.74365234375,
      "loudness": -39.90512466430664,
      "loudness_range": 20.081594467163086,
      "low_freq": 1457.5709228515625,
      "mid_mean": -37.38229751586914,
      "mid_to_side_loudness": -6.521292209625244,
      "mid_to_side_loudness_range": 12.10790729522705,
      "side_mean": -43.93208694458008
    },
    {
      "high_freq": 4349.24462890625,
      "loudness": -40.65986251831055,
      "loudness_range": 14.642261505126953,
      "low_freq": 2549.74365234375,
      "mid_mean": -39.435123443603516,
      "mid_to_side_loudness": -1.6711921691894531,
      "mid_to_side_loudness_range": 6.18281364440918,
      "side_mean": -40.93600082397461
    },
    {
      "high_freq": 7314.1640625,
      "loudness": -40.48735046386719,
      "loudness_range": 14.476791381835938,
      "low_freq": 4349.24462890625,
      "mid_mean": -39.70792770385742,
      "mid_to_side_loudness": -0.7005903720855713,
      "mid_to_side_loudness_range": 2.123842716217041,
      "side_mean": -40.03712844848633
    },
    {
      "high_freq": 12199.2666015625,
      "loudness": -31.90129852294922,
      "loudness_range": 12.864906311035156,
      "low_freq": 7314.1640625,
      "mid_mean": -31.306812286376953,
      "mid_to_side_loudness": 0.14172299206256866,
      "mid_to_side_loudness_range": 0.44715940952301025,
      "side_mean": -31.16942596435547
    },
    {
      "loudness": -30.748720169067383,
      "loudness_range": 14.039178848266602,
      "low_freq": 12199.2666015625,
      "mid_mean": -30.16309356689453,
      "mid_to_side_loudness": 0.2117832601070404,
      "mid_to_side_loudness_range": 0.6795029044151306,
      "side_mean": -29.99740982055664
    }
  ],
  "bands_short": [
    {
      "high_freq": 148.1999969482422,
      "loudness": -36.205074310302734,
      "loudness_range": 24.933134078979492,
      "mid_mean": -35.432472229003906,
      "mid_to_side_loudness": -1.5128475427627563,
      "mid_to_side_loudness_range": 9.977409362792969,
      "side_mean": -35.9687614440918
    },
    {
      "high_freq": 392.3793640136719,
      "loudness": -30.071374893188477,
      "loudness_range": 20.288761138916016,
      "low_freq": 148.1999969482422,
      "mid_mean": -27.629135131835938,
      "mid_to_side_loudness": -7.285491466522217,
      "mid_to_side_loudness_range": 17.780746459960938,
      "side_mean": -34.75310516357422
    },
    {
      "high_freq": 794.6976318359375,
      "loudness": -33.05369567871094,
      "loudness_range": 25.03525733947754,
      "low_freq": 392.3793640136719,
      "mid_mean": -30.143997192382812,
      "mid_to_side_loudness": -10.269840240478516,
      "mid_to_side_loudness_range": 18.399688720703125,
      "side_mean": -40.682411193847656
    },
    {
      "high_freq": 1457.5709228515625,
      "loudness": -40.108699798583984,
      "loudness_range": 26.228967666625977,
      "low_freq": 794.6976318359375,
      "mid_mean": -37.335880279541016,
      "mid_to_side_loudness": -8.658960342407227,
      "mid_to_side_loudness_range": 16.18865203857422,
      "side_mean": -46.2380256652832
    },
    {
      "high_freq": 2549.74365234375,
      "loudness": -42.31484603881836,
      "loudness_range": 23.109397888183594,
      "low_freq": 1457.5709228515625,
      "mid_mean": -39.941993713378906,
      "mid_to_side_loudness": -6.161099433898926,
      "mid_to_side_loudness_range": 12.82382869720459,
      "side_mean": -46.13161849975586
    },
    {
      "high_freq": 4349.24462890625,
      "loudness": -42.43215560913086,
      "loudness_range": 18.498088836669922,
      "low_freq": 2549.74365234375,
      "mid_mean": -41.36774444580078,
      "mid_to_side_loudness": -1.6556824445724487,
      "mid_to_side_loudness_range": 6.871157646179199,
      "side_mean": -42.66522979736328
    },
    {
      "high_freq": 7314.1640625,
      "loudness": -41.85627365112305,
      "loudness_range": 18.12619400024414,
      "low_freq": 4349.24462890625,
      "mid_mean": -41.2767219543457,
      "mid_to_side_loudness": -0.6733853220939636,
      "mid_to_side_loudness_range": 3.2076637744903564,
      "side_mean": -41.54304122924805
    },
    {
      "high_freq": 12199.2666015625,
      "loudness": -34.82678985595703,
      "loudness_range": 19.78701400756836,
      "low_freq": 7314.1640625,
      "mid_mean": -34.318145751953125,
      "mid_to_side_loudness": 0.1517145186662674,
      "mid_to_side_loudness_range": 0.9659745693206787,
      "side_mean": -34.13410568237305
    },
    {
      "loudness": -34.317352294921875,
      "loudness_range": 22.389062881469727,
      "low_freq": 12199.2666015625,
      "mid_mean": -33.74776077270508,
      "mid_to_side_loudness": 0.22287696599960327,
      "mid_to_side_loudness_range": 0.8521884679794312,
      "side_mean": -33.58681106567383
    }
  ],
  "channels": 2,
  "covariance": [
    [
      39.67583465576172,
      28.938732147216797,
      5.946323871612549,
      18.344219207763672,
      5.054651260375977,
      8.959969520568848,
      1.98939049243927,
      8.997730255126953,
      -6.149721622467041,
      3.0479557514190674,
      7.918321132659912,
      13.632506370544434,
      16.2105712890625,
      16.702369689941406,
      5.946983814239502,
      6.090918064117432,
      6.936997413635254,
      6.91565465927124
    ],
    [
      28.938732147216797,
      33.88605499267578,
      4.37456750869751,
      9.59216022491455,
      2.9298477172851562,
      5.562817573547363,
      0.25341588258743286,
      4.508721351623535,
      -1.3521568775177002,
      3.521813154220581,
      4.214036464691162,
      5.62257719039917,
      6.834048748016357,
      7.426530838012695,
      5.46884298324585,
      5.440516948699951,
      6.340053558349609,
      6.311301231384277
    ],
    [
      5.946323871612549,
      4.37456750869751,
      41.79130554199219,
      24.09262466430664,
      28.632701873779297,
      21.817739486694336,
      29.34780502319336,
      25.18525505065918,
      26.795068740844727,
      21.550107955932617,
      16.50299072265625,
      13.646174430847168,
      10.810924530029297,
      9.425700187683105,
      5.3886637687683105,
      5.260922431945801,
      3.6905627250671387,
      3.6478559970855713
    ],
    [
      18.344219207763672,
      9.59216022491455,
      24.09262466430664,
      46.79008102416992,
      12.714503288269043,
      27.228805541992188,
      13.178293228149414,
      27.596567153930664,
      10.53258228302002,
      22.944168090820312,
      19.956724166870117,
      25.48906707763672,
      23.390295028686523,
      23.765695571899414,
      8.781586647033691,
      8.803811073303223,
      5.797555446624756,
      5.7269062995910645
    ],
    [
      5.054651260375977,
      2.9298477172851562,
      28.632701873779297,
      12.714503288269043,
      52.62067794799805,
      23.993972778320312,
      45.809139251708984,
      25.90232276916504,
      35.45915603637695,
      23.250673294067383,
      21.16277503967285,
      16.16871452331543,
      13.229498863220215,
      10.92955493927002,
      10.174527168273926,
      10.014961242675781,
      10.00968074798584,
      10.009808540344238
    ],
    [
      8.959969520568848,
      5.562817573547363,
      21.817739486694336,
      27.228805541992188,
      23.993972778320312,
      28.664396286010742,
      23.764009475708008,
      28.3594970703125,
      22.693084716796875,
      26.56487464904785,
      22.227108001708984,
      22.602352142333984,
      18.189388275146484,
      17.10331153869629,
      9.627503395080566,
      9.53776741027832,
      7.362147808074951,
      7.3225789070129395
    ],
    [
      1.98939049243927,
      0.25341588258743286,
      29.34780502319336,
      13.178293228149414,
      45.809139251708984,
      23.764009475708008,
      59.55118179321289,
      33.174217224121094,
      42.130638122558594,
      27.622604370117188,
      23.84268569946289,
      17.491531372070312,
      13.576056480407715,
      10.850948333740234,
      9.913321495056152,
      9.67961597442627,
      8.944765090942383,
      8.946757316589355
    ],
    [
      8.997730255126953,
      4.508721351623535,
      25.18525505065918,
      27.596567153930664,
      25.90232276916504,
      28.3594970703125,
      33.174217224121094,
      36.34892272949219,
      28.011322021484375,
      30.269134521484375,
      25.369369506835938,
      25.06977653503418,
      20.171051025390625,
      18.506975173950195,
      9.803568840026855,
      9.684350967407227,
      7.1114501953125,
      7.067859649658203
    ],
    [
      -6.149721622467041,
      -1.3521568775177002,
      26.795068740844727,
      10.53258228302002,
      35.45915603637695,
      22.693084716796875,
      42.130638122558594,
      28.011322021484375,
      51.555633544921875,
      34.123138427734375,
      22.09093475341797,
      13.25206470489502,
      7.205809116363525,
      4.893784999847412,
      10.45046329498291,
      10.147273063659668,
      8.679513931274414,
      8.67160415649414
    ],
    [
      3.0479557514190674,
      3.521813154220581,
      21.550107955932617,
      22.944168090820312,
      23.250673294067383,
      26.56487464904785,
      27.622604370117188,
      30.269134521484375,
      34.123138427734375,
      35.393856048583984,
      25.316137313842773,
      23.15913200378418,
      17.065078735351562,
      15.69659423828125,
      12.401761054992676,
      12.225321769714355,
      9.589117050170898,
      9.55831241607666
    ],
    [
      7.918321132659912,
      4.214036464691162,
      16.50299072265625,
      19.956724166870117,
      21.16277503967285,
      22.227108001708984,
      23.84268569946289,
      25.369369506835938,
      22.09093475341797,
      25.316137313842773,
      26.92049789428711,
      25.872581481933594,
      20.985990524291992,
      19.13856315612793,
      13.620206832885742,
      13.531517028808594,
      12.28974723815918,
      12.283228874206543
    ],
    [
      13.632506370544434,
      5.62257719039917,
      13.646174430847168,
      25.48906707763672,
      16.16871452331543,
      22.602352142333984,
      17.491531372070312,
      25.06977653503418,
      13.25206470489502,
      23.15913200378418,
      25.872581481933594,
      34.199729919433594,
      29.276803970336914,
      28.034902572631836,
      14.882521629333496,
      14.879847526550293,
      13.044012069702148,
      13.03899097442627
    ],
    [
      16.2105712890625,
      6.834048748016357,
      10.810924530029297,
      23.390295028686523,
      13.229498863220215,
      18.189388275146484,
      13.576056480407715,
      20.171051025390625,
      7.205809116363525,
      17.065078735351562,
      20.985990524291992,
      29.276803970336914,
      32.26885986328125,
      30.424625396728516,
      16.28463363647461,
      16.314464569091797,
      15.64700698852539,
      15.64737606048584
    ],
    [
      16.702369689941406,
      7.426530838012695,
      9.425700187683105,
      23.765695571899414,
      10.92955493927002,
      17.10331153869629,
      10.850948333740234,
      18.506975173950195,
      4.893784999847412,
      15.69659423828125,
      19.13856315612793,
      28.034902572631836,
      30.424625396728516,
      35.267642974853516,
      16.414554595947266,
      16.51622200012207,
      15.587211608886719,
      15.585076332092285
    ],
    [
      5.946983814239502,
      5.46884298324585,
      5.3886637687683105,
      8.781586647033691,
      10.174527168273926,
      9.627503395080566,
      9.913321495056152,
      9.803568840026855,
      10.45046329498291,
      12.401761054992676,
      13.620206832885742,
      14.882521629333496,
      16.28463363647461,
      16.414554595947266,
      20.692399978637695,
      20.64341926574707,
      21.172321319580078,
      21.170042037963867
    ],
    [
      6.090918064117432,
      5.440516948699951,
      5.260922431945801,
      8.803811073303223,
      10.014961242675781,
      9.53776741027832,
      9.67961597442627,
      9.684350967407227,
      10.147273063659668,
      12.225321769714355,
      13.531517028808594,
      14.879847526550293,
      16.314464569091797,
      16.51622200012207,
      20.64341926574707,
      20.867460250854492,
      21.122840881347656,
      21.121719360351562
    ],
    [
      6.936997413635254,
      6.340053558349609,
      3.6905627250671387,
      5.797555446624756,
      10.00968074798584,
      7.362147808074951,
      8.944765090942383,
      7.1114501953125,
      8.679513931274414,
      9.589117050170898,
      12.28974723815918,
      13.044012069702148,
      15.64700698852539,
      15.587211608886719,
      21.172321319580078,
      21.122840881347656,
      25.08437156677246,
      25.084505081176758
    ],
    [
      6.91565465927124,
      6.311301231384277,
      3.6478559970855713,
      5.7269062995910645,
      10.009808540344238,
      7.3225789070129395,
      8.946757316589355,
      7.067859649658203,
      8.67160415649414,
      9.55831241607666,
      12.283228874206543,
      13.03899097442627,
      15.64737606048584,
      15.585076332092285,
      21.170042037963867,
      21.121719360351562,
      25.084505081176758,
      25.094074249267578
    ]
  ],
  "covariance_short": [
    [
      73.40647888183594,
      67.2762680053711,
      23.773576736450195,
      36.53152847290039,
      12.910334587097168,
      16.346872329711914,
      11.800869941711426,
      15.651290893554688,
      5.0265607833862305,
      11.73738956451416,
      14.74560832977295,
      17.209503173828125,
      19.77977180480957,
      18.228607177734375,
      17.61506462097168,
      17.276758193969727,
      19.621503829956055,
      19.66651153564453
    ],
    [
      67.2762680053711,
      82.2083969116211,
      20.23279571533203,
      33.62726974487305,
      9.858060836791992,
      14.412740707397461,
      8.91291618347168,
      13.422005653381348,
      5.298582077026367,
      11.380533218383789,
      11.815531730651855,
      13.550385475158691,
      15.708478927612305,
      14.841649055480957,
      16.702898025512695,
      16.395483016967773,
      18.572803497314453,
      18.589324951171875
    ],
    [
      23.773576736450195,
      20.23279571533203,
      51.5883674621582,
      33.6167106628418,
      39.773353576660156,
      28.830476760864258,
      39.07280731201172,
      31.197126388549805,
      32.58470153808594,
      26.642322540283203,
      23.988283157348633,
      19.430240631103516,
      17.177461624145508,
      15.026701927185059,
      15.433293342590332,
      15.472370147705078,
      16.49181365966797,
      16.347225189208984
    ],
    [
      36.53152847290039,
      33.62726974487305,
      33.6167106628418,
      54.78311538696289,
      18.774578094482422,
      28.08916664123535,
      19.961055755615234,
      27.422338485717773,
      15.97803783416748,
      23.346580505371094,
      22.04801368713379,
      24.677661895751953,
      25.2220458984375,
      24.068313598632812,
      20.738033294677734,
      20.400697708129883,
      20.58309555053711,
      20.558813095092773
    ],
    [
      12.910334587097168,
      9.858060836791992,
      39.773353576660156,
      18.774578094482422,
      85.67716979980469,
      40.250877380371094,
      74.12089538574219,
      42.64210510253906,
      55.81514358520508,
      37.54846954345703,
      36.49567413330078,
      25.87337875366211,
      21.794775009155273,
      18.606149673461914,
      21.13722801208496,
      21.245359420776367,
      23.037582397460938,
      22.92852783203125
    ],
    [
      16.346872329711914,
      14.412740707397461,
      28.830476760864258,
      28.08916664123535,
      40.250877380371094,
      40.27813720703125,
      40.17284393310547,
      38.06077575683594,
      34.839786529541016,
      34.938907623291016,
      31.474388122558594,
      27.649938583374023,
      23.25804901123047,
      21.945951461791992,
      19.636947631835938,
      19.63858985900879,
      19.670976638793945,
      19.602706909179688
    ],
    [
      11.800869941711426,
      8.91291618347168,
      39.07280731201172,
      19.961055755615234,
      74.12089538574219,
      40.17284393310547,
      91.51480865478516,
      52.544776916503906,
      64.41398620605469,
      43.07551956176758,
      40.036354064941406,
      28.632984161376953,
      24.17544937133789,
      20.16643714904785,
      20.950841903686523,
      21.124958038330078,
      22.885499954223633,
      22.725217819213867
    ],
    [
      15.651290893554688,
      13.422005653381348,
      31.197126388549805,
      27.422338485717773,
      42.64210510253906,
      38.06077575683594,
      52.544776916503906,
      50.7413444519043,
      42.33659744262695,
      41.12331008911133,
      36.47163391113281,
      31.471887588500977,
      25.769556045532227,
      23.116037368774414,
      19.024301528930664,
      19.00594711303711,
      18.66564178466797,
      18.546297073364258
    ],
    [
      5.0265607833862305,
      5.298582077026367,
      32.58470153808594,
      15.97803783416748,
      55.81514358520508,
      34.839786529541016,
      64.41398620605469,
      42.33659744262695,
      69.61101531982422,
      46.3982048034668,
      34.22130584716797,
      23.833742141723633,
      19.07988739013672,
      17.29840087890625,
      20.02345848083496,
      20.164419174194336,
      22.1008358001709,
      21.765155792236328
    ],
    [
      11.73738956451416,
      11.380533218383789,
      26.642322540283203,
      23.346580505371094,
      37.54846954345703,
      34.938907623291016,
      43.07551956176758,
      41.12331008911133,
      46.3982048034668,
      46.54475402832031,
      36.16685104370117,
      31.903926849365234,
      26.394023895263672,
      24.92287254333496,
      21.943931579589844,
      21.876893997192383,
      21.660118103027344,
      21.42757797241211
    ],
    [
      14.74560832977295,
      11.815531730651855,
      23.988283157348633,
      22.04801368713379,
      36.49567413330078,
      31.474388122558594,
      40.036354064941406,
      36.47163391113281,
      34.22130584716797,
      36.16685104370117,
      42.92205047607422,
      38.059288024902344,
      32.08049774169922,
      29.12187957763672,
      26.235210418701172,
      26.363008499145508,
      27.045969009399414,
      26.976999282836914
    ],
    [
      17.209503173828125,
      13.550385475158691,
      19.430240631103516,
      24.677661895751953,
      25.87337875366211,
      27.649938583374023,
      28.632984161376953,
      31.471887588500977,
      23.833742141723633,
      31.903926849365234,
      38.059288024902344,
      45.18640899658203,
      38.681941986083984,
      35.90251922607422,
      29.27475929260254,
      29.052732467651367,
      28.527132034301758,
      28.56450653076172
    ],
    [
      19.77977180480957,
      15.708478927612305,
      17.177461624145508,
      25.2220458984375,
      21.794775009155273,
      23.25804901123047,
      24.17544937133789,
      25.769556045532227,
      19.07988739013672,
      26.394023895263672,
      32.08049774169922,
      38.681941986083984,
      46.05132293701172,
      41.734310150146484,
      34.771846771240234,
      34.43741989135742,
      35.048973083496094,
      35.11806869506836
    ],
    [
      18.228607177734375,
      14.841649055480957,
      15.026701927185059,
      24.068313598632812,
      18.606149673461914,
      21.945951461791992,
      20.16643714904785,
      23.116037368774414,
      17.29840087890625,
      24.92287254333496,
      29.12187957763672,
      35.90251922607422,
      41.734310150146484,
      45.26551055908203,
      35.855899810791016,
      35.37636184692383,
      35.305484771728516,
      35.43119430541992
    ],
    [
      17.61506462097168,
      16.702898025512695,
      15.433293342590332,
      20.738033294677734,
      21.13722801208496,
      19.636947631835938,
      20.950841903686523,
      19.024301528930664,
      20.02345848083496,
      21.943931579589844,
      26.235210418701172,
      29.27475929260254,
      34.771846771240234,
      35.855899810791016,
      49.897159576416016,
      48.64838790893555,
      49.98288345336914,
      50.0708122253418
    ],
    [
      17.276758193969727,
      16.395483016967773,
      15.472370147705078,
      20.400697708129883,
      21.245359420776367,
      19.63858985900879,
      21.124958038330078,
      19.00594711303711,
      20.164419174194336,
      21.876893997192383,
      26.363008499145508,
      29.052732467651367,
      34.43741989135742,
      35.37636184692383,
      48.64838790893555,
      49.0965690612793,
      49.79924392700195,
      49.91237258911133
    ],
    [
      19.621503829956055,
      18.572803497314453,
      16.49181365966797,
      20.58309555053711,
      23.037582397460938,
      19.670976638793945,
      22.885499954223633,
      18.66564178466797,
      22.1008358001709,
      21.660118103027344,
      27.045969009399414,
      28.527132034301758,
      35.048973083496094,
      35.305484771728516,
      49.98288345336914,
      49.79924392700195,
      61.095401763916016,
      60.834197998046875
    ],
    [
      19.66651153564453,
      18.589324951171875,
      16.347225189208984,
      20.558813095092773,
      22.92852783203125,
      19.602706909179688,
      22.725217819213867,
      18.546297073364258,
      21.765155792236328,
      21.42757797241211,
      26.976999282836914,
      28.56450653076172,
      35.11806869506836,
      35.43119430541992,
      50.0708122253418,
      49.91237258911133,
      60.834197998046875,
      61.185455322265625
    ]
  ],
  "drr": 11.899714469909668,
  "dynamics": 3.9684128761291504,
  "format": 1245190,
  "frames": 10381312,
  "loudness": -18.354202270507812,
  "loudness_range": 9.261693954467773,
  "loudness_range_short": 16.435157775878906,
  "peak": -0.31329345703125,
  "rms": -20.37384033203125,
  "sample_rate": 44100,
  "sections": 1,
  "seekable": 1,
  "sharpness": 4.91830587387085,
  "space": -4.837185859680176
}