{
  "bands": [
    {
      "high_freq": 148.1999969482422,
      "loudness": -21.836091995239258,
      "loudness_range": 7.735494613647461,
      "mid_mean": -18.911636352539062,
      "mid_to_side_loudness": -9.48023509979248,
      "mid_to_side_loudness_range": 15.33675479888916,
      "side_mean": -28.594980239868164
    },
    {
      "high_freq": 392.3793640136719,
      "loudness": -19.941362380981445,
      "loudness_range": 6.13007926940918,
      "low_freq": 148.1999969482422,
      "mid_mean": -17.670223236083984,
      "mid_to_side_loudness": -4.754708290100098,
      "mid_to_side_loudness_range": 8.561025619506836,
      "side_mean": -22.512813568115234
    },
    {
      "high_freq": 794.6976318359375,
      "loudness": -25.973291397094727,
      "loudness_range": 12.266626358032227,
      "low_freq": 392.3793640136719,
      "mid_mean": -23.12377166748047,
      "mid_to_side_loudness": -8.000289916992188,
      "mid_to_side_loudness_range": 11.166927337646484,
      "side_mean": -31.39237403869629
    },
    {
      "high_freq": 1457.5709228515625,
      "loudness": -33.68049621582031,
      "loudness_range": 16.399276733398438,
      "low_freq": 794.6976318359375,
      "mid_mean": -30.816608428955078,
      "mid_to_side_loudness": -7.666381359100342,
      "mid_to_side_loudness_range": 11.057945251464844,
      "side_mean": -38.84051513671875
    },
    {
      "high_freq": 2549.74365234375,
      "loudness": -35.3534049987793,
      "loudness_range": 19.428970336914062,
      "low_freq": 1457.5709228515625,
      "mid_mean": -32.55850601196289,
      "mid_to_side_loudness": -7.757995128631592,
      "mid_to_side_loudness_range": 12.860038757324219,
      "side_mean": -40.617244720458984
    },
    {
      "high_freq": 4349.24462890625,
      "loudness": -34.37821960449219,
      "loudness_range": 14.48942756652832,
      "low_freq": 2549.74365234375,
      "mid_mean": -32.02693176269531,
      "mid_to_side_loudness": -6.2312164306640625,
      "mid_to_side_loudness_range": 14.937995910644531,
      "side_mean": -38.45480728149414
    },
    {
      "high_freq": 7314.1640625,
      "loudness": -37.627166748046875,
      "loudness_range": 11.355682373046875,
      "low_freq": 4349.24462890625,
      "mid_mean": -35.52190399169922,
      "mid_to_side_loudness": -4.198419094085693,
      "mid_to_side_loudness_range": 8.446409225463867,
      "side_mean": -39.89327621459961
    },
    {
      "high_freq": 12199.2666015625,
      "loudness": -37.32173538208008,
      "loudness_range": 15.339607238769531,
      "low_freq": 7314.1640625,
      "mid_mean": -35.114681243896484,
      "mid_to_side_loudness": -4.678879737854004,
      "mid_to_side_loudness_range": 9.897010803222656,
      "side_mean": -40.09136199951172
    },
    {
      "loudness": -41.68251037597656,
      "loudness_range": 10.826213836669922,
      "low_freq": 12199.2666015625,
      "mid_mean": -39.91442108154297,
      "mid_to_side_loudness": -2.6892895698547363,
      "mid_to_side_loudness_range": 3.342661142349243,
      "side_mean": -42.60722732543945
    }
  ],
  "bands_short": [
    {
      "high_freq": 148.1999969482422,
      "loudness": -24.713747024536133,
      "loudness_range": 11.507745742797852,
      "mid_mean": -21.799030303955078,
      "mid_to_side_loudness": -11.234029769897461,
      "mid_to_side_loudness_range": 21.273456573486328,
      "side_mean": -33.30233383178711
    },
    {
      "high_freq": 392.3793640136719,
      "loudness": -19.172391891479492,
      "loudness_range": 7.059475898742676,
      "low_freq": 148.1999969482422,
      "mid_mean": -16.892864227294922,
      "mid_to_side_loudness": -5.135714530944824,
      "mid_to_side_loudness_range": 10.772208213806152,
      "side_mean": -22.107257843017578
    },
    {
      "high_freq": 794.6976318359375,
      "loudness": -26.308767318725586,
      "loudness_range": 13.724205017089844,
      "low_freq": 392.3793640136719,
      "mid_mean": -23.669336318969727,
      "mid_to_side_loudness": -7.5554518699646,
      "mid_to_side_loudness_range": 14.316909790039062,
      "side_mean": -31.466838836669922
    },
    {
      "high_freq": 1457.5709228515625,
      "loudness": -33.937862396240234,
      "loudness_range": 18.001373291015625,
      "low_freq": 794.6976318359375,
      "mid_mean": -31.258159637451172,
      "mid_to_side_loudness": -7.24948263168335,
      "mid_to_side_loudness_range": 13.15327262878418,
      "side_mean": -38.826393127441406
    },
    {
      "high_freq": 2549.74365234375,
      "loudness": -36.6266975402832,
      "loudness_range": 21.51728057861328,
      "low_freq": 1457.5709228515625,
      "mid_mean": -34.19007110595703,
      "mid_to_side_loudness": -6.572329521179199,
      "mid_to_side_loudness_range": 14.975467681884766,
      "side_mean": -41.004703521728516
    },
    {
      "high_freq": 4349.24462890625,
      "loudness": -35.37004089355469,
      "loudness_range": 17.323284149169922,
      "low_freq": 2549.74365234375,
      "mid_mean": -33.25191116333008,
      "mid_to_side_loudness": -5.642612457275391,
      "mid_to_side_loudness_range": 15.545340538024902,
      "side_mean": -39.035675048828125
    },
    {
      "high_freq": 7314.1640625,
      "loudness": -38.15468978881836,
      "loudness_range": 12.87667465209961,
      "low_freq": 4349.24462890625,
      "mid_mean": -36.17206954956055,
      "mid_to_side_loudness": -3.9383838176727295,
      "mid_to_side_loudness_range": 9.20001220703125,
      "side_mean": -40.247230529785156
    },
    {
      "high_freq": 12199.2666015625,
      "loudness": -40.02729797363281,
      "loudness_range": 21.63492202758789,
      "low_freq": 7314.1640625,
      "mid_mean": -37.83646774291992,
      "mid_to_side_loudness": -5.257610321044922,
      "mid_to_side_loudness_range": 13.470208168029785,
      "side_mean": -43.409889221191406
    },
    {
      "loudness": -44.55889129638672,
      "loudness_range": 18.45302963256836,
      "low_freq": 12199.2666015625,
      "mid_mean": -42.54531478881836,
      "mid_to_side_loudness": -3.722989797592163,
      "mid_to_side_loudness_range": 5.783017158508301,
      "side_mean": -46.35449981689453
    }
  ],
  "channels": 2,
  "covariance": [
    [
      9.445208549499512,
      3.5097761154174805,
      1.1439335346221924,
      -0.09882910549640656,
      1.6910226345062256,
      2.0669233798980713,
      1.0003055334091187,
      1.7119483947753906,
      2.4482619762420654,
      1.682620882987976,
      1.4995849132537842,
      1.8154594898223877,
      1.1421611309051514,
      1.2031587362289429,
      0.8162922263145447,
      0.946373462677002,
      0.7647354006767273,
      1.0954958200454712
    ],
    [
      3.5097761154174805,
      26.652795791625977,
      2.839034080505371,
      3.5018131732940674,
      2.0536036491394043,
      2.2697529792785645,
      2.3824329376220703,
      3.945167303085327,
      6.554903984069824,
      4.753454685211182,
      3.410952091217041,
      1.9323019981384277,
      2.842618703842163,
      0.38906586170196533,
      5.150723934173584,
      3.381727933883667,
      2.549901247024536,
      2.17328143119812
    ],
    [
      1.1439335346221924,
      2.839034080505371,
      8.487669944763184,
      4.810049533843994,
      3.2925593852996826,
      3.4450759887695312,
      2.5972065925598145,
      4.2625412940979,
      4.681676387786865,
      3.8162102699279785,
      4.680787563323975,
      2.478945016860962,
      2.048394203186035,
      1.068186640739441,
      4.353178024291992,
      3.2081267833709717,
      1.8216116428375244,
      1.816491961479187
    ],
    [
      -0.09882910549640656,
      3.5018131732940674,
      4.810049533843994,
      11.283302307128906,
      1.626725673675537,
      2.8712081909179688,
      3.8453617095947266,
      5.971392631530762,
      5.537702560424805,
      5.4435930252075195,
      3.9156601428985596,
      3.823939800262451,
      2.486633777618408,
      1.915757179260254,
      4.431671619415283,
      3.1164071559906006,
      1.4667983055114746,
      1.3398274183273315
    ],
    [
      1.6910226345062256,
      2.0536036491394043,
      3.2925593852996826,
      1.626725673675537,
      22.57694435119629,
      14.639724731445312,
      17.728731155395508,
      12.053543090820312,
      18.12339210510254,
      10.819977760314941,
      15.86571216583252,
      4.630056858062744,
      8.292557716369629,
      2.1357779502868652,
      9.8496732711792,
      4.378692150115967,
      2.4239115715026855,
      1.7783023118972778
    ],
    [
      2.0669233798980713,
      2.2697529792785645,
      3.4450759887695312,
      2.8712081909179688,
      14.639724731445312,
      23.11518669128418,
      17.7020320892334,
      18.70807647705078,
      17.34978485107422,
      15.590086936950684,
      11.89314079284668,
      7.645056247711182,
      7.518974781036377,
      3.87823486328125,
      10.056326866149902,
      6.949438571929932,
      3.4332497119903564,
      3.1667068004608154
    ],
    [
      1.0003055334091187,
      2.3824329376220703,
      2.5972065925598145,
      3.8453617095947266,
      17.728731155395508,
      17.7020320892334,
      34.98206329345703,
      23.1429386138916,
      26.37230682373047,
      17.83829116821289,
      19.502073287963867,
      8.684416770935059,
      12.24747085571289,
      4.265915870666504,
      13.10352611541748,
      6.462834358215332,
      3.01656436920166,
      2.6381783485412598
    ],
    [
      1.7119483947753906,
      3.945167303085327,
      4.2625412940979,
      5.971392631530762,
      12.053543090820312,
      18.70807647705078,
      23.1429386138916,
      29.092477798461914,
      21.577226638793945,
      20.221946716308594,
      14.469267845153809,
      11.148386001586914,
      10.123237609863281,
      5.8760199546813965,
      12.67606258392334,
      8.93784236907959,
      4.215573787689209,
      3.8463294506073
    ],
    [
      2.4482619762420654,
      6.554903984069824,
      4.681676387786865,
      5.537702560424805,
      18.12339210510254,
      17.34978485107422,
      26.37230682373047,
      21.577226638793945,
      49.674720764160156,
      25.937206268310547,
      31.880603790283203,
      10.270402908325195,
      18.623079299926758,
      5.177708625793457,
      22.319101333618164,
      10.589213371276855,
      8.014216423034668,
      5.803410530090332
    ],
    [
      1.682620882987976,
      4.753454685211182,
      3.8162102699279785,
      5.4435930252075195,
      10.819977760314941,
      15.590086936950684,
      17.83829116821289,
      20.221946716308594,
      25.937206268310547,
      24.700637817382812,
      17.56272315979004,
      12.817789077758789,
      13.272940635681152,
      7.482316493988037,
      14.760703086853027,
      10.564717292785645,
      6.592859745025635,
      5.741245746612549
    ],
    [
      1.4995849132537842,
      3.410952091217041,
      4.680787563323975,
      3.9156601428985596,
      15.86571216583252,
      11.89314079284668,
      19.502073287963867,
      14.469267845153809,
      31.880603790283203,
      17.56272315979004,
      32.84928894042969,
      11.750444412231445,
      17.547557830810547,
      5.552224159240723,
      16.459552764892578,
      6.452564716339111,
      5.4569830894470215,
      3.3562510013580322
    ],
    [
      1.8154594898223877,
      1.9323019981384277,
      2.478945016860962,
      3.823939800262451,
      4.630056858062744,
      7.645056247711182,
      8.684416770935059,
      11.148386001586914,
      10.270402908325195,
      12.817789077758789,
      11.750444412231445,
      17.94696044921875,
      8.478074073791504,
      7.602043628692627,
      7.604474067687988,
      6.248027324676514,
      3.595153331756592,
      3.509944438934326
    ],
    [
      1.1421611309051514,
      2.842618703842163,
      2.048394203186035,
      2.486633777618408,
      8.292557716369629,
      7.518974781036377,
      12.24747085571289,
      10.123237609863281,
      18.623079299926758,
      13.272940635681152,
      17.547557830810547,
      8.478074073791504,
      19.521787643432617,
      7.921643257141113,
      15.139622688293457,
      5.9125237464904785,
      6.778678894042969,
      3.7490010261535645
    ],
    [
      1.2031587362289429,
      0.38906586170196533,
      1.068186640739441,
      1.915757179260254,
      2.1357779502868652,
      3.87823486328125,
      4.265915870666504,
      5.8760199546813965,
      5.177708625793457,
      7.482316493988037,
      5.552224159240723,
      7.602043628692627,
      7.921643257141113,
      9.356483459472656,
      3.954559564590454,
      4.740114212036133,
      3.1787607669830322,
      3.4395196437835693
    ],
    [
      0.8162922263145447,
      5.150723934173584,
      4.353178024291992,
      4.431671619415283,
      9.8496732711792,
      10.056326866149902,
      13.10352611541748,
      12.67606258392334,
      22.319101333618164,
      14.760703086853027,
      16.459552764892578,
      7.604474067687988,
      15.139622688293457,
      3.954559564590454,
      35.763484954833984,
      20.06443214416504,
      16.868635177612305,
      12.143969535827637
    ],
    [
      0.946373462677002,
      3.381727933883667,
      3.2081267833709717,
      3.1164071559906006,
      4.378692150115967,
      6.949438571929932,
      6.462834358215332,
      8.93784236907959,
      10.589213371276855,
      10.564717292785645,
      6.452564716339111,
      6.248027324676514,
      5.9125237464904785,
      4.740114212036133,
      20.06443214416504,
      22.837177276611328,
      14.314580917358398,
      15.223764419555664
    ],
    [
      0.7647354006767273,
      2.549901247024536,
      1.8216116428375244,
      1.4667983055114746,
      2.4239115715026855,
      3.4332497119903564,
      3.01656436920166,
      4.215573787689209,
      8.014216423034668,
      6.592859745025635,
      5.4569830894470215,
      3.595153331756592,
      6.778678894042969,
      3.1787607669830322,
      16.868635177612305,
      14.314580917358398,
      13.687912940979004,
      11.552033424377441
    ],
    [
      1.0954958200454712,
      2.17328143119812,
      1.816491961479187,
      1.3398274183273315,
      1.7783023118972778,
      3.1667068004608154,
      2.6381783485412598,
      3.8463294506073,
      5.803410530090332,
      5.741245746612549,
      3.3562510013580322,
      3.509944438934326,
      3.7490010261535645,
      3.4395196437835693,
      12.143969535827637,
      15.223764419555664,
      11.552033424377441,
      13.036999702453613
    ]
  ],
  "covariance_short": [
    [
      19.667987823486328,
      8.027106285095215,
      2.3035943508148193,
      0.7055146098136902,
      2.3713276386260986,
      1.7981206178665161,
      2.407863140106201,
      2.0874600410461426,
      4.406529426574707,
      2.425389289855957,
      3.657700300216675,
      2.719640016555786,
      2.3264200687408447,
      1.8463037014007568,
      1.2305430173873901,
      0.04661975055932999,
      0.28999289870262146,
      0.21851317584514618
    ],
    [
      8.027106285095215,
      48.970088958740234,
      1.658374309539795,
      5.450671672821045,
      -0.5887342691421509,
      -2.9688284397125244,
      0.17042192816734314,
      -0.43068763613700867,
      4.462491035461426,
      2.4743971824645996,
      4.307129859924316,
      1.084669828414917,
      3.89582896232605,
      0.8180762529373169,
      3.699172258377075,
      0.5648189187049866,
      0.9563723206520081,
      -0.3996850848197937
    ],
    [
      2.3035943508148193,
      1.658374309539795,
      9.805386543273926,
      3.876810073852539,
      3.422762393951416,
      3.04433012008667,
      2.8312408924102783,
      3.5387120246887207,
      3.7533814907073975,
      2.7722554206848145,
      4.032022953033447,
      2.1670660972595215,
      1.3045188188552856,
      1.023093819618225,
      3.4514572620391846,
      3.167912244796753,
      1.50652015209198,
      1.773063063621521
    ],
    [
      0.7055146098136902,
      5.450671672821045,
      3.876810073852539,
      12.99985408782959,
      2.6993117332458496,
      3.6423795223236084,
      4.3581061363220215,
      6.181434154510498,
      6.444970607757568,
      5.637945175170898,
      4.391107082366943,
      3.9291887283325195,
      2.634707450866699,
      2.131214141845703,
      4.575809478759766,
      3.8676936626434326,
      1.1874629259109497,
      1.0168778896331787
    ],
    [
      2.3713276386260986,
      -0.5887342691421509,
      3.422762393951416,
      2.6993117332458496,
      28.94791603088379,
      14.654790878295898,
      21.166837692260742,
      13.153237342834473,
      23.465641021728516,
      11.723392486572266,
      20.858192443847656,
      6.0543599128723145,
      10.119606018066406,
      2.871713876724243,
      15.364611625671387,
      7.198281764984131,
      3.259437084197998,
      2.2756810188293457
    ],
    [
      1.7981206178665161,
      -2.9688284397125244,
      3.04433012008667,
      3.6423795223236084,
      14.654790878295898,
      27.303081512451172,
      19.36418914794922,
      19.53913688659668,
      19.441478729248047,
      16.140335083007812,
      13.37615966796875,
      8.546778678894043,
      7.97617244720459,
      4.451522350311279,
      12.886656761169434,
      9.59459114074707,
      3.7022533416748047,
      2.953357219696045
    ],
    [
      2.407863140106201,
      0.17042192816734314,
      2.8312408924102783,
      4.3581061363220215,
      21.166837692260742,
      19.36418914794922,
      43.4351806640625,
      25.510669708251953,
      33.22631072998047,
      20.147315979003906,
      25.970989227294922,
      11.882454872131348,
      15.345179557800293,
      6.168621063232422,
      21.56928253173828,
      12.474020004272461,
      5.456978797912598,
      4.766280174255371
    ],
    [
      2.0874600410461426,
      -0.43068763613700867,
      3.5387120246887207,
      6.181434154510498,
      13.153237342834473,
      19.53913688659668,
      25.510669708251953,
      32.87615203857422,
      24.3353328704834,
      21.337316513061523,
      16.79856300354004,
      12.894976615905762,
      10.924190521240234,
      6.919411659240723,
      16.65322494506836,
      13.310883522033691,
      4.803129196166992,
      4.174843788146973
    ],
    [
      4.406529426574707,
      4.462491035461426,
      3.7533814907073975,
      6.444970607757568,
      23.465641021728516,
      19.441478729248047,
      33.22631072998047,
      24.3353328704834,
      63.0819091796875,
      29.670665740966797,
      41.94088363647461,
      14.68262767791748,
      24.363370895385742,
      8.573553085327148,
      33.4442024230957,
      17.00469970703125,
      11.922311782836914,
      8.801506996154785
    ],
    [
      2.425389289855957,
      2.4743971824645996,
      2.7722554206848145,
      5.637945175170898,
      11.723392486572266,
      16.140335083007812,
      20.147315979003906,
      21.337316513061523,
      29.670665740966797,
      27.772518157958984,
      20.523523330688477,
      14.534364700317383,
      14.448028564453125,
      8.680295944213867,
      19.31401252746582,
      14.0123872756958,
      7.74084997177124,
      6.346888542175293
    ],
    [
      3.657700300216675,
      4.307129859924316,
      4.032022953033447,
      4.391107082366943,
      20.858192443847656,
      13.37615966796875,
      25.970989227294922,
      16.79856300354004,
      41.94088363647461,
      20.523523330688477,
      45.810203552246094,
      17.10689353942871,
      24.015789031982422,
      8.922977447509766,
      28.929710388183594,
      13.1756591796875,
      11.316631317138672,
      8.281615257263184
    ],
    [
      2.719640016555786,
      1.084669828414917,
      2.1670660972595215,
      3.9291887283325195,
      6.0543599128723145,
      8.546778678894043,
      11.882454872131348,
      12.894976615905762,
      14.68262767791748,
      14.534364700317383,
      17.10689353942871,
      21.64023780822754,
      10.880938529968262,
      9.414437294006348,
      11.425347328186035,
      9.403311729431152,
      6.4979143142700195,
      6.844080924987793
    ],
    [
      2.3264200687408447,
      3.89582896232605,
      1.3045188188552856,
      2.634707450866699,
      10.119606018066406,
      7.97617244720459,
      15.345179557800293,
      10.924190521240234,
      24.363370895385742,
      14.448028564453125,
      24.015789031982422,
      10.880938529968262,
      24.37125015258789,
      10.594307899475098,
      23.539451599121094,
      10.775346755981445,
      12.643177032470703,
      8.908899307250977
    ],
    [
      1.8463037014007568,
      0.8180762529373169,
      1.023093819618225,
      2.131214141845703,
      2.871713876724243,
      4.451522350311279,
      6.168621063232422,
      6.919411659240723,
      8.573553085327148,
      8.680295944213867,
      8.922977447509766,
      9.414437294006348,
      10.594307899475098,
      12.178075790405273,
      6.995828628540039,
      7.618908405303955,
      7.041073322296143,
      8.813727378845215
    ],
    [
      1.2305430173873901,
      3.699172258377075,
      3.4514572620391846,
      4.575809478759766,
      15.364611625671387,
      12.886656761169434,
      21.56928253173828,
      16.65322494506836,
      33.4442024230957,
      19.31401252746582,
      28.929710388183594,
      11.425347328186035,
      23.539451599121094,
      6.995828628540039,
      62.2224006652832,
      37.911659240722656,
      32.17288589477539,
      24.44225311279297
    ],
    [
      0.04661975055932999,
      0.5648189187049866,
      3.167912244796753,
      3.8676936626434326,
      7.198281764984131,
      9.59459114074707,
      12.474020004272461,
      13.310883522033691,
      17.00469970703125,
      14.0123872756958,
      13.1756591796875,
      9.403311729431152,
      10.775346755981445,
      7.618908405303955,
      37.911659240722656,
      43.98098373413086,
      28.647701263427734,
      32.42902755737305
    ],
    [
      0.28999289870262146,
      0.9563723206520081,
      1.50652015209198,
      1.1874629259109497,
      3.259437084197998,
      3.7022533416748047,
      5.456978797912598,
      4.803129196166992,
      11.922311782836914,
      7.74084997177124,
      11.316631317138672,
      6.4979143142700195,
      12.643177032470703,
      7.041073322296143,
      32.17288589477539,
      28.647701263427734,
      32.14994430541992,
      29.94624137878418
    ],
    [
      0.21851317584514618,
      -0.3996850848197937,
      1.773063063621521,
      1.0168778896331787,
      2.2756810188293457,
      2.953357219696045,
      4.766280174255371,
      4.174843788146973,
      8.801506996154785,
      6.346888542175293,
      8.281615257263184,
      6.844080924987793,
      8.908899307250977,
      8.813727378845215,
      24.44225311279297,
      32.42902755737305,
      29.94624137878418,
      36.94310760498047
    ]
  ],
  "drr": 14.376605033874512,
  "dynamics": 1.910228967666626,
  "format": 1245190,
  "frames": 12673024,
  "loudness": -13.014183044433594,
  "loudness_range": 4.234739303588867,
  "loudness_range_short": 5.654518127441406,
  "peak": -3.5629775524139404,
  "rms": -14.795489311218262,
  "sample_rate": 44100,
  "sections": 1,
  "seekable": 1,
  "sharpness": 1.458714485168457,
  "space": -6.455835819244385
}