{
  "bands": [
    {
      "high_freq": 148.1999969482422,
      "loudness": -20.79351234436035,
      "loudness_range": 9.568863868713379,
      "mid_mean": -17.337141036987305,
      "mid_to_side_loudness": -14.174595832824707,
      "mid_to_side_loudness_range": 15.634580612182617,
      "side_mean": -31.953651428222656
    },
    {
      "high_freq": 392.3793640136719,
      "loudness": -19.109394073486328,
      "loudness_range": 7.613001823425293,
      "low_freq": 148.1999969482422,
      "mid_mean": -16.73694610595703,
      "mid_to_side_loudness": -5.384602069854736,
      "mid_to_side_loudness_range": 10.385919570922852,
      "side_mean": -22.19190788269043
    },
    {
      "high_freq": 794.6976318359375,
      "loudness": -22.9166202545166,
      "loudness_range": 10.601465225219727,
      "low_freq": 392.3793640136719,
      "mid_mean": -20.203699111938477,
      "mid_to_side_loudness": -6.904260635375977,
      "mid_to_side_loudness_range": 10.260053634643555,
      "side_mean": -27.174800872802734
    },
    {
      "high_freq": 1457.5709228515625,
      "loudness": -25.57981300354004,
      "loudness_range": 15.477380752563477,
      "low_freq": 794.6976318359375,
      "mid_mean": -22.8944034576416,
      "mid_to_side_loudness": -7.126286506652832,
      "mid_to_side_loudness_range": 12.139392852783203,
      "side_mean": -30.12630844116211
    },
    {
      "high_freq": 2549.74365234375,
      "loudness": -24.58823013305664,
      "loudness_range": 16.481332778930664,
      "low_freq": 1457.5709228515625,
      "mid_mean": -21.790882110595703,
      "mid_to_side_loudness": -7.948482990264893,
      "mid_to_side_loudness_range": 12.9719820022583,
      "side_mean": -29.891998291015625
    },
    {
      "high_freq": 4349.24462890625,
      "loudness": -24.103370666503906,
      "loudness_range": 16.88235092163086,
      "low_freq": 2549.74365234375,
      "mid_mean": -21.185062408447266,
      "mid_to_side_loudness": -8.974553108215332,
      "mid_to_side_loudness_range": 13.530524253845215,
      "side_mean": -30.298690795898438
    },
    {
      "high_freq": 7314.1640625,
      "loudness": -27.959033966064453,
      "loudness_range": 16.301443099975586,
      "low_freq": 4349.24462890625,
      "mid_mean": -24.93372917175293,
      "mid_to_side_loudness": -10.039159774780273,
      "mid_to_side_loudness_range": 14.906523704528809,
      "side_mean": -35.15060043334961
    },
    {
      "high_freq": 12199.2666015625,
      "loudness": -33.3762321472168,
      "loudness_range": 16.08946418762207,
      "low_freq": 7314.1640625,
      "mid_mean": -30.661630630493164,
      "mid_to_side_loudness": -7.8154168128967285,
      "mid_to_side_loudness_range": 14.18491268157959,
      "side_mean": -38.54106521606445
    },
    {
      "loudness": -37.747310638427734,
      "loudness_range": 12.138015747070312,
      "low_freq": 12199.2666015625,
      "mid_mean": -34.905277252197266,
      "mid_to_side_loudness": -8.43207836151123,
      "mid_to_side_loudness_range": 14.06448745727539,
      "side_mean": -43.66205596923828
    }
  ],
  "bands_short": [
    {
      "high_freq": 148.1999969482422,
      "loudness": -24.066076278686523,
      "loudness_range": 19.318023681640625,
      "mid_mean": -20.760332107543945,
      "mid_to_side_loudness": -15.56298828125,
      "mid_to_side_loudness_range": 25.46538734436035,
      "side_mean": -37.33665084838867
    },
    {
      "high_freq": 392.3793640136719,
      "loudness": -19.270063400268555,
      "loudness_range": 9.754234313964844,
      "low_freq": 148.1999969482422,
      "mid_mean": -16.946496963500977,
      "mid_to_side_loudness": -5.8070068359375,
      "mid_to_side_loudness_range": 13.363997459411621,
      "side_mean": -22.84136962890625
    },
    {
      "high_freq": 794.6976318359375,
      "loudness": -22.743850708007812,
      "loudness_range": 12.698505401611328,
      "low_freq": 392.3793640136719,
      "mid_mean": -20.205820083618164,
      "mid_to_side_loudness": -6.685910701751709,
      "mid_to_side_loudness_range": 13.093384742736816,
      "side_mean": -26.978515625
    },
    {
      "high_freq": 1457.5709228515625,
      "loudness": -26.020193099975586,
      "loudness_range": 16.847761154174805,
      "low_freq": 794.6976318359375,
      "mid_mean": -23.50324058532715,
      "mid_to_side_loudness": -6.981091499328613,
      "mid_to_side_loudness_range": 14.97978687286377,
      "side_mean": -30.63542938232422
    },
    {
      "high_freq": 2549.74365234375,
      "loudness": -25.320146560668945,
      "loudness_range": 18.055072784423828,
      "low_freq": 1457.5709228515625,
      "mid_mean": -22.68085289001465,
      "mid_to_side_loudness": -7.761098861694336,
      "mid_to_side_loudness_range": 15.696757316589355,
      "side_mean": -30.733341217041016
    },
    {
      "high_freq": 4349.24462890625,
      "loudness": -24.712007522583008,
      "loudness_range": 19.172054290771484,
      "low_freq": 2549.74365234375,
      "mid_mean": -21.899721145629883,
      "mid_to_side_loudness": -8.666497230529785,
      "mid_to_side_loudness_range": 16.376249313354492,
      "side_mean": -31.146705627441406
    },
    {
      "high_freq": 7314.1640625,
      "loudness": -28.8851318359375,
      "loudness_range": 19.410371780395508,
      "low_freq": 4349.24462890625,
      "mid_mean": -25.999940872192383,
      "mid_to_side_loudness": -9.42876148223877,
      "mid_to_side_loudness_range": 17.442670822143555,
      "side_mean": -36.314395904541016
    },
    {
      "high_freq": 12199.2666015625,
      "loudness": -35.484642028808594,
      "loudness_range": 21.05296516418457,
      "low_freq": 7314.1640625,
      "mid_mean": -32.88374710083008,
      "mid_to_side_loudness": -6.93883752822876,
      "mid_to_side_loudness_range": 14.921642303466797,
      "side_mean": -40.57463073730469
    },
    {
      "loudness": -43.50848388671875,
      "loudness_range": 27.169757843017578,
      "low_freq": 12199.2666015625,
      "mid_mean": -41.04944610595703,
      "mid_to_side_loudness": -6.264153480529785,
      "mid_to_side_loudness_range": 13.450603485107422,
      "side_mean": -47.868438720703125
    }
  ],
  "channels": 2,
  "covariance": [
    [
      15.05880355834961,
      2.121605157852173,
      2.00000262260437,
      1.0943137407302856,
      0.5001339912414551,
      0.5803324580192566,
      -0.06791304051876068,
      -0.30169665813446045,
      -0.2415684461593628,
      -0.69086092710495,
      -1.4131654500961304,
      -2.0617783069610596,
      -2.4242255687713623,
      -0.31052166223526,
      -3.397158145904541,
      0.18390759825706482,
      -4.5767059326171875,
      -4.702932357788086
    ],
    [
      2.121605157852173,
      13.730643272399902,
      2.4839558601379395,
      3.858881950378418,
      3.3633553981781006,
      4.404826641082764,
      4.133995056152344,
      4.560795307159424,
      5.530962944030762,
      5.209563255310059,
      4.65468692779541,
      4.495987892150879,
      4.3969807624816895,
      4.574856281280518,
      3.4890005588531494,
      4.208179473876953,
      2.0758297443389893,
      2.411304235458374
    ],
    [
      2.00000262260437,
      2.4839558601379395,
      7.618407726287842,
      7.861165523529053,
      6.343369483947754,
      6.705136299133301,
      4.678905963897705,
      5.542107105255127,
      6.897992134094238,
      5.980649471282959,
      6.418591022491455,
      5.317494869232178,
      5.345827102661133,
      5.4245500564575195,
      4.514298915863037,
      7.898327350616455,
      0.9378513097763062,
      4.931769371032715
    ],
    [
      1.0943137407302856,
      3.858881950378418,
      7.861165523529053,
      21.18329429626465,
      10.676794052124023,
      16.8929443359375,
      8.838643074035645,
      14.781553268432617,
      12.428323745727539,
      15.589493751525879,
      11.38375473022461,
      12.682815551757812,
      9.057183265686035,
      12.321226119995117,
      10.386579513549805,
      19.92214012145996,
      4.137118816375732,
      11.890576362609863
    ],
    [
      0.5001339912414551,
      3.3633553981781006,
      6.343369483947754,
      10.676794052124023,
      16.680644989013672,
      13.486757278442383,
      12.174817085266113,
      11.819784164428711,
      18.388078689575195,
      12.99189281463623,
      17.823894500732422,
      10.623739242553711,
      15.626047134399414,
      9.635773658752441,
      9.444395065307617,
      11.338890075683594,
      2.514535665512085,
      6.8141679763793945
    ],
    [
      0.5803324580192566,
      4.404826641082764,
      6.705136299133301,
      16.8929443359375,
      13.486757278442383,
      22.769502639770508,
      10.725077629089355,
      18.247175216674805,
      14.503474235534668,
      18.929519653320312,
      12.65403938293457,
      14.807433128356934,
      10.56906509399414,
      13.91364860534668,
      11.27054500579834,
      19.98529624938965,
      4.699582576751709,
      12.09743595123291
    ],
    [
      -0.06791304051876068,
      4.133995056152344,
      4.678905963897705,
      8.838643074035645,
      12.174817085266113,
      10.725077629089355,
      28.285594940185547,
      18.600793838500977,
      26.30316734313965,
      16.026071548461914,
      26.47684669494629,
      13.109357833862305,
      23.46495819091797,
      9.68561840057373,
      11.175219535827637,
      8.343171119689941,
      2.660130739212036,
      5.344547271728516
    ],
    [
      -0.30169665813446045,
      4.560795307159424,
      5.542107105255127,
      14.781553268432617,
      11.819784164428711,
      18.247175216674805,
      18.600793838500977,
      27.90940284729004,
      18.426864624023438,
      22.537694931030273,
      15.510705947875977,
      16.428674697875977,
      12.830584526062012,
      13.27392864227295,
      10.587479591369629,
      16.651409149169922,
      3.4643430709838867,
      9.951684951782227
    ],
    [
      -0.2415684461593628,
      5.530962944030762,
      6.897992134094238,
      12.428323745727539,
      18.388078689575195,
      14.503474235534668,
      26.30316734313965,
      18.426864624023438,
      38.59523010253906,
      21.360408782958984,
      37.19608688354492,
      18.651405334472656,
      33.68600845336914,
      15.163503646850586,
      17.155231475830078,
      13.537403106689453,
      4.7956318855285645,
      8.259949684143066
    ],
    [
      -0.69086092710495,
      5.209563255310059,
      5.980649471282959,
      15.589493751525879,
      12.99189281463623,
      18.929519653320312,
      16.026071548461914,
      22.537694931030273,
      21.360408782958984,
      25.848085403442383,
      18.666881561279297,
      19.876983642578125,
      16.412921905517578,
      17.417163848876953,
      14.377243041992188,
      20.542278289794922,
      5.560111999511719,
      13.541706085205078
    ],
    [
      -1.4131654500961304,
      4.65468692779541,
      6.418591022491455,
      11.38375473022461,
      17.823894500732422,
      12.65403938293457,
      26.47684669494629,
      15.510705947875977,
      37.19608688354492,
      18.666881561279297,
      42.55246353149414,
      20.56867218017578,
      38.105628967285156,
      16.381324768066406,
      18.43876838684082,
      13.018986701965332,
      6.454206466674805,
      8.824806213378906
    ],
    [
      -2.0617783069610596,
      4.495987892150879,
      5.317494869232178,
      12.682815551757812,
      10.623739242553711,
      14.807433128356934,
      13.109357833862305,
      16.428674697875977,
      18.651405334472656,
      19.876983642578125,
      20.56867218017578,
      23.17176628112793,
      17.867664337158203,
      19.653873443603516,
      15.10420036315918,
      20.374120712280273,
      6.513025283813477,
      15.298813819885254
    ],
    [
      -2.4242255687713623,
      4.3969807624816895,
      5.345827102661133,
      9.057183265686035,
      15.626047134399414,
      10.56906509399414,
      23.46495819091797,
      12.830584526062012,
      33.68600845336914,
      16.412921905517578,
      38.105628967285156,
      17.867664337158203,
      39.525943756103516,
      17.304481506347656,
      21.4007511138916,
      14.07946491241455,
      8.841008186340332,
      11.192041397094727
    ],
    [
      -0.31052166223526,
      4.574856281280518,
      5.4245500564575195,
      12.321226119995117,
      9.635773658752441,
      13.91364860534668,
      9.68561840057373,
      13.27392864227295,
      15.163503646850586,
      17.417163848876953,
      16.381324768066406,
      19.653873443603516,
      17.304481506347656,
      26.08980369567871,
      18.589988708496094,
      30.308462142944336,
      8.478063583374023,
      21.967605590820312
    ],
    [
      -3.397158145904541,
      3.4890005588531494,
      4.514298915863037,
      10.386579513549805,
      9.444395065307617,
      11.27054500579834,
      11.175219535827637,
      10.587479591369629,
      17.155231475830078,
      14.377243041992188,
      18.43876838684082,
      15.10420036315918,
      21.4007511138916,
      18.589988708496094,
      26.205965042114258,
      28.522140502929688,
      15.659793853759766,
      23.39615821838379
    ],
    [
      0.18390759825706482,
      4.208179473876953,
      7.898327350616455,
      19.92214012145996,
      11.338890075683594,
      19.98529624938965,
      8.343171119689941,
      16.651409149169922,
      13.537403106689453,
      20.542278289794922,
      13.018986701965332,
      20.374120712280273,
      14.07946491241455,
      30.308462142944336,
      28.522140502929688,
      59.23585510253906,
      14.654687881469727,
      43.12430953979492
    ],
    [
      -4.5767059326171875,
      2.0758297443389893,
      0.9378513097763062,
      4.137118816375732,
      2.514535665512085,
      4.699582576751709,
      2.660130739212036,
      3.4643430709838867,
      4.7956318855285645,
      5.560111999511719,
      6.454206466674805,
      6.513025283813477,
      8.841008186340332,
      8.478063583374023,
      15.659793853759766,
      14.654687881469727,
      19.9931697845459,
      15.267603874206543
    ],
    [
      -4.702932357788086,
      2.411304235458374,
      4.931769371032715,
      11.890576362609863,
      6.8141679763793945,
      12.09743595123291,
      5.344547271728516,
      9.951684951782227,
      8.259949684143066,
      13.541706085205078,
      8.824806213378906,
      15.298813819885254,
      11.192041397094727,
      21.967605590820312,
      23.39615821838379,
      43.12430953979492,
      15.267603874206543,
      45.52342987060547
    ]
  ],
  "covariance_short": [
    [
      47.655128479003906,
      9.573847770690918,
      9.027019500732422,
      2.318603992462158,
      2.903994083404541,
      2.7442870140075684,
      2.836221933364868,
      1.910338282585144,
      3.4344120025634766,
      1.7017719745635986,
      1.6274911165237427,
      -0.04566251486539841,
      -0.3687482178211212,
      0.005692096892744303,
      -2.3443126678466797,
      1.1600849628448486,
      -0.5611128807067871,
      1.8485606908798218
    ],
    [
      9.573847770690918,
      45.59318161010742,
      4.86698579788208,
      7.847996234893799,
      5.062971115112305,
      8.276259422302246,
      6.572887897491455,
      9.64134407043457,
      8.36938190460205,
      9.663888931274414,
      5.020654201507568,
      6.621313571929932,
      4.73583984375,
      6.877118110656738,
      4.909028053283691,
      6.009549140930176,
      5.905078887939453,
      5.694482326507568
    ],
    [
      9.027019500732422,
      4.86698579788208,
      13.899579048156738,
      9.070704460144043,
      7.924088001251221,
      7.679054260253906,
      7.22191047668457,
      6.560534954071045,
      8.462580680847168,
      7.705934524536133,
      7.582992076873779,
      7.710910320281982,
      6.760030746459961,
      7.770878314971924,
      6.7980427742004395,
      11.135228157043457,
      9.413361549377441,
      13.474003791809082
    ],
    [
      2.318603992462158,
      7.847996234893799,
      9.070704460144043,
      26.01944351196289,
      11.722405433654785,
      18.926891326904297,
      10.308721542358398,
      16.069719314575195,
      13.351705551147461,
      17.357192993164062,
      11.620102882385254,
      15.237253189086914,
      9.054737091064453,
      14.0593843460083,
      11.961780548095703,
      21.656864166259766,
      12.762042999267578,
      20.42799186706543
    ],
    [
      2.903994083404541,
      5.062971115112305,
      7.924088001251221,
      11.722405433654785,
      23.725772857666016,
      16.38973617553711,
      16.5690975189209,
      13.948336601257324,
      22.821083068847656,
      15.867569923400879,
      21.782142639160156,
      14.941484451293945,
      18.486265182495117,
      13.160720825195312,
      13.328669548034668,
      16.442384719848633,
      13.389500617980957,
      17.236543655395508
    ],
    [
      2.7442870140075684,
      8.276259422302246,
      7.679054260253906,
      18.926891326904297,
      16.38973617553711,
      30.840782165527344,
      13.584548950195312,
      21.28785514831543,
      17.397647857666016,
      23.059770584106445,
      14.255779266357422,
      19.25188446044922,
      11.178057670593262,
      16.918060302734375,
      14.471504211425781,
      24.642133712768555,
      15.40534782409668,
      23.346899032592773
    ],
    [
      2.836221933364868,
      6.572887897491455,
      7.22191047668457,
      10.308721542358398,
      16.5690975189209,
      13.584548950195312,
      37.9707145690918,
      21.659896850585938,
      33.47238540649414,
      20.028127670288086,
      33.766448974609375,
      18.674022674560547,
      30.38394546508789,
      15.861274719238281,
      18.54115867614746,
      16.573471069335938,
      17.698657989501953,
      19.496450424194336
    ],
    [
      1.910338282585144,
      9.64134407043457,
      6.560534954071045,
      16.069719314575195,
      13.948336601257324,
      21.28785514831543,
      21.659896850585938,
      34.29179000854492,
      20.981060028076172,
      26.72440528869629,
      17.093812942504883,
      21.612802505493164,
      14.051133155822754,
      18.143085479736328,
      15.013541221618652,
      22.34418487548828,
      15.66151237487793,
      21.756824493408203
    ],
    [
      3.4344120025634766,
      8.36938190460205,
      8.462580680847168,
      13.351705551147461,
      22.821083068847656,
      17.397647857666016,
      33.47238540649414,
      20.981060028076172,
      49.346527099609375,
      25.266918182373047,
      46.137786865234375,
      24.376678466796875,
      42.437992095947266,
      21.18642234802246,
      26.488588333129883,
      21.499588012695312,
      22.925540924072266,
      22.37138557434082
    ],
    [
      1.7017719745635986,
      9.663888931274414,
      7.705934524536133,
      17.357192993164062,
      15.867569923400879,
      23.059770584106445,
      20.028127670288086,
      26.72440528869629,
      25.266918182373047,
      34.40367126464844,
      21.0419979095459,
      26.61949920654297,
      18.358963012695312,
      23.665149688720703,
      19.89917755126953,
      27.59058952331543,
      20.42104721069336,
      27.03691291809082
    ],
    [
      1.6274911165237427,
      5.020654201507568,
      7.582992076873779,
      11.620102882385254,
      21.782142639160156,
      14.255779266357422,
      33.766448974609375,
      17.093812942504883,
      46.137786865234375,
      21.0419979095459,
      57.32435989379883,
      25.753376007080078,
      50.94219207763672,
      22.349294662475586,
      30.081979751586914,
      20.815322875976562,
      26.514883041381836,
      22.097187042236328
    ],
    [
      -0.04566251486539841,
      6.621313571929932,
      7.710910320281982,
      15.237253189086914,
      14.941484451293945,
      19.25188446044922,
      18.674022674560547,
      21.612802505493164,
      24.376678466796875,
      26.61949920654297,
      25.753376007080078,
      34.955448150634766,
      22.375293731689453,
      28.772802352905273,
      22.421743392944336,
      29.66288185119629,
      24.315153121948242,
      30.636398315429688
    ],
    [
      -0.3687482178211212,
      4.73583984375,
      6.760030746459961,
      9.054737091064453,
      18.486265182495117,
      11.178057670593262,
      30.38394546508789,
      14.051133155822754,
      42.437992095947266,
      18.358963012695312,
      50.94219207763672,
      22.375293731689453,
      58.91697311401367,
      24.170372009277344,
      38.700340270996094,
      23.14191436767578,
      33.76034927368164,
      25.360942840576172
    ],
    [
      0.005692096892744303,
      6.877118110656738,
      7.770878314971924,
      14.0593843460083,
      13.160720825195312,
      16.918060302734375,
      15.861274719238281,
      18.143085479736328,
      21.18642234802246,
      23.665149688720703,
      22.349294662475586,
      28.772802352905273,
      24.170372009277344,
      40.19560241699219,
      28.807254791259766,
      42.171539306640625,
      30.864788055419922,
      40.7702522277832
    ],
    [
      -2.3443126678466797,
      4.909028053283691,
      6.7980427742004395,
      11.961780548095703,
      13.328669548034668,
      14.471504211425781,
      18.54115867614746,
      15.013541221618652,
      26.488588333129883,
      19.89917755126953,
      30.081979751586914,
      22.421743392944336,
      38.700340270996094,
      28.807254791259766,
      53.72784423828125,
      46.05557632446289,
      51.43603515625,
      48.6856803894043
    ],
    [
      1.1600849628448486,
      6.009549140930176,
      11.135228157043457,
      21.656864166259766,
      16.442384719848633,
      24.642133712768555,
      16.573471069335938,
      22.34418487548828,
      21.499588012695312,
      27.59058952331543,
      20.815322875976562,
      29.66288185119629,
      23.14191436767578,
      42.171539306640625,
      46.05557632446289,
      81.14271545410156,
      51.52571105957031,
      74.27055358886719
    ],
    [
      -0.5611128807067871,
      5.905078887939453,
      9.413361549377441,
      12.762042999267578,
      13.389500617980957,
      15.40534782409668,
      17.698657989501953,
      15.66151237487793,
      22.925540924072266,
      20.42104721069336,
      26.514883041381836,
      24.315153121948242,
      33.76034927368164,
      30.864788055419922,
      51.43603515625,
      51.52571105957031,
      74.36356353759766,
      65.30852508544922
    ],
    [
      1.8485606908798218,
      5.694482326507568,
      13.474003791809082,
      20.42799186706543,
      17.236543655395508,
      23.346899032592773,
      19.496450424194336,
      21.756824493408203,
      22.37138557434082,
      27.03691291809082,
      22.097187042236328,
      30.636398315429688,
      25.360942840576172,
      40.7702522277832,
      48.6856803894043,
      74.27055358886719,
      65.30852508544922,
      98.35380554199219
    ]
  ],
  "drr": 12.600011825561523,
  "dynamics": 2.7524349689483643,
  "format": 1245190,
  "frames": 9208768,
  "loudness": -10.000088691711426,
  "loudness_range": 6.708274841308594,
  "loudness_range_short": 9.065885543823242,
  "peak": 0.622014582157135,
  "rms": -12.035367012023926,
  "sample_rate": 44100,
  "sections": 1,
  "seekable": 1,
  "sharpness": 2.3348727226257324,
  "space": -8.073023796081543
}