{
  "bands": [
    {
      "high_freq": 148.1999969482422,
      "loudness": -37.6164436340332,
      "loudness_range": 15.044057846069336,
      "mid_mean": -34.80521011352539,
      "mid_to_side_loudness": -8.13071060180664,
      "mid_to_side_loudness_range": 13.70761775970459,
      "side_mean": -43.05076599121094
    },
    {
      "high_freq": 392.3793640136719,
      "loudness": -23.0037841796875,
      "loudness_range": 11.907600402832031,
      "low_freq": 148.1999969482422,
      "mid_mean": -20.873191833496094,
      "mid_to_side_loudness": -4.245899677276611,
      "mid_to_side_loudness_range": 8.686090469360352,
      "side_mean": -25.211572647094727
    },
    {
      "high_freq": 794.6976318359375,
      "loudness": -23.141878128051758,
      "loudness_range": 16.51339340209961,
      "low_freq": 392.3793640136719,
      "mid_mean": -21.73734474182129,
      "mid_to_side_loudness": -2.22308349609375,
      "mid_to_side_loudness_range": 8.796226501464844,
      "side_mean": -23.943370819091797
    },
    {
      "high_freq": 1457.5709228515625,
      "loudness": -25.060012817382812,
      "loudness_range": 16.281768798828125,
      "low_freq": 794.6976318359375,
      "mid_mean": -23.651708602905273,
      "mid_to_side_loudness": -2.1706292629241943,
      "mid_to_side_loudness_range": 8.820791244506836,
      "side_mean": -25.815174102783203
    },
    {
      "high_freq": 2549.74365234375,
      "loudness": -31.46205711364746,
      "loudness_range": 16.76272201538086,
      "low_freq": 1457.5709228515625,
      "mid_mean": -30.629953384399414,
      "mid_to_side_loudness": -0.6022576093673706,
      "mid_to_side_loudness_range": 6.4972662925720215,
      "side_mean": -31.206636428833008
    },
    {
      "high_freq": 4349.24462890625,
      "loudness": -36.66728591918945,
      "loudness_range": 23.32332420349121,
      "low_freq": 2549.74365234375,
      "mid_mean": -35.7107048034668,
      "mid_to_side_loudness": -1.1970170736312866,
      "mid_to_side_loudness_range": 7.349617004394531,
      "side_mean": -36.536094665527344
    },
    {
      "high_freq": 7314.1640625,
      "loudness": -47.442970275878906,
      "loudness_range": 24.00853729248047,
      "low_freq": 4349.24462890625,
      "mid_mean": -47.48420333862305,
      "mid_to_side_loudness": -0.4772293269634247,
      "mid_to_side_loudness_range": 5.889650344848633,
      "side_mean": -47.397605895996094
    },
    {
      "high_freq": 12199.2666015625,
      "loudness": -53.919246673583984,
      "loudness_range": 24.464900970458984,
      "low_freq": 7314.1640625,
      "mid_mean": -53.81633758544922,
      "mid_to_side_loudness": -1.1269410848617554,
      "mid_to_side_loudness_range": 4.04897928237915,
      "side_mean": -54.64626693725586
    },
    {
      "loudness": -61.344417572021484,
      "loudness_range": 23.785919189453125,
      "low_freq": 12199.2666015625,
      "mid_mean": -59.320648193359375,
      "mid_to_side_loudness": -0.9126825332641602,
      "mid_to_side_loudness_range": 3.2817583084106445,
      "side_mean": -59.90430450439453
    }
  ],
  "bands_short": [
    {
      "high_freq": 148.1999969482422,
      "loudness": -42.50432205200195,
      "loudness_range": 19.641586303710938,
      "mid_mean": -39.916778564453125,
      "mid_to_side_loudness": -7.98231315612793,
      "mid_to_side_loudness_range": 17.727497100830078,
      "side_mean": -48.0184211730957
    },
    {
      "high_freq": 392.3793640136719,
      "loudness": -23.359092712402344,
      "loudness_range": 12.603731155395508,
      "low_freq": 148.1999969482422,
      "mid_mean": -21.323318481445312,
      "mid_to_side_loudness": -4.376045227050781,
      "mid_to_side_loudness_range": 11.43272876739502,
      "side_mean": -25.782865524291992
    },
    {
      "high_freq": 794.6976318359375,
      "loudness": -23.902219772338867,
      "loudness_range": 17.734752655029297,
      "low_freq": 392.3793640136719,
      "mid_mean": -22.54871940612793,
      "mid_to_side_loudness": -2.4761598110198975,
      "mid_to_side_loudness_range": 11.721914291381836,
      "side_mean": -25.029970169067383
    },
    {
      "high_freq": 1457.5709228515625,
      "loudness": -24.429332733154297,
      "loudness_range": 15.898857116699219,
      "low_freq": 794.6976318359375,
      "mid_mean": -23.322175979614258,
      "mid_to_side_loudness": -1.80945885181427,
      "mid_to_side_loudness_range": 11.22231674194336,
      "side_mean": -25.09813690185547
    },
    {
      "high_freq": 2549.74365234375,
      "loudness": -31.687240600585938,
      "loudness_range": 17.326702117919922,
      "low_freq": 1457.5709228515625,
      "mid_mean": -30.928672790527344,
      "mid_to_side_loudness": -0.6787956357002258,
      "mid_to_side_loudness_range": 8.852985382080078,
      "side_mean": -31.56267547607422
    },
    {
      "high_freq": 4349.24462890625,
      "loudness": -36.94468688964844,
      "loudness_range": 23.697477340698242,
      "low_freq": 2549.74365234375,
      "mid_mean": -36.14849853515625,
      "mid_to_side_loudness": -1.2400466203689575,
      "mid_to_side_loudness_range": 9.076715469360352,
      "side_mean": -37.04243087768555
    },
    {
      "high_freq": 7314.1640625,
      "loudness": -47.82219696044922,
      "loudness_range": 24.477493286132812,
      "low_freq": 4349.24462890625,
      "mid_mean": -47.84059524536133,
      "mid_to_side_loudness": -0.5097023844718933,
      "mid_to_side_loudness_range": 7.3975067138671875,
      "side_mean": -47.94463348388672
    },
    {
      "high_freq": 12199.2666015625,
      "loudness": -54.70576095581055,
      "loudness_range": 25.770153045654297,
      "low_freq": 7314.1640625,
      "mid_mean": -54.44997024536133,
      "mid_to_side_loudness": -1.165527582168579,
      "mid_to_side_loudness_range": 5.164017677307129,
      "side_mean": -55.30600357055664
    },
    {
      "loudness": -61.84159851074219,
      "loudness_range": 24.451568603515625,
      "low_freq": 12199.2666015625,
      "mid_mean": -59.76509094238281,
      "mid_to_side_loudness": -0.9620298147201538,
      "mid_to_side_loudness_range": 4.060513973236084,
      "side_mean": -60.360595703125
    }
  ],
  "channels": 2,
  "covariance": [
    [
      28.558897018432617,
      19.716978073120117,
      10.748973846435547,
      7.897706031799316,
      7.501097679138184,
      5.799378871917725,
      7.3028645515441895,
      4.333348274230957,
      12.980757713317871,
      10.752559661865234,
      14.94972038269043,
      17.249807357788086,
      15.66688346862793,
      17.476810455322266,
      13.57101821899414,
      13.444320678710938,
      11.272598266601562,
      11.41034984588623
    ],
    [
      19.716978073120117,
      32.48508071899414,
      10.373978614807129,
      10.171525001525879,
      9.402372360229492,
      8.520594596862793,
      9.309792518615723,
      6.932898998260498,
      13.778213500976562,
      11.815543174743652,
      16.653127670288086,
      17.97235107421875,
      17.8858699798584,
      18.075599670410156,
      16.60976219177246,
      16.197399139404297,
      12.810037612915039,
      12.792296409606934
    ],
    [
      10.748973846435547,
      10.373978614807129,
      23.213375091552734,
      16.228626251220703,
      14.350926399230957,
      13.05411148071289,
      15.328338623046875,
      13.542588233947754,
      18.106876373291016,
      17.49735450744629,
      20.97139549255371,
      21.019960403442383,
      23.627763748168945,
      23.16191291809082,
      21.491907119750977,
      21.039493560791016,
      16.75419807434082,
      16.64141082763672
    ],
    [
      7.897706031799316,
      10.171525001525879,
      16.228626251220703,
      18.762205123901367,
      13.058027267456055,
      12.102217674255371,
      14.212546348571777,
      12.58791732788086,
      16.68707847595215,
      16.416906356811523,
      18.37653350830078,
      18.0451602935791,
      22.58711814880371,
      21.56230354309082,
      19.677885055541992,
      19.021936416625977,
      15.317087173461914,
      15.291852951049805
    ],
    [
      7.501097679138184,
      9.402372360229492,
      14.350926399230957,
      13.058027267456055,
      32.025577545166016,
      31.840709686279297,
      18.52442169189453,
      17.464303970336914,
      21.309268951416016,
      20.810495376586914,
      26.93552017211914,
      26.50101661682129,
      26.982789993286133,
      23.65475082397461,
      31.2824764251709,
      29.87643051147461,
      20.875112533569336,
      19.957969665527344
    ],
    [
      5.799378871917725,
      8.520594596862793,
      13.05411148071289,
      12.102217674255371,
      31.840709686279297,
      42.195533752441406,
      22.043560028076172,
      21.245277404785156,
      21.648500442504883,
      20.950658798217773,
      28.384950637817383,
      27.256494522094727,
      28.864490509033203,
      24.148818969726562,
      32.41630172729492,
      30.592496871948242,
      20.958478927612305,
      19.826330184936523
    ],
    [
      7.3028645515441895,
      9.309792518615723,
      15.328338623046875,
      14.212546348571777,
      18.52442169189453,
      22.043560028076172,
      36.232704162597656,
      35.57829284667969,
      24.344558715820312,
      25.393062591552734,
      31.633522033691406,
      30.452796936035156,
      36.56597900390625,
      32.075618743896484,
      37.114593505859375,
      36.02317428588867,
      27.52299690246582,
      26.953271865844727
    ],
    [
      4.333348274230957,
      6.932898998260498,
      13.542588233947754,
      12.58791732788086,
      17.464303970336914,
      21.245277404785156,
      35.57829284667969,
      43.64325714111328,
      23.243881225585938,
      25.755529403686523,
      30.13691520690918,
      27.766010284423828,
      36.68428039550781,
      30.802398681640625,
      37.283958435058594,
      36.138126373291016,
      27.376436233520508,
      26.500471115112305
    ],
    [
      12.980757713317871,
      13.778213500976562,
      18.106876373291016,
      16.68707847595215,
      21.309268951416016,
      21.648500442504883,
      24.344558715820312,
      23.243881225585938,
      36.8364372253418,
      35.30126190185547,
      36.176456451416016,
      37.314361572265625,
      41.877403259277344,
      39.30001449584961,
      39.14798355102539,
      38.685333251953125,
      30.566303253173828,
      30.30740737915039
    ],
    [
      10.752559661865234,
      11.815543174743652,
      17.49735450744629,
      16.416906356811523,
      20.810495376586914,
      20.950658798217773,
      25.393062591552734,
      25.755529403686523,
      35.30126190185547,
      39.629058837890625,
      36.08180618286133,
      36.259613037109375,
      43.25580978393555,
      39.64460754394531,
      40.55742645263672,
      40.00768280029297,
      31.660367965698242,
      31.28092384338379
    ],
    [
      14.94972038269043,
      16.653127670288086,
      20.97139549255371,
      18.37653350830078,
      26.93552017211914,
      28.384950637817383,
      31.633522033691406,
      30.13691520690918,
      36.176456451416016,
      36.08180618286133,
      62.13839340209961,
      60.30281066894531,
      60.91341018676758,
      57.828514099121094,
      56.06166076660156,
      55.47513961791992,
      43.26956558227539,
      43.22014236450195
    ],
    [
      17.249807357788086,
      17.97235107421875,
      21.019960403442383,
      18.0451602935791,
      26.50101661682129,
      27.256494522094727,
      30.452796936035156,
      27.766010284423828,
      37.314361572265625,
      36.259613037109375,
      60.30281066894531,
      68.85601043701172,
      62.094051361083984,
      61.95503616333008,
      57.9171257019043,
      57.51028823852539,
      45.285640716552734,
      45.33955383300781
    ],
    [
      15.66688346862793,
      17.8858699798584,
      23.627763748168945,
      22.58711814880371,
      26.982789993286133,
      28.864490509033203,
      36.56597900390625,
      36.68428039550781,
      41.877403259277344,
      43.25580978393555,
      60.91341018676758,
      62.094051361083984,
      77.06037139892578,
      71.0091552734375,
      62.42434310913086,
      62.169349670410156,
      48.797271728515625,
      48.89773941040039
    ],
    [
      17.476810455322266,
      18.075599670410156,
      23.16191291809082,
      21.56230354309082,
      23.65475082397461,
      24.148818969726562,
      32.075618743896484,
      30.802398681640625,
      39.30001449584961,
      39.64460754394531,
      57.828514099121094,
      61.95503616333008,
      71.0091552734375,
      74.73023986816406,
      57.84132766723633,
      58.00868606567383,
      46.30076599121094,
      46.80175018310547
    ],
    [
      13.57101821899414,
      16.60976219177246,
      21.491907119750977,
      19.677885055541992,
      31.2824764251709,
      32.41630172729492,
      37.114593505859375,
      37.283958435058594,
      39.14798355102539,
      40.55742645263672,
      56.06166076660156,
      57.9171257019043,
      62.42434310913086,
      57.84132766723633,
      72.5093765258789,
      71.04302978515625,
      52.325469970703125,
      51.81455612182617
    ],
    [
      13.444320678710938,
      16.197399139404297,
      21.039493560791016,
      19.021936416625977,
      29.87643051147461,
      30.592496871948242,
      36.02317428588867,
      36.138126373291016,
      38.685333251953125,
      40.00768280029297,
      55.47513961791992,
      57.51028823852539,
      62.169349670410156,
      58.00868606567383,
      71.04302978515625,
      71.03621673583984,
      51.760494232177734,
      51.48679733276367
    ],
    [
      11.272598266601562,
      12.810037612915039,
      16.75419807434082,
      15.317087173461914,
      20.875112533569336,
      20.958478927612305,
      27.52299690246582,
      27.376436233520508,
      30.566303253173828,
      31.660367965698242,
      43.26956558227539,
      45.285640716552734,
      48.797271728515625,
      46.30076599121094,
      52.325469970703125,
      51.760494232177734,
      41.37913513183594,
      40.93372344970703
    ],
    [
      11.41034984588623,
      12.792296409606934,
      16.64141082763672,
      15.291852951049805,
      19.957969665527344,
      19.826330184936523,
      26.953271865844727,
      26.500471115112305,
      30.30740737915039,
      31.28092384338379,
      43.22014236450195,
      45.33955383300781,
      48.89773941040039,
      46.80175018310547,
      51.81455612182617,
      51.48679733276367,
      40.93372344970703,
      41.30594253540039
    ]
  ],
  "covariance_short": [
    [
      50.08124923706055,
      32.10163116455078,
      14.851280212402344,
      9.962715148925781,
      11.295085906982422,
      11.529290199279785,
      14.20864486694336,
      11.244902610778809,
      18.81247901916504,
      16.18653106689453,
      19.72205924987793,
      21.48239517211914,
      21.076698303222656,
      20.911495208740234,
      20.899354934692383,
      20.696613311767578,
      15.995179176330566,
      15.783332824707031
    ],
    [
      32.10163116455078,
      50.57048416137695,
      12.602982521057129,
      11.033534049987793,
      12.556791305541992,
      13.677290916442871,
      13.621652603149414,
      10.076018333435059,
      18.501142501831055,
      16.344980239868164,
      20.613595962524414,
      22.49953269958496,
      21.84823226928711,
      21.806772232055664,
      22.51400375366211,
      22.260696411132812,
      16.753965377807617,
      16.68425178527832
    ],
    [
      14.851280212402344,
      12.602982521057129,
      26.77755355834961,
      16.49106216430664,
      14.287065505981445,
      13.489215850830078,
      14.96065616607666,
      11.120085716247559,
      17.476316452026367,
      16.612619400024414,
      20.9874267578125,
      21.091218948364258,
      23.480587005615234,
      23.520998001098633,
      21.168621063232422,
      20.651123046875,
      16.36444664001465,
      16.27949333190918
    ],
    [
      9.962715148925781,
      11.033534049987793,
      16.49106216430664,
      21.932348251342773,
      13.148946762084961,
      13.11659049987793,
      13.678146362304688,
      10.157933235168457,
      15.883408546447754,
      15.635226249694824,
      18.310266494750977,
      17.825578689575195,
      22.361865997314453,
      21.721691131591797,
      19.51541519165039,
      18.923219680786133,
      15.07275104522705,
      15.039129257202148
    ],
    [
      11.295085906982422,
      12.556791305541992,
      14.287065505981445,
      13.148946762084961,
      36.88032531738281,
      34.414642333984375,
      17.913393020629883,
      14.725775718688965,
      21.12826919555664,
      20.37944793701172,
      26.60263442993164,
      25.380754470825195,
      26.248422622680664,
      23.157360076904297,
      30.71194839477539,
      29.10045623779297,
      20.148475646972656,
      19.222810745239258
    ],
    [
      11.529290199279785,
      13.677290916442871,
      13.489215850830078,
      13.11659049987793,
      34.414642333984375,
      49.104713439941406,
      22.644990921020508,
      19.446014404296875,
      22.666866302490234,
      22.27199935913086,
      29.378101348876953,
      27.08049964904785,
      29.293262481689453,
      25.122465133666992,
      34.368038177490234,
      32.307861328125,
      21.990461349487305,
      20.820993423461914
    ],
    [
      14.20864486694336,
      13.621652603149414,
      14.96065616607666,
      13.678146362304688,
      17.913393020629883,
      22.644990921020508,
      36.90158462524414,
      29.485549926757812,
      23.83527374267578,
      24.74703025817871,
      31.90953254699707,
      30.95956802368164,
      35.712581634521484,
      32.70308303833008,
      35.936439514160156,
      34.942535400390625,
      26.27614974975586,
      25.768373489379883
    ],
    [
      11.244902610778809,
      10.076018333435059,
      11.120085716247559,
      10.157933235168457,
      14.725775718688965,
      19.446014404296875,
      29.485549926757812,
      37.72829818725586,
      19.89422035217285,
      21.817842483520508,
      28.178930282592773,
      26.55881118774414,
      32.7147331237793,
      29.42995262145996,
      31.759143829345703,
      30.85344886779785,
      23.298736572265625,
      22.6486759185791
    ],
    [
      18.81247901916504,
      18.501142501831055,
      17.476316452026367,
      15.883408546447754,
      21.12826919555664,
      22.666866302490234,
      23.83527374267578,
      19.89422035217285,
      38.887535095214844,
      35.50301742553711,
      36.93558120727539,
      37.851985931396484,
      41.51990509033203,
      39.768638610839844,
      39.50907897949219,
      39.02991485595703,
      30.362546920776367,
      30.02042579650879
    ],
    [
      16.18653106689453,
      16.344980239868164,
      16.612619400024414,
      15.635226249694824,
      20.37944793701172,
      22.27199935913086,
      24.74703025817871,
      21.817842483520508,
      35.50301742553711,
      42.32046127319336,
      36.91311264038086,
      37.09281539916992,
      42.674747467041016,
      40.54438400268555,
      41.068668365478516,
      40.50617980957031,
      31.58954620361328,
      31.1179141998291
    ],
    [
      19.72205924987793,
      20.613595962524414,
      20.9874267578125,
      18.310266494750977,
      26.60263442993164,
      29.378101348876953,
      31.90953254699707,
      28.178930282592773,
      36.93558120727539,
      36.91311264038086,
      66.18698120117188,
      62.07909393310547,
      62.43893814086914,
      60.5086784362793,
      57.87133026123047,
      57.2142333984375,
      43.971580505371094,
      43.85197448730469
    ],
    [
      21.48239517211914,
      22.49953269958496,
      21.091218948364258,
      17.825578689575195,
      25.380754470825195,
      27.08049964904785,
      30.95956802368164,
      26.55881118774414,
      37.851985931396484,
      37.09281539916992,
      62.07909393310547,
      72.40550994873047,
      63.05516815185547,
      63.348419189453125,
      59.60856628417969,
      59.37162780761719,
      45.83329772949219,
      45.894893646240234
    ],
    [
      21.076698303222656,
      21.84823226928711,
      23.480587005615234,
      22.361865997314453,
      26.248422622680664,
      29.293262481689453,
      35.712581634521484,
      32.7147331237793,
      41.51990509033203,
      42.674747467041016,
      62.43893814086914,
      63.05516815185547,
      79.00984191894531,
      74.2146987915039,
      63.269412994384766,
      63.08642578125,
      49.0223503112793,
      49.084896087646484
    ],
    [
      20.911495208740234,
      21.806772232055664,
      23.520998001098633,
      21.721691131591797,
      23.157360076904297,
      25.122465133666992,
      32.70308303833008,
      29.42995262145996,
      39.768638610839844,
      40.54438400268555,
      60.5086784362793,
      63.348419189453125,
      74.2146987915039,
      79.51343536376953,
      60.62331771850586,
      60.987770080566406,
      47.74595642089844,
      48.146690368652344
    ],
    [
      20.899354934692383,
      22.51400375366211,
      21.168621063232422,
      19.51541519165039,
      30.71194839477539,
      34.368038177490234,
      35.936439514160156,
      31.759143829345703,
      39.50907897949219,
      41.068668365478516,
      57.87133026123047,
      59.60856628417969,
      63.269412994384766,
      60.62331771850586,
      75.30843353271484,
      73.23529815673828,
      53.707862854003906,
      53.08402633666992
    ],
    [
      20.696613311767578,
      22.260696411132812,
      20.651123046875,
      18.923219680786133,
      29.10045623779297,
      32.307861328125,
      34.942535400390625,
      30.85344886779785,
      39.02991485595703,
      40.50617980957031,
      57.2142333984375,
      59.37162780761719,
      63.08642578125,
      60.987770080566406,
      73.23529815673828,
      73.75850677490234,
      53.160377502441406,
      52.86058044433594
    ],
    [
      15.995179176330566,
      16.753965377807617,
      16.36444664001465,
      15.07275104522705,
      20.148475646972656,
      21.990461349487305,
      26.27614974975586,
      23.298736572265625,
      30.362546920776367,
      31.58954620361328,
      43.971580505371094,
      45.83329772949219,
      49.0223503112793,
      47.74595642089844,
      53.707862854003906,
      53.160377502441406,
      42.95573425292969,
      42.17901611328125
    ],
    [
      15.783332824707031,
      16.68425178527832,
      16.27949333190918,
      15.039129257202148,
      19.222810745239258,
      20.820993423461914,
      25.768373489379883,
      22.6486759185791,
      30.02042579650879,
      31.1179141998291,
      43.85197448730469,
      45.894893646240234,
      49.084896087646484,
      48.146690368652344,
      53.08402633666992,
      52.86058044433594,
      42.17901611328125,
      42.775787353515625
    ]
  ],
  "drr": 11.777430534362793,
  "dynamics": 4.02717924118042,
  "format": 1245190,
  "frames": 10076160,
  "loudness": -14.159233093261719,
  "loudness_range": 11.825072288513184,
  "loudness_range_short": 12.34739875793457,
  "peak": -0.017002485692501068,
  "rms": -15.419441223144531,
  "sample_rate": 44100,
  "sections": 1,
  "seekable": 1,
  "sharpness": 1.2780262231826782,
  "space": -2.4778449535369873
}