{
  "bands": [
    {
      "high_freq": 148.1999969482422,
      "loudness": -49.483001708984375,
      "loudness_range": 26.43781280517578,
      "mid_mean": -45.82863998413086,
      "mid_to_side_loudness": -15.822070121765137,
      "mid_to_side_loudness_range": 4.792591094970703,
      "side_mean": -60.3925895690918
    },
    {
      "high_freq": 392.3793640136719,
      "loudness": -36.15742874145508,
      "loudness_range": 28.570711135864258,
      "low_freq": 148.1999969482422,
      "mid_mean": -33.21274948120117,
      "mid_to_side_loudness": -8.463290214538574,
      "mid_to_side_loudness_range": 7.467775821685791,
      "side_mean": -41.464927673339844
    },
    {
      "high_freq": 794.6976318359375,
      "loudness": -30.526233673095703,
      "loudness_range": 16.91901969909668,
      "low_freq": 392.3793640136719,
      "mid_mean": -28.19686508178711,
      "mid_to_side_loudness": -5.360969543457031,
      "mid_to_side_loudness_range": 9.349848747253418,
      "side_mean": -33.60652160644531
    },
    {
      "high_freq": 1457.5709228515625,
      "loudness": -37.71644592285156,
      "loudness_range": 19.060617446899414,
      "low_freq": 794.6976318359375,
      "mid_mean": -37.06903839111328,
      "mid_to_side_loudness": -0.5633923411369324,
      "mid_to_side_loudness_range": 8.566947937011719,
      "side_mean": -37.77519989013672
    },
    {
      "high_freq": 2549.74365234375,
      "loudness": -45.20640182495117,
      "loudness_range": 24.480998992919922,
      "low_freq": 1457.5709228515625,
      "mid_mean": -44.85783004760742,
      "mid_to_side_loudness": -0.57755047082901,
      "mid_to_side_loudness_range": 7.2256927490234375,
      "side_mean": -45.31092071533203
    },
    {
      "high_freq": 4349.24462890625,
      "loudness": -58.993263244628906,
      "loudness_range": 28.03781509399414,
      "low_freq": 2549.74365234375,
      "mid_mean": -58.71816635131836,
      "mid_to_side_loudness": -0.5074016451835632,
      "mid_to_side_loudness_range": 4.961896896362305,
      "side_mean": -59.0959587097168
    },
    {
      "high_freq": 7314.1640625,
      "loudness": -73.4607925415039,
      "loudness_range": 23.37116241455078,
      "low_freq": 4349.24462890625,
      "mid_mean": -67.10265350341797,
      "mid_to_side_loudness": 0.27802854776382446,
      "mid_to_side_loudness_range": 3.6513612270355225,
      "side_mean": -66.9277114868164
    },
    {
      "high_freq": 12199.2666015625,
      "loudness": -76.64142608642578,
      "loudness_range": 5.211509704589844,
      "low_freq": 7314.1640625,
      "mid_mean": -68.90325164794922,
      "mid_to_side_loudness": -0.18318744003772736,
      "mid_to_side_loudness_range": 0.677017867565155,
      "side_mean": -68.94042205810547
    },
    {
      "loudness": -75.83534240722656,
      "loudness_range": 1.9785842895507812,
      "low_freq": 12199.2666015625,
      "mid_mean": -68.84036254882812,
      "mid_to_side_loudness": -0.0872139185667038,
      "mid_to_side_loudness_range": 0.44543182849884033,
      "side_mean": -68.8558120727539
    }
  ],
  "bands_short": [
    {
      "high_freq": 148.1999969482422,
      "loudness": -53.09268569946289,
      "loudness_range": 26.628253936767578,
      "mid_mean": -49.50054168701172,
      "mid_to_side_loudness": -15.818306922912598,
      "mid_to_side_loudness_range": 8.287243843078613,
      "side_mean": -63.14784622192383
    },
    {
      "high_freq": 392.3793640136719,
      "loudness": -36.76200866699219,
      "loudness_range": 29.965412139892578,
      "low_freq": 148.1999969482422,
      "mid_mean": -33.871822357177734,
      "mid_to_side_loudness": -8.627152442932129,
      "mid_to_side_loudness_range": 9.861214637756348,
      "side_mean": -42.21945571899414
    },
    {
      "high_freq": 794.6976318359375,
      "loudness": -31.001155853271484,
      "loudness_range": 18.114131927490234,
      "low_freq": 392.3793640136719,
      "mid_mean": -28.79851722717285,
      "mid_to_side_loudness": -5.371095657348633,
      "mid_to_side_loudness_range": 10.896391868591309,
      "side_mean": -34.17603302001953
    },
    {
      "high_freq": 1457.5709228515625,
      "loudness": -37.9094352722168,
      "loudness_range": 19.536672592163086,
      "low_freq": 794.6976318359375,
      "mid_mean": -37.432098388671875,
      "mid_to_side_loudness": -0.4401330351829529,
      "mid_to_side_loudness_range": 10.142678260803223,
      "side_mean": -38.0390739440918
    },
    {
      "high_freq": 2549.74365234375,
      "loudness": -45.88493347167969,
      "loudness_range": 24.966514587402344,
      "low_freq": 1457.5709228515625,
      "mid_mean": -45.76860046386719,
      "mid_to_side_loudness": -0.40562450885772705,
      "mid_to_side_loudness_range": 9.174015045166016,
      "side_mean": -46.05542755126953
    },
    {
      "high_freq": 4349.24462890625,
      "loudness": -58.46116256713867,
      "loudness_range": 27.31353759765625,
      "low_freq": 2549.74365234375,
      "mid_mean": -58.20804214477539,
      "mid_to_side_loudness": -0.9361153841018677,
      "mid_to_side_loudness_range": 7.267534255981445,
      "side_mean": -58.9753532409668
    },
    {
      "high_freq": 7314.1640625,
      "loudness": -73.72605895996094,
      "loudness_range": 22.334564208984375,
      "low_freq": 4349.24462890625,
      "mid_mean": -67.28076934814453,
      "mid_to_side_loudness": 0.34518858790397644,
      "mid_to_side_loudness_range": 4.693784713745117,
      "side_mean": -67.07332611083984
    },
    {
      "high_freq": 12199.2666015625,
      "loudness": -76.78819274902344,
      "loudness_range": 4.2998046875,
      "low_freq": 7314.1640625,
      "mid_mean": -68.9627685546875,
      "mid_to_side_loudness": -0.1606912761926651,
      "mid_to_side_loudness_range": 1.7743186950683594,
      "side_mean": -68.99148559570312
    },
    {
      "loudness": -75.82294464111328,
      "loudness_range": 1.9889984130859375,
      "low_freq": 12199.2666015625,
      "mid_mean": -68.83798217773438,
      "mid_to_side_loudness": -0.07699472457170486,
      "mid_to_side_loudness_range": 1.2775249481201172,
      "side_mean": -68.85322570800781
    }
  ],
  "channels": 2,
  "covariance": [
    [
      83.84220123291016,
      65.0616226196289,
      68.33108520507812,
      68.94608306884766,
      22.579608917236328,
      24.467321395874023,
      21.841449737548828,
      26.919923782348633,
      44.02541732788086,
      46.380306243896484,
      54.2179069519043,
      52.97085189819336,
      22.412582397460938,
      23.103878021240234,
      3.179347515106201,
      3.141746759414673,
      0.9664582014083862,
      0.8696550130844116
    ],
    [
      65.0616226196289,
      54.41167068481445,
      56.41250228881836,
      57.13276290893555,
      17.96570587158203,
      19.73851203918457,
      18.452295303344727,
      22.99001121520996,
      36.32939529418945,
      38.51115417480469,
      44.11092758178711,
      43.185001373291016,
      19.264005661010742,
      19.771997451782227,
      2.830328941345215,
      2.813721179962158,
      0.9829809069633484,
      0.9086092710494995
    ],
    [
      68.33108520507812,
      56.41250228881836,
      110.02056121826172,
      112.4040756225586,
      26.918142318725586,
      25.235004425048828,
      15.263203620910645,
      21.345233917236328,
      46.417484283447266,
      54.09515380859375,
      52.8400764465332,
      51.13507080078125,
      22.501131057739258,
      24.672304153442383,
      3.0019171237945557,
      2.859834671020508,
      0.8969696760177612,
      0.8082572817802429
    ],
    [
      68.94608306884766,
      57.13276290893555,
      112.4040756225586,
      122.16942596435547,
      29.65570831298828,
      26.515165328979492,
      15.347016334533691,
      21.405826568603516,
      47.786407470703125,
      55.239463806152344,
      54.784000396728516,
      53.016014099121094,
      23.94873046875,
      26.31675148010254,
      3.3155322074890137,
      3.132510185241699,
      0.9453042149543762,
      0.8526501059532166
    ],
    [
      22.579608917236328,
      17.96570587158203,
      26.918142318725586,
      29.65570831298828,
      41.2712516784668,
      33.82692337036133,
      19.719038009643555,
      19.411359786987305,
      32.01124954223633,
      32.07865905761719,
      35.29315185546875,
      35.22639846801758,
      15.676413536071777,
      17.169994354248047,
      2.4407999515533447,
      2.272820472717285,
      0.7879252433776855,
      0.6910597681999207
    ],
    [
      24.467321395874023,
      19.73851203918457,
      25.235004425048828,
      26.515165328979492,
      33.82692337036133,
      37.4276123046875,
      20.6169490814209,
      21.229787826538086,
      32.77116775512695,
      32.890464782714844,
      35.26723098754883,
      36.18550491333008,
      15.782726287841797,
      16.92626190185547,
      2.297128200531006,
      2.1771888732910156,
      0.7255513668060303,
      0.6580141186714172
    ],
    [
      21.841449737548828,
      18.452295303344727,
      15.263203620910645,
      15.347016334533691,
      19.719038009643555,
      20.6169490814209,
      48.34797286987305,
      40.14634704589844,
      42.62803268432617,
      39.90789794921875,
      43.15866470336914,
      41.38368225097656,
      20.17418098449707,
      20.81534194946289,
      3.4720876216888428,
      3.2352137565612793,
      0.9095264077186584,
      0.8155919313430786
    ],
    [
      26.919923782348633,
      22.99001121520996,
      21.345233917236328,
      21.405826568603516,
      19.411359786987305,
      21.229787826538086,
      40.14634704589844,
      44.60145950317383,
      43.570762634277344,
      41.4132080078125,
      43.602596282958984,
      42.153621673583984,
      20.00273895263672,
      20.5623779296875,
      3.211641788482666,
      3.0457417964935303,
      0.8694451451301575,
      0.7969393730163574
    ],
    [
      44.02541732788086,
      36.32939529418945,
      46.417484283447266,
      47.786407470703125,
      32.01124954223633,
      32.77116775512695,
      42.62803268432617,
      43.570762634277344,
      77.78268432617188,
      71.7357406616211,
      65.78209686279297,
      64.14314270019531,
      29.592575073242188,
      30.79747772216797,
      4.747842788696289,
      4.439859867095947,
      1.273840069770813,
      1.153419852256775
    ],
    [
      46.380306243896484,
      38.51115417480469,
      54.09515380859375,
      55.239463806152344,
      32.07865905761719,
      32.890464782714844,
      39.90789794921875,
      41.4132080078125,
      71.7357406616211,
      75.60257720947266,
      64.60938262939453,
      63.11252212524414,
      29.131980895996094,
      30.363676071166992,
      4.615169525146484,
      4.301167964935303,
      1.2399917840957642,
      1.1256579160690308
    ],
    [
      54.2179069519043,
      44.11092758178711,
      52.8400764465332,
      54.784000396728516,
      35.29315185546875,
      35.26723098754883,
      43.15866470336914,
      43.602596282958984,
      65.78209686279297,
      64.60938262939453,
      77.68037414550781,
      74.91708374023438,
      32.637245178222656,
      34.42412185668945,
      5.166636943817139,
      4.902623176574707,
      1.6386691331863403,
      1.4896037578582764
    ],
    [
      52.97085189819336,
      43.185001373291016,
      51.13507080078125,
      53.016014099121094,
      35.22639846801758,
      36.18550491333008,
      41.38368225097656,
      42.153621673583984,
      64.14314270019531,
      63.11252212524414,
      74.91708374023438,
      74.3403091430664,
      32.1833610534668,
      33.74530792236328,
      5.06013822555542,
      4.839231967926025,
      1.6027536392211914,
      1.459513545036316
    ],
    [
      22.412582397460938,
      19.264005661010742,
      22.501131057739258,
      23.94873046875,
      15.676413536071777,
      15.782726287841797,
      20.17418098449707,
      20.00273895263672,
      29.592575073242188,
      29.131980895996094,
      32.637245178222656,
      32.1833610534668,
      20.113645553588867,
      20.549510955810547,
      3.53910756111145,
      3.3919994831085205,
      0.8754248023033142,
      0.7928545475006104
    ],
    [
      23.103878021240234,
      19.771997451782227,
      24.672304153442383,
      26.31675148010254,
      17.169994354248047,
      16.92626190185547,
      20.81534194946289,
      20.5623779296875,
      30.79747772216797,
      30.363676071166992,
      34.42412185668945,
      33.74530792236328,
      20.549510955810547,
      21.918136596679688,
      3.5008022785186768,
      3.359684705734253,
      0.9092206954956055,
      0.8170514106750488
    ],
    [
      3.179347515106201,
      2.830328941345215,
      3.0019171237945557,
      3.3155322074890137,
      2.4407999515533447,
      2.297128200531006,
      3.4720876216888428,
      3.211641788482666,
      4.747842788696289,
      4.615169525146484,
      5.166636943817139,
      5.06013822555542,
      3.53910756111145,
      3.5008022785186768,
      1.1417180299758911,
      1.0275405645370483,
      0.21358275413513184,
      0.19396668672561646
    ],
    [
      3.141746759414673,
      2.813721179962158,
      2.859834671020508,
      3.132510185241699,
      2.272820472717285,
      2.1771888732910156,
      3.2352137565612793,
      3.0457417964935303,
      4.439859867095947,
      4.301167964935303,
      4.902623176574707,
      4.839231967926025,
      3.3919994831085205,
      3.359684705734253,
      1.0275405645370483,
      0.9734497666358948,
      0.20034267008304596,
      0.18165820837020874
    ],
    [
      0.9664582014083862,
      0.9829809069633484,
      0.8969696760177612,
      0.9453042149543762,
      0.7879252433776855,
      0.7255513668060303,
      0.9095264077186584,
      0.8694451451301575,
      1.273840069770813,
      1.2399917840957642,
      1.6386691331863403,
      1.6027536392211914,
      0.8754248023033142,
      0.9092206954956055,
      0.21358275413513184,
      0.20034267008304596,
      0.07217445224523544,
      0.06580881774425507
    ],
    [
      0.8696550130844116,
      0.9086092710494995,
      0.8082572817802429,
      0.8526501059532166,
      0.6910597681999207,
      0.6580141186714172,
      0.8155919313430786,
      0.7969393730163574,
      1.153419852256775,
      1.1256579160690308,
      1.4896037578582764,
      1.459513545036316,
      0.7928545475006104,
      0.8170514106750488,
      0.19396668672561646,
      0.18165820837020874,
      0.06580881774425507,
      0.061886344105005264
    ]
  ],
  "covariance_short": [
    [
      75.7952880859375,
      47.07611846923828,
      58.727237701416016,
      57.786651611328125,
      22.411434173583984,
      23.201379776000977,
      20.955568313598633,
      24.886262893676758,
      41.10371398925781,
      42.971004486083984,
      47.06791687011719,
      46.558570861816406,
      18.78581428527832,
      19.676074981689453,
      2.4778003692626953,
      2.4730045795440674,
      1.0024632215499878,
      0.9154617190361023
    ],
    [
      47.07611846923828,
      33.527923583984375,
      40.24799728393555,
      39.603546142578125,
      15.257054328918457,
      16.003053665161133,
      15.229169845581055,
      17.984901428222656,
      28.77713966369629,
      30.064334869384766,
      31.644685745239258,
      31.482088088989258,
      13.557761192321777,
      14.144021987915039,
      1.8102644681930542,
      1.814174771308899,
      0.7507915496826172,
      0.6973943114280701
    ],
    [
      58.727237701416016,
      40.24799728393555,
      118.71521759033203,
      119.06794738769531,
      31.099388122558594,
      27.754013061523438,
      16.954326629638672,
      23.345016479492188,
      49.62830352783203,
      57.48021697998047,
      52.47186279296875,
      51.579742431640625,
      21.694292068481445,
      24.025306701660156,
      2.5380849838256836,
      2.471174716949463,
      0.9269374012947083,
      0.8313267827033997
    ],
    [
      57.786651611328125,
      39.603546142578125,
      119.06794738769531,
      130.8220672607422,
      34.567039489746094,
      29.801116943359375,
      15.989562034606934,
      22.477170944213867,
      50.3612174987793,
      58.52613830566406,
      54.456119537353516,
      53.3377571105957,
      22.59638786315918,
      25.156923294067383,
      2.684138298034668,
      2.600799322128296,
      0.9602686166763306,
      0.8606208562850952
    ],
    [
      22.411434173583984,
      15.257054328918457,
      31.099388122558594,
      34.567039489746094,
      48.194339752197266,
      37.353580474853516,
      19.973344802856445,
      20.575389862060547,
      33.86152648925781,
      34.650978088378906,
      38.505531311035156,
      37.81364440917969,
      15.439923286437988,
      17.269052505493164,
      2.1391806602478027,
      2.014059066772461,
      0.8599870800971985,
      0.7461562752723694
    ],
    [
      23.201379776000977,
      16.003053665161133,
      27.754013061523438,
      29.801116943359375,
      37.353580474853516,
      43.39742660522461,
      21.89655303955078,
      23.667036056518555,
      33.9363899230957,
      34.32834243774414,
      36.62456130981445,
      37.38868713378906,
      15.319433212280273,
      16.77583122253418,
      1.9339234828948975,
      1.8758972883224487,
      0.761397659778595,
      0.6902220249176025
    ],
    [
      20.955568313598633,
      15.229169845581055,
      16.954326629638672,
      15.989562034606934,
      19.973344802856445,
      21.89655303955078,
      51.72357177734375,
      41.96328353881836,
      44.063941955566406,
      41.1116943359375,
      42.06157302856445,
      41.63266372680664,
      19.100351333618164,
      20.17852020263672,
      2.810636043548584,
      2.7272000312805176,
      0.9589847326278687,
      0.8554286360740662
    ],
    [
      24.886262893676758,
      17.984901428222656,
      23.345016479492188,
      22.477170944213867,
      20.575389862060547,
      23.667036056518555,
      41.96328353881836,
      48.26506423950195,
      44.86299133300781,
      42.50853729248047,
      42.99500274658203,
      42.58411407470703,
      18.919109344482422,
      19.84268569946289,
      2.599196434020996,
      2.565216541290283,
      0.9057736396789551,
      0.8331019282341003
    ],
    [
      41.10371398925781,
      28.77713966369629,
      49.62830352783203,
      50.3612174987793,
      33.86152648925781,
      33.9363899230957,
      44.063941955566406,
      44.86299133300781,
      81.56790161132812,
      73.49909973144531,
      64.78120422363281,
      63.977779388427734,
      27.852937698364258,
      29.65744972229004,
      3.915151834487915,
      3.7896769046783447,
      1.324276328086853,
      1.1963051557540894
    ],
    [
      42.971004486083984,
      30.064334869384766,
      57.48021697998047,
      58.52613830566406,
      34.650978088378906,
      34.32834243774414,
      41.1116943359375,
      42.50853729248047,
      73.49909973144531,
      79.35491943359375,
      63.35984420776367,
      63.0257568359375,
      27.328645706176758,
      29.082923889160156,
      3.7511301040649414,
      3.6209163665771484,
      1.273255467414856,
      1.1607093811035156
    ],
    [
      47.06791687011719,
      31.644685745239258,
      52.47186279296875,
      54.456119537353516,
      38.505531311035156,
      36.62456130981445,
      42.06157302856445,
      42.99500274658203,
      64.78120422363281,
      63.35984420776367,
      78.108154296875,
      73.72064971923828,
      29.65862274169922,
      31.98185157775879,
      4.1518025398254395,
      4.024300575256348,
      1.6619919538497925,
      1.5055265426635742
    ],
    [
      46.558570861816406,
      31.482088088989258,
      51.579742431640625,
      53.3377571105957,
      37.81364440917969,
      37.38868713378906,
      41.63266372680664,
      42.58411407470703,
      63.977779388427734,
      63.0257568359375,
      73.72064971923828,
      74.00089263916016,
      29.663652420043945,
      31.796756744384766,
      4.137478351593018,
      4.040571212768555,
      1.6282613277435303,
      1.483005404472351
    ],
    [
      18.78581428527832,
      13.557761192321777,
      21.694292068481445,
      22.59638786315918,
      15.439923286437988,
      15.319433212280273,
      19.100351333618164,
      18.919109344482422,
      27.852937698364258,
      27.328645706176758,
      29.65862274169922,
      29.663652420043945,
      18.411720275878906,
      18.9238224029541,
      2.8376848697662354,
      2.8032708168029785,
      0.8714725971221924,
      0.7894486784934998
    ],
    [
      19.676074981689453,
      14.144021987915039,
      24.025306701660156,
      25.156923294067383,
      17.269052505493164,
      16.77583122253418,
      20.17852020263672,
      19.84268569946289,
      29.65744972229004,
      29.082923889160156,
      31.98185157775879,
      31.796756744384766,
      18.9238224029541,
      20.721813201904297,
      2.8836138248443604,
      2.8493759632110596,
      0.9207834005355835,
      0.827524721622467
    ],
    [
      2.4778003692626953,
      1.8102644681930542,
      2.5380849838256836,
      2.684138298034668,
      2.1391806602478027,
      1.9339234828948975,
      2.810636043548584,
      2.599196434020996,
      3.915151834487915,
      3.7511301040649414,
      4.1518025398254395,
      4.137478351593018,
      2.8376848697662354,
      2.8836138248443604,
      0.9061351418495178,
      0.8421765565872192,
      0.21561597287654877,
      0.19701345264911652
    ],
    [
      2.4730045795440674,
      1.814174771308899,
      2.471174716949463,
      2.600799322128296,
      2.014059066772461,
      1.8758972883224487,
      2.7272000312805176,
      2.565216541290283,
      3.7896769046783447,
      3.6209163665771484,
      4.024300575256348,
      4.040571212768555,
      2.8032708168029785,
      2.8493759632110596,
      0.8421765565872192,
      0.853706419467926,
      0.2085264027118683,
      0.19019809365272522
    ],
    [
      1.0024632215499878,
      0.7507915496826172,
      0.9269374012947083,
      0.9602686166763306,
      0.8599870800971985,
      0.761397659778595,
      0.9589847326278687,
      0.9057736396789551,
      1.324276328086853,
      1.273255467414856,
      1.6619919538497925,
      1.6282613277435303,
      0.8714725971221924,
      0.9207834005355835,
      0.21561597287654877,
      0.2085264027118683,
      0.09144662320613861,
      0.07842445373535156
    ],
    [
      0.9154617190361023,
      0.6973943114280701,
      0.8313267827033997,
      0.8606208562850952,
      0.7461562752723694,
      0.6902220249176025,
      0.8554286360740662,
      0.8331019282341003,
      1.1963051557540894,
      1.1607093811035156,
      1.5055265426635742,
      1.483005404472351,
      0.7894486784934998,
      0.827524721622467,
      0.19701345264911652,
      0.19019809365272522,
      0.07842445373535156,
      0.07814907282590866
    ]
  ],
  "drr": 9.153388023376465,
  "dynamics": 4.802343368530273,
  "format": 1245190,
  "frames": 18057216,
  "loudness": -23.17026710510254,
  "loudness_range": 15.274415016174316,
  "loudness_range_short": 16.13077163696289,
  "peak": -1.0768489837646484,
  "rms": -23.69430923461914,
  "sample_rate": 44100,
  "sections": 1,
  "seekable": 1,
  "sharpness": 2.2105729579925537,
  "space": -5.377355098724365
}