{
  "bands": [
    {
      "high_freq": 148.1999969482422,
      "loudness": -31.221914291381836,
      "loudness_range": 16.72125816345215,
      "mid_mean": -29.417573928833008,
      "mid_to_side_loudness": -3.7530486583709717,
      "mid_to_side_loudness_range": 8.092805862426758,
      "side_mean": -31.90021514892578
    },
    {
      "high_freq": 392.3793640136719,
      "loudness": -29.0643253326416,
      "loudness_range": 19.436445236206055,
      "low_freq": 148.1999969482422,
      "mid_mean": -26.246923446655273,
      "mid_to_side_loudness": -8.941503524780273,
      "mid_to_side_loudness_range": 16.721343994140625,
      "side_mean": -35.05119705200195
    },
    {
      "high_freq": 794.6976318359375,
      "loudness": -28.363840103149414,
      "loudness_range": 21.24345588684082,
      "low_freq": 392.3793640136719,
      "mid_mean": -24.83770751953125,
      "mid_to_side_loudness": -13.33072280883789,
      "mid_to_side_loudness_range": 18.108524322509766,
      "side_mean": -39.37405014038086
    },
    {
      "high_freq": 1457.5709228515625,
      "loudness": -35.46885681152344,
      "loudness_range": 26.18133544921875,
      "low_freq": 794.6976318359375,
      "mid_mean": -32.130523681640625,
      "mid_to_side_loudness": -11.816143035888672,
      "mid_to_side_loudness_range": 17.2750301361084,
      "side_mean": -45.063392639160156
    },
    {
      "high_freq": 2549.74365234375,
      "loudness": -37.38821029663086,
      "loudness_range": 17.09942054748535,
      "low_freq": 1457.5709228515625,
      "mid_mean": -34.51598358154297,
      "mid_to_side_loudness": -8.120772361755371,
      "mid_to_side_loudness_range": 12.797901153564453,
      "side_mean": -43.12687301635742
    },
    {
      "high_freq": 4349.24462890625,
      "loudness": -39.246395111083984,
      "loudness_range": 14.084781646728516,
      "low_freq": 2549.74365234375,
      "mid_mean": -37.824546813964844,
      "mid_to_side_loudness": -2.1349713802337646,
      "mid_to_side_loudness_range": 5.3169050216674805,
      "side_mean": -39.79810333251953
    },
    {
      "high_freq": 7314.1640625,
      "loudness": -38.49772262573242,
      "loudness_range": 13.942035675048828,
      "low_freq": 4349.24462890625,
      "mid_mean": -37.63295364379883,
      "mid_to_side_loudness": -0.7266984581947327,
      "mid_to_side_loudness_range": 1.7386432886123657,
      "side_mean": -37.99441146850586
    },
    {
      "high_freq": 12199.2666015625,
      "loudness": -31.46292495727539,
      "loudness_range": 18.660398483276367,
      "low_freq": 7314.1640625,
      "mid_mean": -30.8533878326416,
      "mid_to_side_loudness": 0.1732875257730484,
      "mid_to_side_loudness_range": 0.535400390625,
      "side_mean": -30.69986915588379
    },
    {
      "loudness": -29.92578887939453,
      "loudness_range": 18.957618713378906,
      "low_freq": 12199.2666015625,
      "mid_mean": -29.40833854675293,
      "mid_to_side_loudness": 0.29349324107170105,
      "mid_to_side_loudness_range": 1.0152021646499634,
      "side_mean": -29.182214736938477
    }
  ],
  "bands_short": [
    {
      "high_freq": 148.1999969482422,
      "loudness": -35.92646789550781,
      "loudness_range": 23.22137451171875,
      "mid_mean": -34.77524948120117,
      "mid_to_side_loudness": -2.5333008766174316,
      "mid_to_side_loudness_range": 12.197015762329102,
      "side_mean": -36.19392395019531
    },
    {
      "high_freq": 392.3793640136719,
      "loudness": -29.503339767456055,
      "loudness_range": 21.392314910888672,
      "low_freq": 148.1999969482422,
      "mid_mean": -26.8143367767334,
      "mid_to_side_loudness": -8.355180740356445,
      "mid_to_side_loudness_range": 17.68294906616211,
      "side_mean": -34.89830780029297
    },
    {
      "high_freq": 794.6976318359375,
      "loudness": -29.886585235595703,
      "loudness_range": 25.166215896606445,
      "low_freq": 392.3793640136719,
      "mid_mean": -26.486547470092773,
      "mid_to_side_loudness": -12.732682228088379,
      "mid_to_side_loudness_range": 19.867786407470703,
      "side_mean": -40.92039108276367
    },
    {
      "high_freq": 1457.5709228515625,
      "loudness": -36.28917694091797,
      "loudness_range": 26.535968780517578,
      "low_freq": 794.6976318359375,
      "mid_mean": -33.0705451965332,
      "mid_to_side_loudness": -11.053451538085938,
      "mid_to_side_loudness_range": 17.9393367767334,
      "side_mean": -46.30338668823242
    },
    {
      "high_freq": 2549.74365234375,
      "loudness": -39.44528579711914,
      "loudness_range": 23.47784996032715,
      "low_freq": 1457.5709228515625,
      "mid_mean": -36.62476348876953,
      "mid_to_side_loudness": -7.8929643630981445,
      "mid_to_side_loudness_range": 13.61255168914795,
      "side_mean": -45.17367172241211
    },
    {
      "high_freq": 4349.24462890625,
      "loudness": -40.71813201904297,
      "loudness_range": 20.3533878326416,
      "low_freq": 2549.74365234375,
      "mid_mean": -39.38874435424805,
      "mid_to_side_loudness": -2.2365171909332275,
      "mid_to_side_loudness_range": 7.369568824768066,
      "side_mean": -41.31275939941406
    },
    {
      "high_freq": 7314.1640625,
      "loudness": -40.23560333251953,
      "loudness_range": 21.866188049316406,
      "low_freq": 4349.24462890625,
      "mid_mean": -39.41005325317383,
      "mid_to_side_loudness": -0.8737708330154419,
      "mid_to_side_loudness_range": 3.1033191680908203,
      "side_mean": -39.94700241088867
    },
    {
      "high_freq": 12199.2666015625,
      "loudness": -33.95610046386719,
      "loudness_range": 28.55645751953125,
      "low_freq": 7314.1640625,
      "mid_mean": -33.514610290527344,
      "mid_to_side_loudness": 0.18062013387680054,
      "mid_to_side_loudness_range": 1.0604170560836792,
      "side_mean": -33.36248779296875
    },
    {
      "loudness": -32.22992706298828,
      "loudness_range": 29.37605857849121,
      "low_freq": 12199.2666015625,
      "mid_mean": -31.90349769592285,
      "mid_to_side_loudness": 0.36865296959877014,
      "mid_to_side_loudness_range": 1.3656744956970215,
      "side_mean": -31.776554107666016
    }
  ],
  "channels": 2,
  "covariance": [
    [
      40.90008544921875,
      30.04439926147461,
      18.7794246673584,
      20.889972686767578,
      7.558979034423828,
      13.775273323059082,
      11.599740982055664,
      15.820171356201172,
      11.41462516784668,
      16.190946578979492,
      17.698904037475586,
      22.373762130737305,
      18.818281173706055,
      17.085050582885742,
      12.926044464111328,
      13.123983383178711,
      14.255181312561035,
      14.253218650817871
    ],
    [
      30.04439926147461,
      37.464874267578125,
      9.339273452758789,
      12.979351043701172,
      4.236309051513672,
      9.256956100463867,
      9.907268524169922,
      10.389727592468262,
      8.203348159790039,
      9.043530464172363,
      9.182219505310059,
      10.751387596130371,
      10.811415672302246,
      9.565216064453125,
      10.807523727416992,
      10.835014343261719,
      11.979519844055176,
      11.979187965393066
    ],
    [
      18.7794246673584,
      9.339273452758789,
      49.681610107421875,
      28.485668182373047,
      27.969738006591797,
      25.18657684326172,
      28.17935562133789,
      25.040298461914062,
      29.22721290588379,
      23.91024398803711,
      25.149248123168945,
      24.682613372802734,
      22.163776397705078,
      21.055124282836914,
      21.869216918945312,
      22.01837730407715,
      22.20675277709961,
      22.22236442565918
    ],
    [
      20.889972686767578,
      12.979351043701172,
      28.485668182373047,
      44.658443450927734,
      11.064751625061035,
      24.153057098388672,
      17.436677932739258,
      26.11962890625,
      18.04304313659668,
      24.786945343017578,
      22.89339256286621,
      27.64125633239746,
      23.854719161987305,
      23.351144790649414,
      21.348588943481445,
      21.372556686401367,
      22.176103591918945,
      22.166093826293945
    ],
    [
      7.558979034423828,
      4.236309051513672,
      27.969738006591797,
      11.064751625061035,
      60.00444793701172,
      26.563804626464844,
      42.652835845947266,
      20.56541633605957,
      37.52704620361328,
      17.693864822387695,
      20.194393157958984,
      14.265307426452637,
      14.479220390319824,
      12.750968933105469,
      18.6876163482666,
      18.70651626586914,
      20.637937545776367,
      20.659252166748047
    ],
    [
      13.775273323059082,
      9.256956100463867,
      25.18657684326172,
      24.153057098388672,
      26.563804626464844,
      30.771547317504883,
      29.850727081298828,
      28.799856185913086,
      28.91994285583496,
      24.948673248291016,
      25.14590072631836,
      24.39760971069336,
      22.599533081054688,
      21.898080825805664,
      25.82038116455078,
      25.90299415588379,
      27.05348777770996,
      27.04582405090332
    ],
    [
      11.599740982055664,
      9.907268524169922,
      28.17935562133789,
      17.436677932739258,
      42.652835845947266,
      29.850727081298828,
      72.76361083984375,
      36.441078186035156,
      46.20441818237305,
      24.57942771911621,
      26.83869171142578,
      21.928424835205078,
      21.17568588256836,
      20.212032318115234,
      31.353544235229492,
      31.261302947998047,
      33.69887924194336,
      33.708736419677734
    ],
    [
      15.820171356201172,
      10.389727592468262,
      25.040298461914062,
      26.11962890625,
      20.56541633605957,
      28.799856185913086,
      36.441078186035156,
      36.29430389404297,
      29.4573974609375,
      28.773969650268555,
      28.112281799316406,
      28.437450408935547,
      24.78042221069336,
      24.157066345214844,
      27.423051834106445,
      27.37689208984375,
      28.686084747314453,
      28.670557022094727
    ],
    [
      11.41462516784668,
      8.203348159790039,
      29.22721290588379,
      18.04304313659668,
      37.52704620361328,
      28.91994285583496,
      46.20441818237305,
      29.4573974609375,
      45.208251953125,
      25.772085189819336,
      26.47752571105957,
      21.481861114501953,
      19.92599868774414,
      19.118196487426758,
      26.856172561645508,
      26.831802368164062,
      28.076189041137695,
      28.09377098083496
    ],
    [
      16.190946578979492,
      9.043530464172363,
      23.91024398803711,
      24.786945343017578,
      17.693864822387695,
      24.948673248291016,
      24.57942771911621,
      28.773969650268555,
      25.772085189819336,
      29.12591552734375,
      27.085853576660156,
      28.3094482421875,
      23.7021541595459,
      23.187416076660156,
      22.436113357543945,
      22.496150970458984,
      23.286447525024414,
      23.263755798339844
    ],
    [
      17.698904037475586,
      9.182219505310059,
      25.149248123168945,
      22.89339256286621,
      20.194393157958984,
      25.14590072631836,
      26.83869171142578,
      28.112281799316406,
      26.47752571105957,
      27.085853576660156,
      30.020030975341797,
      29.33258819580078,
      24.39917755126953,
      23.160261154174805,
      24.578336715698242,
      24.680936813354492,
      25.543142318725586,
      25.533708572387695
    ],
    [
      22.373762130737305,
      10.751387596130371,
      24.682613372802734,
      27.64125633239746,
      14.265307426452637,
      24.39760971069336,
      21.928424835205078,
      28.437450408935547,
      21.481861114501953,
      28.3094482421875,
      29.33258819580078,
      37.20323944091797,
      30.007278442382812,
      28.454727172851562,
      26.395797729492188,
      26.564897537231445,
      27.728153228759766,
      27.700462341308594
    ],
    [
      18.818281173706055,
      10.811415672302246,
      22.163776397705078,
      23.854719161987305,
      14.479220390319824,
      22.599533081054688,
      21.17568588256836,
      24.78042221069336,
      19.92599868774414,
      23.7021541595459,
      24.39917755126953,
      30.007278442382812,
      32.18806457519531,
      29.740924835205078,
      29.46044921875,
      29.68182373046875,
      30.895143508911133,
      30.873214721679688
    ],
    [
      17.085050582885742,
      9.565216064453125,
      21.055124282836914,
      23.351144790649414,
      12.750968933105469,
      21.898080825805664,
      20.212032318115234,
      24.157066345214844,
      19.118196487426758,
      23.187416076660156,
      23.160261154174805,
      28.454727172851562,
      29.740924835205078,
      31.933467864990234,
      29.508956909179688,
      29.73809051513672,
      30.965160369873047,
      30.93700408935547
    ],
    [
      12.926044464111328,
      10.807523727416992,
      21.869216918945312,
      21.348588943481445,
      18.6876163482666,
      25.82038116455078,
      31.353544235229492,
      27.423051834106445,
      26.856172561645508,
      22.436113357543945,
      24.578336715698242,
      26.395797729492188,
      29.46044921875,
      29.508956909179688,
      45.853736877441406,
      45.925907135009766,
      48.4945182800293,
      48.47746658325195
    ],
    [
      13.123983383178711,
      10.835014343261719,
      22.01837730407715,
      21.372556686401367,
      18.70651626586914,
      25.90299415588379,
      31.261302947998047,
      27.37689208984375,
      26.831802368164062,
      22.496150970458984,
      24.680936813354492,
      26.564897537231445,
      29.68182373046875,
      29.73809051513672,
      45.925907135009766,
      46.27751159667969,
      48.57489013671875,
      48.55801010131836
    ],
    [
      14.255181312561035,
      11.979519844055176,
      22.20675277709961,
      22.176103591918945,
      20.637937545776367,
      27.05348777770996,
      33.69887924194336,
      28.686084747314453,
      28.076189041137695,
      23.286447525024414,
      25.543142318725586,
      27.728153228759766,
      30.895143508911133,
      30.965160369873047,
      48.4945182800293,
      48.57489013671875,
      55.97666931152344,
      55.937828063964844
    ],
    [
      14.253218650817871,
      11.979187965393066,
      22.22236442565918,
      22.166093826293945,
      20.659252166748047,
      27.04582405090332,
      33.708736419677734,
      28.670557022094727,
      28.09377098083496,
      23.263755798339844,
      25.533708572387695,
      27.700462341308594,
      30.873214721679688,
      30.93700408935547,
      48.47746658325195,
      48.55801010131836,
      55.937828063964844,
      55.91178512573242
    ]
  ],
  "covariance_short": [
    [
      66.00387573242188,
      56.014625549316406,
      29.534669876098633,
      34.909889221191406,
      9.428083419799805,
      17.932647705078125,
      14.510557174682617,
      18.071855545043945,
      16.65855598449707,
      20.065834045410156,
      21.175508499145508,
      22.68112564086914,
      22.708337783813477,
      20.82056999206543,
      20.586376190185547,
      20.73534393310547,
      21.170053482055664,
      21.413497924804688
    ],
    [
      56.014625549316406,
      72.39641571044922,
      19.185894012451172,
      29.671924591064453,
      4.8627119064331055,
      12.290657043457031,
      9.467391014099121,
      12.02165412902832,
      10.229256629943848,
      12.262300491333008,
      12.634142875671387,
      14.34601879119873,
      15.911510467529297,
      15.323366165161133,
      16.385334014892578,
      16.526336669921875,
      17.310678482055664,
      17.448284149169922
    ],
    [
      29.534669876098633,
      19.185894012451172,
      56.9057502746582,
      35.06467056274414,
      29.599416732788086,
      30.61020851135254,
      24.8902645111084,
      30.673858642578125,
      33.741127014160156,
      31.551387786865234,
      31.385866165161133,
      30.82094955444336,
      30.67057991027832,
      29.413270950317383,
      30.487390518188477,
      30.43857192993164,
      29.55341911315918,
      29.441911697387695
    ],
    [
      34.909889221191406,
      29.671924591064453,
      35.06467056274414,
      53.55623245239258,
      12.717259407043457,
      26.92107391357422,
      13.940741539001465,
      26.658260345458984,
      20.312137603759766,
      27.822982788085938,
      25.767751693725586,
      29.0058536529541,
      28.673185348510742,
      28.254289627075195,
      28.45832633972168,
      28.43299102783203,
      28.400882720947266,
      28.523582458496094
    ],
    [
      9.428083419799805,
      4.8627119064331055,
      29.599416732788086,
      12.717259407043457,
      84.1375503540039,
      38.30033493041992,
      49.974918365478516,
      31.274658203125,
      52.29319381713867,
      29.931072235107422,
      30.630281448364258,
      20.465938568115234,
      22.118839263916016,
      20.50234603881836,
      25.800216674804688,
      25.82879638671875,
      27.371129989624023,
      26.173938751220703
    ],
    [
      17.932647705078125,
      12.290657043457031,
      30.61020851135254,
      26.92107391357422,
      38.30033493041992,
      46.146728515625,
      31.58277702331543,
      39.56798553466797,
      41.69404602050781,
      38.187400817871094,
      38.059120178222656,
      34.871307373046875,
      35.95394515991211,
      35.52768325805664,
      38.91399383544922,
      38.76271438598633,
      37.65082550048828,
      37.40531539916992
    ],
    [
      14.510557174682617,
      9.467391014099121,
      24.8902645111084,
      13.940741539001465,
      49.974918365478516,
      31.58277702331543,
      84.9848861694336,
      45.26253890991211,
      57.19350814819336,
      33.41287612915039,
      33.558658599853516,
      24.654356002807617,
      25.333663940429688,
      23.201231002807617,
      31.1171817779541,
      31.12891960144043,
      31.881542205810547,
      31.47167205810547
    ],
    [
      18.071855545043945,
      12.02165412902832,
      30.673858642578125,
      26.658260345458984,
      31.274658203125,
      39.56798553466797,
      45.26253890991211,
      55.106510162353516,
      48.315040588378906,
      44.11656188964844,
      42.410972595214844,
      39.773902893066406,
      39.03669738769531,
      38.22121810913086,
      42.46380615234375,
      42.2653694152832,
      39.97526931762695,
      39.9316520690918
    ],
    [
      16.65855598449707,
      10.229256629943848,
      33.741127014160156,
      20.312137603759766,
      52.29319381713867,
      41.69404602050781,
      57.19350814819336,
      48.315040588378906,
      71.81678009033203,
      45.30075454711914,
      43.31591033935547,
      34.27381896972656,
      35.0235481262207,
      33.35547637939453,
      41.14975357055664,
      41.11667251586914,
      40.38669967651367,
      39.71690368652344
    ],
    [
      20.065834045410156,
      12.262300491333008,
      31.551387786865234,
      27.822982788085938,
      29.931072235107422,
      38.187400817871094,
      33.41287612915039,
      44.11656188964844,
      45.30075454711914,
      48.53370666503906,
      43.35969543457031,
      41.184959411621094,
      39.80329513549805,
      38.8829231262207,
      40.234466552734375,
      40.065242767333984,
      38.037559509277344,
      37.8609504699707
    ],
    [
      21.175508499145508,
      12.634142875671387,
      31.385866165161133,
      25.767751693725586,
      30.630281448364258,
      38.059120178222656,
      33.558658599853516,
      42.410972595214844,
      43.31591033935547,
      43.35969543457031,
      48.875038146972656,
      44.631744384765625,
      42.59934997558594,
      40.97039031982422,
      43.30561828613281,
      43.21743392944336,
      40.82561492919922,
      40.77362060546875
    ],
    [
      22.68112564086914,
      14.34601879119873,
      30.82094955444336,
      29.0058536529541,
      20.465938568115234,
      34.871307373046875,
      24.654356002807617,
      39.773902893066406,
      34.27381896972656,
      41.184959411621094,
      44.631744384765625,
      52.163089752197266,
      46.937801361083984,
      46.008174896240234,
      47.11333465576172,
      47.094852447509766,
      44.08843994140625,
      44.63116455078125
    ],
    [
      22.708337783813477,
      15.911510467529297,
      30.67057991027832,
      28.673185348510742,
      22.118839263916016,
      35.95394515991211,
      25.333663940429688,
      39.03669738769531,
      35.0235481262207,
      39.80329513549805,
      42.59934997558594,
      46.937801361083984,
      54.545372009277344,
      52.09222412109375,
      54.71628189086914,
      54.7371826171875,
      51.10732650756836,
      51.898590087890625
    ],
    [
      20.82056999206543,
      15.323366165161133,
      29.413270950317383,
      28.254289627075195,
      20.50234603881836,
      35.52768325805664,
      23.201231002807617,
      38.22121810913086,
      33.35547637939453,
      38.8829231262207,
      40.97039031982422,
      46.008174896240234,
      52.09222412109375,
      55.1821174621582,
      56.18809127807617,
      56.30599594116211,
      52.42233657836914,
      53.40926742553711
    ],
    [
      20.586376190185547,
      16.385334014892578,
      30.487390518188477,
      28.45832633972168,
      25.800216674804688,
      38.91399383544922,
      31.1171817779541,
      42.46380615234375,
      41.14975357055664,
      40.234466552734375,
      43.30561828613281,
      47.11333465576172,
      54.71628189086914,
      56.18809127807617,
      82.1599349975586,
      81.36360168457031,
      76.41545867919922,
      78.32877349853516
    ],
    [
      20.73534393310547,
      16.526336669921875,
      30.43857192993164,
      28.43299102783203,
      25.82879638671875,
      38.76271438598633,
      31.12891960144043,
      42.2653694152832,
      41.11667251586914,
      40.065242767333984,
      43.21743392944336,
      47.094852447509766,
      54.7371826171875,
      56.30599594116211,
      81.36360168457031,
      82.40361022949219,
      76.54817199707031,
      78.47319030761719
    ],
    [
      21.170053482055664,
      17.310678482055664,
      29.55341911315918,
      28.400882720947266,
      27.371129989624023,
      37.65082550048828,
      31.881542205810547,
      39.97526931762695,
      40.38669967651367,
      38.037559509277344,
      40.82561492919922,
      44.08843994140625,
      51.10732650756836,
      52.42233657836914,
      76.41545867919922,
      76.54817199707031,
      89.29975128173828,
      88.11065673828125
    ],
    [
      21.413497924804688,
      17.448284149169922,
      29.441911697387695,
      28.523582458496094,
      26.173938751220703,
      37.40531539916992,
      31.47167205810547,
      39.9316520690918,
      39.71690368652344,
      37.8609504699707,
      40.77362060546875,
      44.63116455078125,
      51.898590087890625,
      53.40926742553711,
      78.32877349853516,
      78.47319030761719,
      88.11065673828125,
      90.87232208251953
    ]
  ],
  "drr": 11.55224323272705,
  "dynamics": 4.116951942443848,
  "format": 1245190,
  "frames": 9095168,
  "loudness": -17.042247772216797,
  "loudness_range": 12.272878646850586,
  "loudness_range_short": 17.239261627197266,
  "peak": -0.7184068560600281,
  "rms": -19.12278175354004,
  "sample_rate": 44100,
  "sections": 1,
  "seekable": 1,
  "sharpness": 3.962817430496216,
  "space": -6.18174934387207
}