{
  "bands": [
    {
      "high_freq": 148.1999969482422,
      "loudness": -17.826091766357422,
      "loudness_range": 5.824408531188965,
      "mid_mean": -14.293575286865234,
      "mid_to_side_loudness": -18.993623733520508,
      "mid_to_side_loudness_range": 21.726701736450195,
      "side_mean": -33.420860290527344
    },
    {
      "high_freq": 392.3793640136719,
      "loudness": -20.318267822265625,
      "loudness_range": 7.455814361572266,
      "low_freq": 148.1999969482422,
      "mid_mean": -17.224924087524414,
      "mid_to_side_loudness": -11.398642539978027,
      "mid_to_side_loudness_range": 22.646484375,
      "side_mean": -28.948698043823242
    },
    {
      "high_freq": 794.6976318359375,
      "loudness": -22.72715950012207,
      "loudness_range": 7.666086196899414,
      "low_freq": 392.3793640136719,
      "mid_mean": -19.40325164794922,
      "mid_to_side_loudness": -12.725132942199707,
      "mid_to_side_loudness_range": 18.858442306518555,
      "side_mean": -32.4565544128418
    },
    {
      "high_freq": 1457.5709228515625,
      "loudness": -25.498811721801758,
      "loudness_range": 12.159278869628906,
      "low_freq": 794.6976318359375,
      "mid_mean": -22.121063232421875,
      "mid_to_side_loudness": -13.604564666748047,
      "mid_to_side_loudness_range": 18.730844497680664,
      "side_mean": -36.318077087402344
    },
    {
      "high_freq": 2549.74365234375,
      "loudness": -23.18353843688965,
      "loudness_range": 12.054620742797852,
      "low_freq": 1457.5709228515625,
      "mid_mean": -20.758869171142578,
      "mid_to_side_loudness": -6.1861467361450195,
      "mid_to_side_loudness_range": 14.144927024841309,
      "side_mean": -25.09731674194336
    },
    {
      "high_freq": 4349.24462890625,
      "loudness": -22.401853561401367,
      "loudness_range": 11.711479187011719,
      "low_freq": 2549.74365234375,
      "mid_mean": -19.818395614624023,
      "mid_to_side_loudness": -6.889573097229004,
      "mid_to_side_loudness_range": 13.72058391571045,
      "side_mean": -24.46697998046875
    },
    {
      "high_freq": 7314.1640625,
      "loudness": -24.717330932617188,
      "loudness_range": 10.982233047485352,
      "low_freq": 4349.24462890625,
      "mid_mean": -21.218631744384766,
      "mid_to_side_loudness": -14.843932151794434,
      "mid_to_side_loudness_range": 14.332296371459961,
      "side_mean": -36.34449768066406
    },
    {
      "high_freq": 12199.2666015625,
      "loudness": -30.051227569580078,
      "loudness_range": 10.176095962524414,
      "low_freq": 7314.1640625,
      "mid_mean": -26.408016204833984,
      "mid_to_side_loudness": -19.522310256958008,
      "mid_to_side_loudness_range": 15.617378234863281,
      "side_mean": -46.542171478271484
    },
    {
      "loudness": -39.31016159057617,
      "loudness_range": 12.78250503540039,
      "low_freq": 12199.2666015625,
      "mid_mean": -35.70983123779297,
      "mid_to_side_loudness": -17.577789306640625,
      "mid_to_side_loudness_range": 13.082250595092773,
      "side_mean": -54.55290985107422
    }
  ],
  "bands_short": [
    {
      "high_freq": 148.1999969482422,
      "loudness": -20.058273315429688,
      "loudness_range": 11.563480377197266,
      "mid_mean": -16.550167083740234,
      "mid_to_side_loudness": -20.27875328063965,
      "mid_to_side_loudness_range": 25.881824493408203,
      "side_mean": -37.02577590942383
    },
    {
      "high_freq": 392.3793640136719,
      "loudness": -19.44183921813965,
      "loudness_range": 9.497075080871582,
      "low_freq": 148.1999969482422,
      "mid_mean": -16.348257064819336,
      "mid_to_side_loudness": -11.798515319824219,
      "mid_to_side_loudness_range": 22.93381690979004,
      "side_mean": -28.502471923828125
    },
    {
      "high_freq": 794.6976318359375,
      "loudness": -23.3358154296875,
      "loudness_range": 10.847391128540039,
      "low_freq": 392.3793640136719,
      "mid_mean": -20.124948501586914,
      "mid_to_side_loudness": -12.24035358428955,
      "mid_to_side_loudness_range": 20.381134033203125,
      "side_mean": -32.568233489990234
    },
    {
      "high_freq": 1457.5709228515625,
      "loudness": -26.09963607788086,
      "loudness_range": 14.536844253540039,
      "low_freq": 794.6976318359375,
      "mid_mean": -22.81137466430664,
      "mid_to_side_loudness": -12.889079093933105,
      "mid_to_side_loudness_range": 19.287675857543945,
      "side_mean": -36.005794525146484
    },
    {
      "high_freq": 2549.74365234375,
      "loudness": -23.91006088256836,
      "loudness_range": 14.301078796386719,
      "low_freq": 1457.5709228515625,
      "mid_mean": -21.588369369506836,
      "mid_to_side_loudness": -6.224989891052246,
      "mid_to_side_loudness_range": 16.1348819732666,
      "side_mean": -26.177047729492188
    },
    {
      "high_freq": 4349.24462890625,
      "loudness": -22.845012664794922,
      "loudness_range": 13.697547912597656,
      "low_freq": 2549.74365234375,
      "mid_mean": -20.301498413085938,
      "mid_to_side_loudness": -6.830825328826904,
      "mid_to_side_loudness_range": 16.04082679748535,
      "side_mean": -25.246431350708008
    },
    {
      "high_freq": 7314.1640625,
      "loudness": -25.309986114501953,
      "loudness_range": 13.042242050170898,
      "low_freq": 4349.24462890625,
      "mid_mean": -21.845924377441406,
      "mid_to_side_loudness": -14.731555938720703,
      "mid_to_side_loudness_range": 16.1755428314209,
      "side_mean": -36.59904098510742
    },
    {
      "high_freq": 12199.2666015625,
      "loudness": -31.125255584716797,
      "loudness_range": 13.611352920532227,
      "low_freq": 7314.1640625,
      "mid_mean": -27.52154541015625,
      "mid_to_side_loudness": -19.398900985717773,
      "mid_to_side_loudness_range": 18.599864959716797,
      "side_mean": -47.53692626953125
    },
    {
      "loudness": -41.99894714355469,
      "loudness_range": 20.14546012878418,
      "low_freq": 12199.2666015625,
      "mid_mean": -38.465755462646484,
      "mid_to_side_loudness": -16.664512634277344,
      "mid_to_side_loudness_range": 17.322669982910156,
      "side_mean": -56.357479095458984
    }
  ],
  "channels": 2,
  "covariance": [
    [
      6.617374897003174,
      5.544870376586914,
      1.8703277111053467,
      8.261550903320312,
      0.5869646668434143,
      7.1747541427612305,
      1.0510492324829102,
      7.500420093536377,
      2.5985100269317627,
      4.564145088195801,
      2.7072176933288574,
      3.588101863861084,
      2.0106005668640137,
      5.811248302459717,
      1.0086065530776978,
      4.387073993682861,
      2.187534809112549,
      6.678153991699219
    ],
    [
      5.544870376586914,
      56.40983963012695,
      5.701466083526611,
      47.67031478881836,
      3.5696284770965576,
      35.496219635009766,
      6.2709126472473145,
      37.81478500366211,
      12.400940895080566,
      20.19905662536621,
      13.666827201843262,
      15.610050201416016,
      10.992799758911133,
      33.101463317871094,
      8.500409126281738,
      26.788238525390625,
      14.062042236328125,
      23.763065338134766
    ],
    [
      1.8703277111053467,
      5.701466083526611,
      7.423874378204346,
      10.73273754119873,
      2.4456417560577393,
      9.695610046386719,
      2.6971309185028076,
      9.374746322631836,
      4.762027740478516,
      7.3345866203308105,
      4.324331283569336,
      6.601885795593262,
      3.260456085205078,
      8.126797676086426,
      2.8107552528381348,
      6.70016622543335,
      3.449035882949829,
      8.031253814697266
    ],
    [
      8.261550903320312,
      47.67031478881836,
      10.73273754119873,
      73.51714324951172,
      7.611985206604004,
      51.89672088623047,
      11.272698402404785,
      56.46706008911133,
      22.217008590698242,
      28.618274688720703,
      22.062068939208984,
      22.332813262939453,
      17.647384643554688,
      46.616485595703125,
      14.463166236877441,
      35.231529235839844,
      22.204593658447266,
      38.43996810913086
    ],
    [
      0.5869646668434143,
      3.5696284770965576,
      2.4456417560577393,
      7.611985206604004,
      7.906768798828125,
      8.387453079223633,
      7.380537509918213,
      8.00796890258789,
      5.6247735023498535,
      4.33809232711792,
      5.0891947746276855,
      4.3053741455078125,
      5.362736225128174,
      5.431870460510254,
      4.460949420928955,
      4.793930530548096,
      4.051311016082764,
      6.548713207244873
    ],
    [
      7.1747541427612305,
      35.496219635009766,
      9.695610046386719,
      51.89672088623047,
      8.387453079223633,
      52.41501998901367,
      11.904346466064453,
      50.48992919921875,
      19.390127182006836,
      25.536657333374023,
      19.122203826904297,
      19.77788543701172,
      15.437521934509277,
      38.99569320678711,
      12.093876838684082,
      28.78862190246582,
      18.544870376586914,
      31.03110694885254
    ],
    [
      1.0510492324829102,
      6.2709126472473145,
      2.6971309185028076,
      11.272698402404785,
      7.380537509918213,
      11.904346466064453,
      18.05815315246582,
      12.782955169677734,
      10.033008575439453,
      7.36963415145874,
      7.581007480621338,
      6.752090930938721,
      6.61928653717041,
      8.43671989440918,
      4.831876754760742,
      5.442805290222168,
      4.278654098510742,
      6.3190388679504395
    ],
    [
      7.500420093536377,
      37.81478500366211,
      9.374746322631836,
      56.46706008911133,
      8.00796890258789,
      50.48992919921875,
      12.782955169677734,
      58.83367156982422,
      21.00156021118164,
      27.993898391723633,
      21.00347900390625,
      21.290346145629883,
      16.912263870239258,
      43.33794403076172,
      13.512049674987793,
      31.80829620361328,
      19.221210479736328,
      33.300933837890625
    ],
    [
      2.5985100269317627,
      12.400940895080566,
      4.762027740478516,
      22.217008590698242,
      5.6247735023498535,
      19.390127182006836,
      10.033008575439453,
      21.00156021118164,
      17.668132781982422,
      13.511666297912598,
      13.348519325256348,
      10.754167556762695,
      9.448244094848633,
      18.739011764526367,
      7.464592456817627,
      15.622664451599121,
      9.310709953308105,
      16.660377502441406
    ],
    [
      4.564145088195801,
      20.19905662536621,
      7.3345866203308105,
      28.618274688720703,
      4.33809232711792,
      25.536657333374023,
      7.36963415145874,
      27.993898391723633,
      13.511666297912598,
      39.72447967529297,
      10.291431427001953,
      28.149152755737305,
      9.521690368652344,
      24.603330612182617,
      7.510119915008545,
      19.47494125366211,
      10.363120079040527,
      20.77042007446289
    ],
    [
      2.7072176933288574,
      13.666827201843262,
      4.324331283569336,
      22.062068939208984,
      5.0891947746276855,
      19.122203826904297,
      7.581007480621338,
      21.00347900390625,
      13.348519325256348,
      10.291431427001953,
      15.291388511657715,
      10.23582935333252,
      10.729901313781738,
      19.299537658691406,
      8.033915519714355,
      16.570398330688477,
      9.832499504089355,
      17.060565948486328
    ],
    [
      3.588101863861084,
      15.610050201416016,
      6.601885795593262,
      22.332813262939453,
      4.3053741455078125,
      19.77788543701172,
      6.752090930938721,
      21.290346145629883,
      10.754167556762695,
      28.149152755737305,
      10.23582935333252,
      30.516143798828125,
      8.361026763916016,
      21.366329193115234,
      5.837497711181641,
      16.37244415283203,
      7.879076957702637,
      16.233976364135742
    ],
    [
      2.0106005668640137,
      10.992799758911133,
      3.260456085205078,
      17.647384643554688,
      5.362736225128174,
      15.437521934509277,
      6.61928653717041,
      16.912263870239258,
      9.448244094848633,
      9.521690368652344,
      10.729901313781738,
      8.361026763916016,
      15.075773239135742,
      16.775888442993164,
      10.441856384277344,
      13.751680374145508,
      10.405352592468262,
      15.158099174499512
    ],
    [
      5.811248302459717,
      33.101463317871094,
      8.126797676086426,
      46.616485595703125,
      5.431870460510254,
      38.99569320678711,
      8.43671989440918,
      43.33794403076172,
      18.739011764526367,
      24.603330612182617,
      19.299537658691406,
      21.366329193115234,
      16.775888442993164,
      48.75924301147461,
      12.433674812316895,
      35.86988830566406,
      18.578413009643555,
      34.58534240722656
    ],
    [
      1.0086065530776978,
      8.500409126281738,
      2.8107552528381348,
      14.463166236877441,
      4.460949420928955,
      12.093876838684082,
      4.831876754760742,
      13.512049674987793,
      7.464592456817627,
      7.510119915008545,
      8.033915519714355,
      5.837497711181641,
      10.441856384277344,
      12.433674812316895,
      14.75456714630127,
      12.013083457946777,
      12.841501235961914,
      14.53715991973877
    ],
    [
      4.387073993682861,
      26.788238525390625,
      6.70016622543335,
      35.231529235839844,
      4.793930530548096,
      28.78862190246582,
      5.442805290222168,
      31.80829620361328,
      15.622664451599121,
      19.47494125366211,
      16.570398330688477,
      16.37244415283203,
      13.751680374145508,
      35.86988830566406,
      12.013083457946777,
      41.83563232421875,
      17.6162109375,
      38.44511413574219
    ],
    [
      2.187534809112549,
      14.062042236328125,
      3.449035882949829,
      22.204593658447266,
      4.051311016082764,
      18.544870376586914,
      4.278654098510742,
      19.221210479736328,
      9.310709953308105,
      10.363120079040527,
      9.832499504089355,
      7.879076957702637,
      10.405352592468262,
      18.578413009643555,
      12.841501235961914,
      17.6162109375,
      21.488571166992188,
      24.52733612060547
    ],
    [
      6.678153991699219,
      23.763065338134766,
      8.031253814697266,
      38.43996810913086,
      6.548713207244873,
      31.03110694885254,
      6.3190388679504395,
      33.300933837890625,
      16.660377502441406,
      20.77042007446289,
      17.060565948486328,
      16.233976364135742,
      15.158099174499512,
      34.58534240722656,
      14.53715991973877,
      38.44511413574219,
      24.52733612060547,
      56.47451400756836
    ]
  ],
  "covariance_short": [
    [
      19.478300094604492,
      7.433201313018799,
      6.82666540145874,
      9.743437767028809,
      1.9057188034057617,
      8.847039222717285,
      3.0821571350097656,
      9.786128997802734,
      4.922891616821289,
      6.923121452331543,
      4.785553932189941,
      5.962584972381592,
      3.4893574714660645,
      7.826257228851318,
      2.7143988609313965,
      6.483692169189453,
      4.93650484085083,
      8.719715118408203
    ],
    [
      7.433201313018799,
      70.24555969238281,
      6.071325778961182,
      44.061798095703125,
      2.561581611633301,
      29.698139190673828,
      4.8497209548950195,
      29.115192413330078,
      10.651427268981934,
      19.6503849029541,
      12.699257850646973,
      17.16221046447754,
      10.657546997070312,
      28.953039169311523,
      7.978981971740723,
      25.187992095947266,
      14.058314323425293,
      24.465301513671875
    ],
    [
      6.82666540145874,
      6.071325778961182,
      14.142451286315918,
      11.691238403320312,
      5.083597660064697,
      10.5625,
      4.614712238311768,
      11.12330436706543,
      6.625424385070801,
      8.114215850830078,
      6.114926815032959,
      7.327856063842773,
      4.546228885650635,
      9.66539478302002,
      3.8867030143737793,
      8.920551300048828,
      6.951733589172363,
      11.848259925842285
    ],
    [
      9.743437767028809,
      44.061798095703125,
      11.691238403320312,
      72.52859497070312,
      9.589791297912598,
      48.64467239379883,
      12.548690795898438,
      48.71857452392578,
      23.239715576171875,
      32.57169723510742,
      23.64201545715332,
      27.41337013244629,
      19.613990783691406,
      43.09647750854492,
      16.548887252807617,
      34.26822280883789,
      22.45486068725586,
      38.43995666503906
    ],
    [
      1.9057188034057617,
      2.561581611633301,
      5.083597660064697,
      9.589791297912598,
      16.684127807617188,
      11.032028198242188,
      12.402593612670898,
      9.790809631347656,
      10.417110443115234,
      5.7279133796691895,
      9.049911499023438,
      5.48737907409668,
      8.444204330444336,
      8.1467866897583,
      8.12373161315918,
      8.5600004196167,
      10.261640548706055,
      10.963811874389648
    ],
    [
      8.847039222717285,
      29.698139190673828,
      10.5625,
      48.64467239379883,
      11.032028198242188,
      57.651493072509766,
      14.109657287597656,
      47.475032806396484,
      23.065893173217773,
      31.036405563354492,
      22.639728546142578,
      26.777345657348633,
      18.195444107055664,
      39.28152847290039,
      15.528613090515137,
      30.376466751098633,
      20.264144897460938,
      33.353519439697266
    ],
    [
      3.0821571350097656,
      4.8497209548950195,
      4.614712238311768,
      12.548690795898438,
      12.402593612670898,
      14.109657287597656,
      27.001811981201172,
      13.996088027954102,
      16.39910316467285,
      9.117278099060059,
      12.302513122558594,
      8.30355167388916,
      10.019975662231445,
      11.760221481323242,
      9.06371784210205,
      9.447751998901367,
      10.39268970489502,
      10.861588478088379
    ],
    [
      9.786128997802734,
      29.115192413330078,
      11.12330436706543,
      48.71857452392578,
      9.790809631347656,
      47.475032806396484,
      13.996088027954102,
      57.22596740722656,
      23.050573348999023,
      34.32020950317383,
      22.65928077697754,
      28.516521453857422,
      18.85675048828125,
      41.719303131103516,
      15.930168151855469,
      30.804889678955078,
      20.227319717407227,
      33.94453048706055
    ],
    [
      4.922891616821289,
      10.651427268981934,
      6.625424385070801,
      23.239715576171875,
      10.417110443115234,
      23.065893173217773,
      16.39910316467285,
      23.050573348999023,
      27.392248153686523,
      19.88881492614746,
      19.97272300720215,
      16.32682228088379,
      14.784133911132812,
      23.62804412841797,
      12.388579368591309,
      20.266904830932617,
      15.091960906982422,
      20.75250244140625
    ],
    [
      6.923121452331543,
      19.6503849029541,
      8.114215850830078,
      32.57169723510742,
      5.7279133796691895,
      31.036405563354492,
      9.117278099060059,
      34.32020950317383,
      19.88881492614746,
      54.64717102050781,
      16.776500701904297,
      40.86180877685547,
      13.672144889831543,
      34.35287094116211,
      12.505553245544434,
      26.941478729248047,
      15.295412063598633,
      28.223430633544922
    ],
    [
      4.785553932189941,
      12.699257850646973,
      6.114926815032959,
      23.64201545715332,
      9.049911499023438,
      22.639728546142578,
      12.302513122558594,
      22.65928077697754,
      19.97272300720215,
      16.776500701904297,
      23.23808479309082,
      17.658214569091797,
      16.510574340820312,
      24.399751663208008,
      12.945518493652344,
      21.411794662475586,
      15.384474754333496,
      21.375762939453125
    ],
    [
      5.962584972381592,
      17.16221046447754,
      7.327856063842773,
      27.41337013244629,
      5.48737907409668,
      26.777345657348633,
      8.30355167388916,
      28.516521453857422,
      16.32682228088379,
      40.86180877685547,
      17.658214569091797,
      49.81425094604492,
      12.313940048217773,
      32.272193908691406,
      10.905522346496582,
      25.736370086669922,
      13.028177261352539,
      24.156278610229492
    ],
    [
      3.4893574714660645,
      10.657546997070312,
      4.546228885650635,
      19.613990783691406,
      8.444204330444336,
      18.195444107055664,
      10.019975662231445,
      18.85675048828125,
      14.784133911132812,
      13.672144889831543,
      16.510574340820312,
      12.313940048217773,
      23.573959350585938,
      20.82451057434082,
      17.844100952148438,
      19.577497482299805,
      19.861862182617188,
      20.8598575592041
    ],
    [
      7.826257228851318,
      28.953039169311523,
      9.66539478302002,
      43.09647750854492,
      8.1467866897583,
      39.28152847290039,
      11.760221481323242,
      41.719303131103516,
      23.62804412841797,
      34.35287094116211,
      24.399751663208008,
      32.272193908691406,
      20.82451057434082,
      54.23158645629883,
      16.84054946899414,
      40.69528579711914,
      23.8548583984375,
      39.724403381347656
    ],
    [
      2.7143988609313965,
      7.978981971740723,
      3.8867030143737793,
      16.548887252807617,
      8.12373161315918,
      15.528613090515137,
      9.06371784210205,
      15.930168151855469,
      12.388579368591309,
      12.505553245544434,
      12.945518493652344,
      10.905522346496582,
      17.844100952148438,
      16.84054946899414,
      25.700969696044922,
      19.163846969604492,
      27.624296188354492,
      22.797794342041016
    ],
    [
      6.483692169189453,
      25.187992095947266,
      8.920551300048828,
      34.26822280883789,
      8.5600004196167,
      30.376466751098633,
      9.447751998901367,
      30.804889678955078,
      20.266904830932617,
      26.941478729248047,
      21.411794662475586,
      25.736370086669922,
      19.577497482299805,
      40.69528579711914,
      19.163846969604492,
      55.07859802246094,
      30.601133346557617,
      51.81137466430664
    ],
    [
      4.93650484085083,
      14.058314323425293,
      6.951733589172363,
      22.45486068725586,
      10.261640548706055,
      20.264144897460938,
      10.39268970489502,
      20.227319717407227,
      15.091960906982422,
      15.295412063598633,
      15.384474754333496,
      13.028177261352539,
      19.861862182617188,
      23.8548583984375,
      27.624296188354492,
      30.601133346557617,
      48.99245834350586,
      42.87171173095703
    ],
    [
      8.719715118408203,
      24.465301513671875,
      11.848259925842285,
      38.43995666503906,
      10.963811874389648,
      33.353519439697266,
      10.861588478088379,
      33.94453048706055,
      20.75250244140625,
      28.223430633544922,
      21.375762939453125,
      24.156278610229492,
      20.8598575592041,
      39.724403381347656,
      22.797794342041016,
      51.81137466430664,
      42.87171173095703,
      75.74690246582031
    ]
  ],
  "drr": 14.797389030456543,
  "dynamics": 2.1311841011047363,
  "format": 1245190,
  "frames": 13656064,
  "loudness": -9.438811302185059,
  "loudness_range": 5.148083686828613,
  "loudness_range_short": 6.579029083251953,
  "peak": 0.2782467007637024,
  "rms": -11.8196439743042,
  "sample_rate": 44100,
  "sections": 1,
  "seekable": 1,
  "sharpness": 1.8073937892913818,
  "space": -10.877617835998535
}