{
  "bands": [
    {
      "high_freq": 148.1999969482422,
      "loudness": -45.18492889404297,
      "loudness_range": 19.237346649169922,
      "mid_mean": -43.123111724853516,
      "mid_to_side_loudness": -4.05992317199707,
      "mid_to_side_loudness_range": 9.469862937927246,
      "side_mean": -47.221771240234375
    },
    {
      "high_freq": 392.3793640136719,
      "loudness": -29.919893264770508,
      "loudness_range": 15.119213104248047,
      "low_freq": 148.1999969482422,
      "mid_mean": -28.601438522338867,
      "mid_to_side_loudness": -1.7446160316467285,
      "mid_to_side_loudness_range": 7.169851303100586,
      "side_mean": -30.37468910217285
    },
    {
      "high_freq": 794.6976318359375,
      "loudness": -29.269168853759766,
      "loudness_range": 14.12455940246582,
      "low_freq": 392.3793640136719,
      "mid_mean": -28.608901977539062,
      "mid_to_side_loudness": -0.19872796535491943,
      "mid_to_side_loudness_range": 6.319032669067383,
      "side_mean": -28.85148048400879
    },
    {
      "high_freq": 1457.5709228515625,
      "loudness": -34.639564514160156,
      "loudness_range": 16.942724227905273,
      "low_freq": 794.6976318359375,
      "mid_mean": -33.82754135131836,
      "mid_to_side_loudness": -0.5652932524681091,
      "mid_to_side_loudness_range": 6.425200462341309,
      "side_mean": -34.37981033325195
    },
    {
      "high_freq": 2549.74365234375,
      "loudness": -36.756893157958984,
      "loudness_range": 15.949893951416016,
      "low_freq": 1457.5709228515625,
      "mid_mean": -36.22542953491211,
      "mid_to_side_loudness": 0.1445581465959549,
      "mid_to_side_loudness_range": 4.334627151489258,
      "side_mean": -36.05910873413086
    },
    {
      "high_freq": 4349.24462890625,
      "loudness": -37.94446563720703,
      "loudness_range": 18.589937210083008,
      "low_freq": 2549.74365234375,
      "mid_mean": -37.379737854003906,
      "mid_to_side_loudness": -0.06100275367498398,
      "mid_to_side_loudness_range": 7.730059623718262,
      "side_mean": -37.52643585205078
    },
    {
      "high_freq": 7314.1640625,
      "loudness": -49.55449295043945,
      "loudness_range": 21.992679595947266,
      "low_freq": 4349.24462890625,
      "mid_mean": -49.19532775878906,
      "mid_to_side_loudness": -0.03688650205731392,
      "mid_to_side_loudness_range": 4.346004962921143,
      "side_mean": -49.22509002685547
    },
    {
      "high_freq": 12199.2666015625,
      "loudness": -60.141258239746094,
      "loudness_range": 24.131092071533203,
      "low_freq": 7314.1640625,
      "mid_mean": -58.948997497558594,
      "mid_to_side_loudness": -0.029657583683729172,
      "mid_to_side_loudness_range": 3.253195285797119,
      "side_mean": -58.97773742675781
    },
    {
      "loudness": -66.0932846069336,
      "loudness_range": 24.884239196777344,
      "low_freq": 12199.2666015625,
      "mid_mean": -63.34282684326172,
      "mid_to_side_loudness": -0.041314978152513504,
      "mid_to_side_loudness_range": 2.1769285202026367,
      "side_mean": -63.352970123291016
    }
  ],
  "bands_short": [
    {
      "high_freq": 148.1999969482422,
      "loudness": -51.396663665771484,
      "loudness_range": 20.447402954101562,
      "mid_mean": -50.038394927978516,
      "mid_to_side_loudness": -3.7530581951141357,
      "mid_to_side_loudness_range": 16.201854705810547,
      "side_mean": -53.61436080932617
    },
    {
      "high_freq": 392.3793640136719,
      "loudness": -30.538471221923828,
      "loudness_range": 16.80597686767578,
      "low_freq": 148.1999969482422,
      "mid_mean": -29.357919692993164,
      "mid_to_side_loudness": -1.7927802801132202,
      "mid_to_side_loudness_range": 10.698728561401367,
      "side_mean": -31.211091995239258
    },
    {
      "high_freq": 794.6976318359375,
      "loudness": -29.621540069580078,
      "loudness_range": 15.429977416992188,
      "low_freq": 392.3793640136719,
      "mid_mean": -29.193965911865234,
      "mid_to_side_loudness": -0.14355525374412537,
      "mid_to_side_loudness_range": 9.819538116455078,
      "side_mean": -29.337480545043945
    },
    {
      "high_freq": 1457.5709228515625,
      "loudness": -34.9362678527832,
      "loudness_range": 18.053789138793945,
      "low_freq": 794.6976318359375,
      "mid_mean": -34.32094192504883,
      "mid_to_side_loudness": -0.4361310303211212,
      "mid_to_side_loudness_range": 9.000088691711426,
      "side_mean": -34.74853515625
    },
    {
      "high_freq": 2549.74365234375,
      "loudness": -37.40135955810547,
      "loudness_range": 17.757970809936523,
      "low_freq": 1457.5709228515625,
      "mid_mean": -36.9794807434082,
      "mid_to_side_loudness": 0.12539918720722198,
      "mid_to_side_loudness_range": 7.514638423919678,
      "side_mean": -36.8341178894043
    },
    {
      "high_freq": 4349.24462890625,
      "loudness": -38.85801696777344,
      "loudness_range": 21.13449478149414,
      "low_freq": 2549.74365234375,
      "mid_mean": -38.39731979370117,
      "mid_to_side_loudness": -0.10944394767284393,
      "mid_to_side_loudness_range": 9.303384780883789,
      "side_mean": -38.5401496887207
    },
    {
      "high_freq": 7314.1640625,
      "loudness": -50.783912658691406,
      "loudness_range": 25.13738250732422,
      "low_freq": 4349.24462890625,
      "mid_mean": -50.75876998901367,
      "mid_to_side_loudness": -0.01790674403309822,
      "mid_to_side_loudness_range": 6.217079162597656,
      "side_mean": -50.77207565307617
    },
    {
      "high_freq": 12199.2666015625,
      "loudness": -61.598548889160156,
      "loudness_range": 27.71385955810547,
      "low_freq": 7314.1640625,
      "mid_mean": -60.17603302001953,
      "mid_to_side_loudness": -0.06315857917070389,
      "mid_to_side_loudness_range": 4.9402923583984375,
      "side_mean": -60.210838317871094
    },
    {
      "loudness": -67.45160675048828,
      "loudness_range": 27.506507873535156,
      "low_freq": 12199.2666015625,
      "mid_mean": -64.39443969726562,
      "mid_to_side_loudness": -0.07319305837154388,
      "mid_to_side_loudness_range": 3.1356770992279053,
      "side_mean": -64.41088104248047
    }
  ],
  "channels": 2,
  "covariance": [
    [
      44.92595672607422,
      37.34700012207031,
      23.202068328857422,
      19.77450942993164,
      16.074451446533203,
      16.731826782226562,
      12.000086784362793,
      12.438193321228027,
      8.801156997680664,
      10.203657150268555,
      8.824896812438965,
      9.408549308776855,
      8.542436599731445,
      8.850022315979004,
      7.265676498413086,
      7.3435468673706055,
      6.956418991088867,
      7.003167629241943
    ],
    [
      37.34700012207031,
      41.06874084472656,
      21.027196884155273,
      18.892255783081055,
      15.065840721130371,
      15.61451244354248,
      11.559677124023438,
      12.21203899383545,
      8.521758079528809,
      10.048830032348633,
      8.977372169494629,
      9.471355438232422,
      8.580720901489258,
      8.758561134338379,
      7.093737602233887,
      7.080721378326416,
      6.692602634429932,
      6.768221855163574
    ],
    [
      23.202068328857422,
      21.027196884155273,
      31.012422561645508,
      26.262680053710938,
      18.59154510498047,
      18.591365814208984,
      15.780627250671387,
      15.97626781463623,
      12.688676834106445,
      13.916950225830078,
      11.067303657531738,
      11.825676918029785,
      10.445578575134277,
      10.743123054504395,
      8.56070327758789,
      8.397622108459473,
      7.048780918121338,
      7.07197904586792
    ],
    [
      19.77450942993164,
      18.892255783081055,
      26.262680053710938,
      28.179655075073242,
      17.51395606994629,
      17.525367736816406,
      14.8540620803833,
      14.816411972045898,
      12.056188583374023,
      13.098170280456543,
      10.792037963867188,
      11.401371955871582,
      10.084454536437988,
      10.1321439743042,
      7.899788856506348,
      7.6925883293151855,
      6.378927230834961,
      6.357393741607666
    ],
    [
      16.074451446533203,
      15.065840721130371,
      18.59154510498047,
      17.51395606994629,
      28.28598403930664,
      23.893798828125,
      18.880977630615234,
      18.934167861938477,
      17.417165756225586,
      17.858779907226562,
      14.301682472229004,
      16.282989501953125,
      16.05510902404785,
      16.156896591186523,
      13.767801284790039,
      13.45380687713623,
      10.476531028747559,
      10.445656776428223
    ],
    [
      16.731826782226562,
      15.61451244354248,
      18.591365814208984,
      17.525367736816406,
      23.893798828125,
      25.32273292541504,
      18.203899383544922,
      18.327260971069336,
      16.6140079498291,
      17.14067840576172,
      13.817524909973145,
      15.627083778381348,
      15.214580535888672,
      15.307723045349121,
      13.191082954406738,
      12.973968505859375,
      9.769567489624023,
      9.710797309875488
    ],
    [
      12.000086784362793,
      11.559677124023438,
      15.780627250671387,
      14.8540620803833,
      18.880977630615234,
      18.203899383544922,
      34.966835021972656,
      32.006858825683594,
      28.710905075073242,
      29.284713745117188,
      26.285503387451172,
      27.861570358276367,
      31.20543670654297,
      31.66925621032715,
      28.514373779296875,
      28.20140838623047,
      21.854671478271484,
      21.680952072143555
    ],
    [
      12.438193321228027,
      12.21203899383545,
      15.97626781463623,
      14.816411972045898,
      18.934167861938477,
      18.327260971069336,
      32.006858825683594,
      34.72551345825195,
      27.89015769958496,
      28.46470069885254,
      25.527334213256836,
      26.894474029541016,
      29.72490119934082,
      30.044570922851562,
      27.00579071044922,
      26.819290161132812,
      20.553449630737305,
      20.35422706604004
    ],
    [
      8.801156997680664,
      8.521758079528809,
      12.688676834106445,
      12.056188583374023,
      17.417165756225586,
      16.6140079498291,
      28.710905075073242,
      27.89015769958496,
      34.56705856323242,
      33.501495361328125,
      29.888330459594727,
      31.531423568725586,
      36.7335205078125,
      37.138397216796875,
      33.352657318115234,
      32.935943603515625,
      25.001752853393555,
      24.92906379699707
    ],
    [
      10.203657150268555,
      10.048830032348633,
      13.916950225830078,
      13.098170280456543,
      17.858779907226562,
      17.14067840576172,
      29.284713745117188,
      28.46470069885254,
      33.501495361328125,
      35.52381896972656,
      30.82032585144043,
      31.970651626586914,
      36.94855880737305,
      37.33943557739258,
      33.69060134887695,
      33.363582611083984,
      25.46950912475586,
      25.460521697998047
    ],
    [
      8.824896812438965,
      8.977372169494629,
      11.067303657531738,
      10.792037963867188,
      14.301682472229004,
      13.817524909973145,
      26.285503387451172,
      25.527334213256836,
      29.888330459594727,
      30.82032585144043,
      40.11306381225586,
      37.80475616455078,
      41.776702880859375,
      41.85240173339844,
      38.878787994384766,
      38.36574172973633,
      30.70978355407715,
      30.748394012451172
    ],
    [
      9.408549308776855,
      9.471355438232422,
      11.825676918029785,
      11.401371955871582,
      16.282989501953125,
      15.627083778381348,
      27.861570358276367,
      26.894474029541016,
      31.531423568725586,
      31.970651626586914,
      37.80475616455078,
      43.325416564941406,
      43.96733474731445,
      44.05763244628906,
      40.64301681518555,
      40.09339904785156,
      32.38697814941406,
      32.19583511352539
    ],
    [
      8.542436599731445,
      8.580720901489258,
      10.445578575134277,
      10.084454536437988,
      16.05510902404785,
      15.214580535888672,
      31.20543670654297,
      29.72490119934082,
      36.7335205078125,
      36.94855880737305,
      41.776702880859375,
      43.96733474731445,
      57.79372024536133,
      56.42222213745117,
      50.375732421875,
      49.72211837768555,
      40.03859329223633,
      39.992095947265625
    ],
    [
      8.850022315979004,
      8.758561134338379,
      10.743123054504395,
      10.1321439743042,
      16.156896591186523,
      15.307723045349121,
      31.66925621032715,
      30.044570922851562,
      37.138397216796875,
      37.33943557739258,
      41.85240173339844,
      44.05763244628906,
      56.42222213745117,
      57.50144577026367,
      50.252418518066406,
      49.65679168701172,
      39.90932083129883,
      39.81814956665039
    ],
    [
      7.265676498413086,
      7.093737602233887,
      8.56070327758789,
      7.899788856506348,
      13.767801284790039,
      13.191082954406738,
      28.514373779296875,
      27.00579071044922,
      33.352657318115234,
      33.69060134887695,
      38.878787994384766,
      40.64301681518555,
      50.375732421875,
      50.252418518066406,
      51.70597839355469,
      50.5343132019043,
      40.69673538208008,
      40.6125373840332
    ],
    [
      7.3435468673706055,
      7.080721378326416,
      8.397622108459473,
      7.6925883293151855,
      13.45380687713623,
      12.973968505859375,
      28.20140838623047,
      26.819290161132812,
      32.935943603515625,
      33.363582611083984,
      38.36574172973633,
      40.09339904785156,
      49.72211837768555,
      49.65679168701172,
      50.5343132019043,
      50.31929016113281,
      40.06318283081055,
      40.005062103271484
    ],
    [
      6.956418991088867,
      6.692602634429932,
      7.048780918121338,
      6.378927230834961,
      10.476531028747559,
      9.769567489624023,
      21.854671478271484,
      20.553449630737305,
      25.001752853393555,
      25.46950912475586,
      30.70978355407715,
      32.38697814941406,
      40.03859329223633,
      39.90932083129883,
      40.69673538208008,
      40.06318283081055,
      35.58702087402344,
      35.37986755371094
    ],
    [
      7.003167629241943,
      6.768221855163574,
      7.07197904586792,
      6.357393741607666,
      10.445656776428223,
      9.710797309875488,
      21.680952072143555,
      20.35422706604004,
      24.92906379699707,
      25.460521697998047,
      30.748394012451172,
      32.19583511352539,
      39.992095947265625,
      39.81814956665039,
      40.6125373840332,
      40.005062103271484,
      35.37986755371094,
      35.640445709228516
    ]
  ],
  "covariance_short": [
    [
      55.839256286621094,
      39.75524139404297,
      25.875160217285156,
      21.043258666992188,
      17.556537628173828,
      16.521995544433594,
      15.98902702331543,
      16.311965942382812,
      11.539421081542969,
      12.672125816345215,
      9.484508514404297,
      10.154555320739746,
      11.659319877624512,
      12.196186065673828,
      7.064535140991211,
      7.148749828338623,
      5.753222942352295,
      5.789741039276123
    ],
    [
      39.75524139404297,
      52.940467834472656,
      22.760677337646484,
      20.274599075317383,
      15.694211959838867,
      14.394570350646973,
      15.283632278442383,
      15.62869930267334,
      10.70543098449707,
      11.776243209838867,
      8.34689998626709,
      9.19506549835205,
      11.067151069641113,
      11.302895545959473,
      6.454757213592529,
      6.427117347717285,
      5.264943599700928,
      5.337737083435059
    ],
    [
      25.875160217285156,
      22.760677337646484,
      39.240386962890625,
      29.921768188476562,
      21.706663131713867,
      20.750530242919922,
      17.872005462646484,
      18.239727020263672,
      14.233538627624512,
      15.633976936340332,
      12.181731224060059,
      12.632197380065918,
      11.542327880859375,
      11.900251388549805,
      7.3215203285217285,
      7.324644088745117,
      5.372339248657227,
      5.426309108734131
    ],
    [
      21.043258666992188,
      20.274599075317383,
      29.921768188476562,
      35.1304817199707,
      19.97610855102539,
      19.36452293395996,
      16.71539306640625,
      16.90517807006836,
      13.419595718383789,
      14.591192245483398,
      11.499032974243164,
      11.908737182617188,
      11.223173141479492,
      11.44139289855957,
      6.835254192352295,
      6.788026332855225,
      5.079665660858154,
      5.0811638832092285
    ],
    [
      17.556537628173828,
      15.694211959838867,
      21.706663131713867,
      19.97610855102539,
      34.732696533203125,
      26.181053161621094,
      20.992923736572266,
      21.173187255859375,
      19.692777633666992,
      20.328588485717773,
      17.037561416625977,
      18.38433837890625,
      18.693647384643555,
      19.073974609375,
      13.614517211914062,
      13.434996604919434,
      9.603592872619629,
      9.60934829711914
    ],
    [
      16.521995544433594,
      14.394570350646973,
      20.750530242919922,
      19.36452293395996,
      26.181053161621094,
      30.806215286254883,
      20.436756134033203,
      20.37850570678711,
      18.94074821472168,
      19.38798713684082,
      16.85913848876953,
      18.192174911499023,
      18.436922073364258,
      18.7952938079834,
      13.61000919342041,
      13.467926025390625,
      9.27318000793457,
      9.241939544677734
    ],
    [
      15.98902702331543,
      15.283632278442383,
      17.872005462646484,
      16.71539306640625,
      20.992923736572266,
      20.436756134033203,
      40.690677642822266,
      34.67621994018555,
      31.244495391845703,
      32.18733596801758,
      30.663251876831055,
      31.59992218017578,
      35.501686096191406,
      35.710594177246094,
      29.433866500854492,
      29.335960388183594,
      21.346179962158203,
      21.3521728515625
    ],
    [
      16.311965942382812,
      15.62869930267334,
      18.239727020263672,
      16.90517807006836,
      21.173187255859375,
      20.37850570678711,
      34.67621994018555,
      39.93427276611328,
      30.214202880859375,
      31.070444107055664,
      29.183502197265625,
      30.075223922729492,
      33.328887939453125,
      33.533512115478516,
      27.450130462646484,
      27.406166076660156,
      19.74574089050293,
      19.70927619934082
    ],
    [
      11.539421081542969,
      10.70543098449707,
      14.233538627624512,
      13.419595718383789,
      19.692777633666992,
      18.94074821472168,
      31.244495391845703,
      30.214202880859375,
      40.11365509033203,
      36.91413879394531,
      35.534358978271484,
      36.31438064575195,
      41.35117721557617,
      41.673858642578125,
      35.087677001953125,
      34.895103454589844,
      24.887022018432617,
      24.826831817626953
    ],
    [
      12.672125816345215,
      11.776243209838867,
      15.633976936340332,
      14.591192245483398,
      20.328588485717773,
      19.38798713684082,
      32.18733596801758,
      31.070444107055664,
      36.91413879394531,
      41.64824295043945,
      36.70683670043945,
      37.03900146484375,
      41.96383285522461,
      42.37409210205078,
      35.65204620361328,
      35.538631439208984,
      25.427352905273438,
      25.3953800201416
    ],
    [
      9.484508514404297,
      8.34689998626709,
      12.181731224060059,
      11.499032974243164,
      17.037561416625977,
      16.85913848876953,
      30.663251876831055,
      29.183502197265625,
      35.534358978271484,
      36.70683670043945,
      52.25529479980469,
      47.15806579589844,
      51.33047866821289,
      51.559730529785156,
      45.33972930908203,
      45.068546295166016,
      33.05959701538086,
      33.110557556152344
    ],
    [
      10.154555320739746,
      9.19506549835205,
      12.632197380065918,
      11.908737182617188,
      18.38433837890625,
      18.192174911499023,
      31.59992218017578,
      30.075223922729492,
      36.31438064575195,
      37.03900146484375,
      47.15806579589844,
      53.86122512817383,
      52.2741813659668,
      52.43479919433594,
      46.14499282836914,
      45.80929183959961,
      34.10226058959961,
      33.99628448486328
    ],
    [
      11.659319877624512,
      11.067151069641113,
      11.542327880859375,
      11.223173141479492,
      18.693647384643555,
      18.436922073364258,
      35.501686096191406,
      33.328887939453125,
      41.35117721557617,
      41.96383285522461,
      51.33047866821289,
      52.2741813659668,
      72.9432601928711,
      70.89117431640625,
      58.511314392089844,
      58.202579498291016,
      42.96991729736328,
      42.93156814575195
    ],
    [
      12.196186065673828,
      11.302895545959473,
      11.900251388549805,
      11.44139289855957,
      19.073974609375,
      18.7952938079834,
      35.710594177246094,
      33.533512115478516,
      41.673858642578125,
      42.37409210205078,
      51.559730529785156,
      52.43479919433594,
      70.89117431640625,
      73.17076110839844,
      58.59849548339844,
      58.29258728027344,
      42.95810317993164,
      42.8773307800293
    ],
    [
      7.064535140991211,
      6.454757213592529,
      7.3215203285217285,
      6.835254192352295,
      13.614517211914062,
      13.61000919342041,
      29.433866500854492,
      27.450130462646484,
      35.087677001953125,
      35.65204620361328,
      45.33972930908203,
      46.14499282836914,
      58.511314392089844,
      58.59849548339844,
      57.02290725708008,
      55.57768249511719,
      42.13480758666992,
      42.049110412597656
    ],
    [
      7.148749828338623,
      6.427117347717285,
      7.324644088745117,
      6.788026332855225,
      13.434996604919434,
      13.467926025390625,
      29.335960388183594,
      27.406166076660156,
      34.895103454589844,
      35.538631439208984,
      45.068546295166016,
      45.80929183959961,
      58.202579498291016,
      58.29258728027344,
      55.57768249511719,
      56.24324417114258,
      41.74979019165039,
      41.69007873535156
    ],
    [
      5.753222942352295,
      5.264943599700928,
      5.372339248657227,
      5.079665660858154,
      9.603592872619629,
      9.27318000793457,
      21.346179962158203,
      19.74574089050293,
      24.887022018432617,
      25.427352905273438,
      33.05959701538086,
      34.10226058959961,
      42.96991729736328,
      42.95810317993164,
      42.13480758666992,
      41.74979019165039,
      36.017730712890625,
      35.5455436706543
    ],
    [
      5.789741039276123,
      5.337737083435059,
      5.426309108734131,
      5.0811638832092285,
      9.60934829711914,
      9.241939544677734,
      21.3521728515625,
      19.70927619934082,
      24.826831817626953,
      25.3953800201416,
      33.110557556152344,
      33.99628448486328,
      42.93156814575195,
      42.8773307800293,
      42.049110412597656,
      41.69007873535156,
      35.5455436706543,
      35.91826248168945
    ]
  ],
  "drr": 12.753732681274414,
  "dynamics": 4.193226337432861,
  "format": 1245190,
  "frames": 13897728,
  "loudness": -21.135263442993164,
  "loudness_range": 12.423580169677734,
  "loudness_range_short": 13.639775276184082,
  "peak": 0.017795445397496223,
  "rms": -22.26137351989746,
  "sample_rate": 44100,
  "sections": 1,
  "seekable": 1,
  "sharpness": 2.016697883605957,
  "space": -0.8171383738517761
}