{
  "bands": [
    {
      "high_freq": 148.1999969482422,
      "loudness": -26.41031265258789,
      "loudness_range": 21.724960327148438,
      "mid_mean": -24.334674835205078,
      "mid_to_side_loudness": -5.767081260681152,
      "mid_to_side_loudness_range": 18.770986557006836,
      "side_mean": -31.58135414123535
    },
    {
      "high_freq": 392.3793640136719,
      "loudness": -23.085704803466797,
      "loudness_range": 13.940096855163574,
      "low_freq": 148.1999969482422,
      "mid_mean": -21.660276412963867,
      "mid_to_side_loudness": -2.4262940883636475,
      "mid_to_side_loudness_range": 11.224655151367188,
      "side_mean": -24.338998794555664
    },
    {
      "high_freq": 794.6976318359375,
      "loudness": -24.531709671020508,
      "loudness_range": 16.297283172607422,
      "low_freq": 392.3793640136719,
      "mid_mean": -22.1284236907959,
      "mid_to_side_loudness": -6.710921287536621,
      "mid_to_side_loudness_range": 15.425522804260254,
      "side_mean": -28.95330047607422
    },
    {
      "high_freq": 1457.5709228515625,
      "loudness": -29.313064575195312,
      "loudness_range": 22.54319190979004,
      "low_freq": 794.6976318359375,
      "mid_mean": -26.920814514160156,
      "mid_to_side_loudness": -6.686927795410156,
      "mid_to_side_loudness_range": 16.992185592651367,
      "side_mean": -33.97876739501953
    },
    {
      "high_freq": 2549.74365234375,
      "loudness": -29.611248016357422,
      "loudness_range": 24.536388397216797,
      "low_freq": 1457.5709228515625,
      "mid_mean": -27.250059127807617,
      "mid_to_side_loudness": -6.447669506072998,
      "mid_to_side_loudness_range": 15.596565246582031,
      "side_mean": -34.001705169677734
    },
    {
      "high_freq": 4349.24462890625,
      "loudness": -32.354698181152344,
      "loudness_range": 20.93212127685547,
      "low_freq": 2549.74365234375,
      "mid_mean": -29.641576766967773,
      "mid_to_side_loudness": -8.175362586975098,
      "mid_to_side_loudness_range": 16.243528366088867,
      "side_mean": -37.86397171020508
    },
    {
      "high_freq": 7314.1640625,
      "loudness": -38.12364196777344,
      "loudness_range": 21.408855438232422,
      "low_freq": 4349.24462890625,
      "mid_mean": -35.41489791870117,
      "mid_to_side_loudness": -8.099470138549805,
      "mid_to_side_loudness_range": 18.28456687927246,
      "side_mean": -43.649871826171875
    },
    {
      "high_freq": 12199.2666015625,
      "loudness": -39.35447311401367,
      "loudness_range": 20.06696891784668,
      "low_freq": 7314.1640625,
      "mid_mean": -36.61327362060547,
      "mid_to_side_loudness": -9.284255027770996,
      "mid_to_side_loudness_range": 23.260427474975586,
      "side_mean": -46.9825439453125
    },
    {
      "loudness": -45.23826217651367,
      "loudness_range": 16.01815414428711,
      "low_freq": 12199.2666015625,
      "mid_mean": -43.61228942871094,
      "mid_to_side_loudness": -3.8705062866210938,
      "mid_to_side_loudness_range": 14.999091148376465,
      "side_mean": -47.618099212646484
    }
  ],
  "bands_short": [
    {
      "high_freq": 148.1999969482422,
      "loudness": -30.143409729003906,
      "loudness_range": 28.944124221801758,
      "mid_mean": -27.7620906829834,
      "mid_to_side_loudness": -6.883124351501465,
      "mid_to_side_loudness_range": 23.07710075378418,
      "side_mean": -38.22296142578125
    },
    {
      "high_freq": 392.3793640136719,
      "loudness": -23.30570411682129,
      "loudness_range": 16.00493049621582,
      "low_freq": 148.1999969482422,
      "mid_mean": -22.277042388916016,
      "mid_to_side_loudness": -2.030250072479248,
      "mid_to_side_loudness_range": 15.410516738891602,
      "side_mean": -24.54320526123047
    },
    {
      "high_freq": 794.6976318359375,
      "loudness": -24.8289852142334,
      "loudness_range": 17.491365432739258,
      "low_freq": 392.3793640136719,
      "mid_mean": -22.874814987182617,
      "mid_to_side_loudness": -5.660539627075195,
      "mid_to_side_loudness_range": 18.662778854370117,
      "side_mean": -28.76567268371582
    },
    {
      "high_freq": 1457.5709228515625,
      "loudness": -29.292858123779297,
      "loudness_range": 23.538440704345703,
      "low_freq": 794.6976318359375,
      "mid_mean": -27.331079483032227,
      "mid_to_side_loudness": -5.6907639503479,
      "mid_to_side_loudness_range": 19.525455474853516,
      "side_mean": -33.45841598510742
    },
    {
      "high_freq": 2549.74365234375,
      "loudness": -30.585702896118164,
      "loudness_range": 26.114206314086914,
      "low_freq": 1457.5709228515625,
      "mid_mean": -28.59625816345215,
      "mid_to_side_loudness": -5.486343860626221,
      "mid_to_side_loudness_range": 17.671066284179688,
      "side_mean": -34.393707275390625
    },
    {
      "high_freq": 4349.24462890625,
      "loudness": -33.331748962402344,
      "loudness_range": 22.676002502441406,
      "low_freq": 2549.74365234375,
      "mid_mean": -30.940095901489258,
      "mid_to_side_loudness": -6.994593620300293,
      "mid_to_side_loudness_range": 17.352436065673828,
      "side_mean": -38.205406188964844
    },
    {
      "high_freq": 7314.1640625,
      "loudness": -39.26900863647461,
      "loudness_range": 23.684106826782227,
      "low_freq": 4349.24462890625,
      "mid_mean": -36.88508224487305,
      "mid_to_side_loudness": -6.6139140129089355,
      "mid_to_side_loudness_range": 17.635250091552734,
      "side_mean": -43.94736862182617
    },
    {
      "high_freq": 12199.2666015625,
      "loudness": -40.79079818725586,
      "loudness_range": 22.71949577331543,
      "low_freq": 7314.1640625,
      "mid_mean": -38.32194137573242,
      "mid_to_side_loudness": -7.091807842254639,
      "mid_to_side_loudness_range": 20.723445892333984,
      "side_mean": -47.45436096191406
    },
    {
      "loudness": -46.10573196411133,
      "loudness_range": 16.664104461669922,
      "low_freq": 12199.2666015625,
      "mid_mean": -44.85448455810547,
      "mid_to_side_loudness": -2.72375226020813,
      "mid_to_side_loudness_range": 14.173847198486328,
      "side_mean": -47.900115966796875
    }
  ],
  "channels": 2,
  "covariance": [
    [
      68.21060943603516,
      43.456787109375,
      17.78118896484375,
      23.741458892822266,
      12.811443328857422,
      25.172565460205078,
      23.68282699584961,
      28.44762420654297,
      28.81768798828125,
      28.467891693115234,
      27.98545265197754,
      31.463712692260742,
      33.863807678222656,
      42.83308792114258,
      18.244991302490234,
      40.456058502197266,
      16.730552673339844,
      20.434505462646484
    ],
    [
      43.456787109375,
      85.7787094116211,
      17.275022506713867,
      27.88514518737793,
      14.847017288208008,
      20.79351043701172,
      21.012474060058594,
      23.505475997924805,
      22.672733306884766,
      24.679018020629883,
      21.654979705810547,
      21.546361923217773,
      21.478240966796875,
      26.286449432373047,
      14.687810897827148,
      22.689224243164062,
      12.958741188049316,
      8.455876350402832
    ],
    [
      17.78118896484375,
      17.275022506713867,
      26.614147186279297,
      21.998401641845703,
      13.401801109313965,
      16.372262954711914,
      13.081371307373047,
      14.853748321533203,
      20.64402961730957,
      16.6275634765625,
      19.03619956970215,
      17.077695846557617,
      21.00456428527832,
      21.659805297851562,
      17.478416442871094,
      22.971813201904297,
      17.04290771484375,
      10.74266529083252
    ],
    [
      23.741458892822266,
      27.88514518737793,
      21.998401641845703,
      37.422943115234375,
      15.456766128540039,
      23.853132247924805,
      20.0118465423584,
      25.58486557006836,
      28.887107849121094,
      28.480056762695312,
      25.094947814941406,
      27.05141830444336,
      27.319965362548828,
      30.1749210357666,
      19.165149688720703,
      30.383665084838867,
      16.19338607788086,
      11.918410301208496
    ],
    [
      12.811443328857422,
      14.847017288208008,
      13.401801109313965,
      15.456766128540039,
      40.93074035644531,
      21.778247833251953,
      35.78915023803711,
      21.259550094604492,
      35.15254211425781,
      21.853063583374023,
      30.471479415893555,
      18.84134292602539,
      22.078310012817383,
      19.514850616455078,
      20.253320693969727,
      19.640295028686523,
      16.51621437072754,
      6.968290328979492
    ],
    [
      25.172565460205078,
      20.79351043701172,
      16.372262954711914,
      23.853132247924805,
      21.778247833251953,
      37.12934494018555,
      25.97145652770996,
      31.585046768188477,
      31.398386001586914,
      31.961904525756836,
      26.50418472290039,
      31.137657165527344,
      27.4581356048584,
      37.310970306396484,
      18.02931785583496,
      37.0255241394043,
      17.09818458557129,
      16.085765838623047
    ],
    [
      23.68282699584961,
      21.012474060058594,
      13.081371307373047,
      20.0118465423584,
      35.78915023803711,
      25.97145652770996,
      71.57721710205078,
      36.8551139831543,
      53.83427429199219,
      33.679569244384766,
      47.2950439453125,
      29.496694564819336,
      38.261390686035156,
      33.52461242675781,
      29.875621795654297,
      30.9908504486084,
      22.42936134338379,
      11.201569557189941
    ],
    [
      28.44762420654297,
      23.505475997924805,
      14.853748321533203,
      25.58486557006836,
      21.259550094604492,
      31.585046768188477,
      36.8551139831543,
      44.38657760620117,
      39.4407958984375,
      39.66644287109375,
      33.484397888183594,
      36.825801849365234,
      33.19122314453125,
      41.425506591796875,
      19.967836380004883,
      38.35015106201172,
      16.829601287841797,
      15.63864517211914
    ],
    [
      28.81768798828125,
      22.672733306884766,
      20.64402961730957,
      28.887107849121094,
      35.15254211425781,
      31.398386001586914,
      53.83427429199219,
      39.4407958984375,
      79.46227264404297,
      46.04826736450195,
      59.89036560058594,
      40.24575424194336,
      50.09107208251953,
      41.66255569458008,
      40.1745719909668,
      35.75318145751953,
      27.234464645385742,
      14.56675910949707
    ],
    [
      28.467891693115234,
      24.679018020629883,
      16.6275634765625,
      28.480056762695312,
      21.853063583374023,
      31.961904525756836,
      33.679569244384766,
      39.66644287109375,
      46.04826736450195,
      50.478660583496094,
      37.92218017578125,
      42.4233283996582,
      35.558326721191406,
      44.520179748535156,
      22.270360946655273,
      40.18199157714844,
      16.90055274963379,
      14.981034278869629
    ],
    [
      27.98545265197754,
      21.654979705810547,
      19.03619956970215,
      25.094947814941406,
      30.471479415893555,
      26.50418472290039,
      47.2950439453125,
      33.484397888183594,
      59.89036560058594,
      37.92218017578125,
      61.18798828125,
      36.68564987182617,
      51.073944091796875,
      39.0510368347168,
      40.29539108276367,
      35.223472595214844,
      28.506813049316406,
      15.362622261047363
    ],
    [
      31.463712692260742,
      21.546361923217773,
      17.077695846557617,
      27.05141830444336,
      18.84134292602539,
      31.137657165527344,
      29.496694564819336,
      36.825801849365234,
      40.24575424194336,
      42.4233283996582,
      36.68564987182617,
      48.613460540771484,
      37.6789436340332,
      52.53401184082031,
      23.34365463256836,
      48.71452331542969,
      19.865922927856445,
      21.022762298583984
    ],
    [
      33.863807678222656,
      21.478240966796875,
      21.00456428527832,
      27.319965362548828,
      22.078310012817383,
      27.4581356048584,
      38.261390686035156,
      33.19122314453125,
      50.09107208251953,
      35.558326721191406,
      51.073944091796875,
      37.6789436340332,
      64.8678207397461,
      46.907386779785156,
      49.3110466003418,
      44.92900848388672,
      35.5347900390625,
      21.85002326965332
    ],
    [
      42.83308792114258,
      26.286449432373047,
      21.659805297851562,
      30.1749210357666,
      19.514850616455078,
      37.310970306396484,
      33.52461242675781,
      41.425506591796875,
      41.66255569458008,
      44.520179748535156,
      39.0510368347168,
      52.53401184082031,
      46.907386779785156,
      74.17447662353516,
      28.926700592041016,
      70.04596710205078,
      26.1773738861084,
      31.415613174438477
    ],
    [
      18.244991302490234,
      14.687810897827148,
      17.478416442871094,
      19.165149688720703,
      20.253320693969727,
      18.02931785583496,
      29.875621795654297,
      19.967836380004883,
      40.1745719909668,
      22.270360946655273,
      40.29539108276367,
      23.34365463256836,
      49.3110466003418,
      28.926700592041016,
      53.8244514465332,
      28.147602081298828,
      37.617122650146484,
      13.658501625061035
    ],
    [
      40.456058502197266,
      22.689224243164062,
      22.971813201904297,
      30.383665084838867,
      19.640295028686523,
      37.0255241394043,
      30.9908504486084,
      38.35015106201172,
      35.75318145751953,
      40.18199157714844,
      35.223472595214844,
      48.71452331542969,
      44.92900848388672,
      70.04596710205078,
      28.147602081298828,
      79.701904296875,
      28.27875328063965,
      34.7789421081543
    ],
    [
      16.730552673339844,
      12.958741188049316,
      17.04290771484375,
      16.19338607788086,
      16.51621437072754,
      17.09818458557129,
      22.42936134338379,
      16.829601287841797,
      27.234464645385742,
      16.90055274963379,
      28.506813049316406,
      19.865922927856445,
      35.5347900390625,
      26.1773738861084,
      37.617122650146484,
      28.27875328063965,
      40.1685676574707,
      14.344658851623535
    ],
    [
      20.434505462646484,
      8.455876350402832,
      10.74266529083252,
      11.918410301208496,
      6.968290328979492,
      16.085765838623047,
      11.201569557189941,
      15.63864517211914,
      14.56675910949707,
      14.981034278869629,
      15.362622261047363,
      21.022762298583984,
      21.85002326965332,
      31.415613174438477,
      13.658501625061035,
      34.7789421081543,
      14.344658851623535,
      21.50847625732422
    ]
  ],
  "covariance_short": [
    [
      104.6959228515625,
      62.41133117675781,
      27.346471786499023,
      29.20023536682129,
      17.039798736572266,
      29.34383201599121,
      28.469905853271484,
      32.003089904785156,
      35.43447494506836,
      33.27444076538086,
      32.08152770996094,
      35.74507141113281,
      38.13890075683594,
      44.745323181152344,
      20.22528076171875,
      42.476131439208984,
      18.449954986572266,
      20.67477035522461
    ],
    [
      62.41133117675781,
      121.98397064208984,
      31.535337448120117,
      42.802974700927734,
      15.875686645507812,
      26.352313995361328,
      26.835437774658203,
      26.680404663085938,
      30.76650619506836,
      28.18520736694336,
      28.70582389831543,
      26.51873779296875,
      33.00872039794922,
      33.060550689697266,
      24.604324340820312,
      29.51242446899414,
      19.98841094970703,
      10.733121871948242
    ],
    [
      27.346471786499023,
      31.535337448120117,
      37.42134475708008,
      24.378623962402344,
      15.429045677185059,
      17.508291244506836,
      16.360353469848633,
      16.204120635986328,
      22.16533851623535,
      17.87382698059082,
      20.37560272216797,
      19.025859832763672,
      23.512357711791992,
      23.66727066040039,
      20.30386734008789,
      25.583484649658203,
      17.445098876953125,
      11.240384101867676
    ],
    [
      29.20023536682129,
      42.802974700927734,
      24.378623962402344,
      44.62177276611328,
      16.50786590576172,
      23.464021682739258,
      22.286312103271484,
      25.731260299682617,
      28.603958129882812,
      27.78412628173828,
      24.734107971191406,
      25.30499267578125,
      27.568740844726562,
      27.918752670288086,
      21.135305404663086,
      26.414928436279297,
      15.67099380493164,
      9.638564109802246
    ],
    [
      17.039798736572266,
      15.875686645507812,
      15.429045677185059,
      16.50786590576172,
      50.1383056640625,
      21.316736221313477,
      41.80824661254883,
      22.245067596435547,
      40.85725021362305,
      23.209243774414062,
      36.72275924682617,
      20.591705322265625,
      27.837995529174805,
      22.069480895996094,
      25.1920108795166,
      21.91520881652832,
      16.769399642944336,
      8.366097450256348
    ],
    [
      29.34383201599121,
      26.352313995361328,
      17.508291244506836,
      23.464021682739258,
      21.316736221313477,
      40.28945541381836,
      25.969131469726562,
      30.52315902709961,
      30.28297996520996,
      30.75896644592285,
      26.377248764038086,
      30.460906982421875,
      28.27124786376953,
      35.40958023071289,
      19.86100959777832,
      35.63031005859375,
      17.118684768676758,
      15.264881134033203
    ],
    [
      28.469905853271484,
      26.835437774658203,
      16.360353469848633,
      22.286312103271484,
      41.80824661254883,
      25.969131469726562,
      81.96023559570312,
      36.811973571777344,
      62.27241897583008,
      35.895057678222656,
      56.08565902709961,
      31.546955108642578,
      46.64998245239258,
      34.949344635009766,
      38.09363555908203,
      31.148160934448242,
      23.805559158325195,
      11.218976020812988
    ],
    [
      32.003089904785156,
      26.680404663085938,
      16.204120635986328,
      25.731260299682617,
      22.245067596435547,
      30.52315902709961,
      36.811973571777344,
      46.400936126708984,
      39.49626922607422,
      39.57040786743164,
      33.43856430053711,
      36.305728912353516,
      33.84844970703125,
      39.73630905151367,
      22.218599319458008,
      36.38362121582031,
      16.691099166870117,
      14.826936721801758
    ],
    [
      35.43447494506836,
      30.76650619506836,
      22.16533851623535,
      28.603958129882812,
      40.85725021362305,
      30.28297996520996,
      62.27241897583008,
      39.49626922607422,
      90.16697692871094,
      48.103675842285156,
      68.09432220458984,
      41.36531448364258,
      58.18352127075195,
      42.539390563964844,
      48.05040740966797,
      34.87156295776367,
      28.134885787963867,
      14.00979232788086
    ],
    [
      33.27444076538086,
      28.18520736694336,
      17.87382698059082,
      27.78412628173828,
      23.209243774414062,
      30.75896644592285,
      35.895057678222656,
      39.57040786743164,
      48.103675842285156,
      53.207420349121094,
      39.4634895324707,
      42.8636474609375,
      37.8400993347168,
      44.1109504699707,
      25.455440521240234,
      38.71617126464844,
      17.136394500732422,
      14.376574516296387
    ],
    [
      32.08152770996094,
      28.70582389831543,
      20.37560272216797,
      24.734107971191406,
      36.72275924682617,
      26.377248764038086,
      56.08565902709961,
      33.43856430053711,
      68.09432220458984,
      39.4634895324707,
      71.74729919433594,
      38.08720016479492,
      59.66897201538086,
      40.30821228027344,
      49.44727325439453,
      34.853187561035156,
      30.586694717407227,
      14.48801040649414
    ],
    [
      35.74507141113281,
      26.51873779296875,
      19.025859832763672,
      25.30499267578125,
      20.591705322265625,
      30.460906982421875,
      31.546955108642578,
      36.305728912353516,
      41.36531448364258,
      42.8636474609375,
      38.08720016479492,
      49.98923873901367,
      39.17964553833008,
      51.29373550415039,
      26.683687210083008,
      46.90058898925781,
      20.30167007446289,
      20.111238479614258
    ],
    [
      38.13890075683594,
      33.00872039794922,
      23.512357711791992,
      27.568740844726562,
      27.837995529174805,
      28.27124786376953,
      46.64998245239258,
      33.84844970703125,
      58.18352127075195,
      37.8400993347168,
      59.66897201538086,
      39.17964553833008,
      74.36373138427734,
      48.41179275512695,
      59.40541458129883,
      43.92572021484375,
      39.57775115966797,
      19.835140228271484
    ],
    [
      44.745323181152344,
      33.060550689697266,
      23.66727066040039,
      27.918752670288086,
      22.069480895996094,
      35.40958023071289,
      34.949344635009766,
      39.73630905151367,
      42.539390563964844,
      44.1109504699707,
      40.30821228027344,
      51.29373550415039,
      48.41179275512695,
      72.8902359008789,
      33.511226654052734,
      66.14675903320312,
      26.88752555847168,
      29.29180908203125
    ],
    [
      20.22528076171875,
      24.604324340820312,
      20.30386734008789,
      21.135305404663086,
      25.1920108795166,
      19.86100959777832,
      38.09363555908203,
      22.218599319458008,
      48.05040740966797,
      25.455440521240234,
      49.44727325439453,
      26.683687210083008,
      59.40541458129883,
      33.511226654052734,
      68.89894104003906,
      32.003868103027344,
      44.295143127441406,
      14.187844276428223
    ],
    [
      42.476131439208984,
      29.51242446899414,
      25.583484649658203,
      26.414928436279297,
      21.91520881652832,
      35.63031005859375,
      31.148160934448242,
      36.38362121582031,
      34.87156295776367,
      38.71617126464844,
      34.853187561035156,
      46.90058898925781,
      43.92572021484375,
      66.14675903320312,
      32.003868103027344,
      82.37242889404297,
      30.591419219970703,
      34.2945442199707
    ],
    [
      18.449954986572266,
      19.98841094970703,
      17.445098876953125,
      15.67099380493164,
      16.769399642944336,
      17.118684768676758,
      23.805559158325195,
      16.691099166870117,
      28.134885787963867,
      17.136394500732422,
      30.586694717407227,
      20.30167007446289,
      39.57775115966797,
      26.88752555847168,
      44.295143127441406,
      30.591419219970703,
      43.85877227783203,
      14.275883674621582
    ],
    [
      20.67477035522461,
      10.733121871948242,
      11.240384101867676,
      9.638564109802246,
      8.366097450256348,
      15.264881134033203,
      11.218976020812988,
      14.826936721801758,
      14.00979232788086,
      14.376574516296387,
      14.48801040649414,
      20.111238479614258,
      19.835140228271484,
      29.29180908203125,
      14.187844276428223,
      34.2945442199707,
      14.275883674621582,
      21.6857852935791
    ]
  ],
  "drr": 15.634103775024414,
  "dynamics": 4.654678821563721,
  "format": 1245190,
  "frames": 12111808,
  "loudness": -13.61784553527832,
  "loudness_range": 13.870866775512695,
  "loudness_range_short": 15.38589096069336,
  "peak": 0.08457981050014496,
  "rms": -13.958107948303223,
  "sample_rate": 44100,
  "sections": 1,
  "seekable": 1,
  "sharpness": 2.320868492126465,
  "space": -5.844113349914551
}