{
  "bands": [
    {
      "high_freq": 148.1999969482422,
      "loudness": -58.10569763183594,
      "loudness_range": 28.6182861328125,
      "mid_mean": -54.90119552612305,
      "mid_to_side_loudness": -8.104570388793945,
      "mid_to_side_loudness_range": 7.131500244140625,
      "side_mean": -61.40878677368164
    },
    {
      "high_freq": 392.3793640136719,
      "loudness": -38.78891372680664,
      "loudness_range": 25.418649673461914,
      "low_freq": 148.1999969482422,
      "mid_mean": -37.24098587036133,
      "mid_to_side_loudness": -4.034458160400391,
      "mid_to_side_loudness_range": 9.768599510192871,
      "side_mean": -41.694034576416016
    },
    {
      "high_freq": 794.6976318359375,
      "loudness": -36.35411071777344,
      "loudness_range": 25.783931732177734,
      "low_freq": 392.3793640136719,
      "mid_mean": -35.069610595703125,
      "mid_to_side_loudness": -2.333868980407715,
      "mid_to_side_loudness_range": 10.84299087524414,
      "side_mean": -37.84638595581055
    },
    {
      "high_freq": 1457.5709228515625,
      "loudness": -40.68427658081055,
      "loudness_range": 31.91319465637207,
      "low_freq": 794.6976318359375,
      "mid_mean": -41.086402893066406,
      "mid_to_side_loudness": 0.31723490357398987,
      "mid_to_side_loudness_range": 8.867600440979004,
      "side_mean": -40.6626091003418
    },
    {
      "high_freq": 2549.74365234375,
      "loudness": -42.49639892578125,
      "loudness_range": 24.49103546142578,
      "low_freq": 1457.5709228515625,
      "mid_mean": -42.844390869140625,
      "mid_to_side_loudness": -0.5239173173904419,
      "mid_to_side_loudness_range": 8.138288497924805,
      "side_mean": -43.76436996459961
    },
    {
      "high_freq": 4349.24462890625,
      "loudness": -47.119117736816406,
      "loudness_range": 25.045169830322266,
      "low_freq": 2549.74365234375,
      "mid_mean": -51.85878372192383,
      "mid_to_side_loudness": -0.8746042847633362,
      "mid_to_side_loudness_range": 7.541162490844727,
      "side_mean": -52.4759407043457
    },
    {
      "high_freq": 7314.1640625,
      "loudness": -55.43179702758789,
      "loudness_range": 25.927825927734375,
      "low_freq": 4349.24462890625,
      "mid_mean": -59.044368743896484,
      "mid_to_side_loudness": -0.42962974309921265,
      "mid_to_side_loudness_range": 5.112308502197266,
      "side_mean": -59.26797866821289
    },
    {
      "high_freq": 12199.2666015625,
      "loudness": -62.682125091552734,
      "loudness_range": 25.731117248535156,
      "low_freq": 7314.1640625,
      "mid_mean": -64.2303237915039,
      "mid_to_side_loudness": -0.06490929424762726,
      "mid_to_side_loudness_range": 3.656635284423828,
      "side_mean": -64.21647644042969
    },
    {
      "loudness": -67.9122543334961,
      "loudness_range": 22.984786987304688,
      "low_freq": 12199.2666015625,
      "mid_mean": -67.04705810546875,
      "mid_to_side_loudness": -0.16068094968795776,
      "mid_to_side_loudness_range": 2.9406609535217285,
      "side_mean": -67.07538604736328
    }
  ],
  "bands_short": [
    {
      "high_freq": 148.1999969482422,
      "loudness": -60.910945892333984,
      "loudness_range": 26.25897979736328,
      "mid_mean": -57.52714538574219,
      "mid_to_side_loudness": -8.244014739990234,
      "mid_to_side_loudness_range": 12.546738624572754,
      "side_mean": -63.65804672241211
    },
    {
      "high_freq": 392.3793640136719,
      "loudness": -40.20594024658203,
      "loudness_range": 28.117633819580078,
      "low_freq": 148.1999969482422,
      "mid_mean": -38.82194519042969,
      "mid_to_side_loudness": -4.034826278686523,
      "mid_to_side_loudness_range": 13.15567684173584,
      "side_mean": -43.404815673828125
    },
    {
      "high_freq": 794.6976318359375,
      "loudness": -36.95042037963867,
      "loudness_range": 27.291828155517578,
      "low_freq": 392.3793640136719,
      "mid_mean": -35.78453063964844,
      "mid_to_side_loudness": -2.4425413608551025,
      "mid_to_side_loudness_range": 13.762378692626953,
      "side_mean": -38.862850189208984
    },
    {
      "high_freq": 1457.5709228515625,
      "loudness": -40.90391540527344,
      "loudness_range": 30.938547134399414,
      "low_freq": 794.6976318359375,
      "mid_mean": -41.5218620300293,
      "mid_to_side_loudness": 0.2745324969291687,
      "mid_to_side_loudness_range": 11.648447036743164,
      "side_mean": -41.1275634765625
    },
    {
      "high_freq": 2549.74365234375,
      "loudness": -43.346824645996094,
      "loudness_range": 25.87487030029297,
      "low_freq": 1457.5709228515625,
      "mid_mean": -44.12757873535156,
      "mid_to_side_loudness": -0.3726477324962616,
      "mid_to_side_loudness_range": 10.514211654663086,
      "side_mean": -44.85948181152344
    },
    {
      "high_freq": 4349.24462890625,
      "loudness": -47.74417495727539,
      "loudness_range": 27.261531829833984,
      "low_freq": 2549.74365234375,
      "mid_mean": -52.65202331542969,
      "mid_to_side_loudness": -0.7578356266021729,
      "mid_to_side_loudness_range": 9.227378845214844,
      "side_mean": -53.18473434448242
    },
    {
      "high_freq": 7314.1640625,
      "loudness": -56.649192810058594,
      "loudness_range": 27.962860107421875,
      "low_freq": 4349.24462890625,
      "mid_mean": -60.01375961303711,
      "mid_to_side_loudness": -0.41181865334510803,
      "mid_to_side_loudness_range": 7.073976516723633,
      "side_mean": -60.26296615600586
    },
    {
      "high_freq": 12199.2666015625,
      "loudness": -64.15200805664062,
      "loudness_range": 27.058666229248047,
      "low_freq": 7314.1640625,
      "mid_mean": -65.16765594482422,
      "mid_to_side_loudness": -0.13132637739181519,
      "mid_to_side_loudness_range": 5.36512565612793,
      "side_mean": -65.2005386352539
    },
    {
      "loudness": -68.4891128540039,
      "loudness_range": 24.49737548828125,
      "low_freq": 12199.2666015625,
      "mid_mean": -67.65314483642578,
      "mid_to_side_loudness": -0.16140297055244446,
      "mid_to_side_loudness_range": 4.299426555633545,
      "side_mean": -67.67166137695312
    }
  ],
  "channels": 2,
  "covariance": [
    [
      87.8402099609375,
      68.67233276367188,
      67.19667053222656,
      61.1850700378418,
      54.717132568359375,
      57.31071472167969,
      67.870361328125,
      61.108646392822266,
      49.38553237915039,
      48.20111083984375,
      70.2266616821289,
      66.27584838867188,
      54.54072570800781,
      54.329002380371094,
      37.75413131713867,
      36.953792572021484,
      21.01431655883789,
      20.745576858520508
    ],
    [
      68.67233276367188,
      58.06575393676758,
      53.313133239746094,
      48.870975494384766,
      43.72551345825195,
      45.70058822631836,
      55.14980697631836,
      49.907161712646484,
      40.03610610961914,
      39.157493591308594,
      54.32810592651367,
      51.79074478149414,
      43.15577697753906,
      43.01542282104492,
      30.556501388549805,
      29.646196365356445,
      17.031505584716797,
      16.809772491455078
    ],
    [
      67.19667053222656,
      53.313133239746094,
      96.97233581542969,
      81.28851318359375,
      57.38388442993164,
      61.93644714355469,
      70.4004898071289,
      63.246639251708984,
      53.649078369140625,
      52.27695083618164,
      69.87689208984375,
      65.40900421142578,
      54.014251708984375,
      54.46933364868164,
      36.73854446411133,
      36.24248123168945,
      19.698524475097656,
      19.4600887298584
    ],
    [
      61.1850700378418,
      48.870975494384766,
      81.28851318359375,
      83.97431945800781,
      53.28163528442383,
      58.31511688232422,
      67.55428314208984,
      61.19637680053711,
      48.92585754394531,
      49.2107048034668,
      64.40906524658203,
      59.984649658203125,
      49.251312255859375,
      49.64318084716797,
      33.42472839355469,
      32.952762603759766,
      17.89118194580078,
      17.602441787719727
    ],
    [
      54.717132568359375,
      43.72551345825195,
      57.38388442993164,
      53.28163528442383,
      85.87128448486328,
      75.81641387939453,
      73.16759490966797,
      67.91275024414062,
      54.630706787109375,
      56.01953125,
      77.8531494140625,
      72.69100189208984,
      57.83942413330078,
      57.565216064453125,
      39.0782470703125,
      38.78196716308594,
      21.167512893676758,
      20.928075790405273
    ],
    [
      57.31071472167969,
      45.70058822631836,
      61.93644714355469,
      58.31511688232422,
      75.81641387939453,
      87.660400390625,
      72.48161315917969,
      68.12947845458984,
      54.28153610229492,
      55.30035400390625,
      80.17556762695312,
      75.29350280761719,
      58.70911407470703,
      58.48404312133789,
      39.201622009277344,
      38.99106979370117,
      20.632246017456055,
      20.2979679107666
    ],
    [
      67.870361328125,
      55.14980697631836,
      70.4004898071289,
      67.55428314208984,
      73.16759490966797,
      72.48161315917969,
      122.98019409179688,
      109.32398986816406,
      79.62574005126953,
      81.5948715209961,
      106.33381652832031,
      99.45939636230469,
      84.1904525756836,
      83.88970947265625,
      57.45347213745117,
      57.337158203125,
      31.74903678894043,
      31.325923919677734
    ],
    [
      61.108646392822266,
      49.907161712646484,
      63.246639251708984,
      61.19637680053711,
      67.91275024414062,
      68.12947845458984,
      109.32398986816406,
      112.21611785888672,
      77.1005630493164,
      79.7719955444336,
      103.8614501953125,
      98.59193420410156,
      82.56719207763672,
      81.98361206054688,
      55.62068176269531,
      55.51951599121094,
      30.747196197509766,
      30.460105895996094
    ],
    [
      49.38553237915039,
      40.03610610961914,
      53.649078369140625,
      48.92585754394531,
      54.630706787109375,
      54.28153610229492,
      79.62574005126953,
      77.1005630493164,
      94.5444107055664,
      88.41531372070312,
      91.21296691894531,
      88.1756820678711,
      73.3787612915039,
      72.60262298583984,
      47.20692443847656,
      46.701263427734375,
      26.18653678894043,
      25.754804611206055
    ],
    [
      48.20111083984375,
      39.157493591308594,
      52.27695083618164,
      49.2107048034668,
      56.01953125,
      55.30035400390625,
      81.5948715209961,
      79.7719955444336,
      88.41531372070312,
      97.04728698730469,
      96.89039611816406,
      93.97277069091797,
      78.20556640625,
      77.36980438232422,
      49.862518310546875,
      49.3828010559082,
      28.333698272705078,
      28.014629364013672
    ],
    [
      70.2266616821289,
      54.32810592651367,
      69.87689208984375,
      64.40906524658203,
      77.8531494140625,
      80.17556762695312,
      106.33381652832031,
      103.8614501953125,
      91.21296691894531,
      96.89039611816406,
      154.37123107910156,
      147.080322265625,
      113.7937240600586,
      112.45234680175781,
      71.85691833496094,
      71.70872497558594,
      40.57136917114258,
      40.21760177612305
    ],
    [
      66.27584838867188,
      51.79074478149414,
      65.40900421142578,
      59.984649658203125,
      72.69100189208984,
      75.29350280761719,
      99.45939636230469,
      98.59193420410156,
      88.1756820678711,
      93.97277069091797,
      147.080322265625,
      145.84597778320312,
      111.77071380615234,
      110.72736358642578,
      70.3729248046875,
      70.37997436523438,
      39.93959045410156,
      39.67753219604492
    ],
    [
      54.54072570800781,
      43.15577697753906,
      54.014251708984375,
      49.251312255859375,
      57.83942413330078,
      58.70911407470703,
      84.1904525756836,
      82.56719207763672,
      73.3787612915039,
      78.20556640625,
      113.7937240600586,
      111.77071380615234,
      98.7390365600586,
      97.19327545166016,
      64.97128295898438,
      64.85790252685547,
      38.15869903564453,
      37.9416618347168
    ],
    [
      54.329002380371094,
      43.01542282104492,
      54.46933364868164,
      49.64318084716797,
      57.565216064453125,
      58.48404312133789,
      83.88970947265625,
      81.98361206054688,
      72.60262298583984,
      77.36980438232422,
      112.45234680175781,
      110.72736358642578,
      97.19327545166016,
      97.7706069946289,
      65.4469985961914,
      65.43089294433594,
      38.474613189697266,
      38.22783279418945
    ],
    [
      37.75413131713867,
      30.556501388549805,
      36.73854446411133,
      33.42472839355469,
      39.0782470703125,
      39.201622009277344,
      57.45347213745117,
      55.62068176269531,
      47.20692443847656,
      49.862518310546875,
      71.85691833496094,
      70.3729248046875,
      64.97128295898438,
      65.4469985961914,
      49.80964660644531,
      49.186981201171875,
      30.278594970703125,
      30.071144104003906
    ],
    [
      36.953792572021484,
      29.646196365356445,
      36.24248123168945,
      32.952762603759766,
      38.78196716308594,
      38.99106979370117,
      57.337158203125,
      55.51951599121094,
      46.701263427734375,
      49.3828010559082,
      71.70872497558594,
      70.37997436523438,
      64.85790252685547,
      65.43089294433594,
      49.186981201171875,
      49.586875915527344,
      30.0538387298584,
      29.889360427856445
    ],
    [
      21.01431655883789,
      17.031505584716797,
      19.698524475097656,
      17.89118194580078,
      21.167512893676758,
      20.632246017456055,
      31.74903678894043,
      30.747196197509766,
      26.18653678894043,
      28.333698272705078,
      40.57136917114258,
      39.93959045410156,
      38.15869903564453,
      38.474613189697266,
      30.278594970703125,
      30.0538387298584,
      20.80278205871582,
      20.662090301513672
    ],
    [
      20.745576858520508,
      16.809772491455078,
      19.4600887298584,
      17.602441787719727,
      20.928075790405273,
      20.2979679107666,
      31.325923919677734,
      30.460105895996094,
      25.754804611206055,
      28.014629364013672,
      40.21760177612305,
      39.67753219604492,
      37.9416618347168,
      38.22783279418945,
      30.071144104003906,
      29.889360427856445,
      20.662090301513672,
      20.880590438842773
    ]
  ],
  "covariance_short": [
    [
      65.07272338867188,
      42.975704193115234,
      57.94115447998047,
      53.3818473815918,
      44.543212890625,
      46.71315383911133,
      52.332862854003906,
      45.895328521728516,
      41.05630111694336,
      39.83799743652344,
      55.014869689941406,
      51.04249954223633,
      38.22029495239258,
      37.66512680053711,
      22.647199630737305,
      21.836627960205078,
      11.482317924499512,
      11.414664268493652
    ],
    [
      42.975704193115234,
      36.10501480102539,
      41.91386032104492,
      38.787025451660156,
      32.05475997924805,
      33.610042572021484,
      38.53436279296875,
      34.118141174316406,
      30.149181365966797,
      29.536142349243164,
      38.506927490234375,
      36.01860046386719,
      27.25084686279297,
      26.959972381591797,
      16.516841888427734,
      15.889535903930664,
      8.413068771362305,
      8.33946704864502
    ],
    [
      57.94115447998047,
      41.91386032104492,
      111.35955810546875,
      91.36425018310547,
      62.16302490234375,
      67.23342895507812,
      71.43949890136719,
      63.34639358520508,
      56.89438247680664,
      53.7121467590332,
      68.74761962890625,
      64.13267517089844,
      47.69970703125,
      47.36016845703125,
      27.485490798950195,
      26.566850662231445,
      12.868924140930176,
      12.72999382019043
    ],
    [
      53.3818473815918,
      38.787025451660156,
      91.36425018310547,
      100.80134582519531,
      58.521705627441406,
      64.38706970214844,
      69.72662353515625,
      62.4885139465332,
      52.76120376586914,
      51.10485076904297,
      64.79039764404297,
      60.414894104003906,
      44.679420471191406,
      44.39801788330078,
      25.646949768066406,
      24.717727661132812,
      12.14692497253418,
      11.932661056518555
    ],
    [
      44.543212890625,
      32.05475997924805,
      62.16302490234375,
      58.521705627441406,
      93.0916748046875,
      79.3712387084961,
      72.29828643798828,
      64.84207153320312,
      57.350669860839844,
      57.49009704589844,
      76.95765686035156,
      71.51565551757812,
      51.580726623535156,
      51.0556640625,
      30.90283966064453,
      30.249479293823242,
      15.158292770385742,
      14.891884803771973
    ],
    [
      46.71315383911133,
      33.610042572021484,
      67.23342895507812,
      64.38706970214844,
      79.3712387084961,
      96.1785888671875,
      72.43638610839844,
      66.96076202392578,
      59.0504150390625,
      58.66957092285156,
      80.98265838623047,
      76.17582702636719,
      53.80531311035156,
      53.30294418334961,
      31.92702293395996,
      31.382944107055664,
      15.316108703613281,
      15.023757934570312
    ],
    [
      52.332862854003906,
      38.53436279296875,
      71.43949890136719,
      69.72662353515625,
      72.29828643798828,
      72.43638610839844,
      123.36383819580078,
      106.20950317382812,
      82.08695983886719,
      83.15840911865234,
      104.55757141113281,
      98.09217071533203,
      77.06183624267578,
      76.05394744873047,
      46.54182815551758,
      45.83509826660156,
      24.237138748168945,
      23.93046760559082
    ],
    [
      45.895328521728516,
      34.118141174316406,
      63.34639358520508,
      62.4885139465332,
      64.84207153320312,
      66.96076202392578,
      106.20950317382812,
      112.74372863769531,
      79.17160034179688,
      80.96784210205078,
      102.10855865478516,
      96.94014739990234,
      76.01435852050781,
      74.8564453125,
      45.85729217529297,
      45.32169723510742,
      24.130817413330078,
      23.9328556060791
    ],
    [
      41.05630111694336,
      30.149181365966797,
      56.89438247680664,
      52.76120376586914,
      57.350669860839844,
      59.0504150390625,
      82.08695983886719,
      79.17160034179688,
      106.16812896728516,
      95.2231674194336,
      95.8458480834961,
      92.33242797851562,
      72.83854675292969,
      71.39718627929688,
      42.073909759521484,
      41.214996337890625,
      22.177433013916016,
      21.78182601928711
    ],
    [
      39.83799743652344,
      29.536142349243164,
      53.7121467590332,
      51.10485076904297,
      57.49009704589844,
      58.66957092285156,
      83.15840911865234,
      80.96784210205078,
      95.2231674194336,
      106.07553100585938,
      100.10530853271484,
      96.81758880615234,
      76.67768859863281,
      75.49573516845703,
      44.66839599609375,
      43.981239318847656,
      24.32666015625,
      24.072378158569336
    ],
    [
      55.014869689941406,
      38.506927490234375,
      68.74761962890625,
      64.79039764404297,
      76.95765686035156,
      80.98265838623047,
      104.55757141113281,
      102.10855865478516,
      95.8458480834961,
      100.10530853271484,
      157.13284301757812,
      148.2835235595703,
      109.54952239990234,
      107.92679595947266,
      64.76337432861328,
      64.17072296142578,
      35.367889404296875,
      35.102779388427734
    ],
    [
      51.04249954223633,
      36.01860046386719,
      64.13267517089844,
      60.414894104003906,
      71.51565551757812,
      76.17582702636719,
      98.09217071533203,
      96.94014739990234,
      92.33242797851562,
      96.81758880615234,
      148.2835235595703,
      148.10458374023438,
      107.7130355834961,
      106.4285659790039,
      63.78181838989258,
      63.34808349609375,
      35.0699577331543,
      34.89811325073242
    ],
    [
      38.22029495239258,
      27.25084686279297,
      47.69970703125,
      44.679420471191406,
      51.580726623535156,
      53.80531311035156,
      77.06183624267578,
      76.01435852050781,
      72.83854675292969,
      76.67768859863281,
      109.54952239990234,
      107.7130355834961,
      94.31279754638672,
      91.7030258178711,
      58.219200134277344,
      57.84157180786133,
      33.490848541259766,
      33.4057502746582
    ],
    [
      37.66512680053711,
      26.959972381591797,
      47.36016845703125,
      44.39801788330078,
      51.0556640625,
      53.30294418334961,
      76.05394744873047,
      74.8564453125,
      71.39718627929688,
      75.49573516845703,
      107.92679595947266,
      106.4285659790039,
      91.7030258178711,
      92.93692016601562,
      58.68245315551758,
      58.40642547607422,
      33.728878021240234,
      33.62898635864258
    ],
    [
      22.647199630737305,
      16.516841888427734,
      27.485490798950195,
      25.646949768066406,
      30.90283966064453,
      31.92702293395996,
      46.54182815551758,
      45.85729217529297,
      42.073909759521484,
      44.66839599609375,
      64.76337432861328,
      63.78181838989258,
      58.219200134277344,
      58.68245315551758,
      44.61775207519531,
      43.42753601074219,
      26.629526138305664,
      26.4766845703125
    ],
    [
      21.836627960205078,
      15.889535903930664,
      26.566850662231445,
      24.717727661132812,
      30.249479293823242,
      31.382944107055664,
      45.83509826660156,
      45.32169723510742,
      41.214996337890625,
      43.981239318847656,
      64.17072296142578,
      63.34808349609375,
      57.84157180786133,
      58.40642547607422,
      43.42753601074219,
      44.14921188354492,
      26.40125846862793,
      26.326309204101562
    ],
    [
      11.482317924499512,
      8.413068771362305,
      12.868924140930176,
      12.14692497253418,
      15.158292770385742,
      15.316108703613281,
      24.237138748168945,
      24.130817413330078,
      22.177433013916016,
      24.32666015625,
      35.367889404296875,
      35.0699577331543,
      33.490848541259766,
      33.728878021240234,
      26.629526138305664,
      26.40125846862793,
      19.210969924926758,
      18.933897018432617
    ],
    [
      11.414664268493652,
      8.33946704864502,
      12.72999382019043,
      11.932661056518555,
      14.891884803771973,
      15.023757934570312,
      23.93046760559082,
      23.9328556060791,
      21.78182601928711,
      24.072378158569336,
      35.102779388427734,
      34.89811325073242,
      33.4057502746582,
      33.62898635864258,
      26.4766845703125,
      26.326309204101562,
      18.933897018432617,
      19.355363845825195
    ]
  ],
  "drr": 11.554935455322266,
  "dynamics": 6.877371311187744,
  "format": 1245190,
  "frames": 15269888,
  "loudness": -26.85896110534668,
  "loudness_range": 24.53514289855957,
  "loudness_range_short": 25.996599197387695,
  "peak": -0.881187379360199,
  "rms": -25.974559783935547,
  "sample_rate": 44100,
  "sections": 1,
  "seekable": 1,
  "sharpness": 3.160261869430542,
  "space": -2.266056776046753
}