{
  "bands": [
    {
      "high_freq": 148.1999969482422,
      "loudness": -19.223413467407227,
      "loudness_range": 7.129463195800781,
      "mid_mean": -15.638534545898438,
      "mid_to_side_loudness": -18.487865447998047,
      "mid_to_side_loudness_range": 12.394918441772461,
      "side_mean": -33.657379150390625
    },
    {
      "high_freq": 392.3793640136719,
      "loudness": -17.337974548339844,
      "loudness_range": 4.921110153198242,
      "low_freq": 148.1999969482422,
      "mid_mean": -14.195637702941895,
      "mid_to_side_loudness": -10.016904830932617,
      "mid_to_side_loudness_range": 9.0562744140625,
      "side_mean": -23.48832893371582
    },
    {
      "high_freq": 794.6976318359375,
      "loudness": -19.41826629638672,
      "loudness_range": 7.187471389770508,
      "low_freq": 392.3793640136719,
      "mid_mean": -16.505659103393555,
      "mid_to_side_loudness": -7.8113017082214355,
      "mid_to_side_loudness_range": 8.061274528503418,
      "side_mean": -24.308435440063477
    },
    {
      "high_freq": 1457.5709228515625,
      "loudness": -19.37588119506836,
      "loudness_range": 8.058454513549805,
      "low_freq": 794.6976318359375,
      "mid_mean": -16.51685333251953,
      "mid_to_side_loudness": -7.698574542999268,
      "mid_to_side_loudness_range": 9.221964836120605,
      "side_mean": -24.3341064453125
    },
    {
      "high_freq": 2549.74365234375,
      "loudness": -19.80724334716797,
      "loudness_range": 10.436946868896484,
      "low_freq": 1457.5709228515625,
      "mid_mean": -16.677719116210938,
      "mid_to_side_loudness": -9.267005920410156,
      "mid_to_side_loudness_range": 6.388373851776123,
      "side_mean": -25.962980270385742
    },
    {
      "high_freq": 4349.24462890625,
      "loudness": -20.846641540527344,
      "loudness_range": 10.167098045349121,
      "low_freq": 2549.74365234375,
      "mid_mean": -17.676984786987305,
      "mid_to_side_loudness": -9.659708976745605,
      "mid_to_side_loudness_range": 6.809066295623779,
      "side_mean": -27.428325653076172
    },
    {
      "high_freq": 7314.1640625,
      "loudness": -23.90021514892578,
      "loudness_range": 12.720355987548828,
      "low_freq": 4349.24462890625,
      "mid_mean": -20.678237915039062,
      "mid_to_side_loudness": -9.951421737670898,
      "mid_to_side_loudness_range": 7.2972869873046875,
      "side_mean": -30.716106414794922
    },
    {
      "high_freq": 12199.2666015625,
      "loudness": -27.542116165161133,
      "loudness_range": 11.656627655029297,
      "low_freq": 7314.1640625,
      "mid_mean": -24.249675750732422,
      "mid_to_side_loudness": -10.533096313476562,
      "mid_to_side_loudness_range": 7.314151763916016,
      "side_mean": -35.017112731933594
    },
    {
      "loudness": -36.006263732910156,
      "loudness_range": 13.00922966003418,
      "low_freq": 12199.2666015625,
      "mid_mean": -32.826900482177734,
      "mid_to_side_loudness": -9.7170991897583,
      "mid_to_side_loudness_range": 8.609502792358398,
      "side_mean": -42.662960052490234
    }
  ],
  "bands_short": [
    {
      "high_freq": 148.1999969482422,
      "loudness": -24.076597213745117,
      "loudness_range": 15.133855819702148,
      "mid_mean": -20.62022590637207,
      "mid_to_side_loudness": -17.958847045898438,
      "mid_to_side_loudness_range": 21.474716186523438,
      "side_mean": -38.279239654541016
    },
    {
      "high_freq": 392.3793640136719,
      "loudness": -16.702123641967773,
      "loudness_range": 7.937169075012207,
      "low_freq": 148.1999969482422,
      "mid_mean": -13.506103515625,
      "mid_to_side_loudness": -11.33384895324707,
      "mid_to_side_loudness_range": 12.910828590393066,
      "side_mean": -24.152070999145508
    },
    {
      "high_freq": 794.6976318359375,
      "loudness": -20.305295944213867,
      "loudness_range": 9.887896537780762,
      "low_freq": 392.3793640136719,
      "mid_mean": -17.568023681640625,
      "mid_to_side_loudness": -7.55663537979126,
      "mid_to_side_loudness_range": 11.667107582092285,
      "side_mean": -25.10700225830078
    },
    {
      "high_freq": 1457.5709228515625,
      "loudness": -19.306957244873047,
      "loudness_range": 10.479196548461914,
      "low_freq": 794.6976318359375,
      "mid_mean": -16.53499412536621,
      "mid_to_side_loudness": -7.731127738952637,
      "mid_to_side_loudness_range": 11.571080207824707,
      "side_mean": -24.306520462036133
    },
    {
      "high_freq": 2549.74365234375,
      "loudness": -20.460655212402344,
      "loudness_range": 13.252741813659668,
      "low_freq": 1457.5709228515625,
      "mid_mean": -17.41751480102539,
      "mid_to_side_loudness": -9.110625267028809,
      "mid_to_side_loudness_range": 8.722814559936523,
      "side_mean": -26.523048400878906
    },
    {
      "high_freq": 4349.24462890625,
      "loudness": -21.503463745117188,
      "loudness_range": 12.408744812011719,
      "low_freq": 2549.74365234375,
      "mid_mean": -18.368974685668945,
      "mid_to_side_loudness": -9.601572036743164,
      "mid_to_side_loudness_range": 8.747446060180664,
      "side_mean": -28.036746978759766
    },
    {
      "high_freq": 7314.1640625,
      "loudness": -24.80403709411621,
      "loudness_range": 15.855807304382324,
      "low_freq": 4349.24462890625,
      "mid_mean": -21.658912658691406,
      "mid_to_side_loudness": -9.728470802307129,
      "mid_to_side_loudness_range": 9.162357330322266,
      "side_mean": -31.444246292114258
    },
    {
      "high_freq": 12199.2666015625,
      "loudness": -28.960342407226562,
      "loudness_range": 16.49480438232422,
      "low_freq": 7314.1640625,
      "mid_mean": -25.709333419799805,
      "mid_to_side_loudness": -10.662446022033691,
      "mid_to_side_loudness_range": 9.849664688110352,
      "side_mean": -36.591346740722656
    },
    {
      "loudness": -40.08742904663086,
      "loudness_range": 23.64112091064453,
      "low_freq": 12199.2666015625,
      "mid_mean": -37.11347198486328,
      "mid_to_side_loudness": -9.06617259979248,
      "mid_to_side_loudness_range": 11.657432556152344,
      "side_mean": -46.52521896362305
    }
  ],
  "channels": 2,
  "covariance": [
    [
      11.066495895385742,
      2.6634521484375,
      2.4097824096679688,
      -0.3240939974784851,
      -0.6373953819274902,
      -0.08412482589483261,
      -1.337088704109192,
      -0.6981375813484192,
      -2.5946054458618164,
      -1.9221022129058838,
      -2.6067583560943604,
      -1.7871540784835815,
      -3.0499062538146973,
      -2.2371156215667725,
      -2.165897846221924,
      -1.9235271215438843,
      -0.7658960819244385,
      -1.031223177909851
    ],
    [
      2.6634521484375,
      15.974796295166016,
      1.0845004320144653,
      -0.45133447647094727,
      1.5748717784881592,
      0.0788167268037796,
      0.6276060938835144,
      -0.695055365562439,
      -1.4496077299118042,
      -2.6007471084594727,
      -2.14285945892334,
      -2.4108829498291016,
      -2.205392360687256,
      -2.2776827812194824,
      -1.8221936225891113,
      -1.1339648962020874,
      -0.4234807789325714,
      0.23932497203350067
    ],
    [
      2.4097824096679688,
      1.0845004320144653,
      8.954283714294434,
      1.748361587524414,
      2.539400339126587,
      2.215264081954956,
      1.5591200590133667,
      1.7675607204437256,
      -0.9323019981384277,
      -0.10753124207258224,
      0.07318014651536942,
      -0.09437417984008789,
      0.3448789119720459,
      -0.17101727426052094,
      0.6304977536201477,
      -0.2874579131603241,
      1.0518535375595093,
      -0.2193164974451065
    ],
    [
      -0.3240939974784851,
      -0.45133447647094727,
      1.748361587524414,
      7.602126598358154,
      1.8422365188598633,
      3.309159755706787,
      2.136563539505005,
      3.840229034423828,
      1.4795525074005127,
      2.32116961479187,
      0.3753588795661926,
      1.5325405597686768,
      -0.651986837387085,
      0.40561002492904663,
      -0.29748833179473877,
      0.06171249970793724,
      -0.45749631524086,
      -0.42978325486183167
    ],
    [
      -0.6373953819274902,
      1.5748717784881592,
      2.539400339126587,
      1.8422365188598633,
      11.289849281311035,
      6.6811323165893555,
      4.589696884155273,
      4.183953762054443,
      3.228489637374878,
      2.5316083431243896,
      2.9016196727752686,
      2.2911481857299805,
      1.442204236984253,
      0.9140529036521912,
      0.46305540204048157,
      0.6496680378913879,
      -0.5428872108459473,
      -0.07610657811164856
    ],
    [
      -0.08412482589483261,
      0.0788167268037796,
      2.215264081954956,
      3.309159755706787,
      6.6811323165893555,
      10.250852584838867,
      3.516366958618164,
      5.342410564422607,
      2.869691848754883,
      3.383375883102417,
      1.9711329936981201,
      2.892477035522461,
      0.9969894289970398,
      1.5943350791931152,
      0.27896615862846375,
      0.9682163000106812,
      -0.7311318516731262,
      -0.003848629305139184
    ],
    [
      -1.337088704109192,
      0.6276060938835144,
      1.5591200590133667,
      2.136563539505005,
      4.589696884155273,
      3.516366958618164,
      13.236757278442383,
      7.984276294708252,
      4.84822416305542,
      6.18621301651001,
      4.243631362915039,
      4.4746623039245605,
      2.678318738937378,
      2.5235939025878906,
      0.5959045886993408,
      1.365821361541748,
      -1.6973422765731812,
      -0.09672501683235168
    ],
    [
      -0.6981375813484192,
      -0.695055365562439,
      1.7675607204437256,
      3.840229034423828,
      4.183953762054443,
      5.342410564422607,
      7.984276294708252,
      13.324350357055664,
      5.538270950317383,
      7.056258678436279,
      3.5326220989227295,
      4.852195739746094,
      2.35844087600708,
      3.1456334590911865,
      0.8120214939117432,
      1.5593808889389038,
      -0.4997125566005707,
      0.28239455819129944
    ],
    [
      -2.5946054458618164,
      -1.4496077299118042,
      -0.9323019981384277,
      1.4795525074005127,
      3.228489637374878,
      2.869691848754883,
      4.84822416305542,
      5.538270950317383,
      16.28071403503418,
      12.342293739318848,
      6.202716827392578,
      7.087180137634277,
      3.8394672870635986,
      5.003498554229736,
      -0.11632311344146729,
      2.6880125999450684,
      -4.20850133895874,
      -0.1471937894821167
    ],
    [
      -1.9221022129058838,
      -2.6007471084594727,
      -0.10753124207258224,
      2.32116961479187,
      2.5316083431243896,
      3.383375883102417,
      6.18621301651001,
      7.056258678436279,
      12.342293739318848,
      14.152836799621582,
      6.919878959655762,
      8.788140296936035,
      4.577193260192871,
      6.5770263671875,
      1.2903422117233276,
      3.5149874687194824,
      -2.796038866043091,
      0.13081729412078857
    ],
    [
      -2.6067583560943604,
      -2.14285945892334,
      0.07318014651536942,
      0.3753588795661926,
      2.9016196727752686,
      1.9711329936981201,
      4.243631362915039,
      3.5326220989227295,
      6.202716827392578,
      6.919878959655762,
      14.136758804321289,
      9.938416481018066,
      12.973763465881348,
      9.412789344787598,
      8.677170753479004,
      7.168310165405273,
      1.901778221130371,
      2.6449854373931885
    ],
    [
      -1.7871540784835815,
      -2.4108829498291016,
      -0.09437417984008789,
      1.5325405597686768,
      2.2911481857299805,
      2.892477035522461,
      4.4746623039245605,
      4.852195739746094,
      7.087180137634277,
      8.788140296936035,
      9.938416481018066,
      11.057510375976562,
      8.233625411987305,
      8.674389839172363,
      4.935976505279541,
      6.0061116218566895,
      0.3855629563331604,
      2.3344457149505615
    ],
    [
      -3.0499062538146973,
      -2.205392360687256,
      0.3448789119720459,
      -0.651986837387085,
      1.442204236984253,
      0.9969894289970398,
      2.678318738937378,
      2.35844087600708,
      3.8394672870635986,
      4.577193260192871,
      12.973763465881348,
      8.233625411987305,
      19.96718978881836,
      12.67495346069336,
      15.23620891571045,
      10.73980712890625,
      8.381103515625,
      5.998891353607178
    ],
    [
      -2.2371156215667725,
      -2.2776827812194824,
      -0.17101727426052094,
      0.40561002492904663,
      0.9140529036521912,
      1.5943350791931152,
      2.5235939025878906,
      3.1456334590911865,
      5.003498554229736,
      6.5770263671875,
      9.412789344787598,
      8.674389839172363,
      12.67495346069336,
      12.279825210571289,
      9.478918075561523,
      9.477911949157715,
      4.459090232849121,
      5.482358455657959
    ],
    [
      -2.165897846221924,
      -1.8221936225891113,
      0.6304977536201477,
      -0.29748833179473877,
      0.46305540204048157,
      0.27896615862846375,
      0.5959045886993408,
      0.8120214939117432,
      -0.11632311344146729,
      1.2903422117233276,
      8.677170753479004,
      4.935976505279541,
      15.23620891571045,
      9.478918075561523,
      17.33911895751953,
      11.03424072265625,
      14.099203109741211,
      7.998323440551758
    ],
    [
      -1.9235271215438843,
      -1.1339648962020874,
      -0.2874579131603241,
      0.06171249970793724,
      0.6496680378913879,
      0.9682163000106812,
      1.365821361541748,
      1.5593808889389038,
      2.6880125999450684,
      3.5149874687194824,
      7.168310165405273,
      6.0061116218566895,
      10.73980712890625,
      9.477911949157715,
      11.03424072265625,
      10.90516185760498,
      7.876121997833252,
      8.041940689086914
    ],
    [
      -0.7658960819244385,
      -0.4234807789325714,
      1.0518535375595093,
      -0.45749631524086,
      -0.5428872108459473,
      -0.7311318516731262,
      -1.6973422765731812,
      -0.4997125566005707,
      -4.20850133895874,
      -2.796038866043091,
      1.901778221130371,
      0.3855629563331604,
      8.381103515625,
      4.459090232849121,
      14.099203109741211,
      7.876121997833252,
      20.800973892211914,
      10.920918464660645
    ],
    [
      -1.031223177909851,
      0.23932497203350067,
      -0.2193164974451065,
      -0.42978325486183167,
      -0.07610657811164856,
      -0.003848629305139184,
      -0.09672501683235168,
      0.28239455819129944,
      -0.1471937894821167,
      0.13081729412078857,
      2.6449854373931885,
      2.3344457149505615,
      5.998891353607178,
      5.482358455657959,
      7.998323440551758,
      8.041940689086914,
      10.920918464660645,
      10.661270141601562
    ]
  ],
  "covariance_short": [
    [
      32.365394592285156,
      6.982320785522461,
      0.1339396834373474,
      -2.0506558418273926,
      -2.2052507400512695,
      -2.3385043144226074,
      -3.2369167804718018,
      -2.658083200454712,
      -2.473238706588745,
      -2.353447437286377,
      -1.100896954536438,
      -1.7288862466812134,
      -1.790255069732666,
      -1.9123570919036865,
      -1.8534574508666992,
      -1.4806759357452393,
      -1.7629199028015137,
      -2.9382827281951904
    ],
    [
      6.982320785522461,
      35.030677795410156,
      2.788726568222046,
      -4.046225070953369,
      -0.6136289238929749,
      -3.1106231212615967,
      -1.3425620794296265,
      -3.3353946208953857,
      -3.566157341003418,
      -5.204347610473633,
      -2.9448001384735107,
      -4.853125095367432,
      -2.7785136699676514,
      -3.9492979049682617,
      -1.3063929080963135,
      -1.332224726676941,
      0.6407735347747803,
      0.22045248746871948
    ],
    [
      0.1339396834373474,
      2.788726568222046,
      13.602727890014648,
      3.13948392868042,
      3.9933297634124756,
      3.160064697265625,
      1.9259018898010254,
      1.9277803897857666,
      0.13180233538150787,
      0.8316481113433838,
      0.06424476951360703,
      0.7489466071128845,
      -0.07624039053916931,
      0.5795419216156006,
      0.8105661273002625,
      1.3110582828521729,
      3.890319347381592,
      4.333522796630859
    ],
    [
      -2.0506558418273926,
      -4.046225070953369,
      3.13948392868042,
      15.567693710327148,
      2.9388632774353027,
      6.635952949523926,
      4.363092422485352,
      6.611154556274414,
      3.542736053466797,
      5.5897722244262695,
      2.185704231262207,
      4.817183494567871,
      1.0218443870544434,
      3.4966681003570557,
      1.104985237121582,
      3.2782444953918457,
      1.1609721183776855,
      3.9231038093566895
    ],
    [
      -2.2052507400512695,
      -0.6136289238929749,
      3.9933297634124756,
      2.9388632774353027,
      18.698415756225586,
      9.019264221191406,
      7.4578471183776855,
      6.562089443206787,
      5.846486568450928,
      5.159765720367432,
      6.244717121124268,
      4.999170780181885,
      4.588919639587402,
      3.960726737976074,
      3.1685330867767334,
      3.681048631668091,
      4.376667499542236,
      7.189357280731201
    ],
    [
      -2.3385043144226074,
      -3.1106231212615967,
      3.160064697265625,
      6.635952949523926,
      9.019264221191406,
      17.331743240356445,
      5.943733215332031,
      8.891499519348145,
      5.132964134216309,
      6.893577575683594,
      4.363458156585693,
      6.197560787200928,
      2.984895706176758,
      4.620631694793701,
      1.5592767000198364,
      3.298814296722412,
      0.4677394926548004,
      4.285534858703613
    ],
    [
      -3.2369167804718018,
      -1.3425620794296265,
      1.9259018898010254,
      4.363092422485352,
      7.4578471183776855,
      5.943733215332031,
      19.547147750854492,
      10.515491485595703,
      8.78979206085205,
      8.395675659179688,
      6.458004951477051,
      6.614774227142334,
      4.87930154800415,
      5.116553783416748,
      2.8117833137512207,
      4.708485126495361,
      2.6199638843536377,
      8.584298133850098
    ],
    [
      -2.658083200454712,
      -3.3353946208953857,
      1.9277803897857666,
      6.611154556274414,
      6.562089443206787,
      8.891499519348145,
      10.515491485595703,
      18.137388229370117,
      7.872430801391602,
      9.767358779907227,
      5.128235340118408,
      7.469725608825684,
      4.495255470275879,
      6.244182586669922,
      2.2647182941436768,
      4.737218856811523,
      1.9678226709365845,
      7.305377006530762
    ],
    [
      -2.473238706588745,
      -3.566157341003418,
      0.13180233538150787,
      3.542736053466797,
      5.846486568450928,
      5.132964134216309,
      8.78979206085205,
      7.872430801391602,
      25.013471603393555,
      17.86213493347168,
      11.868287086486816,
      11.90312385559082,
      9.568156242370605,
      10.153132438659668,
      4.574009418487549,
      8.5129976272583,
      2.2385475635528564,
      10.540589332580566
    ],
    [
      -2.353447437286377,
      -5.204347610473633,
      0.8316481113433838,
      5.5897722244262695,
      5.159765720367432,
      6.893577575683594,
      8.395675659179688,
      9.767358779907227,
      17.86213493347168,
      21.275959014892578,
      11.525514602661133,
      14.092247009277344,
      9.642243385314941,
      11.936127662658691,
      5.099320411682129,
      8.914200782775879,
      2.1869826316833496,
      9.247455596923828
    ],
    [
      -1.100896954536438,
      -2.9448001384735107,
      0.06424476951360703,
      2.185704231262207,
      6.244717121124268,
      4.363458156585693,
      6.458004951477051,
      5.128235340118408,
      11.868287086486816,
      11.525514602661133,
      22.44289779663086,
      15.841289520263672,
      21.63547706604004,
      16.49880599975586,
      17.151870727539062,
      15.993263244628906,
      14.474345207214355,
      15.705724716186523
    ],
    [
      -1.7288862466812134,
      -4.853125095367432,
      0.7489466071128845,
      4.817183494567871,
      4.999170780181885,
      6.197560787200928,
      6.614774227142334,
      7.469725608825684,
      11.90312385559082,
      14.092247009277344,
      15.841289520263672,
      18.52301597595215,
      15.08121395111084,
      16.112462997436523,
      10.973180770874023,
      14.036900520324707,
      9.117412567138672,
      14.144577026367188
    ],
    [
      -1.790255069732666,
      -2.7785136699676514,
      -0.07624039053916931,
      1.0218443870544434,
      4.588919639587402,
      2.984895706176758,
      4.87930154800415,
      4.495255470275879,
      9.568156242370605,
      9.642243385314941,
      21.63547706604004,
      15.08121395111084,
      32.684173583984375,
      22.6630916595459,
      28.109264373779297,
      23.635940551757812,
      29.89277458190918,
      25.201242446899414
    ],
    [
      -1.9123570919036865,
      -3.9492979049682617,
      0.5795419216156006,
      3.4966681003570557,
      3.960726737976074,
      4.620631694793701,
      5.116553783416748,
      6.244182586669922,
      10.153132438659668,
      11.936127662658691,
      16.49880599975586,
      16.112462997436523,
      22.6630916595459,
      23.336795806884766,
      19.280597686767578,
      21.777082443237305,
      21.401611328125,
      23.85855484008789
    ],
    [
      -1.8534574508666992,
      -1.3063929080963135,
      0.8105661273002625,
      1.104985237121582,
      3.1685330867767334,
      1.5592767000198364,
      2.8117833137512207,
      2.2647182941436768,
      4.574009418487549,
      5.099320411682129,
      17.151870727539062,
      10.973180770874023,
      28.109264373779297,
      19.280597686767578,
      34.724388122558594,
      26.074771881103516,
      40.7629508972168,
      29.510393142700195
    ],
    [
      -1.4806759357452393,
      -1.332224726676941,
      1.3110582828521729,
      3.2782444953918457,
      3.681048631668091,
      3.298814296722412,
      4.708485126495361,
      4.737218856811523,
      8.5129976272583,
      8.914200782775879,
      15.993263244628906,
      14.036900520324707,
      23.635940551757812,
      21.777082443237305,
      26.074771881103516,
      29.69975471496582,
      32.97513961791992,
      34.04525375366211
    ],
    [
      -1.7629199028015137,
      0.6407735347747803,
      3.890319347381592,
      1.1609721183776855,
      4.376667499542236,
      0.4677394926548004,
      2.6199638843536377,
      1.9678226709365845,
      2.2385475635528564,
      2.1869826316833496,
      14.474345207214355,
      9.117412567138672,
      29.89277458190918,
      21.401611328125,
      40.7629508972168,
      32.97513961791992,
      73.74856567382812,
      53.28580093383789
    ],
    [
      -2.9382827281951904,
      0.22045248746871948,
      4.333522796630859,
      3.9231038093566895,
      7.189357280731201,
      4.285534858703613,
      8.584298133850098,
      7.305377006530762,
      10.540589332580566,
      9.247455596923828,
      15.705724716186523,
      14.144577026367188,
      25.201242446899414,
      23.85855484008789,
      29.510393142700195,
      34.04525375366211,
      53.28580093383789,
      58.21397399902344
    ]
  ],
  "drr": 13.567150115966797,
  "dynamics": 1.29709792137146,
  "format": 1245190,
  "frames": 12335104,
  "loudness": -7.1404128074646,
  "loudness_range": 2.7052769660949707,
  "loudness_range_short": 4.42397928237915,
  "peak": 0.7270435094833374,
  "rms": -10.340516090393066,
  "sample_rate": 44100,
  "sections": 1,
  "seekable": 1,
  "sharpness": 1.5033022165298462,
  "space": -9.955619812011719
}