{
  "bands": [
    {
      "high_freq": 148.1999969482422,
      "loudness": -18.240928649902344,
      "loudness_range": 9.500996589660645,
      "mid_mean": -14.565313339233398,
      "mid_to_side_loudness": -21.10527992248535,
      "mid_to_side_loudness_range": 23.51419448852539,
      "side_mean": -36.70570755004883
    },
    {
      "high_freq": 392.3793640136719,
      "loudness": -20.422792434692383,
      "loudness_range": 9.244584083557129,
      "low_freq": 148.1999969482422,
      "mid_mean": -17.92301368713379,
      "mid_to_side_loudness": -5.6710591316223145,
      "mid_to_side_loudness_range": 10.239240646362305,
      "side_mean": -23.83973503112793
    },
    {
      "high_freq": 794.6976318359375,
      "loudness": -22.190135955810547,
      "loudness_range": 13.275362014770508,
      "low_freq": 392.3793640136719,
      "mid_mean": -19.921493530273438,
      "mid_to_side_loudness": -4.543464660644531,
      "mid_to_side_loudness_range": 9.616419792175293,
      "side_mean": -24.77275848388672
    },
    {
      "high_freq": 1457.5709228515625,
      "loudness": -24.329652786254883,
      "loudness_range": 17.879295349121094,
      "low_freq": 794.6976318359375,
      "mid_mean": -22.315967559814453,
      "mid_to_side_loudness": -3.9225432872772217,
      "mid_to_side_loudness_range": 11.94926929473877,
      "side_mean": -26.63219451904297
    },
    {
      "high_freq": 2549.74365234375,
      "loudness": -25.0945987701416,
      "loudness_range": 19.733226776123047,
      "low_freq": 1457.5709228515625,
      "mid_mean": -23.014171600341797,
      "mid_to_side_loudness": -4.067775249481201,
      "mid_to_side_loudness_range": 11.077189445495605,
      "side_mean": -27.510173797607422
    },
    {
      "high_freq": 4349.24462890625,
      "loudness": -26.0367488861084,
      "loudness_range": 17.19894027709961,
      "low_freq": 2549.74365234375,
      "mid_mean": -23.7580509185791,
      "mid_to_side_loudness": -5.230589389801025,
      "mid_to_side_loudness_range": 9.890880584716797,
      "side_mean": -29.02581787109375
    },
    {
      "high_freq": 7314.1640625,
      "loudness": -27.599058151245117,
      "loudness_range": 13.598445892333984,
      "low_freq": 4349.24462890625,
      "mid_mean": -25.46451187133789,
      "mid_to_side_loudness": -4.433897972106934,
      "mid_to_side_loudness_range": 8.558990478515625,
      "side_mean": -30.325361251831055
    },
    {
      "high_freq": 12199.2666015625,
      "loudness": -27.043434143066406,
      "loudness_range": 13.574769973754883,
      "low_freq": 7314.1640625,
      "mid_mean": -25.148231506347656,
      "mid_to_side_loudness": -3.7823970317840576,
      "mid_to_side_loudness_range": 11.324830055236816,
      "side_mean": -29.732454299926758
    },
    {
      "loudness": -29.327482223510742,
      "loudness_range": 12.02591323852539,
      "low_freq": 12199.2666015625,
      "mid_mean": -27.966188430786133,
      "mid_to_side_loudness": -1.9776439666748047,
      "mid_to_side_loudness_range": 8.386690139770508,
      "side_mean": -30.37371063232422
    }
  ],
  "bands_short": [
    {
      "high_freq": 148.1999969482422,
      "loudness": -22.12595558166504,
      "loudness_range": 23.287494659423828,
      "mid_mean": -18.59569549560547,
      "mid_to_side_loudness": -20.936038970947266,
      "mid_to_side_loudness_range": 32.48299026489258,
      "side_mean": -41.656063079833984
    },
    {
      "high_freq": 392.3793640136719,
      "loudness": -20.042205810546875,
      "loudness_range": 12.508888244628906,
      "low_freq": 148.1999969482422,
      "mid_mean": -17.549114227294922,
      "mid_to_side_loudness": -6.94317102432251,
      "mid_to_side_loudness_range": 14.606242179870605,
      "side_mean": -24.50398826599121
    },
    {
      "high_freq": 794.6976318359375,
      "loudness": -22.90239715576172,
      "loudness_range": 14.975884437561035,
      "low_freq": 392.3793640136719,
      "mid_mean": -20.994752883911133,
      "mid_to_side_loudness": -3.9931395053863525,
      "mid_to_side_loudness_range": 12.583051681518555,
      "side_mean": -25.268033981323242
    },
    {
      "high_freq": 1457.5709228515625,
      "loudness": -24.49348258972168,
      "loudness_range": 19.89840316772461,
      "low_freq": 794.6976318359375,
      "mid_mean": -22.804773330688477,
      "mid_to_side_loudness": -3.470777750015259,
      "mid_to_side_loudness_range": 14.21798038482666,
      "side_mean": -26.680147171020508
    },
    {
      "high_freq": 2549.74365234375,
      "loudness": -26.046571731567383,
      "loudness_range": 22.253877639770508,
      "low_freq": 1457.5709228515625,
      "mid_mean": -24.315916061401367,
      "mid_to_side_loudness": -3.5394203662872314,
      "mid_to_side_loudness_range": 13.474372863769531,
      "side_mean": -28.198633193969727
    },
    {
      "high_freq": 4349.24462890625,
      "loudness": -26.9365291595459,
      "loudness_range": 20.29801368713379,
      "low_freq": 2549.74365234375,
      "mid_mean": -24.982036590576172,
      "mid_to_side_loudness": -4.481271743774414,
      "mid_to_side_loudness_range": 12.50029182434082,
      "side_mean": -29.496679306030273
    },
    {
      "high_freq": 7314.1640625,
      "loudness": -28.966564178466797,
      "loudness_range": 19.73819351196289,
      "low_freq": 4349.24462890625,
      "mid_mean": -27.07818031311035,
      "mid_to_side_loudness": -3.9076788425445557,
      "mid_to_side_loudness_range": 11.007125854492188,
      "side_mean": -31.476238250732422
    },
    {
      "high_freq": 12199.2666015625,
      "loudness": -28.772968292236328,
      "loudness_range": 18.689939498901367,
      "low_freq": 7314.1640625,
      "mid_mean": -26.953914642333984,
      "mid_to_side_loudness": -3.7614049911499023,
      "mid_to_side_loudness_range": 13.899185180664062,
      "side_mean": -31.727664947509766
    },
    {
      "loudness": -31.997371673583984,
      "loudness_range": 21.809846878051758,
      "low_freq": 12199.2666015625,
      "mid_mean": -30.71750259399414,
      "mid_to_side_loudness": -2.2707698345184326,
      "mid_to_side_loudness_range": 11.67470932006836,
      "side_mean": -33.529273986816406
    }
  ],
  "channels": 2,
  "covariance": [
    [
      25.096513748168945,
      8.698731422424316,
      7.784941673278809,
      6.270166397094727,
      8.12906265258789,
      9.608856201171875,
      13.678936004638672,
      12.517606735229492,
      15.686065673828125,
      15.356853485107422,
      12.564477920532227,
      14.39571475982666,
      11.505762100219727,
      13.258764266967773,
      5.650392055511475,
      7.903810024261475,
      5.3730902671813965,
      6.6546149253845215
    ],
    [
      8.698731422424316,
      35.1447868347168,
      8.486151695251465,
      9.409687995910645,
      8.7341947555542,
      11.1214017868042,
      11.910518646240234,
      12.022744178771973,
      15.340073585510254,
      16.281713485717773,
      15.26235580444336,
      17.94270896911621,
      11.638592720031738,
      15.856315612792969,
      6.547702312469482,
      12.713807106018066,
      5.363413333892822,
      9.088593482971191
    ],
    [
      7.784941673278809,
      8.486151695251465,
      18.631772994995117,
      11.069180488586426,
      14.159011840820312,
      11.365058898925781,
      12.579504013061523,
      8.911110877990723,
      17.093050003051758,
      13.403757095336914,
      15.534415245056152,
      13.017678260803223,
      10.71063232421875,
      11.87827205657959,
      6.328212261199951,
      8.75827407836914,
      5.090061187744141,
      6.372409343719482
    ],
    [
      6.270166397094727,
      9.409687995910645,
      11.069180488586426,
      16.041339874267578,
      12.410758018493652,
      13.55781078338623,
      13.324477195739746,
      12.667630195617676,
      15.23375129699707,
      13.785656929016113,
      13.537603378295898,
      14.537263870239258,
      10.981595039367676,
      12.557045936584473,
      7.982907772064209,
      9.805788040161133,
      7.449765205383301,
      9.139150619506836
    ],
    [
      8.12906265258789,
      8.7341947555542,
      14.159011840820312,
      12.410758018493652,
      28.781307220458984,
      20.46015739440918,
      26.52215576171875,
      17.407575607299805,
      27.664453506469727,
      20.09085464477539,
      24.277790069580078,
      20.635507583618164,
      16.217792510986328,
      16.059499740600586,
      12.450018882751465,
      13.19713020324707,
      9.491625785827637,
      11.259943962097168
    ],
    [
      9.608856201171875,
      11.1214017868042,
      11.365058898925781,
      13.55781078338623,
      20.46015739440918,
      24.822046279907227,
      24.673662185668945,
      23.629335403442383,
      25.063020706176758,
      23.88256072998047,
      21.401323318481445,
      24.408235549926758,
      17.326431274414062,
      19.734573364257812,
      13.458179473876953,
      16.8552303314209,
      12.999438285827637,
      15.700655937194824
    ],
    [
      13.678936004638672,
      11.910518646240234,
      12.579504013061523,
      13.324477195739746,
      26.52215576171875,
      24.673662185668945,
      46.87773513793945,
      33.30824661254883,
      36.57286834716797,
      31.007652282714844,
      31.70083236694336,
      32.22652053833008,
      22.92520523071289,
      25.56963348388672,
      17.716325759887695,
      20.979339599609375,
      16.288803100585938,
      19.438648223876953
    ],
    [
      12.517606735229492,
      12.022744178771973,
      8.911110877990723,
      12.667630195617676,
      17.407575607299805,
      23.629335403442383,
      33.30824661254883,
      38.78623962402344,
      28.061038970947266,
      31.208152770996094,
      23.280410766601562,
      30.651535034179688,
      19.491893768310547,
      24.32608413696289,
      16.515270233154297,
      20.851879119873047,
      17.427471160888672,
      20.291440963745117
    ],
    [
      15.686065673828125,
      15.340073585510254,
      17.093050003051758,
      15.23375129699707,
      27.664453506469727,
      25.063020706176758,
      36.57286834716797,
      28.061038970947266,
      55.39022445678711,
      39.62257385253906,
      43.78517150878906,
      39.98591232299805,
      32.282833099365234,
      33.38422775268555,
      23.488086700439453,
      26.63081932067871,
      19.489887237548828,
      22.107961654663086
    ],
    [
      15.356853485107422,
      16.281713485717773,
      13.403757095336914,
      13.785656929016113,
      20.09085464477539,
      23.88256072998047,
      31.007652282714844,
      31.208152770996094,
      39.62257385253906,
      40.689781188964844,
      32.83496856689453,
      37.70466232299805,
      26.57014274597168,
      32.1904411315918,
      19.472116470336914,
      26.841384887695312,
      18.351442337036133,
      22.930374145507812
    ],
    [
      12.564477920532227,
      15.26235580444336,
      15.534415245056152,
      13.537603378295898,
      24.277790069580078,
      21.401323318481445,
      31.70083236694336,
      23.280410766601562,
      43.78517150878906,
      32.83496856689453,
      47.50162887573242,
      40.15018844604492,
      34.12813949584961,
      34.681175231933594,
      23.498201370239258,
      25.539077758789062,
      19.942319869995117,
      21.34372901916504
    ],
    [
      14.39571475982666,
      17.94270896911621,
      13.017678260803223,
      14.537263870239258,
      20.635507583618164,
      24.408235549926758,
      32.22652053833008,
      30.651535034179688,
      39.98591232299805,
      37.70466232299805,
      40.15018844604492,
      48.901268005371094,
      32.56779098510742,
      40.180702209472656,
      24.16452407836914,
      32.491004943847656,
      24.444318771362305,
      29.0538330078125
    ],
    [
      11.505762100219727,
      11.638592720031738,
      10.71063232421875,
      10.981595039367676,
      16.217792510986328,
      17.326431274414062,
      22.92520523071289,
      19.491893768310547,
      32.282833099365234,
      26.57014274597168,
      34.12813949584961,
      32.56779098510742,
      40.426822662353516,
      34.82890319824219,
      26.99271011352539,
      27.445146560668945,
      22.29039764404297,
      23.90542221069336
    ],
    [
      13.258764266967773,
      15.856315612792969,
      11.87827205657959,
      12.557045936584473,
      16.059499740600586,
      19.734573364257812,
      25.56963348388672,
      24.32608413696289,
      33.38422775268555,
      32.1904411315918,
      34.681175231933594,
      40.180702209472656,
      34.82890319824219,
      46.362613677978516,
      23.74614143371582,
      35.023406982421875,
      24.43280029296875,
      30.90945053100586
    ],
    [
      5.650392055511475,
      6.547702312469482,
      6.328212261199951,
      7.982907772064209,
      12.450018882751465,
      13.458179473876953,
      17.716325759887695,
      16.515270233154297,
      23.488086700439453,
      19.472116470336914,
      23.498201370239258,
      24.16452407836914,
      26.99271011352539,
      23.74614143371582,
      30.120397567749023,
      22.114837646484375,
      22.77950668334961,
      20.876434326171875
    ],
    [
      7.903810024261475,
      12.713807106018066,
      8.75827407836914,
      9.805788040161133,
      13.19713020324707,
      16.8552303314209,
      20.979339599609375,
      20.851879119873047,
      26.63081932067871,
      26.841384887695312,
      25.539077758789062,
      32.491004943847656,
      27.445146560668945,
      35.023406982421875,
      22.114837646484375,
      39.958248138427734,
      22.81016731262207,
      32.38663101196289
    ],
    [
      5.3730902671813965,
      5.363413333892822,
      5.090061187744141,
      7.449765205383301,
      9.491625785827637,
      12.999438285827637,
      16.288803100585938,
      17.427471160888672,
      19.489887237548828,
      18.351442337036133,
      19.942319869995117,
      24.444318771362305,
      22.29039764404297,
      24.43280029296875,
      22.77950668334961,
      22.81016731262207,
      27.86114501953125,
      25.28929328918457
    ],
    [
      6.6546149253845215,
      9.088593482971191,
      6.372409343719482,
      9.139150619506836,
      11.259943962097168,
      15.700655937194824,
      19.438648223876953,
      20.291440963745117,
      22.107961654663086,
      22.930374145507812,
      21.34372901916504,
      29.0538330078125,
      23.90542221069336,
      30.90945053100586,
      20.876434326171875,
      32.38663101196289,
      25.28929328918457,
      39.349639892578125
    ]
  ],
  "covariance_short": [
    [
      73.2481689453125,
      14.41308307647705,
      22.20601463317871,
      4.5891499519348145,
      6.9830098152160645,
      7.600633144378662,
      13.283985137939453,
      12.176769256591797,
      16.286680221557617,
      14.870145797729492,
      14.213567733764648,
      13.048914909362793,
      15.022945404052734,
      13.222830772399902,
      8.035120010375977,
      7.919187068939209,
      5.4415974617004395,
      9.70693302154541
    ],
    [
      14.41308307647705,
      64.73910522460938,
      13.423649787902832,
      11.782541275024414,
      10.304503440856934,
      12.97983455657959,
      14.133204460144043,
      15.631699562072754,
      17.910615921020508,
      20.688371658325195,
      18.10784149169922,
      22.089797973632812,
      17.224937438964844,
      22.916996002197266,
      11.594247817993164,
      20.331483840942383,
      13.90413761138916,
      20.143009185791016
    ],
    [
      22.20601463317871,
      13.423649787902832,
      30.158687591552734,
      12.782706260681152,
      15.591238021850586,
      12.95460033416748,
      15.791577339172363,
      11.828032493591309,
      19.366506576538086,
      15.583732604980469,
      18.970678329467773,
      15.517881393432617,
      15.078231811523438,
      15.15736198425293,
      8.723665237426758,
      11.049769401550293,
      8.479738235473633,
      12.094244956970215
    ],
    [
      4.5891499519348145,
      11.782541275024414,
      12.782706260681152,
      21.46114158630371,
      12.497787475585938,
      14.351922988891602,
      13.42800235748291,
      13.466866493225098,
      14.708111763000488,
      14.35315990447998,
      14.07180118560791,
      14.6264009475708,
      12.187190055847168,
      14.32552433013916,
      8.786029815673828,
      11.79587173461914,
      9.269869804382324,
      11.701560974121094
    ],
    [
      6.9830098152160645,
      10.304503440856934,
      15.591238021850586,
      12.497787475585938,
      35.467445373535156,
      21.551856994628906,
      27.658292770385742,
      17.76371192932129,
      29.839269638061523,
      20.494565963745117,
      27.649444580078125,
      20.489145278930664,
      19.49559211730957,
      17.7883243560791,
      15.000630378723145,
      15.578781127929688,
      12.663411140441895,
      16.922624588012695
    ],
    [
      7.600633144378662,
      12.97983455657959,
      12.95460033416748,
      14.351922988891602,
      21.551856994628906,
      28.26922607421875,
      24.655925750732422,
      23.671585083007812,
      25.685453414916992,
      24.914230346679688,
      23.497005462646484,
      25.033737182617188,
      20.223628997802734,
      22.76669692993164,
      15.572511672973633,
      20.410438537597656,
      16.283674240112305,
      21.081436157226562
    ],
    [
      13.283985137939453,
      14.133204460144043,
      15.791577339172363,
      13.42800235748291,
      27.658292770385742,
      24.655925750732422,
      56.50358200073242,
      36.79917907714844,
      40.90275955200195,
      33.346466064453125,
      38.03751754760742,
      33.58821105957031,
      29.031208038330078,
      30.067630767822266,
      22.26569175720215,
      25.482664108276367,
      21.0832576751709,
      27.04771614074707
    ],
    [
      12.176769256591797,
      15.631699562072754,
      11.828032493591309,
      13.466866493225098,
      17.76371192932129,
      23.671585083007812,
      36.79917907714844,
      44.42057418823242,
      30.505834579467773,
      34.329185485839844,
      27.850818634033203,
      33.69606018066406,
      24.536779403686523,
      30.12382698059082,
      19.583648681640625,
      26.55304718017578,
      22.022809982299805,
      26.64043426513672
    ],
    [
      16.286680221557617,
      17.910615921020508,
      19.366506576538086,
      14.708111763000488,
      29.839269638061523,
      25.685453414916992,
      40.90275955200195,
      30.505834579467773,
      65.99610900878906,
      44.873748779296875,
      52.100196838378906,
      42.608272552490234,
      41.5322151184082,
      39.641868591308594,
      31.4678897857666,
      34.15397262573242,
      28.04349136352539,
      35.22002029418945
    ],
    [
      14.870145797729492,
      20.688371658325195,
      15.583732604980469,
      14.35315990447998,
      20.494565963745117,
      24.914230346679688,
      33.346466064453125,
      34.329185485839844,
      44.873748779296875,
      49.4665412902832,
      39.01303482055664,
      43.060909271240234,
      34.78466033935547,
      41.02653884887695,
      26.389524459838867,
      36.240840911865234,
      27.944114685058594,
      35.740333557128906
    ],
    [
      14.213567733764648,
      18.10784149169922,
      18.970678329467773,
      14.07180118560791,
      27.649444580078125,
      23.497005462646484,
      38.03751754760742,
      27.850818634033203,
      52.100196838378906,
      39.01303482055664,
      58.66780471801758,
      45.01063919067383,
      45.657657623291016,
      42.6407470703125,
      33.31785583496094,
      34.787376403808594,
      30.05885124206543,
      35.41849136352539
    ],
    [
      13.048914909362793,
      22.089797973632812,
      15.517881393432617,
      14.6264009475708,
      20.489145278930664,
      25.033737182617188,
      33.58821105957031,
      33.69606018066406,
      42.608272552490234,
      43.060909271240234,
      45.01063919067383,
      54.02442169189453,
      40.708412170410156,
      49.38829040527344,
      30.003097534179688,
      42.28581619262695,
      32.27752685546875,
      41.8699836730957
    ],
    [
      15.022945404052734,
      17.224937438964844,
      15.078231811523438,
      12.187190055847168,
      19.49559211730957,
      20.223628997802734,
      29.031208038330078,
      24.536779403686523,
      41.5322151184082,
      34.78466033935547,
      45.657657623291016,
      40.708412170410156,
      58.91897964477539,
      48.223182678222656,
      43.80059814453125,
      43.41973876953125,
      42.325927734375,
      46.276187896728516
    ],
    [
      13.222830772399902,
      22.916996002197266,
      15.15736198425293,
      14.32552433013916,
      17.7883243560791,
      22.76669692993164,
      30.067630767822266,
      30.12382698059082,
      39.641868591308594,
      41.02653884887695,
      42.6407470703125,
      49.38829040527344,
      48.223182678222656,
      61.90385818481445,
      36.34342575073242,
      53.20454025268555,
      41.18223571777344,
      54.43837356567383
    ],
    [
      8.035120010375977,
      11.594247817993164,
      8.723665237426758,
      8.786029815673828,
      15.000630378723145,
      15.572511672973633,
      22.26569175720215,
      19.583648681640625,
      31.4678897857666,
      26.389524459838867,
      33.31785583496094,
      30.003097534179688,
      43.80059814453125,
      36.34342575073242,
      49.560455322265625,
      38.82209014892578,
      44.62454605102539,
      41.99058532714844
    ],
    [
      7.919187068939209,
      20.331483840942383,
      11.049769401550293,
      11.79587173461914,
      15.578781127929688,
      20.410438537597656,
      25.482664108276367,
      26.55304718017578,
      34.15397262573242,
      36.240840911865234,
      34.787376403808594,
      42.28581619262695,
      43.41973876953125,
      53.20454025268555,
      38.82209014892578,
      67.73268127441406,
      46.21041488647461,
      65.90901947021484
    ],
    [
      5.4415974617004395,
      13.90413761138916,
      8.479738235473633,
      9.269869804382324,
      12.663411140441895,
      16.283674240112305,
      21.0832576751709,
      22.022809982299805,
      28.04349136352539,
      27.944114685058594,
      30.05885124206543,
      32.27752685546875,
      42.325927734375,
      41.18223571777344,
      44.62454605102539,
      46.21041488647461,
      61.426361083984375,
      58.008602142333984
    ],
    [
      9.70693302154541,
      20.143009185791016,
      12.094244956970215,
      11.701560974121094,
      16.922624588012695,
      21.081436157226562,
      27.04771614074707,
      26.64043426513672,
      35.22002029418945,
      35.740333557128906,
      35.41849136352539,
      41.8699836730957,
      46.276187896728516,
      54.43837356567383,
      41.99058532714844,
      65.90901947021484,
      58.008602142333984,
      89.93814849853516
    ]
  ],
  "drr": 16.950899124145508,
  "dynamics": 3.242323875427246,
  "format": 1245190,
  "frames": 11930560,
  "loudness": -9.077570915222168,
  "loudness_range": 9.504581451416016,
  "loudness_range_short": 11.538591384887695,
  "peak": 0.8521761298179626,
  "rms": -11.047879219055176,
  "sample_rate": 44100,
  "sections": 1,
  "seekable": 1,
  "sharpness": 2.277712345123291,
  "space": -7.064532279968262
}