{
  "bands": [
    {
      "high_freq": 148.1999969482422,
      "loudness": -48.906272888183594,
      "loudness_range": 32.013668060302734,
      "mid_mean": -48.60708999633789,
      "mid_to_side_loudness": -0.0797121599316597,
      "mid_to_side_loudness_range": 14.989638328552246,
      "side_mean": -48.326351165771484
    },
    {
      "high_freq": 392.3793640136719,
      "loudness": -36.61211395263672,
      "loudness_range": 18.104869842529297,
      "low_freq": 148.1999969482422,
      "mid_mean": -37.026859283447266,
      "mid_to_side_loudness": 1.5444916486740112,
      "mid_to_side_loudness_range": 8.724870681762695,
      "side_mean": -35.55790328979492
    },
    {
      "high_freq": 794.6976318359375,
      "loudness": -36.07579803466797,
      "loudness_range": 16.77544403076172,
      "low_freq": 392.3793640136719,
      "mid_mean": -36.0712776184082,
      "mid_to_side_loudness": 0.9267318248748779,
      "mid_to_side_loudness_range": 6.978177070617676,
      "side_mean": -35.09837341308594
    },
    {
      "high_freq": 1457.5709228515625,
      "loudness": -40.975624084472656,
      "loudness_range": 17.9948673248291,
      "low_freq": 794.6976318359375,
      "mid_mean": -40.607147216796875,
      "mid_to_side_loudness": 0.28240764141082764,
      "mid_to_side_loudness_range": 6.921167850494385,
      "side_mean": -40.28730010986328
    },
    {
      "high_freq": 2549.74365234375,
      "loudness": -40.24177169799805,
      "loudness_range": 19.001007080078125,
      "low_freq": 1457.5709228515625,
      "mid_mean": -39.4826545715332,
      "mid_to_side_loudness": -0.42615196108818054,
      "mid_to_side_loudness_range": 6.111124515533447,
      "side_mean": -39.93395233154297
    },
    {
      "high_freq": 4349.24462890625,
      "loudness": -44.472618103027344,
      "loudness_range": 22.297718048095703,
      "low_freq": 2549.74365234375,
      "mid_mean": -43.83487319946289,
      "mid_to_side_loudness": -0.08060629665851593,
      "mid_to_side_loudness_range": 4.637537479400635,
      "side_mean": -43.895668029785156
    },
    {
      "high_freq": 7314.1640625,
      "loudness": -59.251686096191406,
      "loudness_range": 25.80080795288086,
      "low_freq": 4349.24462890625,
      "mid_mean": -58.155975341796875,
      "mid_to_side_loudness": -0.0032669324427843094,
      "mid_to_side_loudness_range": 4.015528678894043,
      "side_mean": -58.167320251464844
    },
    {
      "high_freq": 12199.2666015625,
      "loudness": -66.17301940917969,
      "loudness_range": 24.725631713867188,
      "low_freq": 7314.1640625,
      "mid_mean": -63.50751876831055,
      "mid_to_side_loudness": -0.07603805512189865,
      "mid_to_side_loudness_range": 1.6967136859893799,
      "side_mean": -63.549766540527344
    },
    {
      "loudness": -71.3280029296875,
      "loudness_range": 24.14453887939453,
      "low_freq": 12199.2666015625,
      "mid_mean": -66.75495910644531,
      "mid_to_side_loudness": 0.02834031544625759,
      "mid_to_side_loudness_range": 1.1093783378601074,
      "side_mean": -66.7687759399414
    }
  ],
  "bands_short": [
    {
      "high_freq": 148.1999969482422,
      "loudness": -54.09576416015625,
      "loudness_range": 31.68906021118164,
      "mid_mean": -52.52939987182617,
      "mid_to_side_loudness": -1.9830734729766846,
      "mid_to_side_loudness_range": 12.761187553405762,
      "side_mean": -53.97339630126953
    },
    {
      "high_freq": 392.3793640136719,
      "loudness": -37.915000915527344,
      "loudness_range": 19.984411239624023,
      "low_freq": 148.1999969482422,
      "mid_mean": -38.502017974853516,
      "mid_to_side_loudness": 1.6399891376495361,
      "mid_to_side_loudness_range": 10.718047142028809,
      "side_mean": -36.81791687011719
    },
    {
      "high_freq": 794.6976318359375,
      "loudness": -35.700477600097656,
      "loudness_range": 17.430461883544922,
      "low_freq": 392.3793640136719,
      "mid_mean": -35.79518508911133,
      "mid_to_side_loudness": 0.8072508573532104,
      "mid_to_side_loudness_range": 10.434618949890137,
      "side_mean": -34.9591064453125
    },
    {
      "high_freq": 1457.5709228515625,
      "loudness": -40.83249282836914,
      "loudness_range": 18.407567977905273,
      "low_freq": 794.6976318359375,
      "mid_mean": -40.66352844238281,
      "mid_to_side_loudness": 0.4226302206516266,
      "mid_to_side_loudness_range": 9.402865409851074,
      "side_mean": -40.210784912109375
    },
    {
      "high_freq": 2549.74365234375,
      "loudness": -40.639102935791016,
      "loudness_range": 19.76839256286621,
      "low_freq": 1457.5709228515625,
      "mid_mean": -39.95622634887695,
      "mid_to_side_loudness": -0.42005014419555664,
      "mid_to_side_loudness_range": 7.918188095092773,
      "side_mean": -40.41291809082031
    },
    {
      "high_freq": 4349.24462890625,
      "loudness": -44.810401916503906,
      "loudness_range": 22.815441131591797,
      "low_freq": 2549.74365234375,
      "mid_mean": -44.26750183105469,
      "mid_to_side_loudness": -0.047725193202495575,
      "mid_to_side_loudness_range": 6.322017669677734,
      "side_mean": -44.33611297607422
    },
    {
      "high_freq": 7314.1640625,
      "loudness": -59.46310806274414,
      "loudness_range": 26.04507064819336,
      "low_freq": 4349.24462890625,
      "mid_mean": -58.39654541015625,
      "mid_to_side_loudness": 0.005555958952754736,
      "mid_to_side_loudness_range": 5.782114028930664,
      "side_mean": -58.40951919555664
    },
    {
      "high_freq": 12199.2666015625,
      "loudness": -66.43767547607422,
      "loudness_range": 24.729278564453125,
      "low_freq": 7314.1640625,
      "mid_mean": -63.73149871826172,
      "mid_to_side_loudness": -0.06175587326288223,
      "mid_to_side_loudness_range": 2.9766955375671387,
      "side_mean": -63.770408630371094
    },
    {
      "loudness": -71.52853393554688,
      "loudness_range": 24.25528335571289,
      "low_freq": 12199.2666015625,
      "mid_mean": -66.87178039550781,
      "mid_to_side_loudness": 0.0675971582531929,
      "mid_to_side_loudness_range": 2.31093168258667,
      "side_mean": -66.88468170166016
    }
  ],
  "channels": 2,
  "covariance": [
    [
      110.51451873779297,
      112.11692810058594,
      18.054750442504883,
      17.124879837036133,
      0.251523494720459,
      1.682364821434021,
      7.6424102783203125,
      8.018330574035645,
      4.280629634857178,
      5.4071125984191895,
      6.630230903625488,
      7.544628143310547,
      12.108668327331543,
      12.51811408996582,
      8.031930923461914,
      8.343770980834961,
      8.728377342224121,
      8.710624694824219
    ],
    [
      112.11692810058594,
      133.09312438964844,
      21.605182647705078,
      22.080780029296875,
      1.1662760972976685,
      2.320929527282715,
      8.649529457092285,
      9.058393478393555,
      6.197618007659912,
      7.36203145980835,
      9.296520233154297,
      10.034875869750977,
      15.090978622436523,
      15.649014472961426,
      9.836511611938477,
      10.024724960327148,
      10.208468437194824,
      10.153448104858398
    ],
    [
      18.054750442504883,
      21.605182647705078,
      48.21631622314453,
      39.482810974121094,
      22.01899528503418,
      21.754777908325195,
      23.256641387939453,
      23.025779724121094,
      20.428630828857422,
      21.879953384399414,
      21.959569931030273,
      22.01976776123047,
      20.081928253173828,
      20.730628967285156,
      15.494294166564941,
      15.35789966583252,
      9.82040786743164,
      9.75955581665039
    ],
    [
      17.124879837036133,
      22.080780029296875,
      39.482810974121094,
      44.582237243652344,
      22.26178550720215,
      22.207393646240234,
      24.504915237426758,
      23.943706512451172,
      22.10886001586914,
      23.506057739257812,
      22.923660278320312,
      23.012840270996094,
      21.488033294677734,
      21.96581268310547,
      16.350915908813477,
      16.228471755981445,
      10.135544776916504,
      10.068442344665527
    ],
    [
      0.251523494720459,
      1.1662760972976685,
      22.01899528503418,
      22.26178550720215,
      34.19704055786133,
      30.85688018798828,
      26.699161529541016,
      25.32744789123535,
      26.347949981689453,
      27.696189880371094,
      28.48976707458496,
      28.38442039489746,
      26.658946990966797,
      26.626163482666016,
      20.728729248046875,
      20.772092819213867,
      11.843235969543457,
      11.808137893676758
    ],
    [
      1.682364821434021,
      2.320929527282715,
      21.754777908325195,
      22.207393646240234,
      30.85688018798828,
      34.22681427001953,
      26.633052825927734,
      25.669109344482422,
      26.652803421020508,
      28.208702087402344,
      29.051612854003906,
      28.963003158569336,
      27.255842208862305,
      27.313825607299805,
      21.587221145629883,
      21.700780868530273,
      12.627022743225098,
      12.565999031066895
    ],
    [
      7.6424102783203125,
      8.649529457092285,
      23.256641387939453,
      24.504915237426758,
      26.699161529541016,
      26.633052825927734,
      38.64942932128906,
      36.97575759887695,
      32.607486724853516,
      34.09305953979492,
      37.81828689575195,
      37.477272033691406,
      35.68463134765625,
      35.762939453125,
      27.316997528076172,
      27.37611961364746,
      17.59177589416504,
      17.530271530151367
    ],
    [
      8.018330574035645,
      9.058393478393555,
      23.025779724121094,
      23.943706512451172,
      25.32744789123535,
      25.669109344482422,
      36.97575759887695,
      41.56663131713867,
      34.25347900390625,
      35.15762710571289,
      40.350372314453125,
      39.76544952392578,
      37.81589126586914,
      37.936920166015625,
      28.184223175048828,
      28.251941680908203,
      18.57416343688965,
      18.50310516357422
    ],
    [
      4.280629634857178,
      6.197618007659912,
      20.428630828857422,
      22.10886001586914,
      26.347949981689453,
      26.652803421020508,
      32.607486724853516,
      34.25347900390625,
      42.50528335571289,
      40.60575866699219,
      43.3759651184082,
      42.2849235534668,
      40.843265533447266,
      40.8338508605957,
      30.241289138793945,
      30.381790161132812,
      18.935447692871094,
      18.871889114379883
    ],
    [
      5.4071125984191895,
      7.36203145980835,
      21.879953384399414,
      23.506057739257812,
      27.696189880371094,
      28.208702087402344,
      34.09305953979492,
      35.15762710571289,
      40.60575866699219,
      44.03826904296875,
      43.86823272705078,
      42.83371353149414,
      41.67809295654297,
      41.808597564697266,
      31.84574317932129,
      31.99273109436035,
      20.151029586791992,
      20.0743465423584
    ],
    [
      6.630230903625488,
      9.296520233154297,
      21.959569931030273,
      22.923660278320312,
      28.48976707458496,
      29.051612854003906,
      37.81828689575195,
      40.350372314453125,
      43.3759651184082,
      43.86823272705078,
      58.02894592285156,
      55.43287658691406,
      51.436866760253906,
      51.340797424316406,
      38.08991241455078,
      38.188114166259766,
      24.855379104614258,
      24.738393783569336
    ],
    [
      7.544628143310547,
      10.034875869750977,
      22.01976776123047,
      23.012840270996094,
      28.38442039489746,
      28.963003158569336,
      37.477272033691406,
      39.76544952392578,
      42.2849235534668,
      42.83371353149414,
      55.43287658691406,
      55.93605422973633,
      50.6113395690918,
      50.55953598022461,
      37.63896942138672,
      37.71295928955078,
      24.61274528503418,
      24.504453659057617
    ],
    [
      12.108668327331543,
      15.090978622436523,
      20.081928253173828,
      21.488033294677734,
      26.658946990966797,
      27.255842208862305,
      35.68463134765625,
      37.81589126586914,
      40.843265533447266,
      41.67809295654297,
      51.436866760253906,
      50.6113395690918,
      56.30707550048828,
      55.47044372558594,
      40.55484390258789,
      40.56113815307617,
      27.692441940307617,
      27.533489227294922
    ],
    [
      12.51811408996582,
      15.649014472961426,
      20.730628967285156,
      21.96581268310547,
      26.626163482666016,
      27.313825607299805,
      35.762939453125,
      37.936920166015625,
      40.8338508605957,
      41.808597564697266,
      51.340797424316406,
      50.55953598022461,
      55.47044372558594,
      56.27052688598633,
      40.50395202636719,
      40.51310729980469,
      27.72402000427246,
      27.555858612060547
    ],
    [
      8.031930923461914,
      9.836511611938477,
      15.494294166564941,
      16.350915908813477,
      20.728729248046875,
      21.587221145629883,
      27.316997528076172,
      28.184223175048828,
      30.241289138793945,
      31.84574317932129,
      38.08991241455078,
      37.63896942138672,
      40.55484390258789,
      40.50395202636719,
      33.407554626464844,
      33.27470016479492,
      22.532814025878906,
      22.419504165649414
    ],
    [
      8.343770980834961,
      10.024724960327148,
      15.35789966583252,
      16.228471755981445,
      20.772092819213867,
      21.700780868530273,
      27.37611961364746,
      28.251941680908203,
      30.381790161132812,
      31.99273109436035,
      38.188114166259766,
      37.71295928955078,
      40.56113815307617,
      40.51310729980469,
      33.27470016479492,
      33.37198257446289,
      22.540374755859375,
      22.427040100097656
    ],
    [
      8.728377342224121,
      10.208468437194824,
      9.82040786743164,
      10.135544776916504,
      11.843235969543457,
      12.627022743225098,
      17.59177589416504,
      18.57416343688965,
      18.935447692871094,
      20.151029586791992,
      24.855379104614258,
      24.61274528503418,
      27.692441940307617,
      27.72402000427246,
      22.532814025878906,
      22.540374755859375,
      17.553606033325195,
      17.439666748046875
    ],
    [
      8.710624694824219,
      10.153448104858398,
      9.75955581665039,
      10.068442344665527,
      11.808137893676758,
      12.565999031066895,
      17.530271530151367,
      18.50310516357422,
      18.871889114379883,
      20.0743465423584,
      24.738393783569336,
      24.504453659057617,
      27.533489227294922,
      27.555858612060547,
      22.419504165649414,
      22.427040100097656,
      17.439666748046875,
      17.36611557006836
    ]
  ],
  "covariance_short": [
    [
      112.8901138305664,
      111.69131469726562,
      17.956796646118164,
      14.79265022277832,
      -4.389627456665039,
      -2.3096935749053955,
      2.99646258354187,
      2.9525575637817383,
      -1.0974453687667847,
      0.8659974336624146,
      -0.9044015407562256,
      -0.0945548340678215,
      4.877390384674072,
      5.091249465942383,
      3.927945613861084,
      4.296946048736572,
      5.616905689239502,
      5.6353278160095215
    ],
    [
      111.69131469726562,
      122.64952850341797,
      20.487346649169922,
      19.689430236816406,
      -3.3704028129577637,
      -1.0386217832565308,
      3.5684995651245117,
      3.465548276901245,
      -0.3083554804325104,
      1.903254747390747,
      0.15434983372688293,
      0.9303056001663208,
      6.649334907531738,
      6.9295854568481445,
      5.197609901428223,
      5.530471324920654,
      6.576667308807373,
      6.567577362060547
    ],
    [
      17.956796646118164,
      20.487346649169922,
      55.91566467285156,
      46.133628845214844,
      23.200286865234375,
      23.007204055786133,
      24.281511306762695,
      22.979206085205078,
      19.938920974731445,
      21.76291847229004,
      22.16773796081543,
      22.552719116210938,
      21.150102615356445,
      21.71891212463379,
      15.294730186462402,
      15.264369010925293,
      9.895658493041992,
      9.878762245178223
    ],
    [
      14.79265022277832,
      19.689430236816406,
      46.133628845214844,
      53.58787536621094,
      23.29126739501953,
      23.127490997314453,
      25.08819580078125,
      23.594839096069336,
      21.562108993530273,
      23.041086196899414,
      23.063552856445312,
      23.355754852294922,
      22.575397491455078,
      22.935091018676758,
      16.1859130859375,
      16.133031845092773,
      10.301124572753906,
      10.272018432617188
    ],
    [
      -4.389627456665039,
      -3.3704028129577637,
      23.200286865234375,
      23.29126739501953,
      38.73805618286133,
      32.30952453613281,
      26.61593246459961,
      25.341442108154297,
      27.26181983947754,
      28.4523983001709,
      28.77608299255371,
      28.686206817626953,
      26.241552352905273,
      26.1200008392334,
      20.090972900390625,
      20.07025718688965,
      11.518108367919922,
      11.48830795288086
    ],
    [
      -2.3096935749053955,
      -1.0386217832565308,
      23.007204055786133,
      23.127490997314453,
      32.30952453613281,
      39.619781494140625,
      27.131235122680664,
      26.263700485229492,
      27.84315299987793,
      29.26471710205078,
      29.603404998779297,
      29.674314498901367,
      27.514841079711914,
      27.319446563720703,
      21.391550064086914,
      21.436494827270508,
      12.59132194519043,
      12.532381057739258
    ],
    [
      2.99646258354187,
      3.5684995651245117,
      24.281511306762695,
      25.08819580078125,
      26.61593246459961,
      27.131235122680664,
      41.19114303588867,
      36.447547912597656,
      33.161773681640625,
      34.94816589355469,
      38.460548400878906,
      38.26436996459961,
      35.85043716430664,
      35.85807800292969,
      27.087547302246094,
      27.164905548095703,
      17.250173568725586,
      17.203601837158203
    ],
    [
      2.9525575637817383,
      3.465548276901245,
      22.979206085205078,
      23.594839096069336,
      25.341442108154297,
      26.263700485229492,
      36.447547912597656,
      43.11052322387695,
      34.50074005126953,
      35.79777145385742,
      40.892738342285156,
      40.44293975830078,
      37.8294792175293,
      37.795265197753906,
      27.759387969970703,
      27.856672286987305,
      18.151376724243164,
      18.076751708984375
    ],
    [
      -1.0974453687667847,
      -0.3083554804325104,
      19.938920974731445,
      21.562108993530273,
      27.26181983947754,
      27.84315299987793,
      33.161773681640625,
      34.50074005126953,
      46.25942611694336,
      42.63169479370117,
      44.556488037109375,
      43.6592903137207,
      41.13220977783203,
      41.08668899536133,
      30.19915008544922,
      30.300846099853516,
      18.722578048706055,
      18.65757942199707
    ],
    [
      0.8659974336624146,
      1.903254747390747,
      21.76291847229004,
      23.041086196899414,
      28.4523983001709,
      29.26471710205078,
      34.94816589355469,
      35.79777145385742,
      42.63169479370117,
      48.026058197021484,
      44.90000534057617,
      44.08827209472656,
      42.0806884765625,
      42.11440658569336,
      31.9285945892334,
      32.05235290527344,
      19.970439910888672,
      19.899850845336914
    ],
    [
      -0.9044015407562256,
      0.15434983372688293,
      22.16773796081543,
      23.063552856445312,
      28.77608299255371,
      29.603404998779297,
      38.460548400878906,
      40.892738342285156,
      44.556488037109375,
      44.90000534057617,
      61.604331970214844,
      57.73381423950195,
      51.68992233276367,
      51.493797302246094,
      38.04319763183594,
      38.119468688964844,
      24.485309600830078,
      24.387571334838867
    ],
    [
      -0.0945548340678215,
      0.9303056001663208,
      22.552719116210938,
      23.355754852294922,
      28.686206817626953,
      29.674314498901367,
      38.26436996459961,
      40.44293975830078,
      43.6592903137207,
      44.08827209472656,
      57.73381423950195,
      59.69380569458008,
      50.868324279785156,
      50.77893829345703,
      37.551151275634766,
      37.60258102416992,
      24.194732666015625,
      24.106544494628906
    ],
    [
      4.877390384674072,
      6.649334907531738,
      21.150102615356445,
      22.575397491455078,
      26.241552352905273,
      27.514841079711914,
      35.85043716430664,
      37.8294792175293,
      41.13220977783203,
      42.0806884765625,
      51.68992233276367,
      50.868324279785156,
      57.47059631347656,
      55.819480895996094,
      40.23494338989258,
      40.228294372558594,
      27.222679138183594,
      27.088552474975586
    ],
    [
      5.091249465942383,
      6.9295854568481445,
      21.71891212463379,
      22.935091018676758,
      26.1200008392334,
      27.319446563720703,
      35.85807800292969,
      37.795265197753906,
      41.08668899536133,
      42.11440658569336,
      51.493797302246094,
      50.77893829345703,
      55.819480895996094,
      57.422061920166016,
      40.145565032958984,
      40.1546516418457,
      27.23355484008789,
      27.084136962890625
    ],
    [
      3.927945613861084,
      5.197609901428223,
      15.294730186462402,
      16.1859130859375,
      20.090972900390625,
      21.391550064086914,
      27.087547302246094,
      27.759387969970703,
      30.19915008544922,
      31.9285945892334,
      38.04319763183594,
      37.551151275634766,
      40.23494338989258,
      40.145565032958984,
      33.86370849609375,
      33.51604461669922,
      22.24582862854004,
      22.14583396911621
    ],
    [
      4.296946048736572,
      5.530471324920654,
      15.264369010925293,
      16.133031845092773,
      20.07025718688965,
      21.436494827270508,
      27.164905548095703,
      27.856672286987305,
      30.300846099853516,
      32.05235290527344,
      38.119468688964844,
      37.60258102416992,
      40.228294372558594,
      40.1546516418457,
      33.51604461669922,
      33.82093048095703,
      22.264732360839844,
      22.168733596801758
    ],
    [
      5.616905689239502,
      6.576667308807373,
      9.895658493041992,
      10.301124572753906,
      11.518108367919922,
      12.59132194519043,
      17.250173568725586,
      18.151376724243164,
      18.722578048706055,
      19.970439910888672,
      24.485309600830078,
      24.194732666015625,
      27.222679138183594,
      27.23355484008789,
      22.24582862854004,
      22.264732360839844,
      17.569406509399414,
      17.410200119018555
    ],
    [
      5.6353278160095215,
      6.567577362060547,
      9.878762245178223,
      10.272018432617188,
      11.48830795288086,
      12.532381057739258,
      17.203601837158203,
      18.076751708984375,
      18.65757942199707,
      19.899850845336914,
      24.387571334838867,
      24.106544494628906,
      27.088552474975586,
      27.084136962890625,
      22.14583396911621,
      22.168733596801758,
      17.410200119018555,
      17.402902603149414
    ]
  ],
  "drr": 13.184000015258789,
  "dynamics": 4.826638698577881,
  "format": 1245190,
  "frames": 16104384,
  "loudness": -26.932485580444336,
  "loudness_range": 14.816167831420898,
  "loudness_range_short": 15.62993049621582,
  "peak": -3.2634613513946533,
  "rms": -27.3240909576416,
  "sample_rate": 44100,
  "sections": 1,
  "seekable": 1,
  "sharpness": 1.5314286947250366,
  "space": 0.6341292262077332
}