{
  "bands": [
    {
      "high_freq": 148.1999969482422,
      "loudness": -32.876766204833984,
      "loudness_range": 24.694629669189453,
      "mid_mean": -31.325733184814453,
      "mid_to_side_loudness": -2.497579336166382,
      "mid_to_side_loudness_range": 5.742288589477539,
      "side_mean": -34.00927734375
    },
    {
      "high_freq": 392.3793640136719,
      "loudness": -31.97833251953125,
      "loudness_range": 21.002798080444336,
      "low_freq": 148.1999969482422,
      "mid_mean": -31.315900802612305,
      "mid_to_side_loudness": 0.01253960095345974,
      "mid_to_side_loudness_range": 4.5533576011657715,
      "side_mean": -31.46853256225586
    },
    {
      "high_freq": 794.6976318359375,
      "loudness": -30.187196731567383,
      "loudness_range": 21.195650100708008,
      "low_freq": 392.3793640136719,
      "mid_mean": -29.57155418395996,
      "mid_to_side_loudness": -0.48850134015083313,
      "mid_to_side_loudness_range": 7.392874717712402,
      "side_mean": -30.06532096862793
    },
    {
      "high_freq": 1457.5709228515625,
      "loudness": -38.089332580566406,
      "loudness_range": 27.65435218811035,
      "low_freq": 794.6976318359375,
      "mid_mean": -37.291603088378906,
      "mid_to_side_loudness": -0.7414197325706482,
      "mid_to_side_loudness_range": 4.428627967834473,
      "side_mean": -38.03226852416992
    },
    {
      "high_freq": 2549.74365234375,
      "loudness": -40.35140609741211,
      "loudness_range": 35.617347717285156,
      "low_freq": 1457.5709228515625,
      "mid_mean": -39.61925506591797,
      "mid_to_side_loudness": -0.39898979663848877,
      "mid_to_side_loudness_range": 2.0726938247680664,
      "side_mean": -39.997928619384766
    },
    {
      "high_freq": 4349.24462890625,
      "loudness": -43.41075897216797,
      "loudness_range": 28.56931495666504,
      "low_freq": 2549.74365234375,
      "mid_mean": -42.46873474121094,
      "mid_to_side_loudness": -0.5324069857597351,
      "mid_to_side_loudness_range": 1.595214605331421,
      "side_mean": -42.98373031616211
    },
    {
      "high_freq": 7314.1640625,
      "loudness": -45.3293571472168,
      "loudness_range": 24.932151794433594,
      "low_freq": 4349.24462890625,
      "mid_mean": -44.35580062866211,
      "mid_to_side_loudness": -0.5542447566986084,
      "mid_to_side_loudness_range": 0.8104228973388672,
      "side_mean": -44.91191864013672
    },
    {
      "high_freq": 12199.2666015625,
      "loudness": -50.947383880615234,
      "loudness_range": 19.308277130126953,
      "low_freq": 7314.1640625,
      "mid_mean": -50.453163146972656,
      "mid_to_side_loudness": -0.4110478460788727,
      "mid_to_side_loudness_range": 0.5137285590171814,
      "side_mean": -50.838191986083984
    },
    {
      "loudness": -53.81325912475586,
      "loudness_range": 8.746620178222656,
      "low_freq": 12199.2666015625,
      "mid_mean": -53.25990295410156,
      "mid_to_side_loudness": -0.32575637102127075,
      "mid_to_side_loudness_range": 0.49744632840156555,
      "side_mean": -53.56754684448242
    }
  ],
  "bands_short": [
    {
      "high_freq": 148.1999969482422,
      "loudness": -37.182525634765625,
      "loudness_range": 29.810672760009766,
      "mid_mean": -35.68673324584961,
      "mid_to_side_loudness": -2.4596946239471436,
      "mid_to_side_loudness_range": 10.376526832580566,
      "side_mean": -38.31428527832031
    },
    {
      "high_freq": 392.3793640136719,
      "loudness": -31.44012451171875,
      "loudness_range": 20.230695724487305,
      "low_freq": 148.1999969482422,
      "mid_mean": -30.63459587097168,
      "mid_to_side_loudness": -0.5658035278320312,
      "mid_to_side_loudness_range": 7.827375411987305,
      "side_mean": -31.352216720581055
    },
    {
      "high_freq": 794.6976318359375,
      "loudness": -29.640405654907227,
      "loudness_range": 22.489700317382812,
      "low_freq": 392.3793640136719,
      "mid_mean": -29.099824905395508,
      "mid_to_side_loudness": -0.49795404076576233,
      "mid_to_side_loudness_range": 8.15693473815918,
      "side_mean": -29.571388244628906
    },
    {
      "high_freq": 1457.5709228515625,
      "loudness": -38.12274169921875,
      "loudness_range": 28.349136352539062,
      "low_freq": 794.6976318359375,
      "mid_mean": -37.45585632324219,
      "mid_to_side_loudness": -0.7660502791404724,
      "mid_to_side_loudness_range": 5.455207347869873,
      "side_mean": -38.18014144897461
    },
    {
      "high_freq": 2549.74365234375,
      "loudness": -41.328922271728516,
      "loudness_range": 36.88346481323242,
      "low_freq": 1457.5709228515625,
      "mid_mean": -40.63922882080078,
      "mid_to_side_loudness": -0.3713175654411316,
      "mid_to_side_loudness_range": 3.2696444988250732,
      "side_mean": -41.010379791259766
    },
    {
      "high_freq": 4349.24462890625,
      "loudness": -44.23412322998047,
      "loudness_range": 29.07598876953125,
      "low_freq": 2549.74365234375,
      "mid_mean": -43.322052001953125,
      "mid_to_side_loudness": -0.5235700607299805,
      "mid_to_side_loudness_range": 2.672006607055664,
      "side_mean": -43.834571838378906
    },
    {
      "high_freq": 7314.1640625,
      "loudness": -45.93263244628906,
      "loudness_range": 25.185714721679688,
      "low_freq": 4349.24462890625,
      "mid_mean": -44.96339797973633,
      "mid_to_side_loudness": -0.5572368502616882,
      "mid_to_side_loudness_range": 1.8534390926361084,
      "side_mean": -45.510955810546875
    },
    {
      "high_freq": 12199.2666015625,
      "loudness": -51.46760177612305,
      "loudness_range": 19.674442291259766,
      "low_freq": 7314.1640625,
      "mid_mean": -50.964012145996094,
      "mid_to_side_loudness": -0.39978140592575073,
      "mid_to_side_loudness_range": 1.3873335123062134,
      "side_mean": -51.33837127685547
    },
    {
      "loudness": -54.0883903503418,
      "loudness_range": 8.594364166259766,
      "low_freq": 12199.2666015625,
      "mid_mean": -53.531578063964844,
      "mid_to_side_loudness": -0.3141270875930786,
      "mid_to_side_loudness_range": 1.2913445234298706,
      "side_mean": -53.823509216308594
    }
  ],
  "channels": 2,
  "covariance": [
    [
      85.56944274902344,
      80.46980285644531,
      17.735233306884766,
      17.796852111816406,
      9.852235794067383,
      9.95608901977539,
      8.817570686340332,
      7.823506832122803,
      10.50001335144043,
      10.982748031616211,
      12.652420997619629,
      12.544090270996094,
      10.737011909484863,
      10.610100746154785,
      8.341287612915039,
      8.243230819702148,
      4.730860710144043,
      4.67376184463501
    ],
    [
      80.46980285644531,
      84.97574615478516,
      19.01827621459961,
      20.33707618713379,
      9.66996955871582,
      9.089308738708496,
      7.869539260864258,
      6.738262176513672,
      8.504961967468262,
      8.933165550231934,
      11.366008758544922,
      11.13340950012207,
      9.285815238952637,
      9.208722114562988,
      7.841547966003418,
      7.709811687469482,
      5.1607232093811035,
      5.005313396453857
    ],
    [
      17.735233306884766,
      19.01827621459961,
      55.684715270996094,
      54.03333282470703,
      17.125850677490234,
      22.220293045043945,
      23.700336456298828,
      22.81129264831543,
      30.857406616210938,
      30.639759063720703,
      25.2119083404541,
      24.89769744873047,
      18.48353385925293,
      18.41649627685547,
      14.626306533813477,
      14.589497566223145,
      7.301709175109863,
      7.165956974029541
    ],
    [
      17.796852111816406,
      20.33707618713379,
      54.03333282470703,
      57.576778411865234,
      16.989097595214844,
      22.107582092285156,
      23.583515167236328,
      22.893714904785156,
      32.28118133544922,
      32.144840240478516,
      25.25861930847168,
      24.96465492248535,
      17.93918228149414,
      17.89499855041504,
      14.389678955078125,
      14.377490043640137,
      7.1890764236450195,
      7.038577079772949
    ],
    [
      9.852235794067383,
      9.66996955871582,
      17.125850677490234,
      16.989097595214844,
      60.68098831176758,
      56.86421203613281,
      59.03217697143555,
      60.762290954589844,
      63.83597946166992,
      63.24875259399414,
      44.609378814697266,
      45.031558990478516,
      32.3671875,
      32.34439468383789,
      24.045528411865234,
      24.093914031982422,
      9.073434829711914,
      9.115131378173828
    ],
    [
      9.95608901977539,
      9.089308738708496,
      22.220293045043945,
      22.107582092285156,
      56.86421203613281,
      62.05268478393555,
      59.03156280517578,
      60.75478744506836,
      66.60436248779297,
      65.83819580078125,
      46.00517272949219,
      46.275394439697266,
      34.58559799194336,
      34.53764343261719,
      25.34294319152832,
      25.380672454833984,
      9.550749778747559,
      9.629990577697754
    ],
    [
      8.817570686340332,
      7.869539260864258,
      23.700336456298828,
      23.583515167236328,
      59.03217697143555,
      59.03156280517578,
      90.94526672363281,
      90.927978515625,
      93.8052978515625,
      93.74040222167969,
      65.01119995117188,
      65.45304107666016,
      48.272056579589844,
      48.28742218017578,
      35.23699951171875,
      35.38040542602539,
      13.426111221313477,
      13.605440139770508
    ],
    [
      7.823506832122803,
      6.738262176513672,
      22.81129264831543,
      22.893714904785156,
      60.762290954589844,
      60.75478744506836,
      90.927978515625,
      95.42363739013672,
      99.50824737548828,
      99.20781707763672,
      68.03657531738281,
      68.61925506591797,
      50.42106246948242,
      50.41522979736328,
      36.790496826171875,
      36.93855285644531,
      13.70033073425293,
      13.893431663513184
    ],
    [
      10.50001335144043,
      8.504961967468262,
      30.857406616210938,
      32.28118133544922,
      63.83597946166992,
      66.60436248779297,
      93.8052978515625,
      99.50824737548828,
      139.3139190673828,
      138.611083984375,
      98.66566467285156,
      99.04145812988281,
      76.79642486572266,
      76.63862609863281,
      57.943424224853516,
      58.079254150390625,
      21.85374641418457,
      22.128847122192383
    ],
    [
      10.982748031616211,
      8.933165550231934,
      30.639759063720703,
      32.144840240478516,
      63.24875259399414,
      65.83819580078125,
      93.74040222167969,
      99.20781707763672,
      138.611083984375,
      138.8410186767578,
      98.19412994384766,
      98.54115295410156,
      76.29365539550781,
      76.15245056152344,
      57.56904983520508,
      57.70854187011719,
      21.622804641723633,
      21.90584373474121
    ],
    [
      12.652420997619629,
      11.366008758544922,
      25.2119083404541,
      25.25861930847168,
      44.609378814697266,
      46.00517272949219,
      65.01119995117188,
      68.03657531738281,
      98.66566467285156,
      98.19412994384766,
      84.26383209228516,
      84.01358032226562,
      66.5530776977539,
      66.34614562988281,
      49.80533981323242,
      49.86286544799805,
      19.92290496826172,
      20.064414978027344
    ],
    [
      12.544090270996094,
      11.13340950012207,
      24.89769744873047,
      24.96465492248535,
      45.031558990478516,
      46.275394439697266,
      65.45304107666016,
      68.61925506591797,
      99.04145812988281,
      98.54115295410156,
      84.01358032226562,
      84.09115600585938,
      66.36669158935547,
      66.16206359863281,
      49.601478576660156,
      49.65936279296875,
      19.740638732910156,
      19.88640022277832
    ],
    [
      10.737011909484863,
      9.285815238952637,
      18.48353385925293,
      17.93918228149414,
      32.3671875,
      34.58559799194336,
      48.272056579589844,
      50.42106246948242,
      76.79642486572266,
      76.29365539550781,
      66.5530776977539,
      66.36669158935547,
      58.75724411010742,
      58.52654266357422,
      43.75645065307617,
      43.744102478027344,
      18.386585235595703,
      18.448810577392578
    ],
    [
      10.610100746154785,
      9.208722114562988,
      18.41649627685547,
      17.89499855041504,
      32.34439468383789,
      34.53764343261719,
      48.28742218017578,
      50.41522979736328,
      76.63862609863281,
      76.15245056152344,
      66.34614562988281,
      66.16206359863281,
      58.52654266357422,
      58.5196533203125,
      43.754215240478516,
      43.741050720214844,
      18.405553817749023,
      18.465177536010742
    ],
    [
      8.341287612915039,
      7.841547966003418,
      14.626306533813477,
      14.389678955078125,
      24.045528411865234,
      25.34294319152832,
      35.23699951171875,
      36.790496826171875,
      57.943424224853516,
      57.56904983520508,
      49.80533981323242,
      49.601478576660156,
      43.75645065307617,
      43.754215240478516,
      45.48347091674805,
      45.22722625732422,
      23.882980346679688,
      23.668182373046875
    ],
    [
      8.243230819702148,
      7.709811687469482,
      14.589497566223145,
      14.377490043640137,
      24.093914031982422,
      25.380672454833984,
      35.38040542602539,
      36.93855285644531,
      58.079254150390625,
      57.70854187011719,
      49.86286544799805,
      49.65936279296875,
      43.744102478027344,
      43.741050720214844,
      45.22722625732422,
      45.002803802490234,
      23.68643569946289,
      23.479188919067383
    ],
    [
      4.730860710144043,
      5.1607232093811035,
      7.301709175109863,
      7.1890764236450195,
      9.073434829711914,
      9.550749778747559,
      13.426111221313477,
      13.70033073425293,
      21.85374641418457,
      21.622804641723633,
      19.92290496826172,
      19.740638732910156,
      18.386585235595703,
      18.405553817749023,
      23.882980346679688,
      23.68643569946289,
      15.514237403869629,
      15.269892692565918
    ],
    [
      4.67376184463501,
      5.005313396453857,
      7.165956974029541,
      7.038577079772949,
      9.115131378173828,
      9.629990577697754,
      13.605440139770508,
      13.893431663513184,
      22.128847122192383,
      21.90584373474121,
      20.064414978027344,
      19.88640022277832,
      18.448810577392578,
      18.465177536010742,
      23.668182373046875,
      23.479188919067383,
      15.269892692565918,
      15.056015968322754
    ]
  ],
  "covariance_short": [
    [
      113.76235961914062,
      103.9974594116211,
      42.94033432006836,
      41.0882568359375,
      10.307560920715332,
      9.997635841369629,
      9.272770881652832,
      8.324589729309082,
      14.559599876403809,
      14.747507095336914,
      15.641754150390625,
      15.451881408691406,
      13.15983772277832,
      13.075029373168945,
      11.198612213134766,
      11.090063095092773,
      5.962233543395996,
      5.835071563720703
    ],
    [
      103.9974594116211,
      110.5069580078125,
      40.2398681640625,
      43.07750701904297,
      8.294082641601562,
      7.970643043518066,
      6.710831642150879,
      5.154474258422852,
      9.950474739074707,
      10.15082836151123,
      12.510126113891602,
      12.27743148803711,
      10.367721557617188,
      10.301861763000488,
      9.78921127319336,
      9.68040943145752,
      5.943147659301758,
      5.746525287628174
    ],
    [
      42.94033432006836,
      40.2398681640625,
      56.079654693603516,
      49.092994689941406,
      19.172685623168945,
      22.42915153503418,
      19.528244018554688,
      18.438562393188477,
      24.784282684326172,
      25.07302474975586,
      21.909473419189453,
      21.696866989135742,
      16.914653778076172,
      16.82469940185547,
      12.128816604614258,
      12.019801139831543,
      5.241856098175049,
      5.195979118347168
    ],
    [
      41.0882568359375,
      43.07750701904297,
      49.092994689941406,
      52.197017669677734,
      18.987600326538086,
      22.384424209594727,
      18.12518882751465,
      16.64793586730957,
      24.348081588745117,
      24.587366104125977,
      21.189716339111328,
      20.941131591796875,
      15.880186080932617,
      15.82580852508545,
      12.102919578552246,
      12.026496887207031,
      5.582596302032471,
      5.482091426849365
    ],
    [
      10.307560920715332,
      8.294082641601562,
      19.172685623168945,
      18.987600326538086,
      65.8638916015625,
      60.30625534057617,
      60.41999816894531,
      62.69447708129883,
      71.39910125732422,
      71.31097412109375,
      49.8096809387207,
      50.14659118652344,
      35.268978118896484,
      35.32804489135742,
      26.096942901611328,
      26.09490203857422,
      9.156620025634766,
      9.219206809997559
    ],
    [
      9.997635841369629,
      7.970643043518066,
      22.42915153503418,
      22.384424209594727,
      60.30625534057617,
      67.20623016357422,
      59.10469436645508,
      61.06549835205078,
      72.85688781738281,
      72.5595703125,
      50.43732452392578,
      50.604896545410156,
      36.67646789550781,
      36.71426010131836,
      26.974666595458984,
      26.94820785522461,
      9.509697914123535,
      9.593478202819824
    ],
    [
      9.272770881652832,
      6.710831642150879,
      19.528244018554688,
      18.12518882751465,
      60.41999816894531,
      59.10469436645508,
      98.17040252685547,
      96.56461334228516,
      98.8868179321289,
      98.97207641601562,
      68.58358001708984,
      68.97389221191406,
      50.85832977294922,
      50.90032196044922,
      37.06009292602539,
      37.13261032104492,
      13.292813301086426,
      13.516312599182129
    ],
    [
      8.324589729309082,
      5.154474258422852,
      18.438562393188477,
      16.64793586730957,
      62.69447708129883,
      61.06549835205078,
      96.56461334228516,
      103.52730560302734,
      105.16024780273438,
      105.15572357177734,
      72.13068389892578,
      72.61328125,
      53.37738037109375,
      53.3990592956543,
      38.90973663330078,
      38.9781379699707,
      13.757716178894043,
      13.995779991149902
    ],
    [
      14.559599876403809,
      9.950474739074707,
      24.784282684326172,
      24.348081588745117,
      71.39910125732422,
      72.85688781738281,
      98.8868179321289,
      105.16024780273438,
      150.41458129882812,
      149.20401000976562,
      104.5252914428711,
      104.77777099609375,
      80.41537475585938,
      80.31237030029297,
      61.06928253173828,
      61.10194778442383,
      22.037519454956055,
      22.36448860168457
    ],
    [
      14.747507095336914,
      10.15082836151123,
      25.07302474975586,
      24.587366104125977,
      71.31097412109375,
      72.5595703125,
      98.97207641601562,
      105.15572357177734,
      149.20401000976562,
      150.38442993164062,
      104.333251953125,
      104.56481170654297,
      80.13404083251953,
      80.03787231445312,
      60.864280700683594,
      60.90250778198242,
      21.88292694091797,
      22.202726364135742
    ],
    [
      15.641754150390625,
      12.510126113891602,
      21.909473419189453,
      21.189716339111328,
      49.8096809387207,
      50.43732452392578,
      68.58358001708984,
      72.13068389892578,
      104.5252914428711,
      104.333251953125,
      88.86001586914062,
      88.19387817382812,
      69.15110778808594,
      68.94684600830078,
      51.9774055480957,
      51.94648742675781,
      19.953500747680664,
      20.122100830078125
    ],
    [
      15.451881408691406,
      12.27743148803711,
      21.696866989135742,
      20.941131591796875,
      50.14659118652344,
      50.604896545410156,
      68.97389221191406,
      72.61328125,
      104.77777099609375,
      104.56481170654297,
      88.19387817382812,
      88.54969787597656,
      68.98710632324219,
      68.7949447631836,
      51.75874328613281,
      51.72334289550781,
      19.770435333251953,
      19.944320678710938
    ],
    [
      13.15983772277832,
      10.367721557617188,
      16.914653778076172,
      15.880186080932617,
      35.268978118896484,
      36.67646789550781,
      50.85832977294922,
      53.37738037109375,
      80.41537475585938,
      80.13404083251953,
      69.15110778808594,
      68.98710632324219,
      61.4478759765625,
      61.04648971557617,
      45.3116340637207,
      45.219356536865234,
      18.451520919799805,
      18.536357879638672
    ],
    [
      13.075029373168945,
      10.301861763000488,
      16.82469940185547,
      15.82580852508545,
      35.32804489135742,
      36.71426010131836,
      50.90032196044922,
      53.3990592956543,
      80.31237030029297,
      80.03787231445312,
      68.94684600830078,
      68.7949447631836,
      61.04648971557617,
      61.11066818237305,
      45.263553619384766,
      45.172367095947266,
      18.43553352355957,
      18.518173217773438
    ],
    [
      11.198612213134766,
      9.78921127319336,
      12.128816604614258,
      12.102919578552246,
      26.096942901611328,
      26.974666595458984,
      37.06009292602539,
      38.90973663330078,
      61.06928253173828,
      60.864280700683594,
      51.9774055480957,
      51.75874328613281,
      45.3116340637207,
      45.263553619384766,
      46.52696990966797,
      46.13936233520508,
      23.64014434814453,
      23.463150024414062
    ],
    [
      11.090063095092773,
      9.68040943145752,
      12.019801139831543,
      12.026496887207031,
      26.09490203857422,
      26.94820785522461,
      37.13261032104492,
      38.9781379699707,
      61.10194778442383,
      60.90250778198242,
      51.94648742675781,
      51.72334289550781,
      45.219356536865234,
      45.172367095947266,
      46.13936233520508,
      45.96330642700195,
      23.429039001464844,
      23.259836196899414
    ],
    [
      5.962233543395996,
      5.943147659301758,
      5.241856098175049,
      5.582596302032471,
      9.156620025634766,
      9.509697914123535,
      13.292813301086426,
      13.757716178894043,
      22.037519454956055,
      21.88292694091797,
      19.953500747680664,
      19.770435333251953,
      18.451520919799805,
      18.43553352355957,
      23.64014434814453,
      23.429039001464844,
      15.50942325592041,
      15.21666431427002
    ],
    [
      5.835071563720703,
      5.746525287628174,
      5.195979118347168,
      5.482091426849365,
      9.219206809997559,
      9.593478202819824,
      13.516312599182129,
      13.995779991149902,
      22.36448860168457,
      22.202726364135742,
      20.122100830078125,
      19.944320678710938,
      18.536357879638672,
      18.518173217773438,
      23.463150024414062,
      23.259836196899414,
      15.21666431427002,
      15.104814529418945
    ]
  ],
  "drr": 10.831623077392578,
  "dynamics": 4.324308395385742,
  "format": 1245190,
  "frames": 11700224,
  "loudness": -18.542285919189453,
  "loudness_range": 15.380526542663574,
  "loudness_range_short": 19.1514892578125,
  "peak": 0.10819556564092636,
  "rms": -19.902523040771484,
  "sample_rate": 44100,
  "sections": 1,
  "seekable": 1,
  "sharpness": 3.1162519454956055,
  "space": -0.9615618586540222
}