{
  "bands": [
    {
      "high_freq": 148.1999969482422,
      "loudness": -19.543296813964844,
      "loudness_range": 16.695480346679688,
      "mid_mean": -15.945348739624023,
      "mid_to_side_loudness": -20.352380752563477,
      "mid_to_side_loudness_range": 17.783071517944336,
      "side_mean": -37.62321090698242
    },
    {
      "high_freq": 392.3793640136719,
      "loudness": -17.59496307373047,
      "loudness_range": 9.6410493850708,
      "low_freq": 148.1999969482422,
      "mid_mean": -14.178351402282715,
      "mid_to_side_loudness": -12.052226066589355,
      "mid_to_side_loudness_range": 10.539913177490234,
      "side_mean": -26.85570526123047
    },
    {
      "high_freq": 794.6976318359375,
      "loudness": -19.140865325927734,
      "loudness_range": 11.374029159545898,
      "low_freq": 392.3793640136719,
      "mid_mean": -15.784382820129395,
      "mid_to_side_loudness": -11.7311429977417,
      "mid_to_side_loudness_range": 9.296224594116211,
      "side_mean": -27.832618713378906
    },
    {
      "high_freq": 1457.5709228515625,
      "loudness": -22.268001556396484,
      "loudness_range": 14.907007217407227,
      "low_freq": 794.6976318359375,
      "mid_mean": -18.923002243041992,
      "mid_to_side_loudness": -11.558171272277832,
      "mid_to_side_loudness_range": 9.448675155639648,
      "side_mean": -30.830936431884766
    },
    {
      "high_freq": 2549.74365234375,
      "loudness": -21.232837677001953,
      "loudness_range": 14.257378578186035,
      "low_freq": 1457.5709228515625,
      "mid_mean": -17.897722244262695,
      "mid_to_side_loudness": -11.527608871459961,
      "mid_to_side_loudness_range": 8.971938133239746,
      "side_mean": -29.694299697875977
    },
    {
      "high_freq": 4349.24462890625,
      "loudness": -22.756418228149414,
      "loudness_range": 14.249133110046387,
      "low_freq": 2549.74365234375,
      "mid_mean": -19.336240768432617,
      "mid_to_side_loudness": -12.623636245727539,
      "mid_to_side_loudness_range": 10.940685272216797,
      "side_mean": -32.250144958496094
    },
    {
      "high_freq": 7314.1640625,
      "loudness": -26.888874053955078,
      "loudness_range": 12.613981246948242,
      "low_freq": 4349.24462890625,
      "mid_mean": -23.401165008544922,
      "mid_to_side_loudness": -14.598755836486816,
      "mid_to_side_loudness_range": 12.432868003845215,
      "side_mean": -38.4850959777832
    },
    {
      "high_freq": 12199.2666015625,
      "loudness": -29.50848388671875,
      "loudness_range": 21.05297088623047,
      "low_freq": 7314.1640625,
      "mid_mean": -25.965496063232422,
      "mid_to_side_loudness": -17.538951873779297,
      "mid_to_side_loudness_range": 15.586021423339844,
      "side_mean": -45.03379821777344
    },
    {
      "loudness": -31.870634078979492,
      "loudness_range": 7.31480598449707,
      "low_freq": 12199.2666015625,
      "mid_mean": -28.26370620727539,
      "mid_to_side_loudness": -21.993112564086914,
      "mid_to_side_loudness_range": 23.54418182373047,
      "side_mean": -53.96440887451172
    }
  ],
  "bands_short": [
    {
      "high_freq": 148.1999969482422,
      "loudness": -21.783649444580078,
      "loudness_range": 23.536357879638672,
      "mid_mean": -18.210063934326172,
      "mid_to_side_loudness": -21.20331382751465,
      "mid_to_side_loudness_range": 25.48388671875,
      "side_mean": -42.154109954833984
    },
    {
      "high_freq": 392.3793640136719,
      "loudness": -19.241044998168945,
      "loudness_range": 14.984600067138672,
      "low_freq": 148.1999969482422,
      "mid_mean": -15.930713653564453,
      "mid_to_side_loudness": -11.962547302246094,
      "mid_to_side_loudness_range": 14.354300498962402,
      "side_mean": -28.35862922668457
    },
    {
      "high_freq": 794.6976318359375,
      "loudness": -18.689863204956055,
      "loudness_range": 13.329092025756836,
      "low_freq": 392.3793640136719,
      "mid_mean": -15.403604507446289,
      "mid_to_side_loudness": -11.462780952453613,
      "mid_to_side_loudness_range": 12.427145004272461,
      "side_mean": -27.30096435546875
    },
    {
      "high_freq": 1457.5709228515625,
      "loudness": -23.084611892700195,
      "loudness_range": 17.604276657104492,
      "low_freq": 794.6976318359375,
      "mid_mean": -19.818681716918945,
      "mid_to_side_loudness": -11.320432662963867,
      "mid_to_side_loudness_range": 12.599593162536621,
      "side_mean": -31.479944229125977
    },
    {
      "high_freq": 2549.74365234375,
      "loudness": -22.355093002319336,
      "loudness_range": 17.045719146728516,
      "low_freq": 1457.5709228515625,
      "mid_mean": -19.106159210205078,
      "mid_to_side_loudness": -11.05469799041748,
      "mid_to_side_loudness_range": 12.634729385375977,
      "side_mean": -30.410812377929688
    },
    {
      "high_freq": 4349.24462890625,
      "loudness": -23.746679306030273,
      "loudness_range": 17.65098762512207,
      "low_freq": 2549.74365234375,
      "mid_mean": -20.45188331604004,
      "mid_to_side_loudness": -11.78236198425293,
      "mid_to_side_loudness_range": 13.438082695007324,
      "side_mean": -32.51750183105469
    },
    {
      "high_freq": 7314.1640625,
      "loudness": -29.483015060424805,
      "loudness_range": 19.520231246948242,
      "low_freq": 4349.24462890625,
      "mid_mean": -26.119220733642578,
      "mid_to_side_loudness": -12.837890625,
      "mid_to_side_loudness_range": 14.080376625061035,
      "side_mean": -39.274723052978516
    },
    {
      "high_freq": 12199.2666015625,
      "loudness": -33.71324157714844,
      "loudness_range": 25.28911781311035,
      "low_freq": 7314.1640625,
      "mid_mean": -30.326908111572266,
      "mid_to_side_loudness": -14.915958404541016,
      "mid_to_side_loudness_range": 18.75900650024414,
      "side_mean": -46.44136047363281
    },
    {
      "loudness": -38.82278823852539,
      "loudness_range": 27.635087966918945,
      "low_freq": 12199.2666015625,
      "mid_mean": -35.32136535644531,
      "mid_to_side_loudness": -16.7220458984375,
      "mid_to_side_loudness_range": 26.640451431274414,
      "side_mean": -56.189083099365234
    }
  ],
  "channels": 2,
  "covariance": [
    [
      43.003631591796875,
      19.837129592895508,
      11.296113967895508,
      12.89169979095459,
      8.386897087097168,
      9.389020919799805,
      6.8087687492370605,
      9.533623695373535,
      9.76447868347168,
      11.191347122192383,
      12.124431610107422,
      10.296525001525879,
      17.168420791625977,
      14.150497436523438,
      23.01209259033203,
      22.326173782348633,
      12.552870750427246,
      19.153831481933594
    ],
    [
      19.837129592895508,
      28.309940338134766,
      11.486005783081055,
      12.76510238647461,
      8.11564826965332,
      9.798337936401367,
      6.274235725402832,
      8.749971389770508,
      9.414159774780273,
      12.264047622680664,
      10.131697654724121,
      11.565305709838867,
      13.837259292602539,
      13.649752616882324,
      18.639720916748047,
      20.71061897277832,
      12.545315742492676,
      15.679819107055664
    ],
    [
      11.296113967895508,
      11.486005783081055,
      18.288549423217773,
      16.46653938293457,
      9.23850154876709,
      9.26890754699707,
      7.98974084854126,
      7.794960021972656,
      7.272405624389648,
      7.717414855957031,
      8.50518798828125,
      7.3398332595825195,
      9.961246490478516,
      8.584010124206543,
      10.346882820129395,
      11.843184471130371,
      5.8815765380859375,
      8.398738861083984
    ],
    [
      12.89169979095459,
      12.76510238647461,
      16.46653938293457,
      30.021162033081055,
      16.248435974121094,
      20.31523895263672,
      13.974512100219727,
      18.57326316833496,
      14.210747718811035,
      16.725339889526367,
      12.433956146240234,
      13.986165046691895,
      10.090864181518555,
      11.869260787963867,
      12.251106262207031,
      15.990649223327637,
      6.041947841644287,
      13.284686088562012
    ],
    [
      8.386897087097168,
      8.11564826965332,
      9.23850154876709,
      16.248435974121094,
      23.229055404663086,
      22.249000549316406,
      16.786893844604492,
      16.231124877929688,
      14.833381652832031,
      14.304952621459961,
      12.827309608459473,
      11.774785995483398,
      8.236710548400879,
      8.687536239624023,
      8.068029403686523,
      11.634674072265625,
      3.0538296699523926,
      8.55754566192627
    ],
    [
      9.389020919799805,
      9.798337936401367,
      9.26890754699707,
      20.31523895263672,
      22.249000549316406,
      32.29710388183594,
      18.72010040283203,
      24.53070831298828,
      18.96255111694336,
      23.324121475219727,
      14.990128517150879,
      17.8016414642334,
      9.351051330566406,
      12.60373592376709,
      11.198676109313965,
      16.132482528686523,
      3.978402853012085,
      13.254167556762695
    ],
    [
      6.8087687492370605,
      6.274235725402832,
      7.98974084854126,
      13.974512100219727,
      16.786893844604492,
      18.72010040283203,
      30.402902603149414,
      27.79689598083496,
      19.291418075561523,
      19.874500274658203,
      14.76335334777832,
      14.706036567687988,
      6.922504425048828,
      8.437474250793457,
      4.208489894866943,
      8.874064445495605,
      0.5954926013946533,
      7.928800582885742
    ],
    [
      9.533623695373535,
      8.749971389770508,
      7.794960021972656,
      18.57326316833496,
      16.231124877929688,
      24.53070831298828,
      27.79689598083496,
      36.93254852294922,
      22.681640625,
      28.476871490478516,
      16.831378936767578,
      20.724407196044922,
      8.430045127868652,
      12.391899108886719,
      7.788990497589111,
      13.870945930480957,
      1.6270889043807983,
      12.80129337310791
    ],
    [
      9.76447868347168,
      9.414159774780273,
      7.272405624389648,
      14.210747718811035,
      14.833381652832031,
      18.96255111694336,
      19.291418075561523,
      22.681640625,
      28.337785720825195,
      27.011491775512695,
      22.829139709472656,
      21.376853942871094,
      12.915140151977539,
      13.624176025390625,
      12.621742248535156,
      16.51212501525879,
      4.341821193695068,
      12.936622619628906
    ],
    [
      11.191347122192383,
      12.264047622680664,
      7.717414855957031,
      16.725339889526367,
      14.304952621459961,
      23.324121475219727,
      19.874500274658203,
      28.476871490478516,
      27.011491775512695,
      36.20149612426758,
      21.61918830871582,
      28.07529067993164,
      13.740588188171387,
      19.54488754272461,
      13.328224182128906,
      20.662466049194336,
      4.518660068511963,
      15.808964729309082
    ],
    [
      12.124431610107422,
      10.131697654724121,
      8.50518798828125,
      12.433956146240234,
      12.827309608459473,
      14.990128517150879,
      14.76335334777832,
      16.831378936767578,
      22.829139709472656,
      21.61918830871582,
      26.75227928161621,
      22.106473922729492,
      18.06066131591797,
      16.330350875854492,
      15.382874488830566,
      18.979198455810547,
      6.239717483520508,
      13.620357513427734
    ],
    [
      10.296525001525879,
      11.565305709838867,
      7.3398332595825195,
      13.986165046691895,
      11.774785995483398,
      17.8016414642334,
      14.706036567687988,
      20.724407196044922,
      21.376853942871094,
      28.07529067993164,
      22.106473922729492,
      30.438491821289062,
      14.984922409057617,
      22.846208572387695,
      10.627105712890625,
      21.38913917541504,
      4.3480048179626465,
      14.27150821685791
    ],
    [
      17.168420791625977,
      13.837259292602539,
      9.961246490478516,
      10.090864181518555,
      8.236710548400879,
      9.351051330566406,
      6.922504425048828,
      8.430045127868652,
      12.915140151977539,
      13.740588188171387,
      18.06066131591797,
      14.984922409057617,
      27.07105827331543,
      19.451005935668945,
      25.546300888061523,
      25.497215270996094,
      13.41043472290039,
      17.789321899414062
    ],
    [
      14.150497436523438,
      13.649752616882324,
      8.584010124206543,
      11.869260787963867,
      8.687536239624023,
      12.60373592376709,
      8.437474250793457,
      12.391899108886719,
      13.624176025390625,
      19.54488754272461,
      16.330350875854492,
      22.846208572387695,
      19.451005935668945,
      26.835046768188477,
      15.776986122131348,
      26.909032821655273,
      8.554296493530273,
      17.012348175048828
    ],
    [
      23.01209259033203,
      18.639720916748047,
      10.346882820129395,
      12.251106262207031,
      8.068029403686523,
      11.198676109313965,
      4.208489894866943,
      7.788990497589111,
      12.621742248535156,
      13.328224182128906,
      15.382874488830566,
      10.627105712890625,
      25.546300888061523,
      15.776986122131348,
      50.019954681396484,
      32.73970413208008,
      25.04525375366211,
      25.706613540649414
    ],
    [
      22.326173782348633,
      20.71061897277832,
      11.843184471130371,
      15.990649223327637,
      11.634674072265625,
      16.132482528686523,
      8.874064445495605,
      13.870945930480957,
      16.51212501525879,
      20.662466049194336,
      18.979198455810547,
      21.38913917541504,
      25.497215270996094,
      26.909032821655273,
      32.73970413208008,
      42.21820831298828,
      16.082698822021484,
      28.321922302246094
    ],
    [
      12.552870750427246,
      12.545315742492676,
      5.8815765380859375,
      6.041947841644287,
      3.0538296699523926,
      3.978402853012085,
      0.5954926013946533,
      1.6270889043807983,
      4.341821193695068,
      4.518660068511963,
      6.239717483520508,
      4.3480048179626465,
      13.41043472290039,
      8.554296493530273,
      25.04525375366211,
      16.082698822021484,
      31.42813491821289,
      13.046405792236328
    ],
    [
      19.153831481933594,
      15.679819107055664,
      8.398738861083984,
      13.284686088562012,
      8.55754566192627,
      13.254167556762695,
      7.928800582885742,
      12.80129337310791,
      12.936622619628906,
      15.808964729309082,
      13.620357513427734,
      14.27150821685791,
      17.789321899414062,
      17.012348175048828,
      25.706613540649414,
      28.321922302246094,
      13.046405792236328,
      28.671106338500977
    ]
  ],
  "covariance_short": [
    [
      75.13843536376953,
      29.590559005737305,
      8.469624519348145,
      8.110514640808105,
      4.347270965576172,
      7.164139747619629,
      0.7149632573127747,
      4.669980049133301,
      5.187393665313721,
      7.775271892547607,
      6.93735408782959,
      6.577997207641602,
      12.516210556030273,
      9.779267311096191,
      22.4367618560791,
      18.604835510253906,
      26.013784408569336,
      12.657228469848633
    ],
    [
      29.590559005737305,
      47.94590377807617,
      15.635656356811523,
      17.871768951416016,
      10.129942893981934,
      12.663155555725098,
      8.679986953735352,
      12.356633186340332,
      10.944992065429688,
      14.370535850524902,
      11.04700756072998,
      12.766349792480469,
      12.880051612854004,
      13.527375221252441,
      20.855255126953125,
      23.334598541259766,
      23.669139862060547,
      14.924127578735352
    ],
    [
      8.469624519348145,
      15.635656356811523,
      32.27690124511719,
      18.748746871948242,
      12.985357284545898,
      11.905996322631836,
      10.862224578857422,
      10.105731010437012,
      7.790024757385254,
      7.5214080810546875,
      8.758443832397461,
      6.993217945098877,
      11.502557754516602,
      9.19129467010498,
      15.43667221069336,
      14.596418380737305,
      17.779708862304688,
      9.965209007263184
    ],
    [
      8.110514640808105,
      17.871768951416016,
      18.748746871948242,
      31.409379959106445,
      15.473710060119629,
      21.353200912475586,
      12.841636657714844,
      16.92941665649414,
      12.43732738494873,
      15.968273162841797,
      10.51207447052002,
      13.232251167297363,
      8.781087875366211,
      11.454922676086426,
      12.740829467773438,
      16.38282012939453,
      14.965118408203125,
      10.202215194702148
    ],
    [
      4.347270965576172,
      10.129942893981934,
      12.985357284545898,
      15.473710060119629,
      27.592435836791992,
      22.04633331298828,
      16.559438705444336,
      15.272380828857422,
      15.535544395446777,
      13.690462112426758,
      13.676030158996582,
      11.51572322845459,
      8.842447280883789,
      8.860148429870605,
      9.053145408630371,
      10.776230812072754,
      9.480815887451172,
      6.637704372406006
    ],
    [
      7.164139747619629,
      12.663155555725098,
      11.905996322631836,
      21.353200912475586,
      22.04633331298828,
      36.86775207519531,
      18.501951217651367,
      24.473466873168945,
      19.268680572509766,
      23.431293487548828,
      15.143959999084473,
      18.12968635559082,
      9.36816692352295,
      13.049952507019043,
      12.033395767211914,
      16.616771697998047,
      12.301942825317383,
      10.276562690734863
    ],
    [
      0.7149632573127747,
      8.679986953735352,
      10.862224578857422,
      12.841636657714844,
      16.559438705444336,
      18.501951217651367,
      39.19844436645508,
      31.385940551757812,
      24.593900680541992,
      21.863632202148438,
      19.9271297454834,
      16.7657527923584,
      9.863874435424805,
      9.82026195526123,
      7.419568061828613,
      9.806604385375977,
      7.0849761962890625,
      6.644209384918213
    ],
    [
      4.669980049133301,
      12.356633186340332,
      10.105731010437012,
      16.92941665649414,
      15.272380828857422,
      24.473466873168945,
      31.385940551757812,
      42.85645294189453,
      25.913127899169922,
      31.01520538330078,
      20.11797523498535,
      23.0015869140625,
      10.505559921264648,
      13.803747177124023,
      11.021891593933105,
      15.487122535705566,
      9.618834495544434,
      10.593732833862305
    ],
    [
      5.187393665313721,
      10.944992065429688,
      7.790024757385254,
      12.43732738494873,
      15.535544395446777,
      19.268680572509766,
      24.593900680541992,
      25.913127899169922,
      39.494144439697266,
      30.933656692504883,
      32.03156661987305,
      25.049264907836914,
      17.472808837890625,
      16.006147384643555,
      14.257369041442871,
      15.74490737915039,
      9.655571937561035,
      9.28887939453125
    ],
    [
      7.775271892547607,
      14.370535850524902,
      7.5214080810546875,
      15.968273162841797,
      13.690462112426758,
      23.431293487548828,
      21.863632202148438,
      31.01520538330078,
      30.933656692504883,
      40.950782775878906,
      25.650127410888672,
      30.823772430419922,
      16.264020919799805,
      21.20254135131836,
      16.33224868774414,
      21.2630615234375,
      14.1447172164917,
      12.62912654876709
    ],
    [
      6.93735408782959,
      11.04700756072998,
      8.758443832397461,
      10.51207447052002,
      13.676030158996582,
      15.143959999084473,
      19.9271297454834,
      20.11797523498535,
      32.03156661987305,
      25.650127410888672,
      39.800106048583984,
      27.37496566772461,
      27.604909896850586,
      21.42043685913086,
      22.752153396606445,
      20.111358642578125,
      17.243541717529297,
      10.363524436950684
    ],
    [
      6.577997207641602,
      12.766349792480469,
      6.993217945098877,
      13.232251167297363,
      11.51572322845459,
      18.12968635559082,
      16.7657527923584,
      23.0015869140625,
      25.049264907836914,
      30.823772430419922,
      27.37496566772461,
      35.650630950927734,
      19.651826858520508,
      26.2397518157959,
      16.215225219726562,
      23.455598831176758,
      14.608085632324219,
      11.989018440246582
    ],
    [
      12.516210556030273,
      12.880051612854004,
      11.502557754516602,
      8.781087875366211,
      8.842447280883789,
      9.36816692352295,
      9.863874435424805,
      10.505559921264648,
      17.472808837890625,
      16.264020919799805,
      27.604909896850586,
      19.651826858520508,
      47.25233840942383,
      29.472517013549805,
      49.79688262939453,
      31.299436569213867,
      51.558414459228516,
      13.232090950012207
    ],
    [
      9.779267311096191,
      13.527375221252441,
      9.19129467010498,
      11.454922676086426,
      8.860148429870605,
      13.049952507019043,
      9.82026195526123,
      13.803747177124023,
      16.006147384643555,
      21.20254135131836,
      21.42043685913086,
      26.2397518157959,
      29.472517013549805,
      34.57756042480469,
      28.710742950439453,
      31.50310516357422,
      31.652645111083984,
      15.983508110046387
    ],
    [
      22.4367618560791,
      20.855255126953125,
      15.43667221069336,
      12.740829467773438,
      9.053145408630371,
      12.033395767211914,
      7.419568061828613,
      11.021891593933105,
      14.257369041442871,
      16.33224868774414,
      22.752153396606445,
      16.215225219726562,
      49.79688262939453,
      28.710742950439453,
      80.37578582763672,
      41.802696228027344,
      81.82048797607422,
      16.972158432006836
    ],
    [
      18.604835510253906,
      23.334598541259766,
      14.596418380737305,
      16.38282012939453,
      10.776230812072754,
      16.616771697998047,
      9.806604385375977,
      15.487122535705566,
      15.74490737915039,
      21.2630615234375,
      20.111358642578125,
      23.455598831176758,
      31.299436569213867,
      31.50310516357422,
      41.802696228027344,
      51.448360443115234,
      40.756439208984375,
      31.196828842163086
    ],
    [
      26.013784408569336,
      23.669139862060547,
      17.779708862304688,
      14.965118408203125,
      9.480815887451172,
      12.301942825317383,
      7.0849761962890625,
      9.618834495544434,
      9.655571937561035,
      14.1447172164917,
      17.243541717529297,
      14.608085632324219,
      51.558414459228516,
      31.652645111083984,
      81.82048797607422,
      40.756439208984375,
      110.59038543701172,
      9.28172779083252
    ],
    [
      12.657228469848633,
      14.924127578735352,
      9.965209007263184,
      10.202215194702148,
      6.637704372406006,
      10.276562690734863,
      6.644209384918213,
      10.593732833862305,
      9.28887939453125,
      12.62912654876709,
      10.363524436950684,
      11.989018440246582,
      13.232090950012207,
      15.983508110046387,
      16.972158432006836,
      31.196828842163086,
      9.28172779083252,
      48.827545166015625
    ]
  ],
  "drr": 14.078861236572266,
  "dynamics": 2.758265256881714,
  "format": 1245190,
  "frames": 15018944,
  "loudness": -7.433490753173828,
  "loudness_range": 7.082077503204346,
  "loudness_range_short": 9.133167266845703,
  "peak": 0.8684750199317932,
  "rms": -9.553539276123047,
  "sample_rate": 44100,
  "sections": 1,
  "seekable": 1,
  "sharpness": 2.0143964290618896,
  "space": -13.301032066345215
}