{
  "bands": [
    {
      "high_freq": 148.1999969482422,
      "loudness": -29.00655174255371,
      "loudness_range": 34.464683532714844,
      "mid_mean": -26.159162521362305,
      "mid_to_side_loudness": -18.737533569335938,
      "mid_to_side_loudness_range": 28.015586853027344,
      "side_mean": -50.185577392578125
    },
    {
      "high_freq": 392.3793640136719,
      "loudness": -26.33115005493164,
      "loudness_range": 12.13991928100586,
      "low_freq": 148.1999969482422,
      "mid_mean": -23.576416015625,
      "mid_to_side_loudness": -8.151792526245117,
      "mid_to_side_loudness_range": 17.38944435119629,
      "side_mean": -32.2611198425293
    },
    {
      "high_freq": 794.6976318359375,
      "loudness": -23.62803077697754,
      "loudness_range": 12.338333129882812,
      "low_freq": 392.3793640136719,
      "mid_mean": -21.427696228027344,
      "mid_to_side_loudness": -5.769728660583496,
      "mid_to_side_loudness_range": 16.238910675048828,
      "side_mean": -27.572383880615234
    },
    {
      "high_freq": 1457.5709228515625,
      "loudness": -24.050561904907227,
      "loudness_range": 20.66039276123047,
      "low_freq": 794.6976318359375,
      "mid_mean": -21.40912437438965,
      "mid_to_side_loudness": -7.475508689880371,
      "mid_to_side_loudness_range": 16.450361251831055,
      "side_mean": -29.239505767822266
    },
    {
      "high_freq": 2549.74365234375,
      "loudness": -27.01694679260254,
      "loudness_range": 19.308391571044922,
      "low_freq": 1457.5709228515625,
      "mid_mean": -24.01238250732422,
      "mid_to_side_loudness": -9.269012451171875,
      "mid_to_side_loudness_range": 17.110177993774414,
      "side_mean": -33.8536491394043
    },
    {
      "high_freq": 4349.24462890625,
      "loudness": -29.56694793701172,
      "loudness_range": 18.768821716308594,
      "low_freq": 2549.74365234375,
      "mid_mean": -26.09963607788086,
      "mid_to_side_loudness": -12.155749320983887,
      "mid_to_side_loudness_range": 18.904008865356445,
      "side_mean": -39.44431686401367
    },
    {
      "high_freq": 7314.1640625,
      "loudness": -31.226289749145508,
      "loudness_range": 20.118574142456055,
      "low_freq": 4349.24462890625,
      "mid_mean": -27.850114822387695,
      "mid_to_side_loudness": -12.929417610168457,
      "mid_to_side_loudness_range": 22.719823837280273,
      "side_mean": -42.5479850769043
    },
    {
      "high_freq": 12199.2666015625,
      "loudness": -34.941978454589844,
      "loudness_range": 21.326061248779297,
      "low_freq": 7314.1640625,
      "mid_mean": -31.757078170776367,
      "mid_to_side_loudness": -13.987640380859375,
      "mid_to_side_loudness_range": 23.6290283203125,
      "side_mean": -47.64009475708008
    },
    {
      "loudness": -41.66961669921875,
      "loudness_range": 20.011768341064453,
      "low_freq": 12199.2666015625,
      "mid_mean": -38.38262939453125,
      "mid_to_side_loudness": -14.227384567260742,
      "mid_to_side_loudness_range": 23.626232147216797,
      "side_mean": -55.31011199951172
    }
  ],
  "bands_short": [
    {
      "high_freq": 148.1999969482422,
      "loudness": -34.03736114501953,
      "loudness_range": 40.782508850097656,
      "mid_mean": -31.454030990600586,
      "mid_to_side_loudness": -16.946998596191406,
      "mid_to_side_loudness_range": 29.21063804626465,
      "side_mean": -53.953163146972656
    },
    {
      "high_freq": 392.3793640136719,
      "loudness": -26.833251953125,
      "loudness_range": 15.171222686767578,
      "low_freq": 148.1999969482422,
      "mid_mean": -24.027950286865234,
      "mid_to_side_loudness": -8.622358322143555,
      "mid_to_side_loudness_range": 18.957237243652344,
      "side_mean": -33.37154006958008
    },
    {
      "high_freq": 794.6976318359375,
      "loudness": -24.4530029296875,
      "loudness_range": 15.09637451171875,
      "low_freq": 392.3793640136719,
      "mid_mean": -22.594547271728516,
      "mid_to_side_loudness": -4.915579795837402,
      "mid_to_side_loudness_range": 17.767528533935547,
      "side_mean": -27.87778091430664
    },
    {
      "high_freq": 1457.5709228515625,
      "loudness": -25.125350952148438,
      "loudness_range": 23.251834869384766,
      "low_freq": 794.6976318359375,
      "mid_mean": -22.70432472229004,
      "mid_to_side_loudness": -6.906477451324463,
      "mid_to_side_loudness_range": 18.12682342529297,
      "side_mean": -30.066251754760742
    },
    {
      "high_freq": 2549.74365234375,
      "loudness": -28.248615264892578,
      "loudness_range": 22.469388961791992,
      "low_freq": 1457.5709228515625,
      "mid_mean": -25.415830612182617,
      "mid_to_side_loudness": -8.592079162597656,
      "mid_to_side_loudness_range": 19.463382720947266,
      "side_mean": -34.759639739990234
    },
    {
      "high_freq": 4349.24462890625,
      "loudness": -31.433469772338867,
      "loudness_range": 22.39388084411621,
      "low_freq": 2549.74365234375,
      "mid_mean": -28.246896743774414,
      "mid_to_side_loudness": -10.219914436340332,
      "mid_to_side_loudness_range": 19.57874298095703,
      "side_mean": -39.74078369140625
    },
    {
      "high_freq": 7314.1640625,
      "loudness": -33.925331115722656,
      "loudness_range": 24.284629821777344,
      "low_freq": 4349.24462890625,
      "mid_mean": -30.784950256347656,
      "mid_to_side_loudness": -10.596460342407227,
      "mid_to_side_loudness_range": 20.633846282958984,
      "side_mean": -43.284305572509766
    },
    {
      "high_freq": 12199.2666015625,
      "loudness": -38.95241928100586,
      "loudness_range": 28.395383834838867,
      "low_freq": 7314.1640625,
      "mid_mean": -35.974124908447266,
      "mid_to_side_loudness": -11.269679069519043,
      "mid_to_side_loudness_range": 20.978185653686523,
      "side_mean": -50.84653854370117
    },
    {
      "loudness": -45.70323181152344,
      "loudness_range": 27.027172088623047,
      "low_freq": 12199.2666015625,
      "mid_mean": -42.83076477050781,
      "mid_to_side_loudness": -11.869362831115723,
      "mid_to_side_loudness_range": 21.968305587768555,
      "side_mean": -57.44208526611328
    }
  ],
  "channels": 2,
  "covariance": [
    [
      164.92576599121094,
      75.20447540283203,
      27.59946632385254,
      38.1401481628418,
      20.197879791259766,
      6.764667987823486,
      39.783138275146484,
      39.216514587402344,
      25.219820022583008,
      24.765012741088867,
      26.74745750427246,
      27.964574813842773,
      26.13854217529297,
      41.52019500732422,
      27.49057388305664,
      43.9174690246582,
      31.173240661621094,
      48.17546081542969
    ],
    [
      75.20447540283203,
      107.24235534667969,
      27.373882293701172,
      39.35839080810547,
      24.929079055786133,
      12.888847351074219,
      40.67973327636719,
      36.097557067871094,
      33.58500671386719,
      31.53142738342285,
      29.904916763305664,
      33.7878303527832,
      33.032527923583984,
      43.46074676513672,
      37.02986526489258,
      51.28203201293945,
      36.56450653076172,
      66.52731323242188
    ],
    [
      27.59946632385254,
      27.373882293701172,
      27.487550735473633,
      16.250267028808594,
      13.885679244995117,
      6.031507968902588,
      18.526432037353516,
      14.34483528137207,
      18.98918342590332,
      14.342667579650879,
      16.120193481445312,
      16.506866455078125,
      12.571858406066895,
      16.501070022583008,
      12.421290397644043,
      17.836414337158203,
      12.06660270690918,
      24.8330078125
    ],
    [
      38.1401481628418,
      39.35839080810547,
      16.250267028808594,
      41.96391296386719,
      16.504907608032227,
      11.912806510925293,
      21.66364288330078,
      22.208175659179688,
      21.874065399169922,
      23.12347412109375,
      22.06499671936035,
      26.118223190307617,
      20.92910385131836,
      28.794021606445312,
      22.821630477905273,
      32.398136138916016,
      21.811141967773438,
      35.337772369384766
    ],
    [
      20.197879791259766,
      24.929079055786133,
      13.885679244995117,
      16.504907608032227,
      29.51889419555664,
      10.049638748168945,
      28.129886627197266,
      19.088092803955078,
      23.88077735900879,
      19.308868408203125,
      17.949228286743164,
      19.64644432067871,
      14.214398384094238,
      19.808155059814453,
      15.175968170166016,
      22.061569213867188,
      15.943924903869629,
      25.811065673828125
    ],
    [
      6.764667987823486,
      12.888847351074219,
      6.031507968902588,
      11.912806510925293,
      10.049638748168945,
      25.68379783630371,
      2.6553854942321777,
      8.406076431274414,
      4.840960502624512,
      13.026884078979492,
      2.7907137870788574,
      10.079647064208984,
      4.279955863952637,
      5.560454845428467,
      5.337071418762207,
      8.098142623901367,
      6.5022101402282715,
      9.76821517944336
    ],
    [
      39.783138275146484,
      40.67973327636719,
      18.526432037353516,
      21.66364288330078,
      28.129886627197266,
      2.6553854942321777,
      60.177181243896484,
      34.91844940185547,
      35.506954193115234,
      25.336740493774414,
      28.271738052368164,
      26.052358627319336,
      23.132814407348633,
      32.48283386230469,
      23.493488311767578,
      33.75196838378906,
      25.62055206298828,
      39.14698028564453
    ],
    [
      39.216514587402344,
      36.097557067871094,
      14.34483528137207,
      22.208175659179688,
      19.088092803955078,
      8.406076431274414,
      34.91844940185547,
      43.608367919921875,
      22.384967803955078,
      28.548280715942383,
      19.549358367919922,
      25.83478355407715,
      20.492298126220703,
      28.942495346069336,
      21.443445205688477,
      30.58280372619629,
      22.219968795776367,
      32.445068359375
    ],
    [
      25.219820022583008,
      33.58500671386719,
      18.98918342590332,
      21.874065399169922,
      23.88077735900879,
      4.840960502624512,
      35.506954193115234,
      22.384967803955078,
      49.44730758666992,
      25.784250259399414,
      35.31662368774414,
      29.516117095947266,
      28.333877563476562,
      31.594268798828125,
      27.63733673095703,
      31.383779525756836,
      26.54535484313965,
      36.542911529541016
    ],
    [
      24.765012741088867,
      31.53142738342285,
      14.342667579650879,
      23.12347412109375,
      19.308868408203125,
      13.026884078979492,
      25.336740493774414,
      28.548280715942383,
      25.784250259399414,
      36.938697814941406,
      20.20881462097168,
      30.935760498046875,
      18.888647079467773,
      30.29448699951172,
      20.066940307617188,
      30.148954391479492,
      20.27849578857422,
      32.2552375793457
    ],
    [
      26.74745750427246,
      29.904916763305664,
      16.120193481445312,
      22.06499671936035,
      17.949228286743164,
      2.7907137870788574,
      28.271738052368164,
      19.549358367919922,
      35.31662368774414,
      20.20881462097168,
      50.430904388427734,
      25.926063537597656,
      42.596946716308594,
      32.57029342651367,
      39.75004196166992,
      33.16912841796875,
      34.37019348144531,
      32.455379486083984
    ],
    [
      27.964574813842773,
      33.7878303527832,
      16.506866455078125,
      26.118223190307617,
      19.64644432067871,
      10.079647064208984,
      26.052358627319336,
      25.83478355407715,
      29.516117095947266,
      30.935760498046875,
      25.926063537597656,
      39.823673248291016,
      22.598726272583008,
      37.911380767822266,
      23.397619247436523,
      36.229854583740234,
      21.804641723632812,
      38.68939971923828
    ],
    [
      26.13854217529297,
      33.032527923583984,
      12.571858406066895,
      20.92910385131836,
      14.214398384094238,
      4.279955863952637,
      23.132814407348633,
      20.492298126220703,
      28.333877563476562,
      18.888647079467773,
      42.596946716308594,
      22.598726272583008,
      53.1599235534668,
      32.57282638549805,
      51.893619537353516,
      39.97647476196289,
      44.01487731933594,
      37.12324523925781
    ],
    [
      41.52019500732422,
      43.46074676513672,
      16.501070022583008,
      28.794021606445312,
      19.808155059814453,
      5.560454845428467,
      32.48283386230469,
      28.942495346069336,
      31.594268798828125,
      30.29448699951172,
      32.57029342651367,
      37.911380767822266,
      32.57282638549805,
      59.25554275512695,
      35.26669692993164,
      58.04243087768555,
      32.015228271484375,
      57.131378173828125
    ],
    [
      27.49057388305664,
      37.02986526489258,
      12.421290397644043,
      22.821630477905273,
      15.175968170166016,
      5.337071418762207,
      23.493488311767578,
      21.443445205688477,
      27.63733673095703,
      20.066940307617188,
      39.75004196166992,
      23.397619247436523,
      51.893619537353516,
      35.26669692993164,
      66.078125,
      50.1551513671875,
      54.728492736816406,
      47.59434127807617
    ],
    [
      43.9174690246582,
      51.28203201293945,
      17.836414337158203,
      32.398136138916016,
      22.061569213867188,
      8.098142623901367,
      33.75196838378906,
      30.58280372619629,
      31.383779525756836,
      30.148954391479492,
      33.16912841796875,
      36.229854583740234,
      39.97647476196289,
      58.04243087768555,
      50.1551513671875,
      83.7775650024414,
      45.19519805908203,
      76.4437026977539
    ],
    [
      31.173240661621094,
      36.56450653076172,
      12.06660270690918,
      21.811141967773438,
      15.943924903869629,
      6.5022101402282715,
      25.62055206298828,
      22.219968795776367,
      26.54535484313965,
      20.27849578857422,
      34.37019348144531,
      21.804641723632812,
      44.01487731933594,
      32.015228271484375,
      54.728492736816406,
      45.19519805908203,
      55.58536911010742,
      45.64766311645508
    ],
    [
      48.17546081542969,
      66.52731323242188,
      24.8330078125,
      35.337772369384766,
      25.811065673828125,
      9.76821517944336,
      39.14698028564453,
      32.445068359375,
      36.542911529541016,
      32.2552375793457,
      32.455379486083984,
      38.68939971923828,
      37.12324523925781,
      57.131378173828125,
      47.59434127807617,
      76.4437026977539,
      45.64766311645508,
      87.33322143554688
    ]
  ],
  "covariance_short": [
    [
      223.07603454589844,
      103.14482879638672,
      39.03593826293945,
      47.75656509399414,
      25.716703414916992,
      11.344379425048828,
      51.25758361816406,
      51.722049713134766,
      33.11525344848633,
      35.297908782958984,
      36.32536315917969,
      34.62024688720703,
      37.23207092285156,
      51.929420471191406,
      38.7712287902832,
      59.36426544189453,
      37.13656997680664,
      54.124629974365234
    ],
    [
      103.14482879638672,
      110.19953155517578,
      31.731962203979492,
      42.68488693237305,
      28.061073303222656,
      16.882535934448242,
      45.76119613647461,
      42.828651428222656,
      36.137977600097656,
      35.236873626708984,
      32.48213195800781,
      34.576019287109375,
      35.02314758300781,
      45.79483413696289,
      38.171932220458984,
      68.74934387207031,
      33.74322509765625,
      58.34211349487305
    ],
    [
      39.03593826293945,
      31.731962203979492,
      40.304195404052734,
      18.050405502319336,
      18.323257446289062,
      9.138470649719238,
      20.50259780883789,
      17.04813003540039,
      20.885122299194336,
      16.16053581237793,
      20.140039443969727,
      17.01903533935547,
      15.796937942504883,
      16.60251235961914,
      16.088836669921875,
      29.741025924682617,
      16.73941993713379,
      23.916128158569336
    ],
    [
      47.75656509399414,
      42.68488693237305,
      18.050405502319336,
      42.018028259277344,
      18.48052406311035,
      16.69187355041504,
      24.60565185546875,
      26.03789520263672,
      21.249635696411133,
      25.02305793762207,
      20.563995361328125,
      25.257619857788086,
      19.208234786987305,
      28.28266716003418,
      20.353307723999023,
      37.7241325378418,
      18.8234806060791,
      31.86744499206543
    ],
    [
      25.716703414916992,
      28.061073303222656,
      18.323257446289062,
      18.48052406311035,
      40.195587158203125,
      15.750797271728516,
      33.93733215332031,
      21.632389068603516,
      29.329803466796875,
      22.384037017822266,
      24.191219329833984,
      21.53995132446289,
      18.745563507080078,
      20.434284210205078,
      19.188091278076172,
      31.25389289855957,
      18.993457794189453,
      25.502315521240234
    ],
    [
      11.344379425048828,
      16.882535934448242,
      9.138470649719238,
      16.69187355041504,
      15.750797271728516,
      33.842079162597656,
      6.8432488441467285,
      13.178689956665039,
      8.713680267333984,
      17.583717346191406,
      5.937409400939941,
      14.107268333435059,
      7.834316730499268,
      9.366052627563477,
      9.270854949951172,
      14.993805885314941,
      9.9024019241333,
      13.562225341796875
    ],
    [
      51.25758361816406,
      45.76119613647461,
      20.50259780883789,
      24.60565185546875,
      33.93733215332031,
      6.8432488441467285,
      74.14873504638672,
      40.35951614379883,
      42.661434173583984,
      29.36650276184082,
      34.81954574584961,
      29.412145614624023,
      26.708877563476562,
      33.88096618652344,
      26.432998657226562,
      44.93544387817383,
      27.38707160949707,
      37.72848129272461
    ],
    [
      51.722049713134766,
      42.828651428222656,
      17.04813003540039,
      26.03789520263672,
      21.632389068603516,
      13.178689956665039,
      40.35951614379883,
      51.4049072265625,
      24.817901611328125,
      32.33957290649414,
      21.511823654174805,
      28.59568977355957,
      22.29109764099121,
      31.227806091308594,
      22.423404693603516,
      38.10344696044922,
      20.98403549194336,
      33.39714050292969
    ],
    [
      33.11525344848633,
      36.137977600097656,
      20.885122299194336,
      21.249635696411133,
      29.329803466796875,
      8.713680267333984,
      42.661434173583984,
      24.817901611328125,
      64.39579010009766,
      30.114681243896484,
      47.219295501708984,
      32.0518684387207,
      39.04153823852539,
      33.883766174316406,
      36.58536148071289,
      44.02098083496094,
      36.616485595703125,
      36.346675872802734
    ],
    [
      35.297908782958984,
      35.236873626708984,
      16.16053581237793,
      25.02305793762207,
      22.384037017822266,
      17.583717346191406,
      29.36650276184082,
      32.33957290649414,
      30.114681243896484,
      42.93534851074219,
      24.41058921813965,
      34.093257904052734,
      23.606115341186523,
      33.458045959472656,
      24.808320999145508,
      40.94588088989258,
      24.169662475585938,
      34.695491790771484
    ],
    [
      36.32536315917969,
      32.48213195800781,
      20.140039443969727,
      20.563995361328125,
      24.191219329833984,
      5.937409400939941,
      34.81954574584961,
      21.511823654174805,
      47.219295501708984,
      24.41058921813965,
      64.93646240234375,
      29.97003173828125,
      52.07897186279297,
      36.970027923583984,
      49.62942123413086,
      42.43571472167969,
      45.59518051147461,
      35.111759185791016
    ],
    [
      34.62024688720703,
      34.576019287109375,
      17.01903533935547,
      25.257619857788086,
      21.53995132446289,
      14.107268333435059,
      29.412145614624023,
      28.59568977355957,
      32.0518684387207,
      34.093257904052734,
      29.97003173828125,
      43.726593017578125,
      26.20883560180664,
      39.03318405151367,
      26.87576675415039,
      46.13090133666992,
      25.049171447753906,
      38.47964859008789
    ],
    [
      37.23207092285156,
      35.02314758300781,
      15.796937942504883,
      19.208234786987305,
      18.745563507080078,
      7.834316730499268,
      26.708877563476562,
      22.29109764099121,
      39.04153823852539,
      23.606115341186523,
      52.07897186279297,
      26.20883560180664,
      69.17579650878906,
      39.252017974853516,
      69.50252532958984,
      47.60497283935547,
      62.46702575683594,
      43.45936965942383
    ],
    [
      51.929420471191406,
      45.79483413696289,
      16.60251235961914,
      28.28266716003418,
      20.434284210205078,
      9.366052627563477,
      33.88096618652344,
      31.227806091308594,
      33.883766174316406,
      33.458045959472656,
      36.970027923583984,
      39.03318405151367,
      39.252017974853516,
      62.91256332397461,
      42.12912368774414,
      66.70838928222656,
      37.371002197265625,
      57.25461959838867
    ],
    [
      38.7712287902832,
      38.171932220458984,
      16.088836669921875,
      20.353307723999023,
      19.188091278076172,
      9.270854949951172,
      26.432998657226562,
      22.423404693603516,
      36.58536148071289,
      24.808320999145508,
      49.62942123413086,
      26.87576675415039,
      69.50252532958984,
      42.12912368774414,
      93.85751342773438,
      59.77810287475586,
      82.60325622558594,
      56.46809768676758
    ],
    [
      59.36426544189453,
      68.74934387207031,
      29.741025924682617,
      37.7241325378418,
      31.25389289855957,
      14.993805885314941,
      44.93544387817383,
      38.10344696044922,
      44.02098083496094,
      40.94588088989258,
      42.43571472167969,
      46.13090133666992,
      47.60497283935547,
      66.70838928222656,
      59.77810287475586,
      109.37744903564453,
      53.421531677246094,
      90.67792510986328
    ],
    [
      37.13656997680664,
      33.74322509765625,
      16.73941993713379,
      18.8234806060791,
      18.993457794189453,
      9.9024019241333,
      27.38707160949707,
      20.98403549194336,
      36.616485595703125,
      24.169662475585938,
      45.59518051147461,
      25.049171447753906,
      62.46702575683594,
      37.371002197265625,
      82.60325622558594,
      53.421531677246094,
      89.40603637695312,
      55.660884857177734
    ],
    [
      54.124629974365234,
      58.34211349487305,
      23.916128158569336,
      31.86744499206543,
      25.502315521240234,
      13.562225341796875,
      37.72848129272461,
      33.39714050292969,
      36.346675872802734,
      34.695491790771484,
      35.111759185791016,
      38.47964859008789,
      43.45936965942383,
      57.25461959838867,
      56.46809768676758,
      90.67792510986328,
      55.660884857177734,
      86.23319244384766
    ]
  ],
  "drr": 11.600178718566895,
  "dynamics": 4.478200435638428,
  "format": 1245190,
  "frames": 15396864,
  "loudness": -12.421233177185059,
  "loudness_range": 12.67661190032959,
  "loudness_range_short": 15.436574935913086,
  "peak": 0.9438535571098328,
  "rms": -13.41174030303955,
  "sample_rate": 44100,
  "sections": 1,
  "seekable": 1,
  "sharpness": 3.0120949745178223,
  "space": -8.92985725402832
}