{
  "bands": [
    {
      "high_freq": 148.1999969482422,
      "loudness": -34.639503479003906,
      "loudness_range": 20.949556350708008,
      "mid_mean": -33.214256286621094,
      "mid_to_side_loudness": -1.6592937707901,
      "mid_to_side_loudness_range": 3.416041135787964,
      "side_mean": -34.90843200683594
    },
    {
      "high_freq": 392.3793640136719,
      "loudness": -31.936267852783203,
      "loudness_range": 14.180082321166992,
      "low_freq": 148.1999969482422,
      "mid_mean": -30.911508560180664,
      "mid_to_side_loudness": -0.9055618643760681,
      "mid_to_side_loudness_range": 2.598574161529541,
      "side_mean": -31.7210636138916
    },
    {
      "high_freq": 794.6976318359375,
      "loudness": -37.50476837158203,
      "loudness_range": 18.32764434814453,
      "low_freq": 392.3793640136719,
      "mid_mean": -36.605377197265625,
      "mid_to_side_loudness": -0.5418592095375061,
      "mid_to_side_loudness_range": 3.8272647857666016,
      "side_mean": -37.13717269897461
    },
    {
      "high_freq": 1457.5709228515625,
      "loudness": -43.8033561706543,
      "loudness_range": 19.908061981201172,
      "low_freq": 794.6976318359375,
      "mid_mean": -42.94056701660156,
      "mid_to_side_loudness": -0.4034639000892639,
      "mid_to_side_loudness_range": 3.13682222366333,
      "side_mean": -43.330013275146484
    },
    {
      "high_freq": 2549.74365234375,
      "loudness": -48.08417510986328,
      "loudness_range": 15.892822265625,
      "low_freq": 1457.5709228515625,
      "mid_mean": -47.26176834106445,
      "mid_to_side_loudness": -0.21369272470474243,
      "mid_to_side_loudness_range": 2.038893461227417,
      "side_mean": -47.46510696411133
    },
    {
      "high_freq": 4349.24462890625,
      "loudness": -44.877384185791016,
      "loudness_range": 14.257869720458984,
      "low_freq": 2549.74365234375,
      "mid_mean": -44.31519317626953,
      "mid_to_side_loudness": 0.21893006563186646,
      "mid_to_side_loudness_range": 1.9281132221221924,
      "side_mean": -44.09096908569336
    },
    {
      "high_freq": 7314.1640625,
      "loudness": -41.37388229370117,
      "loudness_range": 12.941749572753906,
      "low_freq": 4349.24462890625,
      "mid_mean": -40.948081970214844,
      "mid_to_side_loudness": 0.44422590732574463,
      "mid_to_side_loudness_range": 1.3183964490890503,
      "side_mean": -40.47256851196289
    },
    {
      "high_freq": 12199.2666015625,
      "loudness": -41.554725646972656,
      "loudness_range": 13.812808990478516,
      "low_freq": 7314.1640625,
      "mid_mean": -40.82204818725586,
      "mid_to_side_loudness": -0.13326935470104218,
      "mid_to_side_loudness_range": 0.93205726146698,
      "side_mean": -40.93522644042969
    },
    {
      "loudness": -44.40365219116211,
      "loudness_range": 14.675094604492188,
      "low_freq": 12199.2666015625,
      "mid_mean": -43.83535385131836,
      "mid_to_side_loudness": 0.1320934295654297,
      "mid_to_side_loudness_range": 0.8014605045318604,
      "side_mean": -43.69122314453125
    }
  ],
  "bands_short": [
    {
      "high_freq": 148.1999969482422,
      "loudness": -38.44841384887695,
      "loudness_range": 25.613948822021484,
      "mid_mean": -37.33588409423828,
      "mid_to_side_loudness": -1.0598891973495483,
      "mid_to_side_loudness_range": 8.663314819335938,
      "side_mean": -38.56370544433594
    },
    {
      "high_freq": 392.3793640136719,
      "loudness": -31.88744354248047,
      "loudness_range": 17.648969650268555,
      "low_freq": 148.1999969482422,
      "mid_mean": -30.77857208251953,
      "mid_to_side_loudness": -1.1835652589797974,
      "mid_to_side_loudness_range": 5.320369720458984,
      "side_mean": -31.871219635009766
    },
    {
      "high_freq": 794.6976318359375,
      "loudness": -38.50907516479492,
      "loudness_range": 20.297147750854492,
      "low_freq": 392.3793640136719,
      "mid_mean": -37.66715621948242,
      "mid_to_side_loudness": -0.5522519946098328,
      "mid_to_side_loudness_range": 6.42271089553833,
      "side_mean": -38.24528121948242
    },
    {
      "high_freq": 1457.5709228515625,
      "loudness": -44.507694244384766,
      "loudness_range": 21.502704620361328,
      "low_freq": 794.6976318359375,
      "mid_mean": -43.75437927246094,
      "mid_to_side_loudness": -0.3142896890640259,
      "mid_to_side_loudness_range": 5.052948474884033,
      "side_mean": -44.0615234375
    },
    {
      "high_freq": 2549.74365234375,
      "loudness": -49.034820556640625,
      "loudness_range": 17.782073974609375,
      "low_freq": 1457.5709228515625,
      "mid_mean": -48.243309020996094,
      "mid_to_side_loudness": -0.26733192801475525,
      "mid_to_side_loudness_range": 3.97829008102417,
      "side_mean": -48.50309753417969
    },
    {
      "high_freq": 4349.24462890625,
      "loudness": -45.59366226196289,
      "loudness_range": 16.471797943115234,
      "low_freq": 2549.74365234375,
      "mid_mean": -45.1137580871582,
      "mid_to_side_loudness": 0.25506502389907837,
      "mid_to_side_loudness_range": 3.574350357055664,
      "side_mean": -44.83894729614258
    },
    {
      "high_freq": 7314.1640625,
      "loudness": -42.18035125732422,
      "loudness_range": 15.505119323730469,
      "low_freq": 4349.24462890625,
      "mid_mean": -41.81578826904297,
      "mid_to_side_loudness": 0.5150367021560669,
      "mid_to_side_loudness_range": 2.5796003341674805,
      "side_mean": -41.27594757080078
    },
    {
      "high_freq": 12199.2666015625,
      "loudness": -42.26789093017578,
      "loudness_range": 15.86294174194336,
      "low_freq": 7314.1640625,
      "mid_mean": -41.57572555541992,
      "mid_to_side_loudness": -0.14272794127464294,
      "mid_to_side_loudness_range": 1.9235479831695557,
      "side_mean": -41.70777130126953
    },
    {
      "loudness": -44.8831787109375,
      "loudness_range": 15.78903579711914,
      "low_freq": 12199.2666015625,
      "mid_mean": -44.34820556640625,
      "mid_to_side_loudness": 0.19836843013763428,
      "mid_to_side_loudness_range": 1.7791894674301147,
      "side_mean": -44.13861846923828
    }
  ],
  "channels": 2,
  "covariance": [
    [
      57.875675201416016,
      53.4337272644043,
      14.467803955078125,
      13.340924263000488,
      11.958699226379395,
      11.434479713439941,
      10.037483215332031,
      9.57234001159668,
      9.757179260253906,
      9.506806373596191,
      9.102410316467285,
      9.293519020080566,
      9.416581153869629,
      9.128473281860352,
      10.042479515075684,
      9.852413177490234,
      10.821374893188477,
      10.865032196044922
    ],
    [
      53.4337272644043,
      50.65956115722656,
      13.573596000671387,
      12.441510200500488,
      11.1295804977417,
      10.674715042114258,
      9.178264617919922,
      8.782726287841797,
      9.219108581542969,
      9.077770233154297,
      8.706852912902832,
      8.864968299865723,
      9.022668838500977,
      8.769404411315918,
      9.580525398254395,
      9.392009735107422,
      10.382976531982422,
      10.444173812866211
    ],
    [
      14.467803955078125,
      13.573596000671387,
      30.519519805908203,
      28.221080780029297,
      19.695615768432617,
      18.642580032348633,
      19.60749626159668,
      19.40121078491211,
      17.327543258666992,
      17.40785026550293,
      14.19185733795166,
      14.54209041595459,
      13.360564231872559,
      12.954131126403809,
      13.843966484069824,
      13.675405502319336,
      15.27808952331543,
      15.199941635131836
    ],
    [
      13.340924263000488,
      12.441510200500488,
      28.221080780029297,
      27.98110580444336,
      18.423297882080078,
      17.42010498046875,
      18.786344528198242,
      18.65785026550293,
      16.21918487548828,
      16.321273803710938,
      12.955162048339844,
      13.263145446777344,
      12.126750946044922,
      11.76095962524414,
      12.506592750549316,
      12.350678443908691,
      13.778461456298828,
      13.704845428466797
    ],
    [
      11.958699226379395,
      11.1295804977417,
      19.695615768432617,
      18.423297882080078,
      40.51285934448242,
      38.11286544799805,
      30.617338180541992,
      30.45400047302246,
      25.706451416015625,
      25.809688568115234,
      21.51511001586914,
      21.7252140045166,
      19.865398406982422,
      19.39463996887207,
      21.392045974731445,
      21.21076202392578,
      22.817127227783203,
      22.661296844482422
    ],
    [
      11.434479713439941,
      10.674715042114258,
      18.642580032348633,
      17.42010498046875,
      38.11286544799805,
      37.67670822143555,
      30.090669631958008,
      29.86666488647461,
      25.25240707397461,
      25.371143341064453,
      21.27741241455078,
      21.395864486694336,
      19.43470573425293,
      19.00658416748047,
      21.000415802001953,
      20.822683334350586,
      22.450881958007812,
      22.28573226928711
    ],
    [
      10.037483215332031,
      9.178264617919922,
      19.60749626159668,
      18.786344528198242,
      30.617338180541992,
      30.090669631958008,
      45.873138427734375,
      43.15454864501953,
      30.1787109375,
      30.736305236816406,
      25.55332374572754,
      25.62576675415039,
      22.183237075805664,
      21.561054229736328,
      23.108047485351562,
      22.920310974121094,
      24.315025329589844,
      24.163854598999023
    ],
    [
      9.57234001159668,
      8.782726287841797,
      19.40121078491211,
      18.65785026550293,
      30.45400047302246,
      29.86666488647461,
      43.15454864501953,
      42.01747512817383,
      29.737930297851562,
      30.357065200805664,
      25.084871292114258,
      25.161771774291992,
      21.8060359954834,
      21.22458267211914,
      22.694175720214844,
      22.52411651611328,
      23.871620178222656,
      23.720430374145508
    ],
    [
      9.757179260253906,
      9.219108581542969,
      17.327543258666992,
      16.21918487548828,
      25.706451416015625,
      25.25240707397461,
      30.1787109375,
      29.737930297851562,
      30.443458557128906,
      30.56995964050293,
      25.977436065673828,
      26.113679885864258,
      22.91769027709961,
      22.274906158447266,
      23.513870239257812,
      23.344276428222656,
      24.423912048339844,
      24.253372192382812
    ],
    [
      9.506806373596191,
      9.077770233154297,
      17.40785026550293,
      16.321273803710938,
      25.809688568115234,
      25.371143341064453,
      30.736305236816406,
      30.357065200805664,
      30.56995964050293,
      31.20604133605957,
      26.33927345275879,
      26.438304901123047,
      23.22283363342285,
      22.586048126220703,
      23.78934669494629,
      23.633556365966797,
      24.734432220458984,
      24.559797286987305
    ],
    [
      9.102410316467285,
      8.706852912902832,
      14.19185733795166,
      12.955162048339844,
      21.51511001586914,
      21.27741241455078,
      25.55332374572754,
      25.084871292114258,
      25.977436065673828,
      26.33927345275879,
      31.95380973815918,
      31.705711364746094,
      28.258211135864258,
      27.568435668945312,
      29.082927703857422,
      28.77617645263672,
      29.50275421142578,
      29.310611724853516
    ],
    [
      9.293519020080566,
      8.864968299865723,
      14.54209041595459,
      13.263145446777344,
      21.7252140045166,
      21.395864486694336,
      25.62576675415039,
      25.161771774291992,
      26.113679885864258,
      26.438304901123047,
      31.705711364746094,
      31.9990177154541,
      28.30451774597168,
      27.595094680786133,
      29.08539390563965,
      28.75947380065918,
      29.469018936157227,
      29.27909278869629
    ],
    [
      9.416581153869629,
      9.022668838500977,
      13.360564231872559,
      12.126750946044922,
      19.865398406982422,
      19.43470573425293,
      22.183237075805664,
      21.8060359954834,
      22.91769027709961,
      23.22283363342285,
      28.258211135864258,
      28.30451774597168,
      28.097673416137695,
      27.351043701171875,
      28.343889236450195,
      28.126249313354492,
      28.404237747192383,
      28.22911262512207
    ],
    [
      9.128473281860352,
      8.769404411315918,
      12.954131126403809,
      11.76095962524414,
      19.39463996887207,
      19.00658416748047,
      21.561054229736328,
      21.22458267211914,
      22.274906158447266,
      22.586048126220703,
      27.568435668945312,
      27.595094680786133,
      27.351043701171875,
      27.10357666015625,
      28.025264739990234,
      27.814594268798828,
      27.950870513916016,
      27.7784423828125
    ],
    [
      10.042479515075684,
      9.580525398254395,
      13.843966484069824,
      12.506592750549316,
      21.392045974731445,
      21.000415802001953,
      23.108047485351562,
      22.694175720214844,
      23.513870239257812,
      23.78934669494629,
      29.082927703857422,
      29.08539390563965,
      28.343889236450195,
      28.025264739990234,
      30.615549087524414,
      30.18172836303711,
      30.754833221435547,
      30.53999137878418
    ],
    [
      9.852413177490234,
      9.392009735107422,
      13.675405502319336,
      12.350678443908691,
      21.21076202392578,
      20.822683334350586,
      22.920310974121094,
      22.52411651611328,
      23.344276428222656,
      23.633556365966797,
      28.77617645263672,
      28.75947380065918,
      28.126249313354492,
      27.814594268798828,
      30.18172836303711,
      30.25169563293457,
      30.7305850982666,
      30.511241912841797
    ],
    [
      10.821374893188477,
      10.382976531982422,
      15.27808952331543,
      13.778461456298828,
      22.817127227783203,
      22.450881958007812,
      24.315025329589844,
      23.871620178222656,
      24.423912048339844,
      24.734432220458984,
      29.50275421142578,
      29.469018936157227,
      28.404237747192383,
      27.950870513916016,
      30.754833221435547,
      30.7305850982666,
      34.05643844604492,
      33.78939437866211
    ],
    [
      10.865032196044922,
      10.444173812866211,
      15.199941635131836,
      13.704845428466797,
      22.661296844482422,
      22.28573226928711,
      24.163854598999023,
      23.720430374145508,
      24.253372192382812,
      24.559797286987305,
      29.310611724853516,
      29.27909278869629,
      28.22911262512207,
      27.7784423828125,
      30.53999137878418,
      30.511241912841797,
      33.78939437866211,
      33.60294723510742
    ]
  ],
  "covariance_short": [
    [
      82.62364959716797,
      71.60212707519531,
      29.143829345703125,
      26.444433212280273,
      14.15315055847168,
      13.544465065002441,
      12.28535270690918,
      11.80416488647461,
      10.583903312683105,
      10.4005126953125,
      9.058026313781738,
      9.0608549118042,
      9.224349975585938,
      8.837372779846191,
      9.663022994995117,
      9.44725513458252,
      10.325511932373047,
      10.429917335510254
    ],
    [
      71.60212707519531,
      70.03580474853516,
      25.988561630249023,
      23.963186264038086,
      13.204058647155762,
      12.658177375793457,
      10.81190299987793,
      10.515456199645996,
      9.704236030578613,
      9.638983726501465,
      8.636628150939941,
      8.654755592346191,
      8.921870231628418,
      8.577033042907715,
      9.322179794311523,
      9.101648330688477,
      9.924418449401855,
      10.048538208007812
    ],
    [
      29.143829345703125,
      25.988561630249023,
      43.261505126953125,
      38.823524475097656,
      25.109655380249023,
      23.6085205078125,
      24.180278778076172,
      23.73440933227539,
      19.48667335510254,
      19.610124588012695,
      15.10188102722168,
      15.528138160705566,
      14.44986343383789,
      13.983092308044434,
      14.590799331665039,
      14.411201477050781,
      15.362585067749023,
      15.355942726135254
    ],
    [
      26.444433212280273,
      23.963186264038086,
      38.823524475097656,
      40.5550537109375,
      24.33305549621582,
      22.7772274017334,
      23.669172286987305,
      23.197750091552734,
      18.831832885742188,
      19.009056091308594,
      14.656316757202148,
      15.047966957092285,
      14.069856643676758,
      13.681228637695312,
      14.26964282989502,
      14.119308471679688,
      14.941686630249023,
      14.925440788269043
    ],
    [
      14.15315055847168,
      13.204058647155762,
      25.109655380249023,
      24.33305549621582,
      50.5562858581543,
      45.9461669921875,
      37.359066009521484,
      36.79395294189453,
      30.294687271118164,
      30.45849609375,
      23.74583625793457,
      23.89698028564453,
      21.90665054321289,
      21.37186622619629,
      22.7289981842041,
      22.628530502319336,
      23.25840950012207,
      23.111989974975586
    ],
    [
      13.544465065002441,
      12.658177375793457,
      23.6085205078125,
      22.7772274017334,
      45.9461669921875,
      47.00457000732422,
      35.966102600097656,
      35.552215576171875,
      29.574932098388672,
      29.74824333190918,
      23.114349365234375,
      23.217308044433594,
      21.17848014831543,
      20.664094924926758,
      22.089513778686523,
      21.99479103088379,
      22.71839714050293,
      22.559362411499023
    ],
    [
      12.28535270690918,
      10.81190299987793,
      24.180278778076172,
      23.669172286987305,
      37.359066009521484,
      35.966102600097656,
      54.249359130859375,
      50.58598709106445,
      35.20551681518555,
      35.86237716674805,
      27.635860443115234,
      27.66846466064453,
      24.31857681274414,
      23.6783504486084,
      24.539316177368164,
      24.44097900390625,
      24.79635238647461,
      24.610620498657227
    ],
    [
      11.80416488647461,
      10.515456199645996,
      23.73440933227539,
      23.197750091552734,
      36.79395294189453,
      35.552215576171875,
      50.58598709106445,
      50.833675384521484,
      34.91231918334961,
      35.67097854614258,
      27.463481903076172,
      27.450408935546875,
      24.131122589111328,
      23.52583122253418,
      24.328201293945312,
      24.242204666137695,
      24.55818748474121,
      24.379236221313477
    ],
    [
      10.583903312683105,
      9.704236030578613,
      19.48667335510254,
      18.831832885742188,
      30.294687271118164,
      29.574932098388672,
      35.20551681518555,
      34.91231918334961,
      37.784175872802734,
      37.29298400878906,
      29.759641647338867,
      29.755081176757812,
      26.24930191040039,
      25.521970748901367,
      26.116323471069336,
      26.023935317993164,
      25.925891876220703,
      25.750408172607422
    ],
    [
      10.4005126953125,
      9.638983726501465,
      19.610124588012695,
      19.009056091308594,
      30.45849609375,
      29.74824333190918,
      35.86237716674805,
      35.67097854614258,
      37.29298400878906,
      38.704376220703125,
      30.195898056030273,
      30.157888412475586,
      26.642627716064453,
      25.934898376464844,
      26.478397369384766,
      26.394790649414062,
      26.259672164916992,
      26.08671760559082
    ],
    [
      9.058026313781738,
      8.636628150939941,
      15.10188102722168,
      14.656316757202148,
      23.74583625793457,
      23.114349365234375,
      27.635860443115234,
      27.463481903076172,
      29.759641647338867,
      30.195898056030273,
      37.52663803100586,
      36.3097038269043,
      32.59139633178711,
      31.833988189697266,
      32.465335845947266,
      32.25053024291992,
      31.677560806274414,
      31.47333335876465
    ],
    [
      9.0608549118042,
      8.654755592346191,
      15.528138160705566,
      15.047966957092285,
      23.89698028564453,
      23.217308044433594,
      27.66846466064453,
      27.450408935546875,
      29.755081176757812,
      30.157888412475586,
      36.3097038269043,
      37.15007019042969,
      32.564300537109375,
      31.802013397216797,
      32.3979606628418,
      32.1505012512207,
      31.629920959472656,
      31.44759178161621
    ],
    [
      9.224349975585938,
      8.921870231628418,
      14.44986343383789,
      14.069856643676758,
      21.90665054321289,
      21.17848014831543,
      24.31857681274414,
      24.131122589111328,
      26.24930191040039,
      26.642627716064453,
      32.59139633178711,
      32.564300537109375,
      33.82118606567383,
      32.644996643066406,
      32.659454345703125,
      32.46168518066406,
      31.282068252563477,
      31.059223175048828
    ],
    [
      8.837372779846191,
      8.577033042907715,
      13.983092308044434,
      13.681228637695312,
      21.37186622619629,
      20.664094924926758,
      23.6783504486084,
      23.52583122253418,
      25.521970748901367,
      25.934898376464844,
      31.833988189697266,
      31.802013397216797,
      32.644996643066406,
      32.6478271484375,
      32.08251190185547,
      31.884801864624023,
      30.7603702545166,
      30.528358459472656
    ],
    [
      9.663022994995117,
      9.322179794311523,
      14.590799331665039,
      14.26964282989502,
      22.7289981842041,
      22.089513778686523,
      24.539316177368164,
      24.328201293945312,
      26.116323471069336,
      26.478397369384766,
      32.465335845947266,
      32.3979606628418,
      32.659454345703125,
      32.08251190185547,
      34.65041732788086,
      34.0207405090332,
      33.21462631225586,
      32.95045852661133
    ],
    [
      9.44725513458252,
      9.101648330688477,
      14.411201477050781,
      14.119308471679688,
      22.628530502319336,
      21.99479103088379,
      24.44097900390625,
      24.242204666137695,
      26.023935317993164,
      26.394790649414062,
      32.25053024291992,
      32.1505012512207,
      32.46168518066406,
      31.884801864624023,
      34.0207405090332,
      34.390098571777344,
      33.082237243652344,
      32.81235885620117
    ],
    [
      10.325511932373047,
      9.924418449401855,
      15.362585067749023,
      14.941686630249023,
      23.25840950012207,
      22.71839714050293,
      24.79635238647461,
      24.55818748474121,
      25.925891876220703,
      26.259672164916992,
      31.677560806274414,
      31.629920959472656,
      31.282068252563477,
      30.7603702545166,
      33.21462631225586,
      33.082237243652344,
      35.5083122253418,
      35.01177215576172
    ],
    [
      10.429917335510254,
      10.048538208007812,
      15.355942726135254,
      14.925440788269043,
      23.111989974975586,
      22.559362411499023,
      24.610620498657227,
      24.379236221313477,
      25.750408172607422,
      26.08671760559082,
      31.47333335876465,
      31.44759178161621,
      31.059223175048828,
      30.528358459472656,
      32.95045852661133,
      32.81235885620117,
      35.01177215576172,
      35.06867599487305
    ]
  ],
  "drr": 10.480342864990234,
  "dynamics": 3.9266719818115234,
  "format": 1245190,
  "frames": 17274880,
  "loudness": -22.959623336791992,
  "loudness_range": 12.268348693847656,
  "loudness_range_short": 15.331668853759766,
  "peak": -4.0596184730529785,
  "rms": -24.13368797302246,
  "sample_rate": 44100,
  "sections": 1,
  "seekable": 1,
  "sharpness": 3.347726583480835,
  "space": -0.9418654441833496
}