{
  "bands": [
    {
      "high_freq": 148.1999969482422,
      "loudness": -47.10978698730469,
      "loudness_range": 17.176475524902344,
      "mid_mean": -45.689491271972656,
      "mid_to_side_loudness": -1.6769511699676514,
      "mid_to_side_loudness_range": 2.0782508850097656,
      "side_mean": -47.35371780395508
    },
    {
      "high_freq": 392.3793640136719,
      "loudness": -36.745826721191406,
      "loudness_range": 18.449316024780273,
      "low_freq": 148.1999969482422,
      "mid_mean": -35.36589813232422,
      "mid_to_side_loudness": -1.77253258228302,
      "mid_to_side_loudness_range": 2.7371063232421875,
      "side_mean": -37.09462356567383
    },
    {
      "high_freq": 794.6976318359375,
      "loudness": -32.290225982666016,
      "loudness_range": 24.253562927246094,
      "low_freq": 392.3793640136719,
      "mid_mean": -30.577394485473633,
      "mid_to_side_loudness": -3.4273386001586914,
      "mid_to_side_loudness_range": 8.388912200927734,
      "side_mean": -33.954795837402344
    },
    {
      "high_freq": 1457.5709228515625,
      "loudness": -39.69278335571289,
      "loudness_range": 25.688520431518555,
      "low_freq": 794.6976318359375,
      "mid_mean": -37.87350082397461,
      "mid_to_side_loudness": -3.5910096168518066,
      "mid_to_side_loudness_range": 8.828375816345215,
      "side_mean": -41.897464752197266
    },
    {
      "high_freq": 2549.74365234375,
      "loudness": -46.6721076965332,
      "loudness_range": 27.44635009765625,
      "low_freq": 1457.5709228515625,
      "mid_mean": -45.197227478027344,
      "mid_to_side_loudness": -4.535114288330078,
      "mid_to_side_loudness_range": 12.314233779907227,
      "side_mean": -51.03390121459961
    },
    {
      "high_freq": 4349.24462890625,
      "loudness": -56.92338180541992,
      "loudness_range": 29.9071044921875,
      "low_freq": 2549.74365234375,
      "mid_mean": -56.55092239379883,
      "mid_to_side_loudness": -4.872745513916016,
      "mid_to_side_loudness_range": 13.065744400024414,
      "side_mean": -60.872764587402344
    },
    {
      "high_freq": 7314.1640625,
      "loudness": -70.53312683105469,
      "loudness_range": 21.979930877685547,
      "low_freq": 4349.24462890625,
      "mid_mean": -65.0239486694336,
      "mid_to_side_loudness": -4.072680950164795,
      "mid_to_side_loudness_range": 10.45443058013916,
      "side_mean": -67.48683166503906
    },
    {
      "high_freq": 12199.2666015625,
      "loudness": -74.928466796875,
      "loudness_range": 9.708778381347656,
      "low_freq": 7314.1640625,
      "mid_mean": -67.95085144042969,
      "mid_to_side_loudness": -3.0527541637420654,
      "mid_to_side_loudness_range": 4.349001407623291,
      "side_mean": -69.01020050048828
    },
    {
      "loudness": -76.96846771240234,
      "loudness_range": 2.200164794921875,
      "low_freq": 12199.2666015625,
      "mid_mean": -68.78857421875,
      "mid_to_side_loudness": -3.287745237350464,
      "mid_to_side_loudness_range": 2.900608539581299,
      "side_mean": -69.40067291259766
    }
  ],
  "bands_short": [
    {
      "high_freq": 148.1999969482422,
      "loudness": -49.13227462768555,
      "loudness_range": 18.57101821899414,
      "mid_mean": -47.77250289916992,
      "mid_to_side_loudness": -1.6383081674575806,
      "mid_to_side_loudness_range": 5.211148262023926,
      "side_mean": -49.396881103515625
    },
    {
      "high_freq": 392.3793640136719,
      "loudness": -37.49176788330078,
      "loudness_range": 19.895601272583008,
      "low_freq": 148.1999969482422,
      "mid_mean": -36.14814758300781,
      "mid_to_side_loudness": -1.7318750619888306,
      "mid_to_side_loudness_range": 3.6648712158203125,
      "side_mean": -37.82694625854492
    },
    {
      "high_freq": 794.6976318359375,
      "loudness": -33.440147399902344,
      "loudness_range": 26.23822021484375,
      "low_freq": 392.3793640136719,
      "mid_mean": -31.81215476989746,
      "mid_to_side_loudness": -3.140374183654785,
      "mid_to_side_loudness_range": 8.609577178955078,
      "side_mean": -35.1132926940918
    },
    {
      "high_freq": 1457.5709228515625,
      "loudness": -40.21869659423828,
      "loudness_range": 26.499298095703125,
      "low_freq": 794.6976318359375,
      "mid_mean": -38.45175552368164,
      "mid_to_side_loudness": -3.5068085193634033,
      "mid_to_side_loudness_range": 9.737690925598145,
      "side_mean": -42.466163635253906
    },
    {
      "high_freq": 2549.74365234375,
      "loudness": -48.083370208740234,
      "loudness_range": 29.028141021728516,
      "low_freq": 1457.5709228515625,
      "mid_mean": -46.754207611083984,
      "mid_to_side_loudness": -4.274728775024414,
      "mid_to_side_loudness_range": 12.807856559753418,
      "side_mean": -52.09288787841797
    },
    {
      "high_freq": 4349.24462890625,
      "loudness": -58.417884826660156,
      "loudness_range": 31.819168090820312,
      "low_freq": 2549.74365234375,
      "mid_mean": -57.53021240234375,
      "mid_to_side_loudness": -4.644862651824951,
      "mid_to_side_loudness_range": 13.022411346435547,
      "side_mean": -61.624874114990234
    },
    {
      "high_freq": 7314.1640625,
      "loudness": -71.38633728027344,
      "loudness_range": 21.17359161376953,
      "low_freq": 4349.24462890625,
      "mid_mean": -65.62871551513672,
      "mid_to_side_loudness": -3.6733734607696533,
      "mid_to_side_loudness_range": 9.413114547729492,
      "side_mean": -67.75601959228516
    },
    {
      "high_freq": 12199.2666015625,
      "loudness": -75.2944564819336,
      "loudness_range": 7.687080383300781,
      "low_freq": 7314.1640625,
      "mid_mean": -68.16292572021484,
      "mid_to_side_loudness": -2.7211999893188477,
      "mid_to_side_loudness_range": 2.8401029109954834,
      "side_mean": -69.0430908203125
    },
    {
      "loudness": -76.96249389648438,
      "loudness_range": 2.3545608520507812,
      "low_freq": 12199.2666015625,
      "mid_mean": -68.78746795654297,
      "mid_to_side_loudness": -3.26228928565979,
      "mid_to_side_loudness_range": 3.262920379638672,
      "side_mean": -69.39746856689453
    }
  ],
  "channels": 2,
  "covariance": [
    [
      33.14236068725586,
      33.35294723510742,
      19.6668758392334,
      20.40614128112793,
      14.491357803344727,
      16.215015411376953,
      14.524713516235352,
      16.830055236816406,
      15.483342170715332,
      18.846487045288086,
      16.994699478149414,
      15.176850318908691,
      5.774946689605713,
      2.7293288707733154,
      1.6247518062591553,
      0.31410422921180725,
      0.017704028636217117,
      0.07482252269983292
    ],
    [
      33.35294723510742,
      36.14610290527344,
      19.638622283935547,
      21.108474731445312,
      14.12930965423584,
      16.934940338134766,
      13.174585342407227,
      17.41778564453125,
      13.512059211730957,
      19.187118530273438,
      14.860254287719727,
      15.726522445678711,
      4.558735370635986,
      3.046579122543335,
      1.3888089656829834,
      0.38714954257011414,
      -0.06065696105360985,
      0.08394432067871094
    ],
    [
      19.6668758392334,
      19.638622283935547,
      41.92623519897461,
      39.5443000793457,
      30.608163833618164,
      32.32143783569336,
      24.608869552612305,
      29.455652236938477,
      27.24951171875,
      34.727909088134766,
      31.461742401123047,
      28.74495506286621,
      10.167861938476562,
      6.37567663192749,
      2.0947518348693848,
      0.7075086832046509,
      0.08949470520019531,
      0.11333240568637848
    ],
    [
      20.40614128112793,
      21.108474731445312,
      39.5443000793457,
      41.721588134765625,
      27.98343849182129,
      31.71443748474121,
      22.98000717163086,
      29.56658363342285,
      23.928775787353516,
      33.84380340576172,
      27.512985229492188,
      27.8692626953125,
      8.456656455993652,
      5.992298126220703,
      1.895909070968628,
      0.6941928863525391,
      -0.0374896377325058,
      0.11799376457929611
    ],
    [
      14.491357803344727,
      14.12930965423584,
      30.608163833618164,
      27.98343849182129,
      74.548828125,
      62.786590576171875,
      56.010047912597656,
      51.05958557128906,
      64.79781341552734,
      61.46295166015625,
      70.06449890136719,
      52.88330078125,
      28.199146270751953,
      14.294146537780762,
      6.484612464904785,
      1.6342850923538208,
      0.7114943265914917,
      0.17954333126544952
    ],
    [
      16.215015411376953,
      16.934940338134766,
      32.32143783569336,
      31.71443748474121,
      62.786590576171875,
      73.29725646972656,
      43.86040115356445,
      53.805809020996094,
      49.73517990112305,
      65.54297637939453,
      54.476505279541016,
      55.544254302978516,
      18.644174575805664,
      14.66179370880127,
      3.403874635696411,
      1.7533689737319946,
      0.1152145266532898,
      0.2413203865289688
    ],
    [
      14.524713516235352,
      13.174585342407227,
      24.608869552612305,
      22.98000717163086,
      56.010047912597656,
      43.86040115356445,
      78.48819732666016,
      60.90521240234375,
      75.5865478515625,
      63.34492874145508,
      77.75148010253906,
      53.1075553894043,
      36.85729217529297,
      16.41442108154297,
      10.152424812316895,
      1.9485818147659302,
      1.0878294706344604,
      0.13774915039539337
    ],
    [
      16.830055236816406,
      17.41778564453125,
      29.455652236938477,
      29.56658363342285,
      51.05958557128906,
      53.805809020996094,
      60.90521240234375,
      72.49650573730469,
      57.84575271606445,
      70.47675323486328,
      60.410865783691406,
      59.19532012939453,
      24.948213577270508,
      18.23909568786621,
      5.695734024047852,
      2.238685369491577,
      0.34999942779541016,
      0.22555920481681824
    ],
    [
      15.483342170715332,
      13.512059211730957,
      27.24951171875,
      23.928775787353516,
      64.79781341552734,
      49.73517990112305,
      75.5865478515625,
      57.84575271606445,
      103.41585540771484,
      75.14046478271484,
      91.8810043334961,
      61.24427032470703,
      45.149749755859375,
      19.299564361572266,
      11.900683403015137,
      2.298527479171753,
      1.3367092609405518,
      0.15905961394309998
    ],
    [
      18.846487045288086,
      19.187118530273438,
      34.727909088134766,
      33.84380340576172,
      61.46295166015625,
      65.54297637939453,
      63.34492874145508,
      70.47675323486328,
      75.14046478271484,
      98.18777465820312,
      75.86429595947266,
      72.81362915039062,
      31.04974937438965,
      22.42049789428711,
      7.264153957366943,
      2.925153970718384,
      0.7995734214782715,
      0.43616220355033875
    ],
    [
      16.994699478149414,
      14.860254287719727,
      31.461742401123047,
      27.512985229492188,
      70.06449890136719,
      54.476505279541016,
      77.75148010253906,
      60.410865783691406,
      91.8810043334961,
      75.86429595947266,
      106.05535125732422,
      70.76878356933594,
      48.78329086303711,
      21.54668617248535,
      12.807648658752441,
      2.729923725128174,
      1.6581602096557617,
      0.2962777018547058
    ],
    [
      15.176850318908691,
      15.726522445678711,
      28.74495506286621,
      27.8692626953125,
      52.88330078125,
      55.544254302978516,
      53.1075553894043,
      59.19532012939453,
      61.24427032470703,
      72.81362915039062,
      70.76878356933594,
      71.78384399414062,
      30.234392166137695,
      22.591062545776367,
      6.937133312225342,
      2.8628249168395996,
      0.6451011300086975,
      0.3288017213344574
    ],
    [
      5.774946689605713,
      4.558735370635986,
      10.167861938476562,
      8.456656455993652,
      28.199146270751953,
      18.644174575805664,
      36.85729217529297,
      24.948213577270508,
      45.149749755859375,
      31.04974937438965,
      48.78329086303711,
      30.234392166137695,
      34.06351852416992,
      14.129922866821289,
      10.777653694152832,
      2.1824071407318115,
      1.065646767616272,
      0.11795421689748764
    ],
    [
      2.7293288707733154,
      3.046579122543335,
      6.37567663192749,
      5.992298126220703,
      14.294146537780762,
      14.66179370880127,
      16.41442108154297,
      18.23909568786621,
      19.299564361572266,
      22.42049789428711,
      21.54668617248535,
      22.591062545776367,
      14.129922866821289,
      12.689009666442871,
      3.725968837738037,
      2.053755044937134,
      0.263539582490921,
      0.12807343900203705
    ],
    [
      1.6247518062591553,
      1.3888089656829834,
      2.0947518348693848,
      1.895909070968628,
      6.484612464904785,
      3.403874635696411,
      10.152424812316895,
      5.695734024047852,
      11.900683403015137,
      7.264153957366943,
      12.807648658752441,
      6.937133312225342,
      10.777653694152832,
      3.725968837738037,
      5.357767581939697,
      0.9580069780349731,
      0.4126591384410858,
      0.038263168185949326
    ],
    [
      0.31410422921180725,
      0.38714954257011414,
      0.7075086832046509,
      0.6941928863525391,
      1.6342850923538208,
      1.7533689737319946,
      1.9485818147659302,
      2.238685369491577,
      2.298527479171753,
      2.925153970718384,
      2.729923725128174,
      2.8628249168395996,
      2.1824071407318115,
      2.053755044937134,
      0.9580069780349731,
      0.6859884262084961,
      0.050851788371801376,
      0.029840068891644478
    ],
    [
      0.017704028636217117,
      -0.06065696105360985,
      0.08949470520019531,
      -0.0374896377325058,
      0.7114943265914917,
      0.1152145266532898,
      1.0878294706344604,
      0.34999942779541016,
      1.3367092609405518,
      0.7995734214782715,
      1.6581602096557617,
      0.6451011300086975,
      1.065646767616272,
      0.263539582490921,
      0.4126591384410858,
      0.050851788371801376,
      0.09936320036649704,
      0.012384098023176193
    ],
    [
      0.07482252269983292,
      0.08394432067871094,
      0.11333240568637848,
      0.11799376457929611,
      0.17954333126544952,
      0.2413203865289688,
      0.13774915039539337,
      0.22555920481681824,
      0.15905961394309998,
      0.43616220355033875,
      0.2962777018547058,
      0.3288017213344574,
      0.11795421689748764,
      0.12807343900203705,
      0.038263168185949326,
      0.029840068891644478,
      0.012384098023176193,
      0.008429091423749924
    ]
  ],
  "covariance_short": [
    [
      38.53427505493164,
      37.07849884033203,
      20.073162078857422,
      20.822017669677734,
      14.952324867248535,
      16.75571632385254,
      14.287264823913574,
      16.48289680480957,
      15.410250663757324,
      17.891979217529297,
      14.824697494506836,
      13.287302017211914,
      4.477907180786133,
      2.0772716999053955,
      1.2049775123596191,
      0.22830592095851898,
      -0.014160525053739548,
      0.07185560464859009
    ],
    [
      37.07849884033203,
      41.043514251708984,
      20.12610626220703,
      21.465639114379883,
      14.782233238220215,
      17.530040740966797,
      13.230031967163086,
      16.993547439575195,
      13.999564170837402,
      18.4976806640625,
      13.310510635375977,
      13.839530944824219,
      3.6133902072906494,
      2.306928873062134,
      1.0498967170715332,
      0.2830137610435486,
      -0.07208117097616196,
      0.08565233647823334
    ],
    [
      20.073162078857422,
      20.12610626220703,
      47.61076736450195,
      44.378841400146484,
      35.08392333984375,
      36.852813720703125,
      28.243316650390625,
      32.380741119384766,
      33.37458419799805,
      38.10468673706055,
      32.06076431274414,
      28.523250579833984,
      9.952499389648438,
      5.891149997711182,
      2.0088071823120117,
      0.6390486359596252,
      0.07856131345033646,
      0.12035265564918518
    ],
    [
      20.822017669677734,
      21.465639114379883,
      44.378841400146484,
      47.02073287963867,
      32.09089660644531,
      36.52705383300781,
      26.344161987304688,
      32.78767395019531,
      29.59714126586914,
      37.356082916259766,
      27.873249053955078,
      27.736818313598633,
      8.071788787841797,
      5.561196804046631,
      1.7095314264297485,
      0.6352708339691162,
      -0.05964415892958641,
      0.12654824554920197
    ],
    [
      14.952324867248535,
      14.782233238220215,
      35.08392333984375,
      32.09089660644531,
      83.01177215576172,
      69.47636413574219,
      57.508148193359375,
      51.95015335083008,
      70.19259643554688,
      63.187843322753906,
      69.36094665527344,
      51.943450927734375,
      25.800952911376953,
      12.975258827209473,
      5.370365619659424,
      1.473736047744751,
      0.6768842339515686,
      0.1932908594608307
    ],
    [
      16.75571632385254,
      17.530040740966797,
      36.852813720703125,
      36.52705383300781,
      69.47636413574219,
      80.59664916992188,
      46.221092224121094,
      55.61065673828125,
      55.75616455078125,
      67.81159973144531,
      54.011722564697266,
      54.51932144165039,
      17.088573455810547,
      13.385175704956055,
      2.9537065029144287,
      1.5472922325134277,
      0.060823097825050354,
      0.26514461636543274
    ],
    [
      14.287264823913574,
      13.230031967163086,
      28.243316650390625,
      26.344161987304688,
      57.508148193359375,
      46.221092224121094,
      83.90499877929688,
      63.397010803222656,
      82.1058349609375,
      65.51605224609375,
      78.70545196533203,
      52.5687255859375,
      34.250953674316406,
      14.98417854309082,
      8.103066444396973,
      1.739752173423767,
      1.084761142730713,
      0.1498766839504242
    ],
    [
      16.48289680480957,
      16.993547439575195,
      32.380741119384766,
      32.78767395019531,
      51.95015335083008,
      55.61065673828125,
      63.397010803222656,
      76.131103515625,
      63.25799560546875,
      72.77576446533203,
      59.5969123840332,
      58.02245330810547,
      22.423458099365234,
      16.55184555053711,
      4.4835638999938965,
      1.9769009351730347,
      0.3109559714794159,
      0.2507225275039673
    ],
    [
      15.410250663757324,
      13.999564170837402,
      33.37458419799805,
      29.59714126586914,
      70.19259643554688,
      55.75616455078125,
      82.1058349609375,
      63.25799560546875,
      111.24139404296875,
      81.15525817871094,
      93.95523071289062,
      61.93226623535156,
      41.47843551635742,
      17.799104690551758,
      9.967236518859863,
      2.16715407371521,
      1.3449307680130005,
      0.18223980069160461
    ],
    [
      17.891979217529297,
      18.4976806640625,
      38.10468673706055,
      37.356082916259766,
      63.187843322753906,
      67.81159973144531,
      65.51605224609375,
      72.77576446533203,
      81.15525817871094,
      99.68116760253906,
      74.1756591796875,
      70.75267791748047,
      27.955055236816406,
      20.17755699157715,
      6.002816677093506,
      2.666926622390747,
      0.7223188281059265,
      0.45671147108078003
    ],
    [
      14.824697494506836,
      13.310510635375977,
      32.06076431274414,
      27.873249053955078,
      69.36094665527344,
      54.011722564697266,
      78.70545196533203,
      59.5969123840332,
      93.95523071289062,
      74.1756591796875,
      104.39676666259766,
      67.72586822509766,
      44.70433044433594,
      19.380979537963867,
      10.701207160949707,
      2.449777603149414,
      1.6654690504074097,
      0.29306480288505554
    ],
    [
      13.287302017211914,
      13.839530944824219,
      28.523250579833984,
      27.736818313598633,
      51.943450927734375,
      54.51932144165039,
      52.5687255859375,
      58.02245330810547,
      61.93226623535156,
      70.75267791748047,
      67.72586822509766,
      68.43959045410156,
      26.835561752319336,
      20.18571662902832,
      5.478977680206299,
      2.5512099266052246,
      0.5793660879135132,
      0.3445124924182892
    ],
    [
      4.477907180786133,
      3.6133902072906494,
      9.952499389648438,
      8.071788787841797,
      25.800952911376953,
      17.088573455810547,
      34.250953674316406,
      22.423458099365234,
      41.47843551635742,
      27.955055236816406,
      44.70433044433594,
      26.835561752319336,
      29.98919677734375,
      12.421663284301758,
      8.542271614074707,
      1.916831374168396,
      1.0113028287887573,
      0.11504833400249481
    ],
    [
      2.0772716999053955,
      2.306928873062134,
      5.891149997711182,
      5.561196804046631,
      12.975258827209473,
      13.385175704956055,
      14.98417854309082,
      16.55184555053711,
      17.799104690551758,
      20.17755699157715,
      19.380979537963867,
      20.18571662902832,
      12.421663284301758,
      11.280936241149902,
      2.8644802570343018,
      1.799979567527771,
      0.22419488430023193,
      0.1373841017484665
    ],
    [
      1.2049775123596191,
      1.0498967170715332,
      2.0088071823120117,
      1.7095314264297485,
      5.370365619659424,
      2.9537065029144287,
      8.103066444396973,
      4.4835638999938965,
      9.967236518859863,
      6.002816677093506,
      10.701207160949707,
      5.478977680206299,
      8.542271614074707,
      2.8644802570343018,
      4.441519737243652,
      0.8122592568397522,
      0.3968580663204193,
      0.03672399744391441
    ],
    [
      0.22830592095851898,
      0.2830137610435486,
      0.6390486359596252,
      0.6352708339691162,
      1.473736047744751,
      1.5472922325134277,
      1.739752173423767,
      1.9769009351730347,
      2.16715407371521,
      2.666926622390747,
      2.449777603149414,
      2.5512099266052246,
      1.916831374168396,
      1.799979567527771,
      0.8122592568397522,
      0.6417022347450256,
      0.04752139374613762,
      0.034055981785058975
    ],
    [
      -0.014160525053739548,
      -0.07208117097616196,
      0.07856131345033646,
      -0.05964415892958641,
      0.6768842339515686,
      0.060823097825050354,
      1.084761142730713,
      0.3109559714794159,
      1.3449307680130005,
      0.7223188281059265,
      1.6654690504074097,
      0.5793660879135132,
      1.0113028287887573,
      0.22419488430023193,
      0.3968580663204193,
      0.04752139374613762,
      0.1260497123003006,
      0.012791510671377182
    ],
    [
      0.07185560464859009,
      0.08565233647823334,
      0.12035265564918518,
      0.12654824554920197,
      0.1932908594608307,
      0.26514461636543274,
      0.1498766839504242,
      0.2507225275039673,
      0.18223980069160461,
      0.45671147108078003,
      0.29306480288505554,
      0.3445124924182892,
      0.11504833400249481,
      0.1373841017484665,
      0.03672399744391441,
      0.034055981785058975,
      0.012791510671377182,
      0.012013956904411316
    ]
  ],
  "drr": 9.474905014038086,
  "dynamics": 6.068204402923584,
  "format": 1245190,
  "frames": 14798848,
  "loudness": -24.311622619628906,
  "loudness_range": 19.10472869873047,
  "loudness_range_short": 21.885726928710938,
  "peak": -2.0599281787872314,
  "rms": -24.014936447143555,
  "sample_rate": 44100,
  "sections": 1,
  "seekable": 1,
  "sharpness": 3.595451593399048,
  "space": -3.2510933876037598
}