{
  "bands": [
    {
      "high_freq": 148.1999969482422,
      "loudness": -40.66249465942383,
      "loudness_range": 20.381986618041992,
      "mid_mean": -37.08613586425781,
      "mid_to_side_loudness": -20.577198028564453,
      "mid_to_side_loudness_range": 11.464963912963867,
      "side_mean": -57.782405853271484
    },
    {
      "high_freq": 392.3793640136719,
      "loudness": -28.43584632873535,
      "loudness_range": 16.238155364990234,
      "low_freq": 148.1999969482422,
      "mid_mean": -25.078983306884766,
      "mid_to_side_loudness": -19.349096298217773,
      "mid_to_side_loudness_range": 12.047281265258789,
      "side_mean": -44.873844146728516
    },
    {
      "high_freq": 794.6976318359375,
      "loudness": -34.14901351928711,
      "loudness_range": 22.248044967651367,
      "low_freq": 392.3793640136719,
      "mid_mean": -30.760515213012695,
      "mid_to_side_loudness": -15.057616233825684,
      "mid_to_side_loudness_range": 12.100346565246582,
      "side_mean": -45.86732864379883
    },
    {
      "high_freq": 1457.5709228515625,
      "loudness": -40.383880615234375,
      "loudness_range": 27.09071922302246,
      "low_freq": 794.6976318359375,
      "mid_mean": -37.23596954345703,
      "mid_to_side_loudness": -10.783098220825195,
      "mid_to_side_loudness_range": 15.350549697875977,
      "side_mean": -48.794376373291016
    },
    {
      "high_freq": 2549.74365234375,
      "loudness": -41.38224411010742,
      "loudness_range": 26.52739906311035,
      "low_freq": 1457.5709228515625,
      "mid_mean": -38.373748779296875,
      "mid_to_side_loudness": -12.04376220703125,
      "mid_to_side_loudness_range": 12.007442474365234,
      "side_mean": -52.15170669555664
    },
    {
      "high_freq": 4349.24462890625,
      "loudness": -46.02339553833008,
      "loudness_range": 30.63668441772461,
      "low_freq": 2549.74365234375,
      "mid_mean": -44.126773834228516,
      "mid_to_side_loudness": -12.130697250366211,
      "mid_to_side_loudness_range": 21.311418533325195,
      "side_mean": -57.26845169067383
    },
    {
      "high_freq": 7314.1640625,
      "loudness": -51.774044036865234,
      "loudness_range": 34.57793426513672,
      "low_freq": 4349.24462890625,
      "mid_mean": -53.95194625854492,
      "mid_to_side_loudness": -15.755854606628418,
      "mid_to_side_loudness_range": 27.212425231933594,
      "side_mean": -64.86530303955078
    },
    {
      "high_freq": 12199.2666015625,
      "loudness": -52.8859748840332,
      "loudness_range": 33.87855911254883,
      "low_freq": 7314.1640625,
      "mid_mean": -56.266963958740234,
      "mid_to_side_loudness": -16.10285758972168,
      "mid_to_side_loudness_range": 22.13467025756836,
      "side_mean": -67.06632232666016
    },
    {
      "loudness": -66.1869125366211,
      "loudness_range": 27.93384552001953,
      "low_freq": 12199.2666015625,
      "mid_mean": -61.387550354003906,
      "mid_to_side_loudness": -13.766169548034668,
      "mid_to_side_loudness_range": 19.81523895263672,
      "side_mean": -68.96222686767578
    }
  ],
  "bands_short": [
    {
      "high_freq": 148.1999969482422,
      "loudness": -46.016605377197266,
      "loudness_range": 20.913955688476562,
      "mid_mean": -42.44841766357422,
      "mid_to_side_loudness": -20.057077407836914,
      "mid_to_side_loudness_range": 13.747456550598145,
      "side_mean": -61.472984313964844
    },
    {
      "high_freq": 392.3793640136719,
      "loudness": -29.224590301513672,
      "loudness_range": 19.112916946411133,
      "low_freq": 148.1999969482422,
      "mid_mean": -25.77723503112793,
      "mid_to_side_loudness": -19.738269805908203,
      "mid_to_side_loudness_range": 13.767266273498535,
      "side_mean": -45.880001068115234
    },
    {
      "high_freq": 794.6976318359375,
      "loudness": -35.443511962890625,
      "loudness_range": 24.52500343322754,
      "low_freq": 392.3793640136719,
      "mid_mean": -32.04769515991211,
      "mid_to_side_loudness": -14.925467491149902,
      "mid_to_side_loudness_range": 14.094449996948242,
      "side_mean": -47.11488342285156
    },
    {
      "high_freq": 1457.5709228515625,
      "loudness": -41.10503387451172,
      "loudness_range": 29.147886276245117,
      "low_freq": 794.6976318359375,
      "mid_mean": -38.04137420654297,
      "mid_to_side_loudness": -10.697683334350586,
      "mid_to_side_loudness_range": 15.55196762084961,
      "side_mean": -50.56166458129883
    },
    {
      "high_freq": 2549.74365234375,
      "loudness": -42.716407775878906,
      "loudness_range": 27.662240982055664,
      "low_freq": 1457.5709228515625,
      "mid_mean": -39.88711166381836,
      "mid_to_side_loudness": -11.783456802368164,
      "mid_to_side_loudness_range": 13.020005226135254,
      "side_mean": -53.22820281982422
    },
    {
      "high_freq": 4349.24462890625,
      "loudness": -47.825538635253906,
      "loudness_range": 32.356021881103516,
      "low_freq": 2549.74365234375,
      "mid_mean": -46.62933349609375,
      "mid_to_side_loudness": -11.510622024536133,
      "mid_to_side_loudness_range": 22.231447219848633,
      "side_mean": -58.291568756103516
    },
    {
      "high_freq": 7314.1640625,
      "loudness": -53.96065902709961,
      "loudness_range": 34.24213409423828,
      "low_freq": 4349.24462890625,
      "mid_mean": -56.2589225769043,
      "mid_to_side_loudness": -14.09043025970459,
      "mid_to_side_loudness_range": 27.15829849243164,
      "side_mean": -65.53728485107422
    },
    {
      "high_freq": 12199.2666015625,
      "loudness": -54.1031608581543,
      "loudness_range": 32.56953430175781,
      "low_freq": 7314.1640625,
      "mid_mean": -58.50684356689453,
      "mid_to_side_loudness": -14.983208656311035,
      "mid_to_side_loudness_range": 21.926176071166992,
      "side_mean": -67.72948455810547
    },
    {
      "loudness": -67.76765441894531,
      "loudness_range": 25.719017028808594,
      "low_freq": 12199.2666015625,
      "mid_mean": -62.611473083496094,
      "mid_to_side_loudness": -12.55863094329834,
      "mid_to_side_loudness_range": 19.808773040771484,
      "side_mean": -69.07551574707031
    }
  ],
  "channels": 2,
  "covariance": [
    [
      48.61685562133789,
      36.68001937866211,
      18.95378303527832,
      28.48027992248535,
      25.339473724365234,
      26.93326759338379,
      26.19661521911621,
      31.928979873657227,
      23.49746322631836,
      35.92442321777344,
      17.9307918548584,
      35.1605224609375,
      24.393545150756836,
      17.09193229675293,
      15.919357299804688,
      6.777691841125488,
      7.366999626159668,
      1.0694109201431274
    ],
    [
      36.68001937866211,
      46.31610870361328,
      18.583898544311523,
      27.89794921875,
      24.23209571838379,
      25.42259407043457,
      26.161283493041992,
      30.205305099487305,
      24.557737350463867,
      44.447784423828125,
      19.486520767211914,
      39.789947509765625,
      30.457324981689453,
      19.49571990966797,
      22.01120376586914,
      8.804971694946289,
      11.74658203125,
      1.723580002784729
    ],
    [
      18.95378303527832,
      18.583898544311523,
      41.459659576416016,
      34.31144714355469,
      37.679195404052734,
      32.1329231262207,
      37.02488327026367,
      30.456253051757812,
      32.853607177734375,
      35.08023452758789,
      34.19783401489258,
      36.61562728881836,
      38.88764190673828,
      18.22466468811035,
      34.06235122680664,
      10.470196723937988,
      18.983205795288086,
      1.8984620571136475
    ],
    [
      28.48027992248535,
      27.89794921875,
      34.31144714355469,
      48.11639404296875,
      38.83631134033203,
      40.80136489868164,
      41.84100341796875,
      41.986507415771484,
      37.49436569213867,
      47.4416389465332,
      35.25331115722656,
      48.550174713134766,
      37.76433181762695,
      24.618120193481445,
      26.99139976501465,
      11.345132827758789,
      14.684432983398438,
      2.1498358249664307
    ],
    [
      25.339473724365234,
      24.23209571838379,
      37.679195404052734,
      38.83631134033203,
      61.26655578613281,
      48.41617202758789,
      61.220218658447266,
      45.61650848388672,
      57.268863677978516,
      54.674774169921875,
      61.49342727661133,
      59.515689849853516,
      62.3480110168457,
      32.64551544189453,
      51.13441467285156,
      17.953651428222656,
      31.000797271728516,
      3.7974154949188232
    ],
    [
      26.93326759338379,
      25.42259407043457,
      32.1329231262207,
      40.80136489868164,
      48.41617202758789,
      56.39500045776367,
      49.91490173339844,
      47.47650909423828,
      45.86800003051758,
      55.94231414794922,
      43.79585266113281,
      60.73054122924805,
      40.11498260498047,
      32.92181396484375,
      25.082918167114258,
      13.80618667602539,
      12.595343589782715,
      2.4350955486297607
    ],
    [
      26.19661521911621,
      26.161283493041992,
      37.02488327026367,
      41.84100341796875,
      61.220218658447266,
      49.91490173339844,
      83.98755645751953,
      53.39955139160156,
      73.59657287597656,
      61.89588928222656,
      75.55377960205078,
      68.41972351074219,
      72.32396697998047,
      38.19713592529297,
      59.59693145751953,
      21.104900360107422,
      37.90992736816406,
      4.929068565368652
    ],
    [
      31.928979873657227,
      30.205305099487305,
      30.456253051757812,
      41.986507415771484,
      45.61650848388672,
      47.47650909423828,
      53.39955139160156,
      60.37905502319336,
      50.83794021606445,
      63.8385124206543,
      47.03612518310547,
      66.74502563476562,
      46.76833724975586,
      37.0133056640625,
      29.21857452392578,
      15.666980743408203,
      15.751862525939941,
      2.988769292831421
    ],
    [
      23.49746322631836,
      24.557737350463867,
      32.853607177734375,
      37.49436569213867,
      57.268863677978516,
      45.86800003051758,
      73.59657287597656,
      50.83794021606445,
      85.67456817626953,
      64.52384185791016,
      81.5006103515625,
      72.67626953125,
      73.36801147460938,
      43.22959518432617,
      55.81770706176758,
      22.67325210571289,
      36.10078430175781,
      5.339757919311523
    ],
    [
      35.92442321777344,
      44.447784423828125,
      35.08023452758789,
      47.4416389465332,
      54.674774169921875,
      55.94231414794922,
      61.89588928222656,
      63.8385124206543,
      64.52384185791016,
      91.70806884765625,
      58.41464614868164,
      88.06987762451172,
      67.61135864257812,
      46.00252151489258,
      45.90509796142578,
      20.107534408569336,
      26.119823455810547,
      4.309808731079102
    ],
    [
      17.9307918548584,
      19.486520767211914,
      34.19783401489258,
      35.25331115722656,
      61.49342727661133,
      43.79585266113281,
      75.55377960205078,
      47.03612518310547,
      81.5006103515625,
      58.41464614868164,
      118.71241760253906,
      71.43299865722656,
      114.39811706542969,
      50.328155517578125,
      96.57679748535156,
      31.566307067871094,
      60.495887756347656,
      7.590141773223877
    ],
    [
      35.1605224609375,
      39.789947509765625,
      36.61562728881836,
      48.550174713134766,
      59.515689849853516,
      60.73054122924805,
      68.41972351074219,
      66.74502563476562,
      72.67626953125,
      88.06987762451172,
      71.43299865722656,
      96.6181411743164,
      66.10086059570312,
      52.82509994506836,
      41.30375671386719,
      22.15244483947754,
      22.11617660522461,
      4.5323076248168945
    ],
    [
      24.393545150756836,
      30.457324981689453,
      38.88764190673828,
      37.76433181762695,
      62.3480110168457,
      40.11498260498047,
      72.32396697998047,
      46.76833724975586,
      73.36801147460938,
      67.61135864257812,
      114.39811706542969,
      66.10086059570312,
      171.79052734375,
      55.27960968017578,
      156.1162567138672,
      43.79490661621094,
      100.29187774658203,
      11.7334566116333
    ],
    [
      17.09193229675293,
      19.49571990966797,
      18.22466468811035,
      24.618120193481445,
      32.64551544189453,
      32.92181396484375,
      38.19713592529297,
      37.0133056640625,
      43.22959518432617,
      46.00252151489258,
      50.328155517578125,
      52.82509994506836,
      55.27960968017578,
      43.17627716064453,
      37.166072845458984,
      22.200870513916016,
      20.70777130126953,
      4.880011558532715
    ],
    [
      15.919357299804688,
      22.01120376586914,
      34.06235122680664,
      26.99139976501465,
      51.13441467285156,
      25.082918167114258,
      59.59693145751953,
      29.21857452392578,
      55.81770706176758,
      45.90509796142578,
      96.57679748535156,
      41.30375671386719,
      156.1162567138672,
      37.166072845458984,
      161.86973571777344,
      40.96432113647461,
      104.7686996459961,
      11.52921199798584
    ],
    [
      6.777691841125488,
      8.804971694946289,
      10.470196723937988,
      11.345132827758789,
      17.953651428222656,
      13.80618667602539,
      21.104900360107422,
      15.666980743408203,
      22.67325210571289,
      20.107534408569336,
      31.566307067871094,
      22.15244483947754,
      43.79490661621094,
      22.200870513916016,
      40.96432113647461,
      18.277162551879883,
      25.853822708129883,
      4.75533390045166
    ],
    [
      7.366999626159668,
      11.74658203125,
      18.983205795288086,
      14.684432983398438,
      31.000797271728516,
      12.595343589782715,
      37.90992736816406,
      15.751862525939941,
      36.10078430175781,
      26.119823455810547,
      60.495887756347656,
      22.11617660522461,
      100.29187774658203,
      20.70777130126953,
      104.7686996459961,
      25.853822708129883,
      75.1388931274414,
      8.633858680725098
    ],
    [
      1.0694109201431274,
      1.723580002784729,
      1.8984620571136475,
      2.1498358249664307,
      3.7974154949188232,
      2.4350955486297607,
      4.929068565368652,
      2.988769292831421,
      5.339757919311523,
      4.309808731079102,
      7.590141773223877,
      4.5323076248168945,
      11.7334566116333,
      4.880011558532715,
      11.52921199798584,
      4.75533390045166,
      8.633858680725098,
      1.985874891281128
    ]
  ],
  "covariance_short": [
    [
      51.71646499633789,
      31.798444747924805,
      22.860654830932617,
      30.995485305786133,
      25.838159561157227,
      29.602596282958984,
      26.159809112548828,
      31.043703079223633,
      23.09687614440918,
      34.561851501464844,
      26.3597469329834,
      31.69465446472168,
      25.962997436523438,
      15.42381477355957,
      17.54823875427246,
      5.01657247543335,
      8.669285774230957,
      0.8598708510398865
    ],
    [
      31.798444747924805,
      34.62419891357422,
      18.413179397583008,
      26.680908203125,
      22.1611270904541,
      24.70067024230957,
      23.39579200744629,
      32.50648880004883,
      21.712894439697266,
      35.100311279296875,
      22.947927474975586,
      29.674394607543945,
      25.23898696899414,
      14.8949613571167,
      17.734554290771484,
      5.657247066497803,
      9.417845726013184,
      1.160500168800354
    ],
    [
      22.860654830932617,
      18.413179397583008,
      50.16804885864258,
      39.35967254638672,
      41.684364318847656,
      38.36676788330078,
      40.718387603759766,
      35.36441421508789,
      35.06743621826172,
      38.818199157714844,
      42.204742431640625,
      38.998138427734375,
      36.168556213378906,
      18.05131721496582,
      29.606698989868164,
      7.2287421226501465,
      14.646524429321289,
      0.7925393581390381
    ],
    [
      30.995485305786133,
      26.680908203125,
      39.35967254638672,
      55.72334671020508,
      40.97626495361328,
      45.87986373901367,
      44.600486755371094,
      47.13103485107422,
      39.8204231262207,
      50.69993591308594,
      43.3458251953125,
      49.12371826171875,
      35.88844680786133,
      23.42090606689453,
      23.360546112060547,
      8.15931510925293,
      12.548731803894043,
      1.4814825057983398
    ],
    [
      25.838159561157227,
      22.1611270904541,
      41.684364318847656,
      40.97626495361328,
      71.00431060791016,
      54.716678619384766,
      64.6881103515625,
      49.04854202270508,
      61.9749755859375,
      56.964473724365234,
      73.39251708984375,
      60.36601638793945,
      63.092777252197266,
      31.871232986450195,
      51.348636627197266,
      14.353019714355469,
      29.002294540405273,
      2.611778974533081
    ],
    [
      29.602596282958984,
      24.70067024230957,
      38.36676788330078,
      45.87986373901367,
      54.716678619384766,
      69.32628631591797,
      55.00271987915039,
      54.994441986083984,
      50.97513198852539,
      61.703224182128906,
      55.438323974609375,
      63.57274627685547,
      44.47019577026367,
      34.46620559692383,
      26.625415802001953,
      11.332025527954102,
      13.401028633117676,
      1.8872966766357422
    ],
    [
      26.159809112548828,
      23.39579200744629,
      40.718387603759766,
      44.600486755371094,
      64.6881103515625,
      55.00271987915039,
      93.3057861328125,
      59.99668884277344,
      79.4855728149414,
      66.41880798339844,
      87.03628540039062,
      70.55036926269531,
      72.45967102050781,
      37.2034797668457,
      57.35211181640625,
      17.1978759765625,
      34.8046875,
      3.576700448989868
    ],
    [
      31.043703079223633,
      32.50648880004883,
      35.36441421508789,
      47.13103485107422,
      49.04854202270508,
      54.994441986083984,
      59.99668884277344,
      84.22733306884766,
      56.078495025634766,
      81.20977783203125,
      56.95248031616211,
      76.4725112915039,
      59.26363754272461,
      39.55786895751953,
      38.08708953857422,
      14.190672874450684,
      21.915260314941406,
      3.1951215267181396
    ],
    [
      23.09687614440918,
      21.712894439697266,
      35.06743621826172,
      39.8204231262207,
      61.9749755859375,
      50.97513198852539,
      79.4855728149414,
      56.078495025634766,
      94.05451965332031,
      70.33229064941406,
      92.8277816772461,
      74.1689453125,
      75.23222351074219,
      41.88629150390625,
      56.134822845458984,
      18.698484420776367,
      34.649322509765625,
      4.020637512207031
    ],
    [
      34.561851501464844,
      35.100311279296875,
      38.818199157714844,
      50.69993591308594,
      56.964473724365234,
      61.703224182128906,
      66.41880798339844,
      81.20977783203125,
      70.33229064941406,
      94.00456237792969,
      69.43148040771484,
      86.26683044433594,
      65.03387451171875,
      44.18278121948242,
      41.57500076293945,
      15.613115310668945,
      23.90334129333496,
      3.5286524295806885
    ],
    [
      26.3597469329834,
      22.947927474975586,
      42.204742431640625,
      43.3458251953125,
      73.39251708984375,
      55.438323974609375,
      87.03628540039062,
      56.95248031616211,
      92.8277816772461,
      69.43148040771484,
      139.6228485107422,
      81.19422912597656,
      123.9452133178711,
      52.60382080078125,
      102.29743957519531,
      29.063373565673828,
      60.84505081176758,
      6.791723728179932
    ],
    [
      31.69465446472168,
      29.674394607543945,
      38.998138427734375,
      49.12371826171875,
      60.36601638793945,
      63.57274627685547,
      70.55036926269531,
      76.4725112915039,
      74.1689453125,
      86.26683044433594,
      81.19422912597656,
      94.69557189941406,
      65.31431579589844,
      50.362552642822266,
      38.68254089355469,
      17.28708267211914,
      21.498096466064453,
      3.8098466396331787
    ],
    [
      25.962997436523438,
      25.23898696899414,
      36.168556213378906,
      35.88844680786133,
      63.092777252197266,
      44.47019577026367,
      72.45967102050781,
      59.26363754272461,
      75.23222351074219,
      65.03387451171875,
      123.9452133178711,
      65.31431579589844,
      157.75990295410156,
      52.76877975463867,
      139.2564239501953,
      37.457855224609375,
      86.1617202758789,
      9.986455917358398
    ],
    [
      15.42381477355957,
      14.8949613571167,
      18.05131721496582,
      23.42090606689453,
      31.871232986450195,
      34.46620559692383,
      37.2034797668457,
      39.55786895751953,
      41.88629150390625,
      44.18278121948242,
      52.60382080078125,
      50.362552642822266,
      52.76877975463867,
      42.63946533203125,
      32.651458740234375,
      18.141681671142578,
      18.3784236907959,
      4.459750175476074
    ],
    [
      17.54823875427246,
      17.734554290771484,
      29.606698989868164,
      23.360546112060547,
      51.348636627197266,
      26.625415802001953,
      57.35211181640625,
      38.08708953857422,
      56.134822845458984,
      41.57500076293945,
      102.29743957519531,
      38.68254089355469,
      139.2564239501953,
      32.651458740234375,
      149.01678466796875,
      36.31400680541992,
      92.73291778564453,
      9.97518539428711
    ],
    [
      5.01657247543335,
      5.657247066497803,
      7.2287421226501465,
      8.15931510925293,
      14.353019714355469,
      11.332025527954102,
      17.1978759765625,
      14.190672874450684,
      18.698484420776367,
      15.613115310668945,
      29.063373565673828,
      17.28708267211914,
      37.457855224609375,
      18.141681671142578,
      36.31400680541992,
      15.543338775634766,
      22.80206298828125,
      4.370291233062744
    ],
    [
      8.669285774230957,
      9.417845726013184,
      14.646524429321289,
      12.548731803894043,
      29.002294540405273,
      13.401028633117676,
      34.8046875,
      21.915260314941406,
      34.649322509765625,
      23.90334129333496,
      60.84505081176758,
      21.498096466064453,
      86.1617202758789,
      18.3784236907959,
      92.73291778564453,
      22.80206298828125,
      65.51103210449219,
      7.588476181030273
    ],
    [
      0.8598708510398865,
      1.160500168800354,
      0.7925393581390381,
      1.4814825057983398,
      2.611778974533081,
      1.8872966766357422,
      3.576700448989868,
      3.1951215267181396,
      4.020637512207031,
      3.5286524295806885,
      6.791723728179932,
      3.8098466396331787,
      9.986455917358398,
      4.459750175476074,
      9.97518539428711,
      4.370291233062744,
      7.588476181030273,
      2.214334726333618
    ]
  ],
  "drr": 13.870862007141113,
  "dynamics": 5.059305667877197,
  "format": 1245190,
  "frames": 6643712,
  "loudness": -21.226551055908203,
  "loudness_range": 17.139625549316406,
  "loudness_range_short": 20.26180648803711,
  "peak": -3.6258530616760254,
  "rms": -22.285573959350586,
  "sample_rate": 44100,
  "sections": 1,
  "seekable": 1,
  "sharpness": 3.463503122329712,
  "space": -17.779541015625
}