{
  "bands": [
    {
      "high_freq": 148.1999969482422,
      "loudness": -29.472782135009766,
      "loudness_range": 10.176021575927734,
      "mid_mean": -25.936800003051758,
      "mid_to_side_loudness": -14.480655670166016,
      "mid_to_side_loudness_range": 6.988620758056641,
      "side_mean": -40.48881912231445
    },
    {
      "high_freq": 392.3793640136719,
      "loudness": -22.92384910583496,
      "loudness_range": 8.905839920043945,
      "low_freq": 148.1999969482422,
      "mid_mean": -19.28285026550293,
      "mid_to_side_loudness": -19.266700744628906,
      "mid_to_side_loudness_range": 6.889132499694824,
      "side_mean": -38.58494567871094
    },
    {
      "high_freq": 794.6976318359375,
      "loudness": -28.52716636657715,
      "loudness_range": 18.95485496520996,
      "low_freq": 392.3793640136719,
      "mid_mean": -24.926450729370117,
      "mid_to_side_loudness": -19.59406089782715,
      "mid_to_side_loudness_range": 13.421828269958496,
      "side_mean": -44.60087585449219
    },
    {
      "high_freq": 1457.5709228515625,
      "loudness": -31.94160270690918,
      "loudness_range": 21.152359008789062,
      "low_freq": 794.6976318359375,
      "mid_mean": -28.408206939697266,
      "mid_to_side_loudness": -16.916767120361328,
      "mid_to_side_loudness_range": 13.778343200683594,
      "side_mean": -45.43165588378906
    },
    {
      "high_freq": 2549.74365234375,
      "loudness": -33.009521484375,
      "loudness_range": 25.098033905029297,
      "low_freq": 1457.5709228515625,
      "mid_mean": -29.49144744873047,
      "mid_to_side_loudness": -14.90645980834961,
      "mid_to_side_loudness_range": 10.020502090454102,
      "side_mean": -44.410587310791016
    },
    {
      "high_freq": 4349.24462890625,
      "loudness": -33.165443420410156,
      "loudness_range": 21.64505386352539,
      "low_freq": 2549.74365234375,
      "mid_mean": -29.892858505249023,
      "mid_to_side_loudness": -10.495047569274902,
      "mid_to_side_loudness_range": 6.578973293304443,
      "side_mean": -40.37594223022461
    },
    {
      "high_freq": 7314.1640625,
      "loudness": -35.83674621582031,
      "loudness_range": 22.95349884033203,
      "low_freq": 4349.24462890625,
      "mid_mean": -33.359134674072266,
      "mid_to_side_loudness": -5.276669979095459,
      "mid_to_side_loudness_range": 5.940208435058594,
      "side_mean": -38.60811233520508
    },
    {
      "high_freq": 12199.2666015625,
      "loudness": -43.41996765136719,
      "loudness_range": 25.756816864013672,
      "low_freq": 7314.1640625,
      "mid_mean": -42.1068229675293,
      "mid_to_side_loudness": -1.3247122764587402,
      "mid_to_side_loudness_range": 3.7485713958740234,
      "side_mean": -43.41250228881836
    },
    {
      "loudness": -55.75177001953125,
      "loudness_range": 25.553298950195312,
      "low_freq": 12199.2666015625,
      "mid_mean": -54.22930145263672,
      "mid_to_side_loudness": -0.3484996557235718,
      "mid_to_side_loudness_range": 3.258418083190918,
      "side_mean": -54.41508865356445
    }
  ],
  "bands_short": [
    {
      "high_freq": 148.1999969482422,
      "loudness": -33.983524322509766,
      "loudness_range": 16.767847061157227,
      "mid_mean": -30.535686492919922,
      "mid_to_side_loudness": -13.316869735717773,
      "mid_to_side_loudness_range": 9.4566650390625,
      "side_mean": -43.90765380859375
    },
    {
      "high_freq": 392.3793640136719,
      "loudness": -23.459436416625977,
      "loudness_range": 11.204277038574219,
      "low_freq": 148.1999969482422,
      "mid_mean": -19.839506149291992,
      "mid_to_side_loudness": -18.43505096435547,
      "mid_to_side_loudness_range": 8.666048049926758,
      "side_mean": -38.45167922973633
    },
    {
      "high_freq": 794.6976318359375,
      "loudness": -28.28539276123047,
      "loudness_range": 21.559986114501953,
      "low_freq": 392.3793640136719,
      "mid_mean": -24.698062896728516,
      "mid_to_side_loudness": -19.975282669067383,
      "mid_to_side_loudness_range": 14.890359878540039,
      "side_mean": -44.917545318603516
    },
    {
      "high_freq": 1457.5709228515625,
      "loudness": -33.8525276184082,
      "loudness_range": 25.876577377319336,
      "low_freq": 794.6976318359375,
      "mid_mean": -30.39423942565918,
      "mid_to_side_loudness": -17.758495330810547,
      "mid_to_side_loudness_range": 17.70103645324707,
      "side_mean": -48.40407943725586
    },
    {
      "high_freq": 2549.74365234375,
      "loudness": -34.16570281982422,
      "loudness_range": 29.618682861328125,
      "low_freq": 1457.5709228515625,
      "mid_mean": -30.669063568115234,
      "mid_to_side_loudness": -15.447607040405273,
      "mid_to_side_loudness_range": 12.331703186035156,
      "side_mean": -46.617347717285156
    },
    {
      "high_freq": 4349.24462890625,
      "loudness": -34.459449768066406,
      "loudness_range": 26.79710578918457,
      "low_freq": 2549.74365234375,
      "mid_mean": -31.208642959594727,
      "mid_to_side_loudness": -10.511914253234863,
      "mid_to_side_loudness_range": 7.849857807159424,
      "side_mean": -41.81406784057617
    },
    {
      "high_freq": 7314.1640625,
      "loudness": -37.3199462890625,
      "loudness_range": 27.568254470825195,
      "low_freq": 4349.24462890625,
      "mid_mean": -34.90222930908203,
      "mid_to_side_loudness": -5.155486583709717,
      "mid_to_side_loudness_range": 6.674378871917725,
      "side_mean": -40.04246139526367
    },
    {
      "high_freq": 12199.2666015625,
      "loudness": -45.168060302734375,
      "loudness_range": 30.869441986083984,
      "low_freq": 7314.1640625,
      "mid_mean": -43.85517120361328,
      "mid_to_side_loudness": -1.2862286567687988,
      "mid_to_side_loudness_range": 3.967405319213867,
      "side_mean": -45.101585388183594
    },
    {
      "loudness": -56.54522705078125,
      "loudness_range": 28.256362915039062,
      "low_freq": 12199.2666015625,
      "mid_mean": -54.81974792480469,
      "mid_to_side_loudness": -0.6214256882667542,
      "mid_to_side_loudness_range": 3.892129898071289,
      "side_mean": -55.22773361206055
    }
  ],
  "channels": 2,
  "covariance": [
    [
      14.271538734436035,
      8.492321014404297,
      -0.6075027585029602,
      -2.479506254196167,
      -4.964250564575195,
      -6.279458045959473,
      -7.318698883056641,
      -4.011941909790039,
      -9.026747703552246,
      -5.768709182739258,
      -9.097254753112793,
      -6.710819244384766,
      -9.919022560119629,
      -7.657918930053711,
      -10.957717895507812,
      -9.988157272338867,
      -10.910646438598633,
      -11.25987434387207
    ],
    [
      8.492321014404297,
      8.401246070861816,
      -0.5870108604431152,
      -0.3852387070655823,
      -0.19786395132541656,
      0.9758730530738831,
      -0.16081838309764862,
      1.1963070631027222,
      0.36105218529701233,
      0.7603318691253662,
      0.6741625666618347,
      0.638329029083252,
      1.2175750732421875,
      0.9907543659210205,
      1.855769157409668,
      1.6536539793014526,
      1.947269320487976,
      2.0717015266418457
    ],
    [
      -0.6075027585029602,
      -0.5870108604431152,
      10.183116912841797,
      8.178227424621582,
      7.101187229156494,
      5.1905012130737305,
      4.704932689666748,
      2.2779695987701416,
      4.348392963409424,
      2.6396377086639404,
      1.8442318439483643,
      1.429280400276184,
      0.8012827634811401,
      0.7240109443664551,
      1.5357738733291626,
      1.4218531847000122,
      1.9491013288497925,
      1.9889689683914185
    ],
    [
      -2.479506254196167,
      -0.3852387070655823,
      8.178227424621582,
      11.324599266052246,
      10.136377334594727,
      13.595565795898438,
      9.897104263305664,
      7.672382831573486,
      12.063093185424805,
      8.769400596618652,
      10.680557250976562,
      8.20620059967041,
      11.317815780639648,
      9.000617027282715,
      13.430112838745117,
      12.384772300720215,
      13.217318534851074,
      13.780781745910645
    ],
    [
      -4.964250564575195,
      -0.19786395132541656,
      7.101187229156494,
      10.136377334594727,
      44.607181549072266,
      39.066654205322266,
      36.178443908691406,
      21.476242065429688,
      41.026371002197266,
      27.31293487548828,
      35.40782928466797,
      26.130525588989258,
      35.39674758911133,
      27.64443016052246,
      40.78468322753906,
      37.352806091308594,
      39.371299743652344,
      40.77570724487305
    ],
    [
      -6.279458045959473,
      0.9758730530738831,
      5.1905012130737305,
      13.595565795898438,
      39.066654205322266,
      52.989356994628906,
      39.323787689208984,
      30.174814224243164,
      48.850948333740234,
      35.46931076049805,
      47.1104621887207,
      35.173099517822266,
      50.35688400268555,
      39.65987014770508,
      57.84210205078125,
      53.34572982788086,
      55.46748733520508,
      57.95132064819336
    ],
    [
      -7.318698883056641,
      -0.16081838309764862,
      4.704932689666748,
      9.897104263305664,
      36.178443908691406,
      39.323787689208984,
      53.82512664794922,
      34.20060729980469,
      58.492916107177734,
      40.18792724609375,
      51.25528335571289,
      37.52230453491211,
      50.90369415283203,
      39.670711517333984,
      57.301727294921875,
      52.58293914794922,
      55.2301139831543,
      57.539180755615234
    ],
    [
      -4.011941909790039,
      1.1963070631027222,
      2.2779695987701416,
      7.672382831573486,
      21.476242065429688,
      30.174814224243164,
      34.20060729980469,
      36.58450698852539,
      38.95224380493164,
      31.98692512512207,
      35.1895637512207,
      26.889474868774414,
      34.97920227050781,
      27.775651931762695,
      38.82935333251953,
      36.16115188598633,
      37.498714447021484,
      39.376434326171875
    ],
    [
      -9.026747703552246,
      0.36105218529701233,
      4.348392963409424,
      12.063093185424805,
      41.026371002197266,
      48.850948333740234,
      58.492916107177734,
      38.95224380493164,
      77.39582061767578,
      53.455265045166016,
      68.0374984741211,
      49.980140686035156,
      69.03807067871094,
      54.029510498046875,
      76.72354888916016,
      70.82023620605469,
      72.81326293945312,
      76.07249450683594
    ],
    [
      -5.768709182739258,
      0.7603318691253662,
      2.6396377086639404,
      8.769400596618652,
      27.31293487548828,
      35.46931076049805,
      40.18792724609375,
      31.98692512512207,
      53.455265045166016,
      41.36896896362305,
      46.668174743652344,
      35.30913162231445,
      47.13821029663086,
      37.458438873291016,
      51.88255310058594,
      48.23938751220703,
      49.24761962890625,
      51.782474517822266
    ],
    [
      -9.097254753112793,
      0.6741625666618347,
      1.8442318439483643,
      10.680557250976562,
      35.40782928466797,
      47.1104621887207,
      51.25528335571289,
      35.1895637512207,
      68.0374984741211,
      46.668174743652344,
      71.20316314697266,
      52.321311950683594,
      73.55192565917969,
      57.97513961791992,
      80.76006317138672,
      74.93301391601562,
      74.85526275634766,
      78.37798309326172
    ],
    [
      -6.710819244384766,
      0.638329029083252,
      1.429280400276184,
      8.20620059967041,
      26.130525588989258,
      35.173099517822266,
      37.52230453491211,
      26.889474868774414,
      49.980140686035156,
      35.30913162231445,
      52.321311950683594,
      39.67378616333008,
      53.81877136230469,
      42.9965934753418,
      58.54780960083008,
      54.78586959838867,
      54.17563247680664,
      57.0281867980957
    ],
    [
      -9.919022560119629,
      1.2175750732421875,
      0.8012827634811401,
      11.317815780639648,
      35.39674758911133,
      50.35688400268555,
      50.90369415283203,
      34.97920227050781,
      69.03807067871094,
      47.13821029663086,
      73.55192565917969,
      53.81877136230469,
      89.49451446533203,
      70.4603271484375,
      98.69359588623047,
      91.31718444824219,
      85.80642700195312,
      90.5540542602539
    ],
    [
      -7.657918930053711,
      0.9907543659210205,
      0.7240109443664551,
      9.000617027282715,
      27.64443016052246,
      39.65987014770508,
      39.670711517333984,
      27.775651931762695,
      54.029510498046875,
      37.458438873291016,
      57.97513961791992,
      42.9965934753418,
      70.4603271484375,
      56.44642639160156,
      77.03404235839844,
      71.87604522705078,
      65.96153259277344,
      70.07071685791016
    ],
    [
      -10.957717895507812,
      1.855769157409668,
      1.5357738733291626,
      13.430112838745117,
      40.78468322753906,
      57.84210205078125,
      57.301727294921875,
      38.82935333251953,
      76.72354888916016,
      51.88255310058594,
      80.76006317138672,
      58.54780960083008,
      98.69359588623047,
      77.03404235839844,
      114.80683898925781,
      105.39756774902344,
      99.82779693603516,
      104.88214874267578
    ],
    [
      -9.988157272338867,
      1.6536539793014526,
      1.4218531847000122,
      12.384772300720215,
      37.352806091308594,
      53.34572982788086,
      52.58293914794922,
      36.16115188598633,
      70.82023620605469,
      48.23938751220703,
      74.93301391601562,
      54.78586959838867,
      91.31718444824219,
      71.87604522705078,
      105.39756774902344,
      97.66560363769531,
      90.69856262207031,
      95.84845733642578
    ],
    [
      -10.910646438598633,
      1.947269320487976,
      1.9491013288497925,
      13.217318534851074,
      39.371299743652344,
      55.46748733520508,
      55.2301139831543,
      37.498714447021484,
      72.81326293945312,
      49.24761962890625,
      74.85526275634766,
      54.17563247680664,
      85.80642700195312,
      65.96153259277344,
      99.82779693603516,
      90.69856262207031,
      96.12632751464844,
      99.76643371582031
    ],
    [
      -11.25987434387207,
      2.0717015266418457,
      1.9889689683914185,
      13.780781745910645,
      40.77570724487305,
      57.95132064819336,
      57.539180755615234,
      39.376434326171875,
      76.07249450683594,
      51.782474517822266,
      78.37798309326172,
      57.0281867980957,
      90.5540542602539,
      70.07071685791016,
      104.88214874267578,
      95.84845733642578,
      99.76643371582031,
      104.36756896972656
    ]
  ],
  "covariance_short": [
    [
      35.11283493041992,
      25.791893005371094,
      4.084544658660889,
      5.8076958656311035,
      -0.5887294411659241,
      1.760679841041565,
      1.3278647661209106,
      3.237609624862671,
      4.020431041717529,
      3.4396615028381348,
      2.4926645755767822,
      1.3961833715438843,
      2.3844070434570312,
      1.1517448425292969,
      2.8875415325164795,
      2.418703079223633,
      4.463461399078369,
      4.482036590576172
    ],
    [
      25.791893005371094,
      26.65965461730957,
      1.6054025888442993,
      5.01171875,
      2.2414326667785645,
      6.323299407958984,
      5.125275135040283,
      7.932372093200684,
      9.628766059875488,
      9.010857582092285,
      9.915946006774902,
      8.022421836853027,
      11.044415473937988,
      8.693470001220703,
      12.186691284179688,
      11.519733428955078,
      11.974308013916016,
      12.284622192382812
    ],
    [
      4.084544658660889,
      1.6054025888442993,
      20.14115333557129,
      15.057317733764648,
      9.828280448913574,
      6.96151065826416,
      5.448082447052002,
      4.189688205718994,
      2.3735909461975098,
      2.4600319862365723,
      -1.2193888425827026,
      -0.7834795117378235,
      -4.545989036560059,
      -3.628434658050537,
      -4.294665813446045,
      -4.313295364379883,
      -1.536737322807312,
      -1.7640591859817505
    ],
    [
      5.8076958656311035,
      5.01171875,
      15.057317733764648,
      19.675519943237305,
      10.212726593017578,
      14.594684600830078,
      8.888434410095215,
      12.109143257141113,
      9.629321098327637,
      10.10684585571289,
      8.263222694396973,
      7.317395210266113,
      7.062063217163086,
      5.998326301574707,
      7.822996139526367,
      7.602227210998535,
      8.494412422180176,
      8.861674308776855
    ],
    [
      -0.5887294411659241,
      2.2414326667785645,
      9.828280448913574,
      10.212726593017578,
      58.29331588745117,
      48.73196029663086,
      48.180789947509766,
      36.76239776611328,
      48.60282897949219,
      38.83889389038086,
      42.339813232421875,
      33.1705207824707,
      38.890708923339844,
      32.54676055908203,
      41.485313415527344,
      40.35972213745117,
      36.72470474243164,
      37.81702423095703
    ],
    [
      1.760679841041565,
      6.323299407958984,
      6.96151065826416,
      14.594684600830078,
      48.73196029663086,
      64.79669952392578,
      47.76612091064453,
      49.396427154541016,
      55.99376678466797,
      49.783843994140625,
      55.61539077758789,
      45.09123611450195,
      56.3414192199707,
      47.289127349853516,
      60.65404510498047,
      59.09922409057617,
      53.036842346191406,
      55.093807220458984
    ],
    [
      1.3278647661209106,
      5.125275135040283,
      5.448082447052002,
      8.888434410095215,
      48.180789947509766,
      47.76612091064453,
      80.32433319091797,
      62.772518157958984,
      74.93402862548828,
      61.687835693359375,
      65.67124938964844,
      51.76695251464844,
      61.069759368896484,
      50.828163146972656,
      64.21275329589844,
      62.20398712158203,
      55.29631423950195,
      57.38389587402344
    ],
    [
      3.237609624862671,
      7.932372093200684,
      4.189688205718994,
      12.109143257141113,
      36.76239776611328,
      49.396427154541016,
      62.772518157958984,
      80.64608764648438,
      63.35803985595703,
      65.11041259765625,
      60.1926383972168,
      51.81784439086914,
      57.861976623535156,
      50.05949020385742,
      61.400115966796875,
      60.35459899902344,
      52.21416091918945,
      54.57059097290039
    ],
    [
      4.020431041717529,
      9.628766059875488,
      2.3735909461975098,
      9.629321098327637,
      48.60282897949219,
      55.99376678466797,
      74.93402862548828,
      63.35803985595703,
      103.27464294433594,
      80.1041259765625,
      88.46469116210938,
      69.4377670288086,
      86.30479431152344,
      71.3761978149414,
      90.30130767822266,
      87.63615417480469,
      77.70296478271484,
      80.70907592773438
    ],
    [
      3.4396615028381348,
      9.010857582092285,
      2.4600319862365723,
      10.10684585571289,
      38.83889389038086,
      49.783843994140625,
      61.687835693359375,
      65.11041259765625,
      80.1041259765625,
      79.10267639160156,
      73.07896423339844,
      62.20859909057617,
      70.62154388427734,
      61.077388763427734,
      74.25405883789062,
      73.23870086669922,
      62.32643127441406,
      65.32141876220703
    ],
    [
      2.4926645755767822,
      9.915946006774902,
      -1.2193888425827026,
      8.263222694396973,
      42.339813232421875,
      55.61539077758789,
      65.67124938964844,
      60.1926383972168,
      88.46469116210938,
      73.07896423339844,
      101.3322982788086,
      79.78809356689453,
      99.15857696533203,
      83.34222412109375,
      102.26396942138672,
      99.9773178100586,
      84.97711944580078,
      88.5656967163086
    ],
    [
      1.3961833715438843,
      8.022421836853027,
      -0.7834795117378235,
      7.317395210266113,
      33.1705207824707,
      45.09123611450195,
      51.76695251464844,
      51.81784439086914,
      69.4377670288086,
      62.20859909057617,
      79.78809356689453,
      68.07693481445312,
      78.62104797363281,
      68.34384155273438,
      80.34033966064453,
      79.78675079345703,
      65.44020080566406,
      68.76699829101562
    ],
    [
      2.3844070434570312,
      11.044415473937988,
      -4.545989036560059,
      7.062063217163086,
      38.890708923339844,
      56.3414192199707,
      61.069759368896484,
      57.861976623535156,
      86.30479431152344,
      70.62154388427734,
      99.15857696533203,
      78.62104797363281,
      115.03524017333984,
      95.28217315673828,
      118.02540588378906,
      114.45233154296875,
      95.68031311035156,
      100.24410247802734
    ],
    [
      1.1517448425292969,
      8.693470001220703,
      -3.628434658050537,
      5.998326301574707,
      32.54676055908203,
      47.289127349853516,
      50.828163146972656,
      50.05949020385742,
      71.3761978149414,
      61.077388763427734,
      83.34222412109375,
      68.34384155273438,
      95.28217315673828,
      82.12258911132812,
      97.0853500366211,
      95.49419403076172,
      76.9142837524414,
      81.27961730957031
    ],
    [
      2.8875415325164795,
      12.186691284179688,
      -4.294665813446045,
      7.822996139526367,
      41.485313415527344,
      60.65404510498047,
      64.21275329589844,
      61.400115966796875,
      90.30130767822266,
      74.25405883789062,
      102.26396942138672,
      80.34033966064453,
      118.02540588378906,
      97.0853500366211,
      130.75181579589844,
      125.33495330810547,
      105.97657775878906,
      110.40426635742188
    ],
    [
      2.418703079223633,
      11.519733428955078,
      -4.313295364379883,
      7.602227210998535,
      40.35972213745117,
      59.09922409057617,
      62.20398712158203,
      60.35459899902344,
      87.63615417480469,
      73.23870086669922,
      99.9773178100586,
      79.78675079345703,
      114.45233154296875,
      95.49419403076172,
      125.33495330810547,
      121.76873779296875,
      100.42279815673828,
      105.44911193847656
    ],
    [
      4.463461399078369,
      11.974308013916016,
      -1.536737322807312,
      8.494412422180176,
      36.72470474243164,
      53.036842346191406,
      55.29631423950195,
      52.21416091918945,
      77.70296478271484,
      62.32643127441406,
      84.97711944580078,
      65.44020080566406,
      95.68031311035156,
      76.9142837524414,
      105.97657775878906,
      100.42279815673828,
      94.05770874023438,
      96.8839111328125
    ],
    [
      4.482036590576172,
      12.284622192382812,
      -1.7640591859817505,
      8.861674308776855,
      37.81702423095703,
      55.093807220458984,
      57.38389587402344,
      54.57059097290039,
      80.70907592773438,
      65.32141876220703,
      88.5656967163086,
      68.76699829101562,
      100.24410247802734,
      81.27961730957031,
      110.40426635742188,
      105.44911193847656,
      96.8839111328125,
      101.05347442626953
    ]
  ],
  "drr": 11.666014671325684,
  "dynamics": 3.3477272987365723,
  "format": 1245190,
  "frames": 13308864,
  "loudness": -15.145398139953613,
  "loudness_range": 8.348278045654297,
  "loudness_range_short": 10.913268089294434,
  "peak": -1.3733294010162354,
  "rms": -17.110929489135742,
  "sample_rate": 44100,
  "sections": 1,
  "seekable": 1,
  "sharpness": 2.4756979942321777,
  "space": -15.672306060791016
}