{
  "bands": [
    {
      "high_freq": 148.1999969482422,
      "loudness": -18.30599594116211,
      "loudness_range": 4.997017860412598,
      "mid_mean": -14.847015380859375,
      "mid_to_side_loudness": -13.717698097229004,
      "mid_to_side_loudness_range": 14.157041549682617,
      "side_mean": -29.33098793029785
    },
    {
      "high_freq": 392.3793640136719,
      "loudness": -19.59528350830078,
      "loudness_range": 5.830564498901367,
      "low_freq": 148.1999969482422,
      "mid_mean": -16.93763542175293,
      "mid_to_side_loudness": -6.105422496795654,
      "mid_to_side_loudness_range": 7.983362197875977,
      "side_mean": -23.322986602783203
    },
    {
      "high_freq": 794.6976318359375,
      "loudness": -21.008438110351562,
      "loudness_range": 8.873117446899414,
      "low_freq": 392.3793640136719,
      "mid_mean": -18.20830535888672,
      "mid_to_side_loudness": -6.3554768562316895,
      "mid_to_side_loudness_range": 8.328200340270996,
      "side_mean": -25.09415626525879
    },
    {
      "high_freq": 1457.5709228515625,
      "loudness": -21.86424446105957,
      "loudness_range": 12.842830657958984,
      "low_freq": 794.6976318359375,
      "mid_mean": -19.07352066040039,
      "mid_to_side_loudness": -7.080549716949463,
      "mid_to_side_loudness_range": 10.309596061706543,
      "side_mean": -26.375995635986328
    },
    {
      "high_freq": 2549.74365234375,
      "loudness": -21.05023956298828,
      "loudness_range": 11.660290718078613,
      "low_freq": 1457.5709228515625,
      "mid_mean": -18.950912475585938,
      "mid_to_side_loudness": -4.075495719909668,
      "mid_to_side_loudness_range": 7.410268783569336,
      "side_mean": -23.03008270263672
    },
    {
      "high_freq": 4349.24462890625,
      "loudness": -23.74530029296875,
      "loudness_range": 13.806737899780273,
      "low_freq": 2549.74365234375,
      "mid_mean": -21.720399856567383,
      "mid_to_side_loudness": -3.983595132827759,
      "mid_to_side_loudness_range": 7.994359493255615,
      "side_mean": -25.604984283447266
    },
    {
      "high_freq": 7314.1640625,
      "loudness": -28.5446834564209,
      "loudness_range": 11.802173614501953,
      "low_freq": 4349.24462890625,
      "mid_mean": -26.15264892578125,
      "mid_to_side_loudness": -5.411184787750244,
      "mid_to_side_loudness_range": 9.167191505432129,
      "side_mean": -31.541807174682617
    },
    {
      "high_freq": 12199.2666015625,
      "loudness": -31.38991355895996,
      "loudness_range": 12.488698959350586,
      "low_freq": 7314.1640625,
      "mid_mean": -29.021080017089844,
      "mid_to_side_loudness": -5.228546142578125,
      "mid_to_side_loudness_range": 8.418269157409668,
      "side_mean": -34.2164421081543
    },
    {
      "loudness": -36.84743881225586,
      "loudness_range": 17.3167667388916,
      "low_freq": 12199.2666015625,
      "mid_mean": -35.02751922607422,
      "mid_to_side_loudness": -2.955761671066284,
      "mid_to_side_loudness_range": 4.318575382232666,
      "side_mean": -37.90764236450195
    }
  ],
  "bands_short": [
    {
      "high_freq": 148.1999969482422,
      "loudness": -21.13503646850586,
      "loudness_range": 11.823020935058594,
      "mid_mean": -17.72052574157715,
      "mid_to_side_loudness": -15.1662015914917,
      "mid_to_side_loudness_range": 20.71602439880371,
      "side_mean": -33.91180419921875
    },
    {
      "high_freq": 392.3793640136719,
      "loudness": -18.704532623291016,
      "loudness_range": 8.149969100952148,
      "low_freq": 148.1999969482422,
      "mid_mean": -15.983611106872559,
      "mid_to_side_loudness": -6.924396514892578,
      "mid_to_side_loudness_range": 11.439290046691895,
      "side_mean": -23.306581497192383
    },
    {
      "high_freq": 794.6976318359375,
      "loudness": -21.202774047851562,
      "loudness_range": 10.772743225097656,
      "low_freq": 392.3793640136719,
      "mid_mean": -18.599624633789062,
      "mid_to_side_loudness": -6.093101978302002,
      "mid_to_side_loudness_range": 10.528388977050781,
      "side_mean": -25.18202018737793
    },
    {
      "high_freq": 1457.5709228515625,
      "loudness": -22.271059036254883,
      "loudness_range": 15.03977108001709,
      "low_freq": 794.6976318359375,
      "mid_mean": -19.60089111328125,
      "mid_to_side_loudness": -6.674130916595459,
      "mid_to_side_loudness_range": 11.457084655761719,
      "side_mean": -26.588497161865234
    },
    {
      "high_freq": 2549.74365234375,
      "loudness": -21.768775939941406,
      "loudness_range": 14.209321022033691,
      "low_freq": 1457.5709228515625,
      "mid_mean": -19.787925720214844,
      "mid_to_side_loudness": -3.933053970336914,
      "mid_to_side_loudness_range": 8.861781120300293,
      "side_mean": -23.782060623168945
    },
    {
      "high_freq": 4349.24462890625,
      "loudness": -24.457561492919922,
      "loudness_range": 16.969099044799805,
      "low_freq": 2549.74365234375,
      "mid_mean": -22.581445693969727,
      "mid_to_side_loudness": -3.7114486694335938,
      "mid_to_side_loudness_range": 9.103985786437988,
      "side_mean": -26.265071868896484
    },
    {
      "high_freq": 7314.1640625,
      "loudness": -29.426902770996094,
      "loudness_range": 15.491331100463867,
      "low_freq": 4349.24462890625,
      "mid_mean": -27.250707626342773,
      "mid_to_side_loudness": -4.750673770904541,
      "mid_to_side_loudness_range": 9.865266799926758,
      "side_mean": -32.045562744140625
    },
    {
      "high_freq": 12199.2666015625,
      "loudness": -33.23251724243164,
      "loudness_range": 17.71692657470703,
      "low_freq": 7314.1640625,
      "mid_mean": -30.90901756286621,
      "mid_to_side_loudness": -5.2613844871521,
      "mid_to_side_loudness_range": 9.5177640914917,
      "side_mean": -36.253665924072266
    },
    {
      "loudness": -41.22093200683594,
      "loudness_range": 27.303510665893555,
      "low_freq": 12199.2666015625,
      "mid_mean": -39.33992385864258,
      "mid_to_side_loudness": -3.3927409648895264,
      "mid_to_side_loudness_range": 6.666153907775879,
      "side_mean": -42.56250762939453
    }
  ],
  "channels": 2,
  "covariance": [
    [
      8.323081016540527,
      3.2109854221343994,
      2.2833118438720703,
      1.8246639966964722,
      1.0000196695327759,
      0.35720789432525635,
      0.8769643902778625,
      0.29129213094711304,
      1.5472294092178345,
      1.3188108205795288,
      2.142550468444824,
      1.5050246715545654,
      1.6192843914031982,
      1.3765673637390137,
      1.3397603034973145,
      0.9612372517585754,
      2.008662223815918,
      1.7625038623809814
    ],
    [
      3.2109854221343994,
      16.63268280029297,
      4.299908638000488,
      5.858428478240967,
      2.060027837753296,
      2.4195194244384766,
      3.96781849861145,
      4.120682716369629,
      5.779822826385498,
      6.487850189208984,
      6.697786331176758,
      6.97120475769043,
      4.727961540222168,
      6.561737537384033,
      1.7349905967712402,
      2.0325558185577393,
      -1.8705240488052368,
      -1.5235275030136108
    ],
    [
      2.2833118438720703,
      4.299908638000488,
      9.598065376281738,
      6.197533130645752,
      3.9623019695281982,
      1.4784154891967773,
      2.2628564834594727,
      0.6978958249092102,
      4.075150966644287,
      3.026279926300049,
      5.741372108459473,
      4.175356864929199,
      4.631240367889404,
      3.059344530105591,
      3.632112741470337,
      1.5956261157989502,
      1.1728134155273438,
      0.6566453576087952
    ],
    [
      1.8246639966964722,
      5.858428478240967,
      6.197533130645752,
      11.526390075683594,
      3.4877119064331055,
      3.28444766998291,
      2.8127365112304688,
      2.1886961460113525,
      4.569134712219238,
      5.365893840789795,
      4.999077796936035,
      4.833876609802246,
      4.134896278381348,
      4.077478885650635,
      3.855921745300293,
      3.369875907897949,
      3.083808422088623,
      3.3032355308532715
    ],
    [
      1.0000196695327759,
      2.060027837753296,
      3.9623019695281982,
      3.4877119064331055,
      17.980791091918945,
      9.567347526550293,
      10.908153533935547,
      5.425756454467773,
      9.999589920043945,
      7.457759380340576,
      10.858795166015625,
      8.421164512634277,
      8.404908180236816,
      4.435389041900635,
      7.282686710357666,
      3.241199254989624,
      3.278794765472412,
      3.200528144836426
    ],
    [
      0.35720789432525635,
      2.4195194244384766,
      1.4784154891967773,
      3.28444766998291,
      9.567347526550293,
      16.81726837158203,
      12.982368469238281,
      9.30745792388916,
      12.533321380615234,
      11.946676254272461,
      12.513039588928223,
      12.797163009643555,
      10.912517547607422,
      9.316546440124512,
      10.131251335144043,
      7.976195812225342,
      8.269648551940918,
      8.451504707336426
    ],
    [
      0.8769643902778625,
      3.96781849861145,
      2.2628564834594727,
      2.8127365112304688,
      10.908153533935547,
      12.982368469238281,
      28.365617752075195,
      15.546587944030762,
      19.603235244750977,
      13.621078491210938,
      18.002044677734375,
      14.574606895446777,
      14.996295928955078,
      10.247394561767578,
      11.419830322265625,
      6.359681129455566,
      5.005023002624512,
      5.126850605010986
    ],
    [
      0.29129213094711304,
      4.120682716369629,
      0.6978958249092102,
      2.1886961460113525,
      5.425756454467773,
      9.30745792388916,
      15.546587944030762,
      15.877256393432617,
      12.868990898132324,
      13.126218795776367,
      12.08255386352539,
      13.420475959777832,
      9.584659576416016,
      11.242218017578125,
      4.446233749389648,
      4.206368446350098,
      -0.8219826817512512,
      -0.45705273747444153
    ],
    [
      1.5472294092178345,
      5.779822826385498,
      4.075150966644287,
      4.569134712219238,
      9.999589920043945,
      12.533321380615234,
      19.603235244750977,
      12.868990898132324,
      23.715347290039062,
      19.50630760192871,
      21.074430465698242,
      19.94164276123047,
      16.436914443969727,
      14.305170059204102,
      9.38721752166748,
      6.323001861572266,
      1.1960831880569458,
      1.5242893695831299
    ],
    [
      1.3188108205795288,
      6.487850189208984,
      3.026279926300049,
      5.365893840789795,
      7.457759380340576,
      11.946676254272461,
      13.621078491210938,
      13.126218795776367,
      19.50630760192871,
      23.95272445678711,
      19.129167556762695,
      23.9407901763916,
      13.722729682922363,
      17.333393096923828,
      5.446980953216553,
      5.5401740074157715,
      -2.2140984535217285,
      -1.7074233293533325
    ],
    [
      2.142550468444824,
      6.697786331176758,
      5.741372108459473,
      4.999077796936035,
      10.858795166015625,
      12.513039588928223,
      18.002044677734375,
      12.08255386352539,
      21.074430465698242,
      19.129167556762695,
      26.811676025390625,
      24.645492553710938,
      19.39922332763672,
      17.626602172851562,
      10.414217948913574,
      6.818960189819336,
      0.28379738330841064,
      0.4646930694580078
    ],
    [
      1.5050246715545654,
      6.97120475769043,
      4.175356864929199,
      4.833876609802246,
      8.421164512634277,
      12.797163009643555,
      14.574606895446777,
      13.420475959777832,
      19.94164276123047,
      23.9407901763916,
      24.645492553710938,
      32.4285774230957,
      17.208498001098633,
      22.045007705688477,
      6.631718635559082,
      6.818050384521484,
      -3.296248435974121,
      -2.757209062576294
    ],
    [
      1.6192843914031982,
      4.727961540222168,
      4.631240367889404,
      4.134896278381348,
      8.404908180236816,
      10.912517547607422,
      14.996295928955078,
      9.584659576416016,
      16.436914443969727,
      13.722729682922363,
      19.39922332763672,
      17.208498001098633,
      23.56144905090332,
      17.507816314697266,
      18.20140266418457,
      12.184639930725098,
      7.446139812469482,
      7.192162990570068
    ],
    [
      1.3765673637390137,
      6.561737537384033,
      3.059344530105591,
      4.077478885650635,
      4.435389041900635,
      9.316546440124512,
      10.247394561767578,
      11.242218017578125,
      14.305170059204102,
      17.333393096923828,
      17.626602172851562,
      22.045007705688477,
      17.507816314697266,
      24.12076187133789,
      10.086526870727539,
      12.66929817199707,
      2.198443651199341,
      3.225878953933716
    ],
    [
      1.3397603034973145,
      1.7349905967712402,
      3.632112741470337,
      3.855921745300293,
      7.282686710357666,
      10.131251335144043,
      11.419830322265625,
      4.446233749389648,
      9.38721752166748,
      5.446980953216553,
      10.414217948913574,
      6.631718635559082,
      18.20140266418457,
      10.086526870727539,
      30.07351303100586,
      20.82595443725586,
      27.543760299682617,
      26.384628295898438
    ],
    [
      0.9612372517585754,
      2.0325558185577393,
      1.5956261157989502,
      3.369875907897949,
      3.241199254989624,
      7.976195812225342,
      6.359681129455566,
      4.206368446350098,
      6.323001861572266,
      5.5401740074157715,
      6.818960189819336,
      6.818050384521484,
      12.184639930725098,
      12.66929817199707,
      20.82595443725586,
      23.551597595214844,
      25.724592208862305,
      27.43939971923828
    ],
    [
      2.008662223815918,
      -1.8705240488052368,
      1.1728134155273438,
      3.083808422088623,
      3.278794765472412,
      8.269648551940918,
      5.005023002624512,
      -0.8219826817512512,
      1.1960831880569458,
      -2.2140984535217285,
      0.28379738330841064,
      -3.296248435974121,
      7.446139812469482,
      2.198443651199341,
      27.543760299682617,
      25.724592208862305,
      46.89195251464844,
      45.40004348754883
    ],
    [
      1.7625038623809814,
      -1.5235275030136108,
      0.6566453576087952,
      3.3032355308532715,
      3.200528144836426,
      8.451504707336426,
      5.126850605010986,
      -0.45705273747444153,
      1.5242893695831299,
      -1.7074233293533325,
      0.4646930694580078,
      -2.757209062576294,
      7.192162990570068,
      3.225878953933716,
      26.384628295898438,
      27.43939971923828,
      45.40004348754883,
      48.34946823120117
    ]
  ],
  "covariance_short": [
    [
      23.851152420043945,
      4.346871376037598,
      5.678908824920654,
      0.9921815395355225,
      0.24964478611946106,
      0.25332173705101013,
      1.449336051940918,
      0.49971047043800354,
      2.907514810562134,
      2.5557849407196045,
      4.135942459106445,
      3.5355372428894043,
      1.8859598636627197,
      2.4785304069519043,
      0.4643309414386749,
      0.9838661551475525,
      2.402461051940918,
      2.5038864612579346
    ],
    [
      4.346871376037598,
      29.49639129638672,
      2.2246971130371094,
      6.079864501953125,
      2.5780813694000244,
      4.533655643463135,
      5.6588287353515625,
      5.829733371734619,
      7.438065528869629,
      8.678427696228027,
      8.051124572753906,
      9.484171867370605,
      5.3323187828063965,
      7.264577865600586,
      1.7489492893218994,
      2.6536998748779297,
      -0.4340687096118927,
      -0.6051255464553833
    ],
    [
      5.678908824920654,
      2.2246971130371094,
      13.832226753234863,
      5.346511363983154,
      4.113993167877197,
      1.8856762647628784,
      3.4285502433776855,
      1.0480682849884033,
      5.3731160163879395,
      3.730537176132202,
      7.578816890716553,
      5.267965316772461,
      6.130678176879883,
      4.027015686035156,
      4.0583600997924805,
      2.4595577716827393,
      3.3458473682403564,
      2.355226755142212
    ],
    [
      0.9921815395355225,
      6.079864501953125,
      5.346511363983154,
      14.557716369628906,
      2.4144628047943115,
      3.861940860748291,
      2.590576410293579,
      2.5523815155029297,
      4.457870006561279,
      5.769384384155273,
      4.840525150299072,
      5.540344715118408,
      3.6612775325775146,
      4.210566997528076,
      2.9195470809936523,
      3.1293246746063232,
      3.12361478805542,
      2.740020990371704
    ],
    [
      0.24964478611946106,
      2.5780813694000244,
      4.113993167877197,
      2.4144628047943115,
      22.811702728271484,
      11.299341201782227,
      11.936190605163574,
      5.375740051269531,
      11.234615325927734,
      7.345287799835205,
      12.4946928024292,
      8.767277717590332,
      9.381054878234863,
      4.980867862701416,
      7.966609954833984,
      3.5259194374084473,
      4.796812057495117,
      3.4584507942199707
    ],
    [
      0.25332173705101013,
      4.533655643463135,
      1.8856762647628784,
      3.861940860748291,
      11.299341201782227,
      19.079153060913086,
      11.764087677001953,
      9.067044258117676,
      12.26132583618164,
      12.140410423278809,
      12.751786231994629,
      13.177257537841797,
      10.265631675720215,
      9.371599197387695,
      8.564696311950684,
      7.184153079986572,
      7.736220359802246,
      7.190617084503174
    ],
    [
      1.449336051940918,
      5.6588287353515625,
      3.4285502433776855,
      2.590576410293579,
      11.936190605163574,
      11.764087677001953,
      34.119476318359375,
      17.366073608398438,
      23.314208984375,
      16.003751754760742,
      22.11809730529785,
      17.24054527282715,
      17.581350326538086,
      13.161654472351074,
      11.942826271057129,
      7.29739236831665,
      6.064890384674072,
      4.296380043029785
    ],
    [
      0.49971047043800354,
      5.829733371734619,
      1.0480682849884033,
      2.5523815155029297,
      5.375740051269531,
      9.067044258117676,
      17.366073608398438,
      20.80035400390625,
      15.463621139526367,
      16.678377151489258,
      15.186997413635254,
      17.435894012451172,
      12.207951545715332,
      14.305700302124023,
      5.800207138061523,
      6.889692306518555,
      3.120182514190674,
      2.655015230178833
    ],
    [
      2.907514810562134,
      7.438065528869629,
      5.3731160163879395,
      4.457870006561279,
      11.234615325927734,
      12.26132583618164,
      23.314208984375,
      15.463621139526367,
      32.67692565917969,
      25.335947036743164,
      28.52547264099121,
      25.737743377685547,
      21.114234924316406,
      18.28042221069336,
      11.3290433883667,
      8.228116989135742,
      4.177199840545654,
      2.8418939113616943
    ],
    [
      2.5557849407196045,
      8.678427696228027,
      3.730537176132202,
      5.769384384155273,
      7.345287799835205,
      12.140410423278809,
      16.003751754760742,
      16.678377151489258,
      25.335947036743164,
      31.618471145629883,
      25.23324966430664,
      30.683433532714844,
      17.397926330566406,
      21.464868545532227,
      6.731895923614502,
      8.59731674194336,
      2.0814402103424072,
      1.8614518642425537
    ],
    [
      4.135942459106445,
      8.051124572753906,
      7.578816890716553,
      4.840525150299072,
      12.4946928024292,
      12.751786231994629,
      22.11809730529785,
      15.186997413635254,
      28.52547264099121,
      25.23324966430664,
      39.8892822265625,
      34.08359909057617,
      27.54290771484375,
      24.203989028930664,
      14.073230743408203,
      10.791001319885254,
      4.058079719543457,
      2.3484930992126465
    ],
    [
      3.5355372428894043,
      9.484171867370605,
      5.267965316772461,
      5.540344715118408,
      8.767277717590332,
      13.177257537841797,
      17.24054527282715,
      17.435894012451172,
      25.737743377685547,
      30.683433532714844,
      34.08359909057617,
      42.75238037109375,
      23.021753311157227,
      28.678739547729492,
      9.202938079833984,
      11.945303916931152,
      2.6104483604431152,
      2.8460659980773926
    ],
    [
      1.8859598636627197,
      5.3323187828063965,
      6.130678176879883,
      3.6612775325775146,
      9.381054878234863,
      10.265631675720215,
      17.581350326538086,
      12.207951545715332,
      21.114234924316406,
      17.397926330566406,
      27.54290771484375,
      23.021753311157227,
      35.81973648071289,
      26.354660034179688,
      28.60804557800293,
      22.844636917114258,
      20.777616500854492,
      18.079877853393555
    ],
    [
      2.4785304069519043,
      7.264577865600586,
      4.027015686035156,
      4.210566997528076,
      4.980867862701416,
      9.371599197387695,
      13.161654472351074,
      14.305700302124023,
      18.28042221069336,
      21.464868545532227,
      24.203989028930664,
      28.678739547729492,
      26.354660034179688,
      33.255706787109375,
      18.57488441467285,
      24.348854064941406,
      17.120582580566406,
      18.469003677368164
    ],
    [
      0.4643309414386749,
      1.7489492893218994,
      4.0583600997924805,
      2.9195470809936523,
      7.966609954833984,
      8.564696311950684,
      11.942826271057129,
      5.800207138061523,
      11.3290433883667,
      6.731895923614502,
      14.073230743408203,
      9.202938079833984,
      28.60804557800293,
      18.57488441467285,
      45.39127731323242,
      35.416282653808594,
      48.04114532470703,
      43.91594696044922
    ],
    [
      0.9838661551475525,
      2.6536998748779297,
      2.4595577716827393,
      3.1293246746063232,
      3.5259194374084473,
      7.184153079986572,
      7.29739236831665,
      6.889692306518555,
      8.228116989135742,
      8.59731674194336,
      10.791001319885254,
      11.945303916931152,
      22.844636917114258,
      24.348854064941406,
      35.416282653808594,
      42.730655670166016,
      49.677772521972656,
      51.6554069519043
    ],
    [
      2.402461051940918,
      -0.4340687096118927,
      3.3458473682403564,
      3.12361478805542,
      4.796812057495117,
      7.736220359802246,
      6.064890384674072,
      3.120182514190674,
      4.177199840545654,
      2.0814402103424072,
      4.058079719543457,
      2.6104483604431152,
      20.777616500854492,
      17.120582580566406,
      48.04114532470703,
      49.677772521972656,
      83.65353393554688,
      80.97962951660156
    ],
    [
      2.5038864612579346,
      -0.6051255464553833,
      2.355226755142212,
      2.740020990371704,
      3.4584507942199707,
      7.190617084503174,
      4.296380043029785,
      2.655015230178833,
      2.8418939113616943,
      1.8614518642425537,
      2.3484930992126465,
      2.8460659980773926,
      18.079877853393555,
      18.469003677368164,
      43.91594696044922,
      51.6554069519043,
      80.97962951660156,
      84.95707702636719
    ]
  ],
  "drr": 14.333560943603516,
  "dynamics": 1.8748435974121094,
  "format": 1245190,
  "frames": 16355328,
  "loudness": -8.502573013305664,
  "loudness_range": 4.490498065948486,
  "loudness_range_short": 6.338648796081543,
  "peak": 0.5028496980667114,
  "rms": -11.376574516296387,
  "sample_rate": 44100,
  "sections": 1,
  "seekable": 1,
  "sharpness": 1.7010271549224854,
  "space": -6.840324878692627
}