{
  "bands": [
    {
      "high_freq": 148.1999969482422,
      "loudness": -51.63638687133789,
      "loudness_range": 21.12314224243164,
      "mid_mean": -50.496482849121094,
      "mid_to_side_loudness": -6.866528034210205,
      "mid_to_side_loudness_range": 10.753134727478027,
      "side_mean": -56.65499496459961
    },
    {
      "high_freq": 392.3793640136719,
      "loudness": -33.6953010559082,
      "loudness_range": 16.862167358398438,
      "low_freq": 148.1999969482422,
      "mid_mean": -30.76700210571289,
      "mid_to_side_loudness": -7.916388988494873,
      "mid_to_side_loudness_range": 10.337478637695312,
      "side_mean": -39.18490982055664
    },
    {
      "high_freq": 794.6976318359375,
      "loudness": -30.98894500732422,
      "loudness_range": 21.429227828979492,
      "low_freq": 392.3793640136719,
      "mid_mean": -28.22637939453125,
      "mid_to_side_loudness": -7.234231472015381,
      "mid_to_side_loudness_range": 10.270506858825684,
      "side_mean": -35.73484802246094
    },
    {
      "high_freq": 1457.5709228515625,
      "loudness": -32.9660758972168,
      "loudness_range": 26.314800262451172,
      "low_freq": 794.6976318359375,
      "mid_mean": -30.815553665161133,
      "mid_to_side_loudness": -6.113485813140869,
      "mid_to_side_loudness_range": 10.251564979553223,
      "side_mean": -37.27077865600586
    },
    {
      "high_freq": 2549.74365234375,
      "loudness": -37.85721206665039,
      "loudness_range": 25.87812042236328,
      "low_freq": 1457.5709228515625,
      "mid_mean": -35.87935256958008,
      "mid_to_side_loudness": -5.769708156585693,
      "mid_to_side_loudness_range": 5.8237433433532715,
      "side_mean": -42.00276565551758
    },
    {
      "high_freq": 4349.24462890625,
      "loudness": -43.64583969116211,
      "loudness_range": 25.694198608398438,
      "low_freq": 2549.74365234375,
      "mid_mean": -43.62194061279297,
      "mid_to_side_loudness": -5.081974506378174,
      "mid_to_side_loudness_range": 7.018833637237549,
      "side_mean": -52.160308837890625
    },
    {
      "high_freq": 7314.1640625,
      "loudness": -54.09428405761719,
      "loudness_range": 23.23516845703125,
      "low_freq": 4349.24462890625,
      "mid_mean": -57.864959716796875,
      "mid_to_side_loudness": -3.1833629608154297,
      "mid_to_side_loudness_range": 6.020322799682617,
      "side_mean": -60.310672760009766
    },
    {
      "high_freq": 12199.2666015625,
      "loudness": -71.62445068359375,
      "loudness_range": 24.837799072265625,
      "low_freq": 7314.1640625,
      "mid_mean": -67.05747985839844,
      "mid_to_side_loudness": -1.2197041511535645,
      "mid_to_side_loudness_range": 4.131002902984619,
      "side_mean": -67.61197662353516
    },
    {
      "loudness": 0,
      "loudness_range": 0,
      "low_freq": 12199.2666015625,
      "mid_mean": -69.72132110595703,
      "mid_to_side_loudness": -0.17999617755413055,
      "mid_to_side_loudness_range": 0.8680769205093384,
      "side_mean": -69.7376708984375
    }
  ],
  "bands_short": [
    {
      "high_freq": 148.1999969482422,
      "loudness": -56.22038269042969,
      "loudness_range": 23.331443786621094,
      "mid_mean": -54.588523864746094,
      "mid_to_side_loudness": -6.466056823730469,
      "mid_to_side_loudness_range": 14.763432502746582,
      "side_mean": -60.042694091796875
    },
    {
      "high_freq": 392.3793640136719,
      "loudness": -34.76845169067383,
      "loudness_range": 18.396432876586914,
      "low_freq": 148.1999969482422,
      "mid_mean": -31.89754295349121,
      "mid_to_side_loudness": -7.923366069793701,
      "mid_to_side_loudness_range": 12.97176456451416,
      "side_mean": -40.34064865112305
    },
    {
      "high_freq": 794.6976318359375,
      "loudness": -31.38950538635254,
      "loudness_range": 22.00955581665039,
      "low_freq": 392.3793640136719,
      "mid_mean": -28.814435958862305,
      "mid_to_side_loudness": -6.621181011199951,
      "mid_to_side_loudness_range": 11.91138744354248,
      "side_mean": -35.7230110168457
    },
    {
      "high_freq": 1457.5709228515625,
      "loudness": -33.61624526977539,
      "loudness_range": 26.30599021911621,
      "low_freq": 794.6976318359375,
      "mid_mean": -31.625322341918945,
      "mid_to_side_loudness": -5.790628910064697,
      "mid_to_side_loudness_range": 12.691003799438477,
      "side_mean": -37.71540069580078
    },
    {
      "high_freq": 2549.74365234375,
      "loudness": -38.63386535644531,
      "loudness_range": 27.458486557006836,
      "low_freq": 1457.5709228515625,
      "mid_mean": -36.88874435424805,
      "mid_to_side_loudness": -5.41118860244751,
      "mid_to_side_loudness_range": 8.216347694396973,
      "side_mean": -42.725223541259766
    },
    {
      "high_freq": 4349.24462890625,
      "loudness": -44.299964904785156,
      "loudness_range": 27.076786041259766,
      "low_freq": 2549.74365234375,
      "mid_mean": -44.93857955932617,
      "mid_to_side_loudness": -4.718972206115723,
      "mid_to_side_loudness_range": 9.0519380569458,
      "side_mean": -52.66088104248047
    },
    {
      "high_freq": 7314.1640625,
      "loudness": -55.39008331298828,
      "loudness_range": 26.310314178466797,
      "low_freq": 4349.24462890625,
      "mid_mean": -58.994598388671875,
      "mid_to_side_loudness": -2.7310314178466797,
      "mid_to_side_loudness_range": 7.10704231262207,
      "side_mean": -61.05312728881836
    },
    {
      "high_freq": 12199.2666015625,
      "loudness": -72.6602783203125,
      "loudness_range": 24.286083221435547,
      "low_freq": 7314.1640625,
      "mid_mean": -67.6126708984375,
      "mid_to_side_loudness": -1.2025550603866577,
      "mid_to_side_loudness_range": 5.356395244598389,
      "side_mean": -68.14253997802734
    },
    {
      "loudness": -83.43531799316406,
      "loudness_range": 9.648574829101562,
      "low_freq": 12199.2666015625,
      "mid_mean": -69.72990417480469,
      "mid_to_side_loudness": -0.17847900092601776,
      "mid_to_side_loudness_range": 1.9228262901306152,
      "side_mean": -69.74653625488281
    }
  ],
  "channels": 2,
  "covariance": [
    [
      85.41018676757812,
      67.63673400878906,
      28.92134666442871,
      34.27483367919922,
      34.56658172607422,
      32.132896423339844,
      38.14079666137695,
      36.760257720947266,
      47.86539077758789,
      48.87904357910156,
      49.71348190307617,
      84.93942260742188,
      68.74483489990234,
      56.239253997802734,
      17.61127281188965,
      14.160542488098145,
      1.25271475315094,
      1.1602931022644043
    ],
    [
      67.63673400878906,
      60.69959259033203,
      25.574726104736328,
      31.049896240234375,
      33.07126998901367,
      31.11532974243164,
      35.23194885253906,
      34.062286376953125,
      44.079261779785156,
      45.14036560058594,
      46.220359802246094,
      71.52063751220703,
      57.836875915527344,
      47.386749267578125,
      14.7821626663208,
      12.099056243896484,
      1.0793837308883667,
      0.9936782121658325
    ],
    [
      28.92134666442871,
      25.574726104736328,
      38.90244674682617,
      32.932064056396484,
      32.322181701660156,
      30.978675842285156,
      30.350061416625977,
      27.514331817626953,
      39.67338180541992,
      39.59975051879883,
      39.850807189941406,
      47.97749328613281,
      43.312347412109375,
      34.82624816894531,
      9.248566627502441,
      6.5805463790893555,
      0.5477293729782104,
      0.4930306375026703
    ],
    [
      34.27483367919922,
      31.049896240234375,
      32.932064056396484,
      37.46216583251953,
      32.49555206298828,
      31.23647117614746,
      30.6603946685791,
      28.508453369140625,
      41.20416259765625,
      42.118492126464844,
      43.51100540161133,
      52.02063751220703,
      45.28523254394531,
      36.77040481567383,
      10.11939811706543,
      7.462959289550781,
      0.6563025116920471,
      0.5998381972312927
    ],
    [
      34.56658172607422,
      33.07126998901367,
      32.322181701660156,
      32.49555206298828,
      62.881935119628906,
      49.75852584838867,
      53.608890533447266,
      54.14546203613281,
      62.217002868652344,
      63.73054885864258,
      65.9209213256836,
      79.81787109375,
      68.7799301147461,
      56.20530319213867,
      20.39134407043457,
      16.9567813873291,
      1.2287747859954834,
      1.1184349060058594
    ],
    [
      32.132896423339844,
      31.11532974243164,
      30.978675842285156,
      31.23647117614746,
      49.75852584838867,
      47.628631591796875,
      46.21261215209961,
      45.978851318359375,
      56.729408264160156,
      57.783363342285156,
      57.831573486328125,
      71.80992126464844,
      60.38960266113281,
      49.42097854614258,
      16.279390335083008,
      13.09568977355957,
      1.057111382484436,
      0.9711644053459167
    ],
    [
      38.14079666137695,
      35.23194885253906,
      30.350061416625977,
      30.6603946685791,
      53.608890533447266,
      46.21261215209961,
      86.76795196533203,
      72.01808166503906,
      74.08757019042969,
      74.625,
      78.82081604003906,
      92.5080795288086,
      77.66654205322266,
      64.98725128173828,
      24.941133499145508,
      21.38005256652832,
      1.9665579795837402,
      1.7884905338287354
    ],
    [
      36.760257720947266,
      34.062286376953125,
      27.514331817626953,
      28.508453369140625,
      54.14546203613281,
      45.978851318359375,
      72.01808166503906,
      73.17790985107422,
      71.7499771118164,
      72.93121337890625,
      73.61583709716797,
      88.40340423583984,
      74.27977752685547,
      62.150455474853516,
      23.657766342163086,
      20.021564483642578,
      1.6578178405761719,
      1.538000464439392
    ],
    [
      47.86539077758789,
      44.079261779785156,
      39.67338180541992,
      41.20416259765625,
      62.217002868652344,
      56.729408264160156,
      74.08757019042969,
      71.7499771118164,
      100.07057189941406,
      96.9402847290039,
      99.66704559326172,
      107.42301940917969,
      94.78623962402344,
      78.87157440185547,
      26.826847076416016,
      22.089191436767578,
      1.8120238780975342,
      1.6810592412948608
    ],
    [
      48.87904357910156,
      45.14036560058594,
      39.59975051879883,
      42.118492126464844,
      63.73054885864258,
      57.783363342285156,
      74.625,
      72.93121337890625,
      96.9402847290039,
      99.99104309082031,
      98.45291900634766,
      109.15978240966797,
      94.75418853759766,
      78.98704528808594,
      27.108768463134766,
      22.252534866333008,
      1.8055760860443115,
      1.6653190851211548
    ],
    [
      49.71348190307617,
      46.220359802246094,
      39.850807189941406,
      43.51100540161133,
      65.9209213256836,
      57.831573486328125,
      78.82081604003906,
      73.61583709716797,
      99.66704559326172,
      98.45291900634766,
      128.0633544921875,
      118.16551208496094,
      107.54047393798828,
      89.72471618652344,
      32.073577880859375,
      26.73585319519043,
      2.199086904525757,
      2.01397967338562
    ],
    [
      84.93942260742188,
      71.52063751220703,
      47.97749328613281,
      52.02063751220703,
      79.81787109375,
      71.80992126464844,
      92.5080795288086,
      88.40340423583984,
      107.42301940917969,
      109.15978240966797,
      118.16551208496094,
      154.2233123779297,
      126.45948028564453,
      104.37528991699219,
      35.328826904296875,
      29.30489158630371,
      2.575739622116089,
      2.3670966625213623
    ],
    [
      68.74483489990234,
      57.836875915527344,
      43.312347412109375,
      45.28523254394531,
      68.7799301147461,
      60.38960266113281,
      77.66654205322266,
      74.27977752685547,
      94.78623962402344,
      94.75418853759766,
      107.54047393798828,
      126.45948028564453,
      114.76820373535156,
      94.67321014404297,
      31.743507385253906,
      26.207143783569336,
      2.2164831161499023,
      2.0366811752319336
    ],
    [
      56.239253997802734,
      47.386749267578125,
      34.82624816894531,
      36.77040481567383,
      56.20530319213867,
      49.42097854614258,
      64.98725128173828,
      62.150455474853516,
      78.87157440185547,
      78.98704528808594,
      89.72471618652344,
      104.37528991699219,
      94.67321014404297,
      79.64896392822266,
      27.470157623291016,
      22.945106506347656,
      1.9264333248138428,
      1.7734427452087402
    ],
    [
      17.61127281188965,
      14.7821626663208,
      9.248566627502441,
      10.11939811706543,
      20.39134407043457,
      16.279390335083008,
      24.941133499145508,
      23.657766342163086,
      26.826847076416016,
      27.108768463134766,
      32.073577880859375,
      35.328826904296875,
      31.743507385253906,
      27.470157623291016,
      16.08586883544922,
      13.931666374206543,
      0.9265838861465454,
      0.8639059662818909
    ],
    [
      14.160542488098145,
      12.099056243896484,
      6.5805463790893555,
      7.462959289550781,
      16.9567813873291,
      13.09568977355957,
      21.38005256652832,
      20.021564483642578,
      22.089191436767578,
      22.252534866333008,
      26.73585319519043,
      29.30489158630371,
      26.207143783569336,
      22.945106506347656,
      13.931666374206543,
      12.856148719787598,
      0.8856260776519775,
      0.8270606398582458
    ],
    [
      1.25271475315094,
      1.0793837308883667,
      0.5477293729782104,
      0.6563025116920471,
      1.2287747859954834,
      1.057111382484436,
      1.9665579795837402,
      1.6578178405761719,
      1.8120238780975342,
      1.8055760860443115,
      2.199086904525757,
      2.575739622116089,
      2.2164831161499023,
      1.9264333248138428,
      0.9265838861465454,
      0.8856260776519775,
      0.09721002727746964,
      0.09095510095357895
    ],
    [
      1.1602931022644043,
      0.9936782121658325,
      0.4930306375026703,
      0.5998381972312927,
      1.1184349060058594,
      0.9711644053459167,
      1.7884905338287354,
      1.538000464439392,
      1.6810592412948608,
      1.6653190851211548,
      2.01397967338562,
      2.3670966625213623,
      2.0366811752319336,
      1.7734427452087402,
      0.8639059662818909,
      0.8270606398582458,
      0.09095510095357895,
      0.08685828000307083
    ]
  ],
  "covariance_short": [
    [
      76.97434997558594,
      51.07573699951172,
      31.553062438964844,
      33.758975982666016,
      34.89884567260742,
      32.20161437988281,
      39.15056228637695,
      36.466270446777344,
      49.58814239501953,
      50.111778259277344,
      52.05557632446289,
      77.70770263671875,
      62.11109161376953,
      51.870582580566406,
      14.02298641204834,
      10.900915145874023,
      1.1577218770980835,
      1.0535041093826294
    ],
    [
      51.07573699951172,
      45.812931060791016,
      22.538803100585938,
      26.720245361328125,
      27.025739669799805,
      25.570199966430664,
      30.401268005371094,
      28.9909610748291,
      38.68882751464844,
      39.488525390625,
      40.73878479003906,
      57.6226692199707,
      46.17144775390625,
      38.40181350708008,
      9.741931915283203,
      7.3423752784729,
      0.8349161148071289,
      0.7579317092895508
    ],
    [
      31.553062438964844,
      22.538803100585938,
      46.513771057128906,
      34.8217887878418,
      35.08958435058594,
      33.02873611450195,
      35.1347770690918,
      29.89961051940918,
      45.03731918334961,
      43.75721740722656,
      47.54937744140625,
      51.02431106567383,
      45.290794372558594,
      37.3421745300293,
      9.439790725708008,
      6.777818202972412,
      0.6252397298812866,
      0.5536251068115234
    ],
    [
      33.758975982666016,
      26.720245361328125,
      34.8217887878418,
      40.42121124267578,
      32.203739166259766,
      31.883806228637695,
      32.717491149902344,
      30.434782028198242,
      44.27193069458008,
      44.52544021606445,
      47.02143478393555,
      52.458465576171875,
      43.921058654785156,
      36.29696273803711,
      8.513453483581543,
      5.985629558563232,
      0.6465137004852295,
      0.5849976539611816
    ],
    [
      34.89884567260742,
      27.025739669799805,
      35.08958435058594,
      32.203739166259766,
      64.0476303100586,
      47.91475296020508,
      55.92308044433594,
      51.85287857055664,
      63.099910736083984,
      63.22860336303711,
      70.67058563232422,
      76.7067642211914,
      65.32659149169922,
      54.767127990722656,
      17.958669662475586,
      14.303238868713379,
      1.2275679111480713,
      1.0977784395217896
    ],
    [
      32.20161437988281,
      25.570199966430664,
      33.02873611450195,
      31.883806228637695,
      47.91475296020508,
      48.953487396240234,
      46.20808792114258,
      44.37350845336914,
      57.154052734375,
      58.50300216674805,
      62.682979583740234,
      69.77971649169922,
      56.255592346191406,
      46.77357482910156,
      13.436591148376465,
      10.203391075134277,
      0.9887536764144897,
      0.8964973092079163
    ],
    [
      39.15056228637695,
      30.401268005371094,
      35.1347770690918,
      32.717491149902344,
      55.92308044433594,
      46.20808792114258,
      91.5894546508789,
      72.241455078125,
      77.0818862915039,
      76.74175262451172,
      87.2608642578125,
      93.39361572265625,
      77.25920104980469,
      65.59915161132812,
      22.87407875061035,
      18.820262908935547,
      2.080430507659912,
      1.8703128099441528
    ],
    [
      36.466270446777344,
      28.9909610748291,
      29.89961051940918,
      30.434782028198242,
      51.85287857055664,
      44.37350845336914,
      72.241455078125,
      75.7601089477539,
      72.94866180419922,
      74.87646484375,
      80.18451690673828,
      87.76476287841797,
      71.4241714477539,
      60.71580505371094,
      20.116016387939453,
      16.260398864746094,
      1.6091840267181396,
      1.466216802597046
    ],
    [
      49.58814239501953,
      38.68882751464844,
      45.03731918334961,
      44.27193069458008,
      63.099910736083984,
      57.154052734375,
      77.0818862915039,
      72.94866180419922,
      107.11526489257812,
      99.5691146850586,
      109.8479995727539,
      109.71785736083984,
      94.52210998535156,
      79.30857849121094,
      24.125770568847656,
      19.244482040405273,
      1.9301172494888306,
      1.766181230545044
    ],
    [
      50.111778259277344,
      39.488525390625,
      43.75721740722656,
      44.52544021606445,
      63.22860336303711,
      58.50300216674805,
      76.74175262451172,
      74.87646484375,
      99.5691146850586,
      105.74845886230469,
      107.45870971679688,
      111.34246063232422,
      92.74308013916016,
      78.15018463134766,
      23.684337615966797,
      18.748645782470703,
      1.8432868719100952,
      1.6709493398666382
    ],
    [
      52.05557632446289,
      40.73878479003906,
      47.54937744140625,
      47.02143478393555,
      70.67058563232422,
      62.682979583740234,
      87.2608642578125,
      80.18451690673828,
      109.8479995727539,
      107.45870971679688,
      143.3461151123047,
      126.74514770507812,
      110.2492904663086,
      92.6301498413086,
      29.831928253173828,
      23.996980667114258,
      2.3782055377960205,
      2.157747983932495
    ],
    [
      77.70770263671875,
      57.6226692199707,
      51.02431106567383,
      52.458465576171875,
      76.7067642211914,
      69.77971649169922,
      93.39361572265625,
      87.76476287841797,
      109.71785736083984,
      111.34246063232422,
      126.74514770507812,
      152.64425659179688,
      119.08123779296875,
      99.69068145751953,
      30.17996597290039,
      24.12452507019043,
      2.5429372787475586,
      2.30722713470459
    ],
    [
      62.11109161376953,
      46.17144775390625,
      45.290794372558594,
      43.921058654785156,
      65.32659149169922,
      56.255592346191406,
      77.25920104980469,
      71.4241714477539,
      94.52210998535156,
      92.74308013916016,
      110.2492904663086,
      119.08123779296875,
      109.1698226928711,
      90.51825714111328,
      27.892316818237305,
      22.59050178527832,
      2.288217067718506,
      2.090503215789795
    ],
    [
      51.870582580566406,
      38.40181350708008,
      37.3421745300293,
      36.29696273803711,
      54.767127990722656,
      46.77357482910156,
      65.59915161132812,
      60.71580505371094,
      79.30857849121094,
      78.15018463134766,
      92.6301498413086,
      99.69068145751953,
      90.51825714111328,
      77.74088287353516,
      24.4383487701416,
      20.090913772583008,
      2.0160882472991943,
      1.837037205696106
    ],
    [
      14.02298641204834,
      9.741931915283203,
      9.439790725708008,
      8.513453483581543,
      17.958669662475586,
      13.436591148376465,
      22.87407875061035,
      20.116016387939453,
      24.125770568847656,
      23.684337615966797,
      29.831928253173828,
      30.17996597290039,
      27.892316818237305,
      24.4383487701416,
      15.120306968688965,
      12.21133804321289,
      0.9859089851379395,
      0.9144511222839355
    ],
    [
      10.900915145874023,
      7.3423752784729,
      6.777818202972412,
      5.985629558563232,
      14.303238868713379,
      10.203391075134277,
      18.820262908935547,
      16.260398864746094,
      19.244482040405273,
      18.748645782470703,
      23.996980667114258,
      24.12452507019043,
      22.59050178527832,
      20.090913772583008,
      12.21133804321289,
      11.401681900024414,
      0.9286182522773743,
      0.8613913059234619
    ],
    [
      1.1577218770980835,
      0.8349161148071289,
      0.6252397298812866,
      0.6465137004852295,
      1.2275679111480713,
      0.9887536764144897,
      2.080430507659912,
      1.6091840267181396,
      1.9301172494888306,
      1.8432868719100952,
      2.3782055377960205,
      2.5429372787475586,
      2.288217067718506,
      2.0160882472991943,
      0.9859089851379395,
      0.9286182522773743,
      0.15591202676296234,
      0.14635173976421356
    ],
    [
      1.0535041093826294,
      0.7579317092895508,
      0.5536251068115234,
      0.5849976539611816,
      1.0977784395217896,
      0.8964973092079163,
      1.8703128099441528,
      1.466216802597046,
      1.766181230545044,
      1.6709493398666382,
      2.157747983932495,
      2.30722713470459,
      2.090503215789795,
      1.837037205696106,
      0.9144511222839355,
      0.8613913059234619,
      0.14635173976421356,
      0.1434134691953659
    ]
  ],
  "drr": 7.85457706451416,
  "dynamics": 5.847662925720215,
  "format": 1245190,
  "frames": 3717120,
  "loudness": -21.513992309570312,
  "loudness_range": 19.216312408447266,
  "loudness_range_short": 20.667247772216797,
  "peak": -0.9929342865943909,
  "rms": -22.551204681396484,
  "sample_rate": 44100,
  "sections": 1,
  "seekable": 1,
  "sharpness": 3.2140514850616455,
  "space": -7.332189083099365
}