{
  "bands": [
    {
      "high_freq": 148.1999969482422,
      "loudness": -19.509309768676758,
      "loudness_range": 13.201380729675293,
      "mid_mean": -15.816365242004395,
      "mid_to_side_loudness": -26.14310646057129,
      "mid_to_side_loudness_range": 24.74045181274414,
      "side_mean": -43.78459930419922
    },
    {
      "high_freq": 392.3793640136719,
      "loudness": -23.187381744384766,
      "loudness_range": 12.891115188598633,
      "low_freq": 148.1999969482422,
      "mid_mean": -19.745067596435547,
      "mid_to_side_loudness": -16.046937942504883,
      "mid_to_side_loudness_range": 16.6695499420166,
      "side_mean": -35.65046310424805
    },
    {
      "high_freq": 794.6976318359375,
      "loudness": -25.463348388671875,
      "loudness_range": 16.290075302124023,
      "low_freq": 392.3793640136719,
      "mid_mean": -22.0949764251709,
      "mid_to_side_loudness": -13.631836891174316,
      "mid_to_side_loudness_range": 14.989545822143555,
      "side_mean": -35.54385757446289
    },
    {
      "high_freq": 1457.5709228515625,
      "loudness": -25.450166702270508,
      "loudness_range": 21.23737335205078,
      "low_freq": 794.6976318359375,
      "mid_mean": -22.24147605895996,
      "mid_to_side_loudness": -12.657495498657227,
      "mid_to_side_loudness_range": 16.689760208129883,
      "side_mean": -34.810176849365234
    },
    {
      "high_freq": 2549.74365234375,
      "loudness": -24.971107482910156,
      "loudness_range": 23.717241287231445,
      "low_freq": 1457.5709228515625,
      "mid_mean": -21.79078483581543,
      "mid_to_side_loudness": -12.04764461517334,
      "mid_to_side_loudness_range": 19.17828369140625,
      "side_mean": -34.6202392578125
    },
    {
      "high_freq": 4349.24462890625,
      "loudness": -26.64295768737793,
      "loudness_range": 22.11701774597168,
      "low_freq": 2549.74365234375,
      "mid_mean": -23.32883071899414,
      "mid_to_side_loudness": -12.483789443969727,
      "mid_to_side_loudness_range": 18.798877716064453,
      "side_mean": -36.47011184692383
    },
    {
      "high_freq": 7314.1640625,
      "loudness": -30.29649543762207,
      "loudness_range": 11.88746452331543,
      "low_freq": 4349.24462890625,
      "mid_mean": -27.192052841186523,
      "mid_to_side_loudness": -9.192946434020996,
      "mid_to_side_loudness_range": 10.988120079040527,
      "side_mean": -36.93818283081055
    },
    {
      "high_freq": 12199.2666015625,
      "loudness": -30.344192504882812,
      "loudness_range": 11.05335807800293,
      "low_freq": 7314.1640625,
      "mid_mean": -28.050539016723633,
      "mid_to_side_loudness": -5.017073154449463,
      "mid_to_side_loudness_range": 8.353768348693848,
      "side_mean": -33.495750427246094
    },
    {
      "loudness": -30.69566535949707,
      "loudness_range": 6.3002471923828125,
      "low_freq": 12199.2666015625,
      "mid_mean": -29.544973373413086,
      "mid_to_side_loudness": -1.5407414436340332,
      "mid_to_side_loudness_range": 4.553783416748047,
      "side_mean": -30.797311782836914
    }
  ],
  "bands_short": [
    {
      "high_freq": 148.1999969482422,
      "loudness": -24.075817108154297,
      "loudness_range": 25.884586334228516,
      "mid_mean": -20.57477569580078,
      "mid_to_side_loudness": -25.02129554748535,
      "mid_to_side_loudness_range": 27.553897857666016,
      "side_mean": -48.36675262451172
    },
    {
      "high_freq": 392.3793640136719,
      "loudness": -23.757671356201172,
      "loudness_range": 20.25113296508789,
      "low_freq": 148.1999969482422,
      "mid_mean": -20.359189987182617,
      "mid_to_side_loudness": -16.946184158325195,
      "mid_to_side_loudness_range": 22.604663848876953,
      "side_mean": -37.396568298339844
    },
    {
      "high_freq": 794.6976318359375,
      "loudness": -26.947168350219727,
      "loudness_range": 20.625125885009766,
      "low_freq": 392.3793640136719,
      "mid_mean": -23.683143615722656,
      "mid_to_side_loudness": -13.48222541809082,
      "mid_to_side_loudness_range": 19.82557487487793,
      "side_mean": -37.019432067871094
    },
    {
      "high_freq": 1457.5709228515625,
      "loudness": -27.131223678588867,
      "loudness_range": 25.957557678222656,
      "low_freq": 794.6976318359375,
      "mid_mean": -24.115814208984375,
      "mid_to_side_loudness": -11.610426902770996,
      "mid_to_side_loudness_range": 20.2858943939209,
      "side_mean": -35.691349029541016
    },
    {
      "high_freq": 2549.74365234375,
      "loudness": -26.950450897216797,
      "loudness_range": 28.57309341430664,
      "low_freq": 1457.5709228515625,
      "mid_mean": -24.09847068786621,
      "mid_to_side_loudness": -10.492521286010742,
      "mid_to_side_loudness_range": 21.057785034179688,
      "side_mean": -35.846195220947266
    },
    {
      "high_freq": 4349.24462890625,
      "loudness": -28.226844787597656,
      "loudness_range": 27.14568328857422,
      "low_freq": 2549.74365234375,
      "mid_mean": -25.194786071777344,
      "mid_to_side_loudness": -10.954676628112793,
      "mid_to_side_loudness_range": 20.629236221313477,
      "side_mean": -37.499629974365234
    },
    {
      "high_freq": 7314.1640625,
      "loudness": -33.3271369934082,
      "loudness_range": 23.196287155151367,
      "low_freq": 4349.24462890625,
      "mid_mean": -30.50499725341797,
      "mid_to_side_loudness": -8.802035331726074,
      "mid_to_side_loudness_range": 16.052640914916992,
      "side_mean": -40.41258239746094
    },
    {
      "high_freq": 12199.2666015625,
      "loudness": -35.05494689941406,
      "loudness_range": 24.526643753051758,
      "low_freq": 7314.1640625,
      "mid_mean": -32.95042037963867,
      "mid_to_side_loudness": -5.496612071990967,
      "mid_to_side_loudness_range": 13.200470924377441,
      "side_mean": -39.356624603271484
    },
    {
      "loudness": -38.3754997253418,
      "loudness_range": 30.18609619140625,
      "low_freq": 12199.2666015625,
      "mid_mean": -36.85943603515625,
      "mid_to_side_loudness": -3.398526668548584,
      "mid_to_side_loudness_range": 10.492048263549805,
      "side_mean": -40.5396614074707
    }
  ],
  "channels": 2,
  "covariance": [
    [
      36.323368072509766,
      19.48091697692871,
      15.787764549255371,
      9.639687538146973,
      8.613787651062012,
      6.281938076019287,
      8.380778312683105,
      5.508157253265381,
      11.023396492004395,
      2.555220603942871,
      10.529458999633789,
      3.211291551589966,
      9.319746971130371,
      9.421092987060547,
      9.656044960021973,
      12.596004486083984,
      10.593575477600098,
      11.464274406433105
    ],
    [
      19.48091697692871,
      31.671674728393555,
      17.29143524169922,
      19.971576690673828,
      14.308587074279785,
      18.836933135986328,
      15.308564186096191,
      16.663782119750977,
      17.594032287597656,
      17.620119094848633,
      16.454933166503906,
      15.455374717712402,
      7.937589168548584,
      9.834762573242188,
      5.679245471954346,
      8.7510986328125,
      4.9048943519592285,
      5.330589294433594
    ],
    [
      15.787764549255371,
      17.29143524169922,
      25.406291961669922,
      19.46953582763672,
      16.79033660888672,
      17.96041488647461,
      18.926916122436523,
      14.04042911529541,
      19.117774963378906,
      14.798187255859375,
      18.762243270874023,
      13.549988746643066,
      14.276856422424316,
      12.672342300415039,
      10.178614616394043,
      12.1991548538208,
      7.798524379730225,
      7.88943338394165
    ],
    [
      9.639687538146973,
      19.971576690673828,
      19.46953582763672,
      50.37715148925781,
      25.796321868896484,
      41.84157943725586,
      30.890995025634766,
      37.07399368286133,
      34.40182876586914,
      37.92854690551758,
      32.31974411010742,
      34.814544677734375,
      14.68554973602295,
      18.181861877441406,
      5.769822597503662,
      12.337761878967285,
      4.421316623687744,
      5.93676233291626
    ],
    [
      8.613787651062012,
      14.308587074279785,
      16.79033660888672,
      25.796321868896484,
      33.375301361083984,
      31.151748657226562,
      33.491817474365234,
      29.199424743652344,
      37.50138473510742,
      32.49342346191406,
      36.336647033691406,
      28.211143493652344,
      15.270960807800293,
      14.490774154663086,
      8.52181339263916,
      11.43779468536377,
      6.204354286193848,
      6.653701305389404
    ],
    [
      6.281938076019287,
      18.836933135986328,
      17.96041488647461,
      41.84157943725586,
      31.151748657226562,
      57.433902740478516,
      36.50113296508789,
      45.5284423828125,
      42.20961380004883,
      47.7076301574707,
      39.382328033447266,
      42.918697357177734,
      15.996304512023926,
      18.848154067993164,
      6.759000778198242,
      11.794280052185059,
      3.636914014816284,
      3.9517741203308105
    ],
    [
      8.380778312683105,
      15.308564186096191,
      18.926916122436523,
      30.890995025634766,
      33.491817474365234,
      36.50113296508789,
      60.29190444946289,
      45.95753860473633,
      50.17975616455078,
      43.89002227783203,
      44.52430725097656,
      35.208885192871094,
      16.73272132873535,
      17.986188888549805,
      7.526459217071533,
      12.7088041305542,
      5.161981582641602,
      5.844325542449951
    ],
    [
      5.508157253265381,
      16.663782119750977,
      14.04042911529541,
      37.07399368286133,
      29.199424743652344,
      45.5284423828125,
      45.95753860473633,
      64.14020538330078,
      44.407958984375,
      57.47683334350586,
      38.86558532714844,
      48.15151596069336,
      13.147910118103027,
      20.392515182495117,
      3.216778039932251,
      9.428112983703613,
      1.0706449747085571,
      1.8747926950454712
    ],
    [
      11.023396492004395,
      17.594032287597656,
      19.117774963378906,
      34.40182876586914,
      37.50138473510742,
      42.20961380004883,
      50.17975616455078,
      44.407958984375,
      74.85614013671875,
      56.48183822631836,
      60.619842529296875,
      43.86958694458008,
      23.27985191345215,
      23.315153121948242,
      11.677932739257812,
      15.591585159301758,
      7.224538326263428,
      6.701226711273193
    ],
    [
      2.555220603942871,
      17.620119094848633,
      14.798187255859375,
      37.92854690551758,
      32.49342346191406,
      47.7076301574707,
      43.89002227783203,
      57.47683334350586,
      56.48183822631836,
      78.02669525146484,
      48.242576599121094,
      59.116851806640625,
      15.730822563171387,
      22.68798828125,
      3.0561256408691406,
      7.592813491821289,
      0.24922138452529907,
      -0.0787932425737381
    ],
    [
      10.529458999633789,
      16.454933166503906,
      18.762243270874023,
      32.31974411010742,
      36.336647033691406,
      39.382328033447266,
      44.52430725097656,
      38.86558532714844,
      60.619842529296875,
      48.242576599121094,
      62.511009216308594,
      44.20476531982422,
      25.425519943237305,
      24.31369400024414,
      12.52899169921875,
      15.459177017211914,
      6.936748027801514,
      6.169272422790527
    ],
    [
      3.211291551589966,
      15.455374717712402,
      13.549988746643066,
      34.814544677734375,
      28.211143493652344,
      42.918697357177734,
      35.208885192871094,
      48.15151596069336,
      43.86958694458008,
      59.116851806640625,
      44.20476531982422,
      58.96780776977539,
      16.337055206298828,
      23.55535888671875,
      3.155660390853882,
      8.772360801696777,
      0.25499212741851807,
      0.7944654226303101
    ],
    [
      9.319746971130371,
      7.937589168548584,
      14.276856422424316,
      14.68554973602295,
      15.270960807800293,
      15.996304512023926,
      16.73272132873535,
      13.147910118103027,
      23.27985191345215,
      15.730822563171387,
      25.425519943237305,
      16.337055206298828,
      25.082550048828125,
      16.434879302978516,
      18.140886306762695,
      16.150510787963867,
      11.131821632385254,
      9.032413482666016
    ],
    [
      9.421092987060547,
      9.834762573242188,
      12.672342300415039,
      18.181861877441406,
      14.490774154663086,
      18.848154067993164,
      17.986188888549805,
      20.392515182495117,
      23.315153121948242,
      22.68798828125,
      24.31369400024414,
      23.55535888671875,
      16.434879302978516,
      21.773975372314453,
      9.336504936218262,
      12.867462158203125,
      5.8681488037109375,
      5.784311294555664
    ],
    [
      9.656044960021973,
      5.679245471954346,
      10.178614616394043,
      5.769822597503662,
      8.52181339263916,
      6.759000778198242,
      7.526459217071533,
      3.216778039932251,
      11.677932739257812,
      3.0561256408691406,
      12.52899169921875,
      3.155660390853882,
      18.140886306762695,
      9.336504936218262,
      28.423866271972656,
      17.457534790039062,
      18.767488479614258,
      13.588630676269531
    ],
    [
      12.596004486083984,
      8.7510986328125,
      12.1991548538208,
      12.337761878967285,
      11.43779468536377,
      11.794280052185059,
      12.7088041305542,
      9.428112983703613,
      15.591585159301758,
      7.592813491821289,
      15.459177017211914,
      8.772360801696777,
      16.150510787963867,
      12.867462158203125,
      17.457534790039062,
      22.159624099731445,
      13.412148475646973,
      13.114531517028809
    ],
    [
      10.593575477600098,
      4.9048943519592285,
      7.798524379730225,
      4.421316623687744,
      6.204354286193848,
      3.636914014816284,
      5.161981582641602,
      1.0706449747085571,
      7.224538326263428,
      0.24922138452529907,
      6.936748027801514,
      0.25499212741851807,
      11.131821632385254,
      5.8681488037109375,
      18.767488479614258,
      13.412148475646973,
      20.834020614624023,
      17.357484817504883
    ],
    [
      11.464274406433105,
      5.330589294433594,
      7.88943338394165,
      5.93676233291626,
      6.653701305389404,
      3.9517741203308105,
      5.844325542449951,
      1.8747926950454712,
      6.701226711273193,
      -0.0787932425737381,
      6.169272422790527,
      0.7944654226303101,
      9.032413482666016,
      5.784311294555664,
      13.588630676269531,
      13.114531517028809,
      17.357484817504883,
      19.87705421447754
    ]
  ],
  "covariance_short": [
    [
      88.25282287597656,
      43.449649810791016,
      46.25330352783203,
      21.509979248046875,
      15.04947280883789,
      13.741951942443848,
      13.378865242004395,
      10.59665584564209,
      17.150440216064453,
      8.72315788269043,
      16.8529052734375,
      9.400256156921387,
      17.364543914794922,
      16.934993743896484,
      20.668048858642578,
      21.46293067932129,
      23.198131561279297,
      24.964584350585938
    ],
    [
      43.449649810791016,
      65.13232421875,
      41.39085006713867,
      35.52579879760742,
      23.313617706298828,
      27.791187286376953,
      23.82306671142578,
      22.314611434936523,
      24.200220108032227,
      23.115543365478516,
      24.946847915649414,
      23.44159507751465,
      19.596574783325195,
      20.620502471923828,
      16.529438018798828,
      17.778520584106445,
      15.260400772094727,
      15.78730583190918
    ],
    [
      46.25330352783203,
      41.39085006713867,
      58.60673904418945,
      34.76567459106445,
      26.838909149169922,
      27.359455108642578,
      26.2308292388916,
      21.57159996032715,
      26.449594497680664,
      22.21280860900879,
      27.128162384033203,
      21.347230911254883,
      24.949325561523438,
      24.016658782958984,
      22.775407791137695,
      23.958723068237305,
      23.446374893188477,
      25.526044845581055
    ],
    [
      21.509979248046875,
      35.52579879760742,
      34.76567459106445,
      71.1802749633789,
      36.58084487915039,
      56.145572662353516,
      41.402462005615234,
      45.98988723754883,
      45.015052795410156,
      48.399105072021484,
      43.03459167480469,
      47.502784729003906,
      30.14222526550293,
      35.063785552978516,
      23.47344398498535,
      28.915302276611328,
      23.577333450317383,
      25.234100341796875
    ],
    [
      15.04947280883789,
      23.313617706298828,
      26.838909149169922,
      36.58084487915039,
      54.84270477294922,
      43.99467849731445,
      48.53662872314453,
      36.91436004638672,
      51.34888458251953,
      39.534915924072266,
      51.29872131347656,
      39.217159271240234,
      30.017980575561523,
      27.625844955444336,
      22.095151901245117,
      23.746639251708984,
      20.85285758972168,
      21.340978622436523
    ],
    [
      13.741951942443848,
      27.791187286376953,
      27.359455108642578,
      56.145572662353516,
      43.99467849731445,
      81.71062469482422,
      50.081016540527344,
      55.258819580078125,
      55.2701530456543,
      58.974098205566406,
      52.10877990722656,
      57.64354705810547,
      34.8828125,
      38.79431915283203,
      27.246387481689453,
      30.32611656188965,
      25.124820709228516,
      24.040157318115234
    ],
    [
      13.378865242004395,
      23.82306671142578,
      26.2308292388916,
      41.402462005615234,
      48.53662872314453,
      50.081016540527344,
      89.6574935913086,
      55.669742584228516,
      70.94461059570312,
      54.357635498046875,
      64.51432800292969,
      48.2087516784668,
      32.0245246887207,
      32.55610275268555,
      18.509519577026367,
      23.698143005371094,
      19.887189865112305,
      19.56358528137207
    ],
    [
      10.59665584564209,
      22.314611434936523,
      21.57159996032715,
      45.98988723754883,
      36.91436004638672,
      55.258819580078125,
      55.669742584228516,
      75.81937408447266,
      53.06181335449219,
      64.17691040039062,
      47.06583786010742,
      57.89358901977539,
      27.34491729736328,
      36.11580276489258,
      18.23672866821289,
      24.363887786865234,
      17.01062774658203,
      15.802702903747559
    ],
    [
      17.150440216064453,
      24.200220108032227,
      26.449594497680664,
      45.015052795410156,
      51.34888458251953,
      55.2701530456543,
      70.94461059570312,
      53.06181335449219,
      111.12845611572266,
      68.523681640625,
      88.25865173339844,
      59.467323303222656,
      43.63763427734375,
      41.1224479675293,
      26.16653823852539,
      29.959854125976562,
      26.346338272094727,
      24.490020751953125
    ],
    [
      8.72315788269043,
      23.115543365478516,
      22.21280860900879,
      48.399105072021484,
      39.534915924072266,
      58.974098205566406,
      54.357635498046875,
      64.17691040039062,
      68.523681640625,
      89.6175537109375,
      58.38184356689453,
      71.26451110839844,
      33.27964782714844,
      42.582763671875,
      21.63974380493164,
      25.630306243896484,
      19.495119094848633,
      16.302654266357422
    ],
    [
      16.8529052734375,
      24.946847915649414,
      27.128162384033203,
      43.03459167480469,
      51.29872131347656,
      52.10877990722656,
      64.51432800292969,
      47.06583786010742,
      88.25865173339844,
      58.38184356689453,
      97.78218078613281,
      60.8826904296875,
      51.83206558227539,
      44.5707893371582,
      33.970367431640625,
      32.96937942504883,
      30.839622497558594,
      26.725605010986328
    ],
    [
      9.400256156921387,
      23.44159507751465,
      21.347230911254883,
      47.502784729003906,
      39.217159271240234,
      57.64354705810547,
      48.2087516784668,
      57.89358901977539,
      59.467323303222656,
      71.26451110839844,
      60.8826904296875,
      83.36951446533203,
      40.82269287109375,
      50.310184478759766,
      29.775041580200195,
      35.02900695800781,
      25.483516693115234,
      24.183975219726562
    ],
    [
      17.364543914794922,
      19.596574783325195,
      24.949325561523438,
      30.14222526550293,
      30.017980575561523,
      34.8828125,
      32.0245246887207,
      27.34491729736328,
      43.63763427734375,
      33.27964782714844,
      51.83206558227539,
      40.82269287109375,
      72.96919250488281,
      49.275508880615234,
      62.30380630493164,
      47.667110443115234,
      54.13532257080078,
      46.25257873535156
    ],
    [
      16.934993743896484,
      20.620502471923828,
      24.016658782958984,
      35.063785552978516,
      27.625844955444336,
      38.79431915283203,
      32.55610275268555,
      36.11580276489258,
      41.1224479675293,
      42.582763671875,
      44.5707893371582,
      50.310184478759766,
      49.275508880615234,
      68.95956420898438,
      50.33070373535156,
      61.35862731933594,
      53.28725814819336,
      60.79802703857422
    ],
    [
      20.668048858642578,
      16.529438018798828,
      22.775407791137695,
      23.47344398498535,
      22.095151901245117,
      27.246387481689453,
      18.509519577026367,
      18.23672866821289,
      26.16653823852539,
      21.63974380493164,
      33.970367431640625,
      29.775041580200195,
      62.30380630493164,
      50.33070373535156,
      82.65676879882812,
      62.36435317993164,
      76.1258316040039,
      69.37127685546875
    ],
    [
      21.46293067932129,
      17.778520584106445,
      23.958723068237305,
      28.915302276611328,
      23.746639251708984,
      30.32611656188965,
      23.698143005371094,
      24.363887786865234,
      29.959854125976562,
      25.630306243896484,
      32.96937942504883,
      35.02900695800781,
      47.667110443115234,
      61.35862731933594,
      62.36435317993164,
      85.46334075927734,
      73.47248077392578,
      90.39836883544922
    ],
    [
      23.198131561279297,
      15.260400772094727,
      23.446374893188477,
      23.577333450317383,
      20.85285758972168,
      25.124820709228516,
      19.887189865112305,
      17.01062774658203,
      26.346338272094727,
      19.495119094848633,
      30.839622497558594,
      25.483516693115234,
      54.13532257080078,
      53.28725814819336,
      76.1258316040039,
      73.47248077392578,
      97.23876953125,
      94.22032928466797
    ],
    [
      24.964584350585938,
      15.78730583190918,
      25.526044845581055,
      25.234100341796875,
      21.340978622436523,
      24.040157318115234,
      19.56358528137207,
      15.802702903747559,
      24.490020751953125,
      16.302654266357422,
      26.725605010986328,
      24.183975219726562,
      46.25257873535156,
      60.79802703857422,
      69.37127685546875,
      90.39836883544922,
      94.22032928466797,
      123.52256774902344
    ]
  ],
  "drr": 16.652326583862305,
  "dynamics": 3.8075172901153564,
  "format": 1245190,
  "frames": 8991680,
  "loudness": -10.243477821350098,
  "loudness_range": 10.806060791015625,
  "loudness_range_short": 17.091718673706055,
  "peak": 0.6621790528297424,
  "rms": -12.131718635559082,
  "sample_rate": 44100,
  "sections": 1,
  "seekable": 1,
  "sharpness": 4.137385368347168,
  "space": -13.976365089416504
}