{
  "bands": [
    {
      "high_freq": 148.1999969482422,
      "loudness": -18.526899337768555,
      "loudness_range": 14.61255168914795,
      "mid_mean": -15.333770751953125,
      "mid_to_side_loudness": -14.073507308959961,
      "mid_to_side_loudness_range": 21.419044494628906,
      "side_mean": -29.529001235961914
    },
    {
      "high_freq": 392.3793640136719,
      "loudness": -17.324865341186523,
      "loudness_range": 8.947259902954102,
      "low_freq": 148.1999969482422,
      "mid_mean": -14.707473754882812,
      "mid_to_side_loudness": -6.809071063995361,
      "mid_to_side_loudness_range": 11.796425819396973,
      "side_mean": -21.57027816772461
    },
    {
      "high_freq": 794.6976318359375,
      "loudness": -19.828989028930664,
      "loudness_range": 10.780830383300781,
      "low_freq": 392.3793640136719,
      "mid_mean": -17.50155258178711,
      "mid_to_side_loudness": -5.403934955596924,
      "mid_to_side_loudness_range": 10.773553848266602,
      "side_mean": -22.90496253967285
    },
    {
      "high_freq": 1457.5709228515625,
      "loudness": -20.881006240844727,
      "loudness_range": 18.4931640625,
      "low_freq": 794.6976318359375,
      "mid_mean": -18.120906829833984,
      "mid_to_side_loudness": -7.116905689239502,
      "mid_to_side_loudness_range": 13.168013572692871,
      "side_mean": -25.46942710876465
    },
    {
      "high_freq": 2549.74365234375,
      "loudness": -24.00533676147461,
      "loudness_range": 16.866912841796875,
      "low_freq": 1457.5709228515625,
      "mid_mean": -21.158390045166016,
      "mid_to_side_loudness": -6.824709892272949,
      "mid_to_side_loudness_range": 10.353703498840332,
      "side_mean": -28.29532814025879
    },
    {
      "high_freq": 4349.24462890625,
      "loudness": -23.070981979370117,
      "loudness_range": 15.79410171508789,
      "low_freq": 2549.74365234375,
      "mid_mean": -20.28862190246582,
      "mid_to_side_loudness": -7.522969722747803,
      "mid_to_side_loudness_range": 11.00369644165039,
      "side_mean": -27.621109008789062
    },
    {
      "high_freq": 7314.1640625,
      "loudness": -25.59435272216797,
      "loudness_range": 14.434417724609375,
      "low_freq": 4349.24462890625,
      "mid_mean": -22.49057960510254,
      "mid_to_side_loudness": -8.75648307800293,
      "mid_to_side_loudness_range": 12.914517402648926,
      "side_mean": -30.647850036621094
    },
    {
      "high_freq": 12199.2666015625,
      "loudness": -27.927268981933594,
      "loudness_range": 11.398323059082031,
      "low_freq": 7314.1640625,
      "mid_mean": -24.93745994567871,
      "mid_to_side_loudness": -9.151039123535156,
      "mid_to_side_loudness_range": 13.230127334594727,
      "side_mean": -33.18212127685547
    },
    {
      "loudness": -33.53217315673828,
      "loudness_range": 11.355558395385742,
      "low_freq": 12199.2666015625,
      "mid_mean": -30.459617614746094,
      "mid_to_side_loudness": -9.138644218444824,
      "mid_to_side_loudness_range": 15.462159156799316,
      "side_mean": -39.818756103515625
    }
  ],
  "bands_short": [
    {
      "high_freq": 148.1999969482422,
      "loudness": -20.648828506469727,
      "loudness_range": 16.975521087646484,
      "mid_mean": -17.548898696899414,
      "mid_to_side_loudness": -14.779891014099121,
      "mid_to_side_loudness_range": 26.531295776367188,
      "side_mean": -32.4716796875
    },
    {
      "high_freq": 392.3793640136719,
      "loudness": -17.06562614440918,
      "loudness_range": 11.387779235839844,
      "low_freq": 148.1999969482422,
      "mid_mean": -14.461512565612793,
      "mid_to_side_loudness": -7.379055023193359,
      "mid_to_side_loudness_range": 14.622031211853027,
      "side_mean": -21.90987205505371
    },
    {
      "high_freq": 794.6976318359375,
      "loudness": -20.09596061706543,
      "loudness_range": 12.428138732910156,
      "low_freq": 392.3793640136719,
      "mid_mean": -17.909053802490234,
      "mid_to_side_loudness": -5.2039475440979,
      "mid_to_side_loudness_range": 12.406567573547363,
      "side_mean": -23.13599967956543
    },
    {
      "high_freq": 1457.5709228515625,
      "loudness": -21.597211837768555,
      "loudness_range": 20.309568405151367,
      "low_freq": 794.6976318359375,
      "mid_mean": -19.001333236694336,
      "mid_to_side_loudness": -6.753624439239502,
      "mid_to_side_loudness_range": 14.895681381225586,
      "side_mean": -26.033315658569336
    },
    {
      "high_freq": 2549.74365234375,
      "loudness": -24.86138916015625,
      "loudness_range": 18.47722816467285,
      "low_freq": 1457.5709228515625,
      "mid_mean": -22.095172882080078,
      "mid_to_side_loudness": -6.456100940704346,
      "mid_to_side_loudness_range": 12.128890037536621,
      "side_mean": -29.03188705444336
    },
    {
      "high_freq": 4349.24462890625,
      "loudness": -23.558942794799805,
      "loudness_range": 17.303142547607422,
      "low_freq": 2549.74365234375,
      "mid_mean": -20.807741165161133,
      "mid_to_side_loudness": -7.006383895874023,
      "mid_to_side_loudness_range": 11.675369262695312,
      "side_mean": -28.014604568481445
    },
    {
      "high_freq": 7314.1640625,
      "loudness": -26.228242874145508,
      "loudness_range": 15.678367614746094,
      "low_freq": 4349.24462890625,
      "mid_mean": -23.340639114379883,
      "mid_to_side_loudness": -8.09668254852295,
      "mid_to_side_loudness_range": 13.029485702514648,
      "side_mean": -31.33805274963379
    },
    {
      "high_freq": 12199.2666015625,
      "loudness": -28.840181350708008,
      "loudness_range": 14.570228576660156,
      "low_freq": 7314.1640625,
      "mid_mean": -25.984893798828125,
      "mid_to_side_loudness": -8.585433959960938,
      "mid_to_side_loudness_range": 13.500815391540527,
      "side_mean": -34.37257385253906
    },
    {
      "loudness": -34.57596969604492,
      "loudness_range": 15.231544494628906,
      "low_freq": 12199.2666015625,
      "mid_mean": -31.599191665649414,
      "mid_to_side_loudness": -8.842608451843262,
      "mid_to_side_loudness_range": 14.539807319641113,
      "side_mean": -41.1782112121582
    }
  ],
  "channels": 2,
  "covariance": [
    [
      39.306434631347656,
      5.602629661560059,
      13.049506187438965,
      1.4128632545471191,
      13.549169540405273,
      5.830250263214111,
      20.807188034057617,
      15.77642822265625,
      16.689300537109375,
      18.53526496887207,
      17.381906509399414,
      18.697538375854492,
      16.31593132019043,
      16.73924446105957,
      10.669238090515137,
      12.538717269897461,
      11.031669616699219,
      17.407207489013672
    ],
    [
      5.602629661560059,
      19.73871612548828,
      2.423076868057251,
      5.397477149963379,
      1.528346061706543,
      2.94779896736145,
      3.2550718784332275,
      4.04367208480835,
      1.2190731763839722,
      2.869086980819702,
      1.5039469003677368,
      5.826187610626221,
      1.499525547027588,
      6.023828506469727,
      0.5103424787521362,
      7.338261127471924,
      2.381331443786621,
      6.7898736000061035
    ],
    [
      13.049506187438965,
      2.423076868057251,
      17.412120819091797,
      7.6405348777771,
      11.556435585021973,
      7.587012767791748,
      12.492392539978027,
      10.037056922912598,
      10.110337257385254,
      10.052399635314941,
      13.690712928771973,
      12.52186393737793,
      11.92723274230957,
      11.01063346862793,
      8.150702476501465,
      9.947946548461914,
      5.942531585693359,
      11.581610679626465
    ],
    [
      1.4128632545471191,
      5.397477149963379,
      7.6405348777771,
      14.743124008178711,
      5.888169288635254,
      8.857979774475098,
      2.112220525741577,
      5.177218914031982,
      1.4613980054855347,
      3.828824996948242,
      4.180808067321777,
      6.6854939460754395,
      4.15709114074707,
      7.194768905639648,
      1.0002716779708862,
      6.863090991973877,
      1.0745422840118408,
      5.566659450531006
    ],
    [
      13.549169540405273,
      1.528346061706543,
      11.556435585021973,
      5.888169288635254,
      20.761089324951172,
      12.958601951599121,
      16.74130630493164,
      14.247064590454102,
      12.038414001464844,
      12.95638656616211,
      15.372295379638672,
      13.99858570098877,
      13.266250610351562,
      14.146502494812012,
      9.489261627197266,
      11.263886451721191,
      7.277650356292725,
      14.271492004394531
    ],
    [
      5.830250263214111,
      2.94779896736145,
      7.587012767791748,
      8.857979774475098,
      12.958601951599121,
      19.51482582092285,
      8.090371131896973,
      12.4126615524292,
      5.962541580200195,
      9.37254524230957,
      8.749557495117188,
      9.832206726074219,
      7.673125267028809,
      12.364740371704102,
      4.011218547821045,
      11.143756866455078,
      3.5029523372650146,
      11.7464017868042
    ],
    [
      20.807188034057617,
      3.2550718784332275,
      12.492392539978027,
      2.112220525741577,
      16.74130630493164,
      8.090371131896973,
      47.632572174072266,
      30.134681701660156,
      30.971019744873047,
      27.24474334716797,
      20.457290649414062,
      19.95599365234375,
      21.032896041870117,
      22.233556747436523,
      17.523195266723633,
      16.18344497680664,
      15.603750228881836,
      22.63249397277832
    ],
    [
      15.77642822265625,
      4.04367208480835,
      10.037056922912598,
      5.177218914031982,
      14.247064590454102,
      12.4126615524292,
      30.134681701660156,
      32.10839080810547,
      20.7552490234375,
      23.464616775512695,
      14.85863971710205,
      18.39592933654785,
      14.748554229736328,
      21.963966369628906,
      11.922452926635742,
      19.441621780395508,
      12.256490707397461,
      23.73755645751953
    ],
    [
      16.689300537109375,
      1.2190731763839722,
      10.110337257385254,
      1.4613980054855347,
      12.038414001464844,
      5.962541580200195,
      30.971019744873047,
      20.7552490234375,
      38.08045196533203,
      27.377010345458984,
      21.009286880493164,
      18.753570556640625,
      21.581087112426758,
      19.882051467895508,
      16.328947067260742,
      12.976764678955078,
      13.734259605407715,
      18.89850616455078
    ],
    [
      18.53526496887207,
      2.869086980819702,
      10.052399635314941,
      3.828824996948242,
      12.95638656616211,
      9.37254524230957,
      27.24474334716797,
      23.464616775512695,
      27.377010345458984,
      31.779916763305664,
      17.241649627685547,
      21.825632095336914,
      19.276569366455078,
      23.779375076293945,
      15.55709457397461,
      19.66080093383789,
      14.632160186767578,
      24.604860305786133
    ],
    [
      17.381906509399414,
      1.5039469003677368,
      13.690712928771973,
      4.180808067321777,
      15.372295379638672,
      8.749557495117188,
      20.457290649414062,
      14.85863971710205,
      21.009286880493164,
      17.241649627685547,
      35.0299186706543,
      24.312076568603516,
      23.374507904052734,
      23.326553344726562,
      15.187508583068848,
      13.943341255187988,
      10.858894348144531,
      18.205833435058594
    ],
    [
      18.697538375854492,
      5.826187610626221,
      12.52186393737793,
      6.6854939460754395,
      13.99858570098877,
      9.832206726074219,
      19.95599365234375,
      18.39592933654785,
      18.753570556640625,
      21.825632095336914,
      24.312076568603516,
      34.08793258666992,
      19.318628311157227,
      30.25188636779785,
      13.342900276184082,
      22.946561813354492,
      12.064879417419434,
      23.7856388092041
    ],
    [
      16.31593132019043,
      1.499525547027588,
      11.92723274230957,
      4.15709114074707,
      13.266250610351562,
      7.673125267028809,
      21.032896041870117,
      14.748554229736328,
      21.581087112426758,
      19.276569366455078,
      23.374507904052734,
      19.318628311157227,
      32.18479919433594,
      21.77435874938965,
      19.815738677978516,
      15.06501293182373,
      16.3922061920166,
      19.49757194519043
    ],
    [
      16.73924446105957,
      6.023828506469727,
      11.01063346862793,
      7.194768905639648,
      14.146502494812012,
      12.364740371704102,
      22.233556747436523,
      21.963966369628906,
      19.882051467895508,
      23.779375076293945,
      23.326553344726562,
      30.25188636779785,
      21.77435874938965,
      38.57367706298828,
      13.064498901367188,
      27.408790588378906,
      12.353960037231445,
      26.976734161376953
    ],
    [
      10.669238090515137,
      0.5103424787521362,
      8.150702476501465,
      1.0002716779708862,
      9.489261627197266,
      4.011218547821045,
      17.523195266723633,
      11.922452926635742,
      16.328947067260742,
      15.55709457397461,
      15.187508583068848,
      13.342900276184082,
      19.815738677978516,
      13.064498901367188,
      23.74281120300293,
      16.05249786376953,
      18.836483001708984,
      21.999055862426758
    ],
    [
      12.538717269897461,
      7.338261127471924,
      9.947946548461914,
      6.863090991973877,
      11.263886451721191,
      11.143756866455078,
      16.18344497680664,
      19.441621780395508,
      12.976764678955078,
      19.66080093383789,
      13.943341255187988,
      22.946561813354492,
      15.06501293182373,
      27.408790588378906,
      16.05249786376953,
      39.05143356323242,
      14.280966758728027,
      36.066078186035156
    ],
    [
      11.031669616699219,
      2.381331443786621,
      5.942531585693359,
      1.0745422840118408,
      7.277650356292725,
      3.5029523372650146,
      15.603750228881836,
      12.256490707397461,
      13.734259605407715,
      14.632160186767578,
      10.858894348144531,
      12.064879417419434,
      16.3922061920166,
      12.353960037231445,
      18.836483001708984,
      14.280966758728027,
      21.288249969482422,
      21.076345443725586
    ],
    [
      17.407207489013672,
      6.7898736000061035,
      11.581610679626465,
      5.566659450531006,
      14.271492004394531,
      11.7464017868042,
      22.63249397277832,
      23.73755645751953,
      18.89850616455078,
      24.604860305786133,
      18.205833435058594,
      23.7856388092041,
      19.49757194519043,
      26.976734161376953,
      21.999055862426758,
      36.066078186035156,
      21.076345443725586,
      49.74226760864258
    ]
  ],
  "covariance_short": [
    [
      51.87715148925781,
      1.4153996706008911,
      16.06070899963379,
      0.11101825535297394,
      11.646137237548828,
      4.419190883636475,
      21.086658477783203,
      15.454625129699707,
      17.261432647705078,
      18.538028717041016,
      16.295570373535156,
      18.555164337158203,
      14.365812301635742,
      16.586448669433594,
      8.23698616027832,
      11.63644027709961,
      10.145540237426758,
      14.576560974121094
    ],
    [
      1.4153996706008911,
      26.587881088256836,
      1.744841456413269,
      7.213862895965576,
      0.5230206251144409,
      3.169004201889038,
      0.0345061756670475,
      2.6273536682128906,
      -1.3034398555755615,
      0.9370049834251404,
      -0.32408052682876587,
      3.244136333465576,
      0.8414819836616516,
      3.7199063301086426,
      0.6094464659690857,
      3.7786498069763184,
      2.5699117183685303,
      4.2765913009643555
    ],
    [
      16.06070899963379,
      1.744841456413269,
      24.680065155029297,
      8.719998359680176,
      12.699634552001953,
      7.700827121734619,
      14.060701370239258,
      11.125558853149414,
      11.089424133300781,
      11.21140193939209,
      14.978242874145508,
      13.729252815246582,
      14.510777473449707,
      13.018654823303223,
      11.950753211975098,
      14.3302001953125,
      9.846768379211426,
      16.09467315673828
    ],
    [
      0.11101825535297394,
      7.213862895965576,
      8.719998359680176,
      19.104280471801758,
      6.617901802062988,
      9.905289649963379,
      2.6007559299468994,
      5.754214286804199,
      1.4931679964065552,
      4.264936923980713,
      4.29840612411499,
      6.950676918029785,
      5.117911338806152,
      6.938748359680176,
      3.005957841873169,
      7.630799770355225,
      2.892534017562866,
      6.94851541519165
    ],
    [
      11.646137237548828,
      0.5230206251144409,
      12.699634552001953,
      6.617901802062988,
      26.442195892333984,
      15.437769889831543,
      19.083486557006836,
      15.527413368225098,
      11.734089851379395,
      13.401711463928223,
      14.624534606933594,
      14.669928550720215,
      12.58223819732666,
      14.241009712219238,
      10.0298433303833,
      12.411710739135742,
      8.904093742370605,
      14.700420379638672
    ],
    [
      4.419190883636475,
      3.169004201889038,
      7.700827121734619,
      9.905289649963379,
      15.437769889831543,
      24.034616470336914,
      9.144143104553223,
      13.54843807220459,
      5.612359046936035,
      10.542226791381836,
      8.099540710449219,
      10.649624824523926,
      8.091019630432129,
      12.330557823181152,
      5.19377326965332,
      10.992316246032715,
      5.046432971954346,
      12.22281265258789
    ],
    [
      21.086658477783203,
      0.0345061756670475,
      14.060701370239258,
      2.6007559299468994,
      19.083486557006836,
      9.144143104553223,
      56.67064666748047,
      33.800537109375,
      34.95533752441406,
      30.01738739013672,
      21.500001907348633,
      21.670658111572266,
      21.001251220703125,
      23.95065689086914,
      18.131366729736328,
      19.8580322265625,
      17.982751846313477,
      23.9521427154541
    ],
    [
      15.454625129699707,
      2.6273536682128906,
      11.125558853149414,
      5.754214286804199,
      15.527413368225098,
      13.54843807220459,
      33.800537109375,
      37.46745300292969,
      22.89145851135254,
      26.413177490234375,
      15.122652053833008,
      19.21924591064453,
      15.847755432128906,
      23.153484344482422,
      13.189510345458984,
      21.050989151000977,
      14.434429168701172,
      24.190479278564453
    ],
    [
      17.261432647705078,
      -1.3034398555755615,
      11.089424133300781,
      1.4931679964065552,
      11.734089851379395,
      5.612359046936035,
      34.95533752441406,
      22.89145851135254,
      45.51597595214844,
      30.94546127319336,
      22.35260581970215,
      21.10242462158203,
      23.236967086791992,
      22.8574161529541,
      17.423669815063477,
      17.739595413208008,
      16.433916091918945,
      20.595340728759766
    ],
    [
      18.538028717041016,
      0.9370049834251404,
      11.21140193939209,
      4.264936923980713,
      13.401711463928223,
      10.542226791381836,
      30.01738739013672,
      26.413177490234375,
      30.94546127319336,
      37.421695709228516,
      18.14614486694336,
      24.587526321411133,
      19.361730575561523,
      26.656360626220703,
      16.542207717895508,
      23.498992919921875,
      16.519540786743164,
      25.975534439086914
    ],
    [
      16.295570373535156,
      -0.32408052682876587,
      14.978242874145508,
      4.29840612411499,
      14.624534606933594,
      8.099540710449219,
      21.500001907348633,
      15.122652053833008,
      22.35260581970215,
      18.14614486694336,
      38.9865837097168,
      28.98042869567871,
      26.462596893310547,
      27.6234188079834,
      17.282188415527344,
      19.44917869567871,
      14.228777885437012,
      19.86881446838379
    ],
    [
      18.555164337158203,
      3.244136333465576,
      13.729252815246582,
      6.950676918029785,
      14.669928550720215,
      10.649624824523926,
      21.670658111572266,
      19.21924591064453,
      21.10242462158203,
      24.587526321411133,
      28.98042869567871,
      39.290775299072266,
      22.56456184387207,
      33.75361251831055,
      15.927046775817871,
      26.553794860839844,
      15.325183868408203,
      25.776538848876953
    ],
    [
      14.365812301635742,
      0.8414819836616516,
      14.510777473449707,
      5.117911338806152,
      12.58223819732666,
      8.091019630432129,
      21.001251220703125,
      15.847755432128906,
      23.236967086791992,
      19.361730575561523,
      26.462596893310547,
      22.56456184387207,
      39.437103271484375,
      28.277036666870117,
      23.242504119873047,
      22.248701095581055,
      20.623598098754883,
      24.403654098510742
    ],
    [
      16.586448669433594,
      3.7199063301086426,
      13.018654823303223,
      6.938748359680176,
      14.241009712219238,
      12.330557823181152,
      23.95065689086914,
      23.153484344482422,
      22.8574161529541,
      26.656360626220703,
      27.6234188079834,
      33.75361251831055,
      28.277036666870117,
      44.36894607543945,
      18.22623634338379,
      32.83224868774414,
      17.941890716552734,
      31.105924606323242
    ],
    [
      8.23698616027832,
      0.6094464659690857,
      11.950753211975098,
      3.005957841873169,
      10.0298433303833,
      5.19377326965332,
      18.131366729736328,
      13.189510345458984,
      17.423669815063477,
      16.542207717895508,
      17.282188415527344,
      15.927046775817871,
      23.242504119873047,
      18.22623634338379,
      33.63106155395508,
      25.54767417907715,
      27.625808715820312,
      30.558807373046875
    ],
    [
      11.63644027709961,
      3.7786498069763184,
      14.3302001953125,
      7.630799770355225,
      12.411710739135742,
      10.992316246032715,
      19.8580322265625,
      21.050989151000977,
      17.739595413208008,
      23.498992919921875,
      19.44917869567871,
      26.553794860839844,
      22.248701095581055,
      32.83224868774414,
      25.54767417907715,
      48.0996208190918,
      23.42266082763672,
      45.0405387878418
    ],
    [
      10.145540237426758,
      2.5699117183685303,
      9.846768379211426,
      2.892534017562866,
      8.904093742370605,
      5.046432971954346,
      17.982751846313477,
      14.434429168701172,
      16.433916091918945,
      16.519540786743164,
      14.228777885437012,
      15.325183868408203,
      20.623598098754883,
      17.941890716552734,
      27.625808715820312,
      23.42266082763672,
      34.0621337890625,
      31.00093650817871
    ],
    [
      14.576560974121094,
      4.2765913009643555,
      16.09467315673828,
      6.94851541519165,
      14.700420379638672,
      12.22281265258789,
      23.9521427154541,
      24.190479278564453,
      20.595340728759766,
      25.975534439086914,
      19.86881446838379,
      25.776538848876953,
      24.403654098510742,
      31.105924606323242,
      30.558807373046875,
      45.0405387878418,
      31.00093650817871,
      58.05622482299805
    ]
  ],
  "drr": 12.19426155090332,
  "dynamics": 3.1434431076049805,
  "format": 1245190,
  "frames": 13185024,
  "loudness": -7.6350812911987305,
  "loudness_range": 8.4380464553833,
  "loudness_range_short": 9.848544120788574,
  "peak": 1.207797646522522,
  "rms": -9.225341796875,
  "sample_rate": 44100,
  "sections": 1,
  "seekable": 1,
  "sharpness": 1.549004077911377,
  "space": -7.799659252166748
}