{
  "bands": [
    {
      "high_freq": 148.1999969482422,
      "loudness": -34.46430206298828,
      "loudness_range": 17.421710968017578,
      "mid_mean": -31.39226531982422,
      "mid_to_side_loudness": -10.96170711517334,
      "mid_to_side_loudness_range": 17.493593215942383,
      "side_mean": -42.395320892333984
    },
    {
      "high_freq": 392.3793640136719,
      "loudness": -23.027488708496094,
      "loudness_range": 14.365477561950684,
      "low_freq": 148.1999969482422,
      "mid_mean": -20.560422897338867,
      "mid_to_side_loudness": -5.7034430503845215,
      "mid_to_side_loudness_range": 9.743890762329102,
      "side_mean": -26.29232406616211
    },
    {
      "high_freq": 794.6976318359375,
      "loudness": -22.008102416992188,
      "loudness_range": 14.517706871032715,
      "low_freq": 392.3793640136719,
      "mid_mean": -20.683780670166016,
      "mid_to_side_loudness": -1.9383044242858887,
      "mid_to_side_loudness_range": 8.62000846862793,
      "side_mean": -22.63764762878418
    },
    {
      "high_freq": 1457.5709228515625,
      "loudness": -25.15941047668457,
      "loudness_range": 15.475770950317383,
      "low_freq": 794.6976318359375,
      "mid_mean": -23.020099639892578,
      "mid_to_side_loudness": -4.083179950714111,
      "mid_to_side_loudness_range": 7.170535087585449,
      "side_mean": -27.17857551574707
    },
    {
      "high_freq": 2549.74365234375,
      "loudness": -30.25180435180664,
      "loudness_range": 14.301342010498047,
      "low_freq": 1457.5709228515625,
      "mid_mean": -27.85804557800293,
      "mid_to_side_loudness": -4.918246746063232,
      "mid_to_side_loudness_range": 6.011631011962891,
      "side_mean": -32.77753448486328
    },
    {
      "high_freq": 4349.24462890625,
      "loudness": -41.364078521728516,
      "loudness_range": 17.334423065185547,
      "low_freq": 2549.74365234375,
      "mid_mean": -38.92592239379883,
      "mid_to_side_loudness": -5.041828632354736,
      "mid_to_side_loudness_range": 5.7924699783325195,
      "side_mean": -44.06979751586914
    },
    {
      "high_freq": 7314.1640625,
      "loudness": -55.66408157348633,
      "loudness_range": 27.03619384765625,
      "low_freq": 4349.24462890625,
      "mid_mean": -52.907135009765625,
      "mid_to_side_loudness": -5.153773307800293,
      "mid_to_side_loudness_range": 7.925509929656982,
      "side_mean": -57.44099807739258
    },
    {
      "high_freq": 12199.2666015625,
      "loudness": -64.08154296875,
      "loudness_range": 17.074806213378906,
      "low_freq": 7314.1640625,
      "mid_mean": -60.70384979248047,
      "mid_to_side_loudness": -5.239253997802734,
      "mid_to_side_loudness_range": 3.6033759117126465,
      "side_mean": -64.50334167480469
    },
    {
      "loudness": -64.75047302246094,
      "loudness_range": 3.2880592346191406,
      "low_freq": 12199.2666015625,
      "mid_mean": -61.5216178894043,
      "mid_to_side_loudness": -5.139188289642334,
      "mid_to_side_loudness_range": 0.9237055778503418,
      "side_mean": -65.43446350097656
    }
  ],
  "bands_short": [
    {
      "high_freq": 148.1999969482422,
      "loudness": -38.27244186401367,
      "loudness_range": 20.20772361755371,
      "mid_mean": -34.872745513916016,
      "mid_to_side_loudness": -16.239381790161133,
      "mid_to_side_loudness_range": 20.595218658447266,
      "side_mean": -51.237464904785156
    },
    {
      "high_freq": 392.3793640136719,
      "loudness": -24.1377010345459,
      "loudness_range": 16.24661636352539,
      "low_freq": 148.1999969482422,
      "mid_mean": -21.817216873168945,
      "mid_to_side_loudness": -5.391300678253174,
      "mid_to_side_loudness_range": 10.95343017578125,
      "side_mean": -27.208850860595703
    },
    {
      "high_freq": 794.6976318359375,
      "loudness": -22.39696502685547,
      "loudness_range": 16.878700256347656,
      "low_freq": 392.3793640136719,
      "mid_mean": -20.937055587768555,
      "mid_to_side_loudness": -2.4953556060791016,
      "mid_to_side_loudness_range": 10.090375900268555,
      "side_mean": -23.445493698120117
    },
    {
      "high_freq": 1457.5709228515625,
      "loudness": -25.943031311035156,
      "loudness_range": 16.47555160522461,
      "low_freq": 794.6976318359375,
      "mid_mean": -23.88631248474121,
      "mid_to_side_loudness": -4.055413246154785,
      "mid_to_side_loudness_range": 9.033153533935547,
      "side_mean": -28.00229835510254
    },
    {
      "high_freq": 2549.74365234375,
      "loudness": -31.663528442382812,
      "loudness_range": 17.236106872558594,
      "low_freq": 1457.5709228515625,
      "mid_mean": -29.378759384155273,
      "mid_to_side_loudness": -4.824504375457764,
      "mid_to_side_loudness_range": 8.474763870239258,
      "side_mean": -34.20289993286133
    },
    {
      "high_freq": 4349.24462890625,
      "loudness": -42.22236633300781,
      "loudness_range": 20.857765197753906,
      "low_freq": 2549.74365234375,
      "mid_mean": -39.863487243652344,
      "mid_to_side_loudness": -5.173022747039795,
      "mid_to_side_loudness_range": 8.42943000793457,
      "side_mean": -45.14080810546875
    },
    {
      "high_freq": 7314.1640625,
      "loudness": -57.863521575927734,
      "loudness_range": 28.8095703125,
      "low_freq": 4349.24462890625,
      "mid_mean": -54.992435455322266,
      "mid_to_side_loudness": -5.038090229034424,
      "mid_to_side_loudness_range": 8.699655532836914,
      "side_mean": -59.17275619506836
    },
    {
      "high_freq": 12199.2666015625,
      "loudness": -65.62930297851562,
      "loudness_range": 15.406898498535156,
      "low_freq": 7314.1640625,
      "mid_mean": -62.051883697509766,
      "mid_to_side_loudness": -5.278051853179932,
      "mid_to_side_loudness_range": 3.5817136764526367,
      "side_mean": -65.6034164428711
    },
    {
      "loudness": -64.92656707763672,
      "loudness_range": 2.6666717529296875,
      "low_freq": 12199.2666015625,
      "mid_mean": -61.6717529296875,
      "mid_to_side_loudness": -5.157994270324707,
      "mid_to_side_loudness_range": 1.5504074096679688,
      "side_mean": -65.5514907836914
    }
  ],
  "channels": 2,
  "covariance": [
    [
      33.864723205566406,
      28.96491241455078,
      6.9512529373168945,
      5.96823787689209,
      3.8189468383789062,
      4.847408294677734,
      7.314736843109131,
      7.520712852478027,
      9.117486000061035,
      9.28209400177002,
      8.35995101928711,
      7.986313819885254,
      10.395879745483398,
      8.942140579223633,
      3.832345485687256,
      3.532611608505249,
      0.8716806173324585,
      0.7508194446563721
    ],
    [
      28.96491241455078,
      59.41154479980469,
      6.7460761070251465,
      6.653031826019287,
      5.688485145568848,
      7.512431621551514,
      8.492826461791992,
      10.223492622375488,
      10.462196350097656,
      11.2696533203125,
      11.89433479309082,
      11.101585388183594,
      13.384434700012207,
      12.871736526489258,
      5.39784049987793,
      4.451416015625,
      1.3859894275665283,
      1.2159969806671143
    ],
    [
      6.9512529373168945,
      6.7460761070251465,
      29.74275016784668,
      22.019468307495117,
      5.1776580810546875,
      7.750547885894775,
      5.206553936004639,
      5.0596795082092285,
      8.864355087280273,
      9.617011070251465,
      9.980658531188965,
      7.48477029800415,
      8.53258991241455,
      5.279748916625977,
      -0.12701541185379028,
      -0.22907444834709167,
      0.2507712244987488,
      0.12931250035762787
    ],
    [
      5.96823787689209,
      6.653031826019287,
      22.019468307495117,
      25.309585571289062,
      4.935312747955322,
      5.848577499389648,
      5.212604999542236,
      4.9201979637146,
      8.358423233032227,
      8.407968521118164,
      9.28597354888916,
      8.703933715820312,
      10.596972465515137,
      6.596571445465088,
      0.8516808748245239,
      0.740876317024231,
      0.4552358388900757,
      0.3741719424724579
    ],
    [
      3.8189468383789062,
      5.688485145568848,
      5.1776580810546875,
      4.935312747955322,
      27.845720291137695,
      22.622766494750977,
      8.49410629272461,
      13.138404846191406,
      12.2688570022583,
      12.777230262756348,
      17.266542434692383,
      19.420236587524414,
      18.80410385131836,
      17.316661834716797,
      7.431318759918213,
      6.264436721801758,
      0.654655396938324,
      0.7242134213447571
    ],
    [
      4.847408294677734,
      7.512431621551514,
      7.750547885894775,
      5.848577499389648,
      22.622766494750977,
      26.528812408447266,
      9.039591789245605,
      12.782402992248535,
      12.441812515258789,
      11.680390357971191,
      17.626506805419922,
      17.439455032348633,
      16.853174209594727,
      16.976083755493164,
      7.366342067718506,
      6.286837577819824,
      0.7381911277770996,
      0.7934185862541199
    ],
    [
      7.314736843109131,
      8.492826461791992,
      5.206553936004639,
      5.212604999542236,
      8.49410629272461,
      9.039591789245605,
      28.905946731567383,
      24.723831176757812,
      15.205968856811523,
      15.514657020568848,
      19.854511260986328,
      20.413393020629883,
      31.720319747924805,
      28.404922485351562,
      17.40020751953125,
      14.472569465637207,
      3.3852388858795166,
      2.8469903469085693
    ],
    [
      7.520712852478027,
      10.223492622375488,
      5.0596795082092285,
      4.9201979637146,
      13.138404846191406,
      12.782402992248535,
      24.723831176757812,
      27.956153869628906,
      15.339473724365234,
      15.747576713562012,
      21.768783569335938,
      22.603384017944336,
      32.29814147949219,
      28.506093978881836,
      17.270063400268555,
      14.525150299072266,
      3.2214741706848145,
      2.7621536254882812
    ],
    [
      9.117486000061035,
      10.462196350097656,
      8.864355087280273,
      8.358423233032227,
      12.2688570022583,
      12.441812515258789,
      15.205968856811523,
      15.339473724365234,
      26.170358657836914,
      23.588918685913086,
      23.459152221679688,
      24.07933807373047,
      30.817243576049805,
      27.521453857421875,
      14.633091926574707,
      12.113656997680664,
      2.4937760829925537,
      2.19698429107666
    ],
    [
      9.28209400177002,
      11.2696533203125,
      9.617011070251465,
      8.407968521118164,
      12.777230262756348,
      11.680390357971191,
      15.514657020568848,
      15.747576713562012,
      23.588918685913086,
      25.886211395263672,
      23.46086883544922,
      24.259750366210938,
      29.260940551757812,
      25.413408279418945,
      13.72043514251709,
      11.272571563720703,
      2.2261998653411865,
      1.9334102869033813
    ],
    [
      8.35995101928711,
      11.89433479309082,
      9.980658531188965,
      9.28597354888916,
      17.266542434692383,
      17.626506805419922,
      19.854511260986328,
      21.768783569335938,
      23.459152221679688,
      23.46086883544922,
      39.350101470947266,
      37.28200912475586,
      43.637367248535156,
      38.243106842041016,
      19.69394874572754,
      16.85907554626465,
      3.3865816593170166,
      2.9040679931640625
    ],
    [
      7.986313819885254,
      11.101585388183594,
      7.48477029800415,
      8.703933715820312,
      19.420236587524414,
      17.439455032348633,
      20.413393020629883,
      22.603384017944336,
      24.07933807373047,
      24.259750366210938,
      37.28200912475586,
      40.70407485961914,
      44.38782501220703,
      39.22386932373047,
      20.736997604370117,
      17.601566314697266,
      3.4526939392089844,
      2.9762754440307617
    ],
    [
      10.395879745483398,
      13.384434700012207,
      8.53258991241455,
      10.596972465515137,
      18.80410385131836,
      16.853174209594727,
      31.720319747924805,
      32.29814147949219,
      30.817243576049805,
      29.260940551757812,
      43.637367248535156,
      44.38782501220703,
      73.9224624633789,
      63.65034103393555,
      34.27491760253906,
      28.4815673828125,
      6.571715831756592,
      5.410398483276367
    ],
    [
      8.942140579223633,
      12.871736526489258,
      5.279748916625977,
      6.596571445465088,
      17.316661834716797,
      16.976083755493164,
      28.404922485351562,
      28.506093978881836,
      27.521453857421875,
      25.413408279418945,
      38.243106842041016,
      39.22386932373047,
      63.65034103393555,
      60.87592697143555,
      33.08607482910156,
      27.282533645629883,
      5.776398658752441,
      4.846469402313232
    ],
    [
      3.832345485687256,
      5.39784049987793,
      -0.12701541185379028,
      0.8516808748245239,
      7.431318759918213,
      7.366342067718506,
      17.40020751953125,
      17.270063400268555,
      14.633091926574707,
      13.72043514251709,
      19.69394874572754,
      20.736997604370117,
      34.27491760253906,
      33.08607482910156,
      26.92998504638672,
      22.532243728637695,
      4.792844295501709,
      3.863541603088379
    ],
    [
      3.532611608505249,
      4.451416015625,
      -0.22907444834709167,
      0.740876317024231,
      6.264436721801758,
      6.286837577819824,
      14.472569465637207,
      14.525150299072266,
      12.113656997680664,
      11.272571563720703,
      16.85907554626465,
      17.601566314697266,
      28.4815673828125,
      27.282533645629883,
      22.532243728637695,
      20.021326065063477,
      4.299907207489014,
      3.5375752449035645
    ],
    [
      0.8716806173324585,
      1.3859894275665283,
      0.2507712244987488,
      0.4552358388900757,
      0.654655396938324,
      0.7381911277770996,
      3.3852388858795166,
      3.2214741706848145,
      2.4937760829925537,
      2.2261998653411865,
      3.3865816593170166,
      3.4526939392089844,
      6.571715831756592,
      5.776398658752441,
      4.792844295501709,
      4.299907207489014,
      1.6829712390899658,
      1.2813689708709717
    ],
    [
      0.7508194446563721,
      1.2159969806671143,
      0.12931250035762787,
      0.3741719424724579,
      0.7242134213447571,
      0.7934185862541199,
      2.8469903469085693,
      2.7621536254882812,
      2.19698429107666,
      1.9334102869033813,
      2.9040679931640625,
      2.9762754440307617,
      5.410398483276367,
      4.846469402313232,
      3.863541603088379,
      3.5375752449035645,
      1.2813689708709717,
      1.0762189626693726
    ]
  ],
  "covariance_short": [
    [
      49.89406204223633,
      18.845096588134766,
      10.61025619506836,
      8.274395942687988,
      5.971128463745117,
      6.575561046600342,
      9.311631202697754,
      9.190986633300781,
      12.473644256591797,
      12.323963165283203,
      10.193290710449219,
      10.946205139160156,
      13.102896690368652,
      10.270524978637695,
      3.5779869556427,
      3.330395460128784,
      0.6432097554206848,
      0.5667886734008789
    ],
    [
      18.845096588134766,
      35.76814270019531,
      11.92099666595459,
      14.36479663848877,
      7.957712173461914,
      8.065093994140625,
      9.777363777160645,
      10.47765064239502,
      12.572731971740723,
      12.510210990905762,
      12.719429016113281,
      13.60300350189209,
      17.195281982421875,
      13.784420013427734,
      5.7971720695495605,
      4.914969444274902,
      1.9646258354187012,
      1.5467865467071533
    ],
    [
      10.61025619506836,
      11.92099666595459,
      34.82072067260742,
      25.8319091796875,
      11.795939445495605,
      11.964425086975098,
      11.248501777648926,
      10.875655174255371,
      14.072879791259766,
      14.951533317565918,
      14.669670104980469,
      11.998981475830078,
      13.572897911071777,
      10.66220474243164,
      2.7722089290618896,
      1.9505261182785034,
      0.9569016695022583,
      0.6327086687088013
    ],
    [
      8.274395942687988,
      14.36479663848877,
      25.8319091796875,
      32.302459716796875,
      10.131649017333984,
      9.478344917297363,
      10.441587448120117,
      10.674883842468262,
      13.553302764892578,
      13.707053184509277,
      13.858394622802734,
      13.093853950500488,
      14.733742713928223,
      10.944326400756836,
      3.040785789489746,
      2.3119897842407227,
      1.050465703010559,
      0.8012761473655701
    ],
    [
      5.971128463745117,
      7.957712173461914,
      11.795939445495605,
      10.131649017333984,
      35.93199157714844,
      29.264984130859375,
      13.447216987609863,
      17.777524948120117,
      18.978134155273438,
      18.816410064697266,
      26.030235290527344,
      28.252845764160156,
      27.242738723754883,
      24.712961196899414,
      8.770151138305664,
      7.142847537994385,
      1.5281449556350708,
      1.354376196861267
    ],
    [
      6.575561046600342,
      8.065093994140625,
      11.964425086975098,
      9.478344917297363,
      29.264984130859375,
      35.53632354736328,
      13.748326301574707,
      17.2913818359375,
      18.79884910583496,
      17.465930938720703,
      24.806882858276367,
      24.893388748168945,
      24.240802764892578,
      23.227867126464844,
      8.710836410522461,
      7.249690055847168,
      1.5189098119735718,
      1.4208754301071167
    ],
    [
      9.311631202697754,
      9.777363777160645,
      11.248501777648926,
      10.441587448120117,
      13.447216987609863,
      13.748326301574707,
      35.3535041809082,
      29.737716674804688,
      21.874710083007812,
      22.22795295715332,
      26.114490509033203,
      25.706539154052734,
      34.24739456176758,
      30.596364974975586,
      14.614721298217773,
      11.935794830322266,
      3.3152925968170166,
      2.865004062652588
    ],
    [
      9.190986633300781,
      10.47765064239502,
      10.875655174255371,
      10.674883842468262,
      17.777524948120117,
      17.2913818359375,
      29.737716674804688,
      35.23466873168945,
      22.47528839111328,
      22.908977508544922,
      27.873950958251953,
      28.015045166015625,
      35.6556396484375,
      31.39591407775879,
      15.146590232849121,
      12.511096000671387,
      3.257460832595825,
      2.863863945007324
    ],
    [
      12.473644256591797,
      12.572731971740723,
      14.072879791259766,
      13.553302764892578,
      18.978134155273438,
      18.79884910583496,
      21.874710083007812,
      22.47528839111328,
      37.41561508178711,
      32.493709564208984,
      32.82344055175781,
      33.39868927001953,
      37.726783752441406,
      33.88214111328125,
      14.95849323272705,
      12.169068336486816,
      3.1806411743164062,
      2.7339656352996826
    ],
    [
      12.323963165283203,
      12.510210990905762,
      14.951533317565918,
      13.707053184509277,
      18.816410064697266,
      17.465930938720703,
      22.22795295715332,
      22.908977508544922,
      32.493709564208984,
      36.96921157836914,
      32.28439712524414,
      32.7397575378418,
      35.957515716552734,
      32.14324951171875,
      14.054195404052734,
      11.407417297363281,
      2.9312031269073486,
      2.514232635498047
    ],
    [
      10.193290710449219,
      12.719429016113281,
      14.669670104980469,
      13.858394622802734,
      26.030235290527344,
      24.806882858276367,
      26.114490509033203,
      27.873950958251953,
      32.82344055175781,
      32.28439712524414,
      53.237037658691406,
      49.00336456298828,
      51.31534957885742,
      45.820133209228516,
      19.467405319213867,
      16.192214965820312,
      3.8639369010925293,
      3.3103995323181152
    ],
    [
      10.946205139160156,
      13.60300350189209,
      11.998981475830078,
      13.093853950500488,
      28.252845764160156,
      24.893388748168945,
      25.706539154052734,
      28.015045166015625,
      33.39868927001953,
      32.7397575378418,
      49.00336456298828,
      55.349002838134766,
      52.69658279418945,
      47.14752960205078,
      20.031726837158203,
      16.634109497070312,
      3.9131174087524414,
      3.3811185359954834
    ],
    [
      13.102896690368652,
      17.195281982421875,
      13.572897911071777,
      14.733742713928223,
      27.242738723754883,
      24.240802764892578,
      34.24739456176758,
      35.6556396484375,
      37.726783752441406,
      35.957515716552734,
      51.31534957885742,
      52.69658279418945,
      76.64276885986328,
      66.22848510742188,
      29.719572067260742,
      24.34113883972168,
      6.430281162261963,
      5.38055419921875
    ],
    [
      10.270524978637695,
      13.784420013427734,
      10.66220474243164,
      10.944326400756836,
      24.712961196899414,
      23.227867126464844,
      30.596364974975586,
      31.39591407775879,
      33.88214111328125,
      32.14324951171875,
      45.820133209228516,
      47.14752960205078,
      66.22848510742188,
      64.72514343261719,
      28.815937042236328,
      23.495744705200195,
      5.830655097961426,
      4.927317142486572
    ],
    [
      3.5779869556427,
      5.7971720695495605,
      2.7722089290618896,
      3.040785789489746,
      8.770151138305664,
      8.710836410522461,
      14.614721298217773,
      15.146590232849121,
      14.95849323272705,
      14.054195404052734,
      19.467405319213867,
      20.031726837158203,
      29.719572067260742,
      28.815937042236328,
      21.84279441833496,
      17.932140350341797,
      4.4833083152771,
      3.7839279174804688
    ],
    [
      3.330395460128784,
      4.914969444274902,
      1.9505261182785034,
      2.3119897842407227,
      7.142847537994385,
      7.249690055847168,
      11.935794830322266,
      12.511096000671387,
      12.169068336486816,
      11.407417297363281,
      16.192214965820312,
      16.634109497070312,
      24.34113883972168,
      23.495744705200195,
      17.932140350341797,
      16.1297607421875,
      3.912388324737549,
      3.4002797603607178
    ],
    [
      0.6432097554206848,
      1.9646258354187012,
      0.9569016695022583,
      1.050465703010559,
      1.5281449556350708,
      1.5189098119735718,
      3.3152925968170166,
      3.257460832595825,
      3.1806411743164062,
      2.9312031269073486,
      3.8639369010925293,
      3.9131174087524414,
      6.430281162261963,
      5.830655097961426,
      4.4833083152771,
      3.912388324737549,
      1.7834874391555786,
      1.3832124471664429
    ],
    [
      0.5667886734008789,
      1.5467865467071533,
      0.6327086687088013,
      0.8012761473655701,
      1.354376196861267,
      1.4208754301071167,
      2.865004062652588,
      2.863863945007324,
      2.7339656352996826,
      2.514232635498047,
      3.3103995323181152,
      3.3811185359954834,
      5.38055419921875,
      4.927317142486572,
      3.7839279174804688,
      3.4002797603607178,
      1.3832124471664429,
      1.2526981830596924
    ]
  ],
  "drr": 9.718676567077637,
  "dynamics": 3.595247268676758,
  "format": 1245190,
  "frames": 12251072,
  "loudness": -13.105111122131348,
  "loudness_range": 8.654723167419434,
  "loudness_range_short": 12.642574310302734,
  "peak": 0.29622822999954224,
  "rms": -14.936676025390625,
  "sample_rate": 44100,
  "sections": 1,
  "seekable": 1,
  "sharpness": 3.673577070236206,
  "space": -4.092947959899902
}