{
  "bands": [
    {
      "high_freq": 148.1999969482422,
      "loudness": -23.09184455871582,
      "loudness_range": 10.394075393676758,
      "mid_mean": -19.52663803100586,
      "mid_to_side_loudness": -16.85947036743164,
      "mid_to_side_loudness_range": 11.13200855255127,
      "side_mean": -36.30933380126953
    },
    {
      "high_freq": 392.3793640136719,
      "loudness": -17.439300537109375,
      "loudness_range": 8.01268196105957,
      "low_freq": 148.1999969482422,
      "mid_mean": -13.951769828796387,
      "mid_to_side_loudness": -14.019340515136719,
      "mid_to_side_loudness_range": 8.835686683654785,
      "side_mean": -28.116792678833008
    },
    {
      "high_freq": 794.6976318359375,
      "loudness": -22.591224670410156,
      "loudness_range": 11.375947952270508,
      "low_freq": 392.3793640136719,
      "mid_mean": -19.168617248535156,
      "mid_to_side_loudness": -12.870332717895508,
      "mid_to_side_loudness_range": 8.442188262939453,
      "side_mean": -32.05160903930664
    },
    {
      "high_freq": 1457.5709228515625,
      "loudness": -29.980854034423828,
      "loudness_range": 11.78447151184082,
      "low_freq": 794.6976318359375,
      "mid_mean": -26.58249855041504,
      "mid_to_side_loudness": -12.412760734558105,
      "mid_to_side_loudness_range": 8.04238224029541,
      "side_mean": -39.18275451660156
    },
    {
      "high_freq": 2549.74365234375,
      "loudness": -32.02847671508789,
      "loudness_range": 10.740461349487305,
      "low_freq": 1457.5709228515625,
      "mid_mean": -28.60986328125,
      "mid_to_side_loudness": -12.11017894744873,
      "mid_to_side_loudness_range": 5.534767150878906,
      "side_mean": -40.82493209838867
    },
    {
      "high_freq": 4349.24462890625,
      "loudness": -34.104854583740234,
      "loudness_range": 11.249921798706055,
      "low_freq": 2549.74365234375,
      "mid_mean": -30.62850570678711,
      "mid_to_side_loudness": -13.016185760498047,
      "mid_to_side_loudness_range": 6.202939987182617,
      "side_mean": -43.964691162109375
    },
    {
      "high_freq": 7314.1640625,
      "loudness": -33.92291259765625,
      "loudness_range": 11.745986938476562,
      "low_freq": 4349.24462890625,
      "mid_mean": -30.348926544189453,
      "mid_to_side_loudness": -15.67738151550293,
      "mid_to_side_loudness_range": 6.916034698486328,
      "side_mean": -46.378150939941406
    },
    {
      "high_freq": 12199.2666015625,
      "loudness": -36.5511589050293,
      "loudness_range": 13.749208450317383,
      "low_freq": 7314.1640625,
      "mid_mean": -32.944313049316406,
      "mid_to_side_loudness": -17.016870498657227,
      "mid_to_side_loudness_range": 7.467521667480469,
      "side_mean": -51.33918762207031
    },
    {
      "loudness": -43.17329406738281,
      "loudness_range": 15.241405487060547,
      "low_freq": 12199.2666015625,
      "mid_mean": -39.56332778930664,
      "mid_to_side_loudness": -17.680824279785156,
      "mid_to_side_loudness_range": 8.466336250305176,
      "side_mean": -58.10347366333008
    }
  ],
  "bands_short": [
    {
      "high_freq": 148.1999969482422,
      "loudness": -26.45403480529785,
      "loudness_range": 14.913202285766602,
      "mid_mean": -22.98822593688965,
      "mid_to_side_loudness": -17.415435791015625,
      "mid_to_side_loudness_range": 19.732133865356445,
      "side_mean": -40.36511993408203
    },
    {
      "high_freq": 392.3793640136719,
      "loudness": -17.498924255371094,
      "loudness_range": 9.865241050720215,
      "low_freq": 148.1999969482422,
      "mid_mean": -14.054011344909668,
      "mid_to_side_loudness": -14.034893035888672,
      "mid_to_side_loudness_range": 12.411599159240723,
      "side_mean": -28.24813461303711
    },
    {
      "high_freq": 794.6976318359375,
      "loudness": -22.92217445373535,
      "loudness_range": 13.5462646484375,
      "low_freq": 392.3793640136719,
      "mid_mean": -19.590970993041992,
      "mid_to_side_loudness": -12.692203521728516,
      "mid_to_side_loudness_range": 12.873586654663086,
      "side_mean": -32.306331634521484
    },
    {
      "high_freq": 1457.5709228515625,
      "loudness": -29.844568252563477,
      "loudness_range": 13.700830459594727,
      "low_freq": 794.6976318359375,
      "mid_mean": -26.530017852783203,
      "mid_to_side_loudness": -12.136045455932617,
      "mid_to_side_loudness_range": 12.12235164642334,
      "side_mean": -38.83610534667969
    },
    {
      "high_freq": 2549.74365234375,
      "loudness": -32.94129943847656,
      "loudness_range": 13.51260757446289,
      "low_freq": 1457.5709228515625,
      "mid_mean": -29.626420974731445,
      "mid_to_side_loudness": -11.584796905517578,
      "mid_to_side_loudness_range": 9.441410064697266,
      "side_mean": -41.2572135925293
    },
    {
      "high_freq": 4349.24462890625,
      "loudness": -35.2249870300293,
      "loudness_range": 15.182254791259766,
      "low_freq": 2549.74365234375,
      "mid_mean": -31.851835250854492,
      "mid_to_side_loudness": -12.196520805358887,
      "mid_to_side_loudness_range": 10.306401252746582,
      "side_mean": -44.266910552978516
    },
    {
      "high_freq": 7314.1640625,
      "loudness": -36.18941879272461,
      "loudness_range": 18.012605667114258,
      "low_freq": 4349.24462890625,
      "mid_mean": -32.74683380126953,
      "mid_to_side_loudness": -14.011998176574707,
      "mid_to_side_loudness_range": 12.972511291503906,
      "side_mean": -47.040283203125
    },
    {
      "high_freq": 12199.2666015625,
      "loudness": -40.41917037963867,
      "loudness_range": 23.72727394104004,
      "low_freq": 7314.1640625,
      "mid_mean": -36.989994049072266,
      "mid_to_side_loudness": -14.425413131713867,
      "mid_to_side_loudness_range": 15.635734558105469,
      "side_mean": -52.73683166503906
    },
    {
      "loudness": -49.03495407104492,
      "loudness_range": 28.839275360107422,
      "low_freq": 12199.2666015625,
      "mid_mean": -45.91756820678711,
      "mid_to_side_loudness": -13.944133758544922,
      "mid_to_side_loudness_range": 19.075773239135742,
      "side_mean": -60.158870697021484
    }
  ],
  "channels": 2,
  "covariance": [
    [
      14.68716812133789,
      9.539280891418457,
      -0.9688246846199036,
      -0.8718811273574829,
      -0.3516131341457367,
      -0.8963273763656616,
      -2.019686460494995,
      -1.335602045059204,
      -1.5271408557891846,
      -1.5097005367279053,
      -0.33508816361427307,
      -0.573014497756958,
      0.7489327788352966,
      0.957237958908081,
      0.564871609210968,
      4.691587448120117,
      0.6515945196151733,
      3.005286693572998
    ],
    [
      9.539280891418457,
      18.670654296875,
      0.16239716112613678,
      2.585108995437622,
      2.8874130249023438,
      5.315775394439697,
      1.206189513206482,
      3.65586519241333,
      2.450349807739258,
      3.8296656608581543,
      2.408327579498291,
      3.666425943374634,
      2.411879062652588,
      4.449138164520264,
      2.484354019165039,
      8.137181282043457,
      2.1451282501220703,
      5.762807846069336
    ],
    [
      -0.9688246846199036,
      0.16239716112613678,
      10.674172401428223,
      7.852504730224609,
      6.1805925369262695,
      5.647638320922852,
      6.840687274932861,
      6.184125900268555,
      4.631453990936279,
      4.649990558624268,
      3.724588394165039,
      3.772841453552246,
      1.5003209114074707,
      1.802278995513916,
      2.313908100128174,
      5.3446455001831055,
      1.5601009130477905,
      3.3202123641967773
    ],
    [
      -0.8718811273574829,
      2.585108995437622,
      7.852504730224609,
      14.525908470153809,
      6.7286505699157715,
      9.14687728881836,
      6.345625877380371,
      8.177038192749023,
      5.013806343078613,
      6.255012035369873,
      3.729923725128174,
      4.849225997924805,
      1.6737302541732788,
      2.938220262527466,
      2.514310121536255,
      6.313648223876953,
      1.5943306684494019,
      4.249623775482178
    ],
    [
      -0.3516131341457367,
      2.8874130249023438,
      6.1805925369262695,
      6.7286505699157715,
      18.224489212036133,
      14.901369094848633,
      11.709342956542969,
      11.631318092346191,
      8.828959465026855,
      8.855148315429688,
      7.201860427856445,
      7.172774314880371,
      4.875548839569092,
      5.1782708168029785,
      5.691420555114746,
      7.303739547729492,
      5.32633113861084,
      5.868239879608154
    ],
    [
      -0.8963273763656616,
      5.315775394439697,
      5.647638320922852,
      9.14687728881836,
      14.901369094848633,
      20.894184112548828,
      10.637309074401855,
      13.310429573059082,
      9.321500778198242,
      10.752789497375488,
      7.398285388946533,
      8.761063575744629,
      4.818082809448242,
      6.261966228485107,
      6.064176559448242,
      8.767791748046875,
      5.364109992980957,
      6.830452919006348
    ],
    [
      -2.019686460494995,
      1.206189513206482,
      6.840687274932861,
      6.345625877380371,
      11.709342956542969,
      10.637309074401855,
      18.468320846557617,
      14.846528053283691,
      11.3206205368042,
      10.851316452026367,
      9.826102256774902,
      9.582554817199707,
      5.921830177307129,
      6.313282489776611,
      7.293501853942871,
      9.505456924438477,
      6.64909029006958,
      7.648728847503662
    ],
    [
      -1.335602045059204,
      3.65586519241333,
      6.184125900268555,
      8.177038192749023,
      11.631318092346191,
      13.310429573059082,
      14.846528053283691,
      19.398584365844727,
      10.761687278747559,
      11.974189758300781,
      8.899667739868164,
      10.372173309326172,
      5.477107048034668,
      7.121643543243408,
      6.8703179359436035,
      10.443448066711426,
      6.11946439743042,
      8.300671577453613
    ],
    [
      -1.5271408557891846,
      2.450349807739258,
      4.631453990936279,
      5.013806343078613,
      8.828959465026855,
      9.321500778198242,
      11.3206205368042,
      10.761687278747559,
      14.874613761901855,
      13.145588874816895,
      11.643250465393066,
      11.589701652526855,
      9.173185348510742,
      9.743119239807129,
      10.038492202758789,
      11.794424057006836,
      9.860811233520508,
      10.385001182556152
    ],
    [
      -1.5097005367279053,
      3.8296656608581543,
      4.649990558624268,
      6.255012035369873,
      8.855148315429688,
      10.752789497375488,
      10.851316452026367,
      11.974189758300781,
      13.145588874816895,
      14.813373565673828,
      10.185057640075684,
      11.746171951293945,
      7.366359710693359,
      9.322978019714355,
      8.273340225219727,
      11.242034912109375,
      7.3696417808532715,
      9.332334518432617
    ],
    [
      -0.33508816361427307,
      2.408327579498291,
      3.724588394165039,
      3.729923725128174,
      7.201860427856445,
      7.398285388946533,
      9.826102256774902,
      8.899667739868164,
      11.643250465393066,
      10.185057640075684,
      15.96622371673584,
      13.195435523986816,
      12.652885437011719,
      12.023218154907227,
      14.261612892150879,
      14.096535682678223,
      14.101705551147461,
      13.190068244934082
    ],
    [
      -0.573014497756958,
      3.666425943374634,
      3.772841453552246,
      4.849225997924805,
      7.172774314880371,
      8.761063575744629,
      9.582554817199707,
      10.372173309326172,
      11.589701652526855,
      11.746171951293945,
      13.195435523986816,
      14.577068328857422,
      10.349129676818848,
      11.785130500793457,
      11.587254524230957,
      13.755932807922363,
      10.937625885009766,
      12.150139808654785
    ],
    [
      0.7489327788352966,
      2.411879062652588,
      1.5003209114074707,
      1.6737302541732788,
      4.875548839569092,
      4.818082809448242,
      5.921830177307129,
      5.477107048034668,
      9.173185348510742,
      7.366359710693359,
      12.652885437011719,
      10.349129676818848,
      17.3074951171875,
      14.080709457397461,
      17.890466690063477,
      15.974401473999023,
      18.7279109954834,
      16.16958236694336
    ],
    [
      0.957237958908081,
      4.449138164520264,
      1.802278995513916,
      2.938220262527466,
      5.1782708168029785,
      6.261966228485107,
      6.313282489776611,
      7.121643543243408,
      9.743119239807129,
      9.322978019714355,
      12.023218154907227,
      11.785130500793457,
      14.080709457397461,
      15.055161476135254,
      14.517559051513672,
      15.7642822265625,
      14.549165725708008,
      14.920514106750488
    ],
    [
      0.564871609210968,
      2.484354019165039,
      2.313908100128174,
      2.514310121536255,
      5.691420555114746,
      6.064176559448242,
      7.293501853942871,
      6.8703179359436035,
      10.038492202758789,
      8.273340225219727,
      14.261612892150879,
      11.587254524230957,
      17.890466690063477,
      14.517559051513672,
      24.276878356933594,
      20.04710578918457,
      24.195707321166992,
      20.228567123413086
    ],
    [
      4.691587448120117,
      8.137181282043457,
      5.3446455001831055,
      6.313648223876953,
      7.303739547729492,
      8.767791748046875,
      9.505456924438477,
      10.443448066711426,
      11.794424057006836,
      11.242034912109375,
      14.096535682678223,
      13.755932807922363,
      15.974401473999023,
      15.7642822265625,
      20.04710578918457,
      36.869049072265625,
      19.781097412109375,
      28.80259895324707
    ],
    [
      0.6515945196151733,
      2.1451282501220703,
      1.5601009130477905,
      1.5943306684494019,
      5.32633113861084,
      5.364109992980957,
      6.64909029006958,
      6.11946439743042,
      9.860811233520508,
      7.3696417808532715,
      14.101705551147461,
      10.937625885009766,
      18.7279109954834,
      14.549165725708008,
      24.195707321166992,
      19.781097412109375,
      29.045551300048828,
      22.46356773376465
    ],
    [
      3.005286693572998,
      5.762807846069336,
      3.3202123641967773,
      4.249623775482178,
      5.868239879608154,
      6.830452919006348,
      7.648728847503662,
      8.300671577453613,
      10.385001182556152,
      9.332334518432617,
      13.190068244934082,
      12.150139808654785,
      16.16958236694336,
      14.920514106750488,
      20.228567123413086,
      28.80259895324707,
      22.46356773376465,
      26.620014190673828
    ]
  ],
  "covariance_short": [
    [
      29.34774398803711,
      5.690921783447266,
      1.1169015169143677,
      -2.0485799312591553,
      -0.21758955717086792,
      -3.870100259780884,
      -0.6979681849479675,
      -3.150543451309204,
      0.156819686293602,
      -2.4062981605529785,
      2.009004831314087,
      -0.4055023491382599,
      2.9576447010040283,
      0.8365538120269775,
      3.484177827835083,
      4.555659770965576,
      3.9949193000793457,
      3.9107513427734375
    ],
    [
      5.690921783447266,
      28.141529083251953,
      0.24747201800346375,
      2.7800779342651367,
      1.3315820693969727,
      3.5321555137634277,
      0.5318571329116821,
      2.8003551959991455,
      1.4865506887435913,
      2.7929162979125977,
      1.9047375917434692,
      3.503404378890991,
      1.0728907585144043,
      3.765665054321289,
      0.4348774552345276,
      6.082226753234863,
      -0.6397194266319275,
      3.75039005279541
    ],
    [
      1.1169015169143677,
      0.24747201800346375,
      15.768216133117676,
      7.42291259765625,
      9.548467636108398,
      6.198739528656006,
      9.855169296264648,
      6.603968143463135,
      8.53207015991211,
      5.921566963195801,
      8.056087493896484,
      4.943323135375977,
      6.946796417236328,
      3.7280385494232178,
      9.106014251708984,
      8.259434700012207,
      10.660816192626953,
      6.368409633636475
    ],
    [
      -2.0485799312591553,
      2.7800779342651367,
      7.42291259765625,
      17.793540954589844,
      6.476428508758545,
      9.724143981933594,
      5.84609317779541,
      8.17481517791748,
      5.20819616317749,
      6.503589153289795,
      4.060788154602051,
      4.759183406829834,
      2.183946132659912,
      3.06473970413208,
      3.279099464416504,
      6.428911209106445,
      3.282650947570801,
      3.6088244915008545
    ],
    [
      -0.21758955717086792,
      1.3315820693969727,
      9.548467636108398,
      6.476428508758545,
      25.775508880615234,
      15.310750007629395,
      16.57571792602539,
      12.213269233703613,
      13.966023445129395,
      10.601577758789062,
      13.696475982666016,
      9.299488067626953,
      12.133902549743652,
      7.308620929718018,
      15.168769836425781,
      11.214815139770508,
      18.141347885131836,
      9.623345375061035
    ],
    [
      -3.870100259780884,
      3.5321555137634277,
      6.198739528656006,
      9.724143981933594,
      15.310750007629395,
      25.471956253051758,
      11.537577629089355,
      14.301318168640137,
      10.123834609985352,
      11.50876235961914,
      9.355816841125488,
      9.632628440856934,
      7.58569860458374,
      7.152585983276367,
      9.777554512023926,
      10.193277359008789,
      11.106979370117188,
      7.458680152893066
    ],
    [
      -0.6979681849479675,
      0.5318571329116821,
      9.855169296264648,
      5.84609317779541,
      16.57571792602539,
      11.537577629089355,
      25.478546142578125,
      15.410355567932129,
      17.313993453979492,
      12.554580688476562,
      17.04644775390625,
      11.776556015014648,
      15.077601432800293,
      9.605894088745117,
      18.72679328918457,
      14.720471382141113,
      22.214656829833984,
      12.676458358764648
    ],
    [
      -3.150543451309204,
      2.8003551959991455,
      6.603968143463135,
      8.17481517791748,
      12.213269233703613,
      14.301318168640137,
      15.410355567932129,
      23.042327880859375,
      12.214719772338867,
      12.94648551940918,
      10.955480575561523,
      11.291214942932129,
      9.072046279907227,
      8.861027717590332,
      11.559557914733887,
      12.686038970947266,
      13.136682510375977,
      9.670167922973633
    ],
    [
      0.156819686293602,
      1.4865506887435913,
      8.53207015991211,
      5.20819616317749,
      13.966023445129395,
      10.123834609985352,
      17.313993453979492,
      12.214719772338867,
      24.29743194580078,
      16.050342559814453,
      20.319355010986328,
      14.682195663452148,
      20.053363800048828,
      14.132102966308594,
      23.352249145507812,
      18.540508270263672,
      26.896753311157227,
      16.845678329467773
    ],
    [
      -2.4062981605529785,
      2.7929162979125977,
      5.921566963195801,
      6.503589153289795,
      10.601577758789062,
      11.50876235961914,
      12.554580688476562,
      12.94648551940918,
      16.050342559814453,
      18.169960021972656,
      13.672019958496094,
      13.361058235168457,
      12.217761039733887,
      11.876202583312988,
      14.186883926391602,
      14.736042022705078,
      15.484511375427246,
      12.141823768615723
    ],
    [
      2.009004831314087,
      1.9047375917434692,
      8.056087493896484,
      4.060788154602051,
      13.696475982666016,
      9.355816841125488,
      17.04644775390625,
      10.955480575561523,
      20.319355010986328,
      13.672019958496094,
      29.635637283325195,
      18.39223861694336,
      28.567432403564453,
      18.60802459716797,
      33.87842559814453,
      24.381120681762695,
      38.1689453125,
      22.90273666381836
    ],
    [
      -0.4055023491382599,
      3.503404378890991,
      4.943323135375977,
      4.759183406829834,
      9.299488067626953,
      9.632628440856934,
      11.776556015014648,
      11.291214942932129,
      14.682195663452148,
      13.361058235168457,
      18.39223861694336,
      18.45319175720215,
      17.077030181884766,
      15.651886940002441,
      19.929101943969727,
      19.08761215209961,
      21.635351181030273,
      16.54299545288086
    ],
    [
      2.9576447010040283,
      1.0728907585144043,
      6.946796417236328,
      2.183946132659912,
      12.133902549743652,
      7.58569860458374,
      15.077601432800293,
      9.072046279907227,
      20.053363800048828,
      12.217761039733887,
      28.567432403564453,
      17.077030181884766,
      41.04793930053711,
      23.501771926879883,
      45.573055267333984,
      30.38862419128418,
      50.93398666381836,
      29.780624389648438
    ],
    [
      0.8365538120269775,
      3.765665054321289,
      3.7280385494232178,
      3.06473970413208,
      7.308620929718018,
      7.152585983276367,
      9.605894088745117,
      8.861027717590332,
      14.132102966308594,
      11.876202583312988,
      18.60802459716797,
      15.651886940002441,
      23.501771926879883,
      21.911975860595703,
      25.56684112548828,
      23.786630630493164,
      27.45135498046875,
      21.428543090820312
    ],
    [
      3.484177827835083,
      0.4348774552345276,
      9.106014251708984,
      3.279099464416504,
      15.168769836425781,
      9.777554512023926,
      18.72679328918457,
      11.559557914733887,
      23.352249145507812,
      14.186883926391602,
      33.87842559814453,
      19.929101943969727,
      45.573055267333984,
      25.56684112548828,
      67.59249114990234,
      39.878604888916016,
      74.1810302734375,
      40.19675064086914
    ],
    [
      4.555659770965576,
      6.082226753234863,
      8.259434700012207,
      6.428911209106445,
      11.214815139770508,
      10.193277359008789,
      14.720471382141113,
      12.686038970947266,
      18.540508270263672,
      14.736042022705078,
      24.381120681762695,
      19.08761215209961,
      30.38862419128418,
      23.786630630493164,
      39.878604888916016,
      46.899723052978516,
      43.953670501708984,
      37.18128204345703
    ],
    [
      3.9949193000793457,
      -0.6397194266319275,
      10.660816192626953,
      3.282650947570801,
      18.141347885131836,
      11.106979370117188,
      22.214656829833984,
      13.136682510375977,
      26.896753311157227,
      15.484511375427246,
      38.1689453125,
      21.635351181030273,
      50.93398666381836,
      27.45135498046875,
      74.1810302734375,
      43.953670501708984,
      97.98728942871094,
      49.07694625854492
    ],
    [
      3.9107513427734375,
      3.75039005279541,
      6.368409633636475,
      3.6088244915008545,
      9.623345375061035,
      7.458680152893066,
      12.676458358764648,
      9.670167922973633,
      16.845678329467773,
      12.141823768615723,
      22.90273666381836,
      16.54299545288086,
      29.780624389648438,
      21.428543090820312,
      40.19675064086914,
      37.18128204345703,
      49.07694625854492,
      36.61222839355469
    ]
  ],
  "drr": 11.380501747131348,
  "dynamics": 2.274951457977295,
  "format": 1245190,
  "frames": 9926656,
  "loudness": -11.189736366271973,
  "loudness_range": 5.145524978637695,
  "loudness_range_short": 7.619744777679443,
  "peak": -0.6797642707824707,
  "rms": -13.182696342468262,
  "sample_rate": 44100,
  "sections": 1,
  "seekable": 1,
  "sharpness": 2.270892381668091,
  "space": -14.014575958251953
}