{
  "bands": [
    {
      "high_freq": 148.1999969482422,
      "loudness": -19.39166259765625,
      "loudness_range": 17.027576446533203,
      "mid_mean": -16.00777816772461,
      "mid_to_side_loudness": -21.180713653564453,
      "mid_to_side_loudness_range": 33.80572509765625,
      "side_mean": -39.80584716796875
    },
    {
      "high_freq": 392.3793640136719,
      "loudness": -20.025331497192383,
      "loudness_range": 9.45562744140625,
      "low_freq": 148.1999969482422,
      "mid_mean": -17.010927200317383,
      "mid_to_side_loudness": -11.732470512390137,
      "mid_to_side_loudness_range": 20.901020050048828,
      "side_mean": -29.222768783569336
    },
    {
      "high_freq": 794.6976318359375,
      "loudness": -20.21623992919922,
      "loudness_range": 10.718400001525879,
      "low_freq": 392.3793640136719,
      "mid_mean": -17.438419342041016,
      "mid_to_side_loudness": -8.940947532653809,
      "mid_to_side_loudness_range": 16.314544677734375,
      "side_mean": -26.528759002685547
    },
    {
      "high_freq": 1457.5709228515625,
      "loudness": -22.309478759765625,
      "loudness_range": 12.371469497680664,
      "low_freq": 794.6976318359375,
      "mid_mean": -19.4548397064209,
      "mid_to_side_loudness": -8.803754806518555,
      "mid_to_side_loudness_range": 15.905240058898926,
      "side_mean": -28.434165954589844
    },
    {
      "high_freq": 2549.74365234375,
      "loudness": -21.00101089477539,
      "loudness_range": 10.590137481689453,
      "low_freq": 1457.5709228515625,
      "mid_mean": -18.354904174804688,
      "mid_to_side_loudness": -8.548952102661133,
      "mid_to_side_loudness_range": 18.156585693359375,
      "side_mean": -27.089689254760742
    },
    {
      "high_freq": 4349.24462890625,
      "loudness": -23.3631591796875,
      "loudness_range": 15.942060470581055,
      "low_freq": 2549.74365234375,
      "mid_mean": -20.928560256958008,
      "mid_to_side_loudness": -9.10091495513916,
      "mid_to_side_loudness_range": 21.91651153564453,
      "side_mean": -30.208831787109375
    },
    {
      "high_freq": 7314.1640625,
      "loudness": -26.37785530090332,
      "loudness_range": 13.6038818359375,
      "low_freq": 4349.24462890625,
      "mid_mean": -23.626787185668945,
      "mid_to_side_loudness": -11.39552116394043,
      "mid_to_side_loudness_range": 23.419010162353516,
      "side_mean": -35.29149627685547
    },
    {
      "high_freq": 12199.2666015625,
      "loudness": -30.557313919067383,
      "loudness_range": 13.34815788269043,
      "low_freq": 7314.1640625,
      "mid_mean": -27.506189346313477,
      "mid_to_side_loudness": -12.719425201416016,
      "mid_to_side_loudness_range": 20.3636417388916,
      "side_mean": -40.50975036621094
    },
    {
      "loudness": -41.66478729248047,
      "loudness_range": 14.644176483154297,
      "low_freq": 12199.2666015625,
      "mid_mean": -38.66913986206055,
      "mid_to_side_loudness": -12.637031555175781,
      "mid_to_side_loudness_range": 21.109647750854492,
      "side_mean": -51.68348693847656
    }
  ],
  "bands_short": [
    {
      "high_freq": 148.1999969482422,
      "loudness": -21.58775520324707,
      "loudness_range": 21.753215789794922,
      "mid_mean": -17.980220794677734,
      "mid_to_side_loudness": -23.25570297241211,
      "mid_to_side_loudness_range": 36.74089050292969,
      "side_mean": -45.16816711425781
    },
    {
      "high_freq": 392.3793640136719,
      "loudness": -20.7459659576416,
      "loudness_range": 15.088407516479492,
      "low_freq": 148.1999969482422,
      "mid_mean": -17.789722442626953,
      "mid_to_side_loudness": -11.501757621765137,
      "mid_to_side_loudness_range": 22.6507511138916,
      "side_mean": -29.873220443725586
    },
    {
      "high_freq": 794.6976318359375,
      "loudness": -21.546350479125977,
      "loudness_range": 14.366312980651855,
      "low_freq": 392.3793640136719,
      "mid_mean": -18.84374237060547,
      "mid_to_side_loudness": -8.660285949707031,
      "mid_to_side_loudness_range": 18.606237411499023,
      "side_mean": -27.72918701171875
    },
    {
      "high_freq": 1457.5709228515625,
      "loudness": -22.545223236083984,
      "loudness_range": 14.316104888916016,
      "low_freq": 794.6976318359375,
      "mid_mean": -19.772123336791992,
      "mid_to_side_loudness": -8.3629732131958,
      "mid_to_side_loudness_range": 16.502151489257812,
      "side_mean": -28.375995635986328
    },
    {
      "high_freq": 2549.74365234375,
      "loudness": -21.92367935180664,
      "loudness_range": 14.64356517791748,
      "low_freq": 1457.5709228515625,
      "mid_mean": -19.391490936279297,
      "mid_to_side_loudness": -8.160645484924316,
      "mid_to_side_loudness_range": 18.661808013916016,
      "side_mean": -27.736133575439453
    },
    {
      "high_freq": 4349.24462890625,
      "loudness": -24.28553009033203,
      "loudness_range": 19.864030838012695,
      "low_freq": 2549.74365234375,
      "mid_mean": -21.9692440032959,
      "mid_to_side_loudness": -8.55601978302002,
      "mid_to_side_loudness_range": 22.140586853027344,
      "side_mean": -30.707677841186523
    },
    {
      "high_freq": 7314.1640625,
      "loudness": -28.44855308532715,
      "loudness_range": 20.533397674560547,
      "low_freq": 4349.24462890625,
      "mid_mean": -25.89114761352539,
      "mid_to_side_loudness": -9.899925231933594,
      "mid_to_side_loudness_range": 22.93535614013672,
      "side_mean": -36.12894058227539
    },
    {
      "high_freq": 12199.2666015625,
      "loudness": -32.37062072753906,
      "loudness_range": 19.16472816467285,
      "low_freq": 7314.1640625,
      "mid_mean": -29.4898624420166,
      "mid_to_side_loudness": -11.472419738769531,
      "mid_to_side_loudness_range": 21.39548683166504,
      "side_mean": -41.395023345947266
    },
    {
      "loudness": -43.59159469604492,
      "loudness_range": 18.432682037353516,
      "low_freq": 12199.2666015625,
      "mid_mean": -40.75968551635742,
      "mid_to_side_loudness": -11.038131713867188,
      "mid_to_side_loudness_range": 22.603900909423828,
      "side_mean": -52.96487045288086
    }
  ],
  "channels": 2,
  "covariance": [
    [
      45.78105926513672,
      5.992944717407227,
      12.914314270019531,
      -7.809742450714111,
      13.887909889221191,
      2.0214719772338867,
      14.847670555114746,
      3.737868547439575,
      12.062564849853516,
      2.2181246280670166,
      7.557420253753662,
      -3.925546646118164,
      11.15227222442627,
      -3.148139476776123,
      12.77757740020752,
      -0.8671411275863647,
      9.813394546508789,
      -2.9383418560028076
    ],
    [
      5.992944717407227,
      81.52529907226562,
      10.980255126953125,
      42.028873443603516,
      1.66878342628479,
      16.53989601135254,
      2.930943012237549,
      17.947566986083984,
      2.502772331237793,
      23.761280059814453,
      13.593352317810059,
      39.04273223876953,
      9.566706657409668,
      35.47013473510742,
      6.4636969566345215,
      27.07350730895996,
      9.174074172973633,
      30.2503662109375
    ],
    [
      12.914314270019531,
      10.980255126953125,
      21.33479881286621,
      6.524720191955566,
      11.222112655639648,
      2.6080234050750732,
      9.81161880493164,
      2.7355763912200928,
      9.278341293334961,
      2.5133163928985596,
      6.743262767791748,
      -0.4894670844078064,
      9.452373504638672,
      1.4275318384170532,
      10.876800537109375,
      2.7739949226379395,
      8.935402870178223,
      2.144453763961792
    ],
    [
      -7.809742450714111,
      42.028873443603516,
      6.524720191955566,
      42.80965805053711,
      -3.079925775527954,
      16.81561851501465,
      -3.0942304134368896,
      15.382538795471191,
      -5.390114784240723,
      18.162275314331055,
      3.9712657928466797,
      32.393402099609375,
      0.243826761841774,
      29.259172439575195,
      -2.617302894592285,
      24.650663375854492,
      1.5628777742385864,
      31.33462905883789
    ],
    [
      13.887909889221191,
      1.66878342628479,
      11.222112655639648,
      -3.079925775527954,
      24.585514068603516,
      6.614300727844238,
      17.25619125366211,
      3.5490307807922363,
      14.978456497192383,
      2.3116977214813232,
      9.084522247314453,
      -5.086952209472656,
      12.088591575622559,
      -2.881747007369995,
      15.275530815124512,
      0.011096032336354256,
      11.527932167053223,
      -2.921436309814453
    ],
    [
      2.0214719772338867,
      16.53989601135254,
      2.6080234050750732,
      16.81561851501465,
      6.614300727844238,
      18.238929748535156,
      5.175683975219727,
      13.731460571289062,
      0.38206103444099426,
      12.630016326904297,
      3.4641857147216797,
      18.307645797729492,
      2.140223503112793,
      16.549745559692383,
      0.47961246967315674,
      14.729403495788574,
      2.672593355178833,
      18.636884689331055
    ],
    [
      14.847670555114746,
      2.930943012237549,
      9.81161880493164,
      -3.0942304134368896,
      17.25619125366211,
      5.175683975219727,
      23.577816009521484,
      9.212050437927246,
      13.640861511230469,
      4.027108669281006,
      6.71692419052124,
      -2.905479907989502,
      8.8873291015625,
      -1.4139585494995117,
      10.756564140319824,
      -0.8379771709442139,
      8.381958961486816,
      -2.4826290607452393
    ],
    [
      3.737868547439575,
      17.947566986083984,
      2.7355763912200928,
      15.382538795471191,
      3.5490307807922363,
      13.731460571289062,
      9.212050437927246,
      20.24742889404297,
      1.4509395360946655,
      15.351572036743164,
      3.4078621864318848,
      20.98579216003418,
      1.1370525360107422,
      18.190784454345703,
      -0.8820896744728088,
      14.177760124206543,
      2.0118179321289062,
      19.143781661987305
    ],
    [
      12.062564849853516,
      2.502772331237793,
      9.278341293334961,
      -5.390114784240723,
      14.978456497192383,
      0.38206103444099426,
      13.640861511230469,
      1.4509395360946655,
      19.667743682861328,
      6.297708511352539,
      13.8731107711792,
      0.9142371416091919,
      14.983484268188477,
      1.5497393608093262,
      15.105938911437988,
      0.10986033082008362,
      11.942447662353516,
      -2.8685109615325928
    ],
    [
      2.2181246280670166,
      23.761280059814453,
      2.5133163928985596,
      18.162275314331055,
      2.3116977214813232,
      12.630016326904297,
      4.027108669281006,
      15.351572036743164,
      6.297708511352539,
      26.637510299682617,
      12.642160415649414,
      37.51861572265625,
      6.791578769683838,
      31.187030792236328,
      2.285493850708008,
      21.090381622314453,
      6.3478922843933105,
      27.868457794189453
    ],
    [
      7.557420253753662,
      13.593352317810059,
      6.743262767791748,
      3.9712657928466797,
      9.084522247314453,
      3.4641857147216797,
      6.71692419052124,
      3.4078621864318848,
      13.8731107711792,
      12.642160415649414,
      23.762332916259766,
      23.1356143951416,
      20.28400421142578,
      20.06412696838379,
      16.133337020874023,
      13.906203269958496,
      14.392098426818848,
      11.626498222351074
    ],
    [
      -3.925546646118164,
      39.04273223876953,
      -0.4894670844078064,
      32.393402099609375,
      -5.086952209472656,
      18.307645797729492,
      -2.905479907989502,
      20.98579216003418,
      0.9142371416091919,
      37.51861572265625,
      23.1356143951416,
      72.47528839111328,
      9.555848121643066,
      59.401123046875,
      0.07101951539516449,
      40.6893310546875,
      7.2440056800842285,
      51.13882827758789
    ],
    [
      11.15227222442627,
      9.566706657409668,
      9.452373504638672,
      0.243826761841774,
      12.088591575622559,
      2.140223503112793,
      8.8873291015625,
      1.1370525360107422,
      14.983484268188477,
      6.791578769683838,
      20.28400421142578,
      9.555848121643066,
      29.12659454345703,
      11.906277656555176,
      25.08873748779297,
      11.06138801574707,
      21.429895401000977,
      5.361046314239502
    ],
    [
      -3.148139476776123,
      35.47013473510742,
      1.4275318384170532,
      29.259172439575195,
      -2.881747007369995,
      16.549745559692383,
      -1.4139585494995117,
      18.190784454345703,
      1.5497393608093262,
      31.187030792236328,
      20.06412696838379,
      59.401123046875,
      11.906277656555176,
      53.830230712890625,
      3.5389723777770996,
      38.7476921081543,
      8.682055473327637,
      45.803062438964844
    ],
    [
      12.77757740020752,
      6.4636969566345215,
      10.876800537109375,
      -2.617302894592285,
      15.275530815124512,
      0.47961246967315674,
      10.756564140319824,
      -0.8820896744728088,
      15.105938911437988,
      2.285493850708008,
      16.133337020874023,
      0.07101951539516449,
      25.08873748779297,
      3.5389723777770996,
      30.26630401611328,
      8.61581039428711,
      24.899566650390625,
      1.8792098760604858
    ],
    [
      -0.8671411275863647,
      27.07350730895996,
      2.7739949226379395,
      24.650663375854492,
      0.011096032336354256,
      14.729403495788574,
      -0.8379771709442139,
      14.177760124206543,
      0.10986033082008362,
      21.090381622314453,
      13.906203269958496,
      40.6893310546875,
      11.06138801574707,
      38.7476921081543,
      8.61581039428711,
      35.87202835083008,
      11.342982292175293,
      38.430870056152344
    ],
    [
      9.813394546508789,
      9.174074172973633,
      8.935402870178223,
      1.5628777742385864,
      11.527932167053223,
      2.672593355178833,
      8.381958961486816,
      2.0118179321289062,
      11.942447662353516,
      6.3478922843933105,
      14.392098426818848,
      7.2440056800842285,
      21.429895401000977,
      8.682055473327637,
      24.899566650390625,
      11.342982292175293,
      26.483884811401367,
      10.231433868408203
    ],
    [
      -2.9383418560028076,
      30.2503662109375,
      2.144453763961792,
      31.33462905883789,
      -2.921436309814453,
      18.636884689331055,
      -2.4826290607452393,
      19.143781661987305,
      -2.8685109615325928,
      27.868457794189453,
      11.626498222351074,
      51.13882827758789,
      5.361046314239502,
      45.803062438964844,
      1.8792098760604858,
      38.430870056152344,
      10.231433868408203,
      54.00225067138672
    ]
  ],
  "covariance_short": [
    [
      66.33032989501953,
      10.687499046325684,
      12.364791870117188,
      -8.500706672668457,
      14.522878646850586,
      2.480233669281006,
      14.449705123901367,
      2.6257317066192627,
      12.70486068725586,
      1.7644248008728027,
      8.261246681213379,
      -3.793494462966919,
      9.078481674194336,
      -3.1232833862304688,
      11.149615287780762,
      -1.3083775043487549,
      7.014040470123291,
      -3.0280799865722656
    ],
    [
      10.687499046325684,
      81.20564270019531,
      17.721078872680664,
      42.196022033691406,
      7.492318630218506,
      18.472421646118164,
      7.250824451446533,
      17.55694007873535,
      7.8708319664001465,
      24.585691452026367,
      16.55719757080078,
      37.19083023071289,
      12.276985168457031,
      33.68832778930664,
      7.872442245483398,
      25.109535217285156,
      9.75224781036377,
      32.02093505859375
    ],
    [
      12.364791870117188,
      17.721078872680664,
      31.5656681060791,
      11.982246398925781,
      11.838617324829102,
      5.359250068664551,
      10.00437068939209,
      5.636415958404541,
      10.753487586975098,
      6.416997909545898,
      8.004134178161621,
      3.083569288253784,
      10.220202445983887,
      5.096277236938477,
      8.612377166748047,
      4.586889266967773,
      7.892487525939941,
      4.823590278625488
    ],
    [
      -8.500706672668457,
      42.196022033691406,
      11.982246398925781,
      52.496639251708984,
      -1.0985350608825684,
      18.091432571411133,
      -0.7659929394721985,
      15.892088890075684,
      -2.5060746669769287,
      18.854331970214844,
      5.411643028259277,
      31.54250717163086,
      3.979665517807007,
      29.987529754638672,
      -0.27129074931144714,
      24.55405616760254,
      3.8974103927612305,
      31.950807571411133
    ],
    [
      14.522878646850586,
      7.492318630218506,
      11.838617324829102,
      -1.0985350608825684,
      35.64120864868164,
      12.21796703338623,
      19.722570419311523,
      5.706122875213623,
      19.00041389465332,
      5.070799350738525,
      13.488983154296875,
      -1.2958111763000488,
      11.192368507385254,
      -0.6900996565818787,
      14.604689598083496,
      1.5166791677474976,
      7.781979084014893,
      -1.7443536520004272
    ],
    [
      2.480233669281006,
      18.472421646118164,
      5.359250068664551,
      18.091432571411133,
      12.21796703338623,
      27.211151123046875,
      8.086894989013672,
      15.894110679626465,
      3.765915870666504,
      15.178253173828125,
      6.402298450469971,
      20.80059242248535,
      4.08718729019165,
      18.60259246826172,
      2.7748007774353027,
      16.13121795654297,
      4.267701625823975,
      20.620420455932617
    ],
    [
      14.449705123901367,
      7.250824451446533,
      10.00437068939209,
      -0.7659929394721985,
      19.722570419311523,
      8.086894989013672,
      31.849912643432617,
      13.829952239990234,
      19.774919509887695,
      9.318530082702637,
      12.425548553466797,
      2.55385160446167,
      12.036043167114258,
      3.6082117557525635,
      11.8619966506958,
      2.187743663787842,
      7.608077049255371,
      1.388426423072815
    ],
    [
      2.6257317066192627,
      17.55694007873535,
      5.636415958404541,
      15.892088890075684,
      5.706122875213623,
      15.894110679626465,
      13.829952239990234,
      25.695802688598633,
      6.176863670349121,
      18.2589111328125,
      6.3450927734375,
      21.95555877685547,
      5.085275173187256,
      20.343482971191406,
      1.6633574962615967,
      14.987003326416016,
      4.085299015045166,
      21.07330322265625
    ],
    [
      12.70486068725586,
      7.8708319664001465,
      10.753487586975098,
      -2.5060746669769287,
      19.00041389465332,
      3.765915870666504,
      19.774919509887695,
      6.176863670349121,
      31.905771255493164,
      13.658896446228027,
      23.052356719970703,
      7.5836501121521,
      21.683351516723633,
      7.511057376861572,
      19.040088653564453,
      4.450708389282227,
      13.993722915649414,
      2.130302667617798
    ],
    [
      1.7644248008728027,
      24.585691452026367,
      6.416997909545898,
      18.854331970214844,
      5.070799350738525,
      15.178253173828125,
      9.318530082702637,
      18.2589111328125,
      13.658896446228027,
      33.5675048828125,
      18.41526985168457,
      41.052608489990234,
      13.666349411010742,
      35.54705047607422,
      6.234879493713379,
      24.063610076904297,
      10.088390350341797,
      32.12910461425781
    ],
    [
      8.261246681213379,
      16.55719757080078,
      8.004134178161621,
      5.411643028259277,
      13.488983154296875,
      6.402298450469971,
      12.425548553466797,
      6.3450927734375,
      23.052356719970703,
      18.41526985168457,
      37.826454162597656,
      31.844696044921875,
      31.08216094970703,
      27.98541259765625,
      23.36566162109375,
      19.411935806274414,
      19.95990753173828,
      17.79269790649414
    ],
    [
      -3.793494462966919,
      37.19083023071289,
      3.083569288253784,
      31.54250717163086,
      -1.2958111763000488,
      20.80059242248535,
      2.55385160446167,
      21.95555877685547,
      7.5836501121521,
      41.052608489990234,
      31.844696044921875,
      79.51696014404297,
      20.58795928955078,
      66.48223114013672,
      7.0830559730529785,
      46.00849533081055,
      14.766630172729492,
      58.768001556396484
    ],
    [
      9.078481674194336,
      12.276985168457031,
      10.220202445983887,
      3.979665517807007,
      11.192368507385254,
      4.08718729019165,
      12.036043167114258,
      5.085275173187256,
      21.683351516723633,
      13.666349411010742,
      31.08216094970703,
      20.58795928955078,
      47.219970703125,
      25.915727615356445,
      38.38837432861328,
      21.23583221435547,
      33.959083557128906,
      14.548643112182617
    ],
    [
      -3.1232833862304688,
      33.68832778930664,
      5.096277236938477,
      29.987529754638672,
      -0.6900996565818787,
      18.60259246826172,
      3.6082117557525635,
      20.343482971191406,
      7.511057376861572,
      35.54705047607422,
      27.98541259765625,
      66.48223114013672,
      25.915727615356445,
      66.18722534179688,
      12.437771797180176,
      47.63957214355469,
      18.176958084106445,
      56.94687271118164
    ],
    [
      11.149615287780762,
      7.872442245483398,
      8.612377166748047,
      -0.27129074931144714,
      14.604689598083496,
      2.7748007774353027,
      11.8619966506958,
      1.6633574962615967,
      19.040088653564453,
      6.234879493713379,
      23.36566162109375,
      7.0830559730529785,
      38.38837432861328,
      12.437771797180176,
      47.646446228027344,
      17.75824737548828,
      37.75027084350586,
      6.9722795486450195
    ],
    [
      -1.3083775043487549,
      25.109535217285156,
      4.586889266967773,
      24.55405616760254,
      1.5166791677474976,
      16.13121795654297,
      2.187743663787842,
      14.987003326416016,
      4.450708389282227,
      24.063610076904297,
      19.411935806274414,
      46.00849533081055,
      21.23583221435547,
      47.63957214355469,
      17.75824737548828,
      46.850799560546875,
      19.099727630615234,
      48.34555435180664
    ],
    [
      7.014040470123291,
      9.75224781036377,
      7.892487525939941,
      3.8974103927612305,
      7.781979084014893,
      4.267701625823975,
      7.608077049255371,
      4.085299015045166,
      13.993722915649414,
      10.088390350341797,
      19.95990753173828,
      14.766630172729492,
      33.959083557128906,
      18.176958084106445,
      37.75027084350586,
      19.099727630615234,
      42.90574645996094,
      17.523311614990234
    ],
    [
      -3.0280799865722656,
      32.02093505859375,
      4.823590278625488,
      31.950807571411133,
      -1.7443536520004272,
      20.620420455932617,
      1.388426423072815,
      21.07330322265625,
      2.130302667617798,
      32.12910461425781,
      17.79269790649414,
      58.768001556396484,
      14.548643112182617,
      56.94687271118164,
      6.9722795486450195,
      48.34555435180664,
      17.523311614990234,
      71.62171173095703
    ]
  ],
  "drr": 17.542604446411133,
  "dynamics": 3.0661444664001465,
  "format": 1245190,
  "frames": 12883968,
  "loudness": -8.385443687438965,
  "loudness_range": 7.360414028167725,
  "loudness_range_short": 9.670805931091309,
  "peak": 0.7409359216690063,
  "rms": -9.828570365905762,
  "sample_rate": 44100,
  "sections": 1,
  "seekable": 1,
  "sharpness": 2.2404301166534424,
  "space": -10.560296058654785
}