{
  "bands": [
    {
      "high_freq": 148.1999969482422,
      "loudness": -22.56680679321289,
      "loudness_range": 14.258075714111328,
      "mid_mean": -19.274194717407227,
      "mid_to_side_loudness": -12.37578296661377,
      "mid_to_side_loudness_range": 13.518974304199219,
      "side_mean": -32.077003479003906
    },
    {
      "high_freq": 392.3793640136719,
      "loudness": -20.2186336517334,
      "loudness_range": 10.810478210449219,
      "low_freq": 148.1999969482422,
      "mid_mean": -17.322097778320312,
      "mid_to_side_loudness": -7.564692497253418,
      "mid_to_side_loudness_range": 8.867894172668457,
      "side_mean": -24.81870460510254
    },
    {
      "high_freq": 794.6976318359375,
      "loudness": -20.4063720703125,
      "loudness_range": 14.858138084411621,
      "low_freq": 392.3793640136719,
      "mid_mean": -17.34970474243164,
      "mid_to_side_loudness": -9.817203521728516,
      "mid_to_side_loudness_range": 13.640108108520508,
      "side_mean": -27.337026596069336
    },
    {
      "high_freq": 1457.5709228515625,
      "loudness": -23.26280403137207,
      "loudness_range": 18.8388729095459,
      "low_freq": 794.6976318359375,
      "mid_mean": -20.256389617919922,
      "mid_to_side_loudness": -10.005005836486816,
      "mid_to_side_loudness_range": 15.836380958557129,
      "side_mean": -30.913175582885742
    },
    {
      "high_freq": 2549.74365234375,
      "loudness": -23.603097915649414,
      "loudness_range": 17.68684959411621,
      "low_freq": 1457.5709228515625,
      "mid_mean": -20.650146484375,
      "mid_to_side_loudness": -8.936132431030273,
      "mid_to_side_loudness_range": 13.027142524719238,
      "side_mean": -29.69264793395996
    },
    {
      "high_freq": 4349.24462890625,
      "loudness": -24.61762046813965,
      "loudness_range": 15.92983627319336,
      "low_freq": 2549.74365234375,
      "mid_mean": -21.592599868774414,
      "mid_to_side_loudness": -9.1394624710083,
      "mid_to_side_loudness_range": 12.873297691345215,
      "side_mean": -30.694978713989258
    },
    {
      "high_freq": 7314.1640625,
      "loudness": -29.90062713623047,
      "loudness_range": 15.643289566040039,
      "low_freq": 4349.24462890625,
      "mid_mean": -26.80913543701172,
      "mid_to_side_loudness": -9.375204086303711,
      "mid_to_side_loudness_range": 10.508435249328613,
      "side_mean": -35.60242462158203
    },
    {
      "high_freq": 12199.2666015625,
      "loudness": -29.334726333618164,
      "loudness_range": 12.316947937011719,
      "low_freq": 7314.1640625,
      "mid_mean": -26.007843017578125,
      "mid_to_side_loudness": -12.126862525939941,
      "mid_to_side_loudness_range": 16.81903076171875,
      "side_mean": -38.320396423339844
    },
    {
      "loudness": -35.40632247924805,
      "loudness_range": 15.775232315063477,
      "low_freq": 12199.2666015625,
      "mid_mean": -32.24816131591797,
      "mid_to_side_loudness": -10.371746063232422,
      "mid_to_side_loudness_range": 13.78985595703125,
      "side_mean": -42.25944900512695
    }
  ],
  "bands_short": [
    {
      "high_freq": 148.1999969482422,
      "loudness": -28.18290901184082,
      "loudness_range": 17.22001838684082,
      "mid_mean": -25.243581771850586,
      "mid_to_side_loudness": -10.775875091552734,
      "mid_to_side_loudness_range": 18.254865646362305,
      "side_mean": -36.303409576416016
    },
    {
      "high_freq": 392.3793640136719,
      "loudness": -19.129972457885742,
      "loudness_range": 12.383199691772461,
      "low_freq": 148.1999969482422,
      "mid_mean": -16.16168975830078,
      "mid_to_side_loudness": -8.566015243530273,
      "mid_to_side_loudness_range": 11.455307960510254,
      "side_mean": -24.75809669494629
    },
    {
      "high_freq": 794.6976318359375,
      "loudness": -21.32792091369629,
      "loudness_range": 17.121540069580078,
      "low_freq": 392.3793640136719,
      "mid_mean": -18.38895034790039,
      "mid_to_side_loudness": -9.344307899475098,
      "mid_to_side_loudness_range": 16.123577117919922,
      "side_mean": -27.959707260131836
    },
    {
      "high_freq": 1457.5709228515625,
      "loudness": -23.644643783569336,
      "loudness_range": 21.168426513671875,
      "low_freq": 794.6976318359375,
      "mid_mean": -20.817989349365234,
      "mid_to_side_loudness": -9.195059776306152,
      "mid_to_side_loudness_range": 18.11601448059082,
      "side_mean": -30.59100914001465
    },
    {
      "high_freq": 2549.74365234375,
      "loudness": -24.47260856628418,
      "loudness_range": 19.9790096282959,
      "low_freq": 1457.5709228515625,
      "mid_mean": -21.64078140258789,
      "mid_to_side_loudness": -8.543548583984375,
      "mid_to_side_loudness_range": 14.456400871276855,
      "side_mean": -30.359054565429688
    },
    {
      "high_freq": 4349.24462890625,
      "loudness": -25.03697395324707,
      "loudness_range": 18.08535385131836,
      "low_freq": 2549.74365234375,
      "mid_mean": -22.13218879699707,
      "mid_to_side_loudness": -8.699366569519043,
      "mid_to_side_loudness_range": 14.288375854492188,
      "side_mean": -30.840984344482422
    },
    {
      "high_freq": 7314.1640625,
      "loudness": -30.651161193847656,
      "loudness_range": 18.999656677246094,
      "low_freq": 4349.24462890625,
      "mid_mean": -27.668235778808594,
      "mid_to_side_loudness": -8.957639694213867,
      "mid_to_side_loudness_range": 11.943585395812988,
      "side_mean": -36.19187545776367
    },
    {
      "high_freq": 12199.2666015625,
      "loudness": -30.543289184570312,
      "loudness_range": 15.410064697265625,
      "low_freq": 7314.1640625,
      "mid_mean": -27.296030044555664,
      "mid_to_side_loudness": -12.089265823364258,
      "mid_to_side_loudness_range": 18.669002532958984,
      "side_mean": -39.759376525878906
    },
    {
      "loudness": -38.04996109008789,
      "loudness_range": 21.903736114501953,
      "low_freq": 12199.2666015625,
      "mid_mean": -34.90794372558594,
      "mid_to_side_loudness": -11.151653289794922,
      "mid_to_side_loudness_range": 16.44879150390625,
      "side_mean": -46.2673225402832
    }
  ],
  "channels": 2,
  "covariance": [
    [
      37.3797607421875,
      18.34980010986328,
      16.311222076416016,
      16.65022850036621,
      8.329345703125,
      14.579513549804688,
      7.978211402893066,
      17.706714630126953,
      11.740998268127441,
      19.388517379760742,
      10.486663818359375,
      19.56185531616211,
      13.897890090942383,
      19.56378173828125,
      6.0164690017700195,
      19.056095123291016,
      10.764494895935059,
      19.08371353149414
    ],
    [
      18.34980010986328,
      23.17557144165039,
      12.44139575958252,
      14.002235412597656,
      7.681295394897461,
      13.399473190307617,
      9.015130043029785,
      14.631977081298828,
      11.42802619934082,
      15.59583854675293,
      9.605889320373535,
      15.780689239501953,
      9.827168464660645,
      14.58492660522461,
      4.250096797943115,
      12.988007545471191,
      6.268404960632324,
      11.016731262207031
    ],
    [
      16.311222076416016,
      12.44139575958252,
      25.205562591552734,
      18.026588439941406,
      10.327527046203613,
      15.344383239746094,
      7.417389869689941,
      16.326343536376953,
      12.14028263092041,
      17.540597915649414,
      11.476062774658203,
      17.034534454345703,
      13.521435737609863,
      16.673439025878906,
      7.865499973297119,
      17.595558166503906,
      12.874300003051758,
      18.80858612060547
    ],
    [
      16.65022850036621,
      14.002235412597656,
      18.026588439941406,
      25.435731887817383,
      10.052889823913574,
      17.94451904296875,
      9.376443862915039,
      18.261241912841797,
      13.294753074645996,
      20.379173278808594,
      11.915746688842773,
      20.021223068237305,
      12.41153621673584,
      17.856088638305664,
      5.744041442871094,
      17.11263084411621,
      10.12841796875,
      17.120485305786133
    ],
    [
      8.329345703125,
      7.681295394897461,
      10.327527046203613,
      10.052889823913574,
      28.67957305908203,
      12.01311206817627,
      14.47868537902832,
      12.990508079528809,
      17.395187377929688,
      15.185174942016602,
      15.813212394714355,
      16.119815826416016,
      13.03729248046875,
      14.134232521057129,
      8.967662811279297,
      11.702282905578613,
      8.993303298950195,
      7.138974666595459
    ],
    [
      14.579513549804688,
      13.399473190307617,
      15.344383239746094,
      17.94451904296875,
      12.01311206817627,
      28.338150024414062,
      11.127106666564941,
      24.248374938964844,
      16.302528381347656,
      25.15792465209961,
      15.496217727661133,
      26.67612075805664,
      17.238500595092773,
      22.835586547851562,
      7.151705741882324,
      20.94795799255371,
      11.204983711242676,
      17.813085556030273
    ],
    [
      7.978211402893066,
      9.015130043029785,
      7.417389869689941,
      9.376443862915039,
      14.47868537902832,
      11.127106666564941,
      47.163700103759766,
      15.590874671936035,
      29.799022674560547,
      16.71457862854004,
      20.844253540039062,
      19.79203224182129,
      13.655535697937012,
      15.505950927734375,
      7.503738880157471,
      9.972769737243652,
      5.382859706878662,
      4.822458267211914
    ],
    [
      17.706714630126953,
      14.631977081298828,
      16.326343536376953,
      18.261241912841797,
      12.990508079528809,
      24.248374938964844,
      15.590874671936035,
      34.79686737060547,
      20.99741554260254,
      32.15321350097656,
      20.371057510375977,
      34.54363250732422,
      22.076719284057617,
      28.910858154296875,
      9.40107536315918,
      25.94390106201172,
      13.077341079711914,
      19.476526260375977
    ],
    [
      11.740998268127441,
      11.42802619934082,
      12.14028263092041,
      13.294753074645996,
      17.395187377929688,
      16.302528381347656,
      29.799022674560547,
      20.99741554260254,
      41.19732666015625,
      25.342283248901367,
      29.33361053466797,
      29.984676361083984,
      21.47132682800293,
      25.313495635986328,
      10.582011222839355,
      18.567867279052734,
      10.671603202819824,
      10.330033302307129
    ],
    [
      19.388517379760742,
      15.59583854675293,
      17.540597915649414,
      20.379173278808594,
      15.185174942016602,
      25.15792465209961,
      16.71457862854004,
      32.15321350097656,
      25.342283248901367,
      41.69133758544922,
      22.871212005615234,
      41.13484191894531,
      23.809097290039062,
      34.03011703491211,
      9.368797302246094,
      27.154787063598633,
      13.126065254211426,
      19.70676612854004
    ],
    [
      10.486663818359375,
      9.605889320373535,
      11.476062774658203,
      11.915746688842773,
      15.813212394714355,
      15.496217727661133,
      20.844253540039062,
      20.371057510375977,
      29.33361053466797,
      22.871212005615234,
      36.00497817993164,
      29.18058204650879,
      26.087308883666992,
      26.82482147216797,
      13.409845352172852,
      21.584794998168945,
      12.425743103027344,
      13.812275886535645
    ],
    [
      19.56185531616211,
      15.780689239501953,
      17.034534454345703,
      20.021223068237305,
      16.119815826416016,
      26.67612075805664,
      19.79203224182129,
      34.54363250732422,
      29.984676361083984,
      41.13484191894531,
      29.18058204650879,
      52.51294708251953,
      29.09307289123535,
      43.23924255371094,
      11.855363845825195,
      31.986072540283203,
      14.364752769470215,
      21.161436080932617
    ],
    [
      13.897890090942383,
      9.827168464660645,
      13.521435737609863,
      12.41153621673584,
      13.03729248046875,
      17.238500595092773,
      13.655535697937012,
      22.076719284057617,
      21.47132682800293,
      23.809097290039062,
      26.087308883666992,
      29.09307289123535,
      34.90459442138672,
      30.473289489746094,
      17.888200759887695,
      32.50916290283203,
      20.676420211791992,
      25.708341598510742
    ],
    [
      19.56378173828125,
      14.58492660522461,
      16.673439025878906,
      17.856088638305664,
      14.134232521057129,
      22.835586547851562,
      15.505950927734375,
      28.910858154296875,
      25.313495635986328,
      34.03011703491211,
      26.82482147216797,
      43.23924255371094,
      30.473289489746094,
      46.69919204711914,
      13.1368989944458,
      34.961082458496094,
      16.72085189819336,
      25.9581241607666
    ],
    [
      6.0164690017700195,
      4.250096797943115,
      7.865499973297119,
      5.744041442871094,
      8.967662811279297,
      7.151705741882324,
      7.503738880157471,
      9.40107536315918,
      10.582011222839355,
      9.368797302246094,
      13.409845352172852,
      11.855363845825195,
      17.888200759887695,
      13.1368989944458,
      21.4766902923584,
      17.823776245117188,
      20.20737075805664,
      15.841609001159668
    ],
    [
      19.056095123291016,
      12.988007545471191,
      17.595558166503906,
      17.11263084411621,
      11.702282905578613,
      20.94795799255371,
      9.972769737243652,
      25.94390106201172,
      18.567867279052734,
      27.154787063598633,
      21.584794998168945,
      31.986072540283203,
      32.50916290283203,
      34.961082458496094,
      17.823776245117188,
      43.05001449584961,
      26.090646743774414,
      38.208229064941406
    ],
    [
      10.764494895935059,
      6.268404960632324,
      12.874300003051758,
      10.12841796875,
      8.993303298950195,
      11.204983711242676,
      5.382859706878662,
      13.077341079711914,
      10.671603202819824,
      13.126065254211426,
      12.425743103027344,
      14.364752769470215,
      20.676420211791992,
      16.72085189819336,
      20.20737075805664,
      26.090646743774414,
      31.83439064025879,
      29.62727165222168
    ],
    [
      19.08371353149414,
      11.016731262207031,
      18.80858612060547,
      17.120485305786133,
      7.138974666595459,
      17.813085556030273,
      4.822458267211914,
      19.476526260375977,
      10.330033302307129,
      19.70676612854004,
      13.812275886535645,
      21.161436080932617,
      25.708341598510742,
      25.9581241607666,
      15.841609001159668,
      38.208229064941406,
      29.62727165222168,
      51.3309440612793
    ]
  ],
  "covariance_short": [
    [
      47.96897506713867,
      18.954933166503906,
      17.581117630004883,
      15.040081977844238,
      7.720738410949707,
      12.606850624084473,
      7.939639568328857,
      14.813828468322754,
      10.680670738220215,
      16.11565399169922,
      10.304919242858887,
      16.92727279663086,
      13.08751392364502,
      17.164871215820312,
      6.953603744506836,
      18.084611892700195,
      11.059670448303223,
      22.03493881225586
    ],
    [
      18.954933166503906,
      37.59260940551758,
      13.759135246276855,
      14.089774131774902,
      8.301885604858398,
      12.955318450927734,
      12.454297065734863,
      15.535589218139648,
      14.09033203125,
      16.59846305847168,
      13.373226165771484,
      17.824542999267578,
      12.603744506835938,
      17.17285919189453,
      6.324951648712158,
      15.61011028289795,
      8.046224594116211,
      16.644298553466797
    ],
    [
      17.581117630004883,
      13.759135246276855,
      29.314443588256836,
      18.50506019592285,
      12.455730438232422,
      16.065044403076172,
      11.293269157409668,
      17.428451538085938,
      14.983162879943848,
      19.258743286132812,
      14.125014305114746,
      18.664003372192383,
      15.005858421325684,
      18.489381790161133,
      8.976324081420898,
      18.94786834716797,
      12.85974407196045,
      22.175378799438477
    ],
    [
      15.040081977844238,
      14.089774131774902,
      18.50506019592285,
      27.061304092407227,
      12.149726867675781,
      18.722742080688477,
      12.137548446655273,
      18.665884017944336,
      15.097046852111816,
      20.63694953918457,
      13.893203735351562,
      20.780071258544922,
      14.067790031433105,
      18.74113655090332,
      7.367153167724609,
      18.601551055908203,
      10.90503978729248,
      21.179258346557617
    ],
    [
      7.720738410949707,
      8.301885604858398,
      12.455730438232422,
      12.149726867675781,
      36.77422332763672,
      15.064501762390137,
      18.119033813476562,
      15.89344596862793,
      20.693052291870117,
      18.643789291381836,
      19.760061264038086,
      20.396156311035156,
      16.518177032470703,
      18.915224075317383,
      12.7754545211792,
      16.6435489654541,
      13.507962226867676,
      16.21006202697754
    ],
    [
      12.606850624084473,
      12.955318450927734,
      16.065044403076172,
      18.722742080688477,
      15.064501762390137,
      32.50017547607422,
      14.896599769592285,
      24.833942413330078,
      18.65175437927246,
      26.941686630249023,
      18.045068740844727,
      28.476394653320312,
      19.687545776367188,
      25.382795333862305,
      9.598271369934082,
      24.121809005737305,
      13.449650764465332,
      24.838043212890625
    ],
    [
      7.939639568328857,
      12.454297065734863,
      11.293269157409668,
      12.137548446655273,
      18.119033813476562,
      14.896599769592285,
      58.195682525634766,
      19.841066360473633,
      38.167381286621094,
      21.879531860351562,
      28.41832160949707,
      25.737079620361328,
      21.322139739990234,
      21.466684341430664,
      14.950663566589355,
      17.34723663330078,
      13.144803047180176,
      15.231779098510742
    ],
    [
      14.813828468322754,
      15.535589218139648,
      17.428451538085938,
      18.665884017944336,
      15.89344596862793,
      24.833942413330078,
      19.841066360473633,
      37.28608322143555,
      23.778127670288086,
      34.42829513549805,
      23.483905792236328,
      36.85188293457031,
      24.4915828704834,
      32.21269989013672,
      11.856657028198242,
      29.367538452148438,
      14.816144943237305,
      28.628429412841797
    ],
    [
      10.680670738220215,
      14.09033203125,
      14.983162879943848,
      15.097046852111816,
      20.693052291870117,
      18.65175437927246,
      38.167381286621094,
      23.778127670288086,
      50.74866485595703,
      29.256996154785156,
      35.56201934814453,
      34.73817443847656,
      28.8370418548584,
      30.524311065673828,
      17.786317825317383,
      25.964876174926758,
      17.832204818725586,
      23.873592376708984
    ],
    [
      16.11565399169922,
      16.59846305847168,
      19.258743286132812,
      20.63694953918457,
      18.643789291381836,
      26.941686630249023,
      21.879531860351562,
      34.42829513549805,
      29.256996154785156,
      45.98337936401367,
      27.486074447631836,
      44.8705940246582,
      28.227230072021484,
      38.766178131103516,
      13.17396354675293,
      33.32499313354492,
      16.41015625,
      31.84148597717285
    ],
    [
      10.304919242858887,
      13.373226165771484,
      14.125014305114746,
      13.893203735351562,
      19.760061264038086,
      18.045068740844727,
      28.41832160949707,
      23.483905792236328,
      35.56201934814453,
      27.486074447631836,
      46.45249938964844,
      35.898712158203125,
      35.89699935913086,
      34.8142204284668,
      21.801769256591797,
      31.335195541381836,
      21.340822219848633,
      29.426868438720703
    ],
    [
      16.92727279663086,
      17.824542999267578,
      18.664003372192383,
      20.780071258544922,
      20.396156311035156,
      28.476394653320312,
      25.737079620361328,
      36.85188293457031,
      34.73817443847656,
      44.8705940246582,
      35.898712158203125,
      59.36667251586914,
      35.970603942871094,
      49.9465217590332,
      17.14254379272461,
      41.35015869140625,
      19.576988220214844,
      37.29447555541992
    ],
    [
      13.08751392364502,
      12.603744506835938,
      15.005858421325684,
      14.067790031433105,
      16.518177032470703,
      19.687545776367188,
      21.322139739990234,
      24.4915828704834,
      28.8370418548584,
      28.227230072021484,
      35.89699935913086,
      35.970603942871094,
      48.32633972167969,
      40.056575775146484,
      28.917531967163086,
      44.12396240234375,
      31.72277069091797,
      44.35040283203125
    ],
    [
      17.164871215820312,
      17.17285919189453,
      18.489381790161133,
      18.74113655090332,
      18.915224075317383,
      25.382795333862305,
      21.466684341430664,
      32.21269989013672,
      30.524311065673828,
      38.766178131103516,
      34.8142204284668,
      49.9465217590332,
      40.056575775146484,
      57.139713287353516,
      20.626710891723633,
      46.920982360839844,
      24.73008155822754,
      45.13324737548828
    ],
    [
      6.953603744506836,
      6.324951648712158,
      8.976324081420898,
      7.367153167724609,
      12.7754545211792,
      9.598271369934082,
      14.950663566589355,
      11.856657028198242,
      17.786317825317383,
      13.17396354675293,
      21.801769256591797,
      17.14254379272461,
      28.917531967163086,
      20.626710891723633,
      37.30973815917969,
      28.81912612915039,
      35.889713287353516,
      32.390262603759766
    ],
    [
      18.084611892700195,
      15.61011028289795,
      18.94786834716797,
      18.601551055908203,
      16.6435489654541,
      24.121809005737305,
      17.34723663330078,
      29.367538452148438,
      25.964876174926758,
      33.32499313354492,
      31.335195541381836,
      41.35015869140625,
      44.12396240234375,
      46.920982360839844,
      28.81912612915039,
      59.292083740234375,
      37.57353973388672,
      61.69099426269531
    ],
    [
      11.059670448303223,
      8.046224594116211,
      12.85974407196045,
      10.90503978729248,
      13.507962226867676,
      13.449650764465332,
      13.144803047180176,
      14.816144943237305,
      17.832204818725586,
      16.41015625,
      21.340822219848633,
      19.576988220214844,
      31.72277069091797,
      24.73008155822754,
      35.889713287353516,
      37.57353973388672,
      53.15817642211914,
      50.949493408203125
    ],
    [
      22.03493881225586,
      16.644298553466797,
      22.175378799438477,
      21.179258346557617,
      16.21006202697754,
      24.838043212890625,
      15.231779098510742,
      28.628429412841797,
      23.873592376708984,
      31.84148597717285,
      29.426868438720703,
      37.29447555541992,
      44.35040283203125,
      45.13324737548828,
      32.390262603759766,
      61.69099426269531,
      50.949493408203125,
      80.40753173828125
    ]
  ],
  "drr": 13.657326698303223,
  "dynamics": 3.1328771114349365,
  "format": 1245190,
  "frames": 15554560,
  "loudness": -9.176207542419434,
  "loudness_range": 8.437201499938965,
  "loudness_range_short": 10.622854232788086,
  "peak": -0.0021208373364061117,
  "rms": -11.632437705993652,
  "sample_rate": 44100,
  "sections": 1,
  "seekable": 1,
  "sharpness": 2.128202199935913,
  "space": -10.363027572631836
}