{
  "bands": [
    {
      "high_freq": 148.1999969482422,
      "loudness": -22.686981201171875,
      "loudness_range": 10.735904693603516,
      "mid_mean": -19.105091094970703,
      "mid_to_side_loudness": -18.346906661987305,
      "mid_to_side_loudness_range": 19.89630126953125,
      "side_mean": -38.01639175415039
    },
    {
      "high_freq": 392.3793640136719,
      "loudness": -23.565717697143555,
      "loudness_range": 13.592643737792969,
      "low_freq": 148.1999969482422,
      "mid_mean": -20.5264835357666,
      "mid_to_side_loudness": -9.257184028625488,
      "mid_to_side_loudness_range": 13.340326309204102,
      "side_mean": -29.81829261779785
    },
    {
      "high_freq": 794.6976318359375,
      "loudness": -26.669715881347656,
      "loudness_range": 18.9194393157959,
      "low_freq": 392.3793640136719,
      "mid_mean": -24.40843391418457,
      "mid_to_side_loudness": -5.091742992401123,
      "mid_to_side_loudness_range": 10.557849884033203,
      "side_mean": -29.57154083251953
    },
    {
      "high_freq": 1457.5709228515625,
      "loudness": -33.65200424194336,
      "loudness_range": 20.850757598876953,
      "low_freq": 794.6976318359375,
      "mid_mean": -31.451595306396484,
      "mid_to_side_loudness": -4.390543460845947,
      "mid_to_side_loudness_range": 8.680977821350098,
      "side_mean": -35.9357795715332
    },
    {
      "high_freq": 2549.74365234375,
      "loudness": -35.46242904663086,
      "loudness_range": 18.603862762451172,
      "low_freq": 1457.5709228515625,
      "mid_mean": -32.95682907104492,
      "mid_to_side_loudness": -5.616422653198242,
      "mid_to_side_loudness_range": 7.665821075439453,
      "side_mean": -38.6219596862793
    },
    {
      "high_freq": 4349.24462890625,
      "loudness": -38.64345169067383,
      "loudness_range": 17.408300399780273,
      "low_freq": 2549.74365234375,
      "mid_mean": -35.980712890625,
      "mid_to_side_loudness": -6.402331352233887,
      "mid_to_side_loudness_range": 8.670890808105469,
      "side_mean": -42.46976089477539
    },
    {
      "high_freq": 7314.1640625,
      "loudness": -41.00058364868164,
      "loudness_range": 17.29927635192871,
      "low_freq": 4349.24462890625,
      "mid_mean": -38.437164306640625,
      "mid_to_side_loudness": -5.833023548126221,
      "mid_to_side_loudness_range": 7.951484680175781,
      "side_mean": -44.41620635986328
    },
    {
      "high_freq": 12199.2666015625,
      "loudness": -39.00716781616211,
      "loudness_range": 16.11571502685547,
      "low_freq": 7314.1640625,
      "mid_mean": -36.51772689819336,
      "mid_to_side_loudness": -5.309297561645508,
      "mid_to_side_loudness_range": 6.3140034675598145,
      "side_mean": -41.942535400390625
    },
    {
      "loudness": -40.46278762817383,
      "loudness_range": 19.37879753112793,
      "low_freq": 12199.2666015625,
      "mid_mean": -37.61507034301758,
      "mid_to_side_loudness": -7.630726337432861,
      "mid_to_side_loudness_range": 10.183043479919434,
      "side_mean": -45.59406280517578
    }
  ],
  "bands_short": [
    {
      "high_freq": 148.1999969482422,
      "loudness": -25.912158966064453,
      "loudness_range": 18.02945327758789,
      "mid_mean": -22.324556350708008,
      "mid_to_side_loudness": -19.129810333251953,
      "mid_to_side_loudness_range": 25.341068267822266,
      "side_mean": -42.4078483581543
    },
    {
      "high_freq": 392.3793640136719,
      "loudness": -23.599407196044922,
      "loudness_range": 16.3502254486084,
      "low_freq": 148.1999969482422,
      "mid_mean": -20.636507034301758,
      "mid_to_side_loudness": -9.75903606414795,
      "mid_to_side_loudness_range": 17.60341453552246,
      "side_mean": -30.494308471679688
    },
    {
      "high_freq": 794.6976318359375,
      "loudness": -27.51983070373535,
      "loudness_range": 21.903736114501953,
      "low_freq": 392.3793640136719,
      "mid_mean": -25.483154296875,
      "mid_to_side_loudness": -4.756991386413574,
      "mid_to_side_loudness_range": 13.26467514038086,
      "side_mean": -30.31161117553711
    },
    {
      "high_freq": 1457.5709228515625,
      "loudness": -34.03636932373047,
      "loudness_range": 22.564756393432617,
      "low_freq": 794.6976318359375,
      "mid_mean": -32.21554183959961,
      "mid_to_side_loudness": -3.681478500366211,
      "mid_to_side_loudness_range": 10.950891494750977,
      "side_mean": -35.95026779174805
    },
    {
      "high_freq": 2549.74365234375,
      "loudness": -37.624664306640625,
      "loudness_range": 23.456775665283203,
      "low_freq": 1457.5709228515625,
      "mid_mean": -35.47972869873047,
      "mid_to_side_loudness": -4.623188018798828,
      "mid_to_side_loudness_range": 9.839881896972656,
      "side_mean": -40.11328887939453
    },
    {
      "high_freq": 4349.24462890625,
      "loudness": -41.9951171875,
      "loudness_range": 24.797977447509766,
      "low_freq": 2549.74365234375,
      "mid_mean": -39.809722900390625,
      "mid_to_side_loudness": -4.654054641723633,
      "mid_to_side_loudness_range": 9.0617036819458,
      "side_mean": -44.512115478515625
    },
    {
      "high_freq": 7314.1640625,
      "loudness": -46.32551956176758,
      "loudness_range": 27.58522605895996,
      "low_freq": 4349.24462890625,
      "mid_mean": -44.321624755859375,
      "mid_to_side_loudness": -4.589059829711914,
      "mid_to_side_loudness_range": 8.781882286071777,
      "side_mean": -49.17105484008789
    },
    {
      "high_freq": 12199.2666015625,
      "loudness": -46.27772521972656,
      "loudness_range": 31.91921615600586,
      "low_freq": 7314.1640625,
      "mid_mean": -44.490238189697266,
      "mid_to_side_loudness": -4.116192817687988,
      "mid_to_side_loudness_range": 7.635461807250977,
      "side_mean": -48.97267532348633
    },
    {
      "loudness": -50.64061737060547,
      "loudness_range": 37.67479705810547,
      "low_freq": 12199.2666015625,
      "mid_mean": -49.26478576660156,
      "mid_to_side_loudness": -4.7801408767700195,
      "mid_to_side_loudness_range": 10.413576126098633,
      "side_mean": -54.05652618408203
    }
  ],
  "channels": 2,
  "covariance": [
    [
      19.961647033691406,
      9.873974800109863,
      9.533273696899414,
      4.727410316467285,
      7.093380451202393,
      5.925995826721191,
      7.546119689941406,
      6.223783493041992,
      8.731602668762207,
      7.318263053894043,
      8.549500465393066,
      7.047301769256592,
      4.995265960693359,
      6.1176629066467285,
      4.264819622039795,
      5.1543779373168945,
      3.846360683441162,
      5.226027965545654
    ],
    [
      9.873974800109863,
      38.89152145385742,
      13.138762474060059,
      17.93089485168457,
      14.263480186462402,
      11.356377601623535,
      13.873835563659668,
      11.963617324829102,
      13.84553337097168,
      12.903868675231934,
      12.82258129119873,
      12.942269325256348,
      10.830909729003906,
      10.07077407836914,
      10.411714553833008,
      9.184465408325195,
      11.554454803466797,
      10.425222396850586
    ],
    [
      9.533273696899414,
      13.138762474060059,
      23.932523727416992,
      21.664703369140625,
      17.934707641601562,
      14.314075469970703,
      15.173131942749023,
      11.248638153076172,
      14.819971084594727,
      12.7095365524292,
      12.94188404083252,
      11.978631973266602,
      9.393996238708496,
      9.99138069152832,
      7.168505668640137,
      6.817461967468262,
      4.478878498077393,
      5.320660591125488
    ],
    [
      4.727410316467285,
      17.93089485168457,
      21.664703369140625,
      42.59892272949219,
      27.10860824584961,
      24.160676956176758,
      20.23443031311035,
      17.02766227722168,
      15.622117042541504,
      15.94626235961914,
      8.52417278289795,
      12.125691413879395,
      4.297844409942627,
      7.097343921661377,
      2.5417699813842773,
      3.893073320388794,
      -0.7067530155181885,
      2.638415813446045
    ],
    [
      7.093380451202393,
      14.263480186462402,
      17.934707641601562,
      27.10860824584961,
      45.840057373046875,
      36.653194427490234,
      31.080047607421875,
      25.330467224121094,
      26.66086196899414,
      26.035810470581055,
      17.796497344970703,
      21.575273513793945,
      8.625123977661133,
      13.149253845214844,
      6.2572221755981445,
      7.8320631980896,
      3.067732095718384,
      6.582607269287109
    ],
    [
      5.925995826721191,
      11.356377601623535,
      14.314075469970703,
      24.160676956176758,
      36.653194427490234,
      41.264427185058594,
      27.781042098999023,
      27.261676788330078,
      23.345905303955078,
      25.273054122924805,
      13.567438125610352,
      20.63947296142578,
      3.4973790645599365,
      9.78532886505127,
      1.5033198595046997,
      4.957359313964844,
      -1.3956478834152222,
      4.6877055168151855
    ],
    [
      7.546119689941406,
      13.873835563659668,
      15.173131942749023,
      20.23443031311035,
      31.080047607421875,
      27.781042098999023,
      50.99221420288086,
      44.98149108886719,
      36.46961212158203,
      36.1981086730957,
      24.679567337036133,
      31.19426918029785,
      14.132482528686523,
      18.971324920654297,
      10.404067039489746,
      12.274490356445312,
      4.943331718444824,
      9.83261775970459
    ],
    [
      6.223783493041992,
      11.963617324829102,
      11.248638153076172,
      17.02766227722168,
      25.330467224121094,
      27.261676788330078,
      44.98149108886719,
      49.29104995727539,
      30.416507720947266,
      33.55572509765625,
      19.207462310791016,
      28.45857048034668,
      8.140155792236328,
      14.456352233886719,
      6.398475646972656,
      9.96773910522461,
      2.575437307357788,
      9.113036155700684
    ],
    [
      8.731602668762207,
      13.84553337097168,
      14.819971084594727,
      15.622117042541504,
      26.66086196899414,
      23.345905303955078,
      36.46961212158203,
      30.416507720947266,
      43.50576400756836,
      40.64311981201172,
      31.578746795654297,
      35.483123779296875,
      20.686250686645508,
      23.81141471862793,
      16.01628303527832,
      16.001415252685547,
      10.131302833557129,
      13.14643669128418
    ],
    [
      7.318263053894043,
      12.903868675231934,
      12.7095365524292,
      15.94626235961914,
      26.035810470581055,
      25.273054122924805,
      36.1981086730957,
      33.55572509765625,
      40.64311981201172,
      45.92306900024414,
      27.675989151000977,
      35.66752624511719,
      15.61220645904541,
      21.135271072387695,
      11.887494087219238,
      13.725761413574219,
      6.266623020172119,
      11.434347152709961
    ],
    [
      8.549500465393066,
      12.82258129119873,
      12.94188404083252,
      8.52417278289795,
      17.796497344970703,
      13.567438125610352,
      24.679567337036133,
      19.207462310791016,
      31.578746795654297,
      27.675989151000977,
      37.24371337890625,
      34.75297546386719,
      28.81290626525879,
      27.963123321533203,
      23.404157638549805,
      20.54087257385254,
      18.09527015686035,
      18.007957458496094
    ],
    [
      7.047301769256592,
      12.942269325256348,
      11.978631973266602,
      12.125691413879395,
      21.575273513793945,
      20.63947296142578,
      31.19426918029785,
      28.45857048034668,
      35.483123779296875,
      35.66752624511719,
      34.75297546386719,
      42.57872772216797,
      24.229907989501953,
      29.51622200012207,
      19.685720443725586,
      20.534133911132812,
      13.123270034790039,
      17.928646087646484
    ],
    [
      4.995265960693359,
      10.830909729003906,
      9.393996238708496,
      4.297844409942627,
      8.625123977661133,
      3.4973790645599365,
      14.132482528686523,
      8.140155792236328,
      20.686250686645508,
      15.61220645904541,
      28.81290626525879,
      24.229907989501953,
      34.169219970703125,
      28.907344818115234,
      28.802316665649414,
      23.254322052001953,
      24.082677841186523,
      20.447315216064453
    ],
    [
      6.1176629066467285,
      10.07077407836914,
      9.99138069152832,
      7.097343921661377,
      13.149253845214844,
      9.78532886505127,
      18.971324920654297,
      14.456352233886719,
      23.81141471862793,
      21.135271072387695,
      27.963123321533203,
      29.51622200012207,
      28.907344818115234,
      33.613426208496094,
      27.03818130493164,
      25.977415084838867,
      22.863805770874023,
      24.109949111938477
    ],
    [
      4.264819622039795,
      10.411714553833008,
      7.168505668640137,
      2.5417699813842773,
      6.2572221755981445,
      1.5033198595046997,
      10.404067039489746,
      6.398475646972656,
      16.01628303527832,
      11.887494087219238,
      23.404157638549805,
      19.685720443725586,
      28.802316665649414,
      27.03818130493164,
      35.96265411376953,
      29.705251693725586,
      37.52585983276367,
      31.42919921875
    ],
    [
      5.1543779373168945,
      9.184465408325195,
      6.817461967468262,
      3.893073320388794,
      7.8320631980896,
      4.957359313964844,
      12.274490356445312,
      9.96773910522461,
      16.001415252685547,
      13.725761413574219,
      20.54087257385254,
      20.534133911132812,
      23.254322052001953,
      25.977415084838867,
      29.705251693725586,
      28.855073928833008,
      30.89876365661621,
      30.52307891845703
    ],
    [
      3.846360683441162,
      11.554454803466797,
      4.478878498077393,
      -0.7067530155181885,
      3.067732095718384,
      -1.3956478834152222,
      4.943331718444824,
      2.575437307357788,
      10.131302833557129,
      6.266623020172119,
      18.09527015686035,
      13.123270034790039,
      24.082677841186523,
      22.863805770874023,
      37.52585983276367,
      30.89876365661621,
      52.720062255859375,
      40.298744201660156
    ],
    [
      5.226027965545654,
      10.425222396850586,
      5.320660591125488,
      2.638415813446045,
      6.582607269287109,
      4.6877055168151855,
      9.83261775970459,
      9.113036155700684,
      13.14643669128418,
      11.434347152709961,
      18.007957458496094,
      17.928646087646484,
      20.447315216064453,
      24.109949111938477,
      31.42919921875,
      30.52307891845703,
      40.298744201660156,
      40.87394332885742
    ]
  ],
  "covariance_short": [
    [
      43.6026611328125,
      14.720279693603516,
      20.004419326782227,
      7.3508524894714355,
      11.766458511352539,
      8.930487632751465,
      10.940457344055176,
      8.863097190856934,
      14.250411987304688,
      11.236740112304688,
      14.894689559936523,
      11.998371124267578,
      16.633113861083984,
      15.381650924682617,
      16.49496078491211,
      17.259389877319336,
      19.872392654418945,
      17.036447525024414
    ],
    [
      14.720279693603516,
      49.49087905883789,
      14.658867835998535,
      18.604421615600586,
      16.67800521850586,
      13.185627937316895,
      15.977665901184082,
      14.431011199951172,
      17.65863609313965,
      15.138605117797852,
      17.387954711914062,
      16.62091636657715,
      16.724817276000977,
      17.43756866455078,
      18.413715362548828,
      17.884695053100586,
      22.066997528076172,
      21.018836975097656
    ],
    [
      20.004419326782227,
      14.658867835998535,
      36.913211822509766,
      24.46222496032715,
      22.54424476623535,
      17.441686630249023,
      19.47195053100586,
      14.726840019226074,
      22.06755828857422,
      17.62617301940918,
      22.045068740844727,
      17.65212631225586,
      23.094940185546875,
      21.07015609741211,
      21.101123809814453,
      20.434490203857422,
      23.888513565063477,
      20.16141128540039
    ],
    [
      7.3508524894714355,
      18.604421615600586,
      24.46222496032715,
      50.43619155883789,
      31.40752410888672,
      28.09635353088379,
      24.884326934814453,
      20.85323143005371,
      22.17240333557129,
      20.995187759399414,
      16.523298263549805,
      17.58375358581543,
      14.354007720947266,
      17.35486602783203,
      13.23834228515625,
      14.264501571655273,
      13.38011360168457,
      14.531344413757324
    ],
    [
      11.766458511352539,
      16.67800521850586,
      22.54424476623535,
      31.40752410888672,
      61.1553955078125,
      43.69692611694336,
      40.02476501464844,
      31.55409049987793,
      38.40333557128906,
      33.22673416137695,
      30.749347686767578,
      29.6871280670166,
      25.800193786621094,
      27.29998779296875,
      22.780263900756836,
      23.16349983215332,
      24.557109832763672,
      22.346820831298828
    ],
    [
      8.930487632751465,
      13.185627937316895,
      17.441686630249023,
      28.09635353088379,
      43.69692611694336,
      49.711666107177734,
      33.890785217285156,
      31.50031089782715,
      31.716815948486328,
      30.325984954833984,
      23.694210052490234,
      26.242271423339844,
      16.227188110351562,
      20.77996063232422,
      12.73365306854248,
      15.25867748260498,
      13.526238441467285,
      15.613869667053223
    ],
    [
      10.940457344055176,
      15.977665901184082,
      19.47195053100586,
      24.884326934814453,
      40.02476501464844,
      33.890785217285156,
      62.06474685668945,
      51.04829025268555,
      48.81158447265625,
      44.07790756225586,
      39.92979049682617,
      41.208072662353516,
      32.19184875488281,
      34.52801513671875,
      28.73436737060547,
      29.41138458251953,
      29.199840545654297,
      26.95008087158203
    ],
    [
      8.863097190856934,
      14.431011199951172,
      14.726840019226074,
      20.85323143005371,
      31.55409049987793,
      31.50031089782715,
      51.04829025268555,
      56.81201171875,
      41.31160354614258,
      40.423397064208984,
      33.455745697021484,
      37.435279846191406,
      23.710344314575195,
      28.54693603515625,
      21.173158645629883,
      23.524507522583008,
      21.575490951538086,
      22.337141036987305
    ],
    [
      14.250411987304688,
      17.65863609313965,
      22.06755828857422,
      22.17240333557129,
      38.40333557128906,
      31.716815948486328,
      48.81158447265625,
      41.31160354614258,
      66.8192138671875,
      56.0178337097168,
      55.33616256713867,
      52.44154739379883,
      48.15071487426758,
      46.88848876953125,
      43.21564865112305,
      42.02568435668945,
      44.93564987182617,
      38.10470962524414
    ],
    [
      11.236740112304688,
      15.138605117797852,
      17.62617301940918,
      20.995187759399414,
      33.22673416137695,
      30.325984954833984,
      44.07790756225586,
      40.423397064208984,
      56.0178337097168,
      58.95317077636719,
      46.200714111328125,
      48.87609100341797,
      37.247074127197266,
      40.517112731933594,
      32.93565368652344,
      34.70219802856445,
      34.251991271972656,
      31.710975646972656
    ],
    [
      14.894689559936523,
      17.387954711914062,
      22.045068740844727,
      16.523298263549805,
      30.749347686767578,
      23.694210052490234,
      39.92979049682617,
      33.455745697021484,
      55.33616256713867,
      46.200714111328125,
      71.93521881103516,
      60.84434509277344,
      67.30813598632812,
      61.6547966003418,
      63.681190490722656,
      58.69059753417969,
      65.30274200439453,
      53.84315490722656
    ],
    [
      11.998371124267578,
      16.62091636657715,
      17.65212631225586,
      17.58375358581543,
      29.6871280670166,
      26.242271423339844,
      41.208072662353516,
      37.435279846191406,
      52.44154739379883,
      48.87609100341797,
      60.84434509277344,
      63.899658203125,
      54.973445892333984,
      58.73603820800781,
      53.01805877685547,
      54.150203704833984,
      54.51731872558594,
      49.47310256958008
    ],
    [
      16.633113861083984,
      16.724817276000977,
      23.094940185546875,
      14.354007720947266,
      25.800193786621094,
      16.227188110351562,
      32.19184875488281,
      23.710344314575195,
      48.15071487426758,
      37.247074127197266,
      67.30813598632812,
      54.973445892333984,
      89.79000091552734,
      75.71099090576172,
      89.73306274414062,
      80.18756103515625,
      93.31513214111328,
      72.42637634277344
    ],
    [
      15.381650924682617,
      17.43756866455078,
      21.07015609741211,
      17.35486602783203,
      27.29998779296875,
      20.77996063232422,
      34.52801513671875,
      28.54693603515625,
      46.88848876953125,
      40.517112731933594,
      61.6547966003418,
      58.73603820800781,
      75.71099090576172,
      79.87490844726562,
      81.84127044677734,
      81.76667785644531,
      89.47465515136719,
      76.71418762207031
    ],
    [
      16.49496078491211,
      18.413715362548828,
      21.101123809814453,
      13.23834228515625,
      22.780263900756836,
      12.73365306854248,
      28.73436737060547,
      21.173158645629883,
      43.21564865112305,
      32.93565368652344,
      63.681190490722656,
      53.01805877685547,
      89.73306274414062,
      81.84127044677734,
      117.17325592041016,
      102.09101104736328,
      126.82424926757812,
      99.84408569335938
    ],
    [
      17.259389877319336,
      17.884695053100586,
      20.434490203857422,
      14.264501571655273,
      23.16349983215332,
      15.25867748260498,
      29.41138458251953,
      23.524507522583008,
      42.02568435668945,
      34.70219802856445,
      58.69059753417969,
      54.150203704833984,
      80.18756103515625,
      81.76667785644531,
      102.09101104736328,
      102.82298278808594,
      118.0568618774414,
      99.59272766113281
    ],
    [
      19.872392654418945,
      22.066997528076172,
      23.888513565063477,
      13.38011360168457,
      24.557109832763672,
      13.526238441467285,
      29.199840545654297,
      21.575490951538086,
      44.93564987182617,
      34.251991271972656,
      65.30274200439453,
      54.51731872558594,
      93.31513214111328,
      89.47465515136719,
      126.82424926757812,
      118.0568618774414,
      163.5054473876953,
      130.67779541015625
    ],
    [
      17.036447525024414,
      21.018836975097656,
      20.16141128540039,
      14.531344413757324,
      22.346820831298828,
      15.613869667053223,
      26.95008087158203,
      22.337141036987305,
      38.10470962524414,
      31.710975646972656,
      53.84315490722656,
      49.47310256958008,
      72.42637634277344,
      76.71418762207031,
      99.84408569335938,
      99.59272766113281,
      130.67779541015625,
      116.77224731445312
    ]
  ],
  "drr": 12.658221244812012,
  "dynamics": 3.514072895050049,
  "format": 1245190,
  "frames": 15417344,
  "loudness": -14.06823444366455,
  "loudness_range": 9.096466064453125,
  "loudness_range_short": 13.470608711242676,
  "peak": 0.6970649361610413,
  "rms": -14.925332069396973,
  "sample_rate": 44100,
  "sections": 1,
  "seekable": 1,
  "sharpness": 3.5172271728515625,
  "space": -8.720465660095215
}