{
  "bands": [
    {
      "high_freq": 148.1999969482422,
      "loudness": -33.23334503173828,
      "loudness_range": 23.828371047973633,
      "mid_mean": -29.540790557861328,
      "mid_to_side_loudness": -49.64902114868164,
      "mid_to_side_loudness_range": 21.83963394165039,
      "side_mean": -68.7718276977539
    },
    {
      "high_freq": 392.3793640136719,
      "loudness": -26.73651885986328,
      "loudness_range": 20.557126998901367,
      "low_freq": 148.1999969482422,
      "mid_mean": -23.108863830566406,
      "mid_to_side_loudness": -57.28916549682617,
      "mid_to_side_loudness_range": 31.004009246826172,
      "side_mean": -69.34317016601562
    },
    {
      "high_freq": 794.6976318359375,
      "loudness": -26.65450096130371,
      "loudness_range": 15.653257369995117,
      "low_freq": 392.3793640136719,
      "mid_mean": -23.112335205078125,
      "mid_to_side_loudness": -52.16789245605469,
      "mid_to_side_loudness_range": 41.60053634643555,
      "side_mean": -69.829833984375
    },
    {
      "high_freq": 1457.5709228515625,
      "loudness": -30.47203254699707,
      "loudness_range": 25.340639114379883,
      "low_freq": 794.6976318359375,
      "mid_mean": -27.054744720458984,
      "mid_to_side_loudness": -50.46665954589844,
      "mid_to_side_loudness_range": 33.356109619140625,
      "side_mean": -69.66773223876953
    },
    {
      "high_freq": 2549.74365234375,
      "loudness": -32.04378128051758,
      "loudness_range": 31.039283752441406,
      "low_freq": 1457.5709228515625,
      "mid_mean": -28.76793670654297,
      "mid_to_side_loudness": -47.58577346801758,
      "mid_to_side_loudness_range": 18.660449981689453,
      "side_mean": -69.22329711914062
    },
    {
      "high_freq": 4349.24462890625,
      "loudness": -34.263099670410156,
      "loudness_range": 25.424264907836914,
      "low_freq": 2549.74365234375,
      "mid_mean": -30.580307006835938,
      "mid_to_side_loudness": -43.62065505981445,
      "mid_to_side_loudness_range": 14.067268371582031,
      "side_mean": -68.07286834716797
    },
    {
      "high_freq": 7314.1640625,
      "loudness": -35.63753890991211,
      "loudness_range": 22.953031539916992,
      "low_freq": 4349.24462890625,
      "mid_mean": -31.9448184967041,
      "mid_to_side_loudness": -40.99241638183594,
      "mid_to_side_loudness_range": 15.430286407470703,
      "side_mean": -66.99978637695312
    },
    {
      "high_freq": 12199.2666015625,
      "loudness": -39.54138946533203,
      "loudness_range": 18.362808227539062,
      "low_freq": 7314.1640625,
      "mid_mean": -35.848854064941406,
      "mid_to_side_loudness": -33.78403091430664,
      "mid_to_side_loudness_range": 10.329532623291016,
      "side_mean": -65.36382293701172
    },
    {
      "loudness": -44.005496978759766,
      "loudness_range": 14.960750579833984,
      "low_freq": 12199.2666015625,
      "mid_mean": -40.3104133605957,
      "mid_to_side_loudness": -30.731792449951172,
      "mid_to_side_loudness_range": 11.596307754516602,
      "side_mean": -66.33197021484375
    }
  ],
  "bands_short": [
    {
      "high_freq": 148.1999969482422,
      "loudness": -36.817386627197266,
      "loudness_range": 25.888957977294922,
      "mid_mean": -33.13107681274414,
      "mid_to_side_loudness": -48.398921966552734,
      "mid_to_side_loudness_range": 27.662151336669922,
      "side_mean": -69.26985168457031
    },
    {
      "high_freq": 392.3793640136719,
      "loudness": -26.332422256469727,
      "loudness_range": 19.455490112304688,
      "low_freq": 148.1999969482422,
      "mid_mean": -22.692209243774414,
      "mid_to_side_loudness": -53.84083938598633,
      "mid_to_side_loudness_range": 31.09200668334961,
      "side_mean": -69.34341430664062
    },
    {
      "high_freq": 794.6976318359375,
      "loudness": -26.011045455932617,
      "loudness_range": 15.270408630371094,
      "low_freq": 392.3793640136719,
      "mid_mean": -22.628530502319336,
      "mid_to_side_loudness": -47.09493637084961,
      "mid_to_side_loudness_range": 46.40184020996094,
      "side_mean": -69.8996810913086
    },
    {
      "high_freq": 1457.5709228515625,
      "loudness": -30.977611541748047,
      "loudness_range": 26.909664154052734,
      "low_freq": 794.6976318359375,
      "mid_mean": -27.59485626220703,
      "mid_to_side_loudness": -45.41646194458008,
      "mid_to_side_loudness_range": 41.278907775878906,
      "side_mean": -69.8283920288086
    },
    {
      "high_freq": 2549.74365234375,
      "loudness": -33.00028991699219,
      "loudness_range": 33.09267044067383,
      "low_freq": 1457.5709228515625,
      "mid_mean": -29.83531951904297,
      "mid_to_side_loudness": -43.46963882446289,
      "mid_to_side_loudness_range": 27.206472396850586,
      "side_mean": -69.63973236083984
    },
    {
      "high_freq": 4349.24462890625,
      "loudness": -35.0421028137207,
      "loudness_range": 26.733592987060547,
      "low_freq": 2549.74365234375,
      "mid_mean": -31.367347717285156,
      "mid_to_side_loudness": -41.816139221191406,
      "mid_to_side_loudness_range": 18.49718475341797,
      "side_mean": -68.74279022216797
    },
    {
      "high_freq": 7314.1640625,
      "loudness": -36.215938568115234,
      "loudness_range": 23.609779357910156,
      "low_freq": 4349.24462890625,
      "mid_mean": -32.51688003540039,
      "mid_to_side_loudness": -39.018184661865234,
      "mid_to_side_loudness_range": 16.442487716674805,
      "side_mean": -67.73311614990234
    },
    {
      "high_freq": 12199.2666015625,
      "loudness": -39.96129608154297,
      "loudness_range": 19.200716018676758,
      "low_freq": 7314.1640625,
      "mid_mean": -36.27884292602539,
      "mid_to_side_loudness": -33.87607955932617,
      "mid_to_side_loudness_range": 11.675308227539062,
      "side_mean": -65.79261779785156
    },
    {
      "loudness": -44.438751220703125,
      "loudness_range": 15.728553771972656,
      "low_freq": 12199.2666015625,
      "mid_mean": -40.741703033447266,
      "mid_to_side_loudness": -31.385759353637695,
      "mid_to_side_loudness_range": 13.176315307617188,
      "side_mean": -66.70059967041016
    }
  ],
  "channels": 2,
  "covariance": [
    [
      66.68142700195312,
      11.888778686523438,
      -4.888372898101807,
      -0.5654655694961548,
      -6.90181827545166,
      -0.02405741438269615,
      -9.429455757141113,
      0.4327429234981537,
      -6.992856979370117,
      0.2812420725822449,
      -9.79476547241211,
      -3.1647160053253174,
      -7.739443778991699,
      -1.3068394660949707,
      -10.164069175720215,
      -6.456178188323975,
      -8.254505157470703,
      -5.550282955169678
    ],
    [
      11.888778686523438,
      5.136780738830566,
      -2.2332451343536377,
      -0.20244255661964417,
      -4.479277610778809,
      0.15872569382190704,
      -5.879333019256592,
      0.415097177028656,
      -5.762021064758301,
      0.5829020738601685,
      -5.51495361328125,
      -0.04400737211108208,
      -4.874001502990723,
      -0.9025437235832214,
      -4.5188398361206055,
      -1.8722927570343018,
      -3.523322105407715,
      -1.3962992429733276
    ],
    [
      -4.888372898101807,
      -2.2332451343536377,
      58.62440490722656,
      4.862421035766602,
      5.573009967803955,
      -0.21250398457050323,
      -4.386873245239258,
      -1.5699164867401123,
      -8.44457721710205,
      -3.2108821868896484,
      -1.5721861124038696,
      -3.884685754776001,
      -0.7388266324996948,
      -4.899251461029053,
      -1.906831979751587,
      -5.871984958648682,
      -1.303047776222229,
      -5.293644428253174
    ],
    [
      -0.5654655694961548,
      -0.20244255661964417,
      4.862421035766602,
      3.1628339290618896,
      -1.3225810527801514,
      0.12138202786445618,
      -1.1373287439346313,
      0.2566877603530884,
      -2.6158652305603027,
      0.45729848742485046,
      -2.2455403804779053,
      0.1933150589466095,
      -2.1462719440460205,
      -0.4606934189796448,
      -1.6412893533706665,
      -0.6982812285423279,
      -1.2871944904327393,
      -0.49575480818748474
    ],
    [
      -6.90181827545166,
      -4.479277610778809,
      5.573009967803955,
      -1.3225810527801514,
      40.19599914550781,
      0.8655090928077698,
      39.21285629272461,
      1.6459633111953735,
      45.413902282714844,
      3.824110746383667,
      37.7222900390625,
      8.213418960571289,
      27.140918731689453,
      13.718313217163086,
      17.148775100708008,
      9.037406921386719,
      8.891529083251953,
      2.5208969116210938
    ],
    [
      -0.02405741438269615,
      0.15872569382190704,
      -0.21250398457050323,
      0.12138202786445618,
      0.8655090928077698,
      0.7963507175445557,
      1.4688233137130737,
      0.7997875809669495,
      2.2570202350616455,
      1.46588134765625,
      1.8294382095336914,
      1.5017009973526,
      1.7041946649551392,
      1.670799970626831,
      1.1792248487472534,
      1.2474548816680908,
      0.5604649782180786,
      0.9280543923377991
    ],
    [
      -9.429455757141113,
      -5.879333019256592,
      -4.386873245239258,
      -1.1373287439346313,
      39.21285629272461,
      1.4688233137130737,
      84.09124755859375,
      3.9938507080078125,
      83.41227722167969,
      7.637948989868164,
      63.206031799316406,
      17.448230743408203,
      43.734649658203125,
      26.023218154907227,
      29.08148765563965,
      18.390832901000977,
      14.25684642791748,
      6.1153082847595215
    ],
    [
      0.4327429234981537,
      0.415097177028656,
      -1.5699164867401123,
      0.2566877603530884,
      1.6459633111953735,
      0.7997875809669495,
      3.9938507080078125,
      2.560309410095215,
      4.937129020690918,
      2.668102979660034,
      3.9050674438476562,
      2.665513277053833,
      3.4842514991760254,
      3.4432053565979004,
      2.343488931655884,
      2.472992181777954,
      0.9696999192237854,
      1.5764822959899902
    ],
    [
      -6.992856979370117,
      -5.762021064758301,
      -8.44457721710205,
      -2.6158652305603027,
      45.413902282714844,
      2.2570202350616455,
      83.41227722167969,
      4.937129020690918,
      118.20832824707031,
      11.847949028015137,
      89.74376678466797,
      24.56319808959961,
      63.408721923828125,
      39.093265533447266,
      40.30250930786133,
      26.69688606262207,
      17.430986404418945,
      8.157108306884766
    ],
    [
      0.2812420725822449,
      0.5829020738601685,
      -3.2108821868896484,
      0.45729848742485046,
      3.824110746383667,
      1.46588134765625,
      7.637948989868164,
      2.668102979660034,
      11.847949028015137,
      7.492435932159424,
      9.020705223083496,
      6.347795486450195,
      6.920153617858887,
      6.65129280090332,
      4.479569911956787,
      4.766694068908691,
      1.4738116264343262,
      2.8779735565185547
    ],
    [
      -9.79476547241211,
      -5.51495361328125,
      -1.5721861124038696,
      -2.2455403804779053,
      37.7222900390625,
      1.8294382095336914,
      63.206031799316406,
      3.9050674438476562,
      89.74376678466797,
      9.020705223083496,
      80.50894927978516,
      20.98525047302246,
      59.71883010864258,
      33.928462982177734,
      39.68167495727539,
      25.844226837158203,
      19.60747528076172,
      9.994284629821777
    ],
    [
      -3.1647160053253174,
      -0.04400737211108208,
      -3.884685754776001,
      0.1933150589466095,
      8.213418960571289,
      1.5017009973526,
      17.448230743408203,
      2.665513277053833,
      24.56319808959961,
      6.347795486450195,
      20.98525047302246,
      14.116913795471191,
      13.647712707519531,
      11.000585556030273,
      8.487104415893555,
      7.431077003479004,
      2.706613779067993,
      2.789389133453369
    ],
    [
      -7.739443778991699,
      -4.874001502990723,
      -0.7388266324996948,
      -2.1462719440460205,
      27.140918731689453,
      1.7041946649551392,
      43.734649658203125,
      3.4842514991760254,
      63.408721923828125,
      6.920153617858887,
      59.71883010864258,
      13.647712707519531,
      56.32745361328125,
      31.90578842163086,
      38.991050720214844,
      26.205711364746094,
      23.41536521911621,
      14.207963943481445
    ],
    [
      -1.3068394660949707,
      -0.9025437235832214,
      -4.899251461029053,
      -0.4606934189796448,
      13.718313217163086,
      1.670799970626831,
      26.023218154907227,
      3.4432053565979004,
      39.093265533447266,
      6.65129280090332,
      33.928462982177734,
      11.000585556030273,
      31.90578842163086,
      25.717700958251953,
      19.22480010986328,
      15.978981971740723,
      8.91546630859375,
      7.13175106048584
    ],
    [
      -10.164069175720215,
      -4.5188398361206055,
      -1.906831979751587,
      -1.6412893533706665,
      17.148775100708008,
      1.1792248487472534,
      29.08148765563965,
      2.343488931655884,
      40.30250930786133,
      4.479569911956787,
      39.68167495727539,
      8.487104415893555,
      38.991050720214844,
      19.22480010986328,
      36.00541305541992,
      24.47194480895996,
      25.87140655517578,
      16.59151268005371
    ],
    [
      -6.456178188323975,
      -1.8722927570343018,
      -5.871984958648682,
      -0.6982812285423279,
      9.037406921386719,
      1.2474548816680908,
      18.390832901000977,
      2.472992181777954,
      26.69688606262207,
      4.766694068908691,
      25.844226837158203,
      7.431077003479004,
      26.205711364746094,
      15.978981971740723,
      24.47194480895996,
      20.147632598876953,
      17.19703483581543,
      13.106460571289062
    ],
    [
      -8.254505157470703,
      -3.523322105407715,
      -1.303047776222229,
      -1.2871944904327393,
      8.891529083251953,
      0.5604649782180786,
      14.25684642791748,
      0.9696999192237854,
      17.430986404418945,
      1.4738116264343262,
      19.60747528076172,
      2.706613779067993,
      23.41536521911621,
      8.91546630859375,
      25.87140655517578,
      17.19703483581543,
      25.53643226623535,
      16.003196716308594
    ],
    [
      -5.550282955169678,
      -1.3962992429733276,
      -5.293644428253174,
      -0.49575480818748474,
      2.5208969116210938,
      0.9280543923377991,
      6.1153082847595215,
      1.5764822959899902,
      8.157108306884766,
      2.8779735565185547,
      9.994284629821777,
      2.789389133453369,
      14.207963943481445,
      7.13175106048584,
      16.59151268005371,
      13.106460571289062,
      16.003196716308594,
      13.273967742919922
    ]
  ],
  "covariance_short": [
    [
      72.2169418334961,
      8.631921768188477,
      16.61372184753418,
      3.6644344329833984,
      -6.74523401260376,
      -0.020873671397566795,
      -8.65839672088623,
      0.2898257374763489,
      -8.287492752075195,
      0.1883096694946289,
      -10.536608695983887,
      -2.6476473808288574,
      -6.718149662017822,
      -1.3274139165878296,
      -8.334328651428223,
      -5.232220649719238,
      -5.494114875793457,
      -3.8291800022125244
    ],
    [
      8.631921768188477,
      4.306293964385986,
      1.1906038522720337,
      1.2283204793930054,
      -2.4753949642181396,
      0.2185966670513153,
      -3.9459550380706787,
      0.31038060784339905,
      -4.2816572189331055,
      0.5466609001159668,
      -4.000799179077148,
      0.22508162260055542,
      -3.4445791244506836,
      -0.3100625276565552,
      -3.073030948638916,
      -1.031182885169983,
      -2.296651601791382,
      -0.6721181273460388
    ],
    [
      16.61372184753418,
      1.1906038522720337,
      50.272300720214844,
      4.326029300689697,
      7.488569259643555,
      -0.0640878826379776,
      -3.262885093688965,
      -0.6049646139144897,
      -7.827483177185059,
      -0.7852871417999268,
      -4.346602439880371,
      -2.553274631500244,
      -2.8864057064056396,
      -3.198331356048584,
      -4.839917182922363,
      -6.196256637573242,
      -4.4445013999938965,
      -5.612767696380615
    ],
    [
      3.6644344329833984,
      1.2283204793930054,
      4.326029300689697,
      4.497600078582764,
      -2.4008145332336426,
      0.3258240818977356,
      -2.057304620742798,
      0.39530056715011597,
      -3.6155478954315186,
      0.7469348907470703,
      -3.379819631576538,
      0.4236886501312256,
      -2.893540143966675,
      -0.028921028599143028,
      -2.579174757003784,
      -0.726336658000946,
      -1.9220741987228394,
      -0.3493555784225464
    ],
    [
      -6.74523401260376,
      -2.4753949642181396,
      7.488569259643555,
      -2.4008145332336426,
      44.62981414794922,
      0.4813403785228729,
      35.12323760986328,
      0.7924085259437561,
      46.862545013427734,
      1.5633219480514526,
      39.53905487060547,
      4.983949184417725,
      26.959604263305664,
      10.105331420898438,
      17.23555564880371,
      7.532308101654053,
      8.786174774169922,
      1.140439748764038
    ],
    [
      -0.020873671397566795,
      0.2185966670513153,
      -0.0640878826379776,
      0.3258240818977356,
      0.4813403785228729,
      0.8121458292007446,
      0.7569823861122131,
      0.662066638469696,
      1.2797572612762451,
      1.1473515033721924,
      1.0119872093200684,
      1.1970534324645996,
      0.9284639358520508,
      1.2585574388504028,
      0.6194003820419312,
      0.901421070098877,
      0.24618248641490936,
      0.8261297941207886
    ],
    [
      -8.65839672088623,
      -3.9459550380706787,
      -3.262885093688965,
      -2.057304620742798,
      35.12323760986328,
      0.7569823861122131,
      91.19499206542969,
      2.1411030292510986,
      89.62932586669922,
      3.525163412094116,
      66.46746826171875,
      11.692848205566406,
      44.07339096069336,
      20.746536254882812,
      28.800254821777344,
      16.115821838378906,
      13.933390617370605,
      3.8923473358154297
    ],
    [
      0.2898257374763489,
      0.31038060784339905,
      -0.6049646139144897,
      0.39530056715011597,
      0.7924085259437561,
      0.662066638469696,
      2.1411030292510986,
      1.9015246629714966,
      2.5637283325195312,
      1.7144687175750732,
      1.9245668649673462,
      1.7128021717071533,
      1.6149977445602417,
      2.0416417121887207,
      1.0941251516342163,
      1.4721310138702393,
      0.4139634966850281,
      1.1986478567123413
    ],
    [
      -8.287492752075195,
      -4.2816572189331055,
      -7.827483177185059,
      -3.6155478954315186,
      46.862545013427734,
      1.2797572612762451,
      89.62932586669922,
      2.5637283325195312,
      131.7402801513672,
      5.782806396484375,
      97.7646713256836,
      17.369932174682617,
      66.7208480834961,
      32.35298538208008,
      42.80870819091797,
      25.110078811645508,
      18.867454528808594,
      5.977429389953613
    ],
    [
      0.1883096694946289,
      0.5466609001159668,
      -0.7852871417999268,
      0.7469348907470703,
      1.5633219480514526,
      1.1473515033721924,
      3.525163412094116,
      1.7144687175750732,
      5.782806396484375,
      4.835638999938965,
      4.318519592285156,
      3.788558006286621,
      3.0455095767974854,
      3.654844045639038,
      1.8847259283065796,
      2.553887128829956,
      0.5019977688789368,
      2.0310897827148438
    ],
    [
      -10.536608695983887,
      -4.000799179077148,
      -4.346602439880371,
      -3.379819631576538,
      39.53905487060547,
      1.0119872093200684,
      66.46746826171875,
      1.9245668649673462,
      97.7646713256836,
      4.318519592285156,
      88.50831604003906,
      14.949054718017578,
      63.88043212890625,
      28.16748809814453,
      43.250038146972656,
      25.006196975708008,
      22.1953125,
      8.809146881103516
    ],
    [
      -2.6476473808288574,
      0.22508162260055542,
      -2.553274631500244,
      0.4236886501312256,
      4.983949184417725,
      1.1970534324645996,
      11.692848205566406,
      1.7128021717071533,
      17.369932174682617,
      3.788558006286621,
      14.949054718017578,
      12.646080017089844,
      9.070418357849121,
      7.833180904388428,
      5.5394673347473145,
      5.353050708770752,
      1.3491027355194092,
      2.0397675037384033
    ],
    [
      -6.718149662017822,
      -3.4445791244506836,
      -2.8864057064056396,
      -2.893540143966675,
      26.959604263305664,
      0.9284639358520508,
      44.07339096069336,
      1.6149977445602417,
      66.7208480834961,
      3.0455095767974854,
      63.88043212890625,
      9.070418357849121,
      58.26160430908203,
      25.70353889465332,
      40.80691146850586,
      24.545072555541992,
      24.955049514770508,
      12.818622589111328
    ],
    [
      -1.3274139165878296,
      -0.3100625276565552,
      -3.198331356048584,
      -0.028921028599143028,
      10.105331420898438,
      1.2585574388504028,
      20.746536254882812,
      2.0416417121887207,
      32.35298538208008,
      3.654844045639038,
      28.16748809814453,
      7.833180904388428,
      25.70353889465332,
      23.825857162475586,
      15.277302742004395,
      13.47134017944336,
      6.595778465270996,
      5.794898986816406
    ],
    [
      -8.334328651428223,
      -3.073030948638916,
      -4.839917182922363,
      -2.579174757003784,
      17.23555564880371,
      0.6194003820419312,
      28.800254821777344,
      1.0941251516342163,
      42.80870819091797,
      1.8847259283065796,
      43.250038146972656,
      5.5394673347473145,
      40.80691146850586,
      15.277302742004395,
      39.205665588378906,
      24.017976760864258,
      28.37342071533203,
      16.105695724487305
    ],
    [
      -5.232220649719238,
      -1.031182885169983,
      -6.196256637573242,
      -0.726336658000946,
      7.532308101654053,
      0.901421070098877,
      16.115821838378906,
      1.4721310138702393,
      25.110078811645508,
      2.553887128829956,
      25.006196975708008,
      5.353050708770752,
      24.545072555541992,
      13.47134017944336,
      24.017976760864258,
      21.124696731567383,
      16.851747512817383,
      12.556413650512695
    ],
    [
      -5.494114875793457,
      -2.296651601791382,
      -4.4445013999938965,
      -1.9220741987228394,
      8.786174774169922,
      0.24618248641490936,
      13.933390617370605,
      0.4139634966850281,
      18.867454528808594,
      0.5019977688789368,
      22.1953125,
      1.3491027355194092,
      24.955049514770508,
      6.595778465270996,
      28.37342071533203,
      16.851747512817383,
      28.386756896972656,
      16.057552337646484
    ],
    [
      -3.8291800022125244,
      -0.6721181273460388,
      -5.612767696380615,
      -0.3493555784225464,
      1.140439748764038,
      0.8261297941207886,
      3.8923473358154297,
      1.1986478567123413,
      5.977429389953613,
      2.0310897827148438,
      8.809146881103516,
      2.0397675037384033,
      12.818622589111328,
      5.794898986816406,
      16.105695724487305,
      12.556413650512695,
      16.057552337646484,
      14.262733459472656
    ]
  ],
  "drr": 9.729663848876953,
  "dynamics": 3.88747501373291,
  "format": 1245190,
  "frames": 9160704,
  "loudness": -14.457525253295898,
  "loudness_range": 11.126335144042969,
  "loudness_range_short": 13.84780216217041,
  "peak": 0.1664121299982071,
  "rms": -16.532733917236328,
  "sample_rate": 44100,
  "sections": 1,
  "seekable": 1,
  "sharpness": 2.7537007331848145,
  "space": -49.16865539550781
}