{
  "bands": [
    {
      "high_freq": 148.1999969482422,
      "loudness": -18.84053611755371,
      "loudness_range": 17.367420196533203,
      "mid_mean": -15.250507354736328,
      "mid_to_side_loudness": -28.034801483154297,
      "mid_to_side_loudness_range": 23.597681045532227,
      "side_mean": -44.23940658569336
    },
    {
      "high_freq": 392.3793640136719,
      "loudness": -22.476884841918945,
      "loudness_range": 10.896652221679688,
      "low_freq": 148.1999969482422,
      "mid_mean": -19.15084457397461,
      "mid_to_side_loudness": -14.213708877563477,
      "mid_to_side_loudness_range": 16.401092529296875,
      "side_mean": -33.33560562133789
    },
    {
      "high_freq": 794.6976318359375,
      "loudness": -25.9677791595459,
      "loudness_range": 14.955770492553711,
      "low_freq": 392.3793640136719,
      "mid_mean": -22.840425491333008,
      "mid_to_side_loudness": -10.98989200592041,
      "mid_to_side_loudness_range": 14.371055603027344,
      "side_mean": -33.86936569213867
    },
    {
      "high_freq": 1457.5709228515625,
      "loudness": -30.743873596191406,
      "loudness_range": 23.125011444091797,
      "low_freq": 794.6976318359375,
      "mid_mean": -27.609926223754883,
      "mid_to_side_loudness": -11.350589752197266,
      "mid_to_side_loudness_range": 16.312541961669922,
      "side_mean": -39.216087341308594
    },
    {
      "high_freq": 2549.74365234375,
      "loudness": -33.32831954956055,
      "loudness_range": 21.355180740356445,
      "low_freq": 1457.5709228515625,
      "mid_mean": -30.288066864013672,
      "mid_to_side_loudness": -11.686809539794922,
      "mid_to_side_loudness_range": 16.26180076599121,
      "side_mean": -42.26362609863281
    },
    {
      "high_freq": 4349.24462890625,
      "loudness": -34.66668701171875,
      "loudness_range": 18.917253494262695,
      "low_freq": 2549.74365234375,
      "mid_mean": -31.524248123168945,
      "mid_to_side_loudness": -11.888487815856934,
      "mid_to_side_loudness_range": 14.7490873336792,
      "side_mean": -43.302032470703125
    },
    {
      "high_freq": 7314.1640625,
      "loudness": -35.6612663269043,
      "loudness_range": 15.11274528503418,
      "low_freq": 4349.24462890625,
      "mid_mean": -32.36702346801758,
      "mid_to_side_loudness": -11.596538543701172,
      "mid_to_side_loudness_range": 11.20919132232666,
      "side_mean": -43.88888931274414
    },
    {
      "high_freq": 12199.2666015625,
      "loudness": -36.29624938964844,
      "loudness_range": 13.836067199707031,
      "low_freq": 7314.1640625,
      "mid_mean": -33.06135940551758,
      "mid_to_side_loudness": -10.651938438415527,
      "mid_to_side_loudness_range": 9.012495040893555,
      "side_mean": -43.67399597167969
    },
    {
      "loudness": -42.616188049316406,
      "loudness_range": 12.111957550048828,
      "low_freq": 12199.2666015625,
      "mid_mean": -39.3867301940918,
      "mid_to_side_loudness": -10.165843963623047,
      "mid_to_side_loudness_range": 7.565155982971191,
      "side_mean": -49.771793365478516
    }
  ],
  "bands_short": [
    {
      "high_freq": 148.1999969482422,
      "loudness": -21.469514846801758,
      "loudness_range": 24.876197814941406,
      "mid_mean": -18.08234405517578,
      "mid_to_side_loudness": -27.267017364501953,
      "mid_to_side_loudness_range": 33.26352310180664,
      "side_mean": -49.095359802246094
    },
    {
      "high_freq": 392.3793640136719,
      "loudness": -22.813879013061523,
      "loudness_range": 14.549437522888184,
      "low_freq": 148.1999969482422,
      "mid_mean": -19.516956329345703,
      "mid_to_side_loudness": -15.001300811767578,
      "mid_to_side_loudness_range": 20.946575164794922,
      "side_mean": -34.76735305786133
    },
    {
      "high_freq": 794.6976318359375,
      "loudness": -27.355669021606445,
      "loudness_range": 18.32282257080078,
      "low_freq": 392.3793640136719,
      "mid_mean": -24.33230209350586,
      "mid_to_side_loudness": -10.846085548400879,
      "mid_to_side_loudness_range": 17.30376434326172,
      "side_mean": -35.221336364746094
    },
    {
      "high_freq": 1457.5709228515625,
      "loudness": -32.006629943847656,
      "loudness_range": 28.507036209106445,
      "low_freq": 794.6976318359375,
      "mid_mean": -29.076631546020508,
      "mid_to_side_loudness": -10.537248611450195,
      "mid_to_side_loudness_range": 18.953920364379883,
      "side_mean": -39.950809478759766
    },
    {
      "high_freq": 2549.74365234375,
      "loudness": -36.20176696777344,
      "loudness_range": 27.996265411376953,
      "low_freq": 1457.5709228515625,
      "mid_mean": -33.33033752441406,
      "mid_to_side_loudness": -10.230929374694824,
      "mid_to_side_loudness_range": 17.116867065429688,
      "side_mean": -44.068504333496094
    },
    {
      "high_freq": 4349.24462890625,
      "loudness": -37.20684051513672,
      "loudness_range": 26.574703216552734,
      "low_freq": 2549.74365234375,
      "mid_mean": -34.201168060302734,
      "mid_to_side_loudness": -11.003408432006836,
      "mid_to_side_loudness_range": 15.39655590057373,
      "side_mean": -45.325748443603516
    },
    {
      "high_freq": 7314.1640625,
      "loudness": -39.75445556640625,
      "loudness_range": 26.02246856689453,
      "low_freq": 4349.24462890625,
      "mid_mean": -36.66828536987305,
      "mid_to_side_loudness": -11.661144256591797,
      "mid_to_side_loudness_range": 15.183688163757324,
      "side_mean": -48.746097564697266
    },
    {
      "high_freq": 12199.2666015625,
      "loudness": -40.60006332397461,
      "loudness_range": 25.805191040039062,
      "low_freq": 7314.1640625,
      "mid_mean": -37.64121627807617,
      "mid_to_side_loudness": -11.341764450073242,
      "mid_to_side_loudness_range": 14.618071556091309,
      "side_mean": -50.460723876953125
    },
    {
      "loudness": -48.03714370727539,
      "loudness_range": 27.40522003173828,
      "low_freq": 12199.2666015625,
      "mid_mean": -45.54857635498047,
      "mid_to_side_loudness": -10.657093048095703,
      "mid_to_side_loudness_range": 14.607251167297363,
      "side_mean": -56.27781677246094
    }
  ],
  "channels": 2,
  "covariance": [
    [
      44.19133377075195,
      28.594953536987305,
      8.480051040649414,
      10.717314720153809,
      9.588668823242188,
      11.47380256652832,
      9.722524642944336,
      11.880805969238281,
      8.503674507141113,
      12.728877067565918,
      7.209033489227295,
      11.833494186401367,
      6.403297424316406,
      10.346038818359375,
      5.834502696990967,
      9.526010513305664,
      3.5560927391052246,
      7.403538227081299
    ],
    [
      28.594953536987305,
      69.93905639648438,
      12.146621704101562,
      23.35654067993164,
      13.634330749511719,
      18.09662628173828,
      16.987472534179688,
      20.30224609375,
      18.64658546447754,
      25.015100479125977,
      16.9815731048584,
      18.11034393310547,
      13.625944137573242,
      15.028597831726074,
      11.34876823425293,
      15.008879661560059,
      5.972456932067871,
      9.638384819030762
    ],
    [
      8.480051040649414,
      12.146621704101562,
      19.75568962097168,
      20.069414138793945,
      14.278462409973145,
      14.776642799377441,
      17.470375061035156,
      17.477643966674805,
      20.734355926513672,
      18.469173431396484,
      21.192026138305664,
      17.18120574951172,
      16.795434951782227,
      14.122224807739258,
      12.03295612335205,
      13.143111228942871,
      6.5468010902404785,
      8.5321626663208
    ],
    [
      10.717314720153809,
      23.35654067993164,
      20.069414138793945,
      53.9304313659668,
      21.240699768066406,
      38.092987060546875,
      25.657339096069336,
      46.63872146606445,
      30.41074562072754,
      48.511940002441406,
      28.38324546813965,
      39.821311950683594,
      20.56260108947754,
      27.70172691345215,
      15.865031242370605,
      25.50425148010254,
      8.997812271118164,
      15.910724639892578
    ],
    [
      9.588668823242188,
      13.634330749511719,
      14.278462409973145,
      21.240699768066406,
      31.031221389770508,
      32.849143981933594,
      31.69573211669922,
      37.17298126220703,
      29.00824737548828,
      34.8167610168457,
      23.218448638916016,
      25.924297332763672,
      15.686727523803711,
      17.111608505249023,
      13.055624008178711,
      16.25023078918457,
      7.707110404968262,
      11.303696632385254
    ],
    [
      11.47380256652832,
      18.09662628173828,
      14.776642799377441,
      38.092987060546875,
      32.849143981933594,
      61.7422981262207,
      38.25371170043945,
      66.09477996826172,
      35.79353713989258,
      59.57220458984375,
      29.427852630615234,
      45.73310470581055,
      18.974605560302734,
      27.22343635559082,
      15.624603271484375,
      25.16919708251953,
      10.533644676208496,
      18.381683349609375
    ],
    [
      9.722524642944336,
      16.987472534179688,
      17.470375061035156,
      25.657339096069336,
      31.69573211669922,
      38.25371170043945,
      57.69369125366211,
      61.315086364746094,
      46.135746002197266,
      51.081424713134766,
      34.68605041503906,
      35.859092712402344,
      22.38186264038086,
      22.369873046875,
      17.633522033691406,
      21.205875396728516,
      10.173225402832031,
      14.361336708068848
    ],
    [
      11.880805969238281,
      20.30224609375,
      17.477643966674805,
      46.63872146606445,
      37.17298126220703,
      66.09477996826172,
      61.315086364746094,
      102.69617462158203,
      51.19780731201172,
      82.48763275146484,
      38.285099029541016,
      59.85963821411133,
      23.4079647064209,
      34.615509033203125,
      19.229766845703125,
      31.604652404785156,
      12.726987838745117,
      22.572690963745117
    ],
    [
      8.503674507141113,
      18.64658546447754,
      20.734355926513672,
      30.41074562072754,
      29.00824737548828,
      35.79353713989258,
      46.135746002197266,
      51.19780731201172,
      60.500328063964844,
      56.836551666259766,
      44.1088752746582,
      40.273319244384766,
      30.2174072265625,
      27.50319480895996,
      21.156177520751953,
      24.106611251831055,
      10.3294677734375,
      14.490900993347168
    ],
    [
      12.728877067565918,
      25.015100479125977,
      18.469173431396484,
      48.511940002441406,
      34.8167610168457,
      59.57220458984375,
      51.081424713134766,
      82.48763275146484,
      56.836551666259766,
      93.84355163574219,
      42.413002014160156,
      65.23493957519531,
      25.75346565246582,
      38.21640396118164,
      21.386066436767578,
      33.77099609375,
      13.704415321350098,
      22.983354568481445
    ],
    [
      7.209033489227295,
      16.9815731048584,
      21.192026138305664,
      28.38324546813965,
      23.218448638916016,
      29.427852630615234,
      34.68605041503906,
      38.285099029541016,
      44.1088752746582,
      42.413002014160156,
      50.70892333984375,
      42.05173873901367,
      33.2401008605957,
      28.140554428100586,
      23.408676147460938,
      23.774005889892578,
      12.785506248474121,
      14.732169151306152
    ],
    [
      11.833494186401367,
      18.11034393310547,
      17.18120574951172,
      39.821311950683594,
      25.924297332763672,
      45.73310470581055,
      35.859092712402344,
      59.85963821411133,
      40.273319244384766,
      65.23493957519531,
      42.05173873901367,
      62.04500198364258,
      25.603633880615234,
      36.487205505371094,
      20.762420654296875,
      29.832210540771484,
      13.436126708984375,
      20.44814109802246
    ],
    [
      6.403297424316406,
      13.625944137573242,
      16.795434951782227,
      20.56260108947754,
      15.686727523803711,
      18.974605560302734,
      22.38186264038086,
      23.4079647064209,
      30.2174072265625,
      25.75346565246582,
      33.2401008605957,
      25.603633880615234,
      31.458881378173828,
      25.872404098510742,
      24.044519424438477,
      24.199674606323242,
      13.916035652160645,
      15.7493314743042
    ],
    [
      10.346038818359375,
      15.028597831726074,
      14.122224807739258,
      27.70172691345215,
      17.111608505249023,
      27.22343635559082,
      22.369873046875,
      34.615509033203125,
      27.50319480895996,
      38.21640396118164,
      28.140554428100586,
      36.487205505371094,
      25.872404098510742,
      34.366310119628906,
      21.894412994384766,
      30.1359920501709,
      13.678729057312012,
      20.41425323486328
    ],
    [
      5.834502696990967,
      11.34876823425293,
      12.03295612335205,
      15.865031242370605,
      13.055624008178711,
      15.624603271484375,
      17.633522033691406,
      19.229766845703125,
      21.156177520751953,
      21.386066436767578,
      23.408676147460938,
      20.762420654296875,
      24.044519424438477,
      21.894412994384766,
      26.90058708190918,
      25.64398765563965,
      18.265701293945312,
      18.578723907470703
    ],
    [
      9.526010513305664,
      15.008879661560059,
      13.143111228942871,
      25.50425148010254,
      16.25023078918457,
      25.16919708251953,
      21.205875396728516,
      31.604652404785156,
      24.106611251831055,
      33.77099609375,
      23.774005889892578,
      29.832210540771484,
      24.199674606323242,
      30.1359920501709,
      25.64398765563965,
      33.715354919433594,
      17.390851974487305,
      23.723312377929688
    ],
    [
      3.5560927391052246,
      5.972456932067871,
      6.5468010902404785,
      8.997812271118164,
      7.707110404968262,
      10.533644676208496,
      10.173225402832031,
      12.726987838745117,
      10.3294677734375,
      13.704415321350098,
      12.785506248474121,
      13.436126708984375,
      13.916035652160645,
      13.678729057312012,
      18.265701293945312,
      17.390851974487305,
      20.034465789794922,
      18.503646850585938
    ],
    [
      7.403538227081299,
      9.638384819030762,
      8.5321626663208,
      15.910724639892578,
      11.303696632385254,
      18.381683349609375,
      14.361336708068848,
      22.572690963745117,
      14.490900993347168,
      22.983354568481445,
      14.732169151306152,
      20.44814109802246,
      15.7493314743042,
      20.41425323486328,
      18.578723907470703,
      23.723312377929688,
      18.503646850585938,
      28.225589752197266
    ]
  ],
  "covariance_short": [
    [
      85.4558334350586,
      35.82038116455078,
      15.423328399658203,
      10.291356086730957,
      9.93309497833252,
      9.395332336425781,
      11.019940376281738,
      12.595076560974121,
      10.101372718811035,
      12.951464653015137,
      7.696840763092041,
      13.402993202209473,
      10.280116081237793,
      15.702078819274902,
      9.834431648254395,
      15.971933364868164,
      13.127440452575684,
      15.561383247375488
    ],
    [
      35.82038116455078,
      109.91600036621094,
      15.233105659484863,
      25.503463745117188,
      14.864086151123047,
      18.812929153442383,
      19.176097869873047,
      21.876108169555664,
      22.644359588623047,
      26.76939582824707,
      18.02564811706543,
      19.77252960205078,
      13.776839256286621,
      16.61968994140625,
      9.840354919433594,
      16.227258682250977,
      8.429241180419922,
      9.443117141723633
    ],
    [
      15.423328399658203,
      15.233105659484863,
      31.53801918029785,
      21.714677810668945,
      19.33016586303711,
      16.58980941772461,
      22.551435470581055,
      19.191526412963867,
      26.52155113220215,
      21.213193893432617,
      25.270015716552734,
      22.61187744140625,
      22.889938354492188,
      23.395349502563477,
      16.835763931274414,
      20.906564712524414,
      18.839242935180664,
      18.65167999267578
    ],
    [
      10.291356086730957,
      25.503463745117188,
      21.714677810668945,
      64.24542236328125,
      26.101051330566406,
      42.299068450927734,
      32.61556625366211,
      49.607696533203125,
      37.8461799621582,
      51.8022346496582,
      34.030372619628906,
      45.47587203979492,
      24.21723175048828,
      37.52016067504883,
      17.02554702758789,
      36.11087417602539,
      16.066486358642578,
      26.163463592529297
    ],
    [
      9.93309497833252,
      14.864086151123047,
      19.33016586303711,
      26.101051330566406,
      43.82638168334961,
      39.391014099121094,
      43.21189498901367,
      44.00144577026367,
      40.51641845703125,
      41.80379867553711,
      32.07366943359375,
      34.66128921508789,
      24.085309982299805,
      29.5892333984375,
      20.095338821411133,
      27.742109298706055,
      19.963603973388672,
      21.532955169677734
    ],
    [
      9.395332336425781,
      18.812929153442383,
      16.58980941772461,
      42.299068450927734,
      39.391014099121094,
      72.8478775024414,
      49.89385986328125,
      72.6260986328125,
      46.54920196533203,
      66.97199249267578,
      38.049713134765625,
      54.95823287963867,
      25.528308868408203,
      42.851749420166016,
      22.48643684387207,
      42.57056427001953,
      21.247325897216797,
      32.178871154785156
    ],
    [
      11.019940376281738,
      19.176097869873047,
      22.551435470581055,
      32.61556625366211,
      43.21189498901367,
      49.89385986328125,
      89.54965209960938,
      80.42619323730469,
      71.32234191894531,
      69.63259887695312,
      53.84390640258789,
      55.823184967041016,
      40.82044982910156,
      46.67938995361328,
      35.629112243652344,
      45.42195510864258,
      35.184059143066406,
      36.176979064941406
    ],
    [
      12.595076560974121,
      21.876108169555664,
      19.191526412963867,
      49.607696533203125,
      44.00144577026367,
      72.6260986328125,
      80.42619323730469,
      118.63218688964844,
      69.00274658203125,
      94.1904525756836,
      52.99905014038086,
      74.6451187133789,
      36.44172286987305,
      58.28961944580078,
      32.81088638305664,
      57.73551940917969,
      31.689542770385742,
      44.61130905151367
    ],
    [
      10.101372718811035,
      22.644359588623047,
      26.52155113220215,
      37.8461799621582,
      40.51641845703125,
      46.54920196533203,
      71.32234191894531,
      69.00274658203125,
      95.3124008178711,
      79.80477905273438,
      70.82112121582031,
      64.93199157714844,
      55.75353240966797,
      56.88844299316406,
      43.66770935058594,
      53.033103942871094,
      41.002845764160156,
      41.170127868652344
    ],
    [
      12.951464653015137,
      26.76939582824707,
      21.213193893432617,
      51.8022346496582,
      41.80379867553711,
      66.97199249267578,
      69.63259887695312,
      94.1904525756836,
      79.80477905273438,
      110.10934448242188,
      61.59514617919922,
      83.8524398803711,
      44.06995391845703,
      67.823486328125,
      37.54848098754883,
      64.77873229980469,
      36.59722137451172,
      49.40449905395508
    ],
    [
      7.696840763092041,
      18.02564811706543,
      25.270015716552734,
      34.030372619628906,
      32.07366943359375,
      38.049713134765625,
      53.84390640258789,
      52.99905014038086,
      70.82112121582031,
      61.59514617919922,
      82.94622802734375,
      69.49982452392578,
      63.69605255126953,
      61.017730712890625,
      50.15998458862305,
      55.499271392822266,
      47.019168853759766,
      43.48979187011719
    ],
    [
      13.402993202209473,
      19.77252960205078,
      22.61187744140625,
      45.47587203979492,
      34.66128921508789,
      54.95823287963867,
      55.823184967041016,
      74.6451187133789,
      64.93199157714844,
      83.8524398803711,
      69.49982452392578,
      91.66670989990234,
      52.240623474121094,
      74.46031951904297,
      44.74237823486328,
      69.0596923828125,
      45.227088928222656,
      54.61369705200195
    ],
    [
      10.280116081237793,
      13.776839256286621,
      22.889938354492188,
      24.21723175048828,
      24.085309982299805,
      25.528308868408203,
      40.82044982910156,
      36.44172286987305,
      55.75353240966797,
      44.06995391845703,
      63.69605255126953,
      52.240623474121094,
      79.75166320800781,
      70.78924560546875,
      68.32611846923828,
      71.8661880493164,
      65.99699401855469,
      60.840362548828125
    ],
    [
      15.702078819274902,
      16.61968994140625,
      23.395349502563477,
      37.52016067504883,
      29.5892333984375,
      42.851749420166016,
      46.67938995361328,
      58.28961944580078,
      56.88844299316406,
      67.823486328125,
      61.017730712890625,
      74.46031951904297,
      70.78924560546875,
      98.14845275878906,
      67.80347442626953,
      98.79254150390625,
      70.9153060913086,
      82.49304962158203
    ],
    [
      9.834431648254395,
      9.840354919433594,
      16.835763931274414,
      17.02554702758789,
      20.095338821411133,
      22.48643684387207,
      35.629112243652344,
      32.81088638305664,
      43.66770935058594,
      37.54848098754883,
      50.15998458862305,
      44.74237823486328,
      68.32611846923828,
      67.80347442626953,
      82.88404083251953,
      80.79200744628906,
      77.65293884277344,
      69.47623443603516
    ],
    [
      15.971933364868164,
      16.227258682250977,
      20.906564712524414,
      36.11087417602539,
      27.742109298706055,
      42.57056427001953,
      45.42195510864258,
      57.73551940917969,
      53.033103942871094,
      64.77873229980469,
      55.499271392822266,
      69.0596923828125,
      71.8661880493164,
      98.79254150390625,
      80.79200744628906,
      126.66242980957031,
      83.95547485351562,
      104.06488800048828
    ],
    [
      13.127440452575684,
      8.429241180419922,
      18.839242935180664,
      16.066486358642578,
      19.963603973388672,
      21.247325897216797,
      35.184059143066406,
      31.689542770385742,
      41.002845764160156,
      36.59722137451172,
      47.019168853759766,
      45.227088928222656,
      65.99699401855469,
      70.9153060913086,
      77.65293884277344,
      83.95547485351562,
      94.85794067382812,
      81.95632934570312
    ],
    [
      15.561383247375488,
      9.443117141723633,
      18.65167999267578,
      26.163463592529297,
      21.532955169677734,
      32.178871154785156,
      36.176979064941406,
      44.61130905151367,
      41.170127868652344,
      49.40449905395508,
      43.48979187011719,
      54.61369705200195,
      60.840362548828125,
      82.49304962158203,
      69.47623443603516,
      104.06488800048828,
      81.95632934570312,
      97.48667907714844
    ]
  ],
  "drr": 14.330592155456543,
  "dynamics": 3.540545701980591,
  "format": 1245190,
  "frames": 12695552,
  "loudness": -11.28154468536377,
  "loudness_range": 8.168238639831543,
  "loudness_range_short": 15.111477851867676,
  "peak": 0.45220276713371277,
  "rms": -12.177821159362793,
  "sample_rate": 44100,
  "sections": 1,
  "seekable": 1,
  "sharpness": 3.9112911224365234,
  "space": -15.207436561584473
}