{
  "bands": [
    {
      "high_freq": 148.1999969482422,
      "loudness": -26.9967098236084,
      "loudness_range": 12.995662689208984,
      "mid_mean": -24.106172561645508,
      "mid_to_side_loudness": -9.026941299438477,
      "mid_to_side_loudness_range": 16.795124053955078,
      "side_mean": -33.39480209350586
    },
    {
      "high_freq": 392.3793640136719,
      "loudness": -24.40424156188965,
      "loudness_range": 8.132923126220703,
      "low_freq": 148.1999969482422,
      "mid_mean": -21.793798446655273,
      "mid_to_side_loudness": -6.539130210876465,
      "mid_to_side_loudness_range": 10.777430534362793,
      "side_mean": -28.340669631958008
    },
    {
      "high_freq": 794.6976318359375,
      "loudness": -26.739158630371094,
      "loudness_range": 14.826818466186523,
      "low_freq": 392.3793640136719,
      "mid_mean": -23.82149314880371,
      "mid_to_side_loudness": -8.5927734375,
      "mid_to_side_loudness_range": 12.845124244689941,
      "side_mean": -32.5663948059082
    },
    {
      "high_freq": 1457.5709228515625,
      "loudness": -30.566925048828125,
      "loudness_range": 19.159671783447266,
      "low_freq": 794.6976318359375,
      "mid_mean": -27.592329025268555,
      "mid_to_side_loudness": -8.917057037353516,
      "mid_to_side_loudness_range": 12.114740371704102,
      "side_mean": -36.48912811279297
    },
    {
      "high_freq": 2549.74365234375,
      "loudness": -29.120725631713867,
      "loudness_range": 17.210941314697266,
      "low_freq": 1457.5709228515625,
      "mid_mean": -26.169578552246094,
      "mid_to_side_loudness": -8.370861053466797,
      "mid_to_side_loudness_range": 10.286474227905273,
      "side_mean": -34.56500244140625
    },
    {
      "high_freq": 4349.24462890625,
      "loudness": -29.73325538635254,
      "loudness_range": 14.323080062866211,
      "low_freq": 2549.74365234375,
      "mid_mean": -26.64101219177246,
      "mid_to_side_loudness": -8.87090015411377,
      "mid_to_side_loudness_range": 7.977753639221191,
      "side_mean": -35.615718841552734
    },
    {
      "high_freq": 7314.1640625,
      "loudness": -31.92289924621582,
      "loudness_range": 14.573310852050781,
      "low_freq": 4349.24462890625,
      "mid_mean": -28.62237548828125,
      "mid_to_side_loudness": -10.621561050415039,
      "mid_to_side_loudness_range": 7.80012845993042,
      "side_mean": -39.49462890625
    },
    {
      "high_freq": 12199.2666015625,
      "loudness": -30.92659568786621,
      "loudness_range": 15.279958724975586,
      "low_freq": 7314.1640625,
      "mid_mean": -27.48189353942871,
      "mid_to_side_loudness": -12.717252731323242,
      "mid_to_side_loudness_range": 9.67568302154541,
      "side_mean": -40.494388580322266
    },
    {
      "loudness": -38.383888244628906,
      "loudness_range": 14.20367431640625,
      "low_freq": 12199.2666015625,
      "mid_mean": -34.9397087097168,
      "mid_to_side_loudness": -13.29704761505127,
      "mid_to_side_loudness_range": 11.408693313598633,
      "side_mean": -48.68037033081055
    }
  ],
  "bands_short": [
    {
      "high_freq": 148.1999969482422,
      "loudness": -30.944385528564453,
      "loudness_range": 21.701885223388672,
      "mid_mean": -28.43953514099121,
      "mid_to_side_loudness": -8.510281562805176,
      "mid_to_side_loudness_range": 22.15058135986328,
      "side_mean": -37.36723327636719
    },
    {
      "high_freq": 392.3793640136719,
      "loudness": -24.482479095458984,
      "loudness_range": 11.307258605957031,
      "low_freq": 148.1999969482422,
      "mid_mean": -22.12171745300293,
      "mid_to_side_loudness": -6.1048712730407715,
      "mid_to_side_loudness_range": 13.579161643981934,
      "side_mean": -28.22737693786621
    },
    {
      "high_freq": 794.6976318359375,
      "loudness": -27.74972152709961,
      "loudness_range": 17.086450576782227,
      "low_freq": 392.3793640136719,
      "mid_mean": -25.153018951416016,
      "mid_to_side_loudness": -7.850736141204834,
      "mid_to_side_loudness_range": 16.41460609436035,
      "side_mean": -33.1292724609375
    },
    {
      "high_freq": 1457.5709228515625,
      "loudness": -31.1647891998291,
      "loudness_range": 20.845090866088867,
      "low_freq": 794.6976318359375,
      "mid_mean": -28.460857391357422,
      "mid_to_side_loudness": -8.201483726501465,
      "mid_to_side_loudness_range": 15.456456184387207,
      "side_mean": -36.555267333984375
    },
    {
      "high_freq": 2549.74365234375,
      "loudness": -30.137739181518555,
      "loudness_range": 19.426210403442383,
      "low_freq": 1457.5709228515625,
      "mid_mean": -27.467382431030273,
      "mid_to_side_loudness": -7.669102191925049,
      "mid_to_side_loudness_range": 13.69373893737793,
      "side_mean": -34.972164154052734
    },
    {
      "high_freq": 4349.24462890625,
      "loudness": -30.626436233520508,
      "loudness_range": 17.199514389038086,
      "low_freq": 2549.74365234375,
      "mid_mean": -27.741079330444336,
      "mid_to_side_loudness": -8.241119384765625,
      "mid_to_side_loudness_range": 11.455709457397461,
      "side_mean": -35.93741989135742
    },
    {
      "high_freq": 7314.1640625,
      "loudness": -33.17168045043945,
      "loudness_range": 18.87712860107422,
      "low_freq": 4349.24462890625,
      "mid_mean": -30.04047393798828,
      "mid_to_side_loudness": -9.922155380249023,
      "mid_to_side_loudness_range": 11.340449333190918,
      "side_mean": -40.107513427734375
    },
    {
      "high_freq": 12199.2666015625,
      "loudness": -32.709354400634766,
      "loudness_range": 20.374162673950195,
      "low_freq": 7314.1640625,
      "mid_mean": -29.410764694213867,
      "mid_to_side_loudness": -11.830525398254395,
      "mid_to_side_loudness_range": 12.932852745056152,
      "side_mean": -41.58195877075195
    },
    {
      "loudness": -41.21259307861328,
      "loudness_range": 22.146228790283203,
      "low_freq": 12199.2666015625,
      "mid_mean": -37.87205123901367,
      "mid_to_side_loudness": -12.418088912963867,
      "mid_to_side_loudness_range": 13.400318145751953,
      "side_mean": -51.021400451660156
    }
  ],
  "channels": 2,
  "covariance": [
    [
      33.0798225402832,
      12.108013153076172,
      8.76600170135498,
      9.071249008178711,
      7.4492974281311035,
      7.195577144622803,
      8.449051856994629,
      10.05105972290039,
      8.653097152709961,
      11.456291198730469,
      9.220032691955566,
      9.456084251403809,
      9.064624786376953,
      10.36730670928955,
      8.340901374816895,
      6.581700325012207,
      8.542093276977539,
      8.815675735473633
    ],
    [
      12.108013153076172,
      24.65357208251953,
      6.8320088386535645,
      10.699980735778809,
      10.697397232055664,
      10.604972839355469,
      11.623461723327637,
      14.0083589553833,
      11.723860740661621,
      14.67508602142334,
      10.294395446777344,
      12.974721908569336,
      8.920231819152832,
      12.657763481140137,
      7.289976596832275,
      8.11738395690918,
      7.370082855224609,
      9.619741439819336
    ],
    [
      8.76600170135498,
      6.8320088386535645,
      13.641200065612793,
      7.2148613929748535,
      8.015974044799805,
      6.613692760467529,
      7.477800369262695,
      7.382072448730469,
      9.246049880981445,
      9.34423828125,
      8.753085136413574,
      8.567015647888184,
      7.147307395935059,
      7.810856342315674,
      6.227022647857666,
      5.683858394622803,
      5.238656044006348,
      6.813022136688232
    ],
    [
      9.071249008178711,
      10.699980735778809,
      7.2148613929748535,
      14.609882354736328,
      8.587451934814453,
      9.57382583618164,
      10.494864463806152,
      13.182567596435547,
      10.833012580871582,
      13.904619216918945,
      9.299379348754883,
      11.791129112243652,
      8.24133586883545,
      11.097151756286621,
      6.290588855743408,
      6.960023403167725,
      5.742658615112305,
      8.875659942626953
    ],
    [
      7.4492974281311035,
      10.697397232055664,
      8.015974044799805,
      8.587451934814453,
      32.039154052734375,
      16.79290771484375,
      27.064701080322266,
      20.845993041992188,
      22.809940338134766,
      20.65729522705078,
      19.96725082397461,
      19.99422264099121,
      15.690621376037598,
      17.56460952758789,
      12.905497550964355,
      11.225211143493652,
      7.509402751922607,
      9.55038833618164
    ],
    [
      7.195577144622803,
      10.604972839355469,
      6.613692760467529,
      9.57382583618164,
      16.79290771484375,
      21.740652084350586,
      16.851299285888672,
      19.42146873474121,
      17.551433563232422,
      20.799863815307617,
      14.553646087646484,
      18.911941528320312,
      11.581072807312012,
      15.227798461914062,
      8.027604103088379,
      8.114116668701172,
      6.660932540893555,
      9.156761169433594
    ],
    [
      8.449051856994629,
      11.623461723327637,
      7.477800369262695,
      10.494864463806152,
      27.064701080322266,
      16.851299285888672,
      44.05763244628906,
      33.83148193359375,
      29.174558639526367,
      29.00801658630371,
      24.049392700195312,
      26.79762077331543,
      21.647808074951172,
      22.895191192626953,
      16.523963928222656,
      12.589488983154297,
      11.253085136413574,
      11.725521087646484
    ],
    [
      10.05105972290039,
      14.0083589553833,
      7.382072448730469,
      13.182567596435547,
      20.845993041992188,
      19.42146873474121,
      33.83148193359375,
      43.30619430541992,
      29.20273780822754,
      36.46470642089844,
      24.079561233520508,
      31.19649314880371,
      22.384809494018555,
      25.35563850402832,
      15.478983879089355,
      11.632637023925781,
      12.439746856689453,
      13.04953670501709
    ],
    [
      8.653097152709961,
      11.723860740661621,
      9.246049880981445,
      10.833012580871582,
      22.809940338134766,
      17.551433563232422,
      29.174558639526367,
      29.20273780822754,
      38.27991485595703,
      31.964357376098633,
      29.751619338989258,
      28.70198631286621,
      25.619976043701172,
      25.486867904663086,
      21.328996658325195,
      16.249679565429688,
      15.766178131103516,
      14.301854133605957
    ],
    [
      11.456291198730469,
      14.67508602142334,
      9.34423828125,
      13.904619216918945,
      20.65729522705078,
      20.799863815307617,
      29.00801658630371,
      36.46470642089844,
      31.964357376098633,
      39.7433967590332,
      25.884740829467773,
      32.71793746948242,
      23.40009880065918,
      26.87936782836914,
      17.541942596435547,
      14.12427806854248,
      14.922401428222656,
      15.230012893676758
    ],
    [
      9.220032691955566,
      10.294395446777344,
      8.753085136413574,
      9.299379348754883,
      19.96725082397461,
      14.553646087646484,
      24.049392700195312,
      24.079561233520508,
      29.751619338989258,
      25.884740829467773,
      28.925474166870117,
      26.299083709716797,
      23.894672393798828,
      23.928550720214844,
      19.510149002075195,
      16.05953025817871,
      14.322504043579102,
      13.955202102661133
    ],
    [
      9.456084251403809,
      12.974721908569336,
      8.567015647888184,
      11.791129112243652,
      19.99422264099121,
      18.911941528320312,
      26.79762077331543,
      31.19649314880371,
      28.70198631286621,
      32.71793746948242,
      26.299083709716797,
      32.226524353027344,
      23.004026412963867,
      27.01359748840332,
      17.86174774169922,
      16.365278244018555,
      14.695436477661133,
      16.647192001342773
    ],
    [
      9.064624786376953,
      8.920231819152832,
      7.147307395935059,
      8.24133586883545,
      15.690621376037598,
      11.581072807312012,
      21.647808074951172,
      22.384809494018555,
      25.619976043701172,
      23.40009880065918,
      23.894672393798828,
      23.004026412963867,
      29.08490753173828,
      25.34984016418457,
      25.493234634399414,
      20.42634391784668,
      20.020973205566406,
      17.674617767333984
    ],
    [
      10.36730670928955,
      12.657763481140137,
      7.810856342315674,
      11.097151756286621,
      17.56460952758789,
      15.227798461914062,
      22.895191192626953,
      25.35563850402832,
      25.486867904663086,
      26.87936782836914,
      23.928550720214844,
      27.01359748840332,
      25.34984016418457,
      31.390541076660156,
      22.505714416503906,
      24.16950035095215,
      18.636629104614258,
      23.395313262939453
    ],
    [
      8.340901374816895,
      7.289976596832275,
      6.227022647857666,
      6.290588855743408,
      12.905497550964355,
      8.027604103088379,
      16.523963928222656,
      15.478983879089355,
      21.328996658325195,
      17.541942596435547,
      19.510149002075195,
      17.86174774169922,
      25.493234634399414,
      22.505714416503906,
      32.38432693481445,
      25.146137237548828,
      25.219345092773438,
      21.870752334594727
    ],
    [
      6.581700325012207,
      8.11738395690918,
      5.683858394622803,
      6.960023403167725,
      11.225211143493652,
      8.114116668701172,
      12.589488983154297,
      11.632637023925781,
      16.249679565429688,
      14.12427806854248,
      16.05953025817871,
      16.365278244018555,
      20.42634391784668,
      24.16950035095215,
      25.146137237548828,
      30.31184959411621,
      21.014142990112305,
      27.995582580566406
    ],
    [
      8.542093276977539,
      7.370082855224609,
      5.238656044006348,
      5.742658615112305,
      7.509402751922607,
      6.660932540893555,
      11.253085136413574,
      12.439746856689453,
      15.766178131103516,
      14.922401428222656,
      14.322504043579102,
      14.695436477661133,
      20.020973205566406,
      18.636629104614258,
      25.219345092773438,
      21.014142990112305,
      28.717449188232422,
      23.80069923400879
    ],
    [
      8.815675735473633,
      9.619741439819336,
      6.813022136688232,
      8.875659942626953,
      9.55038833618164,
      9.156761169433594,
      11.725521087646484,
      13.04953670501709,
      14.301854133605957,
      15.230012893676758,
      13.955202102661133,
      16.647192001342773,
      17.674617767333984,
      23.395313262939453,
      21.870752334594727,
      27.995582580566406,
      23.80069923400879,
      37.55170440673828
    ]
  ],
  "covariance_short": [
    [
      68.63363647460938,
      28.29437255859375,
      18.029033660888672,
      12.129435539245605,
      11.030326843261719,
      9.649919509887695,
      11.550187110900879,
      10.68936824798584,
      11.307876586914062,
      11.682595252990723,
      13.973066329956055,
      10.453733444213867,
      15.710347175598145,
      13.6306734085083,
      13.751294136047363,
      10.456306457519531,
      16.951122283935547,
      14.187664031982422
    ],
    [
      28.29437255859375,
      51.271034240722656,
      9.511183738708496,
      13.669672012329102,
      11.438411712646484,
      12.355547904968262,
      12.885869026184082,
      16.730724334716797,
      12.626997947692871,
      16.7493953704834,
      12.09182071685791,
      14.577611923217773,
      11.542373657226562,
      14.04758071899414,
      7.2573065757751465,
      7.59157657623291,
      8.73756217956543,
      9.932389259338379
    ],
    [
      18.029033660888672,
      9.511183738708496,
      23.138093948364258,
      9.29903793334961,
      12.076221466064453,
      7.951104164123535,
      10.095545768737793,
      9.002665519714355,
      11.528277397155762,
      10.396392822265625,
      12.282769203186035,
      9.859253883361816,
      11.197455406188965,
      10.005188941955566,
      8.746901512145996,
      7.881789207458496,
      9.498523712158203,
      10.560196876525879
    ],
    [
      12.129435539245605,
      13.669672012329102,
      9.29903793334961,
      18.220115661621094,
      8.912657737731934,
      10.709632873535156,
      11.39156723022461,
      14.111572265625,
      10.966629028320312,
      14.346768379211426,
      10.362580299377441,
      12.4471435546875,
      10.653892517089844,
      12.680874824523926,
      7.262965202331543,
      8.417838096618652,
      7.435878276824951,
      10.335762977600098
    ],
    [
      11.030326843261719,
      11.438411712646484,
      12.076221466064453,
      8.912657737731934,
      44.115997314453125,
      18.65410804748535,
      32.13306427001953,
      21.534297943115234,
      29.314016342163086,
      21.287403106689453,
      27.77753257751465,
      21.614763259887695,
      22.7489013671875,
      19.985490798950195,
      19.376604080200195,
      14.904048919677734,
      13.167384147644043,
      13.943705558776855
    ],
    [
      9.649919509887695,
      12.355547904968262,
      7.951104164123535,
      10.709632873535156,
      18.65410804748535,
      27.361427307128906,
      18.772092819213867,
      21.11958122253418,
      19.274829864501953,
      21.522891998291016,
      17.069578170776367,
      19.683757781982422,
      14.953680992126465,
      17.4372615814209,
      9.824373245239258,
      10.174991607666016,
      8.540035247802734,
      11.486588478088379
    ],
    [
      11.550187110900879,
      12.885869026184082,
      10.095545768737793,
      11.39156723022461,
      32.13306427001953,
      18.772092819213867,
      52.134056091308594,
      35.6986083984375,
      35.65436553955078,
      30.867778778076172,
      32.12125015258789,
      29.07492446899414,
      29.228179931640625,
      26.820045471191406,
      22.84466552734375,
      16.964128494262695,
      15.487587928771973,
      15.635826110839844
    ],
    [
      10.68936824798584,
      16.730724334716797,
      9.002665519714355,
      14.111572265625,
      21.534297943115234,
      21.11958122253418,
      35.6986083984375,
      50.48994827270508,
      31.612796783447266,
      39.616943359375,
      27.69550132751465,
      34.6407585144043,
      26.813114166259766,
      30.556421279907227,
      18.967660903930664,
      16.775074005126953,
      15.267333984375,
      16.566255569458008
    ],
    [
      11.307876586914062,
      12.626997947692871,
      11.528277397155762,
      10.966629028320312,
      29.314016342163086,
      19.274829864501953,
      35.65436553955078,
      31.612796783447266,
      47.920738220214844,
      33.849185943603516,
      38.330047607421875,
      31.52550506591797,
      34.09574890136719,
      29.735849380493164,
      28.49225616455078,
      20.955455780029297,
      21.61488151550293,
      19.234142303466797
    ],
    [
      11.682595252990723,
      16.7493953704834,
      10.396392822265625,
      14.346768379211426,
      21.287403106689453,
      21.522891998291016,
      30.867778778076172,
      39.616943359375,
      33.849185943603516,
      45.75052261352539,
      29.047622680664062,
      36.155269622802734,
      28.08009910583496,
      31.728666305541992,
      20.16130256652832,
      18.392480850219727,
      16.764413833618164,
      17.68904685974121
    ],
    [
      13.973066329956055,
      12.09182071685791,
      12.282769203186035,
      10.362580299377441,
      27.77753257751465,
      17.069578170776367,
      32.12125015258789,
      27.69550132751465,
      38.330047607421875,
      29.047622680664062,
      41.67631530761719,
      31.021818161010742,
      35.430572509765625,
      30.107452392578125,
      29.71784210205078,
      22.70361328125,
      23.36761474609375,
      21.302515029907227
    ],
    [
      10.453733444213867,
      14.577611923217773,
      9.859253883361816,
      12.4471435546875,
      21.614763259887695,
      19.683757781982422,
      29.07492446899414,
      34.6407585144043,
      31.52550506591797,
      36.155269622802734,
      31.021818161010742,
      38.3721923828125,
      28.852296829223633,
      32.54087448120117,
      21.68417739868164,
      21.04782485961914,
      17.811567306518555,
      19.68869400024414
    ],
    [
      15.710347175598145,
      11.542373657226562,
      11.197455406188965,
      10.653892517089844,
      22.7489013671875,
      14.953680992126465,
      29.228179931640625,
      26.813114166259766,
      34.09574890136719,
      28.08009910583496,
      35.430572509765625,
      28.852296829223633,
      47.447696685791016,
      35.44019317626953,
      41.82139587402344,
      31.076688766479492,
      35.798831939697266,
      30.236547470092773
    ],
    [
      13.6306734085083,
      14.04758071899414,
      10.005188941955566,
      12.680874824523926,
      19.985490798950195,
      17.4372615814209,
      26.820045471191406,
      30.556421279907227,
      29.735849380493164,
      31.728666305541992,
      30.107452392578125,
      32.54087448120117,
      35.44019317626953,
      40.77134323120117,
      30.666641235351562,
      31.768260955810547,
      27.026119232177734,
      30.561513900756836
    ],
    [
      13.751294136047363,
      7.2573065757751465,
      8.746901512145996,
      7.262965202331543,
      19.376604080200195,
      9.824373245239258,
      22.84466552734375,
      18.967660903930664,
      28.49225616455078,
      20.16130256652832,
      29.71784210205078,
      21.68417739868164,
      41.82139587402344,
      30.666641235351562,
      55.107688903808594,
      36.92884826660156,
      47.70271682739258,
      37.02602005004883
    ],
    [
      10.456306457519531,
      7.59157657623291,
      7.881789207458496,
      8.417838096618652,
      14.904048919677734,
      10.174991607666016,
      16.964128494262695,
      16.775074005126953,
      20.955455780029297,
      18.392480850219727,
      22.70361328125,
      21.04782485961914,
      31.076688766479492,
      31.768260955810547,
      36.92884826660156,
      41.30204391479492,
      34.57237243652344,
      39.154869079589844
    ],
    [
      16.951122283935547,
      8.73756217956543,
      9.498523712158203,
      7.435878276824951,
      13.167384147644043,
      8.540035247802734,
      15.487587928771973,
      15.267333984375,
      21.61488151550293,
      16.764413833618164,
      23.36761474609375,
      17.811567306518555,
      35.798831939697266,
      27.026119232177734,
      47.70271682739258,
      34.57237243652344,
      61.69248962402344,
      45.2071418762207
    ],
    [
      14.187664031982422,
      9.932389259338379,
      10.560196876525879,
      10.335762977600098,
      13.943705558776855,
      11.486588478088379,
      15.635826110839844,
      16.566255569458008,
      19.234142303466797,
      17.68904685974121,
      21.302515029907227,
      19.68869400024414,
      30.236547470092773,
      30.561513900756836,
      37.02602005004883,
      39.154869079589844,
      45.2071418762207,
      57.96428298950195
    ]
  ],
  "drr": 14.975058555603027,
  "dynamics": 3.1215505599975586,
  "format": 1245190,
  "frames": 10010624,
  "loudness": -14.377671241760254,
  "loudness_range": 7.931853294372559,
  "loudness_range_short": 10.822511672973633,
  "peak": -3.1866559982299805,
  "rms": -16.706323623657227,
  "sample_rate": 44100,
  "sections": 1,
  "seekable": 1,
  "sharpness": 2.6616079807281494,
  "space": -8.442123413085938
}