{
  "bands": [
    {
      "high_freq": 148.1999969482422,
      "loudness": -23.790203094482422,
      "loudness_range": 14.114179611206055,
      "mid_mean": -20.430583953857422,
      "mid_to_side_loudness": -13.882526397705078,
      "mid_to_side_loudness_range": 17.547239303588867,
      "side_mean": -34.56025695800781
    },
    {
      "high_freq": 392.3793640136719,
      "loudness": -19.719348907470703,
      "loudness_range": 9.612391471862793,
      "low_freq": 148.1999969482422,
      "mid_mean": -16.57376480102539,
      "mid_to_side_loudness": -10.82634162902832,
      "mid_to_side_loudness_range": 14.426742553710938,
      "side_mean": -27.198017120361328
    },
    {
      "high_freq": 794.6976318359375,
      "loudness": -24.052852630615234,
      "loudness_range": 16.121517181396484,
      "low_freq": 392.3793640136719,
      "mid_mean": -21.0407657623291,
      "mid_to_side_loudness": -9.733832359313965,
      "mid_to_side_loudness_range": 15.304433822631836,
      "side_mean": -31.009700775146484
    },
    {
      "high_freq": 1457.5709228515625,
      "loudness": -31.90132713317871,
      "loudness_range": 26.29408836364746,
      "low_freq": 794.6976318359375,
      "mid_mean": -29.160953521728516,
      "mid_to_side_loudness": -9.218480110168457,
      "mid_to_side_loudness_range": 18.98973274230957,
      "side_mean": -38.60136795043945
    },
    {
      "high_freq": 2549.74365234375,
      "loudness": -35.17141342163086,
      "loudness_range": 25.259857177734375,
      "low_freq": 1457.5709228515625,
      "mid_mean": -32.15708923339844,
      "mid_to_side_loudness": -11.23164176940918,
      "mid_to_side_loudness_range": 19.695091247558594,
      "side_mean": -43.53448486328125
    },
    {
      "high_freq": 4349.24462890625,
      "loudness": -38.02745056152344,
      "loudness_range": 20.96445083618164,
      "low_freq": 2549.74365234375,
      "mid_mean": -34.701629638671875,
      "mid_to_side_loudness": -12.740769386291504,
      "mid_to_side_loudness_range": 15.104937553405762,
      "side_mean": -47.59150314331055
    },
    {
      "high_freq": 7314.1640625,
      "loudness": -41.68680953979492,
      "loudness_range": 24.121503829956055,
      "low_freq": 4349.24462890625,
      "mid_mean": -38.37900161743164,
      "mid_to_side_loudness": -12.157486915588379,
      "mid_to_side_loudness_range": 14.750297546386719,
      "side_mean": -50.86469268798828
    },
    {
      "high_freq": 12199.2666015625,
      "loudness": -45.07122802734375,
      "loudness_range": 25.31756019592285,
      "low_freq": 7314.1640625,
      "mid_mean": -41.91687774658203,
      "mid_to_side_loudness": -11.493988990783691,
      "mid_to_side_loudness_range": 18.425846099853516,
      "side_mean": -53.59169006347656
    },
    {
      "loudness": -53.30474090576172,
      "loudness_range": 20.893787384033203,
      "low_freq": 12199.2666015625,
      "mid_mean": -50.36754608154297,
      "mid_to_side_loudness": -10.68370246887207,
      "mid_to_side_loudness_range": 15.865150451660156,
      "side_mean": -60.287723541259766
    }
  ],
  "bands_short": [
    {
      "high_freq": 148.1999969482422,
      "loudness": -27.05146598815918,
      "loudness_range": 20.61729621887207,
      "mid_mean": -23.609304428100586,
      "mid_to_side_loudness": -16.57952308654785,
      "mid_to_side_loudness_range": 21.587100982666016,
      "side_mean": -40.69578170776367
    },
    {
      "high_freq": 392.3793640136719,
      "loudness": -19.815080642700195,
      "loudness_range": 12.025213241577148,
      "low_freq": 148.1999969482422,
      "mid_mean": -16.74262046813965,
      "mid_to_side_loudness": -10.953271865844727,
      "mid_to_side_loudness_range": 16.495323181152344,
      "side_mean": -27.51534080505371
    },
    {
      "high_freq": 794.6976318359375,
      "loudness": -24.938282012939453,
      "loudness_range": 17.727237701416016,
      "low_freq": 392.3793640136719,
      "mid_mean": -22.03012466430664,
      "mid_to_side_loudness": -9.615497589111328,
      "mid_to_side_loudness_range": 17.911701202392578,
      "side_mean": -31.93404197692871
    },
    {
      "high_freq": 1457.5709228515625,
      "loudness": -31.276498794555664,
      "loudness_range": 26.68373680114746,
      "low_freq": 794.6976318359375,
      "mid_mean": -28.63503646850586,
      "mid_to_side_loudness": -8.634016036987305,
      "mid_to_side_loudness_range": 20.202367782592773,
      "side_mean": -37.430023193359375
    },
    {
      "high_freq": 2549.74365234375,
      "loudness": -36.57414245605469,
      "loudness_range": 27.367616653442383,
      "low_freq": 1457.5709228515625,
      "mid_mean": -33.677452087402344,
      "mid_to_side_loudness": -10.855849266052246,
      "mid_to_side_loudness_range": 21.287487030029297,
      "side_mean": -44.76172637939453
    },
    {
      "high_freq": 4349.24462890625,
      "loudness": -39.91476821899414,
      "loudness_range": 24.48153305053711,
      "low_freq": 2549.74365234375,
      "mid_mean": -36.68546676635742,
      "mid_to_side_loudness": -12.47840404510498,
      "mid_to_side_loudness_range": 18.306331634521484,
      "side_mean": -49.65108108520508
    },
    {
      "high_freq": 7314.1640625,
      "loudness": -44.91375732421875,
      "loudness_range": 27.1136417388916,
      "low_freq": 4349.24462890625,
      "mid_mean": -41.784507751464844,
      "mid_to_side_loudness": -11.68690013885498,
      "mid_to_side_loudness_range": 18.036853790283203,
      "side_mean": -53.70387649536133
    },
    {
      "high_freq": 12199.2666015625,
      "loudness": -48.93193054199219,
      "loudness_range": 28.984867095947266,
      "low_freq": 7314.1640625,
      "mid_mean": -46.09019088745117,
      "mid_to_side_loudness": -10.794877052307129,
      "mid_to_side_loudness_range": 20.783546447753906,
      "side_mean": -56.755558013916016
    },
    {
      "loudness": -56.162044525146484,
      "loudness_range": 21.227794647216797,
      "low_freq": 12199.2666015625,
      "mid_mean": -53.071929931640625,
      "mid_to_side_loudness": -9.889474868774414,
      "mid_to_side_loudness_range": 16.263774871826172,
      "side_mean": -62.14657211303711
    }
  ],
  "channels": 2,
  "covariance": [
    [
      29.098358154296875,
      10.6260347366333,
      7.518492698669434,
      7.89318323135376,
      7.723128795623779,
      9.20828628540039,
      7.602969169616699,
      9.641297340393066,
      5.651482582092285,
      10.56397819519043,
      4.439730167388916,
      7.299660682678223,
      1.723666787147522,
      4.4877800941467285,
      0.44304734468460083,
      5.194817066192627,
      1.201560139656067,
      3.847223997116089
    ],
    [
      10.6260347366333,
      23.62805938720703,
      6.696660041809082,
      13.46281623840332,
      9.819095611572266,
      12.986581802368164,
      15.078285217285156,
      15.288776397705078,
      11.000778198242188,
      15.688436508178711,
      10.85997486114502,
      10.591214179992676,
      10.166263580322266,
      8.15100383758545,
      9.17373275756836,
      7.527007579803467,
      8.138845443725586,
      4.901674270629883
    ],
    [
      7.518492698669434,
      6.696660041809082,
      16.8172607421875,
      9.082283973693848,
      14.87746810913086,
      9.039236068725586,
      15.415218353271484,
      10.128457069396973,
      16.023832321166992,
      10.91201114654541,
      12.718018531799316,
      9.812002182006836,
      11.08720874786377,
      7.743128776550293,
      13.403779983520508,
      8.138383865356445,
      10.764301300048828,
      5.442068099975586
    ],
    [
      7.89318323135376,
      13.46281623840332,
      9.082283973693848,
      25.288124084472656,
      12.735713958740234,
      20.957317352294922,
      17.658554077148438,
      22.487546920776367,
      14.5221586227417,
      22.695037841796875,
      13.529443740844727,
      14.680964469909668,
      11.401326179504395,
      10.196219444274902,
      11.615194320678711,
      10.455626487731934,
      10.028792381286621,
      6.810512065887451
    ],
    [
      7.723128795623779,
      9.819095611572266,
      14.87746810913086,
      12.735713958740234,
      37.51251220703125,
      21.95764923095703,
      45.813262939453125,
      26.971853256225586,
      40.85895538330078,
      30.427358627319336,
      28.644081115722656,
      20.609296798706055,
      21.468597412109375,
      14.788061141967773,
      22.779529571533203,
      15.133495330810547,
      19.362977981567383,
      10.308119773864746
    ],
    [
      9.20828628540039,
      12.986581802368164,
      9.039236068725586,
      20.957317352294922,
      21.95764923095703,
      37.01647186279297,
      29.291473388671875,
      35.852569580078125,
      25.01342010498047,
      38.77468490600586,
      20.14769744873047,
      24.18802261352539,
      14.5844087600708,
      16.155029296875,
      13.935176849365234,
      16.173721313476562,
      12.497657775878906,
      11.796171188354492
    ],
    [
      7.602969169616699,
      15.078285217285156,
      15.415218353271484,
      17.658554077148438,
      45.813262939453125,
      29.291473388671875,
      85.83970642089844,
      43.52159881591797,
      65.07321166992188,
      46.66501998901367,
      42.968406677246094,
      28.56760025024414,
      28.25568962097168,
      18.07438087463379,
      31.824064254760742,
      18.779996871948242,
      28.00474739074707,
      12.444586753845215
    ],
    [
      9.641297340393066,
      15.288776397705078,
      10.128457069396973,
      22.487546920776367,
      26.971853256225586,
      35.852569580078125,
      43.52159881591797,
      49.023216247558594,
      34.76570510864258,
      46.650672912597656,
      27.138395309448242,
      30.15414047241211,
      19.79319190979004,
      20.265132904052734,
      18.959579467773438,
      20.16526222229004,
      17.19261360168457,
      14.184076309204102
    ],
    [
      5.651482582092285,
      11.000778198242188,
      16.023832321166992,
      14.5221586227417,
      40.85895538330078,
      25.01342010498047,
      65.07321166992188,
      34.76570510864258,
      70.8723373413086,
      45.33523941040039,
      49.73673629760742,
      33.08843231201172,
      36.865623474121094,
      24.71146011352539,
      35.92763137817383,
      23.638978958129883,
      29.77280616760254,
      14.763123512268066
    ],
    [
      10.56397819519043,
      15.688436508178711,
      10.91201114654541,
      22.695037841796875,
      30.427358627319336,
      38.77468490600586,
      46.66501998901367,
      46.650672912597656,
      45.33523941040039,
      63.49353790283203,
      36.25284957885742,
      44.299217224121094,
      28.789098739624023,
      33.38772201538086,
      25.954803466796875,
      31.669498443603516,
      22.072708129882812,
      21.51746368408203
    ],
    [
      4.439730167388916,
      10.85997486114502,
      12.718018531799316,
      13.529443740844727,
      28.644081115722656,
      20.14769744873047,
      42.968406677246094,
      27.138395309448242,
      49.73673629760742,
      36.25284957885742,
      51.790225982666016,
      35.68280029296875,
      44.50680160522461,
      30.571077346801758,
      41.512760162353516,
      27.039363861083984,
      31.274795532226562,
      15.910711288452148
    ],
    [
      7.299660682678223,
      10.591214179992676,
      9.812002182006836,
      14.680964469909668,
      20.609296798706055,
      24.18802261352539,
      28.56760025024414,
      30.15414047241211,
      33.08843231201172,
      44.299217224121094,
      35.68280029296875,
      46.69527053833008,
      34.73049545288086,
      40.659767150878906,
      30.164011001586914,
      36.95061111450195,
      23.130672454833984,
      24.58881378173828
    ],
    [
      1.723666787147522,
      10.166263580322266,
      11.08720874786377,
      11.401326179504395,
      21.468597412109375,
      14.5844087600708,
      28.25568962097168,
      19.79319190979004,
      36.865623474121094,
      28.789098739624023,
      44.50680160522461,
      34.73049545288086,
      64.2894515991211,
      41.61882781982422,
      61.84705352783203,
      36.6460075378418,
      47.297950744628906,
      23.144155502319336
    ],
    [
      4.4877800941467285,
      8.15100383758545,
      7.743128776550293,
      10.196219444274902,
      14.788061141967773,
      16.155029296875,
      18.07438087463379,
      20.265132904052734,
      24.71146011352539,
      33.38772201538086,
      30.571077346801758,
      40.659767150878906,
      41.61882781982422,
      51.99586868286133,
      38.589351654052734,
      47.012733459472656,
      36.04644012451172,
      32.05255889892578
    ],
    [
      0.44304734468460083,
      9.17373275756836,
      13.403779983520508,
      11.615194320678711,
      22.779529571533203,
      13.935176849365234,
      31.824064254760742,
      18.959579467773438,
      35.92763137817383,
      25.954803466796875,
      41.512760162353516,
      30.164011001586914,
      61.84705352783203,
      38.589351654052734,
      71.59379577636719,
      36.52240753173828,
      54.99188995361328,
      23.56468963623047
    ],
    [
      5.194817066192627,
      7.527007579803467,
      8.138383865356445,
      10.455626487731934,
      15.133495330810547,
      16.173721313476562,
      18.779996871948242,
      20.16526222229004,
      23.638978958129883,
      31.669498443603516,
      27.039363861083984,
      36.95061111450195,
      36.6460075378418,
      47.012733459472656,
      36.52240753173828,
      45.78731918334961,
      34.00303649902344,
      31.753442764282227
    ],
    [
      1.201560139656067,
      8.138845443725586,
      10.764301300048828,
      10.028792381286621,
      19.362977981567383,
      12.497657775878906,
      28.00474739074707,
      17.19261360168457,
      29.77280616760254,
      22.072708129882812,
      31.274795532226562,
      23.130672454833984,
      47.297950744628906,
      36.04644012451172,
      54.99188995361328,
      34.00303649902344,
      53.60424041748047,
      23.889480590820312
    ],
    [
      3.847223997116089,
      4.901674270629883,
      5.442068099975586,
      6.810512065887451,
      10.308119773864746,
      11.796171188354492,
      12.444586753845215,
      14.184076309204102,
      14.763123512268066,
      21.51746368408203,
      15.910711288452148,
      24.58881378173828,
      23.144155502319336,
      32.05255889892578,
      23.56468963623047,
      31.753442764282227,
      23.889480590820312,
      25.66184425354004
    ]
  ],
  "covariance_short": [
    [
      52.2856330871582,
      20.2186222076416,
      10.963423728942871,
      10.195610046386719,
      7.961796283721924,
      10.285548210144043,
      8.550793647766113,
      12.268802642822266,
      6.85089635848999,
      13.209473609924316,
      6.780613422393799,
      12.84927749633789,
      3.397233724594116,
      9.313496589660645,
      2.186032295227051,
      8.19860553741455,
      -0.32274535298347473,
      5.137703895568848
    ],
    [
      20.2186222076416,
      33.72429275512695,
      10.533242225646973,
      16.40663719177246,
      10.088685989379883,
      13.215831756591797,
      13.002185821533203,
      14.965911865234375,
      12.32356071472168,
      18.149188995361328,
      14.838386535644531,
      19.194229125976562,
      15.211724281311035,
      17.442073822021484,
      14.497701644897461,
      14.722916603088379,
      10.060439109802246,
      8.813825607299805
    ],
    [
      10.963423728942871,
      10.533242225646973,
      23.32395362854004,
      11.345653533935547,
      17.558486938476562,
      10.500103950500488,
      16.333057403564453,
      10.858790397644043,
      16.780447006225586,
      12.668564796447754,
      14.800662994384766,
      12.613775253295898,
      13.15040397644043,
      10.318611145019531,
      16.875226974487305,
      10.815223693847656,
      11.850881576538086,
      6.781961917877197
    ],
    [
      10.195610046386719,
      16.40663719177246,
      11.345653533935547,
      31.355220794677734,
      13.492799758911133,
      23.866836547851562,
      19.026933670043945,
      24.23792839050293,
      15.680498123168945,
      26.097532272338867,
      17.01565933227539,
      21.051773071289062,
      16.719348907470703,
      16.06153106689453,
      16.501955032348633,
      14.534441947937012,
      11.805276870727539,
      8.381482124328613
    ],
    [
      7.961796283721924,
      10.088685989379883,
      17.558486938476562,
      13.492799758911133,
      45.00190353393555,
      23.214981079101562,
      48.189476013183594,
      27.393857955932617,
      44.738311767578125,
      33.49001693725586,
      34.3936767578125,
      25.72303009033203,
      24.205322265625,
      17.353620529174805,
      24.589143753051758,
      15.338454246520996,
      16.84319496154785,
      8.247682571411133
    ],
    [
      10.285548210144043,
      13.215831756591797,
      10.500103950500488,
      23.866836547851562,
      23.214981079101562,
      42.693904876708984,
      30.626495361328125,
      38.391944885253906,
      25.698339462280273,
      41.80540084838867,
      23.329538345336914,
      29.72754669189453,
      18.968284606933594,
      19.585418701171875,
      16.478973388671875,
      16.82023811340332,
      12.25615119934082,
      10.42432689666748
    ],
    [
      8.550793647766113,
      13.002185821533203,
      16.333057403564453,
      19.026933670043945,
      48.189476013183594,
      30.626495361328125,
      83.14710998535156,
      44.10009002685547,
      67.24650573730469,
      52.22201156616211,
      51.0406379699707,
      37.8445930480957,
      33.23033905029297,
      23.315147399902344,
      33.19880294799805,
      19.790433883666992,
      22.831737518310547,
      9.900888442993164
    ],
    [
      12.268802642822266,
      14.965911865234375,
      10.858790397644043,
      24.23792839050293,
      27.393857955932617,
      38.391944885253906,
      44.10009002685547,
      56.616214752197266,
      34.88919448852539,
      51.362274169921875,
      30.798295974731445,
      38.098182678222656,
      23.215747833251953,
      24.56224822998047,
      20.124279022216797,
      21.07175636291504,
      14.333542823791504,
      12.228494644165039
    ],
    [
      6.85089635848999,
      12.32356071472168,
      16.780447006225586,
      15.680498123168945,
      44.738311767578125,
      25.698339462280273,
      67.24650573730469,
      34.88919448852539,
      82.29279327392578,
      52.303245544433594,
      62.72123718261719,
      42.61996841430664,
      46.07778549194336,
      31.27666664123535,
      40.81355285644531,
      25.93339729309082,
      27.366806030273438,
      12.61341667175293
    ],
    [
      13.209473609924316,
      18.149188995361328,
      12.668564796447754,
      26.097532272338867,
      33.49001693725586,
      41.80540084838867,
      52.22201156616211,
      51.362274169921875,
      52.303245544433594,
      77.10511016845703,
      46.03740310668945,
      57.92196273803711,
      38.93230438232422,
      44.317935943603516,
      31.982643127441406,
      36.730865478515625,
      21.396728515625,
      20.791784286499023
    ],
    [
      6.780613422393799,
      14.838386535644531,
      14.800662994384766,
      17.01565933227539,
      34.3936767578125,
      23.329538345336914,
      51.0406379699707,
      30.798295974731445,
      62.72123718261719,
      46.03740310668945,
      74.1008071899414,
      49.73481369018555,
      63.46572494506836,
      43.355812072753906,
      55.90373611450195,
      35.97145080566406,
      37.0362663269043,
      18.07714080810547
    ],
    [
      12.84927749633789,
      19.194229125976562,
      12.613775253295898,
      21.051773071289062,
      25.72303009033203,
      29.72754669189453,
      37.8445930480957,
      38.098182678222656,
      42.61996841430664,
      57.92196273803711,
      49.73481369018555,
      68.93798828125,
      50.465328216552734,
      59.43339538574219,
      43.025020599365234,
      49.351226806640625,
      29.466726303100586,
      28.213720321655273
    ],
    [
      3.397233724594116,
      15.211724281311035,
      13.15040397644043,
      16.719348907470703,
      24.205322265625,
      18.968284606933594,
      33.23033905029297,
      23.215747833251953,
      46.07778549194336,
      38.93230438232422,
      63.46572494506836,
      50.465328216552734,
      91.99267578125,
      61.34014129638672,
      85.43792724609375,
      54.036903381347656,
      58.961177825927734,
      29.931102752685547
    ],
    [
      9.313496589660645,
      17.442073822021484,
      10.318611145019531,
      16.06153106689453,
      17.353620529174805,
      19.585418701171875,
      23.315147399902344,
      24.56224822998047,
      31.27666664123535,
      44.317935943603516,
      43.355812072753906,
      59.43339538574219,
      61.34014129638672,
      71.91645812988281,
      57.70363235473633,
      62.04222869873047,
      41.84359359741211,
      36.947242736816406
    ],
    [
      2.186032295227051,
      14.497701644897461,
      16.875226974487305,
      16.501955032348633,
      24.589143753051758,
      16.478973388671875,
      33.19880294799805,
      20.124279022216797,
      40.81355285644531,
      31.982643127441406,
      55.90373611450195,
      43.025020599365234,
      85.43792724609375,
      57.70363235473633,
      109.39737701416016,
      58.55878829956055,
      73.92608642578125,
      32.569156646728516
    ],
    [
      8.19860553741455,
      14.722916603088379,
      10.815223693847656,
      14.534441947937012,
      15.338454246520996,
      16.82023811340332,
      19.790433883666992,
      21.07175636291504,
      25.93339729309082,
      36.730865478515625,
      35.97145080566406,
      49.351226806640625,
      54.036903381347656,
      62.04222869873047,
      58.55878829956055,
      62.00678253173828,
      42.316139221191406,
      37.72248458862305
    ],
    [
      -0.32274535298347473,
      10.060439109802246,
      11.850881576538086,
      11.805276870727539,
      16.84319496154785,
      12.25615119934082,
      22.831737518310547,
      14.333542823791504,
      27.366806030273438,
      21.396728515625,
      37.0362663269043,
      29.466726303100586,
      58.961177825927734,
      41.84359359741211,
      73.92608642578125,
      42.316139221191406,
      62.120201110839844,
      26.94261932373047
    ],
    [
      5.137703895568848,
      8.813825607299805,
      6.781961917877197,
      8.381482124328613,
      8.247682571411133,
      10.42432689666748,
      9.900888442993164,
      12.228494644165039,
      12.61341667175293,
      20.791784286499023,
      18.07714080810547,
      28.213720321655273,
      29.931102752685547,
      36.947242736816406,
      32.569156646728516,
      37.72248458862305,
      26.94261932373047,
      29.078271865844727
    ]
  ],
  "drr": 15.218470573425293,
  "dynamics": 3.6651523113250732,
  "format": 1245190,
  "frames": 9992192,
  "loudness": -12.336485862731934,
  "loudness_range": 10.31765079498291,
  "loudness_range_short": 12.532489776611328,
  "peak": -0.7776800990104675,
  "rms": -13.329680442810059,
  "sample_rate": 44100,
  "sections": 1,
  "seekable": 1,
  "sharpness": 2.5671093463897705,
  "space": -11.699257850646973
}