{
  "bands": [
    {
      "high_freq": 148.1999969482422,
      "loudness": -25.155506134033203,
      "loudness_range": 16.065933227539062,
      "mid_mean": -22.4860897064209,
      "mid_to_side_loudness": -10.367639541625977,
      "mid_to_side_loudness_range": 23.075679779052734,
      "side_mean": -33.64307403564453
    },
    {
      "high_freq": 392.3793640136719,
      "loudness": -21.452573776245117,
      "loudness_range": 11.405031204223633,
      "low_freq": 148.1999969482422,
      "mid_mean": -18.169919967651367,
      "mid_to_side_loudness": -11.61800765991211,
      "mid_to_side_loudness_range": 17.508562088012695,
      "side_mean": -31.088424682617188
    },
    {
      "high_freq": 794.6976318359375,
      "loudness": -29.49657440185547,
      "loudness_range": 17.709274291992188,
      "low_freq": 392.3793640136719,
      "mid_mean": -26.035871505737305,
      "mid_to_side_loudness": -15.015532493591309,
      "mid_to_side_loudness_range": 14.346991539001465,
      "side_mean": -40.89351272583008
    },
    {
      "high_freq": 1457.5709228515625,
      "loudness": -32.44145965576172,
      "loudness_range": 26.76154327392578,
      "low_freq": 794.6976318359375,
      "mid_mean": -29.495756149291992,
      "mid_to_side_loudness": -10.938858032226562,
      "mid_to_side_loudness_range": 19.23845672607422,
      "side_mean": -40.082000732421875
    },
    {
      "high_freq": 2549.74365234375,
      "loudness": -38.23862838745117,
      "loudness_range": 26.275300979614258,
      "low_freq": 1457.5709228515625,
      "mid_mean": -36.13261413574219,
      "mid_to_side_loudness": -7.260729789733887,
      "mid_to_side_loudness_range": 16.512317657470703,
      "side_mean": -42.47610092163086
    },
    {
      "high_freq": 4349.24462890625,
      "loudness": -37.3821907043457,
      "loudness_range": 27.91110610961914,
      "low_freq": 2549.74365234375,
      "mid_mean": -36.229637145996094,
      "mid_to_side_loudness": -5.135297775268555,
      "mid_to_side_loudness_range": 15.707281112670898,
      "side_mean": -40.89946746826172
    },
    {
      "high_freq": 7314.1640625,
      "loudness": -44.499542236328125,
      "loudness_range": 26.429492950439453,
      "low_freq": 4349.24462890625,
      "mid_mean": -44.835784912109375,
      "mid_to_side_loudness": -4.887005805969238,
      "mid_to_side_loudness_range": 16.907682418823242,
      "side_mean": -51.271217346191406
    },
    {
      "high_freq": 12199.2666015625,
      "loudness": -52.18349838256836,
      "loudness_range": 33.79005813598633,
      "low_freq": 7314.1640625,
      "mid_mean": -55.53803253173828,
      "mid_to_side_loudness": -5.4058403968811035,
      "mid_to_side_loudness_range": 14.917859077453613,
      "side_mean": -59.666229248046875
    },
    {
      "loudness": -59.66061782836914,
      "loudness_range": 32.33949661254883,
      "low_freq": 12199.2666015625,
      "mid_mean": -61.77320098876953,
      "mid_to_side_loudness": -6.978885173797607,
      "mid_to_side_loudness_range": 12.020673751831055,
      "side_mean": -65.91252136230469
    }
  ],
  "bands_short": [
    {
      "high_freq": 148.1999969482422,
      "loudness": -26.928634643554688,
      "loudness_range": 20.483600616455078,
      "mid_mean": -24.4188289642334,
      "mid_to_side_loudness": -10.3251314163208,
      "mid_to_side_loudness_range": 26.354785919189453,
      "side_mean": -35.93225860595703
    },
    {
      "high_freq": 392.3793640136719,
      "loudness": -21.706974029541016,
      "loudness_range": 13.66342544555664,
      "low_freq": 148.1999969482422,
      "mid_mean": -18.473546981811523,
      "mid_to_side_loudness": -11.094544410705566,
      "mid_to_side_loudness_range": 19.45419692993164,
      "side_mean": -31.218605041503906
    },
    {
      "high_freq": 794.6976318359375,
      "loudness": -28.319284439086914,
      "loudness_range": 19.818897247314453,
      "low_freq": 392.3793640136719,
      "mid_mean": -24.81022071838379,
      "mid_to_side_loudness": -15.706514358520508,
      "mid_to_side_loudness_range": 16.947805404663086,
      "side_mean": -40.84206771850586
    },
    {
      "high_freq": 1457.5709228515625,
      "loudness": -33.687564849853516,
      "loudness_range": 28.91538429260254,
      "low_freq": 794.6976318359375,
      "mid_mean": -31.066957473754883,
      "mid_to_side_loudness": -10.20655632019043,
      "mid_to_side_loudness_range": 22.744972229003906,
      "side_mean": -41.00852584838867
    },
    {
      "high_freq": 2549.74365234375,
      "loudness": -40.20541000366211,
      "loudness_range": 28.320722579956055,
      "low_freq": 1457.5709228515625,
      "mid_mean": -38.33163070678711,
      "mid_to_side_loudness": -6.949156284332275,
      "mid_to_side_loudness_range": 19.15874671936035,
      "side_mean": -44.6140022277832
    },
    {
      "high_freq": 4349.24462890625,
      "loudness": -38.78581619262695,
      "loudness_range": 29.701784133911133,
      "low_freq": 2549.74365234375,
      "mid_mean": -37.75398254394531,
      "mid_to_side_loudness": -4.787608623504639,
      "mid_to_side_loudness_range": 17.36775779724121,
      "side_mean": -42.12861633300781
    },
    {
      "high_freq": 7314.1640625,
      "loudness": -46.49036407470703,
      "loudness_range": 29.4683780670166,
      "low_freq": 4349.24462890625,
      "mid_mean": -47.40345001220703,
      "mid_to_side_loudness": -4.629366874694824,
      "mid_to_side_loudness_range": 18.27142906188965,
      "side_mean": -52.83016586303711
    },
    {
      "high_freq": 12199.2666015625,
      "loudness": -53.483951568603516,
      "loudness_range": 34.774349212646484,
      "low_freq": 7314.1640625,
      "mid_mean": -56.866424560546875,
      "mid_to_side_loudness": -5.180665493011475,
      "mid_to_side_loudness_range": 15.886445045471191,
      "side_mean": -60.68559265136719
    },
    {
      "loudness": -59.680179595947266,
      "loudness_range": 30.902904510498047,
      "low_freq": 12199.2666015625,
      "mid_mean": -62.405765533447266,
      "mid_to_side_loudness": -6.824883937835693,
      "mid_to_side_loudness_range": 12.186910629272461,
      "side_mean": -66.19529724121094
    }
  ],
  "channels": 2,
  "covariance": [
    [
      43.7877311706543,
      25.92170524597168,
      16.779664993286133,
      17.47245216369629,
      14.489392280578613,
      3.8402512073516846,
      8.692381858825684,
      3.09098744392395,
      6.6231513023376465,
      -0.6791689395904541,
      4.112752437591553,
      2.0797996520996094,
      7.253245830535889,
      6.344666481018066,
      15.374857902526855,
      8.616868019104004,
      9.498814582824707,
      4.07233190536499
    ],
    [
      25.92170524597168,
      82.14251708984375,
      9.036847114562988,
      32.481895446777344,
      6.548506736755371,
      -3.439481258392334,
      19.69757080078125,
      6.720526695251465,
      3.6500306129455566,
      2.207651376724243,
      10.171701431274414,
      7.147216796875,
      14.119864463806152,
      6.4593400955200195,
      12.825737953186035,
      8.068413734436035,
      4.8463006019592285,
      2.1533546447753906
    ],
    [
      16.779664993286133,
      9.036847114562988,
      28.13044548034668,
      16.285179138183594,
      12.173162460327148,
      7.878757953643799,
      0.7798771858215332,
      -7.872565269470215,
      1.2960830926895142,
      -3.342510938644409,
      0.998502254486084,
      -2.345005512237549,
      5.587714672088623,
      3.3397130966186523,
      17.251419067382812,
      7.91279935836792,
      15.406671524047852,
      6.729026794433594
    ],
    [
      17.47245216369629,
      32.481895446777344,
      16.285179138183594,
      40.788639068603516,
      2.4525232315063477,
      -0.513235867023468,
      -0.255132257938385,
      -4.35588264465332,
      -3.4162707328796387,
      -4.446522235870361,
      0.2733513414859772,
      -2.2737884521484375,
      8.20178508758545,
      2.1307308673858643,
      20.29576301574707,
      10.644257545471191,
      16.847637176513672,
      8.500869750976562
    ],
    [
      14.489392280578613,
      6.548506736755371,
      12.173162460327148,
      2.4525232315063477,
      47.65711212158203,
      31.032073974609375,
      11.763687133789062,
      0.506618082523346,
      18.650127410888672,
      9.022287368774414,
      19.27381134033203,
      22.53777503967285,
      18.35936737060547,
      25.1099910736084,
      23.179471969604492,
      15.878786087036133,
      12.662559509277344,
      5.884485244750977
    ],
    [
      3.8402512073516846,
      -3.439481258392334,
      7.878757953643799,
      -0.513235867023468,
      31.032073974609375,
      41.16212844848633,
      14.097614288330078,
      14.64761734008789,
      25.234127044677734,
      27.70438003540039,
      25.723161697387695,
      33.52121353149414,
      23.060298919677734,
      39.256683349609375,
      18.782920837402344,
      17.739076614379883,
      7.488365173339844,
      4.198826789855957
    ],
    [
      8.692381858825684,
      19.69757080078125,
      0.7798771858215332,
      -0.255132257938385,
      11.763687133789062,
      14.097614288330078,
      82.52349090576172,
      74.30331420898438,
      57.03275680541992,
      58.77177429199219,
      44.8216667175293,
      50.773773193359375,
      35.81391525268555,
      60.11885452270508,
      9.929940223693848,
      20.50278091430664,
      -14.87452507019043,
      -8.537446975708008
    ],
    [
      3.09098744392395,
      6.720526695251465,
      -7.872565269470215,
      -4.35588264465332,
      0.506618082523346,
      14.64761734008789,
      74.30331420898438,
      111.69068908691406,
      54.80549621582031,
      83.51707458496094,
      36.25146484375,
      61.4123649597168,
      19.162883758544922,
      67.33568572998047,
      -22.575441360473633,
      4.411026954650879,
      -39.09759521484375,
      -20.836130142211914
    ],
    [
      6.6231513023376465,
      3.6500306129455566,
      1.2960830926895142,
      -3.4162707328796387,
      18.650127410888672,
      25.234127044677734,
      57.03275680541992,
      54.80549621582031,
      83.17675018310547,
      72.31426239013672,
      64.36370849609375,
      65.22675323486328,
      59.1421012878418,
      81.0251235961914,
      46.28943634033203,
      46.045955657958984,
      12.810516357421875,
      8.827310562133789
    ],
    [
      -0.6791689395904541,
      2.207651376724243,
      -3.342510938644409,
      -4.446522235870361,
      9.022287368774414,
      27.70438003540039,
      58.77177429199219,
      83.51707458496094,
      72.31426239013672,
      106.78140258789062,
      60.58597946166992,
      84.06155395507812,
      46.04151916503906,
      88.81734466552734,
      5.333731174468994,
      26.508943557739258,
      -18.753339767456055,
      -8.025636672973633
    ],
    [
      4.112752437591553,
      10.171701431274414,
      0.998502254486084,
      0.2733513414859772,
      19.27381134033203,
      25.723161697387695,
      44.8216667175293,
      36.25146484375,
      64.36370849609375,
      60.58597946166992,
      106.0417251586914,
      83.66155242919922,
      95.81031036376953,
      98.81962585449219,
      78.06871795654297,
      69.0298080444336,
      36.2291145324707,
      23.38787078857422
    ],
    [
      2.0797996520996094,
      7.147216796875,
      -2.345005512237549,
      -2.2737884521484375,
      22.53777503967285,
      33.52121353149414,
      50.773773193359375,
      61.4123649597168,
      65.22675323486328,
      84.06155395507812,
      83.66155242919922,
      112.93370056152344,
      68.2386245727539,
      105.70026397705078,
      28.685434341430664,
      42.78596496582031,
      -3.66113018989563,
      1.467397689819336
    ],
    [
      7.253245830535889,
      14.119864463806152,
      5.587714672088623,
      8.20178508758545,
      18.35936737060547,
      23.060298919677734,
      35.81391525268555,
      19.162883758544922,
      59.1421012878418,
      46.04151916503906,
      95.81031036376953,
      68.2386245727539,
      118.99813842773438,
      101.10615539550781,
      110.45381927490234,
      86.09014129638672,
      63.595741271972656,
      38.4396858215332
    ],
    [
      6.344666481018066,
      6.4593400955200195,
      3.3397130966186523,
      2.1307308673858643,
      25.1099910736084,
      39.256683349609375,
      60.11885452270508,
      67.33568572998047,
      81.0251235961914,
      88.81734466552734,
      98.81962585449219,
      105.70026397705078,
      101.10615539550781,
      146.52316284179688,
      80.7020263671875,
      78.13713836669922,
      31.587038040161133,
      21.210988998413086
    ],
    [
      15.374857902526855,
      12.825737953186035,
      17.251419067382812,
      20.29576301574707,
      23.179471969604492,
      18.782920837402344,
      9.929940223693848,
      -22.575441360473633,
      46.28943634033203,
      5.333731174468994,
      78.06871795654297,
      28.685434341430664,
      110.45381927490234,
      80.7020263671875,
      181.43307495117188,
      120.06494903564453,
      129.6116180419922,
      74.28909301757812
    ],
    [
      8.616868019104004,
      8.068413734436035,
      7.91279935836792,
      10.644257545471191,
      15.878786087036133,
      17.739076614379883,
      20.50278091430664,
      4.411026954650879,
      46.045955657958984,
      26.508943557739258,
      69.0298080444336,
      42.78596496582031,
      86.09014129638672,
      78.13713836669922,
      120.06494903564453,
      89.10797119140625,
      80.20465087890625,
      48.55343246459961
    ],
    [
      9.498814582824707,
      4.8463006019592285,
      15.406671524047852,
      16.847637176513672,
      12.662559509277344,
      7.488365173339844,
      -14.87452507019043,
      -39.09759521484375,
      12.810516357421875,
      -18.753339767456055,
      36.2291145324707,
      -3.66113018989563,
      63.595741271972656,
      31.587038040161133,
      129.6116180419922,
      80.20465087890625,
      108.78392028808594,
      63.002037048339844
    ],
    [
      4.07233190536499,
      2.1533546447753906,
      6.729026794433594,
      8.500869750976562,
      5.884485244750977,
      4.198826789855957,
      -8.537446975708008,
      -20.836130142211914,
      8.827310562133789,
      -8.025636672973633,
      23.38787078857422,
      1.467397689819336,
      38.4396858215332,
      21.210988998413086,
      74.28909301757812,
      48.55343246459961,
      63.002037048339844,
      38.78591537475586
    ]
  ],
  "covariance_short": [
    [
      59.66508102416992,
      35.94403076171875,
      25.343107223510742,
      27.695985794067383,
      16.210081100463867,
      6.516079425811768,
      8.031685829162598,
      1.155126690864563,
      3.27728271484375,
      -2.559264659881592,
      4.740159034729004,
      2.557793617248535,
      5.051103115081787,
      1.9294720888137817,
      12.417391777038574,
      5.780594825744629,
      8.04758071899414,
      3.09851336479187
    ],
    [
      35.94403076171875,
      107.72711181640625,
      16.58854866027832,
      50.71318054199219,
      7.9208598136901855,
      0.31629806756973267,
      18.869417190551758,
      1.047835111618042,
      -1.1034046411514282,
      -7.56490421295166,
      10.08137035369873,
      3.649427890777588,
      8.127776145935059,
      1.421386957168579,
      14.148521423339844,
      7.961606979370117,
      6.914434432983398,
      3.3329694271087646
    ],
    [
      25.343107223510742,
      16.58854866027832,
      35.12405776977539,
      19.63755226135254,
      19.94217872619629,
      13.253350257873535,
      6.838331699371338,
      -4.644341945648193,
      4.27590799331665,
      -1.9713934659957886,
      1.617133378982544,
      -1.825179100036621,
      4.01976203918457,
      4.693971633911133,
      14.812385559082031,
      6.15588903427124,
      12.019279479980469,
      4.520404815673828
    ],
    [
      27.695985794067383,
      50.71318054199219,
      19.63755226135254,
      55.751075744628906,
      11.152149200439453,
      5.247584342956543,
      6.313894748687744,
      -2.286032199859619,
      -1.1720490455627441,
      -4.3020548820495605,
      2.1688835620880127,
      -0.9608820080757141,
      6.300247669219971,
      4.366957187652588,
      19.803964614868164,
      10.376784324645996,
      14.506056785583496,
      7.025820255279541
    ],
    [
      16.210081100463867,
      7.9208598136901855,
      19.94217872619629,
      11.152149200439453,
      51.46002197265625,
      32.760108947753906,
      17.411476135253906,
      1.7676877975463867,
      23.396413803100586,
      10.589986801147461,
      17.562191009521484,
      17.087175369262695,
      18.48175621032715,
      22.155229568481445,
      22.0158748626709,
      14.268293380737305,
      11.6115140914917,
      5.124840259552002
    ],
    [
      6.516079425811768,
      0.31629806756973267,
      13.253350257873535,
      5.247584342956543,
      32.760108947753906,
      48.3281364440918,
      20.018251419067383,
      15.838356971740723,
      31.27876091003418,
      30.183799743652344,
      27.6279354095459,
      32.57530975341797,
      29.256242752075195,
      40.025577545166016,
      24.162303924560547,
      19.87649917602539,
      11.301460266113281,
      5.954421043395996
    ],
    [
      8.031685829162598,
      18.869417190551758,
      6.838331699371338,
      6.313894748687744,
      17.411476135253906,
      20.018251419067383,
      90.18331146240234,
      71.03924560546875,
      64.05500030517578,
      60.94252395629883,
      51.40471267700195,
      55.8505859375,
      43.751407623291016,
      61.28046417236328,
      17.391300201416016,
      22.629962921142578,
      -7.802459239959717,
      -4.794191360473633
    ],
    [
      1.155126690864563,
      1.047835111618042,
      -4.644341945648193,
      -2.286032199859619,
      1.7676877975463867,
      15.838356971740723,
      71.03924560546875,
      115.52536010742188,
      55.054203033447266,
      86.94465637207031,
      39.77607727050781,
      65.1894302368164,
      28.7954158782959,
      65.61891174316406,
      -19.158300399780273,
      2.8988537788391113,
      -32.90618133544922,
      -17.953092575073242
    ],
    [
      3.27728271484375,
      -1.1034046411514282,
      4.27590799331665,
      -1.1720490455627441,
      23.396413803100586,
      31.27876091003418,
      64.05500030517578,
      55.054203033447266,
      95.37458801269531,
      78.77613830566406,
      70.18721008300781,
      70.99158477783203,
      71.87625122070312,
      83.7709732055664,
      50.983184814453125,
      47.306732177734375,
      16.839099884033203,
      11.261125564575195
    ],
    [
      -2.559264659881592,
      -7.56490421295166,
      -1.9713934659957886,
      -4.3020548820495605,
      10.589986801147461,
      30.183799743652344,
      60.94252395629883,
      86.94465637207031,
      78.77613830566406,
      116.52640533447266,
      65.49494934082031,
      88.01420593261719,
      60.18095397949219,
      94.16986083984375,
      15.198954582214355,
      30.384756088256836,
      -9.933815956115723,
      -3.149423122406006
    ],
    [
      4.740159034729004,
      10.08137035369873,
      1.617133378982544,
      2.1688835620880127,
      17.562191009521484,
      27.6279354095459,
      51.40471267700195,
      39.77607727050781,
      70.18721008300781,
      65.49494934082031,
      111.9796371459961,
      87.66468811035156,
      101.1798324584961,
      100.77063751220703,
      79.6750717163086,
      69.60983276367188,
      36.689613342285156,
      24.277366638183594
    ],
    [
      2.557793617248535,
      3.649427890777588,
      -1.825179100036621,
      -0.9608820080757141,
      17.087175369262695,
      32.57530975341797,
      55.8505859375,
      65.1894302368164,
      70.99158477783203,
      88.01420593261719,
      87.66468811035156,
      118.06140899658203,
      77.34159851074219,
      106.77515411376953,
      32.8174934387207,
      44.317562103271484,
      -0.05962066352367401,
      3.9580557346343994
    ],
    [
      5.051103115081787,
      8.127776145935059,
      4.01976203918457,
      6.300247669219971,
      18.48175621032715,
      29.256242752075195,
      43.751407623291016,
      28.7954158782959,
      71.87625122070312,
      60.18095397949219,
      101.1798324584961,
      77.34159851074219,
      134.47116088867188,
      113.75968170166016,
      116.82245635986328,
      90.83307647705078,
      65.57000732421875,
      40.172096252441406
    ],
    [
      1.9294720888137817,
      1.421386957168579,
      4.693971633911133,
      4.366957187652588,
      22.155229568481445,
      40.025577545166016,
      61.28046417236328,
      65.61891174316406,
      83.7709732055664,
      94.16986083984375,
      100.77063751220703,
      106.77515411376953,
      113.75968170166016,
      146.20851135253906,
      82.71897888183594,
      77.87326049804688,
      34.285423278808594,
      23.559988021850586
    ],
    [
      12.417391777038574,
      14.148521423339844,
      14.812385559082031,
      19.803964614868164,
      22.0158748626709,
      24.162303924560547,
      17.391300201416016,
      -19.158300399780273,
      50.983184814453125,
      15.198954582214355,
      79.6750717163086,
      32.8174934387207,
      116.82245635986328,
      82.71897888183594,
      176.08151245117188,
      118.4291763305664,
      120.65589141845703,
      70.21733856201172
    ],
    [
      5.780594825744629,
      7.961606979370117,
      6.15588903427124,
      10.376784324645996,
      14.268293380737305,
      19.87649917602539,
      22.629962921142578,
      2.8988537788391113,
      47.306732177734375,
      30.384756088256836,
      69.60983276367188,
      44.317562103271484,
      90.83307647705078,
      77.87326049804688,
      118.4291763305664,
      89.6996078491211,
      76.77210998535156,
      47.68645477294922
    ],
    [
      8.04758071899414,
      6.914434432983398,
      12.019279479980469,
      14.506056785583496,
      11.6115140914917,
      11.301460266113281,
      -7.802459239959717,
      -32.90618133544922,
      16.839099884033203,
      -9.933815956115723,
      36.689613342285156,
      -0.05962066352367401,
      65.57000732421875,
      34.285423278808594,
      120.65589141845703,
      76.77210998535156,
      97.0530776977539,
      56.6674690246582
    ],
    [
      3.09851336479187,
      3.3329694271087646,
      4.520404815673828,
      7.025820255279541,
      5.124840259552002,
      5.954421043395996,
      -4.794191360473633,
      -17.953092575073242,
      11.261125564575195,
      -3.149423122406006,
      24.277366638183594,
      3.9580557346343994,
      40.172096252441406,
      23.559988021850586,
      70.21733856201172,
      47.68645477294922,
      56.6674690246582,
      35.96056365966797
    ]
  ],
  "drr": 9.40778636932373,
  "dynamics": 3.1105809211730957,
  "format": 1245190,
  "frames": 5642240,
  "loudness": -13.753751754760742,
  "loudness_range": 8.522965431213379,
  "loudness_range_short": 13.263811111450195,
  "peak": -0.9217891693115234,
  "rms": -15.395491600036621,
  "sample_rate": 44100,
  "sections": 1,
  "seekable": 1,
  "sharpness": 2.889758348464966,
  "space": -10.512133598327637
}