{
  "bands": [
    {
      "high_freq": 148.1999969482422,
      "loudness": -22.028039932250977,
      "loudness_range": 9.431791305541992,
      "mid_mean": -18.45967674255371,
      "mid_to_side_loudness": -18.917131423950195,
      "mid_to_side_loudness_range": 18.471101760864258,
      "side_mean": -37.8774528503418
    },
    {
      "high_freq": 392.3793640136719,
      "loudness": -18.408916473388672,
      "loudness_range": 7.763922691345215,
      "low_freq": 148.1999969482422,
      "mid_mean": -15.338781356811523,
      "mid_to_side_loudness": -8.965296745300293,
      "mid_to_side_loudness_range": 8.104652404785156,
      "side_mean": -24.42068099975586
    },
    {
      "high_freq": 794.6976318359375,
      "loudness": -20.89992332458496,
      "loudness_range": 9.166080474853516,
      "low_freq": 392.3793640136719,
      "mid_mean": -18.64488983154297,
      "mid_to_side_loudness": -5.0997161865234375,
      "mid_to_side_loudness_range": 10.416716575622559,
      "side_mean": -23.674415588378906
    },
    {
      "high_freq": 1457.5709228515625,
      "loudness": -25.99867820739746,
      "loudness_range": 16.233673095703125,
      "low_freq": 794.6976318359375,
      "mid_mean": -23.030376434326172,
      "mid_to_side_loudness": -9.221637725830078,
      "mid_to_side_loudness_range": 13.291254997253418,
      "side_mean": -32.24363327026367
    },
    {
      "high_freq": 2549.74365234375,
      "loudness": -27.363954544067383,
      "loudness_range": 14.087223052978516,
      "low_freq": 1457.5709228515625,
      "mid_mean": -24.509021759033203,
      "mid_to_side_loudness": -7.892158508300781,
      "mid_to_side_loudness_range": 10.786151885986328,
      "side_mean": -32.436832427978516
    },
    {
      "high_freq": 4349.24462890625,
      "loudness": -29.18075942993164,
      "loudness_range": 15.857620239257812,
      "low_freq": 2549.74365234375,
      "mid_mean": -26.181774139404297,
      "mid_to_side_loudness": -9.095934867858887,
      "mid_to_side_loudness_range": 12.819725036621094,
      "side_mean": -35.46798324584961
    },
    {
      "high_freq": 7314.1640625,
      "loudness": -31.48699378967285,
      "loudness_range": 15.387025833129883,
      "low_freq": 4349.24462890625,
      "mid_mean": -28.4453182220459,
      "mid_to_side_loudness": -9.30741024017334,
      "mid_to_side_loudness_range": 11.52307415008545,
      "side_mean": -37.916996002197266
    },
    {
      "high_freq": 12199.2666015625,
      "loudness": -31.26905632019043,
      "loudness_range": 14.676633834838867,
      "low_freq": 7314.1640625,
      "mid_mean": -28.313220977783203,
      "mid_to_side_loudness": -9.530449867248535,
      "mid_to_side_loudness_range": 16.135040283203125,
      "side_mean": -37.811073303222656
    },
    {
      "loudness": -39.00041961669922,
      "loudness_range": 17.33368492126465,
      "low_freq": 12199.2666015625,
      "mid_mean": -36.13454818725586,
      "mid_to_side_loudness": -9.422985076904297,
      "mid_to_side_loudness_range": 14.654930114746094,
      "side_mean": -45.26127243041992
    }
  ],
  "bands_short": [
    {
      "high_freq": 148.1999969482422,
      "loudness": -25.24403953552246,
      "loudness_range": 12.743610382080078,
      "mid_mean": -21.683080673217773,
      "mid_to_side_loudness": -22.11431121826172,
      "mid_to_side_loudness_range": 25.566450119018555,
      "side_mean": -45.4488410949707
    },
    {
      "high_freq": 392.3793640136719,
      "loudness": -17.989452362060547,
      "loudness_range": 9.797008514404297,
      "low_freq": 148.1999969482422,
      "mid_mean": -14.844687461853027,
      "mid_to_side_loudness": -9.937356948852539,
      "mid_to_side_loudness_range": 10.339109420776367,
      "side_mean": -24.88092613220215
    },
    {
      "high_freq": 794.6976318359375,
      "loudness": -21.606426239013672,
      "loudness_range": 10.76502799987793,
      "low_freq": 392.3793640136719,
      "mid_mean": -19.505300521850586,
      "mid_to_side_loudness": -4.9266862869262695,
      "mid_to_side_loudness_range": 12.35472297668457,
      "side_mean": -24.366355895996094
    },
    {
      "high_freq": 1457.5709228515625,
      "loudness": -25.073041915893555,
      "loudness_range": 17.158443450927734,
      "low_freq": 794.6976318359375,
      "mid_mean": -22.3836669921875,
      "mid_to_side_loudness": -8.124639511108398,
      "mid_to_side_loudness_range": 15.595525741577148,
      "side_mean": -30.472566604614258
    },
    {
      "high_freq": 2549.74365234375,
      "loudness": -28.10477638244629,
      "loudness_range": 16.597654342651367,
      "low_freq": 1457.5709228515625,
      "mid_mean": -25.373390197753906,
      "mid_to_side_loudness": -7.568145275115967,
      "mid_to_side_loudness_range": 12.601930618286133,
      "side_mean": -32.984458923339844
    },
    {
      "high_freq": 4349.24462890625,
      "loudness": -30.192134857177734,
      "loudness_range": 19.21929359436035,
      "low_freq": 2549.74365234375,
      "mid_mean": -27.339923858642578,
      "mid_to_side_loudness": -8.286476135253906,
      "mid_to_side_loudness_range": 13.886591911315918,
      "side_mean": -36.0155029296875
    },
    {
      "high_freq": 7314.1640625,
      "loudness": -33.08272171020508,
      "loudness_range": 21.128368377685547,
      "low_freq": 4349.24462890625,
      "mid_mean": -30.17978286743164,
      "mid_to_side_loudness": -9.071037292480469,
      "mid_to_side_loudness_range": 14.528992652893066,
      "side_mean": -39.59568405151367
    },
    {
      "high_freq": 12199.2666015625,
      "loudness": -33.279483795166016,
      "loudness_range": 20.235496520996094,
      "low_freq": 7314.1640625,
      "mid_mean": -30.425968170166016,
      "mid_to_side_loudness": -10.302837371826172,
      "mid_to_side_loudness_range": 21.03020668029785,
      "side_mean": -40.9830322265625
    },
    {
      "loudness": -42.69069290161133,
      "loudness_range": 24.777135848999023,
      "low_freq": 12199.2666015625,
      "mid_mean": -39.81642532348633,
      "mid_to_side_loudness": -10.159095764160156,
      "mid_to_side_loudness_range": 18.51394271850586,
      "side_mean": -50.40705108642578
    }
  ],
  "channels": 2,
  "covariance": [
    [
      29.07663345336914,
      12.932055473327637,
      11.318723678588867,
      11.299654960632324,
      3.615448474884033,
      9.09079647064209,
      2.1748273372650146,
      9.169508934020996,
      4.431130886077881,
      13.386528968811035,
      4.858480930328369,
      13.822089195251465,
      9.393402099609375,
      16.208938598632812,
      4.948274612426758,
      14.774094581604004,
      10.553634643554688,
      14.937934875488281
    ],
    [
      12.932055473327637,
      32.86903762817383,
      10.946268081665039,
      14.36783504486084,
      11.537126541137695,
      11.02892780303955,
      13.536887168884277,
      13.20999813079834,
      16.28217887878418,
      19.36306381225586,
      15.2235107421875,
      23.32782745361328,
      15.491556167602539,
      23.76634407043457,
      9.696144104003906,
      18.780597686767578,
      13.9639892578125,
      15.48305892944336
    ],
    [
      11.318723678588867,
      10.946268081665039,
      14.187313079833984,
      11.26645565032959,
      6.238307952880859,
      8.607624053955078,
      5.832149982452393,
      7.8763275146484375,
      8.197396278381348,
      12.165660858154297,
      9.435868263244629,
      13.116456985473633,
      10.786605834960938,
      14.932279586791992,
      8.902801513671875,
      12.76732063293457,
      12.011543273925781,
      11.41458797454834
    ],
    [
      11.299654960632324,
      14.36783504486084,
      11.26645565032959,
      17.251548767089844,
      8.6992826461792,
      11.760932922363281,
      8.540573120117188,
      11.380352973937988,
      11.089029312133789,
      16.674407958984375,
      11.630484580993652,
      18.395519256591797,
      11.489114761352539,
      18.91846466064453,
      7.767004489898682,
      15.421662330627441,
      12.600521087646484,
      13.446554183959961
    ],
    [
      3.615448474884033,
      11.537126541137695,
      6.238307952880859,
      8.6992826461792,
      15.36551570892334,
      8.268406867980957,
      13.90923023223877,
      9.887909889221191,
      15.403608322143555,
      13.865823745727539,
      15.773530960083008,
      16.97135353088379,
      12.252493858337402,
      15.748164176940918,
      9.594887733459473,
      12.12182331085205,
      11.669166564941406,
      9.515665054321289
    ],
    [
      9.09079647064209,
      11.02892780303955,
      8.607624053955078,
      11.760932922363281,
      8.268406867980957,
      15.21255111694336,
      7.6656174659729,
      11.251198768615723,
      9.882883071899414,
      16.328285217285156,
      8.711607933044434,
      15.417744636535645,
      8.346600532531738,
      14.503652572631836,
      6.562971115112305,
      12.572142601013184,
      11.561399459838867,
      11.594200134277344
    ],
    [
      2.1748273372650146,
      13.536887168884277,
      5.832149982452393,
      8.540573120117188,
      13.90923023223877,
      7.6656174659729,
      36.71783447265625,
      16.643728256225586,
      24.32273292541504,
      16.712268829345703,
      21.08576774597168,
      20.613935470581055,
      16.932985305786133,
      19.370866775512695,
      11.155754089355469,
      14.065768241882324,
      12.854121208190918,
      10.36558723449707
    ],
    [
      9.169508934020996,
      13.20999813079834,
      7.8763275146484375,
      11.380352973937988,
      9.887909889221191,
      11.251198768615723,
      16.643728256225586,
      19.510652542114258,
      14.841197967529297,
      19.151784896850586,
      14.137139320373535,
      21.879987716674805,
      13.465280532836914,
      21.42819595336914,
      8.106273651123047,
      17.51312255859375,
      13.506839752197266,
      15.506952285766602
    ],
    [
      4.431130886077881,
      16.28217887878418,
      8.197396278381348,
      11.089029312133789,
      15.403608322143555,
      9.882883071899414,
      24.32273292541504,
      14.841197967529297,
      29.36355972290039,
      20.808101654052734,
      23.9196720123291,
      24.197673797607422,
      19.070232391357422,
      21.82073402404785,
      15.31282901763916,
      17.240461349487305,
      16.105087280273438,
      13.201557159423828
    ],
    [
      13.386528968811035,
      19.36306381225586,
      12.165660858154297,
      16.674407958984375,
      13.865823745727539,
      16.328285217285156,
      16.712268829345703,
      19.151784896850586,
      20.808101654052734,
      28.665264129638672,
      18.743356704711914,
      30.09654426574707,
      18.137248992919922,
      28.61157989501953,
      12.179499626159668,
      23.112951278686523,
      18.2155704498291,
      19.42690086364746
    ],
    [
      4.858480930328369,
      15.2235107421875,
      9.435868263244629,
      11.630484580993652,
      15.773530960083008,
      8.711607933044434,
      21.08576774597168,
      14.137139320373535,
      23.9196720123291,
      18.743356704711914,
      35.157466888427734,
      27.82608413696289,
      24.281631469726562,
      24.597728729248047,
      17.415605545043945,
      17.712919235229492,
      16.5247745513916,
      12.2975435256958
    ],
    [
      13.822089195251465,
      23.32782745361328,
      13.116456985473633,
      18.395519256591797,
      16.97135353088379,
      15.417744636535645,
      20.613935470581055,
      21.879987716674805,
      24.197673797607422,
      30.09654426574707,
      27.82608413696289,
      44.2656364440918,
      25.259965896606445,
      40.71518325805664,
      15.574531555175781,
      31.233016967773438,
      20.801387786865234,
      23.746923446655273
    ],
    [
      9.393402099609375,
      15.491556167602539,
      10.786605834960938,
      11.489114761352539,
      12.252493858337402,
      8.346600532531738,
      16.932985305786133,
      13.465280532836914,
      19.070232391357422,
      18.137248992919922,
      24.281631469726562,
      25.259965896606445,
      30.2962703704834,
      29.95104217529297,
      21.740087509155273,
      24.63035774230957,
      21.606090545654297,
      19.20041275024414
    ],
    [
      16.208938598632812,
      23.76634407043457,
      14.932279586791992,
      18.91846466064453,
      15.748164176940918,
      14.503652572631836,
      19.370866775512695,
      21.42819595336914,
      21.82073402404785,
      28.61157989501953,
      24.597728729248047,
      40.71518325805664,
      29.95104217529297,
      52.863502502441406,
      19.257165908813477,
      42.963871002197266,
      25.19068145751953,
      35.08387756347656
    ],
    [
      4.948274612426758,
      9.696144104003906,
      8.902801513671875,
      7.767004489898682,
      9.594887733459473,
      6.562971115112305,
      11.155754089355469,
      8.106273651123047,
      15.31282901763916,
      12.179499626159668,
      17.415605545043945,
      15.574531555175781,
      21.740087509155273,
      19.257165908813477,
      30.95685386657715,
      21.75152587890625,
      28.48592185974121,
      19.711402893066406
    ],
    [
      14.774094581604004,
      18.780597686767578,
      12.76732063293457,
      15.421662330627441,
      12.12182331085205,
      12.572142601013184,
      14.065768241882324,
      17.51312255859375,
      17.240461349487305,
      23.112951278686523,
      17.712919235229492,
      31.233016967773438,
      24.63035774230957,
      42.963871002197266,
      21.75152587890625,
      47.999088287353516,
      27.11676788330078,
      43.022117614746094
    ],
    [
      10.553634643554688,
      13.9639892578125,
      12.011543273925781,
      12.600521087646484,
      11.669166564941406,
      11.561399459838867,
      12.854121208190918,
      13.506839752197266,
      16.105087280273438,
      18.2155704498291,
      16.5247745513916,
      20.801387786865234,
      21.606090545654297,
      25.19068145751953,
      28.48592185974121,
      27.11676788330078,
      39.578731536865234,
      30.650327682495117
    ],
    [
      14.937934875488281,
      15.48305892944336,
      11.41458797454834,
      13.446554183959961,
      9.515665054321289,
      11.594200134277344,
      10.36558723449707,
      15.506952285766602,
      13.201557159423828,
      19.42690086364746,
      12.2975435256958,
      23.746923446655273,
      19.20041275024414,
      35.08387756347656,
      19.711402893066406,
      43.022117614746094,
      30.650327682495117,
      49.802371978759766
    ]
  ],
  "covariance_short": [
    [
      35.02410125732422,
      11.745952606201172,
      8.992385864257812,
      5.309619903564453,
      0.03616558387875557,
      2.6771457195281982,
      -2.309015989303589,
      2.13256573677063,
      1.121854543685913,
      5.178084850311279,
      1.9573413133621216,
      5.8987860679626465,
      5.6339216232299805,
      7.759126663208008,
      5.6116156578063965,
      9.146842002868652,
      8.271003723144531,
      10.836197853088379
    ],
    [
      11.745952606201172,
      53.128265380859375,
      13.113417625427246,
      15.663202285766602,
      9.762412071228027,
      11.078493118286133,
      12.220675468444824,
      13.578545570373535,
      16.359390258789062,
      19.918947219848633,
      17.3304500579834,
      23.444149017333984,
      18.09368133544922,
      23.832351684570312,
      11.385900497436523,
      21.229236602783203,
      14.068564414978027,
      19.698406219482422
    ],
    [
      8.992385864257812,
      13.113417625427246,
      18.445533752441406,
      12.539162635803223,
      7.1422438621521,
      10.338872909545898,
      6.874915599822998,
      9.643004417419434,
      9.132952690124512,
      13.99203109741211,
      10.710618019104004,
      14.987606048583984,
      13.2813720703125,
      17.41580581665039,
      9.347288131713867,
      16.743642807006836,
      12.410004615783691,
      16.779315948486328
    ],
    [
      5.309619903564453,
      15.663202285766602,
      12.539162635803223,
      20.3284969329834,
      9.47364330291748,
      12.589838981628418,
      9.964242935180664,
      11.982991218566895,
      12.824310302734375,
      17.945276260375977,
      13.430740356445312,
      19.944143295288086,
      14.509514808654785,
      21.18905258178711,
      8.71407413482666,
      20.117582321166992,
      12.480850219726562,
      19.19063377380371
    ],
    [
      0.03616558387875557,
      9.762412071228027,
      7.1422438621521,
      9.47364330291748,
      19.34222412109375,
      9.690131187438965,
      14.617566108703613,
      10.481294631958008,
      17.218250274658203,
      15.422331809997559,
      18.75855255126953,
      18.440284729003906,
      16.07845687866211,
      18.91779899597168,
      12.012125968933105,
      18.141416549682617,
      15.10044002532959,
      18.347694396972656
    ],
    [
      2.6771457195281982,
      11.078493118286133,
      10.338872909545898,
      12.589838981628418,
      9.690131187438965,
      20.124317169189453,
      8.697209358215332,
      11.751282691955566,
      11.899590492248535,
      18.46551513671875,
      10.449051856994629,
      17.348905563354492,
      10.839485168457031,
      16.83260154724121,
      8.140734672546387,
      16.79642677307129,
      12.405963897705078,
      17.656152725219727
    ],
    [
      -2.309015989303589,
      12.220675468444824,
      6.874915599822998,
      9.964242935180664,
      14.617566108703613,
      8.697209358215332,
      43.32063293457031,
      17.937341690063477,
      29.54668617248535,
      19.50706672668457,
      27.1536808013916,
      24.61040687561035,
      26.02216339111328,
      26.344736099243164,
      16.53202247619629,
      24.2010440826416,
      18.360811233520508,
      23.045991897583008
    ],
    [
      2.13256573677063,
      13.578545570373535,
      9.643004417419434,
      11.982991218566895,
      10.481294631958008,
      11.751282691955566,
      17.937341690063477,
      23.43520164489746,
      17.59861183166504,
      20.570547103881836,
      17.609968185424805,
      23.68634605407715,
      18.190637588500977,
      24.700542449951172,
      11.804426193237305,
      25.04288101196289,
      15.896892547607422,
      24.888460159301758
    ],
    [
      1.121854543685913,
      16.359390258789062,
      9.132952690124512,
      12.824310302734375,
      17.218250274658203,
      11.899590492248535,
      29.54668617248535,
      17.59861183166504,
      39.171966552734375,
      25.59568214416504,
      31.59467887878418,
      30.220441818237305,
      28.390832901000977,
      30.769428253173828,
      21.686201095581055,
      29.085445404052734,
      22.891769409179688,
      27.745811462402344
    ],
    [
      5.178084850311279,
      19.918947219848633,
      13.99203109741211,
      17.945276260375977,
      15.422331809997559,
      18.46551513671875,
      19.50706672668457,
      20.570547103881836,
      25.59568214416504,
      34.298866271972656,
      23.714839935302734,
      34.84746551513672,
      24.322261810302734,
      35.50231170654297,
      15.906951904296875,
      33.77840042114258,
      21.449342727661133,
      32.59630584716797
    ],
    [
      1.9573413133621216,
      17.3304500579834,
      10.710618019104004,
      13.430740356445312,
      18.75855255126953,
      10.449051856994629,
      27.1536808013916,
      17.609968185424805,
      31.59467887878418,
      23.714839935302734,
      50.065799713134766,
      35.1509895324707,
      39.37953186035156,
      36.549110412597656,
      27.61200523376465,
      33.86024475097656,
      25.524444580078125,
      29.358348846435547
    ],
    [
      5.8987860679626465,
      23.444149017333984,
      14.987606048583984,
      19.944143295288086,
      18.440284729003906,
      17.348905563354492,
      24.61040687561035,
      23.68634605407715,
      30.220441818237305,
      34.84746551513672,
      35.1509895324707,
      51.70293045043945,
      35.02484893798828,
      51.98326873779297,
      21.7937068939209,
      47.48569107055664,
      26.79879379272461,
      42.57245635986328
    ],
    [
      5.6339216232299805,
      18.09368133544922,
      13.2813720703125,
      14.509514808654785,
      16.07845687866211,
      10.839485168457031,
      26.02216339111328,
      18.190637588500977,
      28.390832901000977,
      24.322261810302734,
      39.37953186035156,
      35.02484893798828,
      55.37605667114258,
      48.093074798583984,
      39.307037353515625,
      49.246978759765625,
      39.408348083496094,
      44.587764739990234
    ],
    [
      7.759126663208008,
      23.832351684570312,
      17.41580581665039,
      21.18905258178711,
      18.91779899597168,
      16.83260154724121,
      26.344736099243164,
      24.700542449951172,
      30.769428253173828,
      35.50231170654297,
      36.549110412597656,
      51.98326873779297,
      48.093074798583984,
      76.6733627319336,
      31.978809356689453,
      72.80917358398438,
      38.72289276123047,
      65.88001251220703
    ],
    [
      5.6116156578063965,
      11.385900497436523,
      9.347288131713867,
      8.71407413482666,
      12.012125968933105,
      8.140734672546387,
      16.53202247619629,
      11.804426193237305,
      21.686201095581055,
      15.906951904296875,
      27.61200523376465,
      21.7937068939209,
      39.307037353515625,
      31.978809356689453,
      54.870418548583984,
      41.98994064331055,
      50.83603286743164,
      42.58673095703125
    ],
    [
      9.146842002868652,
      21.229236602783203,
      16.743642807006836,
      20.117582321166992,
      18.141416549682617,
      16.79642677307129,
      24.2010440826416,
      25.04288101196289,
      29.085445404052734,
      33.77840042114258,
      33.86024475097656,
      47.48569107055664,
      49.246978759765625,
      72.80917358398438,
      41.98994064331055,
      89.75752258300781,
      51.670494079589844,
      83.60664367675781
    ],
    [
      8.271003723144531,
      14.068564414978027,
      12.410004615783691,
      12.480850219726562,
      15.10044002532959,
      12.405963897705078,
      18.360811233520508,
      15.896892547607422,
      22.891769409179688,
      21.449342727661133,
      25.524444580078125,
      26.79879379272461,
      39.408348083496094,
      38.72289276123047,
      50.83603286743164,
      51.670494079589844,
      71.08466339111328,
      64.66138458251953
    ],
    [
      10.836197853088379,
      19.698406219482422,
      16.779315948486328,
      19.19063377380371,
      18.347694396972656,
      17.656152725219727,
      23.045991897583008,
      24.888460159301758,
      27.745811462402344,
      32.59630584716797,
      29.358348846435547,
      42.57245635986328,
      44.587764739990234,
      65.88001251220703,
      42.58673095703125,
      83.60664367675781,
      64.66138458251953,
      104.53965759277344
    ]
  ],
  "drr": 14.16015911102295,
  "dynamics": 2.5691492557525635,
  "format": 1245190,
  "frames": 12005376,
  "loudness": -10.359746932983398,
  "loudness_range": 6.53803825378418,
  "loudness_range_short": 7.782205104827881,
  "peak": -0.26783424615859985,
  "rms": -12.364660263061523,
  "sample_rate": 44100,
  "sections": 1,
  "seekable": 1,
  "sharpness": 1.6149595975875854,
  "space": -9.045284271240234
}