{
  "bands": [
    {
      "high_freq": 148.1999969482422,
      "loudness": -52.42373275756836,
      "loudness_range": 20.07428741455078,
      "mid_mean": -48.76118469238281,
      "mid_to_side_loudness": -17.30356788635254,
      "mid_to_side_loudness_range": 6.893465042114258,
      "side_mean": -63.97755813598633
    },
    {
      "high_freq": 392.3793640136719,
      "loudness": -37.235069274902344,
      "loudness_range": 21.718305587768555,
      "low_freq": 148.1999969482422,
      "mid_mean": -34.0002555847168,
      "mid_to_side_loudness": -10.154176712036133,
      "mid_to_side_loudness_range": 7.768483638763428,
      "side_mean": -44.149532318115234
    },
    {
      "high_freq": 794.6976318359375,
      "loudness": -32.12609100341797,
      "loudness_range": 14.674478530883789,
      "low_freq": 392.3793640136719,
      "mid_mean": -29.20924949645996,
      "mid_to_side_loudness": -7.497521877288818,
      "mid_to_side_loudness_range": 5.416925430297852,
      "side_mean": -36.78211212158203
    },
    {
      "high_freq": 1457.5709228515625,
      "loudness": -40.3636474609375,
      "loudness_range": 19.945518493652344,
      "low_freq": 794.6976318359375,
      "mid_mean": -40.45725631713867,
      "mid_to_side_loudness": 1.009866714477539,
      "mid_to_side_loudness_range": 9.232795715332031,
      "side_mean": -39.46811294555664
    },
    {
      "high_freq": 2549.74365234375,
      "loudness": -50.40293884277344,
      "loudness_range": 19.597198486328125,
      "low_freq": 1457.5709228515625,
      "mid_mean": -50.98423767089844,
      "mid_to_side_loudness": 1.287619948387146,
      "mid_to_side_loudness_range": 5.616028785705566,
      "side_mean": -49.501583099365234
    },
    {
      "high_freq": 4349.24462890625,
      "loudness": -63.91459274291992,
      "loudness_range": 23.610450744628906,
      "low_freq": 2549.74365234375,
      "mid_mean": -61.78864288330078,
      "mid_to_side_loudness": 0.510723352432251,
      "mid_to_side_loudness_range": 5.716723442077637,
      "side_mean": -61.46697998046875
    },
    {
      "high_freq": 7314.1640625,
      "loudness": -76.41796112060547,
      "loudness_range": 12.715415954589844,
      "low_freq": 4349.24462890625,
      "mid_mean": -68.60234832763672,
      "mid_to_side_loudness": 0.21017400920391083,
      "mid_to_side_loudness_range": 1.9739302396774292,
      "side_mean": -68.59065246582031
    },
    {
      "high_freq": 12199.2666015625,
      "loudness": 0,
      "loudness_range": 0,
      "low_freq": 7314.1640625,
      "mid_mean": -69.21173858642578,
      "mid_to_side_loudness": -0.22210733592510223,
      "mid_to_side_loudness_range": 0.6814680099487305,
      "side_mean": -69.25072479248047
    },
    {
      "loudness": 0,
      "loudness_range": 0,
      "low_freq": 12199.2666015625,
      "mid_mean": -69.10728454589844,
      "mid_to_side_loudness": -0.06916661560535431,
      "mid_to_side_loudness_range": 0.44394028186798096,
      "side_mean": -69.1199951171875
    }
  ],
  "bands_short": [
    {
      "high_freq": 148.1999969482422,
      "loudness": -55.693973541259766,
      "loudness_range": 23.00963592529297,
      "mid_mean": -51.936344146728516,
      "mid_to_side_loudness": -17.488006591796875,
      "mid_to_side_loudness_range": 11.955718040466309,
      "side_mean": -65.96619415283203
    },
    {
      "high_freq": 392.3793640136719,
      "loudness": -38.75250244140625,
      "loudness_range": 24.18514633178711,
      "low_freq": 148.1999969482422,
      "mid_mean": -35.55706024169922,
      "mid_to_side_loudness": -10.260015487670898,
      "mid_to_side_loudness_range": 11.189837455749512,
      "side_mean": -45.81745910644531
    },
    {
      "high_freq": 794.6976318359375,
      "loudness": -33.233802795410156,
      "loudness_range": 18.85814094543457,
      "low_freq": 392.3793640136719,
      "mid_mean": -30.362926483154297,
      "mid_to_side_loudness": -7.448420524597168,
      "mid_to_side_loudness_range": 8.319635391235352,
      "side_mean": -37.88899230957031
    },
    {
      "high_freq": 1457.5709228515625,
      "loudness": -41.52726364135742,
      "loudness_range": 22.110675811767578,
      "low_freq": 794.6976318359375,
      "mid_mean": -41.71918487548828,
      "mid_to_side_loudness": 0.9932247400283813,
      "mid_to_side_loudness_range": 10.623422622680664,
      "side_mean": -40.769989013671875
    },
    {
      "high_freq": 2549.74365234375,
      "loudness": -51.35304641723633,
      "loudness_range": 21.857818603515625,
      "low_freq": 1457.5709228515625,
      "mid_mean": -52.055694580078125,
      "mid_to_side_loudness": 1.294084906578064,
      "mid_to_side_loudness_range": 8.076208114624023,
      "side_mean": -50.78402328491211
    },
    {
      "high_freq": 4349.24462890625,
      "loudness": -64.37268829345703,
      "loudness_range": 25.903865814208984,
      "low_freq": 2549.74365234375,
      "mid_mean": -62.017574310302734,
      "mid_to_side_loudness": 0.38149335980415344,
      "mid_to_side_loudness_range": 7.713084697723389,
      "side_mean": -61.79518508911133
    },
    {
      "high_freq": 7314.1640625,
      "loudness": -76.7558822631836,
      "loudness_range": 12.047531127929688,
      "low_freq": 4349.24462890625,
      "mid_mean": -68.72272491455078,
      "mid_to_side_loudness": 0.2868442237377167,
      "mid_to_side_loudness_range": 3.26462984085083,
      "side_mean": -68.67311096191406
    },
    {
      "high_freq": 12199.2666015625,
      "loudness": 0,
      "loudness_range": 0,
      "low_freq": 7314.1640625,
      "mid_mean": -69.2140884399414,
      "mid_to_side_loudness": -0.21261529624462128,
      "mid_to_side_loudness_range": 1.6307013034820557,
      "side_mean": -69.25251770019531
    },
    {
      "loudness": 0,
      "loudness_range": 0,
      "low_freq": 12199.2666015625,
      "mid_mean": -69.10247039794922,
      "mid_to_side_loudness": -0.0696355327963829,
      "mid_to_side_loudness_range": 1.2966866493225098,
      "side_mean": -69.11547088623047
    }
  ],
  "channels": 2,
  "covariance": [
    [
      42.99432373046875,
      24.27765655517578,
      30.55485725402832,
      30.742769241333008,
      12.86060905456543,
      14.592174530029297,
      8.328519821166992,
      14.293234825134277,
      25.101295471191406,
      24.469608306884766,
      19.95160675048828,
      18.814998626708984,
      3.5215213298797607,
      3.1796700954437256,
      0.46234020590782166,
      0.3600887656211853,
      0.21560072898864746,
      0.1964673548936844
    ],
    [
      24.27765655517578,
      16.765050888061523,
      18.72603416442871,
      18.719287872314453,
      9.109212875366211,
      9.817591667175293,
      5.888408660888672,
      8.886260986328125,
      16.48792266845703,
      16.555294036865234,
      13.859654426574707,
      13.213687896728516,
      2.6942312717437744,
      2.3602135181427,
      0.3359009921550751,
      0.2523437440395355,
      0.14694279432296753,
      0.13452723622322083
    ],
    [
      30.55485725402832,
      18.72603416442871,
      54.68618392944336,
      48.00104522705078,
      15.87407398223877,
      18.711915969848633,
      8.493280410766602,
      16.3465576171875,
      31.318315505981445,
      34.07591247558594,
      26.534740447998047,
      24.327495574951172,
      3.5883920192718506,
      3.638227701187134,
      0.4805237352848053,
      0.3815094530582428,
      0.20841269195079803,
      0.19064626097679138
    ],
    [
      30.742769241333008,
      18.719287872314453,
      48.00104522705078,
      50.61497116088867,
      14.010541915893555,
      16.8262882232666,
      7.665729522705078,
      15.72807788848877,
      27.9316349029541,
      30.410985946655273,
      23.403568267822266,
      20.67420768737793,
      2.8591232299804688,
      2.7982261180877686,
      0.4087846577167511,
      0.31823617219924927,
      0.1840648055076599,
      0.16601824760437012
    ],
    [
      12.86060905456543,
      9.109212875366211,
      15.87407398223877,
      14.010541915893555,
      30.0955810546875,
      27.22800636291504,
      7.016448497772217,
      11.297571182250977,
      20.63071632385254,
      23.47676658630371,
      19.669706344604492,
      20.027660369873047,
      4.587562561035156,
      4.185355186462402,
      0.6120713949203491,
      0.458024263381958,
      0.2767265737056732,
      0.25609201192855835
    ],
    [
      14.592174530029297,
      9.817591667175293,
      18.711915969848633,
      16.8262882232666,
      27.22800636291504,
      28.90631866455078,
      8.245811462402344,
      12.859468460083008,
      22.072378158569336,
      24.779130935668945,
      21.216171264648438,
      21.446313858032227,
      4.1976776123046875,
      3.869270086288452,
      0.5881051421165466,
      0.44494014978408813,
      0.26890355348587036,
      0.2468988299369812
    ],
    [
      8.328519821166992,
      5.888408660888672,
      8.493280410766602,
      7.665729522705078,
      7.016448497772217,
      8.245811462402344,
      48.17790603637695,
      41.48155975341797,
      23.48516845703125,
      22.14204216003418,
      20.86001205444336,
      21.528594970703125,
      4.925329208374023,
      4.826419353485107,
      0.5691591501235962,
      0.4976809322834015,
      0.29767125844955444,
      0.2875249683856964
    ],
    [
      14.293234825134277,
      8.886260986328125,
      16.3465576171875,
      15.72807788848877,
      11.297571182250977,
      12.859468460083008,
      41.48155975341797,
      44.7731819152832,
      26.275836944580078,
      26.006486892700195,
      24.03130340576172,
      24.05525016784668,
      5.353694915771484,
      5.085869312286377,
      0.6146425604820251,
      0.5423585176467896,
      0.3243023157119751,
      0.32085955142974854
    ],
    [
      25.101295471191406,
      16.48792266845703,
      31.318315505981445,
      27.9316349029541,
      20.63071632385254,
      22.072378158569336,
      23.48516845703125,
      26.275836944580078,
      51.5493049621582,
      47.84485626220703,
      36.9146614074707,
      37.39677810668945,
      7.246040344238281,
      7.101851463317871,
      0.8278340101242065,
      0.6624786257743835,
      0.4111580550670624,
      0.39622873067855835
    ],
    [
      24.469608306884766,
      16.555294036865234,
      34.07591247558594,
      30.410985946655273,
      23.47676658630371,
      24.779130935668945,
      22.14204216003418,
      26.006486892700195,
      47.84485626220703,
      51.168094635009766,
      37.394832611083984,
      37.16657638549805,
      7.419412136077881,
      7.266574859619141,
      0.8176116347312927,
      0.6477283835411072,
      0.3879254162311554,
      0.37424716353416443
    ],
    [
      19.95160675048828,
      13.859654426574707,
      26.534740447998047,
      23.403568267822266,
      19.669706344604492,
      21.216171264648438,
      20.86001205444336,
      24.03130340576172,
      36.9146614074707,
      37.394832611083984,
      37.42462158203125,
      35.94002151489258,
      7.756536483764648,
      7.449316024780273,
      0.8314218521118164,
      0.6751059889793396,
      0.3709559440612793,
      0.35914093255996704
    ],
    [
      18.814998626708984,
      13.213687896728516,
      24.327495574951172,
      20.67420768737793,
      20.027660369873047,
      21.446313858032227,
      21.528594970703125,
      24.05525016784668,
      37.39677810668945,
      37.16657638549805,
      35.94002151489258,
      36.97913360595703,
      7.934876441955566,
      7.541780471801758,
      0.8341467976570129,
      0.665513277053833,
      0.3755824565887451,
      0.3616396486759186
    ],
    [
      3.5215213298797607,
      2.6942312717437744,
      3.5883920192718506,
      2.8591232299804688,
      4.587562561035156,
      4.1976776123046875,
      4.925329208374023,
      5.353694915771484,
      7.246040344238281,
      7.419412136077881,
      7.756536483764648,
      7.934876441955566,
      3.5083601474761963,
      3.0740370750427246,
      0.26889029145240784,
      0.2311205267906189,
      0.11336848139762878,
      0.1112639307975769
    ],
    [
      3.1796700954437256,
      2.3602135181427,
      3.638227701187134,
      2.7982261180877686,
      4.185355186462402,
      3.869270086288452,
      4.826419353485107,
      5.085869312286377,
      7.101851463317871,
      7.266574859619141,
      7.449316024780273,
      7.541780471801758,
      3.0740370750427246,
      2.8983848094940186,
      0.25777778029441833,
      0.21966552734375,
      0.10440227389335632,
      0.10220999270677567
    ],
    [
      0.46234020590782166,
      0.3359009921550751,
      0.4805237352848053,
      0.4087846577167511,
      0.6120713949203491,
      0.5881051421165466,
      0.5691591501235962,
      0.6146425604820251,
      0.8278340101242065,
      0.8176116347312927,
      0.8314218521118164,
      0.8341467976570129,
      0.26889029145240784,
      0.25777778029441833,
      0.03783579170703888,
      0.030001133680343628,
      0.013225052505731583,
      0.012495625764131546
    ],
    [
      0.3600887656211853,
      0.2523437440395355,
      0.3815094530582428,
      0.31823617219924927,
      0.458024263381958,
      0.44494014978408813,
      0.4976809322834015,
      0.5423585176467896,
      0.6624786257743835,
      0.6477283835411072,
      0.6751059889793396,
      0.665513277053833,
      0.2311205267906189,
      0.21966552734375,
      0.030001133680343628,
      0.02566748857498169,
      0.011130375787615776,
      0.010624530725181103
    ],
    [
      0.21560072898864746,
      0.14694279432296753,
      0.20841269195079803,
      0.1840648055076599,
      0.2767265737056732,
      0.26890355348587036,
      0.29767125844955444,
      0.3243023157119751,
      0.4111580550670624,
      0.3879254162311554,
      0.3709559440612793,
      0.3755824565887451,
      0.11336848139762878,
      0.10440227389335632,
      0.013225052505731583,
      0.011130375787615776,
      0.00756028899922967,
      0.006986284628510475
    ],
    [
      0.1964673548936844,
      0.13452723622322083,
      0.19064626097679138,
      0.16601824760437012,
      0.25609201192855835,
      0.2468988299369812,
      0.2875249683856964,
      0.32085955142974854,
      0.39622873067855835,
      0.37424716353416443,
      0.35914093255996704,
      0.3616396486759186,
      0.1112639307975769,
      0.10220999270677567,
      0.012495625764131546,
      0.010624530725181103,
      0.006986284628510475,
      0.007223374675959349
    ]
  ],
  "covariance_short": [
    [
      51.80964660644531,
      20.83237648010254,
      32.29296875,
      31.013336181640625,
      15.330727577209473,
      15.784008026123047,
      12.500629425048828,
      17.867944717407227,
      24.44147491455078,
      25.784849166870117,
      17.622407913208008,
      16.64056396484375,
      2.680250644683838,
      2.5920865535736084,
      0.44651320576667786,
      0.35864248871803284,
      0.20408277213573456,
      0.18716351687908173
    ],
    [
      20.83237648010254,
      12.116557121276855,
      14.671235084533691,
      14.009650230407715,
      7.769392490386963,
      7.730079650878906,
      6.39351224899292,
      8.478960037231445,
      11.720672607421875,
      12.277344703674316,
      9.050464630126953,
      8.653929710388184,
      1.461555004119873,
      1.398462176322937,
      0.23370574414730072,
      0.1829574704170227,
      0.09422474354505539,
      0.08867751061916351
    ],
    [
      32.29296875,
      14.671235084533691,
      71.70010375976562,
      60.466957092285156,
      27.16765022277832,
      25.405601501464844,
      17.87874984741211,
      26.27736473083496,
      40.054500579833984,
      43.32387161254883,
      30.28794288635254,
      28.461009979248047,
      3.994203567504883,
      4.076669216156006,
      0.6128578186035156,
      0.4877767264842987,
      0.27984121441841125,
      0.2534427344799042
    ],
    [
      31.013336181640625,
      14.009650230407715,
      60.466957092285156,
      65.42438507080078,
      20.83749008178711,
      21.00253677368164,
      15.036559104919434,
      23.36358642578125,
      34.003047943115234,
      36.53677749633789,
      25.151020050048828,
      22.67958641052246,
      3.072397232055664,
      3.037294626235962,
      0.4781724512577057,
      0.37117406725883484,
      0.2201380729675293,
      0.19418878853321075
    ],
    [
      15.330727577209473,
      7.769392490386963,
      27.16765022277832,
      20.83749008178711,
      46.44605255126953,
      37.84950256347656,
      17.85154151916504,
      23.45783233642578,
      32.14282989501953,
      35.853694915771484,
      27.97990608215332,
      27.95890998840332,
      5.251248359680176,
      5.160496234893799,
      0.8623752593994141,
      0.6552742123603821,
      0.3861439824104309,
      0.3501518964767456
    ],
    [
      15.784008026123047,
      7.730079650878906,
      25.405601501464844,
      21.00253677368164,
      37.84950256347656,
      39.34233856201172,
      16.314308166503906,
      22.174434661865234,
      29.22298240661621,
      32.10010528564453,
      26.701398849487305,
      26.482654571533203,
      4.543804168701172,
      4.463576793670654,
      0.7549025416374207,
      0.5843836665153503,
      0.34377729892730713,
      0.3162781298160553
    ],
    [
      12.500629425048828,
      6.39351224899292,
      17.87874984741211,
      15.036559104919434,
      17.85154151916504,
      16.314308166503906,
      60.13467788696289,
      50.30861282348633,
      32.657169342041016,
      32.50410079956055,
      26.59356689453125,
      27.812129974365234,
      5.631956577301025,
      5.6788010597229,
      0.8510741591453552,
      0.7404958605766296,
      0.4300834536552429,
      0.4220033586025238
    ],
    [
      17.867944717407227,
      8.478960037231445,
      26.27736473083496,
      23.36358642578125,
      23.45783233642578,
      22.174434661865234,
      50.30861282348633,
      55.96062088012695,
      35.839717864990234,
      36.60820388793945,
      30.13466453552246,
      30.330020904541016,
      5.89066219329834,
      5.795315742492676,
      0.8842546939849854,
      0.7738021016120911,
      0.4570583403110504,
      0.45856690406799316
    ],
    [
      24.44147491455078,
      11.720672607421875,
      40.054500579833984,
      34.003047943115234,
      32.14282989501953,
      29.22298240661621,
      32.657169342041016,
      35.839717864990234,
      61.24320983886719,
      60.05630111694336,
      42.171607971191406,
      42.537841796875,
      7.406317234039307,
      7.487354278564453,
      1.0053982734680176,
      0.8024663329124451,
      0.4843393862247467,
      0.4553954005241394
    ],
    [
      25.784849166870117,
      12.277344703674316,
      43.32387161254883,
      36.53677749633789,
      35.853694915771484,
      32.10010528564453,
      32.50410079956055,
      36.60820388793945,
      60.05630111694336,
      66.33968353271484,
      43.93861389160156,
      43.89013671875,
      7.623918533325195,
      7.742820739746094,
      1.0404579639434814,
      0.8329814076423645,
      0.5058503150939941,
      0.4778619110584259
    ],
    [
      17.622407913208008,
      9.050464630126953,
      30.28794288635254,
      25.151020050048828,
      27.97990608215332,
      26.701398849487305,
      26.59356689453125,
      30.13466453552246,
      42.171607971191406,
      43.93861389160156,
      41.462833404541016,
      39.48001480102539,
      7.5273823738098145,
      7.508754253387451,
      0.9578413367271423,
      0.7763335108757019,
      0.4308184087276459,
      0.40882784128189087
    ],
    [
      16.64056396484375,
      8.653929710388184,
      28.461009979248047,
      22.67958641052246,
      27.95890998840332,
      26.482654571533203,
      27.812129974365234,
      30.330020904541016,
      42.537841796875,
      43.89013671875,
      39.48001480102539,
      41.8217887878418,
      7.792935371398926,
      7.743095397949219,
      0.969035267829895,
      0.7747457027435303,
      0.438325971364975,
      0.4130631685256958
    ],
    [
      2.680250644683838,
      1.461555004119873,
      3.994203567504883,
      3.072397232055664,
      5.251248359680176,
      4.543804168701172,
      5.631956577301025,
      5.89066219329834,
      7.406317234039307,
      7.623918533325195,
      7.5273823738098145,
      7.792935371398926,
      3.3237524032592773,
      2.9641029834747314,
      0.30875781178474426,
      0.265346497297287,
      0.12661683559417725,
      0.12180954962968826
    ],
    [
      2.5920865535736084,
      1.398462176322937,
      4.076669216156006,
      3.037294626235962,
      5.160496234893799,
      4.463576793670654,
      5.6788010597229,
      5.795315742492676,
      7.487354278564453,
      7.742820739746094,
      7.508754253387451,
      7.743095397949219,
      2.9641029834747314,
      2.9864706993103027,
      0.30594366788864136,
      0.26100149750709534,
      0.11951692402362823,
      0.11423569172620773
    ],
    [
      0.44651320576667786,
      0.23370574414730072,
      0.6128578186035156,
      0.4781724512577057,
      0.8623752593994141,
      0.7549025416374207,
      0.8510741591453552,
      0.8842546939849854,
      1.0053982734680176,
      1.0404579639434814,
      0.9578413367271423,
      0.969035267829895,
      0.30875781178474426,
      0.30594366788864136,
      0.05855570361018181,
      0.044395338743925095,
      0.018101178109645844,
      0.016729701310396194
    ],
    [
      0.35864248871803284,
      0.1829574704170227,
      0.4877767264842987,
      0.37117406725883484,
      0.6552742123603821,
      0.5843836665153503,
      0.7404958605766296,
      0.7738021016120911,
      0.8024663329124451,
      0.8329814076423645,
      0.7763335108757019,
      0.7747457027435303,
      0.265346497297287,
      0.26100149750709534,
      0.044395338743925095,
      0.04281451180577278,
      0.015271151438355446,
      0.01453448086977005
    ],
    [
      0.20408277213573456,
      0.09422474354505539,
      0.27984121441841125,
      0.2201380729675293,
      0.3861439824104309,
      0.34377729892730713,
      0.4300834536552429,
      0.4570583403110504,
      0.4843393862247467,
      0.5058503150939941,
      0.4308184087276459,
      0.438325971364975,
      0.12661683559417725,
      0.11951692402362823,
      0.018101178109645844,
      0.015271151438355446,
      0.013265463523566723,
      0.009536154568195343
    ],
    [
      0.18716351687908173,
      0.08867751061916351,
      0.2534427344799042,
      0.19418878853321075,
      0.3501518964767456,
      0.3162781298160553,
      0.4220033586025238,
      0.45856690406799316,
      0.4553954005241394,
      0.4778619110584259,
      0.40882784128189087,
      0.4130631685256958,
      0.12180954962968826,
      0.11423569172620773,
      0.016729701310396194,
      0.01453448086977005,
      0.009536154568195343,
      0.012640896253287792
    ]
  ],
  "drr": 8.942919731140137,
  "dynamics": 4.2750701904296875,
  "format": 1245190,
  "frames": 3420160,
  "loudness": -25.515296936035156,
  "loudness_range": 11.971240997314453,
  "loudness_range_short": 16.520069122314453,
  "peak": -8.299330711364746,
  "rms": -26.598133087158203,
  "sample_rate": 44100,
  "sections": 1,
  "seekable": 1,
  "sharpness": 3.870605230331421,
  "space": -6.636723518371582
}