{
  "bands": [
    {
      "high_freq": 148.1999969482422,
      "loudness": -25.03520965576172,
      "loudness_range": 21.46933364868164,
      "mid_mean": -21.52166175842285,
      "mid_to_side_loudness": -17.728717803955078,
      "mid_to_side_loudness_range": 19.31533432006836,
      "side_mean": -40.1655158996582
    },
    {
      "high_freq": 392.3793640136719,
      "loudness": -22.8288631439209,
      "loudness_range": 12.095170974731445,
      "low_freq": 148.1999969482422,
      "mid_mean": -19.598331451416016,
      "mid_to_side_loudness": -11.31199836730957,
      "mid_to_side_loudness_range": 11.606996536254883,
      "side_mean": -30.946130752563477
    },
    {
      "high_freq": 794.6976318359375,
      "loudness": -26.18015480041504,
      "loudness_range": 17.07259178161621,
      "low_freq": 392.3793640136719,
      "mid_mean": -22.903642654418945,
      "mid_to_side_loudness": -11.627888679504395,
      "mid_to_side_loudness_range": 12.624954223632812,
      "side_mean": -34.606597900390625
    },
    {
      "high_freq": 1457.5709228515625,
      "loudness": -30.34418487548828,
      "loudness_range": 21.282169342041016,
      "low_freq": 794.6976318359375,
      "mid_mean": -27.116214752197266,
      "mid_to_side_loudness": -11.2062406539917,
      "mid_to_side_loudness_range": 14.171655654907227,
      "side_mean": -38.58341598510742
    },
    {
      "high_freq": 2549.74365234375,
      "loudness": -33.35475158691406,
      "loudness_range": 22.875267028808594,
      "low_freq": 1457.5709228515625,
      "mid_mean": -30.401052474975586,
      "mid_to_side_loudness": -9.808172225952148,
      "mid_to_side_loudness_range": 16.214458465576172,
      "side_mean": -40.561153411865234
    },
    {
      "high_freq": 4349.24462890625,
      "loudness": -37.00912857055664,
      "loudness_range": 25.286401748657227,
      "low_freq": 2549.74365234375,
      "mid_mean": -34.035316467285156,
      "mid_to_side_loudness": -11.166984558105469,
      "mid_to_side_loudness_range": 20.929691314697266,
      "side_mean": -45.64238357543945
    },
    {
      "high_freq": 7314.1640625,
      "loudness": -44.46485137939453,
      "loudness_range": 25.356958389282227,
      "low_freq": 4349.24462890625,
      "mid_mean": -41.209999084472656,
      "mid_to_side_loudness": -16.456764221191406,
      "mid_to_side_loudness_range": 25.03688621520996,
      "side_mean": -58.353092193603516
    },
    {
      "high_freq": 12199.2666015625,
      "loudness": -43.62556838989258,
      "loudness_range": 25.682390213012695,
      "low_freq": 7314.1640625,
      "mid_mean": -40.274879455566406,
      "mid_to_side_loudness": -19.47966766357422,
      "mid_to_side_loudness_range": 25.639251708984375,
      "side_mean": -60.5986328125
    },
    {
      "loudness": -56.20285415649414,
      "loudness_range": 27.975025177001953,
      "low_freq": 12199.2666015625,
      "mid_mean": -52.52743148803711,
      "mid_to_side_loudness": -14.764333724975586,
      "mid_to_side_loudness_range": 21.927589416503906,
      "side_mean": -65.22186279296875
    }
  ],
  "bands_short": [
    {
      "high_freq": 148.1999969482422,
      "loudness": -27.76209831237793,
      "loudness_range": 26.287948608398438,
      "mid_mean": -24.284502029418945,
      "mid_to_side_loudness": -18.430612564086914,
      "mid_to_side_loudness_range": 23.436769485473633,
      "side_mean": -44.555782318115234
    },
    {
      "high_freq": 392.3793640136719,
      "loudness": -23.21654510498047,
      "loudness_range": 14.055099487304688,
      "low_freq": 148.1999969482422,
      "mid_mean": -19.88561248779297,
      "mid_to_side_loudness": -12.38398551940918,
      "mid_to_side_loudness_range": 12.614293098449707,
      "side_mean": -32.36579895019531
    },
    {
      "high_freq": 794.6976318359375,
      "loudness": -25.80567169189453,
      "loudness_range": 19.073251724243164,
      "low_freq": 392.3793640136719,
      "mid_mean": -22.725385665893555,
      "mid_to_side_loudness": -10.510576248168945,
      "mid_to_side_loudness_range": 14.928215026855469,
      "side_mean": -33.31638717651367
    },
    {
      "high_freq": 1457.5709228515625,
      "loudness": -30.652273178100586,
      "loudness_range": 23.21559715270996,
      "low_freq": 794.6976318359375,
      "mid_mean": -27.496932983398438,
      "mid_to_side_loudness": -10.917620658874512,
      "mid_to_side_loudness_range": 15.555683135986328,
      "side_mean": -38.6751823425293
    },
    {
      "high_freq": 2549.74365234375,
      "loudness": -34.56229782104492,
      "loudness_range": 24.913076400756836,
      "low_freq": 1457.5709228515625,
      "mid_mean": -31.751903533935547,
      "mid_to_side_loudness": -9.085810661315918,
      "mid_to_side_loudness_range": 17.664533615112305,
      "side_mean": -41.34176254272461
    },
    {
      "high_freq": 4349.24462890625,
      "loudness": -38.2032585144043,
      "loudness_range": 27.30881690979004,
      "low_freq": 2549.74365234375,
      "mid_mean": -35.42698669433594,
      "mid_to_side_loudness": -9.953572273254395,
      "mid_to_side_loudness_range": 22.127050399780273,
      "side_mean": -46.41111373901367
    },
    {
      "high_freq": 7314.1640625,
      "loudness": -45.98653030395508,
      "loudness_range": 28.92857551574707,
      "low_freq": 4349.24462890625,
      "mid_mean": -43.29539489746094,
      "mid_to_side_loudness": -14.872981071472168,
      "mid_to_side_loudness_range": 27.088306427001953,
      "side_mean": -59.18001174926758
    },
    {
      "high_freq": 12199.2666015625,
      "loudness": -45.67549514770508,
      "loudness_range": 28.98333740234375,
      "low_freq": 7314.1640625,
      "mid_mean": -42.89290237426758,
      "mid_to_side_loudness": -17.82976722717285,
      "mid_to_side_loudness_range": 27.83189582824707,
      "side_mean": -61.75334930419922
    },
    {
      "loudness": -58.94153594970703,
      "loudness_range": 29.61812973022461,
      "low_freq": 12199.2666015625,
      "mid_mean": -55.090213775634766,
      "mid_to_side_loudness": -12.89931869506836,
      "mid_to_side_loudness_range": 22.401472091674805,
      "side_mean": -65.84080505371094
    }
  ],
  "channels": 2,
  "covariance": [
    [
      65.24357604980469,
      35.72175216674805,
      17.55855941772461,
      19.19135856628418,
      22.493671417236328,
      21.631431579589844,
      24.456783294677734,
      25.72456932067871,
      22.680044174194336,
      27.227083206176758,
      24.116710662841797,
      31.838533401489258,
      21.455881118774414,
      24.436965942382812,
      16.574480056762695,
      14.07627010345459,
      24.47762107849121,
      5.939788341522217
    ],
    [
      35.72175216674805,
      62.812129974365234,
      13.735464096069336,
      16.967952728271484,
      16.409523010253906,
      17.150089263916016,
      15.753379821777344,
      18.396196365356445,
      16.871980667114258,
      20.83846664428711,
      16.441299438476562,
      22.760047912597656,
      13.862691879272461,
      17.16575050354004,
      7.95491361618042,
      9.158474922180176,
      16.104387283325195,
      2.664431571960449
    ],
    [
      17.55855941772461,
      13.735464096069336,
      22.577388763427734,
      21.584592819213867,
      15.419048309326172,
      16.43050193786621,
      14.99266242980957,
      17.560039520263672,
      16.596704483032227,
      20.14080810546875,
      18.4562931060791,
      22.087005615234375,
      16.617372512817383,
      16.50606346130371,
      12.919916152954102,
      9.324187278747559,
      15.58205509185791,
      2.5694527626037598
    ],
    [
      19.19135856628418,
      16.967952728271484,
      21.584592819213867,
      37.91880416870117,
      18.643850326538086,
      22.705204010009766,
      20.384159088134766,
      26.693950653076172,
      22.071489334106445,
      31.136062622070312,
      22.29118537902832,
      35.85455322265625,
      17.799901962280273,
      24.685216903686523,
      11.819634437561035,
      13.716023445129395,
      17.89826774597168,
      5.357669830322266
    ],
    [
      22.493671417236328,
      16.409523010253906,
      15.419048309326172,
      18.643850326538086,
      39.83382034301758,
      28.050899505615234,
      31.553314208984375,
      25.866849899291992,
      34.262752532958984,
      30.735450744628906,
      32.93132019042969,
      33.817874908447266,
      27.932554244995117,
      27.07267951965332,
      20.748180389404297,
      14.51003646850586,
      24.395877838134766,
      4.48466157913208
    ],
    [
      21.631431579589844,
      17.150089263916016,
      16.43050193786621,
      22.705204010009766,
      28.050899505615234,
      37.069026947021484,
      25.283084869384766,
      30.521583557128906,
      26.186864852905273,
      35.61821746826172,
      23.23664093017578,
      37.34983444213867,
      17.89451026916504,
      27.375118255615234,
      13.676183700561523,
      14.660039901733398,
      19.61544418334961,
      5.765801906585693
    ],
    [
      24.456783294677734,
      15.753379821777344,
      14.99266242980957,
      20.384159088134766,
      31.553314208984375,
      25.283084869384766,
      53.33055877685547,
      36.17454528808594,
      42.28176498413086,
      37.37831115722656,
      36.11269760131836,
      38.78778839111328,
      30.244749069213867,
      29.91411018371582,
      22.16190528869629,
      15.896015167236328,
      23.644302368164062,
      5.001809120178223
    ],
    [
      25.72456932067871,
      18.396196365356445,
      17.560039520263672,
      26.693950653076172,
      25.866849899291992,
      30.521583557128906,
      36.17454528808594,
      46.177703857421875,
      30.353601455688477,
      43.58206558227539,
      26.29574203491211,
      45.3540153503418,
      18.059284210205078,
      33.11575698852539,
      12.139928817749023,
      15.374897003173828,
      16.65366554260254,
      5.687521457672119
    ],
    [
      22.680044174194336,
      16.871980667114258,
      16.596704483032227,
      22.071489334106445,
      34.262752532958984,
      26.186864852905273,
      42.28176498413086,
      30.353601455688477,
      64.71576690673828,
      40.84904479980469,
      52.226356506347656,
      42.13146209716797,
      47.35953903198242,
      35.87849426269531,
      36.04032897949219,
      20.179031372070312,
      32.171791076660156,
      5.352844715118408
    ],
    [
      27.227083206176758,
      20.83846664428711,
      20.14080810546875,
      31.136062622070312,
      30.735450744628906,
      35.61821746826172,
      37.37831115722656,
      43.58206558227539,
      40.84904479980469,
      56.88206100463867,
      35.339576721191406,
      56.40727615356445,
      25.26914405822754,
      40.43874740600586,
      16.355731964111328,
      18.425222396850586,
      19.798917770385742,
      6.418025493621826
    ],
    [
      24.116710662841797,
      16.441299438476562,
      18.4562931060791,
      22.29118537902832,
      32.93132019042969,
      23.23664093017578,
      36.11269760131836,
      26.29574203491211,
      52.226356506347656,
      35.339576721191406,
      77.62870788574219,
      45.40839767456055,
      60.04957962036133,
      38.09243392944336,
      43.03135681152344,
      22.928466796875,
      34.14533996582031,
      6.358810901641846
    ],
    [
      31.838533401489258,
      22.760047912597656,
      22.087005615234375,
      35.85455322265625,
      33.817874908447266,
      37.34983444213867,
      38.78778839111328,
      45.3540153503418,
      42.13146209716797,
      56.40727615356445,
      45.40839767456055,
      74.541259765625,
      31.04918098449707,
      49.020938873291016,
      20.2963809967041,
      24.222597122192383,
      25.835315704345703,
      9.437491416931152
    ],
    [
      21.455881118774414,
      13.862691879272461,
      16.617372512817383,
      17.799901962280273,
      27.932554244995117,
      17.89451026916504,
      30.244749069213867,
      18.059284210205078,
      47.35953903198242,
      25.26914405822754,
      60.04957962036133,
      31.04918098449707,
      80.30573272705078,
      33.46720504760742,
      60.90347671508789,
      28.386306762695312,
      50.872100830078125,
      11.08996295928955
    ],
    [
      24.436965942382812,
      17.16575050354004,
      16.50606346130371,
      24.685216903686523,
      27.07267951965332,
      27.375118255615234,
      29.91411018371582,
      33.11575698852539,
      35.87849426269531,
      40.43874740600586,
      38.09243392944336,
      49.020938873291016,
      33.46720504760742,
      51.38554382324219,
      22.289037704467773,
      28.630084991455078,
      29.755891799926758,
      12.417431831359863
    ],
    [
      16.574480056762695,
      7.95491361618042,
      12.919916152954102,
      11.819634437561035,
      20.748180389404297,
      13.676183700561523,
      22.16190528869629,
      12.139928817749023,
      36.04032897949219,
      16.355731964111328,
      43.03135681152344,
      20.2963809967041,
      60.90347671508789,
      22.289037704467773,
      79.79744720458984,
      34.67626953125,
      63.87693786621094,
      17.643970489501953
    ],
    [
      14.07627010345459,
      9.158474922180176,
      9.324187278747559,
      13.716023445129395,
      14.51003646850586,
      14.660039901733398,
      15.896015167236328,
      15.374897003173828,
      20.179031372070312,
      18.425222396850586,
      22.928466796875,
      24.222597122192383,
      28.386306762695312,
      28.630084991455078,
      34.67626953125,
      39.630855560302734,
      39.20979309082031,
      22.079132080078125
    ],
    [
      24.47762107849121,
      16.104387283325195,
      15.58205509185791,
      17.89826774597168,
      24.395877838134766,
      19.61544418334961,
      23.644302368164062,
      16.65366554260254,
      32.171791076660156,
      19.798917770385742,
      34.14533996582031,
      25.835315704345703,
      50.872100830078125,
      29.755891799926758,
      63.87693786621094,
      39.20979309082031,
      77.23258209228516,
      22.699464797973633
    ],
    [
      5.939788341522217,
      2.664431571960449,
      2.5694527626037598,
      5.357669830322266,
      4.48466157913208,
      5.765801906585693,
      5.001809120178223,
      5.687521457672119,
      5.352844715118408,
      6.418025493621826,
      6.358810901641846,
      9.437491416931152,
      11.08996295928955,
      12.417431831359863,
      17.643970489501953,
      22.079132080078125,
      22.699464797973633,
      17.137554168701172
    ]
  ],
  "covariance_short": [
    [
      87.272216796875,
      49.163700103759766,
      24.13136100769043,
      17.2242488861084,
      24.685100555419922,
      23.137596130371094,
      25.360506057739258,
      25.70766830444336,
      22.55355453491211,
      27.889015197753906,
      22.537395477294922,
      32.587364196777344,
      17.99087905883789,
      24.106231689453125,
      13.703771591186523,
      12.790562629699707,
      19.1159610748291,
      4.965746879577637
    ],
    [
      49.163700103759766,
      94.20934295654297,
      20.726835250854492,
      20.39080238342285,
      23.177413940429688,
      24.72633934020996,
      22.9169921875,
      26.213836669921875,
      21.754674911499023,
      28.512075424194336,
      21.199798583984375,
      31.165420532226562,
      15.939352989196777,
      21.434309005737305,
      9.535091400146484,
      10.956194877624512,
      15.970747947692871,
      3.298790693283081
    ],
    [
      24.13136100769043,
      20.726835250854492,
      27.808134078979492,
      21.281587600708008,
      18.111955642700195,
      20.217018127441406,
      18.59113883972168,
      21.13744354248047,
      18.86067008972168,
      24.42527961730957,
      18.072927474975586,
      26.041336059570312,
      14.602588653564453,
      18.166397094726562,
      12.005775451660156,
      9.864470481872559,
      15.638457298278809,
      2.9783616065979004
    ],
    [
      17.2242488861084,
      20.39080238342285,
      21.281587600708008,
      35.35542678833008,
      21.121809005737305,
      27.345842361450195,
      20.675636291503906,
      25.941267013549805,
      22.992422103881836,
      32.114009857177734,
      21.00847053527832,
      34.735450744628906,
      15.76357364654541,
      23.97801971435547,
      8.505507469177246,
      12.255837440490723,
      14.848908424377441,
      4.451817512512207
    ],
    [
      24.685100555419922,
      23.177413940429688,
      18.111955642700195,
      21.121809005737305,
      47.481117248535156,
      32.7957649230957,
      35.97223663330078,
      29.160266876220703,
      39.1390380859375,
      35.10655212402344,
      39.880184173583984,
      39.83719253540039,
      34.31529998779297,
      29.07853889465332,
      25.44955825805664,
      15.69103717803955,
      27.01865577697754,
      4.240231513977051
    ],
    [
      23.137596130371094,
      24.72633934020996,
      20.217018127441406,
      27.345842361450195,
      32.7957649230957,
      48.588233947753906,
      27.61430549621582,
      34.69065475463867,
      30.174373626708984,
      41.71472930908203,
      27.611328125,
      46.85895538330078,
      20.164392471313477,
      30.101707458496094,
      14.106618881225586,
      16.654752731323242,
      20.41547966003418,
      6.035972595214844
    ],
    [
      25.360506057739258,
      22.9169921875,
      18.59113883972168,
      20.675636291503906,
      35.97223663330078,
      27.61430549621582,
      61.106605529785156,
      39.36166763305664,
      49.893184661865234,
      41.00197219848633,
      41.68955993652344,
      43.28392791748047,
      37.944801330566406,
      32.5219841003418,
      27.657255172729492,
      17.527957916259766,
      27.92976188659668,
      4.825535297393799
    ],
    [
      25.70766830444336,
      26.213836669921875,
      21.13744354248047,
      25.941267013549805,
      29.160266876220703,
      34.69065475463867,
      39.36166763305664,
      50.22124099731445,
      33.6427001953125,
      47.21017837524414,
      28.123085021972656,
      49.09901428222656,
      18.960874557495117,
      34.664390563964844,
      10.537384986877441,
      16.211368560791016,
      16.07143783569336,
      5.214386940002441
    ],
    [
      22.55355453491211,
      21.754674911499023,
      18.86067008972168,
      22.992422103881836,
      39.1390380859375,
      30.174373626708984,
      49.893184661865234,
      33.6427001953125,
      76.3122787475586,
      46.02113723754883,
      58.681129455566406,
      48.702369689941406,
      54.18855667114258,
      39.366912841796875,
      40.36746597290039,
      22.381486892700195,
      37.620426177978516,
      5.444980144500732
    ],
    [
      27.889015197753906,
      28.512075424194336,
      24.42527961730957,
      32.114009857177734,
      35.10655212402344,
      41.71472930908203,
      41.00197219848633,
      47.21017837524414,
      46.02113723754883,
      64.55904388427734,
      38.095088958740234,
      63.44895935058594,
      25.476289749145508,
      44.06866455078125,
      12.75747299194336,
      19.979921340942383,
      20.007396697998047,
      6.267395973205566
    ],
    [
      22.537395477294922,
      21.199798583984375,
      18.072927474975586,
      21.00847053527832,
      39.880184173583984,
      27.611328125,
      41.68955993652344,
      28.123085021972656,
      58.681129455566406,
      38.095088958740234,
      89.16792297363281,
      49.590171813964844,
      70.22044372558594,
      41.6033935546875,
      50.23750686645508,
      24.82425880432129,
      38.6359748840332,
      5.836755275726318
    ],
    [
      32.587364196777344,
      31.165420532226562,
      26.041336059570312,
      34.735450744628906,
      39.83719253540039,
      46.85895538330078,
      43.28392791748047,
      49.09901428222656,
      48.702369689941406,
      63.44895935058594,
      49.590171813964844,
      83.42088317871094,
      31.871814727783203,
      53.37208557128906,
      17.51443862915039,
      26.505970001220703,
      25.481412887573242,
      9.360579490661621
    ],
    [
      17.99087905883789,
      15.939352989196777,
      14.602588653564453,
      15.76357364654541,
      34.31529998779297,
      20.164392471313477,
      37.944801330566406,
      18.960874557495117,
      54.18855667114258,
      25.476289749145508,
      70.22044372558594,
      31.871814727783203,
      104.50177764892578,
      38.10311508178711,
      80.27449798583984,
      32.68238067626953,
      63.6240234375,
      11.678190231323242
    ],
    [
      24.106231689453125,
      21.434309005737305,
      18.166397094726562,
      23.97801971435547,
      29.07853889465332,
      30.101707458496094,
      32.5219841003418,
      34.664390563964844,
      39.366912841796875,
      44.06866455078125,
      41.6033935546875,
      53.37208557128906,
      38.10311508178711,
      55.446754455566406,
      22.64825439453125,
      30.598831176757812,
      29.760845184326172,
      12.115071296691895
    ],
    [
      13.703771591186523,
      9.535091400146484,
      12.005775451660156,
      8.505507469177246,
      25.44955825805664,
      14.106618881225586,
      27.657255172729492,
      10.537384986877441,
      40.36746597290039,
      12.75747299194336,
      50.23750686645508,
      17.51443862915039,
      80.27449798583984,
      22.64825439453125,
      110.19083404541016,
      40.0764274597168,
      81.18187713623047,
      18.72899055480957
    ],
    [
      12.790562629699707,
      10.956194877624512,
      9.864470481872559,
      12.255837440490723,
      15.69103717803955,
      16.654752731323242,
      17.527957916259766,
      16.211368560791016,
      22.381486892700195,
      19.979921340942383,
      24.82425880432129,
      26.505970001220703,
      32.68238067626953,
      30.598831176757812,
      40.0764274597168,
      42.67118835449219,
      40.500328063964844,
      21.23318862915039
    ],
    [
      19.1159610748291,
      15.970747947692871,
      15.638457298278809,
      14.848908424377441,
      27.01865577697754,
      20.41547966003418,
      27.92976188659668,
      16.07143783569336,
      37.620426177978516,
      20.007396697998047,
      38.6359748840332,
      25.481412887573242,
      63.6240234375,
      29.760845184326172,
      81.18187713623047,
      40.500328063964844,
      86.75694274902344,
      22.238548278808594
    ],
    [
      4.965746879577637,
      3.298790693283081,
      2.9783616065979004,
      4.451817512512207,
      4.240231513977051,
      6.035972595214844,
      4.825535297393799,
      5.214386940002441,
      5.444980144500732,
      6.267395973205566,
      5.836755275726318,
      9.360579490661621,
      11.678190231323242,
      12.115071296691895,
      18.72899055480957,
      21.23318862915039,
      22.238548278808594,
      15.553196907043457
    ]
  ],
  "drr": 14.243003845214844,
  "dynamics": 4.20988130569458,
  "format": 1245190,
  "frames": 12890112,
  "loudness": -13.908709526062012,
  "loudness_range": 12.00800609588623,
  "loudness_range_short": 14.114734649658203,
  "peak": -0.2610026001930237,
  "rms": -14.523929595947266,
  "sample_rate": 44100,
  "sections": 1,
  "seekable": 1,
  "sharpness": 2.581540584564209,
  "space": -12.735745429992676
}