{
  "bands": [
    {
      "high_freq": 148.1999969482422,
      "loudness": -37.93288040161133,
      "loudness_range": 25.02362632751465,
      "mid_mean": -34.45735549926758,
      "mid_to_side_loudness": -14.278706550598145,
      "mid_to_side_loudness_range": 12.03945541381836,
      "side_mean": -48.8560791015625
    },
    {
      "high_freq": 392.3793640136719,
      "loudness": -30.53875160217285,
      "loudness_range": 19.709911346435547,
      "low_freq": 148.1999969482422,
      "mid_mean": -27.028976440429688,
      "mid_to_side_loudness": -14.377466201782227,
      "mid_to_side_loudness_range": 8.069541931152344,
      "side_mean": -41.845218658447266
    },
    {
      "high_freq": 794.6976318359375,
      "loudness": -44.67537307739258,
      "loudness_range": 24.823978424072266,
      "low_freq": 392.3793640136719,
      "mid_mean": -42.125484466552734,
      "mid_to_side_loudness": -8.23311996459961,
      "mid_to_side_loudness_range": 10.855365753173828,
      "side_mean": -51.55879592895508
    },
    {
      "high_freq": 1457.5709228515625,
      "loudness": -46.91583251953125,
      "loudness_range": 27.307025909423828,
      "low_freq": 794.6976318359375,
      "mid_mean": -46.447174072265625,
      "mid_to_side_loudness": -1.7137736082077026,
      "mid_to_side_loudness_range": 8.56464672088623,
      "side_mean": -47.870872497558594
    },
    {
      "high_freq": 2549.74365234375,
      "loudness": -50.03968811035156,
      "loudness_range": 32.00236129760742,
      "low_freq": 1457.5709228515625,
      "mid_mean": -50.50913619995117,
      "mid_to_side_loudness": -2.0586817264556885,
      "mid_to_side_loudness_range": 5.3132476806640625,
      "side_mean": -52.29353332519531
    },
    {
      "high_freq": 4349.24462890625,
      "loudness": -52.705440521240234,
      "loudness_range": 34.87224578857422,
      "low_freq": 2549.74365234375,
      "mid_mean": -53.476776123046875,
      "mid_to_side_loudness": -0.4695599675178528,
      "mid_to_side_loudness_range": 5.370244026184082,
      "side_mean": -53.80238342285156
    },
    {
      "high_freq": 7314.1640625,
      "loudness": -60.06659698486328,
      "loudness_range": 35.20714569091797,
      "low_freq": 4349.24462890625,
      "mid_mean": -58.67814636230469,
      "mid_to_side_loudness": -1.2880768775939941,
      "mid_to_side_loudness_range": 3.7371692657470703,
      "side_mean": -59.4356575012207
    },
    {
      "high_freq": 12199.2666015625,
      "loudness": -70.70453643798828,
      "loudness_range": 29.749427795410156,
      "low_freq": 7314.1640625,
      "mid_mean": -65.09131622314453,
      "mid_to_side_loudness": -2.48406982421875,
      "mid_to_side_loudness_range": 4.364473342895508,
      "side_mean": -65.87286376953125
    },
    {
      "loudness": -80.04167175292969,
      "loudness_range": 15.794036865234375,
      "low_freq": 12199.2666015625,
      "mid_mean": -68.92564392089844,
      "mid_to_side_loudness": -2.667206287384033,
      "mid_to_side_loudness_range": 3.8016560077667236,
      "side_mean": -69.1427993774414
    }
  ],
  "bands_short": [
    {
      "high_freq": 148.1999969482422,
      "loudness": -41.84326934814453,
      "loudness_range": 26.87532615661621,
      "mid_mean": -38.34414291381836,
      "mid_to_side_loudness": -14.869434356689453,
      "mid_to_side_loudness_range": 15.350713729858398,
      "side_mean": -53.119693756103516
    },
    {
      "high_freq": 392.3793640136719,
      "loudness": -31.466121673583984,
      "loudness_range": 21.59836769104004,
      "low_freq": 148.1999969482422,
      "mid_mean": -28.0086669921875,
      "mid_to_side_loudness": -13.977981567382812,
      "mid_to_side_loudness_range": 9.98792839050293,
      "side_mean": -42.34688186645508
    },
    {
      "high_freq": 794.6976318359375,
      "loudness": -43.5172004699707,
      "loudness_range": 26.800745010375977,
      "low_freq": 392.3793640136719,
      "mid_mean": -40.467193603515625,
      "mid_to_side_loudness": -10.332503318786621,
      "mid_to_side_loudness_range": 11.603469848632812,
      "side_mean": -51.81306076049805
    },
    {
      "high_freq": 1457.5709228515625,
      "loudness": -48.87655258178711,
      "loudness_range": 30.226848602294922,
      "low_freq": 794.6976318359375,
      "mid_mean": -48.743568420410156,
      "mid_to_side_loudness": -1.7277357578277588,
      "mid_to_side_loudness_range": 10.035980224609375,
      "side_mean": -50.835330963134766
    },
    {
      "high_freq": 2549.74365234375,
      "loudness": -52.874778747558594,
      "loudness_range": 35.609092712402344,
      "low_freq": 1457.5709228515625,
      "mid_mean": -53.35358810424805,
      "mid_to_side_loudness": -1.9813761711120605,
      "mid_to_side_loudness_range": 6.487443923950195,
      "side_mean": -54.98775863647461
    },
    {
      "high_freq": 4349.24462890625,
      "loudness": -56.265480041503906,
      "loudness_range": 38.99467468261719,
      "low_freq": 2549.74365234375,
      "mid_mean": -56.98754119873047,
      "mid_to_side_loudness": -0.6046170592308044,
      "mid_to_side_loudness_range": 6.495150089263916,
      "side_mean": -57.304595947265625
    },
    {
      "high_freq": 7314.1640625,
      "loudness": -64.11016845703125,
      "loudness_range": 37.069637298583984,
      "low_freq": 4349.24462890625,
      "mid_mean": -61.792320251464844,
      "mid_to_side_loudness": -1.6830660104751587,
      "mid_to_side_loudness_range": 4.584691047668457,
      "side_mean": -62.55622482299805
    },
    {
      "high_freq": 12199.2666015625,
      "loudness": -74.64372253417969,
      "loudness_range": 21.975765228271484,
      "low_freq": 7314.1640625,
      "mid_mean": -67.01656341552734,
      "mid_to_side_loudness": -2.870351552963257,
      "mid_to_side_loudness_range": 4.35835599899292,
      "side_mean": -67.68885040283203
    },
    {
      "loudness": -78.9286117553711,
      "loudness_range": 16.308273315429688,
      "low_freq": 12199.2666015625,
      "mid_mean": -69.3259048461914,
      "mid_to_side_loudness": -2.904571294784546,
      "mid_to_side_loudness_range": 2.691483497619629,
      "side_mean": -69.53380584716797
    }
  ],
  "channels": 2,
  "covariance": [
    [
      75.99755096435547,
      54.99790954589844,
      32.85211944580078,
      28.10147476196289,
      31.085922241210938,
      39.81966781616211,
      36.470176696777344,
      40.313575744628906,
      47.480838775634766,
      48.129146575927734,
      47.181617736816406,
      44.96149826049805,
      30.981605529785156,
      31.31654167175293,
      14.981792449951172,
      13.373634338378906,
      2.230368137359619,
      2.0933213233947754
    ],
    [
      54.99790954589844,
      50.33484649658203,
      22.390378952026367,
      20.137619018554688,
      22.846406936645508,
      27.451217651367188,
      24.956832885742188,
      27.123022079467773,
      33.41050720214844,
      34.06361389160156,
      33.69224166870117,
      32.39373016357422,
      21.992549896240234,
      22.450565338134766,
      10.876617431640625,
      9.803316116333008,
      1.586052656173706,
      1.5993191003799438
    ],
    [
      32.85211944580078,
      22.390378952026367,
      51.14225769042969,
      39.80315017700195,
      39.610660552978516,
      45.32129669189453,
      48.58851623535156,
      53.552459716796875,
      55.92236328125,
      55.10485076904297,
      53.96269607543945,
      52.471717834472656,
      39.96848678588867,
      39.61448287963867,
      20.183551788330078,
      18.716598510742188,
      4.018912315368652,
      3.6923553943634033
    ],
    [
      28.10147476196289,
      20.137619018554688,
      39.80315017700195,
      41.78977584838867,
      35.1182975769043,
      41.46876525878906,
      39.529075622558594,
      42.6872444152832,
      50.174415588378906,
      48.65950012207031,
      46.38710403442383,
      45.38350296020508,
      33.58413314819336,
      33.01276779174805,
      16.089975357055664,
      14.780728340148926,
      3.065777063369751,
      2.712890625
    ],
    [
      31.085922241210938,
      22.846406936645508,
      39.610660552978516,
      35.1182975769043,
      82.01071166992188,
      66.54801177978516,
      65.99532318115234,
      69.599853515625,
      80.7103042602539,
      77.55811309814453,
      77.17156219482422,
      75.69053649902344,
      60.329627990722656,
      61.028167724609375,
      32.744754791259766,
      31.447948455810547,
      7.071802139282227,
      6.636003494262695
    ],
    [
      39.81966781616211,
      27.451217651367188,
      45.32129669189453,
      41.46876525878906,
      66.54801177978516,
      81.77886199951172,
      72.49357604980469,
      76.91761016845703,
      93.8858642578125,
      89.76874542236328,
      86.82250213623047,
      85.87815856933594,
      65.87818145751953,
      66.02745056152344,
      33.62364196777344,
      32.19096374511719,
      7.226829528808594,
      6.761306285858154
    ],
    [
      36.470176696777344,
      24.956832885742188,
      48.58851623535156,
      39.529075622558594,
      65.99532318115234,
      72.49357604980469,
      96.491943359375,
      96.8726806640625,
      104.4658203125,
      100.85887908935547,
      100.2335205078125,
      98.54185485839844,
      78.87713623046875,
      79.9784164428711,
      42.853431701660156,
      41.442047119140625,
      9.556285858154297,
      9.155097961425781
    ],
    [
      40.313575744628906,
      27.123022079467773,
      53.552459716796875,
      42.6872444152832,
      69.599853515625,
      76.91761016845703,
      96.8726806640625,
      109.31625366210938,
      111.0862045288086,
      108.0894775390625,
      109.3236083984375,
      106.88851928710938,
      86.60661315917969,
      87.96172332763672,
      46.84971618652344,
      45.6847038269043,
      10.59910774230957,
      10.085382461547852
    ],
    [
      47.480838775634766,
      33.41050720214844,
      55.92236328125,
      50.174415588378906,
      80.7103042602539,
      93.8858642578125,
      104.4658203125,
      111.0862045288086,
      141.7736358642578,
      134.55712890625,
      134.99671936035156,
      133.06198120117188,
      106.11896514892578,
      107.68036651611328,
      57.22074508666992,
      55.71388244628906,
      13.004709243774414,
      12.381454467773438
    ],
    [
      48.129146575927734,
      34.06361389160156,
      55.10485076904297,
      48.65950012207031,
      77.55811309814453,
      89.76874542236328,
      100.85887908935547,
      108.0894775390625,
      134.55712890625,
      130.75448608398438,
      130.0603485107422,
      127.9875259399414,
      102.34357452392578,
      103.80953979492188,
      55.35485076904297,
      53.852542877197266,
      12.608820915222168,
      11.99830436706543
    ],
    [
      47.181617736816406,
      33.69224166870117,
      53.96269607543945,
      46.38710403442383,
      77.17156219482422,
      86.82250213623047,
      100.2335205078125,
      109.3236083984375,
      134.99671936035156,
      130.0603485107422,
      143.5799102783203,
      139.1794891357422,
      113.99254608154297,
      116.16069793701172,
      64.01811218261719,
      62.912193298339844,
      15.227544784545898,
      14.643139839172363
    ],
    [
      44.96149826049805,
      32.39373016357422,
      52.471717834472656,
      45.38350296020508,
      75.69053649902344,
      85.87815856933594,
      98.54185485839844,
      106.88851928710938,
      133.06198120117188,
      127.9875259399414,
      139.1794891357422,
      137.35643005371094,
      111.02586364746094,
      113.30892181396484,
      61.95367431640625,
      60.84636688232422,
      14.600022315979004,
      14.035004615783691
    ],
    [
      30.981605529785156,
      21.992549896240234,
      39.96848678588867,
      33.58413314819336,
      60.329627990722656,
      65.87818145751953,
      78.87713623046875,
      86.60661315917969,
      106.11896514892578,
      102.34357452392578,
      113.99254608154297,
      111.02586364746094,
      99.82341766357422,
      101.49484252929688,
      58.75389862060547,
      58.208797454833984,
      14.702713012695312,
      14.272573471069336
    ],
    [
      31.31654167175293,
      22.450565338134766,
      39.61448287963867,
      33.01276779174805,
      61.028167724609375,
      66.02745056152344,
      79.9784164428711,
      87.96172332763672,
      107.68036651611328,
      103.80953979492188,
      116.16069793701172,
      113.30892181396484,
      101.49484252929688,
      104.28589630126953,
      60.18059158325195,
      59.75844192504883,
      15.089234352111816,
      14.658341407775879
    ],
    [
      14.981792449951172,
      10.876617431640625,
      20.183551788330078,
      16.089975357055664,
      32.744754791259766,
      33.62364196777344,
      42.853431701660156,
      46.84971618652344,
      57.22074508666992,
      55.35485076904297,
      64.01811218261719,
      61.95367431640625,
      58.75389862060547,
      60.18059158325195,
      41.292572021484375,
      41.173004150390625,
      11.75070571899414,
      11.681840896606445
    ],
    [
      13.373634338378906,
      9.803316116333008,
      18.716598510742188,
      14.780728340148926,
      31.447948455810547,
      32.19096374511719,
      41.442047119140625,
      45.6847038269043,
      55.71388244628906,
      53.852542877197266,
      62.912193298339844,
      60.84636688232422,
      58.208797454833984,
      59.75844192504883,
      41.173004150390625,
      41.766761779785156,
      12.047476768493652,
      11.937588691711426
    ],
    [
      2.230368137359619,
      1.586052656173706,
      4.018912315368652,
      3.065777063369751,
      7.071802139282227,
      7.226829528808594,
      9.556285858154297,
      10.59910774230957,
      13.004709243774414,
      12.608820915222168,
      15.227544784545898,
      14.600022315979004,
      14.702713012695312,
      15.089234352111816,
      11.75070571899414,
      12.047476768493652,
      4.491616725921631,
      4.3974761962890625
    ],
    [
      2.0933213233947754,
      1.5993191003799438,
      3.6923553943634033,
      2.712890625,
      6.636003494262695,
      6.761306285858154,
      9.155097961425781,
      10.085382461547852,
      12.381454467773438,
      11.99830436706543,
      14.643139839172363,
      14.035004615783691,
      14.272573471069336,
      14.658341407775879,
      11.681840896606445,
      11.937588691711426,
      4.3974761962890625,
      4.546825408935547
    ]
  ],
  "covariance_short": [
    [
      87.80847930908203,
      59.9649772644043,
      31.184728622436523,
      22.573200225830078,
      23.75497817993164,
      30.869586944580078,
      34.18375778198242,
      43.32643127441406,
      33.8201789855957,
      35.27075958251953,
      30.67182159423828,
      28.738643646240234,
      18.970211029052734,
      18.540573120117188,
      8.00788402557373,
      7.161625385284424,
      1.472430944442749,
      1.346588373184204
    ],
    [
      59.9649772644043,
      56.140018463134766,
      17.083637237548828,
      11.316360473632812,
      12.856669425964355,
      16.2315673828125,
      18.943164825439453,
      23.589380264282227,
      17.964265823364258,
      19.555835723876953,
      17.590839385986328,
      16.52845001220703,
      11.002942085266113,
      11.133589744567871,
      5.3446173667907715,
      4.926837921142578,
      1.0475746393203735,
      1.0215561389923096
    ],
    [
      31.184728622436523,
      17.083637237548828,
      62.20408630371094,
      46.62327575683594,
      45.39958953857422,
      49.01659393310547,
      52.944480895996094,
      61.344627380371094,
      57.33207702636719,
      56.01502227783203,
      49.03693771362305,
      48.040225982666016,
      31.696287155151367,
      30.99112892150879,
      11.657028198242188,
      10.824196815490723,
      2.0346901416778564,
      1.8743282556533813
    ],
    [
      22.573200225830078,
      11.316360473632812,
      46.62327575683594,
      49.28076934814453,
      36.22902297973633,
      42.517574310302734,
      42.74409103393555,
      51.67876434326172,
      48.70915985107422,
      46.84476852416992,
      40.30830383300781,
      39.41679382324219,
      25.27386474609375,
      24.356748580932617,
      8.850335121154785,
      8.112740516662598,
      1.4721975326538086,
      1.3225802183151245
    ],
    [
      23.75497817993164,
      12.856669425964355,
      45.39958953857422,
      36.22902297973633,
      88.24297332763672,
      70.42799377441406,
      71.14691162109375,
      77.10086059570312,
      79.30841827392578,
      75.99370574951172,
      69.27583312988281,
      68.51921844482422,
      46.63047409057617,
      46.22197341918945,
      16.573549270629883,
      15.84555721282959,
      3.0316073894500732,
      2.8595497608184814
    ],
    [
      30.869586944580078,
      16.2315673828125,
      49.01659393310547,
      42.517574310302734,
      70.42799377441406,
      82.97136688232422,
      78.24591064453125,
      90.59539031982422,
      89.93782043457031,
      85.228759765625,
      77.90440368652344,
      77.5186767578125,
      51.8647575378418,
      51.16769027709961,
      18.331546783447266,
      17.25188636779785,
      3.326951742172241,
      3.1003167629241943
    ],
    [
      34.18375778198242,
      18.943164825439453,
      52.944480895996094,
      42.74409103393555,
      71.14691162109375,
      78.24591064453125,
      113.05018615722656,
      111.46475219726562,
      114.91236114501953,
      109.23446655273438,
      102.19929504394531,
      102.10246276855469,
      70.02658081054688,
      69.96696472167969,
      25.195465087890625,
      23.925100326538086,
      4.5609564781188965,
      4.337832450866699
    ],
    [
      43.32643127441406,
      23.589380264282227,
      61.344627380371094,
      51.67876434326172,
      77.10086059570312,
      90.59539031982422,
      111.46475219726562,
      129.1856689453125,
      125.80277252197266,
      119.94014739990234,
      112.72315979003906,
      112.15556335449219,
      77.00760650634766,
      76.71292114257812,
      27.55716323852539,
      26.10824966430664,
      4.956576347351074,
      4.684050559997559
    ],
    [
      33.8201789855957,
      17.964265823364258,
      57.33207702636719,
      48.70915985107422,
      79.30841827392578,
      89.93782043457031,
      114.91236114501953,
      125.80277252197266,
      144.79566955566406,
      135.6026611328125,
      130.4829864501953,
      130.29794311523438,
      91.43978118896484,
      91.65547943115234,
      34.34798812866211,
      32.681175231933594,
      6.4299397468566895,
      6.047918796539307
    ],
    [
      35.27075958251953,
      19.555835723876953,
      56.01502227783203,
      46.84476852416992,
      75.99370574951172,
      85.228759765625,
      109.23446655273438,
      119.94014739990234,
      135.6026611328125,
      131.00494384765625,
      124.51315307617188,
      124.09781646728516,
      87.5851821899414,
      87.80377960205078,
      33.25587844848633,
      31.645557403564453,
      6.294057369232178,
      5.906820297241211
    ],
    [
      30.67182159423828,
      17.590839385986328,
      49.03693771362305,
      40.30830383300781,
      69.27583312988281,
      77.90440368652344,
      102.19929504394531,
      112.72315979003906,
      130.4829864501953,
      124.51315307617188,
      137.687255859375,
      134.9691162109375,
      99.92151641845703,
      100.62211608886719,
      40.70842742919922,
      38.858333587646484,
      8.098713874816895,
      7.581971168518066
    ],
    [
      28.738643646240234,
      16.52845001220703,
      48.040225982666016,
      39.41679382324219,
      68.51921844482422,
      77.5186767578125,
      102.10246276855469,
      112.15556335449219,
      130.29794311523438,
      124.09781646728516,
      134.9691162109375,
      135.42027282714844,
      98.4664077758789,
      99.23502349853516,
      39.65547561645508,
      37.85129165649414,
      7.85057258605957,
      7.366635322570801
    ],
    [
      18.970211029052734,
      11.002942085266113,
      31.696287155151367,
      25.27386474609375,
      46.63047409057617,
      51.8647575378418,
      70.02658081054688,
      77.00760650634766,
      91.43978118896484,
      87.5851821899414,
      99.92151641845703,
      98.4664077758789,
      85.22246551513672,
      85.18573760986328,
      38.076541900634766,
      36.2494010925293,
      8.086172103881836,
      7.612307071685791
    ],
    [
      18.540573120117188,
      11.133589744567871,
      30.99112892150879,
      24.356748580932617,
      46.22197341918945,
      51.16769027709961,
      69.96696472167969,
      76.71292114257812,
      91.65547943115234,
      87.80377960205078,
      100.62211608886719,
      99.23502349853516,
      85.18573760986328,
      86.5444107055664,
      38.4403190612793,
      36.75193405151367,
      8.18120002746582,
      7.712658405303955
    ],
    [
      8.00788402557373,
      5.3446173667907715,
      11.657028198242188,
      8.850335121154785,
      16.573549270629883,
      18.331546783447266,
      25.195465087890625,
      27.55716323852539,
      34.34798812866211,
      33.25587844848633,
      40.70842742919922,
      39.65547561645508,
      38.076541900634766,
      38.4403190612793,
      25.336729049682617,
      24.164339065551758,
      6.736291885375977,
      6.410378456115723
    ],
    [
      7.161625385284424,
      4.926837921142578,
      10.824196815490723,
      8.112740516662598,
      15.84555721282959,
      17.25188636779785,
      23.925100326538086,
      26.10824966430664,
      32.681175231933594,
      31.645557403564453,
      38.858333587646484,
      37.85129165649414,
      36.2494010925293,
      36.75193405151367,
      24.164339065551758,
      23.704023361206055,
      6.7078962326049805,
      6.4048566818237305
    ],
    [
      1.472430944442749,
      1.0475746393203735,
      2.0346901416778564,
      1.4721975326538086,
      3.0316073894500732,
      3.326951742172241,
      4.5609564781188965,
      4.956576347351074,
      6.4299397468566895,
      6.294057369232178,
      8.098713874816895,
      7.85057258605957,
      8.086172103881836,
      8.18120002746582,
      6.736291885375977,
      6.7078962326049805,
      2.9597396850585938,
      2.821044683456421
    ],
    [
      1.346588373184204,
      1.0215561389923096,
      1.8743282556533813,
      1.3225802183151245,
      2.8595497608184814,
      3.1003167629241943,
      4.337832450866699,
      4.684050559997559,
      6.047918796539307,
      5.906820297241211,
      7.581971168518066,
      7.366635322570801,
      7.612307071685791,
      7.712658405303955,
      6.410378456115723,
      6.4048566818237305,
      2.821044683456421,
      2.8137104511260986
    ]
  ],
  "drr": 10.680946350097656,
  "dynamics": 4.9082865715026855,
  "format": 1245190,
  "frames": 8963008,
  "loudness": -23.287395477294922,
  "loudness_range": 19.8645076751709,
  "loudness_range_short": 22.090728759765625,
  "peak": -5.229036808013916,
  "rms": -24.23603630065918,
  "sample_rate": 44100,
  "sections": 1,
  "seekable": 1,
  "sharpness": 3.9623312950134277,
  "space": -12.475923538208008
}