{
  "bands": [
    {
      "high_freq": 148.1999969482422,
      "loudness": -22.32412338256836,
      "loudness_range": 11.862682342529297,
      "mid_mean": -19.56621742248535,
      "mid_to_side_loudness": -9.448099136352539,
      "mid_to_side_loudness_range": 18.54878044128418,
      "side_mean": -29.085847854614258
    },
    {
      "high_freq": 392.3793640136719,
      "loudness": -18.964248657226562,
      "loudness_range": 4.918806076049805,
      "low_freq": 148.1999969482422,
      "mid_mean": -16.47429656982422,
      "mid_to_side_loudness": -5.8353095054626465,
      "mid_to_side_loudness_range": 9.47216796875,
      "side_mean": -22.241491317749023
    },
    {
      "high_freq": 794.6976318359375,
      "loudness": -20.585641860961914,
      "loudness_range": 7.2836456298828125,
      "low_freq": 392.3793640136719,
      "mid_mean": -17.322378158569336,
      "mid_to_side_loudness": -11.431661605834961,
      "mid_to_side_loudness_range": 12.105988502502441,
      "side_mean": -28.852262496948242
    },
    {
      "high_freq": 1457.5709228515625,
      "loudness": -22.267671585083008,
      "loudness_range": 12.79882526397705,
      "low_freq": 794.6976318359375,
      "mid_mean": -18.970584869384766,
      "mid_to_side_loudness": -12.574243545532227,
      "mid_to_side_loudness_range": 15.07441234588623,
      "side_mean": -31.670734405517578
    },
    {
      "high_freq": 2549.74365234375,
      "loudness": -20.4634952545166,
      "loudness_range": 12.58371353149414,
      "low_freq": 1457.5709228515625,
      "mid_mean": -17.10881805419922,
      "mid_to_side_loudness": -13.076879501342773,
      "mid_to_side_loudness_range": 14.487028121948242,
      "side_mean": -30.374340057373047
    },
    {
      "high_freq": 4349.24462890625,
      "loudness": -23.49148941040039,
      "loudness_range": 9.827032089233398,
      "low_freq": 2549.74365234375,
      "mid_mean": -20.178035736083984,
      "mid_to_side_loudness": -11.277414321899414,
      "mid_to_side_loudness_range": 9.96817684173584,
      "side_mean": -31.610546112060547
    },
    {
      "high_freq": 7314.1640625,
      "loudness": -29.084266662597656,
      "loudness_range": 9.718315124511719,
      "low_freq": 4349.24462890625,
      "mid_mean": -26.251066207885742,
      "mid_to_side_loudness": -7.491612911224365,
      "mid_to_side_loudness_range": 9.817541122436523,
      "side_mean": -33.83256149291992
    },
    {
      "high_freq": 12199.2666015625,
      "loudness": -31.050891876220703,
      "loudness_range": 12.988842010498047,
      "low_freq": 7314.1640625,
      "mid_mean": -28.08598518371582,
      "mid_to_side_loudness": -9.588072776794434,
      "mid_to_side_loudness_range": 15.633296966552734,
      "side_mean": -37.81901931762695
    },
    {
      "loudness": -39.62964630126953,
      "loudness_range": 17.03961944580078,
      "low_freq": 12199.2666015625,
      "mid_mean": -36.46818161010742,
      "mid_to_side_loudness": -12.144387245178223,
      "mid_to_side_loudness_range": 19.329545974731445,
      "side_mean": -49.04934310913086
    }
  ],
  "bands_short": [
    {
      "high_freq": 148.1999969482422,
      "loudness": -25.515350341796875,
      "loudness_range": 18.12925148010254,
      "mid_mean": -22.76708221435547,
      "mid_to_side_loudness": -10.690638542175293,
      "mid_to_side_loudness_range": 25.91976547241211,
      "side_mean": -34.06025695800781
    },
    {
      "high_freq": 392.3793640136719,
      "loudness": -19.067155838012695,
      "loudness_range": 8.03122615814209,
      "low_freq": 148.1999969482422,
      "mid_mean": -16.773147583007812,
      "mid_to_side_loudness": -5.933815956115723,
      "mid_to_side_loudness_range": 13.462396621704102,
      "side_mean": -22.51265525817871
    },
    {
      "high_freq": 794.6976318359375,
      "loudness": -21.504541397094727,
      "loudness_range": 11.013579368591309,
      "low_freq": 392.3793640136719,
      "mid_mean": -18.35071563720703,
      "mid_to_side_loudness": -10.986631393432617,
      "mid_to_side_loudness_range": 15.24359130859375,
      "side_mean": -29.504592895507812
    },
    {
      "high_freq": 1457.5709228515625,
      "loudness": -23.082685470581055,
      "loudness_range": 16.35190200805664,
      "low_freq": 794.6976318359375,
      "mid_mean": -19.964540481567383,
      "mid_to_side_loudness": -11.457524299621582,
      "mid_to_side_loudness_range": 18.084426879882812,
      "side_mean": -31.59233283996582
    },
    {
      "high_freq": 2549.74365234375,
      "loudness": -22.129566192626953,
      "loudness_range": 17.848426818847656,
      "low_freq": 1457.5709228515625,
      "mid_mean": -18.94193458557129,
      "mid_to_side_loudness": -11.957849502563477,
      "mid_to_side_loudness_range": 18.302013397216797,
      "side_mean": -31.110319137573242
    },
    {
      "high_freq": 4349.24462890625,
      "loudness": -24.595518112182617,
      "loudness_range": 13.967496871948242,
      "low_freq": 2549.74365234375,
      "mid_mean": -21.3883113861084,
      "mid_to_side_loudness": -10.83047866821289,
      "mid_to_side_loudness_range": 13.105667114257812,
      "side_mean": -32.401268005371094
    },
    {
      "high_freq": 7314.1640625,
      "loudness": -30.016948699951172,
      "loudness_range": 13.802408218383789,
      "low_freq": 4349.24462890625,
      "mid_mean": -27.228925704956055,
      "mid_to_side_loudness": -8.16900634765625,
      "mid_to_side_loudness_range": 14.33474063873291,
      "side_mean": -35.52968215942383
    },
    {
      "high_freq": 12199.2666015625,
      "loudness": -32.577392578125,
      "loudness_range": 16.477283477783203,
      "low_freq": 7314.1640625,
      "mid_mean": -29.580495834350586,
      "mid_to_side_loudness": -10.207634925842285,
      "mid_to_side_loudness_range": 19.849546432495117,
      "side_mean": -40.328311920166016
    },
    {
      "loudness": -41.74397659301758,
      "loudness_range": 20.90818977355957,
      "low_freq": 12199.2666015625,
      "mid_mean": -38.523380279541016,
      "mid_to_side_loudness": -12.899174690246582,
      "mid_to_side_loudness_range": 21.796009063720703,
      "side_mean": -52.90374755859375
    }
  ],
  "channels": 2,
  "covariance": [
    [
      30.040475845336914,
      5.598799228668213,
      5.472212314605713,
      -0.925662636756897,
      6.265758991241455,
      3.0741889476776123,
      6.688743591308594,
      4.378530502319336,
      4.436748027801514,
      0.8622441291809082,
      2.619490385055542,
      0.7104079723358154,
      8.684910774230957,
      0.7682920694351196,
      15.797439575195312,
      3.739109516143799,
      20.60897445678711,
      6.941089630126953
    ],
    [
      5.598799228668213,
      20.296483993530273,
      -0.5061600208282471,
      -0.1164412721991539,
      0.5920622944831848,
      -1.5787616968154907,
      1.0501117706298828,
      -0.7619444131851196,
      2.191505193710327,
      -1.1081596612930298,
      1.25468909740448,
      -0.34441491961479187,
      1.3717190027236938,
      0.4938441216945648,
      3.290233850479126,
      2.100285291671753,
      4.07904052734375,
      3.527357578277588
    ],
    [
      5.472212314605713,
      -0.5061600208282471,
      5.628941535949707,
      1.065691590309143,
      2.5829291343688965,
      3.3353025913238525,
      0.1450408399105072,
      2.6561625003814697,
      -0.763369083404541,
      1.794455885887146,
      0.8202346563339233,
      1.7022525072097778,
      3.0042877197265625,
      1.659308910369873,
      4.333698749542236,
      1.956352710723877,
      5.297641277313232,
      2.8263254165649414
    ],
    [
      -0.925662636756897,
      -0.1164412721991539,
      1.065691590309143,
      7.345592021942139,
      -0.09989254921674728,
      2.647108316421509,
      -1.205870270729065,
      1.588772177696228,
      -1.5213159322738647,
      2.2426304817199707,
      -0.6852753162384033,
      1.6130934953689575,
      -0.47474363446235657,
      1.2705751657485962,
      -1.3694113492965698,
      0.9140065908432007,
      -1.7524125576019287,
      1.0941470861434937
    ],
    [
      6.265758991241455,
      0.5920622944831848,
      2.5829291343688965,
      -0.09989254921674728,
      10.510648727416992,
      3.819258213043213,
      6.310265064239502,
      3.3049731254577637,
      5.9068522453308105,
      1.6425305604934692,
      3.5033926963806152,
      1.720839262008667,
      4.304210662841797,
      1.2431118488311768,
      5.934662342071533,
      1.4116086959838867,
      8.071808815002441,
      2.268289566040039
    ],
    [
      3.0741889476776123,
      -1.5787616968154907,
      3.3353025913238525,
      2.647108316421509,
      3.819258213043213,
      14.154787063598633,
      -2.3542513847351074,
      6.1018548011779785,
      -1.4219900369644165,
      6.2141547203063965,
      1.3457854986190796,
      6.17139196395874,
      2.6420979499816895,
      4.193027019500732,
      -0.6667754650115967,
      2.003328561782837,
      0.061530228704214096,
      1.5947701930999756
    ],
    [
      6.688743591308594,
      1.0501117706298828,
      0.1450408399105072,
      -1.205870270729065,
      6.310265064239502,
      -2.3542513847351074,
      24.2968692779541,
      2.149779796600342,
      14.598355293273926,
      -0.738400399684906,
      5.058218479156494,
      -1.785129427909851,
      5.11733865737915,
      -1.079965353012085,
      8.158944129943848,
      1.133264422416687,
      11.659870147705078,
      3.582857131958008
    ],
    [
      4.378530502319336,
      -0.7619444131851196,
      2.6561625003814697,
      1.588772177696228,
      3.3049731254577637,
      6.1018548011779785,
      2.149779796600342,
      8.480303764343262,
      1.0228475332260132,
      4.186376094818115,
      2.4300074577331543,
      4.829002380371094,
      4.076591491699219,
      4.835906982421875,
      2.957490921020508,
      4.018199443817139,
      3.4827568531036377,
      5.2356462478637695
    ],
    [
      4.436748027801514,
      2.191505193710327,
      -0.763369083404541,
      -1.5213159322738647,
      5.9068522453308105,
      -1.4219900369644165,
      14.598355293273926,
      1.0228475332260132,
      21.524009704589844,
      1.0312975645065308,
      9.202301025390625,
      0.11911095678806305,
      5.798120975494385,
      0.5331478118896484,
      5.094357490539551,
      1.6673967838287354,
      7.888742923736572,
      3.051168918609619
    ],
    [
      0.8622441291809082,
      -1.1081596612930298,
      1.794455885887146,
      2.2426304817199707,
      1.6425305604934692,
      6.2141547203063965,
      -0.738400399684906,
      4.186376094818115,
      1.0312975645065308,
      6.647156715393066,
      1.9285086393356323,
      5.137907981872559,
      2.014280319213867,
      4.027143955230713,
      -0.8876487016677856,
      2.5138676166534424,
      -1.108321189880371,
      2.450512409210205
    ],
    [
      2.619490385055542,
      1.25468909740448,
      0.8202346563339233,
      -0.6852753162384033,
      3.5033926963806152,
      1.3457854986190796,
      5.058218479156494,
      2.4300074577331543,
      9.202301025390625,
      1.9285086393356323,
      11.920059204101562,
      3.722576379776001,
      6.994321346282959,
      3.622490882873535,
      3.6786534786224365,
      3.194533586502075,
      4.702995777130127,
      3.762784719467163
    ],
    [
      0.7104079723358154,
      -0.34441491961479187,
      1.7022525072097778,
      1.6130934953689575,
      1.720839262008667,
      6.17139196395874,
      -1.785129427909851,
      4.829002380371094,
      0.11911095678806305,
      5.137907981872559,
      3.722576379776001,
      9.308370590209961,
      5.075957775115967,
      9.655723571777344,
      0.8502095341682434,
      7.82310152053833,
      -0.736526370048523,
      6.302028656005859
    ],
    [
      8.684910774230957,
      1.3717190027236938,
      3.0042877197265625,
      -0.47474363446235657,
      4.304210662841797,
      2.6420979499816895,
      5.11733865737915,
      4.076591491699219,
      5.798120975494385,
      2.014280319213867,
      6.994321346282959,
      5.075957775115967,
      12.850178718566895,
      8.265235900878906,
      11.866445541381836,
      8.961201667785645,
      12.633877754211426,
      10.202013969421387
    ],
    [
      0.7682920694351196,
      0.4938441216945648,
      1.659308910369873,
      1.2705751657485962,
      1.2431118488311768,
      4.193027019500732,
      -1.079965353012085,
      4.835906982421875,
      0.5331478118896484,
      4.027143955230713,
      3.622490882873535,
      9.655723571777344,
      8.265235900878906,
      16.29124641418457,
      3.7647345066070557,
      14.54002857208252,
      0.7706307768821716,
      12.68167495727539
    ],
    [
      15.797439575195312,
      3.290233850479126,
      4.333698749542236,
      -1.3694113492965698,
      5.934662342071533,
      -0.6667754650115967,
      8.158944129943848,
      2.957490921020508,
      5.094357490539551,
      -0.8876487016677856,
      3.6786534786224365,
      0.8502095341682434,
      11.866445541381836,
      3.7647345066070557,
      25.03424072265625,
      8.305668830871582,
      27.325233459472656,
      12.209168434143066
    ],
    [
      3.739109516143799,
      2.100285291671753,
      1.956352710723877,
      0.9140065908432007,
      1.4116086959838867,
      2.003328561782837,
      1.133264422416687,
      4.018199443817139,
      1.6673967838287354,
      2.5138676166534424,
      3.194533586502075,
      7.82310152053833,
      8.961201667785645,
      14.54002857208252,
      8.305668830871582,
      19.07818603515625,
      6.075634479522705,
      18.971731185913086
    ],
    [
      20.60897445678711,
      4.07904052734375,
      5.297641277313232,
      -1.7524125576019287,
      8.071808815002441,
      0.061530228704214096,
      11.659870147705078,
      3.4827568531036377,
      7.888742923736572,
      -1.108321189880371,
      4.702995777130127,
      -0.736526370048523,
      12.633877754211426,
      0.7706307768821716,
      27.325233459472656,
      6.075634479522705,
      39.793399810791016,
      13.662391662597656
    ],
    [
      6.941089630126953,
      3.527357578277588,
      2.8263254165649414,
      1.0941470861434937,
      2.268289566040039,
      1.5947701930999756,
      3.582857131958008,
      5.2356462478637695,
      3.051168918609619,
      2.450512409210205,
      3.762784719467163,
      6.302028656005859,
      10.202013969421387,
      12.68167495727539,
      12.209168434143066,
      18.971731185913086,
      13.662391662597656,
      27.384424209594727
    ]
  ],
  "covariance_short": [
    [
      53.86722946166992,
      12.132041931152344,
      11.389472961425781,
      0.1362473964691162,
      8.76402759552002,
      3.222137928009033,
      10.056703567504883,
      7.462900638580322,
      6.460903167724609,
      2.9957220554351807,
      4.85040283203125,
      2.882375717163086,
      12.266575813293457,
      3.329885244369507,
      19.888042449951172,
      7.593231678009033,
      22.406902313232422,
      14.842591285705566
    ],
    [
      12.132041931152344,
      46.12449264526367,
      1.5263068675994873,
      -1.00343656539917,
      0.2577369511127472,
      -4.739730358123779,
      2.643735408782959,
      -0.13605448603630066,
      4.639816761016846,
      -1.084575891494751,
      2.530846357345581,
      -0.8143439292907715,
      3.2643001079559326,
      1.8714100122451782,
      7.628945827484131,
      7.435770511627197,
      8.22874927520752,
      10.970507621765137
    ],
    [
      11.389472961425781,
      1.5263068675994873,
      15.256484031677246,
      4.261203765869141,
      6.608375549316406,
      6.313936233520508,
      4.277825832366943,
      6.84827995300293,
      2.5762534141540527,
      5.723166465759277,
      4.472279071807861,
      6.546546459197998,
      7.406604290008545,
      7.8173699378967285,
      8.384899139404297,
      8.565547943115234,
      8.322921752929688,
      10.899471282958984
    ],
    [
      0.1362473964691162,
      -1.00343656539917,
      4.261203765869141,
      16.295812606811523,
      1.321332335472107,
      5.38869571685791,
      1.1489417552947998,
      4.692903518676758,
      0.8627063035964966,
      6.623200416564941,
      1.8600077629089355,
      6.097820281982422,
      2.066768169403076,
      7.107054233551025,
      0.000219507550355047,
      6.083823204040527,
      -0.13635185360908508,
      6.143045425415039
    ],
    [
      8.76402759552002,
      0.2577369511127472,
      6.608375549316406,
      1.321332335472107,
      21.805055618286133,
      7.191093921661377,
      10.509961128234863,
      6.731245040893555,
      10.387162208557129,
      5.127439498901367,
      9.106771469116211,
      5.819275856018066,
      9.058143615722656,
      5.942712783813477,
      9.875924110412598,
      6.427114009857178,
      10.415506362915039,
      9.045373916625977
    ],
    [
      3.222137928009033,
      -4.739730358123779,
      6.313936233520508,
      5.38869571685791,
      7.191093921661377,
      20.85657501220703,
      -0.6277366876602173,
      8.625754356384277,
      0.6199414134025574,
      9.625503540039062,
      3.25299072265625,
      9.528684616088867,
      3.808598756790161,
      8.259296417236328,
      0.520087718963623,
      5.2933197021484375,
      0.9119058847427368,
      5.592803001403809
    ],
    [
      10.056703567504883,
      2.643735408782959,
      4.277825832366943,
      1.1489417552947998,
      10.509961128234863,
      -0.6277366876602173,
      39.67420959472656,
      6.6366190910339355,
      28.007753372192383,
      4.153660774230957,
      15.060721397399902,
      3.7884669303894043,
      12.217991828918457,
      4.675637245178223,
      11.608503341674805,
      7.387315273284912,
      12.751357078552246,
      11.409128189086914
    ],
    [
      7.462900638580322,
      -0.13605448603630066,
      6.84827995300293,
      4.692903518676758,
      6.731245040893555,
      8.625754356384277,
      6.6366190910339355,
      15.285636901855469,
      5.474049091339111,
      8.910186767578125,
      6.177151203155518,
      9.60797119140625,
      8.603754043579102,
      11.102336883544922,
      7.193876266479492,
      11.223743438720703,
      6.6904425621032715,
      12.86311149597168
    ],
    [
      6.460903167724609,
      4.639816761016846,
      2.5762534141540527,
      0.8627063035964966,
      10.387162208557129,
      0.6199414134025574,
      28.007753372192383,
      5.474049091339111,
      41.42338180541992,
      7.372232913970947,
      21.905071258544922,
      6.97398042678833,
      15.121587753295898,
      7.737882614135742,
      9.617350578308105,
      8.783562660217285,
      10.4497709274292,
      11.716219902038574
    ],
    [
      2.9957220554351807,
      -1.084575891494751,
      5.723166465759277,
      6.623200416564941,
      5.127439498901367,
      9.625503540039062,
      4.153660774230957,
      8.910186767578125,
      7.372232913970947,
      14.136445999145508,
      7.392602443695068,
      11.747872352600098,
      7.403230667114258,
      12.388396263122559,
      3.300309896469116,
      10.556812286376953,
      2.088327646255493,
      10.93321418762207
    ],
    [
      4.85040283203125,
      2.530846357345581,
      4.472279071807861,
      1.8600077629089355,
      9.106771469116211,
      3.25299072265625,
      15.060721397399902,
      6.177151203155518,
      21.905071258544922,
      7.392602443695068,
      26.36383819580078,
      10.81379508972168,
      17.393423080444336,
      11.52077579498291,
      10.925145149230957,
      11.286797523498535,
      10.31582260131836,
      12.829495429992676
    ],
    [
      2.882375717163086,
      -0.8143439292907715,
      6.546546459197998,
      6.097820281982422,
      5.819275856018066,
      9.528684616088867,
      3.7884669303894043,
      9.60797119140625,
      6.97398042678833,
      11.747872352600098,
      10.81379508972168,
      19.408123016357422,
      12.235368728637695,
      22.069839477539062,
      6.179689407348633,
      19.925434112548828,
      2.680107355117798,
      17.454803466796875
    ],
    [
      12.266575813293457,
      3.2643001079559326,
      7.406604290008545,
      2.066768169403076,
      9.058143615722656,
      3.808598756790161,
      12.217991828918457,
      8.603754043579102,
      15.121587753295898,
      7.403230667114258,
      17.393423080444336,
      12.235368728637695,
      28.165035247802734,
      19.84483528137207,
      23.722414016723633,
      22.07403564453125,
      21.49898910522461,
      24.268823623657227
    ],
    [
      3.329885244369507,
      1.8714100122451782,
      7.8173699378967285,
      7.107054233551025,
      5.942712783813477,
      8.259296417236328,
      4.675637245178223,
      11.102336883544922,
      7.737882614135742,
      12.388396263122559,
      11.52077579498291,
      22.069839477539062,
      19.84483528137207,
      39.08478927612305,
      12.091992378234863,
      36.94085693359375,
      5.4763922691345215,
      31.455127716064453
    ],
    [
      19.888042449951172,
      7.628945827484131,
      8.384899139404297,
      0.000219507550355047,
      9.875924110412598,
      0.520087718963623,
      11.608503341674805,
      7.193876266479492,
      9.617350578308105,
      3.300309896469116,
      10.925145149230957,
      6.179689407348633,
      23.722414016723633,
      12.091992378234863,
      42.84086990356445,
      20.660568237304688,
      40.702064514160156,
      27.952768325805664
    ],
    [
      7.593231678009033,
      7.435770511627197,
      8.565547943115234,
      6.083823204040527,
      6.427114009857178,
      5.2933197021484375,
      7.387315273284912,
      11.223743438720703,
      8.783562660217285,
      10.556812286376953,
      11.286797523498535,
      19.925434112548828,
      22.07403564453125,
      36.94085693359375,
      20.660568237304688,
      49.888118743896484,
      14.235021591186523,
      45.00521469116211
    ],
    [
      22.406902313232422,
      8.22874927520752,
      8.322921752929688,
      -0.13635185360908508,
      10.415506362915039,
      0.9119058847427368,
      12.751357078552246,
      6.6904425621032715,
      10.4497709274292,
      2.088327646255493,
      10.31582260131836,
      2.680107355117798,
      21.49898910522461,
      5.4763922691345215,
      40.702064514160156,
      14.235021591186523,
      61.006752014160156,
      29.05440902709961
    ],
    [
      14.842591285705566,
      10.970507621765137,
      10.899471282958984,
      6.143045425415039,
      9.045373916625977,
      5.592803001403809,
      11.409128189086914,
      12.86311149597168,
      11.716219902038574,
      10.93321418762207,
      12.829495429992676,
      17.454803466796875,
      24.268823623657227,
      31.455127716064453,
      27.952768325805664,
      45.00521469116211,
      29.05440902709961,
      63.39458465576172
    ]
  ],
  "drr": 14.549040794372559,
  "dynamics": 2.15545916557312,
  "format": 1245190,
  "frames": 7987200,
  "loudness": -9.111889839172363,
  "loudness_range": 5.255128860473633,
  "loudness_range_short": 7.429503440856934,
  "peak": -0.0021208373364061117,
  "rms": -11.910833358764648,
  "sample_rate": 44100,
  "sections": 1,
  "seekable": 1,
  "sharpness": 2.2848291397094727,
  "space": -9.662702560424805
}