{
  "bands": [
    {
      "high_freq": 148.1999969482422,
      "loudness": -37.392234802246094,
      "loudness_range": 20.533349990844727,
      "mid_mean": -33.694129943847656,
      "mid_to_side_loudness": -28.561952590942383,
      "mid_to_side_loudness_range": 39.37908172607422,
      "side_mean": -70
    },
    {
      "high_freq": 392.3793640136719,
      "loudness": -30.76935577392578,
      "loudness_range": 24.23858070373535,
      "low_freq": 148.1999969482422,
      "mid_mean": -27.114364624023438,
      "mid_to_side_loudness": -32.014312744140625,
      "mid_to_side_loudness_range": 48.04902648925781,
      "side_mean": -70
    },
    {
      "high_freq": 794.6976318359375,
      "loudness": -35.806156158447266,
      "loudness_range": 28.304302215576172,
      "low_freq": 392.3793640136719,
      "mid_mean": -32.121376037597656,
      "mid_to_side_loudness": -33.94389343261719,
      "mid_to_side_loudness_range": 50.52812576293945,
      "side_mean": -70
    },
    {
      "high_freq": 1457.5709228515625,
      "loudness": -41.56159973144531,
      "loudness_range": 24.80778694152832,
      "low_freq": 794.6976318359375,
      "mid_mean": -37.856040954589844,
      "mid_to_side_loudness": -30.947404861450195,
      "mid_to_side_loudness_range": 48.30073928833008,
      "side_mean": -69.9999771118164
    },
    {
      "high_freq": 2549.74365234375,
      "loudness": -44.26993942260742,
      "loudness_range": 23.214994430541992,
      "low_freq": 1457.5709228515625,
      "mid_mean": -40.62607955932617,
      "mid_to_side_loudness": -26.59870719909668,
      "mid_to_side_loudness_range": 43.420143127441406,
      "side_mean": -69.99990844726562
    },
    {
      "high_freq": 4349.24462890625,
      "loudness": -39.98561096191406,
      "loudness_range": 18.702556610107422,
      "low_freq": 2549.74365234375,
      "mid_mean": -36.31221008300781,
      "mid_to_side_loudness": -22.06929588317871,
      "mid_to_side_loudness_range": 32.6656608581543,
      "side_mean": -69.99984741210938
    },
    {
      "high_freq": 7314.1640625,
      "loudness": -43.4149169921875,
      "loudness_range": 17.668548583984375,
      "low_freq": 4349.24462890625,
      "mid_mean": -39.856903076171875,
      "mid_to_side_loudness": -20.15254020690918,
      "mid_to_side_loudness_range": 35.052127838134766,
      "side_mean": -69.99993896484375
    },
    {
      "high_freq": 12199.2666015625,
      "loudness": -53.57876205444336,
      "loudness_range": 17.540081024169922,
      "low_freq": 7314.1640625,
      "mid_mean": -50.3541374206543,
      "mid_to_side_loudness": -14.437349319458008,
      "mid_to_side_loudness_range": 32.42953872680664,
      "side_mean": -69.99995422363281
    },
    {
      "loudness": -55.28702926635742,
      "loudness_range": 17.44953155517578,
      "low_freq": 12199.2666015625,
      "mid_mean": -51.62929916381836,
      "mid_to_side_loudness": -14.622313499450684,
      "mid_to_side_loudness_range": 33.12039566040039,
      "side_mean": -69.99998474121094
    }
  ],
  "bands_short": [
    {
      "high_freq": 148.1999969482422,
      "loudness": -41.56875991821289,
      "loudness_range": 23.621646881103516,
      "mid_mean": -37.86969757080078,
      "mid_to_side_loudness": -29.04402732849121,
      "mid_to_side_loudness_range": 38.5455322265625,
      "side_mean": -70
    },
    {
      "high_freq": 392.3793640136719,
      "loudness": -32.48876953125,
      "loudness_range": 28.0374755859375,
      "low_freq": 148.1999969482422,
      "mid_mean": -28.852474212646484,
      "mid_to_side_loudness": -43.14194869995117,
      "mid_to_side_loudness_range": 66.38577270507812,
      "side_mean": -70
    },
    {
      "high_freq": 794.6976318359375,
      "loudness": -36.856971740722656,
      "loudness_range": 30.92151641845703,
      "low_freq": 392.3793640136719,
      "mid_mean": -33.164981842041016,
      "mid_to_side_loudness": -27.863061904907227,
      "mid_to_side_loudness_range": 40.87769317626953,
      "side_mean": -70
    },
    {
      "high_freq": 1457.5709228515625,
      "loudness": -43.0078239440918,
      "loudness_range": 28.593063354492188,
      "low_freq": 794.6976318359375,
      "mid_mean": -39.321529388427734,
      "mid_to_side_loudness": -26.30876922607422,
      "mid_to_side_loudness_range": 35.348636627197266,
      "side_mean": -69.9999771118164
    },
    {
      "high_freq": 2549.74365234375,
      "loudness": -45.85918045043945,
      "loudness_range": 26.502811431884766,
      "low_freq": 1457.5709228515625,
      "mid_mean": -42.234893798828125,
      "mid_to_side_loudness": -22.480012893676758,
      "mid_to_side_loudness_range": 30.829734802246094,
      "side_mean": -69.99991607666016
    },
    {
      "high_freq": 4349.24462890625,
      "loudness": -40.927242279052734,
      "loudness_range": 20.59771156311035,
      "low_freq": 2549.74365234375,
      "mid_mean": -37.263004302978516,
      "mid_to_side_loudness": -18.979684829711914,
      "mid_to_side_loudness_range": 26.264198303222656,
      "side_mean": -69.99984741210938
    },
    {
      "high_freq": 7314.1640625,
      "loudness": -44.531436920166016,
      "loudness_range": 20.006641387939453,
      "low_freq": 4349.24462890625,
      "mid_mean": -40.97296905517578,
      "mid_to_side_loudness": -19.488483428955078,
      "mid_to_side_loudness_range": 36.86249542236328,
      "side_mean": -69.99994659423828
    },
    {
      "high_freq": 12199.2666015625,
      "loudness": -55.02263641357422,
      "loudness_range": 20.635902404785156,
      "low_freq": 7314.1640625,
      "mid_mean": -51.481719970703125,
      "mid_to_side_loudness": -13.762803077697754,
      "mid_to_side_loudness_range": 25.471641540527344,
      "side_mean": -69.99995422363281
    },
    {
      "loudness": -57.241661071777344,
      "loudness_range": 20.980724334716797,
      "low_freq": 12199.2666015625,
      "mid_mean": -53.4721794128418,
      "mid_to_side_loudness": -11.834525108337402,
      "mid_to_side_loudness_range": 27.0650634765625,
      "side_mean": -69.99998474121094
    }
  ],
  "channels": 2,
  "covariance": [
    [
      46.11701202392578,
      0,
      33.09353256225586,
      0,
      23.134634017944336,
      0,
      17.357011795043945,
      -1.3229229343936222e-11,
      12.498466491699219,
      -5.291691737574489e-11,
      11.033974647521973,
      -8.819486807531973e-11,
      13.445992469787598,
      -3.527794723012789e-11,
      13.676814079284668,
      -2.6458458687872444e-11,
      12.24608039855957,
      -8.819486807531973e-12
    ],
    [
      0,
      2.4547852639500434e-09,
      0,
      8.281004770793743e-10,
      0,
      2.733473669636055e-09,
      -1.7279240637435578e-05,
      1.8432132264933898e-08,
      -1.6832895198604092e-05,
      6.397551999270945e-08,
      -3.2619905141473282e-06,
      9.38362063607201e-08,
      0,
      3.286764993504221e-08,
      -6.592211866518483e-05,
      2.5140931114719933e-08,
      -6.192045839270577e-05,
      9.780124266001167e-09
    ],
    [
      33.09353256225586,
      0,
      73.62435150146484,
      0,
      53.384437561035156,
      0,
      42.02495574951172,
      9.910605322516197e-12,
      27.022357940673828,
      3.964242129006479e-11,
      17.873973846435547,
      6.607069752417871e-11,
      18.359268188476562,
      2.6428279703560875e-11,
      19.46949577331543,
      1.9821210645032394e-11,
      13.659285545349121,
      6.607069925890219e-12
    ],
    [
      0,
      8.281004770793743e-10,
      0,
      4.1041461895652276e-10,
      0,
      1.2582862529697536e-09,
      -6.5872886807483155e-06,
      8.722997435484103e-09,
      -5.637706635752693e-06,
      2.625002437639523e-08,
      -3.971541445935145e-06,
      3.464261055796669e-08,
      0,
      1.1480326911339489e-08,
      -1.9145214537275024e-05,
      7.867517304305238e-09,
      -1.800459904188756e-05,
      3.5190335090362623e-09
    ],
    [
      23.134634017944336,
      0,
      53.384437561035156,
      0,
      84.80016326904297,
      0,
      69.59268951416016,
      -3.3601652710268937e-11,
      56.961341857910156,
      -1.3440661084107575e-10,
      34.28647994995117,
      -2.2401101806845958e-10,
      27.45125961303711,
      -1.2949023584951647e-05,
      21.04039764404297,
      -1.4831022781436332e-05,
      7.64929723739624,
      -3.40821156896709e-06
    ],
    [
      0,
      2.733473669636055e-09,
      0,
      1.2582862529697536e-09,
      0,
      4.4018184652827586e-09,
      -1.7206531992997043e-05,
      2.95402386996102e-08,
      -1.4679389096272644e-05,
      9.734260686400376e-08,
      -1.3189549463277217e-05,
      1.3383493069341057e-07,
      0,
      4.525405827848772e-08,
      -6.911713717272505e-05,
      3.3032041102387666e-08,
      -6.493412365671247e-05,
      1.4025291150687735e-08
    ],
    [
      17.357011795043945,
      -1.7279240637435578e-05,
      42.02495574951172,
      -6.5872886807483155e-06,
      69.59268951416016,
      -1.7206531992997043e-05,
      71.56742095947266,
      -0.0001396791631123051,
      61.9775390625,
      -0.00034564753877930343,
      39.071807861328125,
      -0.0004736702248919755,
      31.512481689453125,
      -0.00021344487322494388,
      26.042537689208984,
      -0.00012796962982974946,
      8.989253997802734,
      -4.711391738965176e-05
    ],
    [
      -1.3229229343936222e-11,
      1.8432132264933898e-08,
      9.910605322516197e-12,
      8.722997435484103e-09,
      -3.3601652710268937e-11,
      2.95402386996102e-08,
      -0.0001396791631123051,
      2.0729441985167796e-07,
      -0.00011911245383089408,
      6.582037030966603e-07,
      -0.00010872983693843707,
      9.19751300898497e-07,
      -7.702235550743897e-12,
      3.1165237146524305e-07,
      -0.000493499159347266,
      2.2262648258219997e-07,
      -0.0004638928221538663,
      9.34205957037193e-08
    ],
    [
      12.498466491699219,
      -1.6832895198604092e-05,
      27.022357940673828,
      -5.637706635752693e-06,
      56.961341857910156,
      -1.4679389096272644e-05,
      61.9775390625,
      -0.00011911245383089408,
      67.31262969970703,
      -0.00029482878744602203,
      45.74168395996094,
      -0.0004046334361191839,
      38.54328155517578,
      -0.00020309719548095018,
      33.04096221923828,
      -0.00014106776507105678,
      15.78886604309082,
      -4.5820994273526594e-05
    ],
    [
      -5.291691737574489e-11,
      6.397551999270945e-08,
      3.964242129006479e-11,
      2.625002437639523e-08,
      -1.3440661084107575e-10,
      9.734260686400376e-08,
      -0.00034564753877930343,
      6.582037030966603e-07,
      -0.00029482878744602203,
      2.313644017704064e-06,
      -0.000266089104115963,
      3.3253716082981555e-06,
      -3.0808942202975587e-11,
      1.1229589063077583e-06,
      -0.00178296968806535,
      8.563964115637646e-07,
      -0.0016739399870857596,
      3.4351461408732575e-07
    ],
    [
      11.033974647521973,
      -3.2619905141473282e-06,
      17.873973846435547,
      -3.971541445935145e-06,
      34.28647994995117,
      -1.3189549463277217e-05,
      39.071807861328125,
      -0.00010872983693843707,
      45.74168395996094,
      -0.000266089104115963,
      42.294891357421875,
      -0.00035182421561330557,
      37.96382522583008,
      -0.0001483899395680055,
      33.03327178955078,
      -8.84709443198517e-05,
      20.74871826171875,
      -3.551421468728222e-05
    ],
    [
      -8.819486807531973e-11,
      9.38362063607201e-08,
      6.607069752417871e-11,
      3.464261055796669e-08,
      -2.2401101806845958e-10,
      1.3383493069341057e-07,
      -0.0004736702248919755,
      9.19751300898497e-07,
      -0.0004046334361191839,
      3.3253716082981555e-06,
      -0.00035182421561330557,
      5.087919362267712e-06,
      -5.134823816144163e-11,
      1.7614369198781787e-06,
      -0.0029321149922907352,
      1.3549272352975095e-06,
      -0.0027519469149410725,
      5.179595063964371e-07
    ],
    [
      13.445992469787598,
      0,
      18.359268188476562,
      0,
      27.45125961303711,
      0,
      31.512481689453125,
      -7.702235550743897e-12,
      38.54328155517578,
      -3.0808942202975587e-11,
      37.96382522583008,
      -5.134823816144163e-11,
      43.073692321777344,
      -1.4080796972848475e-05,
      37.35542678833008,
      -1.6084546587080695e-05,
      24.52947235107422,
      -3.7004613204771886e-06
    ],
    [
      -3.527794723012789e-11,
      3.286764993504221e-08,
      2.6428279703560875e-11,
      1.1480326911339489e-08,
      -1.2949023584951647e-05,
      4.525405827848772e-08,
      -0.00021344487322494388,
      3.1165237146524305e-07,
      -0.00020309719548095018,
      1.1229589063077583e-06,
      -0.0001483899395680055,
      1.7614369198781787e-06,
      -1.4080796972848475e-05,
      6.437464321606967e-07,
      -0.0011354995658621192,
      4.83409223761555e-07,
      -0.0010666910093277693,
      1.8139161284125294e-07
    ],
    [
      13.676814079284668,
      -6.592211866518483e-05,
      19.46949577331543,
      -1.9145214537275024e-05,
      21.04039764404297,
      -6.911713717272505e-05,
      26.042537689208984,
      -0.000493499159347266,
      33.04096221923828,
      -0.00178296968806535,
      33.03327178955078,
      -0.0029321149922907352,
      37.35542678833008,
      -0.0011354995658621192,
      46.38477325439453,
      -0.0008962032734416425,
      31.9835262298584,
      -0.00030330914887599647
    ],
    [
      -2.6458458687872444e-11,
      2.5140931114719933e-08,
      1.9821210645032394e-11,
      7.867517304305238e-09,
      -1.4831022781436332e-05,
      3.3032041102387666e-08,
      -0.00012796962982974946,
      2.2262648258219997e-07,
      -0.00014106776507105678,
      8.563964115637646e-07,
      -8.84709443198517e-05,
      1.3549272352975095e-06,
      -1.6084546587080695e-05,
      4.83409223761555e-07,
      -0.0008962032734416425,
      3.848477376777737e-07,
      -0.000841535278595984,
      1.4150953120406484e-07
    ],
    [
      12.24608039855957,
      -6.192045839270577e-05,
      13.659285545349121,
      -1.800459904188756e-05,
      7.64929723739624,
      -6.493412365671247e-05,
      8.989253997802734,
      -0.0004638928221538663,
      15.78886604309082,
      -0.0016739399870857596,
      20.74871826171875,
      -0.0027519469149410725,
      24.52947235107422,
      -0.0010666910093277693,
      31.9835262298584,
      -0.000841535278595984,
      38.014434814453125,
      -0.00028477341402322054
    ],
    [
      -8.819486807531973e-12,
      9.780124266001167e-09,
      6.607069925890219e-12,
      3.5190335090362623e-09,
      -3.40821156896709e-06,
      1.4025291150687735e-08,
      -4.711391738965176e-05,
      9.34205957037193e-08,
      -4.5820994273526594e-05,
      3.4351461408732575e-07,
      -3.551421468728222e-05,
      5.179595063964371e-07,
      -3.7004613204771886e-06,
      1.8139161284125294e-07,
      -0.00030330914887599647,
      1.4150953120406484e-07,
      -0.00028477341402322054,
      5.482361586928164e-08
    ]
  ],
  "covariance_short": [
    [
      61.57688522338867,
      0,
      45.841644287109375,
      0,
      30.385276794433594,
      0,
      24.8302059173584,
      5.7358692448494786e-12,
      17.420167922973633,
      2.103152027532751e-11,
      14.189807891845703,
      3.8239127142514207e-11,
      16.16811180114746,
      -8.550415259378497e-06,
      16.0911922454834,
      -1.688396150711924e-05,
      14.192739486694336,
      -3.0680428153573303e-06
    ],
    [
      0,
      7.688027992003299e-09,
      0,
      1.6150015769156312e-09,
      -5.4856354125831785e-08,
      2.883851824009298e-09,
      -1.2358806088741403e-05,
      1.2932909854157515e-08,
      -2.017556835198775e-05,
      4.877596282426566e-08,
      -2.6290931600669865e-06,
      8.372840198944687e-08,
      -1.1479075965326047e-06,
      3.1741482331426596e-08,
      -6.348150782287121e-05,
      2.5734063768823034e-08,
      -5.69361072848551e-05,
      9.224981667443899e-09
    ],
    [
      45.841644287109375,
      0,
      91.31840515136719,
      0,
      62.63960266113281,
      0,
      51.878936767578125,
      1.9578153334642856e-11,
      30.897918701171875,
      7.178656280526496e-11,
      18.954439163208008,
      1.30521024543917e-10,
      19.187990188598633,
      4.568235720259217e-11,
      19.16222381591797,
      3.915630666928571e-11,
      14.312833786010742,
      1.3052101933974658e-11
    ],
    [
      0,
      1.6150015769156312e-09,
      0,
      9.98954474695779e-10,
      0,
      1.948461836320803e-09,
      -3.9214933167386334e-06,
      1.3843957979986499e-08,
      -6.118251349107595e-06,
      3.52674653925078e-08,
      -3.144524953313521e-06,
      5.255168744611183e-08,
      0,
      1.952030537211158e-08,
      -1.4598640518670436e-05,
      1.0829809049539563e-08,
      -1.3131608284311369e-05,
      5.365715427529949e-09
    ],
    [
      30.385276794433594,
      -5.4856354125831785e-08,
      62.63960266113281,
      0,
      98.54877471923828,
      0,
      82.5423355102539,
      -2.3235592269688077e-11,
      64.06646728515625,
      -8.519716876431715e-11,
      36.82337188720703,
      -1.5490395077755181e-10,
      30.94930648803711,
      -8.006867574295029e-06,
      24.845109939575195,
      -1.4790875866310671e-05,
      13.287591934204102,
      -3.1492163543589413e-06
    ],
    [
      0,
      2.883851824009298e-09,
      0,
      1.948461836320803e-09,
      0,
      1.4043686213938145e-08,
      -1.3405518075160217e-05,
      9.259402133920958e-08,
      -1.1519980944285635e-05,
      2.3297293694213295e-07,
      -1.3861529623682145e-05,
      3.1077610174179426e-07,
      0,
      9.8984763496901e-08,
      -6.901282904436812e-05,
      5.928154678258579e-08,
      -6.183633377077058e-05,
      2.848416258416364e-08
    ],
    [
      24.8302059173584,
      -1.2358806088741403e-05,
      51.878936767578125,
      -3.9214933167386334e-06,
      82.5423355102539,
      -1.3405518075160217e-05,
      91.7043228149414,
      -0.0001038910704664886,
      74.15074157714844,
      -0.0002499395050108433,
      44.85454559326172,
      -0.00036454867222346365,
      37.26792526245117,
      -0.00016972860612440854,
      30.57895278930664,
      -0.0001179060127469711,
      14.855677604675293,
      -4.0899674786487594e-05
    ],
    [
      5.7358692448494786e-12,
      1.2932909854157515e-08,
      1.9578153334642856e-11,
      1.3843957979986499e-08,
      -2.3235592269688077e-11,
      9.259402133920958e-08,
      -0.0001038910704664886,
      6.762531370441138e-07,
      -8.946129673859105e-05,
      1.6384101400035433e-06,
      -0.00010954812751151621,
      2.188638973166235e-06,
      -2.2743985514384057e-11,
      6.961964800211717e-07,
      -0.0004525290569290519,
      3.9458646483581106e-07,
      -0.00040564945084042847,
      1.883592233298259e-07
    ],
    [
      17.420167922973633,
      -2.017556835198775e-05,
      30.897918701171875,
      -6.118251349107595e-06,
      64.06646728515625,
      -1.1519980944285635e-05,
      74.15074157714844,
      -8.946129673859105e-05,
      80.99317932128906,
      -0.0002147551131201908,
      53.06010437011719,
      -0.0003932862600777298,
      46.07073974609375,
      -0.00021899920830037445,
      39.70758819580078,
      -0.0001572303008288145,
      22.51710319519043,
      -4.2633535485947505e-05
    ],
    [
      2.103152027532751e-11,
      4.877596282426566e-08,
      7.178656280526496e-11,
      3.52674653925078e-08,
      -8.519716876431715e-11,
      2.3297293694213295e-07,
      -0.0002499395050108433,
      1.6384101400035433e-06,
      -0.0002147551131201908,
      4.512268333201064e-06,
      -0.00025886535877361894,
      6.210860647115624e-06,
      -8.339461066153575e-11,
      2.0336131001386093e-06,
      -0.0016005350043997169,
      1.293007017011405e-06,
      -0.001433530473150313,
      5.935689273428579e-07
    ],
    [
      14.189807891845703,
      -2.6290931600669865e-06,
      18.954439163208008,
      -3.144524953313521e-06,
      36.82337188720703,
      -1.3861529623682145e-05,
      44.85454559326172,
      -0.00010954812751151621,
      53.06010437011719,
      -0.00025886535877361894,
      50.872833251953125,
      -0.0003702888498082757,
      44.857261657714844,
      -0.0001499470236012712,
      39.577388763427734,
      -8.907989831641316e-05,
      27.287424087524414,
      -3.4362466976745054e-05
    ],
    [
      3.8239127142514207e-11,
      8.372840198944687e-08,
      1.30521024543917e-10,
      5.255168744611183e-08,
      -1.5490395077755181e-10,
      3.1077610174179426e-07,
      -0.00036454867222346365,
      2.188638973166235e-06,
      -0.0003932862600777298,
      6.210860647115624e-06,
      -0.0003702888498082757,
      9.50182948145084e-06,
      -1.5162655853107054e-10,
      3.135510041829548e-06,
      -0.002841199981048703,
      2.049345766863553e-06,
      -0.0025442223995923996,
      8.866945790941827e-07
    ],
    [
      16.16811180114746,
      -1.1479075965326047e-06,
      19.187990188598633,
      0,
      30.94930648803711,
      0,
      37.26792526245117,
      -2.2743985514384057e-11,
      46.07073974609375,
      -8.339461066153575e-11,
      44.857261657714844,
      -1.5162655853107054e-10,
      51.608726501464844,
      -5.2829727792413905e-06,
      44.72079849243164,
      -1.533169961476233e-05,
      31.451087951660156,
      -2.6156553758482914e-06
    ],
    [
      -8.550415259378497e-06,
      3.1741482331426596e-08,
      4.568235720259217e-11,
      1.952030537211158e-08,
      -8.006867574295029e-06,
      9.8984763496901e-08,
      -0.00016972860612440854,
      6.961964800211717e-07,
      -0.00021899920830037445,
      2.0336131001386093e-06,
      -0.0001499470236012712,
      3.135510041829548e-06,
      -5.2829727792413905e-06,
      1.2236587281222455e-06,
      -0.0010527304839342833,
      7.58148644308676e-07,
      -0.0009431924554519355,
      3.325114050767297e-07
    ],
    [
      16.0911922454834,
      -6.348150782287121e-05,
      19.16222381591797,
      -1.4598640518670436e-05,
      24.845109939575195,
      -6.901282904436812e-05,
      30.57895278930664,
      -0.0004525290569290519,
      39.70758819580078,
      -0.0016005350043997169,
      39.577388763427734,
      -0.002841199981048703,
      44.72079849243164,
      -0.0010527304839342833,
      54.23655700683594,
      -0.0008560414426028728,
      38.21574401855469,
      -0.00029436894692480564
    ],
    [
      -1.688396150711924e-05,
      2.5734063768823034e-08,
      3.915630666928571e-11,
      1.0829809049539563e-08,
      -1.4790875866310671e-05,
      5.928154678258579e-08,
      -0.0001179060127469711,
      3.9458646483581106e-07,
      -0.0001572303008288145,
      1.293007017011405e-06,
      -8.907989831641316e-05,
      2.049345766863553e-06,
      -1.533169961476233e-05,
      7.58148644308676e-07,
      -0.0008560414426028728,
      5.574090096160944e-07,
      -0.0007669110200367868,
      2.2906569085989759e-07
    ],
    [
      14.192739486694336,
      -5.69361072848551e-05,
      14.312833786010742,
      -1.3131608284311369e-05,
      13.287591934204102,
      -6.183633377077058e-05,
      14.855677604675293,
      -0.00040564945084042847,
      22.51710319519043,
      -0.001433530473150313,
      27.287424087524414,
      -0.0025442223995923996,
      31.451087951660156,
      -0.0009431924554519355,
      38.21574401855469,
      -0.0007669110200367868,
      46.34675598144531,
      -0.0002636468270793557
    ],
    [
      -3.0680428153573303e-06,
      9.224981667443899e-09,
      1.3052101933974658e-11,
      5.365715427529949e-09,
      -3.1492163543589413e-06,
      2.848416258416364e-08,
      -4.0899674786487594e-05,
      1.883592233298259e-07,
      -4.2633535485947505e-05,
      5.935689273428579e-07,
      -3.4362466976745054e-05,
      8.866945790941827e-07,
      -2.6156553758482914e-06,
      3.325114050767297e-07,
      -0.00029436894692480564,
      2.2906569085989759e-07,
      -0.0002636468270793557,
      1.086950618400806e-07
    ]
  ],
  "drr": 11.967933654785156,
  "dynamics": 5.994321346282959,
  "format": 1245190,
  "frames": 13694976,
  "loudness": -21.747270584106445,
  "loudness_range": 18.560333251953125,
  "loudness_range_short": 22.922330856323242,
  "peak": -1.0147651433944702,
  "rms": -21.227140426635742,
  "sample_rate": 44100,
  "sections": 1,
  "seekable": 1,
  "sharpness": 4.63148832321167,
  "space": -56.658546447753906
}