{
  "bands": [
    {
      "high_freq": 148.1999969482422,
      "loudness": -19.600337982177734,
      "loudness_range": 5.112920761108398,
      "mid_mean": -16.075519561767578,
      "mid_to_side_loudness": -21.273195266723633,
      "mid_to_side_loudness_range": 27.520584106445312,
      "side_mean": -41.47198486328125
    },
    {
      "high_freq": 392.3793640136719,
      "loudness": -22.00513458251953,
      "loudness_range": 15.931087493896484,
      "low_freq": 148.1999969482422,
      "mid_mean": -18.71653938293457,
      "mid_to_side_loudness": -8.657476425170898,
      "mid_to_side_loudness_range": 14.776975631713867,
      "side_mean": -30.06761360168457
    },
    {
      "high_freq": 794.6976318359375,
      "loudness": -20.241212844848633,
      "loudness_range": 8.032578468322754,
      "low_freq": 392.3793640136719,
      "mid_mean": -16.84111785888672,
      "mid_to_side_loudness": -9.601164817810059,
      "mid_to_side_loudness_range": 15.577033042907715,
      "side_mean": -29.724519729614258
    },
    {
      "high_freq": 1457.5709228515625,
      "loudness": -22.40572738647461,
      "loudness_range": 23.541709899902344,
      "low_freq": 794.6976318359375,
      "mid_mean": -19.19219398498535,
      "mid_to_side_loudness": -7.632781028747559,
      "mid_to_side_loudness_range": 12.543473243713379,
      "side_mean": -29.00464630126953
    },
    {
      "high_freq": 2549.74365234375,
      "loudness": -21.97937774658203,
      "loudness_range": 8.741470336914062,
      "low_freq": 1457.5709228515625,
      "mid_mean": -19.400686264038086,
      "mid_to_side_loudness": -4.8394999504089355,
      "mid_to_side_loudness_range": 8.177980422973633,
      "side_mean": -25.89228057861328
    },
    {
      "high_freq": 4349.24462890625,
      "loudness": -20.269582748413086,
      "loudness_range": 5.019371032714844,
      "low_freq": 2549.74365234375,
      "mid_mean": -18.437944412231445,
      "mid_to_side_loudness": -3.3584353923797607,
      "mid_to_side_loudness_range": 6.541075229644775,
      "side_mean": -22.850364685058594
    },
    {
      "high_freq": 7314.1640625,
      "loudness": -24.321191787719727,
      "loudness_range": 8.312082290649414,
      "low_freq": 4349.24462890625,
      "mid_mean": -21.664630889892578,
      "mid_to_side_loudness": -6.417586803436279,
      "mid_to_side_loudness_range": 12.139999389648438,
      "side_mean": -30.457338333129883
    },
    {
      "high_freq": 12199.2666015625,
      "loudness": -27.48472023010254,
      "loudness_range": 14.369119644165039,
      "low_freq": 7314.1640625,
      "mid_mean": -24.110597610473633,
      "mid_to_side_loudness": -14.707812309265137,
      "mid_to_side_loudness_range": 23.304887771606445,
      "side_mean": -44.64987564086914
    },
    {
      "loudness": -36.74247360229492,
      "loudness_range": 12.024696350097656,
      "low_freq": 12199.2666015625,
      "mid_mean": -33.27692794799805,
      "mid_to_side_loudness": -14.088532447814941,
      "mid_to_side_loudness_range": 17.882497787475586,
      "side_mean": -54.10308837890625
    }
  ],
  "bands_short": [
    {
      "high_freq": 148.1999969482422,
      "loudness": -23.483558654785156,
      "loudness_range": 13.302745819091797,
      "mid_mean": -19.99006462097168,
      "mid_to_side_loudness": -22.550384521484375,
      "mid_to_side_loudness_range": 31.830780029296875,
      "side_mean": -46.92395782470703
    },
    {
      "high_freq": 392.3793640136719,
      "loudness": -20.229368209838867,
      "loudness_range": 11.471856117248535,
      "low_freq": 148.1999969482422,
      "mid_mean": -16.639240264892578,
      "mid_to_side_loudness": -10.560090065002441,
      "mid_to_side_loudness_range": 18.08953285217285,
      "side_mean": -30.618900299072266
    },
    {
      "high_freq": 794.6976318359375,
      "loudness": -21.320829391479492,
      "loudness_range": 11.738387107849121,
      "low_freq": 392.3793640136719,
      "mid_mean": -17.975473403930664,
      "mid_to_side_loudness": -8.844841957092285,
      "mid_to_side_loudness_range": 16.426048278808594,
      "side_mean": -29.879268646240234
    },
    {
      "high_freq": 1457.5709228515625,
      "loudness": -21.895978927612305,
      "loudness_range": 13.154240608215332,
      "low_freq": 794.6976318359375,
      "mid_mean": -18.593181610107422,
      "mid_to_side_loudness": -7.8864054679870605,
      "mid_to_side_loudness_range": 14.217074394226074,
      "side_mean": -29.30948257446289
    },
    {
      "high_freq": 2549.74365234375,
      "loudness": -22.03104591369629,
      "loudness_range": 9.307504653930664,
      "low_freq": 1457.5709228515625,
      "mid_mean": -19.401138305664062,
      "mid_to_side_loudness": -4.9785661697387695,
      "mid_to_side_loudness_range": 9.813592910766602,
      "side_mean": -26.477739334106445
    },
    {
      "high_freq": 4349.24462890625,
      "loudness": -20.424081802368164,
      "loudness_range": 7.593118667602539,
      "low_freq": 2549.74365234375,
      "mid_mean": -18.613746643066406,
      "mid_to_side_loudness": -3.522366762161255,
      "mid_to_side_loudness_range": 7.94766902923584,
      "side_mean": -23.671823501586914
    },
    {
      "high_freq": 7314.1640625,
      "loudness": -24.752952575683594,
      "loudness_range": 11.088375091552734,
      "low_freq": 4349.24462890625,
      "mid_mean": -22.06680679321289,
      "mid_to_side_loudness": -6.6901397705078125,
      "mid_to_side_loudness_range": 14.3418607711792,
      "side_mean": -31.71143341064453
    },
    {
      "high_freq": 12199.2666015625,
      "loudness": -28.55545425415039,
      "loudness_range": 16.82872200012207,
      "low_freq": 7314.1640625,
      "mid_mean": -25.18666648864746,
      "mid_to_side_loudness": -14.990434646606445,
      "mid_to_side_loudness_range": 25.42249870300293,
      "side_mean": -48.24065017700195
    },
    {
      "loudness": -38.257606506347656,
      "loudness_range": 17.390790939331055,
      "low_freq": 12199.2666015625,
      "mid_mean": -34.89219665527344,
      "mid_to_side_loudness": -14.544607162475586,
      "mid_to_side_loudness_range": 22.284332275390625,
      "side_mean": -56.03944778442383
    }
  ],
  "channels": 2,
  "covariance": [
    [
      17.386640548706055,
      6.0942206382751465,
      8.057791709899902,
      10.656719207763672,
      3.721511125564575,
      4.004513263702393,
      5.921401500701904,
      10.662038803100586,
      2.9187779426574707,
      4.719804286956787,
      2.0423471927642822,
      3.099576711654663,
      2.109424352645874,
      2.5176899433135986,
      1.8310915231704712,
      -0.5030049085617065,
      1.547232985496521,
      9.454368591308594
    ],
    [
      6.0942206382751465,
      33.72685623168945,
      8.611961364746094,
      24.076120376586914,
      4.387625694274902,
      17.783018112182617,
      18.43126678466797,
      25.218542098999023,
      15.829201698303223,
      22.020896911621094,
      4.8172173500061035,
      9.572507858276367,
      1.6259405612945557,
      9.510970115661621,
      -2.0595808029174805,
      23.0669002532959,
      -1.05445396900177,
      26.995445251464844
    ],
    [
      8.057791709899902,
      8.611961364746094,
      51.478126525878906,
      27.339649200439453,
      12.423233032226562,
      14.30849552154541,
      19.26814842224121,
      23.30829620361328,
      11.042710304260254,
      18.256744384765625,
      6.554410934448242,
      10.760119438171387,
      4.777028560638428,
      11.741195678710938,
      2.798943519592285,
      9.859659194946289,
      2.0658493041992188,
      36.87810134887695
    ],
    [
      10.656719207763672,
      24.076120376586914,
      27.339649200439453,
      47.06077194213867,
      12.528724670410156,
      31.674617767333984,
      33.38318634033203,
      38.419925689697266,
      25.469938278198242,
      34.25616455078125,
      9.524657249450684,
      17.524354934692383,
      4.5455002784729,
      16.911394119262695,
      0.830656886100769,
      32.47359848022461,
      1.873879075050354,
      44.679080963134766
    ],
    [
      3.721511125564575,
      4.387625694274902,
      12.423233032226562,
      12.528724670410156,
      31.245874404907227,
      18.982013702392578,
      26.778730392456055,
      19.33051300048828,
      21.048633575439453,
      22.621906280517578,
      12.418388366699219,
      16.077457427978516,
      8.857998847961426,
      14.444634437561035,
      5.451344966888428,
      15.473393440246582,
      4.14019250869751,
      17.806034088134766
    ],
    [
      4.004513263702393,
      17.783018112182617,
      14.30849552154541,
      31.674617767333984,
      18.982013702392578,
      41.955718994140625,
      38.26062774658203,
      36.988746643066406,
      31.657604217529297,
      40.20583724975586,
      13.709930419921875,
      20.467126846313477,
      6.375150203704834,
      20.09627914428711,
      4.004753112792969,
      36.423240661621094,
      3.5195388793945312,
      35.9718132019043
    ],
    [
      5.921401500701904,
      18.43126678466797,
      19.26814842224121,
      33.38318634033203,
      26.778730392456055,
      38.26062774658203,
      62.9371452331543,
      42.9410400390625,
      42.11280059814453,
      49.12458801269531,
      19.865005493164062,
      28.3970890045166,
      10.433910369873047,
      26.268550872802734,
      4.206597328186035,
      34.06977081298828,
      2.4934804439544678,
      38.64999771118164
    ],
    [
      10.662038803100586,
      25.218542098999023,
      23.30829620361328,
      38.419925689697266,
      19.33051300048828,
      36.988746643066406,
      42.9410400390625,
      54.296443939208984,
      33.258731842041016,
      44.392852783203125,
      14.566694259643555,
      21.192331314086914,
      7.140937328338623,
      20.748252868652344,
      2.6959617137908936,
      36.87486267089844,
      1.6670719385147095,
      45.90596008300781
    ],
    [
      2.9187779426574707,
      15.829201698303223,
      11.042710304260254,
      25.469938278198242,
      21.048633575439453,
      31.657604217529297,
      42.11280059814453,
      33.258731842041016,
      49.4778938293457,
      41.10752487182617,
      19.429656982421875,
      26.90644073486328,
      12.197824478149414,
      26.11545753479004,
      5.035412788391113,
      32.632835388183594,
      2.866893768310547,
      32.46369552612305
    ],
    [
      4.719804286956787,
      22.020896911621094,
      18.256744384765625,
      34.25616455078125,
      22.621906280517578,
      40.20583724975586,
      49.12458801269531,
      44.392852783203125,
      41.10752487182617,
      54.719322204589844,
      17.942031860351562,
      27.835613250732422,
      11.005135536193848,
      28.324050903320312,
      3.689678192138672,
      42.87650680541992,
      2.5711846351623535,
      43.9037971496582
    ],
    [
      2.0423471927642822,
      4.8172173500061035,
      6.554410934448242,
      9.524657249450684,
      12.418388366699219,
      13.709930419921875,
      19.865005493164062,
      14.566694259643555,
      19.429656982421875,
      17.942031860351562,
      24.308210372924805,
      14.835298538208008,
      13.4791259765625,
      10.783997535705566,
      7.67569637298584,
      11.772464752197266,
      3.9084200859069824,
      12.734793663024902
    ],
    [
      3.099576711654663,
      9.572507858276367,
      10.760119438171387,
      17.524354934692383,
      16.077457427978516,
      20.467126846313477,
      28.3970890045166,
      21.192331314086914,
      26.90644073486328,
      27.835613250732422,
      14.835298538208008,
      37.709228515625,
      10.839599609375,
      32.13943862915039,
      4.643552780151367,
      26.596397399902344,
      3.2615816593170166,
      23.63437271118164
    ],
    [
      2.109424352645874,
      1.6259405612945557,
      4.777028560638428,
      4.5455002784729,
      8.857998847961426,
      6.375150203704834,
      10.433910369873047,
      7.140937328338623,
      12.197824478149414,
      11.005135536193848,
      13.4791259765625,
      10.839599609375,
      24.792158126831055,
      12.487030982971191,
      15.675198554992676,
      14.588763236999512,
      9.099494934082031,
      13.214198112487793
    ],
    [
      2.5176899433135986,
      9.510970115661621,
      11.741195678710938,
      16.911394119262695,
      14.444634437561035,
      20.09627914428711,
      26.268550872802734,
      20.748252868652344,
      26.11545753479004,
      28.324050903320312,
      10.783997535705566,
      32.13943862915039,
      12.487030982971191,
      40.29621887207031,
      5.1376447677612305,
      34.45991134643555,
      3.3311338424682617,
      29.044782638549805
    ],
    [
      1.8310915231704712,
      -2.0595808029174805,
      2.798943519592285,
      0.830656886100769,
      5.451344966888428,
      4.004753112792969,
      4.206597328186035,
      2.6959617137908936,
      5.035412788391113,
      3.689678192138672,
      7.67569637298584,
      4.643552780151367,
      15.675198554992676,
      5.1376447677612305,
      28.035058975219727,
      13.582856178283691,
      18.45123291015625,
      13.752486228942871
    ],
    [
      -0.5030049085617065,
      23.0669002532959,
      9.859659194946289,
      32.47359848022461,
      15.473393440246582,
      36.423240661621094,
      34.06977081298828,
      36.87486267089844,
      32.632835388183594,
      42.87650680541992,
      11.772464752197266,
      26.596397399902344,
      14.588763236999512,
      34.45991134643555,
      13.582856178283691,
      75.61919403076172,
      8.428959846496582,
      57.65019989013672
    ],
    [
      1.547232985496521,
      -1.05445396900177,
      2.0658493041992188,
      1.873879075050354,
      4.14019250869751,
      3.5195388793945312,
      2.4934804439544678,
      1.6670719385147095,
      2.866893768310547,
      2.5711846351623535,
      3.9084200859069824,
      3.2615816593170166,
      9.099494934082031,
      3.3311338424682617,
      18.45123291015625,
      8.428959846496582,
      20.701560974121094,
      13.234419822692871
    ],
    [
      9.454368591308594,
      26.995445251464844,
      36.87810134887695,
      44.679080963134766,
      17.806034088134766,
      35.9718132019043,
      38.64999771118164,
      45.90596008300781,
      32.46369552612305,
      43.9037971496582,
      12.734793663024902,
      23.63437271118164,
      13.214198112487793,
      29.044782638549805,
      13.752486228942871,
      57.65019989013672,
      13.234419822692871,
      78.86998748779297
    ]
  ],
  "covariance_short": [
    [
      35.659847259521484,
      10.548440933227539,
      2.6441385746002197,
      10.862519264221191,
      0.8132209777832031,
      1.7281110286712646,
      0.9550612568855286,
      9.062856674194336,
      0.8936601877212524,
      3.7154541015625,
      0.8152014017105103,
      4.054223537445068,
      1.6524405479431152,
      3.3814992904663086,
      1.883191466331482,
      6.8242974281311035,
      1.6103318929672241,
      7.509112358093262
    ],
    [
      10.548440933227539,
      52.20901870727539,
      7.412948131561279,
      27.479692459106445,
      7.511906147003174,
      17.794464111328125,
      16.344573974609375,
      29.867122650146484,
      12.272183418273926,
      23.52277374267578,
      3.6335504055023193,
      14.129413604736328,
      1.4253947734832764,
      14.205326080322266,
      0.27859625220298767,
      37.32427215576172,
      1.0953078269958496,
      29.722135543823242
    ],
    [
      2.6441385746002197,
      7.412948131561279,
      41.26069259643555,
      19.283409118652344,
      11.327594757080078,
      11.53065013885498,
      13.697808265686035,
      15.074714660644531,
      9.024272918701172,
      15.131440162658691,
      4.679543495178223,
      11.915375709533691,
      2.321430206298828,
      13.687958717346191,
      1.8107249736785889,
      30.690160751342773,
      1.857601284980774,
      25.186025619506836
    ],
    [
      10.862519264221191,
      27.479692459106445,
      19.283409118652344,
      48.28640365600586,
      12.573211669921875,
      30.680315017700195,
      24.356441497802734,
      37.5204963684082,
      19.319774627685547,
      34.059024810791016,
      6.090909004211426,
      21.826513290405273,
      2.38212513923645,
      21.84147834777832,
      2.287116289138794,
      48.47016525268555,
      1.9614638090133667,
      38.47589111328125
    ],
    [
      0.8132209777832031,
      7.511906147003174,
      11.327594757080078,
      12.573211669921875,
      38.32183837890625,
      20.599838256835938,
      27.228715896606445,
      19.957298278808594,
      22.39539337158203,
      24.09415626525879,
      11.956363677978516,
      21.245872497558594,
      5.398630142211914,
      22.68927764892578,
      7.285615921020508,
      23.769338607788086,
      6.944855213165283,
      18.41236686706543
    ],
    [
      1.7281110286712646,
      17.794464111328125,
      11.53065013885498,
      30.680315017700195,
      20.599838256835938,
      44.51274108886719,
      30.765792846679688,
      37.427799224853516,
      26.215316772460938,
      40.92958068847656,
      10.639366149902344,
      25.24380874633789,
      4.533134460449219,
      26.00429344177246,
      6.077630996704102,
      43.85822296142578,
      4.213101387023926,
      32.87820816040039
    ],
    [
      0.9550612568855286,
      16.344573974609375,
      13.697808265686035,
      24.356441497802734,
      27.228715896606445,
      30.765792846679688,
      56.14486312866211,
      35.93775177001953,
      33.756771087646484,
      40.27626419067383,
      15.443930625915527,
      30.346223831176758,
      6.674941539764404,
      29.956144332885742,
      5.060562610626221,
      39.76035690307617,
      3.2386865615844727,
      30.138811111450195
    ],
    [
      9.062856674194336,
      29.867122650146484,
      15.074714660644531,
      37.5204963684082,
      19.957298278808594,
      37.427799224853516,
      35.93775177001953,
      57.62986755371094,
      28.766056060791016,
      45.97037887573242,
      11.946626663208008,
      26.854284286499023,
      5.573993682861328,
      27.966032028198242,
      4.297988414764404,
      56.8725700378418,
      2.136770009994507,
      42.97174072265625
    ],
    [
      0.8936601877212524,
      12.272183418273926,
      9.024272918701172,
      19.319774627685547,
      22.39539337158203,
      26.215316772460938,
      33.756771087646484,
      28.766056060791016,
      46.56112289428711,
      35.794681549072266,
      17.607826232910156,
      29.361610412597656,
      9.743607521057129,
      31.362520217895508,
      6.155738830566406,
      35.00401306152344,
      3.6213271617889404,
      25.698345184326172
    ],
    [
      3.7154541015625,
      23.52277374267578,
      15.131440162658691,
      34.059024810791016,
      24.09415626525879,
      40.92958068847656,
      40.27626419067383,
      45.97037887573242,
      35.794681549072266,
      58.66777420043945,
      16.842517852783203,
      35.94554138183594,
      10.303492546081543,
      38.32356262207031,
      6.155360221862793,
      53.94874572753906,
      4.0715718269348145,
      40.14604187011719
    ],
    [
      0.8152014017105103,
      3.6335504055023193,
      4.679543495178223,
      6.090909004211426,
      11.956363677978516,
      10.639366149902344,
      15.443930625915527,
      11.946626663208008,
      17.607826232910156,
      16.842517852783203,
      25.01613426208496,
      19.837020874023438,
      13.066573143005371,
      17.446765899658203,
      10.096050262451172,
      15.083300590515137,
      6.964622974395752,
      10.671279907226562
    ],
    [
      4.054223537445068,
      14.129413604736328,
      11.915375709533691,
      21.826513290405273,
      21.245872497558594,
      25.24380874633789,
      30.346223831176758,
      26.854284286499023,
      29.361610412597656,
      35.94554138183594,
      19.837020874023438,
      51.997955322265625,
      12.653586387634277,
      43.76675796508789,
      7.6389994621276855,
      35.549781799316406,
      6.72514009475708,
      26.627710342407227
    ],
    [
      1.6524405479431152,
      1.4253947734832764,
      2.321430206298828,
      2.38212513923645,
      5.398630142211914,
      4.533134460449219,
      6.674941539764404,
      5.573993682861328,
      9.743607521057129,
      10.303492546081543,
      13.066573143005371,
      12.653586387634277,
      27.728498458862305,
      15.402558326721191,
      22.111108779907227,
      17.194650650024414,
      17.447452545166016,
      15.17023754119873
    ],
    [
      3.3814992904663086,
      14.205326080322266,
      13.687958717346191,
      21.84147834777832,
      22.68927764892578,
      26.00429344177246,
      29.956144332885742,
      27.966032028198242,
      31.362520217895508,
      38.32356262207031,
      17.446765899658203,
      43.76675796508789,
      15.402558326721191,
      57.28372573852539,
      9.642069816589355,
      46.21550369262695,
      8.60343074798584,
      34.10725784301758
    ],
    [
      1.883191466331482,
      0.27859625220298767,
      1.8107249736785889,
      2.287116289138794,
      7.285615921020508,
      6.077630996704102,
      5.060562610626221,
      4.297988414764404,
      6.155738830566406,
      6.155360221862793,
      10.096050262451172,
      7.6389994621276855,
      22.111108779907227,
      9.642069816589355,
      40.69267272949219,
      20.59018898010254,
      33.679298400878906,
      21.282873153686523
    ],
    [
      6.8242974281311035,
      37.32427215576172,
      30.690160751342773,
      48.47016525268555,
      23.769338607788086,
      43.85822296142578,
      39.76035690307617,
      56.8725700378418,
      35.00401306152344,
      53.94874572753906,
      15.083300590515137,
      35.549781799316406,
      17.194650650024414,
      46.21550369262695,
      20.59018898010254,
      114.2161636352539,
      17.144664764404297,
      84.68305969238281
    ],
    [
      1.6103318929672241,
      1.0953078269958496,
      1.857601284980774,
      1.9614638090133667,
      6.944855213165283,
      4.213101387023926,
      3.2386865615844727,
      2.136770009994507,
      3.6213271617889404,
      4.0715718269348145,
      6.964622974395752,
      6.72514009475708,
      17.447452545166016,
      8.60343074798584,
      33.679298400878906,
      17.144664764404297,
      44.06743621826172,
      25.25421905517578
    ],
    [
      7.509112358093262,
      29.722135543823242,
      25.186025619506836,
      38.47589111328125,
      18.41236686706543,
      32.87820816040039,
      30.138811111450195,
      42.97174072265625,
      25.698345184326172,
      40.14604187011719,
      10.671279907226562,
      26.627710342407227,
      15.17023754119873,
      34.10725784301758,
      21.282873153686523,
      84.68305969238281,
      25.25421905517578,
      83.92388153076172
    ]
  ],
  "drr": 14.217976570129395,
  "dynamics": 2.402965784072876,
  "format": 1245190,
  "frames": 6914048,
  "loudness": -8.340119361877441,
  "loudness_range": 3.1731581687927246,
  "loudness_range_short": 5.159465789794922,
  "peak": 0.6987418532371521,
  "rms": -12.023670196533203,
  "sample_rate": 44100,
  "sections": 1,
  "seekable": 1,
  "sharpness": 1.5049465894699097,
  "space": -9.274473190307617
}