{
  "bands": [
    {
      "high_freq": 148.1999969482422,
      "loudness": -58.63427734375,
      "loudness_range": 20.783767700195312,
      "mid_mean": -55.874717712402344,
      "mid_to_side_loudness": -7.331201553344727,
      "mid_to_side_loudness_range": 7.346837043762207,
      "side_mean": -61.743202209472656
    },
    {
      "high_freq": 392.3793640136719,
      "loudness": -37.437137603759766,
      "loudness_range": 16.65126609802246,
      "low_freq": 148.1999969482422,
      "mid_mean": -34.640968322753906,
      "mid_to_side_loudness": -6.8830952644348145,
      "mid_to_side_loudness_range": 7.394883155822754,
      "side_mean": -41.66423034667969
    },
    {
      "high_freq": 794.6976318359375,
      "loudness": -35.615203857421875,
      "loudness_range": 19.438932418823242,
      "low_freq": 392.3793640136719,
      "mid_mean": -34.194149017333984,
      "mid_to_side_loudness": -2.3526761531829834,
      "mid_to_side_loudness_range": 9.332096099853516,
      "side_mean": -36.59334945678711
    },
    {
      "high_freq": 1457.5709228515625,
      "loudness": -40.103633880615234,
      "loudness_range": 29.898826599121094,
      "low_freq": 794.6976318359375,
      "mid_mean": -38.71080017089844,
      "mid_to_side_loudness": -2.733181953430176,
      "mid_to_side_loudness_range": 10.812755584716797,
      "side_mean": -41.587493896484375
    },
    {
      "high_freq": 2549.74365234375,
      "loudness": -46.71267318725586,
      "loudness_range": 34.12715148925781,
      "low_freq": 1457.5709228515625,
      "mid_mean": -46.779693603515625,
      "mid_to_side_loudness": -0.7528265714645386,
      "mid_to_side_loudness_range": 7.442192077636719,
      "side_mean": -47.92146682739258
    },
    {
      "high_freq": 4349.24462890625,
      "loudness": -58.781532287597656,
      "loudness_range": 32.608829498291016,
      "low_freq": 2549.74365234375,
      "mid_mean": -59.83737564086914,
      "mid_to_side_loudness": -2.470801830291748,
      "mid_to_side_loudness_range": 5.919878959655762,
      "side_mean": -61.52043151855469
    },
    {
      "high_freq": 7314.1640625,
      "loudness": -67.5907974243164,
      "loudness_range": 29.14773178100586,
      "low_freq": 4349.24462890625,
      "mid_mean": -67.13951110839844,
      "mid_to_side_loudness": -0.7328690886497498,
      "mid_to_side_loudness_range": 4.195769786834717,
      "side_mean": -67.39921569824219
    },
    {
      "high_freq": 12199.2666015625,
      "loudness": -70.72494506835938,
      "loudness_range": 25.14743423461914,
      "low_freq": 7314.1640625,
      "mid_mean": -69.20755004882812,
      "mid_to_side_loudness": -0.052661169320344925,
      "mid_to_side_loudness_range": 1.6028804779052734,
      "side_mean": -69.23065948486328
    },
    {
      "loudness": -76.14205169677734,
      "loudness_range": 20.193527221679688,
      "low_freq": 12199.2666015625,
      "mid_mean": -69.84566497802734,
      "mid_to_side_loudness": 0.15546995401382446,
      "mid_to_side_loudness_range": 1.9329723119735718,
      "side_mean": -69.76918029785156
    }
  ],
  "bands_short": [
    {
      "high_freq": 148.1999969482422,
      "loudness": -61.29375076293945,
      "loudness_range": 20.531314849853516,
      "mid_mean": -58.22933578491211,
      "mid_to_side_loudness": -7.799925327301025,
      "mid_to_side_loudness_range": 12.361665725708008,
      "side_mean": -63.9244384765625
    },
    {
      "high_freq": 392.3793640136719,
      "loudness": -39.96198654174805,
      "loudness_range": 18.387069702148438,
      "low_freq": 148.1999969482422,
      "mid_mean": -37.3238639831543,
      "mid_to_side_loudness": -6.884609222412109,
      "mid_to_side_loudness_range": 11.768982887268066,
      "side_mean": -44.35979461669922
    },
    {
      "high_freq": 794.6976318359375,
      "loudness": -35.5201530456543,
      "loudness_range": 20.511089324951172,
      "low_freq": 392.3793640136719,
      "mid_mean": -34.05121994018555,
      "mid_to_side_loudness": -2.858199119567871,
      "mid_to_side_loudness_range": 11.99116325378418,
      "side_mean": -36.963233947753906
    },
    {
      "high_freq": 1457.5709228515625,
      "loudness": -41.17397689819336,
      "loudness_range": 29.759490966796875,
      "low_freq": 794.6976318359375,
      "mid_mean": -39.85523223876953,
      "mid_to_side_loudness": -2.7216439247131348,
      "mid_to_side_loudness_range": 11.478452682495117,
      "side_mean": -42.835205078125
    },
    {
      "high_freq": 2549.74365234375,
      "loudness": -47.83097457885742,
      "loudness_range": 34.29737091064453,
      "low_freq": 1457.5709228515625,
      "mid_mean": -48.644187927246094,
      "mid_to_side_loudness": -0.7668547630310059,
      "mid_to_side_loudness_range": 10.172096252441406,
      "side_mean": -50.413753509521484
    },
    {
      "high_freq": 4349.24462890625,
      "loudness": -59.184234619140625,
      "loudness_range": 33.06840133666992,
      "low_freq": 2549.74365234375,
      "mid_mean": -60.32847213745117,
      "mid_to_side_loudness": -2.232990026473999,
      "mid_to_side_loudness_range": 8.833395004272461,
      "side_mean": -61.844505310058594
    },
    {
      "high_freq": 7314.1640625,
      "loudness": -68.8324203491211,
      "loudness_range": 29.047908782958984,
      "low_freq": 4349.24462890625,
      "mid_mean": -67.6061019897461,
      "mid_to_side_loudness": -0.5561497211456299,
      "mid_to_side_loudness_range": 5.787149906158447,
      "side_mean": -67.76608276367188
    },
    {
      "high_freq": 12199.2666015625,
      "loudness": -73.39662170410156,
      "loudness_range": 25.724658966064453,
      "low_freq": 7314.1640625,
      "mid_mean": -69.43197631835938,
      "mid_to_side_loudness": -0.05367524176836014,
      "mid_to_side_loudness_range": 2.6240270137786865,
      "side_mean": -69.45515441894531
    },
    {
      "loudness": -75.98765563964844,
      "loudness_range": 22.8482666015625,
      "low_freq": 12199.2666015625,
      "mid_mean": -69.8878173828125,
      "mid_to_side_loudness": 0.07039743661880493,
      "mid_to_side_loudness_range": 2.4595086574554443,
      "side_mean": -69.85899353027344
    }
  ],
  "channels": 2,
  "covariance": [
    [
      47.020206451416016,
      39.16644287109375,
      10.33324146270752,
      9.456330299377441,
      10.662431716918945,
      3.8789689540863037,
      8.949424743652344,
      7.190864562988281,
      14.372591018676758,
      16.011478424072266,
      23.417049407958984,
      21.077377319335938,
      9.890755653381348,
      9.041596412658691,
      2.918215751647949,
      2.8347198963165283,
      0.5214567184448242,
      0.813349187374115
    ],
    [
      39.16644287109375,
      38.74551010131836,
      6.998971462249756,
      5.963344573974609,
      6.091272830963135,
      -0.8251150250434875,
      1.813877820968628,
      -0.13602928817272186,
      6.037914276123047,
      7.517205715179443,
      13.829300880432129,
      12.786724090576172,
      5.32357120513916,
      4.744165420532227,
      1.1831519603729248,
      1.1188571453094482,
      0.2061067670583725,
      0.28848886489868164
    ],
    [
      10.33324146270752,
      6.998971462249756,
      33.55133056640625,
      30.019207000732422,
      21.50246810913086,
      24.662487030029297,
      28.681114196777344,
      27.68317222595215,
      39.78675079345703,
      39.893768310546875,
      32.26003646850586,
      27.66673469543457,
      12.20538330078125,
      12.09045124053955,
      3.41221022605896,
      3.6090710163116455,
      0.7774466872215271,
      1.350472092628479
    ],
    [
      9.456330299377441,
      5.963344573974609,
      30.019207000732422,
      33.71575164794922,
      23.332284927368164,
      25.92268943786621,
      31.432559967041016,
      31.535430908203125,
      43.9334831237793,
      44.569435119628906,
      37.28935241699219,
      32.371192932128906,
      14.62751293182373,
      14.221714973449707,
      4.343535423278809,
      4.5530781745910645,
      0.9110115766525269,
      1.560994267463684
    ],
    [
      10.662431716918945,
      6.091272830963135,
      21.50246810913086,
      23.332284927368164,
      43.77430725097656,
      44.91779708862305,
      44.37220001220703,
      45.35244369506836,
      55.25062942504883,
      56.154788970947266,
      47.25666809082031,
      41.537078857421875,
      20.49778175354004,
      18.47704315185547,
      6.7247185707092285,
      6.472014427185059,
      1.193925380706787,
      1.9081133604049683
    ],
    [
      3.8789689540863037,
      -0.8251150250434875,
      24.662487030029297,
      25.92268943786621,
      44.91779708862305,
      57.649593353271484,
      54.77651596069336,
      53.3250732421875,
      65.09040832519531,
      64.63749694824219,
      54.37516403198242,
      47.36076354980469,
      22.948719024658203,
      20.41628074645996,
      7.288266181945801,
      6.908130168914795,
      1.2498602867126465,
      1.9765568971633911
    ],
    [
      8.949424743652344,
      1.813877820968628,
      28.681114196777344,
      31.432559967041016,
      44.37220001220703,
      54.77651596069336,
      103.3956298828125,
      95.33192443847656,
      101.17131042480469,
      100.20370483398438,
      79.5665512084961,
      71.30377960205078,
      36.000850677490234,
      33.01471710205078,
      11.37123966217041,
      10.828229904174805,
      1.931820034980774,
      3.0057036876678467
    ],
    [
      7.190864562988281,
      -0.13602928817272186,
      27.68317222595215,
      31.535430908203125,
      45.35244369506836,
      53.3250732421875,
      95.33192443847656,
      101.86697387695312,
      100.0052261352539,
      99.6842041015625,
      78.6913833618164,
      70.62931823730469,
      35.922698974609375,
      32.983184814453125,
      12.12527084350586,
      11.704444885253906,
      2.227545738220215,
      3.544755458831787
    ],
    [
      14.372591018676758,
      6.037914276123047,
      39.78675079345703,
      43.9334831237793,
      55.25062942504883,
      65.09040832519531,
      101.17131042480469,
      100.0052261352539,
      138.17535400390625,
      132.31492614746094,
      103.66061401367188,
      94.09961700439453,
      48.085018157958984,
      45.29972839355469,
      17.075000762939453,
      16.843536376953125,
      3.258155584335327,
      5.351308822631836
    ],
    [
      16.011478424072266,
      7.517205715179443,
      39.893768310546875,
      44.569435119628906,
      56.154788970947266,
      64.63749694824219,
      100.20370483398438,
      99.6842041015625,
      132.31492614746094,
      137.69566345214844,
      104.28619384765625,
      95.27909851074219,
      48.823734283447266,
      45.642459869384766,
      17.393274307250977,
      17.070709228515625,
      3.294449806213379,
      5.426217079162598
    ],
    [
      23.417049407958984,
      13.829300880432129,
      32.26003646850586,
      37.28935241699219,
      47.25666809082031,
      54.37516403198242,
      79.5665512084961,
      78.6913833618164,
      103.66061401367188,
      104.28619384765625,
      103.99271392822266,
      94.0296401977539,
      46.29533004760742,
      42.55944061279297,
      15.860285758972168,
      15.505060195922852,
      2.9698657989501953,
      4.886187553405762
    ],
    [
      21.077377319335938,
      12.786724090576172,
      27.66673469543457,
      32.371192932128906,
      41.537078857421875,
      47.36076354980469,
      71.30377960205078,
      70.62931823730469,
      94.09961700439453,
      95.27909851074219,
      94.0296401977539,
      87.40533447265625,
      44.27730941772461,
      40.80771255493164,
      15.78827953338623,
      15.421967506408691,
      2.987990379333496,
      4.9469380378723145
    ],
    [
      9.890755653381348,
      5.32357120513916,
      12.20538330078125,
      14.62751293182373,
      20.49778175354004,
      22.948719024658203,
      36.000850677490234,
      35.922698974609375,
      48.085018157958984,
      48.823734283447266,
      46.29533004760742,
      44.27730941772461,
      31.0414981842041,
      28.382368087768555,
      12.088088035583496,
      11.59964370727539,
      2.268862724304199,
      3.7170965671539307
    ],
    [
      9.041596412658691,
      4.744165420532227,
      12.09045124053955,
      14.221714973449707,
      18.47704315185547,
      20.41628074645996,
      33.01471710205078,
      32.983184814453125,
      45.29972839355469,
      45.642459869384766,
      42.55944061279297,
      40.80771255493164,
      28.382368087768555,
      26.98919105529785,
      11.36819076538086,
      11.109671592712402,
      2.2329981327056885,
      3.6982035636901855
    ],
    [
      2.918215751647949,
      1.1831519603729248,
      3.41221022605896,
      4.343535423278809,
      6.7247185707092285,
      7.288266181945801,
      11.37123966217041,
      12.12527084350586,
      17.075000762939453,
      17.393274307250977,
      15.860285758972168,
      15.78827953338623,
      12.088088035583496,
      11.36819076538086,
      6.722692966461182,
      6.55142068862915,
      1.4432584047317505,
      2.4333176612854004
    ],
    [
      2.8347198963165283,
      1.1188571453094482,
      3.6090710163116455,
      4.5530781745910645,
      6.472014427185059,
      6.908130168914795,
      10.828229904174805,
      11.704444885253906,
      16.843536376953125,
      17.070709228515625,
      15.505060195922852,
      15.421967506408691,
      11.59964370727539,
      11.109671592712402,
      6.55142068862915,
      6.535390377044678,
      1.4520349502563477,
      2.458134412765503
    ],
    [
      0.5214567184448242,
      0.2061067670583725,
      0.7774466872215271,
      0.9110115766525269,
      1.193925380706787,
      1.2498602867126465,
      1.931820034980774,
      2.227545738220215,
      3.258155584335327,
      3.294449806213379,
      2.9698657989501953,
      2.987990379333496,
      2.268862724304199,
      2.2329981327056885,
      1.4432584047317505,
      1.4520349502563477,
      0.37673473358154297,
      0.6344615817070007
    ],
    [
      0.813349187374115,
      0.28848886489868164,
      1.350472092628479,
      1.560994267463684,
      1.9081133604049683,
      1.9765568971633911,
      3.0057036876678467,
      3.544755458831787,
      5.351308822631836,
      5.426217079162598,
      4.886187553405762,
      4.9469380378723145,
      3.7170965671539307,
      3.6982035636901855,
      2.4333176612854004,
      2.458134412765503,
      0.6344615817070007,
      1.1012029647827148
    ]
  ],
  "covariance_short": [
    [
      41.69139099121094,
      28.81367301940918,
      16.293899536132812,
      15.36279582977295,
      13.160858154296875,
      7.8192009925842285,
      15.199811935424805,
      14.564478874206543,
      21.566633224487305,
      31.489612579345703,
      25.046798706054688,
      22.455074310302734,
      9.987770080566406,
      9.355608940124512,
      2.7433359622955322,
      2.609482765197754,
      0.48535457253456116,
      0.645501434803009
    ],
    [
      28.81367301940918,
      29.2619571685791,
      13.378406524658203,
      12.242383003234863,
      7.614293098449707,
      2.82869029045105,
      8.012181282043457,
      7.0402512550354,
      12.578980445861816,
      17.825925827026367,
      14.783526420593262,
      13.384108543395996,
      5.0470147132873535,
      4.783026218414307,
      0.9600493907928467,
      0.9285403490066528,
      0.16609953343868256,
      0.20189468562602997
    ],
    [
      16.293899536132812,
      13.378406524658203,
      44.495975494384766,
      32.37677764892578,
      21.586645126342773,
      22.933879852294922,
      22.838144302368164,
      20.663726806640625,
      29.56965446472168,
      27.533721923828125,
      21.795907974243164,
      16.995222091674805,
      6.175344467163086,
      6.2845306396484375,
      0.762594997882843,
      0.9043728709220886,
      0.21685148775577545,
      0.2757619321346283
    ],
    [
      15.36279582977295,
      12.242383003234863,
      32.37677764892578,
      36.19765090942383,
      22.44524574279785,
      23.694120407104492,
      24.749591827392578,
      25.003873825073242,
      34.3984375,
      32.816165924072266,
      26.663230895996094,
      22.189908981323242,
      8.496075630187988,
      8.247732162475586,
      1.4474488496780396,
      1.5370827913284302,
      0.3025412857532501,
      0.3866007328033447
    ],
    [
      13.160858154296875,
      7.614293098449707,
      21.586645126342773,
      22.44524574279785,
      51.42335891723633,
      49.19197082519531,
      47.92659378051758,
      49.95826721191406,
      64.7081298828125,
      63.41731262207031,
      49.341766357421875,
      42.96654510498047,
      19.254446029663086,
      17.98106575012207,
      5.45508337020874,
      5.251822471618652,
      0.9839088916778564,
      1.3461778163909912
    ],
    [
      7.8192009925842285,
      2.82869029045105,
      22.933879852294922,
      23.694120407104492,
      49.19197082519531,
      63.49900436401367,
      56.444175720214844,
      56.31676483154297,
      72.72936248779297,
      69.82249450683594,
      55.2971305847168,
      47.647377014160156,
      20.828763961791992,
      19.032573699951172,
      5.568309307098389,
      5.236368179321289,
      0.97542405128479,
      1.306938886642456
    ],
    [
      15.199811935424805,
      8.012181282043457,
      22.838144302368164,
      24.749591827392578,
      47.92659378051758,
      56.444175720214844,
      101.19799041748047,
      94.19847106933594,
      100.36796569824219,
      96.31542205810547,
      78.12117767333984,
      68.61274719238281,
      30.160762786865234,
      28.498430252075195,
      8.137397766113281,
      7.739466667175293,
      1.4548450708389282,
      1.8793139457702637
    ],
    [
      14.564478874206543,
      7.0402512550354,
      20.663726806640625,
      25.003873825073242,
      49.95826721191406,
      56.31676483154297,
      94.19847106933594,
      105.68791198730469,
      105.65005493164062,
      102.19266510009766,
      80.30615997314453,
      70.88703155517578,
      31.15276336669922,
      29.505189895629883,
      9.040727615356445,
      8.618165969848633,
      1.6802514791488647,
      2.258504629135132
    ],
    [
      21.566633224487305,
      12.578980445861816,
      29.56965446472168,
      34.3984375,
      64.7081298828125,
      72.72936248779297,
      100.36796569824219,
      105.65005493164062,
      150.03814697265625,
      140.56576538085938,
      105.17164611816406,
      94.31554412841797,
      42.59925079345703,
      40.99142837524414,
      12.7025728225708,
      12.264686584472656,
      2.326327085494995,
      3.2040648460388184
    ],
    [
      31.489612579345703,
      17.825925827026367,
      27.533721923828125,
      32.816165924072266,
      63.41731262207031,
      69.82249450683594,
      96.31542205810547,
      102.19266510009766,
      140.56576538085938,
      154.09934997558594,
      106.49322509765625,
      96.14185333251953,
      42.70466232299805,
      40.64972686767578,
      12.735098838806152,
      12.138062477111816,
      2.2919137477874756,
      3.1914262771606445
    ],
    [
      25.046798706054688,
      14.783526420593262,
      21.795907974243164,
      26.663230895996094,
      49.341766357421875,
      55.2971305847168,
      78.12117767333984,
      80.30615997314453,
      105.17164611816406,
      106.49322509765625,
      100.49964141845703,
      88.88692474365234,
      39.635555267333984,
      37.277854919433594,
      11.589895248413086,
      11.229121208190918,
      2.1766912937164307,
      2.9575538635253906
    ],
    [
      22.455074310302734,
      13.384108543395996,
      16.995222091674805,
      22.189908981323242,
      42.96654510498047,
      47.647377014160156,
      68.61274719238281,
      70.88703155517578,
      94.31554412841797,
      96.14185333251953,
      88.88692474365234,
      83.45860290527344,
      37.62669372558594,
      35.39900207519531,
      11.467367172241211,
      11.02136516571045,
      2.166116237640381,
      2.982456922531128
    ],
    [
      9.987770080566406,
      5.0470147132873535,
      6.175344467163086,
      8.496075630187988,
      19.254446029663086,
      20.828763961791992,
      30.160762786865234,
      31.15276336669922,
      42.59925079345703,
      42.70466232299805,
      39.635555267333984,
      37.62669372558594,
      25.269193649291992,
      23.33769989013672,
      8.558662414550781,
      8.149657249450684,
      1.684224009513855,
      2.265500783920288
    ],
    [
      9.355608940124512,
      4.783026218414307,
      6.2845306396484375,
      8.247732162475586,
      17.98106575012207,
      19.032573699951172,
      28.498430252075195,
      29.505189895629883,
      40.99142837524414,
      40.64972686767578,
      37.277854919433594,
      35.39900207519531,
      23.33769989013672,
      22.861730575561523,
      8.085322380065918,
      7.82114315032959,
      1.6336033344268799,
      2.22175669670105
    ],
    [
      2.7433359622955322,
      0.9600493907928467,
      0.762594997882843,
      1.4474488496780396,
      5.45508337020874,
      5.568309307098389,
      8.137397766113281,
      9.040727615356445,
      12.7025728225708,
      12.735098838806152,
      11.589895248413086,
      11.467367172241211,
      8.558662414550781,
      8.085322380065918,
      4.767476558685303,
      4.476412773132324,
      1.133838176727295,
      1.591286063194275
    ],
    [
      2.609482765197754,
      0.9285403490066528,
      0.9043728709220886,
      1.5370827913284302,
      5.251822471618652,
      5.236368179321289,
      7.739466667175293,
      8.618165969848633,
      12.264686584472656,
      12.138062477111816,
      11.229121208190918,
      11.02136516571045,
      8.149657249450684,
      7.82114315032959,
      4.476412773132324,
      4.445370674133301,
      1.1251014471054077,
      1.5638082027435303
    ],
    [
      0.48535457253456116,
      0.16609953343868256,
      0.21685148775577545,
      0.3025412857532501,
      0.9839088916778564,
      0.97542405128479,
      1.4548450708389282,
      1.6802514791488647,
      2.326327085494995,
      2.2919137477874756,
      2.1766912937164307,
      2.166116237640381,
      1.684224009513855,
      1.6336033344268799,
      1.133838176727295,
      1.1251014471054077,
      0.40981024503707886,
      0.5594112277030945
    ],
    [
      0.645501434803009,
      0.20189468562602997,
      0.2757619321346283,
      0.3866007328033447,
      1.3461778163909912,
      1.306938886642456,
      1.8793139457702637,
      2.258504629135132,
      3.2040648460388184,
      3.1914262771606445,
      2.9575538635253906,
      2.982456922531128,
      2.265500783920288,
      2.22175669670105,
      1.591286063194275,
      1.5638082027435303,
      0.5594112277030945,
      0.8108017444610596
    ]
  ],
  "drr": 7.231713771820068,
  "dynamics": 6.073828220367432,
  "format": 1245190,
  "frames": 8251392,
  "loudness": -27.049654006958008,
  "loudness_range": 20.08275032043457,
  "loudness_range_short": 20.696880340576172,
  "peak": -3.8889377117156982,
  "rms": -26.65122413635254,
  "sample_rate": 44100,
  "sections": 1,
  "seekable": 1,
  "sharpness": 3.1779568195343018,
  "space": -3.602678060531616
}