{
  "bands": [
    {
      "high_freq": 148.1999969482422,
      "loudness": -24.718414306640625,
      "loudness_range": 17.844690322875977,
      "mid_mean": -21.164438247680664,
      "mid_to_side_loudness": -16.939281463623047,
      "mid_to_side_loudness_range": 15.739063262939453,
      "side_mean": -38.62139892578125
    },
    {
      "high_freq": 392.3793640136719,
      "loudness": -19.40625,
      "loudness_range": 10.811111450195312,
      "low_freq": 148.1999969482422,
      "mid_mean": -16.277372360229492,
      "mid_to_side_loudness": -9.819531440734863,
      "mid_to_side_loudness_range": 11.802383422851562,
      "side_mean": -26.387592315673828
    },
    {
      "high_freq": 794.6976318359375,
      "loudness": -22.96293067932129,
      "loudness_range": 17.7869930267334,
      "low_freq": 392.3793640136719,
      "mid_mean": -19.912996292114258,
      "mid_to_side_loudness": -9.998278617858887,
      "mid_to_side_loudness_range": 14.474580764770508,
      "side_mean": -29.99606704711914
    },
    {
      "high_freq": 1457.5709228515625,
      "loudness": -30.55066680908203,
      "loudness_range": 24.95258140563965,
      "low_freq": 794.6976318359375,
      "mid_mean": -27.63939094543457,
      "mid_to_side_loudness": -10.012210845947266,
      "mid_to_side_loudness_range": 17.67465591430664,
      "side_mean": -37.99939727783203
    },
    {
      "high_freq": 2549.74365234375,
      "loudness": -32.076271057128906,
      "loudness_range": 24.865976333618164,
      "low_freq": 1457.5709228515625,
      "mid_mean": -29.367456436157227,
      "mid_to_side_loudness": -9.159292221069336,
      "mid_to_side_loudness_range": 20.798023223876953,
      "side_mean": -39.08408737182617
    },
    {
      "high_freq": 4349.24462890625,
      "loudness": -36.48394775390625,
      "loudness_range": 25.31133270263672,
      "low_freq": 2549.74365234375,
      "mid_mean": -33.5091438293457,
      "mid_to_side_loudness": -10.321020126342773,
      "mid_to_side_loudness_range": 17.910873413085938,
      "side_mean": -44.286346435546875
    },
    {
      "high_freq": 7314.1640625,
      "loudness": -40.916465759277344,
      "loudness_range": 23.63504981994629,
      "low_freq": 4349.24462890625,
      "mid_mean": -38.18353271484375,
      "mid_to_side_loudness": -8.651421546936035,
      "mid_to_side_loudness_range": 15.217975616455078,
      "side_mean": -47.17234420776367
    },
    {
      "high_freq": 12199.2666015625,
      "loudness": -44.27223587036133,
      "loudness_range": 25.72329330444336,
      "low_freq": 7314.1640625,
      "mid_mean": -42.07794952392578,
      "mid_to_side_loudness": -8.247459411621094,
      "mid_to_side_loudness_range": 18.181386947631836,
      "side_mean": -51.653717041015625
    },
    {
      "loudness": -52.841453552246094,
      "loudness_range": 24.37857437133789,
      "low_freq": 12199.2666015625,
      "mid_mean": -50.4173583984375,
      "mid_to_side_loudness": -8.841734886169434,
      "mid_to_side_loudness_range": 18.98585319519043,
      "side_mean": -58.95032501220703
    }
  ],
  "bands_short": [
    {
      "high_freq": 148.1999969482422,
      "loudness": -27.01353645324707,
      "loudness_range": 20.8486328125,
      "mid_mean": -23.463834762573242,
      "mid_to_side_loudness": -18.20357894897461,
      "mid_to_side_loudness_range": 19.888904571533203,
      "side_mean": -42.20246887207031
    },
    {
      "high_freq": 392.3793640136719,
      "loudness": -19.986892700195312,
      "loudness_range": 13.063736915588379,
      "low_freq": 148.1999969482422,
      "mid_mean": -16.91295051574707,
      "mid_to_side_loudness": -9.864075660705566,
      "mid_to_side_loudness_range": 13.361162185668945,
      "side_mean": -27.002384185791016
    },
    {
      "high_freq": 794.6976318359375,
      "loudness": -23.356918334960938,
      "loudness_range": 18.692354202270508,
      "low_freq": 392.3793640136719,
      "mid_mean": -20.350574493408203,
      "mid_to_side_loudness": -10.05375862121582,
      "mid_to_side_loudness_range": 15.510286331176758,
      "side_mean": -30.533781051635742
    },
    {
      "high_freq": 1457.5709228515625,
      "loudness": -31.0499267578125,
      "loudness_range": 26.938804626464844,
      "low_freq": 794.6976318359375,
      "mid_mean": -28.157367706298828,
      "mid_to_side_loudness": -9.919071197509766,
      "mid_to_side_loudness_range": 18.314233779907227,
      "side_mean": -38.4342155456543
    },
    {
      "high_freq": 2549.74365234375,
      "loudness": -33.44887161254883,
      "loudness_range": 27.247238159179688,
      "low_freq": 1457.5709228515625,
      "mid_mean": -30.8864688873291,
      "mid_to_side_loudness": -8.65214729309082,
      "mid_to_side_loudness_range": 21.122060775756836,
      "side_mean": -40.04583740234375
    },
    {
      "high_freq": 4349.24462890625,
      "loudness": -37.91663360595703,
      "loudness_range": 28.502241134643555,
      "low_freq": 2549.74365234375,
      "mid_mean": -35.081886291503906,
      "mid_to_side_loudness": -9.923048973083496,
      "mid_to_side_loudness_range": 19.71405029296875,
      "side_mean": -45.70526885986328
    },
    {
      "high_freq": 7314.1640625,
      "loudness": -43.48305892944336,
      "loudness_range": 27.672876358032227,
      "low_freq": 4349.24462890625,
      "mid_mean": -40.76914978027344,
      "mid_to_side_loudness": -9.08856201171875,
      "mid_to_side_loudness_range": 16.326244354248047,
      "side_mean": -51.10768508911133
    },
    {
      "high_freq": 12199.2666015625,
      "loudness": -47.735321044921875,
      "loudness_range": 31.644271850585938,
      "low_freq": 7314.1640625,
      "mid_mean": -46.74790954589844,
      "mid_to_side_loudness": -9.689773559570312,
      "mid_to_side_loudness_range": 19.54775047302246,
      "side_mean": -56.29183578491211
    },
    {
      "loudness": -55.62590026855469,
      "loudness_range": 24.497798919677734,
      "low_freq": 12199.2666015625,
      "mid_mean": -52.675384521484375,
      "mid_to_side_loudness": -10.085796356201172,
      "mid_to_side_loudness_range": 19.72340202331543,
      "side_mean": -62.545257568359375
    }
  ],
  "channels": 2,
  "covariance": [
    [
      40.560062408447266,
      24.263586044311523,
      9.623482704162598,
      15.488536834716797,
      12.378246307373047,
      17.5333251953125,
      14.66425895690918,
      19.465892791748047,
      15.325879096984863,
      20.239276885986328,
      16.76542091369629,
      20.379566192626953,
      14.9326753616333,
      17.314231872558594,
      9.549592018127441,
      15.312118530273438,
      9.393132209777832,
      10.087923049926758
    ],
    [
      24.263586044311523,
      35.159889221191406,
      6.201938629150391,
      14.395400047302246,
      5.6164422035217285,
      11.812331199645996,
      3.6966898441314697,
      12.921935081481934,
      1.8595508337020874,
      13.72463607788086,
      4.221488952636719,
      14.38180923461914,
      7.581155776977539,
      14.200145721435547,
      2.7451083660125732,
      15.622306823730469,
      5.653085231781006,
      12.079338073730469
    ],
    [
      9.623482704162598,
      6.201938629150391,
      17.258636474609375,
      12.35722827911377,
      14.17733383178711,
      11.678911209106445,
      14.111391067504883,
      10.947888374328613,
      18.39288330078125,
      13.49635124206543,
      19.060935974121094,
      16.777462005615234,
      15.69817066192627,
      14.035077095031738,
      13.172141075134277,
      12.310134887695312,
      11.434772491455078,
      6.974974155426025
    ],
    [
      15.488536834716797,
      14.395400047302246,
      12.35722827911377,
      26.393508911132812,
      12.631735801696777,
      19.619266510009766,
      12.919027328491211,
      21.47333335876465,
      15.258843421936035,
      23.595252990722656,
      18.261014938354492,
      24.597068786621094,
      17.875455856323242,
      20.23133659362793,
      12.389205932617188,
      17.826509475708008,
      11.48415756225586,
      11.498929023742676
    ],
    [
      12.378246307373047,
      5.6164422035217285,
      14.17733383178711,
      12.631735801696777,
      42.47385787963867,
      27.656871795654297,
      44.951324462890625,
      29.2739315032959,
      43.22389602661133,
      29.9161319732666,
      37.6243896484375,
      28.63176727294922,
      25.870525360107422,
      19.549335479736328,
      22.98216438293457,
      15.01183795928955,
      18.942689895629883,
      6.43612003326416
    ],
    [
      17.5333251953125,
      11.812331199645996,
      11.678911209106445,
      19.619266510009766,
      27.656871795654297,
      41.597450256347656,
      27.77374267578125,
      36.233619689941406,
      24.469999313354492,
      36.20967483520508,
      22.759214401245117,
      32.512237548828125,
      17.66625213623047,
      22.99500274658203,
      7.75339412689209,
      14.88386344909668,
      5.923646926879883,
      10.30761432647705
    ],
    [
      14.66425895690918,
      3.6966898441314697,
      14.111391067504883,
      12.919027328491211,
      44.951324462890625,
      27.77374267578125,
      74.0356674194336,
      41.11416244506836,
      60.456966400146484,
      37.519004821777344,
      48.994041442871094,
      35.75999069213867,
      33.26451110839844,
      23.600297927856445,
      28.44495391845703,
      17.328393936157227,
      24.11480712890625,
      6.153416633605957
    ],
    [
      19.465892791748047,
      12.921935081481934,
      10.947888374328613,
      21.47333335876465,
      29.2739315032959,
      36.233619689941406,
      41.11416244506836,
      52.400390625,
      32.5998649597168,
      48.949623107910156,
      26.55185890197754,
      39.71717834472656,
      20.35755729675293,
      26.844907760620117,
      8.27796459197998,
      18.880584716796875,
      7.499650955200195,
      13.048205375671387
    ],
    [
      15.325879096984863,
      1.8595508337020874,
      18.39288330078125,
      15.258843421936035,
      43.22389602661133,
      24.469999313354492,
      60.456966400146484,
      32.5998649597168,
      77.5887680053711,
      38.7830924987793,
      66.42506408691406,
      41.76567077636719,
      47.777931213378906,
      29.112356185913086,
      44.20012283325195,
      23.679555892944336,
      35.98550033569336,
      8.823380470275879
    ],
    [
      20.239276885986328,
      13.72463607788086,
      13.49635124206543,
      23.595252990722656,
      29.9161319732666,
      36.20967483520508,
      37.519004821777344,
      48.949623107910156,
      38.7830924987793,
      56.61459732055664,
      34.42561721801758,
      46.8502197265625,
      26.26465606689453,
      31.82792091369629,
      13.187169075012207,
      23.073816299438477,
      11.190048217773438,
      16.37375831604004
    ],
    [
      16.76542091369629,
      4.221488952636719,
      19.060935974121094,
      18.261014938354492,
      37.6243896484375,
      22.759214401245117,
      48.994041442871094,
      26.55185890197754,
      66.42506408691406,
      34.42561721801758,
      76.63703155517578,
      47.70555114746094,
      57.76999282836914,
      37.44580841064453,
      53.68789291381836,
      32.105342864990234,
      43.371795654296875,
      14.999197006225586
    ],
    [
      20.379566192626953,
      14.38180923461914,
      16.777462005615234,
      24.597068786621094,
      28.63176727294922,
      32.512237548828125,
      35.75999069213867,
      39.71717834472656,
      41.76567077636719,
      46.8502197265625,
      47.70555114746094,
      60.368377685546875,
      40.647281646728516,
      48.127811431884766,
      28.265533447265625,
      37.98426818847656,
      22.515804290771484,
      26.780437469482422
    ],
    [
      14.9326753616333,
      7.581155776977539,
      15.69817066192627,
      17.875455856323242,
      25.870525360107422,
      17.66625213623047,
      33.26451110839844,
      20.35755729675293,
      47.777931213378906,
      26.26465606689453,
      57.76999282836914,
      40.647281646728516,
      70.46642303466797,
      46.819969177246094,
      66.92078399658203,
      45.46696853637695,
      54.33481216430664,
      25.21837043762207
    ],
    [
      17.314231872558594,
      14.200145721435547,
      14.035077095031738,
      20.23133659362793,
      19.549335479736328,
      22.99500274658203,
      23.600297927856445,
      26.844907760620117,
      29.112356185913086,
      31.82792091369629,
      37.44580841064453,
      48.127811431884766,
      46.819969177246094,
      55.785945892333984,
      38.69100570678711,
      52.66356658935547,
      32.65083312988281,
      38.23627853393555
    ],
    [
      9.549592018127441,
      2.7451083660125732,
      13.172141075134277,
      12.389205932617188,
      22.98216438293457,
      7.75339412689209,
      28.44495391845703,
      8.27796459197998,
      44.20012283325195,
      13.187169075012207,
      53.68789291381836,
      28.265533447265625,
      66.92078399658203,
      38.69100570678711,
      87.37704467773438,
      48.507266998291016,
      68.08357238769531,
      26.48857307434082
    ],
    [
      15.312118530273438,
      15.622306823730469,
      12.310134887695312,
      17.826509475708008,
      15.01183795928955,
      14.88386344909668,
      17.328393936157227,
      18.880584716796875,
      23.679555892944336,
      23.073816299438477,
      32.105342864990234,
      37.98426818847656,
      45.46696853637695,
      52.66356658935547,
      48.507266998291016,
      73.3668441772461,
      51.65873336791992,
      51.82172775268555
    ],
    [
      9.393132209777832,
      5.653085231781006,
      11.434772491455078,
      11.48415756225586,
      18.942689895629883,
      5.923646926879883,
      24.11480712890625,
      7.499650955200195,
      35.98550033569336,
      11.190048217773438,
      43.371795654296875,
      22.515804290771484,
      54.33481216430664,
      32.65083312988281,
      68.08357238769531,
      51.65873336791992,
      69.97068786621094,
      28.908315658569336
    ],
    [
      10.087923049926758,
      12.079338073730469,
      6.974974155426025,
      11.498929023742676,
      6.43612003326416,
      10.30761432647705,
      6.153416633605957,
      13.048205375671387,
      8.823380470275879,
      16.37375831604004,
      14.999197006225586,
      26.780437469482422,
      25.21837043762207,
      38.23627853393555,
      26.48857307434082,
      51.82172775268555,
      28.908315658569336,
      44.617244720458984
    ]
  ],
  "covariance_short": [
    [
      54.017662048339844,
      28.28180503845215,
      12.441703796386719,
      15.313365936279297,
      14.210489273071289,
      18.32023811340332,
      18.68177604675293,
      21.03110122680664,
      17.923303604125977,
      20.146730422973633,
      19.038188934326172,
      23.824010848999023,
      16.880151748657227,
      23.996000289916992,
      15.848367691040039,
      20.541221618652344,
      9.069355010986328,
      13.226311683654785
    ],
    [
      28.28180503845215,
      44.72172927856445,
      9.192420959472656,
      15.18803882598877,
      5.730283737182617,
      12.758724212646484,
      6.037351608276367,
      14.971166610717773,
      3.397569179534912,
      13.861581802368164,
      4.852604389190674,
      16.566715240478516,
      7.835188865661621,
      22.683652877807617,
      3.7581944465637207,
      18.325639724731445,
      3.4736056327819824,
      14.992371559143066
    ],
    [
      12.441703796386719,
      9.192420959472656,
      24.038240432739258,
      16.052213668823242,
      14.946678161621094,
      14.26415729522705,
      15.324702262878418,
      13.892833709716797,
      18.770511627197266,
      16.03293228149414,
      19.441856384277344,
      20.468116760253906,
      17.984073638916016,
      20.19487762451172,
      20.1639461517334,
      17.31118392944336,
      10.544767379760742,
      9.476802825927734
    ],
    [
      15.313365936279297,
      15.18803882598877,
      16.052213668823242,
      31.874069213867188,
      13.880426406860352,
      22.623607635498047,
      15.011114120483398,
      23.38531494140625,
      17.510677337646484,
      25.4129638671875,
      20.514888763427734,
      29.497581481933594,
      21.253067016601562,
      29.36243438720703,
      19.817119598388672,
      23.484752655029297,
      11.506930351257324,
      14.380967140197754
    ],
    [
      14.210489273071289,
      5.730283737182617,
      14.946678161621094,
      13.880426406860352,
      46.30173873901367,
      29.164180755615234,
      48.02391815185547,
      30.52214813232422,
      46.32378005981445,
      31.215557098388672,
      41.16006851196289,
      33.99248123168945,
      28.76594352722168,
      25.304244995117188,
      31.322490692138672,
      20.89519500732422,
      17.976421356201172,
      6.433300018310547
    ],
    [
      18.32023811340332,
      12.758724212646484,
      14.26415729522705,
      22.623607635498047,
      29.164180755615234,
      46.27105712890625,
      31.06998062133789,
      38.58816146850586,
      27.903871536254883,
      38.412662506103516,
      26.332494735717773,
      39.68452835083008,
      22.42059898376465,
      30.839101791381836,
      15.898447036743164,
      21.428476333618164,
      7.689340114593506,
      13.546358108520508
    ],
    [
      18.68177604675293,
      6.037351608276367,
      15.324702262878418,
      15.011114120483398,
      48.02391815185547,
      31.06998062133789,
      82.92984771728516,
      46.29696273803711,
      68.2754135131836,
      43.582332611083984,
      57.61273193359375,
      45.276153564453125,
      39.864845275878906,
      34.405303955078125,
      43.381378173828125,
      26.663532257080078,
      24.954408645629883,
      7.710461139678955
    ],
    [
      21.03110122680664,
      14.971166610717773,
      13.892833709716797,
      23.38531494140625,
      30.52214813232422,
      38.58816146850586,
      46.29696273803711,
      58.77518081665039,
      38.753597259521484,
      52.6134033203125,
      31.79631233215332,
      48.929561614990234,
      26.57618522644043,
      39.320037841796875,
      17.01937484741211,
      25.69981575012207,
      9.089568138122559,
      16.057640075683594
    ],
    [
      17.923303604125977,
      3.397569179534912,
      18.770511627197266,
      17.510677337646484,
      46.32378005981445,
      27.903871536254883,
      68.2754135131836,
      38.753597259521484,
      90.54092407226562,
      46.858394622802734,
      77.9980239868164,
      53.124515533447266,
      58.65257263183594,
      43.954856872558594,
      64.0613021850586,
      38.08171844482422,
      38.09812927246094,
      11.275259971618652
    ],
    [
      20.146730422973633,
      13.861581802368164,
      16.03293228149414,
      25.4129638671875,
      31.215557098388672,
      38.412662506103516,
      43.582332611083984,
      52.6134033203125,
      46.858394622802734,
      64.333740234375,
      41.27706527709961,
      58.44642639160156,
      35.3094596862793,
      47.32991409301758,
      26.206634521484375,
      33.17269515991211,
      14.263909339904785,
      20.77298355102539
    ],
    [
      19.038188934326172,
      4.852604389190674,
      19.441856384277344,
      20.514888763427734,
      41.16006851196289,
      26.332494735717773,
      57.61273193359375,
      31.79631233215332,
      77.9980239868164,
      41.27706527709961,
      95.79090881347656,
      60.43621063232422,
      77.0072250366211,
      56.24876403808594,
      84.38465881347656,
      54.298912048339844,
      52.42514419555664,
      21.402145385742188
    ],
    [
      23.824010848999023,
      16.566715240478516,
      20.468116760253906,
      29.497581481933594,
      33.99248123168945,
      39.68452835083008,
      45.276153564453125,
      48.929561614990234,
      53.124515533447266,
      58.44642639160156,
      60.43621063232422,
      77.80970764160156,
      56.16868209838867,
      69.11337280273438,
      51.57019805908203,
      56.760597229003906,
      29.43535041809082,
      35.10979080200195
    ],
    [
      16.880151748657227,
      7.835188865661621,
      17.984073638916016,
      21.253067016601562,
      28.76594352722168,
      22.42059898376465,
      39.864845275878906,
      26.57618522644043,
      58.65257263183594,
      35.3094596862793,
      77.0072250366211,
      56.16868209838867,
      94.58684539794922,
      71.82609558105469,
      101.57746887207031,
      74.7784652709961,
      65.34952545166016,
      36.394775390625
    ],
    [
      23.996000289916992,
      22.683652877807617,
      20.19487762451172,
      29.36243438720703,
      25.304244995117188,
      30.839101791381836,
      34.405303955078125,
      39.320037841796875,
      43.954856872558594,
      47.32991409301758,
      56.24876403808594,
      69.11337280273438,
      71.82609558105469,
      97.8676528930664,
      77.55284881591797,
      89.33268737792969,
      54.41720199584961,
      54.663883209228516
    ],
    [
      15.848367691040039,
      3.7581944465637207,
      20.1639461517334,
      19.817119598388672,
      31.322490692138672,
      15.898447036743164,
      43.381378173828125,
      17.01937484741211,
      64.0613021850586,
      26.206634521484375,
      84.38465881347656,
      51.57019805908203,
      101.57746887207031,
      77.55284881591797,
      147.28616333007812,
      97.2302017211914,
      95.01705169677734,
      43.7751350402832
    ],
    [
      20.541221618652344,
      18.325639724731445,
      17.31118392944336,
      23.484752655029297,
      20.89519500732422,
      21.428476333618164,
      26.663532257080078,
      25.69981575012207,
      38.08171844482422,
      33.17269515991211,
      54.298912048339844,
      56.760597229003906,
      74.7784652709961,
      89.33268737792969,
      97.2302017211914,
      101.47767639160156,
      66.196044921875,
      62.5671272277832
    ],
    [
      9.069355010986328,
      3.4736056327819824,
      10.544767379760742,
      11.506930351257324,
      17.976421356201172,
      7.689340114593506,
      24.954408645629883,
      9.089568138122559,
      38.09812927246094,
      14.263909339904785,
      52.42514419555664,
      29.43535041809082,
      65.34952545166016,
      54.41720199584961,
      95.01705169677734,
      66.196044921875,
      76.16085815429688,
      32.13502502441406
    ],
    [
      13.226311683654785,
      14.992371559143066,
      9.476802825927734,
      14.380967140197754,
      6.433300018310547,
      13.546358108520508,
      7.710461139678955,
      16.057640075683594,
      11.275259971618652,
      20.77298355102539,
      21.402145385742188,
      35.10979080200195,
      36.394775390625,
      54.663883209228516,
      43.7751350402832,
      62.5671272277832,
      32.13502502441406,
      52.85680389404297
    ]
  ],
  "drr": 15.80251693725586,
  "dynamics": 4.137783527374268,
  "format": 1245190,
  "frames": 9213952,
  "loudness": -11.751049995422363,
  "loudness_range": 11.067039489746094,
  "loudness_range_short": 13.505887031555176,
  "peak": -0.27859804034233093,
  "rms": -12.71899127960205,
  "sample_rate": 44100,
  "sections": 1,
  "seekable": 1,
  "sharpness": 2.6457462310791016,
  "space": -11.347989082336426
}