{
  "bands": [
    {
      "high_freq": 148.1999969482422,
      "loudness": -37.13671875,
      "loudness_range": 18.33089828491211,
      "mid_mean": -34.67456817626953,
      "mid_to_side_loudness": -5.113816738128662,
      "mid_to_side_loudness_range": 6.337368965148926,
      "side_mean": -39.83237075805664
    },
    {
      "high_freq": 392.3793640136719,
      "loudness": -26.793777465820312,
      "loudness_range": 14.267049789428711,
      "low_freq": 148.1999969482422,
      "mid_mean": -24.453025817871094,
      "mid_to_side_loudness": -4.982677936553955,
      "mid_to_side_loudness_range": 9.304071426391602,
      "side_mean": -29.604679107666016
    },
    {
      "high_freq": 794.6976318359375,
      "loudness": -21.67890739440918,
      "loudness_range": 18.196205139160156,
      "low_freq": 392.3793640136719,
      "mid_mean": -19.59703826904297,
      "mid_to_side_loudness": -3.9638278484344482,
      "mid_to_side_loudness_range": 8.092480659484863,
      "side_mean": -23.67618751525879
    },
    {
      "high_freq": 1457.5709228515625,
      "loudness": -23.368785858154297,
      "loudness_range": 21.554344177246094,
      "low_freq": 794.6976318359375,
      "mid_mean": -21.367338180541992,
      "mid_to_side_loudness": -3.5944154262542725,
      "mid_to_side_loudness_range": 7.393357753753662,
      "side_mean": -25.113924026489258
    },
    {
      "high_freq": 2549.74365234375,
      "loudness": -30.221588134765625,
      "loudness_range": 14.941207885742188,
      "low_freq": 1457.5709228515625,
      "mid_mean": -27.85246467590332,
      "mid_to_side_loudness": -4.9530792236328125,
      "mid_to_side_loudness_range": 7.685574531555176,
      "side_mean": -32.88771438598633
    },
    {
      "high_freq": 4349.24462890625,
      "loudness": -38.59661865234375,
      "loudness_range": 17.956567764282227,
      "low_freq": 2549.74365234375,
      "mid_mean": -36.23023986816406,
      "mid_to_side_loudness": -5.230697154998779,
      "mid_to_side_loudness_range": 10.308457374572754,
      "side_mean": -41.55437469482422
    },
    {
      "high_freq": 7314.1640625,
      "loudness": -49.4808235168457,
      "loudness_range": 26.445568084716797,
      "low_freq": 4349.24462890625,
      "mid_mean": -47.887447357177734,
      "mid_to_side_loudness": -4.519930839538574,
      "mid_to_side_loudness_range": 8.838506698608398,
      "side_mean": -52.31361389160156
    },
    {
      "high_freq": 12199.2666015625,
      "loudness": -60.408775329589844,
      "loudness_range": 22.56774139404297,
      "low_freq": 7314.1640625,
      "mid_mean": -57.50418472290039,
      "mid_to_side_loudness": -4.80317497253418,
      "mid_to_side_loudness_range": 4.559119701385498,
      "side_mean": -61.2728271484375
    },
    {
      "loudness": -64.64395141601562,
      "loudness_range": 3.222087860107422,
      "low_freq": 12199.2666015625,
      "mid_mean": -61.30255126953125,
      "mid_to_side_loudness": -5.675905227661133,
      "mid_to_side_loudness_range": 1.1459531784057617,
      "side_mean": -65.63285827636719
    }
  ],
  "bands_short": [
    {
      "high_freq": 148.1999969482422,
      "loudness": -41.434226989746094,
      "loudness_range": 22.00909423828125,
      "mid_mean": -39.09530258178711,
      "mid_to_side_loudness": -4.875141143798828,
      "mid_to_side_loudness_range": 8.478282928466797,
      "side_mean": -44.03946304321289
    },
    {
      "high_freq": 392.3793640136719,
      "loudness": -27.970048904418945,
      "loudness_range": 18.644269943237305,
      "low_freq": 148.1999969482422,
      "mid_mean": -25.7054386138916,
      "mid_to_side_loudness": -5.092101573944092,
      "mid_to_side_loudness_range": 10.70309066772461,
      "side_mean": -30.997045516967773
    },
    {
      "high_freq": 794.6976318359375,
      "loudness": -24.10685920715332,
      "loudness_range": 21.77437400817871,
      "low_freq": 392.3793640136719,
      "mid_mean": -22.164945602416992,
      "mid_to_side_loudness": -3.6355538368225098,
      "mid_to_side_loudness_range": 8.84517765045166,
      "side_mean": -25.900331497192383
    },
    {
      "high_freq": 1457.5709228515625,
      "loudness": -24.19744873046875,
      "loudness_range": 25.076576232910156,
      "low_freq": 794.6976318359375,
      "mid_mean": -22.24335289001465,
      "mid_to_side_loudness": -3.964751958847046,
      "mid_to_side_loudness_range": 10.04741382598877,
      "side_mean": -26.263301849365234
    },
    {
      "high_freq": 2549.74365234375,
      "loudness": -32.38542175292969,
      "loudness_range": 20.192594528198242,
      "low_freq": 1457.5709228515625,
      "mid_mean": -30.19420051574707,
      "mid_to_side_loudness": -4.675870895385742,
      "mid_to_side_loudness_range": 9.67593002319336,
      "side_mean": -34.947357177734375
    },
    {
      "high_freq": 4349.24462890625,
      "loudness": -40.83177185058594,
      "loudness_range": 22.59840965270996,
      "low_freq": 2549.74365234375,
      "mid_mean": -38.43247985839844,
      "mid_to_side_loudness": -5.912768363952637,
      "mid_to_side_loudness_range": 12.086844444274902,
      "side_mean": -44.452091217041016
    },
    {
      "high_freq": 7314.1640625,
      "loudness": -53.410072326660156,
      "loudness_range": 30.11920928955078,
      "low_freq": 4349.24462890625,
      "mid_mean": -51.41974639892578,
      "mid_to_side_loudness": -4.379193305969238,
      "mid_to_side_loudness_range": 9.531630516052246,
      "side_mean": -55.290283203125
    },
    {
      "high_freq": 12199.2666015625,
      "loudness": -63.20772171020508,
      "loudness_range": 20.7772216796875,
      "low_freq": 7314.1640625,
      "mid_mean": -59.98917007446289,
      "mid_to_side_loudness": -5.1003947257995605,
      "mid_to_side_loudness_range": 5.790575981140137,
      "side_mean": -63.62651062011719
    },
    {
      "loudness": -64.85032653808594,
      "loudness_range": 2.23046875,
      "low_freq": 12199.2666015625,
      "mid_mean": -61.472774505615234,
      "mid_to_side_loudness": -5.753968238830566,
      "mid_to_side_loudness_range": 1.652163028717041,
      "side_mean": -65.79853820800781
    }
  ],
  "channels": 2,
  "covariance": [
    [
      37.35195541381836,
      36.059791564941406,
      10.749661445617676,
      11.396449089050293,
      -1.4197622537612915,
      -0.3308236598968506,
      -2.705723524093628,
      -1.8549854755401611,
      2.453073501586914,
      4.1190690994262695,
      5.553659439086914,
      4.329610347747803,
      2.9334959983825684,
      4.290359020233154,
      0.7475676536560059,
      0.35776132345199585,
      0.17316202819347382,
      0.2785226106643677
    ],
    [
      36.059791564941406,
      38.82551193237305,
      11.188429832458496,
      14.086894035339355,
      0.1905849725008011,
      1.1360877752304077,
      -1.6900832653045654,
      -0.35521072149276733,
      2.8680191040039062,
      4.806944370269775,
      5.546779632568359,
      4.2935791015625,
      2.591257095336914,
      4.237212657928467,
      1.188052773475647,
      0.9094866514205933,
      0.18136844038963318,
      0.35358956456184387
    ],
    [
      10.749661445617676,
      11.188429832458496,
      30.655813217163086,
      25.91262435913086,
      6.711370468139648,
      10.535544395446777,
      3.3738853931427,
      1.2740705013275146,
      3.9727821350097656,
      8.106423377990723,
      -0.3929508328437805,
      -3.2650747299194336,
      -5.419459819793701,
      -8.159222602844238,
      -5.410880088806152,
      -5.33112096786499,
      -0.2308868020772934,
      -0.175053671002388
    ],
    [
      11.396449089050293,
      14.086894035339355,
      25.91262435913086,
      31.659101486206055,
      9.666537284851074,
      12.0689115524292,
      5.669553279876709,
      4.424668312072754,
      5.62617301940918,
      9.75921630859375,
      2.457944869995117,
      -0.4364847242832184,
      -4.079634666442871,
      -6.963771820068359,
      -4.463634014129639,
      -4.465195178985596,
      -0.015896335244178772,
      0.0774972066283226
    ],
    [
      -1.4197622537612915,
      0.1905849725008011,
      6.711370468139648,
      9.666537284851074,
      47.310733795166016,
      39.75490951538086,
      11.316100120544434,
      13.603301048278809,
      19.198406219482422,
      16.8382568359375,
      19.69037628173828,
      18.977325439453125,
      19.926816940307617,
      11.928473472595215,
      5.947168350219727,
      5.608047962188721,
      0.7264566421508789,
      0.909023642539978
    ],
    [
      -0.3308236598968506,
      1.1360877752304077,
      10.535544395446777,
      12.0689115524292,
      39.75490951538086,
      39.91437530517578,
      9.667643547058105,
      11.18268871307373,
      17.82213592529297,
      16.750844955444336,
      15.898849487304688,
      14.149521827697754,
      13.301688194274902,
      6.178832530975342,
      3.7532308101654053,
      3.9143853187561035,
      0.6114310026168823,
      0.7885129451751709
    ],
    [
      -2.705723524093628,
      -1.6900832653045654,
      3.3738853931427,
      5.669553279876709,
      11.316100120544434,
      9.667643547058105,
      60.37053680419922,
      54.26070785522461,
      27.97290802001953,
      23.282470703125,
      23.05967903137207,
      26.27277374267578,
      32.82315444946289,
      33.806053161621094,
      32.4217643737793,
      32.652626037597656,
      3.9297733306884766,
      4.1162800788879395
    ],
    [
      -1.8549854755401611,
      -0.35521072149276733,
      1.2740705013275146,
      4.424668312072754,
      13.603301048278809,
      11.18268871307373,
      54.26070785522461,
      55.368831634521484,
      27.495466232299805,
      22.662643432617188,
      22.960256576538086,
      27.146541595458984,
      32.73056411743164,
      33.887752532958984,
      31.244352340698242,
      31.1838321685791,
      3.715719699859619,
      3.8403513431549072
    ],
    [
      2.453073501586914,
      2.8680191040039062,
      3.9727821350097656,
      5.62617301940918,
      19.198406219482422,
      17.82213592529297,
      27.97290802001953,
      27.495466232299805,
      30.12066078186035,
      23.999631881713867,
      23.534379959106445,
      22.535259246826172,
      31.307266235351562,
      26.504980087280273,
      23.23821258544922,
      23.558107376098633,
      3.0832736492156982,
      3.096829891204834
    ],
    [
      4.1190690994262695,
      4.806944370269775,
      8.106423377990723,
      9.75921630859375,
      16.8382568359375,
      16.750844955444336,
      23.282470703125,
      22.662643432617188,
      23.999631881713867,
      25.648971557617188,
      20.274080276489258,
      20.949411392211914,
      26.38688850402832,
      22.70148468017578,
      18.453306198120117,
      18.175485610961914,
      2.661468029022217,
      2.655946969985962
    ],
    [
      5.553659439086914,
      5.546779632568359,
      -0.3929508328437805,
      2.457944869995117,
      19.69037628173828,
      15.898849487304688,
      23.05967903137207,
      22.960256576538086,
      23.534379959106445,
      20.274080276489258,
      39.21165466308594,
      36.899147033691406,
      45.85448455810547,
      43.410831451416016,
      27.921167373657227,
      26.71646499633789,
      3.403352737426758,
      3.526141405105591
    ],
    [
      4.329610347747803,
      4.2935791015625,
      -3.2650747299194336,
      -0.4364847242832184,
      18.977325439453125,
      14.149521827697754,
      26.27277374267578,
      27.146541595458984,
      22.535259246826172,
      20.949411392211914,
      36.899147033691406,
      47.14682388305664,
      49.46510696411133,
      50.0690803527832,
      31.169618606567383,
      29.93071174621582,
      3.396538496017456,
      3.591768264770508
    ],
    [
      2.9334959983825684,
      2.591257095336914,
      -5.419459819793701,
      -4.079634666442871,
      19.926816940307617,
      13.301688194274902,
      32.82315444946289,
      32.73056411743164,
      31.307266235351562,
      26.38688850402832,
      45.85448455810547,
      49.46510696411133,
      78.2228775024414,
      75.80000305175781,
      49.3199348449707,
      46.67761993408203,
      5.705216407775879,
      5.424045085906982
    ],
    [
      4.290359020233154,
      4.237212657928467,
      -8.159222602844238,
      -6.963771820068359,
      11.928473472595215,
      6.178832530975342,
      33.806053161621094,
      33.887752532958984,
      26.504980087280273,
      22.70148468017578,
      43.410831451416016,
      50.0690803527832,
      75.80000305175781,
      82.95285034179688,
      52.31660842895508,
      49.01078796386719,
      6.886684417724609,
      5.938937187194824
    ],
    [
      0.7475676536560059,
      1.188052773475647,
      -5.410880088806152,
      -4.463634014129639,
      5.947168350219727,
      3.7532308101654053,
      32.4217643737793,
      31.244352340698242,
      23.23821258544922,
      18.453306198120117,
      27.921167373657227,
      31.169618606567383,
      49.3199348449707,
      52.31660842895508,
      48.92947006225586,
      46.921363830566406,
      7.2051496505737305,
      6.339939594268799
    ],
    [
      0.35776132345199585,
      0.9094866514205933,
      -5.33112096786499,
      -4.465195178985596,
      5.608047962188721,
      3.9143853187561035,
      32.652626037597656,
      31.1838321685791,
      23.558107376098633,
      18.175485610961914,
      26.71646499633789,
      29.93071174621582,
      46.67761993408203,
      49.01078796386719,
      46.921363830566406,
      46.96962356567383,
      6.773649215698242,
      6.164420127868652
    ],
    [
      0.17316202819347382,
      0.18136844038963318,
      -0.2308868020772934,
      -0.015896335244178772,
      0.7264566421508789,
      0.6114310026168823,
      3.9297733306884766,
      3.715719699859619,
      3.0832736492156982,
      2.661468029022217,
      3.403352737426758,
      3.396538496017456,
      5.705216407775879,
      6.886684417724609,
      7.2051496505737305,
      6.773649215698242,
      2.2065961360931396,
      1.76997971534729
    ],
    [
      0.2785226106643677,
      0.35358956456184387,
      -0.175053671002388,
      0.0774972066283226,
      0.909023642539978,
      0.7885129451751709,
      4.1162800788879395,
      3.8403513431549072,
      3.096829891204834,
      2.655946969985962,
      3.526141405105591,
      3.591768264770508,
      5.424045085906982,
      5.938937187194824,
      6.339939594268799,
      6.164420127868652,
      1.76997971534729,
      1.5985963344573975
    ]
  ],
  "covariance_short": [
    [
      59.56279373168945,
      54.025428771972656,
      18.748720169067383,
      19.504365921020508,
      3.197145462036133,
      3.9902219772338867,
      -1.2049921751022339,
      0.4989279806613922,
      6.825372695922852,
      7.5448713302612305,
      7.080996036529541,
      5.8391218185424805,
      4.9339094161987305,
      4.659903526306152,
      2.1395151615142822,
      2.489903450012207,
      0.4784768521785736,
      0.5394536256790161
    ],
    [
      54.025428771972656,
      57.949501037597656,
      17.974918365478516,
      20.66196632385254,
      3.7498018741607666,
      4.6683268547058105,
      -1.1852726936340332,
      1.0596095323562622,
      6.27656888961792,
      7.559577941894531,
      6.417153835296631,
      5.01314115524292,
      4.505012035369873,
      4.54545783996582,
      2.2898411750793457,
      2.5732581615448,
      0.45771855115890503,
      0.5456238985061646
    ],
    [
      18.748720169067383,
      17.974918365478516,
      48.55923843383789,
      40.899757385253906,
      16.42717933654785,
      17.849716186523438,
      10.777295112609863,
      8.275246620178223,
      13.36467456817627,
      17.341487884521484,
      10.215764999389648,
      8.086934089660645,
      4.050205230712891,
      2.3551266193389893,
      -1.0823255777359009,
      -0.9062817096710205,
      -0.05944499745965004,
      0.09503685683012009
    ],
    [
      19.504365921020508,
      20.66196632385254,
      40.899757385253906,
      50.01696014404297,
      17.495609283447266,
      18.22874641418457,
      12.163090705871582,
      11.095975875854492,
      14.731820106506348,
      18.69944953918457,
      13.18718147277832,
      11.58342170715332,
      7.396581172943115,
      5.253432273864746,
      0.6395177841186523,
      0.6753947734832764,
      0.3034670650959015,
      0.4540206491947174
    ],
    [
      3.197145462036133,
      3.7498018741607666,
      16.42717933654785,
      17.495609283447266,
      55.57159423828125,
      48.51815414428711,
      14.304162979125977,
      18.215974807739258,
      24.44122886657715,
      26.081483840942383,
      22.39841651916504,
      28.583375930786133,
      21.457136154174805,
      17.529605865478516,
      6.3502631187438965,
      6.782433032989502,
      0.38492551445961,
      0.7260768413543701
    ],
    [
      3.9902219772338867,
      4.6683268547058105,
      17.849716186523438,
      18.22874641418457,
      48.51815414428711,
      53.12983322143555,
      15.739058494567871,
      18.068920135498047,
      25.607023239135742,
      26.898916244506836,
      21.63178062438965,
      25.311614990234375,
      18.73344612121582,
      14.805870056152344,
      6.053267478942871,
      6.634355068206787,
      0.4828431308269501,
      0.7857178449630737
    ],
    [
      -1.2049921751022339,
      -1.1852726936340332,
      10.777295112609863,
      12.163090705871582,
      14.304162979125977,
      15.739058494567871,
      75.2082290649414,
      64.1839370727539,
      44.686336517333984,
      38.04035186767578,
      42.808353424072266,
      39.075714111328125,
      46.066219329833984,
      44.955936431884766,
      30.253095626831055,
      30.658252716064453,
      4.136414527893066,
      4.376881122589111
    ],
    [
      0.4989279806613922,
      1.0596095323562622,
      8.275246620178223,
      11.095975875854492,
      18.215974807739258,
      18.068920135498047,
      64.1839370727539,
      66.81964874267578,
      42.79097366333008,
      37.456443786621094,
      42.493614196777344,
      41.364566802978516,
      46.13077163696289,
      45.83432388305664,
      30.164213180541992,
      30.20859718322754,
      3.9987685680389404,
      4.30322265625
    ],
    [
      6.825372695922852,
      6.27656888961792,
      13.36467456817627,
      14.731820106506348,
      24.44122886657715,
      25.607023239135742,
      44.686336517333984,
      42.79097366333008,
      50.9713249206543,
      41.8835334777832,
      40.800010681152344,
      39.216854095458984,
      43.41081619262695,
      37.996158599853516,
      26.292051315307617,
      27.185039520263672,
      3.4625940322875977,
      3.639843463897705
    ],
    [
      7.5448713302612305,
      7.559577941894531,
      17.341487884521484,
      18.69944953918457,
      26.081483840942383,
      26.898916244506836,
      38.04035186767578,
      37.456443786621094,
      41.8835334777832,
      45.776390075683594,
      37.33385467529297,
      38.06041717529297,
      39.20252227783203,
      34.7269172668457,
      21.92544174194336,
      21.942886352539062,
      3.0494654178619385,
      3.2564799785614014
    ],
    [
      7.080996036529541,
      6.417153835296631,
      10.215764999389648,
      13.18718147277832,
      22.39841651916504,
      21.63178062438965,
      42.808353424072266,
      42.493614196777344,
      40.800010681152344,
      37.33385467529297,
      58.454833984375,
      55.02107238769531,
      55.83008575439453,
      52.480350494384766,
      30.5191707611084,
      29.93351173400879,
      3.972489595413208,
      4.165652751922607
    ],
    [
      5.8391218185424805,
      5.01314115524292,
      8.086934089660645,
      11.58342170715332,
      28.583375930786133,
      25.311614990234375,
      39.075714111328125,
      41.364566802978516,
      39.216854095458984,
      38.06041717529297,
      55.02107238769531,
      69.3292236328125,
      62.70465087890625,
      61.22481918334961,
      34.44608688354492,
      33.58635330200195,
      4.236138820648193,
      4.505906105041504
    ],
    [
      4.9339094161987305,
      4.505012035369873,
      4.050205230712891,
      7.396581172943115,
      21.457136154174805,
      18.73344612121582,
      46.066219329833984,
      46.13077163696289,
      43.41081619262695,
      39.20252227783203,
      55.83008575439453,
      62.70465087890625,
      91.98025512695312,
      85.14823150634766,
      48.34699630737305,
      45.218299865722656,
      7.263541221618652,
      6.411181926727295
    ],
    [
      4.659903526306152,
      4.54545783996582,
      2.3551266193389893,
      5.253432273864746,
      17.529605865478516,
      14.805870056152344,
      44.955936431884766,
      45.83432388305664,
      37.996158599853516,
      34.7269172668457,
      52.480350494384766,
      61.22481918334961,
      85.14823150634766,
      87.4946517944336,
      47.60139465332031,
      44.213558197021484,
      6.690474510192871,
      6.058001518249512
    ],
    [
      2.1395151615142822,
      2.2898411750793457,
      -1.0823255777359009,
      0.6395177841186523,
      6.3502631187438965,
      6.053267478942871,
      30.253095626831055,
      30.164213180541992,
      26.292051315307617,
      21.92544174194336,
      30.5191707611084,
      34.44608688354492,
      48.34699630737305,
      47.60139465332031,
      40.92533493041992,
      38.52574157714844,
      6.431366920471191,
      5.868131160736084
    ],
    [
      2.489903450012207,
      2.5732581615448,
      -0.9062817096710205,
      0.6753947734832764,
      6.782433032989502,
      6.634355068206787,
      30.658252716064453,
      30.20859718322754,
      27.185039520263672,
      21.942886352539062,
      29.93351173400879,
      33.58635330200195,
      45.218299865722656,
      44.213558197021484,
      38.52574157714844,
      39.092193603515625,
      5.967109203338623,
      5.606578350067139
    ],
    [
      0.4784768521785736,
      0.45771855115890503,
      -0.05944499745965004,
      0.3034670650959015,
      0.38492551445961,
      0.4828431308269501,
      4.136414527893066,
      3.9987685680389404,
      3.4625940322875977,
      3.0494654178619385,
      3.972489595413208,
      4.236138820648193,
      7.263541221618652,
      6.690474510192871,
      6.431366920471191,
      5.967109203338623,
      2.3694915771484375,
      1.861779808998108
    ],
    [
      0.5394536256790161,
      0.5456238985061646,
      0.09503685683012009,
      0.4540206491947174,
      0.7260768413543701,
      0.7857178449630737,
      4.376881122589111,
      4.30322265625,
      3.639843463897705,
      3.2564799785614014,
      4.165652751922607,
      4.505906105041504,
      6.411181926727295,
      6.058001518249512,
      5.868131160736084,
      5.606578350067139,
      1.861779808998108,
      1.725584864616394
    ]
  ],
  "drr": 9.09786605834961,
  "dynamics": 4.35933256149292,
  "format": 1245190,
  "frames": 6925248,
  "loudness": -12.305771827697754,
  "loudness_range": 10.621438980102539,
  "loudness_range_short": 16.876096725463867,
  "peak": 0.30772989988327026,
  "rms": -13.966876029968262,
  "sample_rate": 44100,
  "sections": 1,
  "seekable": 1,
  "sharpness": 5.2139410972595215,
  "space": -4.499242782592773
}