{
  "bands": [
    {
      "high_freq": 148.1999969482422,
      "loudness": -19.6427001953125,
      "loudness_range": 8.70280647277832,
      "mid_mean": -15.991120338439941,
      "mid_to_side_loudness": -21.99626350402832,
      "mid_to_side_loudness_range": 9.500452995300293,
      "side_mean": -37.88927459716797
    },
    {
      "high_freq": 392.3793640136719,
      "loudness": -19.549945831298828,
      "loudness_range": 7.3753814697265625,
      "low_freq": 148.1999969482422,
      "mid_mean": -16.064599990844727,
      "mid_to_side_loudness": -14.532782554626465,
      "mid_to_side_loudness_range": 9.77804183959961,
      "side_mean": -30.836685180664062
    },
    {
      "high_freq": 794.6976318359375,
      "loudness": -25.145008087158203,
      "loudness_range": 10.356626510620117,
      "low_freq": 392.3793640136719,
      "mid_mean": -21.850549697875977,
      "mid_to_side_loudness": -12.674001693725586,
      "mid_to_side_loudness_range": 12.414880752563477,
      "side_mean": -34.701576232910156
    },
    {
      "high_freq": 1457.5709228515625,
      "loudness": -25.30177116394043,
      "loudness_range": 14.288490295410156,
      "low_freq": 794.6976318359375,
      "mid_mean": -21.926029205322266,
      "mid_to_side_loudness": -12.996196746826172,
      "mid_to_side_loudness_range": 12.787084579467773,
      "side_mean": -35.139095306396484
    },
    {
      "high_freq": 2549.74365234375,
      "loudness": -24.5891170501709,
      "loudness_range": 9.512115478515625,
      "low_freq": 1457.5709228515625,
      "mid_mean": -21.23052406311035,
      "mid_to_side_loudness": -11.80259895324707,
      "mid_to_side_loudness_range": 8.475900650024414,
      "side_mean": -33.22145080566406
    },
    {
      "high_freq": 4349.24462890625,
      "loudness": -26.08523941040039,
      "loudness_range": 8.633710861206055,
      "low_freq": 2549.74365234375,
      "mid_mean": -22.776798248291016,
      "mid_to_side_loudness": -11.024872779846191,
      "mid_to_side_loudness_range": 8.694259643554688,
      "side_mean": -34.07506561279297
    },
    {
      "high_freq": 7314.1640625,
      "loudness": -25.325313568115234,
      "loudness_range": 12.130403518676758,
      "low_freq": 4349.24462890625,
      "mid_mean": -22.148361206054688,
      "mid_to_side_loudness": -10.03306770324707,
      "mid_to_side_loudness_range": 8.275933265686035,
      "side_mean": -32.34284591674805
    },
    {
      "high_freq": 12199.2666015625,
      "loudness": -27.921937942504883,
      "loudness_range": 10.836484909057617,
      "low_freq": 7314.1640625,
      "mid_mean": -25.172414779663086,
      "mid_to_side_loudness": -7.58004903793335,
      "mid_to_side_loudness_range": 9.988443374633789,
      "side_mean": -32.64326477050781
    },
    {
      "loudness": -37.530601501464844,
      "loudness_range": 11.739219665527344,
      "low_freq": 12199.2666015625,
      "mid_mean": -35.613441467285156,
      "mid_to_side_loudness": -4.757315158843994,
      "mid_to_side_loudness_range": 14.073543548583984,
      "side_mean": -40.08892822265625
    }
  ],
  "bands_short": [
    {
      "high_freq": 148.1999969482422,
      "loudness": -22.830474853515625,
      "loudness_range": 16.397109985351562,
      "mid_mean": -19.213424682617188,
      "mid_to_side_loudness": -21.859086990356445,
      "mid_to_side_loudness_range": 14.480301856994629,
      "side_mean": -40.96403121948242
    },
    {
      "high_freq": 392.3793640136719,
      "loudness": -20.053668975830078,
      "loudness_range": 14.17520523071289,
      "low_freq": 148.1999969482422,
      "mid_mean": -16.607439041137695,
      "mid_to_side_loudness": -14.43604850769043,
      "mid_to_side_loudness_range": 12.226730346679688,
      "side_mean": -31.107662200927734
    },
    {
      "high_freq": 794.6976318359375,
      "loudness": -25.54922866821289,
      "loudness_range": 13.390037536621094,
      "low_freq": 392.3793640136719,
      "mid_mean": -22.303115844726562,
      "mid_to_side_loudness": -12.301814079284668,
      "mid_to_side_loudness_range": 14.119407653808594,
      "side_mean": -34.787200927734375
    },
    {
      "high_freq": 1457.5709228515625,
      "loudness": -26.387189865112305,
      "loudness_range": 17.239734649658203,
      "low_freq": 794.6976318359375,
      "mid_mean": -23.08490562438965,
      "mid_to_side_loudness": -12.572552680969238,
      "mid_to_side_loudness_range": 14.611722946166992,
      "side_mean": -35.80779266357422
    },
    {
      "high_freq": 2549.74365234375,
      "loudness": -25.493274688720703,
      "loudness_range": 12.117412567138672,
      "low_freq": 1457.5709228515625,
      "mid_mean": -22.19635581970215,
      "mid_to_side_loudness": -11.53005599975586,
      "mid_to_side_loudness_range": 10.392147064208984,
      "side_mean": -33.927589416503906
    },
    {
      "high_freq": 4349.24462890625,
      "loudness": -26.67106819152832,
      "loudness_range": 12.21934700012207,
      "low_freq": 2549.74365234375,
      "mid_mean": -23.392860412597656,
      "mid_to_side_loudness": -11.107410430908203,
      "mid_to_side_loudness_range": 10.328119277954102,
      "side_mean": -34.7816047668457
    },
    {
      "high_freq": 7314.1640625,
      "loudness": -27.7801570892334,
      "loudness_range": 19.467626571655273,
      "low_freq": 4349.24462890625,
      "mid_mean": -24.60791015625,
      "mid_to_side_loudness": -10.665811538696289,
      "mid_to_side_loudness_range": 11.60540771484375,
      "side_mean": -35.42796325683594
    },
    {
      "high_freq": 12199.2666015625,
      "loudness": -31.16675567626953,
      "loudness_range": 21.522085189819336,
      "low_freq": 7314.1640625,
      "mid_mean": -28.273761749267578,
      "mid_to_side_loudness": -9.101548194885254,
      "mid_to_side_loudness_range": 12.14224624633789,
      "side_mean": -37.34708023071289
    },
    {
      "loudness": -41.93962478637695,
      "loudness_range": 24.867259979248047,
      "low_freq": 12199.2666015625,
      "mid_mean": -39.563255310058594,
      "mid_to_side_loudness": -7.747812271118164,
      "mid_to_side_loudness_range": 15.062759399414062,
      "side_mean": -48.790504455566406
    }
  ],
  "channels": 2,
  "covariance": [
    [
      16.606779098510742,
      7.754621982574463,
      7.599315166473389,
      2.463740825653076,
      3.5932366847991943,
      1.862739086151123,
      3.806474447250366,
      1.4807270765304565,
      4.120536804199219,
      2.455746650695801,
      4.4327592849731445,
      2.440983772277832,
      4.851238250732422,
      3.41752552986145,
      3.5027356147766113,
      2.181532382965088,
      2.3932039737701416,
      -0.9289973378181458
    ],
    [
      7.754621982574463,
      9.307607650756836,
      4.686901569366455,
      4.19562292098999,
      2.6456398963928223,
      3.1021881103515625,
      1.7577663660049438,
      1.6134426593780518,
      1.985241174697876,
      1.1370184421539307,
      2.389540672302246,
      1.0770500898361206,
      3.253246784210205,
      2.141406297683716,
      2.4689297676086426,
      1.345141887664795,
      1.1640866994857788,
      -0.48013627529144287
    ],
    [
      7.599315166473389,
      4.686901569366455,
      11.59697437286377,
      5.046617031097412,
      6.389644145965576,
      5.4059672355651855,
      4.998955726623535,
      4.035460948944092,
      5.606501579284668,
      4.134605407714844,
      4.4184064865112305,
      2.878314971923828,
      3.448751926422119,
      0.8135618567466736,
      2.214914321899414,
      -1.6980425119400024,
      1.0705283880233765,
      -4.765871047973633
    ],
    [
      2.463740825653076,
      4.19562292098999,
      5.046617031097412,
      11.336564064025879,
      3.9163646697998047,
      9.330805778503418,
      2.3073737621307373,
      5.003608226776123,
      2.455873727798462,
      3.5675504207611084,
      2.9380605220794678,
      3.8134162425994873,
      2.7179274559020996,
      2.478984832763672,
      2.2125351428985596,
      1.8383495807647705,
      3.457707643508911,
      1.744028925895691
    ],
    [
      3.5932366847991943,
      2.6456398963928223,
      6.389644145965576,
      3.9163646697998047,
      17.246183395385742,
      13.651320457458496,
      12.153666496276855,
      10.134251594543457,
      10.221983909606934,
      9.182292938232422,
      7.208305358886719,
      7.52733850479126,
      5.5800251960754395,
      4.086886882781982,
      4.034862518310547,
      1.242367148399353,
      4.2279133796691895,
      0.572830855846405
    ],
    [
      1.862739086151123,
      3.1021881103515625,
      5.4059672355651855,
      9.330805778503418,
      13.651320457458496,
      27.739850997924805,
      7.714869499206543,
      15.57359790802002,
      7.0557451248168945,
      11.093950271606445,
      6.066863059997559,
      10.074251174926758,
      5.66803503036499,
      5.574106216430664,
      4.527176380157471,
      2.8480300903320312,
      5.9612531661987305,
      2.9104137420654297
    ],
    [
      3.806474447250366,
      1.7577663660049438,
      4.998955726623535,
      2.3073737621307373,
      12.153666496276855,
      7.714869499206543,
      26.395288467407227,
      16.72660255432129,
      13.626221656799316,
      10.065876007080078,
      8.946535110473633,
      8.230941772460938,
      6.148989677429199,
      4.732422351837158,
      5.088442325592041,
      3.221956729888916,
      5.653188705444336,
      2.9313416481018066
    ],
    [
      1.4807270765304565,
      1.6134426593780518,
      4.035460948944092,
      5.003608226776123,
      10.134251594543457,
      15.57359790802002,
      16.72660255432129,
      26.110280990600586,
      9.680560111999512,
      13.953825950622559,
      7.6857757568359375,
      12.097234725952148,
      5.1836628913879395,
      5.9539642333984375,
      3.7828965187072754,
      2.5648081302642822,
      6.648680686950684,
      2.7476019859313965
    ],
    [
      4.120536804199219,
      1.985241174697876,
      5.606501579284668,
      2.455873727798462,
      10.221983909606934,
      7.0557451248168945,
      13.626221656799316,
      9.680560111999512,
      14.317183494567871,
      10.67469310760498,
      9.46509075164795,
      8.211591720581055,
      6.884486198425293,
      4.623360633850098,
      4.690695285797119,
      1.4320734739303589,
      4.600998401641846,
      0.24548938870429993
    ],
    [
      2.455746650695801,
      1.1370184421539307,
      4.134605407714844,
      3.5675504207611084,
      9.182292938232422,
      11.093950271606445,
      10.065876007080078,
      13.953825950622559,
      10.67469310760498,
      14.899970054626465,
      7.972841262817383,
      11.793254852294922,
      5.7435712814331055,
      5.786879539489746,
      3.3018128871917725,
      1.2440274953842163,
      5.163812160491943,
      0.9991517066955566
    ],
    [
      4.4327592849731445,
      2.389540672302246,
      4.4184064865112305,
      2.9380605220794678,
      7.208305358886719,
      6.066863059997559,
      8.946535110473633,
      7.6857757568359375,
      9.46509075164795,
      7.972841262817383,
      12.332978248596191,
      9.051911354064941,
      10.477824211120605,
      8.112749099731445,
      6.686160087585449,
      4.850265979766846,
      6.564619541168213,
      3.7411296367645264
    ],
    [
      2.440983772277832,
      1.0770500898361206,
      2.878314971923828,
      3.8134162425994873,
      7.52733850479126,
      10.074251174926758,
      8.230941772460938,
      12.097234725952148,
      8.211591720581055,
      11.793254852294922,
      9.051911354064941,
      15.103676795959473,
      9.212018013000488,
      11.780394554138184,
      5.739936351776123,
      7.281994342803955,
      7.446244716644287,
      8.088337898254395
    ],
    [
      4.851238250732422,
      3.253246784210205,
      3.448751926422119,
      2.7179274559020996,
      5.5800251960754395,
      5.66803503036499,
      6.148989677429199,
      5.1836628913879395,
      6.884486198425293,
      5.7435712814331055,
      10.477824211120605,
      9.212018013000488,
      22.88473892211914,
      19.285154342651367,
      16.19955062866211,
      15.499027252197266,
      13.120116233825684,
      14.071187019348145
    ],
    [
      3.41752552986145,
      2.141406297683716,
      0.8135618567466736,
      2.478984832763672,
      4.086886882781982,
      5.574106216430664,
      4.732422351837158,
      5.9539642333984375,
      4.623360633850098,
      5.786879539489746,
      8.112749099731445,
      11.780394554138184,
      19.285154342651367,
      26.53287696838379,
      14.677404403686523,
      22.661592483520508,
      12.555740356445312,
      22.836484909057617
    ],
    [
      3.5027356147766113,
      2.4689297676086426,
      2.214914321899414,
      2.2125351428985596,
      4.034862518310547,
      4.527176380157471,
      5.088442325592041,
      3.7828965187072754,
      4.690695285797119,
      3.3018128871917725,
      6.686160087585449,
      5.739936351776123,
      16.19955062866211,
      14.677404403686523,
      20.510465621948242,
      18.355606079101562,
      14.19198226928711,
      14.528765678405762
    ],
    [
      2.181532382965088,
      1.345141887664795,
      -1.6980425119400024,
      1.8383495807647705,
      1.242367148399353,
      2.8480300903320312,
      3.221956729888916,
      2.5648081302642822,
      1.4320734739303589,
      1.2440274953842163,
      4.850265979766846,
      7.281994342803955,
      15.499027252197266,
      22.661592483520508,
      18.355606079101562,
      31.604976654052734,
      14.656036376953125,
      29.643465042114258
    ],
    [
      2.3932039737701416,
      1.1640866994857788,
      1.0705283880233765,
      3.457707643508911,
      4.2279133796691895,
      5.9612531661987305,
      5.653188705444336,
      6.648680686950684,
      4.600998401641846,
      5.163812160491943,
      6.564619541168213,
      7.446244716644287,
      13.120116233825684,
      12.555740356445312,
      14.19198226928711,
      14.656036376953125,
      20.194669723510742,
      18.045225143432617
    ],
    [
      -0.9289973378181458,
      -0.48013627529144287,
      -4.765871047973633,
      1.744028925895691,
      0.572830855846405,
      2.9104137420654297,
      2.9313416481018066,
      2.7476019859313965,
      0.24548938870429993,
      0.9991517066955566,
      3.7411296367645264,
      8.088337898254395,
      14.071187019348145,
      22.836484909057617,
      14.528765678405762,
      29.643465042114258,
      18.045225143432617,
      41.361114501953125
    ]
  ],
  "covariance_short": [
    [
      32.94681167602539,
      14.752476692199707,
      9.873797416687012,
      3.2038373947143555,
      2.4787025451660156,
      2.9729902744293213,
      5.843752384185791,
      3.1837515830993652,
      4.896333694458008,
      2.971951961517334,
      5.7214436531066895,
      3.481600284576416,
      6.533148288726807,
      3.3999204635620117,
      2.1745071411132812,
      1.0528324842453003,
      -0.5204026103019714,
      6.7283759117126465
    ],
    [
      14.752476692199707,
      18.261463165283203,
      5.6030683517456055,
      4.317164421081543,
      2.5236995220184326,
      3.6419436931610107,
      3.2423317432403564,
      2.583192825317383,
      2.4153218269348145,
      1.751099944114685,
      2.7051753997802734,
      1.824528455734253,
      3.266620397567749,
      1.8711466789245605,
      1.617140769958496,
      0.7417870759963989,
      0.08609109371900558,
      4.67152738571167
    ],
    [
      9.873797416687012,
      5.6030683517456055,
      22.183013916015625,
      8.867571830749512,
      8.75928783416748,
      6.40714168548584,
      7.6217522621154785,
      4.303284645080566,
      7.183913707733154,
      4.438130855560303,
      8.094625473022461,
      5.749024868011475,
      10.147638320922852,
      7.141205787658691,
      9.575994491577148,
      6.999574661254883,
      9.811821937561035,
      13.640718460083008
    ],
    [
      3.2038373947143555,
      4.317164421081543,
      8.867571830749512,
      14.305204391479492,
      4.903174877166748,
      9.850132942199707,
      3.355271339416504,
      5.32075309753418,
      2.970137119293213,
      3.9452803134918213,
      4.375271320343018,
      5.3520073890686035,
      4.4716691970825195,
      4.645741939544678,
      4.2576704025268555,
      4.327103137969971,
      6.252484321594238,
      9.058711051940918
    ],
    [
      2.4787025451660156,
      2.5236995220184326,
      8.75928783416748,
      4.903174877166748,
      25.192167282104492,
      15.732502937316895,
      15.388154029846191,
      10.844229698181152,
      13.415752410888672,
      10.533275604248047,
      10.834246635437012,
      9.770455360412598,
      8.478978157043457,
      6.476499557495117,
      6.934274673461914,
      3.7201526165008545,
      8.547734260559082,
      8.714232444763184
    ],
    [
      2.9729902744293213,
      3.6419436931610107,
      6.40714168548584,
      9.850132942199707,
      15.732502937316895,
      31.033926010131836,
      10.370575904846191,
      16.179075241088867,
      8.512178421020508,
      11.578079223632812,
      9.01888370513916,
      11.493566513061523,
      9.407554626464844,
      8.52269458770752,
      7.628787994384766,
      5.371699810028076,
      10.505041122436523,
      10.789301872253418
    ],
    [
      5.843752384185791,
      3.2423317432403564,
      7.6217522621154785,
      3.355271339416504,
      15.388154029846191,
      10.370575904846191,
      35.34693145751953,
      19.86036491394043,
      18.31366539001465,
      12.622721672058105,
      14.358112335205078,
      12.305693626403809,
      12.250578880310059,
      9.299355506896973,
      10.40986156463623,
      7.272888660430908,
      10.11589527130127,
      11.49837589263916
    ],
    [
      3.1837515830993652,
      2.583192825317383,
      4.303284645080566,
      5.32075309753418,
      10.844229698181152,
      16.179075241088867,
      19.86036491394043,
      29.824810028076172,
      11.654141426086426,
      15.77883243560791,
      10.77017593383789,
      15.387187004089355,
      9.597140312194824,
      9.99874496459961,
      6.991268634796143,
      5.796334743499756,
      9.653809547424316,
      11.511065483093262
    ],
    [
      4.896333694458008,
      2.4153218269348145,
      7.183913707733154,
      2.970137119293213,
      13.415752410888672,
      8.512178421020508,
      18.31366539001465,
      11.654141426086426,
      21.636415481567383,
      13.570079803466797,
      14.561141014099121,
      12.123172760009766,
      12.473861694335938,
      8.493075370788574,
      9.437881469726562,
      5.47859001159668,
      9.30077838897705,
      9.468378067016602
    ],
    [
      2.971951961517334,
      1.751099944114685,
      4.438130855560303,
      3.9452803134918213,
      10.533275604248047,
      11.578079223632812,
      12.622721672058105,
      15.77883243560791,
      13.570079803466797,
      19.041122436523438,
      11.203595161437988,
      15.501679420471191,
      9.741922378540039,
      9.680864334106445,
      6.50241756439209,
      4.680929660797119,
      8.479708671569824,
      9.757134437561035
    ],
    [
      5.7214436531066895,
      2.7051753997802734,
      8.094625473022461,
      4.375271320343018,
      10.834246635437012,
      9.01888370513916,
      14.358112335205078,
      10.77017593383789,
      14.561141014099121,
      11.203595161437988,
      22.13408660888672,
      16.230823516845703,
      22.136743545532227,
      16.41613006591797,
      16.602577209472656,
      13.566739082336426,
      16.038673400878906,
      19.777517318725586
    ],
    [
      3.481600284576416,
      1.824528455734253,
      5.749024868011475,
      5.3520073890686035,
      9.770455360412598,
      11.493566513061523,
      12.305693626403809,
      15.387187004089355,
      12.123172760009766,
      15.501679420471191,
      16.230823516845703,
      23.63092041015625,
      18.948442459106445,
      21.024154663085938,
      14.720792770385742,
      17.101728439331055,
      16.282939910888672,
      24.715303421020508
    ],
    [
      6.533148288726807,
      3.266620397567749,
      10.147638320922852,
      4.4716691970825195,
      8.478978157043457,
      9.407554626464844,
      12.250578880310059,
      9.597140312194824,
      12.473861694335938,
      9.741922378540039,
      22.136743545532227,
      18.948442459106445,
      50.087318420410156,
      39.19804382324219,
      44.453155517578125,
      38.87092208862305,
      41.3811149597168,
      53.31321716308594
    ],
    [
      3.3999204635620117,
      1.8711466789245605,
      7.141205787658691,
      4.645741939544678,
      6.476499557495117,
      8.52269458770752,
      9.299355506896973,
      9.99874496459961,
      8.493075370788574,
      9.680864334106445,
      16.41613006591797,
      21.024154663085938,
      39.19804382324219,
      44.86943817138672,
      37.275909423828125,
      43.892234802246094,
      35.86369323730469,
      58.44120788574219
    ],
    [
      2.1745071411132812,
      1.617140769958496,
      9.575994491577148,
      4.2576704025268555,
      6.934274673461914,
      7.628787994384766,
      10.40986156463623,
      6.991268634796143,
      9.437881469726562,
      6.50241756439209,
      16.602577209472656,
      14.720792770385742,
      44.453155517578125,
      37.275909423828125,
      55.88615798950195,
      46.68901443481445,
      49.63038635253906,
      59.596534729003906
    ],
    [
      1.0528324842453003,
      0.7417870759963989,
      6.999574661254883,
      4.327103137969971,
      3.7201526165008545,
      5.371699810028076,
      7.272888660430908,
      5.796334743499756,
      5.47859001159668,
      4.680929660797119,
      13.566739082336426,
      17.101728439331055,
      38.87092208862305,
      43.892234802246094,
      46.68901443481445,
      60.78464126586914,
      44.18955993652344,
      70.18632507324219
    ],
    [
      -0.5204026103019714,
      0.08609109371900558,
      9.811821937561035,
      6.252484321594238,
      8.547734260559082,
      10.505041122436523,
      10.11589527130127,
      9.653809547424316,
      9.30077838897705,
      8.479708671569824,
      16.038673400878906,
      16.282939910888672,
      41.3811149597168,
      35.86369323730469,
      49.63038635253906,
      44.18955993652344,
      68.68020629882812,
      67.10196685791016
    ],
    [
      6.7283759117126465,
      4.67152738571167,
      13.640718460083008,
      9.058711051940918,
      8.714232444763184,
      10.789301872253418,
      11.49837589263916,
      11.511065483093262,
      9.468378067016602,
      9.757134437561035,
      19.777517318725586,
      24.715303421020508,
      53.31321716308594,
      58.44120788574219,
      59.596534729003906,
      70.18632507324219,
      67.10196685791016,
      110.3265380859375
    ]
  ],
  "drr": 14.156515121459961,
  "dynamics": 2.4933054447174072,
  "format": 1245190,
  "frames": 11378688,
  "loudness": -10.174789428710938,
  "loudness_range": 5.213684558868408,
  "loudness_range_short": 9.47188949584961,
  "peak": 0.453927606344223,
  "rms": -12.335915565490723,
  "sample_rate": 44100,
  "sections": 1,
  "seekable": 1,
  "sharpness": 2.918957471847534,
  "space": -13.539941787719727
}