{
  "bands": [
    {
      "high_freq": 148.1999969482422,
      "loudness": -54.617122650146484,
      "loudness_range": 31.30188751220703,
      "mid_mean": -53.37117004394531,
      "mid_to_side_loudness": -2.311936378479004,
      "mid_to_side_loudness_range": 7.848599433898926,
      "side_mean": -55.31495666503906
    },
    {
      "high_freq": 392.3793640136719,
      "loudness": -35.9569091796875,
      "loudness_range": 22.057540893554688,
      "low_freq": 148.1999969482422,
      "mid_mean": -35.05916213989258,
      "mid_to_side_loudness": -1.3242219686508179,
      "mid_to_side_loudness_range": 10.288268089294434,
      "side_mean": -36.314979553222656
    },
    {
      "high_freq": 794.6976318359375,
      "loudness": -34.52519989013672,
      "loudness_range": 23.711490631103516,
      "low_freq": 392.3793640136719,
      "mid_mean": -32.98329544067383,
      "mid_to_side_loudness": -2.256639242172241,
      "mid_to_side_loudness_range": 7.267183780670166,
      "side_mean": -35.54347610473633
    },
    {
      "high_freq": 1457.5709228515625,
      "loudness": -35.9156379699707,
      "loudness_range": 22.692188262939453,
      "low_freq": 794.6976318359375,
      "mid_mean": -34.71002960205078,
      "mid_to_side_loudness": -1.4066367149353027,
      "mid_to_side_loudness_range": 6.41407585144043,
      "side_mean": -36.30360794067383
    },
    {
      "high_freq": 2549.74365234375,
      "loudness": -37.97113800048828,
      "loudness_range": 27.803617477416992,
      "low_freq": 1457.5709228515625,
      "mid_mean": -36.739139556884766,
      "mid_to_side_loudness": -1.4986588954925537,
      "mid_to_side_loudness_range": 5.910978317260742,
      "side_mean": -38.429847717285156
    },
    {
      "high_freq": 4349.24462890625,
      "loudness": -44.96613693237305,
      "loudness_range": 27.04079818725586,
      "low_freq": 2549.74365234375,
      "mid_mean": -43.91297149658203,
      "mid_to_side_loudness": -1.1142096519470215,
      "mid_to_side_loudness_range": 5.20435094833374,
      "side_mean": -45.225547790527344
    },
    {
      "high_freq": 7314.1640625,
      "loudness": -58.54521560668945,
      "loudness_range": 31.803665161132812,
      "low_freq": 4349.24462890625,
      "mid_mean": -57.808837890625,
      "mid_to_side_loudness": -0.6637526154518127,
      "mid_to_side_loudness_range": 4.270209312438965,
      "side_mean": -58.471580505371094
    },
    {
      "high_freq": 12199.2666015625,
      "loudness": -69.1041030883789,
      "loudness_range": 27.159679412841797,
      "low_freq": 7314.1640625,
      "mid_mean": -64.82511138916016,
      "mid_to_side_loudness": 0.012270296923816204,
      "mid_to_side_loudness_range": 4.783476829528809,
      "side_mean": -65.0428695678711
    },
    {
      "loudness": -74.57545471191406,
      "loudness_range": 18.46044158935547,
      "low_freq": 12199.2666015625,
      "mid_mean": -67.69489288330078,
      "mid_to_side_loudness": -0.13672223687171936,
      "mid_to_side_loudness_range": 5.037426948547363,
      "side_mean": -68.05204010009766
    }
  ],
  "bands_short": [
    {
      "high_freq": 148.1999969482422,
      "loudness": -57.367584228515625,
      "loudness_range": 30.761798858642578,
      "mid_mean": -55.87530517578125,
      "mid_to_side_loudness": -2.8846547603607178,
      "mid_to_side_loudness_range": 12.214356422424316,
      "side_mean": -58.168739318847656
    },
    {
      "high_freq": 392.3793640136719,
      "loudness": -36.83021545410156,
      "loudness_range": 23.24803924560547,
      "low_freq": 148.1999969482422,
      "mid_mean": -36.19108581542969,
      "mid_to_side_loudness": -1.2446600198745728,
      "mid_to_side_loudness_range": 13.417205810546875,
      "side_mean": -37.22251510620117
    },
    {
      "high_freq": 794.6976318359375,
      "loudness": -34.54692459106445,
      "loudness_range": 23.770145416259766,
      "low_freq": 392.3793640136719,
      "mid_mean": -33.12057113647461,
      "mid_to_side_loudness": -2.1665992736816406,
      "mid_to_side_loudness_range": 10.925378799438477,
      "side_mean": -35.791961669921875
    },
    {
      "high_freq": 1457.5709228515625,
      "loudness": -35.92877960205078,
      "loudness_range": 23.014440536499023,
      "low_freq": 794.6976318359375,
      "mid_mean": -34.862831115722656,
      "mid_to_side_loudness": -1.370619297027588,
      "mid_to_side_loudness_range": 9.386812210083008,
      "side_mean": -36.44000244140625
    },
    {
      "high_freq": 2549.74365234375,
      "loudness": -38.280372619628906,
      "loudness_range": 27.41449737548828,
      "low_freq": 1457.5709228515625,
      "mid_mean": -37.213260650634766,
      "mid_to_side_loudness": -1.3639789819717407,
      "mid_to_side_loudness_range": 8.83928394317627,
      "side_mean": -38.79106521606445
    },
    {
      "high_freq": 4349.24462890625,
      "loudness": -45.099605560302734,
      "loudness_range": 27.79105567932129,
      "low_freq": 2549.74365234375,
      "mid_mean": -44.2645149230957,
      "mid_to_side_loudness": -0.9216307997703552,
      "mid_to_side_loudness_range": 7.1915740966796875,
      "side_mean": -45.41191482543945
    },
    {
      "high_freq": 7314.1640625,
      "loudness": -58.65464401245117,
      "loudness_range": 32.13362503051758,
      "low_freq": 4349.24462890625,
      "mid_mean": -58.003517150878906,
      "mid_to_side_loudness": -0.545975387096405,
      "mid_to_side_loudness_range": 5.857514381408691,
      "side_mean": -58.580963134765625
    },
    {
      "high_freq": 12199.2666015625,
      "loudness": -69.29470825195312,
      "loudness_range": 27.499290466308594,
      "low_freq": 7314.1640625,
      "mid_mean": -64.9383773803711,
      "mid_to_side_loudness": 0.16602078080177307,
      "mid_to_side_loudness_range": 5.381167888641357,
      "side_mean": -65.1141357421875
    },
    {
      "loudness": -74.69509887695312,
      "loudness_range": 18.454280853271484,
      "low_freq": 12199.2666015625,
      "mid_mean": -67.73709869384766,
      "mid_to_side_loudness": -0.027488084509968758,
      "mid_to_side_loudness_range": 5.473602294921875,
      "side_mean": -68.07527160644531
    }
  ],
  "channels": 2,
  "covariance": [
    [
      105.61780548095703,
      110.51628112792969,
      35.521812438964844,
      41.53922653198242,
      18.854225158691406,
      15.915101051330566,
      7.358270645141602,
      3.814018964767456,
      1.2241371870040894,
      1.3592027425765991,
      4.808966159820557,
      5.2024006843566895,
      15.570656776428223,
      16.003623962402344,
      11.400765419006348,
      10.280404090881348,
      5.56365442276001,
      4.271002769470215
    ],
    [
      110.51628112792969,
      121.4964370727539,
      37.8525276184082,
      44.98942565917969,
      20.806987762451172,
      17.01419448852539,
      8.269816398620605,
      4.559357166290283,
      2.3198509216308594,
      2.5566484928131104,
      5.821518898010254,
      6.155239105224609,
      15.158706665039062,
      15.74875259399414,
      12.325262069702148,
      11.096489906311035,
      6.163490295410156,
      4.6866888999938965
    ],
    [
      35.521812438964844,
      37.8525276184082,
      62.4561882019043,
      57.57419204711914,
      43.766265869140625,
      42.568477630615234,
      31.46717071533203,
      27.097393035888672,
      35.45586395263672,
      33.99042892456055,
      35.52821350097656,
      35.27122497558594,
      41.926876068115234,
      39.83544158935547,
      28.27425765991211,
      25.97197151184082,
      14.31757926940918,
      10.746283531188965
    ],
    [
      41.53922653198242,
      44.98942565917969,
      57.57419204711914,
      67.65779876708984,
      43.12563705444336,
      42.122982025146484,
      29.74064064025879,
      25.36629867553711,
      33.09572982788086,
      32.63307189941406,
      34.67860412597656,
      34.9679069519043,
      42.102569580078125,
      40.56946563720703,
      29.112720489501953,
      26.988996505737305,
      14.62347412109375,
      10.955775260925293
    ],
    [
      18.854225158691406,
      20.806987762451172,
      43.766265869140625,
      43.12563705444336,
      69.41853332519531,
      60.685665130615234,
      49.58959197998047,
      44.642513275146484,
      56.0793571472168,
      52.53893280029297,
      56.75335693359375,
      56.06112289428711,
      61.77920913696289,
      58.278682708740234,
      38.77147674560547,
      35.88214111328125,
      18.95641326904297,
      14.284801483154297
    ],
    [
      15.915101051330566,
      17.01419448852539,
      42.568477630615234,
      42.122982025146484,
      60.685665130615234,
      61.92855453491211,
      46.63648986816406,
      42.16346740722656,
      53.592403411865234,
      51.615081787109375,
      54.532310485839844,
      54.333011627197266,
      60.615264892578125,
      57.432132720947266,
      37.45979309082031,
      34.82865524291992,
      18.087080001831055,
      13.695467948913574
    ],
    [
      7.358270645141602,
      8.269816398620605,
      31.46717071533203,
      29.74064064025879,
      49.58959197998047,
      46.63648986816406,
      63.37840270996094,
      56.72956085205078,
      60.56453323364258,
      56.45187759399414,
      61.28343963623047,
      59.111270904541016,
      58.940006256103516,
      55.66655349731445,
      37.95220947265625,
      34.67604446411133,
      19.37847137451172,
      14.450081825256348
    ],
    [
      3.814018964767456,
      4.559357166290283,
      27.097393035888672,
      25.36629867553711,
      44.642513275146484,
      42.16346740722656,
      56.72956085205078,
      56.273929595947266,
      56.028812408447266,
      53.34182357788086,
      57.98575973510742,
      56.54053497314453,
      56.07692337036133,
      53.482791900634766,
      36.22266387939453,
      33.51292037963867,
      18.60173225402832,
      13.989699363708496
    ],
    [
      1.2241371870040894,
      2.3198509216308594,
      35.45586395263672,
      33.09572982788086,
      56.0793571472168,
      53.592403411865234,
      60.56453323364258,
      56.028812408447266,
      78.88253021240234,
      71.59516906738281,
      73.54303741455078,
      71.40965270996094,
      73.98123931884766,
      70.41667938232422,
      47.59497833251953,
      44.55633544921875,
      24.414833068847656,
      18.540437698364258
    ],
    [
      1.3592027425765991,
      2.5566484928131104,
      33.99042892456055,
      32.63307189941406,
      52.53893280029297,
      51.615081787109375,
      56.45187759399414,
      53.34182357788086,
      71.59516906738281,
      69.90729522705078,
      70.0886459350586,
      69.77641296386719,
      71.00122833251953,
      68.30113220214844,
      45.42888259887695,
      43.227787017822266,
      23.151517868041992,
      17.88521957397461
    ],
    [
      4.808966159820557,
      5.821518898010254,
      35.52821350097656,
      34.67860412597656,
      56.75335693359375,
      54.532310485839844,
      61.28343963623047,
      57.98575973510742,
      73.54303741455078,
      70.0886459350586,
      82.78213500976562,
      80.39571380615234,
      80.75092315673828,
      76.912109375,
      49.17568588256836,
      46.89068603515625,
      24.379011154174805,
      18.79966926574707
    ],
    [
      5.2024006843566895,
      6.155239105224609,
      35.27122497558594,
      34.9679069519043,
      56.06112289428711,
      54.333011627197266,
      59.111270904541016,
      56.54053497314453,
      71.40965270996094,
      69.77641296386719,
      80.39571380615234,
      82.20106506347656,
      81.72868347167969,
      78.73426818847656,
      49.89204025268555,
      48.22385025024414,
      24.554248809814453,
      19.225341796875
    ],
    [
      15.570656776428223,
      15.158706665039062,
      41.926876068115234,
      42.102569580078125,
      61.77920913696289,
      60.615264892578125,
      58.940006256103516,
      56.07692337036133,
      73.98123931884766,
      71.00122833251953,
      80.75092315673828,
      81.72868347167969,
      95.17613983154297,
      90.79557800292969,
      57.06373596191406,
      54.86101531982422,
      27.601411819458008,
      21.548860549926758
    ],
    [
      16.003623962402344,
      15.74875259399414,
      39.83544158935547,
      40.56946563720703,
      58.278682708740234,
      57.432132720947266,
      55.66655349731445,
      53.482791900634766,
      70.41667938232422,
      68.30113220214844,
      76.912109375,
      78.73426818847656,
      90.79557800292969,
      87.81463623046875,
      55.20829772949219,
      53.47221374511719,
      26.745357513427734,
      21.04226303100586
    ],
    [
      11.400765419006348,
      12.325262069702148,
      28.27425765991211,
      29.112720489501953,
      38.77147674560547,
      37.45979309082031,
      37.95220947265625,
      36.22266387939453,
      47.59497833251953,
      45.42888259887695,
      49.17568588256836,
      49.89204025268555,
      57.06373596191406,
      55.20829772949219,
      39.661678314208984,
      37.9052734375,
      19.817873001098633,
      15.497624397277832
    ],
    [
      10.280404090881348,
      11.096489906311035,
      25.97197151184082,
      26.988996505737305,
      35.88214111328125,
      34.82865524291992,
      34.67604446411133,
      33.51292037963867,
      44.55633544921875,
      43.227787017822266,
      46.89068603515625,
      48.22385025024414,
      54.86101531982422,
      53.47221374511719,
      37.9052734375,
      37.05385208129883,
      18.90866470336914,
      15.130169868469238
    ],
    [
      5.56365442276001,
      6.163490295410156,
      14.31757926940918,
      14.62347412109375,
      18.95641326904297,
      18.087080001831055,
      19.37847137451172,
      18.60173225402832,
      24.414833068847656,
      23.151517868041992,
      24.379011154174805,
      24.554248809814453,
      27.601411819458008,
      26.745357513427734,
      19.817873001098633,
      18.90866470336914,
      10.751562118530273,
      8.335756301879883
    ],
    [
      4.271002769470215,
      4.6866888999938965,
      10.746283531188965,
      10.955775260925293,
      14.284801483154297,
      13.695467948913574,
      14.450081825256348,
      13.989699363708496,
      18.540437698364258,
      17.88521957397461,
      18.79966926574707,
      19.225341796875,
      21.548860549926758,
      21.04226303100586,
      15.497624397277832,
      15.130169868469238,
      8.335756301879883,
      6.776651859283447
    ]
  ],
  "covariance_short": [
    [
      92.02546691894531,
      88.8095932006836,
      34.67990493774414,
      39.6195068359375,
      14.092775344848633,
      13.116456031799316,
      7.465120792388916,
      3.4830596446990967,
      2.6578257083892822,
      1.8937853574752808,
      4.918090343475342,
      4.332238674163818,
      13.434521675109863,
      13.588040351867676,
      9.575157165527344,
      8.958512306213379,
      5.0582685470581055,
      3.8329873085021973
    ],
    [
      88.8095932006836,
      99.14600372314453,
      35.85960388183594,
      42.66885757446289,
      15.627921104431152,
      14.173657417297363,
      9.116363525390625,
      4.864683151245117,
      4.650060653686523,
      3.58154034614563,
      6.385074615478516,
      5.548340797424316,
      13.532020568847656,
      13.780837059020996,
      10.779597282409668,
      10.088720321655273,
      5.870329856872559,
      4.413437843322754
    ],
    [
      34.67990493774414,
      35.85960388183594,
      70.01519012451172,
      60.2339973449707,
      43.322078704833984,
      43.457637786865234,
      31.6724910736084,
      27.626089096069336,
      34.871097564697266,
      33.42013931274414,
      35.911563873291016,
      35.237361907958984,
      41.41083526611328,
      39.2830810546875,
      27.83234405517578,
      25.705141067504883,
      14.230743408203125,
      10.707863807678223
    ],
    [
      39.6195068359375,
      42.66885757446289,
      60.2339973449707,
      75.53922271728516,
      42.292484283447266,
      42.08361053466797,
      30.41009521484375,
      26.22693634033203,
      32.079524993896484,
      31.351463317871094,
      34.844993591308594,
      34.37413024902344,
      40.37762451171875,
      38.874183654785156,
      27.943817138671875,
      25.907583236694336,
      14.178948402404785,
      10.664384841918945
    ],
    [
      14.092775344848633,
      15.627921104431152,
      43.322078704833984,
      42.292484283447266,
      72.05117797851562,
      60.53622817993164,
      49.844696044921875,
      44.68366622924805,
      55.620819091796875,
      52.66299057006836,
      57.73072052001953,
      56.16459274291992,
      60.91670608520508,
      57.527099609375,
      37.750728607177734,
      35.01394271850586,
      18.44017791748047,
      13.949918746948242
    ],
    [
      13.116456031799316,
      14.173657417297363,
      43.457637786865234,
      42.08361053466797,
      60.53622817993164,
      67.39015197753906,
      46.84695053100586,
      42.030643463134766,
      53.50186538696289,
      51.830196380615234,
      55.19183349609375,
      54.67953872680664,
      60.36350631713867,
      57.27961349487305,
      36.74248504638672,
      34.15652084350586,
      17.645240783691406,
      13.361221313476562
    ],
    [
      7.465120792388916,
      9.116363525390625,
      31.6724910736084,
      30.41009521484375,
      49.844696044921875,
      46.84695053100586,
      66.10403442382812,
      55.875633239746094,
      60.472747802734375,
      56.987762451171875,
      62.27616500854492,
      59.77310562133789,
      59.061737060546875,
      55.95942306518555,
      38.05000686645508,
      34.9857177734375,
      19.28740882873535,
      14.445353507995605
    ],
    [
      3.4830596446990967,
      4.864683151245117,
      27.626089096069336,
      26.22693634033203,
      44.68366622924805,
      42.030643463134766,
      55.875633239746094,
      58.57402801513672,
      55.54326629638672,
      53.51803970336914,
      58.30094528198242,
      56.82054901123047,
      56.05433654785156,
      53.66453170776367,
      36.190406799316406,
      33.67389678955078,
      18.43022918701172,
      13.925350189208984
    ],
    [
      2.6578257083892822,
      4.650060653686523,
      34.871097564697266,
      32.079524993896484,
      55.620819091796875,
      53.50186538696289,
      60.472747802734375,
      55.54326629638672,
      82.22846984863281,
      71.88027954101562,
      74.6624526977539,
      71.90467834472656,
      74.12102508544922,
      70.42572784423828,
      47.68464279174805,
      44.66073226928711,
      24.218626022338867,
      18.43455696105957
    ],
    [
      1.8937853574752808,
      3.58154034614563,
      33.42013931274414,
      31.351463317871094,
      52.66299057006836,
      51.830196380615234,
      56.987762451171875,
      53.51803970336914,
      71.88027954101562,
      73.2734375,
      70.96456146240234,
      70.39645385742188,
      71.26050567626953,
      68.5500717163086,
      45.50418472290039,
      43.31084442138672,
      22.96544647216797,
      17.767135620117188
    ],
    [
      4.918090343475342,
      6.385074615478516,
      35.911563873291016,
      34.844993591308594,
      57.73072052001953,
      55.19183349609375,
      62.27616500854492,
      58.30094528198242,
      74.6624526977539,
      70.96456146240234,
      87.39517211914062,
      81.955322265625,
      81.87409210205078,
      77.94866943359375,
      49.581783294677734,
      47.28510665893555,
      24.460979461669922,
      18.888965606689453
    ],
    [
      4.332238674163818,
      5.548340797424316,
      35.237361907958984,
      34.37413024902344,
      56.16459274291992,
      54.67953872680664,
      59.77310562133789,
      56.82054901123047,
      71.90467834472656,
      70.39645385742188,
      81.955322265625,
      84.96965026855469,
      81.86407470703125,
      79.08113861083984,
      49.727264404296875,
      48.079673767089844,
      24.339977264404297,
      19.086334228515625
    ],
    [
      13.434521675109863,
      13.532020568847656,
      41.41083526611328,
      40.37762451171875,
      60.91670608520508,
      60.36350631713867,
      59.061737060546875,
      56.05433654785156,
      74.12102508544922,
      71.26050567626953,
      81.87409210205078,
      81.86407470703125,
      95.41165924072266,
      90.28299713134766,
      56.51262664794922,
      54.34523391723633,
      27.249547958374023,
      21.297170639038086
    ],
    [
      13.588040351867676,
      13.780837059020996,
      39.2830810546875,
      38.874183654785156,
      57.527099609375,
      57.27961349487305,
      55.95942306518555,
      53.66453170776367,
      70.42572784423828,
      68.5500717163086,
      77.94866943359375,
      79.08113861083984,
      90.28299713134766,
      88.08869934082031,
      54.547943115234375,
      52.91548156738281,
      26.32985496520996,
      20.753700256347656
    ],
    [
      9.575157165527344,
      10.779597282409668,
      27.83234405517578,
      27.943817138671875,
      37.750728607177734,
      36.74248504638672,
      38.05000686645508,
      36.190406799316406,
      47.68464279174805,
      45.50418472290039,
      49.581783294677734,
      49.727264404296875,
      56.51262664794922,
      54.547943115234375,
      39.538604736328125,
      37.51328659057617,
      19.611331939697266,
      15.324501991271973
    ],
    [
      8.958512306213379,
      10.088720321655273,
      25.705141067504883,
      25.907583236694336,
      35.01394271850586,
      34.15652084350586,
      34.9857177734375,
      33.67389678955078,
      44.66073226928711,
      43.31084442138672,
      47.28510665893555,
      48.079673767089844,
      54.34523391723633,
      52.91548156738281,
      37.51328659057617,
      36.783077239990234,
      18.648500442504883,
      14.93824291229248
    ],
    [
      5.0582685470581055,
      5.870329856872559,
      14.230743408203125,
      14.178948402404785,
      18.44017791748047,
      17.645240783691406,
      19.28740882873535,
      18.43022918701172,
      24.218626022338867,
      22.96544647216797,
      24.460979461669922,
      24.339977264404297,
      27.249547958374023,
      26.32985496520996,
      19.611331939697266,
      18.648500442504883,
      10.768726348876953,
      8.29645824432373
    ],
    [
      3.8329873085021973,
      4.413437843322754,
      10.707863807678223,
      10.664384841918945,
      13.949918746948242,
      13.361221313476562,
      14.445353507995605,
      13.925350189208984,
      18.43455696105957,
      17.767135620117188,
      18.888965606689453,
      19.086334228515625,
      21.297170639038086,
      20.753700256347656,
      15.324501991271973,
      14.93824291229248,
      8.29645824432373,
      6.776147365570068
    ]
  ],
  "drr": 12.177693367004395,
  "dynamics": 6.395936012268066,
  "format": 1245190,
  "frames": 9211904,
  "loudness": -24.617733001708984,
  "loudness_range": 20.929229736328125,
  "loudness_range_short": 21.6716251373291,
  "peak": -0.6348507404327393,
  "rms": -23.561248779296875,
  "sample_rate": 44100,
  "sections": 1,
  "seekable": 1,
  "sharpness": 1.3930959701538086,
  "space": -1.709134817123413
}