{
  "bands": [
    {
      "high_freq": 148.1999969482422,
      "loudness": -33.40808868408203,
      "loudness_range": 17.12417221069336,
      "mid_mean": -32.1641845703125,
      "mid_to_side_loudness": -2.579845905303955,
      "mid_to_side_loudness_range": 5.699711799621582,
      "side_mean": -33.72263717651367
    },
    {
      "high_freq": 392.3793640136719,
      "loudness": -30.602252960205078,
      "loudness_range": 12.396814346313477,
      "low_freq": 148.1999969482422,
      "mid_mean": -28.62957763671875,
      "mid_to_side_loudness": -4.429027080535889,
      "mid_to_side_loudness_range": 11.574751853942871,
      "side_mean": -32.96123504638672
    },
    {
      "high_freq": 794.6976318359375,
      "loudness": -34.55255889892578,
      "loudness_range": 19.806833267211914,
      "low_freq": 392.3793640136719,
      "mid_mean": -31.583391189575195,
      "mid_to_side_loudness": -9.72021198272705,
      "mid_to_side_loudness_range": 17.534231185913086,
      "side_mean": -41.704341888427734
    },
    {
      "high_freq": 1457.5709228515625,
      "loudness": -41.46314239501953,
      "loudness_range": 26.48801612854004,
      "low_freq": 794.6976318359375,
      "mid_mean": -38.446388244628906,
      "mid_to_side_loudness": -9.891800880432129,
      "mid_to_side_loudness_range": 17.591970443725586,
      "side_mean": -48.94045639038086
    },
    {
      "high_freq": 2549.74365234375,
      "loudness": -44.29853057861328,
      "loudness_range": 22.584659576416016,
      "low_freq": 1457.5709228515625,
      "mid_mean": -41.571380615234375,
      "mid_to_side_loudness": -7.909870624542236,
      "mid_to_side_loudness_range": 14.892918586730957,
      "side_mean": -50.12085723876953
    },
    {
      "high_freq": 4349.24462890625,
      "loudness": -48.726131439208984,
      "loudness_range": 17.976486206054688,
      "low_freq": 2549.74365234375,
      "mid_mean": -47.19596481323242,
      "mid_to_side_loudness": -2.295029640197754,
      "mid_to_side_loudness_range": 5.1341400146484375,
      "side_mean": -49.53327941894531
    },
    {
      "high_freq": 7314.1640625,
      "loudness": -48.63055419921875,
      "loudness_range": 18.865520477294922,
      "low_freq": 4349.24462890625,
      "mid_mean": -47.813133239746094,
      "mid_to_side_loudness": -0.551469624042511,
      "mid_to_side_loudness_range": 1.0098799467086792,
      "side_mean": -48.40108108520508
    },
    {
      "high_freq": 12199.2666015625,
      "loudness": -49.83190155029297,
      "loudness_range": 22.106422424316406,
      "low_freq": 7314.1640625,
      "mid_mean": -49.129554748535156,
      "mid_to_side_loudness": -0.8028340935707092,
      "mid_to_side_loudness_range": 1.2373504638671875,
      "side_mean": -50.193260192871094
    },
    {
      "loudness": -54.63177490234375,
      "loudness_range": 24.255977630615234,
      "low_freq": 12199.2666015625,
      "mid_mean": -53.5914421081543,
      "mid_to_side_loudness": -0.29843348264694214,
      "mid_to_side_loudness_range": 0.6861093640327454,
      "side_mean": -53.872344970703125
    }
  ],
  "bands_short": [
    {
      "high_freq": 148.1999969482422,
      "loudness": -36.57138442993164,
      "loudness_range": 23.224754333496094,
      "mid_mean": -35.29996109008789,
      "mid_to_side_loudness": -2.9237184524536133,
      "mid_to_side_loudness_range": 11.328279495239258,
      "side_mean": -37.364662170410156
    },
    {
      "high_freq": 392.3793640136719,
      "loudness": -32.19352722167969,
      "loudness_range": 17.74474334716797,
      "low_freq": 148.1999969482422,
      "mid_mean": -30.382858276367188,
      "mid_to_side_loudness": -4.023332595825195,
      "mid_to_side_loudness_range": 12.540366172790527,
      "side_mean": -34.30191421508789
    },
    {
      "high_freq": 794.6976318359375,
      "loudness": -35.337646484375,
      "loudness_range": 22.45006561279297,
      "low_freq": 392.3793640136719,
      "mid_mean": -32.543731689453125,
      "mid_to_side_loudness": -9.103570938110352,
      "mid_to_side_loudness_range": 18.679866790771484,
      "side_mean": -42.303924560546875
    },
    {
      "high_freq": 1457.5709228515625,
      "loudness": -42.537532806396484,
      "loudness_range": 27.905681610107422,
      "low_freq": 794.6976318359375,
      "mid_mean": -39.62498092651367,
      "mid_to_side_loudness": -9.677817344665527,
      "mid_to_side_loudness_range": 18.6197452545166,
      "side_mean": -50.64769744873047
    },
    {
      "high_freq": 2549.74365234375,
      "loudness": -46.38986587524414,
      "loudness_range": 26.934940338134766,
      "low_freq": 1457.5709228515625,
      "mid_mean": -43.74971389770508,
      "mid_to_side_loudness": -8.162386894226074,
      "mid_to_side_loudness_range": 16.49790382385254,
      "side_mean": -52.65092468261719
    },
    {
      "high_freq": 4349.24462890625,
      "loudness": -51.005218505859375,
      "loudness_range": 23.127315521240234,
      "low_freq": 2549.74365234375,
      "mid_mean": -49.39165115356445,
      "mid_to_side_loudness": -2.805852174758911,
      "mid_to_side_loudness_range": 7.185487747192383,
      "side_mean": -52.3531494140625
    },
    {
      "high_freq": 7314.1640625,
      "loudness": -51.61142349243164,
      "loudness_range": 24.309680938720703,
      "low_freq": 4349.24462890625,
      "mid_mean": -51.106624603271484,
      "mid_to_side_loudness": -0.7135039567947388,
      "mid_to_side_loudness_range": 1.8651641607284546,
      "side_mean": -51.767147064208984
    },
    {
      "high_freq": 12199.2666015625,
      "loudness": -52.30222702026367,
      "loudness_range": 27.095989227294922,
      "low_freq": 7314.1640625,
      "mid_mean": -51.764801025390625,
      "mid_to_side_loudness": -0.8879333734512329,
      "mid_to_side_loudness_range": 2.0131661891937256,
      "side_mean": -52.579837799072266
    },
    {
      "loudness": -57.86110305786133,
      "loudness_range": 28.182987213134766,
      "low_freq": 12199.2666015625,
      "mid_mean": -56.38032150268555,
      "mid_to_side_loudness": -0.3076009750366211,
      "mid_to_side_loudness_range": 1.255338430404663,
      "side_mean": -56.656211853027344
    }
  ],
  "channels": 2,
  "covariance": [
    [
      43.081153869628906,
      34.761962890625,
      12.560192108154297,
      21.57005500793457,
      5.653187274932861,
      13.687355995178223,
      8.845953941345215,
      11.418717384338379,
      3.5657174587249756,
      6.94672966003418,
      6.201201915740967,
      7.906419277191162,
      7.633227825164795,
      8.341487884521484,
      13.93226432800293,
      13.902931213378906,
      14.47889232635498,
      14.362252235412598
    ],
    [
      34.761962890625,
      40.71221923828125,
      10.365291595458984,
      18.787263870239258,
      3.331918478012085,
      10.868557929992676,
      5.156790256500244,
      7.326518535614014,
      0.7082233428955078,
      2.7691380977630615,
      2.311328411102295,
      2.7499780654907227,
      4.3867011070251465,
      4.380502223968506,
      8.201066970825195,
      8.290955543518066,
      9.607078552246094,
      9.511616706848145
    ],
    [
      12.560192108154297,
      10.365291595458984,
      24.710851669311523,
      15.492640495300293,
      20.463247299194336,
      14.487024307250977,
      21.527996063232422,
      14.75434398651123,
      21.223594665527344,
      14.169855117797852,
      15.79354476928711,
      13.372039794921875,
      13.176712036132812,
      13.182263374328613,
      16.86193084716797,
      16.429096221923828,
      14.474577903747559,
      14.290675163269043
    ],
    [
      21.57005500793457,
      18.787263870239258,
      15.492640495300293,
      27.913898468017578,
      4.5891008377075195,
      15.917665481567383,
      6.84060001373291,
      13.906254768371582,
      3.8676860332489014,
      10.244171142578125,
      8.289915084838867,
      9.680675506591797,
      10.520177841186523,
      10.793965339660645,
      12.882834434509277,
      12.825729370117188,
      10.850621223449707,
      10.748773574829102
    ],
    [
      5.653187274932861,
      3.331918478012085,
      20.463247299194336,
      4.5891008377075195,
      61.693763732910156,
      22.810382843017578,
      54.13399124145508,
      25.160751342773438,
      54.16751480102539,
      26.853635787963867,
      33.70524597167969,
      25.905668258666992,
      28.36076545715332,
      27.745441436767578,
      32.44819259643555,
      31.290193557739258,
      28.855005264282227,
      28.3855037689209
    ],
    [
      13.687355995178223,
      10.868557929992676,
      14.487024307250977,
      15.917665481567383,
      22.810382843017578,
      24.54827117919922,
      23.63791275024414,
      22.21941566467285,
      22.749942779541016,
      21.144317626953125,
      21.543432235717773,
      20.44997787475586,
      20.287302017211914,
      20.49984359741211,
      23.83864402770996,
      23.373733520507812,
      19.838104248046875,
      19.5884952545166
    ],
    [
      8.845953941345215,
      5.156790256500244,
      21.527996063232422,
      6.84060001373291,
      54.13399124145508,
      23.63791275024414,
      80.31543731689453,
      35.92755126953125,
      62.21288299560547,
      33.536277770996094,
      41.75299072265625,
      32.86079025268555,
      36.15746307373047,
      35.39825439453125,
      43.60771560668945,
      42.56572723388672,
      39.244197845458984,
      38.70576477050781
    ],
    [
      11.418717384338379,
      7.326518535614014,
      14.75434398651123,
      13.906254768371582,
      25.160751342773438,
      22.21941566467285,
      35.92755126953125,
      32.30617904663086,
      32.35564422607422,
      30.391857147216797,
      31.06687355041504,
      30.372760772705078,
      30.089859008789062,
      30.14118003845215,
      34.5067253112793,
      33.9041633605957,
      30.124704360961914,
      29.805782318115234
    ],
    [
      3.5657174587249756,
      0.7082233428955078,
      21.223594665527344,
      3.8676860332489014,
      54.16751480102539,
      22.749942779541016,
      62.21288299560547,
      32.35564422607422,
      68.3305892944336,
      36.04702377319336,
      42.52710723876953,
      34.11629104614258,
      36.20305252075195,
      35.428009033203125,
      40.72254943847656,
      39.44160842895508,
      35.81856155395508,
      35.2790641784668
    ],
    [
      6.94672966003418,
      2.7691380977630615,
      14.169855117797852,
      10.244171142578125,
      26.853635787963867,
      21.144317626953125,
      33.536277770996094,
      30.391857147216797,
      36.04702377319336,
      41.04261016845703,
      35.86241149902344,
      35.9881477355957,
      34.50576400756836,
      34.4608268737793,
      37.726253509521484,
      41.86265563964844,
      35.45897674560547,
      35.04262161254883
    ],
    [
      6.201201915740967,
      2.311328411102295,
      15.79354476928711,
      8.289915084838867,
      33.70524597167969,
      21.543432235717773,
      41.75299072265625,
      31.06687355041504,
      42.52710723876953,
      35.86241149902344,
      42.33903503417969,
      38.16169357299805,
      39.58491897583008,
      39.083343505859375,
      43.83039855957031,
      42.88068389892578,
      38.462772369384766,
      38.01495361328125
    ],
    [
      7.906419277191162,
      2.7499780654907227,
      13.372039794921875,
      9.680675506591797,
      25.905668258666992,
      20.44997787475586,
      32.86079025268555,
      30.372760772705078,
      34.11629104614258,
      35.9881477355957,
      38.16169357299805,
      40.10491943359375,
      39.49114227294922,
      39.5739860534668,
      44.32389450073242,
      43.51708221435547,
      38.85472106933594,
      38.457088470458984
    ],
    [
      7.633227825164795,
      4.3867011070251465,
      13.176712036132812,
      10.520177841186523,
      28.36076545715332,
      20.287302017211914,
      36.15746307373047,
      30.089859008789062,
      36.20305252075195,
      34.50576400756836,
      39.58491897583008,
      39.49114227294922,
      45.77513885498047,
      45.01414489746094,
      49.68081283569336,
      48.849613189697266,
      46.89869689941406,
      46.41643524169922
    ],
    [
      8.341487884521484,
      4.380502223968506,
      13.182263374328613,
      10.793965339660645,
      27.745441436767578,
      20.49984359741211,
      35.39825439453125,
      30.14118003845215,
      35.428009033203125,
      34.4608268737793,
      39.083343505859375,
      39.5739860534668,
      45.01414489746094,
      45.14994812011719,
      49.45530700683594,
      48.663543701171875,
      46.70793151855469,
      46.24827194213867
    ],
    [
      13.93226432800293,
      8.201066970825195,
      16.86193084716797,
      12.882834434509277,
      32.44819259643555,
      23.83864402770996,
      43.60771560668945,
      34.5067253112793,
      40.72254943847656,
      37.726253509521484,
      43.83039855957031,
      44.32389450073242,
      49.68081283569336,
      49.45530700683594,
      64.4306869506836,
      63.54324722290039,
      61.04747772216797,
      60.31511688232422
    ],
    [
      13.902931213378906,
      8.290955543518066,
      16.429096221923828,
      12.825729370117188,
      31.290193557739258,
      23.373733520507812,
      42.56572723388672,
      33.9041633605957,
      39.44160842895508,
      41.86265563964844,
      42.88068389892578,
      43.51708221435547,
      48.849613189697266,
      48.663543701171875,
      63.54324722290039,
      67.38249969482422,
      63.92960739135742,
      63.18366241455078
    ],
    [
      14.47889232635498,
      9.607078552246094,
      14.474577903747559,
      10.850621223449707,
      28.855005264282227,
      19.838104248046875,
      39.244197845458984,
      30.124704360961914,
      35.81856155395508,
      35.45897674560547,
      38.462772369384766,
      38.85472106933594,
      46.89869689941406,
      46.70793151855469,
      61.04747772216797,
      63.92960739135742,
      67.75092315673828,
      67.03107452392578
    ],
    [
      14.362252235412598,
      9.511616706848145,
      14.290675163269043,
      10.748773574829102,
      28.3855037689209,
      19.5884952545166,
      38.70576477050781,
      29.805782318115234,
      35.2790641784668,
      35.04262161254883,
      38.01495361328125,
      38.457088470458984,
      46.41643524169922,
      46.24827194213867,
      60.31511688232422,
      63.18366241455078,
      67.03107452392578,
      66.36632537841797
    ]
  ],
  "covariance_short": [
    [
      66.785400390625,
      56.49259567260742,
      27.568082809448242,
      34.1275520324707,
      10.954997062683105,
      18.539749145507812,
      12.124836921691895,
      16.888519287109375,
      10.43133544921875,
      11.891633987426758,
      12.964487075805664,
      13.658607482910156,
      17.488258361816406,
      17.532384872436523,
      21.57771110534668,
      21.44073486328125,
      21.450044631958008,
      21.164243698120117
    ],
    [
      56.49259567260742,
      69.88375854492188,
      26.82890510559082,
      34.5168342590332,
      10.092939376831055,
      18.020856857299805,
      10.891178131103516,
      15.729049682617188,
      9.671598434448242,
      10.25558090209961,
      10.747476577758789,
      11.19091510772705,
      14.799899101257324,
      14.945245742797852,
      19.576618194580078,
      19.57121467590332,
      20.767980575561523,
      20.49661636352539
    ],
    [
      27.568082809448242,
      26.82890510559082,
      42.79801559448242,
      32.72907257080078,
      24.1678524017334,
      22.799823760986328,
      26.86829948425293,
      24.740779876708984,
      28.270835876464844,
      22.55803680419922,
      23.667802810668945,
      19.953840255737305,
      22.523557662963867,
      22.237119674682617,
      24.50942039489746,
      24.032699584960938,
      21.663232803344727,
      21.300874710083008
    ],
    [
      34.1275520324707,
      34.5168342590332,
      32.72907257080078,
      46.64781188964844,
      9.16897964477539,
      23.98613739013672,
      12.131482124328613,
      23.233985900878906,
      11.51467514038086,
      17.741914749145508,
      15.716998100280762,
      16.80636978149414,
      19.120777130126953,
      19.31317138671875,
      21.173643112182617,
      21.15620231628418,
      19.30844497680664,
      19.049360275268555
    ],
    [
      10.954997062683105,
      10.092939376831055,
      24.1678524017334,
      9.16897964477539,
      73.6301498413086,
      29.13625144958496,
      62.78396224975586,
      33.23276901245117,
      64.70679473876953,
      34.753658294677734,
      41.48122024536133,
      29.72312355041504,
      32.400474548339844,
      31.273027420043945,
      33.230037689208984,
      32.02267837524414,
      27.791330337524414,
      27.235334396362305
    ],
    [
      18.539749145507812,
      18.020856857299805,
      22.799823760986328,
      23.98613739013672,
      29.13625144958496,
      35.763702392578125,
      28.280855178833008,
      31.03301239013672,
      30.99968147277832,
      28.328304290771484,
      29.271587371826172,
      26.636980056762695,
      28.657958984375,
      28.289648056030273,
      29.458845138549805,
      28.990140914916992,
      24.85822296142578,
      24.50969696044922
    ],
    [
      12.124836921691895,
      10.891178131103516,
      26.86829948425293,
      12.131482124328613,
      62.78396224975586,
      28.280855178833008,
      95.85675811767578,
      46.5959358215332,
      76.83274841308594,
      44.08214569091797,
      52.092315673828125,
      38.67807388305664,
      43.08856201171875,
      41.590789794921875,
      47.1729621887207,
      45.977569580078125,
      39.99153518676758,
      39.2791748046875
    ],
    [
      16.888519287109375,
      15.729049682617188,
      24.740779876708984,
      23.233985900878906,
      33.23276901245117,
      31.03301239013672,
      46.5959358215332,
      54.21465301513672,
      47.194217681884766,
      48.573787689208984,
      46.06305694580078,
      46.722843170166016,
      50.20393371582031,
      49.376792907714844,
      51.23214340209961,
      50.26923751831055,
      43.1693115234375,
      42.5382080078125
    ],
    [
      10.43133544921875,
      9.671598434448242,
      28.270835876464844,
      11.51467514038086,
      64.70679473876953,
      30.99968147277832,
      76.83274841308594,
      47.194217681884766,
      92.30882263183594,
      52.648372650146484,
      58.40068817138672,
      45.21104049682617,
      48.75688552856445,
      47.10409927368164,
      50.191463470458984,
      48.611244201660156,
      41.91422653198242,
      41.11846160888672
    ],
    [
      11.891633987426758,
      10.25558090209961,
      22.55803680419922,
      17.741914749145508,
      34.753658294677734,
      28.328304290771484,
      44.08214569091797,
      48.573787689208984,
      52.648372650146484,
      57.17986297607422,
      53.631473541259766,
      55.00733947753906,
      57.408416748046875,
      56.55291748046875,
      57.05291748046875,
      55.87299728393555,
      47.51152038574219,
      46.81911087036133
    ],
    [
      12.964487075805664,
      10.747476577758789,
      23.667802810668945,
      15.716998100280762,
      41.48122024536133,
      29.271587371826172,
      52.092315673828125,
      46.06305694580078,
      58.40068817138672,
      53.631473541259766,
      62.76528549194336,
      56.08434295654297,
      60.26803970336914,
      59.042755126953125,
      62.33293151855469,
      60.95308303833008,
      52.54646301269531,
      51.67355728149414
    ],
    [
      13.658607482910156,
      11.19091510772705,
      19.953840255737305,
      16.80636978149414,
      29.72312355041504,
      26.636980056762695,
      38.67807388305664,
      46.722843170166016,
      45.21104049682617,
      55.00733947753906,
      56.08434295654297,
      61.902000427246094,
      65.97138214111328,
      65.4230728149414,
      67.60733032226562,
      66.53533172607422,
      57.57120132446289,
      56.754493713378906
    ],
    [
      17.488258361816406,
      14.799899101257324,
      22.523557662963867,
      19.120777130126953,
      32.400474548339844,
      28.657958984375,
      43.08856201171875,
      50.20393371582031,
      48.75688552856445,
      57.408416748046875,
      60.26803970336914,
      65.97138214111328,
      74.77791595458984,
      73.91251373291016,
      78.8740234375,
      77.56587982177734,
      68.44314575195312,
      67.39594268798828
    ],
    [
      17.532384872436523,
      14.945245742797852,
      22.237119674682617,
      19.31317138671875,
      31.273027420043945,
      28.289648056030273,
      41.590789794921875,
      49.376792907714844,
      47.10409927368164,
      56.55291748046875,
      59.042755126953125,
      65.4230728149414,
      73.91251373291016,
      73.53741455078125,
      78.03843688964844,
      76.97574615478516,
      68.14116668701172,
      67.16780853271484
    ],
    [
      21.57771110534668,
      19.576618194580078,
      24.50942039489746,
      21.173643112182617,
      33.230037689208984,
      29.458845138549805,
      47.1729621887207,
      51.23214340209961,
      50.191463470458984,
      57.05291748046875,
      62.33293151855469,
      67.60733032226562,
      78.8740234375,
      78.03843688964844,
      91.90398406982422,
      90.80438995361328,
      80.06761932373047,
      78.74900817871094
    ],
    [
      21.44073486328125,
      19.57121467590332,
      24.032699584960938,
      21.15620231628418,
      32.02267837524414,
      28.990140914916992,
      45.977569580078125,
      50.26923751831055,
      48.611244201660156,
      55.87299728393555,
      60.95308303833008,
      66.53533172607422,
      77.56587982177734,
      76.97574615478516,
      90.80438995361328,
      90.25135040283203,
      79.59481811523438,
      78.39112091064453
    ],
    [
      21.450044631958008,
      20.767980575561523,
      21.663232803344727,
      19.30844497680664,
      27.791330337524414,
      24.85822296142578,
      39.99153518676758,
      43.1693115234375,
      41.91422653198242,
      47.51152038574219,
      52.54646301269531,
      57.57120132446289,
      68.44314575195312,
      68.14116668701172,
      80.06761932373047,
      79.59481811523438,
      76.7777328491211,
      75.70962524414062
    ],
    [
      21.164243698120117,
      20.49661636352539,
      21.300874710083008,
      19.049360275268555,
      27.235334396362305,
      24.50969696044922,
      39.2791748046875,
      42.5382080078125,
      41.11846160888672,
      46.81911087036133,
      51.67355728149414,
      56.754493713378906,
      67.39594268798828,
      67.16780853271484,
      78.74900817871094,
      78.39112091064453,
      75.70962524414062,
      74.7956771850586
    ]
  ],
  "drr": 10.247455596923828,
  "dynamics": 3.8676083087921143,
  "format": 1245190,
  "frames": 10702848,
  "loudness": -22.289758682250977,
  "loudness_range": 9.738689422607422,
  "loudness_range_short": 15.491147994995117,
  "peak": -0.3588618040084839,
  "rms": -23.26325225830078,
  "sample_rate": 44100,
  "sections": 1,
  "seekable": 1,
  "sharpness": 4.317535877227783,
  "space": -5.710526943206787
}