{
  "bands": [
    {
      "high_freq": 148.1999969482422,
      "loudness": -40.189727783203125,
      "loudness_range": 19.848052978515625,
      "mid_mean": -37.67074966430664,
      "mid_to_side_loudness": -5.469818592071533,
      "mid_to_side_loudness_range": 7.445573806762695,
      "side_mean": -43.16352844238281
    },
    {
      "high_freq": 392.3793640136719,
      "loudness": -28.577402114868164,
      "loudness_range": 17.475374221801758,
      "low_freq": 148.1999969482422,
      "mid_mean": -26.250934600830078,
      "mid_to_side_loudness": -4.968441009521484,
      "mid_to_side_loudness_range": 8.622499465942383,
      "side_mean": -31.283857345581055
    },
    {
      "high_freq": 794.6976318359375,
      "loudness": -23.31523323059082,
      "loudness_range": 19.734764099121094,
      "low_freq": 392.3793640136719,
      "mid_mean": -21.67894744873047,
      "mid_to_side_loudness": -3.6753015518188477,
      "mid_to_side_loudness_range": 14.851188659667969,
      "side_mean": -25.3857421875
    },
    {
      "high_freq": 1457.5709228515625,
      "loudness": -24.97138786315918,
      "loudness_range": 20.16494369506836,
      "low_freq": 794.6976318359375,
      "mid_mean": -22.895463943481445,
      "mid_to_side_loudness": -3.938915491104126,
      "mid_to_side_loudness_range": 7.305437088012695,
      "side_mean": -26.890336990356445
    },
    {
      "high_freq": 2549.74365234375,
      "loudness": -31.629756927490234,
      "loudness_range": 16.276248931884766,
      "low_freq": 1457.5709228515625,
      "mid_mean": -29.224245071411133,
      "mid_to_side_loudness": -5.657166481018066,
      "mid_to_side_loudness_range": 9.575664520263672,
      "side_mean": -34.961544036865234
    },
    {
      "high_freq": 4349.24462890625,
      "loudness": -39.09857177734375,
      "loudness_range": 18.266658782958984,
      "low_freq": 2549.74365234375,
      "mid_mean": -36.69548416137695,
      "mid_to_side_loudness": -5.267323970794678,
      "mid_to_side_loudness_range": 7.231833457946777,
      "side_mean": -41.96302795410156
    },
    {
      "high_freq": 7314.1640625,
      "loudness": -49.52192306518555,
      "loudness_range": 22.876148223876953,
      "low_freq": 4349.24462890625,
      "mid_mean": -47.50324630737305,
      "mid_to_side_loudness": -5.4135003089904785,
      "mid_to_side_loudness_range": 6.471340179443359,
      "side_mean": -52.9276008605957
    },
    {
      "high_freq": 12199.2666015625,
      "loudness": -59.798011779785156,
      "loudness_range": 21.154281616210938,
      "low_freq": 7314.1640625,
      "mid_mean": -56.93241882324219,
      "mid_to_side_loudness": -5.224142074584961,
      "mid_to_side_loudness_range": 5.429592132568359,
      "side_mean": -61.06802749633789
    },
    {
      "loudness": -64.89218139648438,
      "loudness_range": 2.71234130859375,
      "low_freq": 12199.2666015625,
      "mid_mean": -61.46956253051758,
      "mid_to_side_loudness": -6.016452789306641,
      "mid_to_side_loudness_range": 0.8402609825134277,
      "side_mean": -65.9509506225586
    }
  ],
  "bands_short": [
    {
      "high_freq": 148.1999969482422,
      "loudness": -46.4205207824707,
      "loudness_range": 23.783981323242188,
      "mid_mean": -44.03562927246094,
      "mid_to_side_loudness": -5.152060031890869,
      "mid_to_side_loudness_range": 8.976225852966309,
      "side_mean": -49.30074691772461
    },
    {
      "high_freq": 392.3793640136719,
      "loudness": -31.963668823242188,
      "loudness_range": 26.635013580322266,
      "low_freq": 148.1999969482422,
      "mid_mean": -29.76154327392578,
      "mid_to_side_loudness": -5.049810886383057,
      "mid_to_side_loudness_range": 10.802885055541992,
      "side_mean": -34.724822998046875
    },
    {
      "high_freq": 794.6976318359375,
      "loudness": -26.806537628173828,
      "loudness_range": 28.637374877929688,
      "low_freq": 392.3793640136719,
      "mid_mean": -25.32886505126953,
      "mid_to_side_loudness": -3.4929556846618652,
      "mid_to_side_loudness_range": 14.597053527832031,
      "side_mean": -29.00947380065918
    },
    {
      "high_freq": 1457.5709228515625,
      "loudness": -27.887653350830078,
      "loudness_range": 27.69873809814453,
      "low_freq": 794.6976318359375,
      "mid_mean": -25.97892189025879,
      "mid_to_side_loudness": -4.113781929016113,
      "mid_to_side_loudness_range": 9.883768081665039,
      "side_mean": -30.217248916625977
    },
    {
      "high_freq": 2549.74365234375,
      "loudness": -35.10178756713867,
      "loudness_range": 24.626487731933594,
      "low_freq": 1457.5709228515625,
      "mid_mean": -32.84138488769531,
      "mid_to_side_loudness": -5.408144474029541,
      "mid_to_side_loudness_range": 11.828295707702637,
      "side_mean": -38.329898834228516
    },
    {
      "high_freq": 4349.24462890625,
      "loudness": -41.75857162475586,
      "loudness_range": 26.315322875976562,
      "low_freq": 2549.74365234375,
      "mid_mean": -39.38565444946289,
      "mid_to_side_loudness": -5.513546943664551,
      "mid_to_side_loudness_range": 9.092552185058594,
      "side_mean": -45.07217025756836
    },
    {
      "high_freq": 7314.1640625,
      "loudness": -54.46908950805664,
      "loudness_range": 31.6552734375,
      "low_freq": 4349.24462890625,
      "mid_mean": -51.9768180847168,
      "mid_to_side_loudness": -5.335020542144775,
      "mid_to_side_loudness_range": 7.428194046020508,
      "side_mean": -56.60895919799805
    },
    {
      "high_freq": 12199.2666015625,
      "loudness": -62.69708251953125,
      "loudness_range": 21.142074584960938,
      "low_freq": 7314.1640625,
      "mid_mean": -59.3936653137207,
      "mid_to_side_loudness": -5.863519191741943,
      "mid_to_side_loudness_range": 6.047851085662842,
      "side_mean": -63.64452362060547
    },
    {
      "loudness": -65.03866577148438,
      "loudness_range": 2.249225616455078,
      "low_freq": 12199.2666015625,
      "mid_mean": -61.59231185913086,
      "mid_to_side_loudness": -6.018155097961426,
      "mid_to_side_loudness_range": 1.4807815551757812,
      "side_mean": -66.03609466552734
    }
  ],
  "channels": 2,
  "covariance": [
    [
      43.252532958984375,
      43.43964385986328,
      10.489418983459473,
      11.99097728729248,
      3.9623312950134277,
      5.449544429779053,
      -3.2369942665100098,
      0.5260803699493408,
      5.354595184326172,
      3.4132702350616455,
      6.011106967926025,
      5.100929260253906,
      4.873672962188721,
      6.1531267166137695,
      0.7029610276222229,
      1.3134797811508179,
      0.1606132537126541,
      0.1935586929321289
    ],
    [
      43.43964385986328,
      48.934200286865234,
      8.559211730957031,
      13.548664093017578,
      4.698771953582764,
      4.816936492919922,
      -2.2741565704345703,
      1.912436842918396,
      5.688740253448486,
      3.37292742729187,
      7.005084037780762,
      5.870485305786133,
      5.823827743530273,
      7.4345479011535645,
      1.4652595520019531,
      2.053861618041992,
      0.31964555382728577,
      0.3120581805706024
    ],
    [
      10.489418983459473,
      8.559211730957031,
      36.062416076660156,
      30.916088104248047,
      8.544474601745605,
      18.552940368652344,
      -3.4991328716278076,
      -4.572017192840576,
      7.804870128631592,
      16.302249908447266,
      4.907058238983154,
      1.9948822259902954,
      3.978299140930176,
      -0.06753078103065491,
      -3.0619192123413086,
      -1.819386601448059,
      -0.43131062388420105,
      -0.28088638186454773
    ],
    [
      11.99097728729248,
      13.548664093017578,
      30.916088104248047,
      34.82276916503906,
      10.083636283874512,
      17.168519973754883,
      -2.6228206157684326,
      -2.3472585678100586,
      10.166994094848633,
      17.847780227661133,
      9.426803588867188,
      5.890935897827148,
      8.258866310119629,
      5.3411149978637695,
      0.17487438023090363,
      1.0733760595321655,
      -0.11789701879024506,
      0.0016553772147744894
    ],
    [
      3.9623312950134277,
      4.698771953582764,
      8.544474601745605,
      10.083636283874512,
      53.17207717895508,
      40.30743408203125,
      8.163135528564453,
      11.566389083862305,
      25.481292724609375,
      20.97671127319336,
      25.215065002441406,
      22.649215698242188,
      28.02735710144043,
      26.041410446166992,
      15.51154613494873,
      11.83895492553711,
      0.9809175729751587,
      1.0108106136322021
    ],
    [
      5.449544429779053,
      4.816936492919922,
      18.552940368652344,
      17.168519973754883,
      40.30743408203125,
      49.869529724121094,
      7.261990070343018,
      8.379949569702148,
      26.449689865112305,
      28.757366180419922,
      23.525970458984375,
      21.408321380615234,
      23.891162872314453,
      20.54259490966797,
      14.459057807922363,
      13.091142654418945,
      1.0055439472198486,
      1.0786511898040771
    ],
    [
      -3.2369942665100098,
      -2.2741565704345703,
      -3.4991328716278076,
      -2.6228206157684326,
      8.163135528564453,
      7.261990070343018,
      47.88421630859375,
      47.54707717895508,
      21.012048721313477,
      15.800978660583496,
      20.352354049682617,
      23.701852798461914,
      31.33616828918457,
      29.515169143676758,
      25.408376693725586,
      27.191591262817383,
      2.572664499282837,
      2.1069936752319336
    ],
    [
      0.5260803699493408,
      1.912436842918396,
      -4.572017192840576,
      -2.3472585678100586,
      11.566389083862305,
      8.379949569702148,
      47.54707717895508,
      54.724281311035156,
      24.074350357055664,
      17.31450653076172,
      23.731332778930664,
      27.08563232421875,
      35.385223388671875,
      34.75395584106445,
      29.156330108642578,
      30.38603973388672,
      2.731735944747925,
      2.280590057373047
    ],
    [
      5.354595184326172,
      5.688740253448486,
      7.804870128631592,
      10.166994094848633,
      25.481292724609375,
      26.449689865112305,
      21.012048721313477,
      24.074350357055664,
      35.36957931518555,
      29.28596305847168,
      29.935346603393555,
      27.11231231689453,
      34.935882568359375,
      32.76939010620117,
      23.15133285522461,
      23.226951599121094,
      2.3490614891052246,
      2.0968759059906006
    ],
    [
      3.4132702350616455,
      3.37292742729187,
      16.302249908447266,
      17.847780227661133,
      20.97671127319336,
      28.757366180419922,
      15.800978660583496,
      17.31450653076172,
      29.28596305847168,
      34.987430572509766,
      26.03443145751953,
      24.378625869750977,
      29.306962966918945,
      26.564756393432617,
      18.503890991210938,
      18.923269271850586,
      1.8126230239868164,
      1.7051680088043213
    ],
    [
      6.011106967926025,
      7.005084037780762,
      4.907058238983154,
      9.426803588867188,
      25.215065002441406,
      23.525970458984375,
      20.352354049682617,
      23.731332778930664,
      29.935346603393555,
      26.03443145751953,
      42.13261032104492,
      38.8553352355957,
      46.39908981323242,
      45.085750579833984,
      29.37224769592285,
      28.242021560668945,
      2.7219064235687256,
      2.27107834815979
    ],
    [
      5.100929260253906,
      5.870485305786133,
      1.9948822259902954,
      5.890935897827148,
      22.649215698242188,
      21.408321380615234,
      23.701852798461914,
      27.08563232421875,
      27.11231231689453,
      24.378625869750977,
      38.8553352355957,
      42.652828216552734,
      46.41153335571289,
      46.9723014831543,
      31.63142204284668,
      30.427518844604492,
      2.813617706298828,
      2.3605408668518066
    ],
    [
      4.873672962188721,
      5.823827743530273,
      3.978299140930176,
      8.258866310119629,
      28.02735710144043,
      23.891162872314453,
      31.33616828918457,
      35.385223388671875,
      34.935882568359375,
      29.306962966918945,
      46.39908981323242,
      46.41153335571289,
      69.24646759033203,
      65.83580017089844,
      45.151329040527344,
      44.03127670288086,
      3.969940185546875,
      3.1995625495910645
    ],
    [
      6.1531267166137695,
      7.4345479011535645,
      -0.06753078103065491,
      5.3411149978637695,
      26.041410446166992,
      20.54259490966797,
      29.515169143676758,
      34.75395584106445,
      32.76939010620117,
      26.564756393432617,
      45.085750579833984,
      46.9723014831543,
      65.83580017089844,
      71.34422302246094,
      47.77414321899414,
      45.146785736083984,
      5.828220367431641,
      4.1163649559021
    ],
    [
      0.7029610276222229,
      1.4652595520019531,
      -3.0619192123413086,
      0.17487438023090363,
      15.51154613494873,
      14.459057807922363,
      25.408376693725586,
      29.156330108642578,
      23.15133285522461,
      18.503890991210938,
      29.37224769592285,
      31.63142204284668,
      45.151329040527344,
      47.77414321899414,
      42.61399459838867,
      40.840824127197266,
      5.260169982910156,
      3.7693932056427
    ],
    [
      1.3134797811508179,
      2.053861618041992,
      -1.819386601448059,
      1.0733760595321655,
      11.83895492553711,
      13.091142654418945,
      27.191591262817383,
      30.38603973388672,
      23.226951599121094,
      18.923269271850586,
      28.242021560668945,
      30.427518844604492,
      44.03127670288086,
      45.146785736083984,
      40.840824127197266,
      41.89128112792969,
      4.987751483917236,
      3.661620855331421
    ],
    [
      0.1606132537126541,
      0.31964555382728577,
      -0.43131062388420105,
      -0.11789701879024506,
      0.9809175729751587,
      1.0055439472198486,
      2.572664499282837,
      2.731735944747925,
      2.3490614891052246,
      1.8126230239868164,
      2.7219064235687256,
      2.813617706298828,
      3.969940185546875,
      5.828220367431641,
      5.260169982910156,
      4.987751483917236,
      1.5167529582977295,
      0.92994225025177
    ],
    [
      0.1935586929321289,
      0.3120581805706024,
      -0.28088638186454773,
      0.0016553772147744894,
      1.0108106136322021,
      1.0786511898040771,
      2.1069936752319336,
      2.280590057373047,
      2.0968759059906006,
      1.7051680088043213,
      2.27107834815979,
      2.3605408668518066,
      3.1995625495910645,
      4.1163649559021,
      3.7693932056427,
      3.661620855331421,
      0.92994225025177,
      0.6348171234130859
    ]
  ],
  "covariance_short": [
    [
      63.299522399902344,
      59.11654281616211,
      27.604713439941406,
      26.54743766784668,
      20.83493423461914,
      23.30971336364746,
      13.22258472442627,
      17.13958168029785,
      20.975093841552734,
      19.247547149658203,
      21.04561996459961,
      18.36540412902832,
      21.794464111328125,
      21.570924758911133,
      9.623053550720215,
      9.672816276550293,
      1.104828953742981,
      0.9863645434379578
    ],
    [
      59.11654281616211,
      67.4327163696289,
      24.389902114868164,
      26.816673278808594,
      18.495285034179688,
      20.38037109375,
      12.168719291687012,
      15.923443794250488,
      18.993907928466797,
      17.546789169311523,
      19.487764358520508,
      16.65367889404297,
      22.04460906982422,
      21.7982177734375,
      9.779688835144043,
      9.38067626953125,
      1.5490044355392456,
      1.2116873264312744
    ],
    [
      27.604713439941406,
      24.389902114868164,
      89.56732177734375,
      79.93001556396484,
      38.83650588989258,
      50.32781219482422,
      22.272056579589844,
      22.413057327270508,
      35.050506591796875,
      48.10394287109375,
      30.66640281677246,
      29.728261947631836,
      28.513084411621094,
      22.35062599182129,
      7.083340167999268,
      8.762852668762207,
      0.6114370822906494,
      0.5776828527450562
    ],
    [
      26.54743766784668,
      26.816673278808594,
      79.93001556396484,
      85.22990417480469,
      38.53732681274414,
      48.12058639526367,
      24.235403060913086,
      25.406721115112305,
      36.21690368652344,
      48.471923828125,
      34.61871337890625,
      32.274898529052734,
      32.18315887451172,
      26.68175506591797,
      10.047287940979004,
      11.181734085083008,
      0.975231409072876,
      0.9301245808601379
    ],
    [
      20.83493423461914,
      18.495285034179688,
      38.83650588989258,
      38.53732681274414,
      98.36858367919922,
      82.3407211303711,
      29.40190887451172,
      32.79456329345703,
      53.65964889526367,
      50.64762496948242,
      50.67603302001953,
      50.7857666015625,
      52.729652404785156,
      47.07050323486328,
      24.759395599365234,
      20.900394439697266,
      2.097079277038574,
      2.0161046981811523
    ],
    [
      23.30971336364746,
      20.38037109375,
      50.32781219482422,
      48.12058639526367,
      82.3407211303711,
      95.83495330810547,
      32.64977264404297,
      35.377254486083984,
      56.14640426635742,
      59.033363342285156,
      50.408565521240234,
      51.202274322509766,
      51.76515579223633,
      45.571529388427734,
      24.735641479492188,
      23.124174118041992,
      2.115251064300537,
      2.096726655960083
    ],
    [
      13.22258472442627,
      12.168719291687012,
      22.272056579589844,
      24.235403060913086,
      29.40190887451172,
      32.64977264404297,
      85.9096450805664,
      79.19182586669922,
      50.74785614013672,
      48.852577209472656,
      56.763023376464844,
      56.054141998291016,
      58.863304138183594,
      54.004127502441406,
      31.9389705657959,
      32.08564376831055,
      3.607914924621582,
      3.1757142543792725
    ],
    [
      17.13958168029785,
      15.923443794250488,
      22.413057327270508,
      25.406721115112305,
      32.79456329345703,
      35.377254486083984,
      79.19182586669922,
      91.73017883300781,
      54.110137939453125,
      51.753639221191406,
      60.220550537109375,
      58.78084182739258,
      63.44038772583008,
      58.85865783691406,
      35.188350677490234,
      35.0554084777832,
      3.866673469543457,
      3.4231183528900146
    ],
    [
      20.975093841552734,
      18.993907928466797,
      35.050506591796875,
      36.21690368652344,
      53.65964889526367,
      56.14640426635742,
      50.74785614013672,
      54.110137939453125,
      70.84304809570312,
      62.4540901184082,
      60.98820877075195,
      59.29740905761719,
      63.77845001220703,
      57.685394287109375,
      32.91795349121094,
      32.11811065673828,
      3.508635997772217,
      3.2092158794403076
    ],
    [
      19.247547149658203,
      17.546789169311523,
      48.10394287109375,
      48.471923828125,
      50.64762496948242,
      59.033363342285156,
      48.852577209472656,
      51.753639221191406,
      62.4540901184082,
      73.78179168701172,
      57.78282928466797,
      57.421546936035156,
      60.021209716796875,
      53.24531555175781,
      29.781408309936523,
      29.785160064697266,
      3.221205234527588,
      2.957211494445801
    ],
    [
      21.04561996459961,
      19.487764358520508,
      30.66640281677246,
      34.61871337890625,
      50.67603302001953,
      50.408565521240234,
      56.763023376464844,
      60.220550537109375,
      60.98820877075195,
      57.78282928466797,
      79.07827758789062,
      72.05615997314453,
      75.77139282226562,
      69.73746490478516,
      37.80057907104492,
      36.30986022949219,
      3.9498655796051025,
      3.4987287521362305
    ],
    [
      18.36540412902832,
      16.65367889404297,
      29.728261947631836,
      32.274898529052734,
      50.7857666015625,
      51.202274322509766,
      56.054141998291016,
      58.78084182739258,
      59.29740905761719,
      57.421546936035156,
      72.05615997314453,
      77.20821380615234,
      76.63671112060547,
      70.75201416015625,
      39.649776458740234,
      37.7862663269043,
      4.035686492919922,
      3.5945448875427246
    ],
    [
      21.794464111328125,
      22.04460906982422,
      28.513084411621094,
      32.18315887451172,
      52.729652404785156,
      51.76515579223633,
      58.863304138183594,
      63.44038772583008,
      63.77845001220703,
      60.021209716796875,
      75.77139282226562,
      76.63671112060547,
      102.0271224975586,
      90.85469818115234,
      53.03620529174805,
      49.21937942504883,
      7.135900020599365,
      5.391032695770264
    ],
    [
      21.570924758911133,
      21.7982177734375,
      22.35062599182129,
      26.68175506591797,
      47.07050323486328,
      45.571529388427734,
      54.004127502441406,
      58.85865783691406,
      57.685394287109375,
      53.24531555175781,
      69.73746490478516,
      70.75201416015625,
      90.85469818115234,
      86.70777893066406,
      49.85395431518555,
      46.264671325683594,
      6.449709415435791,
      4.991076469421387
    ],
    [
      9.623053550720215,
      9.779688835144043,
      7.083340167999268,
      10.047287940979004,
      24.759395599365234,
      24.735641479492188,
      31.9389705657959,
      35.188350677490234,
      32.91795349121094,
      29.781408309936523,
      37.80057907104492,
      39.649776458740234,
      53.03620529174805,
      49.85395431518555,
      40.801239013671875,
      37.31912612915039,
      5.523331165313721,
      4.271550178527832
    ],
    [
      9.672816276550293,
      9.38067626953125,
      8.762852668762207,
      11.181734085083008,
      20.900394439697266,
      23.124174118041992,
      32.08564376831055,
      35.0554084777832,
      32.11811065673828,
      29.785160064697266,
      36.30986022949219,
      37.7862663269043,
      49.21937942504883,
      46.264671325683594,
      37.31912612915039,
      37.65218734741211,
      5.189146995544434,
      4.103356838226318
    ],
    [
      1.104828953742981,
      1.5490044355392456,
      0.6114370822906494,
      0.975231409072876,
      2.097079277038574,
      2.115251064300537,
      3.607914924621582,
      3.866673469543457,
      3.508635997772217,
      3.221205234527588,
      3.9498655796051025,
      4.035686492919922,
      7.135900020599365,
      6.449709415435791,
      5.523331165313721,
      5.189146995544434,
      1.935389518737793,
      1.2551515102386475
    ],
    [
      0.9863645434379578,
      1.2116873264312744,
      0.5776828527450562,
      0.9301245808601379,
      2.0161046981811523,
      2.096726655960083,
      3.1757142543792725,
      3.4231183528900146,
      3.2092158794403076,
      2.957211494445801,
      3.4987287521362305,
      3.5945448875427246,
      5.391032695770264,
      4.991076469421387,
      4.271550178527832,
      4.103356838226318,
      1.2551515102386475,
      0.9723336696624756
    ]
  ],
  "drr": 8.795329093933105,
  "dynamics": 4.645457744598389,
  "format": 1245190,
  "frames": 6285248,
  "loudness": -13.747664451599121,
  "loudness_range": 10.897530555725098,
  "loudness_range_short": 22.576404571533203,
  "peak": 0.13609687983989716,
  "rms": -15.390048027038574,
  "sample_rate": 44100,
  "sections": 1,
  "seekable": 1,
  "sharpness": 6.94696569442749,
  "space": -4.554285526275635
}