{
  "bands": [
    {
      "high_freq": 148.1999969482422,
      "loudness": -21.7435302734375,
      "loudness_range": 17.78702163696289,
      "mid_mean": -18.176422119140625,
      "mid_to_side_loudness": -20.98767852783203,
      "mid_to_side_loudness_range": 23.58047103881836,
      "side_mean": -40.851219177246094
    },
    {
      "high_freq": 392.3793640136719,
      "loudness": -21.765029907226562,
      "loudness_range": 11.62453842163086,
      "low_freq": 148.1999969482422,
      "mid_mean": -18.33896255493164,
      "mid_to_side_loudness": -12.61716079711914,
      "mid_to_side_loudness_range": 15.497848510742188,
      "side_mean": -31.81119728088379
    },
    {
      "high_freq": 794.6976318359375,
      "loudness": -25.99262237548828,
      "loudness_range": 12.389448165893555,
      "low_freq": 392.3793640136719,
      "mid_mean": -22.537900924682617,
      "mid_to_side_loudness": -12.850614547729492,
      "mid_to_side_loudness_range": 15.646564483642578,
      "side_mean": -36.14545822143555
    },
    {
      "high_freq": 1457.5709228515625,
      "loudness": -28.36429786682129,
      "loudness_range": 16.27138900756836,
      "low_freq": 794.6976318359375,
      "mid_mean": -24.84369659423828,
      "mid_to_side_loudness": -14.177424430847168,
      "mid_to_side_loudness_range": 19.444490432739258,
      "side_mean": -40.12116622924805
    },
    {
      "high_freq": 2549.74365234375,
      "loudness": -30.319868087768555,
      "loudness_range": 17.5255126953125,
      "low_freq": 1457.5709228515625,
      "mid_mean": -26.755592346191406,
      "mid_to_side_loudness": -14.03432846069336,
      "mid_to_side_loudness_range": 21.244503021240234,
      "side_mean": -41.48186492919922
    },
    {
      "high_freq": 4349.24462890625,
      "loudness": -29.562349319458008,
      "loudness_range": 16.007282257080078,
      "low_freq": 2549.74365234375,
      "mid_mean": -26.042238235473633,
      "mid_to_side_loudness": -15.416187286376953,
      "mid_to_side_loudness_range": 22.26028823852539,
      "side_mean": -42.4055061340332
    },
    {
      "high_freq": 7314.1640625,
      "loudness": -35.02268600463867,
      "loudness_range": 11.091787338256836,
      "low_freq": 4349.24462890625,
      "mid_mean": -31.44198226928711,
      "mid_to_side_loudness": -13.640563011169434,
      "mid_to_side_loudness_range": 18.052696228027344,
      "side_mean": -46.26992416381836
    },
    {
      "high_freq": 12199.2666015625,
      "loudness": -34.890953063964844,
      "loudness_range": 9.375129699707031,
      "low_freq": 7314.1640625,
      "mid_mean": -31.29647445678711,
      "mid_to_side_loudness": -14.93053150177002,
      "mid_to_side_loudness_range": 17.51375961303711,
      "side_mean": -47.915367126464844
    },
    {
      "loudness": -41.08225631713867,
      "loudness_range": 8.681602478027344,
      "low_freq": 12199.2666015625,
      "mid_mean": -37.491111755371094,
      "mid_to_side_loudness": -15.178964614868164,
      "mid_to_side_loudness_range": 13.507858276367188,
      "side_mean": -54.44689178466797
    }
  ],
  "bands_short": [
    {
      "high_freq": 148.1999969482422,
      "loudness": -26.183639526367188,
      "loudness_range": 27.02288055419922,
      "mid_mean": -22.734447479248047,
      "mid_to_side_loudness": -18.95208168029785,
      "mid_to_side_loudness_range": 25.072988510131836,
      "side_mean": -44.447200775146484
    },
    {
      "high_freq": 392.3793640136719,
      "loudness": -22.848352432250977,
      "loudness_range": 18.47483253479004,
      "low_freq": 148.1999969482422,
      "mid_mean": -19.46404457092285,
      "mid_to_side_loudness": -12.078268051147461,
      "mid_to_side_loudness_range": 18.422813415527344,
      "side_mean": -32.96040344238281
    },
    {
      "high_freq": 794.6976318359375,
      "loudness": -26.361909866333008,
      "loudness_range": 16.584754943847656,
      "low_freq": 392.3793640136719,
      "mid_mean": -23.06330108642578,
      "mid_to_side_loudness": -11.638129234313965,
      "mid_to_side_loudness_range": 17.123889923095703,
      "side_mean": -35.29226303100586
    },
    {
      "high_freq": 1457.5709228515625,
      "loudness": -29.571170806884766,
      "loudness_range": 20.0030517578125,
      "low_freq": 794.6976318359375,
      "mid_mean": -26.160320281982422,
      "mid_to_side_loudness": -13.412845611572266,
      "mid_to_side_loudness_range": 19.75175666809082,
      "side_mean": -40.469425201416016
    },
    {
      "high_freq": 2549.74365234375,
      "loudness": -32.50404739379883,
      "loudness_range": 22.453744888305664,
      "low_freq": 1457.5709228515625,
      "mid_mean": -29.16914176940918,
      "mid_to_side_loudness": -12.672415733337402,
      "mid_to_side_loudness_range": 20.998170852661133,
      "side_mean": -42.371212005615234
    },
    {
      "high_freq": 4349.24462890625,
      "loudness": -31.641735076904297,
      "loudness_range": 22.00215721130371,
      "low_freq": 2549.74365234375,
      "mid_mean": -28.23798942565918,
      "mid_to_side_loudness": -13.905216217041016,
      "mid_to_side_loudness_range": 22.543006896972656,
      "side_mean": -42.96306610107422
    },
    {
      "high_freq": 7314.1640625,
      "loudness": -38.20185852050781,
      "loudness_range": 21.005529403686523,
      "low_freq": 4349.24462890625,
      "mid_mean": -34.83720016479492,
      "mid_to_side_loudness": -12.08752727508545,
      "mid_to_side_loudness_range": 18.128314971923828,
      "side_mean": -47.89983367919922
    },
    {
      "high_freq": 12199.2666015625,
      "loudness": -39.0621337890625,
      "loudness_range": 21.220298767089844,
      "low_freq": 7314.1640625,
      "mid_mean": -35.568538665771484,
      "mid_to_side_loudness": -13.826526641845703,
      "mid_to_side_loudness_range": 18.793502807617188,
      "side_mean": -51.253482818603516
    },
    {
      "loudness": -46.77024459838867,
      "loudness_range": 24.078426361083984,
      "low_freq": 12199.2666015625,
      "mid_mean": -43.38624572753906,
      "mid_to_side_loudness": -14.164274215698242,
      "mid_to_side_loudness_range": 16.202054977416992,
      "side_mean": -58.48806381225586
    }
  ],
  "channels": 2,
  "covariance": [
    [
      55.481834411621094,
      19.019018173217773,
      19.77198600769043,
      10.777242660522461,
      9.73260498046875,
      9.113182067871094,
      8.541091918945312,
      8.259622573852539,
      6.333765029907227,
      5.456253528594971,
      3.6971306800842285,
      4.4513068199157715,
      -0.39185965061187744,
      3.7331833839416504,
      1.2488583326339722,
      2.82137393951416,
      1.785964846611023,
      3.4783034324645996
    ],
    [
      19.019018173217773,
      30.223155975341797,
      15.52331829071045,
      14.484050750732422,
      9.560769081115723,
      6.2662811279296875,
      10.95368766784668,
      7.761083602905273,
      10.568262100219727,
      3.661573648452759,
      9.680246353149414,
      1.724143147468567,
      3.6324188709259033,
      2.595733404159546,
      2.4253571033477783,
      5.234415054321289,
      2.552586317062378,
      6.343151092529297
    ],
    [
      19.77198600769043,
      15.52331829071045,
      28.001192092895508,
      18.38589096069336,
      14.810239791870117,
      12.152566909790039,
      12.384893417358398,
      11.082618713378906,
      13.544106483459473,
      5.588643550872803,
      11.873834609985352,
      3.994504451751709,
      6.628718852996826,
      5.748677730560303,
      4.129588603973389,
      8.878148078918457,
      3.2462406158447266,
      8.709455490112305
    ],
    [
      10.777242660522461,
      14.484050750732422,
      18.38589096069336,
      36.06540298461914,
      14.947830200195312,
      19.07823944091797,
      13.672399520874023,
      18.653486251831055,
      15.485469818115234,
      12.701623916625977,
      12.818255424499512,
      6.934225559234619,
      5.4636969566345215,
      5.310555934906006,
      3.323040246963501,
      6.20713472366333,
      1.9284573793411255,
      7.002191066741943
    ],
    [
      9.73260498046875,
      9.560769081115723,
      14.810239791870117,
      14.947830200195312,
      26.646568298339844,
      13.779464721679688,
      20.44552230834961,
      11.744546890258789,
      18.67716407775879,
      6.051681041717529,
      17.79279327392578,
      4.9426045417785645,
      5.825577735900879,
      5.065152645111084,
      4.248786449432373,
      8.702771186828613,
      2.9367268085479736,
      7.296428680419922
    ],
    [
      9.113182067871094,
      6.2662811279296875,
      12.152566909790039,
      19.07823944091797,
      13.779464721679688,
      25.99019432067871,
      10.08064079284668,
      16.34306526184082,
      11.546370506286621,
      10.436684608459473,
      9.074817657470703,
      8.631986618041992,
      4.556291580200195,
      8.276021957397461,
      3.260038375854492,
      6.9766011238098145,
      1.6659770011901855,
      7.257538318634033
    ],
    [
      8.541091918945312,
      10.95368766784668,
      12.384893417358398,
      13.672399520874023,
      20.44552230834961,
      10.08064079284668,
      36.89474105834961,
      12.790244102478027,
      23.26984214782715,
      5.342065334320068,
      25.067476272583008,
      4.557270050048828,
      7.363923072814941,
      3.398935556411743,
      4.329562187194824,
      7.731466293334961,
      2.6252493858337402,
      6.1714043617248535
    ],
    [
      8.259622573852539,
      7.761083602905273,
      11.082618713378906,
      18.653486251831055,
      11.744546890258789,
      16.34306526184082,
      12.790244102478027,
      22.480125427246094,
      14.550165176391602,
      14.165603637695312,
      12.136138916015625,
      12.828970909118652,
      6.1952104568481445,
      9.471423149108887,
      2.9546685218811035,
      6.719918251037598,
      1.5074079036712646,
      8.686683654785156
    ],
    [
      6.333765029907227,
      10.568262100219727,
      13.544106483459473,
      15.485469818115234,
      18.67716407775879,
      11.546370506286621,
      23.26984214782715,
      14.550165176391602,
      40.158084869384766,
      12.048534393310547,
      31.082395553588867,
      9.682178497314453,
      13.296306610107422,
      7.958776473999023,
      6.559911727905273,
      11.394099235534668,
      3.602046251296997,
      9.609219551086426
    ],
    [
      5.456253528594971,
      3.661573648452759,
      5.588643550872803,
      12.701623916625977,
      6.051681041717529,
      10.436684608459473,
      5.342065334320068,
      14.165603637695312,
      12.048534393310547,
      20.48286247253418,
      8.510515213012695,
      13.916248321533203,
      4.647369384765625,
      8.98372745513916,
      1.4191890954971313,
      3.693964958190918,
      0.6848723888397217,
      5.023371696472168
    ],
    [
      3.6971306800842285,
      9.680246353149414,
      11.873834609985352,
      12.818255424499512,
      17.79279327392578,
      9.074817657470703,
      25.067476272583008,
      12.136138916015625,
      31.082395553588867,
      8.510515213012695,
      37.259918212890625,
      8.433774948120117,
      14.266416549682617,
      5.394256591796875,
      6.425300598144531,
      9.264819145202637,
      3.495845317840576,
      8.256597518920898
    ],
    [
      4.4513068199157715,
      1.724143147468567,
      3.994504451751709,
      6.934225559234619,
      4.9426045417785645,
      8.631986618041992,
      4.557270050048828,
      12.828970909118652,
      9.682178497314453,
      13.916248321533203,
      8.433774948120117,
      18.47737693786621,
      5.4917521476745605,
      13.955926895141602,
      1.5262446403503418,
      7.027350902557373,
      0.6891806125640869,
      8.082423210144043
    ],
    [
      -0.39185965061187744,
      3.6324188709259033,
      6.628718852996826,
      5.4636969566345215,
      5.825577735900879,
      4.556291580200195,
      7.363923072814941,
      6.1952104568481445,
      13.296306610107422,
      4.647369384765625,
      14.266416549682617,
      5.4917521476745605,
      20.463977813720703,
      7.210624694824219,
      10.62829303741455,
      9.643366813659668,
      7.127161026000977,
      9.484076499938965
    ],
    [
      3.7331833839416504,
      2.595733404159546,
      5.748677730560303,
      5.310555934906006,
      5.065152645111084,
      8.276021957397461,
      3.398935556411743,
      9.471423149108887,
      7.958776473999023,
      8.98372745513916,
      5.394256591796875,
      13.955926895141602,
      7.210624694824219,
      18.069656372070312,
      2.9043684005737305,
      12.37102222442627,
      2.3402419090270996,
      13.065791130065918
    ],
    [
      1.2488583326339722,
      2.4253571033477783,
      4.129588603973389,
      3.323040246963501,
      4.248786449432373,
      3.260038375854492,
      4.329562187194824,
      2.9546685218811035,
      6.559911727905273,
      1.4191890954971313,
      6.425300598144531,
      1.5262446403503418,
      10.62829303741455,
      2.9043684005737305,
      12.484838485717773,
      5.585390567779541,
      9.083303451538086,
      5.533944606781006
    ],
    [
      2.82137393951416,
      5.234415054321289,
      8.878148078918457,
      6.20713472366333,
      8.702771186828613,
      6.9766011238098145,
      7.731466293334961,
      6.719918251037598,
      11.394099235534668,
      3.693964958190918,
      9.264819145202637,
      7.027350902557373,
      9.643366813659668,
      12.37102222442627,
      5.585390567779541,
      17.241455078125,
      4.674872875213623,
      15.088299751281738
    ],
    [
      1.785964846611023,
      2.552586317062378,
      3.2462406158447266,
      1.9284573793411255,
      2.9367268085479736,
      1.6659770011901855,
      2.6252493858337402,
      1.5074079036712646,
      3.602046251296997,
      0.6848723888397217,
      3.495845317840576,
      0.6891806125640869,
      7.127161026000977,
      2.3402419090270996,
      9.083303451538086,
      4.674872875213623,
      8.849709510803223,
      5.424222946166992
    ],
    [
      3.4783034324645996,
      6.343151092529297,
      8.709455490112305,
      7.002191066741943,
      7.296428680419922,
      7.257538318634033,
      6.1714043617248535,
      8.686683654785156,
      9.609219551086426,
      5.023371696472168,
      8.256597518920898,
      8.082423210144043,
      9.484076499938965,
      13.065791130065918,
      5.533944606781006,
      15.088299751281738,
      5.424222946166992,
      21.018938064575195
    ]
  ],
  "covariance_short": [
    [
      83.28784942626953,
      29.201126098632812,
      25.370285034179688,
      15.702571868896484,
      13.000064849853516,
      8.925189971923828,
      13.280495643615723,
      11.925663948059082,
      13.035734176635742,
      8.00180435180664,
      10.779472351074219,
      6.530285358428955,
      7.983718395233154,
      8.942152976989746,
      10.559085845947266,
      10.89079475402832,
      13.026498794555664,
      11.834467887878418
    ],
    [
      29.201126098632812,
      48.99663162231445,
      17.880306243896484,
      19.321229934692383,
      14.281410217285156,
      10.99911880493164,
      13.730374336242676,
      11.394848823547363,
      13.872511863708496,
      5.8766984939575195,
      12.550299644470215,
      4.273993492126465,
      8.515031814575195,
      4.361684799194336,
      6.861894130706787,
      7.129084587097168,
      8.745677947998047,
      6.662065029144287
    ],
    [
      25.370285034179688,
      17.880306243896484,
      43.50685119628906,
      21.801164627075195,
      22.88062286376953,
      15.273366928100586,
      20.06976890563965,
      14.289117813110352,
      20.074317932128906,
      9.524656295776367,
      17.955644607543945,
      6.04978084564209,
      18.28897476196289,
      11.041031837463379,
      19.778423309326172,
      18.718704223632812,
      23.3182315826416,
      18.420808792114258
    ],
    [
      15.702571868896484,
      19.321229934692383,
      21.801164627075195,
      44.91575241088867,
      21.75753402709961,
      24.51008415222168,
      20.326717376708984,
      21.62143325805664,
      20.57148551940918,
      15.035741806030273,
      16.767850875854492,
      8.194001197814941,
      10.843949317932129,
      8.097890853881836,
      11.518704414367676,
      13.938192367553711,
      11.819306373596191,
      9.646012306213379
    ],
    [
      13.000064849853516,
      14.281410217285156,
      22.88062286376953,
      21.75753402709961,
      40.973426818847656,
      21.381654739379883,
      30.1086368560791,
      17.68082618713379,
      29.632110595703125,
      12.224862098693848,
      28.459064483642578,
      8.304786682128906,
      15.096717834472656,
      9.13541030883789,
      17.34868812561035,
      14.87389850616455,
      18.047039031982422,
      12.220940589904785
    ],
    [
      8.925189971923828,
      10.99911880493164,
      15.273366928100586,
      24.51008415222168,
      21.381654739379883,
      35.484371185302734,
      15.298226356506348,
      21.17622947692871,
      19.271007537841797,
      16.449262619018555,
      15.02584457397461,
      11.29532527923584,
      10.637103080749512,
      11.925971984863281,
      10.552391052246094,
      15.594054222106934,
      10.393649101257324,
      11.412507057189941
    ],
    [
      13.280495643615723,
      13.730374336242676,
      20.06976890563965,
      20.326717376708984,
      30.1086368560791,
      15.298226356506348,
      53.114830017089844,
      19.200851440429688,
      36.23233413696289,
      11.690339088439941,
      38.584495544433594,
      9.089308738708496,
      17.500703811645508,
      8.53519058227539,
      17.282920837402344,
      13.733835220336914,
      17.340883255004883,
      10.260787010192871
    ],
    [
      11.925663948059082,
      11.394848823547363,
      14.289117813110352,
      21.62143325805664,
      17.68082618713379,
      21.17622947692871,
      19.200851440429688,
      28.28944206237793,
      20.43775177001953,
      18.62884521484375,
      16.525602340698242,
      15.703251838684082,
      11.745390892028809,
      14.650174140930176,
      10.755066871643066,
      15.787734985351562,
      10.906123161315918,
      12.69699478149414
    ],
    [
      13.035734176635742,
      13.872511863708496,
      20.074317932128906,
      20.57148551940918,
      29.632110595703125,
      19.271007537841797,
      36.23233413696289,
      20.43775177001953,
      63.02650451660156,
      21.879629135131836,
      50.79585647583008,
      15.812285423278809,
      29.38909149169922,
      16.20908546447754,
      28.242582321166992,
      21.339685440063477,
      26.60868263244629,
      17.1452693939209
    ],
    [
      8.00180435180664,
      5.8766984939575195,
      9.524656295776367,
      15.035741806030273,
      12.224862098693848,
      16.449262619018555,
      11.690339088439941,
      18.62884521484375,
      21.879629135131836,
      27.929166793823242,
      15.9437894821167,
      17.208723068237305,
      12.928043365478516,
      15.628301620483398,
      11.961221694946289,
      14.0206937789917,
      12.320207595825195,
      11.88938045501709
    ],
    [
      10.779472351074219,
      12.550299644470215,
      17.955644607543945,
      16.767850875854492,
      28.459064483642578,
      15.02584457397461,
      38.584495544433594,
      16.525602340698242,
      50.79585647583008,
      15.9437894821167,
      63.08119583129883,
      15.024711608886719,
      33.04868698120117,
      13.566417694091797,
      30.955347061157227,
      18.629446029663086,
      28.3781681060791,
      15.425127029418945
    ],
    [
      6.530285358428955,
      4.273993492126465,
      6.04978084564209,
      8.194001197814941,
      8.304786682128906,
      11.29532527923584,
      9.089308738708496,
      15.703251838684082,
      15.812285423278809,
      17.208723068237305,
      15.024711608886719,
      23.284549713134766,
      13.588824272155762,
      21.257036209106445,
      9.525712013244629,
      17.61490821838379,
      9.46690559387207,
      14.811267852783203
    ],
    [
      7.983718395233154,
      8.515031814575195,
      18.28897476196289,
      10.843949317932129,
      15.096717834472656,
      10.637103080749512,
      17.500703811645508,
      11.745390892028809,
      29.38909149169922,
      12.928043365478516,
      33.04868698120117,
      13.588824272155762,
      52.768184661865234,
      24.73339080810547,
      45.753108978271484,
      32.81214141845703,
      46.88227844238281,
      35.03326416015625
    ],
    [
      8.942152976989746,
      4.361684799194336,
      11.041031837463379,
      8.097890853881836,
      9.13541030883789,
      11.925971984863281,
      8.53519058227539,
      14.650174140930176,
      16.20908546447754,
      15.628301620483398,
      13.566417694091797,
      21.257036209106445,
      24.73339080810547,
      34.076053619384766,
      19.580829620361328,
      31.881526947021484,
      22.019052505493164,
      29.64299201965332
    ],
    [
      10.559085845947266,
      6.861894130706787,
      19.778423309326172,
      11.518704414367676,
      17.34868812561035,
      10.552391052246094,
      17.282920837402344,
      10.755066871643066,
      28.242582321166992,
      11.961221694946289,
      30.955347061157227,
      9.525712013244629,
      45.753108978271484,
      19.580829620361328,
      58.353370666503906,
      32.28581619262695,
      58.50883102416992,
      36.176387786865234
    ],
    [
      10.89079475402832,
      7.129084587097168,
      18.718704223632812,
      13.938192367553711,
      14.87389850616455,
      15.594054222106934,
      13.733835220336914,
      15.787734985351562,
      21.339685440063477,
      14.0206937789917,
      18.629446029663086,
      17.61490821838379,
      32.81214141845703,
      31.881526947021484,
      32.28581619262695,
      46.86899948120117,
      35.965736389160156,
      42.51455307006836
    ],
    [
      13.026498794555664,
      8.745677947998047,
      23.3182315826416,
      11.819306373596191,
      18.047039031982422,
      10.393649101257324,
      17.340883255004883,
      10.906123161315918,
      26.60868263244629,
      12.320207595825195,
      28.3781681060791,
      9.46690559387207,
      46.88227844238281,
      22.019052505493164,
      58.50883102416992,
      35.965736389160156,
      70.15108489990234,
      43.079593658447266
    ],
    [
      11.834467887878418,
      6.662065029144287,
      18.420808792114258,
      9.646012306213379,
      12.220940589904785,
      11.412507057189941,
      10.260787010192871,
      12.69699478149414,
      17.1452693939209,
      11.88938045501709,
      15.425127029418945,
      14.811267852783203,
      35.03326416015625,
      29.64299201965332,
      36.176387786865234,
      42.51455307006836,
      43.079593658447266,
      47.59239196777344
    ]
  ],
  "drr": 16.95778465270996,
  "dynamics": 3.478799819946289,
  "format": 1245190,
  "frames": 11784192,
  "loudness": -11.720723152160645,
  "loudness_range": 8.090249061584473,
  "loudness_range_short": 15.476682662963867,
  "peak": 0.5279732346534729,
  "rms": -12.466556549072266,
  "sample_rate": 44100,
  "sections": 1,
  "seekable": 1,
  "sharpness": 4.37360143661499,
  "space": -15.10807991027832
}