{
  "bands": [
    {
      "high_freq": 148.1999969482422,
      "loudness": -19.068906784057617,
      "loudness_range": 9.022968292236328,
      "mid_mean": -15.521275520324707,
      "mid_to_side_loudness": -16.90458869934082,
      "mid_to_side_loudness_range": 17.417095184326172,
      "side_mean": -33.0316276550293
    },
    {
      "high_freq": 392.3793640136719,
      "loudness": -20.32985496520996,
      "loudness_range": 10.38865852355957,
      "low_freq": 148.1999969482422,
      "mid_mean": -17.640424728393555,
      "mid_to_side_loudness": -6.635258674621582,
      "mid_to_side_loudness_range": 9.97875690460205,
      "side_mean": -24.32123374938965
    },
    {
      "high_freq": 794.6976318359375,
      "loudness": -24.891376495361328,
      "loudness_range": 13.784326553344727,
      "low_freq": 392.3793640136719,
      "mid_mean": -22.20846939086914,
      "mid_to_side_loudness": -7.019693374633789,
      "mid_to_side_loudness_range": 10.53287124633789,
      "side_mean": -29.01105499267578
    },
    {
      "high_freq": 1457.5709228515625,
      "loudness": -28.65749168395996,
      "loudness_range": 15.345396041870117,
      "low_freq": 794.6976318359375,
      "mid_mean": -26.5770320892334,
      "mid_to_side_loudness": -4.660029888153076,
      "mid_to_side_loudness_range": 11.648445129394531,
      "side_mean": -30.854991912841797
    },
    {
      "high_freq": 2549.74365234375,
      "loudness": -30.911100387573242,
      "loudness_range": 13.88609504699707,
      "low_freq": 1457.5709228515625,
      "mid_mean": -28.664831161499023,
      "mid_to_side_loudness": -5.335861682891846,
      "mid_to_side_loudness_range": 11.421996116638184,
      "side_mean": -33.689048767089844
    },
    {
      "high_freq": 4349.24462890625,
      "loudness": -34.32492446899414,
      "loudness_range": 17.010046005249023,
      "low_freq": 2549.74365234375,
      "mid_mean": -31.298439025878906,
      "mid_to_side_loudness": -9.726266860961914,
      "mid_to_side_loudness_range": 13.831376075744629,
      "side_mean": -40.7575569152832
    },
    {
      "high_freq": 7314.1640625,
      "loudness": -37.99856948852539,
      "loudness_range": 18.498746871948242,
      "low_freq": 4349.24462890625,
      "mid_mean": -34.56031036376953,
      "mid_to_side_loudness": -12.534494400024414,
      "mid_to_side_loudness_range": 12.157602310180664,
      "side_mean": -47.72346496582031
    },
    {
      "high_freq": 12199.2666015625,
      "loudness": -41.66729736328125,
      "loudness_range": 20.3591365814209,
      "low_freq": 7314.1640625,
      "mid_mean": -38.21603775024414,
      "mid_to_side_loudness": -13.534680366516113,
      "mid_to_side_loudness_range": 14.106449127197266,
      "side_mean": -53.69929885864258
    },
    {
      "loudness": -52.4207878112793,
      "loudness_range": 17.359081268310547,
      "low_freq": 12199.2666015625,
      "mid_mean": -49.912776947021484,
      "mid_to_side_loudness": -13.774874687194824,
      "mid_to_side_loudness_range": 17.20065689086914,
      "side_mean": -62.48284912109375
    }
  ],
  "bands_short": [
    {
      "high_freq": 148.1999969482422,
      "loudness": -23.936256408691406,
      "loudness_range": 18.21255111694336,
      "mid_mean": -20.390817642211914,
      "mid_to_side_loudness": -18.569778442382812,
      "mid_to_side_loudness_range": 24.110288619995117,
      "side_mean": -40.06378936767578
    },
    {
      "high_freq": 392.3793640136719,
      "loudness": -18.512792587280273,
      "loudness_range": 11.112611770629883,
      "low_freq": 148.1999969482422,
      "mid_mean": -15.556609153747559,
      "mid_to_side_loudness": -8.56635570526123,
      "mid_to_side_loudness_range": 13.256872177124023,
      "side_mean": -24.26584243774414
    },
    {
      "high_freq": 794.6976318359375,
      "loudness": -25.291227340698242,
      "loudness_range": 14.761234283447266,
      "low_freq": 392.3793640136719,
      "mid_mean": -22.774093627929688,
      "mid_to_side_loudness": -6.661289215087891,
      "mid_to_side_loudness_range": 12.815354347229004,
      "side_mean": -29.340404510498047
    },
    {
      "high_freq": 1457.5709228515625,
      "loudness": -28.553619384765625,
      "loudness_range": 17.003965377807617,
      "low_freq": 794.6976318359375,
      "mid_mean": -26.65036392211914,
      "mid_to_side_loudness": -4.704305171966553,
      "mid_to_side_loudness_range": 14.106600761413574,
      "side_mean": -31.189332962036133
    },
    {
      "high_freq": 2549.74365234375,
      "loudness": -31.50310707092285,
      "loudness_range": 15.933450698852539,
      "low_freq": 1457.5709228515625,
      "mid_mean": -29.620817184448242,
      "mid_to_side_loudness": -4.470666408538818,
      "mid_to_side_loudness_range": 14.010016441345215,
      "side_mean": -34.01561737060547
    },
    {
      "high_freq": 4349.24462890625,
      "loudness": -36.05851745605469,
      "loudness_range": 21.497285842895508,
      "low_freq": 2549.74365234375,
      "mid_mean": -33.36530685424805,
      "mid_to_side_loudness": -8.064306259155273,
      "mid_to_side_loudness_range": 15.108356475830078,
      "side_mean": -41.345802307128906
    },
    {
      "high_freq": 7314.1640625,
      "loudness": -41.619205474853516,
      "loudness_range": 27.159345626831055,
      "low_freq": 4349.24462890625,
      "mid_mean": -38.584556579589844,
      "mid_to_side_loudness": -10.247527122497559,
      "mid_to_side_loudness_range": 15.604169845581055,
      "side_mean": -50.09560012817383
    },
    {
      "high_freq": 12199.2666015625,
      "loudness": -46.06857681274414,
      "loudness_range": 30.45953369140625,
      "low_freq": 7314.1640625,
      "mid_mean": -42.92449951171875,
      "mid_to_side_loudness": -12.231093406677246,
      "mid_to_side_loudness_range": 14.56735610961914,
      "side_mean": -56.049034118652344
    },
    {
      "loudness": -55.03886032104492,
      "loudness_range": 20.473098754882812,
      "low_freq": 12199.2666015625,
      "mid_mean": -52.37385559082031,
      "mid_to_side_loudness": -13.298990249633789,
      "mid_to_side_loudness_range": 17.778934478759766,
      "side_mean": -63.86512756347656
    }
  ],
  "channels": 2,
  "covariance": [
    [
      20.07508087158203,
      10.777450561523438,
      4.7096734046936035,
      5.848711967468262,
      4.702693939208984,
      3.358431816101074,
      0.7346436381340027,
      -0.5481693744659424,
      2.154548168182373,
      0.27259522676467896,
      3.2646260261535645,
      0.33980512619018555,
      0.2196701020002365,
      0.14312849938869476,
      -1.4878913164138794,
      7.898316860198975,
      7.926222324371338,
      3.4196279048919678
    ],
    [
      10.777450561523438,
      34.1553840637207,
      6.073121547698975,
      10.469085693359375,
      7.829719066619873,
      6.718433856964111,
      2.911604166030884,
      0.3826449513435364,
      1.2773305177688599,
      0.9302441477775574,
      0.4222864508628845,
      1.2009118795394897,
      -3.1717889308929443,
      -0.013043427839875221,
      -3.9310145378112793,
      8.392508506774902,
      5.570426940917969,
      6.961467742919922
    ],
    [
      4.7096734046936035,
      6.073121547698975,
      17.261035919189453,
      12.30863094329834,
      10.768732070922852,
      6.227219104766846,
      8.39681339263916,
      2.2665326595306396,
      8.281723976135254,
      4.457987308502197,
      9.98341178894043,
      5.411069869995117,
      5.865388870239258,
      5.869345664978027,
      6.714094638824463,
      17.060575485229492,
      15.336987495422363,
      7.6560797691345215
    ],
    [
      5.848711967468262,
      10.469085693359375,
      12.30863094329834,
      19.477079391479492,
      9.038373947143555,
      6.822790145874023,
      6.362341403961182,
      2.9187207221984863,
      6.258641242980957,
      4.751235485076904,
      6.432857036590576,
      4.3416643142700195,
      2.385460376739502,
      3.8480031490325928,
      0.701892614364624,
      15.10352611541748,
      12.198180198669434,
      8.73967170715332
    ],
    [
      4.702693939208984,
      7.829719066619873,
      10.768732070922852,
      9.038373947143555,
      32.10562515258789,
      17.159608840942383,
      17.47210121154785,
      6.517772674560547,
      15.48689079284668,
      8.973380088806152,
      14.92777156829834,
      10.402482032775879,
      7.076357841491699,
      8.428360939025879,
      8.188167572021484,
      15.03028392791748,
      14.306933403015137,
      7.2211222648620605
    ],
    [
      3.358431816101074,
      6.718433856964111,
      6.227219104766846,
      6.822790145874023,
      17.159608840942383,
      18.68829345703125,
      9.343621253967285,
      6.576376438140869,
      7.871501445770264,
      8.685221672058105,
      6.645842552185059,
      7.144275665283203,
      2.5729477405548096,
      4.63945198059082,
      2.685924768447876,
      9.051994323730469,
      7.953096389770508,
      5.720032691955566
    ],
    [
      0.7346436381340027,
      2.911604166030884,
      8.39681339263916,
      6.362341403961182,
      17.47210121154785,
      9.343621253967285,
      32.93071365356445,
      15.446014404296875,
      20.587587356567383,
      12.121498107910156,
      20.169137954711914,
      13.64436149597168,
      10.576244354248047,
      10.58400821685791,
      12.289658546447754,
      14.390204429626465,
      14.95172119140625,
      5.996890544891357
    ],
    [
      -0.5481693744659424,
      0.3826449513435364,
      2.2665326595306396,
      2.9187207221984863,
      6.517772674560547,
      6.576376438140869,
      15.446014404296875,
      16.16156768798828,
      8.856616020202637,
      10.576143264770508,
      6.790173530578613,
      7.617595195770264,
      3.3286495208740234,
      5.145852565765381,
      4.129497051239014,
      5.256280899047852,
      5.788675785064697,
      3.3776605129241943
    ],
    [
      2.154548168182373,
      1.2773305177688599,
      8.281723976135254,
      6.258641242980957,
      15.48689079284668,
      7.871501445770264,
      20.587587356567383,
      8.856616020202637,
      28.511505126953125,
      14.328519821166992,
      25.22106170654297,
      14.931370735168457,
      15.952156066894531,
      13.2793607711792,
      16.49907684326172,
      17.72834587097168,
      18.714155197143555,
      6.5330023765563965
    ],
    [
      0.27259522676467896,
      0.9302441477775574,
      4.457987308502197,
      4.751235485076904,
      8.973380088806152,
      8.685221672058105,
      12.121498107910156,
      10.576143264770508,
      14.328519821166992,
      17.89081573486328,
      8.956782341003418,
      10.937520980834961,
      4.010300636291504,
      5.573332786560059,
      5.494500160217285,
      8.007553100585938,
      8.454510688781738,
      4.618046760559082
    ],
    [
      3.2646260261535645,
      0.4222864508628845,
      9.98341178894043,
      6.432857036590576,
      14.92777156829834,
      6.645842552185059,
      20.169137954711914,
      6.790173530578613,
      25.22106170654297,
      8.956782341003418,
      41.95968246459961,
      19.448305130004883,
      34.100162506103516,
      25.410863876342773,
      30.087881088256836,
      30.53289794921875,
      30.74748992919922,
      11.005346298217773
    ],
    [
      0.33980512619018555,
      1.2009118795394897,
      5.411069869995117,
      4.3416643142700195,
      10.402482032775879,
      7.144275665283203,
      13.64436149597168,
      7.617595195770264,
      14.931370735168457,
      10.937520980834961,
      19.448305130004883,
      18.291093826293945,
      13.537920951843262,
      14.367472648620605,
      13.568729400634766,
      15.638522148132324,
      14.534729957580566,
      6.372735023498535
    ],
    [
      0.2196701020002365,
      -3.1717889308929443,
      5.865388870239258,
      2.385460376739502,
      7.076357841491699,
      2.5729477405548096,
      10.576244354248047,
      3.3286495208740234,
      15.952156066894531,
      4.010300636291504,
      34.100162506103516,
      13.537920951843262,
      48.274723052978516,
      31.19953155517578,
      39.6552848815918,
      32.37779235839844,
      33.12739181518555,
      13.555754661560059
    ],
    [
      0.14312849938869476,
      -0.013043427839875221,
      5.869345664978027,
      3.8480031490325928,
      8.428360939025879,
      4.63945198059082,
      10.58400821685791,
      5.145852565765381,
      13.2793607711792,
      5.573332786560059,
      25.410863876342773,
      14.367472648620605,
      31.19953155517578,
      29.612850189208984,
      26.789836883544922,
      27.866994857788086,
      24.165340423583984,
      12.449929237365723
    ],
    [
      -1.4878913164138794,
      -3.9310145378112793,
      6.714094638824463,
      0.701892614364624,
      8.188167572021484,
      2.685924768447876,
      12.289658546447754,
      4.129497051239014,
      16.49907684326172,
      5.494500160217285,
      30.087881088256836,
      13.568729400634766,
      39.6552848815918,
      26.789836883544922,
      48.15346145629883,
      32.64547348022461,
      37.30727767944336,
      14.483292579650879
    ],
    [
      7.898316860198975,
      8.392508506774902,
      17.060575485229492,
      15.10352611541748,
      15.03028392791748,
      9.051994323730469,
      14.390204429626465,
      5.256280899047852,
      17.72834587097168,
      8.007553100585938,
      30.53289794921875,
      15.638522148132324,
      32.37779235839844,
      27.866994857788086,
      32.64547348022461,
      48.090179443359375,
      44.70497131347656,
      23.510557174682617
    ],
    [
      7.926222324371338,
      5.570426940917969,
      15.336987495422363,
      12.198180198669434,
      14.306933403015137,
      7.953096389770508,
      14.95172119140625,
      5.788675785064697,
      18.714155197143555,
      8.454510688781738,
      30.74748992919922,
      14.534729957580566,
      33.12739181518555,
      24.165340423583984,
      37.30727767944336,
      44.70497131347656,
      53.03556823730469,
      22.11568832397461
    ],
    [
      3.4196279048919678,
      6.961467742919922,
      7.6560797691345215,
      8.73967170715332,
      7.2211222648620605,
      5.720032691955566,
      5.996890544891357,
      3.3776605129241943,
      6.5330023765563965,
      4.618046760559082,
      11.005346298217773,
      6.372735023498535,
      13.555754661560059,
      12.449929237365723,
      14.483292579650879,
      23.510557174682617,
      22.11568832397461,
      18.273494720458984
    ]
  ],
  "covariance_short": [
    [
      43.10780334472656,
      16.727476119995117,
      8.532872200012207,
      4.836550235748291,
      2.5516254901885986,
      0.5616626739501953,
      0.6494168639183044,
      -1.6966462135314941,
      -0.3849606513977051,
      -2.5691373348236084,
      1.6385560035705566,
      -1.3733419179916382,
      2.1556687355041504,
      4.266486167907715,
      2.3596930503845215,
      4.753245830535889,
      5.716630935668945,
      1.1021231412887573
    ],
    [
      16.727476119995117,
      51.544979095458984,
      6.425782680511475,
      12.059152603149414,
      3.9467930793762207,
      3.476825714111328,
      1.2496436834335327,
      -1.7752958536148071,
      -3.2910940647125244,
      -4.203270435333252,
      -1.792055606842041,
      -2.5323944091796875,
      -1.5367300510406494,
      3.1752071380615234,
      -1.5339902639389038,
      4.773251056671143,
      4.103337287902832,
      4.294137954711914
    ],
    [
      8.532872200012207,
      6.425782680511475,
      22.218538284301758,
      11.731964111328125,
      11.74474811553955,
      7.962448596954346,
      7.324014186859131,
      2.294829845428467,
      7.244540214538574,
      3.8084568977355957,
      11.206751823425293,
      5.265118598937988,
      12.518543243408203,
      15.767049789428711,
      16.07820701599121,
      18.449865341186523,
      15.575764656066895,
      7.245662212371826
    ],
    [
      4.836550235748291,
      12.059152603149414,
      11.731964111328125,
      22.57577133178711,
      8.846111297607422,
      7.8256120681762695,
      7.5909013748168945,
      3.4460642337799072,
      5.073412895202637,
      4.040102481842041,
      6.365107536315918,
      4.606442451477051,
      5.18557596206665,
      13.395440101623535,
      5.72307014465332,
      13.786823272705078,
      11.106928825378418,
      7.20676326751709
    ],
    [
      2.5516254901885986,
      3.9467930793762207,
      11.74474811553955,
      8.846111297607422,
      35.6318473815918,
      17.795825958251953,
      19.273357391357422,
      7.044880390167236,
      16.836772918701172,
      9.245451927185059,
      16.522544860839844,
      10.30754566192627,
      12.781312942504883,
      13.696139335632324,
      16.19393539428711,
      15.230742454528809,
      14.23608112335205,
      5.838043689727783
    ],
    [
      0.5616626739501953,
      3.476825714111328,
      7.962448596954346,
      7.8256120681762695,
      17.795825958251953,
      22.832664489746094,
      10.531805992126465,
      7.543304443359375,
      8.864102363586426,
      9.431304931640625,
      7.140866756439209,
      7.226024627685547,
      5.62426233291626,
      9.35191535949707,
      6.839283466339111,
      9.882478713989258,
      8.7632417678833,
      5.595113277435303
    ],
    [
      0.6494168639183044,
      1.2496436834335327,
      7.324014186859131,
      7.5909013748168945,
      19.273357391357422,
      10.531805992126465,
      42.81437301635742,
      18.624109268188477,
      25.551437377929688,
      13.298905372619629,
      25.330961227416992,
      15.614492416381836,
      19.205556869506836,
      16.943571090698242,
      20.89358139038086,
      17.875513076782227,
      17.349597930908203,
      7.505537033081055
    ],
    [
      -1.6966462135314941,
      -1.7752958536148071,
      2.294829845428467,
      3.4460642337799072,
      7.044880390167236,
      7.543304443359375,
      18.624109268188477,
      21.361583709716797,
      11.596928596496582,
      13.15388011932373,
      8.963363647460938,
      9.30475902557373,
      5.950682163238525,
      8.520204544067383,
      6.285955905914307,
      6.993971347808838,
      6.832100868225098,
      4.238164901733398
    ],
    [
      -0.3849606513977051,
      -3.2910940647125244,
      7.244540214538574,
      5.073412895202637,
      16.836772918701172,
      8.864102363586426,
      25.551437377929688,
      11.596928596496582,
      36.56122970581055,
      16.851959228515625,
      32.861183166503906,
      18.578834533691406,
      27.552156448364258,
      21.835466384887695,
      29.375261306762695,
      22.57793617248535,
      22.984609603881836,
      9.375808715820312
    ],
    [
      -2.5691373348236084,
      -4.203270435333252,
      3.8084568977355957,
      4.040102481842041,
      9.245451927185059,
      9.431304931640625,
      13.298905372619629,
      13.15388011932373,
      16.851959228515625,
      23.44327735900879,
      10.72927474975586,
      12.526412010192871,
      6.523263454437256,
      11.731171607971191,
      7.006509304046631,
      9.289694786071777,
      9.235013961791992,
      5.544947147369385
    ],
    [
      1.6385560035705566,
      -1.792055606842041,
      11.206751823425293,
      6.365107536315918,
      16.522544860839844,
      7.140866756439209,
      25.330961227416992,
      8.963363647460938,
      32.861183166503906,
      10.72927474975586,
      58.044532775878906,
      25.87635040283203,
      60.72791290283203,
      39.37257766723633,
      62.690834045410156,
      44.17250061035156,
      42.17387390136719,
      17.548513412475586
    ],
    [
      -1.3733419179916382,
      -2.5323944091796875,
      5.265118598937988,
      4.606442451477051,
      10.30754566192627,
      7.226024627685547,
      15.614492416381836,
      9.30475902557373,
      18.578834533691406,
      12.526412010192871,
      25.87635040283203,
      23.944177627563477,
      22.985078811645508,
      23.34745979309082,
      23.727989196777344,
      21.54995346069336,
      18.660110473632812,
      9.201498985290527
    ],
    [
      2.1556687355041504,
      -1.5367300510406494,
      12.518543243408203,
      5.18557596206665,
      12.781312942504883,
      5.62426233291626,
      19.205556869506836,
      5.950682163238525,
      27.552156448364258,
      6.523263454437256,
      60.72791290283203,
      22.985078811645508,
      90.86370849609375,
      50.793800354003906,
      89.7610092163086,
      60.927650451660156,
      56.19173812866211,
      25.498258590698242
    ],
    [
      4.266486167907715,
      3.1752071380615234,
      15.767049789428711,
      13.395440101623535,
      13.696139335632324,
      9.35191535949707,
      16.943571090698242,
      8.520204544067383,
      21.835466384887695,
      11.731171607971191,
      39.37257766723633,
      23.34745979309082,
      50.793800354003906,
      58.225406646728516,
      49.713218688964844,
      52.38671875,
      48.06907653808594,
      22.942747116088867
    ],
    [
      2.3596930503845215,
      -1.5339902639389038,
      16.07820701599121,
      5.72307014465332,
      16.19393539428711,
      6.839283466339111,
      20.89358139038086,
      6.285955905914307,
      29.375261306762695,
      7.006509304046631,
      62.690834045410156,
      23.727989196777344,
      89.7610092163086,
      49.713218688964844,
      112.9490737915039,
      73.0729751586914,
      68.53579711914062,
      30.25656509399414
    ],
    [
      4.753245830535889,
      4.773251056671143,
      18.449865341186523,
      13.786823272705078,
      15.230742454528809,
      9.882478713989258,
      17.875513076782227,
      6.993971347808838,
      22.57793617248535,
      9.289694786071777,
      44.17250061035156,
      21.54995346069336,
      60.927650451660156,
      52.38671875,
      73.0729751586914,
      65.9325180053711,
      56.601280212402344,
      30.70423126220703
    ],
    [
      5.716630935668945,
      4.103337287902832,
      15.575764656066895,
      11.106928825378418,
      14.23608112335205,
      8.7632417678833,
      17.349597930908203,
      6.832100868225098,
      22.984609603881836,
      9.235013961791992,
      42.17387390136719,
      18.660110473632812,
      56.19173812866211,
      48.06907653808594,
      68.53579711914062,
      56.601280212402344,
      64.57601165771484,
      28.416826248168945
    ],
    [
      1.1021231412887573,
      4.294137954711914,
      7.245662212371826,
      7.20676326751709,
      5.838043689727783,
      5.595113277435303,
      7.505537033081055,
      4.238164901733398,
      9.375808715820312,
      5.544947147369385,
      17.548513412475586,
      9.201498985290527,
      25.498258590698242,
      22.942747116088867,
      30.25656509399414,
      30.70423126220703,
      28.416826248168945,
      22.836484909057617
    ]
  ],
  "drr": 14.21807861328125,
  "dynamics": 2.7549619674682617,
  "format": 1245190,
  "frames": 10256384,
  "loudness": -11.264220237731934,
  "loudness_range": 7.737850189208984,
  "loudness_range_short": 9.570686340332031,
  "peak": -0.17159417271614075,
  "rms": -12.839399337768555,
  "sample_rate": 44100,
  "sections": 1,
  "seekable": 1,
  "sharpness": 1.9192081689834595,
  "space": -9.161280632019043
}