{
  "bands": [
    {
      "high_freq": 148.1999969482422,
      "loudness": -23.86250877380371,
      "loudness_range": 23.81344223022461,
      "mid_mean": -20.41354751586914,
      "mid_to_side_loudness": -16.586902618408203,
      "mid_to_side_loudness_range": 22.68780517578125,
      "side_mean": -38.097774505615234
    },
    {
      "high_freq": 392.3793640136719,
      "loudness": -20.937854766845703,
      "loudness_range": 11.899130821228027,
      "low_freq": 148.1999969482422,
      "mid_mean": -17.670894622802734,
      "mid_to_side_loudness": -10.317523002624512,
      "mid_to_side_loudness_range": 11.937501907348633,
      "side_mean": -28.467641830444336
    },
    {
      "high_freq": 794.6976318359375,
      "loudness": -23.897029876708984,
      "loudness_range": 16.180988311767578,
      "low_freq": 392.3793640136719,
      "mid_mean": -20.997970581054688,
      "mid_to_side_loudness": -8.16750431060791,
      "mid_to_side_loudness_range": 12.052814483642578,
      "side_mean": -29.532089233398438
    },
    {
      "high_freq": 1457.5709228515625,
      "loudness": -24.352020263671875,
      "loudness_range": 17.96281623840332,
      "low_freq": 794.6976318359375,
      "mid_mean": -21.851032257080078,
      "mid_to_side_loudness": -6.138162612915039,
      "mid_to_side_loudness_range": 11.0602445602417,
      "side_mean": -28.161033630371094
    },
    {
      "high_freq": 2549.74365234375,
      "loudness": -24.22077178955078,
      "loudness_range": 20.54572296142578,
      "low_freq": 1457.5709228515625,
      "mid_mean": -21.621204376220703,
      "mid_to_side_loudness": -6.9328742027282715,
      "mid_to_side_loudness_range": 13.197661399841309,
      "side_mean": -28.454954147338867
    },
    {
      "high_freq": 4349.24462890625,
      "loudness": -26.76740837097168,
      "loudness_range": 20.34204864501953,
      "low_freq": 2549.74365234375,
      "mid_mean": -24.164310455322266,
      "mid_to_side_loudness": -7.559020519256592,
      "mid_to_side_loudness_range": 15.015931129455566,
      "side_mean": -31.261747360229492
    },
    {
      "high_freq": 7314.1640625,
      "loudness": -31.475017547607422,
      "loudness_range": 20.66769027709961,
      "low_freq": 4349.24462890625,
      "mid_mean": -28.478984832763672,
      "mid_to_side_loudness": -9.651863098144531,
      "mid_to_side_loudness_range": 15.327024459838867,
      "side_mean": -37.75516128540039
    },
    {
      "high_freq": 12199.2666015625,
      "loudness": -34.88563537597656,
      "loudness_range": 21.831514358520508,
      "low_freq": 7314.1640625,
      "mid_mean": -31.899045944213867,
      "mid_to_side_loudness": -10.25626277923584,
      "mid_to_side_loudness_range": 15.279741287231445,
      "side_mean": -41.91678237915039
    },
    {
      "loudness": -40.47319793701172,
      "loudness_range": 20.342620849609375,
      "low_freq": 12199.2666015625,
      "mid_mean": -37.59857177734375,
      "mid_to_side_loudness": -9.744014739990234,
      "mid_to_side_loudness_range": 16.98636245727539,
      "side_mean": -47.54605484008789
    }
  ],
  "bands_short": [
    {
      "high_freq": 148.1999969482422,
      "loudness": -25.88566780090332,
      "loudness_range": 25.904132843017578,
      "mid_mean": -22.396074295043945,
      "mid_to_side_loudness": -17.641529083251953,
      "mid_to_side_loudness_range": 27.592391967773438,
      "side_mean": -41.85365295410156
    },
    {
      "high_freq": 392.3793640136719,
      "loudness": -20.876300811767578,
      "loudness_range": 15.461395263671875,
      "low_freq": 148.1999969482422,
      "mid_mean": -17.694686889648438,
      "mid_to_side_loudness": -10.723319053649902,
      "mid_to_side_loudness_range": 14.86031436920166,
      "side_mean": -28.84093475341797
    },
    {
      "high_freq": 794.6976318359375,
      "loudness": -24.94176483154297,
      "loudness_range": 17.538082122802734,
      "low_freq": 392.3793640136719,
      "mid_mean": -22.06070327758789,
      "mid_to_side_loudness": -8.065378189086914,
      "mid_to_side_loudness_range": 13.50805377960205,
      "side_mean": -30.523832321166992
    },
    {
      "high_freq": 1457.5709228515625,
      "loudness": -24.415952682495117,
      "loudness_range": 19.053096771240234,
      "low_freq": 794.6976318359375,
      "mid_mean": -22.13055992126465,
      "mid_to_side_loudness": -5.609493255615234,
      "mid_to_side_loudness_range": 13.029431343078613,
      "side_mean": -27.917686462402344
    },
    {
      "high_freq": 2549.74365234375,
      "loudness": -24.848478317260742,
      "loudness_range": 21.299564361572266,
      "low_freq": 1457.5709228515625,
      "mid_mean": -22.43692970275879,
      "mid_to_side_loudness": -6.349934101104736,
      "mid_to_side_loudness_range": 13.951732635498047,
      "side_mean": -28.789283752441406
    },
    {
      "high_freq": 4349.24462890625,
      "loudness": -27.260700225830078,
      "loudness_range": 22.189777374267578,
      "low_freq": 2549.74365234375,
      "mid_mean": -24.83750343322754,
      "mid_to_side_loudness": -6.80926513671875,
      "mid_to_side_loudness_range": 15.713617324829102,
      "side_mean": -31.473386764526367
    },
    {
      "high_freq": 7314.1640625,
      "loudness": -32.70280838012695,
      "loudness_range": 23.659753799438477,
      "low_freq": 4349.24462890625,
      "mid_mean": -29.908388137817383,
      "mid_to_side_loudness": -8.360038757324219,
      "mid_to_side_loudness_range": 15.894964218139648,
      "side_mean": -38.32621383666992
    },
    {
      "high_freq": 12199.2666015625,
      "loudness": -36.48591232299805,
      "loudness_range": 24.746992111206055,
      "low_freq": 7314.1640625,
      "mid_mean": -33.643795013427734,
      "mid_to_side_loudness": -9.089502334594727,
      "mid_to_side_loudness_range": 17.15134620666504,
      "side_mean": -43.32863998413086
    },
    {
      "loudness": -43.05137252807617,
      "loudness_range": 25.48527717590332,
      "low_freq": 12199.2666015625,
      "mid_mean": -40.40050506591797,
      "mid_to_side_loudness": -9.037293434143066,
      "mid_to_side_loudness_range": 18.431795120239258,
      "side_mean": -51.22379684448242
    }
  ],
  "channels": 2,
  "covariance": [
    [
      80.31328582763672,
      38.93437576293945,
      21.606014251708984,
      30.781030654907227,
      29.213451385498047,
      37.356014251708984,
      34.27053451538086,
      39.173526763916016,
      39.59357833862305,
      48.35647964477539,
      41.10380935668945,
      55.56995391845703,
      39.7697639465332,
      53.80025863647461,
      35.43088912963867,
      55.98367691040039,
      35.9525032043457,
      64.8920669555664
    ],
    [
      38.93437576293945,
      56.2945671081543,
      14.110725402832031,
      23.09828758239746,
      17.576356887817383,
      26.446157455444336,
      22.102962493896484,
      27.22197151184082,
      24.640972137451172,
      32.78892135620117,
      26.73485565185547,
      38.260433197021484,
      25.935482025146484,
      36.1848258972168,
      21.986135482788086,
      33.93259811401367,
      18.136449813842773,
      33.52418899536133
    ],
    [
      21.606014251708984,
      14.110725402832031,
      25.087345123291016,
      18.291278839111328,
      19.19706153869629,
      17.86446762084961,
      19.369686126708984,
      17.734092712402344,
      20.18464469909668,
      18.754545211791992,
      21.812292098999023,
      21.031583786010742,
      19.00860595703125,
      21.656766891479492,
      16.127222061157227,
      21.738840103149414,
      14.040059089660645,
      24.432313919067383
    ],
    [
      30.781030654907227,
      23.09828758239746,
      18.291278839111328,
      29.667484283447266,
      22.36791229248047,
      28.658246994018555,
      24.60767936706543,
      29.01797103881836,
      26.696165084838867,
      31.616783142089844,
      27.06348419189453,
      34.914920806884766,
      24.409584045410156,
      33.869197845458984,
      21.086715698242188,
      32.24354934692383,
      18.76288414001465,
      35.19002151489258
    ],
    [
      29.213451385498047,
      17.576356887817383,
      19.19706153869629,
      22.36791229248047,
      35.36515808105469,
      28.298538208007812,
      33.06015396118164,
      26.905628204345703,
      33.30348205566406,
      28.423845291137695,
      27.779125213623047,
      29.541366577148438,
      23.10400390625,
      29.12967872619629,
      23.281885147094727,
      30.496816635131836,
      21.91826629638672,
      34.831661224365234
    ],
    [
      37.356014251708984,
      26.446157455444336,
      17.86446762084961,
      28.658246994018555,
      28.298538208007812,
      40.843692779541016,
      31.083127975463867,
      36.85039520263672,
      34.78977966308594,
      41.30826950073242,
      32.800113677978516,
      44.18526840209961,
      28.95598030090332,
      42.326316833496094,
      26.640098571777344,
      41.67212677001953,
      24.889122009277344,
      45.29924392700195
    ],
    [
      34.27053451538086,
      22.102962493896484,
      19.369686126708984,
      24.60767936706543,
      33.06015396118164,
      31.083127975463867,
      42.922332763671875,
      34.052276611328125,
      38.776615142822266,
      35.82518005371094,
      32.01261901855469,
      36.771263122558594,
      27.13024139404297,
      35.702796936035156,
      27.726858139038086,
      36.71379852294922,
      25.815357208251953,
      41.78068542480469
    ],
    [
      39.173526763916016,
      27.22197151184082,
      17.734092712402344,
      29.01797103881836,
      26.905628204345703,
      36.85039520263672,
      34.052276611328125,
      43.22380065917969,
      35.74700927734375,
      44.735111236572266,
      34.36849594116211,
      49.39513397216797,
      31.42906951904297,
      46.95029830932617,
      28.547548294067383,
      45.02064514160156,
      26.16985321044922,
      49.08877944946289
    ],
    [
      39.59357833862305,
      24.640972137451172,
      20.18464469909668,
      26.696165084838867,
      33.30348205566406,
      34.78977966308594,
      38.776615142822266,
      35.74700927734375,
      52.48065948486328,
      43.949501037597656,
      42.8724479675293,
      44.99253845214844,
      36.912845611572266,
      45.230812072753906,
      36.01969909667969,
      46.51456832885742,
      32.179931640625,
      51.839576721191406
    ],
    [
      48.35647964477539,
      32.78892135620117,
      18.754545211791992,
      31.616783142089844,
      28.423845291137695,
      41.30826950073242,
      35.82518005371094,
      44.735111236572266,
      43.949501037597656,
      59.530723571777344,
      42.633548736572266,
      61.77314758300781,
      39.812461853027344,
      59.25680923461914,
      35.95237731933594,
      57.59229278564453,
      33.300132751464844,
      62.517818450927734
    ],
    [
      41.10380935668945,
      26.73485565185547,
      21.812292098999023,
      27.06348419189453,
      27.779125213623047,
      32.800113677978516,
      32.01261901855469,
      34.36849594116211,
      42.8724479675293,
      42.633548736572266,
      53.49272155761719,
      51.24116134643555,
      44.448123931884766,
      51.37441635131836,
      39.09193420410156,
      51.581356048583984,
      34.47016906738281,
      55.75612258911133
    ],
    [
      55.56995391845703,
      38.260433197021484,
      21.031583786010742,
      34.914920806884766,
      29.541366577148438,
      44.18526840209961,
      36.771263122558594,
      49.39513397216797,
      44.99253845214844,
      61.77314758300781,
      51.24116134643555,
      83.46735382080078,
      48.18083190917969,
      77.31188201904297,
      41.23725891113281,
      71.70857238769531,
      36.74167251586914,
      74.43123626708984
    ],
    [
      39.7697639465332,
      25.935482025146484,
      19.00860595703125,
      24.409584045410156,
      23.10400390625,
      28.95598030090332,
      27.13024139404297,
      31.42906951904297,
      36.912845611572266,
      39.812461853027344,
      44.448123931884766,
      48.18083190917969,
      54.8883171081543,
      52.411048889160156,
      48.87053680419922,
      57.39259338378906,
      39.39284133911133,
      58.023231506347656
    ],
    [
      53.80025863647461,
      36.1848258972168,
      21.656766891479492,
      33.869197845458984,
      29.12967872619629,
      42.326316833496094,
      35.702796936035156,
      46.95029830932617,
      45.230812072753906,
      59.25680923461914,
      51.37441635131836,
      77.31188201904297,
      52.411048889160156,
      84.91826629638672,
      45.088871002197266,
      77.98014831542969,
      38.99177932739258,
      79.16398620605469
    ],
    [
      35.43088912963867,
      21.986135482788086,
      16.127222061157227,
      21.086715698242188,
      23.281885147094727,
      26.640098571777344,
      27.726858139038086,
      28.547548294067383,
      36.01969909667969,
      35.95237731933594,
      39.09193420410156,
      41.23725891113281,
      48.87053680419922,
      45.088871002197266,
      58.19481658935547,
      55.29789733886719,
      45.96493911743164,
      56.91010284423828
    ],
    [
      55.98367691040039,
      33.93259811401367,
      21.738840103149414,
      32.24354934692383,
      30.496816635131836,
      41.67212677001953,
      36.71379852294922,
      45.02064514160156,
      46.51456832885742,
      57.59229278564453,
      51.581356048583984,
      71.70857238769531,
      57.39259338378906,
      77.98014831542969,
      55.29789733886719,
      90.658447265625,
      49.06235122680664,
      88.4393081665039
    ],
    [
      35.9525032043457,
      18.136449813842773,
      14.040059089660645,
      18.76288414001465,
      21.91826629638672,
      24.889122009277344,
      25.815357208251953,
      26.16985321044922,
      32.179931640625,
      33.300132751464844,
      34.47016906738281,
      36.74167251586914,
      39.39284133911133,
      38.99177932739258,
      45.96493911743164,
      49.06235122680664,
      52.227054595947266,
      59.3182487487793
    ],
    [
      64.8920669555664,
      33.52418899536133,
      24.432313919067383,
      35.19002151489258,
      34.831661224365234,
      45.29924392700195,
      41.78068542480469,
      49.08877944946289,
      51.839576721191406,
      62.517818450927734,
      55.75612258911133,
      74.43123626708984,
      58.023231506347656,
      79.16398620605469,
      56.91010284423828,
      88.4393081665039,
      59.3182487487793,
      111.09000396728516
    ]
  ],
  "covariance_short": [
    [
      87.47307586669922,
      36.183963775634766,
      28.827110290527344,
      30.74379539489746,
      30.89299201965332,
      36.03850173950195,
      34.2928466796875,
      36.360389709472656,
      38.64606475830078,
      44.09077072143555,
      40.61616897583008,
      51.428653717041016,
      39.62215042114258,
      50.56792449951172,
      36.09485626220703,
      53.90681457519531,
      35.05194854736328,
      62.170310974121094
    ],
    [
      36.183963775634766,
      69.96276092529297,
      17.10142707824707,
      24.63939094543457,
      18.123001098632812,
      25.195659637451172,
      22.112876892089844,
      26.58573341369629,
      24.659053802490234,
      29.652557373046875,
      25.906740188598633,
      35.11305618286133,
      26.508155822753906,
      35.1805419921875,
      23.17120933532715,
      34.622581481933594,
      20.542213439941406,
      38.321205139160156
    ],
    [
      28.827110290527344,
      17.10142707824707,
      36.74342346191406,
      21.695449829101562,
      24.529544830322266,
      20.671226501464844,
      24.842681884765625,
      21.822450637817383,
      25.058944702148438,
      23.02425193786621,
      27.617036819458008,
      26.2669677734375,
      24.558311462402344,
      27.034297943115234,
      19.006006240844727,
      27.279829025268555,
      20.095003128051758,
      34.600982666015625
    ],
    [
      30.74379539489746,
      24.63939094543457,
      21.695449829101562,
      33.97626495361328,
      23.583860397338867,
      29.54668426513672,
      25.339418411254883,
      29.43811798095703,
      27.17491340637207,
      32.2517204284668,
      27.738433837890625,
      36.19091033935547,
      25.88994789123535,
      34.65505599975586,
      21.720203399658203,
      33.54638671875,
      20.95760154724121,
      42.002845764160156
    ],
    [
      30.89299201965332,
      18.123001098632812,
      24.529544830322266,
      23.583860397338867,
      41.814483642578125,
      29.63483428955078,
      35.88889694213867,
      28.595565795898438,
      35.87471008300781,
      30.11639976501465,
      31.646520614624023,
      32.11323547363281,
      27.388092041015625,
      31.674015045166016,
      25.91667366027832,
      33.879364013671875,
      25.91777801513672,
      40.6999397277832
    ],
    [
      36.03850173950195,
      25.195659637451172,
      20.671226501464844,
      29.54668426513672,
      29.63483428955078,
      42.14093780517578,
      31.38783073425293,
      36.123435974121094,
      34.715145111083984,
      40.43164825439453,
      33.08790588378906,
      44.138946533203125,
      30.183822631835938,
      42.9361686706543,
      27.4179744720459,
      42.71150207519531,
      26.31699562072754,
      51.87058639526367
    ],
    [
      34.2928466796875,
      22.112876892089844,
      24.842681884765625,
      25.339418411254883,
      35.88889694213867,
      31.38783073425293,
      48.68658447265625,
      34.8072395324707,
      40.8691520690918,
      35.51482391357422,
      34.82421112060547,
      37.54281997680664,
      29.50584602355957,
      36.770816802978516,
      29.449243545532227,
      38.06096267700195,
      29.550569534301758,
      45.52814483642578
    ],
    [
      36.360389709472656,
      26.58573341369629,
      21.822450637817383,
      29.43811798095703,
      28.595565795898438,
      36.123435974121094,
      34.8072395324707,
      45.50556564331055,
      36.222721099853516,
      43.5254020690918,
      35.0159797668457,
      48.578712463378906,
      32.8870735168457,
      47.16005325317383,
      29.33125114440918,
      45.77994918823242,
      27.623367309570312,
      54.84795379638672
    ],
    [
      38.64606475830078,
      24.659053802490234,
      25.058944702148438,
      27.17491340637207,
      35.87471008300781,
      34.715145111083984,
      40.8691520690918,
      36.222721099853516,
      58.40180969238281,
      44.96625518798828,
      47.118316650390625,
      47.14134979248047,
      42.10135269165039,
      47.56687927246094,
      40.11822509765625,
      49.94956588745117,
      37.85204315185547,
      56.30475616455078
    ],
    [
      44.09077072143555,
      29.652557373046875,
      23.02425193786621,
      32.2517204284668,
      30.11639976501465,
      40.43164825439453,
      35.51482391357422,
      43.5254020690918,
      44.96625518798828,
      60.220802307128906,
      44.22898483276367,
      61.61292266845703,
      42.05329895019531,
      59.607418060302734,
      38.0224494934082,
      58.70969009399414,
      34.5258674621582,
      66.45836639404297
    ],
    [
      40.61616897583008,
      25.906740188598633,
      27.617036819458008,
      27.738433837890625,
      31.646520614624023,
      33.08790588378906,
      34.82421112060547,
      35.0159797668457,
      47.118316650390625,
      44.22898483276367,
      62.081729888916016,
      55.21672058105469,
      53.65839767456055,
      56.361106872558594,
      46.62653350830078,
      58.10609817504883,
      43.030128479003906,
      63.459320068359375
    ],
    [
      51.428653717041016,
      35.11305618286133,
      26.2669677734375,
      36.19091033935547,
      32.11323547363281,
      44.138946533203125,
      37.54281997680664,
      48.578712463378906,
      47.14134979248047,
      61.61292266845703,
      55.21672058105469,
      86.12781524658203,
      53.26422119140625,
      79.72120666503906,
      45.50210189819336,
      75.01872253417969,
      40.835792541503906,
      82.75846862792969
    ],
    [
      39.62215042114258,
      26.508155822753906,
      24.558311462402344,
      25.88994789123535,
      27.388092041015625,
      30.183822631835938,
      29.50584602355957,
      32.8870735168457,
      42.10135269165039,
      42.05329895019531,
      53.65839767456055,
      53.26422119140625,
      71.20947265625,
      60.90314483642578,
      61.786781311035156,
      67.9040756225586,
      54.803382873535156,
      70.86552429199219
    ],
    [
      50.56792449951172,
      35.1805419921875,
      27.034297943115234,
      34.65505599975586,
      31.674015045166016,
      42.9361686706543,
      36.770816802978516,
      47.16005325317383,
      47.56687927246094,
      59.607418060302734,
      56.361106872558594,
      79.72120666503906,
      60.90314483642578,
      90.68441772460938,
      52.79990005493164,
      84.69541931152344,
      48.16429901123047,
      90.71858978271484
    ],
    [
      36.09485626220703,
      23.17120933532715,
      19.006006240844727,
      21.720203399658203,
      25.91667366027832,
      27.4179744720459,
      29.449243545532227,
      29.33125114440918,
      40.11822509765625,
      38.0224494934082,
      46.62653350830078,
      45.50210189819336,
      61.786781311035156,
      52.79990005493164,
      76.41928100585938,
      66.7645263671875,
      64.95488739013672,
      69.28677368164062
    ],
    [
      53.90681457519531,
      34.622581481933594,
      27.279829025268555,
      33.54638671875,
      33.879364013671875,
      42.71150207519531,
      38.06096267700195,
      45.77994918823242,
      49.94956588745117,
      58.70969009399414,
      58.10609817504883,
      75.01872253417969,
      67.9040756225586,
      84.69541931152344,
      66.7645263671875,
      101.88372802734375,
      62.82368850708008,
      103.98917388916016
    ],
    [
      35.05194854736328,
      20.542213439941406,
      20.095003128051758,
      20.95760154724121,
      25.91777801513672,
      26.31699562072754,
      29.550569534301758,
      27.623367309570312,
      37.85204315185547,
      34.5258674621582,
      43.030128479003906,
      40.835792541503906,
      54.803382873535156,
      48.16429901123047,
      64.95488739013672,
      62.82368850708008,
      77.05095672607422,
      75.34534454345703
    ],
    [
      62.170310974121094,
      38.321205139160156,
      34.600982666015625,
      42.002845764160156,
      40.6999397277832,
      51.87058639526367,
      45.52814483642578,
      54.84795379638672,
      56.30475616455078,
      66.45836639404297,
      63.459320068359375,
      82.75846862792969,
      70.86552429199219,
      90.71858978271484,
      69.28677368164062,
      103.98917388916016,
      75.34534454345703,
      135.82986450195312
    ]
  ],
  "drr": 13.716069221496582,
  "dynamics": 4.1649041175842285,
  "format": 1245190,
  "frames": 13080576,
  "loudness": -10.583086967468262,
  "loudness_range": 13.259056091308594,
  "loudness_range_short": 14.785613059997559,
  "peak": 0.7480875253677368,
  "rms": -12.294858932495117,
  "sample_rate": 44100,
  "sections": 1,
  "seekable": 1,
  "sharpness": 2.132380723953247,
  "space": -9.478710174560547
}