{
  "bands": [
    {
      "high_freq": 148.1999969482422,
      "loudness": -23.64336395263672,
      "loudness_range": 19.623455047607422,
      "mid_mean": -19.95484733581543,
      "mid_to_side_loudness": -31.35050392150879,
      "mid_to_side_loudness_range": 6.74119758605957,
      "side_mean": -51.54689025878906
    },
    {
      "high_freq": 392.3793640136719,
      "loudness": -26.949607849121094,
      "loudness_range": 17.34444808959961,
      "low_freq": 148.1999969482422,
      "mid_mean": -23.30058479309082,
      "mid_to_side_loudness": -26.963411331176758,
      "mid_to_side_loudness_range": 17.716646194458008,
      "side_mean": -50.6416130065918
    },
    {
      "high_freq": 794.6976318359375,
      "loudness": -26.97519874572754,
      "loudness_range": 14.385622024536133,
      "low_freq": 392.3793640136719,
      "mid_mean": -23.38286781311035,
      "mid_to_side_loudness": -20.455795288085938,
      "mid_to_side_loudness_range": 17.955028533935547,
      "side_mean": -43.25883483886719
    },
    {
      "high_freq": 1457.5709228515625,
      "loudness": -28.960954666137695,
      "loudness_range": 21.134185791015625,
      "low_freq": 794.6976318359375,
      "mid_mean": -25.429765701293945,
      "mid_to_side_loudness": -21.669200897216797,
      "mid_to_side_loudness_range": 24.356672286987305,
      "side_mean": -47.173397064208984
    },
    {
      "high_freq": 2549.74365234375,
      "loudness": -27.749324798583984,
      "loudness_range": 17.407854080200195,
      "low_freq": 1457.5709228515625,
      "mid_mean": -24.17559051513672,
      "mid_to_side_loudness": -26.118989944458008,
      "mid_to_side_loudness_range": 33.05976867675781,
      "side_mean": -53.13479995727539
    },
    {
      "high_freq": 4349.24462890625,
      "loudness": -28.147377014160156,
      "loudness_range": 16.484779357910156,
      "low_freq": 2549.74365234375,
      "mid_mean": -24.569787979125977,
      "mid_to_side_loudness": -26.798629760742188,
      "mid_to_side_loudness_range": 34.62453079223633,
      "side_mean": -54.604942321777344
    },
    {
      "high_freq": 7314.1640625,
      "loudness": -33.101009368896484,
      "loudness_range": 13.481136322021484,
      "low_freq": 4349.24462890625,
      "mid_mean": -29.45380210876465,
      "mid_to_side_loudness": -32.354671478271484,
      "mid_to_side_loudness_range": 37.928672790527344,
      "side_mean": -62.1834602355957
    },
    {
      "high_freq": 12199.2666015625,
      "loudness": -33.61174011230469,
      "loudness_range": 16.023300170898438,
      "low_freq": 7314.1640625,
      "mid_mean": -29.99232292175293,
      "mid_to_side_loudness": -33.143314361572266,
      "mid_to_side_loudness_range": 41.473548889160156,
      "side_mean": -62.853450775146484
    },
    {
      "loudness": -39.907169342041016,
      "loudness_range": 19.42344093322754,
      "low_freq": 12199.2666015625,
      "mid_mean": -36.28516387939453,
      "mid_to_side_loudness": -33.735992431640625,
      "mid_to_side_loudness_range": 44.43212890625,
      "side_mean": -65.87303161621094
    }
  ],
  "bands_short": [
    {
      "high_freq": 148.1999969482422,
      "loudness": -32.03215408325195,
      "loudness_range": 35.022159576416016,
      "mid_mean": -28.39124298095703,
      "mid_to_side_loudness": -29.254629135131836,
      "mid_to_side_loudness_range": 16.83983039855957,
      "side_mean": -57.143165588378906
    },
    {
      "high_freq": 392.3793640136719,
      "loudness": -28.705631256103516,
      "loudness_range": 24.63541030883789,
      "low_freq": 148.1999969482422,
      "mid_mean": -25.0611515045166,
      "mid_to_side_loudness": -27.750835418701172,
      "mid_to_side_loudness_range": 20.692989349365234,
      "side_mean": -53.30387496948242
    },
    {
      "high_freq": 794.6976318359375,
      "loudness": -27.74995231628418,
      "loudness_range": 18.136930465698242,
      "low_freq": 392.3793640136719,
      "mid_mean": -24.211181640625,
      "mid_to_side_loudness": -19.833038330078125,
      "mid_to_side_loudness_range": 19.18741226196289,
      "side_mean": -43.28457260131836
    },
    {
      "high_freq": 1457.5709228515625,
      "loudness": -31.299650192260742,
      "loudness_range": 26.374544143676758,
      "low_freq": 794.6976318359375,
      "mid_mean": -27.889446258544922,
      "mid_to_side_loudness": -19.657508850097656,
      "mid_to_side_loudness_range": 24.105119705200195,
      "side_mean": -50.0841064453125
    },
    {
      "high_freq": 2549.74365234375,
      "loudness": -30.046459197998047,
      "loudness_range": 23.15299415588379,
      "low_freq": 1457.5709228515625,
      "mid_mean": -26.542274475097656,
      "mid_to_side_loudness": -21.862520217895508,
      "mid_to_side_loudness_range": 29.483821868896484,
      "side_mean": -54.779964447021484
    },
    {
      "high_freq": 4349.24462890625,
      "loudness": -29.526960372924805,
      "loudness_range": 20.53957748413086,
      "low_freq": 2549.74365234375,
      "mid_mean": -25.99853515625,
      "mid_to_side_loudness": -22.674562454223633,
      "mid_to_side_loudness_range": 30.005582809448242,
      "side_mean": -56.005821228027344
    },
    {
      "high_freq": 7314.1640625,
      "loudness": -35.711856842041016,
      "loudness_range": 22.40623664855957,
      "low_freq": 4349.24462890625,
      "mid_mean": -32.16490936279297,
      "mid_to_side_loudness": -23.577669143676758,
      "mid_to_side_loudness_range": 31.913467407226562,
      "side_mean": -63.22029113769531
    },
    {
      "high_freq": 12199.2666015625,
      "loudness": -37.968448638916016,
      "loudness_range": 29.741634368896484,
      "low_freq": 7314.1640625,
      "mid_mean": -34.953853607177734,
      "mid_to_side_loudness": -22.125869750976562,
      "mid_to_side_loudness_range": 32.18423843383789,
      "side_mean": -63.878360748291016
    },
    {
      "loudness": -45.53468322753906,
      "loudness_range": 33.25419616699219,
      "low_freq": 12199.2666015625,
      "mid_mean": -43.14130783081055,
      "mid_to_side_loudness": -19.953855514526367,
      "mid_to_side_loudness_range": 30.640108108520508,
      "side_mean": -66.3553466796875
    }
  ],
  "channels": 2,
  "covariance": [
    [
      42.97899627685547,
      39.735721588134766,
      7.016158103942871,
      7.089378833770752,
      -3.037667989730835,
      -7.541330814361572,
      -8.31095027923584,
      -5.880268573760986,
      -4.799341678619385,
      -1.4472941160202026,
      -2.40865159034729,
      -3.895780086517334,
      2.053359270095825,
      0.16576258838176727,
      10.637811660766602,
      3.8778035640716553,
      5.237553596496582,
      1.0015794038772583
    ],
    [
      39.735721588134766,
      47.194786071777344,
      7.735820293426514,
      18.880090713500977,
      1.9872862100601196,
      2.9413819313049316,
      -3.1489453315734863,
      7.104896545410156,
      -2.215386390686035,
      19.14795684814453,
      0.4833160936832428,
      16.55077362060547,
      2.8257555961608887,
      14.637703895568848,
      12.635016441345215,
      18.138933181762695,
      7.629213809967041,
      11.474126815795898
    ],
    [
      7.016158103942871,
      7.735820293426514,
      37.962650299072266,
      23.311983108520508,
      13.962555885314941,
      6.156461238861084,
      11.64462661743164,
      7.106666088104248,
      3.7309327125549316,
      10.872147560119629,
      2.9622230529785156,
      11.815292358398438,
      16.010562896728516,
      8.37462043762207,
      21.77324104309082,
      11.082965850830078,
      24.79647445678711,
      7.56020450592041
    ],
    [
      7.089378833770752,
      18.880090713500977,
      23.311983108520508,
      54.309349060058594,
      20.207630157470703,
      27.914066314697266,
      12.22607421875,
      28.264022827148438,
      2.949306011199951,
      51.7490119934082,
      5.376378536224365,
      54.512115478515625,
      5.865995407104492,
      39.122398376464844,
      11.104095458984375,
      41.13188552856445,
      11.98166275024414,
      29.80899429321289
    ],
    [
      -3.037667989730835,
      1.9872862100601196,
      13.962555885314941,
      20.207630157470703,
      28.773963928222656,
      26.7606258392334,
      27.83245277404785,
      36.14546203613281,
      14.63934326171875,
      43.69719314575195,
      13.54399585723877,
      44.59239196777344,
      8.877286911010742,
      26.621265411376953,
      9.845069885253906,
      24.287418365478516,
      11.751058578491211,
      16.86908531188965
    ],
    [
      -7.541330814361572,
      2.9413819313049316,
      6.156461238861084,
      27.914066314697266,
      26.7606258392334,
      65.13878631591797,
      24.61426544189453,
      70.88414001464844,
      9.726469039916992,
      78.32982635498047,
      11.017587661743164,
      82.75980377197266,
      2.7269513607025146,
      63.758846282958984,
      0.5339294075965881,
      62.54541015625,
      2.372880220413208,
      51.09933090209961
    ],
    [
      -8.31095027923584,
      -3.1489453315734863,
      11.64462661743164,
      12.22607421875,
      27.83245277404785,
      24.61426544189453,
      54.52617263793945,
      47.68620300292969,
      30.428503036499023,
      49.891395568847656,
      22.435781478881836,
      48.83564758300781,
      13.365646362304688,
      25.137819290161133,
      12.688607215881348,
      21.465864181518555,
      16.515832901000977,
      14.554292678833008
    ],
    [
      -5.880268573760986,
      7.104896545410156,
      7.106666088104248,
      28.264022827148438,
      36.14546203613281,
      70.88414001464844,
      47.68620300292969,
      115.38152313232422,
      16.9283447265625,
      113.12702178955078,
      17.378149032592773,
      115.95040893554688,
      4.20823335647583,
      79.4781723022461,
      5.281907081604004,
      76.34973907470703,
      7.0921430587768555,
      59.54444885253906
    ],
    [
      -4.799341678619385,
      -2.215386390686035,
      3.7309327125549316,
      2.949306011199951,
      14.63934326171875,
      9.726469039916992,
      30.428503036499023,
      16.9283447265625,
      39.712181091308594,
      21.65723419189453,
      27.482240676879883,
      18.65873146057129,
      11.109796524047852,
      7.873968601226807,
      6.6741414070129395,
      4.28082799911499,
      8.802311897277832,
      3.6463911533355713
    ],
    [
      -1.4472941160202026,
      19.14795684814453,
      10.872147560119629,
      51.7490119934082,
      43.69719314575195,
      78.32982635498047,
      49.891395568847656,
      113.12702178955078,
      21.65723419189453,
      146.45755004882812,
      23.365562438964844,
      148.02320861816406,
      1.9517652988433838,
      93.51612091064453,
      6.360941410064697,
      89.43080139160156,
      6.88081169128418,
      65.56117248535156
    ],
    [
      -2.40865159034729,
      0.4833160936832428,
      2.9622230529785156,
      5.376378536224365,
      13.54399585723877,
      11.017587661743164,
      22.435781478881836,
      17.378149032592773,
      27.482240676879883,
      23.365562438964844,
      34.56729507446289,
      23.367788314819336,
      11.640976905822754,
      11.61481761932373,
      6.407374382019043,
      8.213615417480469,
      7.7943902015686035,
      6.1842217445373535
    ],
    [
      -3.895780086517334,
      16.55077362060547,
      11.815292358398438,
      54.512115478515625,
      44.59239196777344,
      82.75980377197266,
      48.83564758300781,
      115.95040893554688,
      18.65873146057129,
      148.02320861816406,
      23.367788314819336,
      159.25137329101562,
      1.817305088043213,
      101.20586395263672,
      5.322398662567139,
      95.13650512695312,
      6.127587795257568,
      70.47802734375
    ],
    [
      2.053359270095825,
      2.8257555961608887,
      16.010562896728516,
      5.865995407104492,
      8.877286911010742,
      2.7269513607025146,
      13.365646362304688,
      4.20823335647583,
      11.109796524047852,
      1.9517652988433838,
      11.640976905822754,
      1.817305088043213,
      24.613012313842773,
      2.615175247192383,
      22.097976684570312,
      3.0014376640319824,
      25.53907012939453,
      2.1687912940979004
    ],
    [
      0.16576258838176727,
      14.637703895568848,
      8.37462043762207,
      39.122398376464844,
      26.621265411376953,
      63.758846282958984,
      25.137819290161133,
      79.4781723022461,
      7.873968601226807,
      93.51612091064453,
      11.61481761932373,
      101.20586395263672,
      2.615175247192383,
      86.5519027709961,
      3.02363657951355,
      82.74913787841797,
      3.5076346397399902,
      64.69878387451172
    ],
    [
      10.637811660766602,
      12.635016441345215,
      21.77324104309082,
      11.104095458984375,
      9.845069885253906,
      0.5339294075965881,
      12.688607215881348,
      5.281907081604004,
      6.6741414070129395,
      6.360941410064697,
      6.407374382019043,
      5.322398662567139,
      22.097976684570312,
      3.02363657951355,
      38.352630615234375,
      6.867347717285156,
      41.43449401855469,
      3.6241438388824463
    ],
    [
      3.8778035640716553,
      18.138933181762695,
      11.082965850830078,
      41.13188552856445,
      24.287418365478516,
      62.54541015625,
      21.465864181518555,
      76.34973907470703,
      4.28082799911499,
      89.43080139160156,
      8.213615417480469,
      95.13650512695312,
      3.0014376640319824,
      82.74913787841797,
      6.867347717285156,
      89.98697662353516,
      6.864663124084473,
      69.13097381591797
    ],
    [
      5.237553596496582,
      7.629213809967041,
      24.79647445678711,
      11.98166275024414,
      11.751058578491211,
      2.372880220413208,
      16.515832901000977,
      7.0921430587768555,
      8.802311897277832,
      6.88081169128418,
      7.7943902015686035,
      6.127587795257568,
      25.53907012939453,
      3.5076346397399902,
      41.43449401855469,
      6.864663124084473,
      49.026546478271484,
      5.266894340515137
    ],
    [
      1.0015794038772583,
      11.474126815795898,
      7.56020450592041,
      29.80899429321289,
      16.86908531188965,
      51.09933090209961,
      14.554292678833008,
      59.54444885253906,
      3.6463911533355713,
      65.56117248535156,
      6.1842217445373535,
      70.47802734375,
      2.1687912940979004,
      64.69878387451172,
      3.6241438388824463,
      69.13097381591797,
      5.266894340515137,
      59.634010314941406
    ]
  ],
  "covariance_short": [
    [
      121.66028594970703,
      85.24848937988281,
      21.62911033630371,
      16.41782569885254,
      -6.4363789558410645,
      -16.452503204345703,
      -3.471930980682373,
      -7.553770065307617,
      0.4614521563053131,
      -8.6963529586792,
      0.7388427257537842,
      -9.417658805847168,
      16.5172119140625,
      -3.4526538848876953,
      31.504289627075195,
      -0.7927162647247314,
      30.924562454223633,
      -1.1021349430084229
    ],
    [
      85.24848937988281,
      80.28507232666016,
      15.586730003356934,
      24.43499755859375,
      0.8187420964241028,
      2.759805917739868,
      2.4748382568359375,
      19.336400985717773,
      1.3186269998550415,
      20.364587783813477,
      3.4038257598876953,
      20.07201385498047,
      13.219992637634277,
      17.85466194152832,
      27.411060333251953,
      20.07469940185547,
      29.068788528442383,
      14.916426658630371
    ],
    [
      21.62911033630371,
      15.586730003356934,
      64.49635314941406,
      37.40399169921875,
      11.59731674194336,
      0.4033861458301544,
      10.50916862487793,
      2.2027173042297363,
      4.9611921310424805,
      0.7677150964736938,
      2.194326639175415,
      2.8389647006988525,
      8.865979194641113,
      4.190715312957764,
      12.683605194091797,
      5.961963176727295,
      17.105010986328125,
      3.8157362937927246
    ],
    [
      16.41782569885254,
      24.43499755859375,
      37.40399169921875,
      69.2867202758789,
      20.875089645385742,
      23.914779663085938,
      15.668947219848633,
      45.660369873046875,
      5.8573198318481445,
      47.207889556884766,
      5.134385108947754,
      50.27702713012695,
      2.7876639366149902,
      36.14702224731445,
      8.14588451385498,
      38.162845611572266,
      13.679213523864746,
      27.49018669128418
    ],
    [
      -6.4363789558410645,
      0.8187420964241028,
      11.59731674194336,
      20.875089645385742,
      42.14515686035156,
      29.116247177124023,
      39.190067291259766,
      48.87712860107422,
      21.739303588867188,
      47.587528228759766,
      18.3769474029541,
      48.21953582763672,
      8.299135208129883,
      28.572547912597656,
      12.256064414978027,
      26.37297821044922,
      18.029077529907227,
      18.408546447753906
    ],
    [
      -16.452503204345703,
      2.759805917739868,
      0.4033861458301544,
      23.914779663085938,
      29.116247177124023,
      62.030479431152344,
      28.146312713623047,
      69.1995620727539,
      12.275030136108398,
      76.54847717285156,
      11.476317405700684,
      79.56122589111328,
      -0.157622292637825,
      61.81364440917969,
      1.5798684358596802,
      61.10994338989258,
      8.864774703979492,
      49.123741149902344
    ],
    [
      -3.471930980682373,
      2.4748382568359375,
      10.50916862487793,
      15.668947219848633,
      39.190067291259766,
      28.146312713623047,
      82.15325927734375,
      64.27460479736328,
      47.565704345703125,
      58.20155715942383,
      34.53569793701172,
      56.61811828613281,
      18.632749557495117,
      29.970468521118164,
      21.759397506713867,
      27.94917106628418,
      29.386917114257812,
      19.70551872253418
    ],
    [
      -7.553770065307617,
      19.336400985717773,
      2.2027173042297363,
      45.660369873046875,
      48.87712860107422,
      69.1995620727539,
      64.27460479736328,
      155.60928344726562,
      25.764623641967773,
      141.3565216064453,
      23.727481842041016,
      138.64376831054688,
      3.0264971256256104,
      87.10710906982422,
      12.761951446533203,
      83.42742156982422,
      25.755380630493164,
      61.505165100097656
    ],
    [
      0.4614521563053131,
      1.3186269998550415,
      4.9611921310424805,
      5.8573198318481445,
      21.739303588867188,
      12.275030136108398,
      47.565704345703125,
      25.764623641967773,
      66.68693542480469,
      24.083906173706055,
      42.71306610107422,
      21.376598358154297,
      22.185022354125977,
      11.462925910949707,
      14.22723388671875,
      10.088260650634766,
      16.95001220703125,
      9.122551918029785
    ],
    [
      -8.6963529586792,
      20.364587783813477,
      0.7677150964736938,
      47.207889556884766,
      47.587528228759766,
      76.54847717285156,
      58.20155715942383,
      141.3565216064453,
      24.083906173706055,
      167.70582580566406,
      22.276683807373047,
      162.18179321289062,
      -5.823641777038574,
      99.01856231689453,
      4.1455769538879395,
      94.79010009765625,
      17.538166046142578,
      68.06739044189453
    ],
    [
      0.7388427257537842,
      3.4038257598876953,
      2.194326639175415,
      5.134385108947754,
      18.3769474029541,
      11.476317405700684,
      34.53569793701172,
      23.727481842041016,
      42.71306610107422,
      22.276683807373047,
      55.08893585205078,
      23.047462463378906,
      28.612613677978516,
      12.032666206359863,
      15.567943572998047,
      10.822494506835938,
      20.76239776611328,
      9.060959815979004
    ],
    [
      -9.417658805847168,
      20.07201385498047,
      2.8389647006988525,
      50.27702713012695,
      48.21953582763672,
      79.56122589111328,
      56.61811828613281,
      138.64376831054688,
      21.376598358154297,
      162.18179321289062,
      23.047462463378906,
      177.07015991210938,
      -3.4216856956481934,
      106.46939086914062,
      8.553804397583008,
      100.52034759521484,
      24.856658935546875,
      72.8707275390625
    ],
    [
      16.5172119140625,
      13.219992637634277,
      8.865979194641113,
      2.7876639366149902,
      8.299135208129883,
      -0.157622292637825,
      18.632749557495117,
      3.0264971256256104,
      22.185022354125977,
      -5.823641777038574,
      28.612613677978516,
      -3.4216856956481934,
      60.11604690551758,
      1.4300190210342407,
      53.08592987060547,
      2.9138004779815674,
      61.33708572387695,
      4.1583356857299805
    ],
    [
      -3.4526538848876953,
      17.85466194152832,
      4.190715312957764,
      36.14702224731445,
      28.572547912597656,
      61.81364440917969,
      29.970468521118164,
      87.10710906982422,
      11.462925910949707,
      99.01856231689453,
      12.032666206359863,
      106.46939086914062,
      1.4300190210342407,
      92.6325454711914,
      6.953718185424805,
      86.59105682373047,
      17.675411224365234,
      65.72249603271484
    ],
    [
      31.504289627075195,
      27.411060333251953,
      12.683605194091797,
      8.14588451385498,
      12.256064414978027,
      1.5798684358596802,
      21.759397506713867,
      12.761951446533203,
      14.22723388671875,
      4.1455769538879395,
      15.567943572998047,
      8.553804397583008,
      53.08592987060547,
      6.953718185424805,
      104.39443969726562,
      12.633247375488281,
      102.9913330078125,
      10.504548072814941
    ],
    [
      -0.7927162647247314,
      20.07469940185547,
      5.961963176727295,
      38.162845611572266,
      26.37297821044922,
      61.10994338989258,
      27.94917106628418,
      83.42742156982422,
      10.088260650634766,
      94.79010009765625,
      10.822494506835938,
      100.52034759521484,
      2.9138004779815674,
      86.59105682373047,
      12.633247375488281,
      92.96033477783203,
      22.732053756713867,
      69.71540832519531
    ],
    [
      30.924562454223633,
      29.068788528442383,
      17.105010986328125,
      13.679213523864746,
      18.029077529907227,
      8.864774703979492,
      29.386917114257812,
      25.755380630493164,
      16.95001220703125,
      17.538166046142578,
      20.76239776611328,
      24.856658935546875,
      61.33708572387695,
      17.675411224365234,
      102.9913330078125,
      22.732053756713867,
      133.21884155273438,
      18.779287338256836
    ],
    [
      -1.1021349430084229,
      14.916426658630371,
      3.8157362937927246,
      27.49018669128418,
      18.408546447753906,
      49.123741149902344,
      19.70551872253418,
      61.505165100097656,
      9.122551918029785,
      68.06739044189453,
      9.060959815979004,
      72.8707275390625,
      4.1583356857299805,
      65.72249603271484,
      10.504548072814941,
      69.71540832519531,
      18.779287338256836,
      59.9067497253418
    ]
  ],
  "drr": 12.986459732055664,
  "dynamics": 3.699138879776001,
  "format": 1245190,
  "frames": 10129408,
  "loudness": -12.599778175354004,
  "loudness_range": 8.041101455688477,
  "loudness_range_short": 15.06917953491211,
  "peak": 0.5074217915534973,
  "rms": -13.97116756439209,
  "sample_rate": 44100,
  "sections": 1,
  "seekable": 1,
  "sharpness": 4.343434810638428,
  "space": -24.84882926940918
}