{
  "bands": [
    {
      "high_freq": 148.1999969482422,
      "loudness": -25.492212295532227,
      "loudness_range": 12.000740051269531,
      "mid_mean": -21.84744644165039,
      "mid_to_side_loudness": -26.410390853881836,
      "mid_to_side_loudness_range": 11.925697326660156,
      "side_mean": -48.309837341308594
    },
    {
      "high_freq": 392.3793640136719,
      "loudness": -28.785083770751953,
      "loudness_range": 11.104578018188477,
      "low_freq": 148.1999969482422,
      "mid_mean": -25.124460220336914,
      "mid_to_side_loudness": -20.97598648071289,
      "mid_to_side_loudness_range": 7.132692337036133,
      "side_mean": -46.03352737426758
    },
    {
      "high_freq": 794.6976318359375,
      "loudness": -36.60810089111328,
      "loudness_range": 23.04446792602539,
      "low_freq": 392.3793640136719,
      "mid_mean": -33.012325286865234,
      "mid_to_side_loudness": -22.90422248840332,
      "mid_to_side_loudness_range": 8.396583557128906,
      "side_mean": -56.19537353515625
    },
    {
      "high_freq": 1457.5709228515625,
      "loudness": -42.367218017578125,
      "loudness_range": 33.01923370361328,
      "low_freq": 794.6976318359375,
      "mid_mean": -38.74364471435547,
      "mid_to_side_loudness": -22.06507682800293,
      "mid_to_side_loudness_range": 14.117653846740723,
      "side_mean": -60.06365203857422
    },
    {
      "high_freq": 2549.74365234375,
      "loudness": -42.81184768676758,
      "loudness_range": 35.205596923828125,
      "low_freq": 1457.5709228515625,
      "mid_mean": -39.3681755065918,
      "mid_to_side_loudness": -23.156869888305664,
      "mid_to_side_loudness_range": 16.966716766357422,
      "side_mean": -60.868595123291016
    },
    {
      "high_freq": 4349.24462890625,
      "loudness": -47.882102966308594,
      "loudness_range": 35.96547317504883,
      "low_freq": 2549.74365234375,
      "mid_mean": -44.398529052734375,
      "mid_to_side_loudness": -23.28984260559082,
      "mid_to_side_loudness_range": 15.199898719787598,
      "side_mean": -64.69689178466797
    },
    {
      "high_freq": 7314.1640625,
      "loudness": -51.2015380859375,
      "loudness_range": 30.46135711669922,
      "low_freq": 4349.24462890625,
      "mid_mean": -48.077171325683594,
      "mid_to_side_loudness": -23.354393005371094,
      "mid_to_side_loudness_range": 13.356752395629883,
      "side_mean": -66.51911926269531
    },
    {
      "high_freq": 12199.2666015625,
      "loudness": -56.160396575927734,
      "loudness_range": 30.08618927001953,
      "low_freq": 7314.1640625,
      "mid_mean": -53.18166732788086,
      "mid_to_side_loudness": -23.525712966918945,
      "mid_to_side_loudness_range": 13.679993629455566,
      "side_mean": -68.19181060791016
    },
    {
      "loudness": -66.17068481445312,
      "loudness_range": 21.521198272705078,
      "low_freq": 12199.2666015625,
      "mid_mean": -61.28340530395508,
      "mid_to_side_loudness": -27.03726577758789,
      "mid_to_side_loudness_range": 23.04037094116211,
      "side_mean": -69.83573913574219
    }
  ],
  "bands_short": [
    {
      "high_freq": 148.1999969482422,
      "loudness": -28.46007537841797,
      "loudness_range": 17.042638778686523,
      "mid_mean": -24.80427360534668,
      "mid_to_side_loudness": -29.092472076416016,
      "mid_to_side_loudness_range": 15.161407470703125,
      "side_mean": -54.46955108642578
    },
    {
      "high_freq": 392.3793640136719,
      "loudness": -27.76301383972168,
      "loudness_range": 13.576662063598633,
      "low_freq": 148.1999969482422,
      "mid_mean": -24.11954116821289,
      "mid_to_side_loudness": -21.438304901123047,
      "mid_to_side_loudness_range": 9.372055053710938,
      "side_mean": -45.488746643066406
    },
    {
      "high_freq": 794.6976318359375,
      "loudness": -37.96876525878906,
      "loudness_range": 25.214611053466797,
      "low_freq": 392.3793640136719,
      "mid_mean": -34.376468658447266,
      "mid_to_side_loudness": -22.992597579956055,
      "mid_to_side_loudness_range": 10.662176132202148,
      "side_mean": -57.31638717651367
    },
    {
      "high_freq": 1457.5709228515625,
      "loudness": -44.864437103271484,
      "loudness_range": 36.619140625,
      "low_freq": 794.6976318359375,
      "mid_mean": -41.5164680480957,
      "mid_to_side_loudness": -21.686420440673828,
      "mid_to_side_loudness_range": 14.49139404296875,
      "side_mean": -61.69473648071289
    },
    {
      "high_freq": 2549.74365234375,
      "loudness": -45.94189453125,
      "loudness_range": 40.48506164550781,
      "low_freq": 1457.5709228515625,
      "mid_mean": -43.155845642089844,
      "mid_to_side_loudness": -22.857336044311523,
      "mid_to_side_loudness_range": 18.137264251708984,
      "side_mean": -63.0778923034668
    },
    {
      "high_freq": 4349.24462890625,
      "loudness": -49.763980865478516,
      "loudness_range": 40.4211311340332,
      "low_freq": 2549.74365234375,
      "mid_mean": -48.27617645263672,
      "mid_to_side_loudness": -22.978410720825195,
      "mid_to_side_loudness_range": 17.517330169677734,
      "side_mean": -65.70783233642578
    },
    {
      "high_freq": 7314.1640625,
      "loudness": -53.589202880859375,
      "loudness_range": 35.70863342285156,
      "low_freq": 4349.24462890625,
      "mid_mean": -53.38298797607422,
      "mid_to_side_loudness": -23.134611129760742,
      "mid_to_side_loudness_range": 17.723304748535156,
      "side_mean": -67.50665283203125
    },
    {
      "high_freq": 12199.2666015625,
      "loudness": -57.15032196044922,
      "loudness_range": 33.120418548583984,
      "low_freq": 7314.1640625,
      "mid_mean": -56.7383918762207,
      "mid_to_side_loudness": -22.84760284423828,
      "mid_to_side_loudness_range": 17.546958923339844,
      "side_mean": -68.61842346191406
    },
    {
      "loudness": -67.47418975830078,
      "loudness_range": 19.670001983642578,
      "low_freq": 12199.2666015625,
      "mid_mean": -62.28645706176758,
      "mid_to_side_loudness": -25.08590316772461,
      "mid_to_side_loudness_range": 21.845401763916016,
      "side_mean": -69.86201477050781
    }
  ],
  "channels": 2,
  "covariance": [
    [
      23.238739013671875,
      17.517404556274414,
      4.156500816345215,
      4.6525397300720215,
      3.8468968868255615,
      5.893975257873535,
      1.614877462387085,
      2.316725969314575,
      -0.5634904503822327,
      0.32548320293426514,
      1.3421223163604736,
      0.41004478931427,
      2.8465511798858643,
      0.45658501982688904,
      5.054349899291992,
      -0.21468643844127655,
      2.040799379348755,
      -0.017874184995889664
    ],
    [
      17.517404556274414,
      33.485633850097656,
      6.379128456115723,
      11.068497657775879,
      -0.19143588840961456,
      6.3215532302856445,
      -5.421484470367432,
      0.8835729956626892,
      -8.108078956604004,
      -0.34042346477508545,
      -3.343712568283081,
      0.548940122127533,
      3.79624605178833,
      2.4229989051818848,
      5.931973934173584,
      0.472899854183197,
      0.05098633095622063,
      -0.0708555355668068
    ],
    [
      4.156500816345215,
      6.379128456115723,
      19.886268615722656,
      17.88551902770996,
      14.66112995147705,
      15.454643249511719,
      10.450420379638672,
      5.648392677307129,
      9.427543640136719,
      1.3025730848312378,
      17.604393005371094,
      6.210209369659424,
      16.82886505126953,
      3.566895008087158,
      16.522611618041992,
      2.1046254634857178,
      7.9228620529174805,
      0.007307935506105423
    ],
    [
      4.6525397300720215,
      11.068497657775879,
      17.88551902770996,
      26.705041885375977,
      9.45017147064209,
      12.978706359863281,
      6.384681701660156,
      6.856955051422119,
      1.85590660572052,
      1.9832396507263184,
      8.387619972229004,
      5.435404300689697,
      9.933645248413086,
      3.154600143432617,
      9.940587997436523,
      1.5486074686050415,
      2.7611539363861084,
      -0.051145996898412704
    ],
    [
      3.8468968868255615,
      -0.19143588840961456,
      14.66112995147705,
      9.45017147064209,
      62.63833999633789,
      51.316768646240234,
      57.9592399597168,
      29.62136459350586,
      61.44160461425781,
      22.448097229003906,
      75.83999633789062,
      33.547996520996094,
      55.98234939575195,
      14.921551704406738,
      56.44560623168945,
      9.48043441772461,
      33.984371185302734,
      0.6839573979377747
    ],
    [
      5.893975257873535,
      6.3215532302856445,
      15.454643249511719,
      12.978706359863281,
      51.316768646240234,
      56.23640060424805,
      51.63090515136719,
      36.150516510009766,
      50.56187057495117,
      25.21984100341797,
      65.38037872314453,
      33.281070709228516,
      50.7712287902832,
      15.89133071899414,
      56.47439193725586,
      9.743086814880371,
      31.33892059326172,
      0.7213132381439209
    ],
    [
      1.614877462387085,
      -5.421484470367432,
      10.450420379638672,
      6.384681701660156,
      57.9592399597168,
      51.63090515136719,
      108.61800384521484,
      75.26802062988281,
      78.5838394165039,
      37.011260986328125,
      86.95006561279297,
      44.28684616088867,
      59.92338180541992,
      18.681413650512695,
      56.3350944519043,
      11.101872444152832,
      32.85679244995117,
      1.1843156814575195
    ],
    [
      2.316725969314575,
      0.8835729956626892,
      5.648392677307129,
      6.856955051422119,
      29.62136459350586,
      36.150516510009766,
      75.26802062988281,
      69.84286499023438,
      47.614768981933594,
      34.977294921875,
      44.226478576660156,
      29.701980590820312,
      29.972347259521484,
      12.684008598327637,
      30.848628997802734,
      6.621175765991211,
      16.0662841796875,
      0.7773838639259338
    ],
    [
      -0.5634904503822327,
      -8.108078956604004,
      9.427543640136719,
      1.85590660572052,
      61.44160461425781,
      50.56187057495117,
      78.5838394165039,
      47.614768981933594,
      151.48411560058594,
      103.4392318725586,
      96.81913757324219,
      51.302181243896484,
      69.41694641113281,
      24.180479049682617,
      64.29669952392578,
      14.385212898254395,
      39.10347366333008,
      1.6126312017440796
    ],
    [
      0.32548320293426514,
      -0.34042346477508545,
      1.3025730848312378,
      1.9832396507263184,
      22.448097229003906,
      25.21984100341797,
      37.011260986328125,
      34.977294921875,
      103.4392318725586,
      98.18264770507812,
      31.111305236816406,
      28.087162017822266,
      20.18234634399414,
      12.02385139465332,
      22.124683380126953,
      6.439692497253418,
      11.565755844116211,
      0.9991392493247986
    ],
    [
      1.3421223163604736,
      -3.343712568283081,
      17.604393005371094,
      8.387619972229004,
      75.83999633789062,
      65.38037872314453,
      86.95006561279297,
      44.226478576660156,
      96.81913757324219,
      31.111305236816406,
      136.6439666748047,
      60.43603515625,
      104.75994110107422,
      31.470916748046875,
      98.17316436767578,
      19.553451538085938,
      58.30863571166992,
      1.6453185081481934
    ],
    [
      0.41004478931427,
      0.548940122127533,
      6.210209369659424,
      5.435404300689697,
      33.547996520996094,
      33.281070709228516,
      44.28684616088867,
      29.701980590820312,
      51.302181243896484,
      28.087162017822266,
      60.43603515625,
      34.148616790771484,
      43.827518463134766,
      15.978235244750977,
      42.12744903564453,
      9.394547462463379,
      24.27379608154297,
      0.893204927444458
    ],
    [
      2.8465511798858643,
      3.79624605178833,
      16.82886505126953,
      9.933645248413086,
      55.98234939575195,
      50.7712287902832,
      59.92338180541992,
      29.972347259521484,
      69.41694641113281,
      20.18234634399414,
      104.75994110107422,
      43.827518463134766,
      105.51758575439453,
      35.24004364013672,
      96.1904296875,
      22.181594848632812,
      55.24173355102539,
      1.9327824115753174
    ],
    [
      0.45658501982688904,
      2.4229989051818848,
      3.566895008087158,
      3.154600143432617,
      14.921551704406738,
      15.89133071899414,
      18.681413650512695,
      12.684008598327637,
      24.180479049682617,
      12.02385139465332,
      31.470916748046875,
      15.978235244750977,
      35.24004364013672,
      16.242111206054688,
      32.9356575012207,
      10.410799026489258,
      19.441844940185547,
      1.068684458732605
    ],
    [
      5.054349899291992,
      5.931973934173584,
      16.522611618041992,
      9.940587997436523,
      56.44560623168945,
      56.47439193725586,
      56.3350944519043,
      30.848628997802734,
      64.29669952392578,
      22.124683380126953,
      98.17316436767578,
      42.12744903564453,
      96.1904296875,
      32.9356575012207,
      102.15663146972656,
      22.56671905517578,
      59.07400131225586,
      1.9861218929290771
    ],
    [
      -0.21468643844127655,
      0.472899854183197,
      2.1046254634857178,
      1.5486074686050415,
      9.48043441772461,
      9.743086814880371,
      11.101872444152832,
      6.621175765991211,
      14.385212898254395,
      6.439692497253418,
      19.553451538085938,
      9.394547462463379,
      22.181594848632812,
      10.410799026489258,
      22.56671905517578,
      8.230128288269043,
      14.293734550476074,
      0.8857952952384949
    ],
    [
      2.040799379348755,
      0.05098633095622063,
      7.9228620529174805,
      2.7611539363861084,
      33.984371185302734,
      31.33892059326172,
      32.85679244995117,
      16.0662841796875,
      39.10347366333008,
      11.565755844116211,
      58.30863571166992,
      24.27379608154297,
      55.24173355102539,
      19.441844940185547,
      59.07400131225586,
      14.293734550476074,
      42.430694580078125,
      1.7732661962509155
    ],
    [
      -0.017874184995889664,
      -0.0708555355668068,
      0.007307935506105423,
      -0.051145996898412704,
      0.6839573979377747,
      0.7213132381439209,
      1.1843156814575195,
      0.7773838639259338,
      1.6126312017440796,
      0.9991392493247986,
      1.6453185081481934,
      0.893204927444458,
      1.9327824115753174,
      1.068684458732605,
      1.9861218929290771,
      0.8857952952384949,
      1.7732661962509155,
      0.27884596586227417
    ]
  ],
  "covariance_short": [
    [
      40.326419830322266,
      25.70053482055664,
      6.196976184844971,
      3.9418225288391113,
      8.81874942779541,
      8.463974952697754,
      6.296313762664795,
      3.925424575805664,
      4.398247241973877,
      3.6781082153320312,
      8.462065696716309,
      1.3391406536102295,
      10.275911331176758,
      0.9917418360710144,
      8.34087085723877,
      0.30944666266441345,
      2.9409894943237305,
      -0.009924042969942093
    ],
    [
      25.70053482055664,
      45.03752899169922,
      11.468174934387207,
      11.666769981384277,
      4.300764083862305,
      13.57170581817627,
      1.090459942817688,
      7.5692877769470215,
      -4.606637477874756,
      4.7208967208862305,
      2.1183128356933594,
      2.9882140159606934,
      14.107608795166016,
      3.2226781845092773,
      10.104904174804688,
      1.135615587234497,
      3.356858015060425,
      -0.0739334225654602
    ],
    [
      6.196976184844971,
      11.468174934387207,
      24.35272216796875,
      22.102294921875,
      10.464726448059082,
      11.362991333007812,
      7.498358726501465,
      3.4397079944610596,
      7.530281066894531,
      1.9005069732666016,
      8.532363891601562,
      1.807011604309082,
      7.131453037261963,
      0.5732616782188416,
      6.5240068435668945,
      -0.02521383762359619,
      1.4110983610153198,
      -0.23435908555984497
    ],
    [
      3.9418225288391113,
      11.666769981384277,
      22.102294921875,
      34.5017204284668,
      7.903443813323975,
      11.519631385803223,
      5.501235008239746,
      5.164333343505859,
      1.8721834421157837,
      2.88508939743042,
      2.2337684631347656,
      2.418459415435791,
      1.313705325126648,
      0.46259137988090515,
      -0.0579160675406456,
      -0.21545453369617462,
      -1.908631682395935,
      -0.30899903178215027
    ],
    [
      8.81874942779541,
      4.300764083862305,
      10.464726448059082,
      7.903443813323975,
      71.24158477783203,
      57.623313903808594,
      70.89447021484375,
      39.6196174621582,
      75.58883666992188,
      31.896724700927734,
      85.65924072265625,
      34.325767517089844,
      65.52317810058594,
      12.923998832702637,
      60.00440979003906,
      7.057166576385498,
      27.252094268798828,
      0.14336363971233368
    ],
    [
      8.463974952697754,
      13.57170581817627,
      11.362991333007812,
      11.519631385803223,
      57.623313903808594,
      63.71199035644531,
      63.34107208251953,
      42.82592010498047,
      64.49761962890625,
      31.24382781982422,
      76.07825469970703,
      33.20000076293945,
      64.51227569580078,
      13.401348114013672,
      57.21704864501953,
      7.615776538848877,
      26.238056182861328,
      0.21877740323543549
    ],
    [
      6.296313762664795,
      1.090459942817688,
      7.498358726501465,
      5.501235008239746,
      70.89447021484375,
      63.34107208251953,
      138.68179321289062,
      88.62625885009766,
      106.57500457763672,
      47.50847244262695,
      115.54657745361328,
      50.735267639160156,
      87.55469512939453,
      20.174753189086914,
      75.70450592041016,
      10.25350570678711,
      33.33759689331055,
      0.37344884872436523
    ],
    [
      3.925424575805664,
      7.5692877769470215,
      3.4397079944610596,
      5.164333343505859,
      39.6196174621582,
      42.82592010498047,
      88.62625885009766,
      72.88228607177734,
      62.19731140136719,
      36.495784759521484,
      64.791015625,
      33.097408294677734,
      50.82035446166992,
      13.719182014465332,
      40.74026870727539,
      6.662945747375488,
      17.586734771728516,
      0.30158472061157227
    ],
    [
      4.398247241973877,
      -4.606637477874756,
      7.530281066894531,
      1.8721834421157837,
      75.58883666992188,
      64.49761962890625,
      106.57500457763672,
      62.19731140136719,
      191.6750946044922,
      112.35686492919922,
      137.99964904785156,
      60.864253997802734,
      108.19728088378906,
      26.645389556884766,
      91.1097640991211,
      13.258686065673828,
      41.48737335205078,
      0.8786038756370544
    ],
    [
      3.6781082153320312,
      4.7208967208862305,
      1.9005069732666016,
      2.88508939743042,
      31.896724700927734,
      31.24382781982422,
      47.50847244262695,
      36.495784759521484,
      112.35686492919922,
      90.83377075195312,
      53.04509353637695,
      31.625164031982422,
      39.93684005737305,
      12.846040725708008,
      29.829343795776367,
      5.619021415710449,
      12.115336418151855,
      0.5646194815635681
    ],
    [
      8.462065696716309,
      2.1183128356933594,
      8.532363891601562,
      2.2337684631347656,
      85.65924072265625,
      76.07825469970703,
      115.54657745361328,
      64.791015625,
      137.99964904785156,
      53.04509353637695,
      186.06590270996094,
      70.10334777832031,
      153.42564392089844,
      36.264732360839844,
      131.87753295898438,
      20.643657684326172,
      62.4780387878418,
      1.2762802839279175
    ],
    [
      1.3391406536102295,
      2.9882140159606934,
      1.807011604309082,
      2.418459415435791,
      34.325767517089844,
      33.20000076293945,
      50.735267639160156,
      33.097408294677734,
      60.864253997802734,
      31.625164031982422,
      70.10334777832031,
      36.25601577758789,
      54.677223205566406,
      16.366668701171875,
      46.02283477783203,
      8.661298751831055,
      21.618637084960938,
      0.4877953827381134
    ],
    [
      10.275911331176758,
      14.107608795166016,
      7.131453037261963,
      1.313705325126648,
      65.52317810058594,
      64.51227569580078,
      87.55469512939453,
      50.82035446166992,
      108.19728088378906,
      39.93684005737305,
      153.42564392089844,
      54.677223205566406,
      159.63685607910156,
      41.148399353027344,
      135.69232177734375,
      24.337417602539062,
      65.46588897705078,
      1.9232163429260254
    ],
    [
      0.9917418360710144,
      3.2226781845092773,
      0.5732616782188416,
      0.46259137988090515,
      12.923998832702637,
      13.401348114013672,
      20.174753189086914,
      13.719182014465332,
      26.645389556884766,
      12.846040725708008,
      36.264732360839844,
      16.366668701171875,
      41.148399353027344,
      17.262601852416992,
      34.65462875366211,
      10.087793350219727,
      17.42625617980957,
      0.9483461380004883
    ],
    [
      8.34087085723877,
      10.104904174804688,
      6.5240068435668945,
      -0.0579160675406456,
      60.00440979003906,
      57.21704864501953,
      75.70450592041016,
      40.74026870727539,
      91.1097640991211,
      29.829343795776367,
      131.87753295898438,
      46.02283477783203,
      135.69232177734375,
      34.65462875366211,
      126.41499328613281,
      23.13259506225586,
      62.363914489746094,
      1.8579715490341187
    ],
    [
      0.30944666266441345,
      1.135615587234497,
      -0.02521383762359619,
      -0.21545453369617462,
      7.057166576385498,
      7.615776538848877,
      10.25350570678711,
      6.662945747375488,
      13.258686065673828,
      5.619021415710449,
      20.643657684326172,
      8.661298751831055,
      24.337417602539062,
      10.087793350219727,
      23.13259506225586,
      7.82765531539917,
      12.418013572692871,
      0.8022494316101074
    ],
    [
      2.9409894943237305,
      3.356858015060425,
      1.4110983610153198,
      -1.908631682395935,
      27.252094268798828,
      26.238056182861328,
      33.33759689331055,
      17.586734771728516,
      41.48737335205078,
      12.115336418151855,
      62.4780387878418,
      21.618637084960938,
      65.46588897705078,
      17.42625617980957,
      62.363914489746094,
      12.418013572692871,
      38.75148010253906,
      1.5846143960952759
    ],
    [
      -0.009924042969942093,
      -0.0739334225654602,
      -0.23435908555984497,
      -0.30899903178215027,
      0.14336363971233368,
      0.21877740323543549,
      0.37344884872436523,
      0.30158472061157227,
      0.8786038756370544,
      0.5646194815635681,
      1.2762802839279175,
      0.4877953827381134,
      1.9232163429260254,
      0.9483461380004883,
      1.8579715490341187,
      0.8022494316101074,
      1.5846143960952759,
      0.3511464297771454
    ]
  ],
  "drr": 13.759188652038574,
  "dynamics": 3.6057775020599365,
  "format": 1245190,
  "frames": 7233536,
  "loudness": -17.94536590576172,
  "loudness_range": 9.731380462646484,
  "loudness_range_short": 12.97756290435791,
  "peak": -0.7129075527191162,
  "rms": -19.0262508392334,
  "sample_rate": 44100,
  "sections": 1,
  "seekable": 1,
  "sharpness": 3.2928545475006104,
  "space": -23.531740188598633
}