{
  "bands": [
    {
      "high_freq": 148.1999969482422,
      "loudness": -27.79166603088379,
      "loudness_range": 18.763195037841797,
      "mid_mean": -24.377511978149414,
      "mid_to_side_loudness": -15.514771461486816,
      "mid_to_side_loudness_range": 21.00591278076172,
      "side_mean": -40.87009048461914
    },
    {
      "high_freq": 392.3793640136719,
      "loudness": -24.42667007446289,
      "loudness_range": 12.540203094482422,
      "low_freq": 148.1999969482422,
      "mid_mean": -21.771495819091797,
      "mid_to_side_loudness": -6.620974063873291,
      "mid_to_side_loudness_range": 9.275833129882812,
      "side_mean": -28.39847755432129
    },
    {
      "high_freq": 794.6976318359375,
      "loudness": -23.5570011138916,
      "loudness_range": 13.123289108276367,
      "low_freq": 392.3793640136719,
      "mid_mean": -20.944868087768555,
      "mid_to_side_loudness": -6.870004653930664,
      "mid_to_side_loudness_range": 11.471880912780762,
      "side_mean": -27.936691284179688
    },
    {
      "high_freq": 1457.5709228515625,
      "loudness": -26.299650192260742,
      "loudness_range": 17.6008358001709,
      "low_freq": 794.6976318359375,
      "mid_mean": -24.064943313598633,
      "mid_to_side_loudness": -5.4156575202941895,
      "mid_to_side_loudness_range": 12.571859359741211,
      "side_mean": -29.594144821166992
    },
    {
      "high_freq": 2549.74365234375,
      "loudness": -26.637128829956055,
      "loudness_range": 19.16045379638672,
      "low_freq": 1457.5709228515625,
      "mid_mean": -24.08186149597168,
      "mid_to_side_loudness": -6.446435451507568,
      "mid_to_side_loudness_range": 11.502046585083008,
      "side_mean": -30.738767623901367
    },
    {
      "high_freq": 4349.24462890625,
      "loudness": -30.243173599243164,
      "loudness_range": 19.795673370361328,
      "low_freq": 2549.74365234375,
      "mid_mean": -27.483280181884766,
      "mid_to_side_loudness": -7.728482246398926,
      "mid_to_side_loudness_range": 12.974308013916016,
      "side_mean": -35.60960388183594
    },
    {
      "high_freq": 7314.1640625,
      "loudness": -33.96998596191406,
      "loudness_range": 20.26845359802246,
      "low_freq": 4349.24462890625,
      "mid_mean": -30.976341247558594,
      "mid_to_side_loudness": -9.022180557250977,
      "mid_to_side_loudness_range": 14.454249382019043,
      "side_mean": -40.79368591308594
    },
    {
      "high_freq": 12199.2666015625,
      "loudness": -35.42122268676758,
      "loudness_range": 18.936161041259766,
      "low_freq": 7314.1640625,
      "mid_mean": -32.45381164550781,
      "mid_to_side_loudness": -9.798787117004395,
      "mid_to_side_loudness_range": 16.417110443115234,
      "side_mean": -43.57648849487305
    },
    {
      "loudness": -41.00424575805664,
      "loudness_range": 18.93410301208496,
      "low_freq": 12199.2666015625,
      "mid_mean": -38.152645111083984,
      "mid_to_side_loudness": -9.790102005004883,
      "mid_to_side_loudness_range": 17.52722930908203,
      "side_mean": -50.30073547363281
    }
  ],
  "bands_short": [
    {
      "high_freq": 148.1999969482422,
      "loudness": -29.834199905395508,
      "loudness_range": 20.07242202758789,
      "mid_mean": -26.59649658203125,
      "mid_to_side_loudness": -16.955352783203125,
      "mid_to_side_loudness_range": 29.027759552001953,
      "side_mean": -45.95155715942383
    },
    {
      "high_freq": 392.3793640136719,
      "loudness": -24.72486114501953,
      "loudness_range": 14.049446105957031,
      "low_freq": 148.1999969482422,
      "mid_mean": -22.128297805786133,
      "mid_to_side_loudness": -7.074252605438232,
      "mid_to_side_loudness_range": 12.396201133728027,
      "side_mean": -29.162643432617188
    },
    {
      "high_freq": 794.6976318359375,
      "loudness": -23.90584373474121,
      "loudness_range": 15.096731185913086,
      "low_freq": 392.3793640136719,
      "mid_mean": -21.488632202148438,
      "mid_to_side_loudness": -6.38999080657959,
      "mid_to_side_loudness_range": 13.670598983764648,
      "side_mean": -28.022912979125977
    },
    {
      "high_freq": 1457.5709228515625,
      "loudness": -26.73036766052246,
      "loudness_range": 19.233243942260742,
      "low_freq": 794.6976318359375,
      "mid_mean": -24.708009719848633,
      "mid_to_side_loudness": -5.036355018615723,
      "mid_to_side_loudness_range": 14.533768653869629,
      "side_mean": -29.91213035583496
    },
    {
      "high_freq": 2549.74365234375,
      "loudness": -27.31193733215332,
      "loudness_range": 21.05045509338379,
      "low_freq": 1457.5709228515625,
      "mid_mean": -24.915821075439453,
      "mid_to_side_loudness": -6.030065059661865,
      "mid_to_side_loudness_range": 13.356350898742676,
      "side_mean": -31.23005485534668
    },
    {
      "high_freq": 4349.24462890625,
      "loudness": -30.7470645904541,
      "loudness_range": 21.37578773498535,
      "low_freq": 2549.74365234375,
      "mid_mean": -28.11709213256836,
      "mid_to_side_loudness": -7.219111442565918,
      "mid_to_side_loudness_range": 13.802170753479004,
      "side_mean": -35.906707763671875
    },
    {
      "high_freq": 7314.1640625,
      "loudness": -34.9117431640625,
      "loudness_range": 23.175800323486328,
      "low_freq": 4349.24462890625,
      "mid_mean": -32.03943634033203,
      "mid_to_side_loudness": -8.379720687866211,
      "mid_to_side_loudness_range": 14.595645904541016,
      "side_mean": -41.28430938720703
    },
    {
      "high_freq": 12199.2666015625,
      "loudness": -36.71015548706055,
      "loudness_range": 22.46912384033203,
      "low_freq": 7314.1640625,
      "mid_mean": -33.9611930847168,
      "mid_to_side_loudness": -9.058751106262207,
      "mid_to_side_loudness_range": 16.21084976196289,
      "side_mean": -44.4822998046875
    },
    {
      "loudness": -42.74695587158203,
      "loudness_range": 22.88223648071289,
      "low_freq": 12199.2666015625,
      "mid_mean": -40.211551666259766,
      "mid_to_side_loudness": -9.0244722366333,
      "mid_to_side_loudness_range": 16.674034118652344,
      "side_mean": -51.731536865234375
    }
  ],
  "channels": 2,
  "covariance": [
    [
      48.222862243652344,
      29.145692825317383,
      17.226011276245117,
      19.968610763549805,
      15.780341148376465,
      17.3277645111084,
      22.189531326293945,
      22.54877281188965,
      21.788009643554688,
      26.308700561523438,
      23.944751739501953,
      31.237497329711914,
      20.188091278076172,
      32.032283782958984,
      14.919301986694336,
      31.753314971923828,
      16.08013916015625,
      39.87177276611328
    ],
    [
      29.145692825317383,
      67.08370971679688,
      22.276927947998047,
      25.756023406982422,
      19.213132858276367,
      19.549442291259766,
      30.527376174926758,
      25.82474708557129,
      31.522939682006836,
      32.29022979736328,
      36.17927169799805,
      37.49217224121094,
      38.17927551269531,
      43.64333724975586,
      29.20345115661621,
      44.1788330078125,
      30.055774688720703,
      49.295345306396484
    ],
    [
      17.226011276245117,
      22.276927947998047,
      26.586755752563477,
      23.688467025756836,
      15.34898567199707,
      14.240814208984375,
      20.574459075927734,
      16.970102310180664,
      22.86277961730957,
      20.488523483276367,
      25.33474349975586,
      23.455936431884766,
      24.630773544311523,
      26.352947235107422,
      20.400054931640625,
      24.01005744934082,
      19.757593154907227,
      31.537742614746094
    ],
    [
      19.968610763549805,
      25.756023406982422,
      23.688467025756836,
      33.32794952392578,
      17.894786834716797,
      20.036659240722656,
      24.3327579498291,
      22.635446548461914,
      23.83951187133789,
      26.306550979614258,
      27.006887435913086,
      29.819732666015625,
      24.868803024291992,
      31.387887954711914,
      20.734861373901367,
      28.35365867614746,
      21.0814266204834,
      36.26448440551758
    ],
    [
      15.780341148376465,
      19.213132858276367,
      15.34898567199707,
      17.894786834716797,
      30.855680465698242,
      19.682941436767578,
      27.917268753051758,
      17.09250831604004,
      26.8944091796875,
      21.394254684448242,
      26.84183692932129,
      22.83428955078125,
      25.899810791015625,
      26.520633697509766,
      19.457529067993164,
      24.58147430419922,
      20.698301315307617,
      26.624778747558594
    ],
    [
      17.3277645111084,
      19.549442291259766,
      14.240814208984375,
      20.036659240722656,
      19.682941436767578,
      26.344013214111328,
      20.875558853149414,
      21.146961212158203,
      19.556264877319336,
      24.178781509399414,
      21.203670501708984,
      25.564537048339844,
      18.714271545410156,
      25.670429229736328,
      12.092536926269531,
      22.629526138305664,
      13.711828231811523,
      26.003429412841797
    ],
    [
      22.189531326293945,
      30.527376174926758,
      20.574459075927734,
      24.3327579498291,
      27.917268753051758,
      20.875558853149414,
      44.914913177490234,
      27.535093307495117,
      36.71921157836914,
      32.936004638671875,
      37.661407470703125,
      36.475284576416016,
      32.576568603515625,
      39.63094711303711,
      24.782079696655273,
      34.52614974975586,
      25.81636619567871,
      40.366973876953125
    ],
    [
      22.54877281188965,
      25.82474708557129,
      16.970102310180664,
      22.635446548461914,
      17.09250831604004,
      21.146961212158203,
      27.535093307495117,
      32.4849967956543,
      25.14057159423828,
      32.77922058105469,
      26.978492736816406,
      35.72218704223633,
      20.858604431152344,
      33.76523208618164,
      14.154218673706055,
      26.6733455657959,
      15.630464553833008,
      32.647151947021484
    ],
    [
      21.788009643554688,
      31.522939682006836,
      22.86277961730957,
      23.83951187133789,
      26.8944091796875,
      19.556264877319336,
      36.71921157836914,
      25.14057159423828,
      49.15547561645508,
      35.31615447998047,
      45.661808013916016,
      38.93170166015625,
      38.945228576660156,
      42.62285614013672,
      30.26835823059082,
      37.466270446777344,
      30.276342391967773,
      43.871585845947266
    ],
    [
      26.308700561523438,
      32.29022979736328,
      20.488523483276367,
      26.306550979614258,
      21.394254684448242,
      24.178781509399414,
      32.936004638671875,
      32.77922058105469,
      35.31615447998047,
      42.013614654541016,
      36.138038635253906,
      44.74413299560547,
      29.187997817993164,
      43.33292770385742,
      20.169979095458984,
      35.28335189819336,
      21.245452880859375,
      42.97219467163086
    ],
    [
      23.944751739501953,
      36.17927169799805,
      25.33474349975586,
      27.006887435913086,
      26.84183692932129,
      21.203670501708984,
      37.661407470703125,
      26.978492736816406,
      45.661808013916016,
      36.138038635253906,
      57.543636322021484,
      45.284297943115234,
      47.981422424316406,
      51.65248489379883,
      36.624752044677734,
      45.06338882446289,
      34.87207794189453,
      51.2623291015625
    ],
    [
      31.237497329711914,
      37.49217224121094,
      23.455936431884766,
      29.819732666015625,
      22.83428955078125,
      25.564537048339844,
      36.475284576416016,
      35.72218704223633,
      38.93170166015625,
      44.74413299560547,
      45.284297943115234,
      58.489471435546875,
      36.86471939086914,
      54.169960021972656,
      26.24634552001953,
      43.56621170043945,
      25.96002197265625,
      53.15928649902344
    ],
    [
      20.188091278076172,
      38.17927551269531,
      24.630773544311523,
      24.868803024291992,
      25.899810791015625,
      18.714271545410156,
      32.576568603515625,
      20.858604431152344,
      38.945228576660156,
      29.187997817993164,
      47.981422424316406,
      36.86471939086914,
      61.469627380371094,
      49.642921447753906,
      46.001853942871094,
      50.340084075927734,
      43.38996505737305,
      50.181278228759766
    ],
    [
      32.032283782958984,
      43.64333724975586,
      26.352947235107422,
      31.387887954711914,
      26.520633697509766,
      25.670429229736328,
      39.63094711303711,
      33.76523208618164,
      42.62285614013672,
      43.33292770385742,
      51.65248489379883,
      54.169960021972656,
      49.642921447753906,
      68.74125671386719,
      36.51518249511719,
      57.488468170166016,
      35.18376541137695,
      62.99687957763672
    ],
    [
      14.919301986694336,
      29.20345115661621,
      20.400054931640625,
      20.734861373901367,
      19.457529067993164,
      12.092536926269531,
      24.782079696655273,
      14.154218673706055,
      30.26835823059082,
      20.169979095458984,
      36.624752044677734,
      26.24634552001953,
      46.001853942871094,
      36.51518249511719,
      55.00764846801758,
      41.54085922241211,
      47.23987579345703,
      42.02939987182617
    ],
    [
      31.753314971923828,
      44.1788330078125,
      24.01005744934082,
      28.35365867614746,
      24.58147430419922,
      22.629526138305664,
      34.52614974975586,
      26.6733455657959,
      37.466270446777344,
      35.28335189819336,
      45.06338882446289,
      43.56621170043945,
      50.340084075927734,
      57.488468170166016,
      41.54085922241211,
      67.01116943359375,
      41.18342971801758,
      65.85015106201172
    ],
    [
      16.08013916015625,
      30.055774688720703,
      19.757593154907227,
      21.0814266204834,
      20.698301315307617,
      13.711828231811523,
      25.81636619567871,
      15.630464553833008,
      30.276342391967773,
      21.245452880859375,
      34.87207794189453,
      25.96002197265625,
      43.38996505737305,
      35.18376541137695,
      47.23987579345703,
      41.18342971801758,
      56.32406997680664,
      44.26827621459961
    ],
    [
      39.87177276611328,
      49.295345306396484,
      31.537742614746094,
      36.26448440551758,
      26.624778747558594,
      26.003429412841797,
      40.366973876953125,
      32.647151947021484,
      43.871585845947266,
      42.97219467163086,
      51.2623291015625,
      53.15928649902344,
      50.181278228759766,
      62.99687957763672,
      42.02939987182617,
      65.85015106201172,
      44.26827621459961,
      94.58647155761719
    ]
  ],
  "covariance_short": [
    [
      61.45130157470703,
      28.70603370666504,
      21.09470558166504,
      20.297103881835938,
      14.169710159301758,
      16.01955795288086,
      19.777503967285156,
      21.545278549194336,
      19.27492332458496,
      24.105443954467773,
      20.809751510620117,
      27.468984603881836,
      18.427059173583984,
      27.85590171813965,
      14.80169677734375,
      27.6552677154541,
      16.460962295532227,
      35.05280303955078
    ],
    [
      28.70603370666504,
      92.38736724853516,
      26.58842658996582,
      32.067874908447266,
      19.630111694335938,
      21.382381439208984,
      34.5190315246582,
      30.308795928955078,
      36.65620422363281,
      37.73531723022461,
      40.29648208618164,
      42.95023727416992,
      40.6002197265625,
      47.75410079956055,
      33.561824798583984,
      47.7422981262207,
      34.44337844848633,
      53.815433502197266
    ],
    [
      21.09470558166504,
      26.58842658996582,
      32.62569046020508,
      24.674663543701172,
      18.267744064331055,
      16.497844696044922,
      22.259178161621094,
      19.2701473236084,
      25.090587615966797,
      22.65221405029297,
      26.328596115112305,
      25.13105583190918,
      26.342485427856445,
      27.337970733642578,
      22.28524398803711,
      26.717750549316406,
      23.37141227722168,
      33.11273956298828
    ],
    [
      20.297103881835938,
      32.067874908447266,
      24.674663543701172,
      38.661224365234375,
      20.690378189086914,
      23.305444717407227,
      26.161685943603516,
      24.90007781982422,
      25.831880569458008,
      28.09200668334961,
      28.436782836914062,
      30.344892501831055,
      27.725341796875,
      32.80650329589844,
      22.57206916809082,
      30.271669387817383,
      24.29133415222168,
      35.26572799682617
    ],
    [
      14.169710159301758,
      19.630111694335938,
      18.267744064331055,
      20.690378189086914,
      37.05113983154297,
      20.701526641845703,
      29.47099494934082,
      19.2646484375,
      28.4652156829834,
      22.639923095703125,
      28.429256439208984,
      24.5434513092041,
      27.362686157226562,
      25.860164642333984,
      22.484895706176758,
      24.25908660888672,
      23.63553237915039,
      26.526748657226562
    ],
    [
      16.01955795288086,
      21.382381439208984,
      16.497844696044922,
      23.305444717407227,
      20.701526641845703,
      30.223379135131836,
      22.40412139892578,
      23.790748596191406,
      21.17650032043457,
      26.031810760498047,
      21.8050594329834,
      27.484561920166016,
      19.553327560424805,
      26.320215225219727,
      14.200969696044922,
      22.915666580200195,
      15.558883666992188,
      26.899595260620117
    ],
    [
      19.777503967285156,
      34.5190315246582,
      22.259178161621094,
      26.161685943603516,
      29.47099494934082,
      22.40412139892578,
      53.757816314697266,
      31.013532638549805,
      41.659366607666016,
      36.78868865966797,
      40.904998779296875,
      39.24482727050781,
      36.65262985229492,
      40.602699279785156,
      28.647258758544922,
      35.10020446777344,
      30.237401962280273,
      40.30176544189453
    ],
    [
      21.545278549194336,
      30.308795928955078,
      19.2701473236084,
      24.90007781982422,
      19.2646484375,
      23.790748596191406,
      31.013532638549805,
      38.367820739746094,
      29.501407623291016,
      36.22798538208008,
      29.639488220214844,
      38.62724685668945,
      24.64590072631836,
      36.27155303955078,
      16.636709213256836,
      28.386058807373047,
      17.942684173583984,
      33.62276077270508
    ],
    [
      19.27492332458496,
      36.65620422363281,
      25.090587615966797,
      25.831880569458008,
      28.4652156829834,
      21.17650032043457,
      41.659366607666016,
      29.501407623291016,
      59.15433120727539,
      40.38053512573242,
      50.63835525512695,
      42.88211441040039,
      44.849021911621094,
      45.28657913208008,
      36.561885833740234,
      40.12859344482422,
      36.96631622314453,
      44.80595016479492
    ],
    [
      24.105443954467773,
      37.73531723022461,
      22.65221405029297,
      28.09200668334961,
      22.639923095703125,
      26.031810760498047,
      36.78868865966797,
      36.22798538208008,
      40.38053512573242,
      48.512325286865234,
      39.139461517333984,
      48.203773498535156,
      33.198917388916016,
      46.153343200683594,
      23.419937133789062,
      37.20564270019531,
      24.613521575927734,
      44.21760177612305
    ],
    [
      20.809751510620117,
      40.29648208618164,
      26.328596115112305,
      28.436782836914062,
      28.429256439208984,
      21.8050594329834,
      40.904998779296875,
      29.639488220214844,
      50.63835525512695,
      39.139461517333984,
      64.97561645507812,
      48.078460693359375,
      54.31843185424805,
      53.64815139770508,
      43.485191345214844,
      47.01249694824219,
      42.22171401977539,
      49.98957824707031
    ],
    [
      27.468984603881836,
      42.95023727416992,
      25.13105583190918,
      30.344892501831055,
      24.5434513092041,
      27.484561920166016,
      39.24482727050781,
      38.62724685668945,
      42.88211441040039,
      48.203773498535156,
      48.078460693359375,
      63.03040313720703,
      40.83466339111328,
      56.37682342529297,
      29.419174194335938,
      44.6297721862793,
      29.22883415222168,
      52.836795806884766
    ],
    [
      18.427059173583984,
      40.6002197265625,
      26.342485427856445,
      27.725341796875,
      27.362686157226562,
      19.553327560424805,
      36.65262985229492,
      24.64590072631836,
      44.849021911621094,
      33.198917388916016,
      54.31843185424805,
      40.83466339111328,
      72.8833999633789,
      55.624576568603516,
      59.44477844238281,
      56.139732360839844,
      56.917938232421875,
      53.57026672363281
    ],
    [
      27.85590171813965,
      47.75410079956055,
      27.337970733642578,
      32.80650329589844,
      25.860164642333984,
      26.320215225219727,
      40.602699279785156,
      36.27155303955078,
      45.28657913208008,
      46.153343200683594,
      53.64815139770508,
      56.37682342529297,
      55.624576568603516,
      73.12882232666016,
      43.30023193359375,
      61.43222427368164,
      42.12672805786133,
      64.13770294189453
    ],
    [
      14.80169677734375,
      33.561824798583984,
      22.28524398803711,
      22.57206916809082,
      22.484895706176758,
      14.200969696044922,
      28.647258758544922,
      16.636709213256836,
      36.561885833740234,
      23.419937133789062,
      43.485191345214844,
      29.419174194335938,
      59.44477844238281,
      43.30023193359375,
      73.10819244384766,
      51.1455078125,
      64.8843002319336,
      49.02836227416992
    ],
    [
      27.6552677154541,
      47.7422981262207,
      26.717750549316406,
      30.271669387817383,
      24.25908660888672,
      22.915666580200195,
      35.10020446777344,
      28.386058807373047,
      40.12859344482422,
      37.20564270019531,
      47.01249694824219,
      44.6297721862793,
      56.139732360839844,
      61.43222427368164,
      51.1455078125,
      72.96977233886719,
      50.91250991821289,
      70.0912094116211
    ],
    [
      16.460962295532227,
      34.44337844848633,
      23.37141227722168,
      24.29133415222168,
      23.63553237915039,
      15.558883666992188,
      30.237401962280273,
      17.942684173583984,
      36.96631622314453,
      24.613521575927734,
      42.22171401977539,
      29.22883415222168,
      56.917938232421875,
      42.12672805786133,
      64.8843002319336,
      50.91250991821289,
      76.77703094482422,
      53.7242431640625
    ],
    [
      35.05280303955078,
      53.815433502197266,
      33.11273956298828,
      35.26572799682617,
      26.526748657226562,
      26.899595260620117,
      40.30176544189453,
      33.62276077270508,
      44.80595016479492,
      44.21760177612305,
      49.98957824707031,
      52.836795806884766,
      53.57026672363281,
      64.13770294189453,
      49.02836227416992,
      70.0912094116211,
      53.7242431640625,
      96.54511260986328
    ]
  ],
  "drr": 14.921579360961914,
  "dynamics": 4.014595985412598,
  "format": 1245190,
  "frames": 12288000,
  "loudness": -13.541990280151367,
  "loudness_range": 11.761409759521484,
  "loudness_range_short": 13.356990814208984,
  "peak": -0.08481080085039139,
  "rms": -15.4013671875,
  "sample_rate": 44100,
  "sections": 1,
  "seekable": 1,
  "sharpness": 2.003272533416748,
  "space": -7.4470319747924805
}