{
  "bands": [
    {
      "high_freq": 148.1999969482422,
      "loudness": -20.339202880859375,
      "loudness_range": 10.680784225463867,
      "mid_mean": -16.892663955688477,
      "mid_to_side_loudness": -15.765385627746582,
      "mid_to_side_loudness_range": 14.79888916015625,
      "side_mean": -33.280799865722656
    },
    {
      "high_freq": 392.3793640136719,
      "loudness": -22.16946792602539,
      "loudness_range": 7.95832633972168,
      "low_freq": 148.1999969482422,
      "mid_mean": -19.785993576049805,
      "mid_to_side_loudness": -5.272281646728516,
      "mid_to_side_loudness_range": 8.466029167175293,
      "side_mean": -25.130094528198242
    },
    {
      "high_freq": 794.6976318359375,
      "loudness": -25.349384307861328,
      "loudness_range": 16.995349884033203,
      "low_freq": 392.3793640136719,
      "mid_mean": -22.31578254699707,
      "mid_to_side_loudness": -8.176106452941895,
      "mid_to_side_loudness_range": 11.145411491394043,
      "side_mean": -31.28199577331543
    },
    {
      "high_freq": 1457.5709228515625,
      "loudness": -29.006237030029297,
      "loudness_range": 21.170169830322266,
      "low_freq": 794.6976318359375,
      "mid_mean": -26.096599578857422,
      "mid_to_side_loudness": -7.624368667602539,
      "mid_to_side_loudness_range": 12.273731231689453,
      "side_mean": -34.277008056640625
    },
    {
      "high_freq": 2549.74365234375,
      "loudness": -32.3554573059082,
      "loudness_range": 21.863595962524414,
      "low_freq": 1457.5709228515625,
      "mid_mean": -30.060041427612305,
      "mid_to_side_loudness": -5.106852054595947,
      "mid_to_side_loudness_range": 11.453497886657715,
      "side_mean": -35.447532653808594
    },
    {
      "high_freq": 4349.24462890625,
      "loudness": -34.39646911621094,
      "loudness_range": 25.761924743652344,
      "low_freq": 2549.74365234375,
      "mid_mean": -32.060829162597656,
      "mid_to_side_loudness": -5.192034721374512,
      "mid_to_side_loudness_range": 10.339545249938965,
      "side_mean": -37.521244049072266
    },
    {
      "high_freq": 7314.1640625,
      "loudness": -38.17655563354492,
      "loudness_range": 23.00288200378418,
      "low_freq": 4349.24462890625,
      "mid_mean": -35.540199279785156,
      "mid_to_side_loudness": -6.710683822631836,
      "mid_to_side_loudness_range": 12.140284538269043,
      "side_mean": -42.54471969604492
    },
    {
      "high_freq": 12199.2666015625,
      "loudness": -40.68692398071289,
      "loudness_range": 19.772233963012695,
      "low_freq": 7314.1640625,
      "mid_mean": -37.94586944580078,
      "mid_to_side_loudness": -6.907567024230957,
      "mid_to_side_loudness_range": 10.768303871154785,
      "side_mean": -45.17177200317383
    },
    {
      "loudness": -47.67583465576172,
      "loudness_range": 25.767807006835938,
      "low_freq": 12199.2666015625,
      "mid_mean": -45.69214630126953,
      "mid_to_side_loudness": -4.281302452087402,
      "mid_to_side_loudness_range": 5.472851276397705,
      "side_mean": -50.41294860839844
    }
  ],
  "bands_short": [
    {
      "high_freq": 148.1999969482422,
      "loudness": -21.887691497802734,
      "loudness_range": 14.368668556213379,
      "mid_mean": -18.481048583984375,
      "mid_to_side_loudness": -17.02867317199707,
      "mid_to_side_loudness_range": 22.193424224853516,
      "side_mean": -36.843685150146484
    },
    {
      "high_freq": 392.3793640136719,
      "loudness": -22.143842697143555,
      "loudness_range": 10.626007080078125,
      "low_freq": 148.1999969482422,
      "mid_mean": -19.634586334228516,
      "mid_to_side_loudness": -6.328053951263428,
      "mid_to_side_loudness_range": 11.213512420654297,
      "side_mean": -26.00343894958496
    },
    {
      "high_freq": 794.6976318359375,
      "loudness": -24.359256744384766,
      "loudness_range": 14.63658332824707,
      "low_freq": 392.3793640136719,
      "mid_mean": -21.61941146850586,
      "mid_to_side_loudness": -7.254528522491455,
      "mid_to_side_loudness_range": 13.25668716430664,
      "side_mean": -29.537986755371094
    },
    {
      "high_freq": 1457.5709228515625,
      "loudness": -29.645206451416016,
      "loudness_range": 23.506519317626953,
      "low_freq": 794.6976318359375,
      "mid_mean": -26.954872131347656,
      "mid_to_side_loudness": -6.966139793395996,
      "mid_to_side_loudness_range": 13.062594413757324,
      "side_mean": -34.535587310791016
    },
    {
      "high_freq": 2549.74365234375,
      "loudness": -33.52475357055664,
      "loudness_range": 24.6492862701416,
      "low_freq": 1457.5709228515625,
      "mid_mean": -31.4395751953125,
      "mid_to_side_loudness": -4.626913547515869,
      "mid_to_side_loudness_range": 11.947595596313477,
      "side_mean": -36.35504150390625
    },
    {
      "high_freq": 4349.24462890625,
      "loudness": -35.64524841308594,
      "loudness_range": 28.2716064453125,
      "low_freq": 2549.74365234375,
      "mid_mean": -33.52462387084961,
      "mid_to_side_loudness": -4.57315731048584,
      "mid_to_side_loudness_range": 11.185386657714844,
      "side_mean": -38.36775207519531
    },
    {
      "high_freq": 7314.1640625,
      "loudness": -39.814857482910156,
      "loudness_range": 26.416122436523438,
      "low_freq": 4349.24462890625,
      "mid_mean": -37.414634704589844,
      "mid_to_side_loudness": -5.682990550994873,
      "mid_to_side_loudness_range": 11.782779693603516,
      "side_mean": -43.37373352050781
    },
    {
      "high_freq": 12199.2666015625,
      "loudness": -43.07133102416992,
      "loudness_range": 24.05476951599121,
      "low_freq": 7314.1640625,
      "mid_mean": -40.490474700927734,
      "mid_to_side_loudness": -6.529010772705078,
      "mid_to_side_loudness_range": 11.123388290405273,
      "side_mean": -47.395057678222656
    },
    {
      "loudness": -53.73949432373047,
      "loudness_range": 31.340084075927734,
      "low_freq": 12199.2666015625,
      "mid_mean": -51.50633239746094,
      "mid_to_side_loudness": -4.936872959136963,
      "mid_to_side_loudness_range": 7.823767185211182,
      "side_mean": -55.81959533691406
    }
  ],
  "channels": 2,
  "covariance": [
    [
      27.296310424804688,
      17.423059463500977,
      6.673941135406494,
      3.450978994369507,
      15.470465660095215,
      14.312423706054688,
      11.829916000366211,
      12.482507705688477,
      13.076988220214844,
      17.810388565063477,
      14.567532539367676,
      18.3904972076416,
      9.683568000793457,
      11.31922721862793,
      2.5690345764160156,
      5.789315223693848,
      3.61653470993042,
      7.287977695465088
    ],
    [
      17.423059463500977,
      29.216753005981445,
      7.801966667175293,
      6.023725509643555,
      18.25649642944336,
      17.65169334411621,
      15.027425765991211,
      16.427831649780273,
      20.075674057006836,
      24.76502227783203,
      23.545394897460938,
      27.995786666870117,
      18.332061767578125,
      21.42070770263672,
      8.334146499633789,
      10.856176376342773,
      9.082263946533203,
      11.815739631652832
    ],
    [
      6.673941135406494,
      7.801966667175293,
      12.181087493896484,
      6.953817367553711,
      11.22304630279541,
      10.933560371398926,
      9.783061027526855,
      10.953184127807617,
      15.118017196655273,
      19.091890335083008,
      17.285411834716797,
      20.721508026123047,
      14.086095809936523,
      15.28549575805664,
      7.761197566986084,
      8.392106056213379,
      7.4420928955078125,
      8.802130699157715
    ],
    [
      3.450978994369507,
      6.023725509643555,
      6.953817367553711,
      11.050439834594727,
      4.7128214836120605,
      7.102485656738281,
      2.5930838584899902,
      6.852509021759033,
      11.361876487731934,
      17.66254997253418,
      14.472140312194824,
      19.570661544799805,
      10.133407592773438,
      14.169447898864746,
      4.247426986694336,
      7.790770530700684,
      6.488070487976074,
      7.89288330078125
    ],
    [
      15.470465660095215,
      18.25649642944336,
      11.22304630279541,
      4.7128214836120605,
      43.768089294433594,
      31.1550235748291,
      29.963647842407227,
      24.86752700805664,
      31.801923751831055,
      31.44564437866211,
      33.361289978027344,
      34.12385177612305,
      26.83346176147461,
      25.977298736572266,
      16.087453842163086,
      15.222597122192383,
      14.621228218078613,
      17.485525131225586
    ],
    [
      14.312423706054688,
      17.65169334411621,
      10.933560371398926,
      7.102485656738281,
      31.1550235748291,
      35.25916290283203,
      26.699317932128906,
      24.71941375732422,
      30.757183074951172,
      34.45698547363281,
      35.357967376708984,
      38.1184196472168,
      28.307950973510742,
      28.382455825805664,
      17.969879150390625,
      17.753141403198242,
      17.676483154296875,
      19.478504180908203
    ],
    [
      11.829916000366211,
      15.027425765991211,
      9.783061027526855,
      2.5930838584899902,
      29.963647842407227,
      26.699317932128906,
      57.894012451171875,
      39.28542709350586,
      42.079315185546875,
      32.295310974121094,
      39.89604568481445,
      34.59532928466797,
      31.550233840942383,
      26.118820190429688,
      20.958293914794922,
      16.197107315063477,
      15.773785591125488,
      17.564464569091797
    ],
    [
      12.482507705688477,
      16.427831649780273,
      10.953184127807617,
      6.852509021759033,
      24.86752700805664,
      24.71941375732422,
      39.28542709350586,
      41.22057342529297,
      38.96303176879883,
      40.789459228515625,
      39.7072639465332,
      44.66143035888672,
      30.178442001342773,
      31.70465660095215,
      16.041454315185547,
      18.527070999145508,
      16.807369232177734,
      20.163658142089844
    ],
    [
      13.076988220214844,
      20.075674057006836,
      15.118017196655273,
      11.361876487731934,
      31.801923751831055,
      30.757183074951172,
      42.079315185546875,
      38.96303176879883,
      62.24045181274414,
      57.42866897583008,
      59.39579391479492,
      62.594017028808594,
      46.876468658447266,
      48.25013732910156,
      27.72422218322754,
      29.490406036376953,
      27.503494262695312,
      31.296344757080078
    ],
    [
      17.810388565063477,
      24.76502227783203,
      19.091890335083008,
      17.66254997253418,
      31.44564437866211,
      34.45698547363281,
      32.295310974121094,
      40.789459228515625,
      57.42866897583008,
      73.75276947021484,
      63.50642776489258,
      79.32581329345703,
      47.353187561035156,
      59.710838317871094,
      23.652034759521484,
      34.77952575683594,
      28.813413619995117,
      35.566566467285156
    ],
    [
      14.567532539367676,
      23.545394897460938,
      17.285411834716797,
      14.472140312194824,
      33.361289978027344,
      35.357967376708984,
      39.89604568481445,
      39.7072639465332,
      59.39579391479492,
      63.50642776489258,
      75.24443817138672,
      77.44758605957031,
      59.24747848510742,
      61.94416809082031,
      34.162025451660156,
      36.65752410888672,
      35.80580520629883,
      39.02433776855469
    ],
    [
      18.3904972076416,
      27.995786666870117,
      20.721508026123047,
      19.570661544799805,
      34.12385177612305,
      38.1184196472168,
      34.59532928466797,
      44.66143035888672,
      62.594017028808594,
      79.32581329345703,
      77.44758605957031,
      97.16873168945312,
      59.88092803955078,
      75.5467300415039,
      31.370779037475586,
      44.430206298828125,
      38.96999740600586,
      45.96841812133789
    ],
    [
      9.683568000793457,
      18.332061767578125,
      14.086095809936523,
      10.133407592773438,
      26.83346176147461,
      28.307950973510742,
      31.550233840942383,
      30.178442001342773,
      46.876468658447266,
      47.353187561035156,
      59.24747848510742,
      59.88092803955078,
      67.30722045898438,
      59.5242805480957,
      46.46864318847656,
      41.81393814086914,
      41.780582427978516,
      41.53697967529297
    ],
    [
      11.31922721862793,
      21.42070770263672,
      15.28549575805664,
      14.169447898864746,
      25.977298736572266,
      28.382455825805664,
      26.118820190429688,
      31.70465660095215,
      48.25013732910156,
      59.710838317871094,
      61.94416809082031,
      75.5467300415039,
      59.5242805480957,
      73.14157104492188,
      37.541683197021484,
      49.099700927734375,
      43.0180778503418,
      48.36130905151367
    ],
    [
      2.5690345764160156,
      8.334146499633789,
      7.761197566986084,
      4.247426986694336,
      16.087453842163086,
      17.969879150390625,
      20.958293914794922,
      16.041454315185547,
      27.72422218322754,
      23.652034759521484,
      34.162025451660156,
      31.370779037475586,
      46.46864318847656,
      37.541683197021484,
      47.18742752075195,
      37.7286491394043,
      43.900238037109375,
      40.35326385498047
    ],
    [
      5.789315223693848,
      10.856176376342773,
      8.392106056213379,
      7.790770530700684,
      15.222597122192383,
      17.753141403198242,
      16.197107315063477,
      18.527070999145508,
      29.490406036376953,
      34.77952575683594,
      36.65752410888672,
      44.430206298828125,
      41.81393814086914,
      49.099700927734375,
      37.7286491394043,
      48.13370132446289,
      48.596248626708984,
      52.201499938964844
    ],
    [
      3.61653470993042,
      9.082263946533203,
      7.4420928955078125,
      6.488070487976074,
      14.621228218078613,
      17.676483154296875,
      15.773785591125488,
      16.807369232177734,
      27.503494262695312,
      28.813413619995117,
      35.80580520629883,
      38.96999740600586,
      41.780582427978516,
      43.0180778503418,
      43.900238037109375,
      48.596248626708984,
      72.10726928710938,
      70.5112533569336
    ],
    [
      7.287977695465088,
      11.815739631652832,
      8.802130699157715,
      7.89288330078125,
      17.485525131225586,
      19.478504180908203,
      17.564464569091797,
      20.163658142089844,
      31.296344757080078,
      35.566566467285156,
      39.02433776855469,
      45.96841812133789,
      41.53697967529297,
      48.36130905151367,
      40.35326385498047,
      52.201499938964844,
      70.5112533569336,
      81.29273986816406
    ]
  ],
  "covariance_short": [
    [
      38.17538833618164,
      13.838421821594238,
      9.186718940734863,
      6.7230963706970215,
      8.505261421203613,
      7.222374439239502,
      9.239117622375488,
      12.117412567138672,
      11.956595420837402,
      17.94584846496582,
      12.67289924621582,
      18.076642990112305,
      6.7164506912231445,
      10.018054008483887,
      0.25022998452186584,
      5.158980369567871,
      0.7131515145301819,
      4.743801116943359
    ],
    [
      13.838421821594238,
      38.75968933105469,
      9.07553482055664,
      7.351500988006592,
      10.31942081451416,
      6.227050304412842,
      14.149609565734863,
      14.455418586730957,
      16.44674301147461,
      18.84412384033203,
      19.8447265625,
      21.78740119934082,
      15.672999382019043,
      16.208223342895508,
      6.944546222686768,
      8.54947280883789,
      5.874571800231934,
      8.220379829406738
    ],
    [
      9.186718940734863,
      9.07553482055664,
      19.502695083618164,
      9.78964900970459,
      12.828912734985352,
      9.190655708312988,
      13.015926361083984,
      12.648334503173828,
      19.52140235900879,
      22.47147560119629,
      22.552461624145508,
      25.105972290039062,
      18.703649520874023,
      19.06229019165039,
      11.756044387817383,
      13.37231159210205,
      14.092888832092285,
      15.9935302734375
    ],
    [
      6.7230963706970215,
      7.351500988006592,
      9.78964900970459,
      16.641565322875977,
      7.760873317718506,
      9.920328140258789,
      5.86296272277832,
      9.398618698120117,
      16.297103881835938,
      22.008392333984375,
      20.331026077270508,
      25.12441635131836,
      15.295463562011719,
      18.74165916442871,
      7.8846564292907715,
      12.542444229125977,
      11.452963829040527,
      14.50093936920166
    ],
    [
      8.505261421203613,
      10.31942081451416,
      12.828912734985352,
      7.760873317718506,
      36.848670959472656,
      21.472434997558594,
      26.232257843017578,
      20.727067947387695,
      30.861753463745117,
      30.389381408691406,
      32.46723937988281,
      32.519874572753906,
      26.020116806030273,
      24.4132080078125,
      15.843169212341309,
      14.08166217803955,
      13.354691505432129,
      14.298264503479004
    ],
    [
      7.222374439239502,
      6.227050304412842,
      9.190655708312988,
      9.920328140258789,
      21.472434997558594,
      31.517759323120117,
      16.437103271484375,
      17.518733978271484,
      25.46764373779297,
      30.013063430786133,
      30.123754501342773,
      33.450340270996094,
      23.63711166381836,
      24.565387725830078,
      14.157041549682617,
      14.319528579711914,
      13.043450355529785,
      14.033509254455566
    ],
    [
      9.239117622375488,
      14.149609565734863,
      13.015926361083984,
      5.86296272277832,
      26.232257843017578,
      16.437103271484375,
      69.09387969970703,
      43.53622817993164,
      50.854549407958984,
      37.074668884277344,
      48.175445556640625,
      39.916587829589844,
      39.412723541259766,
      31.381582260131836,
      26.912477493286133,
      19.894750595092773,
      18.92437744140625,
      18.70868682861328
    ],
    [
      12.117412567138672,
      14.455418586730957,
      12.648334503173828,
      9.398618698120117,
      20.727067947387695,
      17.518733978271484,
      43.53622817993164,
      46.97495651245117,
      43.635929107666016,
      43.3786506652832,
      44.70924758911133,
      47.28670120239258,
      34.84449768066406,
      34.881370544433594,
      20.00091552734375,
      20.526906967163086,
      17.571813583374023,
      19.484895706176758
    ],
    [
      11.956595420837402,
      16.44674301147461,
      19.52140235900879,
      16.297103881835938,
      30.861753463745117,
      25.46764373779297,
      50.854549407958984,
      43.635929107666016,
      79.12405395507812,
      67.66462707519531,
      73.66145324707031,
      72.54329681396484,
      58.698970794677734,
      57.003971099853516,
      36.85078048706055,
      36.26388168334961,
      35.1722297668457,
      37.43022155761719
    ],
    [
      17.94584846496582,
      18.84412384033203,
      22.47147560119629,
      22.008392333984375,
      30.389381408691406,
      30.013063430786133,
      37.074668884277344,
      43.3786506652832,
      67.66462707519531,
      82.06291961669922,
      73.43126678466797,
      86.1001205444336,
      56.446556091308594,
      65.83726501464844,
      29.997610092163086,
      39.80104446411133,
      34.00608444213867,
      39.997745513916016
    ],
    [
      12.67289924621582,
      19.8447265625,
      22.552461624145508,
      20.331026077270508,
      32.46723937988281,
      30.123754501342773,
      48.175445556640625,
      44.70924758911133,
      73.66145324707031,
      73.43126678466797,
      95.55976104736328,
      90.79960632324219,
      76.73435974121094,
      74.6878433227539,
      47.593082427978516,
      47.78126525878906,
      47.16734313964844,
      50.13856506347656
    ],
    [
      18.076642990112305,
      21.78740119934082,
      25.105972290039062,
      25.12441635131836,
      32.519874572753906,
      33.450340270996094,
      39.916587829589844,
      47.28670120239258,
      72.54329681396484,
      86.1001205444336,
      90.79960632324219,
      107.38740539550781,
      72.49701690673828,
      84.94857788085938,
      40.083160400390625,
      52.349727630615234,
      46.00545120239258,
      53.76395797729492
    ],
    [
      6.7164506912231445,
      15.672999382019043,
      18.703649520874023,
      15.295463562011719,
      26.020116806030273,
      23.63711166381836,
      39.412723541259766,
      34.84449768066406,
      58.698970794677734,
      56.446556091308594,
      76.73435974121094,
      72.49701690673828,
      86.0340805053711,
      73.90582275390625,
      63.796024322509766,
      56.70090103149414,
      62.74158477783203,
      59.753257751464844
    ],
    [
      10.018054008483887,
      16.208223342895508,
      19.06229019165039,
      18.74165916442871,
      24.4132080078125,
      24.565387725830078,
      31.381582260131836,
      34.881370544433594,
      57.003971099853516,
      65.83726501464844,
      74.6878433227539,
      84.94857788085938,
      73.90582275390625,
      84.79692077636719,
      49.19134521484375,
      60.919456481933594,
      57.11092758178711,
      62.279579162597656
    ],
    [
      0.25022998452186584,
      6.944546222686768,
      11.756044387817383,
      7.8846564292907715,
      15.843169212341309,
      14.157041549682617,
      26.912477493286133,
      20.00091552734375,
      36.85078048706055,
      29.997610092163086,
      47.593082427978516,
      40.083160400390625,
      63.796024322509766,
      49.19134521484375,
      70.12702178955078,
      55.97212219238281,
      70.13008880615234,
      62.867210388183594
    ],
    [
      5.158980369567871,
      8.54947280883789,
      13.37231159210205,
      12.542444229125977,
      14.08166217803955,
      14.319528579711914,
      19.894750595092773,
      20.526906967163086,
      36.26388168334961,
      39.80104446411133,
      47.78126525878906,
      52.349727630615234,
      56.70090103149414,
      60.919456481933594,
      55.97212219238281,
      68.13037109375,
      71.65190887451172,
      74.8626708984375
    ],
    [
      0.7131515145301819,
      5.874571800231934,
      14.092888832092285,
      11.452963829040527,
      13.354691505432129,
      13.043450355529785,
      18.92437744140625,
      17.571813583374023,
      35.1722297668457,
      34.00608444213867,
      47.16734313964844,
      46.00545120239258,
      62.74158477783203,
      57.11092758178711,
      70.13008880615234,
      71.65190887451172,
      111.00475311279297,
      104.18523406982422
    ],
    [
      4.743801116943359,
      8.220379829406738,
      15.9935302734375,
      14.50093936920166,
      14.298264503479004,
      14.033509254455566,
      18.70868682861328,
      19.484895706176758,
      37.43022155761719,
      39.997745513916016,
      50.13856506347656,
      53.76395797729492,
      59.753257751464844,
      62.279579162597656,
      62.867210388183594,
      74.8626708984375,
      104.18523406982422,
      106.97562408447266
    ]
  ],
  "drr": 12.562431335449219,
  "dynamics": 3.0952067375183105,
  "format": 1245190,
  "frames": 10108928,
  "loudness": -12.315258026123047,
  "loudness_range": 8.169964790344238,
  "loudness_range_short": 9.804855346679688,
  "peak": 0.4200069010257721,
  "rms": -13.698348045349121,
  "sample_rate": 44100,
  "sections": 1,
  "seekable": 1,
  "sharpness": 1.817004680633545,
  "space": -8.961390495300293
}