{
  "bands": [
    {
      "high_freq": 148.1999969482422,
      "loudness": -32.79587936401367,
      "loudness_range": 22.090557098388672,
      "mid_mean": -31.331510543823242,
      "mid_to_side_loudness": -1.9070433378219604,
      "mid_to_side_loudness_range": 5.2295074462890625,
      "side_mean": -33.24714279174805
    },
    {
      "high_freq": 392.3793640136719,
      "loudness": -28.63465118408203,
      "loudness_range": 13.214237213134766,
      "low_freq": 148.1999969482422,
      "mid_mean": -27.40650749206543,
      "mid_to_side_loudness": -1.2514188289642334,
      "mid_to_side_loudness_range": 3.693969249725342,
      "side_mean": -28.706262588500977
    },
    {
      "high_freq": 794.6976318359375,
      "loudness": -31.977453231811523,
      "loudness_range": 20.361650466918945,
      "low_freq": 392.3793640136719,
      "mid_mean": -31.1863956451416,
      "mid_to_side_loudness": -0.3873539865016937,
      "mid_to_side_loudness_range": 4.638622283935547,
      "side_mean": -31.5375919342041
    },
    {
      "high_freq": 1457.5709228515625,
      "loudness": -37.8558464050293,
      "loudness_range": 25.786293029785156,
      "low_freq": 794.6976318359375,
      "mid_mean": -37.15221405029297,
      "mid_to_side_loudness": -0.11729538440704346,
      "mid_to_side_loudness_range": 3.231350898742676,
      "side_mean": -37.274505615234375
    },
    {
      "high_freq": 2549.74365234375,
      "loudness": -43.96450424194336,
      "loudness_range": 22.149391174316406,
      "low_freq": 1457.5709228515625,
      "mid_mean": -43.272891998291016,
      "mid_to_side_loudness": -0.13372214138507843,
      "mid_to_side_loudness_range": 2.2276015281677246,
      "side_mean": -43.39274978637695
    },
    {
      "high_freq": 4349.24462890625,
      "loudness": -45.421756744384766,
      "loudness_range": 27.228965759277344,
      "low_freq": 2549.74365234375,
      "mid_mean": -44.700279235839844,
      "mid_to_side_loudness": -0.17647001147270203,
      "mid_to_side_loudness_range": 1.6068862676620483,
      "side_mean": -44.87245178222656
    },
    {
      "high_freq": 7314.1640625,
      "loudness": -43.45029830932617,
      "loudness_range": 31.42090606689453,
      "low_freq": 4349.24462890625,
      "mid_mean": -43.04948806762695,
      "mid_to_side_loudness": -0.1143028661608696,
      "mid_to_side_loudness_range": 1.0845935344696045,
      "side_mean": -43.19010925292969
    },
    {
      "high_freq": 12199.2666015625,
      "loudness": -42.437191009521484,
      "loudness_range": 32.810516357421875,
      "low_freq": 7314.1640625,
      "mid_mean": -42.62565994262695,
      "mid_to_side_loudness": 0.21070314943790436,
      "mid_to_side_loudness_range": 0.8805897235870361,
      "side_mean": -42.20273208618164
    },
    {
      "loudness": -44.852142333984375,
      "loudness_range": 36.85917282104492,
      "low_freq": 12199.2666015625,
      "mid_mean": -44.067359924316406,
      "mid_to_side_loudness": 0.10077978670597076,
      "mid_to_side_loudness_range": 0.8387748003005981,
      "side_mean": -43.968509674072266
    }
  ],
  "bands_short": [
    {
      "high_freq": 148.1999969482422,
      "loudness": -36.27455139160156,
      "loudness_range": 26.445865631103516,
      "mid_mean": -35.05238723754883,
      "mid_to_side_loudness": -1.1039165258407593,
      "mid_to_side_loudness_range": 9.124259948730469,
      "side_mean": -36.4355583190918
    },
    {
      "high_freq": 392.3793640136719,
      "loudness": -28.977357864379883,
      "loudness_range": 16.31316566467285,
      "low_freq": 148.1999969482422,
      "mid_mean": -27.69675064086914,
      "mid_to_side_loudness": -1.5231770277023315,
      "mid_to_side_loudness_range": 6.112114906311035,
      "side_mean": -29.249759674072266
    },
    {
      "high_freq": 794.6976318359375,
      "loudness": -33.41022491455078,
      "loudness_range": 23.253459930419922,
      "low_freq": 392.3793640136719,
      "mid_mean": -32.59805679321289,
      "mid_to_side_loudness": -0.5194353461265564,
      "mid_to_side_loudness_range": 6.695952415466309,
      "side_mean": -33.128273010253906
    },
    {
      "high_freq": 1457.5709228515625,
      "loudness": -39.06240463256836,
      "loudness_range": 27.702470779418945,
      "low_freq": 794.6976318359375,
      "mid_mean": -38.447593688964844,
      "mid_to_side_loudness": -0.07347629219293594,
      "mid_to_side_loudness_range": 5.158874988555908,
      "side_mean": -38.50165939331055
    },
    {
      "high_freq": 2549.74365234375,
      "loudness": -45.675559997558594,
      "loudness_range": 25.486312866210938,
      "low_freq": 1457.5709228515625,
      "mid_mean": -45.046600341796875,
      "mid_to_side_loudness": -0.10787656903266907,
      "mid_to_side_loudness_range": 3.9461073875427246,
      "side_mean": -45.13923645019531
    },
    {
      "high_freq": 4349.24462890625,
      "loudness": -47.18758010864258,
      "loudness_range": 30.778060913085938,
      "low_freq": 2549.74365234375,
      "mid_mean": -46.43795394897461,
      "mid_to_side_loudness": -0.23540200293064117,
      "mid_to_side_loudness_range": 2.987105369567871,
      "side_mean": -46.668609619140625
    },
    {
      "high_freq": 7314.1640625,
      "loudness": -46.010963439941406,
      "loudness_range": 35.289310455322266,
      "low_freq": 4349.24462890625,
      "mid_mean": -45.61982345581055,
      "mid_to_side_loudness": -0.08269324153661728,
      "mid_to_side_loudness_range": 2.172348737716675,
      "side_mean": -45.69491958618164
    },
    {
      "high_freq": 12199.2666015625,
      "loudness": -46.03677749633789,
      "loudness_range": 37.4046745300293,
      "low_freq": 7314.1640625,
      "mid_mean": -45.50375747680664,
      "mid_to_side_loudness": 0.16809096932411194,
      "mid_to_side_loudness_range": 1.7347204685211182,
      "side_mean": -45.33860778808594
    },
    {
      "loudness": -46.74061584472656,
      "loudness_range": 37.61328125,
      "low_freq": 12199.2666015625,
      "mid_mean": -45.81175231933594,
      "mid_to_side_loudness": 0.06597974896430969,
      "mid_to_side_loudness_range": 1.448133945465088,
      "side_mean": -45.74691390991211
    }
  ],
  "channels": 2,
  "covariance": [
    [
      62.37296676635742,
      55.01351547241211,
      15.94009780883789,
      17.00680923461914,
      20.269180297851562,
      18.961210250854492,
      21.727012634277344,
      21.816919326782227,
      25.485902786254883,
      25.42860221862793,
      34.27691650390625,
      34.53361129760742,
      37.58814239501953,
      37.94147491455078,
      38.8489990234375,
      37.0968017578125,
      45.85630416870117,
      45.76259994506836
    ],
    [
      55.01351547241211,
      50.93064498901367,
      13.981193542480469,
      14.759424209594727,
      18.10868263244629,
      16.951950073242188,
      19.154027938842773,
      19.26534080505371,
      22.65570831298828,
      22.5548152923584,
      29.99932861328125,
      30.2337589263916,
      32.30259323120117,
      32.65625762939453,
      33.07388687133789,
      31.600879669189453,
      39.47670364379883,
      39.427921295166016
    ],
    [
      15.94009780883789,
      13.981193542480469,
      26.880290985107422,
      24.079906463623047,
      19.353515625,
      18.474864959716797,
      23.27082061767578,
      23.105121612548828,
      23.091371536254883,
      23.46285629272461,
      23.220046997070312,
      23.530223846435547,
      22.833560943603516,
      23.031936645507812,
      23.695573806762695,
      22.855390548706055,
      27.456314086914062,
      27.36820411682129
    ],
    [
      17.00680923461914,
      14.759424209594727,
      24.079906463623047,
      24.559511184692383,
      18.576311111450195,
      17.78376579284668,
      22.505640029907227,
      22.55599594116211,
      22.094114303588867,
      22.43058204650879,
      22.67936134338379,
      22.93470001220703,
      22.494367599487305,
      22.66912078857422,
      23.2358341217041,
      22.402116775512695,
      27.02943992614746,
      26.957908630371094
    ],
    [
      20.269180297851562,
      18.10868263244629,
      19.353515625,
      18.576311111450195,
      51.388790130615234,
      49.867034912109375,
      39.5120964050293,
      41.01708984375,
      39.85988998413086,
      39.99551773071289,
      38.95567321777344,
      39.45420837402344,
      36.23403549194336,
      36.90611267089844,
      37.58674621582031,
      36.801822662353516,
      46.715003967285156,
      46.48826217651367
    ],
    [
      18.961210250854492,
      16.951950073242188,
      18.474864959716797,
      17.78376579284668,
      49.867034912109375,
      51.86436080932617,
      39.439476013183594,
      40.84917068481445,
      39.47629165649414,
      39.74737548828125,
      38.49810028076172,
      38.94448471069336,
      35.64067840576172,
      36.23933029174805,
      36.87726593017578,
      36.184959411621094,
      46.03828430175781,
      45.79413986206055
    ],
    [
      21.727012634277344,
      19.154027938842773,
      23.27082061767578,
      22.505640029907227,
      39.5120964050293,
      39.439476013183594,
      70.33950805664062,
      69.84101867675781,
      52.25251770019531,
      53.52705383300781,
      53.35481262207031,
      53.69750213623047,
      49.968318939208984,
      50.51607894897461,
      50.34754943847656,
      49.60974884033203,
      60.061763763427734,
      59.862060546875
    ],
    [
      21.816919326782227,
      19.26534080505371,
      23.105121612548828,
      22.55599594116211,
      41.01708984375,
      40.84917068481445,
      69.84101867675781,
      71.65608978271484,
      53.558387756347656,
      54.762882232666016,
      54.93752670288086,
      55.264495849609375,
      51.48878479003906,
      52.0634651184082,
      51.959285736083984,
      51.30083084106445,
      62.28373336791992,
      62.05757141113281
    ],
    [
      25.485902786254883,
      22.65570831298828,
      23.091371536254883,
      22.094114303588867,
      39.85988998413086,
      39.47629165649414,
      52.25251770019531,
      53.558387756347656,
      59.69424819946289,
      59.899742126464844,
      65.15534210205078,
      65.42337036132812,
      64.4538345336914,
      65.08447265625,
      65.32820892333984,
      64.39251708984375,
      77.01042175292969,
      76.87509155273438
    ],
    [
      25.42860221862793,
      22.5548152923584,
      23.46285629272461,
      22.43058204650879,
      39.99551773071289,
      39.74737548828125,
      53.52705383300781,
      54.762882232666016,
      59.899742126464844,
      61.02838897705078,
      65.7591323852539,
      66.020263671875,
      64.98933410644531,
      65.62285614013672,
      66.09679412841797,
      65.18500518798828,
      77.67754364013672,
      77.53923797607422
    ],
    [
      34.27691650390625,
      29.99932861328125,
      23.220046997070312,
      22.67936134338379,
      38.95567321777344,
      38.49810028076172,
      53.35481262207031,
      54.93752670288086,
      65.15534210205078,
      65.7591323852539,
      94.26171112060547,
      94.17999267578125,
      101.8547134399414,
      102.70948791503906,
      105.33016967773438,
      103.92460632324219,
      122.3148193359375,
      122.0865249633789
    ],
    [
      34.53361129760742,
      30.2337589263916,
      23.530223846435547,
      22.93470001220703,
      39.45420837402344,
      38.94448471069336,
      53.69750213623047,
      55.264495849609375,
      65.42337036132812,
      66.020263671875,
      94.17999267578125,
      94.5479965209961,
      101.91059112548828,
      102.7654800415039,
      105.37017822265625,
      103.94432067871094,
      122.43770599365234,
      122.21565246582031
    ],
    [
      37.58814239501953,
      32.30259323120117,
      22.833560943603516,
      22.494367599487305,
      36.23403549194336,
      35.64067840576172,
      49.968318939208984,
      51.48878479003906,
      64.4538345336914,
      64.98933410644531,
      101.8547134399414,
      101.91059112548828,
      124.3485107421875,
      124.40115356445312,
      128.62730407714844,
      127.42850494384766,
      145.74835205078125,
      145.4033660888672
    ],
    [
      37.94147491455078,
      32.65625762939453,
      23.031936645507812,
      22.66912078857422,
      36.90611267089844,
      36.23933029174805,
      50.51607894897461,
      52.0634651184082,
      65.08447265625,
      65.62285614013672,
      102.70948791503906,
      102.7654800415039,
      124.40115356445312,
      125.67243957519531,
      129.07252502441406,
      127.89836120605469,
      146.7025909423828,
      146.3526153564453
    ],
    [
      38.8489990234375,
      33.07388687133789,
      23.695573806762695,
      23.2358341217041,
      37.58674621582031,
      36.87726593017578,
      50.34754943847656,
      51.959285736083984,
      65.32820892333984,
      66.09679412841797,
      105.33016967773438,
      105.37017822265625,
      128.62730407714844,
      129.07252502441406,
      141.15472412109375,
      139.4796600341797,
      156.21766662597656,
      155.67752075195312
    ],
    [
      37.0968017578125,
      31.600879669189453,
      22.855390548706055,
      22.402116775512695,
      36.801822662353516,
      36.184959411621094,
      49.60974884033203,
      51.30083084106445,
      64.39251708984375,
      65.18500518798828,
      103.92460632324219,
      103.94432067871094,
      127.42850494384766,
      127.89836120605469,
      139.4796600341797,
      140.71519470214844,
      155.3184356689453,
      154.73878479003906
    ],
    [
      45.85630416870117,
      39.47670364379883,
      27.456314086914062,
      27.02943992614746,
      46.715003967285156,
      46.03828430175781,
      60.061763763427734,
      62.28373336791992,
      77.01042175292969,
      77.67754364013672,
      122.3148193359375,
      122.43770599365234,
      145.74835205078125,
      146.7025909423828,
      156.21766662597656,
      155.3184356689453,
      184.69032287597656,
      183.9618377685547
    ],
    [
      45.76259994506836,
      39.427921295166016,
      27.36820411682129,
      26.957908630371094,
      46.48826217651367,
      45.79413986206055,
      59.862060546875,
      62.05757141113281,
      76.87509155273438,
      77.53923797607422,
      122.0865249633789,
      122.21565246582031,
      145.4033660888672,
      146.3526153564453,
      155.67752075195312,
      154.73878479003906,
      183.9618377685547,
      183.3232879638672
    ]
  ],
  "covariance_short": [
    [
      92.33576202392578,
      78.48626708984375,
      26.451801300048828,
      26.02681541442871,
      21.847673416137695,
      20.72871971130371,
      23.453664779663086,
      23.796056747436523,
      29.922775268554688,
      29.743587493896484,
      40.08496856689453,
      40.282962799072266,
      46.84688949584961,
      46.99934387207031,
      49.2375602722168,
      49.44049072265625,
      51.3634147644043,
      51.42701721191406
    ],
    [
      78.48626708984375,
      76.15408325195312,
      23.432262420654297,
      23.440414428710938,
      20.091800689697266,
      19.11208724975586,
      21.701488494873047,
      22.048376083374023,
      27.837635040283203,
      27.5997257232666,
      36.664207458496094,
      36.87769317626953,
      42.547019958496094,
      42.699954986572266,
      44.46917724609375,
      44.643245697021484,
      46.1776237487793,
      46.256343841552734
    ],
    [
      26.451801300048828,
      23.432262420654297,
      37.79623794555664,
      32.527099609375,
      24.682924270629883,
      23.96059226989746,
      27.37424659729004,
      27.251379013061523,
      26.744382858276367,
      27.051210403442383,
      26.146291732788086,
      26.515583038330078,
      27.87369155883789,
      27.907638549804688,
      29.48398780822754,
      29.666946411132812,
      30.11416244506836,
      30.128379821777344
    ],
    [
      26.02681541442871,
      23.440414428710938,
      32.527099609375,
      34.24278259277344,
      24.09044647216797,
      23.466712951660156,
      27.008073806762695,
      26.883792877197266,
      26.190608978271484,
      26.477495193481445,
      25.54918670654297,
      25.881237030029297,
      27.25185775756836,
      27.255382537841797,
      28.61749839782715,
      28.79465675354004,
      29.07012939453125,
      29.079853057861328
    ],
    [
      21.847673416137695,
      20.091800689697266,
      24.682924270629883,
      24.09044647216797,
      62.87419891357422,
      59.85639953613281,
      46.20029067993164,
      47.14761734008789,
      46.041622161865234,
      45.9105339050293,
      42.37787628173828,
      42.926517486572266,
      41.508277893066406,
      41.56587600708008,
      43.850711822509766,
      44.1789665222168,
      47.62788391113281,
      47.51715087890625
    ],
    [
      20.72871971130371,
      19.11208724975586,
      23.96059226989746,
      23.466712951660156,
      59.85639953613281,
      64.06336212158203,
      46.007022857666016,
      46.946834564208984,
      46.298362731933594,
      46.271240234375,
      42.846214294433594,
      43.266868591308594,
      41.740787506103516,
      41.82213592529297,
      43.98636245727539,
      44.35415267944336,
      47.992855072021484,
      47.876808166503906
    ],
    [
      23.453664779663086,
      21.701488494873047,
      27.37424659729004,
      27.008073806762695,
      46.20029067993164,
      46.007022857666016,
      81.97049713134766,
      79.59275817871094,
      59.79737091064453,
      60.88629913330078,
      56.72209548950195,
      57.109100341796875,
      54.52915954589844,
      54.72303771972656,
      55.66327667236328,
      56.09474563598633,
      59.24816131591797,
      59.20570373535156
    ],
    [
      23.796056747436523,
      22.048376083374023,
      27.251379013061523,
      26.883792877197266,
      47.14761734008789,
      46.946834564208984,
      79.59275817871094,
      82.64701843261719,
      60.7862663269043,
      61.85892868041992,
      58.49211120605469,
      58.8577995300293,
      56.653076171875,
      56.84519577026367,
      58.14746856689453,
      58.59675979614258,
      62.03671646118164,
      61.96034622192383
    ],
    [
      29.922775268554688,
      27.837635040283203,
      26.744382858276367,
      26.190608978271484,
      46.041622161865234,
      46.298362731933594,
      59.79737091064453,
      60.7862663269043,
      72.84661102294922,
      72.1075210571289,
      76.29290008544922,
      76.556396484375,
      79.21435546875,
      79.44316101074219,
      82.17494201660156,
      82.80821990966797,
      85.0659408569336,
      85.06649780273438
    ],
    [
      29.743587493896484,
      27.5997257232666,
      27.051210403442383,
      26.477495193481445,
      45.9105339050293,
      46.271240234375,
      60.88629913330078,
      61.85892868041992,
      72.1075210571289,
      74.05387878417969,
      76.7984390258789,
      77.0733642578125,
      79.7591323852539,
      80.02690124511719,
      82.8221664428711,
      83.47164916992188,
      85.86747741699219,
      85.86732482910156
    ],
    [
      40.08496856689453,
      36.664207458496094,
      26.146291732788086,
      25.54918670654297,
      42.37787628173828,
      42.846214294433594,
      56.72209548950195,
      58.49211120605469,
      76.29290008544922,
      76.7984390258789,
      110.1123275756836,
      109.45677185058594,
      123.24736022949219,
      123.64344024658203,
      129.86485290527344,
      130.89845275878906,
      136.0462646484375,
      135.93246459960938
    ],
    [
      40.282962799072266,
      36.87769317626953,
      26.515583038330078,
      25.881237030029297,
      42.926517486572266,
      43.266868591308594,
      57.109100341796875,
      58.8577995300293,
      76.556396484375,
      77.0733642578125,
      109.45677185058594,
      109.9622573852539,
      123.05574798583984,
      123.4399185180664,
      129.605712890625,
      130.64083862304688,
      135.74818420410156,
      135.64453125
    ],
    [
      46.84688949584961,
      42.547019958496094,
      27.87369155883789,
      27.25185775756836,
      41.508277893066406,
      41.740787506103516,
      54.52915954589844,
      56.653076171875,
      79.21435546875,
      79.7591323852539,
      123.24736022949219,
      123.05574798583984,
      150.92803955078125,
      150.69732666015625,
      159.8499755859375,
      161.13858032226562,
      167.32806396484375,
      167.12664794921875
    ],
    [
      46.99934387207031,
      42.699954986572266,
      27.907638549804688,
      27.255382537841797,
      41.56587600708008,
      41.82213592529297,
      54.72303771972656,
      56.84519577026367,
      79.44316101074219,
      80.02690124511719,
      123.64344024658203,
      123.4399185180664,
      150.69732666015625,
      151.63882446289062,
      160.27850341796875,
      161.56260681152344,
      167.8853759765625,
      167.67250061035156
    ],
    [
      49.2375602722168,
      44.46917724609375,
      29.48398780822754,
      28.61749839782715,
      43.850711822509766,
      43.98636245727539,
      55.66327667236328,
      58.14746856689453,
      82.17494201660156,
      82.8221664428711,
      129.86485290527344,
      129.605712890625,
      159.8499755859375,
      160.27850341796875,
      176.0477752685547,
      177.339599609375,
      184.76132202148438,
      184.29376220703125
    ],
    [
      49.44049072265625,
      44.643245697021484,
      29.666946411132812,
      28.79465675354004,
      44.1789665222168,
      44.35415267944336,
      56.09474563598633,
      58.59675979614258,
      82.80821990966797,
      83.47164916992188,
      130.89845275878906,
      130.64083862304688,
      161.13858032226562,
      161.56260681152344,
      177.339599609375,
      178.97958374023438,
      186.33734130859375,
      185.86129760742188
    ],
    [
      51.3634147644043,
      46.1776237487793,
      30.11416244506836,
      29.07012939453125,
      47.62788391113281,
      47.992855072021484,
      59.24816131591797,
      62.03671646118164,
      85.0659408569336,
      85.86747741699219,
      136.0462646484375,
      135.74818420410156,
      167.32806396484375,
      167.8853759765625,
      184.76132202148438,
      186.33734130859375,
      202.14442443847656,
      201.40170288085938
    ],
    [
      51.42701721191406,
      46.256343841552734,
      30.128379821777344,
      29.079853057861328,
      47.51715087890625,
      47.876808166503906,
      59.20570373535156,
      61.96034622192383,
      85.06649780273438,
      85.86732482910156,
      135.93246459960938,
      135.64453125,
      167.12664794921875,
      167.67250061035156,
      184.29376220703125,
      185.86129760742188,
      201.40170288085938,
      200.90155029296875
    ]
  ],
  "drr": 10.370404243469238,
  "dynamics": 4.2483038902282715,
  "format": 1245190,
  "frames": 19197952,
  "loudness": -19.14173126220703,
  "loudness_range": 12.336848258972168,
  "loudness_range_short": 16.491424560546875,
  "peak": -0.6348546147346497,
  "rms": -20.4090518951416,
  "sample_rate": 44100,
  "sections": 1,
  "seekable": 1,
  "sharpness": 3.457590103149414,
  "space": -1.0381706953048706
}