{
  "bands": [
    {
      "high_freq": 148.1999969482422,
      "loudness": -16.243295669555664,
      "loudness_range": 8.045939445495605,
      "mid_mean": -12.638944625854492,
      "mid_to_side_loudness": -18.954130172729492,
      "mid_to_side_loudness_range": 14.877893447875977,
      "side_mean": -31.589061737060547
    },
    {
      "high_freq": 392.3793640136719,
      "loudness": -17.785253524780273,
      "loudness_range": 8.397554397583008,
      "low_freq": 148.1999969482422,
      "mid_mean": -14.363138198852539,
      "mid_to_side_loudness": -12.808053016662598,
      "mid_to_side_loudness_range": 8.976089477539062,
      "side_mean": -27.181400299072266
    },
    {
      "high_freq": 794.6976318359375,
      "loudness": -23.360515594482422,
      "loudness_range": 9.948312759399414,
      "low_freq": 392.3793640136719,
      "mid_mean": -20.016239166259766,
      "mid_to_side_loudness": -11.676752090454102,
      "mid_to_side_loudness_range": 9.901504516601562,
      "side_mean": -31.70857048034668
    },
    {
      "high_freq": 1457.5709228515625,
      "loudness": -21.1597900390625,
      "loudness_range": 15.284690856933594,
      "low_freq": 794.6976318359375,
      "mid_mean": -17.824474334716797,
      "mid_to_side_loudness": -11.911186218261719,
      "mid_to_side_loudness_range": 10.482499122619629,
      "side_mean": -29.72422981262207
    },
    {
      "high_freq": 2549.74365234375,
      "loudness": -18.658870697021484,
      "loudness_range": 14.862920761108398,
      "low_freq": 1457.5709228515625,
      "mid_mean": -15.444101333618164,
      "mid_to_side_loudness": -10.376379013061523,
      "mid_to_side_loudness_range": 10.149240493774414,
      "side_mean": -25.817813873291016
    },
    {
      "high_freq": 4349.24462890625,
      "loudness": -20.472637176513672,
      "loudness_range": 10.2554292678833,
      "low_freq": 2549.74365234375,
      "mid_mean": -17.268159866333008,
      "mid_to_side_loudness": -9.824515342712402,
      "mid_to_side_loudness_range": 7.128674030303955,
      "side_mean": -27.070810317993164
    },
    {
      "high_freq": 7314.1640625,
      "loudness": -26.363439559936523,
      "loudness_range": 12.758523941040039,
      "low_freq": 4349.24462890625,
      "mid_mean": -23.00031089782715,
      "mid_to_side_loudness": -11.36475658416748,
      "mid_to_side_loudness_range": 7.328342437744141,
      "side_mean": -34.49041748046875
    },
    {
      "high_freq": 12199.2666015625,
      "loudness": -29.05243492126465,
      "loudness_range": 12.368202209472656,
      "low_freq": 7314.1640625,
      "mid_mean": -25.585710525512695,
      "mid_to_side_loudness": -12.820847511291504,
      "mid_to_side_loudness_range": 6.919119834899902,
      "side_mean": -38.50818634033203
    },
    {
      "loudness": -36.67320251464844,
      "loudness_range": 14.779956817626953,
      "low_freq": 12199.2666015625,
      "mid_mean": -33.307044982910156,
      "mid_to_side_loudness": -11.416876792907715,
      "mid_to_side_loudness_range": 6.090116500854492,
      "side_mean": -45.021236419677734
    }
  ],
  "bands_short": [
    {
      "high_freq": 148.1999969482422,
      "loudness": -20.428369522094727,
      "loudness_range": 18.78372573852539,
      "mid_mean": -16.86195182800293,
      "mid_to_side_loudness": -19.2767276763916,
      "mid_to_side_loudness_range": 22.398380279541016,
      "side_mean": -36.46308898925781
    },
    {
      "high_freq": 392.3793640136719,
      "loudness": -16.774158477783203,
      "loudness_range": 10.954265594482422,
      "low_freq": 148.1999969482422,
      "mid_mean": -13.337613105773926,
      "mid_to_side_loudness": -13.691546440124512,
      "mid_to_side_loudness_range": 12.36780071258545,
      "side_mean": -27.156030654907227
    },
    {
      "high_freq": 794.6976318359375,
      "loudness": -24.250564575195312,
      "loudness_range": 13.267324447631836,
      "low_freq": 392.3793640136719,
      "mid_mean": -21.045940399169922,
      "mid_to_side_loudness": -11.200765609741211,
      "mid_to_side_loudness_range": 13.344459533691406,
      "side_mean": -31.915334701538086
    },
    {
      "high_freq": 1457.5709228515625,
      "loudness": -22.48482894897461,
      "loudness_range": 18.453214645385742,
      "low_freq": 794.6976318359375,
      "mid_mean": -19.31844139099121,
      "mid_to_side_loudness": -11.061182022094727,
      "mid_to_side_loudness_range": 14.223125457763672,
      "side_mean": -30.110910415649414
    },
    {
      "high_freq": 2549.74365234375,
      "loudness": -19.878145217895508,
      "loudness_range": 18.51612091064453,
      "low_freq": 1457.5709228515625,
      "mid_mean": -16.755924224853516,
      "mid_to_side_loudness": -10.131502151489258,
      "mid_to_side_loudness_range": 12.43195629119873,
      "side_mean": -26.592330932617188
    },
    {
      "high_freq": 4349.24462890625,
      "loudness": -21.341243743896484,
      "loudness_range": 13.829817771911621,
      "low_freq": 2549.74365234375,
      "mid_mean": -18.21668815612793,
      "mid_to_side_loudness": -9.73939037322998,
      "mid_to_side_loudness_range": 9.616435050964355,
      "side_mean": -27.589155197143555
    },
    {
      "high_freq": 7314.1640625,
      "loudness": -28.03703498840332,
      "loudness_range": 18.12209701538086,
      "low_freq": 4349.24462890625,
      "mid_mean": -24.702054977416992,
      "mid_to_side_loudness": -11.281132698059082,
      "mid_to_side_loudness_range": 9.858150482177734,
      "side_mean": -35.8291130065918
    },
    {
      "high_freq": 12199.2666015625,
      "loudness": -31.26997947692871,
      "loudness_range": 20.006690979003906,
      "low_freq": 7314.1640625,
      "mid_mean": -27.855321884155273,
      "mid_to_side_loudness": -13.17892074584961,
      "mid_to_side_loudness_range": 9.921998023986816,
      "side_mean": -40.93810272216797
    },
    {
      "loudness": -39.96901321411133,
      "loudness_range": 24.1447696685791,
      "low_freq": 12199.2666015625,
      "mid_mean": -36.60980224609375,
      "mid_to_side_loudness": -12.092942237854004,
      "mid_to_side_loudness_range": 8.80088996887207,
      "side_mean": -49.52320098876953
    }
  ],
  "channels": 2,
  "covariance": [
    [
      13.472159385681152,
      3.292489528656006,
      1.5132242441177368,
      5.620336055755615,
      0.5857082605361938,
      3.621781349182129,
      3.1917459964752197,
      3.6997010707855225,
      4.221928119659424,
      5.293593406677246,
      2.1496565341949463,
      2.8094143867492676,
      -0.0017572635551914573,
      2.9740681648254395,
      1.4411978721618652,
      1.9736952781677246,
      0.7115936875343323,
      -0.05948071554303169
    ],
    [
      3.292489528656006,
      16.021804809570312,
      2.897494077682495,
      5.294169902801514,
      2.126443862915039,
      4.110969543457031,
      1.9111539125442505,
      2.3439831733703613,
      2.935548782348633,
      3.6751956939697266,
      1.1547702550888062,
      2.597870111465454,
      2.1351511478424072,
      4.272729396820068,
      -0.1534942090511322,
      2.201108694076538,
      1.0375185012817383,
      3.155111789703369
    ],
    [
      1.5132242441177368,
      2.897494077682495,
      11.751731872558594,
      6.5407280921936035,
      5.051397323608398,
      4.151054382324219,
      5.3274006843566895,
      4.656096935272217,
      5.329450607299805,
      4.834004878997803,
      3.5014986991882324,
      2.488492012023926,
      1.8736907243728638,
      3.8063886165618896,
      1.7586519718170166,
      1.1686432361602783,
      1.0793806314468384,
      1.6101809740066528
    ],
    [
      5.620336055755615,
      5.294169902801514,
      6.5407280921936035,
      12.617111206054688,
      4.209587097167969,
      8.358205795288086,
      5.487271785736084,
      7.456516742706299,
      6.515122413635254,
      8.534890174865723,
      4.189993858337402,
      6.0834197998046875,
      0.614883542060852,
      4.399570941925049,
      0.9232577681541443,
      1.722814679145813,
      0.7210969924926758,
      0.8879015445709229
    ],
    [
      0.5857082605361938,
      2.126443862915039,
      5.051397323608398,
      4.209587097167969,
      14.452225685119629,
      9.161761283874512,
      13.691946029663086,
      8.858296394348145,
      9.623422622680664,
      4.45282506942749,
      8.626273155212402,
      5.339475154876709,
      8.90975284576416,
      8.07824420928955,
      7.738248348236084,
      5.6807756423950195,
      7.141395568847656,
      7.004467964172363
    ],
    [
      3.621781349182129,
      4.110969543457031,
      4.151054382324219,
      8.358205795288086,
      9.161761283874512,
      16.90155792236328,
      11.600934028625488,
      14.10626220703125,
      10.005845069885254,
      9.355657577514648,
      8.281047821044922,
      10.043962478637695,
      5.4592485427856445,
      7.914531230926514,
      5.48501443862915,
      5.717741012573242,
      5.164071083068848,
      6.041456699371338
    ],
    [
      3.1917459964752197,
      1.9111539125442505,
      5.3274006843566895,
      5.487271785736084,
      13.691946029663086,
      11.600934028625488,
      31.830902099609375,
      22.11904525756836,
      19.92055892944336,
      8.459171295166016,
      12.906436920166016,
      9.804932594299316,
      14.798126220703125,
      15.625615119934082,
      12.550924301147461,
      12.785517692565918,
      13.720216751098633,
      14.073005676269531
    ],
    [
      3.6997010707855225,
      2.3439831733703613,
      4.656096935272217,
      7.456516742706299,
      8.858296394348145,
      14.10626220703125,
      22.11904525756836,
      27.54680061340332,
      15.822551727294922,
      10.544811248779297,
      12.42953872680664,
      12.767385482788086,
      13.111784934997559,
      14.848312377929688,
      10.855080604553223,
      12.4420166015625,
      12.776360511779785,
      13.491491317749023
    ],
    [
      4.221928119659424,
      2.935548782348633,
      5.329450607299805,
      6.515122413635254,
      9.623422622680664,
      10.005845069885254,
      19.92055892944336,
      15.822551727294922,
      24.481307983398438,
      12.826522827148438,
      12.66379165649414,
      10.540154457092285,
      11.972375869750977,
      15.071366310119629,
      9.373406410217285,
      10.39586353302002,
      11.173190116882324,
      11.81572151184082
    ],
    [
      5.293593406677246,
      3.6751956939697266,
      4.834004878997803,
      8.534890174865723,
      4.45282506942749,
      9.355657577514648,
      8.459171295166016,
      10.544811248779297,
      12.826522827148438,
      15.769725799560547,
      8.92849063873291,
      12.82592487335205,
      5.551021575927734,
      11.80538558959961,
      4.510700225830078,
      6.886793613433838,
      5.43487024307251,
      7.635624885559082
    ],
    [
      2.1496565341949463,
      1.1547702550888062,
      3.5014986991882324,
      4.189993858337402,
      8.626273155212402,
      8.281047821044922,
      12.906436920166016,
      12.42953872680664,
      12.66379165649414,
      8.92849063873291,
      15.476365089416504,
      12.151806831359863,
      13.464059829711914,
      13.962017059326172,
      11.004536628723145,
      11.037193298339844,
      11.44357967376709,
      12.765560150146484
    ],
    [
      2.8094143867492676,
      2.597870111465454,
      2.488492012023926,
      6.0834197998046875,
      5.339475154876709,
      10.043962478637695,
      9.804932594299316,
      12.767385482788086,
      10.540154457092285,
      12.82592487335205,
      12.151806831359863,
      16.554311752319336,
      9.775612831115723,
      14.157685279846191,
      7.799745082855225,
      10.591038703918457,
      8.729536056518555,
      11.950552940368652
    ],
    [
      -0.0017572635551914573,
      2.1351511478424072,
      1.8736907243728638,
      0.614883542060852,
      8.90975284576416,
      5.4592485427856445,
      14.798126220703125,
      13.111784934997559,
      11.972375869750977,
      5.551021575927734,
      13.464059829711914,
      9.775612831115723,
      24.73756217956543,
      19.92064666748047,
      17.64086151123047,
      17.85211181640625,
      19.95960807800293,
      21.23374366760254
    ],
    [
      2.9740681648254395,
      4.272729396820068,
      3.8063886165618896,
      4.399570941925049,
      8.07824420928955,
      7.914531230926514,
      15.625615119934082,
      14.848312377929688,
      15.071366310119629,
      11.80538558959961,
      13.962017059326172,
      14.157685279846191,
      19.92064666748047,
      25.529666900634766,
      15.705254554748535,
      19.858863830566406,
      18.7943058013916,
      23.370609283447266
    ],
    [
      1.4411978721618652,
      -0.1534942090511322,
      1.7586519718170166,
      0.9232577681541443,
      7.738248348236084,
      5.48501443862915,
      12.550924301147461,
      10.855080604553223,
      9.373406410217285,
      4.510700225830078,
      11.004536628723145,
      7.799745082855225,
      17.64086151123047,
      15.705254554748535,
      24.30323028564453,
      22.026582717895508,
      24.036540985107422,
      23.269699096679688
    ],
    [
      1.9736952781677246,
      2.201108694076538,
      1.1686432361602783,
      1.722814679145813,
      5.6807756423950195,
      5.717741012573242,
      12.785517692565918,
      12.4420166015625,
      10.39586353302002,
      6.886793613433838,
      11.037193298339844,
      10.591038703918457,
      17.85211181640625,
      19.858863830566406,
      22.026582717895508,
      26.44386100769043,
      24.350162506103516,
      28.046491622924805
    ],
    [
      0.7115936875343323,
      1.0375185012817383,
      1.0793806314468384,
      0.7210969924926758,
      7.141395568847656,
      5.164071083068848,
      13.720216751098633,
      12.776360511779785,
      11.173190116882324,
      5.43487024307251,
      11.44357967376709,
      8.729536056518555,
      19.95960807800293,
      18.7943058013916,
      24.036540985107422,
      24.350162506103516,
      33.77049255371094,
      30.909055709838867
    ],
    [
      -0.05948071554303169,
      3.155111789703369,
      1.6101809740066528,
      0.8879015445709229,
      7.004467964172363,
      6.041456699371338,
      14.073005676269531,
      13.491491317749023,
      11.81572151184082,
      7.635624885559082,
      12.765560150146484,
      11.950552940368652,
      21.23374366760254,
      23.370609283447266,
      23.269699096679688,
      28.046491622924805,
      30.909055709838867,
      36.31035614013672
    ]
  ],
  "covariance_short": [
    [
      45.25112533569336,
      10.242757797241211,
      8.566113471984863,
      7.815649032592773,
      5.264157772064209,
      5.204452037811279,
      10.514237403869629,
      8.519296646118164,
      11.467079162597656,
      7.324193954467773,
      10.394153594970703,
      7.339883327484131,
      16.37262725830078,
      15.650954246520996,
      15.035930633544922,
      17.33599853515625,
      18.63114356994629,
      22.399091720581055
    ],
    [
      10.242757797241211,
      34.29984664916992,
      1.7892552614212036,
      6.026874542236328,
      3.296015977859497,
      2.925713062286377,
      3.9157955646514893,
      3.566596508026123,
      5.2597198486328125,
      3.4035327434539795,
      3.3373119831085205,
      3.3723556995391846,
      6.772172927856445,
      7.536705493927002,
      4.680166721343994,
      8.149442672729492,
      5.61882209777832,
      10.89710521697998
    ],
    [
      8.566113471984863,
      1.7892552614212036,
      19.972074508666992,
      10.581626892089844,
      7.5477705001831055,
      6.3326263427734375,
      7.834645748138428,
      5.500593185424805,
      8.414361953735352,
      7.587597846984863,
      7.936503887176514,
      6.255103588104248,
      7.018884181976318,
      8.02674388885498,
      8.13553524017334,
      9.393218040466309,
      9.222569465637207,
      13.464345932006836
    ],
    [
      7.815649032592773,
      6.026874542236328,
      10.581626892089844,
      23.984500885009766,
      7.346348285675049,
      12.708694458007812,
      7.9274373054504395,
      9.52219009399414,
      11.907866477966309,
      13.717034339904785,
      8.862996101379395,
      10.764632225036621,
      5.406676769256592,
      10.169975280761719,
      5.812407493591309,
      9.346885681152344,
      7.154430389404297,
      12.838253021240234
    ],
    [
      5.264157772064209,
      3.296015977859497,
      7.5477705001831055,
      7.346348285675049,
      24.175212860107422,
      11.020614624023438,
      18.369590759277344,
      9.511337280273438,
      14.485017776489258,
      6.461685657501221,
      14.309586524963379,
      7.5782012939453125,
      16.35926055908203,
      13.065530776977539,
      16.049589157104492,
      13.251666069030762,
      17.342023849487305,
      21.72059440612793
    ],
    [
      5.204452037811279,
      2.925713062286377,
      6.3326263427734375,
      12.708694458007812,
      11.020614624023438,
      23.45218276977539,
      12.850650787353516,
      15.567975044250488,
      13.187464714050293,
      12.820141792297363,
      10.749126434326172,
      13.633545875549316,
      7.669436931610107,
      11.878313064575195,
      7.768410682678223,
      10.118476867675781,
      10.064397811889648,
      14.848535537719727
    ],
    [
      10.514237403869629,
      3.9157955646514893,
      7.834645748138428,
      7.9274373054504395,
      18.369590759277344,
      12.850650787353516,
      44.81559753417969,
      25.00986099243164,
      28.513011932373047,
      11.865697860717773,
      20.788076400756836,
      13.804301261901855,
      23.449928283691406,
      22.69590187072754,
      22.073949813842773,
      21.812232971191406,
      26.177688598632812,
      31.98599624633789
    ],
    [
      8.519296646118164,
      3.566596508026123,
      5.500593185424805,
      9.52219009399414,
      9.511337280273438,
      15.567975044250488,
      25.00986099243164,
      34.82954788208008,
      18.804574966430664,
      15.039528846740723,
      14.256104469299316,
      16.638710021972656,
      15.939295768737793,
      18.61147689819336,
      13.627004623413086,
      16.256729125976562,
      18.31099510192871,
      24.380399703979492
    ],
    [
      11.467079162597656,
      5.2597198486328125,
      8.414361953735352,
      11.907866477966309,
      14.485017776489258,
      13.187464714050293,
      28.513011932373047,
      18.804574966430664,
      40.25564193725586,
      21.417329788208008,
      22.845355987548828,
      17.79569435119629,
      21.97418975830078,
      24.499649047851562,
      18.488405227661133,
      20.506303787231445,
      22.155683517456055,
      31.22381591796875
    ],
    [
      7.324193954467773,
      3.4035327434539795,
      7.587597846984863,
      13.717034339904785,
      6.461685657501221,
      12.820141792297363,
      11.865697860717773,
      15.039528846740723,
      21.417329788208008,
      27.516225814819336,
      14.540813446044922,
      19.59942054748535,
      11.697501182556152,
      18.673015594482422,
      8.774105072021484,
      12.462177276611328,
      10.69437026977539,
      19.71042823791504
    ],
    [
      10.394153594970703,
      3.3373119831085205,
      7.936503887176514,
      8.862996101379395,
      14.309586524963379,
      10.749126434326172,
      20.788076400756836,
      14.256104469299316,
      22.845355987548828,
      14.540813446044922,
      28.828136444091797,
      19.314443588256836,
      24.40239715576172,
      24.20505142211914,
      21.844552993774414,
      21.1332950592041,
      23.17086410522461,
      29.099729537963867
    ],
    [
      7.339883327484131,
      3.3723556995391846,
      6.255103588104248,
      10.764632225036621,
      7.5782012939453125,
      13.633545875549316,
      13.804301261901855,
      16.638710021972656,
      17.79569435119629,
      19.59942054748535,
      19.314443588256836,
      26.7609806060791,
      14.687431335449219,
      21.803213119506836,
      11.921069145202637,
      15.79804801940918,
      14.109487533569336,
      21.621139526367188
    ],
    [
      16.37262725830078,
      6.772172927856445,
      7.018884181976318,
      5.406676769256592,
      16.35926055908203,
      7.669436931610107,
      23.449928283691406,
      15.939295768737793,
      21.97418975830078,
      11.697501182556152,
      24.40239715576172,
      14.687431335449219,
      45.43841552734375,
      34.193328857421875,
      37.144874572753906,
      33.41099166870117,
      41.05657958984375,
      46.22925567626953
    ],
    [
      15.650954246520996,
      7.536705493927002,
      8.02674388885498,
      10.169975280761719,
      13.065530776977539,
      11.878313064575195,
      22.69590187072754,
      18.61147689819336,
      24.499649047851562,
      18.673015594482422,
      24.20505142211914,
      21.803213119506836,
      34.193328857421875,
      40.913028717041016,
      28.564790725708008,
      33.48658752441406,
      33.668460845947266,
      43.76144790649414
    ],
    [
      15.035930633544922,
      4.680166721343994,
      8.13553524017334,
      5.812407493591309,
      16.049589157104492,
      7.768410682678223,
      22.073949813842773,
      13.627004623413086,
      18.488405227661133,
      8.774105072021484,
      21.844552993774414,
      11.921069145202637,
      37.144874572753906,
      28.564790725708008,
      51.16844177246094,
      41.232513427734375,
      52.72069549560547,
      48.88968276977539
    ],
    [
      17.33599853515625,
      8.149442672729492,
      9.393218040466309,
      9.346885681152344,
      13.251666069030762,
      10.118476867675781,
      21.812232971191406,
      16.256729125976562,
      20.506303787231445,
      12.462177276611328,
      21.1332950592041,
      15.79804801940918,
      33.41099166870117,
      33.48658752441406,
      41.232513427734375,
      48.04486083984375,
      47.91421127319336,
      51.832889556884766
    ],
    [
      18.63114356994629,
      5.61882209777832,
      9.222569465637207,
      7.154430389404297,
      17.342023849487305,
      10.064397811889648,
      26.177688598632812,
      18.31099510192871,
      22.155683517456055,
      10.69437026977539,
      23.17086410522461,
      14.109487533569336,
      41.05657958984375,
      33.668460845947266,
      52.72069549560547,
      47.91421127319336,
      70.201904296875,
      62.93612289428711
    ],
    [
      22.399091720581055,
      10.89710521697998,
      13.464345932006836,
      12.838253021240234,
      21.72059440612793,
      14.848535537719727,
      31.98599624633789,
      24.380399703979492,
      31.22381591796875,
      19.71042823791504,
      29.099729537963867,
      21.621139526367188,
      46.22925567626953,
      43.76144790649414,
      48.88968276977539,
      51.832889556884766,
      62.93612289428711,
      77.35321807861328
    ]
  ],
  "drr": 15.822574615478516,
  "dynamics": 2.4566171169281006,
  "format": 1245190,
  "frames": 7065600,
  "loudness": -6.811471462249756,
  "loudness_range": 6.283437728881836,
  "loudness_range_short": 9.040040016174316,
  "peak": 1.1348047256469727,
  "rms": -9.212589263916016,
  "sample_rate": 44100,
  "sections": 1,
  "seekable": 1,
  "sharpness": 2.976825714111328,
  "space": -12.65014362335205
}