{
  "bands": [
    {
      "high_freq": 148.1999969482422,
      "loudness": -22.044313430786133,
      "loudness_range": 5.801782608032227,
      "mid_mean": -18.4720458984375,
      "mid_to_side_loudness": -15.756549835205078,
      "mid_to_side_loudness_range": 8.171273231506348,
      "side_mean": -34.58742141723633
    },
    {
      "high_freq": 392.3793640136719,
      "loudness": -19.826383590698242,
      "loudness_range": 7.158085823059082,
      "low_freq": 148.1999969482422,
      "mid_mean": -16.598596572875977,
      "mid_to_side_loudness": -9.900618553161621,
      "mid_to_side_loudness_range": 7.22053337097168,
      "side_mean": -26.480051040649414
    },
    {
      "high_freq": 794.6976318359375,
      "loudness": -23.488365173339844,
      "loudness_range": 11.391021728515625,
      "low_freq": 392.3793640136719,
      "mid_mean": -20.369230270385742,
      "mid_to_side_loudness": -8.80875301361084,
      "mid_to_side_loudness_range": 7.67293643951416,
      "side_mean": -29.257373809814453
    },
    {
      "high_freq": 1457.5709228515625,
      "loudness": -26.927858352661133,
      "loudness_range": 14.714189529418945,
      "low_freq": 794.6976318359375,
      "mid_mean": -23.825654983520508,
      "mid_to_side_loudness": -9.091328620910645,
      "mid_to_side_loudness_range": 8.291650772094727,
      "side_mean": -32.925506591796875
    },
    {
      "high_freq": 2549.74365234375,
      "loudness": -27.95814323425293,
      "loudness_range": 14.039955139160156,
      "low_freq": 1457.5709228515625,
      "mid_mean": -25.028995513916016,
      "mid_to_side_loudness": -7.678081512451172,
      "mid_to_side_loudness_range": 7.122953414916992,
      "side_mean": -32.70726013183594
    },
    {
      "high_freq": 4349.24462890625,
      "loudness": -28.429405212402344,
      "loudness_range": 13.241735458374023,
      "low_freq": 2549.74365234375,
      "mid_mean": -25.602916717529297,
      "mid_to_side_loudness": -6.99385929107666,
      "mid_to_side_loudness_range": 6.729753494262695,
      "side_mean": -32.59956359863281
    },
    {
      "high_freq": 7314.1640625,
      "loudness": -29.47126007080078,
      "loudness_range": 12.075689315795898,
      "low_freq": 4349.24462890625,
      "mid_mean": -26.977298736572266,
      "mid_to_side_loudness": -5.211370944976807,
      "mid_to_side_loudness_range": 5.240106582641602,
      "side_mean": -32.190185546875
    },
    {
      "high_freq": 12199.2666015625,
      "loudness": -32.009830474853516,
      "loudness_range": 12.229734420776367,
      "low_freq": 7314.1640625,
      "mid_mean": -30.0153751373291,
      "mid_to_side_loudness": -3.365875482559204,
      "mid_to_side_loudness_range": 4.4720683097839355,
      "side_mean": -33.3828010559082
    },
    {
      "loudness": -38.024681091308594,
      "loudness_range": 10.042510986328125,
      "low_freq": 12199.2666015625,
      "mid_mean": -37.09331130981445,
      "mid_to_side_loudness": -0.613223135471344,
      "mid_to_side_loudness_range": 3.6845192909240723,
      "side_mean": -37.71255111694336
    }
  ],
  "bands_short": [
    {
      "high_freq": 148.1999969482422,
      "loudness": -25.899465560913086,
      "loudness_range": 11.276016235351562,
      "mid_mean": -22.383655548095703,
      "mid_to_side_loudness": -16.08548355102539,
      "mid_to_side_loudness_range": 15.274690628051758,
      "side_mean": -38.77119827270508
    },
    {
      "high_freq": 392.3793640136719,
      "loudness": -19.254566192626953,
      "loudness_range": 8.606181144714355,
      "low_freq": 148.1999969482422,
      "mid_mean": -15.99495792388916,
      "mid_to_side_loudness": -10.62944221496582,
      "mid_to_side_loudness_range": 9.772397994995117,
      "side_mean": -26.74620246887207
    },
    {
      "high_freq": 794.6976318359375,
      "loudness": -23.814790725708008,
      "loudness_range": 13.548852920532227,
      "low_freq": 392.3793640136719,
      "mid_mean": -20.7730770111084,
      "mid_to_side_loudness": -8.644875526428223,
      "mid_to_side_loudness_range": 11.222046852111816,
      "side_mean": -29.66323471069336
    },
    {
      "high_freq": 1457.5709228515625,
      "loudness": -27.53813362121582,
      "loudness_range": 17.120695114135742,
      "low_freq": 794.6976318359375,
      "mid_mean": -24.564619064331055,
      "mid_to_side_loudness": -8.769586563110352,
      "mid_to_side_loudness_range": 11.461288452148438,
      "side_mean": -33.33537292480469
    },
    {
      "high_freq": 2549.74365234375,
      "loudness": -28.65774917602539,
      "loudness_range": 15.66042709350586,
      "low_freq": 1457.5709228515625,
      "mid_mean": -25.851621627807617,
      "mid_to_side_loudness": -7.284059524536133,
      "mid_to_side_loudness_range": 9.037975311279297,
      "side_mean": -33.13491439819336
    },
    {
      "high_freq": 4349.24462890625,
      "loudness": -28.974687576293945,
      "loudness_range": 15.014719009399414,
      "low_freq": 2549.74365234375,
      "mid_mean": -26.288848876953125,
      "mid_to_side_loudness": -6.539444923400879,
      "mid_to_side_loudness_range": 8.5369873046875,
      "side_mean": -32.828189849853516
    },
    {
      "high_freq": 7314.1640625,
      "loudness": -30.417314529418945,
      "loudness_range": 15.366792678833008,
      "low_freq": 4349.24462890625,
      "mid_mean": -28.102537155151367,
      "mid_to_side_loudness": -4.723670482635498,
      "mid_to_side_loudness_range": 6.691350936889648,
      "side_mean": -32.824710845947266
    },
    {
      "high_freq": 12199.2666015625,
      "loudness": -33.31291961669922,
      "loudness_range": 16.4793643951416,
      "low_freq": 7314.1640625,
      "mid_mean": -31.45757293701172,
      "mid_to_side_loudness": -3.1206722259521484,
      "mid_to_side_loudness_range": 6.058468341827393,
      "side_mean": -34.5809326171875
    },
    {
      "loudness": -40.11015701293945,
      "loudness_range": 18.707630157470703,
      "low_freq": 12199.2666015625,
      "mid_mean": -39.23304748535156,
      "mid_to_side_loudness": -0.6360684633255005,
      "mid_to_side_loudness_range": 5.489952087402344,
      "side_mean": -39.86597442626953
    }
  ],
  "channels": 2,
  "covariance": [
    [
      7.206947326660156,
      3.7144930362701416,
      -0.5532113313674927,
      0.5146570205688477,
      -1.825857162475586,
      -1.7305212020874023,
      -1.5485973358154297,
      -1.2975544929504395,
      -2.45125412940979,
      -1.8974974155426025,
      -2.4453790187835693,
      -1.8130807876586914,
      -1.8268706798553467,
      -1.4078037738800049,
      -0.16371464729309082,
      0.06218981742858887,
      1.35032320022583,
      1.4330449104309082
    ],
    [
      3.7144930362701416,
      9.651416778564453,
      0.18780623376369476,
      1.2744933366775513,
      0.7642008066177368,
      0.6701048016548157,
      -2.4647762775421143,
      -2.802732229232788,
      -3.0614049434661865,
      -2.8880138397216797,
      -2.763916015625,
      -2.6316850185394287,
      -2.3520312309265137,
      -2.3696846961975098,
      -0.8407340049743652,
      -1.1129785776138306,
      0.9823090434074402,
      0.8451501727104187
    ],
    [
      -0.5532113313674927,
      0.18780623376369476,
      10.474748611450195,
      6.80245304107666,
      4.503590106964111,
      3.9926109313964844,
      2.1416163444519043,
      1.9094077348709106,
      3.3289644718170166,
      2.2419333457946777,
      4.229339122772217,
      3.2332897186279297,
      5.080024719238281,
      4.461986064910889,
      5.801023006439209,
      5.809619903564453,
      4.807871341705322,
      5.982723236083984
    ],
    [
      0.5146570205688477,
      1.2744933366775513,
      6.80245304107666,
      11.289491653442383,
      3.995182514190674,
      4.682991981506348,
      3.1428568363189697,
      2.9199962615966797,
      3.493004560470581,
      2.9628219604492188,
      3.616407632827759,
      3.322474956512451,
      3.879422426223755,
      3.649968147277832,
      4.557550430297852,
      4.765289783477783,
      4.145237922668457,
      5.182649612426758
    ],
    [
      -1.825857162475586,
      0.7642008066177368,
      4.503590106964111,
      3.995182514190674,
      25.257986068725586,
      22.608823776245117,
      13.967430114746094,
      11.563400268554688,
      12.34926986694336,
      9.722685813903809,
      12.52403450012207,
      9.74027156829834,
      11.693565368652344,
      10.091361999511719,
      13.892118453979492,
      11.861680030822754,
      12.983963012695312,
      13.452751159667969
    ],
    [
      -1.7305212020874023,
      0.6701048016548157,
      3.9926109313964844,
      4.682991981506348,
      22.608823776245117,
      28.010560989379883,
      15.42777156829834,
      15.322494506835938,
      13.129348754882812,
      12.967785835266113,
      12.754372596740723,
      11.77828311920166,
      11.435511589050293,
      10.751996040344238,
      15.062938690185547,
      13.511491775512695,
      15.06470012664795,
      15.558371543884277
    ],
    [
      -1.5485973358154297,
      -2.4647762775421143,
      2.1416163444519043,
      3.1428568363189697,
      13.967430114746094,
      15.42777156829834,
      27.434492111206055,
      22.525957107543945,
      17.48855209350586,
      16.101823806762695,
      14.152918815612793,
      13.474067687988281,
      11.243512153625488,
      11.078786849975586,
      9.181404113769531,
      8.836174011230469,
      7.447000980377197,
      8.522851943969727
    ],
    [
      -1.2975544929504395,
      -2.802732229232788,
      1.9094077348709106,
      2.9199962615966797,
      11.563400268554688,
      15.322494506835938,
      22.525957107543945,
      26.07585906982422,
      16.597929000854492,
      19.011465072631836,
      13.772005081176758,
      16.103639602661133,
      9.82888412475586,
      11.654718399047852,
      8.799089431762695,
      9.65705394744873,
      7.583924770355225,
      9.39261245727539
    ],
    [
      -2.45125412940979,
      -3.0614049434661865,
      3.3289644718170166,
      3.493004560470581,
      12.34926986694336,
      13.129348754882812,
      17.48855209350586,
      16.597929000854492,
      24.590221405029297,
      20.027729034423828,
      20.05975914001465,
      16.94707679748535,
      14.062274932861328,
      12.752020835876465,
      10.970108985900879,
      9.95440673828125,
      6.614964485168457,
      7.49939489364624
    ],
    [
      -1.8974974155426025,
      -2.8880138397216797,
      2.2419333457946777,
      2.9628219604492188,
      9.722685813903809,
      12.967785835266113,
      16.101823806762695,
      19.011465072631836,
      20.027729034423828,
      21.510944366455078,
      16.48402214050293,
      17.42858123779297,
      10.681731224060059,
      11.979597091674805,
      8.970108985900879,
      9.36470890045166,
      6.0161333084106445,
      7.392622947692871
    ],
    [
      -2.4453790187835693,
      -2.763916015625,
      4.229339122772217,
      3.616407632827759,
      12.52403450012207,
      12.754372596740723,
      14.152918815612793,
      13.772005081176758,
      20.05975914001465,
      16.48402214050293,
      22.403566360473633,
      17.422218322753906,
      15.524336814880371,
      13.637919425964355,
      12.241788864135742,
      10.982747077941895,
      7.945289134979248,
      8.952299118041992
    ],
    [
      -1.8130807876586914,
      -2.6316850185394287,
      3.2332897186279297,
      3.322474956512451,
      9.74027156829834,
      11.77828311920166,
      13.474067687988281,
      16.103639602661133,
      16.94707679748535,
      17.42858123779297,
      17.422218322753906,
      17.86294937133789,
      11.669301986694336,
      12.74252700805664,
      9.639145851135254,
      10.098651885986328,
      6.6988911628723145,
      8.47823715209961
    ],
    [
      -1.8268706798553467,
      -2.3520312309265137,
      5.080024719238281,
      3.879422426223755,
      11.693565368652344,
      11.435511589050293,
      11.243512153625488,
      9.82888412475586,
      14.062274932861328,
      10.681731224060059,
      15.524336814880371,
      11.669301986694336,
      19.52756690979004,
      16.073596954345703,
      16.348764419555664,
      14.18724536895752,
      10.684636116027832,
      11.040453910827637
    ],
    [
      -1.4078037738800049,
      -2.3696846961975098,
      4.461986064910889,
      3.649968147277832,
      10.091361999511719,
      10.751996040344238,
      11.078786849975586,
      11.654718399047852,
      12.752020835876465,
      11.979597091674805,
      13.637919425964355,
      12.74252700805664,
      16.073596954345703,
      15.861679077148438,
      14.00218391418457,
      13.598615646362305,
      9.520045280456543,
      10.71357250213623
    ],
    [
      -0.16371464729309082,
      -0.8407340049743652,
      5.801023006439209,
      4.557550430297852,
      13.892118453979492,
      15.062938690185547,
      9.181404113769531,
      8.799089431762695,
      10.970108985900879,
      8.970108985900879,
      12.241788864135742,
      9.639145851135254,
      16.348764419555664,
      14.00218391418457,
      22.010692596435547,
      18.677688598632812,
      17.504911422729492,
      17.050981521606445
    ],
    [
      0.06218981742858887,
      -1.1129785776138306,
      5.809619903564453,
      4.765289783477783,
      11.861680030822754,
      13.511491775512695,
      8.836174011230469,
      9.65705394744873,
      9.95440673828125,
      9.36470890045166,
      10.982747077941895,
      10.098651885986328,
      14.18724536895752,
      13.598615646362305,
      18.677688598632812,
      18.03445053100586,
      15.962909698486328,
      16.702043533325195
    ],
    [
      1.35032320022583,
      0.9823090434074402,
      4.807871341705322,
      4.145237922668457,
      12.983963012695312,
      15.06470012664795,
      7.447000980377197,
      7.583924770355225,
      6.614964485168457,
      6.0161333084106445,
      7.945289134979248,
      6.6988911628723145,
      10.684636116027832,
      9.520045280456543,
      17.504911422729492,
      15.962909698486328,
      20.68987464904785,
      19.730573654174805
    ],
    [
      1.4330449104309082,
      0.8451501727104187,
      5.982723236083984,
      5.182649612426758,
      13.452751159667969,
      15.558371543884277,
      8.522851943969727,
      9.39261245727539,
      7.49939489364624,
      7.392622947692871,
      8.952299118041992,
      8.47823715209961,
      11.040453910827637,
      10.71357250213623,
      17.050981521606445,
      16.702043533325195,
      19.730573654174805,
      21.098838806152344
    ]
  ],
  "covariance_short": [
    [
      21.140295028686523,
      5.7125420570373535,
      1.2132530212402344,
      0.6571083068847656,
      -0.9033879041671753,
      -1.172028660774231,
      -1.5238028764724731,
      -1.1798359155654907,
      -1.413183331489563,
      -1.544318675994873,
      -0.6547989249229431,
      -1.4499726295471191,
      0.970443069934845,
      0.05126584693789482,
      2.764636278152466,
      2.290555715560913,
      4.681851863861084,
      4.776094436645508
    ],
    [
      5.7125420570373535,
      21.562705993652344,
      1.1756908893585205,
      2.9607512950897217,
      2.486605167388916,
      2.360743284225464,
      -0.6141896843910217,
      -1.7211086750030518,
      -1.1209739446640015,
      -1.6640353202819824,
      -1.1099579334259033,
      -1.5577723979949951,
      -0.5439848899841309,
      -0.8519895076751709,
      0.8920949101448059,
      0.6253728270530701,
      2.371112585067749,
      2.4263596534729004
    ],
    [
      1.2132530212402344,
      1.1756908893585205,
      10.908506393432617,
      6.253720760345459,
      4.342106342315674,
      3.0594675540924072,
      2.664166212081909,
      1.6095528602600098,
      3.2385470867156982,
      1.7524219751358032,
      4.691911220550537,
      3.0266358852386475,
      6.027472019195557,
      4.888795852661133,
      7.044217109680176,
      6.828948974609375,
      7.247499465942383,
      8.189535140991211
    ],
    [
      0.6571083068847656,
      2.9607512950897217,
      6.253720760345459,
      13.952115058898926,
      4.65486478805542,
      4.905255317687988,
      3.3833274841308594,
      2.6530213356018066,
      3.4787068367004395,
      2.7616419792175293,
      4.038120269775391,
      3.340348720550537,
      4.435630798339844,
      4.024800777435303,
      5.274439811706543,
      5.4004082679748535,
      5.31022834777832,
      6.254536151885986
    ],
    [
      -0.9033879041671753,
      2.486605167388916,
      4.342106342315674,
      4.65486478805542,
      31.607208251953125,
      23.154178619384766,
      15.625767707824707,
      11.502915382385254,
      14.197505950927734,
      9.998883247375488,
      14.751151084899902,
      10.46582317352295,
      13.99026107788086,
      11.246788024902344,
      16.07634925842285,
      13.560953140258789,
      15.126701354980469,
      15.476659774780273
    ],
    [
      -1.172028660774231,
      2.360743284225464,
      3.0594675540924072,
      4.905255317687988,
      23.154178619384766,
      32.507484436035156,
      16.367948532104492,
      14.804883003234863,
      13.584874153137207,
      11.95028305053711,
      13.48740291595459,
      11.424551963806152,
      12.89356517791748,
      11.104325294494629,
      16.419618606567383,
      14.24740982055664,
      16.755266189575195,
      17.143157958984375
    ],
    [
      -1.5238028764724731,
      -0.6141896843910217,
      2.664166212081909,
      3.3833274841308594,
      15.625767707824707,
      16.367948532104492,
      36.142494201660156,
      26.28777503967285,
      21.981510162353516,
      18.62487030029297,
      19.13943862915039,
      16.365341186523438,
      16.770017623901367,
      14.8400239944458,
      14.996743202209473,
      13.880743980407715,
      13.791393280029297,
      15.149749755859375
    ],
    [
      -1.1798359155654907,
      -1.7211086750030518,
      1.6095528602600098,
      2.6530213356018066,
      11.502915382385254,
      14.804883003234863,
      26.28777503967285,
      32.18739318847656,
      19.117101669311523,
      21.203357696533203,
      16.69748878479004,
      18.39708709716797,
      13.708036422729492,
      14.65339183807373,
      13.1324462890625,
      13.593094825744629,
      13.091119766235352,
      15.172101020812988
    ],
    [
      -1.413183331489563,
      -1.1209739446640015,
      3.2385470867156982,
      3.4787068367004395,
      14.197505950927734,
      13.584874153137207,
      21.981510162353516,
      19.117101669311523,
      30.869873046875,
      22.575674057006836,
      25.357852935791016,
      19.489715576171875,
      20.055408477783203,
      16.44506072998047,
      16.91936683654785,
      14.692822456359863,
      13.15594482421875,
      13.969741821289062
    ],
    [
      -1.544318675994873,
      -1.6640353202819824,
      1.7524219751358032,
      2.7616419792175293,
      9.998883247375488,
      11.95028305053711,
      18.62487030029297,
      21.203357696533203,
      22.575674057006836,
      24.631711959838867,
      19.2950439453125,
      19.304954528808594,
      14.592543601989746,
      14.741233825683594,
      13.09429931640625,
      12.869966506958008,
      11.001150131225586,
      12.495823860168457
    ],
    [
      -0.6547989249229431,
      -1.1099579334259033,
      4.691911220550537,
      4.038120269775391,
      14.751151084899902,
      13.48740291595459,
      19.13943862915039,
      16.69748878479004,
      25.357852935791016,
      19.2950439453125,
      30.29937171936035,
      21.230838775634766,
      23.591630935668945,
      18.64112663269043,
      19.863628387451172,
      16.861019134521484,
      15.543891906738281,
      16.3463134765625
    ],
    [
      -1.4499726295471191,
      -1.5577723979949951,
      3.0266358852386475,
      3.340348720550537,
      10.46582317352295,
      11.424551963806152,
      16.365341186523438,
      18.39708709716797,
      19.489715576171875,
      19.304954528808594,
      21.230838775634766,
      21.226383209228516,
      16.781818389892578,
      16.506206512451172,
      15.080180168151855,
      14.736787796020508,
      12.783080101013184,
      14.696920394897461
    ],
    [
      0.970443069934845,
      -0.5439848899841309,
      6.027472019195557,
      4.435630798339844,
      13.99026107788086,
      12.89356517791748,
      16.770017623901367,
      13.708036422729492,
      20.055408477783203,
      14.592543601989746,
      23.591630935668945,
      16.781818389892578,
      31.974956512451172,
      24.342288970947266,
      28.539426803588867,
      24.0098819732666,
      22.37090301513672,
      22.12281608581543
    ],
    [
      0.05126584693789482,
      -0.8519895076751709,
      4.888795852661133,
      4.024800777435303,
      11.246788024902344,
      11.104325294494629,
      14.8400239944458,
      14.65339183807373,
      16.44506072998047,
      14.741233825683594,
      18.64112663269043,
      16.506206512451172,
      24.342288970947266,
      22.953210830688477,
      22.784475326538086,
      21.644886016845703,
      18.566444396972656,
      19.907743453979492
    ],
    [
      2.764636278152466,
      0.8920949101448059,
      7.044217109680176,
      5.274439811706543,
      16.07634925842285,
      16.419618606567383,
      14.996743202209473,
      13.1324462890625,
      16.91936683654785,
      13.09429931640625,
      19.863628387451172,
      15.080180168151855,
      28.539426803588867,
      22.784475326538086,
      37.840049743652344,
      31.486106872558594,
      33.62617874145508,
      32.19022750854492
    ],
    [
      2.290555715560913,
      0.6253728270530701,
      6.828948974609375,
      5.4004082679748535,
      13.560953140258789,
      14.24740982055664,
      13.880743980407715,
      13.593094825744629,
      14.692822456359863,
      12.869966506958008,
      16.861019134521484,
      14.736787796020508,
      24.0098819732666,
      21.644886016845703,
      31.486106872558594,
      30.480026245117188,
      30.323036193847656,
      31.38628387451172
    ],
    [
      4.681851863861084,
      2.371112585067749,
      7.247499465942383,
      5.31022834777832,
      15.126701354980469,
      16.755266189575195,
      13.791393280029297,
      13.091119766235352,
      13.15594482421875,
      11.001150131225586,
      15.543891906738281,
      12.783080101013184,
      22.37090301513672,
      18.566444396972656,
      33.62617874145508,
      30.323036193847656,
      43.059669494628906,
      40.94972610473633
    ],
    [
      4.776094436645508,
      2.4263596534729004,
      8.189535140991211,
      6.254536151885986,
      15.476659774780273,
      17.143157958984375,
      15.149749755859375,
      15.172101020812988,
      13.969741821289062,
      12.495823860168457,
      16.3463134765625,
      14.696920394897461,
      22.12281608581543,
      19.907743453979492,
      32.19022750854492,
      31.38628387451172,
      40.94972610473633,
      43.7496223449707
    ]
  ],
  "drr": 14.953330993652344,
  "dynamics": 2.4220151901245117,
  "format": 1245190,
  "frames": 12300288,
  "loudness": -11.569597244262695,
  "loudness_range": 5.732479095458984,
  "loudness_range_short": 8.129980087280273,
  "peak": 0.21946901082992554,
  "rms": -13.828241348266602,
  "sample_rate": 44100,
  "sections": 1,
  "seekable": 1,
  "sharpness": 2.0873630046844482,
  "space": -9.256814956665039
}