{
  "bands": [
    {
      "high_freq": 148.1999969482422,
      "loudness": -41.069732666015625,
      "loudness_range": 23.373741149902344,
      "mid_mean": -39.842533111572266,
      "mid_to_side_loudness": -1.8079277276992798,
      "mid_to_side_loudness_range": 6.548902988433838,
      "side_mean": -41.24974060058594
    },
    {
      "high_freq": 392.3793640136719,
      "loudness": -35.11430740356445,
      "loudness_range": 18.048948287963867,
      "low_freq": 148.1999969482422,
      "mid_mean": -32.46333312988281,
      "mid_to_side_loudness": -7.234530448913574,
      "mid_to_side_loudness_range": 12.820464134216309,
      "side_mean": -39.580162048339844
    },
    {
      "high_freq": 794.6976318359375,
      "loudness": -36.51487350463867,
      "loudness_range": 23.548303604125977,
      "low_freq": 392.3793640136719,
      "mid_mean": -33.097599029541016,
      "mid_to_side_loudness": -14.726253509521484,
      "mid_to_side_loudness_range": 15.523910522460938,
      "side_mean": -48.030311584472656
    },
    {
      "high_freq": 1457.5709228515625,
      "loudness": -45.60199737548828,
      "loudness_range": 27.794179916381836,
      "low_freq": 794.6976318359375,
      "mid_mean": -42.2387809753418,
      "mid_to_side_loudness": -13.316995620727539,
      "mid_to_side_loudness_range": 13.19586181640625,
      "side_mean": -55.57183837890625
    },
    {
      "high_freq": 2549.74365234375,
      "loudness": -49.0869255065918,
      "loudness_range": 24.723453521728516,
      "low_freq": 1457.5709228515625,
      "mid_mean": -46.02347183227539,
      "mid_to_side_loudness": -9.880376815795898,
      "mid_to_side_loudness_range": 11.14748764038086,
      "side_mean": -55.97954177856445
    },
    {
      "high_freq": 4349.24462890625,
      "loudness": -56.47962951660156,
      "loudness_range": 17.796741485595703,
      "low_freq": 2549.74365234375,
      "mid_mean": -55.302207946777344,
      "mid_to_side_loudness": -2.391366958618164,
      "mid_to_side_loudness_range": 5.790614604949951,
      "side_mean": -57.422576904296875
    },
    {
      "high_freq": 7314.1640625,
      "loudness": -57.4230842590332,
      "loudness_range": 17.24468231201172,
      "low_freq": 4349.24462890625,
      "mid_mean": -57.25275802612305,
      "mid_to_side_loudness": -0.2660949230194092,
      "mid_to_side_loudness_range": 0.5383588075637817,
      "side_mean": -57.484039306640625
    },
    {
      "high_freq": 12199.2666015625,
      "loudness": -60.864219665527344,
      "loudness_range": 22.44293212890625,
      "low_freq": 7314.1640625,
      "mid_mean": -59.169071197509766,
      "mid_to_side_loudness": 0.21625058352947235,
      "mid_to_side_loudness_range": 0.6808648705482483,
      "side_mean": -58.979156494140625
    },
    {
      "loudness": -64.12593078613281,
      "loudness_range": 19.730510711669922,
      "low_freq": 12199.2666015625,
      "mid_mean": -62.198272705078125,
      "mid_to_side_loudness": 0.4334636926651001,
      "mid_to_side_loudness_range": 0.658578634262085,
      "side_mean": -61.84829330444336
    }
  ],
  "bands_short": [
    {
      "high_freq": 148.1999969482422,
      "loudness": -45.43244171142578,
      "loudness_range": 28.538707733154297,
      "mid_mean": -44.367637634277344,
      "mid_to_side_loudness": -2.069596767425537,
      "mid_to_side_loudness_range": 10.531777381896973,
      "side_mean": -46.110652923583984
    },
    {
      "high_freq": 392.3793640136719,
      "loudness": -36.083824157714844,
      "loudness_range": 19.33913803100586,
      "low_freq": 148.1999969482422,
      "mid_mean": -33.73300552368164,
      "mid_to_side_loudness": -6.085284233093262,
      "mid_to_side_loudness_range": 13.330741882324219,
      "side_mean": -39.53172302246094
    },
    {
      "high_freq": 794.6976318359375,
      "loudness": -37.26245880126953,
      "loudness_range": 24.560283660888672,
      "low_freq": 392.3793640136719,
      "mid_mean": -33.921634674072266,
      "mid_to_side_loudness": -13.718192100524902,
      "mid_to_side_loudness_range": 17.896120071411133,
      "side_mean": -47.92337417602539
    },
    {
      "high_freq": 1457.5709228515625,
      "loudness": -46.39816665649414,
      "loudness_range": 28.83258056640625,
      "low_freq": 794.6976318359375,
      "mid_mean": -43.15885925292969,
      "mid_to_side_loudness": -12.79315185546875,
      "mid_to_side_loudness_range": 14.350404739379883,
      "side_mean": -55.85786437988281
    },
    {
      "high_freq": 2549.74365234375,
      "loudness": -50.32792663574219,
      "loudness_range": 26.53313446044922,
      "low_freq": 1457.5709228515625,
      "mid_mean": -47.3817024230957,
      "mid_to_side_loudness": -9.883732795715332,
      "mid_to_side_loudness_range": 12.51777458190918,
      "side_mean": -57.10737991333008
    },
    {
      "high_freq": 4349.24462890625,
      "loudness": -57.58137893676758,
      "loudness_range": 19.414505004882812,
      "low_freq": 2549.74365234375,
      "mid_mean": -56.162818908691406,
      "mid_to_side_loudness": -2.527010679244995,
      "mid_to_side_loudness_range": 6.635441303253174,
      "side_mean": -58.37215805053711
    },
    {
      "high_freq": 7314.1640625,
      "loudness": -59.013458251953125,
      "loudness_range": 18.098834991455078,
      "low_freq": 4349.24462890625,
      "mid_mean": -58.429866790771484,
      "mid_to_side_loudness": -0.2860097885131836,
      "mid_to_side_loudness_range": 1.1540793180465698,
      "side_mean": -58.67595291137695
    },
    {
      "high_freq": 12199.2666015625,
      "loudness": -62.09311294555664,
      "loudness_range": 23.1768798828125,
      "low_freq": 7314.1640625,
      "mid_mean": -60.188377380371094,
      "mid_to_side_loudness": 0.21791116893291473,
      "mid_to_side_loudness_range": 1.341768741607666,
      "side_mean": -60.00363540649414
    },
    {
      "loudness": -65.5788803100586,
      "loudness_range": 18.727767944335938,
      "low_freq": 12199.2666015625,
      "mid_mean": -63.2996711730957,
      "mid_to_side_loudness": 0.40096381306648254,
      "mid_to_side_loudness_range": 1.1717994213104248,
      "side_mean": -62.99368667602539
    }
  ],
  "channels": 2,
  "covariance": [
    [
      63.69430923461914,
      61.239532470703125,
      23.86383056640625,
      33.164581298828125,
      14.041688919067383,
      19.577022552490234,
      18.918725967407227,
      22.706830978393555,
      18.868043899536133,
      19.18973159790039,
      18.09137535095215,
      15.496492385864258,
      15.541144371032715,
      15.412941932678223,
      15.976963996887207,
      16.177967071533203,
      12.544029235839844,
      12.974329948425293
    ],
    [
      61.239532470703125,
      67.93746948242188,
      20.52696418762207,
      29.706117630004883,
      10.765085220336914,
      17.516817092895508,
      15.886439323425293,
      19.6773681640625,
      16.08539581298828,
      15.993887901306152,
      15.73640251159668,
      13.97187614440918,
      14.343226432800293,
      14.240760803222656,
      15.394927024841309,
      15.602436065673828,
      12.540931701660156,
      12.965370178222656
    ],
    [
      23.86383056640625,
      20.52696418762207,
      43.03582763671875,
      35.21099853515625,
      34.3453483581543,
      26.87790870666504,
      39.90824508666992,
      31.53904151916504,
      40.38173294067383,
      30.85782241821289,
      26.49786949157715,
      20.31995964050293,
      19.166078567504883,
      18.864208221435547,
      16.966405868530273,
      17.22751808166504,
      12.283146858215332,
      12.650144577026367
    ],
    [
      33.164581298828125,
      29.706117630004883,
      35.21099853515625,
      48.17796325683594,
      23.18351936340332,
      23.528858184814453,
      28.542036056518555,
      27.399869918823242,
      28.569379806518555,
      24.491294860839844,
      21.13166618347168,
      17.37848663330078,
      17.032333374023438,
      16.81345558166504,
      15.487565994262695,
      15.725866317749023,
      11.345226287841797,
      11.688457489013672
    ],
    [
      14.041688919067383,
      10.765085220336914,
      34.3453483581543,
      23.18351936340332,
      70.49263000488281,
      44.469146728515625,
      56.799224853515625,
      39.13819122314453,
      60.574623107910156,
      41.840702056884766,
      34.4783821105957,
      23.879018783569336,
      20.641298294067383,
      20.177881240844727,
      16.901500701904297,
      17.217811584472656,
      12.110382080078125,
      12.411600112915039
    ],
    [
      19.577022552490234,
      17.516817092895508,
      26.87790870666504,
      23.528858184814453,
      44.469146728515625,
      43.59634017944336,
      41.14741134643555,
      34.67512893676758,
      43.172080993652344,
      34.78474426269531,
      30.6085147857666,
      23.4934139251709,
      21.47504234313965,
      21.12232780456543,
      18.437911987304688,
      18.689498901367188,
      13.221145629882812,
      13.55526065826416
    ],
    [
      18.918725967407227,
      15.886439323425293,
      39.90824508666992,
      28.542036056518555,
      56.799224853515625,
      41.14741134643555,
      87.23035430908203,
      59.2448844909668,
      72.46707916259766,
      52.087257385253906,
      46.41012191772461,
      33.43372344970703,
      29.55760955810547,
      28.94964027404785,
      25.26150894165039,
      25.6380672454834,
      18.20607566833496,
      18.60767364501953
    ],
    [
      22.706830978393555,
      19.6773681640625,
      31.53904151916504,
      27.399869918823242,
      39.13819122314453,
      34.67512893676758,
      59.2448844909668,
      52.967491149902344,
      52.139129638671875,
      46.00470733642578,
      43.70308303833008,
      35.247066497802734,
      33.47852325439453,
      32.94364929199219,
      28.350231170654297,
      28.760709762573242,
      20.419878005981445,
      20.943334579467773
    ],
    [
      18.868043899536133,
      16.08539581298828,
      40.38173294067383,
      28.569379806518555,
      60.574623107910156,
      43.172080993652344,
      72.46707916259766,
      52.139129638671875,
      78.5638198852539,
      55.23525619506836,
      45.55512619018555,
      33.26552200317383,
      29.802364349365234,
      29.173389434814453,
      25.04806137084961,
      25.432239532470703,
      18.146554946899414,
      18.566829681396484
    ],
    [
      19.18973159790039,
      15.993887901306152,
      30.85782241821289,
      24.491294860839844,
      41.840702056884766,
      34.78474426269531,
      52.087257385253906,
      46.00470733642578,
      55.23525619506836,
      48.558284759521484,
      44.291202545166016,
      35.79633331298828,
      33.81996536254883,
      33.24653625488281,
      28.154146194458008,
      28.554275512695312,
      19.86604118347168,
      20.407773971557617
    ],
    [
      18.09137535095215,
      15.73640251159668,
      26.49786949157715,
      21.13166618347168,
      34.4783821105957,
      30.6085147857666,
      46.41012191772461,
      43.70308303833008,
      45.55512619018555,
      44.291202545166016,
      47.81331253051758,
      39.81760025024414,
      38.33472442626953,
      37.72184371948242,
      32.301849365234375,
      32.747535705566406,
      22.885866165161133,
      23.55084228515625
    ],
    [
      15.496492385864258,
      13.97187614440918,
      20.31995964050293,
      17.37848663330078,
      23.879018783569336,
      23.4934139251709,
      33.43372344970703,
      35.247066497802734,
      33.26552200317383,
      35.79633331298828,
      39.81760025024414,
      36.35037612915039,
      36.962158203125,
      36.511356353759766,
      31.14530372619629,
      31.543981552124023,
      22.303817749023438,
      22.955432891845703
    ],
    [
      15.541144371032715,
      14.343226432800293,
      19.166078567504883,
      17.032333374023438,
      20.641298294067383,
      21.47504234313965,
      29.55760955810547,
      33.47852325439453,
      29.802364349365234,
      33.81996536254883,
      38.33472442626953,
      36.962158203125,
      40.79584503173828,
      40.393611907958984,
      35.10169219970703,
      35.57959747314453,
      26.549030303955078,
      27.32924461364746
    ],
    [
      15.412941932678223,
      14.240760803222656,
      18.864208221435547,
      16.81345558166504,
      20.177881240844727,
      21.12232780456543,
      28.94964027404785,
      32.94364929199219,
      29.173389434814453,
      33.24653625488281,
      37.72184371948242,
      36.511356353759766,
      40.393611907958984,
      40.032554626464844,
      34.82874298095703,
      35.29853439331055,
      26.37356185913086,
      27.14567756652832
    ],
    [
      15.976963996887207,
      15.394927024841309,
      16.966405868530273,
      15.487565994262695,
      16.901500701904297,
      18.437911987304688,
      25.26150894165039,
      28.350231170654297,
      25.04806137084961,
      28.154146194458008,
      32.301849365234375,
      31.14530372619629,
      35.10169219970703,
      34.82874298095703,
      33.18836212158203,
      33.57390594482422,
      26.261140823364258,
      27.049196243286133
    ],
    [
      16.177967071533203,
      15.602436065673828,
      17.22751808166504,
      15.725866317749023,
      17.217811584472656,
      18.689498901367188,
      25.6380672454834,
      28.760709762573242,
      25.432239532470703,
      28.554275512695312,
      32.747535705566406,
      31.543981552124023,
      35.57959747314453,
      35.29853439331055,
      33.57390594482422,
      34.00288772583008,
      26.59661865234375,
      27.402639389038086
    ],
    [
      12.544029235839844,
      12.540931701660156,
      12.283146858215332,
      11.345226287841797,
      12.110382080078125,
      13.221145629882812,
      18.20607566833496,
      20.419878005981445,
      18.146554946899414,
      19.86604118347168,
      22.885866165161133,
      22.303817749023438,
      26.549030303955078,
      26.37356185913086,
      26.261140823364258,
      26.59661865234375,
      24.49705696105957,
      25.150287628173828
    ],
    [
      12.974329948425293,
      12.965370178222656,
      12.650144577026367,
      11.688457489013672,
      12.411600112915039,
      13.55526065826416,
      18.60767364501953,
      20.943334579467773,
      18.566829681396484,
      20.407773971557617,
      23.55084228515625,
      22.955432891845703,
      27.32924461364746,
      27.14567756652832,
      27.049196243286133,
      27.402639389038086,
      25.150287628173828,
      25.84844207763672
    ]
  ],
  "covariance_short": [
    [
      93.02729034423828,
      88.0809326171875,
      32.400634765625,
      41.47353744506836,
      16.111371994018555,
      23.046445846557617,
      19.663394927978516,
      22.310033798217773,
      21.896732330322266,
      21.094913482666016,
      19.753582000732422,
      16.52083969116211,
      15.832235336303711,
      15.683174133300781,
      16.40186309814453,
      16.647375106811523,
      12.928764343261719,
      13.362009048461914
    ],
    [
      88.0809326171875,
      101.598388671875,
      31.920053482055664,
      42.73195266723633,
      13.643134117126465,
      22.490795135498047,
      17.022443771362305,
      20.842823028564453,
      19.830636978149414,
      19.678590774536133,
      19.03151512145996,
      16.571500778198242,
      16.442874908447266,
      16.31224250793457,
      17.171911239624023,
      17.44025993347168,
      13.922788619995117,
      14.378545761108398
    ],
    [
      32.400634765625,
      31.920053482055664,
      46.26119613647461,
      37.355186462402344,
      34.592193603515625,
      29.14796257019043,
      39.86760330200195,
      32.93106460571289,
      41.0356559753418,
      29.977306365966797,
      25.746118545532227,
      18.703937530517578,
      16.361862182617188,
      16.0195255279541,
      14.65921688079834,
      14.940876007080078,
      10.152322769165039,
      10.50579833984375
    ],
    [
      41.47353744506836,
      42.73195266723633,
      37.355186462402344,
      53.17239761352539,
      21.45396614074707,
      25.988201141357422,
      26.579660415649414,
      26.98691749572754,
      26.456180572509766,
      21.697160720825195,
      18.930158615112305,
      14.94155502319336,
      14.142366409301758,
      13.956891059875488,
      13.488626480102539,
      13.737319946289062,
      9.707284927368164,
      10.033449172973633
    ],
    [
      16.111371994018555,
      13.643134117126465,
      34.592193603515625,
      21.45396614074707,
      75.8454360961914,
      44.09542465209961,
      60.00323486328125,
      41.17667770385742,
      64.58433532714844,
      42.76923751831055,
      34.482513427734375,
      22.53145408630371,
      17.22114372253418,
      16.653278350830078,
      14.064847946166992,
      14.42277717590332,
      9.740002632141113,
      10.046923637390137
    ],
    [
      23.046445846557617,
      22.490795135498047,
      29.14796257019043,
      25.988201141357422,
      44.09542465209961,
      46.914093017578125,
      40.193511962890625,
      35.04884719848633,
      42.453834533691406,
      32.816307067871094,
      28.72504234313965,
      21.387357711791992,
      18.32823371887207,
      17.95622444152832,
      15.881387710571289,
      16.120893478393555,
      11.000011444091797,
      11.323801040649414
    ],
    [
      19.663394927978516,
      17.022443771362305,
      39.86760330200195,
      26.579660415649414,
      60.00323486328125,
      40.193511962890625,
      97.0140609741211,
      66.43514251708984,
      79.35031127929688,
      54.6921501159668,
      47.345611572265625,
      32.068355560302734,
      25.624914169311523,
      24.791667938232422,
      21.533811569213867,
      22.006444931030273,
      14.331979751586914,
      14.708141326904297
    ],
    [
      22.310033798217773,
      20.842823028564453,
      32.93106460571289,
      26.98691749572754,
      41.17667770385742,
      35.04884719848633,
      66.43514251708984,
      60.585453033447266,
      57.719810485839844,
      47.449668884277344,
      43.835086822509766,
      33.67842483520508,
      29.884952545166016,
      29.203737258911133,
      25.296688079833984,
      25.745698928833008,
      17.297088623046875,
      17.798891067504883
    ],
    [
      21.896732330322266,
      19.830636978149414,
      41.0356559753418,
      26.456180572509766,
      64.58433532714844,
      42.453834533691406,
      79.35031127929688,
      57.719810485839844,
      88.17740631103516,
      59.629798889160156,
      48.002662658691406,
      33.062564849853516,
      26.818771362304688,
      26.00251579284668,
      22.086332321166992,
      22.54521942138672,
      14.951295852661133,
      15.380189895629883
    ],
    [
      21.094913482666016,
      19.678590774536133,
      29.977306365966797,
      21.697160720825195,
      42.76923751831055,
      32.816307067871094,
      54.6921501159668,
      47.449668884277344,
      59.629798889160156,
      50.334659576416016,
      44.60847091674805,
      34.681304931640625,
      30.76368522644043,
      30.087984085083008,
      25.65813446044922,
      26.128252029418945,
      17.638137817382812,
      18.20193862915039
    ],
    [
      19.753582000732422,
      19.03151512145996,
      25.746118545532227,
      18.930158615112305,
      34.482513427734375,
      28.72504234313965,
      47.345611572265625,
      43.835086822509766,
      48.002662658691406,
      44.60847091674805,
      49.139827728271484,
      39.82123565673828,
      36.395599365234375,
      35.618896484375,
      30.918720245361328,
      31.403152465820312,
      21.283409118652344,
      21.979772567749023
    ],
    [
      16.52083969116211,
      16.571500778198242,
      18.703937530517578,
      14.94155502319336,
      22.53145408630371,
      21.387357711791992,
      32.068355560302734,
      33.67842483520508,
      33.062564849853516,
      34.681304931640625,
      39.82123565673828,
      36.06060791015625,
      35.32630920410156,
      34.78362274169922,
      30.262056350708008,
      30.69537925720215,
      21.266712188720703,
      21.962547302246094
    ],
    [
      15.832235336303711,
      16.442874908447266,
      16.361862182617188,
      14.142366409301758,
      17.22114372253418,
      18.32823371887207,
      25.624914169311523,
      29.884952545166016,
      26.818771362304688,
      30.76368522644043,
      36.395599365234375,
      35.32630920410156,
      39.37457275390625,
      38.9014892578125,
      34.55955505371094,
      35.02742004394531,
      25.348283767700195,
      26.179683685302734
    ],
    [
      15.683174133300781,
      16.31224250793457,
      16.0195255279541,
      13.956891059875488,
      16.653278350830078,
      17.95622444152832,
      24.791667938232422,
      29.203737258911133,
      26.00251579284668,
      30.087984085083008,
      35.618896484375,
      34.78362274169922,
      38.9014892578125,
      38.55720901489258,
      34.30271530151367,
      34.764888763427734,
      25.2198543548584,
      26.044849395751953
    ],
    [
      16.40186309814453,
      17.171911239624023,
      14.65921688079834,
      13.488626480102539,
      14.064847946166992,
      15.881387710571289,
      21.533811569213867,
      25.296688079833984,
      22.086332321166992,
      25.65813446044922,
      30.918720245361328,
      30.262056350708008,
      34.55955505371094,
      34.30271530151367,
      34.14211654663086,
      34.46451187133789,
      25.79239273071289,
      26.6584415435791
    ],
    [
      16.647375106811523,
      17.44025993347168,
      14.940876007080078,
      13.737319946289062,
      14.42277717590332,
      16.120893478393555,
      22.006444931030273,
      25.745698928833008,
      22.54521942138672,
      26.128252029418945,
      31.403152465820312,
      30.69537925720215,
      35.02742004394531,
      34.764888763427734,
      34.46451187133789,
      34.92568588256836,
      26.048892974853516,
      26.938997268676758
    ],
    [
      12.928764343261719,
      13.922788619995117,
      10.152322769165039,
      9.707284927368164,
      9.740002632141113,
      11.000011444091797,
      14.331979751586914,
      17.297088623046875,
      14.951295852661133,
      17.638137817382812,
      21.283409118652344,
      21.266712188720703,
      25.348283767700195,
      25.2198543548584,
      25.79239273071289,
      26.048892974853516,
      23.114395141601562,
      23.74448013305664
    ],
    [
      13.362009048461914,
      14.378545761108398,
      10.50579833984375,
      10.033449172973633,
      10.046923637390137,
      11.323801040649414,
      14.708141326904297,
      17.798891067504883,
      15.380189895629883,
      18.20193862915039,
      21.979772567749023,
      21.962547302246094,
      26.179683685302734,
      26.044849395751953,
      26.6584415435791,
      26.938997268676758,
      23.74448013305664,
      24.468399047851562
    ]
  ],
  "drr": 10.379137992858887,
  "dynamics": 5.217586994171143,
  "format": 1245190,
  "frames": 12693504,
  "loudness": -25.83977508544922,
  "loudness_range": 16.18631935119629,
  "loudness_range_short": 19.40134620666504,
  "peak": -5.548678874969482,
  "rms": -26.086101531982422,
  "sample_rate": 44100,
  "sections": 1,
  "seekable": 1,
  "sharpness": 4.052167892456055,
  "space": -8.076814651489258
}