{
  "bands": [
    {
      "high_freq": 148.1999969482422,
      "loudness": -25.91765022277832,
      "loudness_range": 11.133724212646484,
      "mid_mean": -22.29572868347168,
      "mid_to_side_loudness": -14.919316291809082,
      "mid_to_side_loudness_range": 13.15367317199707,
      "side_mean": -37.621063232421875
    },
    {
      "high_freq": 392.3793640136719,
      "loudness": -20.1738224029541,
      "loudness_range": 8.160367965698242,
      "low_freq": 148.1999969482422,
      "mid_mean": -16.904865264892578,
      "mid_to_side_loudness": -10.933063507080078,
      "mid_to_side_loudness_range": 10.688321113586426,
      "side_mean": -27.942424774169922
    },
    {
      "high_freq": 794.6976318359375,
      "loudness": -22.737842559814453,
      "loudness_range": 13.21893310546875,
      "low_freq": 392.3793640136719,
      "mid_mean": -19.77751922607422,
      "mid_to_side_loudness": -8.098204612731934,
      "mid_to_side_loudness_range": 9.865530967712402,
      "side_mean": -28.23455810546875
    },
    {
      "high_freq": 1457.5709228515625,
      "loudness": -26.88445472717285,
      "loudness_range": 19.245201110839844,
      "low_freq": 794.6976318359375,
      "mid_mean": -24.056577682495117,
      "mid_to_side_loudness": -7.27268123626709,
      "mid_to_side_loudness_range": 8.467103004455566,
      "side_mean": -31.33635139465332
    },
    {
      "high_freq": 2549.74365234375,
      "loudness": -26.642459869384766,
      "loudness_range": 17.090715408325195,
      "low_freq": 1457.5709228515625,
      "mid_mean": -24.013011932373047,
      "mid_to_side_loudness": -6.116780757904053,
      "mid_to_side_loudness_range": 7.937320232391357,
      "side_mean": -30.1306095123291
    },
    {
      "high_freq": 4349.24462890625,
      "loudness": -28.094026565551758,
      "loudness_range": 15.788911819458008,
      "low_freq": 2549.74365234375,
      "mid_mean": -25.44830894470215,
      "mid_to_side_loudness": -6.1646728515625,
      "mid_to_side_loudness_range": 7.866995811462402,
      "side_mean": -31.620084762573242
    },
    {
      "high_freq": 7314.1640625,
      "loudness": -31.155315399169922,
      "loudness_range": 14.904356002807617,
      "low_freq": 4349.24462890625,
      "mid_mean": -28.90424919128418,
      "mid_to_side_loudness": -4.362114906311035,
      "mid_to_side_loudness_range": 5.703699588775635,
      "side_mean": -33.267539978027344
    },
    {
      "high_freq": 12199.2666015625,
      "loudness": -33.698307037353516,
      "loudness_range": 15.283943176269531,
      "low_freq": 7314.1640625,
      "mid_mean": -31.649824142456055,
      "mid_to_side_loudness": -3.5545666217803955,
      "mid_to_side_loudness_range": 5.027008533477783,
      "side_mean": -35.22020721435547
    },
    {
      "loudness": -39.49580383300781,
      "loudness_range": 12.268787384033203,
      "low_freq": 12199.2666015625,
      "mid_mean": -37.93905258178711,
      "mid_to_side_loudness": -2.0713582038879395,
      "mid_to_side_loudness_range": 4.052668571472168,
      "side_mean": -40.038841247558594
    }
  ],
  "bands_short": [
    {
      "high_freq": 148.1999969482422,
      "loudness": -29.52081871032715,
      "loudness_range": 15.168590545654297,
      "mid_mean": -26.068449020385742,
      "mid_to_side_loudness": -14.743486404418945,
      "mid_to_side_loudness_range": 17.73603057861328,
      "side_mean": -41.198421478271484
    },
    {
      "high_freq": 392.3793640136719,
      "loudness": -20.38648796081543,
      "loudness_range": 10.279932975769043,
      "low_freq": 148.1999969482422,
      "mid_mean": -17.126901626586914,
      "mid_to_side_loudness": -11.465002059936523,
      "mid_to_side_loudness_range": 12.854314804077148,
      "side_mean": -28.7595272064209
    },
    {
      "high_freq": 794.6976318359375,
      "loudness": -22.8410701751709,
      "loudness_range": 14.001574516296387,
      "low_freq": 392.3793640136719,
      "mid_mean": -19.954509735107422,
      "mid_to_side_loudness": -8.089242935180664,
      "mid_to_side_loudness_range": 12.132162094116211,
      "side_mean": -28.41778564453125
    },
    {
      "high_freq": 1457.5709228515625,
      "loudness": -27.255701065063477,
      "loudness_range": 20.760852813720703,
      "low_freq": 794.6976318359375,
      "mid_mean": -24.520021438598633,
      "mid_to_side_loudness": -7.150104999542236,
      "mid_to_side_loudness_range": 10.539237976074219,
      "side_mean": -31.69855308532715
    },
    {
      "high_freq": 2549.74365234375,
      "loudness": -27.3267822265625,
      "loudness_range": 18.669448852539062,
      "low_freq": 1457.5709228515625,
      "mid_mean": -24.81425666809082,
      "mid_to_side_loudness": -5.824162483215332,
      "mid_to_side_loudness_range": 9.215267181396484,
      "side_mean": -30.66425895690918
    },
    {
      "high_freq": 4349.24462890625,
      "loudness": -28.647279739379883,
      "loudness_range": 17.300315856933594,
      "low_freq": 2549.74365234375,
      "mid_mean": -26.125268936157227,
      "mid_to_side_loudness": -5.794114589691162,
      "mid_to_side_loudness_range": 8.865350723266602,
      "side_mean": -31.937164306640625
    },
    {
      "high_freq": 7314.1640625,
      "loudness": -32.21847152709961,
      "loudness_range": 18.497404098510742,
      "low_freq": 4349.24462890625,
      "mid_mean": -30.045711517333984,
      "mid_to_side_loudness": -4.217624664306641,
      "mid_to_side_loudness_range": 6.7855048179626465,
      "side_mean": -34.26613998413086
    },
    {
      "high_freq": 12199.2666015625,
      "loudness": -35.314613342285156,
      "loudness_range": 20.616222381591797,
      "low_freq": 7314.1640625,
      "mid_mean": -33.4242057800293,
      "mid_to_side_loudness": -3.2072980403900146,
      "mid_to_side_loudness_range": 6.057577133178711,
      "side_mean": -36.66041946411133
    },
    {
      "loudness": -42.12492752075195,
      "loudness_range": 21.018434524536133,
      "low_freq": 12199.2666015625,
      "mid_mean": -40.85231399536133,
      "mid_to_side_loudness": -1.4171427488327026,
      "mid_to_side_loudness_range": 4.826171875,
      "side_mean": -42.295650482177734
    }
  ],
  "channels": 2,
  "covariance": [
    [
      25.03008460998535,
      13.9453125,
      8.387344360351562,
      3.7756707668304443,
      8.596652030944824,
      6.440986633300781,
      6.825974941253662,
      3.1705706119537354,
      6.859101295471191,
      2.676342487335205,
      8.035743713378906,
      3.7860770225524902,
      10.079293251037598,
      7.832535743713379,
      10.902762413024902,
      9.783731460571289,
      9.82105541229248,
      9.099944114685059
    ],
    [
      13.9453125,
      22.792587280273438,
      6.590667247772217,
      5.589736461639404,
      5.861605167388916,
      6.829657077789307,
      5.994652271270752,
      3.6851682662963867,
      5.465814590454102,
      2.2949700355529785,
      6.55164098739624,
      3.853266954421997,
      8.783778190612793,
      7.130739212036133,
      9.5416259765625,
      8.777360916137695,
      6.864534854888916,
      6.5402679443359375
    ],
    [
      8.387344360351562,
      6.590667247772217,
      12.525557518005371,
      6.432992458343506,
      11.691227912902832,
      6.527586460113525,
      7.14573860168457,
      3.997419834136963,
      8.677830696105957,
      5.0179948806762695,
      9.455599784851074,
      5.4009857177734375,
      10.264105796813965,
      7.545856475830078,
      10.443402290344238,
      8.499374389648438,
      8.345003128051758,
      7.471003532409668
    ],
    [
      3.7756707668304443,
      5.589736461639404,
      6.432992458343506,
      12.392362594604492,
      5.064220428466797,
      5.223805904388428,
      1.3619447946548462,
      0.5294002294540405,
      3.0752370357513428,
      1.538076400756836,
      3.960178852081299,
      2.820897340774536,
      5.934845447540283,
      4.167646408081055,
      5.606292247772217,
      4.625656604766846,
      4.639280319213867,
      4.236335277557373
    ],
    [
      8.596652030944824,
      5.861605167388916,
      11.691227912902832,
      5.064220428466797,
      26.013547897338867,
      15.784688949584961,
      20.84764862060547,
      16.130666732788086,
      22.1114501953125,
      15.53271198272705,
      21.937314987182617,
      14.708569526672363,
      19.456823348999023,
      14.89380168914795,
      18.618900299072266,
      15.201591491699219,
      12.811717987060547,
      11.5925874710083
    ],
    [
      6.440986633300781,
      6.829657077789307,
      6.527586460113525,
      5.223805904388428,
      15.784688949584961,
      20.662803649902344,
      14.001591682434082,
      10.827675819396973,
      15.278815269470215,
      10.476855278015137,
      15.453248023986816,
      10.624521255493164,
      15.189037322998047,
      11.631856918334961,
      15.389724731445312,
      12.376423835754395,
      11.374245643615723,
      9.987385749816895
    ],
    [
      6.825974941253662,
      5.994652271270752,
      7.14573860168457,
      1.3619447946548462,
      20.84764862060547,
      14.001591682434082,
      43.36579513549805,
      39.81830978393555,
      33.86116027832031,
      29.782833099365234,
      29.719486236572266,
      25.433881759643555,
      25.542285919189453,
      23.804744720458984,
      21.73705291748047,
      20.356447219848633,
      14.646039009094238,
      14.912017822265625
    ],
    [
      3.1705706119537354,
      3.6851682662963867,
      3.997419834136963,
      0.5294002294540405,
      16.130666732788086,
      10.827675819396973,
      39.81830978393555,
      45.063194274902344,
      31.952482223510742,
      32.42203903198242,
      25.921018600463867,
      26.356826782226562,
      21.878278732299805,
      22.99991226196289,
      17.429439544677734,
      17.80129623413086,
      10.44257640838623,
      11.89763069152832
    ],
    [
      6.859101295471191,
      5.465814590454102,
      8.677830696105957,
      3.0752370357513428,
      22.1114501953125,
      15.278815269470215,
      33.86116027832031,
      31.952482223510742,
      38.26194381713867,
      30.61963653564453,
      33.014015197753906,
      26.276399612426758,
      27.596529006958008,
      23.786548614501953,
      24.33489990234375,
      21.123167037963867,
      15.888313293457031,
      15.249466896057129
    ],
    [
      2.676342487335205,
      2.2949700355529785,
      5.0179948806762695,
      1.538076400756836,
      15.53271198272705,
      10.476855278015137,
      29.782833099365234,
      32.42203903198242,
      30.61963653564453,
      29.848247528076172,
      25.46235466003418,
      23.873170852661133,
      20.801353454589844,
      20.069292068481445,
      17.147043228149414,
      16.086532592773438,
      10.313490867614746,
      10.816849708557129
    ],
    [
      8.035743713378906,
      6.55164098739624,
      9.455599784851074,
      3.960178852081299,
      21.937314987182617,
      15.453248023986816,
      29.719486236572266,
      25.921018600463867,
      33.014015197753906,
      25.46235466003418,
      34.259925842285156,
      25.165260314941406,
      27.82622528076172,
      22.869705200195312,
      24.957374572753906,
      21.274423599243164,
      16.56990623474121,
      15.543612480163574
    ],
    [
      3.7860770225524902,
      3.853266954421997,
      5.4009857177734375,
      2.820897340774536,
      14.708569526672363,
      10.624521255493164,
      25.433881759643555,
      26.356826782226562,
      26.276399612426758,
      23.873170852661133,
      25.165260314941406,
      23.202110290527344,
      20.656341552734375,
      19.594446182250977,
      17.693359375,
      16.58950424194336,
      11.009773254394531,
      11.32474422454834
    ],
    [
      10.079293251037598,
      8.783778190612793,
      10.264105796813965,
      5.934845447540283,
      19.456823348999023,
      15.189037322998047,
      25.542285919189453,
      21.878278732299805,
      27.596529006958008,
      20.801353454589844,
      27.82622528076172,
      20.656341552734375,
      33.01305389404297,
      27.082408905029297,
      30.704362869262695,
      26.38898277282715,
      22.594608306884766,
      20.2399845123291
    ],
    [
      7.832535743713379,
      7.130739212036133,
      7.545856475830078,
      4.167646408081055,
      14.89380168914795,
      11.631856918334961,
      23.804744720458984,
      22.99991226196289,
      23.786548614501953,
      20.069292068481445,
      22.869705200195312,
      19.594446182250977,
      27.082408905029297,
      25.707576751708984,
      25.22104263305664,
      23.859439849853516,
      18.445560455322266,
      17.527849197387695
    ],
    [
      10.902762413024902,
      9.5416259765625,
      10.443402290344238,
      5.606292247772217,
      18.618900299072266,
      15.389724731445312,
      21.73705291748047,
      17.429439544677734,
      24.33489990234375,
      17.147043228149414,
      24.957374572753906,
      17.693359375,
      30.704362869262695,
      25.22104263305664,
      36.57818603515625,
      30.552417755126953,
      27.452251434326172,
      23.59473419189453
    ],
    [
      9.783731460571289,
      8.777360916137695,
      8.499374389648438,
      4.625656604766846,
      15.201591491699219,
      12.376423835754395,
      20.356447219848633,
      17.80129623413086,
      21.123167037963867,
      16.086532592773438,
      21.274423599243164,
      16.58950424194336,
      26.38898277282715,
      23.859439849853516,
      30.552417755126953,
      28.357406616210938,
      23.258806228637695,
      21.485593795776367
    ],
    [
      9.82105541229248,
      6.864534854888916,
      8.345003128051758,
      4.639280319213867,
      12.811717987060547,
      11.374245643615723,
      14.646039009094238,
      10.44257640838623,
      15.888313293457031,
      10.313490867614746,
      16.56990623474121,
      11.009773254394531,
      22.594608306884766,
      18.445560455322266,
      27.452251434326172,
      23.258806228637695,
      27.197113037109375,
      23.468549728393555
    ],
    [
      9.099944114685059,
      6.5402679443359375,
      7.471003532409668,
      4.236335277557373,
      11.5925874710083,
      9.987385749816895,
      14.912017822265625,
      11.89763069152832,
      15.249466896057129,
      10.816849708557129,
      15.543612480163574,
      11.32474422454834,
      20.2399845123291,
      17.527849197387695,
      23.59473419189453,
      21.485593795776367,
      23.468549728393555,
      22.440275192260742
    ]
  ],
  "covariance_short": [
    [
      33.973777770996094,
      12.782268524169922,
      11.71767520904541,
      4.278298854827881,
      6.498412132263184,
      6.117822170257568,
      6.45692253112793,
      2.4316482543945312,
      6.495639801025391,
      2.489004373550415,
      7.881082534790039,
      3.6277310848236084,
      10.674574851989746,
      8.600440979003906,
      12.064532279968262,
      10.942188262939453,
      13.024333000183105,
      11.925017356872559
    ],
    [
      12.782268524169922,
      29.465608596801758,
      8.353486061096191,
      6.2686944007873535,
      5.852874755859375,
      6.289437770843506,
      6.127068042755127,
      3.6704044342041016,
      5.552964687347412,
      2.873839855194092,
      6.556812286376953,
      4.139458656311035,
      9.141499519348145,
      7.858675479888916,
      10.653924942016602,
      10.2191801071167,
      9.47016429901123,
      8.97433090209961
    ],
    [
      11.71767520904541,
      8.353486061096191,
      18.11580467224121,
      8.417486190795898,
      12.662867546081543,
      7.8071417808532715,
      8.461325645446777,
      5.284499645233154,
      9.67520523071289,
      6.024466514587402,
      10.880073547363281,
      6.810035705566406,
      12.43489933013916,
      9.857434272766113,
      12.983061790466309,
      11.112747192382812,
      12.047768592834473,
      10.850749015808105
    ],
    [
      4.278298854827881,
      6.2686944007873535,
      8.417486190795898,
      17.111270904541016,
      6.459181785583496,
      7.400798320770264,
      3.0396389961242676,
      2.3897550106048584,
      4.017481803894043,
      2.6974151134490967,
      5.136767864227295,
      4.251924991607666,
      7.617031574249268,
      6.308071136474609,
      7.472641468048096,
      6.822780132293701,
      7.012237071990967,
      6.693997383117676
    ],
    [
      6.498412132263184,
      5.852874755859375,
      12.662867546081543,
      6.459181785583496,
      28.899166107177734,
      16.156978607177734,
      21.192935943603516,
      16.299930572509766,
      22.629512786865234,
      16.142642974853516,
      22.962730407714844,
      15.616178512573242,
      20.511737823486328,
      16.080013275146484,
      20.283077239990234,
      16.535747528076172,
      15.793500900268555,
      13.825651168823242
    ],
    [
      6.117822170257568,
      6.289437770843506,
      7.8071417808532715,
      7.400798320770264,
      16.156978607177734,
      24.761966705322266,
      13.862960815429688,
      10.810507774353027,
      15.31576919555664,
      11.024030685424805,
      16.030963897705078,
      11.492595672607422,
      15.675148010253906,
      12.128409385681152,
      15.892988204956055,
      12.83564281463623,
      12.556063652038574,
      10.869444847106934
    ],
    [
      6.45692253112793,
      6.127068042755127,
      8.461325645446777,
      3.0396389961242676,
      21.192935943603516,
      13.862960815429688,
      50.0922966003418,
      42.624629974365234,
      37.69246292114258,
      32.065032958984375,
      34.10477066040039,
      28.119312286376953,
      30.663686752319336,
      28.115978240966797,
      27.420671463012695,
      24.785152435302734,
      21.304584503173828,
      20.522165298461914
    ],
    [
      2.4316482543945312,
      3.6704044342041016,
      5.284499645233154,
      2.3897550106048584,
      16.299930572509766,
      10.810507774353027,
      42.624629974365234,
      49.6331901550293,
      34.83250045776367,
      34.746700286865234,
      29.486892700195312,
      28.922334671020508,
      26.765127182006836,
      27.51506233215332,
      23.241792678833008,
      22.460485458374023,
      17.172687530517578,
      17.947509765625
    ],
    [
      6.495639801025391,
      5.552964687347412,
      9.67520523071289,
      4.017481803894043,
      22.629512786865234,
      15.31576919555664,
      37.69246292114258,
      34.83250045776367,
      44.35047912597656,
      33.747802734375,
      37.841835021972656,
      29.31194305419922,
      32.9979362487793,
      28.497743606567383,
      30.202829360961914,
      25.78242301940918,
      23.086896896362305,
      21.08899688720703
    ],
    [
      2.489004373550415,
      2.873839855194092,
      6.024466514587402,
      2.6974151134490967,
      16.142642974853516,
      11.024030685424805,
      32.065032958984375,
      34.746700286865234,
      33.747802734375,
      34.190059661865234,
      28.78639793395996,
      26.588623046875,
      25.376197814941406,
      24.508129119873047,
      22.595422744750977,
      20.70821762084961,
      16.66093635559082,
      16.386510848999023
    ],
    [
      7.881082534790039,
      6.556812286376953,
      10.880073547363281,
      5.136767864227295,
      22.962730407714844,
      16.030963897705078,
      34.10477066040039,
      29.486892700195312,
      37.841835021972656,
      28.78639793395996,
      41.21616744995117,
      29.235395431518555,
      34.13425827026367,
      28.23973846435547,
      32.223758697509766,
      26.987462997436523,
      24.91188621520996,
      22.20977783203125
    ],
    [
      3.6277310848236084,
      4.139458656311035,
      6.810035705566406,
      4.251924991607666,
      15.616178512573242,
      11.492595672607422,
      28.119312286376953,
      28.922334671020508,
      29.31194305419922,
      26.588623046875,
      29.235395431518555,
      27.28342628479004,
      25.59560775756836,
      24.320209503173828,
      23.673139572143555,
      21.69402503967285,
      18.05649185180664,
      17.49360466003418
    ],
    [
      10.674574851989746,
      9.141499519348145,
      12.43489933013916,
      7.617031574249268,
      20.511737823486328,
      15.675148010253906,
      30.663686752319336,
      26.765127182006836,
      32.9979362487793,
      25.376197814941406,
      34.13425827026367,
      25.59560775756836,
      43.82623291015625,
      36.582584381103516,
      42.890499114990234,
      37.0775146484375,
      36.74847412109375,
      31.829145431518555
    ],
    [
      8.600440979003906,
      7.858675479888916,
      9.857434272766113,
      6.308071136474609,
      16.080013275146484,
      12.128409385681152,
      28.115978240966797,
      27.51506233215332,
      28.497743606567383,
      24.508129119873047,
      28.23973846435547,
      24.320209503173828,
      36.582584381103516,
      35.968475341796875,
      36.89678955078125,
      34.87971115112305,
      32.99490737915039,
      30.31572723388672
    ],
    [
      12.064532279968262,
      10.653924942016602,
      12.983061790466309,
      7.472641468048096,
      20.283077239990234,
      15.892988204956055,
      27.420671463012695,
      23.241792678833008,
      30.202829360961914,
      22.595422744750977,
      32.223758697509766,
      23.673139572143555,
      42.890499114990234,
      36.89678955078125,
      55.14366149902344,
      46.44502258300781,
      47.89057540893555,
      40.470420837402344
    ],
    [
      10.942188262939453,
      10.2191801071167,
      11.112747192382812,
      6.822780132293701,
      16.535747528076172,
      12.83564281463623,
      24.785152435302734,
      22.460485458374023,
      25.78242301940918,
      20.70821762084961,
      26.987462997436523,
      21.69402503967285,
      37.0775146484375,
      34.87971115112305,
      46.44502258300781,
      44.03977584838867,
      42.50726318359375,
      38.3536491394043
    ],
    [
      13.024333000183105,
      9.47016429901123,
      12.047768592834473,
      7.012237071990967,
      15.793500900268555,
      12.556063652038574,
      21.304584503173828,
      17.172687530517578,
      23.086896896362305,
      16.66093635559082,
      24.91188621520996,
      18.05649185180664,
      36.74847412109375,
      32.99490737915039,
      47.89057540893555,
      42.50726318359375,
      54.94948196411133,
      47.18831253051758
    ],
    [
      11.925017356872559,
      8.97433090209961,
      10.850749015808105,
      6.693997383117676,
      13.825651168823242,
      10.869444847106934,
      20.522165298461914,
      17.947509765625,
      21.08899688720703,
      16.386510848999023,
      22.20977783203125,
      17.49360466003418,
      31.829145431518555,
      30.31572723388672,
      40.470420837402344,
      38.3536491394043,
      47.18831253051758,
      44.30771255493164
    ]
  ],
  "drr": 12.845174789428711,
  "dynamics": 3.3892805576324463,
  "format": 1245190,
  "frames": 13504512,
  "loudness": -11.659235954284668,
  "loudness_range": 10.249011993408203,
  "loudness_range_short": 11.642193794250488,
  "peak": 0.19514694809913635,
  "rms": -13.717103958129883,
  "sample_rate": 44100,
  "sections": 1,
  "seekable": 1,
  "sharpness": 2.073580265045166,
  "space": -8.586410522460938
}