{
  "bands": [
    {
      "high_freq": 148.1999969482422,
      "loudness": -23.095264434814453,
      "loudness_range": 19.778493881225586,
      "mid_mean": -19.724794387817383,
      "mid_to_side_loudness": -11.347908973693848,
      "mid_to_side_loudness_range": 7.90728759765625,
      "side_mean": -31.665206909179688
    },
    {
      "high_freq": 392.3793640136719,
      "loudness": -21.539541244506836,
      "loudness_range": 11.266057968139648,
      "low_freq": 148.1999969482422,
      "mid_mean": -18.190080642700195,
      "mid_to_side_loudness": -11.577455520629883,
      "mid_to_side_loudness_range": 12.328378677368164,
      "side_mean": -30.188121795654297
    },
    {
      "high_freq": 794.6976318359375,
      "loudness": -25.401227951049805,
      "loudness_range": 11.270692825317383,
      "low_freq": 392.3793640136719,
      "mid_mean": -22.30855369567871,
      "mid_to_side_loudness": -10.624893188476562,
      "mid_to_side_loudness_range": 14.762529373168945,
      "side_mean": -33.179290771484375
    },
    {
      "high_freq": 1457.5709228515625,
      "loudness": -27.63473892211914,
      "loudness_range": 15.414297103881836,
      "low_freq": 794.6976318359375,
      "mid_mean": -24.816207885742188,
      "mid_to_side_loudness": -7.884798049926758,
      "mid_to_side_loudness_range": 13.48182201385498,
      "side_mean": -33.03457260131836
    },
    {
      "high_freq": 2549.74365234375,
      "loudness": -26.20374298095703,
      "loudness_range": 11.935819625854492,
      "low_freq": 1457.5709228515625,
      "mid_mean": -23.088741302490234,
      "mid_to_side_loudness": -9.390210151672363,
      "mid_to_side_loudness_range": 14.63424015045166,
      "side_mean": -33.08481216430664
    },
    {
      "high_freq": 4349.24462890625,
      "loudness": -23.823286056518555,
      "loudness_range": 9.025047302246094,
      "low_freq": 2549.74365234375,
      "mid_mean": -20.408851623535156,
      "mid_to_side_loudness": -11.598121643066406,
      "mid_to_side_loudness_range": 11.819124221801758,
      "side_mean": -32.933563232421875
    },
    {
      "high_freq": 7314.1640625,
      "loudness": -28.020376205444336,
      "loudness_range": 12.206085205078125,
      "low_freq": 4349.24462890625,
      "mid_mean": -24.61859130859375,
      "mid_to_side_loudness": -12.005614280700684,
      "mid_to_side_loudness_range": 14.859114646911621,
      "side_mean": -37.4189567565918
    },
    {
      "high_freq": 12199.2666015625,
      "loudness": -32.796627044677734,
      "loudness_range": 12.77634048461914,
      "low_freq": 7314.1640625,
      "mid_mean": -29.409467697143555,
      "mid_to_side_loudness": -13.70427417755127,
      "mid_to_side_loudness_range": 19.63304328918457,
      "side_mean": -43.90484619140625
    },
    {
      "loudness": -41.832862854003906,
      "loudness_range": 16.662654876708984,
      "low_freq": 12199.2666015625,
      "mid_mean": -38.468685150146484,
      "mid_to_side_loudness": -15.797725677490234,
      "mid_to_side_loudness_range": 19.45355987548828,
      "side_mean": -55.16156005859375
    }
  ],
  "bands_short": [
    {
      "high_freq": 148.1999969482422,
      "loudness": -28.969640731811523,
      "loudness_range": 27.291431427001953,
      "mid_mean": -25.724102020263672,
      "mid_to_side_loudness": -11.060147285461426,
      "mid_to_side_loudness_range": 12.469711303710938,
      "side_mean": -37.18485641479492
    },
    {
      "high_freq": 392.3793640136719,
      "loudness": -22.962181091308594,
      "loudness_range": 17.666133880615234,
      "low_freq": 148.1999969482422,
      "mid_mean": -19.686201095581055,
      "mid_to_side_loudness": -11.208127975463867,
      "mid_to_side_loudness_range": 13.49494743347168,
      "side_mean": -31.192655563354492
    },
    {
      "high_freq": 794.6976318359375,
      "loudness": -27.163705825805664,
      "loudness_range": 18.394760131835938,
      "low_freq": 392.3793640136719,
      "mid_mean": -24.371320724487305,
      "mid_to_side_loudness": -9.5538330078125,
      "mid_to_side_loudness_range": 16.95016860961914,
      "side_mean": -34.266563415527344
    },
    {
      "high_freq": 1457.5709228515625,
      "loudness": -29.38207244873047,
      "loudness_range": 20.509218215942383,
      "low_freq": 794.6976318359375,
      "mid_mean": -26.778303146362305,
      "mid_to_side_loudness": -7.232300758361816,
      "mid_to_side_loudness_range": 14.226627349853516,
      "side_mean": -34.27073287963867
    },
    {
      "high_freq": 2549.74365234375,
      "loudness": -27.705961227416992,
      "loudness_range": 15.533613204956055,
      "low_freq": 1457.5709228515625,
      "mid_mean": -24.70168685913086,
      "mid_to_side_loudness": -8.84223461151123,
      "mid_to_side_loudness_range": 15.042510032653809,
      "side_mean": -34.1567268371582
    },
    {
      "high_freq": 4349.24462890625,
      "loudness": -24.908519744873047,
      "loudness_range": 14.137800216674805,
      "low_freq": 2549.74365234375,
      "mid_mean": -21.533248901367188,
      "mid_to_side_loudness": -11.714982986450195,
      "mid_to_side_loudness_range": 13.239899635314941,
      "side_mean": -34.07670593261719
    },
    {
      "high_freq": 7314.1640625,
      "loudness": -30.364023208618164,
      "loudness_range": 19.897966384887695,
      "low_freq": 4349.24462890625,
      "mid_mean": -27.008621215820312,
      "mid_to_side_loudness": -11.937615394592285,
      "mid_to_side_loudness_range": 15.545099258422852,
      "side_mean": -39.726924896240234
    },
    {
      "high_freq": 12199.2666015625,
      "loudness": -34.43980407714844,
      "loudness_range": 17.790725708007812,
      "low_freq": 7314.1640625,
      "mid_mean": -31.176734924316406,
      "mid_to_side_loudness": -13.389460563659668,
      "mid_to_side_loudness_range": 20.159759521484375,
      "side_mean": -45.47993087768555
    },
    {
      "loudness": -43.6275749206543,
      "loudness_range": 21.578773498535156,
      "low_freq": 12199.2666015625,
      "mid_mean": -40.39862823486328,
      "mid_to_side_loudness": -14.91266918182373,
      "mid_to_side_loudness_range": 20.9206600189209,
      "side_mean": -56.42278289794922
    }
  ],
  "channels": 2,
  "covariance": [
    [
      54.466766357421875,
      44.260528564453125,
      18.76222038269043,
      16.897863388061523,
      3.8540098667144775,
      5.013004302978516,
      2.830742597579956,
      4.749844074249268,
      2.9557135105133057,
      3.5837132930755615,
      -0.26302123069763184,
      2.506740093231201,
      2.208462953567505,
      2.2767300605773926,
      5.435528755187988,
      6.382476329803467,
      3.7507338523864746,
      11.39798355102539
    ],
    [
      44.260528564453125,
      46.59597396850586,
      17.257020950317383,
      18.3582763671875,
      4.695319652557373,
      8.70528793334961,
      3.3670804500579834,
      5.506128787994385,
      4.144344806671143,
      3.8082492351531982,
      1.629090428352356,
      4.548952102661133,
      1.9397538900375366,
      3.3999814987182617,
      5.457180500030518,
      5.246315002441406,
      4.364224910736084,
      13.131139755249023
    ],
    [
      18.76222038269043,
      17.257020950317383,
      22.935298919677734,
      15.753150939941406,
      10.216202735900879,
      7.621561050415039,
      4.87556791305542,
      3.7355539798736572,
      7.004912853240967,
      3.742283582687378,
      4.113409042358398,
      5.421511650085449,
      7.432351589202881,
      7.347989559173584,
      4.938889026641846,
      1.8614513874053955,
      2.0385239124298096,
      5.597455978393555
    ],
    [
      16.897863388061523,
      18.3582763671875,
      15.753150939941406,
      27.300443649291992,
      7.04083251953125,
      17.228557586669922,
      6.290539264678955,
      12.237465858459473,
      3.023235321044922,
      7.845119476318359,
      3.3691720962524414,
      5.754626750946045,
      2.3314692974090576,
      5.810359477996826,
      6.181947708129883,
      11.26794719696045,
      8.727980613708496,
      20.68634796142578
    ],
    [
      3.8540098667144775,
      4.695319652557373,
      10.216202735900879,
      7.04083251953125,
      22.547758102416992,
      13.282979965209961,
      12.852108001708984,
      6.2721781730651855,
      8.868365287780762,
      5.099739074707031,
      4.158408164978027,
      4.189656734466553,
      3.7817764282226562,
      3.2489356994628906,
      4.599532127380371,
      0.6894643306732178,
      4.3564133644104,
      4.2261552810668945
    ],
    [
      5.013004302978516,
      8.70528793334961,
      7.621561050415039,
      17.228557586669922,
      13.282979965209961,
      33.02119445800781,
      13.19197940826416,
      20.396968841552734,
      5.491288185119629,
      12.914938926696777,
      5.436957836151123,
      9.242241859436035,
      -0.14958374202251434,
      4.879132270812988,
      7.111546516418457,
      16.749895095825195,
      14.481782913208008,
      29.419147491455078
    ],
    [
      2.830742597579956,
      3.3670804500579834,
      4.87556791305542,
      6.290539264678955,
      12.852108001708984,
      13.19197940826416,
      33.16986083984375,
      25.670005798339844,
      9.374606132507324,
      13.777076721191406,
      5.50270938873291,
      9.373841285705566,
      0.9952133893966675,
      4.993422031402588,
      3.5389504432678223,
      7.856685161590576,
      8.726059913635254,
      15.473705291748047
    ],
    [
      4.749844074249268,
      5.506128787994385,
      3.7355539798736572,
      12.237465858459473,
      6.2721781730651855,
      20.396968841552734,
      25.670005798339844,
      45.569244384765625,
      4.5785231590271,
      21.708520889282227,
      3.0610852241516113,
      10.108354568481445,
      -2.6448745727539062,
      5.372584342956543,
      5.757038593292236,
      15.987350463867188,
      14.770776748657227,
      26.56399154663086
    ],
    [
      2.9557135105133057,
      4.144344806671143,
      7.004912853240967,
      3.023235321044922,
      8.868365287780762,
      5.491288185119629,
      9.374606132507324,
      4.5785231590271,
      19.098445892333984,
      10.422325134277344,
      8.947338104248047,
      10.949642181396484,
      7.482829570770264,
      7.879590034484863,
      6.0645551681518555,
      3.579000473022461,
      5.535311222076416,
      5.101256370544434
    ],
    [
      3.5837132930755615,
      3.8082492351531982,
      3.742283582687378,
      7.845119476318359,
      5.099739074707031,
      12.914938926696777,
      13.777076721191406,
      21.708520889282227,
      10.422325134277344,
      21.795209884643555,
      5.975188732147217,
      11.733138084411621,
      2.5954854488372803,
      8.778386116027832,
      6.804439544677734,
      12.81240463256836,
      11.356599807739258,
      17.69100570678711
    ],
    [
      -0.26302123069763184,
      1.629090428352356,
      4.113409042358398,
      3.3691720962524414,
      4.158408164978027,
      5.436957836151123,
      5.50270938873291,
      3.0610852241516113,
      8.947338104248047,
      5.975188732147217,
      11.008576393127441,
      9.120394706726074,
      8.539820671081543,
      9.207576751708984,
      5.69678258895874,
      5.7791056632995605,
      5.640489101409912,
      5.4387993812561035
    ],
    [
      2.506740093231201,
      4.548952102661133,
      5.421511650085449,
      5.754626750946045,
      4.189656734466553,
      9.242241859436035,
      9.373841285705566,
      10.108354568481445,
      10.949642181396484,
      11.733138084411621,
      9.120394706726074,
      18.160686492919922,
      7.326695919036865,
      14.489792823791504,
      6.1546430587768555,
      15.00737476348877,
      7.494972229003906,
      19.16880989074707
    ],
    [
      2.208462953567505,
      1.9397538900375366,
      7.432351589202881,
      2.3314692974090576,
      3.7817764282226562,
      -0.14958374202251434,
      0.9952133893966675,
      -2.6448745727539062,
      7.482829570770264,
      2.5954854488372803,
      8.539820671081543,
      7.326695919036865,
      20.441091537475586,
      15.624164581298828,
      10.079034805297852,
      7.526556968688965,
      2.7561731338500977,
      -0.3886904716491699
    ],
    [
      2.2767300605773926,
      3.3999814987182617,
      7.347989559173584,
      5.810359477996826,
      3.2489356994628906,
      4.879132270812988,
      4.993422031402588,
      5.372584342956543,
      7.879590034484863,
      8.778386116027832,
      9.207576751708984,
      14.489792823791504,
      15.624164581298828,
      23.2470645904541,
      8.215291023254395,
      17.5583438873291,
      4.652441024780273,
      12.813985824584961
    ],
    [
      5.435528755187988,
      5.457180500030518,
      4.938889026641846,
      6.181947708129883,
      4.599532127380371,
      7.111546516418457,
      3.5389504432678223,
      5.757038593292236,
      6.0645551681518555,
      6.804439544677734,
      5.69678258895874,
      6.1546430587768555,
      10.079034805297852,
      8.215291023254395,
      19.649276733398438,
      17.01020622253418,
      18.67096710205078,
      16.079416275024414
    ],
    [
      6.382476329803467,
      5.246315002441406,
      1.8614513874053955,
      11.26794719696045,
      0.6894643306732178,
      16.749895095825195,
      7.856685161590576,
      15.987350463867188,
      3.579000473022461,
      12.81240463256836,
      5.7791056632995605,
      15.00737476348877,
      7.526556968688965,
      17.5583438873291,
      17.01020622253418,
      43.0774040222168,
      20.229297637939453,
      49.14554977416992
    ],
    [
      3.7507338523864746,
      4.364224910736084,
      2.0385239124298096,
      8.727980613708496,
      4.3564133644104,
      14.481782913208008,
      8.726059913635254,
      14.770776748657227,
      5.535311222076416,
      11.356599807739258,
      5.640489101409912,
      7.494972229003906,
      2.7561731338500977,
      4.652441024780273,
      18.67096710205078,
      20.229297637939453,
      33.534549713134766,
      29.936492919921875
    ],
    [
      11.39798355102539,
      13.131139755249023,
      5.597455978393555,
      20.68634796142578,
      4.2261552810668945,
      29.419147491455078,
      15.473705291748047,
      26.56399154663086,
      5.101256370544434,
      17.69100570678711,
      5.4387993812561035,
      19.16880989074707,
      -0.3886904716491699,
      12.813985824584961,
      16.079416275024414,
      49.14554977416992,
      29.936492919921875,
      81.53868103027344
    ]
  ],
  "covariance_short": [
    [
      96.91810607910156,
      79.3969955444336,
      24.60767364501953,
      23.228736877441406,
      6.451552867889404,
      10.22396183013916,
      1.223593831062317,
      0.22474956512451172,
      3.018550395965576,
      3.1835803985595703,
      1.8909651041030884,
      5.227317810058594,
      7.571098327636719,
      7.278263092041016,
      7.762685775756836,
      9.473600387573242,
      5.038151264190674,
      13.8784818649292
    ],
    [
      79.3969955444336,
      84.20063018798828,
      19.341150283813477,
      20.699291229248047,
      8.357121467590332,
      14.55183219909668,
      2.911210060119629,
      3.3861098289489746,
      4.895325183868408,
      6.6997785568237305,
      3.8858401775360107,
      7.597947120666504,
      6.580660343170166,
      6.942290306091309,
      7.573955059051514,
      7.568068027496338,
      5.539103031158447,
      11.412467002868652
    ],
    [
      24.60767364501953,
      19.341150283813477,
      41.18551254272461,
      29.501750946044922,
      20.809226989746094,
      15.368501663208008,
      11.861869812011719,
      8.450429916381836,
      9.43498420715332,
      6.810956001281738,
      8.137125968933105,
      8.31164264678955,
      12.676763534545898,
      10.929786682128906,
      9.66749382019043,
      6.679567337036133,
      5.360849380493164,
      9.067049980163574
    ],
    [
      23.228736877441406,
      20.699291229248047,
      29.501750946044922,
      41.496726989746094,
      15.829569816589355,
      23.771181106567383,
      11.735703468322754,
      15.719996452331543,
      5.147768974304199,
      10.544782638549805,
      6.534429550170898,
      9.464558601379395,
      9.074198722839355,
      11.930272102355957,
      11.865272521972656,
      16.277708053588867,
      12.865473747253418,
      21.14958953857422
    ],
    [
      6.451552867889404,
      8.357121467590332,
      20.809226989746094,
      15.829569816589355,
      48.74774169921875,
      28.023813247680664,
      25.38594627380371,
      14.184266090393066,
      18.429454803466797,
      11.210451126098633,
      11.525811195373535,
      9.485960960388184,
      9.781333923339844,
      7.683732032775879,
      11.928545951843262,
      7.621451377868652,
      11.534029960632324,
      10.768231391906738
    ],
    [
      10.22396183013916,
      14.55183219909668,
      15.368501663208008,
      23.771181106567383,
      28.023813247680664,
      51.51534652709961,
      19.383371353149414,
      26.1475830078125,
      10.802577018737793,
      18.56604766845703,
      9.655838012695312,
      14.681427001953125,
      4.456928730010986,
      9.643780708312988,
      13.469917297363281,
      21.991348266601562,
      20.689228057861328,
      32.293556213378906
    ],
    [
      1.223593831062317,
      2.911210060119629,
      11.861869812011719,
      11.735703468322754,
      25.38594627380371,
      19.383371353149414,
      54.58208465576172,
      38.45290756225586,
      18.01615333557129,
      20.38640785217285,
      11.382064819335938,
      14.188506126403809,
      5.257627964019775,
      9.114423751831055,
      8.702610969543457,
      12.294539451599121,
      15.29716682434082,
      19.859020233154297
    ],
    [
      0.22474956512451172,
      3.3861098289489746,
      8.450429916381836,
      15.719996452331543,
      14.184266090393066,
      26.1475830078125,
      38.45290756225586,
      57.045433044433594,
      9.706382751464844,
      25.55636215209961,
      5.356068134307861,
      13.111316680908203,
      -0.5304804444313049,
      7.703530311584473,
      9.321210861206055,
      17.858604431152344,
      18.656614303588867,
      27.805387496948242
    ],
    [
      3.018550395965576,
      4.895325183868408,
      9.43498420715332,
      5.147768974304199,
      18.429454803466797,
      10.802577018737793,
      18.01615333557129,
      9.706382751464844,
      30.321569442749023,
      16.740739822387695,
      16.807497024536133,
      15.82751750946045,
      14.949378967285156,
      14.054218292236328,
      12.194690704345703,
      9.014165878295898,
      9.695561408996582,
      7.77449369430542
    ],
    [
      3.1835803985595703,
      6.6997785568237305,
      6.810956001281738,
      10.544782638549805,
      11.210451126098633,
      18.56604766845703,
      20.38640785217285,
      25.55636215209961,
      16.740739822387695,
      28.837299346923828,
      10.669524192810059,
      17.727872848510742,
      8.441278457641602,
      15.533649444580078,
      11.670915603637695,
      17.85508918762207,
      14.834004402160645,
      20.523874282836914
    ],
    [
      1.8909651041030884,
      3.8858401775360107,
      8.137125968933105,
      6.534429550170898,
      11.525811195373535,
      9.655838012695312,
      11.382064819335938,
      5.356068134307861,
      16.807497024536133,
      10.669524192810059,
      21.25751304626465,
      17.222454071044922,
      18.865816116333008,
      18.43882942199707,
      13.278502464294434,
      12.318745613098145,
      10.3234281539917,
      8.673299789428711
    ],
    [
      5.227317810058594,
      7.597947120666504,
      8.31164264678955,
      9.464558601379395,
      9.485960960388184,
      14.681427001953125,
      14.188506126403809,
      13.111316680908203,
      15.82751750946045,
      17.727872848510742,
      17.222454071044922,
      27.63797950744629,
      16.507009506225586,
      25.42564582824707,
      13.591405868530273,
      24.01987648010254,
      12.587379455566406,
      23.50025749206543
    ],
    [
      7.571098327636719,
      6.580660343170166,
      12.676763534545898,
      9.074198722839355,
      9.781333923339844,
      4.456928730010986,
      5.257627964019775,
      -0.5304804444313049,
      14.949378967285156,
      8.441278457641602,
      18.865816116333008,
      16.507009506225586,
      45.5526237487793,
      35.93642044067383,
      25.442678451538086,
      20.421466827392578,
      10.761624336242676,
      3.7013773918151855
    ],
    [
      7.278263092041016,
      6.942290306091309,
      10.929786682128906,
      11.930272102355957,
      7.683732032775879,
      9.643780708312988,
      9.114423751831055,
      7.703530311584473,
      14.054218292236328,
      15.533649444580078,
      18.43882942199707,
      25.42564582824707,
      35.93642044067383,
      47.07560348510742,
      20.838224411010742,
      34.40610885620117,
      11.182096481323242,
      21.524059295654297
    ],
    [
      7.762685775756836,
      7.573955059051514,
      9.66749382019043,
      11.865272521972656,
      11.928545951843262,
      13.469917297363281,
      8.702610969543457,
      9.321210861206055,
      12.194690704345703,
      11.670915603637695,
      13.278502464294434,
      13.591405868530273,
      25.442678451538086,
      20.838224411010742,
      41.21217346191406,
      32.31322479248047,
      36.70234298706055,
      25.569419860839844
    ],
    [
      9.473600387573242,
      7.568068027496338,
      6.679567337036133,
      16.277708053588867,
      7.621451377868652,
      21.991348266601562,
      12.294539451599121,
      17.858604431152344,
      9.014165878295898,
      17.85508918762207,
      12.318745613098145,
      24.01987648010254,
      20.421466827392578,
      34.40610885620117,
      32.31322479248047,
      62.95742416381836,
      33.20964431762695,
      61.353370666503906
    ],
    [
      5.038151264190674,
      5.539103031158447,
      5.360849380493164,
      12.865473747253418,
      11.534029960632324,
      20.689228057861328,
      15.29716682434082,
      18.656614303588867,
      9.695561408996582,
      14.834004402160645,
      10.3234281539917,
      12.587379455566406,
      10.761624336242676,
      11.182096481323242,
      36.70234298706055,
      33.20964431762695,
      59.27539825439453,
      42.01042938232422
    ],
    [
      13.8784818649292,
      11.412467002868652,
      9.067049980163574,
      21.14958953857422,
      10.768231391906738,
      32.293556213378906,
      19.859020233154297,
      27.805387496948242,
      7.77449369430542,
      20.523874282836914,
      8.673299789428711,
      23.50025749206543,
      3.7013773918151855,
      21.524059295654297,
      25.569419860839844,
      61.353370666503906,
      42.01042938232422,
      91.09146881103516
    ]
  ],
  "drr": 15.311729431152344,
  "dynamics": 3.0661635398864746,
  "format": 1245190,
  "frames": 13029376,
  "loudness": -11.116386413574219,
  "loudness_range": 6.553110122680664,
  "loudness_range_short": 11.817304611206055,
  "peak": 0.6905482411384583,
  "rms": -12.551706314086914,
  "sample_rate": 44100,
  "sections": 1,
  "seekable": 1,
  "sharpness": 3.4817264080047607,
  "space": -10.96135139465332
}