{
  "bands": [
    {
      "high_freq": 148.1999969482422,
      "loudness": -35.48339080810547,
      "loudness_range": 21.72950553894043,
      "mid_mean": -32.085933685302734,
      "mid_to_side_loudness": -13.91257095336914,
      "mid_to_side_loudness_range": 13.328351020812988,
      "side_mean": -46.143798828125
    },
    {
      "high_freq": 392.3793640136719,
      "loudness": -24.55064582824707,
      "loudness_range": 17.398540496826172,
      "low_freq": 148.1999969482422,
      "mid_mean": -21.281648635864258,
      "mid_to_side_loudness": -11.839408874511719,
      "mid_to_side_loudness_range": 11.803983688354492,
      "side_mean": -32.906681060791016
    },
    {
      "high_freq": 794.6976318359375,
      "loudness": -23.648290634155273,
      "loudness_range": 17.558834075927734,
      "low_freq": 392.3793640136719,
      "mid_mean": -20.400625228881836,
      "mid_to_side_loudness": -11.468406677246094,
      "mid_to_side_loudness_range": 10.927996635437012,
      "side_mean": -31.930471420288086
    },
    {
      "high_freq": 1457.5709228515625,
      "loudness": -32.14601135253906,
      "loudness_range": 18.494165420532227,
      "low_freq": 794.6976318359375,
      "mid_mean": -28.913543701171875,
      "mid_to_side_loudness": -11.128460884094238,
      "mid_to_side_loudness_range": 11.292665481567383,
      "side_mean": -40.29187774658203
    },
    {
      "high_freq": 2549.74365234375,
      "loudness": -34.02085876464844,
      "loudness_range": 15.267232894897461,
      "low_freq": 1457.5709228515625,
      "mid_mean": -30.729507446289062,
      "mid_to_side_loudness": -10.67748737335205,
      "mid_to_side_loudness_range": 7.887820720672607,
      "side_mean": -41.751792907714844
    },
    {
      "high_freq": 4349.24462890625,
      "loudness": -38.183597564697266,
      "loudness_range": 15.981395721435547,
      "low_freq": 2549.74365234375,
      "mid_mean": -34.96650695800781,
      "mid_to_side_loudness": -9.987750053405762,
      "mid_to_side_loudness_range": 7.446231365203857,
      "side_mean": -45.40769577026367
    },
    {
      "high_freq": 7314.1640625,
      "loudness": -40.29465866088867,
      "loudness_range": 19.10557746887207,
      "low_freq": 4349.24462890625,
      "mid_mean": -37.073143005371094,
      "mid_to_side_loudness": -10.685787200927734,
      "mid_to_side_loudness_range": 7.629064559936523,
      "side_mean": -49.040523529052734
    },
    {
      "high_freq": 12199.2666015625,
      "loudness": -46.21890640258789,
      "loudness_range": 21.187694549560547,
      "low_freq": 7314.1640625,
      "mid_mean": -43.10002136230469,
      "mid_to_side_loudness": -12.081331253051758,
      "mid_to_side_loudness_range": 9.34742546081543,
      "side_mean": -56.16957473754883
    },
    {
      "loudness": -53.496212005615234,
      "loudness_range": 25.26801300048828,
      "low_freq": 12199.2666015625,
      "mid_mean": -50.2808723449707,
      "mid_to_side_loudness": -13.213269233703613,
      "mid_to_side_loudness_range": 10.720206260681152,
      "side_mean": -62.155296325683594
    }
  ],
  "bands_short": [
    {
      "high_freq": 148.1999969482422,
      "loudness": -42.23577880859375,
      "loudness_range": 23.4689998626709,
      "mid_mean": -38.98380661010742,
      "mid_to_side_loudness": -13.628120422363281,
      "mid_to_side_loudness_range": 19.050512313842773,
      "side_mean": -52.96973419189453
    },
    {
      "high_freq": 392.3793640136719,
      "loudness": -24.981801986694336,
      "loudness_range": 19.322322845458984,
      "low_freq": 148.1999969482422,
      "mid_mean": -21.698375701904297,
      "mid_to_side_loudness": -12.803959846496582,
      "mid_to_side_loudness_range": 14.273429870605469,
      "side_mean": -34.36845016479492
    },
    {
      "high_freq": 794.6976318359375,
      "loudness": -23.97775650024414,
      "loudness_range": 18.48796272277832,
      "low_freq": 392.3793640136719,
      "mid_mean": -20.903959274291992,
      "mid_to_side_loudness": -10.432958602905273,
      "mid_to_side_loudness_range": 13.834970474243164,
      "side_mean": -31.417984008789062
    },
    {
      "high_freq": 1457.5709228515625,
      "loudness": -32.90948486328125,
      "loudness_range": 19.974245071411133,
      "low_freq": 794.6976318359375,
      "mid_mean": -29.797266006469727,
      "mid_to_side_loudness": -10.648431777954102,
      "mid_to_side_loudness_range": 13.765606880187988,
      "side_mean": -40.65566635131836
    },
    {
      "high_freq": 2549.74365234375,
      "loudness": -34.868656158447266,
      "loudness_range": 17.283214569091797,
      "low_freq": 1457.5709228515625,
      "mid_mean": -31.694284439086914,
      "mid_to_side_loudness": -10.265924453735352,
      "mid_to_side_loudness_range": 10.32674789428711,
      "side_mean": -42.264076232910156
    },
    {
      "high_freq": 4349.24462890625,
      "loudness": -39.57196044921875,
      "loudness_range": 18.954816818237305,
      "low_freq": 2549.74365234375,
      "mid_mean": -36.5032844543457,
      "mid_to_side_loudness": -9.319083213806152,
      "mid_to_side_loudness_range": 9.281765937805176,
      "side_mean": -46.28837966918945
    },
    {
      "high_freq": 7314.1640625,
      "loudness": -42.64496994018555,
      "loudness_range": 23.655702590942383,
      "low_freq": 4349.24462890625,
      "mid_mean": -39.586204528808594,
      "mid_to_side_loudness": -9.766396522521973,
      "mid_to_side_loudness_range": 9.585844993591309,
      "side_mean": -51.08008575439453
    },
    {
      "high_freq": 12199.2666015625,
      "loudness": -51.43485641479492,
      "loudness_range": 31.173301696777344,
      "low_freq": 7314.1640625,
      "mid_mean": -48.364898681640625,
      "mid_to_side_loudness": -10.316094398498535,
      "mid_to_side_loudness_range": 10.74380874633789,
      "side_mean": -58.26410675048828
    },
    {
      "loudness": -58.46567153930664,
      "loudness_range": 26.962955474853516,
      "low_freq": 12199.2666015625,
      "mid_mean": -55.0519905090332,
      "mid_to_side_loudness": -10.436687469482422,
      "mid_to_side_loudness_range": 11.441940307617188,
      "side_mean": -63.813743591308594
    }
  ],
  "channels": 2,
  "covariance": [
    [
      54.08867263793945,
      35.74424362182617,
      24.435012817382812,
      15.35722827911377,
      13.366927146911621,
      8.26391315460205,
      15.005288124084473,
      11.876214981079102,
      16.525102615356445,
      14.701520919799805,
      14.437311172485352,
      14.999847412109375,
      18.779626846313477,
      23.898502349853516,
      21.01422691345215,
      19.826086044311523,
      25.62596893310547,
      12.1135835647583
    ],
    [
      35.74424362182617,
      40.49264144897461,
      18.109949111938477,
      13.534832000732422,
      12.30444049835205,
      9.333518981933594,
      13.084390640258789,
      12.551105499267578,
      12.74703311920166,
      11.904851913452148,
      10.50727367401123,
      11.22238540649414,
      13.123990058898926,
      19.149179458618164,
      14.667847633361816,
      15.39184284210205,
      19.05829620361328,
      8.901477813720703
    ],
    [
      24.435012817382812,
      18.109949111938477,
      42.540626525878906,
      26.06229591369629,
      14.6395845413208,
      8.275875091552734,
      12.795120239257812,
      12.872686386108398,
      17.276952743530273,
      16.81062889099121,
      17.81180763244629,
      18.946590423583984,
      20.057222366333008,
      28.465776443481445,
      21.900163650512695,
      22.600496292114258,
      26.92938995361328,
      12.706488609313965
    ],
    [
      15.35722827911377,
      13.534832000732422,
      26.06229591369629,
      28.97479820251465,
      15.538445472717285,
      10.791011810302734,
      12.88048267364502,
      12.008724212646484,
      14.746405601501465,
      13.800782203674316,
      14.515931129455566,
      15.612930297851562,
      16.556983947753906,
      21.27020835876465,
      19.10025978088379,
      18.540687561035156,
      22.517681121826172,
      11.217016220092773
    ],
    [
      13.366927146911621,
      12.30444049835205,
      14.6395845413208,
      15.538445472717285,
      41.6190299987793,
      30.041030883789062,
      31.506689071655273,
      26.24382781982422,
      23.742143630981445,
      20.356983184814453,
      20.83793830871582,
      20.247295379638672,
      23.15513038635254,
      28.0505428314209,
      27.13394546508789,
      25.555862426757812,
      32.988197326660156,
      16.788217544555664
    ],
    [
      8.26391315460205,
      9.333518981933594,
      8.275875091552734,
      10.791011810302734,
      30.041030883789062,
      34.02133560180664,
      26.29315185546875,
      24.215412139892578,
      17.83095359802246,
      16.10426139831543,
      15.449206352233887,
      15.300345420837402,
      16.886377334594727,
      20.69847297668457,
      18.878793716430664,
      18.09215545654297,
      23.717506408691406,
      11.82757568359375
    ],
    [
      15.005288124084473,
      13.084390640258789,
      12.795120239257812,
      12.88048267364502,
      31.506689071655273,
      26.29315185546875,
      43.501014709472656,
      29.71424674987793,
      25.808650970458984,
      21.613571166992188,
      21.64677619934082,
      20.870851516723633,
      23.386960983276367,
      26.5266056060791,
      27.662229537963867,
      25.15805435180664,
      32.52105712890625,
      16.948413848876953
    ],
    [
      11.876214981079102,
      12.551105499267578,
      12.872686386108398,
      12.008724212646484,
      26.24382781982422,
      24.215412139892578,
      29.71424674987793,
      32.2486457824707,
      18.547225952148438,
      17.83709144592285,
      16.088802337646484,
      16.173154830932617,
      16.867162704467773,
      22.764633178710938,
      18.8778018951416,
      19.078502655029297,
      24.01293182373047,
      12.057551383972168
    ],
    [
      16.525102615356445,
      12.74703311920166,
      17.276952743530273,
      14.746405601501465,
      23.742143630981445,
      17.83095359802246,
      25.808650970458984,
      18.547225952148438,
      33.23284912109375,
      25.05459213256836,
      24.20630645751953,
      23.652538299560547,
      28.759532928466797,
      30.14129066467285,
      31.106983184814453,
      27.30288314819336,
      32.698638916015625,
      17.100988388061523
    ],
    [
      14.701520919799805,
      11.904851913452148,
      16.81062889099121,
      13.800782203674316,
      20.356983184814453,
      16.10426139831543,
      21.613571166992188,
      17.83709144592285,
      25.05459213256836,
      25.83259391784668,
      18.888700485229492,
      19.3543643951416,
      21.937292098999023,
      26.30125617980957,
      23.742673873901367,
      22.4456729888916,
      26.565771102905273,
      13.665878295898438
    ],
    [
      14.437311172485352,
      10.50727367401123,
      17.81180763244629,
      14.515931129455566,
      20.83793830871582,
      15.449206352233887,
      21.64677619934082,
      16.088802337646484,
      24.20630645751953,
      18.888700485229492,
      35.215553283691406,
      28.551340103149414,
      34.361778259277344,
      32.595829010009766,
      36.943721771240234,
      30.386646270751953,
      37.28873825073242,
      19.717084884643555
    ],
    [
      14.999847412109375,
      11.22238540649414,
      18.946590423583984,
      15.612930297851562,
      20.247295379638672,
      15.300345420837402,
      20.870851516723633,
      16.173154830932617,
      23.652538299560547,
      19.3543643951416,
      28.551340103149414,
      30.147850036621094,
      29.26252555847168,
      31.825531005859375,
      31.55425453186035,
      27.74260139465332,
      32.62592697143555,
      17.015827178955078
    ],
    [
      18.779626846313477,
      13.123990058898926,
      20.057222366333008,
      16.556983947753906,
      23.15513038635254,
      16.886377334594727,
      23.386960983276367,
      16.867162704467773,
      28.759532928466797,
      21.937292098999023,
      34.361778259277344,
      29.26252555847168,
      49.793182373046875,
      41.639259338378906,
      49.028663635253906,
      38.555030822753906,
      48.380104064941406,
      25.46677017211914
    ],
    [
      23.898502349853516,
      19.149179458618164,
      28.465776443481445,
      21.27020835876465,
      28.0505428314209,
      20.69847297668457,
      26.5266056060791,
      22.764633178710938,
      30.14129066467285,
      26.30125617980957,
      32.595829010009766,
      31.825531005859375,
      41.639259338378906,
      55.747737884521484,
      43.22209930419922,
      44.034881591796875,
      51.89078140258789,
      26.086641311645508
    ],
    [
      21.01422691345215,
      14.667847633361816,
      21.900163650512695,
      19.10025978088379,
      27.13394546508789,
      18.878793716430664,
      27.662229537963867,
      18.8778018951416,
      31.106983184814453,
      23.742673873901367,
      36.943721771240234,
      31.55425453186035,
      49.028663635253906,
      43.22209930419922,
      64.67222595214844,
      47.58913803100586,
      59.985084533691406,
      31.18636131286621
    ],
    [
      19.826086044311523,
      15.39184284210205,
      22.600496292114258,
      18.540687561035156,
      25.555862426757812,
      18.09215545654297,
      25.15805435180664,
      19.078502655029297,
      27.30288314819336,
      22.4456729888916,
      30.386646270751953,
      27.74260139465332,
      38.555030822753906,
      44.034881591796875,
      47.58913803100586,
      47.556243896484375,
      57.47049331665039,
      28.988920211791992
    ],
    [
      25.62596893310547,
      19.05829620361328,
      26.92938995361328,
      22.517681121826172,
      32.988197326660156,
      23.717506408691406,
      32.52105712890625,
      24.01293182373047,
      32.698638916015625,
      26.565771102905273,
      37.28873825073242,
      32.62592697143555,
      48.380104064941406,
      51.89078140258789,
      59.985084533691406,
      57.47049331665039,
      80.71623992919922,
      40.282039642333984
    ],
    [
      12.1135835647583,
      8.901477813720703,
      12.706488609313965,
      11.217016220092773,
      16.788217544555664,
      11.82757568359375,
      16.948413848876953,
      12.057551383972168,
      17.100988388061523,
      13.665878295898438,
      19.717084884643555,
      17.015827178955078,
      25.46677017211914,
      26.086641311645508,
      31.18636131286621,
      28.988920211791992,
      40.282039642333984,
      22.396554946899414
    ]
  ],
  "covariance_short": [
    [
      68.54020690917969,
      34.41539001464844,
      32.16526412963867,
      19.44352149963379,
      15.969338417053223,
      8.655211448669434,
      16.38938331604004,
      11.057913780212402,
      19.116146087646484,
      15.790912628173828,
      17.90188980102539,
      17.915613174438477,
      23.281723022460938,
      30.904138565063477,
      35.0722770690918,
      23.82940101623535,
      25.489992141723633,
      13.173138618469238
    ],
    [
      34.41539001464844,
      49.03443908691406,
      21.276988983154297,
      18.16004180908203,
      13.380284309387207,
      10.651005744934082,
      13.791313171386719,
      12.685758590698242,
      13.44786262512207,
      12.349749565124512,
      10.069550514221191,
      12.284238815307617,
      11.577451705932617,
      26.88086700439453,
      20.226093292236328,
      17.618310928344727,
      16.581127166748047,
      7.665151596069336
    ],
    [
      32.16526412963867,
      21.276988983154297,
      47.38911819458008,
      27.682538986206055,
      15.991004943847656,
      9.188411712646484,
      13.37274169921875,
      11.442314147949219,
      19.29351043701172,
      16.958343505859375,
      19.60515022277832,
      19.990386962890625,
      21.988840103149414,
      30.0189208984375,
      31.21790885925293,
      21.293411254882812,
      19.461700439453125,
      9.757147789001465
    ],
    [
      19.44352149963379,
      18.16004180908203,
      27.682538986206055,
      33.77640914916992,
      14.179341316223145,
      11.534558296203613,
      11.21440601348877,
      10.54330825805664,
      14.253726959228516,
      13.2303466796875,
      14.18088436126709,
      15.13594913482666,
      15.29900074005127,
      21.405384063720703,
      23.16506004333496,
      15.889039993286133,
      14.537603378295898,
      7.328878402709961
    ],
    [
      15.969338417053223,
      13.380284309387207,
      15.991004943847656,
      14.179341316223145,
      46.0616455078125,
      28.26215362548828,
      33.31937026977539,
      25.855634689331055,
      26.52823257446289,
      21.766372680664062,
      24.742965698242188,
      23.50905418395996,
      26.889556884765625,
      31.43134117126465,
      38.56352233886719,
      27.73842430114746,
      27.56764030456543,
      15.600979804992676
    ],
    [
      8.655211448669434,
      10.651005744934082,
      9.188411712646484,
      11.534558296203613,
      28.26215362548828,
      35.311004638671875,
      24.63404083251953,
      22.60700225830078,
      18.194347381591797,
      16.829238891601562,
      15.258938789367676,
      16.33219337463379,
      15.62801456451416,
      21.44724464416504,
      24.208528518676758,
      17.307186126708984,
      16.390676498413086,
      9.108220100402832
    ],
    [
      16.38938331604004,
      13.791313171386719,
      13.37274169921875,
      11.21440601348877,
      33.31937026977539,
      24.63404083251953,
      49.27737808227539,
      29.763471603393555,
      29.89855194091797,
      23.346534729003906,
      25.730260848999023,
      23.940580368041992,
      27.555068969726562,
      30.061973571777344,
      38.02133560180664,
      27.30971908569336,
      26.897708892822266,
      15.352272033691406
    ],
    [
      11.057913780212402,
      12.685758590698242,
      11.442314147949219,
      10.54330825805664,
      25.855634689331055,
      22.60700225830078,
      29.763471603393555,
      34.906551361083984,
      19.023405075073242,
      18.118669509887695,
      15.996553421020508,
      17.02566909790039,
      15.726302146911621,
      22.795562744140625,
      24.41704559326172,
      17.51011848449707,
      16.056198120117188,
      9.044248580932617
    ],
    [
      19.116146087646484,
      13.44786262512207,
      19.29351043701172,
      14.253726959228516,
      26.52823257446289,
      18.194347381591797,
      29.89855194091797,
      19.023405075073242,
      41.72194290161133,
      28.71844482421875,
      31.692975997924805,
      29.190610885620117,
      37.28658676147461,
      37.22801208496094,
      44.414764404296875,
      31.683528900146484,
      30.14719009399414,
      17.041959762573242
    ],
    [
      15.790912628173828,
      12.349749565124512,
      16.958343505859375,
      13.2303466796875,
      21.766372680664062,
      16.829238891601562,
      23.346534729003906,
      18.118669509887695,
      28.71844482421875,
      29.892837524414062,
      21.99563980102539,
      22.515216827392578,
      25.19061279296875,
      29.572603225708008,
      32.10150909423828,
      23.4392032623291,
      20.620555877685547,
      11.927021026611328
    ],
    [
      17.90188980102539,
      10.069550514221191,
      19.60515022277832,
      14.18088436126709,
      24.742965698242188,
      15.258938789367676,
      25.730260848999023,
      15.996553421020508,
      31.692975997924805,
      21.99563980102539,
      48.480445861816406,
      36.04731369018555,
      48.19574737548828,
      42.45577621459961,
      55.31774139404297,
      39.01096725463867,
      40.96372985839844,
      22.320682525634766
    ],
    [
      17.915613174438477,
      12.284238815307617,
      19.990386962890625,
      15.13594913482666,
      23.50905418395996,
      16.33219337463379,
      23.940580368041992,
      17.02566909790039,
      29.190610885620117,
      22.515216827392578,
      36.04731369018555,
      37.58281707763672,
      37.588069915771484,
      39.104393005371094,
      45.91525650024414,
      33.087833404541016,
      31.558568954467773,
      17.546239852905273
    ],
    [
      23.281723022460938,
      11.577451705932617,
      21.988840103149414,
      15.29900074005127,
      26.889556884765625,
      15.62801456451416,
      27.555068969726562,
      15.726302146911621,
      37.28658676147461,
      25.19061279296875,
      48.19574737548828,
      37.588069915771484,
      71.92923736572266,
      54.993446350097656,
      74.1308822631836,
      51.25030517578125,
      57.79638671875,
      30.45810890197754
    ],
    [
      30.904138565063477,
      26.88086700439453,
      30.0189208984375,
      21.405384063720703,
      31.43134117126465,
      21.44724464416504,
      30.061973571777344,
      22.795562744140625,
      37.22801208496094,
      29.572603225708008,
      42.45577621459961,
      39.104393005371094,
      54.993446350097656,
      72.05326843261719,
      72.44802856445312,
      54.45296859741211,
      55.301910400390625,
      28.968097686767578
    ],
    [
      35.0722770690918,
      20.226093292236328,
      31.21790885925293,
      23.16506004333496,
      38.56352233886719,
      24.208528518676758,
      38.02133560180664,
      24.41704559326172,
      44.414764404296875,
      32.10150909423828,
      55.31774139404297,
      45.91525650024414,
      74.1308822631836,
      72.44802856445312,
      110.20529174804688,
      71.49639129638672,
      82.68757629394531,
      41.54484939575195
    ],
    [
      23.82940101623535,
      17.618310928344727,
      21.293411254882812,
      15.889039993286133,
      27.73842430114746,
      17.307186126708984,
      27.30971908569336,
      17.51011848449707,
      31.683528900146484,
      23.4392032623291,
      39.01096725463867,
      33.087833404541016,
      51.25030517578125,
      54.45296859741211,
      71.49639129638672,
      53.9844970703125,
      57.11592102050781,
      30.598953247070312
    ],
    [
      25.489992141723633,
      16.581127166748047,
      19.461700439453125,
      14.537603378295898,
      27.56764030456543,
      16.390676498413086,
      26.897708892822266,
      16.056198120117188,
      30.14719009399414,
      20.620555877685547,
      40.96372985839844,
      31.558568954467773,
      57.79638671875,
      55.301910400390625,
      82.68757629394531,
      57.11592102050781,
      84.65119934082031,
      41.13252258300781
    ],
    [
      13.173138618469238,
      7.665151596069336,
      9.757147789001465,
      7.328878402709961,
      15.600979804992676,
      9.108220100402832,
      15.352272033691406,
      9.044248580932617,
      17.041959762573242,
      11.927021026611328,
      22.320682525634766,
      17.546239852905273,
      30.45810890197754,
      28.968097686767578,
      41.54484939575195,
      30.598953247070312,
      41.13252258300781,
      23.7507266998291
    ]
  ],
  "drr": 8.471680641174316,
  "dynamics": 4.189971923828125,
  "format": 1245190,
  "frames": 10835968,
  "loudness": -15.002936363220215,
  "loudness_range": 12.61047649383545,
  "loudness_range_short": 14.710883140563965,
  "peak": -0.0720372349023819,
  "rms": -16.430042266845703,
  "sample_rate": 44100,
  "sections": 1,
  "seekable": 1,
  "sharpness": 2.6147544384002686,
  "space": -11.802382469177246
}