{
  "bands": [
    {
      "high_freq": 148.1999969482422,
      "loudness": -26.871082305908203,
      "loudness_range": 16.759851455688477,
      "mid_mean": -23.711023330688477,
      "mid_to_side_loudness": -11.180072784423828,
      "mid_to_side_loudness_range": 16.222745895385742,
      "side_mean": -35.14496612548828
    },
    {
      "high_freq": 392.3793640136719,
      "loudness": -23.97515869140625,
      "loudness_range": 11.852191925048828,
      "low_freq": 148.1999969482422,
      "mid_mean": -20.85912322998047,
      "mid_to_side_loudness": -9.463672637939453,
      "mid_to_side_loudness_range": 10.620354652404785,
      "side_mean": -30.455991744995117
    },
    {
      "high_freq": 794.6976318359375,
      "loudness": -28.707599639892578,
      "loudness_range": 19.133708953857422,
      "low_freq": 392.3793640136719,
      "mid_mean": -25.891359329223633,
      "mid_to_side_loudness": -8.555704116821289,
      "mid_to_side_loudness_range": 16.383899688720703,
      "side_mean": -34.587955474853516
    },
    {
      "high_freq": 1457.5709228515625,
      "loudness": -35.08903503417969,
      "loudness_range": 27.861059188842773,
      "low_freq": 794.6976318359375,
      "mid_mean": -32.32192611694336,
      "mid_to_side_loudness": -8.671433448791504,
      "mid_to_side_loudness_range": 18.66886329650879,
      "side_mean": -41.29191207885742
    },
    {
      "high_freq": 2549.74365234375,
      "loudness": -37.79688262939453,
      "loudness_range": 25.931291580200195,
      "low_freq": 1457.5709228515625,
      "mid_mean": -34.98865509033203,
      "mid_to_side_loudness": -8.532999992370605,
      "mid_to_side_loudness_range": 17.056602478027344,
      "side_mean": -43.75783920288086
    },
    {
      "high_freq": 4349.24462890625,
      "loudness": -39.587745666503906,
      "loudness_range": 24.2039794921875,
      "low_freq": 2549.74365234375,
      "mid_mean": -36.839298248291016,
      "mid_to_side_loudness": -8.416312217712402,
      "mid_to_side_loudness_range": 16.344158172607422,
      "side_mean": -45.51766586303711
    },
    {
      "high_freq": 7314.1640625,
      "loudness": -43.87327575683594,
      "loudness_range": 20.802711486816406,
      "low_freq": 4349.24462890625,
      "mid_mean": -41.07857131958008,
      "mid_to_side_loudness": -7.832291126251221,
      "mid_to_side_loudness_range": 13.343938827514648,
      "side_mean": -49.54143524169922
    },
    {
      "high_freq": 12199.2666015625,
      "loudness": -46.830718994140625,
      "loudness_range": 20.534873962402344,
      "low_freq": 7314.1640625,
      "mid_mean": -44.14686584472656,
      "mid_to_side_loudness": -7.581096649169922,
      "mid_to_side_loudness_range": 14.104846954345703,
      "side_mean": -52.13242721557617
    },
    {
      "loudness": -54.924598693847656,
      "loudness_range": 22.449779510498047,
      "low_freq": 12199.2666015625,
      "mid_mean": -52.030677795410156,
      "mid_to_side_loudness": -7.245197296142578,
      "mid_to_side_loudness_range": 12.434349060058594,
      "side_mean": -58.63508987426758
    }
  ],
  "bands_short": [
    {
      "high_freq": 148.1999969482422,
      "loudness": -32.308380126953125,
      "loudness_range": 25.545618057250977,
      "mid_mean": -28.963180541992188,
      "mid_to_side_loudness": -13.556042671203613,
      "mid_to_side_loudness_range": 17.620403289794922,
      "side_mean": -42.99905776977539
    },
    {
      "high_freq": 392.3793640136719,
      "loudness": -23.36594581604004,
      "loudness_range": 12.861907958984375,
      "low_freq": 148.1999969482422,
      "mid_mean": -20.334482192993164,
      "mid_to_side_loudness": -9.200567245483398,
      "mid_to_side_loudness_range": 12.193511009216309,
      "side_mean": -29.683671951293945
    },
    {
      "high_freq": 794.6976318359375,
      "loudness": -29.590295791625977,
      "loudness_range": 21.147571563720703,
      "low_freq": 392.3793640136719,
      "mid_mean": -26.863040924072266,
      "mid_to_side_loudness": -8.337923049926758,
      "mid_to_side_loudness_range": 18.449289321899414,
      "side_mean": -35.373748779296875
    },
    {
      "high_freq": 1457.5709228515625,
      "loudness": -35.28695297241211,
      "loudness_range": 27.883377075195312,
      "low_freq": 794.6976318359375,
      "mid_mean": -32.71745300292969,
      "mid_to_side_loudness": -8.101177215576172,
      "mid_to_side_loudness_range": 20.18682289123535,
      "side_mean": -41.367435455322266
    },
    {
      "high_freq": 2549.74365234375,
      "loudness": -39.866851806640625,
      "loudness_range": 29.92451286315918,
      "low_freq": 1457.5709228515625,
      "mid_mean": -37.113746643066406,
      "mid_to_side_loudness": -8.445380210876465,
      "mid_to_side_loudness_range": 18.39126968383789,
      "side_mean": -45.823936462402344
    },
    {
      "high_freq": 4349.24462890625,
      "loudness": -41.52188491821289,
      "loudness_range": 26.543411254882812,
      "low_freq": 2549.74365234375,
      "mid_mean": -38.873023986816406,
      "mid_to_side_loudness": -8.249519348144531,
      "mid_to_side_loudness_range": 17.35023307800293,
      "side_mean": -47.34840393066406
    },
    {
      "high_freq": 7314.1640625,
      "loudness": -46.06414794921875,
      "loudness_range": 22.4541015625,
      "low_freq": 4349.24462890625,
      "mid_mean": -43.34416580200195,
      "mid_to_side_loudness": -7.730499267578125,
      "mid_to_side_loudness_range": 13.886981010437012,
      "side_mean": -51.61487579345703
    },
    {
      "high_freq": 12199.2666015625,
      "loudness": -49.15633010864258,
      "loudness_range": 23.947513580322266,
      "low_freq": 7314.1640625,
      "mid_mean": -46.94430923461914,
      "mid_to_side_loudness": -7.593972682952881,
      "mid_to_side_loudness_range": 14.383870124816895,
      "side_mean": -54.31889343261719
    },
    {
      "loudness": -57.23469161987305,
      "loudness_range": 23.879352569580078,
      "low_freq": 12199.2666015625,
      "mid_mean": -54.18195724487305,
      "mid_to_side_loudness": -7.579707145690918,
      "mid_to_side_loudness_range": 12.173408508300781,
      "side_mean": -60.88492965698242
    }
  ],
  "channels": 2,
  "covariance": [
    [
      39.083003997802734,
      15.111175537109375,
      9.494454383850098,
      9.625456809997559,
      11.808399200439453,
      15.417776107788086,
      9.09813404083252,
      15.166984558105469,
      9.008476257324219,
      14.575700759887695,
      5.458495140075684,
      10.639144897460938,
      3.6754555702209473,
      9.757122993469238,
      2.862492322921753,
      7.651675224304199,
      3.6522161960601807,
      6.585790157318115
    ],
    [
      15.111175537109375,
      23.25273323059082,
      6.536859035491943,
      6.147964000701904,
      8.474570274353027,
      6.890774250030518,
      7.6023969650268555,
      7.029132843017578,
      9.589498519897461,
      8.88403606414795,
      6.9937744140625,
      8.222953796386719,
      4.552497386932373,
      9.660930633544922,
      5.2003655433654785,
      8.408016204833984,
      7.187994956970215,
      7.066005706787109
    ],
    [
      9.494454383850098,
      6.536859035491943,
      24.39303207397461,
      14.139530181884766,
      24.706947326660156,
      13.214390754699707,
      23.58234977722168,
      17.07242202758789,
      26.180465698242188,
      17.28868293762207,
      23.186492919921875,
      15.40585708618164,
      17.508283615112305,
      16.029539108276367,
      21.1583194732666,
      15.250714302062988,
      20.235153198242188,
      13.555074691772461
    ],
    [
      9.625456809997559,
      6.147964000701904,
      14.139530181884766,
      19.60457992553711,
      15.451522827148438,
      16.20459747314453,
      10.86512279510498,
      15.11906909942627,
      13.49264144897461,
      16.509679794311523,
      10.389616966247559,
      15.24878978729248,
      7.905393600463867,
      16.28874969482422,
      6.531205654144287,
      13.177291870117188,
      8.786445617675781,
      11.338132858276367
    ],
    [
      11.808399200439453,
      8.474570274353027,
      24.706947326660156,
      15.451522827148438,
      49.084964752197266,
      26.326923370361328,
      48.383670806884766,
      30.0623836517334,
      45.054359436035156,
      26.326217651367188,
      39.83851623535156,
      22.82488250732422,
      27.29658317565918,
      19.152746200561523,
      30.30183219909668,
      18.548641204833984,
      29.54618263244629,
      18.023229598999023
    ],
    [
      15.417776107788086,
      6.890774250030518,
      13.214390754699707,
      16.20459747314453,
      26.326923370361328,
      37.25422286987305,
      23.454099655151367,
      29.682695388793945,
      21.34342384338379,
      25.45320701599121,
      17.69500160217285,
      22.120256423950195,
      10.989426612854004,
      17.260053634643555,
      7.382410526275635,
      14.057095527648926,
      10.358452796936035,
      14.836166381835938
    ],
    [
      9.09813404083252,
      7.6023969650268555,
      23.58234977722168,
      10.86512279510498,
      48.383670806884766,
      23.454099655151367,
      85.08590698242188,
      49.077911376953125,
      64.3765869140625,
      32.48605728149414,
      55.64789962768555,
      25.72696876525879,
      33.97492218017578,
      15.1223726272583,
      37.469810485839844,
      15.500724792480469,
      34.55819320678711,
      17.50393295288086
    ],
    [
      15.166984558105469,
      7.029132843017578,
      17.07242202758789,
      15.11906909942627,
      30.0623836517334,
      29.682695388793945,
      49.077911376953125,
      54.610042572021484,
      33.71593475341797,
      30.131444931030273,
      31.066307067871094,
      26.82102394104004,
      19.37611198425293,
      17.9591064453125,
      16.587453842163086,
      15.043265342712402,
      16.89606285095215,
      16.961824417114258
    ],
    [
      9.008476257324219,
      9.589498519897461,
      26.180465698242188,
      13.49264144897461,
      45.054359436035156,
      21.34342384338379,
      64.3765869140625,
      33.71593475341797,
      81.60162353515625,
      42.97127914428711,
      65.40301513671875,
      32.53413391113281,
      46.611351013183594,
      23.83958625793457,
      46.05967330932617,
      22.098735809326172,
      41.510658264160156,
      23.47311019897461
    ],
    [
      14.575700759887695,
      8.88403606414795,
      17.28868293762207,
      16.509679794311523,
      26.326217651367188,
      25.45320701599121,
      32.48605728149414,
      30.131444931030273,
      42.97127914428711,
      42.7210693359375,
      32.0271110534668,
      32.81037521362305,
      23.83211326599121,
      25.65801239013672,
      21.042856216430664,
      20.877601623535156,
      21.292400360107422,
      22.203880310058594
    ],
    [
      5.458495140075684,
      6.9937744140625,
      23.186492919921875,
      10.389616966247559,
      39.83851623535156,
      17.69500160217285,
      55.64789962768555,
      31.066307067871094,
      65.40301513671875,
      32.0271110534668,
      70.56585693359375,
      34.30671310424805,
      51.753196716308594,
      26.511693954467773,
      50.62716293334961,
      25.591440200805664,
      45.58741760253906,
      26.981220245361328
    ],
    [
      10.639144897460938,
      8.222953796386719,
      15.40585708618164,
      15.24878978729248,
      22.82488250732422,
      22.120256423950195,
      25.72696876525879,
      26.82102394104004,
      32.53413391113281,
      32.81037521362305,
      34.30671310424805,
      37.687591552734375,
      27.64861297607422,
      30.45953369140625,
      24.843347549438477,
      26.350906372070312,
      25.89545440673828,
      28.141164779663086
    ],
    [
      3.6754555702209473,
      4.552497386932373,
      17.508283615112305,
      7.905393600463867,
      27.29658317565918,
      10.989426612854004,
      33.97492218017578,
      19.37611198425293,
      46.611351013183594,
      23.83211326599121,
      51.753196716308594,
      27.64861297607422,
      54.69346618652344,
      29.854167938232422,
      50.96456527709961,
      29.519716262817383,
      47.13317108154297,
      31.364686965942383
    ],
    [
      9.757122993469238,
      9.660930633544922,
      16.029539108276367,
      16.28874969482422,
      19.152746200561523,
      17.260053634643555,
      15.1223726272583,
      17.9591064453125,
      23.83958625793457,
      25.65801239013672,
      26.511693954467773,
      30.45953369140625,
      29.854167938232422,
      40.93855285644531,
      28.088598251342773,
      37.462646484375,
      34.9705810546875,
      36.44987487792969
    ],
    [
      2.862492322921753,
      5.2003655433654785,
      21.1583194732666,
      6.531205654144287,
      30.30183219909668,
      7.382410526275635,
      37.469810485839844,
      16.587453842163086,
      46.05967330932617,
      21.042856216430664,
      50.62716293334961,
      24.843347549438477,
      50.96456527709961,
      28.088598251342773,
      60.08039474487305,
      33.360198974609375,
      55.325138092041016,
      35.30998229980469
    ],
    [
      7.651675224304199,
      8.408016204833984,
      15.250714302062988,
      13.177291870117188,
      18.548641204833984,
      14.057095527648926,
      15.500724792480469,
      15.043265342712402,
      22.098735809326172,
      20.877601623535156,
      25.591440200805664,
      26.350906372070312,
      29.519716262817383,
      37.462646484375,
      33.360198974609375,
      40.428993225097656,
      40.894020080566406,
      40.366634368896484
    ],
    [
      3.6522161960601807,
      7.187994956970215,
      20.235153198242188,
      8.786445617675781,
      29.54618263244629,
      10.358452796936035,
      34.55819320678711,
      16.89606285095215,
      41.510658264160156,
      21.292400360107422,
      45.58741760253906,
      25.89545440673828,
      47.13317108154297,
      34.9705810546875,
      55.325138092041016,
      40.894020080566406,
      60.85121536254883,
      45.15959167480469
    ],
    [
      6.585790157318115,
      7.066005706787109,
      13.555074691772461,
      11.338132858276367,
      18.023229598999023,
      14.836166381835938,
      17.50393295288086,
      16.961824417114258,
      23.47311019897461,
      22.203880310058594,
      26.981220245361328,
      28.141164779663086,
      31.364686965942383,
      36.44987487792969,
      35.30998229980469,
      40.366634368896484,
      45.15959167480469,
      47.46772384643555
    ]
  ],
  "covariance_short": [
    [
      81.72034454345703,
      45.115440368652344,
      18.622432708740234,
      11.953291893005371,
      18.09779167175293,
      25.077016830444336,
      13.133245468139648,
      21.73858070373535,
      14.927815437316895,
      24.420217514038086,
      11.034811973571777,
      17.776212692260742,
      8.601941108703613,
      13.968435287475586,
      5.703857421875,
      10.032211303710938,
      4.07016658782959,
      7.97064208984375
    ],
    [
      45.115440368652344,
      48.347930908203125,
      16.057662963867188,
      14.661499977111816,
      16.938884735107422,
      19.827268600463867,
      14.047028541564941,
      19.483722686767578,
      16.07436180114746,
      21.88742446899414,
      13.252058029174805,
      18.24352264404297,
      10.116681098937988,
      16.925838470458984,
      11.343238830566406,
      13.501511573791504,
      8.943583488464355,
      10.63153076171875
    ],
    [
      18.622432708740234,
      16.057662963867188,
      25.92104148864746,
      13.594820022583008,
      24.62265396118164,
      14.453770637512207,
      21.64649200439453,
      17.49239730834961,
      27.109357833862305,
      20.608810424804688,
      23.02434539794922,
      16.678783416748047,
      16.60252571105957,
      15.073939323425293,
      21.9753360748291,
      13.77567195892334,
      16.587488174438477,
      10.792801856994629
    ],
    [
      11.953291893005371,
      14.661499977111816,
      13.594820022583008,
      20.77236557006836,
      15.124870300292969,
      15.662796020507812,
      11.506796836853027,
      15.724274635314941,
      14.150700569152832,
      17.182111740112305,
      10.884199142456055,
      15.037735939025879,
      7.696051120758057,
      14.271818161010742,
      8.666833877563477,
      10.292230606079102,
      6.303998947143555,
      7.727481842041016
    ],
    [
      18.09779167175293,
      16.938884735107422,
      24.62265396118164,
      15.124870300292969,
      58.83021926879883,
      32.160499572753906,
      52.886497497558594,
      35.07679748535156,
      53.989646911621094,
      34.65187454223633,
      45.830902099609375,
      27.8342227935791,
      29.24271011352539,
      20.19135856628418,
      34.90114974975586,
      18.18012809753418,
      27.803449630737305,
      15.162413597106934
    ],
    [
      25.077016830444336,
      19.827268600463867,
      14.453770637512207,
      15.662796020507812,
      32.160499572753906,
      44.73304748535156,
      29.275712966918945,
      34.59598922729492,
      27.667396545410156,
      31.612281799316406,
      21.403762817382812,
      25.040136337280273,
      12.659235954284668,
      17.99453353881836,
      9.030333518981934,
      12.2243013381958,
      8.453901290893555,
      11.111059188842773
    ],
    [
      13.133245468139648,
      14.047028541564941,
      21.64649200439453,
      11.506796836853027,
      52.886497497558594,
      29.275712966918945,
      91.40229797363281,
      54.95001983642578,
      72.93094635009766,
      42.97338104248047,
      60.638099670410156,
      32.7769775390625,
      35.9766731262207,
      18.405689239501953,
      38.03738021850586,
      16.869155883789062,
      32.52252197265625,
      15.900507926940918
    ],
    [
      21.73858070373535,
      19.483722686767578,
      17.49239730834961,
      15.724274635314941,
      35.07679748535156,
      34.59598922729492,
      54.95001983642578,
      67.7636489868164,
      40.522705078125,
      38.54085159301758,
      34.938236236572266,
      32.495487213134766,
      21.094514846801758,
      21.34623908996582,
      16.63250732421875,
      15.254280090332031,
      14.283507347106934,
      13.817122459411621
    ],
    [
      14.927815437316895,
      16.07436180114746,
      27.109357833862305,
      14.150700569152832,
      53.989646911621094,
      27.667396545410156,
      72.93094635009766,
      40.522705078125,
      104.15029907226562,
      61.34797286987305,
      81.22236633300781,
      43.9707145690918,
      58.297733306884766,
      31.840089797973633,
      56.21076583862305,
      28.430110931396484,
      46.39323806762695,
      24.864402770996094
    ],
    [
      24.420217514038086,
      21.88742446899414,
      20.608810424804688,
      17.182111740112305,
      34.65187454223633,
      31.612281799316406,
      42.97338104248047,
      38.54085159301758,
      61.34797286987305,
      61.75776290893555,
      45.338687896728516,
      43.800045013427734,
      33.57431411743164,
      33.58190155029297,
      28.88155174255371,
      26.122554779052734,
      24.39910316467285,
      22.460006713867188
    ],
    [
      11.034811973571777,
      13.252058029174805,
      23.02434539794922,
      10.884199142456055,
      45.830902099609375,
      21.403762817382812,
      60.638099670410156,
      34.938236236572266,
      81.22236633300781,
      45.338687896728516,
      87.68470764160156,
      46.050697326660156,
      64.23670196533203,
      35.699424743652344,
      62.49458694458008,
      33.51450729370117,
      51.47988510131836,
      29.208898544311523
    ],
    [
      17.776212692260742,
      18.24352264404297,
      16.678783416748047,
      15.037735939025879,
      27.8342227935791,
      25.040136337280273,
      32.7769775390625,
      32.495487213134766,
      43.9707145690918,
      43.800045013427734,
      46.050697326660156,
      47.19599533081055,
      36.1654167175293,
      37.332706451416016,
      32.03303909301758,
      30.816116333007812,
      27.49195098876953,
      26.469568252563477
    ],
    [
      8.601941108703613,
      10.116681098937988,
      16.60252571105957,
      7.696051120758057,
      29.24271011352539,
      12.659235954284668,
      35.9766731262207,
      21.094514846801758,
      58.297733306884766,
      33.57431411743164,
      64.23670196533203,
      36.1654167175293,
      66.48310089111328,
      39.288570404052734,
      61.8102912902832,
      38.0723991394043,
      52.03638458251953,
      33.666099548339844
    ],
    [
      13.968435287475586,
      16.925838470458984,
      15.073939323425293,
      14.271818161010742,
      20.19135856628418,
      17.99453353881836,
      18.405689239501953,
      21.34623908996582,
      31.840089797973633,
      33.58190155029297,
      35.699424743652344,
      37.332706451416016,
      39.288570404052734,
      47.85101318359375,
      42.90803909301758,
      42.156253814697266,
      36.0070915222168,
      34.52975082397461
    ],
    [
      5.703857421875,
      11.343238830566406,
      21.9753360748291,
      8.666833877563477,
      34.90114974975586,
      9.030333518981934,
      38.03738021850586,
      16.63250732421875,
      56.21076583862305,
      28.88155174255371,
      62.49458694458008,
      32.03303909301758,
      61.8102912902832,
      42.90803909301758,
      81.53118133544922,
      48.98159408569336,
      64.97271728515625,
      40.57625198364258
    ],
    [
      10.032211303710938,
      13.501511573791504,
      13.77567195892334,
      10.292230606079102,
      18.18012809753418,
      12.2243013381958,
      16.869155883789062,
      15.254280090332031,
      28.430110931396484,
      26.122554779052734,
      33.51450729370117,
      30.816116333007812,
      38.0723991394043,
      42.156253814697266,
      48.98159408569336,
      44.769100189208984,
      41.97187423706055,
      37.78767776489258
    ],
    [
      4.07016658782959,
      8.943583488464355,
      16.587488174438477,
      6.303998947143555,
      27.803449630737305,
      8.453901290893555,
      32.52252197265625,
      14.283507347106934,
      46.39323806762695,
      24.39910316467285,
      51.47988510131836,
      27.49195098876953,
      52.03638458251953,
      36.0070915222168,
      64.97271728515625,
      41.97187423706055,
      61.26358413696289,
      41.14249801635742
    ],
    [
      7.97064208984375,
      10.63153076171875,
      10.792801856994629,
      7.727481842041016,
      15.162413597106934,
      11.111059188842773,
      15.900507926940918,
      13.817122459411621,
      24.864402770996094,
      22.460006713867188,
      29.208898544311523,
      26.469568252563477,
      33.666099548339844,
      34.52975082397461,
      40.57625198364258,
      37.78767776489258,
      41.14249801635742,
      39.013580322265625
    ]
  ],
  "drr": 15.067296981811523,
  "dynamics": 4.403672218322754,
  "format": 1245190,
  "frames": 10428416,
  "loudness": -15.773481369018555,
  "loudness_range": 12.539973258972168,
  "loudness_range_short": 15.042364120483398,
  "peak": -0.33529409766197205,
  "rms": -16.45339012145996,
  "sample_rate": 44100,
  "sections": 1,
  "seekable": 1,
  "sharpness": 2.9369006156921387,
  "space": -10.224377632141113
}