{
  "bands": [
    {
      "high_freq": 148.1999969482422,
      "loudness": -22.664989471435547,
      "loudness_range": 11.425350189208984,
      "mid_mean": -22.1425724029541,
      "mid_to_side_loudness": 0.16752032935619354,
      "mid_to_side_loudness_range": 3.899698495864868,
      "side_mean": -21.932743072509766
    },
    {
      "high_freq": 392.3793640136719,
      "loudness": -24.506526947021484,
      "loudness_range": 9.605855941772461,
      "low_freq": 148.1999969482422,
      "mid_mean": -23.5709228515625,
      "mid_to_side_loudness": -0.6390545964241028,
      "mid_to_side_loudness_range": 3.795001983642578,
      "side_mean": -24.205753326416016
    },
    {
      "high_freq": 794.6976318359375,
      "loudness": -25.032381057739258,
      "loudness_range": 10.99699592590332,
      "low_freq": 392.3793640136719,
      "mid_mean": -24.07330894470215,
      "mid_to_side_loudness": -0.6668574810028076,
      "mid_to_side_loudness_range": 3.5057473182678223,
      "side_mean": -24.73613166809082
    },
    {
      "high_freq": 1457.5709228515625,
      "loudness": -28.20948600769043,
      "loudness_range": 13.223943710327148,
      "low_freq": 794.6976318359375,
      "mid_mean": -27.18465805053711,
      "mid_to_side_loudness": -0.7512909173965454,
      "mid_to_side_loudness_range": 1.9187251329421997,
      "side_mean": -27.93288230895996
    },
    {
      "high_freq": 2549.74365234375,
      "loudness": -27.1982479095459,
      "loudness_range": 18.87158966064453,
      "low_freq": 1457.5709228515625,
      "mid_mean": -26.201805114746094,
      "mid_to_side_loudness": -0.6519719362258911,
      "mid_to_side_loudness_range": 1.0302855968475342,
      "side_mean": -26.87687873840332
    },
    {
      "high_freq": 4349.24462890625,
      "loudness": -27.066015243530273,
      "loudness_range": 15.955678939819336,
      "low_freq": 2549.74365234375,
      "mid_mean": -26.030296325683594,
      "mid_to_side_loudness": -0.7287415266036987,
      "mid_to_side_loudness_range": 1.0208468437194824,
      "side_mean": -26.757862091064453
    },
    {
      "high_freq": 7314.1640625,
      "loudness": -25.960952758789062,
      "loudness_range": 14.552604675292969,
      "low_freq": 4349.24462890625,
      "mid_mean": -24.984142303466797,
      "mid_to_side_loudness": -0.6378433108329773,
      "mid_to_side_loudness_range": 0.7085906267166138,
      "side_mean": -25.622196197509766
    },
    {
      "high_freq": 12199.2666015625,
      "loudness": -30.105867385864258,
      "loudness_range": 10.600561141967773,
      "low_freq": 7314.1640625,
      "mid_mean": -29.18777847290039,
      "mid_to_side_loudness": -0.48942986130714417,
      "mid_to_side_loudness_range": 0.47593116760253906,
      "side_mean": -29.67560386657715
    },
    {
      "loudness": -39.56231689453125,
      "loudness_range": 9.59310531616211,
      "low_freq": 12199.2666015625,
      "mid_mean": -38.665775299072266,
      "mid_to_side_loudness": -0.4245266020298004,
      "mid_to_side_loudness_range": 0.5148477554321289,
      "side_mean": -39.08808135986328
    }
  ],
  "bands_short": [
    {
      "high_freq": 148.1999969482422,
      "loudness": -25.448705673217773,
      "loudness_range": 17.847734451293945,
      "mid_mean": -25.279090881347656,
      "mid_to_side_loudness": 0.5272818207740784,
      "mid_to_side_loudness_range": 8.171483039855957,
      "side_mean": -24.69721794128418
    },
    {
      "high_freq": 392.3793640136719,
      "loudness": -24.247854232788086,
      "loudness_range": 11.592720031738281,
      "low_freq": 148.1999969482422,
      "mid_mean": -23.459667205810547,
      "mid_to_side_loudness": -0.7438754439353943,
      "mid_to_side_loudness_range": 8.438953399658203,
      "side_mean": -24.202266693115234
    },
    {
      "high_freq": 794.6976318359375,
      "loudness": -26.256614685058594,
      "loudness_range": 15.73530387878418,
      "low_freq": 392.3793640136719,
      "mid_mean": -25.444475173950195,
      "mid_to_side_loudness": -0.5927562117576599,
      "mid_to_side_loudness_range": 6.22930908203125,
      "side_mean": -26.028730392456055
    },
    {
      "high_freq": 1457.5709228515625,
      "loudness": -29.301301956176758,
      "loudness_range": 19.772050857543945,
      "low_freq": 794.6976318359375,
      "mid_mean": -28.30069923400879,
      "mid_to_side_loudness": -0.860816478729248,
      "mid_to_side_loudness_range": 3.9716601371765137,
      "side_mean": -29.170948028564453
    },
    {
      "high_freq": 2549.74365234375,
      "loudness": -28.799236297607422,
      "loudness_range": 23.43531608581543,
      "low_freq": 1457.5709228515625,
      "mid_mean": -27.836423873901367,
      "mid_to_side_loudness": -0.60453200340271,
      "mid_to_side_loudness_range": 2.3911948204040527,
      "side_mean": -28.509559631347656
    },
    {
      "high_freq": 4349.24462890625,
      "loudness": -28.203651428222656,
      "loudness_range": 19.515125274658203,
      "low_freq": 2549.74365234375,
      "mid_mean": -27.183284759521484,
      "mid_to_side_loudness": -0.7363532185554504,
      "mid_to_side_loudness_range": 2.306396007537842,
      "side_mean": -27.917341232299805
    },
    {
      "high_freq": 7314.1640625,
      "loudness": -27.46426010131836,
      "loudness_range": 19.56014060974121,
      "low_freq": 4349.24462890625,
      "mid_mean": -26.467308044433594,
      "mid_to_side_loudness": -0.6767381429672241,
      "mid_to_side_loudness_range": 1.7082666158676147,
      "side_mean": -27.14288330078125
    },
    {
      "high_freq": 12199.2666015625,
      "loudness": -32.07056427001953,
      "loudness_range": 17.9448184967041,
      "low_freq": 7314.1640625,
      "mid_mean": -31.173351287841797,
      "mid_to_side_loudness": -0.5084561109542847,
      "mid_to_side_loudness_range": 1.2774323225021362,
      "side_mean": -31.683385848999023
    },
    {
      "loudness": -41.324363708496094,
      "loudness_range": 15.232982635498047,
      "low_freq": 12199.2666015625,
      "mid_mean": -40.41889190673828,
      "mid_to_side_loudness": -0.44327086210250854,
      "mid_to_side_loudness_range": 1.3325730562210083,
      "side_mean": -40.859291076660156
    }
  ],
  "channels": 2,
  "covariance": [
    [
      15.938937187194824,
      16.497163772583008,
      -2.3765034675598145,
      -2.0455188751220703,
      0.8761080503463745,
      1.161191463470459,
      1.4841734170913696,
      1.7862095832824707,
      2.3244500160217285,
      2.373148202896118,
      1.2185673713684082,
      1.2092677354812622,
      0.8903855681419373,
      0.8482831716537476,
      3.2997360229492188,
      3.2674567699432373,
      3.8558831214904785,
      3.868143320083618
    ],
    [
      16.497163772583008,
      19.65764045715332,
      -3.6485233306884766,
      -3.013291120529175,
      0.8830302357673645,
      1.109724998474121,
      1.6592882871627808,
      1.9452892541885376,
      2.887962818145752,
      2.952625274658203,
      1.654528021812439,
      1.6862068176269531,
      1.0725566148757935,
      1.003580093383789,
      3.789592742919922,
      3.7438151836395264,
      4.468809604644775,
      4.4836201667785645
    ],
    [
      -2.3765034675598145,
      -3.6485233306884766,
      11.542474746704102,
      10.912993431091309,
      3.3891398906707764,
      3.078004837036133,
      3.248436689376831,
      3.1685502529144287,
      2.6057345867156982,
      2.473214864730835,
      2.583493947982788,
      2.62905216217041,
      1.5549973249435425,
      1.6474761962890625,
      -1.3959351778030396,
      -1.367952823638916,
      -1.8190900087356567,
      -1.8002650737762451
    ],
    [
      -2.0455188751220703,
      -3.013291120529175,
      10.912993431091309,
      12.30546760559082,
      3.7081613540649414,
      3.5798275470733643,
      3.806433916091919,
      3.769077777862549,
      3.9925169944763184,
      3.801551342010498,
      3.6202192306518555,
      3.6938388347625732,
      2.5891056060791016,
      2.6818623542785645,
      -0.8005414009094238,
      -0.7859558463096619,
      -1.4737404584884644,
      -1.4571369886398315
    ],
    [
      0.8761080503463745,
      0.8830302357673645,
      3.3891398906707764,
      3.7081613540649414,
      17.180131912231445,
      16.505327224731445,
      12.010284423828125,
      11.78482437133789,
      17.470203399658203,
      17.568239212036133,
      12.168221473693848,
      12.113761901855469,
      8.708747863769531,
      8.594748497009277,
      4.794915199279785,
      4.727995872497559,
      3.457415819168091,
      3.452380895614624
    ],
    [
      1.161191463470459,
      1.109724998474121,
      3.078004837036133,
      3.5798275470733643,
      16.505327224731445,
      17.661867141723633,
      12.175140380859375,
      12.278778076171875,
      17.575403213500977,
      17.717700958251953,
      11.801604270935059,
      11.743417739868164,
      8.966130256652832,
      8.873387336730957,
      5.097168445587158,
      5.0384745597839355,
      3.6344213485717773,
      3.6348154544830322
    ],
    [
      1.4841734170913696,
      1.6592882871627808,
      3.248436689376831,
      3.806433916091919,
      12.010284423828125,
      12.175140380859375,
      24.896867752075195,
      24.888864517211914,
      25.4945125579834,
      25.354381561279297,
      18.270496368408203,
      18.35025405883789,
      13.433732032775879,
      13.287493705749512,
      8.0164794921875,
      7.884270668029785,
      5.461041450500488,
      5.385554313659668
    ],
    [
      1.7862095832824707,
      1.9452892541885376,
      3.1685502529144287,
      3.769077777862549,
      11.78482437133789,
      12.278778076171875,
      24.888864517211914,
      25.602153778076172,
      25.53879165649414,
      25.514863967895508,
      17.909454345703125,
      17.994237899780273,
      13.53209400177002,
      13.395547866821289,
      8.180070877075195,
      8.045490264892578,
      5.654371738433838,
      5.588607311248779
    ],
    [
      2.3244500160217285,
      2.887962818145752,
      2.6057345867156982,
      3.9925169944763184,
      17.470203399658203,
      17.575403213500977,
      25.4945125579834,
      25.53879165649414,
      45.230838775634766,
      44.573829650878906,
      33.93589401245117,
      34.0026969909668,
      26.832733154296875,
      26.523677825927734,
      15.780365943908691,
      15.516716003417969,
      10.805941581726074,
      10.641830444335938
    ],
    [
      2.373148202896118,
      2.952625274658203,
      2.473214864730835,
      3.801551342010498,
      17.568239212036133,
      17.717700958251953,
      25.354381561279297,
      25.514863967895508,
      44.573829650878906,
      44.484214782714844,
      33.71937561035156,
      33.78884506225586,
      26.746753692626953,
      26.44283676147461,
      15.82921028137207,
      15.569828033447266,
      10.890892028808594,
      10.72862434387207
    ],
    [
      1.2185673713684082,
      1.654528021812439,
      2.583493947982788,
      3.6202192306518555,
      12.168221473693848,
      11.801604270935059,
      18.270496368408203,
      17.909454345703125,
      33.93589401245117,
      33.71937561035156,
      33.39682388305664,
      33.45917892456055,
      24.74155044555664,
      24.523237228393555,
      15.380915641784668,
      15.156052589416504,
      10.547819137573242,
      10.371362686157227
    ],
    [
      1.2092677354812622,
      1.6862068176269531,
      2.62905216217041,
      3.6938388347625732,
      12.113761901855469,
      11.743417739868164,
      18.35025405883789,
      17.994237899780273,
      34.0026969909668,
      33.78884506225586,
      33.45917892456055,
      33.67374801635742,
      24.87078857421875,
      24.654033660888672,
      15.507010459899902,
      15.283801078796387,
      10.65736198425293,
      10.47707462310791
    ],
    [
      0.8903855681419373,
      1.0725566148757935,
      1.5549973249435425,
      2.5891056060791016,
      8.708747863769531,
      8.966130256652832,
      13.433732032775879,
      13.53209400177002,
      26.832733154296875,
      26.746753692626953,
      24.74155044555664,
      24.87078857421875,
      24.382902145385742,
      24.18796730041504,
      15.665431022644043,
      15.50730037689209,
      11.019271850585938,
      10.910454750061035
    ],
    [
      0.8482831716537476,
      1.003580093383789,
      1.6474761962890625,
      2.6818623542785645,
      8.594748497009277,
      8.873387336730957,
      13.287493705749512,
      13.395547866821289,
      26.523677825927734,
      26.44283676147461,
      24.523237228393555,
      24.654033660888672,
      24.18796730041504,
      24.063095092773438,
      15.546302795410156,
      15.394841194152832,
      10.934877395629883,
      10.828452110290527
    ],
    [
      3.2997360229492188,
      3.789592742919922,
      -1.3959351778030396,
      -0.8005414009094238,
      4.794915199279785,
      5.097168445587158,
      8.0164794921875,
      8.180070877075195,
      15.780365943908691,
      15.82921028137207,
      15.380915641784668,
      15.507010459899902,
      15.665431022644043,
      15.546302795410156,
      15.680625915527344,
      15.58181095123291,
      12.152321815490723,
      12.123331069946289
    ],
    [
      3.2674567699432373,
      3.7438151836395264,
      -1.367952823638916,
      -0.7859558463096619,
      4.727995872497559,
      5.0384745597839355,
      7.884270668029785,
      8.045490264892578,
      15.516716003417969,
      15.569828033447266,
      15.156052589416504,
      15.283801078796387,
      15.50730037689209,
      15.394841194152832,
      15.58181095123291,
      15.514693260192871,
      12.111318588256836,
      12.085612297058105
    ],
    [
      3.8558831214904785,
      4.468809604644775,
      -1.8190900087356567,
      -1.4737404584884644,
      3.457415819168091,
      3.6344213485717773,
      5.461041450500488,
      5.654371738433838,
      10.805941581726074,
      10.890892028808594,
      10.547819137573242,
      10.65736198425293,
      11.019271850585938,
      10.934877395629883,
      12.152321815490723,
      12.111318588256836,
      12.534158706665039,
      12.50806713104248
    ],
    [
      3.868143320083618,
      4.4836201667785645,
      -1.8002650737762451,
      -1.4571369886398315,
      3.452380895614624,
      3.6348154544830322,
      5.385554313659668,
      5.588607311248779,
      10.641830444335938,
      10.72862434387207,
      10.371362686157227,
      10.47707462310791,
      10.910454750061035,
      10.828452110290527,
      12.123331069946289,
      12.085612297058105,
      12.50806713104248,
      12.512324333190918
    ]
  ],
  "covariance_short": [
    [
      43.23649978637695,
      40.13025665283203,
      3.573429822921753,
      3.6354665756225586,
      0.8735619187355042,
      0.9050584435462952,
      2.1389901638031006,
      2.388190746307373,
      3.9746036529541016,
      3.9348864555358887,
      2.721646308898926,
      2.7470765113830566,
      2.490630865097046,
      2.3428738117218018,
      6.2683234214782715,
      6.254687786102295,
      6.549911022186279,
      6.568078517913818
    ],
    [
      40.13025665283203,
      46.80722427368164,
      1.7072510719299316,
      3.3315515518188477,
      0.41962212324142456,
      0.5063723921775818,
      1.8155876398086548,
      2.069257974624634,
      3.772378921508789,
      3.7582151889801025,
      2.44946026802063,
      2.499917984008789,
      2.0297129154205322,
      1.8646787405014038,
      6.07912540435791,
      6.024487495422363,
      6.3138909339904785,
      6.351805210113525
    ],
    [
      3.573429822921753,
      1.7072510719299316,
      19.853988647460938,
      15.225682258605957,
      6.5337934494018555,
      5.89398193359375,
      5.614767551422119,
      5.812206745147705,
      3.4459102153778076,
      3.4475717544555664,
      2.560596466064453,
      2.5329787731170654,
      2.6785781383514404,
      2.802574872970581,
      2.411437511444092,
      2.5109474658966064,
      2.0230700969696045,
      2.0864367485046387
    ],
    [
      3.6354665756225586,
      3.3315515518188477,
      15.225682258605957,
      20.258312225341797,
      7.10773229598999,
      7.0930562019348145,
      5.886651039123535,
      6.040488243103027,
      4.517181396484375,
      4.444324970245361,
      3.213141441345215,
      3.2424914836883545,
      3.6858575344085693,
      3.807858943939209,
      3.233455181121826,
      3.343581438064575,
      2.553471326828003,
      2.6141421794891357
    ],
    [
      0.8735619187355042,
      0.41962212324142456,
      6.5337934494018555,
      7.10773229598999,
      31.860231399536133,
      29.477020263671875,
      22.528642654418945,
      22.395065307617188,
      29.114913940429688,
      29.24370002746582,
      20.321807861328125,
      20.49167823791504,
      16.711395263671875,
      16.760313034057617,
      11.942625999450684,
      11.946645736694336,
      6.711582660675049,
      6.701268672943115
    ],
    [
      0.9050584435462952,
      0.5063723921775818,
      5.89398193359375,
      7.0930562019348145,
      29.477020263671875,
      32.95967483520508,
      21.70279884338379,
      22.040573120117188,
      29.135656356811523,
      29.236228942871094,
      19.74553871154785,
      19.905744552612305,
      17.203067779541016,
      17.24517822265625,
      12.614370346069336,
      12.658199310302734,
      6.8536272048950195,
      6.8602776527404785
    ],
    [
      2.1389901638031006,
      1.8155876398086548,
      5.614767551422119,
      5.886651039123535,
      22.528642654418945,
      21.70279884338379,
      49.522220611572266,
      47.51469421386719,
      44.87368392944336,
      44.62017822265625,
      30.8829345703125,
      31.072107315063477,
      25.08011245727539,
      24.97699737548828,
      18.040132522583008,
      18.003238677978516,
      9.767809867858887,
      9.682493209838867
    ],
    [
      2.388190746307373,
      2.069257974624634,
      5.812206745147705,
      6.040488243103027,
      22.395065307617188,
      22.040573120117188,
      47.51469421386719,
      48.70118713378906,
      44.41657638549805,
      44.2427864074707,
      29.989267349243164,
      30.174028396606445,
      24.779111862182617,
      24.69668197631836,
      17.94364356994629,
      17.905080795288086,
      9.898534774780273,
      9.82174301147461
    ],
    [
      3.9746036529541016,
      3.772378921508789,
      3.4459102153778076,
      4.517181396484375,
      29.114913940429688,
      29.135656356811523,
      44.87368392944336,
      44.41657638549805,
      68.9744644165039,
      67.24870300292969,
      49.49593734741211,
      49.77396774291992,
      43.08812713623047,
      42.991302490234375,
      31.248886108398438,
      31.108850479125977,
      17.89541244506836,
      17.707984924316406
    ],
    [
      3.9348864555358887,
      3.7582151889801025,
      3.4475717544555664,
      4.444324970245361,
      29.24370002746582,
      29.236228942871094,
      44.62017822265625,
      44.2427864074707,
      67.24870300292969,
      67.6180419921875,
      49.293060302734375,
      49.5748291015625,
      43.067237854003906,
      42.964637756347656,
      31.35926055908203,
      31.241222381591797,
      18.082502365112305,
      17.899812698364258
    ],
    [
      2.721646308898926,
      2.44946026802063,
      2.560596466064453,
      3.213141441345215,
      20.321807861328125,
      19.74553871154785,
      30.8829345703125,
      29.989267349243164,
      49.49593734741211,
      49.293060302734375,
      48.4041633605957,
      48.29639434814453,
      41.41259002685547,
      41.46968078613281,
      32.28479766845703,
      32.17629623413086,
      19.411012649536133,
      19.23634910583496
    ],
    [
      2.7470765113830566,
      2.499917984008789,
      2.5329787731170654,
      3.2424914836883545,
      20.49167823791504,
      19.905744552612305,
      31.072107315063477,
      30.174028396606445,
      49.77396774291992,
      49.5748291015625,
      48.29639434814453,
      48.9136962890625,
      41.79650115966797,
      41.866065979003906,
      32.5470085144043,
      32.45043182373047,
      19.58004379272461,
      19.400117874145508
    ],
    [
      2.490630865097046,
      2.0297129154205322,
      2.6785781383514404,
      3.6858575344085693,
      16.711395263671875,
      17.203067779541016,
      25.08011245727539,
      24.779111862182617,
      43.08812713623047,
      43.067237854003906,
      41.41259002685547,
      41.79650115966797,
      44.78461456298828,
      44.73188400268555,
      35.30020523071289,
      35.27456283569336,
      22.791181564331055,
      22.671403884887695
    ],
    [
      2.3428738117218018,
      1.8646787405014038,
      2.802574872970581,
      3.807858943939209,
      16.760313034057617,
      17.24517822265625,
      24.97699737548828,
      24.69668197631836,
      42.991302490234375,
      42.964637756347656,
      41.46968078613281,
      41.866065979003906,
      44.73188400268555,
      45.13954162597656,
      35.46965408325195,
      35.448299407958984,
      22.908836364746094,
      22.791149139404297
    ],
    [
      6.2683234214782715,
      6.07912540435791,
      2.411437511444092,
      3.233455181121826,
      11.942625999450684,
      12.614370346069336,
      18.040132522583008,
      17.94364356994629,
      31.248886108398438,
      31.35926055908203,
      32.28479766845703,
      32.5470085144043,
      35.30020523071289,
      35.46965408325195,
      37.734039306640625,
      37.519859313964844,
      26.745119094848633,
      26.73927879333496
    ],
    [
      6.254687786102295,
      6.024487495422363,
      2.5109474658966064,
      3.343581438064575,
      11.946645736694336,
      12.658199310302734,
      18.003238677978516,
      17.905080795288086,
      31.108850479125977,
      31.241222381591797,
      32.17629623413086,
      32.45043182373047,
      35.27456283569336,
      35.448299407958984,
      37.519859313964844,
      37.80665588378906,
      26.81828498840332,
      26.81640625
    ],
    [
      6.549911022186279,
      6.3138909339904785,
      2.0230700969696045,
      2.553471326828003,
      6.711582660675049,
      6.8536272048950195,
      9.767809867858887,
      9.898534774780273,
      17.89541244506836,
      18.082502365112305,
      19.411012649536133,
      19.58004379272461,
      22.791181564331055,
      22.908836364746094,
      26.745119094848633,
      26.81828498840332,
      24.991554260253906,
      24.8935489654541
    ],
    [
      6.568078517913818,
      6.351805210113525,
      2.0864367485046387,
      2.6141421794891357,
      6.701268672943115,
      6.8602776527404785,
      9.682493209838867,
      9.82174301147461,
      17.707984924316406,
      17.899812698364258,
      19.23634910583496,
      19.400117874145508,
      22.671403884887695,
      22.791149139404297,
      26.73927879333496,
      26.81640625,
      24.8935489654541,
      25.050188064575195
    ]
  ],
  "drr": 14.953654289245605,
  "dynamics": 2.4327328205108643,
  "format": 1245190,
  "frames": 18671616,
  "loudness": -12.276253700256348,
  "loudness_range": 5.939996719360352,
  "loudness_range_short": 8.806560516357422,
  "peak": 0.3494284152984619,
  "rms": -14.923467636108398,
  "sample_rate": 44100,
  "sections": 1,
  "seekable": 1,
  "sharpness": 2.58205509185791,
  "space": -0.3513624370098114
}