{
  "bands": [
    {
      "high_freq": 148.1999969482422,
      "loudness": -41.14235305786133,
      "loudness_range": 20.914892196655273,
      "mid_mean": -39.06757736206055,
      "mid_to_side_loudness": -4.961794853210449,
      "mid_to_side_loudness_range": 10.28787899017334,
      "side_mean": -43.991249084472656
    },
    {
      "high_freq": 392.3793640136719,
      "loudness": -28.106767654418945,
      "loudness_range": 19.061256408691406,
      "low_freq": 148.1999969482422,
      "mid_mean": -26.12122344970703,
      "mid_to_side_loudness": -4.107150554656982,
      "mid_to_side_loudness_range": 14.842292785644531,
      "side_mean": -31.13065528869629
    },
    {
      "high_freq": 794.6976318359375,
      "loudness": -20.17780113220215,
      "loudness_range": 16.168277740478516,
      "low_freq": 392.3793640136719,
      "mid_mean": -18.30352210998535,
      "mid_to_side_loudness": -3.6046104431152344,
      "mid_to_side_loudness_range": 9.950475692749023,
      "side_mean": -22.011634826660156
    },
    {
      "high_freq": 1457.5709228515625,
      "loudness": -24.4591064453125,
      "loudness_range": 19.106239318847656,
      "low_freq": 794.6976318359375,
      "mid_mean": -22.999759674072266,
      "mid_to_side_loudness": -2.985055446624756,
      "mid_to_side_loudness_range": 10.696603775024414,
      "side_mean": -25.568443298339844
    },
    {
      "high_freq": 2549.74365234375,
      "loudness": -28.37864875793457,
      "loudness_range": 14.79315185546875,
      "low_freq": 1457.5709228515625,
      "mid_mean": -26.406465530395508,
      "mid_to_side_loudness": -4.460457801818848,
      "mid_to_side_loudness_range": 8.350642204284668,
      "side_mean": -30.35801887512207
    },
    {
      "high_freq": 4349.24462890625,
      "loudness": -35.93400573730469,
      "loudness_range": 15.35053825378418,
      "low_freq": 2549.74365234375,
      "mid_mean": -33.95613098144531,
      "mid_to_side_loudness": -4.1945109367370605,
      "mid_to_side_loudness_range": 7.456141948699951,
      "side_mean": -37.97550964355469
    },
    {
      "high_freq": 7314.1640625,
      "loudness": -45.83388137817383,
      "loudness_range": 21.573116302490234,
      "low_freq": 4349.24462890625,
      "mid_mean": -43.584075927734375,
      "mid_to_side_loudness": -4.64027738571167,
      "mid_to_side_loudness_range": 5.867491245269775,
      "side_mean": -49.76874923706055
    },
    {
      "high_freq": 12199.2666015625,
      "loudness": -57.936100006103516,
      "loudness_range": 23.675575256347656,
      "low_freq": 7314.1640625,
      "mid_mean": -55.766117095947266,
      "mid_to_side_loudness": -3.3435981273651123,
      "mid_to_side_loudness_range": 7.253211498260498,
      "side_mean": -58.3961067199707
    },
    {
      "loudness": -64.83179473876953,
      "loudness_range": 2.3510665893554688,
      "low_freq": 12199.2666015625,
      "mid_mean": -61.457916259765625,
      "mid_to_side_loudness": -5.708998680114746,
      "mid_to_side_loudness_range": 1.2414541244506836,
      "side_mean": -65.73407745361328
    }
  ],
  "bands_short": [
    {
      "high_freq": 148.1999969482422,
      "loudness": -47.96794891357422,
      "loudness_range": 26.622333526611328,
      "mid_mean": -45.881439208984375,
      "mid_to_side_loudness": -4.678050994873047,
      "mid_to_side_loudness_range": 11.991569519042969,
      "side_mean": -50.710601806640625
    },
    {
      "high_freq": 392.3793640136719,
      "loudness": -30.4812068939209,
      "loudness_range": 25.839231491088867,
      "low_freq": 148.1999969482422,
      "mid_mean": -28.594940185546875,
      "mid_to_side_loudness": -4.061777114868164,
      "mid_to_side_loudness_range": 15.54112720489502,
      "side_mean": -33.304054260253906
    },
    {
      "high_freq": 794.6976318359375,
      "loudness": -22.414230346679688,
      "loudness_range": 22.287874221801758,
      "low_freq": 392.3793640136719,
      "mid_mean": -20.72465705871582,
      "mid_to_side_loudness": -3.694059133529663,
      "mid_to_side_loudness_range": 12.206565856933594,
      "side_mean": -24.700864791870117
    },
    {
      "high_freq": 1457.5709228515625,
      "loudness": -26.70684242248535,
      "loudness_range": 25.32022476196289,
      "low_freq": 794.6976318359375,
      "mid_mean": -25.52228546142578,
      "mid_to_side_loudness": -2.7968709468841553,
      "mid_to_side_loudness_range": 14.866144180297852,
      "side_mean": -27.83614730834961
    },
    {
      "high_freq": 2549.74365234375,
      "loudness": -30.914875030517578,
      "loudness_range": 21.628402709960938,
      "low_freq": 1457.5709228515625,
      "mid_mean": -28.96881103515625,
      "mid_to_side_loudness": -4.613946437835693,
      "mid_to_side_loudness_range": 9.91750717163086,
      "side_mean": -33.03230285644531
    },
    {
      "high_freq": 4349.24462890625,
      "loudness": -38.844417572021484,
      "loudness_range": 23.524213790893555,
      "low_freq": 2549.74365234375,
      "mid_mean": -36.85584259033203,
      "mid_to_side_loudness": -4.603075981140137,
      "mid_to_side_loudness_range": 9.175226211547852,
      "side_mean": -41.39812088012695
    },
    {
      "high_freq": 7314.1640625,
      "loudness": -49.929508209228516,
      "loudness_range": 29.117816925048828,
      "low_freq": 4349.24462890625,
      "mid_mean": -49.29908752441406,
      "mid_to_side_loudness": -4.4941725730896,
      "mid_to_side_loudness_range": 6.879042625427246,
      "side_mean": -53.50245666503906
    },
    {
      "high_freq": 12199.2666015625,
      "loudness": -61.02555847167969,
      "loudness_range": 23.36440658569336,
      "low_freq": 7314.1640625,
      "mid_mean": -58.428192138671875,
      "mid_to_side_loudness": -3.8909244537353516,
      "mid_to_side_loudness_range": 7.632742404937744,
      "side_mean": -61.2819938659668
    },
    {
      "loudness": -64.9448013305664,
      "loudness_range": 2.063751220703125,
      "low_freq": 12199.2666015625,
      "mid_mean": -61.558349609375,
      "mid_to_side_loudness": -5.7504353523254395,
      "mid_to_side_loudness_range": 1.675163745880127,
      "side_mean": -65.84774017333984
    }
  ],
  "channels": 2,
  "covariance": [
    [
      61.698116302490234,
      63.35541534423828,
      25.8533935546875,
      33.06079864501953,
      9.189080238342285,
      10.150014877319336,
      17.475244522094727,
      14.408231735229492,
      16.396541595458984,
      15.016932487487793,
      12.74404525756836,
      9.858857154846191,
      7.745951175689697,
      33.64278793334961,
      16.99689483642578,
      18.446165084838867,
      1.133532166481018,
      1.252769947052002
    ],
    [
      63.35541534423828,
      74.50202178955078,
      24.819976806640625,
      36.83673858642578,
      10.07166576385498,
      11.795761108398438,
      19.314899444580078,
      16.96455955505371,
      19.119382858276367,
      18.080883026123047,
      15.385055541992188,
      12.46591854095459,
      9.486233711242676,
      35.812679290771484,
      19.01131820678711,
      20.449119567871094,
      1.3291757106781006,
      1.485133171081543
    ],
    [
      25.8533935546875,
      24.819976806640625,
      53.40781021118164,
      33.47087097167969,
      14.713017463684082,
      10.139838218688965,
      12.427931785583496,
      10.942777633666992,
      13.803791046142578,
      12.18970012664795,
      16.843021392822266,
      12.365367889404297,
      16.428913116455078,
      25.123046875,
      15.66910457611084,
      17.498353958129883,
      0.2205253690481186,
      0.2809846103191376
    ],
    [
      33.06079864501953,
      36.83673858642578,
      33.47087097167969,
      48.79181671142578,
      9.715994834899902,
      10.871927261352539,
      11.785087585449219,
      8.876900672912598,
      14.411441802978516,
      12.85742473602295,
      12.186590194702148,
      10.363125801086426,
      8.011224746704102,
      25.776363372802734,
      13.884452819824219,
      15.441744804382324,
      0.5724917054176331,
      0.6700268387794495
    ],
    [
      9.189080238342285,
      10.07166576385498,
      14.713017463684082,
      9.715994834899902,
      39.34090805053711,
      31.568708419799805,
      9.25379467010498,
      15.293219566345215,
      24.47476577758789,
      18.650054931640625,
      22.09403419494629,
      20.07009506225586,
      25.25458335876465,
      27.482683181762695,
      20.989757537841797,
      25.110919952392578,
      0.8627620935440063,
      0.9990025162696838
    ],
    [
      10.150014877319336,
      11.795761108398438,
      10.139838218688965,
      10.871927261352539,
      31.568708419799805,
      38.41981506347656,
      11.713031768798828,
      14.711220741271973,
      26.05499839782715,
      22.132116317749023,
      22.48084259033203,
      23.1689510345459,
      25.155752182006836,
      28.616554260253906,
      20.46495819091797,
      23.44880485534668,
      0.7895734906196594,
      1.042022943496704
    ],
    [
      17.475244522094727,
      19.314899444580078,
      12.427931785583496,
      11.785087585449219,
      9.25379467010498,
      11.713031768798828,
      50.38324737548828,
      37.09755325317383,
      20.300445556640625,
      18.217689514160156,
      22.882287979125977,
      24.765274047851562,
      26.9586238861084,
      39.14430236816406,
      29.751768112182617,
      31.70509147644043,
      2.978614091873169,
      3.352231502532959
    ],
    [
      14.408231735229492,
      16.96455955505371,
      10.942777633666992,
      8.876900672912598,
      15.293219566345215,
      14.711220741271973,
      37.09755325317383,
      40.44624328613281,
      22.82914161682129,
      19.26308822631836,
      21.70394515991211,
      21.600927352905273,
      27.138628005981445,
      35.23856735229492,
      28.911550521850586,
      32.24945831298828,
      2.8619234561920166,
      3.1695876121520996
    ],
    [
      16.396541595458984,
      19.119382858276367,
      13.803791046142578,
      14.411441802978516,
      24.47476577758789,
      26.05499839782715,
      20.300445556640625,
      22.82914161682129,
      33.274898529052734,
      25.08216667175293,
      23.40243148803711,
      22.208494186401367,
      25.817201614379883,
      30.971914291381836,
      24.688432693481445,
      28.86111068725586,
      1.9943443536758423,
      2.226280689239502
    ],
    [
      15.016932487487793,
      18.080883026123047,
      12.18970012664795,
      12.85742473602295,
      18.650054931640625,
      22.132116317749023,
      18.217689514160156,
      19.26308822631836,
      25.08216667175293,
      27.84861183166504,
      23.63819694519043,
      23.503841400146484,
      25.068435668945312,
      29.41789436340332,
      21.13335609436035,
      23.387937545776367,
      1.5526002645492554,
      1.8313863277435303
    ],
    [
      12.74404525756836,
      15.385055541992188,
      16.843021392822266,
      12.186590194702148,
      22.09403419494629,
      22.48084259033203,
      22.882287979125977,
      21.70394515991211,
      23.40243148803711,
      23.63819694519043,
      35.65446472167969,
      33.0959587097168,
      36.702117919921875,
      37.5069694519043,
      29.1889591217041,
      31.012008666992188,
      2.3085200786590576,
      2.5127065181732178
    ],
    [
      9.858857154846191,
      12.46591854095459,
      12.365367889404297,
      10.363125801086426,
      20.07009506225586,
      23.1689510345459,
      24.765274047851562,
      21.600927352905273,
      22.208494186401367,
      23.503841400146484,
      33.0959587097168,
      40.078529357910156,
      39.41779708862305,
      40.841941833496094,
      30.67723274230957,
      32.011817932128906,
      2.4501099586486816,
      2.751131534576416
    ],
    [
      7.745951175689697,
      9.486233711242676,
      16.428913116455078,
      8.011224746704102,
      25.25458335876465,
      25.155752182006836,
      26.9586238861084,
      27.138628005981445,
      25.817201614379883,
      25.068435668945312,
      36.702117919921875,
      39.41779708862305,
      54.69941711425781,
      51.302852630615234,
      41.88011932373047,
      45.65410614013672,
      3.112009048461914,
      3.4440348148345947
    ],
    [
      33.64278793334961,
      35.812679290771484,
      25.123046875,
      25.776363372802734,
      27.482683181762695,
      28.616554260253906,
      39.14430236816406,
      35.23856735229492,
      30.971914291381836,
      29.41789436340332,
      37.5069694519043,
      40.841941833496094,
      51.302852630615234,
      80.32286834716797,
      53.35844039916992,
      56.73299789428711,
      4.638706207275391,
      4.671095848083496
    ],
    [
      16.99689483642578,
      19.01131820678711,
      15.66910457611084,
      13.884452819824219,
      20.989757537841797,
      20.46495819091797,
      29.751768112182617,
      28.911550521850586,
      24.688432693481445,
      21.13335609436035,
      29.1889591217041,
      30.67723274230957,
      41.88011932373047,
      53.35844039916992,
      48.733123779296875,
      52.158512115478516,
      5.697814464569092,
      5.215167999267578
    ],
    [
      18.446165084838867,
      20.449119567871094,
      17.498353958129883,
      15.441744804382324,
      25.110919952392578,
      23.44880485534668,
      31.70509147644043,
      32.24945831298828,
      28.86111068725586,
      23.387937545776367,
      31.012008666992188,
      32.011817932128906,
      45.65410614013672,
      56.73299789428711,
      52.158512115478516,
      58.736576080322266,
      5.642585277557373,
      5.341704368591309
    ],
    [
      1.133532166481018,
      1.3291757106781006,
      0.2205253690481186,
      0.5724917054176331,
      0.8627620935440063,
      0.7895734906196594,
      2.978614091873169,
      2.8619234561920166,
      1.9943443536758423,
      1.5526002645492554,
      2.3085200786590576,
      2.4501099586486816,
      3.112009048461914,
      4.638706207275391,
      5.697814464569092,
      5.642585277557373,
      1.7991176843643188,
      1.3689987659454346
    ],
    [
      1.252769947052002,
      1.485133171081543,
      0.2809846103191376,
      0.6700268387794495,
      0.9990025162696838,
      1.042022943496704,
      3.352231502532959,
      3.1695876121520996,
      2.226280689239502,
      1.8313863277435303,
      2.5127065181732178,
      2.751131534576416,
      3.4440348148345947,
      4.671095848083496,
      5.215167999267578,
      5.341704368591309,
      1.3689987659454346,
      1.2111281156539917
    ]
  ],
  "covariance_short": [
    [
      78.31654357910156,
      72.69346618652344,
      37.69915771484375,
      39.02680587768555,
      14.842968940734863,
      19.82112693786621,
      27.788015365600586,
      22.416236877441406,
      26.32956886291504,
      27.003707885742188,
      24.138134002685547,
      23.761255264282227,
      39.90202713012695,
      38.16004943847656,
      18.467697143554688,
      19.58916664123535,
      1.9661911725997925,
      2.048332691192627
    ],
    [
      72.69346618652344,
      87.28460693359375,
      36.657073974609375,
      42.1993408203125,
      14.044343948364258,
      19.89034080505371,
      27.336515426635742,
      22.937095642089844,
      27.323339462280273,
      28.20592498779297,
      25.735414505004883,
      25.088253021240234,
      39.7171630859375,
      41.330284118652344,
      22.100387573242188,
      22.92255401611328,
      4.037721157073975,
      3.0836989879608154
    ],
    [
      37.69915771484375,
      36.657073974609375,
      84.9881591796875,
      61.702552795410156,
      35.939857482910156,
      32.51361083984375,
      32.81053924560547,
      27.108797073364258,
      32.20114517211914,
      33.07224655151367,
      38.417396545410156,
      33.55588150024414,
      48.904048919677734,
      42.82285690307617,
      21.555356979370117,
      23.582918167114258,
      0.9418691992759705,
      1.1709883213043213
    ],
    [
      39.02680587768555,
      42.1993408203125,
      61.702552795410156,
      77.06012725830078,
      28.08099937438965,
      30.139223098754883,
      27.201322555541992,
      22.9381160736084,
      32.701866149902344,
      31.73672866821289,
      32.385318756103516,
      30.379545211791992,
      41.636714935302734,
      37.886878967285156,
      18.659818649291992,
      21.15098762512207,
      1.0757064819335938,
      1.245618224143982
    ],
    [
      14.842968940734863,
      14.044343948364258,
      35.939857482910156,
      28.08099937438965,
      68.81668853759766,
      58.809574127197266,
      25.906417846679688,
      32.06592559814453,
      42.440338134765625,
      40.13007354736328,
      41.52000427246094,
      42.07835388183594,
      53.82535934448242,
      48.027130126953125,
      26.5413875579834,
      31.734386444091797,
      1.2542619705200195,
      1.598122000694275
    ],
    [
      19.82112693786621,
      19.89034080505371,
      32.51361083984375,
      30.139223098754883,
      58.809574127197266,
      71.18047332763672,
      32.22492980957031,
      33.933143615722656,
      46.33173370361328,
      44.71599578857422,
      45.9848518371582,
      49.86372756958008,
      58.7068977355957,
      53.69462203979492,
      29.178043365478516,
      33.87177276611328,
      1.5567083358764648,
      1.999328374862671
    ],
    [
      27.788015365600586,
      27.336515426635742,
      32.81053924560547,
      27.201322555541992,
      25.906417846679688,
      32.22492980957031,
      77.95217895507812,
      56.41460037231445,
      47.617942810058594,
      45.936466217041016,
      50.22074890136719,
      52.18325424194336,
      65.359130859375,
      62.482818603515625,
      35.34366989135742,
      38.24223327636719,
      3.312340259552002,
      3.927708387374878
    ],
    [
      22.416236877441406,
      22.937095642089844,
      27.108797073364258,
      22.9381160736084,
      32.06592559814453,
      33.933143615722656,
      56.41460037231445,
      63.61222457885742,
      45.8509635925293,
      44.21480941772461,
      46.88883972167969,
      45.506996154785156,
      58.77313995361328,
      55.979434967041016,
      34.16617965698242,
      38.58000183105469,
      3.333773374557495,
      3.7965011596679688
    ],
    [
      26.32956886291504,
      27.323339462280273,
      32.20114517211914,
      32.701866149902344,
      42.440338134765625,
      46.33173370361328,
      47.617942810058594,
      45.8509635925293,
      61.54816818237305,
      52.480709075927734,
      51.06181335449219,
      50.10393142700195,
      62.22514343261719,
      56.92107391357422,
      34.1942024230957,
      39.77384948730469,
      2.8921115398406982,
      3.287257194519043
    ],
    [
      27.003707885742188,
      28.20592498779297,
      33.07224655151367,
      31.73672866821289,
      40.13007354736328,
      44.71599578857422,
      45.936466217041016,
      44.21480941772461,
      52.480709075927734,
      59.16220474243164,
      53.43700408935547,
      53.951725006103516,
      61.31827163696289,
      57.87862014770508,
      33.071044921875,
      37.13066482543945,
      2.6832258701324463,
      3.1481411457061768
    ],
    [
      24.138134002685547,
      25.735414505004883,
      38.417396545410156,
      32.385318756103516,
      41.52000427246094,
      45.9848518371582,
      50.22074890136719,
      46.88883972167969,
      51.06181335449219,
      53.43700408935547,
      70.0488052368164,
      67.2156753540039,
      71.1877212524414,
      66.4435806274414,
      39.41032028198242,
      42.539283752441406,
      3.3737096786499023,
      3.8241755962371826
    ],
    [
      23.761255264282227,
      25.088253021240234,
      33.55588150024414,
      30.379545211791992,
      42.07835388183594,
      49.86372756958008,
      52.18325424194336,
      45.506996154785156,
      50.10393142700195,
      53.951725006103516,
      67.2156753540039,
      77.47301483154297,
      75.44914245605469,
      72.4832763671875,
      42.478816986083984,
      45.56648635864258,
      3.55369234085083,
      4.088251113891602
    ],
    [
      39.90202713012695,
      39.7171630859375,
      48.904048919677734,
      41.636714935302734,
      53.82535934448242,
      58.7068977355957,
      65.359130859375,
      58.77313995361328,
      62.22514343261719,
      61.31827163696289,
      71.1877212524414,
      75.44914245605469,
      113.79593658447266,
      103.59242248535156,
      59.849849700927734,
      64.43172454833984,
      5.1874237060546875,
      5.537820816040039
    ],
    [
      38.16004943847656,
      41.330284118652344,
      42.82285690307617,
      37.886878967285156,
      48.027130126953125,
      53.69462203979492,
      62.482818603515625,
      55.979434967041016,
      56.92107391357422,
      57.87862014770508,
      66.4435806274414,
      72.4832763671875,
      103.59242248535156,
      101.4418716430664,
      57.94265365600586,
      61.44153594970703,
      6.547379493713379,
      6.11174201965332
    ],
    [
      18.467697143554688,
      22.100387573242188,
      21.555356979370117,
      18.659818649291992,
      26.5413875579834,
      29.178043365478516,
      35.34366989135742,
      34.16617965698242,
      34.1942024230957,
      33.071044921875,
      39.41032028198242,
      42.478816986083984,
      59.849849700927734,
      57.94265365600586,
      45.79574966430664,
      48.08917999267578,
      5.575048923492432,
      5.259369850158691
    ],
    [
      19.58916664123535,
      22.92255401611328,
      23.582918167114258,
      21.15098762512207,
      31.734386444091797,
      33.87177276611328,
      38.24223327636719,
      38.58000183105469,
      39.77384948730469,
      37.13066482543945,
      42.539283752441406,
      45.56648635864258,
      64.43172454833984,
      61.44153594970703,
      48.08917999267578,
      54.41471481323242,
      5.50783109664917,
      5.42106819152832
    ],
    [
      1.9661911725997925,
      4.037721157073975,
      0.9418691992759705,
      1.0757064819335938,
      1.2542619705200195,
      1.5567083358764648,
      3.312340259552002,
      3.333773374557495,
      2.8921115398406982,
      2.6832258701324463,
      3.3737096786499023,
      3.55369234085083,
      5.1874237060546875,
      6.547379493713379,
      5.575048923492432,
      5.50783109664917,
      1.951897144317627,
      1.4510356187820435
    ],
    [
      2.048332691192627,
      3.0836989879608154,
      1.1709883213043213,
      1.245618224143982,
      1.598122000694275,
      1.999328374862671,
      3.927708387374878,
      3.7965011596679688,
      3.287257194519043,
      3.1481411457061768,
      3.8241755962371826,
      4.088251113891602,
      5.537820816040039,
      6.11174201965332,
      5.259369850158691,
      5.42106819152832,
      1.4510356187820435,
      1.3420871496200562
    ]
  ],
  "drr": 8.75090503692627,
  "dynamics": 4.506877422332764,
  "format": 1245190,
  "frames": 6080448,
  "loudness": -12.35178279876709,
  "loudness_range": 10.555060386657715,
  "loudness_range_short": 18.752046585083008,
  "peak": 0.287567675113678,
  "rms": -14.33268928527832,
  "sample_rate": 44100,
  "sections": 1,
  "seekable": 1,
  "sharpness": 5.732184886932373,
  "space": -3.9902424812316895
}