{
  "bands": [
    {
      "high_freq": 148.1999969482422,
      "loudness": -22.547710418701172,
      "loudness_range": 9.29803466796875,
      "mid_mean": -18.987548828125,
      "mid_to_side_loudness": -17.68207359313965,
      "mid_to_side_loudness_range": 16.381412506103516,
      "side_mean": -36.7465705871582
    },
    {
      "high_freq": 392.3793640136719,
      "loudness": -20.32577133178711,
      "loudness_range": 6.742298126220703,
      "low_freq": 148.1999969482422,
      "mid_mean": -17.126073837280273,
      "mid_to_side_loudness": -10.06760311126709,
      "mid_to_side_loudness_range": 9.43069839477539,
      "side_mean": -27.21660804748535
    },
    {
      "high_freq": 794.6976318359375,
      "loudness": -23.276212692260742,
      "loudness_range": 11.457401275634766,
      "low_freq": 392.3793640136719,
      "mid_mean": -20.35457992553711,
      "mid_to_side_loudness": -8.462576866149902,
      "mid_to_side_loudness_range": 11.780000686645508,
      "side_mean": -28.874357223510742
    },
    {
      "high_freq": 1457.5709228515625,
      "loudness": -26.431360244750977,
      "loudness_range": 16.86284065246582,
      "low_freq": 794.6976318359375,
      "mid_mean": -23.72003936767578,
      "mid_to_side_loudness": -7.196722507476807,
      "mid_to_side_loudness_range": 11.867318153381348,
      "side_mean": -30.922964096069336
    },
    {
      "high_freq": 2549.74365234375,
      "loudness": -24.12128257751465,
      "loudness_range": 13.672050476074219,
      "low_freq": 1457.5709228515625,
      "mid_mean": -21.38399887084961,
      "mid_to_side_loudness": -6.8082194328308105,
      "mid_to_side_loudness_range": 8.684699058532715,
      "side_mean": -28.211196899414062
    },
    {
      "high_freq": 4349.24462890625,
      "loudness": -23.851778030395508,
      "loudness_range": 11.137920379638672,
      "low_freq": 2549.74365234375,
      "mid_mean": -20.93379020690918,
      "mid_to_side_loudness": -7.632689952850342,
      "mid_to_side_loudness_range": 7.794739246368408,
      "side_mean": -28.638545989990234
    },
    {
      "high_freq": 7314.1640625,
      "loudness": -29.521085739135742,
      "loudness_range": 13.321296691894531,
      "low_freq": 4349.24462890625,
      "mid_mean": -26.80059051513672,
      "mid_to_side_loudness": -6.710232734680176,
      "mid_to_side_loudness_range": 8.883174896240234,
      "side_mean": -33.55950927734375
    },
    {
      "high_freq": 12199.2666015625,
      "loudness": -30.508569717407227,
      "loudness_range": 12.626976013183594,
      "low_freq": 7314.1640625,
      "mid_mean": -28.286632537841797,
      "mid_to_side_loudness": -4.183152198791504,
      "mid_to_side_loudness_range": 5.6318745613098145,
      "side_mean": -32.509639739990234
    },
    {
      "loudness": -33.20876693725586,
      "loudness_range": 8.127002716064453,
      "low_freq": 12199.2666015625,
      "mid_mean": -31.139612197875977,
      "mid_to_side_loudness": -3.624898910522461,
      "mid_to_side_loudness_range": 4.700392723083496,
      "side_mean": -34.778076171875
    }
  ],
  "bands_short": [
    {
      "high_freq": 148.1999969482422,
      "loudness": -26.81536865234375,
      "loudness_range": 15.947410583496094,
      "mid_mean": -23.355831146240234,
      "mid_to_side_loudness": -17.770660400390625,
      "mid_to_side_loudness_range": 23.103713989257812,
      "side_mean": -41.31821823120117
    },
    {
      "high_freq": 392.3793640136719,
      "loudness": -20.442781448364258,
      "loudness_range": 12.671910285949707,
      "low_freq": 148.1999969482422,
      "mid_mean": -17.24711799621582,
      "mid_to_side_loudness": -11.064671516418457,
      "mid_to_side_loudness_range": 13.375255584716797,
      "side_mean": -28.399547576904297
    },
    {
      "high_freq": 794.6976318359375,
      "loudness": -24.438478469848633,
      "loudness_range": 14.026655197143555,
      "low_freq": 392.3793640136719,
      "mid_mean": -21.674543380737305,
      "mid_to_side_loudness": -8.230830192565918,
      "mid_to_side_loudness_range": 14.834705352783203,
      "side_mean": -29.98037338256836
    },
    {
      "high_freq": 1457.5709228515625,
      "loudness": -26.492202758789062,
      "loudness_range": 18.941883087158203,
      "low_freq": 794.6976318359375,
      "mid_mean": -23.956533432006836,
      "mid_to_side_loudness": -7.034580707550049,
      "mid_to_side_loudness_range": 14.337015151977539,
      "side_mean": -31.040332794189453
    },
    {
      "high_freq": 2549.74365234375,
      "loudness": -25.057701110839844,
      "loudness_range": 17.33884048461914,
      "low_freq": 1457.5709228515625,
      "mid_mean": -22.43605613708496,
      "mid_to_side_loudness": -6.6768670082092285,
      "mid_to_side_loudness_range": 11.290389060974121,
      "side_mean": -29.204805374145508
    },
    {
      "high_freq": 4349.24462890625,
      "loudness": -24.606121063232422,
      "loudness_range": 14.106351852416992,
      "low_freq": 2549.74365234375,
      "mid_mean": -21.84330177307129,
      "mid_to_side_loudness": -7.389832496643066,
      "mid_to_side_loudness_range": 11.1677885055542,
      "side_mean": -29.302827835083008
    },
    {
      "high_freq": 7314.1640625,
      "loudness": -31.133398056030273,
      "loudness_range": 17.938232421875,
      "low_freq": 4349.24462890625,
      "mid_mean": -28.59083366394043,
      "mid_to_side_loudness": -6.051530361175537,
      "mid_to_side_loudness_range": 9.693339347839355,
      "side_mean": -34.67055130004883
    },
    {
      "high_freq": 12199.2666015625,
      "loudness": -32.17923355102539,
      "loudness_range": 17.184839248657227,
      "low_freq": 7314.1640625,
      "mid_mean": -30.006668090820312,
      "mid_to_side_loudness": -4.290228843688965,
      "mid_to_side_loudness_range": 7.067230224609375,
      "side_mean": -34.338050842285156
    },
    {
      "loudness": -37.008201599121094,
      "loudness_range": 19.191720962524414,
      "low_freq": 12199.2666015625,
      "mid_mean": -34.97816467285156,
      "mid_to_side_loudness": -3.7757997512817383,
      "mid_to_side_loudness_range": 5.923755168914795,
      "side_mean": -38.731571197509766
    }
  ],
  "channels": 2,
  "covariance": [
    [
      14.982721328735352,
      6.9040727615356445,
      -0.2566705346107483,
      0.08470641076564789,
      0.9685994982719421,
      -0.6659361720085144,
      -0.69980788230896,
      -1.0948587656021118,
      -0.9541078805923462,
      -0.8391181826591492,
      -0.4082469642162323,
      -0.05583899840712547,
      -2.106199264526367,
      -1.314195990562439,
      -1.167609691619873,
      -0.7732415795326233,
      -0.3230314254760742,
      -0.31610825657844543
    ],
    [
      6.9040727615356445,
      25.841493606567383,
      0.9079684019088745,
      4.394284248352051,
      6.56445837020874,
      10.591437339782715,
      9.513328552246094,
      13.772878646850586,
      7.259607791900635,
      9.839905738830566,
      6.836015224456787,
      8.72697925567627,
      3.298877239227295,
      7.144753456115723,
      2.3850042819976807,
      5.0108795166015625,
      -5.268356800079346,
      -1.2811949253082275
    ],
    [
      -0.2566705346107483,
      0.9079684019088745,
      8.104086875915527,
      5.671654224395752,
      2.6048848628997803,
      2.9098875522613525,
      2.6157684326171875,
      4.715041637420654,
      3.133157730102539,
      3.941920280456543,
      2.705787420272827,
      2.736943483352661,
      4.75843620300293,
      3.971553325653076,
      3.3158392906188965,
      3.254760265350342,
      -0.04562469571828842,
      0.8255321383476257
    ],
    [
      0.08470641076564789,
      4.394284248352051,
      5.671654224395752,
      14.540850639343262,
      5.231870174407959,
      7.102276802062988,
      5.745938301086426,
      8.332941055297852,
      5.177986145019531,
      6.496804237365723,
      4.169342994689941,
      5.557249069213867,
      3.3758299350738525,
      4.321771144866943,
      2.9637835025787354,
      3.9544625282287598,
      -0.6605914235115051,
      1.0419590473175049
    ],
    [
      0.9685994982719421,
      6.56445837020874,
      2.6048848628997803,
      5.231870174407959,
      19.624174118041992,
      14.748022079467773,
      19.932296752929688,
      16.302682876586914,
      14.220232963562012,
      12.422383308410645,
      11.178038597106934,
      9.079362869262695,
      3.9944918155670166,
      4.535794258117676,
      2.4565863609313965,
      2.566403865814209,
      -2.6194512844085693,
      -0.586588442325592
    ],
    [
      -0.6659361720085144,
      10.591437339782715,
      2.9098875522613525,
      7.102276802062988,
      14.748022079467773,
      25.575214385986328,
      19.432674407958984,
      25.432357788085938,
      17.34568977355957,
      20.89527702331543,
      11.872620582580566,
      14.443989753723145,
      5.458881378173828,
      10.334454536437988,
      3.7726757526397705,
      6.676844596862793,
      -5.394132137298584,
      -0.4198794364929199
    ],
    [
      -0.69980788230896,
      9.513328552246094,
      2.6157684326171875,
      5.745938301086426,
      19.932296752929688,
      19.432674407958984,
      34.643672943115234,
      28.39614486694336,
      20.26807403564453,
      20.93572235107422,
      16.55375862121582,
      15.144339561462402,
      8.754429817199707,
      10.961811065673828,
      5.392070770263672,
      6.625674724578857,
      -4.366714000701904,
      -0.0729181170463562
    ],
    [
      -1.0948587656021118,
      13.772878646850586,
      4.715041637420654,
      8.332941055297852,
      16.302682876586914,
      25.432357788085938,
      28.39614486694336,
      38.38604736328125,
      22.1658992767334,
      29.07327651977539,
      17.796846389770508,
      21.30791473388672,
      11.847673416137695,
      17.772756576538086,
      8.7316255569458,
      12.214942932128906,
      -6.720831871032715,
      0.5611717104911804
    ],
    [
      -0.9541078805923462,
      7.259607791900635,
      3.133157730102539,
      5.177986145019531,
      14.220232963562012,
      17.34568977355957,
      20.26807403564453,
      22.1658992767334,
      24.57408332824707,
      21.55744743347168,
      16.125322341918945,
      14.002761840820312,
      8.070901870727539,
      9.4248628616333,
      4.495150566101074,
      5.095456123352051,
      -3.905503273010254,
      -0.41020143032073975
    ],
    [
      -0.8391181826591492,
      9.839905738830566,
      3.941920280456543,
      6.496804237365723,
      12.422383308410645,
      20.89527702331543,
      20.93572235107422,
      29.07327651977539,
      21.55744743347168,
      28.24148178100586,
      15.215850830078125,
      18.593576431274414,
      9.39217472076416,
      14.314404487609863,
      6.371191024780273,
      9.021695137023926,
      -5.077775001525879,
      0.44338804483413696
    ],
    [
      -0.4082469642162323,
      6.836015224456787,
      2.705787420272827,
      4.169342994689941,
      11.178038597106934,
      11.872620582580566,
      16.55375862121582,
      17.796846389770508,
      16.125322341918945,
      15.215850830078125,
      16.61225700378418,
      12.950531005859375,
      10.473514556884766,
      10.372980117797852,
      6.15022087097168,
      6.116875648498535,
      -2.954693078994751,
      0.03839926794171333
    ],
    [
      -0.05583899840712547,
      8.72697925567627,
      2.736943483352661,
      5.557249069213867,
      9.079362869262695,
      14.443989753723145,
      15.144339561462402,
      21.30791473388672,
      14.002761840820312,
      18.593576431274414,
      12.950531005859375,
      16.754911422729492,
      10.305349349975586,
      14.694515228271484,
      7.2906012535095215,
      9.858837127685547,
      -3.2536847591400146,
      1.4728777408599854
    ],
    [
      -2.106199264526367,
      3.298877239227295,
      4.75843620300293,
      3.3758299350738525,
      3.9944918155670166,
      5.458881378173828,
      8.754429817199707,
      11.847673416137695,
      8.070901870727539,
      9.39217472076416,
      10.473514556884766,
      10.305349349975586,
      22.431976318359375,
      18.915332794189453,
      15.129853248596191,
      14.44759750366211,
      0.707067608833313,
      3.5031490325927734
    ],
    [
      -1.314195990562439,
      7.144753456115723,
      3.971553325653076,
      4.321771144866943,
      4.535794258117676,
      10.334454536437988,
      10.961811065673828,
      17.772756576538086,
      9.4248628616333,
      14.314404487609863,
      10.372980117797852,
      14.694515228271484,
      18.915332794189453,
      24.90988540649414,
      14.779370307922363,
      19.11393165588379,
      -0.6904847025871277,
      5.280287742614746
    ],
    [
      -1.167609691619873,
      2.3850042819976807,
      3.3158392906188965,
      2.9637835025787354,
      2.4565863609313965,
      3.7726757526397705,
      5.392070770263672,
      8.7316255569458,
      4.495150566101074,
      6.371191024780273,
      6.15022087097168,
      7.2906012535095215,
      15.129853248596191,
      14.779370307922363,
      16.374752044677734,
      16.043142318725586,
      3.81595516204834,
      6.363086223602295
    ],
    [
      -0.7732415795326233,
      5.0108795166015625,
      3.254760265350342,
      3.9544625282287598,
      2.566403865814209,
      6.676844596862793,
      6.625674724578857,
      12.214942932128906,
      5.095456123352051,
      9.021695137023926,
      6.116875648498535,
      9.858837127685547,
      14.44759750366211,
      19.11393165588379,
      16.043142318725586,
      19.719013214111328,
      3.2736589908599854,
      8.045845031738281
    ],
    [
      -0.3230314254760742,
      -5.268356800079346,
      -0.04562469571828842,
      -0.6605914235115051,
      -2.6194512844085693,
      -5.394132137298584,
      -4.366714000701904,
      -6.720831871032715,
      -3.905503273010254,
      -5.077775001525879,
      -2.954693078994751,
      -3.2536847591400146,
      0.707067608833313,
      -0.6904847025871277,
      3.81595516204834,
      3.2736589908599854,
      10.812524795532227,
      9.006600379943848
    ],
    [
      -0.31610825657844543,
      -1.2811949253082275,
      0.8255321383476257,
      1.0419590473175049,
      -0.586588442325592,
      -0.4198794364929199,
      -0.0729181170463562,
      0.5611717104911804,
      -0.41020143032073975,
      0.44338804483413696,
      0.03839926794171333,
      1.4728777408599854,
      3.5031490325927734,
      5.280287742614746,
      6.363086223602295,
      8.045845031738281,
      9.006600379943848,
      10.105010032653809
    ]
  ],
  "covariance_short": [
    [
      30.31769561767578,
      7.844426155090332,
      7.762793064117432,
      3.4380440711975098,
      3.2890448570251465,
      0.7090105414390564,
      2.2878518104553223,
      1.3426852226257324,
      2.576463222503662,
      2.345658302307129,
      3.1272153854370117,
      2.049528121948242,
      1.6427558660507202,
      1.5772563219070435,
      1.566167950630188,
      2.441561222076416,
      6.812450408935547,
      7.142991065979004
    ],
    [
      7.844426155090332,
      49.6486701965332,
      2.512863874435425,
      9.809402465820312,
      8.612445831298828,
      9.297910690307617,
      11.314189910888672,
      14.482372283935547,
      10.030508041381836,
      11.661531448364258,
      9.173393249511719,
      9.649497985839844,
      2.5582616329193115,
      6.641722679138184,
      3.8713746070861816,
      6.176380157470703,
      1.6223400831222534,
      4.394889831542969
    ],
    [
      7.762793064117432,
      2.512863874435425,
      20.994672775268555,
      11.957636833190918,
      7.031288146972656,
      5.547328472137451,
      6.455913543701172,
      9.099940299987793,
      7.591002464294434,
      8.367354393005371,
      7.801300048828125,
      6.735183238983154,
      10.588164329528809,
      9.315814971923828,
      9.23932933807373,
      9.790163040161133,
      10.101034164428711,
      11.140926361083984
    ],
    [
      3.4380440711975098,
      9.809402465820312,
      11.957636833190918,
      26.54456329345703,
      8.514334678649902,
      11.210253715515137,
      10.285184860229492,
      14.969809532165527,
      10.683225631713867,
      13.765514373779297,
      9.322746276855469,
      11.187511444091797,
      10.030172348022461,
      11.643538475036621,
      9.554224014282227,
      11.46950626373291,
      8.678348541259766,
      10.864139556884766
    ],
    [
      3.2890448570251465,
      8.612445831298828,
      7.031288146972656,
      8.514334678649902,
      28.464000701904297,
      16.196495056152344,
      23.769886016845703,
      19.462339401245117,
      19.7271671295166,
      16.21185302734375,
      16.984119415283203,
      10.974068641662598,
      7.94553279876709,
      6.591642379760742,
      6.984218597412109,
      5.996720314025879,
      5.363621234893799,
      6.065889358520508
    ],
    [
      0.7090105414390564,
      9.297910690307617,
      5.547328472137451,
      11.210253715515137,
      16.196495056152344,
      29.938875198364258,
      21.387691497802734,
      28.03917694091797,
      20.691802978515625,
      24.84723663330078,
      15.2976713180542,
      16.958019256591797,
      9.468307495117188,
      12.751472473144531,
      7.184937953948975,
      9.920137405395508,
      1.801413893699646,
      5.23696231842041
    ],
    [
      2.2878518104553223,
      11.314189910888672,
      6.455913543701172,
      10.285184860229492,
      23.769886016845703,
      21.387691497802734,
      45.80109405517578,
      35.416526794433594,
      29.014236450195312,
      29.047924041748047,
      24.406023025512695,
      19.771480560302734,
      15.171091079711914,
      15.652329444885254,
      12.006355285644531,
      12.735048294067383,
      6.2078447341918945,
      8.972949028015137
    ],
    [
      1.3426852226257324,
      14.482372283935547,
      9.099940299987793,
      14.969809532165527,
      19.462339401245117,
      28.03917694091797,
      35.416526794433594,
      51.14729690551758,
      30.41790008544922,
      39.34135818481445,
      24.786096572875977,
      28.337617874145508,
      19.82660484313965,
      24.964879989624023,
      16.502994537353516,
      20.23455238342285,
      5.2259135246276855,
      11.080174446105957
    ],
    [
      2.576463222503662,
      10.030508041381836,
      7.591002464294434,
      10.683225631713867,
      19.7271671295166,
      20.691802978515625,
      29.014236450195312,
      30.41790008544922,
      40.12788391113281,
      32.732688903808594,
      26.242021560668945,
      20.4105281829834,
      15.782840728759766,
      15.356561660766602,
      11.0414400100708,
      11.169498443603516,
      5.310755729675293,
      7.914097309112549
    ],
    [
      2.345658302307129,
      11.661531448364258,
      8.367354393005371,
      13.765514373779297,
      16.21185302734375,
      24.84723663330078,
      29.047924041748047,
      39.34135818481445,
      32.732688903808594,
      43.64604949951172,
      23.896818161010742,
      27.871929168701172,
      18.278425216674805,
      22.807552337646484,
      13.393016815185547,
      16.49281883239746,
      5.705279350280762,
      10.47115707397461
    ],
    [
      3.1272153854370117,
      9.173393249511719,
      7.801300048828125,
      9.322746276855469,
      16.984119415283203,
      15.2976713180542,
      24.406023025512695,
      24.786096572875977,
      26.242021560668945,
      23.896818161010742,
      28.489574432373047,
      19.17673110961914,
      18.97562599182129,
      16.495553970336914,
      14.09392261505127,
      13.011415481567383,
      7.065460205078125,
      9.322627067565918
    ],
    [
      2.049528121948242,
      9.649497985839844,
      6.735183238983154,
      11.187511444091797,
      10.974068641662598,
      16.958019256591797,
      19.771480560302734,
      28.337617874145508,
      20.4105281829834,
      27.871929168701172,
      19.17673110961914,
      25.570659637451172,
      18.14194107055664,
      22.806121826171875,
      13.655781745910645,
      16.857799530029297,
      6.741358757019043,
      11.337052345275879
    ],
    [
      1.6427558660507202,
      2.5582616329193115,
      10.588164329528809,
      10.030172348022461,
      7.94553279876709,
      9.468307495117188,
      15.171091079711914,
      19.82660484313965,
      15.782840728759766,
      18.278425216674805,
      18.97562599182129,
      18.14194107055664,
      38.4144401550293,
      33.12367248535156,
      30.850465774536133,
      30.957181930541992,
      21.490070343017578,
      24.530223846435547
    ],
    [
      1.5772563219070435,
      6.641722679138184,
      9.315814971923828,
      11.643538475036621,
      6.591642379760742,
      12.751472473144531,
      15.652329444885254,
      24.964879989624023,
      15.356561660766602,
      22.807552337646484,
      16.495553970336914,
      22.806121826171875,
      33.12367248535156,
      40.00537872314453,
      28.41180419921875,
      34.75788116455078,
      19.134618759155273,
      26.064504623413086
    ],
    [
      1.566167950630188,
      3.8713746070861816,
      9.23932933807373,
      9.554224014282227,
      6.984218597412109,
      7.184937953948975,
      12.006355285644531,
      16.502994537353516,
      11.0414400100708,
      13.393016815185547,
      14.09392261505127,
      13.655781745910645,
      30.850465774536133,
      28.41180419921875,
      37.31801986694336,
      37.14986801147461,
      26.653949737548828,
      29.825572967529297
    ],
    [
      2.441561222076416,
      6.176380157470703,
      9.790163040161133,
      11.46950626373291,
      5.996720314025879,
      9.920137405395508,
      12.735048294067383,
      20.23455238342285,
      11.169498443603516,
      16.49281883239746,
      13.011415481567383,
      16.857799530029297,
      30.957181930541992,
      34.75788116455078,
      37.14986801147461,
      43.83365249633789,
      29.111780166625977,
      35.737911224365234
    ],
    [
      6.812450408935547,
      1.6223400831222534,
      10.101034164428711,
      8.678348541259766,
      5.363621234893799,
      1.801413893699646,
      6.2078447341918945,
      5.2259135246276855,
      5.310755729675293,
      5.705279350280762,
      7.065460205078125,
      6.741358757019043,
      21.490070343017578,
      19.134618759155273,
      26.653949737548828,
      29.111780166625977,
      45.05120849609375,
      45.01555252075195
    ],
    [
      7.142991065979004,
      4.394889831542969,
      11.140926361083984,
      10.864139556884766,
      6.065889358520508,
      5.23696231842041,
      8.972949028015137,
      11.080174446105957,
      7.914097309112549,
      10.47115707397461,
      9.322627067565918,
      11.337052345275879,
      24.530223846435547,
      26.064504623413086,
      29.825572967529297,
      35.737911224365234,
      45.01555252075195,
      49.7906608581543
    ]
  ],
  "drr": 14.80090045928955,
  "dynamics": 2.4520671367645264,
  "format": 1245190,
  "frames": 11599872,
  "loudness": -10.663040161132812,
  "loudness_range": 5.587274551391602,
  "loudness_range_short": 9.09826374053955,
  "peak": -0.1778157651424408,
  "rms": -13.11607837677002,
  "sample_rate": 44100,
  "sections": 1,
  "seekable": 1,
  "sharpness": 2.8269314765930176,
  "space": -8.825921058654785
}