{
  "bands": [
    {
      "high_freq": 148.1999969482422,
      "loudness": -56.94359588623047,
      "loudness_range": 16.813720703125,
      "mid_mean": -53.52898406982422,
      "mid_to_side_loudness": -10.523591041564941,
      "mid_to_side_loudness_range": 10.081277847290039,
      "side_mean": -62.79093933105469
    },
    {
      "high_freq": 392.3793640136719,
      "loudness": -37.67269515991211,
      "loudness_range": 25.77773094177246,
      "low_freq": 148.1999969482422,
      "mid_mean": -34.53009796142578,
      "mid_to_side_loudness": -10.977877616882324,
      "mid_to_side_loudness_range": 6.718395233154297,
      "side_mean": -45.9233283996582
    },
    {
      "high_freq": 794.6976318359375,
      "loudness": -35.589744567871094,
      "loudness_range": 18.769245147705078,
      "low_freq": 392.3793640136719,
      "mid_mean": -32.69785690307617,
      "mid_to_side_loudness": -7.513855934143066,
      "mid_to_side_loudness_range": 7.499566078186035,
      "side_mean": -40.16184997558594
    },
    {
      "high_freq": 1457.5709228515625,
      "loudness": -47.716461181640625,
      "loudness_range": 27.12163543701172,
      "low_freq": 794.6976318359375,
      "mid_mean": -46.802669525146484,
      "mid_to_side_loudness": -0.6541042923927307,
      "mid_to_side_loudness_range": 8.156862258911133,
      "side_mean": -47.59281921386719
    },
    {
      "high_freq": 2549.74365234375,
      "loudness": -54.54667282104492,
      "loudness_range": 27.651859283447266,
      "low_freq": 1457.5709228515625,
      "mid_mean": -53.563968658447266,
      "mid_to_side_loudness": -1.6188322305679321,
      "mid_to_side_loudness_range": 6.3297529220581055,
      "side_mean": -55.04022216796875
    },
    {
      "high_freq": 4349.24462890625,
      "loudness": -66.7418212890625,
      "loudness_range": 30.498104095458984,
      "low_freq": 2549.74365234375,
      "mid_mean": -63.7564811706543,
      "mid_to_side_loudness": 0.10563286393880844,
      "mid_to_side_loudness_range": 8.245462417602539,
      "side_mean": -63.72333526611328
    },
    {
      "high_freq": 7314.1640625,
      "loudness": -76.63211822509766,
      "loudness_range": 14.208320617675781,
      "low_freq": 4349.24462890625,
      "mid_mean": -68.5111312866211,
      "mid_to_side_loudness": -0.11043030768632889,
      "mid_to_side_loudness_range": 1.7102534770965576,
      "side_mean": -68.54844665527344
    },
    {
      "high_freq": 12199.2666015625,
      "loudness": -77.4005355834961,
      "loudness_range": 1.5890960693359375,
      "low_freq": 7314.1640625,
      "mid_mean": -69.14925384521484,
      "mid_to_side_loudness": 0.049453385174274445,
      "mid_to_side_loudness_range": 0.6006661653518677,
      "side_mean": -69.14051055908203
    },
    {
      "loudness": 0,
      "loudness_range": 0,
      "low_freq": 12199.2666015625,
      "mid_mean": -68.89193725585938,
      "mid_to_side_loudness": -0.1227504312992096,
      "mid_to_side_loudness_range": 0.41468027234077454,
      "side_mean": -68.91957092285156
    }
  ],
  "bands_short": [
    {
      "high_freq": 148.1999969482422,
      "loudness": -59.6605339050293,
      "loudness_range": 18.22576141357422,
      "mid_mean": -56.493186950683594,
      "mid_to_side_loudness": -8.372220993041992,
      "mid_to_side_loudness_range": 15.171075820922852,
      "side_mean": -63.4097785949707
    },
    {
      "high_freq": 392.3793640136719,
      "loudness": -38.10841369628906,
      "loudness_range": 26.47673988342285,
      "low_freq": 148.1999969482422,
      "mid_mean": -35.075225830078125,
      "mid_to_side_loudness": -11.128639221191406,
      "mid_to_side_loudness_range": 8.8287353515625,
      "side_mean": -47.232696533203125
    },
    {
      "high_freq": 794.6976318359375,
      "loudness": -36.363563537597656,
      "loudness_range": 19.94152069091797,
      "low_freq": 392.3793640136719,
      "mid_mean": -33.503936767578125,
      "mid_to_side_loudness": -7.482173442840576,
      "mid_to_side_loudness_range": 8.583155632019043,
      "side_mean": -40.90854263305664
    },
    {
      "high_freq": 1457.5709228515625,
      "loudness": -48.175567626953125,
      "loudness_range": 27.269264221191406,
      "low_freq": 794.6976318359375,
      "mid_mean": -47.40742874145508,
      "mid_to_side_loudness": -0.6847887635231018,
      "mid_to_side_loudness_range": 10.141698837280273,
      "side_mean": -48.21156692504883
    },
    {
      "high_freq": 2549.74365234375,
      "loudness": -55.30381393432617,
      "loudness_range": 27.967090606689453,
      "low_freq": 1457.5709228515625,
      "mid_mean": -54.365875244140625,
      "mid_to_side_loudness": -1.6014626026153564,
      "mid_to_side_loudness_range": 8.000006675720215,
      "side_mean": -55.806434631347656
    },
    {
      "high_freq": 4349.24462890625,
      "loudness": -66.60694885253906,
      "loudness_range": 29.688072204589844,
      "low_freq": 2549.74365234375,
      "mid_mean": -63.8538932800293,
      "mid_to_side_loudness": 0.25265318155288696,
      "mid_to_side_loudness_range": 8.977063179016113,
      "side_mean": -63.71488952636719
    },
    {
      "high_freq": 7314.1640625,
      "loudness": -76.75504302978516,
      "loudness_range": 13.76544189453125,
      "low_freq": 4349.24462890625,
      "mid_mean": -68.57389831542969,
      "mid_to_side_loudness": -0.04999525845050812,
      "mid_to_side_loudness_range": 3.0573883056640625,
      "side_mean": -68.58473205566406
    },
    {
      "high_freq": 12199.2666015625,
      "loudness": -77.45362854003906,
      "loudness_range": 1.6457901000976562,
      "low_freq": 7314.1640625,
      "mid_mean": -69.15513610839844,
      "mid_to_side_loudness": 0.045063041150569916,
      "mid_to_side_loudness_range": 1.66987943649292,
      "side_mean": -69.14794921875
    },
    {
      "loudness": 0,
      "loudness_range": 0,
      "low_freq": 12199.2666015625,
      "mid_mean": -68.88752746582031,
      "mid_to_side_loudness": -0.12160114198923111,
      "mid_to_side_loudness_range": 1.2551090717315674,
      "side_mean": -68.91507720947266
    }
  ],
  "channels": 2,
  "covariance": [
    [
      31.012332916259766,
      16.037567138671875,
      9.809408187866211,
      11.634711265563965,
      19.127172470092773,
      20.116718292236328,
      27.768884658813477,
      29.438323974609375,
      35.91774368286133,
      34.587554931640625,
      23.245567321777344,
      23.44403839111328,
      5.4563984870910645,
      5.455095291137695,
      0.5107867121696472,
      0.4845745265483856,
      0.2168504148721695,
      0.17688585817813873
    ],
    [
      16.037567138671875,
      12.64869213104248,
      0.2016952931880951,
      1.84908926486969,
      11.20992374420166,
      11.988459587097168,
      15.821837425231934,
      16.895936965942383,
      20.12432098388672,
      19.167156219482422,
      14.305220603942871,
      14.124736785888672,
      4.128427982330322,
      4.188136577606201,
      0.3641696572303772,
      0.3492957651615143,
      0.13419011235237122,
      0.11014536768198013
    ],
    [
      9.809408187866211,
      0.2016952931880951,
      82.01509094238281,
      70.86942291259766,
      -3.5564894676208496,
      0.7532172799110413,
      12.131032943725586,
      7.593774318695068,
      13.564050674438477,
      19.607500076293945,
      4.899630069732666,
      7.074181079864502,
      -1.5411614179611206,
      -2.122204542160034,
      -0.17270232737064362,
      -0.18656912446022034,
      -0.03297242149710655,
      -0.03261926397681236
    ],
    [
      11.634711265563965,
      1.84908926486969,
      70.86942291259766,
      72.80937194824219,
      -0.15620115399360657,
      2.179420232772827,
      13.00150203704834,
      8.460992813110352,
      17.437726974487305,
      22.72069549560547,
      8.358744621276855,
      10.734113693237305,
      -0.3953525424003601,
      -1.0010864734649658,
      -0.10541407763957977,
      -0.11772805452346802,
      2.2377937057171948e-05,
      -0.0030943755991756916
    ],
    [
      19.127172470092773,
      11.20992374420166,
      -3.5564894676208496,
      -0.15620115399360657,
      41.864017486572266,
      37.37891387939453,
      39.11310958862305,
      41.162044525146484,
      46.152217864990234,
      43.11129379272461,
      33.52170944213867,
      33.06890106201172,
      8.356674194335938,
      8.268834114074707,
      0.7208613753318787,
      0.6663591265678406,
      0.29802048206329346,
      0.26115038990974426
    ],
    [
      20.116718292236328,
      11.988459587097168,
      0.7532172799110413,
      2.179420232772827,
      37.37891387939453,
      39.39613723754883,
      41.255516052246094,
      43.240516662597656,
      45.69195556640625,
      43.84659957885742,
      33.58536911010742,
      32.70481872558594,
      8.180747032165527,
      8.158341407775879,
      0.6838802099227905,
      0.6288596987724304,
      0.2883393466472626,
      0.24894708395004272
    ],
    [
      27.768884658813477,
      15.821837425231934,
      12.131032943725586,
      13.00150203704834,
      39.11310958862305,
      41.255516052246094,
      77.0725326538086,
      71.15892791748047,
      66.84550476074219,
      63.54083251953125,
      46.89085006713867,
      45.873863220214844,
      11.623329162597656,
      11.61502456665039,
      1.079132080078125,
      1.037827730178833,
      0.3981236219406128,
      0.35112252831459045
    ],
    [
      29.438323974609375,
      16.895936965942383,
      7.593774318695068,
      8.460992813110352,
      41.162044525146484,
      43.240516662597656,
      71.15892791748047,
      73.62158966064453,
      66.35433197021484,
      63.015708923339844,
      46.26443862915039,
      45.08985137939453,
      11.213584899902344,
      11.035552978515625,
      1.0176424980163574,
      0.9727568030357361,
      0.3843371570110321,
      0.3402850329875946
    ],
    [
      35.91774368286133,
      20.12432098388672,
      13.564050674438477,
      17.437726974487305,
      46.152217864990234,
      45.69195556640625,
      66.84550476074219,
      66.35433197021484,
      87.63482666015625,
      81.33016204833984,
      56.38478469848633,
      56.37677764892578,
      13.132936477661133,
      12.610047340393066,
      1.1066176891326904,
      1.0499986410140991,
      0.4776803255081177,
      0.40937402844429016
    ],
    [
      34.587554931640625,
      19.167156219482422,
      19.607500076293945,
      22.72069549560547,
      43.11129379272461,
      43.84659957885742,
      63.54083251953125,
      63.015708923339844,
      81.33016204833984,
      79.51822662353516,
      54.4901123046875,
      54.4205436706543,
      12.632357597351074,
      12.180322647094727,
      1.087820291519165,
      1.035043478012085,
      0.45195749402046204,
      0.3893231749534607
    ],
    [
      23.245567321777344,
      14.305220603942871,
      4.899630069732666,
      8.358744621276855,
      33.52170944213867,
      33.58536911010742,
      46.89085006713867,
      46.26443862915039,
      56.38478469848633,
      54.4901123046875,
      51.15528869628906,
      48.76192092895508,
      13.117910385131836,
      12.800460815429688,
      1.090327262878418,
      1.049508810043335,
      0.38769444823265076,
      0.3323858380317688
    ],
    [
      23.44403839111328,
      14.124736785888672,
      7.074181079864502,
      10.734113693237305,
      33.06890106201172,
      32.70481872558594,
      45.873863220214844,
      45.08985137939453,
      56.37677764892578,
      54.4205436706543,
      48.76192092895508,
      50.1378173828125,
      12.921065330505371,
      12.58324146270752,
      1.041961908340454,
      1.0030817985534668,
      0.38090676069259644,
      0.32741397619247437
    ],
    [
      5.4563984870910645,
      4.128427982330322,
      -1.5411614179611206,
      -0.3953525424003601,
      8.356674194335938,
      8.180747032165527,
      11.623329162597656,
      11.213584899902344,
      13.132936477661133,
      12.632357597351074,
      13.117910385131836,
      12.921065330505371,
      5.065244674682617,
      5.0039753913879395,
      0.4345962405204773,
      0.43594613671302795,
      0.12318410724401474,
      0.10603512823581696
    ],
    [
      5.455095291137695,
      4.188136577606201,
      -2.122204542160034,
      -1.0010864734649658,
      8.268834114074707,
      8.158341407775879,
      11.61502456665039,
      11.035552978515625,
      12.610047340393066,
      12.180322647094727,
      12.800460815429688,
      12.58324146270752,
      5.0039753913879395,
      5.254444599151611,
      0.44869139790534973,
      0.45234954357147217,
      0.12620943784713745,
      0.10808566212654114
    ],
    [
      0.5107867121696472,
      0.3641696572303772,
      -0.17270232737064362,
      -0.10541407763957977,
      0.7208613753318787,
      0.6838802099227905,
      1.079132080078125,
      1.0176424980163574,
      1.1066176891326904,
      1.087820291519165,
      1.090327262878418,
      1.041961908340454,
      0.4345962405204773,
      0.44869139790534973,
      0.05786949023604393,
      0.059139080345630646,
      0.013060618191957474,
      0.01173354685306549
    ],
    [
      0.4845745265483856,
      0.3492957651615143,
      -0.18656912446022034,
      -0.11772805452346802,
      0.6663591265678406,
      0.6288596987724304,
      1.037827730178833,
      0.9727568030357361,
      1.0499986410140991,
      1.035043478012085,
      1.049508810043335,
      1.0030817985534668,
      0.43594613671302795,
      0.45234954357147217,
      0.059139080345630646,
      0.06310949474573135,
      0.01306828111410141,
      0.011819230392575264
    ],
    [
      0.2168504148721695,
      0.13419011235237122,
      -0.03297242149710655,
      2.2377937057171948e-05,
      0.29802048206329346,
      0.2883393466472626,
      0.3981236219406128,
      0.3843371570110321,
      0.4776803255081177,
      0.45195749402046204,
      0.38769444823265076,
      0.38090676069259644,
      0.12318410724401474,
      0.12620943784713745,
      0.013060618191957474,
      0.01306828111410141,
      0.0060094259679317474,
      0.004898902494460344
    ],
    [
      0.17688585817813873,
      0.11014536768198013,
      -0.03261926397681236,
      -0.0030943755991756916,
      0.26115038990974426,
      0.24894708395004272,
      0.35112252831459045,
      0.3402850329875946,
      0.40937402844429016,
      0.3893231749534607,
      0.3323858380317688,
      0.32741397619247437,
      0.10603512823581696,
      0.10808566212654114,
      0.01173354685306549,
      0.011819230392575264,
      0.004898902494460344,
      0.004857016261667013
    ]
  ],
  "covariance_short": [
    [
      34.92109680175781,
      14.37954044342041,
      6.464624881744385,
      10.702540397644043,
      21.183696746826172,
      20.429731369018555,
      27.168821334838867,
      28.86427116394043,
      32.554344177246094,
      31.276554107666016,
      22.124685287475586,
      22.51128387451172,
      5.355072498321533,
      5.420627117156982,
      0.5358671545982361,
      0.4834211468696594,
      0.2397514432668686,
      0.19400687515735626
    ],
    [
      14.37954044342041,
      14.200138092041016,
      -3.9274444580078125,
      -0.7146666049957275,
      12.026439666748047,
      11.872174263000488,
      15.601560592651367,
      16.682125091552734,
      18.69576072692871,
      17.4599552154541,
      13.848577499389648,
      13.96539306640625,
      4.069567680358887,
      4.199263095855713,
      0.3736476004123688,
      0.3454001247882843,
      0.14919154345989227,
      0.12151370942592621
    ],
    [
      6.464624881744385,
      -3.9274444580078125,
      89.87484741210938,
      77.06991577148438,
      -2.404539108276367,
      1.5982673168182373,
      12.023287773132324,
      7.862277507781982,
      13.824817657470703,
      19.408300399780273,
      3.7249755859375,
      4.348341464996338,
      -1.711031198501587,
      -2.5360090732574463,
      -0.06917236745357513,
      -0.09642882645130157,
      -0.012049421668052673,
      -0.02011778950691223
    ],
    [
      10.702540397644043,
      -0.7146666049957275,
      77.06991577148438,
      91.19294738769531,
      2.9045968055725098,
      4.657416820526123,
      15.489006996154785,
      10.75993537902832,
      22.354042053222656,
      27.182458877563477,
      9.782341003417969,
      10.613090515136719,
      -0.42087990045547485,
      -1.2715730667114258,
      -0.002458787290379405,
      -0.016973672434687614,
      0.032750170677900314,
      0.02156537026166916
    ],
    [
      21.183696746826172,
      12.026439666748047,
      -2.404539108276367,
      2.9045968055725098,
      46.62122344970703,
      40.52936553955078,
      40.94375991821289,
      42.8380012512207,
      47.55353546142578,
      44.56006622314453,
      35.297706604003906,
      36.16069030761719,
      8.385461807250977,
      8.473196983337402,
      0.7842810750007629,
      0.7042694687843323,
      0.3525823950767517,
      0.3047974407672882
    ],
    [
      20.429731369018555,
      11.872174263000488,
      1.5982673168182373,
      4.657416820526123,
      40.52936553955078,
      42.82016372680664,
      41.26810836791992,
      43.38286590576172,
      45.55126953125,
      44.00541305541992,
      34.27583694458008,
      34.79995346069336,
      8.051214218139648,
      8.3090181350708,
      0.7132893800735474,
      0.640073299407959,
      0.32831668853759766,
      0.28027307987213135
    ],
    [
      27.168821334838867,
      15.601560592651367,
      12.023287773132324,
      15.489006996154785,
      40.94375991821289,
      41.26810836791992,
      79.80066680908203,
      72.80746459960938,
      67.38499450683594,
      63.503028869628906,
      47.57329559326172,
      47.09963607788086,
      11.500590324401855,
      11.630509376525879,
      1.1157474517822266,
      1.0476088523864746,
      0.44761592149734497,
      0.38430410623550415
    ],
    [
      28.86427116394043,
      16.682125091552734,
      7.862277507781982,
      10.75993537902832,
      42.8380012512207,
      43.38286590576172,
      72.80746459960938,
      79.00867462158203,
      67.08779907226562,
      63.551876068115234,
      47.071510314941406,
      46.7247314453125,
      11.123570442199707,
      11.079680442810059,
      1.0418310165405273,
      0.974147379398346,
      0.4306682050228119,
      0.37572047114372253
    ],
    [
      32.554344177246094,
      18.69576072692871,
      13.824817657470703,
      22.354042053222656,
      47.55353546142578,
      45.55126953125,
      67.38499450683594,
      67.08779907226562,
      86.18817138671875,
      78.8254623413086,
      55.767112731933594,
      56.44705581665039,
      12.736421585083008,
      12.401172637939453,
      1.137481689453125,
      1.0439319610595703,
      0.5079451203346252,
      0.42558491230010986
    ],
    [
      31.276554107666016,
      17.4599552154541,
      19.408300399780273,
      27.182458877563477,
      44.56006622314453,
      44.00541305541992,
      63.503028869628906,
      63.551876068115234,
      78.8254623413086,
      78.24125671386719,
      53.36604690551758,
      54.14143753051758,
      12.103572845458984,
      11.788961410522461,
      1.1065645217895508,
      1.0138436555862427,
      0.47753551602363586,
      0.40396595001220703
    ],
    [
      22.124685287475586,
      13.848577499389648,
      3.7249755859375,
      9.782341003417969,
      35.297706604003906,
      34.27583694458008,
      47.57329559326172,
      47.071510314941406,
      55.767112731933594,
      53.36604690551758,
      50.01667404174805,
      48.1253776550293,
      12.672476768493652,
      12.570019721984863,
      1.1187851428985596,
      1.0469151735305786,
      0.42454591393470764,
      0.3610987961292267
    ],
    [
      22.51128387451172,
      13.96539306640625,
      4.348341464996338,
      10.613090515136719,
      36.16069030761719,
      34.79995346069336,
      47.09963607788086,
      46.7247314453125,
      56.44705581665039,
      54.14143753051758,
      48.1253776550293,
      51.02125930786133,
      12.576400756835938,
      12.439364433288574,
      1.0832265615463257,
      1.0091077089309692,
      0.42399922013282776,
      0.3616502285003662
    ],
    [
      5.355072498321533,
      4.069567680358887,
      -1.711031198501587,
      -0.42087990045547485,
      8.385461807250977,
      8.051214218139648,
      11.500590324401855,
      11.123570442199707,
      12.736421585083008,
      12.103572845458984,
      12.672476768493652,
      12.576400756835938,
      5.216813087463379,
      5.063502311706543,
      0.48954740166664124,
      0.4805576205253601,
      0.14612407982349396,
      0.12240569293498993
    ],
    [
      5.420627117156982,
      4.199263095855713,
      -2.5360090732574463,
      -1.2715730667114258,
      8.473196983337402,
      8.3090181350708,
      11.630509376525879,
      11.079680442810059,
      12.401172637939453,
      11.788961410522461,
      12.570019721984863,
      12.439364433288574,
      5.063502311706543,
      5.514084815979004,
      0.4980596899986267,
      0.49251827597618103,
      0.1503456085920334,
      0.1254209727048874
    ],
    [
      0.5358671545982361,
      0.3736476004123688,
      -0.06917236745357513,
      -0.002458787290379405,
      0.7842810750007629,
      0.7132893800735474,
      1.1157474517822266,
      1.0418310165405273,
      1.137481689453125,
      1.1065645217895508,
      1.1187851428985596,
      1.0832265615463257,
      0.48954740166664124,
      0.4980596899986267,
      0.0919894427061081,
      0.08587468415498734,
      0.018963655456900597,
      0.01640750840306282
    ],
    [
      0.4834211468696594,
      0.3454001247882843,
      -0.09642882645130157,
      -0.016973672434687614,
      0.7042694687843323,
      0.640073299407959,
      1.0476088523864746,
      0.974147379398346,
      1.0439319610595703,
      1.0138436555862427,
      1.0469151735305786,
      1.0091077089309692,
      0.4805576205253601,
      0.49251827597618103,
      0.08587468415498734,
      0.09920153021812439,
      0.018676575273275375,
      0.016370680183172226
    ],
    [
      0.2397514432668686,
      0.14919154345989227,
      -0.012049421668052673,
      0.032750170677900314,
      0.3525823950767517,
      0.32831668853759766,
      0.44761592149734497,
      0.4306682050228119,
      0.5079451203346252,
      0.47753551602363586,
      0.42454591393470764,
      0.42399922013282776,
      0.14612407982349396,
      0.1503456085920334,
      0.018963655456900597,
      0.018676575273275375,
      0.01268854457885027,
      0.006931905634701252
    ],
    [
      0.19400687515735626,
      0.12151370942592621,
      -0.02011778950691223,
      0.02156537026166916,
      0.3047974407672882,
      0.28027307987213135,
      0.38430410623550415,
      0.37572047114372253,
      0.42558491230010986,
      0.40396595001220703,
      0.3610987961292267,
      0.3616502285003662,
      0.12240569293498993,
      0.1254209727048874,
      0.01640750840306282,
      0.016370680183172226,
      0.006931905634701252,
      0.01052798517048359
    ]
  ],
  "drr": 8.746347427368164,
  "dynamics": 4.8752570152282715,
  "format": 1245190,
  "frames": 7147520,
  "loudness": -27.692588806152344,
  "loudness_range": 13.626880645751953,
  "loudness_range_short": 15.789438247680664,
  "peak": -5.357570648193359,
  "rms": -28.095767974853516,
  "sample_rate": 44100,
  "sections": 1,
  "seekable": 1,
  "sharpness": 3.101881742477417,
  "space": -8.536651611328125
}