{
  "bands": [
    {
      "high_freq": 148.1999969482422,
      "loudness": -18.06987762451172,
      "loudness_range": 7.860054969787598,
      "mid_mean": -14.535694122314453,
      "mid_to_side_loudness": -18.558101654052734,
      "mid_to_side_loudness_range": 21.83506202697754,
      "side_mean": -33.60487365722656
    },
    {
      "high_freq": 392.3793640136719,
      "loudness": -20.2094669342041,
      "loudness_range": 7.857967376708984,
      "low_freq": 148.1999969482422,
      "mid_mean": -17.15825843811035,
      "mid_to_side_loudness": -8.772037506103516,
      "mid_to_side_loudness_range": 10.171658515930176,
      "side_mean": -26.142711639404297
    },
    {
      "high_freq": 794.6976318359375,
      "loudness": -22.18446922302246,
      "loudness_range": 9.816963195800781,
      "low_freq": 392.3793640136719,
      "mid_mean": -19.378986358642578,
      "mid_to_side_loudness": -7.5004682540893555,
      "mid_to_side_loudness_range": 10.524144172668457,
      "side_mean": -26.972732543945312
    },
    {
      "high_freq": 1457.5709228515625,
      "loudness": -24.468168258666992,
      "loudness_range": 16.146350860595703,
      "low_freq": 794.6976318359375,
      "mid_mean": -21.73326301574707,
      "mid_to_side_loudness": -6.961003303527832,
      "mid_to_side_loudness_range": 10.951480865478516,
      "side_mean": -28.823904037475586
    },
    {
      "high_freq": 2549.74365234375,
      "loudness": -22.956926345825195,
      "loudness_range": 12.069131851196289,
      "low_freq": 1457.5709228515625,
      "mid_mean": -20.08564567565918,
      "mid_to_side_loudness": -7.599300861358643,
      "mid_to_side_loudness_range": 9.615758895874023,
      "side_mean": -27.829675674438477
    },
    {
      "high_freq": 4349.24462890625,
      "loudness": -24.42716407775879,
      "loudness_range": 11.381860733032227,
      "low_freq": 2549.74365234375,
      "mid_mean": -21.366653442382812,
      "mid_to_side_loudness": -9.450661659240723,
      "mid_to_side_loudness_range": 12.3607816696167,
      "side_mean": -31.004302978515625
    },
    {
      "high_freq": 7314.1640625,
      "loudness": -26.773231506347656,
      "loudness_range": 12.074270248413086,
      "low_freq": 4349.24462890625,
      "mid_mean": -23.761152267456055,
      "mid_to_side_loudness": -8.680134773254395,
      "mid_to_side_loudness_range": 10.603799819946289,
      "side_mean": -32.54347610473633
    },
    {
      "high_freq": 12199.2666015625,
      "loudness": -28.44154167175293,
      "loudness_range": 13.425220489501953,
      "low_freq": 7314.1640625,
      "mid_mean": -25.398305892944336,
      "mid_to_side_loudness": -9.804743766784668,
      "mid_to_side_loudness_range": 14.607656478881836,
      "side_mean": -35.32284927368164
    },
    {
      "loudness": -35.730533599853516,
      "loudness_range": 15.56266975402832,
      "low_freq": 12199.2666015625,
      "mid_mean": -32.81877517700195,
      "mid_to_side_loudness": -9.960336685180664,
      "mid_to_side_loudness_range": 20.41259765625,
      "side_mean": -43.68891906738281
    }
  ],
  "bands_short": [
    {
      "high_freq": 148.1999969482422,
      "loudness": -21.124839782714844,
      "loudness_range": 18.157814025878906,
      "mid_mean": -17.61380958557129,
      "mid_to_side_loudness": -20.588520050048828,
      "mid_to_side_loudness_range": 29.606338500976562,
      "side_mean": -39.53389358520508
    },
    {
      "high_freq": 392.3793640136719,
      "loudness": -20.984140396118164,
      "loudness_range": 15.469018936157227,
      "low_freq": 148.1999969482422,
      "mid_mean": -18.095386505126953,
      "mid_to_side_loudness": -8.792380332946777,
      "mid_to_side_loudness_range": 16.448780059814453,
      "side_mean": -27.40636444091797
    },
    {
      "high_freq": 794.6976318359375,
      "loudness": -23.30210304260254,
      "loudness_range": 15.104480743408203,
      "low_freq": 392.3793640136719,
      "mid_mean": -20.777997970581055,
      "mid_to_side_loudness": -6.843692779541016,
      "mid_to_side_loudness_range": 14.523981094360352,
      "side_mean": -27.80786895751953
    },
    {
      "high_freq": 1457.5709228515625,
      "loudness": -25.531208038330078,
      "loudness_range": 19.747886657714844,
      "low_freq": 794.6976318359375,
      "mid_mean": -23.118488311767578,
      "mid_to_side_loudness": -6.333889484405518,
      "mid_to_side_loudness_range": 14.322342872619629,
      "side_mean": -29.647863388061523
    },
    {
      "high_freq": 2549.74365234375,
      "loudness": -24.511484146118164,
      "loudness_range": 17.701309204101562,
      "low_freq": 1457.5709228515625,
      "mid_mean": -21.820531845092773,
      "mid_to_side_loudness": -7.516884803771973,
      "mid_to_side_loudness_range": 14.015923500061035,
      "side_mean": -29.524063110351562
    },
    {
      "high_freq": 4349.24462890625,
      "loudness": -25.77168083190918,
      "loudness_range": 16.599760055541992,
      "low_freq": 2549.74365234375,
      "mid_mean": -22.88336944580078,
      "mid_to_side_loudness": -8.799888610839844,
      "mid_to_side_loudness_range": 14.936001777648926,
      "side_mean": -31.942827224731445
    },
    {
      "high_freq": 7314.1640625,
      "loudness": -28.38034439086914,
      "loudness_range": 18.688671112060547,
      "low_freq": 4349.24462890625,
      "mid_mean": -25.470855712890625,
      "mid_to_side_loudness": -8.762438774108887,
      "mid_to_side_loudness_range": 13.74810791015625,
      "side_mean": -34.27669143676758
    },
    {
      "high_freq": 12199.2666015625,
      "loudness": -30.030088424682617,
      "loudness_range": 19.22261619567871,
      "low_freq": 7314.1640625,
      "mid_mean": -27.122913360595703,
      "mid_to_side_loudness": -9.736128807067871,
      "mid_to_side_loudness_range": 17.846019744873047,
      "side_mean": -37.046592712402344
    },
    {
      "loudness": -37.42203903198242,
      "loudness_range": 20.58331298828125,
      "low_freq": 12199.2666015625,
      "mid_mean": -34.66928482055664,
      "mid_to_side_loudness": -8.515692710876465,
      "mid_to_side_loudness_range": 18.298969268798828,
      "side_mean": -43.65409469604492
    }
  ],
  "channels": 2,
  "covariance": [
    [
      11.376917839050293,
      10.502762794494629,
      3.5690972805023193,
      3.976942539215088,
      1.0920515060424805,
      0.6129493117332458,
      -0.19786576926708221,
      0.1417587697505951,
      1.2859607934951782,
      0.27663454413414,
      1.087324619293213,
      0.18907928466796875,
      1.3218284845352173,
      0.722941517829895,
      0.8896243572235107,
      0.11038140952587128,
      1.1434175968170166,
      -0.9156128764152527
    ],
    [
      10.502762794494629,
      57.525447845458984,
      7.212032318115234,
      16.801477432250977,
      1.4968376159667969,
      3.068354368209839,
      -4.859007358551025,
      -4.021769046783447,
      -3.2655980587005615,
      -6.639786720275879,
      -1.2430191040039062,
      -8.460271835327148,
      2.4556002616882324,
      -3.2787387371063232,
      1.281745433807373,
      -3.957153081893921,
      1.3334777355194092,
      -6.8042683601379395
    ],
    [
      3.5690972805023193,
      7.212032318115234,
      11.844834327697754,
      8.188549995422363,
      3.2065117359161377,
      1.738142728805542,
      -0.22904011607170105,
      -0.24147096276283264,
      0.8891199827194214,
      0.9216206669807434,
      2.009976625442505,
      -1.0701568126678467,
      1.0258475542068481,
      -0.5707515478134155,
      0.8099241852760315,
      -1.9337108135223389,
      1.485377311706543,
      -3.7219924926757812
    ],
    [
      3.976942539215088,
      16.801477432250977,
      8.188549995422363,
      18.514371871948242,
      5.600284576416016,
      8.501243591308594,
      1.315151572227478,
      2.7311229705810547,
      1.3351454734802246,
      1.3737379312515259,
      1.9157731533050537,
      -0.5062034130096436,
      1.6201119422912598,
      0.8436869382858276,
      2.496870756149292,
      -0.6909234523773193,
      3.4774630069732666,
      -3.5926547050476074
    ],
    [
      1.0920515060424805,
      1.4968376159667969,
      3.2065117359161377,
      5.600284576416016,
      17.48404312133789,
      13.582122802734375,
      13.329049110412598,
      8.68480110168457,
      10.37983512878418,
      5.791946887969971,
      8.620153427124023,
      6.484667778015137,
      4.600625514984131,
      3.1055567264556885,
      6.080729961395264,
      2.6525566577911377,
      6.1142425537109375,
      0.8818405270576477
    ],
    [
      0.6129493117332458,
      3.068354368209839,
      1.738142728805542,
      8.501243591308594,
      13.582122802734375,
      23.758607864379883,
      16.135356903076172,
      18.322792053222656,
      11.29506778717041,
      11.300535202026367,
      10.84197998046875,
      16.369964599609375,
      9.449067115783691,
      12.785438537597656,
      10.551399230957031,
      14.790263175964355,
      11.453802108764648,
      17.376110076904297
    ],
    [
      -0.19786576926708221,
      -4.859007358551025,
      -0.22904011607170105,
      1.315151572227478,
      13.329049110412598,
      16.135356903076172,
      32.827823638916016,
      23.178123474121094,
      14.634818077087402,
      12.989700317382812,
      12.79918384552002,
      19.6633358001709,
      9.70304012298584,
      14.070159912109375,
      12.281054496765137,
      17.33976173400879,
      12.273048400878906,
      20.39482879638672
    ],
    [
      0.1417587697505951,
      -4.021769046783447,
      -0.24147096276283264,
      2.7311229705810547,
      8.68480110168457,
      18.322792053222656,
      23.178123474121094,
      27.845966339111328,
      13.778604507446289,
      17.396690368652344,
      13.58934497833252,
      26.635005950927734,
      13.492240905761719,
      21.973947525024414,
      13.77015495300293,
      26.426416397094727,
      14.762040138244629,
      32.84796905517578
    ],
    [
      1.2859607934951782,
      -3.2655980587005615,
      0.8891199827194214,
      1.3351454734802246,
      10.37983512878418,
      11.29506778717041,
      14.634818077087402,
      13.778604507446289,
      19.586963653564453,
      12.677311897277832,
      14.661262512207031,
      16.66226577758789,
      11.950860023498535,
      13.647092819213867,
      11.801555633544922,
      16.026691436767578,
      11.366849899291992,
      18.98349952697754
    ],
    [
      0.27663454413414,
      -6.639786720275879,
      0.9216206669807434,
      1.3737379312515259,
      5.791946887969971,
      11.300535202026367,
      12.989700317382812,
      17.396690368652344,
      12.677311897277832,
      18.155534744262695,
      11.28234577178955,
      22.86844253540039,
      10.902627944946289,
      19.117429733276367,
      10.731812477111816,
      21.887632369995117,
      11.230850219726562,
      25.740571975708008
    ],
    [
      1.087324619293213,
      -1.2430191040039062,
      2.009976625442505,
      1.9157731533050537,
      8.620153427124023,
      10.84197998046875,
      12.79918384552002,
      13.58934497833252,
      14.661262512207031,
      11.28234577178955,
      16.745542526245117,
      17.950624465942383,
      13.149962425231934,
      14.860700607299805,
      12.124469757080078,
      17.321144104003906,
      12.016749382019043,
      21.24072265625
    ],
    [
      0.18907928466796875,
      -8.460271835327148,
      -1.0701568126678467,
      -0.5062034130096436,
      6.484667778015137,
      16.369964599609375,
      19.6633358001709,
      26.635005950927734,
      16.66226577758789,
      22.86844253540039,
      17.950624465942383,
      38.52887725830078,
      18.67078971862793,
      32.58045196533203,
      17.333253860473633,
      38.18522644042969,
      18.06668472290039,
      48.08475112915039
    ],
    [
      1.3218284845352173,
      2.4556002616882324,
      1.0258475542068481,
      1.6201119422912598,
      4.600625514984131,
      9.449067115783691,
      9.70304012298584,
      13.492240905761719,
      11.950860023498535,
      10.902627944946289,
      13.149962425231934,
      18.67078971862793,
      17.666343688964844,
      19.599590301513672,
      16.16621971130371,
      23.21608543395996,
      16.62598991394043,
      28.551776885986328
    ],
    [
      0.722941517829895,
      -3.2787387371063232,
      -0.5707515478134155,
      0.8436869382858276,
      3.1055567264556885,
      12.785438537597656,
      14.070159912109375,
      21.973947525024414,
      13.647092819213867,
      19.117429733276367,
      14.860700607299805,
      32.58045196533203,
      19.599590301513672,
      36.189125061035156,
      18.14695930480957,
      42.49494552612305,
      19.27019691467285,
      53.504478454589844
    ],
    [
      0.8896243572235107,
      1.281745433807373,
      0.8099241852760315,
      2.496870756149292,
      6.080729961395264,
      10.551399230957031,
      12.281054496765137,
      13.77015495300293,
      11.801555633544922,
      10.731812477111816,
      12.124469757080078,
      17.333253860473633,
      16.16621971130371,
      18.14695930480957,
      22.136703491210938,
      22.268552780151367,
      23.1711368560791,
      26.410991668701172
    ],
    [
      0.11038140952587128,
      -3.957153081893921,
      -1.9337108135223389,
      -0.6909234523773193,
      2.6525566577911377,
      14.790263175964355,
      17.33976173400879,
      26.426416397094727,
      16.026691436767578,
      21.887632369995117,
      17.321144104003906,
      38.18522644042969,
      23.21608543395996,
      42.49494552612305,
      22.268552780151367,
      53.40555953979492,
      23.629133224487305,
      68.78588104248047
    ],
    [
      1.1434175968170166,
      1.3334777355194092,
      1.485377311706543,
      3.4774630069732666,
      6.1142425537109375,
      11.453802108764648,
      12.273048400878906,
      14.762040138244629,
      11.366849899291992,
      11.230850219726562,
      12.016749382019043,
      18.06668472290039,
      16.62598991394043,
      19.27019691467285,
      23.1711368560791,
      23.629133224487305,
      30.084758758544922,
      29.517330169677734
    ],
    [
      -0.9156128764152527,
      -6.8042683601379395,
      -3.7219924926757812,
      -3.5926547050476074,
      0.8818405270576477,
      17.376110076904297,
      20.39482879638672,
      32.84796905517578,
      18.98349952697754,
      25.740571975708008,
      21.24072265625,
      48.08475112915039,
      28.551776885986328,
      53.504478454589844,
      26.410991668701172,
      68.78588104248047,
      29.517330169677734,
      103.31149291992188
    ]
  ],
  "covariance_short": [
    [
      42.22962951660156,
      26.44232749938965,
      14.791141510009766,
      11.762226104736328,
      4.232959270477295,
      1.5099074840545654,
      2.813422441482544,
      1.2530229091644287,
      4.839831352233887,
      2.7403364181518555,
      3.312490463256836,
      1.4600508213043213,
      4.688841342926025,
      3.6990158557891846,
      3.6528735160827637,
      1.5203938484191895,
      3.351544141769409,
      -0.2681106626987457
    ],
    [
      26.44232749938965,
      100.54524230957031,
      16.400585174560547,
      28.583965301513672,
      3.969322443008423,
      4.0356245040893555,
      -4.366548538208008,
      -3.2836649417877197,
      -1.7190747261047363,
      -6.1037421226501465,
      0.46888959407806396,
      -5.458343505859375,
      5.712409973144531,
      2.208982229232788,
      3.152538299560547,
      4.8173699378967285,
      2.597501754760742,
      0.6245337724685669
    ],
    [
      14.791141510009766,
      16.400585174560547,
      37.83683395385742,
      17.8753662109375,
      13.620542526245117,
      7.579999923706055,
      6.544689178466797,
      5.248196125030518,
      9.312615394592285,
      6.812531471252441,
      9.256190299987793,
      2.0898616313934326,
      7.7894110679626465,
      5.269333362579346,
      6.869209289550781,
      3.0801312923431396,
      6.5383830070495605,
      1.5091239213943481
    ],
    [
      11.762226104736328,
      28.583965301513672,
      17.8753662109375,
      34.33415222167969,
      10.441258430480957,
      13.684663772583008,
      7.013636112213135,
      9.6178617477417,
      6.201194763183594,
      7.728601932525635,
      6.172252178192139,
      4.9118194580078125,
      6.4293622970581055,
      7.196799278259277,
      7.034964084625244,
      5.676273822784424,
      5.270920276641846,
      3.430452346801758
    ],
    [
      4.232959270477295,
      3.969322443008423,
      13.620542526245117,
      10.441258430480957,
      35.89515686035156,
      21.0179443359375,
      24.076114654541016,
      16.805091857910156,
      20.930749893188477,
      15.284614562988281,
      19.347795486450195,
      13.106274604797363,
      13.99298095703125,
      11.122544288635254,
      14.227169036865234,
      11.357190132141113,
      12.248711585998535,
      12.758750915527344
    ],
    [
      1.5099074840545654,
      4.0356245040893555,
      7.579999923706055,
      13.684663772583008,
      21.0179443359375,
      36.548336029052734,
      22.818134307861328,
      27.005525588989258,
      18.701547622680664,
      22.13779640197754,
      17.7275390625,
      23.012664794921875,
      16.748329162597656,
      21.20635986328125,
      16.522159576416016,
      23.71978187561035,
      15.894270896911621,
      25.194704055786133
    ],
    [
      2.813422441482544,
      -4.366548538208008,
      6.544689178466797,
      7.013636112213135,
      24.076114654541016,
      22.818134307861328,
      54.22224807739258,
      33.98897171020508,
      30.36882972717285,
      26.616975784301758,
      27.371538162231445,
      27.742494583129883,
      20.95909881591797,
      22.071165084838867,
      22.93358612060547,
      24.127988815307617,
      18.185237884521484,
      26.51805305480957
    ],
    [
      1.2530229091644287,
      -3.2836649417877197,
      5.248196125030518,
      9.6178617477417,
      16.805091857910156,
      27.005525588989258,
      33.98897171020508,
      43.0940055847168,
      24.38440704345703,
      31.990468978881836,
      22.805238723754883,
      34.588623046875,
      22.03645896911621,
      30.637075424194336,
      22.10231590270996,
      33.74671173095703,
      19.466672897338867,
      34.80228042602539
    ],
    [
      4.839831352233887,
      -1.7190747261047363,
      9.312615394592285,
      6.201194763183594,
      20.930749893188477,
      18.701547622680664,
      30.36882972717285,
      24.38440704345703,
      43.857540130615234,
      30.443506240844727,
      32.30848693847656,
      28.958284378051758,
      27.70331382751465,
      26.393985748291016,
      25.12521743774414,
      28.08457374572754,
      19.548490524291992,
      29.068798065185547
    ],
    [
      2.7403364181518555,
      -6.1037421226501465,
      6.812531471252441,
      7.728601932525635,
      15.284614562988281,
      22.13779640197754,
      26.616975784301758,
      31.990468978881836,
      30.443506240844727,
      44.32469177246094,
      26.309011459350586,
      40.59510803222656,
      25.985750198364258,
      37.50279235839844,
      23.82984733581543,
      37.9809455871582,
      20.388927459716797,
      34.443145751953125
    ],
    [
      3.312490463256836,
      0.46888959407806396,
      9.256190299987793,
      6.172252178192139,
      19.347795486450195,
      17.7275390625,
      27.371538162231445,
      22.805238723754883,
      32.30848693847656,
      26.309011459350586,
      38.32625198364258,
      31.28131866455078,
      30.948143005371094,
      29.568798065185547,
      26.828222274780273,
      31.699100494384766,
      22.19903564453125,
      33.26835632324219
    ],
    [
      1.4600508213043213,
      -5.458343505859375,
      2.0898616313934326,
      4.9118194580078125,
      13.106274604797363,
      23.012664794921875,
      27.742494583129883,
      34.588623046875,
      28.958284378051758,
      40.59510803222656,
      31.28131866455078,
      54.720272064208984,
      32.13035583496094,
      49.21883773803711,
      28.43743896484375,
      51.60260772705078,
      25.368057250976562,
      49.520957946777344
    ],
    [
      4.688841342926025,
      5.712409973144531,
      7.7894110679626465,
      6.4293622970581055,
      13.99298095703125,
      16.748329162597656,
      20.95909881591797,
      22.03645896911621,
      27.70331382751465,
      25.985750198364258,
      30.948143005371094,
      32.13035583496094,
      43.51999282836914,
      41.39144515991211,
      37.04080581665039,
      46.30610656738281,
      32.84847640991211,
      45.18080520629883
    ],
    [
      3.6990158557891846,
      2.208982229232788,
      5.269333362579346,
      7.196799278259277,
      11.122544288635254,
      21.20635986328125,
      22.071165084838867,
      30.637075424194336,
      26.393985748291016,
      37.50279235839844,
      29.568798065185547,
      49.21883773803711,
      41.39144515991211,
      67.19172668457031,
      36.59214782714844,
      70.69512939453125,
      34.33683395385742,
      64.93318176269531
    ],
    [
      3.6528735160827637,
      3.152538299560547,
      6.869209289550781,
      7.034964084625244,
      14.227169036865234,
      16.522159576416016,
      22.93358612060547,
      22.10231590270996,
      25.12521743774414,
      23.82984733581543,
      26.828222274780273,
      28.43743896484375,
      37.04080581665039,
      36.59214782714844,
      47.22374725341797,
      44.74411392211914,
      41.871177673339844,
      48.37587356567383
    ],
    [
      1.5203938484191895,
      4.8173699378967285,
      3.0801312923431396,
      5.676273822784424,
      11.357190132141113,
      23.71978187561035,
      24.127988815307617,
      33.74671173095703,
      28.08457374572754,
      37.9809455871582,
      31.699100494384766,
      51.60260772705078,
      46.30610656738281,
      70.69512939453125,
      44.74411392211914,
      91.50727844238281,
      42.897037506103516,
      83.92840576171875
    ],
    [
      3.351544141769409,
      2.597501754760742,
      6.5383830070495605,
      5.270920276641846,
      12.248711585998535,
      15.894270896911621,
      18.185237884521484,
      19.466672897338867,
      19.548490524291992,
      20.388927459716797,
      22.19903564453125,
      25.368057250976562,
      32.84847640991211,
      34.33683395385742,
      41.871177673339844,
      42.897037506103516,
      53.65747833251953,
      53.74258804321289
    ],
    [
      -0.2681106626987457,
      0.6245337724685669,
      1.5091239213943481,
      3.430452346801758,
      12.758750915527344,
      25.194704055786133,
      26.51805305480957,
      34.80228042602539,
      29.068798065185547,
      34.443145751953125,
      33.26835632324219,
      49.520957946777344,
      45.18080520629883,
      64.93318176269531,
      48.37587356567383,
      83.92840576171875,
      53.74258804321289,
      122.5051040649414
    ]
  ],
  "drr": 18.347312927246094,
  "dynamics": 2.0911619663238525,
  "format": 1245190,
  "frames": 9854912,
  "loudness": -9.163886070251465,
  "loudness_range": 4.453720569610596,
  "loudness_range_short": 8.673612594604492,
  "peak": 0.5576438307762146,
  "rms": -11.126442909240723,
  "sample_rate": 44100,
  "sections": 1,
  "seekable": 1,
  "sharpness": 3.004223108291626,
  "space": -9.48911190032959
}