{
  "bands": [
    {
      "high_freq": 148.1999969482422,
      "loudness": -30.918365478515625,
      "loudness_range": 18.4957275390625,
      "mid_mean": -27.467863082885742,
      "mid_to_side_loudness": -14.550337791442871,
      "mid_to_side_loudness_range": 21.31564712524414,
      "side_mean": -42.58100891113281
    },
    {
      "high_freq": 392.3793640136719,
      "loudness": -29.67930030822754,
      "loudness_range": 14.751354217529297,
      "low_freq": 148.1999969482422,
      "mid_mean": -26.439918518066406,
      "mid_to_side_loudness": -11.888553619384766,
      "mid_to_side_loudness_range": 15.796996116638184,
      "side_mean": -38.475502014160156
    },
    {
      "high_freq": 794.6976318359375,
      "loudness": -31.426836013793945,
      "loudness_range": 21.425128936767578,
      "low_freq": 392.3793640136719,
      "mid_mean": -29.46632194519043,
      "mid_to_side_loudness": -7.328353404998779,
      "mid_to_side_loudness_range": 21.897323608398438,
      "side_mean": -35.3587646484375
    },
    {
      "high_freq": 1457.5709228515625,
      "loudness": -33.15488815307617,
      "loudness_range": 24.627548217773438,
      "low_freq": 794.6976318359375,
      "mid_mean": -31.040313720703125,
      "mid_to_side_loudness": -8.218474388122559,
      "mid_to_side_loudness_range": 21.874332427978516,
      "side_mean": -37.954132080078125
    },
    {
      "high_freq": 2549.74365234375,
      "loudness": -32.460792541503906,
      "loudness_range": 27.89935302734375,
      "low_freq": 1457.5709228515625,
      "mid_mean": -30.730541229248047,
      "mid_to_side_loudness": -8.007964134216309,
      "mid_to_side_loudness_range": 20.759183883666992,
      "side_mean": -36.530113220214844
    },
    {
      "high_freq": 4349.24462890625,
      "loudness": -34.71962356567383,
      "loudness_range": 29.147626876831055,
      "low_freq": 2549.74365234375,
      "mid_mean": -33.070831298828125,
      "mid_to_side_loudness": -7.861562728881836,
      "mid_to_side_loudness_range": 19.622909545898438,
      "side_mean": -38.40193176269531
    },
    {
      "high_freq": 7314.1640625,
      "loudness": -37.63847732543945,
      "loudness_range": 26.79509925842285,
      "low_freq": 4349.24462890625,
      "mid_mean": -36.22693634033203,
      "mid_to_side_loudness": -6.301875114440918,
      "mid_to_side_loudness_range": 17.65915298461914,
      "side_mean": -39.839561462402344
    },
    {
      "high_freq": 12199.2666015625,
      "loudness": -39.64406967163086,
      "loudness_range": 21.759410858154297,
      "low_freq": 7314.1640625,
      "mid_mean": -38.73549270629883,
      "mid_to_side_loudness": -4.097911357879639,
      "mid_to_side_loudness_range": 11.489648818969727,
      "side_mean": -41.4271240234375
    },
    {
      "loudness": -48.44224166870117,
      "loudness_range": 23.862255096435547,
      "low_freq": 12199.2666015625,
      "mid_mean": -50.88114547729492,
      "mid_to_side_loudness": -3.478041410446167,
      "mid_to_side_loudness_range": 9.999715805053711,
      "side_mean": -52.99839782714844
    }
  ],
  "bands_short": [
    {
      "high_freq": 148.1999969482422,
      "loudness": -33.6870002746582,
      "loudness_range": 22.99161148071289,
      "mid_mean": -30.381189346313477,
      "mid_to_side_loudness": -15.069657325744629,
      "mid_to_side_loudness_range": 25.13031578063965,
      "side_mean": -46.85575866699219
    },
    {
      "high_freq": 392.3793640136719,
      "loudness": -30.200651168823242,
      "loudness_range": 17.343448638916016,
      "low_freq": 148.1999969482422,
      "mid_mean": -27.05885124206543,
      "mid_to_side_loudness": -12.059845924377441,
      "mid_to_side_loudness_range": 19.63368034362793,
      "side_mean": -39.42483901977539
    },
    {
      "high_freq": 794.6976318359375,
      "loudness": -32.80937957763672,
      "loudness_range": 24.046504974365234,
      "low_freq": 392.3793640136719,
      "mid_mean": -30.851869583129883,
      "mid_to_side_loudness": -7.521884441375732,
      "mid_to_side_loudness_range": 22.440950393676758,
      "side_mean": -37.77043914794922
    },
    {
      "high_freq": 1457.5709228515625,
      "loudness": -33.98440933227539,
      "loudness_range": 26.94257354736328,
      "low_freq": 794.6976318359375,
      "mid_mean": -32.030364990234375,
      "mid_to_side_loudness": -7.587839126586914,
      "mid_to_side_loudness_range": 22.67532730102539,
      "side_mean": -39.19999694824219
    },
    {
      "high_freq": 2549.74365234375,
      "loudness": -33.690284729003906,
      "loudness_range": 29.45435905456543,
      "low_freq": 1457.5709228515625,
      "mid_mean": -32.14614486694336,
      "mid_to_side_loudness": -6.635156631469727,
      "mid_to_side_loudness_range": 20.543535232543945,
      "side_mean": -38.32844924926758
    },
    {
      "high_freq": 4349.24462890625,
      "loudness": -35.03679275512695,
      "loudness_range": 27.984235763549805,
      "low_freq": 2549.74365234375,
      "mid_mean": -33.78643035888672,
      "mid_to_side_loudness": -6.151473045349121,
      "mid_to_side_loudness_range": 18.30265998840332,
      "side_mean": -39.153228759765625
    },
    {
      "high_freq": 7314.1640625,
      "loudness": -38.0114860534668,
      "loudness_range": 26.880538940429688,
      "low_freq": 4349.24462890625,
      "mid_mean": -36.95077133178711,
      "mid_to_side_loudness": -4.943946361541748,
      "mid_to_side_loudness_range": 14.983194351196289,
      "side_mean": -40.711585998535156
    },
    {
      "high_freq": 12199.2666015625,
      "loudness": -40.8269157409668,
      "loudness_range": 24.751827239990234,
      "low_freq": 7314.1640625,
      "mid_mean": -40.33698272705078,
      "mid_to_side_loudness": -3.6154584884643555,
      "mid_to_side_loudness_range": 10.490243911743164,
      "side_mean": -43.01285171508789
    },
    {
      "loudness": -51.62636184692383,
      "loudness_range": 28.847332000732422,
      "low_freq": 12199.2666015625,
      "mid_mean": -53.83773422241211,
      "mid_to_side_loudness": -3.5137112140655518,
      "mid_to_side_loudness_range": 10.588650703430176,
      "side_mean": -55.77836227416992
    }
  ],
  "channels": 2,
  "covariance": [
    [
      44.513580322265625,
      31.961454391479492,
      8.459489822387695,
      14.31067180633545,
      10.056265830993652,
      22.458242416381836,
      13.475273132324219,
      22.668197631835938,
      16.924392700195312,
      24.849733352661133,
      16.57704734802246,
      22.41868019104004,
      16.215715408325195,
      19.833786010742188,
      17.16006851196289,
      19.349788665771484,
      21.0745849609375,
      21.889184951782227
    ],
    [
      31.961454391479492,
      64.25253295898438,
      14.791232109069824,
      38.54914855957031,
      24.98514175415039,
      43.87178421020508,
      32.35444259643555,
      41.94743347167969,
      39.134708404541016,
      36.1738166809082,
      38.12968063354492,
      33.297420501708984,
      35.10923385620117,
      29.41486167907715,
      27.3543758392334,
      23.321557998657227,
      43.429344177246094,
      40.26132583618164
    ],
    [
      8.459489822387695,
      14.791232109069824,
      31.677770614624023,
      28.427684783935547,
      26.636119842529297,
      21.57579803466797,
      24.851974487304688,
      20.145751953125,
      22.89997100830078,
      21.61933708190918,
      27.37383460998535,
      24.151704788208008,
      24.43291664123535,
      22.36696434020996,
      21.400972366333008,
      20.810396194458008,
      30.69763946533203,
      28.360624313354492
    ],
    [
      14.31067180633545,
      38.54914855957031,
      28.427684783935547,
      55.45043182373047,
      35.82602310180664,
      48.270751953125,
      37.502628326416016,
      42.42161560058594,
      40.562095642089844,
      37.51250076293945,
      43.06450271606445,
      36.52806854248047,
      39.580665588378906,
      32.16368865966797,
      29.820653915405273,
      26.698856353759766,
      50.44697570800781,
      46.50498962402344
    ],
    [
      10.056265830993652,
      24.98514175415039,
      26.636119842529297,
      35.82602310180664,
      53.73445510864258,
      47.12126922607422,
      50.34719467163086,
      40.590023040771484,
      53.40739822387695,
      41.052555084228516,
      51.61007308959961,
      37.0909423828125,
      42.97576904296875,
      29.329368591308594,
      33.48420333862305,
      26.56248664855957,
      52.90974426269531,
      46.31428527832031
    ],
    [
      22.458242416381836,
      43.87178421020508,
      21.57579803466797,
      48.270751953125,
      47.12126922607422,
      108.84942626953125,
      47.30810546875,
      89.40901947021484,
      62.15304946899414,
      74.51282501220703,
      54.53614044189453,
      55.082420349121094,
      49.74118423461914,
      43.994930267333984,
      40.78620147705078,
      37.01759719848633,
      66.50422668457031,
      64.03624725341797
    ],
    [
      13.475273132324219,
      32.35444259643555,
      24.851974487304688,
      37.502628326416016,
      50.34719467163086,
      47.30810546875,
      76.90967559814453,
      53.80643081665039,
      71.35029602050781,
      48.05085372924805,
      68.17174530029297,
      40.15243911743164,
      56.487056732177734,
      31.593427658081055,
      42.73290252685547,
      27.801809310913086,
      63.220252990722656,
      52.38016891479492
    ],
    [
      22.668197631835938,
      41.94743347167969,
      20.145751953125,
      42.42161560058594,
      40.590023040771484,
      89.40901947021484,
      53.80643081665039,
      103.83433532714844,
      61.992027282714844,
      77.04095458984375,
      53.88200759887695,
      53.283424377441406,
      49.75755310058594,
      42.70228958129883,
      40.90736389160156,
      35.039791107177734,
      63.55637741088867,
      60.027320861816406
    ],
    [
      16.924392700195312,
      39.134708404541016,
      22.89997100830078,
      40.562095642089844,
      53.40739822387695,
      62.15304946899414,
      71.35029602050781,
      61.992027282714844,
      103.60969543457031,
      58.350074768066406,
      89.71934509277344,
      47.52562713623047,
      73.0293960571289,
      35.719635009765625,
      52.80809783935547,
      31.05903434753418,
      72.20977020263672,
      59.63397979736328
    ],
    [
      24.849733352661133,
      36.1738166809082,
      21.61933708190918,
      37.51250076293945,
      41.052555084228516,
      74.51282501220703,
      48.05085372924805,
      77.04095458984375,
      58.350074768066406,
      90.3251953125,
      50.13768005371094,
      60.124515533447266,
      44.466346740722656,
      46.825321197509766,
      42.28300476074219,
      37.8848991394043,
      49.87479019165039,
      46.09769058227539
    ],
    [
      16.57704734802246,
      38.12968063354492,
      27.37383460998535,
      43.06450271606445,
      51.61007308959961,
      54.53614044189453,
      68.17174530029297,
      53.88200759887695,
      89.71934509277344,
      50.13768005371094,
      106.7190170288086,
      51.84090805053711,
      84.3062515258789,
      42.75497817993164,
      61.98322677612305,
      37.5992546081543,
      76.09768676757812,
      62.690547943115234
    ],
    [
      22.41868019104004,
      33.297420501708984,
      24.151704788208008,
      36.52806854248047,
      37.0909423828125,
      55.082420349121094,
      40.15243911743164,
      53.283424377441406,
      47.52562713623047,
      60.124515533447266,
      51.84090805053711,
      65.4939956665039,
      52.528350830078125,
      55.55506896972656,
      50.46931457519531,
      47.158973693847656,
      51.25852584838867,
      47.85243225097656
    ],
    [
      16.215715408325195,
      35.10923385620117,
      24.43291664123535,
      39.580665588378906,
      42.97576904296875,
      49.74118423461914,
      56.487056732177734,
      49.75755310058594,
      73.0293960571289,
      44.466346740722656,
      84.3062515258789,
      52.528350830078125,
      88.67469024658203,
      50.26297378540039,
      66.88154602050781,
      44.94822692871094,
      75.3563232421875,
      62.880577087402344
    ],
    [
      19.833786010742188,
      29.41486167907715,
      22.36696434020996,
      32.16368865966797,
      29.329368591308594,
      43.994930267333984,
      31.593427658081055,
      42.70228958129883,
      35.719635009765625,
      46.825321197509766,
      42.75497817993164,
      55.55506896972656,
      50.26297378540039,
      60.091556549072266,
      50.60967254638672,
      51.54180908203125,
      51.77046585083008,
      50.33541488647461
    ],
    [
      17.16006851196289,
      27.3543758392334,
      21.400972366333008,
      29.820653915405273,
      33.48420333862305,
      40.78620147705078,
      42.73290252685547,
      40.90736389160156,
      52.80809783935547,
      42.28300476074219,
      61.98322677612305,
      50.46931457519531,
      66.88154602050781,
      50.60967254638672,
      72.71827697753906,
      52.410728454589844,
      70.75647735595703,
      61.24519348144531
    ],
    [
      19.349788665771484,
      23.321557998657227,
      20.810396194458008,
      26.698856353759766,
      26.56248664855957,
      37.01759719848633,
      27.801809310913086,
      35.039791107177734,
      31.05903434753418,
      37.8848991394043,
      37.5992546081543,
      47.158973693847656,
      44.94822692871094,
      51.54180908203125,
      52.410728454589844,
      57.91809844970703,
      58.875003814697266,
      59.468360900878906
    ],
    [
      21.0745849609375,
      43.429344177246094,
      30.69763946533203,
      50.44697570800781,
      52.90974426269531,
      66.50422668457031,
      63.220252990722656,
      63.55637741088867,
      72.20977020263672,
      49.87479019165039,
      76.09768676757812,
      51.25852584838867,
      75.3563232421875,
      51.77046585083008,
      70.75647735595703,
      58.875003814697266,
      125.19999694824219,
      114.79237365722656
    ],
    [
      21.889184951782227,
      40.26132583618164,
      28.360624313354492,
      46.50498962402344,
      46.31428527832031,
      64.03624725341797,
      52.38016891479492,
      60.027320861816406,
      59.63397979736328,
      46.09769058227539,
      62.690547943115234,
      47.85243225097656,
      62.880577087402344,
      50.33541488647461,
      61.24519348144531,
      59.468360900878906,
      114.79237365722656,
      112.71553039550781
    ]
  ],
  "covariance_short": [
    [
      70.76547241210938,
      35.98724365234375,
      14.795820236206055,
      15.361410140991211,
      10.63584041595459,
      20.3756046295166,
      13.030400276184082,
      19.82847023010254,
      18.170900344848633,
      23.39479637145996,
      17.751399993896484,
      21.008378982543945,
      17.039934158325195,
      20.0819149017334,
      19.685775756835938,
      22.608722686767578,
      20.340314865112305,
      20.2774658203125
    ],
    [
      35.98724365234375,
      77.412109375,
      19.369155883789062,
      38.21895980834961,
      26.632339477539062,
      48.77245330810547,
      32.632720947265625,
      47.5395393371582,
      39.0318717956543,
      44.60572814941406,
      33.665775299072266,
      36.757469177246094,
      32.20262908935547,
      34.119876861572266,
      29.19490623474121,
      29.698741912841797,
      38.1364860534668,
      35.75922775268555
    ],
    [
      14.795820236206055,
      19.369155883789062,
      43.500308990478516,
      28.671783447265625,
      31.16019630432129,
      28.451013565063477,
      31.03824234008789,
      26.457700729370117,
      29.44896697998047,
      29.13303565979004,
      33.10206604003906,
      27.520465850830078,
      29.38982582092285,
      26.89984703063965,
      27.447975158691406,
      27.072486877441406,
      32.34709548950195,
      30.112903594970703
    ],
    [
      15.361410140991211,
      38.21895980834961,
      28.671783447265625,
      60.7011833190918,
      36.41962432861328,
      52.919334411621094,
      36.69526290893555,
      45.42121124267578,
      38.91986846923828,
      41.489601135253906,
      39.39736557006836,
      36.32255554199219,
      36.803428649902344,
      33.3925666809082,
      31.541561126708984,
      28.9113712310791,
      44.502235412597656,
      39.94754409790039
    ],
    [
      10.63584041595459,
      26.632339477539062,
      31.16019630432129,
      36.41962432861328,
      68.3015365600586,
      59.33552932739258,
      60.72575759887695,
      49.796241760253906,
      62.72731018066406,
      49.874603271484375,
      57.8563117980957,
      41.84360122680664,
      48.90378952026367,
      35.263092041015625,
      41.55859375,
      32.69014358520508,
      52.79117202758789,
      44.21318435668945
    ],
    [
      20.3756046295166,
      48.77245330810547,
      28.451013565063477,
      52.919334411621094,
      59.33552932739258,
      124.48383331298828,
      61.44758224487305,
      99.23593139648438,
      68.96490478515625,
      85.47249603271484,
      55.22193908691406,
      61.22734451293945,
      50.776519775390625,
      50.9133186340332,
      46.0286865234375,
      45.11105728149414,
      64.73855590820312,
      60.24272155761719
    ],
    [
      13.030400276184082,
      32.632720947265625,
      31.03824234008789,
      36.69526290893555,
      60.72575759887695,
      61.44758224487305,
      90.92530822753906,
      66.7735366821289,
      81.35445404052734,
      61.030643463134766,
      73.2684555053711,
      48.20818328857422,
      61.83320617675781,
      39.97028350830078,
      51.17045974731445,
      35.84527587890625,
      61.381431579589844,
      48.5821418762207
    ],
    [
      19.82847023010254,
      47.5395393371582,
      26.457700729370117,
      45.42121124267578,
      49.796241760253906,
      99.23593139648438,
      66.7735366821289,
      119.02423858642578,
      68.31700897216797,
      88.27334594726562,
      54.554317474365234,
      58.69071960449219,
      49.400142669677734,
      48.87958908081055,
      43.622947692871094,
      42.14475631713867,
      60.285728454589844,
      55.734718322753906
    ],
    [
      18.170900344848633,
      39.0318717956543,
      29.44896697998047,
      38.91986846923828,
      62.72731018066406,
      68.96490478515625,
      81.35445404052734,
      68.31700897216797,
      117.8006820678711,
      71.89017486572266,
      94.7022705078125,
      56.070072174072266,
      76.33183288574219,
      44.72548294067383,
      60.61357116699219,
      38.94252014160156,
      67.04512786865234,
      51.21339416503906
    ],
    [
      23.39479637145996,
      44.60572814941406,
      29.13303565979004,
      41.489601135253906,
      49.874603271484375,
      85.47249603271484,
      61.030643463134766,
      88.27334594726562,
      71.89017486572266,
      105.64128875732422,
      61.2972526550293,
      68.30207824707031,
      54.506656646728516,
      54.72174072265625,
      48.78410339355469,
      44.98088455200195,
      52.178741455078125,
      47.45325469970703
    ],
    [
      17.751399993896484,
      33.665775299072266,
      33.10206604003906,
      39.39736557006836,
      57.8563117980957,
      55.22193908691406,
      73.2684555053711,
      54.554317474365234,
      94.7022705078125,
      61.2972526550293,
      111.56239318847656,
      61.12710952758789,
      88.85307312011719,
      53.692359924316406,
      71.08699798583984,
      47.632808685302734,
      71.263916015625,
      54.88919448852539
    ],
    [
      21.008378982543945,
      36.757469177246094,
      27.520465850830078,
      36.32255554199219,
      41.84360122680664,
      61.22734451293945,
      48.20818328857422,
      58.69071960449219,
      56.070072174072266,
      68.30207824707031,
      61.12710952758789,
      74.46188354492188,
      61.54414749145508,
      64.27757263183594,
      57.87311553955078,
      55.22613525390625,
      54.142887115478516,
      49.99308776855469
    ],
    [
      17.039934158325195,
      32.20262908935547,
      29.38982582092285,
      36.803428649902344,
      48.90378952026367,
      50.776519775390625,
      61.83320617675781,
      49.400142669677734,
      76.33183288574219,
      54.506656646728516,
      88.85307312011719,
      61.54414749145508,
      96.90223693847656,
      64.25009155273438,
      80.84626770019531,
      59.84714889526367,
      78.61933135986328,
      63.73912048339844
    ],
    [
      20.0819149017334,
      34.119876861572266,
      26.89984703063965,
      33.3925666809082,
      35.263092041015625,
      50.9133186340332,
      39.97028350830078,
      48.87958908081055,
      44.72548294067383,
      54.72174072265625,
      53.692359924316406,
      64.27757263183594,
      64.25009155273438,
      76.17943572998047,
      65.62201690673828,
      67.67862701416016,
      62.22151184082031,
      60.12826919555664
    ],
    [
      19.685775756835938,
      29.19490623474121,
      27.447975158691406,
      31.541561126708984,
      41.55859375,
      46.0286865234375,
      51.17045974731445,
      43.622947692871094,
      60.61357116699219,
      48.78410339355469,
      71.08699798583984,
      57.87311553955078,
      80.84626770019531,
      65.62201690673828,
      92.27029418945312,
      72.84455108642578,
      86.72880554199219,
      74.91065979003906
    ],
    [
      22.608722686767578,
      29.698741912841797,
      27.072486877441406,
      28.9113712310791,
      32.69014358520508,
      45.11105728149414,
      35.84527587890625,
      42.14475631713867,
      38.94252014160156,
      44.98088455200195,
      47.632808685302734,
      55.22613525390625,
      59.84714889526367,
      67.67862701416016,
      72.84455108642578,
      81.14094543457031,
      75.69268035888672,
      75.05089569091797
    ],
    [
      20.340314865112305,
      38.1364860534668,
      32.34709548950195,
      44.502235412597656,
      52.79117202758789,
      64.73855590820312,
      61.381431579589844,
      60.285728454589844,
      67.04512786865234,
      52.178741455078125,
      71.263916015625,
      54.142887115478516,
      78.61933135986328,
      62.22151184082031,
      86.72880554199219,
      75.69268035888672,
      127.28209686279297,
      113.68180084228516
    ],
    [
      20.2774658203125,
      35.75922775268555,
      30.112903594970703,
      39.94754409790039,
      44.21318435668945,
      60.24272155761719,
      48.5821418762207,
      55.734718322753906,
      51.21339416503906,
      47.45325469970703,
      54.88919448852539,
      49.99308776855469,
      63.73912048339844,
      60.12826919555664,
      74.91065979003906,
      75.05089569091797,
      113.68180084228516,
      109.46240234375
    ]
  ],
  "drr": 13.700335502624512,
  "dynamics": 4.503642559051514,
  "format": 1245190,
  "frames": 19395520,
  "loudness": -18.069164276123047,
  "loudness_range": 14.561996459960938,
  "loudness_range_short": 17.829853057861328,
  "peak": -1.295946478843689,
  "rms": -19.832881927490234,
  "sample_rate": 44100,
  "sections": 1,
  "seekable": 1,
  "sharpness": 3.4983325004577637,
  "space": -9.05432415008545
}