{
  "bands": [
    {
      "high_freq": 148.1999969482422,
      "loudness": -38.38569641113281,
      "loudness_range": 27.46883773803711,
      "mid_mean": -35.316593170166016,
      "mid_to_side_loudness": -11.738826751708984,
      "mid_to_side_loudness_range": 14.882564544677734,
      "side_mean": -47.20322799682617
    },
    {
      "high_freq": 392.3793640136719,
      "loudness": -31.048498153686523,
      "loudness_range": 22.11831283569336,
      "low_freq": 148.1999969482422,
      "mid_mean": -29.024219512939453,
      "mid_to_side_loudness": -3.9005043506622314,
      "mid_to_side_loudness_range": 9.136265754699707,
      "side_mean": -33.03245544433594
    },
    {
      "high_freq": 794.6976318359375,
      "loudness": -32.499916076660156,
      "loudness_range": 23.183361053466797,
      "low_freq": 392.3793640136719,
      "mid_mean": -30.452835083007812,
      "mid_to_side_loudness": -3.9407756328582764,
      "mid_to_side_loudness_range": 9.426767349243164,
      "side_mean": -34.444332122802734
    },
    {
      "high_freq": 1457.5709228515625,
      "loudness": -33.790489196777344,
      "loudness_range": 27.518033981323242,
      "low_freq": 794.6976318359375,
      "mid_mean": -32.282962799072266,
      "mid_to_side_loudness": -2.7147276401519775,
      "mid_to_side_loudness_range": 9.450860977172852,
      "side_mean": -34.960025787353516
    },
    {
      "high_freq": 2549.74365234375,
      "loudness": -40.295555114746094,
      "loudness_range": 30.730417251586914,
      "low_freq": 1457.5709228515625,
      "mid_mean": -38.894412994384766,
      "mid_to_side_loudness": -2.313124656677246,
      "mid_to_side_loudness_range": 7.09769868850708,
      "side_mean": -41.152042388916016
    },
    {
      "high_freq": 4349.24462890625,
      "loudness": -48.408447265625,
      "loudness_range": 30.989227294921875,
      "low_freq": 2549.74365234375,
      "mid_mean": -47.754024505615234,
      "mid_to_side_loudness": -2.815433979034424,
      "mid_to_side_loudness_range": 5.421839237213135,
      "side_mean": -50.52886199951172
    },
    {
      "high_freq": 7314.1640625,
      "loudness": -58.92367172241211,
      "loudness_range": 29.685527801513672,
      "low_freq": 4349.24462890625,
      "mid_mean": -56.55585861206055,
      "mid_to_side_loudness": -2.219008445739746,
      "mid_to_side_loudness_range": 3.7832436561584473,
      "side_mean": -58.32866668701172
    },
    {
      "high_freq": 12199.2666015625,
      "loudness": -65.29063415527344,
      "loudness_range": 18.02542495727539,
      "low_freq": 7314.1640625,
      "mid_mean": -62.22239685058594,
      "mid_to_side_loudness": -2.72267746925354,
      "mid_to_side_loudness_range": 1.2619926929473877,
      "side_mean": -64.15333557128906
    },
    {
      "loudness": -66.51264953613281,
      "loudness_range": 6.585048675537109,
      "low_freq": 12199.2666015625,
      "mid_mean": -63.631900787353516,
      "mid_to_side_loudness": -2.0546436309814453,
      "mid_to_side_loudness_range": 0.5781244039535522,
      "side_mean": -65.09600830078125
    }
  ],
  "bands_short": [
    {
      "high_freq": 148.1999969482422,
      "loudness": -41.503807067871094,
      "loudness_range": 28.110036849975586,
      "mid_mean": -38.32538604736328,
      "mid_to_side_loudness": -13.784058570861816,
      "mid_to_side_loudness_range": 18.917875289916992,
      "side_mean": -52.82585525512695
    },
    {
      "high_freq": 392.3793640136719,
      "loudness": -31.564632415771484,
      "loudness_range": 22.04667091369629,
      "low_freq": 148.1999969482422,
      "mid_mean": -29.17841339111328,
      "mid_to_side_loudness": -5.487483978271484,
      "mid_to_side_loudness_range": 10.589171409606934,
      "side_mean": -34.82343292236328
    },
    {
      "high_freq": 794.6976318359375,
      "loudness": -31.80526351928711,
      "loudness_range": 24.37364959716797,
      "low_freq": 392.3793640136719,
      "mid_mean": -30.19931983947754,
      "mid_to_side_loudness": -2.8852083683013916,
      "mid_to_side_loudness_range": 10.826171875,
      "side_mean": -33.09627151489258
    },
    {
      "high_freq": 1457.5709228515625,
      "loudness": -34.6055908203125,
      "loudness_range": 28.076213836669922,
      "low_freq": 794.6976318359375,
      "mid_mean": -33.16288375854492,
      "mid_to_side_loudness": -2.7468209266662598,
      "mid_to_side_loudness_range": 10.928086280822754,
      "side_mean": -35.87327575683594
    },
    {
      "high_freq": 2549.74365234375,
      "loudness": -40.8345947265625,
      "loudness_range": 30.441150665283203,
      "low_freq": 1457.5709228515625,
      "mid_mean": -39.48307418823242,
      "mid_to_side_loudness": -2.5232677459716797,
      "mid_to_side_loudness_range": 8.658987045288086,
      "side_mean": -42.011627197265625
    },
    {
      "high_freq": 4349.24462890625,
      "loudness": -49.35224151611328,
      "loudness_range": 32.327972412109375,
      "low_freq": 2549.74365234375,
      "mid_mean": -48.7327766418457,
      "mid_to_side_loudness": -2.794968605041504,
      "mid_to_side_loudness_range": 7.059048652648926,
      "side_mean": -51.42576217651367
    },
    {
      "high_freq": 7314.1640625,
      "loudness": -59.86155319213867,
      "loudness_range": 29.26103973388672,
      "low_freq": 4349.24462890625,
      "mid_mean": -57.42720413208008,
      "mid_to_side_loudness": -2.185122013092041,
      "mid_to_side_loudness_range": 4.638768672943115,
      "side_mean": -59.139625549316406
    },
    {
      "high_freq": 12199.2666015625,
      "loudness": -65.74561309814453,
      "loudness_range": 16.22472381591797,
      "low_freq": 7314.1640625,
      "mid_mean": -62.62461471557617,
      "mid_to_side_loudness": -2.702026844024658,
      "mid_to_side_loudness_range": 2.071506977081299,
      "side_mean": -64.5047378540039
    },
    {
      "loudness": -66.61187744140625,
      "loudness_range": 5.951953887939453,
      "low_freq": 12199.2666015625,
      "mid_mean": -63.7230224609375,
      "mid_to_side_loudness": -2.0410449504852295,
      "mid_to_side_loudness_range": 1.3699463605880737,
      "side_mean": -65.16741180419922
    }
  ],
  "channels": 2,
  "covariance": [
    [
      92.487060546875,
      64.05742645263672,
      35.15993118286133,
      32.56509017944336,
      34.47528076171875,
      33.3628044128418,
      40.053890228271484,
      36.818931579589844,
      40.824459075927734,
      40.75957107543945,
      49.72549819946289,
      48.844154357910156,
      38.48637008666992,
      35.7581672668457,
      16.566452026367188,
      14.496127128601074,
      4.692734718322754,
      4.029991626739502
    ],
    [
      64.05742645263672,
      65.54618072509766,
      38.45582580566406,
      36.8027458190918,
      36.129432678222656,
      37.482906341552734,
      40.125274658203125,
      38.080055236816406,
      40.988731384277344,
      41.15574645996094,
      48.99365997314453,
      48.124046325683594,
      34.65108108520508,
      31.44849967956543,
      11.607202529907227,
      10.135307312011719,
      3.24175763130188,
      2.863182783126831
    ],
    [
      35.15993118286133,
      38.45582580566406,
      60.34452819824219,
      54.48395538330078,
      47.625999450683594,
      47.101036071777344,
      50.14112091064453,
      46.91737747192383,
      50.32115173339844,
      50.89567947387695,
      57.14604568481445,
      55.77095031738281,
      37.59678268432617,
      33.70545959472656,
      10.501259803771973,
      9.175378799438477,
      2.8178677558898926,
      2.525954008102417
    ],
    [
      32.56509017944336,
      36.8027458190918,
      54.48395538330078,
      59.71953582763672,
      46.17940139770508,
      45.00876998901367,
      47.134925842285156,
      45.56170654296875,
      48.753787994384766,
      49.16818618774414,
      56.268978118896484,
      54.430274963378906,
      36.43179702758789,
      32.644134521484375,
      10.29748249053955,
      8.961405754089355,
      2.622593641281128,
      2.365492582321167
    ],
    [
      34.47528076171875,
      36.129432678222656,
      47.625999450683594,
      46.17940139770508,
      66.38445281982422,
      60.80543518066406,
      54.693180084228516,
      51.97139358520508,
      54.46303939819336,
      54.435604095458984,
      66.32855224609375,
      63.71637725830078,
      43.14358139038086,
      38.843589782714844,
      12.063114166259766,
      10.691215515136719,
      3.133812665939331,
      2.739394426345825
    ],
    [
      33.3628044128418,
      37.482906341552734,
      47.101036071777344,
      45.00876998901367,
      60.80543518066406,
      69.15531158447266,
      54.56918716430664,
      52.307533264160156,
      53.827327728271484,
      53.958351135253906,
      65.14344787597656,
      63.12785339355469,
      41.793052673339844,
      37.776283264160156,
      10.301614761352539,
      9.156744003295898,
      2.1577351093292236,
      1.9188232421875
    ],
    [
      40.053890228271484,
      40.125274658203125,
      50.14112091064453,
      47.134925842285156,
      54.693180084228516,
      54.56918716430664,
      89.8983383178711,
      79.957763671875,
      76.935302734375,
      77.75715637207031,
      85.12738800048828,
      82.83793640136719,
      62.3299446105957,
      58.74916076660156,
      21.798765182495117,
      19.157394409179688,
      6.1976447105407715,
      5.357542514801025
    ],
    [
      36.818931579589844,
      38.080055236816406,
      46.91737747192383,
      45.56170654296875,
      51.97139358520508,
      52.307533264160156,
      79.957763671875,
      83.5830078125,
      72.1421127319336,
      72.45730590820312,
      78.13568115234375,
      75.98078155517578,
      56.049049377441406,
      52.34895706176758,
      18.00244140625,
      15.824332237243652,
      4.723243236541748,
      4.155357837677002
    ],
    [
      40.824459075927734,
      40.988731384277344,
      50.32115173339844,
      48.753787994384766,
      54.46303939819336,
      53.827327728271484,
      76.935302734375,
      72.1421127319336,
      106.35340881347656,
      102.17913055419922,
      101.09464263916016,
      98.75724029541016,
      79.67806243896484,
      74.37171173095703,
      32.36333084106445,
      28.53056526184082,
      10.332072257995605,
      8.938681602478027
    ],
    [
      40.75957107543945,
      41.15574645996094,
      50.89567947387695,
      49.16818618774414,
      54.435604095458984,
      53.958351135253906,
      77.75715637207031,
      72.45730590820312,
      102.17913055419922,
      106.41146087646484,
      99.56548309326172,
      97.36073303222656,
      77.5962905883789,
      72.6348876953125,
      30.79395294189453,
      27.152141571044922,
      9.772900581359863,
      8.48961067199707
    ],
    [
      49.72549819946289,
      48.99365997314453,
      57.14604568481445,
      56.268978118896484,
      66.32855224609375,
      65.14344787597656,
      85.12738800048828,
      78.13568115234375,
      101.09464263916016,
      99.56548309326172,
      129.44400024414062,
      124.11922454833984,
      90.48753356933594,
      84.71491241455078,
      36.98768615722656,
      32.45415496826172,
      11.1834077835083,
      9.558584213256836
    ],
    [
      48.844154357910156,
      48.124046325683594,
      55.77095031738281,
      54.430274963378906,
      63.71637725830078,
      63.12785339355469,
      82.83793640136719,
      75.98078155517578,
      98.75724029541016,
      97.36073303222656,
      124.11922454833984,
      124.48756408691406,
      90.34940338134766,
      84.56946563720703,
      37.85496139526367,
      33.07624053955078,
      11.990939140319824,
      10.157648086547852
    ],
    [
      38.48637008666992,
      34.65108108520508,
      37.59678268432617,
      36.43179702758789,
      43.14358139038086,
      41.793052673339844,
      62.3299446105957,
      56.049049377441406,
      79.67806243896484,
      77.5962905883789,
      90.48753356933594,
      90.34940338134766,
      86.60045623779297,
      82.01497650146484,
      40.485836029052734,
      35.56904220581055,
      12.73969554901123,
      10.815932273864746
    ],
    [
      35.7581672668457,
      31.44849967956543,
      33.70545959472656,
      32.644134521484375,
      38.843589782714844,
      37.776283264160156,
      58.74916076660156,
      52.34895706176758,
      74.37171173095703,
      72.6348876953125,
      84.71491241455078,
      84.56946563720703,
      82.01497650146484,
      79.20133209228516,
      39.7357292175293,
      34.93880081176758,
      12.4911470413208,
      10.604432106018066
    ],
    [
      16.566452026367188,
      11.607202529907227,
      10.501259803771973,
      10.29748249053955,
      12.063114166259766,
      10.301614761352539,
      21.798765182495117,
      18.00244140625,
      32.36333084106445,
      30.79395294189453,
      36.98768615722656,
      37.85496139526367,
      40.485836029052734,
      39.7357292175293,
      28.563676834106445,
      25.315929412841797,
      10.25048828125,
      8.70830249786377
    ],
    [
      14.496127128601074,
      10.135307312011719,
      9.175378799438477,
      8.961405754089355,
      10.691215515136719,
      9.156744003295898,
      19.157394409179688,
      15.824332237243652,
      28.53056526184082,
      27.152141571044922,
      32.45415496826172,
      33.07624053955078,
      35.56904220581055,
      34.93880081176758,
      25.315929412841797,
      22.61918830871582,
      9.14961051940918,
      7.79159688949585
    ],
    [
      4.692734718322754,
      3.24175763130188,
      2.8178677558898926,
      2.622593641281128,
      3.133812665939331,
      2.1577351093292236,
      6.1976447105407715,
      4.723243236541748,
      10.332072257995605,
      9.772900581359863,
      11.1834077835083,
      11.990939140319824,
      12.73969554901123,
      12.4911470413208,
      10.25048828125,
      9.14961051940918,
      4.753637313842773,
      4.067332744598389
    ],
    [
      4.029991626739502,
      2.863182783126831,
      2.525954008102417,
      2.365492582321167,
      2.739394426345825,
      1.9188232421875,
      5.357542514801025,
      4.155357837677002,
      8.938681602478027,
      8.48961067199707,
      9.558584213256836,
      10.157648086547852,
      10.815932273864746,
      10.604432106018066,
      8.70830249786377,
      7.79159688949585,
      4.067332744598389,
      3.5112459659576416
    ]
  ],
  "covariance_short": [
    [
      95.24449157714844,
      62.14089584350586,
      37.35454177856445,
      29.72088623046875,
      28.089920043945312,
      25.99488067626953,
      31.93229866027832,
      29.53166389465332,
      33.09624481201172,
      33.64042663574219,
      40.16810607910156,
      39.647945404052734,
      30.884220123291016,
      28.588773727416992,
      13.247138977050781,
      11.519682884216309,
      3.6663143634796143,
      3.153561592102051
    ],
    [
      62.14089584350586,
      74.90807342529297,
      39.62895202636719,
      35.758583068847656,
      33.18754577636719,
      32.03757095336914,
      35.6739616394043,
      33.6304931640625,
      35.23119354248047,
      36.01560974121094,
      43.276424407958984,
      44.185176849365234,
      31.000757217407227,
      27.692358016967773,
      10.676722526550293,
      9.174887657165527,
      3.684443473815918,
      3.0563368797302246
    ],
    [
      37.35454177856445,
      39.62895202636719,
      61.85533142089844,
      52.84226989746094,
      48.65627670288086,
      47.4983024597168,
      49.70452880859375,
      46.4156379699707,
      48.91407012939453,
      50.514678955078125,
      54.87430953979492,
      53.5451774597168,
      35.089141845703125,
      31.135963439941406,
      9.476410865783691,
      8.158902168273926,
      2.5801639556884766,
      2.2651185989379883
    ],
    [
      29.72088623046875,
      35.758583068847656,
      52.84226989746094,
      60.01555633544922,
      48.153656005859375,
      48.103721618652344,
      48.48928451538086,
      47.15922164916992,
      49.100318908691406,
      50.09860610961914,
      55.95008087158203,
      54.16640853881836,
      34.42516326904297,
      30.26927947998047,
      8.593843460083008,
      7.426775932312012,
      2.135627508163452,
      1.8911038637161255
    ],
    [
      28.089920043945312,
      33.18754577636719,
      48.65627670288086,
      48.153656005859375,
      74.00971984863281,
      64.44786834716797,
      58.83736038208008,
      54.790260314941406,
      57.88725662231445,
      58.7658576965332,
      70.29460144042969,
      68.23747253417969,
      43.899696350097656,
      39.44327163696289,
      12.278399467468262,
      10.767071723937988,
      3.5239474773406982,
      3.0593419075012207
    ],
    [
      25.99488067626953,
      32.03757095336914,
      47.4983024597168,
      48.103721618652344,
      64.44786834716797,
      72.58683776855469,
      56.880104064941406,
      53.62070083618164,
      57.2867431640625,
      58.31293869018555,
      67.84798431396484,
      66.46558380126953,
      42.0531120300293,
      38.03508377075195,
      11.099224090576172,
      9.716591835021973,
      2.8506767749786377,
      2.5097522735595703
    ],
    [
      31.93229866027832,
      35.6739616394043,
      49.70452880859375,
      48.48928451538086,
      58.83736038208008,
      56.880104064941406,
      93.59120178222656,
      80.86341857910156,
      77.0093002319336,
      79.41622161865234,
      87.08186340332031,
      84.595458984375,
      60.98743438720703,
      56.8541374206543,
      20.675212860107422,
      18.039993286132812,
      6.101952075958252,
      5.235079288482666
    ],
    [
      29.53166389465332,
      33.6304931640625,
      46.4156379699707,
      47.15922164916992,
      54.790260314941406,
      53.62070083618164,
      80.86341857910156,
      86.5960464477539,
      73.03917694091797,
      74.46510314941406,
      80.1973648071289,
      77.93510437011719,
      54.883811950683594,
      50.6185188293457,
      17.02825355529785,
      14.93439769744873,
      4.691577434539795,
      4.1085686683654785
    ],
    [
      33.09624481201172,
      35.23119354248047,
      48.91407012939453,
      49.100318908691406,
      57.88725662231445,
      57.2867431640625,
      77.0093002319336,
      73.03917694091797,
      108.06847381591797,
      103.29097747802734,
      100.26471710205078,
      98.2933120727539,
      75.07538604736328,
      69.41572570800781,
      28.373510360717773,
      24.941665649414062,
      9.170413970947266,
      7.959183692932129
    ],
    [
      33.64042663574219,
      36.01560974121094,
      50.514678955078125,
      50.09860610961914,
      58.7658576965332,
      58.31293869018555,
      79.41622161865234,
      74.46510314941406,
      103.29097747802734,
      112.3500747680664,
      100.55570983886719,
      98.17335510253906,
      74.5992660522461,
      69.23816680908203,
      27.816661834716797,
      24.477449417114258,
      8.95179271697998,
      7.813774108886719
    ],
    [
      40.16810607910156,
      43.276424407958984,
      54.87430953979492,
      55.95008087158203,
      70.29460144042969,
      67.84798431396484,
      87.08186340332031,
      80.1973648071289,
      100.26471710205078,
      100.55570983886719,
      131.0989227294922,
      124.63250732421875,
      86.830322265625,
      80.8916015625,
      33.46856689453125,
      29.21692657470703,
      10.192682266235352,
      8.748369216918945
    ],
    [
      39.647945404052734,
      44.185176849365234,
      53.5451774597168,
      54.16640853881836,
      68.23747253417969,
      66.46558380126953,
      84.595458984375,
      77.93510437011719,
      98.2933120727539,
      98.17335510253906,
      124.63250732421875,
      125.66339111328125,
      86.38497161865234,
      80.42948150634766,
      34.141300201416016,
      29.694210052490234,
      10.845962524414062,
      9.225333213806152
    ],
    [
      30.884220123291016,
      31.000757217407227,
      35.089141845703125,
      34.42516326904297,
      43.899696350097656,
      42.0531120300293,
      60.98743438720703,
      54.883811950683594,
      75.07538604736328,
      74.5992660522461,
      86.830322265625,
      86.38497161865234,
      82.16246795654297,
      77.03411102294922,
      36.562767028808594,
      31.999691009521484,
      11.546928405761719,
      9.874276161193848
    ],
    [
      28.588773727416992,
      27.692358016967773,
      31.135963439941406,
      30.26927947998047,
      39.44327163696289,
      38.03508377075195,
      56.8541374206543,
      50.6185188293457,
      69.41572570800781,
      69.23816680908203,
      80.8916015625,
      80.42948150634766,
      77.03411102294922,
      74.60676574707031,
      35.911991119384766,
      31.47144317626953,
      11.33642578125,
      9.693232536315918
    ],
    [
      13.247138977050781,
      10.676722526550293,
      9.476410865783691,
      8.593843460083008,
      12.278399467468262,
      11.099224090576172,
      20.675212860107422,
      17.02825355529785,
      28.373510360717773,
      27.816661834716797,
      33.46856689453125,
      34.141300201416016,
      36.562767028808594,
      35.911991119384766,
      25.536483764648438,
      22.484037399291992,
      9.24774169921875,
      7.923814296722412
    ],
    [
      11.519682884216309,
      9.174887657165527,
      8.158902168273926,
      7.426775932312012,
      10.767071723937988,
      9.716591835021973,
      18.039993286132812,
      14.93439769744873,
      24.941665649414062,
      24.477449417114258,
      29.21692657470703,
      29.694210052490234,
      31.999691009521484,
      31.47144317626953,
      22.484037399291992,
      20.159339904785156,
      8.253839492797852,
      7.093639850616455
    ],
    [
      3.6663143634796143,
      3.684443473815918,
      2.5801639556884766,
      2.135627508163452,
      3.5239474773406982,
      2.8506767749786377,
      6.101952075958252,
      4.691577434539795,
      9.170413970947266,
      8.95179271697998,
      10.192682266235352,
      10.845962524414062,
      11.546928405761719,
      11.33642578125,
      9.24774169921875,
      8.253839492797852,
      4.503451824188232,
      3.841684341430664
    ],
    [
      3.153561592102051,
      3.0563368797302246,
      2.2651185989379883,
      1.8911038637161255,
      3.0593419075012207,
      2.5097522735595703,
      5.235079288482666,
      4.1085686683654785,
      7.959183692932129,
      7.813774108886719,
      8.748369216918945,
      9.225333213806152,
      9.874276161193848,
      9.693232536315918,
      7.923814296722412,
      7.093639850616455,
      3.841684341430664,
      3.383075714111328
    ]
  ],
  "drr": 10.2418794631958,
  "dynamics": 6.01800537109375,
  "format": 1245190,
  "frames": 16273408,
  "loudness": -20.584918975830078,
  "loudness_range": 20.10279083251953,
  "loudness_range_short": 21.532974243164062,
  "peak": 0.09782204777002335,
  "rms": -20.368497848510742,
  "sample_rate": 44100,
  "sections": 1,
  "seekable": 1,
  "sharpness": 2.6972463130950928,
  "space": -4.223081588745117
}