{
  "bands": [
    {
      "high_freq": 148.1999969482422,
      "loudness": -39.065528869628906,
      "loudness_range": 20.044910430908203,
      "mid_mean": -36.20913314819336,
      "mid_to_side_loudness": -7.102666854858398,
      "mid_to_side_loudness_range": 6.087078094482422,
      "side_mean": -43.429893493652344
    },
    {
      "high_freq": 392.3793640136719,
      "loudness": -23.059247970581055,
      "loudness_range": 14.782547950744629,
      "low_freq": 148.1999969482422,
      "mid_mean": -20.55892562866211,
      "mid_to_side_loudness": -6.038819313049316,
      "mid_to_side_loudness_range": 9.628512382507324,
      "side_mean": -26.617076873779297
    },
    {
      "high_freq": 794.6976318359375,
      "loudness": -22.781217575073242,
      "loudness_range": 17.59789276123047,
      "low_freq": 392.3793640136719,
      "mid_mean": -21.374101638793945,
      "mid_to_side_loudness": -2.4712941646575928,
      "mid_to_side_loudness_range": 10.211411476135254,
      "side_mean": -23.712961196899414
    },
    {
      "high_freq": 1457.5709228515625,
      "loudness": -29.305707931518555,
      "loudness_range": 15.586408615112305,
      "low_freq": 794.6976318359375,
      "mid_mean": -27.188024520874023,
      "mid_to_side_loudness": -4.225644111633301,
      "mid_to_side_loudness_range": 7.7889323234558105,
      "side_mean": -31.393115997314453
    },
    {
      "high_freq": 2549.74365234375,
      "loudness": -31.869401931762695,
      "loudness_range": 16.470226287841797,
      "low_freq": 1457.5709228515625,
      "mid_mean": -29.529233932495117,
      "mid_to_side_loudness": -5.122686386108398,
      "mid_to_side_loudness_range": 7.419293403625488,
      "side_mean": -34.683292388916016
    },
    {
      "high_freq": 4349.24462890625,
      "loudness": -43.099098205566406,
      "loudness_range": 19.96221160888672,
      "low_freq": 2549.74365234375,
      "mid_mean": -40.48471450805664,
      "mid_to_side_loudness": -6.3896403312683105,
      "mid_to_side_loudness_range": 8.319709777832031,
      "side_mean": -47.06893539428711
    },
    {
      "high_freq": 7314.1640625,
      "loudness": -58.374088287353516,
      "loudness_range": 26.8818359375,
      "low_freq": 4349.24462890625,
      "mid_mean": -55.575443267822266,
      "mid_to_side_loudness": -4.813043117523193,
      "mid_to_side_loudness_range": 6.795046329498291,
      "side_mean": -59.52071762084961
    },
    {
      "high_freq": 12199.2666015625,
      "loudness": -66.87191009521484,
      "loudness_range": 13.998199462890625,
      "low_freq": 7314.1640625,
      "mid_mean": -63.0521125793457,
      "mid_to_side_loudness": -5.20374870300293,
      "mid_to_side_loudness_range": 2.8886537551879883,
      "side_mean": -66.22038269042969
    },
    {
      "loudness": -66.15685272216797,
      "loudness_range": 0.7570343017578125,
      "low_freq": 12199.2666015625,
      "mid_mean": -62.6176643371582,
      "mid_to_side_loudness": -5.562374114990234,
      "mid_to_side_loudness_range": 0.6884288787841797,
      "side_mean": -66.49323272705078
    }
  ],
  "bands_short": [
    {
      "high_freq": 148.1999969482422,
      "loudness": -44.784263610839844,
      "loudness_range": 21.428546905517578,
      "mid_mean": -42.18156433105469,
      "mid_to_side_loudness": -5.940777778625488,
      "mid_to_side_loudness_range": 8.594780921936035,
      "side_mean": -48.224159240722656
    },
    {
      "high_freq": 392.3793640136719,
      "loudness": -24.22142791748047,
      "loudness_range": 16.602516174316406,
      "low_freq": 148.1999969482422,
      "mid_mean": -21.759319305419922,
      "mid_to_side_loudness": -6.019182205200195,
      "mid_to_side_loudness_range": 10.718559265136719,
      "side_mean": -27.758129119873047
    },
    {
      "high_freq": 794.6976318359375,
      "loudness": -23.22345542907715,
      "loudness_range": 19.73746109008789,
      "low_freq": 392.3793640136719,
      "mid_mean": -21.72315216064453,
      "mid_to_side_loudness": -2.9455251693725586,
      "mid_to_side_loudness_range": 11.06986141204834,
      "side_mean": -24.5728759765625
    },
    {
      "high_freq": 1457.5709228515625,
      "loudness": -29.634206771850586,
      "loudness_range": 17.696922302246094,
      "low_freq": 794.6976318359375,
      "mid_mean": -27.659015655517578,
      "mid_to_side_loudness": -3.952594041824341,
      "mid_to_side_loudness_range": 9.179203987121582,
      "side_mean": -31.583812713623047
    },
    {
      "high_freq": 2549.74365234375,
      "loudness": -33.24612808227539,
      "loudness_range": 19.30626106262207,
      "low_freq": 1457.5709228515625,
      "mid_mean": -30.914865493774414,
      "mid_to_side_loudness": -5.183010578155518,
      "mid_to_side_loudness_range": 8.835886001586914,
      "side_mean": -36.1981086730957
    },
    {
      "high_freq": 4349.24462890625,
      "loudness": -44.086387634277344,
      "loudness_range": 22.047073364257812,
      "low_freq": 2549.74365234375,
      "mid_mean": -41.43070983886719,
      "mid_to_side_loudness": -6.590636253356934,
      "mid_to_side_loudness_range": 9.026058197021484,
      "side_mean": -48.30977249145508
    },
    {
      "high_freq": 7314.1640625,
      "loudness": -59.67815399169922,
      "loudness_range": 27.8734130859375,
      "low_freq": 4349.24462890625,
      "mid_mean": -56.63290786743164,
      "mid_to_side_loudness": -5.312493801116943,
      "mid_to_side_loudness_range": 8.249634742736816,
      "side_mean": -60.844642639160156
    },
    {
      "high_freq": 12199.2666015625,
      "loudness": -67.67691802978516,
      "loudness_range": 11.758464813232422,
      "low_freq": 7314.1640625,
      "mid_mean": -63.70674133300781,
      "mid_to_side_loudness": -5.285956859588623,
      "mid_to_side_loudness_range": 3.411051034927368,
      "side_mean": -66.77064514160156
    },
    {
      "loudness": -66.17129516601562,
      "loudness_range": 1.0909042358398438,
      "low_freq": 12199.2666015625,
      "mid_mean": -62.62910461425781,
      "mid_to_side_loudness": -5.582636833190918,
      "mid_to_side_loudness_range": 1.3817200660705566,
      "side_mean": -66.51129913330078
    }
  ],
  "channels": 2,
  "covariance": [
    [
      51.368228912353516,
      49.2240104675293,
      14.690759658813477,
      14.78561782836914,
      15.818350791931152,
      12.685159683227539,
      13.23776912689209,
      13.56452751159668,
      14.053581237792969,
      14.060066223144531,
      13.827911376953125,
      15.124730110168457,
      14.332479476928711,
      14.120255470275879,
      3.201969861984253,
      2.9738471508026123,
      0.12676094472408295,
      0.21469344198703766
    ],
    [
      49.2240104675293,
      52.752288818359375,
      14.268346786499023,
      15.96650218963623,
      16.142107009887695,
      13.607758522033691,
      13.096044540405273,
      13.334351539611816,
      13.798868179321289,
      13.620808601379395,
      14.123900413513184,
      15.439587593078613,
      13.783768653869629,
      13.91995620727539,
      3.065347671508789,
      2.891937017440796,
      0.15931375324726105,
      0.25125041604042053
    ],
    [
      14.690759658813477,
      14.268346786499023,
      34.53832244873047,
      29.898820877075195,
      17.334739685058594,
      16.255002975463867,
      20.32928466796875,
      19.02163314819336,
      15.665605545043945,
      16.253782272338867,
      16.148902893066406,
      13.965147972106934,
      11.89567756652832,
      13.05605697631836,
      2.135845899581909,
      2.1946563720703125,
      0.00797890406101942,
      0.17586258053779602
    ],
    [
      14.78561782836914,
      15.96650218963623,
      29.898820877075195,
      35.9617919921875,
      18.880725860595703,
      17.48061752319336,
      18.78917121887207,
      17.548870086669922,
      15.219347953796387,
      15.51392936706543,
      17.09141731262207,
      15.077921867370605,
      10.376458168029785,
      12.23935317993164,
      1.3923033475875854,
      1.4853354692459106,
      0.006731307599693537,
      0.15476377308368683
    ],
    [
      15.818350791931152,
      16.142107009887695,
      17.334739685058594,
      18.880725860595703,
      44.32032775878906,
      37.92993927001953,
      26.40363311767578,
      26.62832260131836,
      27.710607528686523,
      26.23857307434082,
      31.955772399902344,
      29.56402587890625,
      31.74587631225586,
      30.887239456176758,
      11.077102661132812,
      10.263924598693848,
      0.42949679493904114,
      0.5815748572349548
    ],
    [
      12.685159683227539,
      13.607758522033691,
      16.255002975463867,
      17.48061752319336,
      37.92993927001953,
      44.91570281982422,
      28.040679931640625,
      27.25307846069336,
      30.620115280151367,
      26.564865112304688,
      31.871681213378906,
      31.0992431640625,
      32.436859130859375,
      29.893640518188477,
      11.981940269470215,
      11.284744262695312,
      0.445051908493042,
      0.6153290271759033
    ],
    [
      13.23776912689209,
      13.096044540405273,
      20.32928466796875,
      18.78917121887207,
      26.40363311767578,
      28.040679931640625,
      36.7532958984375,
      31.175756454467773,
      27.468082427978516,
      24.949342727661133,
      30.52495574951172,
      30.180561065673828,
      32.89552307128906,
      30.156648635864258,
      12.723451614379883,
      10.989632606506348,
      0.4615461230278015,
      0.6075863242149353
    ],
    [
      13.56452751159668,
      13.334351539611816,
      19.02163314819336,
      17.548870086669922,
      26.62832260131836,
      27.25307846069336,
      31.175756454467773,
      34.14506149291992,
      25.495302200317383,
      24.65227508544922,
      29.772823333740234,
      29.22224998474121,
      32.59872817993164,
      30.218305587768555,
      12.667409896850586,
      10.890697479248047,
      0.4544508457183838,
      0.5843682885169983
    ],
    [
      14.053581237792969,
      13.798868179321289,
      15.665605545043945,
      15.219347953796387,
      27.710607528686523,
      30.620115280151367,
      27.468082427978516,
      25.495302200317383,
      37.548248291015625,
      32.15317916870117,
      33.63197326660156,
      33.127864837646484,
      35.65631103515625,
      32.45013427734375,
      13.301582336425781,
      12.025975227355957,
      0.528090238571167,
      0.7076774835586548
    ],
    [
      14.060066223144531,
      13.620808601379395,
      16.253782272338867,
      15.51392936706543,
      26.23857307434082,
      26.564865112304688,
      24.949342727661133,
      24.65227508544922,
      32.15317916870117,
      34.80958938598633,
      30.53688621520996,
      31.514724731445312,
      32.763702392578125,
      31.02460289001465,
      12.404596328735352,
      11.330033302307129,
      0.5100337862968445,
      0.6716428995132446
    ],
    [
      13.827911376953125,
      14.123900413513184,
      16.148902893066406,
      17.09141731262207,
      31.955772399902344,
      31.871681213378906,
      30.52495574951172,
      29.772823333740234,
      33.63197326660156,
      30.53688621520996,
      50.092430114746094,
      43.62158203125,
      46.98262023925781,
      43.99967575073242,
      17.98000717163086,
      15.819191932678223,
      0.6205803155899048,
      0.7860729694366455
    ],
    [
      15.124730110168457,
      15.439587593078613,
      13.965147972106934,
      15.077921867370605,
      29.56402587890625,
      31.0992431640625,
      30.180561065673828,
      29.22224998474121,
      33.127864837646484,
      31.514724731445312,
      43.62158203125,
      48.74371337890625,
      46.15311813354492,
      42.48845672607422,
      17.06877326965332,
      14.89501953125,
      0.6145174503326416,
      0.7993150353431702
    ],
    [
      14.332479476928711,
      13.783768653869629,
      11.89567756652832,
      10.376458168029785,
      31.74587631225586,
      32.436859130859375,
      32.89552307128906,
      32.59872817993164,
      35.65631103515625,
      32.763702392578125,
      46.98262023925781,
      46.15311813354492,
      64.6064453125,
      56.84613800048828,
      25.510236740112305,
      21.812408447265625,
      1.662667989730835,
      1.4475041627883911
    ],
    [
      14.120255470275879,
      13.91995620727539,
      13.05605697631836,
      12.23935317993164,
      30.887239456176758,
      29.893640518188477,
      30.156648635864258,
      30.218305587768555,
      32.45013427734375,
      31.02460289001465,
      43.99967575073242,
      42.48845672607422,
      56.84613800048828,
      53.96149444580078,
      22.774518966674805,
      19.46099853515625,
      1.353977084159851,
      1.2503247261047363
    ],
    [
      3.201969861984253,
      3.065347671508789,
      2.135845899581909,
      1.3923033475875854,
      11.077102661132812,
      11.981940269470215,
      12.723451614379883,
      12.667409896850586,
      13.301582336425781,
      12.404596328735352,
      17.98000717163086,
      17.06877326965332,
      25.510236740112305,
      22.774518966674805,
      15.645017623901367,
      13.629581451416016,
      1.0111665725708008,
      0.8795486688613892
    ],
    [
      2.9738471508026123,
      2.891937017440796,
      2.1946563720703125,
      1.4853354692459106,
      10.263924598693848,
      11.284744262695312,
      10.989632606506348,
      10.890697479248047,
      12.025975227355957,
      11.330033302307129,
      15.819191932678223,
      14.89501953125,
      21.812408447265625,
      19.46099853515625,
      13.629581451416016,
      12.505132675170898,
      0.7844940423965454,
      0.7497960925102234
    ],
    [
      0.12676094472408295,
      0.15931375324726105,
      0.00797890406101942,
      0.006731307599693537,
      0.42949679493904114,
      0.445051908493042,
      0.4615461230278015,
      0.4544508457183838,
      0.528090238571167,
      0.5100337862968445,
      0.6205803155899048,
      0.6145174503326416,
      1.662667989730835,
      1.353977084159851,
      1.0111665725708008,
      0.7844940423965454,
      0.4626879096031189,
      0.25531837344169617
    ],
    [
      0.21469344198703766,
      0.25125041604042053,
      0.17586258053779602,
      0.15476377308368683,
      0.5815748572349548,
      0.6153290271759033,
      0.6075863242149353,
      0.5843682885169983,
      0.7076774835586548,
      0.6716428995132446,
      0.7860729694366455,
      0.7993150353431702,
      1.4475041627883911,
      1.2503247261047363,
      0.8795486688613892,
      0.7497960925102234,
      0.25531837344169617,
      0.17490389943122864
    ]
  ],
  "covariance_short": [
    [
      57.49991226196289,
      48.43228530883789,
      19.064607620239258,
      18.955533981323242,
      14.686410903930664,
      12.947671890258789,
      16.43874740600586,
      16.572511672973633,
      15.017897605895996,
      14.327454566955566,
      14.230420112609863,
      15.477367401123047,
      15.635324478149414,
      13.566914558410645,
      3.7808949947357178,
      3.3350844383239746,
      0.27084222435951233,
      0.3369945287704468
    ],
    [
      48.43228530883789,
      49.62146759033203,
      15.708419799804688,
      17.191225051879883,
      12.679965019226074,
      12.069377899169922,
      13.325098037719727,
      13.325854301452637,
      12.722641944885254,
      12.500107765197754,
      12.521946907043457,
      14.160476684570312,
      13.993047714233398,
      12.022822380065918,
      3.334418296813965,
      2.9201149940490723,
      0.47455841302871704,
      0.44314348697662354
    ],
    [
      19.064607620239258,
      15.708419799804688,
      38.2824821472168,
      32.674015045166016,
      23.567913055419922,
      21.01958656311035,
      22.823545455932617,
      22.1607608795166,
      19.927343368530273,
      21.5659122467041,
      17.434814453125,
      17.40991973876953,
      15.34941577911377,
      15.04002571105957,
      2.6524558067321777,
      2.519524097442627,
      0.08622623980045319,
      0.2245054543018341
    ],
    [
      18.955533981323242,
      17.191225051879883,
      32.674015045166016,
      41.0710334777832,
      26.86610221862793,
      24.550151824951172,
      21.86460304260254,
      21.271875381469727,
      20.235172271728516,
      21.483463287353516,
      19.72964859008789,
      19.824092864990234,
      15.845398902893066,
      15.73550033569336,
      2.484684467315674,
      2.296877384185791,
      0.11637794226408005,
      0.25020337104797363
    ],
    [
      14.686410903930664,
      12.679965019226074,
      23.567913055419922,
      26.86610221862793,
      52.44633865356445,
      44.986724853515625,
      33.970924377441406,
      33.434837341308594,
      36.20458984375,
      34.709938049316406,
      37.35813522338867,
      35.83887481689453,
      37.87926483154297,
      34.66061019897461,
      10.522490501403809,
      9.550681114196777,
      0.4755280315876007,
      0.6526373028755188
    ],
    [
      12.947671890258789,
      12.069377899169922,
      21.01958656311035,
      24.550151824951172,
      44.986724853515625,
      54.52836608886719,
      35.26613998413086,
      33.67157745361328,
      38.80036163330078,
      35.020450592041016,
      37.865272521972656,
      37.810237884521484,
      40.25716781616211,
      34.84868621826172,
      11.843167304992676,
      10.95728588104248,
      0.5469870567321777,
      0.7454175353050232
    ],
    [
      16.43874740600586,
      13.325098037719727,
      22.823545455932617,
      21.86460304260254,
      33.970924377441406,
      35.26613998413086,
      43.85762023925781,
      36.78227233886719,
      34.488067626953125,
      32.53785705566406,
      34.78959655761719,
      35.80726623535156,
      38.6640739440918,
      33.835845947265625,
      12.09387493133545,
      10.507447242736816,
      0.5765907168388367,
      0.7681761980056763
    ],
    [
      16.572511672973633,
      13.325854301452637,
      22.1607608795166,
      21.271875381469727,
      33.434837341308594,
      33.67157745361328,
      36.78227233886719,
      42.04106140136719,
      32.84587478637695,
      32.377628326416016,
      34.67672348022461,
      35.00043487548828,
      37.28786849975586,
      33.48319625854492,
      11.643162727355957,
      10.208747863769531,
      0.6068774461746216,
      0.7695381045341492
    ],
    [
      15.017897605895996,
      12.722641944885254,
      19.927343368530273,
      20.235172271728516,
      36.20458984375,
      38.80036163330078,
      34.488067626953125,
      32.84587478637695,
      47.21147155761719,
      40.357608795166016,
      40.24118423461914,
      40.239601135253906,
      41.60507583618164,
      36.4522590637207,
      12.979538917541504,
      11.676584243774414,
      0.6510619521141052,
      0.8450278043746948
    ],
    [
      14.327454566955566,
      12.500107765197754,
      21.5659122467041,
      21.483463287353516,
      34.709938049316406,
      35.020450592041016,
      32.53785705566406,
      32.377628326416016,
      40.357608795166016,
      45.684139251708984,
      38.91490936279297,
      40.47705078125,
      38.53841781616211,
      35.69640350341797,
      12.56175422668457,
      11.363582611083984,
      0.6557995080947876,
      0.8519625663757324
    ],
    [
      14.230420112609863,
      12.521946907043457,
      17.434814453125,
      19.72964859008789,
      37.35813522338867,
      37.865272521972656,
      34.78959655761719,
      34.67672348022461,
      40.24118423461914,
      38.91490936279297,
      58.086204528808594,
      52.563636779785156,
      52.11508560180664,
      46.83294677734375,
      16.05536651611328,
      13.87112045288086,
      0.7379158735275269,
      0.9494383335113525
    ],
    [
      15.477367401123047,
      14.160476684570312,
      17.40991973876953,
      19.824092864990234,
      35.83887481689453,
      37.810237884521484,
      35.80726623535156,
      35.00043487548828,
      40.239601135253906,
      40.47705078125,
      52.563636779785156,
      60.956275939941406,
      52.35820770263672,
      46.261810302734375,
      15.614063262939453,
      13.521141052246094,
      0.7198926210403442,
      0.9433060884475708
    ],
    [
      15.635324478149414,
      13.993047714233398,
      15.34941577911377,
      15.845398902893066,
      37.87926483154297,
      40.25716781616211,
      38.6640739440918,
      37.28786849975586,
      41.60507583618164,
      38.53841781616211,
      52.11508560180664,
      52.35820770263672,
      70.17578125,
      57.480648040771484,
      22.12929916381836,
      19.096139907836914,
      1.7253191471099854,
      1.5663615465164185
    ],
    [
      13.566914558410645,
      12.022822380065918,
      15.04002571105957,
      15.73550033569336,
      34.66061019897461,
      34.84868621826172,
      33.835845947265625,
      33.48319625854492,
      36.4522590637207,
      35.69640350341797,
      46.83294677734375,
      46.261810302734375,
      57.480648040771484,
      53.39599609375,
      19.561595916748047,
      16.7897891998291,
      1.3979390859603882,
      1.345864176750183
    ],
    [
      3.7808949947357178,
      3.334418296813965,
      2.6524558067321777,
      2.484684467315674,
      10.522490501403809,
      11.843167304992676,
      12.09387493133545,
      11.643162727355957,
      12.979538917541504,
      12.56175422668457,
      16.05536651611328,
      15.614063262939453,
      22.12929916381836,
      19.561595916748047,
      12.69875431060791,
      10.852319717407227,
      1.0241793394088745,
      0.9292769432067871
    ],
    [
      3.3350844383239746,
      2.9201149940490723,
      2.519524097442627,
      2.296877384185791,
      9.550681114196777,
      10.95728588104248,
      10.507447242736816,
      10.208747863769531,
      11.676584243774414,
      11.363582611083984,
      13.87112045288086,
      13.521141052246094,
      19.096139907836914,
      16.7897891998291,
      10.852319717407227,
      10.23637866973877,
      0.7948418259620667,
      0.8004785776138306
    ],
    [
      0.27084222435951233,
      0.47455841302871704,
      0.08622623980045319,
      0.11637794226408005,
      0.4755280315876007,
      0.5469870567321777,
      0.5765907168388367,
      0.6068774461746216,
      0.6510619521141052,
      0.6557995080947876,
      0.7379158735275269,
      0.7198926210403442,
      1.7253191471099854,
      1.3979390859603882,
      1.0241793394088745,
      0.7948418259620667,
      0.5749757885932922,
      0.3017423748970032
    ],
    [
      0.3369945287704468,
      0.44314348697662354,
      0.2245054543018341,
      0.25020337104797363,
      0.6526373028755188,
      0.7454175353050232,
      0.7681761980056763,
      0.7695381045341492,
      0.8450278043746948,
      0.8519625663757324,
      0.9494383335113525,
      0.9433060884475708,
      1.5663615465164185,
      1.345864176750183,
      0.9292769432067871,
      0.8004785776138306,
      0.3017423748970032,
      0.24515323340892792
    ]
  ],
  "drr": 8.814245223999023,
  "dynamics": 4.246724605560303,
  "format": 1245190,
  "frames": 9934784,
  "loudness": -14.074700355529785,
  "loudness_range": 12.16715145111084,
  "loudness_range_short": 16.047061920166016,
  "peak": 0.5331816077232361,
  "rms": -15.479313850402832,
  "sample_rate": 44100,
  "sections": 1,
  "seekable": 1,
  "sharpness": 3.786306858062744,
  "space": -4.27932596206665
}