{
  "bands": [
    {
      "high_freq": 148.1999969482422,
      "loudness": -16.351491928100586,
      "loudness_range": 10.451864242553711,
      "mid_mean": -12.666796684265137,
      "mid_to_side_loudness": -25.2278995513916,
      "mid_to_side_loudness_range": 18.456645965576172,
      "side_mean": -38.33158493041992
    },
    {
      "high_freq": 392.3793640136719,
      "loudness": -17.351547241210938,
      "loudness_range": 6.869985580444336,
      "low_freq": 148.1999969482422,
      "mid_mean": -13.813637733459473,
      "mid_to_side_loudness": -16.255489349365234,
      "mid_to_side_loudness_range": 10.97386646270752,
      "side_mean": -30.094816207885742
    },
    {
      "high_freq": 794.6976318359375,
      "loudness": -22.960777282714844,
      "loudness_range": 9.172780990600586,
      "low_freq": 392.3793640136719,
      "mid_mean": -19.658781051635742,
      "mid_to_side_loudness": -11.393783569335938,
      "mid_to_side_loudness_range": 10.7906494140625,
      "side_mean": -31.184429168701172
    },
    {
      "high_freq": 1457.5709228515625,
      "loudness": -26.37561798095703,
      "loudness_range": 13.448339462280273,
      "low_freq": 794.6976318359375,
      "mid_mean": -23.042831420898438,
      "mid_to_side_loudness": -11.760778427124023,
      "mid_to_side_loudness_range": 10.833747863769531,
      "side_mean": -34.91952896118164
    },
    {
      "high_freq": 2549.74365234375,
      "loudness": -25.246540069580078,
      "loudness_range": 14.895221710205078,
      "low_freq": 1457.5709228515625,
      "mid_mean": -21.94829559326172,
      "mid_to_side_loudness": -10.757375717163086,
      "mid_to_side_loudness_range": 8.58311653137207,
      "side_mean": -32.84801483154297
    },
    {
      "high_freq": 4349.24462890625,
      "loudness": -28.22188377380371,
      "loudness_range": 11.520132064819336,
      "low_freq": 2549.74365234375,
      "mid_mean": -24.963455200195312,
      "mid_to_side_loudness": -10.28162670135498,
      "mid_to_side_loudness_range": 6.843149185180664,
      "side_mean": -35.30475997924805
    },
    {
      "high_freq": 7314.1640625,
      "loudness": -27.081768035888672,
      "loudness_range": 8.528667449951172,
      "low_freq": 4349.24462890625,
      "mid_mean": -24.04020881652832,
      "mid_to_side_loudness": -8.48758316040039,
      "mid_to_side_loudness_range": 5.887778282165527,
      "side_mean": -32.399810791015625
    },
    {
      "high_freq": 12199.2666015625,
      "loudness": -26.06103515625,
      "loudness_range": 9.048957824707031,
      "low_freq": 7314.1640625,
      "mid_mean": -23.148788452148438,
      "mid_to_side_loudness": -7.607415199279785,
      "mid_to_side_loudness_range": 5.207768440246582,
      "side_mean": -30.551040649414062
    },
    {
      "loudness": -30.143390655517578,
      "loudness_range": 8.078336715698242,
      "low_freq": 12199.2666015625,
      "mid_mean": -27.20233726501465,
      "mid_to_side_loudness": -7.566319942474365,
      "mid_to_side_loudness_range": 3.2419381141662598,
      "side_mean": -34.43193817138672
    }
  ],
  "bands_short": [
    {
      "high_freq": 148.1999969482422,
      "loudness": -21.56531524658203,
      "loudness_range": 20.765506744384766,
      "mid_mean": -18.035959243774414,
      "mid_to_side_loudness": -21.87613868713379,
      "mid_to_side_loudness_range": 24.09747314453125,
      "side_mean": -41.274940490722656
    },
    {
      "high_freq": 392.3793640136719,
      "loudness": -17.45771598815918,
      "loudness_range": 16.727476119995117,
      "low_freq": 148.1999969482422,
      "mid_mean": -13.953483581542969,
      "mid_to_side_loudness": -16.670259475708008,
      "mid_to_side_loudness_range": 18.144136428833008,
      "side_mean": -30.847747802734375
    },
    {
      "high_freq": 794.6976318359375,
      "loudness": -23.971942901611328,
      "loudness_range": 13.68657112121582,
      "low_freq": 392.3793640136719,
      "mid_mean": -20.793895721435547,
      "mid_to_side_loudness": -11.058090209960938,
      "mid_to_side_loudness_range": 14.797035217285156,
      "side_mean": -31.979244232177734
    },
    {
      "high_freq": 1457.5709228515625,
      "loudness": -28.029008865356445,
      "loudness_range": 19.41095733642578,
      "low_freq": 794.6976318359375,
      "mid_mean": -24.859365463256836,
      "mid_to_side_loudness": -10.939826011657715,
      "mid_to_side_loudness_range": 15.269323348999023,
      "side_mean": -36.002723693847656
    },
    {
      "high_freq": 2549.74365234375,
      "loudness": -27.516460418701172,
      "loudness_range": 20.994369506835938,
      "low_freq": 1457.5709228515625,
      "mid_mean": -24.34124755859375,
      "mid_to_side_loudness": -10.36181926727295,
      "mid_to_side_loudness_range": 12.831109046936035,
      "side_mean": -34.94096755981445
    },
    {
      "high_freq": 4349.24462890625,
      "loudness": -30.336904525756836,
      "loudness_range": 18.547042846679688,
      "low_freq": 2549.74365234375,
      "mid_mean": -27.18007469177246,
      "mid_to_side_loudness": -10.014451026916504,
      "mid_to_side_loudness_range": 10.633649826049805,
      "side_mean": -37.305362701416016
    },
    {
      "high_freq": 7314.1640625,
      "loudness": -30.550846099853516,
      "loudness_range": 21.499868392944336,
      "low_freq": 4349.24462890625,
      "mid_mean": -27.60483169555664,
      "mid_to_side_loudness": -8.724781036376953,
      "mid_to_side_loudness_range": 10.855305671691895,
      "side_mean": -36.30924606323242
    },
    {
      "high_freq": 12199.2666015625,
      "loudness": -31.855575561523438,
      "loudness_range": 27.503232955932617,
      "low_freq": 7314.1640625,
      "mid_mean": -28.875722885131836,
      "mid_to_side_loudness": -8.494745254516602,
      "mid_to_side_loudness_range": 10.423009872436523,
      "side_mean": -37.184814453125
    },
    {
      "loudness": -37.850860595703125,
      "loudness_range": 32.16494369506836,
      "low_freq": 12199.2666015625,
      "mid_mean": -34.88338851928711,
      "mid_to_side_loudness": -9.014348030090332,
      "mid_to_side_loudness_range": 10.682985305786133,
      "side_mean": -45.717044830322266
    }
  ],
  "channels": 2,
  "covariance": [
    [
      21.989931106567383,
      15.084980964660645,
      4.668497562408447,
      2.85269832611084,
      4.542698860168457,
      3.1018171310424805,
      5.601140022277832,
      7.488182544708252,
      6.553102970123291,
      7.936242580413818,
      4.3806939125061035,
      3.6837682723999023,
      0.7132850289344788,
      1.3800607919692993,
      0.06454422324895859,
      0.6017594933509827,
      1.6192107200622559,
      0.2175399512052536
    ],
    [
      15.084980964660645,
      41.56203079223633,
      0.8479588031768799,
      -0.6233147382736206,
      5.524214267730713,
      1.1579225063323975,
      7.001745223999023,
      8.961769104003906,
      6.344762325286865,
      6.540683269500732,
      2.835880994796753,
      1.0601221323013306,
      -4.847147464752197,
      -5.26356840133667,
      -4.884071350097656,
      -6.269335746765137,
      -2.6131842136383057,
      -3.5435523986816406
    ],
    [
      4.668497562408447,
      0.8479588031768799,
      11.409384727478027,
      5.103363513946533,
      7.056979179382324,
      5.666519641876221,
      5.657492637634277,
      5.075756549835205,
      6.9574666023254395,
      6.8975830078125,
      7.593559741973877,
      6.266392230987549,
      8.197834014892578,
      4.542103290557861,
      5.173004150390625,
      3.013148307800293,
      2.1209607124328613,
      0.7701190114021301
    ],
    [
      2.85269832611084,
      -0.6233147382736206,
      5.103363513946533,
      15.749792098999023,
      5.3969926834106445,
      10.381269454956055,
      2.857311725616455,
      6.372557163238525,
      3.7933547496795654,
      7.652943134307861,
      4.252962589263916,
      6.745864391326904,
      4.425703048706055,
      3.5596210956573486,
      3.8577911853790283,
      2.3498103618621826,
      1.591636061668396,
      1.2710273265838623
    ],
    [
      4.542698860168457,
      5.524214267730713,
      7.056979179382324,
      5.3969926834106445,
      13.559215545654297,
      8.32845401763916,
      10.032410621643066,
      8.146384239196777,
      9.900912284851074,
      8.294036865234375,
      10.076895713806152,
      8.080669403076172,
      7.505733966827393,
      4.720005512237549,
      4.767756462097168,
      2.658020257949829,
      1.864175796508789,
      0.4811162054538727
    ],
    [
      3.1018171310424805,
      1.1579225063323975,
      5.666519641876221,
      10.381269454956055,
      8.32845401763916,
      17.38571548461914,
      5.92972993850708,
      10.078740119934082,
      5.8210368156433105,
      10.092036247253418,
      6.829655647277832,
      9.776496887207031,
      5.9308247566223145,
      5.3037109375,
      4.042759895324707,
      2.998457908630371,
      1.8229690790176392,
      0.9904510974884033
    ],
    [
      5.601140022277832,
      7.001745223999023,
      5.657492637634277,
      2.857311725616455,
      10.032410621643066,
      5.92972993850708,
      24.44564437866211,
      15.357128143310547,
      15.22603702545166,
      11.966315269470215,
      10.33531379699707,
      8.419061660766602,
      5.668274879455566,
      3.689979314804077,
      2.9730448722839355,
      1.6855131387710571,
      1.2288665771484375,
      0.04331817850470543
    ],
    [
      7.488182544708252,
      8.961769104003906,
      5.075756549835205,
      6.372557163238525,
      8.146384239196777,
      10.078740119934082,
      15.357128143310547,
      20.077293395996094,
      12.519901275634766,
      16.632030487060547,
      9.64006233215332,
      12.081092834472656,
      3.5609545707702637,
      3.231843948364258,
      1.586842656135559,
      1.0405234098434448,
      0.829924464225769,
      -0.22828589379787445
    ],
    [
      6.553102970123291,
      6.344762325286865,
      6.9574666023254395,
      3.7933547496795654,
      9.900912284851074,
      5.8210368156433105,
      15.22603702545166,
      12.519901275634766,
      26.479156494140625,
      23.534626007080078,
      15.414230346679688,
      12.060407638549805,
      8.309456825256348,
      4.801778793334961,
      3.5746049880981445,
      2.05997371673584,
      1.5626001358032227,
      -0.11753781139850616
    ],
    [
      7.936242580413818,
      6.540683269500732,
      6.8975830078125,
      7.652943134307861,
      8.294036865234375,
      10.092036247253418,
      11.966315269470215,
      16.632030487060547,
      23.534626007080078,
      31.812686920166016,
      13.532305717468262,
      16.22526741027832,
      6.258244514465332,
      4.780648231506348,
      2.822875738143921,
      1.7240270376205444,
      0.8838625550270081,
      -0.4645228683948517
    ],
    [
      4.3806939125061035,
      2.835880994796753,
      7.593559741973877,
      4.252962589263916,
      10.076895713806152,
      6.829655647277832,
      10.33531379699707,
      9.64006233215332,
      15.414230346679688,
      13.532305717468262,
      18.318449020385742,
      14.55366325378418,
      10.746334075927734,
      6.623912334442139,
      4.974284648895264,
      3.1491007804870605,
      2.2948238849639893,
      0.49456900358200073
    ],
    [
      3.6837682723999023,
      1.0601221323013306,
      6.266392230987549,
      6.745864391326904,
      8.080669403076172,
      9.776496887207031,
      8.419061660766602,
      12.081092834472656,
      12.060407638549805,
      16.22526741027832,
      14.55366325378418,
      18.46031379699707,
      9.334494590759277,
      7.792562484741211,
      5.349313735961914,
      4.062848091125488,
      2.4197018146514893,
      1.0970275402069092
    ],
    [
      0.7132850289344788,
      -4.847147464752197,
      8.197834014892578,
      4.425703048706055,
      7.505733966827393,
      5.9308247566223145,
      5.668274879455566,
      3.5609545707702637,
      8.309456825256348,
      6.258244514465332,
      10.746334075927734,
      9.334494590759277,
      17.201061248779297,
      11.203573226928711,
      11.809473037719727,
      8.063156127929688,
      5.577575206756592,
      3.0705692768096924
    ],
    [
      1.3800607919692993,
      -5.26356840133667,
      4.542103290557861,
      3.5596210956573486,
      4.720005512237549,
      5.3037109375,
      3.689979314804077,
      3.231843948364258,
      4.801778793334961,
      4.780648231506348,
      6.623912334442139,
      7.792562484741211,
      11.203573226928711,
      12.878447532653809,
      9.001313209533691,
      9.29889965057373,
      6.566792011260986,
      4.806906223297119
    ],
    [
      0.06454422324895859,
      -4.884071350097656,
      5.173004150390625,
      3.8577911853790283,
      4.767756462097168,
      4.042759895324707,
      2.9730448722839355,
      1.586842656135559,
      3.5746049880981445,
      2.822875738143921,
      4.974284648895264,
      5.349313735961914,
      11.809473037719727,
      9.001313209533691,
      16.659399032592773,
      10.598690032958984,
      8.348864555358887,
      5.306595802307129
    ],
    [
      0.6017594933509827,
      -6.269335746765137,
      3.013148307800293,
      2.3498103618621826,
      2.658020257949829,
      2.998457908630371,
      1.6855131387710571,
      1.0405234098434448,
      2.05997371673584,
      1.7240270376205444,
      3.1491007804870605,
      4.062848091125488,
      8.063156127929688,
      9.29889965057373,
      10.598690032958984,
      14.060550689697266,
      8.456798553466797,
      6.662074089050293
    ],
    [
      1.6192107200622559,
      -2.6131842136383057,
      2.1209607124328613,
      1.591636061668396,
      1.864175796508789,
      1.8229690790176392,
      1.2288665771484375,
      0.829924464225769,
      1.5626001358032227,
      0.8838625550270081,
      2.2948238849639893,
      2.4197018146514893,
      5.577575206756592,
      6.566792011260986,
      8.348864555358887,
      8.456798553466797,
      11.7650785446167,
      7.772586822509766
    ],
    [
      0.2175399512052536,
      -3.5435523986816406,
      0.7701190114021301,
      1.2710273265838623,
      0.4811162054538727,
      0.9904510974884033,
      0.04331817850470543,
      -0.22828589379787445,
      -0.11753781139850616,
      -0.4645228683948517,
      0.49456900358200073,
      1.0970275402069092,
      3.0705692768096924,
      4.806906223297119,
      5.306595802307129,
      6.662074089050293,
      7.772586822509766,
      9.352814674377441
    ]
  ],
  "covariance_short": [
    [
      59.235374450683594,
      27.62687110900879,
      26.2508602142334,
      6.051181793212891,
      12.06255054473877,
      4.380210876464844,
      14.743064880371094,
      12.955700874328613,
      14.05789566040039,
      14.50580883026123,
      11.940413475036621,
      13.268115043640137,
      7.5658464431762695,
      11.727738380432129,
      6.0967302322387695,
      8.35478687286377,
      10.158157348632812,
      14.367244720458984
    ],
    [
      27.62687110900879,
      68.08448028564453,
      10.395219802856445,
      6.077300071716309,
      9.745988845825195,
      2.5651280879974365,
      13.483201026916504,
      14.474891662597656,
      10.824986457824707,
      11.88135051727295,
      6.363705635070801,
      7.335008144378662,
      -6.9812846183776855,
      -4.611356735229492,
      -14.250242233276367,
      -15.034249305725098,
      -11.7901029586792,
      -19.111833572387695
    ],
    [
      26.2508602142334,
      10.395219802856445,
      35.741729736328125,
      10.24583625793457,
      15.238900184631348,
      7.263737201690674,
      14.612556457519531,
      11.291482925415039,
      16.002525329589844,
      14.700876235961914,
      16.164377212524414,
      14.999075889587402,
      16.73979949951172,
      16.664409637451172,
      16.371078491210938,
      16.549144744873047,
      17.623367309570312,
      25.793174743652344
    ],
    [
      6.051181793212891,
      6.077300071716309,
      10.24583625793457,
      24.114356994628906,
      10.40655517578125,
      14.649608612060547,
      5.572097301483154,
      10.646004676818848,
      8.58935260772705,
      13.46846866607666,
      7.524529457092285,
      10.68635082244873,
      6.557118892669678,
      6.2954936027526855,
      6.479061126708984,
      6.009990215301514,
      6.0655317306518555,
      10.520844459533691
    ],
    [
      12.06255054473877,
      9.745988845825195,
      15.238900184631348,
      10.40655517578125,
      28.75522804260254,
      14.571866035461426,
      20.73354721069336,
      15.464038848876953,
      20.451961517333984,
      16.402812957763672,
      21.378860473632812,
      17.285457611083984,
      15.93304443359375,
      12.208978652954102,
      12.854705810546875,
      10.938789367675781,
      11.529112815856934,
      18.55154800415039
    ],
    [
      4.380210876464844,
      2.5651280879974365,
      7.263737201690674,
      14.649608612060547,
      14.571866035461426,
      26.31767463684082,
      9.435653686523438,
      15.020018577575684,
      9.617252349853516,
      15.051774978637695,
      11.460758209228516,
      14.99385929107666,
      10.1678466796875,
      9.646132469177246,
      9.954387664794922,
      9.926758766174316,
      9.745230674743652,
      16.947378158569336
    ],
    [
      14.743064880371094,
      13.483201026916504,
      14.612556457519531,
      5.572097301483154,
      20.73354721069336,
      9.435653686523438,
      50.930912017822266,
      29.50119400024414,
      35.8700065612793,
      25.521312713623047,
      28.533615112304688,
      22.109943389892578,
      17.976036071777344,
      15.141814231872559,
      13.274103164672852,
      11.22286605834961,
      12.773042678833008,
      21.19939613342285
    ],
    [
      12.955700874328613,
      14.474891662597656,
      11.291482925415039,
      10.646004676818848,
      15.464038848876953,
      15.020018577575684,
      29.50119400024414,
      35.63691711425781,
      24.221656799316406,
      27.99937629699707,
      20.244394302368164,
      22.93103790283203,
      11.619693756103516,
      11.770853042602539,
      8.640448570251465,
      7.7773871421813965,
      8.154651641845703,
      14.425066947937012
    ],
    [
      14.05789566040039,
      10.824986457824707,
      16.002525329589844,
      8.58935260772705,
      20.451961517333984,
      9.617252349853516,
      35.8700065612793,
      24.221656799316406,
      56.07672119140625,
      42.49702072143555,
      37.41993713378906,
      29.168521881103516,
      23.958955764770508,
      18.779735565185547,
      15.109489440917969,
      13.078107833862305,
      12.967958450317383,
      22.215866088867188
    ],
    [
      14.50580883026123,
      11.88135051727295,
      14.700876235961914,
      13.46846866607666,
      16.402812957763672,
      15.051774978637695,
      25.521312713623047,
      27.99937629699707,
      42.49702072143555,
      50.085479736328125,
      29.088748931884766,
      32.408077239990234,
      19.394777297973633,
      18.844566345214844,
      14.13095474243164,
      13.679372787475586,
      12.500391006469727,
      20.91242218017578
    ],
    [
      11.940413475036621,
      6.363705635070801,
      16.164377212524414,
      7.524529457092285,
      21.378860473632812,
      11.460758209228516,
      28.533615112304688,
      20.244394302368164,
      37.41993713378906,
      29.088748931884766,
      47.477638244628906,
      36.05448913574219,
      36.487281799316406,
      28.98561668395996,
      26.34258270263672,
      23.630353927612305,
      25.389259338378906,
      34.082366943359375
    ],
    [
      13.268115043640137,
      7.335008144378662,
      14.999075889587402,
      10.68635082244873,
      17.285457611083984,
      14.99385929107666,
      22.109943389892578,
      22.93103790283203,
      29.168521881103516,
      32.408077239990234,
      36.05448913574219,
      41.25506591796875,
      31.11174964904785,
      32.293792724609375,
      26.188371658325195,
      26.75355339050293,
      27.548357009887695,
      36.585845947265625
    ],
    [
      7.5658464431762695,
      -6.9812846183776855,
      16.73979949951172,
      6.557118892669678,
      15.93304443359375,
      10.1678466796875,
      17.976036071777344,
      11.619693756103516,
      23.958955764770508,
      19.394777297973633,
      36.487281799316406,
      31.11174964904785,
      60.77777099609375,
      50.589630126953125,
      61.5273323059082,
      57.97979736328125,
      60.33772277832031,
      74.60287475585938
    ],
    [
      11.727738380432129,
      -4.611356735229492,
      16.664409637451172,
      6.2954936027526855,
      12.208978652954102,
      9.646132469177246,
      15.141814231872559,
      11.770853042602539,
      18.779735565185547,
      18.844566345214844,
      28.98561668395996,
      32.293792724609375,
      50.589630126953125,
      57.92304229736328,
      57.73433303833008,
      63.05043029785156,
      64.0899658203125,
      82.03748321533203
    ],
    [
      6.0967302322387695,
      -14.250242233276367,
      16.371078491210938,
      6.479061126708984,
      12.854705810546875,
      9.954387664794922,
      13.274103164672852,
      8.640448570251465,
      15.109489440917969,
      14.13095474243164,
      26.34258270263672,
      26.188371658325195,
      61.5273323059082,
      57.73433303833008,
      94.41327667236328,
      88.43658447265625,
      91.28181457519531,
      108.44757080078125
    ],
    [
      8.35478687286377,
      -15.034249305725098,
      16.549144744873047,
      6.009990215301514,
      10.938789367675781,
      9.926758766174316,
      11.22286605834961,
      7.7773871421813965,
      13.078107833862305,
      13.679372787475586,
      23.630353927612305,
      26.75355339050293,
      57.97979736328125,
      63.05043029785156,
      88.43658447265625,
      103.3223876953125,
      97.11767578125,
      121.5494384765625
    ],
    [
      10.158157348632812,
      -11.7901029586792,
      17.623367309570312,
      6.0655317306518555,
      11.529112815856934,
      9.745230674743652,
      12.773042678833008,
      8.154651641845703,
      12.967958450317383,
      12.500391006469727,
      25.389259338378906,
      27.548357009887695,
      60.33772277832031,
      64.0899658203125,
      91.28181457519531,
      97.11767578125,
      121.96027374267578,
      129.38241577148438
    ],
    [
      14.367244720458984,
      -19.111833572387695,
      25.793174743652344,
      10.520844459533691,
      18.55154800415039,
      16.947378158569336,
      21.19939613342285,
      14.425066947937012,
      22.215866088867188,
      20.91242218017578,
      34.082366943359375,
      36.585845947265625,
      74.60287475585938,
      82.03748321533203,
      108.44757080078125,
      121.5494384765625,
      129.38241577148438,
      182.74200439453125
    ]
  ],
  "drr": 16.978654861450195,
  "dynamics": 2.4990265369415283,
  "format": 1245190,
  "frames": 10986432,
  "loudness": -8.273183822631836,
  "loudness_range": 4.833559513092041,
  "loudness_range_short": 11.517608642578125,
  "peak": 0.722019612789154,
  "rms": -10.239461898803711,
  "sample_rate": 44100,
  "sections": 1,
  "seekable": 1,
  "sharpness": 3.941082715988159,
  "space": -13.84138298034668
}