{
  "bands": [
    {
      "high_freq": 148.1999969482422,
      "loudness": -22.87027359008789,
      "loudness_range": 15.558422088623047,
      "mid_mean": -19.3612003326416,
      "mid_to_side_loudness": -19.423038482666016,
      "mid_to_side_loudness_range": 15.476020812988281,
      "side_mean": -39.940673828125
    },
    {
      "high_freq": 392.3793640136719,
      "loudness": -17.081005096435547,
      "loudness_range": 8.495347023010254,
      "low_freq": 148.1999969482422,
      "mid_mean": -13.73654556274414,
      "mid_to_side_loudness": -11.177241325378418,
      "mid_to_side_loudness_range": 10.841075897216797,
      "side_mean": -25.49913215637207
    },
    {
      "high_freq": 794.6976318359375,
      "loudness": -22.621427536010742,
      "loudness_range": 19.28394317626953,
      "low_freq": 392.3793640136719,
      "mid_mean": -19.283973693847656,
      "mid_to_side_loudness": -11.643152236938477,
      "mid_to_side_loudness_range": 14.023110389709473,
      "side_mean": -31.33568572998047
    },
    {
      "high_freq": 1457.5709228515625,
      "loudness": -28.759597778320312,
      "loudness_range": 24.813440322875977,
      "low_freq": 794.6976318359375,
      "mid_mean": -25.713821411132812,
      "mid_to_side_loudness": -9.992851257324219,
      "mid_to_side_loudness_range": 12.542197227478027,
      "side_mean": -36.20791244506836
    },
    {
      "high_freq": 2549.74365234375,
      "loudness": -33.748233795166016,
      "loudness_range": 23.47799301147461,
      "low_freq": 1457.5709228515625,
      "mid_mean": -30.76824378967285,
      "mid_to_side_loudness": -9.812240600585938,
      "mid_to_side_loudness_range": 13.775105476379395,
      "side_mean": -41.11343002319336
    },
    {
      "high_freq": 4349.24462890625,
      "loudness": -35.23918151855469,
      "loudness_range": 22.57805061340332,
      "low_freq": 2549.74365234375,
      "mid_mean": -32.1141357421875,
      "mid_to_side_loudness": -10.181671142578125,
      "mid_to_side_loudness_range": 13.433128356933594,
      "side_mean": -42.858646392822266
    },
    {
      "high_freq": 7314.1640625,
      "loudness": -38.727298736572266,
      "loudness_range": 19.37237548828125,
      "low_freq": 4349.24462890625,
      "mid_mean": -35.358741760253906,
      "mid_to_side_loudness": -11.958197593688965,
      "mid_to_side_loudness_range": 11.989594459533691,
      "side_mean": -47.927188873291016
    },
    {
      "high_freq": 12199.2666015625,
      "loudness": -42.17449951171875,
      "loudness_range": 19.703872680664062,
      "low_freq": 7314.1640625,
      "mid_mean": -38.816314697265625,
      "mid_to_side_loudness": -12.422832489013672,
      "mid_to_side_loudness_range": 13.949911117553711,
      "side_mean": -52.654151916503906
    },
    {
      "loudness": -49.89296340942383,
      "loudness_range": 17.73883056640625,
      "low_freq": 12199.2666015625,
      "mid_mean": -46.810482025146484,
      "mid_to_side_loudness": -10.381135940551758,
      "mid_to_side_loudness_range": 13.119583129882812,
      "side_mean": -57.88495635986328
    }
  ],
  "bands_short": [
    {
      "high_freq": 148.1999969482422,
      "loudness": -29.207918167114258,
      "loudness_range": 31.03754425048828,
      "mid_mean": -26.203584671020508,
      "mid_to_side_loudness": -16.869182586669922,
      "mid_to_side_loudness_range": 24.574155807495117,
      "side_mean": -45.47161102294922
    },
    {
      "high_freq": 392.3793640136719,
      "loudness": -17.38037872314453,
      "loudness_range": 9.789217948913574,
      "low_freq": 148.1999969482422,
      "mid_mean": -14.031950950622559,
      "mid_to_side_loudness": -11.580832481384277,
      "mid_to_side_loudness_range": 12.58460807800293,
      "side_mean": -26.22295570373535
    },
    {
      "high_freq": 794.6976318359375,
      "loudness": -21.823999404907227,
      "loudness_range": 18.39845085144043,
      "low_freq": 392.3793640136719,
      "mid_mean": -18.574024200439453,
      "mid_to_side_loudness": -11.233661651611328,
      "mid_to_side_loudness_range": 14.972493171691895,
      "side_mean": -30.394638061523438
    },
    {
      "high_freq": 1457.5709228515625,
      "loudness": -30.353605270385742,
      "loudness_range": 28.684349060058594,
      "low_freq": 794.6976318359375,
      "mid_mean": -27.379514694213867,
      "mid_to_side_loudness": -9.221803665161133,
      "mid_to_side_loudness_range": 12.67330551147461,
      "side_mean": -37.2232551574707
    },
    {
      "high_freq": 2549.74365234375,
      "loudness": -35.5489616394043,
      "loudness_range": 27.387550354003906,
      "low_freq": 1457.5709228515625,
      "mid_mean": -32.73757553100586,
      "mid_to_side_loudness": -8.438902854919434,
      "mid_to_side_loudness_range": 14.996685028076172,
      "side_mean": -42.516998291015625
    },
    {
      "high_freq": 4349.24462890625,
      "loudness": -37.68657684326172,
      "loudness_range": 28.530630111694336,
      "low_freq": 2549.74365234375,
      "mid_mean": -34.86114501953125,
      "mid_to_side_loudness": -8.056509017944336,
      "mid_to_side_loudness_range": 15.063559532165527,
      "side_mean": -44.76850509643555
    },
    {
      "high_freq": 7314.1640625,
      "loudness": -42.508819580078125,
      "loudness_range": 30.441864013671875,
      "low_freq": 4349.24462890625,
      "mid_mean": -39.64018630981445,
      "mid_to_side_loudness": -9.589239120483398,
      "mid_to_side_loudness_range": 15.665678024291992,
      "side_mean": -51.063716888427734
    },
    {
      "high_freq": 12199.2666015625,
      "loudness": -46.33180236816406,
      "loudness_range": 32.16416931152344,
      "low_freq": 7314.1640625,
      "mid_mean": -45.02058792114258,
      "mid_to_side_loudness": -10.113594055175781,
      "mid_to_side_loudness_range": 17.801563262939453,
      "side_mean": -56.22746658325195
    },
    {
      "loudness": -53.24694061279297,
      "loudness_range": 30.054473876953125,
      "low_freq": 12199.2666015625,
      "mid_mean": -54.091896057128906,
      "mid_to_side_loudness": -8.160613059997559,
      "mid_to_side_loudness_range": 17.974609375,
      "side_mean": -61.81843566894531
    }
  ],
  "channels": 2,
  "covariance": [
    [
      39.631839752197266,
      25.62815284729004,
      7.3155035972595215,
      4.928415775299072,
      11.105552673339844,
      8.235970497131348,
      8.789822578430176,
      7.543006896972656,
      11.618189811706543,
      8.920259475708008,
      3.6354238986968994,
      4.860323905944824,
      3.671921968460083,
      6.887113094329834,
      6.959455966949463,
      10.736732482910156,
      7.725657939910889,
      5.511396408081055
    ],
    [
      25.62815284729004,
      39.79145812988281,
      7.521359443664551,
      6.580889701843262,
      4.0522260665893555,
      3.449475049972534,
      5.284613609313965,
      3.829115867614746,
      8.676813125610352,
      8.167913436889648,
      6.010320663452148,
      8.680384635925293,
      3.893123149871826,
      7.917465686798096,
      6.75306510925293,
      11.340742111206055,
      6.074223518371582,
      5.663545608520508
    ],
    [
      7.3155035972595215,
      7.521359443664551,
      12.94141674041748,
      11.116992950439453,
      8.078840255737305,
      7.348583221435547,
      10.248805046081543,
      10.922082901000977,
      13.268564224243164,
      13.594204902648926,
      11.687650680541992,
      13.10231876373291,
      8.514472007751465,
      10.68101978302002,
      8.138861656188965,
      10.580648422241211,
      7.666068077087402,
      6.3614020347595215
    ],
    [
      4.928415775299072,
      6.580889701843262,
      11.116992950439453,
      22.407773971557617,
      6.712921142578125,
      12.896086692810059,
      8.408835411071777,
      12.389060974121094,
      14.807591438293457,
      20.51361083984375,
      16.652864456176758,
      24.498668670654297,
      8.837620735168457,
      14.860336303710938,
      6.025202751159668,
      13.879630088806152,
      4.7087225914001465,
      8.084553718566895
    ],
    [
      11.105552673339844,
      4.0522260665893555,
      8.078840255737305,
      6.712921142578125,
      47.50568771362305,
      37.47954177856445,
      40.30427551269531,
      37.96660232543945,
      39.67388916015625,
      38.96953201293945,
      25.734329223632812,
      25.01263427734375,
      21.476268768310547,
      21.0991268157959,
      20.334217071533203,
      19.252737045288086,
      18.684425354003906,
      11.577658653259277
    ],
    [
      8.235970497131348,
      3.449475049972534,
      7.348583221435547,
      12.896086692810059,
      37.47954177856445,
      48.41891098022461,
      30.174785614013672,
      38.371002197265625,
      32.3009033203125,
      41.868343353271484,
      23.92162322998047,
      33.05126190185547,
      17.574548721313477,
      24.211191177368164,
      14.06181526184082,
      22.94988250732422,
      10.317936897277832,
      13.397555351257324
    ],
    [
      8.789822578430176,
      5.284613609313965,
      10.248805046081543,
      8.408835411071777,
      40.30427551269531,
      30.174785614013672,
      78.69962310791016,
      67.00647735595703,
      50.13136672973633,
      44.70732116699219,
      30.024402618408203,
      26.252225875854492,
      25.554489135742188,
      21.97606086730957,
      24.113323211669922,
      19.626060485839844,
      23.68646240234375,
      12.5699462890625
    ],
    [
      7.543006896972656,
      3.829115867614746,
      10.922082901000977,
      12.389060974121094,
      37.96660232543945,
      38.371002197265625,
      67.00647735595703,
      77.0314712524414,
      40.65105438232422,
      48.89109802246094,
      23.9094295501709,
      29.384443283081055,
      20.002248764038086,
      24.63228988647461,
      15.810094833374023,
      21.369470596313477,
      14.57254695892334,
      13.245848655700684
    ],
    [
      11.618189811706543,
      8.676813125610352,
      13.268564224243164,
      14.807591438293457,
      39.67388916015625,
      32.3009033203125,
      50.13136672973633,
      40.65105438232422,
      71.5524673461914,
      59.25722122192383,
      51.0775032043457,
      46.61695861816406,
      39.368408203125,
      34.51402282714844,
      34.913177490234375,
      28.273880004882812,
      31.370302200317383,
      17.51207733154297
    ],
    [
      8.920259475708008,
      8.167913436889648,
      13.594204902648926,
      20.51361083984375,
      38.96953201293945,
      41.868343353271484,
      44.70732116699219,
      48.89109802246094,
      59.25722122192383,
      71.67919158935547,
      46.288761138916016,
      57.308475494384766,
      32.59471893310547,
      39.50986862182617,
      24.674772262573242,
      30.850412368774414,
      20.32413101196289,
      18.766210556030273
    ],
    [
      3.6354238986968994,
      6.010320663452148,
      11.687650680541992,
      16.652864456176758,
      25.734329223632812,
      23.92162322998047,
      30.024402618408203,
      23.9094295501709,
      51.0775032043457,
      46.288761138916016,
      66.35107421875,
      59.990657806396484,
      47.0040283203125,
      42.04774475097656,
      36.05516052246094,
      30.907115936279297,
      29.480009078979492,
      20.088964462280273
    ],
    [
      4.860323905944824,
      8.680384635925293,
      13.10231876373291,
      24.498668670654297,
      25.01263427734375,
      33.05126190185547,
      26.252225875854492,
      29.384443283081055,
      46.61695861816406,
      57.308475494384766,
      59.990657806396484,
      76.41531372070312,
      38.67021179199219,
      48.26397705078125,
      25.975820541381836,
      34.906005859375,
      19.188688278198242,
      21.217008590698242
    ],
    [
      3.671921968460083,
      3.893123149871826,
      8.514472007751465,
      8.837620735168457,
      21.476268768310547,
      17.574548721313477,
      25.554489135742188,
      20.002248764038086,
      39.368408203125,
      32.59471893310547,
      47.0040283203125,
      38.67021179199219,
      47.15299987792969,
      36.947452545166016,
      40.06325912475586,
      32.26262664794922,
      34.1480598449707,
      21.90193748474121
    ],
    [
      6.887113094329834,
      7.917465686798096,
      10.68101978302002,
      14.860336303710938,
      21.0991268157959,
      24.211191177368164,
      21.97606086730957,
      24.63228988647461,
      34.51402282714844,
      39.50986862182617,
      42.04774475097656,
      48.26397705078125,
      36.947452545166016,
      45.2321662902832,
      28.388072967529297,
      37.65730285644531,
      23.489341735839844,
      24.015962600708008
    ],
    [
      6.959455966949463,
      6.75306510925293,
      8.138861656188965,
      6.025202751159668,
      20.334217071533203,
      14.06181526184082,
      24.113323211669922,
      15.810094833374023,
      34.913177490234375,
      24.674772262573242,
      36.05516052246094,
      25.975820541381836,
      40.06325912475586,
      28.388072967529297,
      49.343379974365234,
      37.02259063720703,
      41.934356689453125,
      25.688833236694336
    ],
    [
      10.736732482910156,
      11.340742111206055,
      10.580648422241211,
      13.879630088806152,
      19.252737045288086,
      22.94988250732422,
      19.626060485839844,
      21.369470596313477,
      28.273880004882812,
      30.850412368774414,
      30.907115936279297,
      34.906005859375,
      32.26262664794922,
      37.65730285644531,
      37.02259063720703,
      60.04594802856445,
      32.41633987426758,
      40.95934295654297
    ],
    [
      7.725657939910889,
      6.074223518371582,
      7.666068077087402,
      4.7087225914001465,
      18.684425354003906,
      10.317936897277832,
      23.68646240234375,
      14.57254695892334,
      31.370302200317383,
      20.32413101196289,
      29.480009078979492,
      19.188688278198242,
      34.1480598449707,
      23.489341735839844,
      41.934356689453125,
      32.41633987426758,
      44.74614715576172,
      26.43766975402832
    ],
    [
      5.511396408081055,
      5.663545608520508,
      6.3614020347595215,
      8.084553718566895,
      11.577658653259277,
      13.397555351257324,
      12.5699462890625,
      13.245848655700684,
      17.51207733154297,
      18.766210556030273,
      20.088964462280273,
      21.217008590698242,
      21.90193748474121,
      24.015962600708008,
      25.688833236694336,
      40.95934295654297,
      26.43766975402832,
      33.34577178955078
    ]
  ],
  "covariance_short": [
    [
      115.80806732177734,
      58.19537353515625,
      13.536229133605957,
      6.962284564971924,
      14.104320526123047,
      10.034493446350098,
      18.23387908935547,
      14.070557594299316,
      19.96958351135254,
      18.31418800354004,
      18.63282012939453,
      20.08077049255371,
      22.50281524658203,
      22.142864227294922,
      28.31847381591797,
      25.974634170532227,
      28.86673927307129,
      20.117233276367188
    ],
    [
      58.19537353515625,
      73.53760528564453,
      12.662328720092773,
      9.976175308227539,
      2.1008198261260986,
      1.7636395692825317,
      5.952332019805908,
      4.031022071838379,
      14.399269104003906,
      12.293121337890625,
      16.981691360473633,
      16.57238006591797,
      16.489139556884766,
      16.9652156829834,
      19.673524856567383,
      20.126020431518555,
      21.642127990722656,
      16.11376953125
    ],
    [
      13.536229133605957,
      12.662328720092773,
      15.819958686828613,
      11.923843383789062,
      7.027230739593506,
      5.76729679107666,
      12.095030784606934,
      11.070128440856934,
      14.10038948059082,
      13.67777156829834,
      14.210528373718262,
      13.496984481811523,
      13.185709953308105,
      12.944426536560059,
      13.207622528076172,
      12.141286849975586,
      14.429038047790527,
      7.608893871307373
    ],
    [
      6.962284564971924,
      9.976175308227539,
      11.923843383789062,
      24.3659610748291,
      6.609617710113525,
      12.915682792663574,
      9.520305633544922,
      12.580970764160156,
      14.743237495422363,
      20.248798370361328,
      18.896339416503906,
      25.262266159057617,
      13.459980964660645,
      18.803388595581055,
      11.462151527404785,
      14.8309907913208,
      12.054905891418457,
      8.656770706176758
    ],
    [
      14.104320526123047,
      2.1008198261260986,
      7.027230739593506,
      6.609617710113525,
      46.60167694091797,
      35.21812057495117,
      38.37445831298828,
      34.61458969116211,
      37.53936767578125,
      38.105770111083984,
      26.15709686279297,
      27.876022338867188,
      24.99172019958496,
      23.583683013916016,
      25.40687370300293,
      18.70505714416504,
      22.546293258666992,
      10.180452346801758
    ],
    [
      10.034493446350098,
      1.7636395692825317,
      5.76729679107666,
      12.915682792663574,
      35.21812057495117,
      51.04084777832031,
      29.914113998413086,
      34.39731979370117,
      31.081769943237305,
      42.34087371826172,
      26.648475646972656,
      39.60740280151367,
      21.982946395874023,
      30.319299697875977,
      18.948850631713867,
      22.171327590942383,
      15.891343116760254,
      12.326746940612793
    ],
    [
      18.23387908935547,
      5.952332019805908,
      12.095030784606934,
      9.520305633544922,
      38.37445831298828,
      29.914113998413086,
      99.66474151611328,
      80.65611267089844,
      59.5837287902832,
      53.628265380859375,
      36.565345764160156,
      33.388427734375,
      38.056434631347656,
      30.121980667114258,
      40.832393646240234,
      27.76774787902832,
      40.90808868408203,
      17.91975212097168
    ],
    [
      14.070557594299316,
      4.031022071838379,
      11.070128440856934,
      12.580970764160156,
      34.61458969116211,
      34.39731979370117,
      80.65611267089844,
      86.94146728515625,
      46.70341873168945,
      55.236881256103516,
      28.148086547851562,
      35.80500411987305,
      29.034509658813477,
      31.7220458984375,
      29.07118034362793,
      26.977535247802734,
      28.45797348022461,
      16.8791446685791
    ],
    [
      19.96958351135254,
      14.399269104003906,
      14.10038948059082,
      14.743237495422363,
      37.53936767578125,
      31.081769943237305,
      59.5837287902832,
      46.70341873168945,
      94.77071380615234,
      69.49508666992188,
      68.8263168334961,
      57.18526077270508,
      62.301876068115234,
      47.916934967041016,
      60.90814971923828,
      41.67814254760742,
      54.48214340209961,
      26.1627254486084
    ],
    [
      18.31418800354004,
      12.293121337890625,
      13.67777156829834,
      20.248798370361328,
      38.105770111083984,
      42.34087371826172,
      53.628265380859375,
      55.236881256103516,
      69.49508666992188,
      84.15780639648438,
      57.12068176269531,
      68.7249984741211,
      51.21100616455078,
      52.32517623901367,
      48.07854080200195,
      42.411231994628906,
      39.88300704956055,
      26.82038116455078
    ],
    [
      18.63282012939453,
      16.981691360473633,
      14.210528373718262,
      18.896339416503906,
      26.15709686279297,
      26.648475646972656,
      36.565345764160156,
      28.148086547851562,
      68.8263168334961,
      57.12068176269531,
      102.76759338378906,
      78.1407470703125,
      85.2079086303711,
      63.65130615234375,
      73.51335144042969,
      50.733097076416016,
      61.85636901855469,
      33.95143508911133
    ],
    [
      20.08077049255371,
      16.57238006591797,
      13.496984481811523,
      25.262266159057617,
      27.876022338867188,
      39.60740280151367,
      33.388427734375,
      35.80500411987305,
      57.18526077270508,
      68.7249984741211,
      78.1407470703125,
      97.37985229492188,
      68.16156005859375,
      72.38774871826172,
      58.727561950683594,
      52.765411376953125,
      48.102237701416016,
      34.10041427612305
    ],
    [
      22.50281524658203,
      16.489139556884766,
      13.185709953308105,
      13.459980964660645,
      24.99172019958496,
      21.982946395874023,
      38.056434631347656,
      29.034509658813477,
      62.301876068115234,
      51.21100616455078,
      85.2079086303711,
      68.16156005859375,
      110.7599105834961,
      74.42040252685547,
      106.50354766845703,
      71.95072937011719,
      90.84432983398438,
      50.74421691894531
    ],
    [
      22.142864227294922,
      16.9652156829834,
      12.944426536560059,
      18.803388595581055,
      23.583683013916016,
      30.319299697875977,
      30.121980667114258,
      31.7220458984375,
      47.916934967041016,
      52.32517623901367,
      63.65130615234375,
      72.38774871826172,
      74.42040252685547,
      85.25462341308594,
      71.42729949951172,
      72.80810546875,
      69.9252700805664,
      48.59669876098633
    ],
    [
      28.31847381591797,
      19.673524856567383,
      13.207622528076172,
      11.462151527404785,
      25.40687370300293,
      18.948850631713867,
      40.832393646240234,
      29.07118034362793,
      60.90814971923828,
      48.07854080200195,
      73.51335144042969,
      58.727561950683594,
      106.50354766845703,
      71.42729949951172,
      150.32199096679688,
      96.63504791259766,
      129.48133850097656,
      69.61956787109375
    ],
    [
      25.974634170532227,
      20.126020431518555,
      12.141286849975586,
      14.8309907913208,
      18.70505714416504,
      22.171327590942383,
      27.76774787902832,
      26.977535247802734,
      41.67814254760742,
      42.411231994628906,
      50.733097076416016,
      52.765411376953125,
      71.95072937011719,
      72.80810546875,
      96.63504791259766,
      92.23200225830078,
      90.14976501464844,
      66.09820556640625
    ],
    [
      28.86673927307129,
      21.642127990722656,
      14.429038047790527,
      12.054905891418457,
      22.546293258666992,
      15.891343116760254,
      40.90808868408203,
      28.45797348022461,
      54.48214340209961,
      39.88300704956055,
      61.85636901855469,
      48.102237701416016,
      90.84432983398438,
      69.9252700805664,
      129.48133850097656,
      90.14976501464844,
      135.46060180664062,
      71.1654281616211
    ],
    [
      20.117233276367188,
      16.11376953125,
      7.608893871307373,
      8.656770706176758,
      10.180452346801758,
      12.326746940612793,
      17.91975212097168,
      16.8791446685791,
      26.1627254486084,
      26.82038116455078,
      33.95143508911133,
      34.10041427612305,
      50.74421691894531,
      48.59669876098633,
      69.61956787109375,
      66.09820556640625,
      71.1654281616211,
      58.45326232910156
    ]
  ],
  "drr": 13.36449146270752,
  "dynamics": 2.9482994079589844,
  "format": 1245190,
  "frames": 10954752,
  "loudness": -10.27259349822998,
  "loudness_range": 7.330388069152832,
  "loudness_range_short": 9.676326751708984,
  "peak": 0.35662344098091125,
  "rms": -11.907391548156738,
  "sample_rate": 44100,
  "sections": 1,
  "seekable": 1,
  "sharpness": 2.257841110229492,
  "space": -12.080166816711426
}