{
  "bands": [
    {
      "high_freq": 148.1999969482422,
      "loudness": -16.86138153076172,
      "loudness_range": 5.042335510253906,
      "mid_mean": -13.272808074951172,
      "mid_to_side_loudness": -23.93846893310547,
      "mid_to_side_loudness_range": 23.02699089050293,
      "side_mean": -38.601009368896484
    },
    {
      "high_freq": 392.3793640136719,
      "loudness": -20.966625213623047,
      "loudness_range": 7.407949447631836,
      "low_freq": 148.1999969482422,
      "mid_mean": -17.6932430267334,
      "mid_to_side_loudness": -11.00859546661377,
      "mid_to_side_loudness_range": 9.904715538024902,
      "side_mean": -28.748228073120117
    },
    {
      "high_freq": 794.6976318359375,
      "loudness": -19.13897132873535,
      "loudness_range": 9.34764289855957,
      "low_freq": 392.3793640136719,
      "mid_mean": -16.300430297851562,
      "mid_to_side_loudness": -7.544983863830566,
      "mid_to_side_loudness_range": 9.599800109863281,
      "side_mean": -23.83901023864746
    },
    {
      "high_freq": 1457.5709228515625,
      "loudness": -20.00741195678711,
      "loudness_range": 11.838176727294922,
      "low_freq": 794.6976318359375,
      "mid_mean": -17.07332992553711,
      "mid_to_side_loudness": -8.2421293258667,
      "mid_to_side_loudness_range": 10.10383129119873,
      "side_mean": -25.342437744140625
    },
    {
      "high_freq": 2549.74365234375,
      "loudness": -17.393455505371094,
      "loudness_range": 11.293057441711426,
      "low_freq": 1457.5709228515625,
      "mid_mean": -14.53123950958252,
      "mid_to_side_loudness": -7.597131729125977,
      "mid_to_side_loudness_range": 8.002330780029297,
      "side_mean": -22.037744522094727
    },
    {
      "high_freq": 4349.24462890625,
      "loudness": -15.355306625366211,
      "loudness_range": 9.796432495117188,
      "low_freq": 2549.74365234375,
      "mid_mean": -12.443735122680664,
      "mid_to_side_loudness": -7.926094055175781,
      "mid_to_side_loudness_range": 6.6670074462890625,
      "side_mean": -19.979022979736328
    },
    {
      "high_freq": 7314.1640625,
      "loudness": -16.362581253051758,
      "loudness_range": 10.470552444458008,
      "low_freq": 4349.24462890625,
      "mid_mean": -13.515307426452637,
      "mid_to_side_loudness": -7.975606441497803,
      "mid_to_side_loudness_range": 9.309454917907715,
      "side_mean": -20.98464584350586
    },
    {
      "high_freq": 12199.2666015625,
      "loudness": -16.395923614501953,
      "loudness_range": 8.841259956359863,
      "low_freq": 7314.1640625,
      "mid_mean": -13.629465103149414,
      "mid_to_side_loudness": -7.206112384796143,
      "mid_to_side_loudness_range": 8.383041381835938,
      "side_mean": -20.66767120361328
    },
    {
      "loudness": -22.57789421081543,
      "loudness_range": 7.944252014160156,
      "low_freq": 12199.2666015625,
      "mid_mean": -20.306169509887695,
      "mid_to_side_loudness": -4.675902843475342,
      "mid_to_side_loudness_range": 6.120181083679199,
      "side_mean": -24.69008445739746
    }
  ],
  "bands_short": [
    {
      "high_freq": 148.1999969482422,
      "loudness": -18.653444290161133,
      "loudness_range": 10.728008270263672,
      "mid_mean": -15.139778137207031,
      "mid_to_side_loudness": -25.828365325927734,
      "mid_to_side_loudness_range": 30.260976791381836,
      "side_mean": -42.661380767822266
    },
    {
      "high_freq": 392.3793640136719,
      "loudness": -20.461837768554688,
      "loudness_range": 11.502235412597656,
      "low_freq": 148.1999969482422,
      "mid_mean": -17.18068504333496,
      "mid_to_side_loudness": -12.487194061279297,
      "mid_to_side_loudness_range": 15.136964797973633,
      "side_mean": -29.859703063964844
    },
    {
      "high_freq": 794.6976318359375,
      "loudness": -19.581836700439453,
      "loudness_range": 12.575301170349121,
      "low_freq": 392.3793640136719,
      "mid_mean": -16.916515350341797,
      "mid_to_side_loudness": -7.30385160446167,
      "mid_to_side_loudness_range": 12.570219039916992,
      "side_mean": -24.287036895751953
    },
    {
      "high_freq": 1457.5709228515625,
      "loudness": -21.11465835571289,
      "loudness_range": 15.912403106689453,
      "low_freq": 794.6976318359375,
      "mid_mean": -18.348581314086914,
      "mid_to_side_loudness": -7.799272060394287,
      "mid_to_side_loudness_range": 12.561074256896973,
      "side_mean": -26.175477981567383
    },
    {
      "high_freq": 2549.74365234375,
      "loudness": -18.55582046508789,
      "loudness_range": 15.150049209594727,
      "low_freq": 1457.5709228515625,
      "mid_mean": -15.861695289611816,
      "mid_to_side_loudness": -7.13021993637085,
      "mid_to_side_loudness_range": 10.547486305236816,
      "side_mean": -22.915958404541016
    },
    {
      "high_freq": 4349.24462890625,
      "loudness": -16.01437759399414,
      "loudness_range": 13.183782577514648,
      "low_freq": 2549.74365234375,
      "mid_mean": -13.223823547363281,
      "mid_to_side_loudness": -7.415494441986084,
      "mid_to_side_loudness_range": 8.853738784790039,
      "side_mean": -20.463459014892578
    },
    {
      "high_freq": 7314.1640625,
      "loudness": -16.997535705566406,
      "loudness_range": 13.986071586608887,
      "low_freq": 4349.24462890625,
      "mid_mean": -14.236810684204102,
      "mid_to_side_loudness": -7.672618389129639,
      "mid_to_side_loudness_range": 11.163337707519531,
      "side_mean": -21.5991153717041
    },
    {
      "high_freq": 12199.2666015625,
      "loudness": -17.264625549316406,
      "loudness_range": 12.941855430603027,
      "low_freq": 7314.1640625,
      "mid_mean": -14.636610984802246,
      "mid_to_side_loudness": -6.7813005447387695,
      "mid_to_side_loudness_range": 11.13157844543457,
      "side_mean": -21.27707862854004
    },
    {
      "loudness": -23.864839553833008,
      "loudness_range": 14.291019439697266,
      "low_freq": 12199.2666015625,
      "mid_mean": -21.6538028717041,
      "mid_to_side_loudness": -4.7414703369140625,
      "mid_to_side_loudness_range": 8.021312713623047,
      "side_mean": -26.10141372680664
    }
  ],
  "channels": 2,
  "covariance": [
    [
      14.556775093078613,
      7.762330532073975,
      3.478215456008911,
      6.009852409362793,
      1.3232818841934204,
      2.025883197784424,
      1.8905246257781982,
      2.9068095684051514,
      2.812732219696045,
      4.620689392089844,
      3.983889102935791,
      5.645440101623535,
      4.302829742431641,
      2.9028842449188232,
      4.120678424835205,
      2.64644193649292,
      2.060067892074585,
      0.9888772964477539
    ],
    [
      7.762330532073975,
      54.705562591552734,
      6.622946739196777,
      15.147380828857422,
      1.1909486055374146,
      5.606142997741699,
      2.513143301010132,
      6.579917907714844,
      7.7155656814575195,
      8.543282508850098,
      9.624824523925781,
      14.009354591369629,
      12.181418418884277,
      13.189197540283203,
      8.646491050720215,
      6.701329231262207,
      2.6331539154052734,
      -1.8462944030761719
    ],
    [
      3.478215456008911,
      6.622946739196777,
      12.452628135681152,
      9.217031478881836,
      4.647320747375488,
      4.963393211364746,
      2.8814358711242676,
      5.718103408813477,
      3.197739839553833,
      5.2513041496276855,
      4.2641143798828125,
      4.720414161682129,
      5.352991104125977,
      4.286743640899658,
      6.72501277923584,
      4.008776664733887,
      4.551483631134033,
      1.9172978401184082
    ],
    [
      6.009852409362793,
      15.147380828857422,
      9.217031478881836,
      20.796466827392578,
      5.456851005554199,
      10.131583213806152,
      4.04021692276001,
      9.100768089294434,
      7.036500930786133,
      9.247430801391602,
      6.038802146911621,
      9.07322883605957,
      8.919974327087402,
      10.827337265014648,
      7.0536723136901855,
      5.851424217224121,
      4.165228366851807,
      0.4181942045688629
    ],
    [
      1.3232818841934204,
      1.1909486055374146,
      4.647320747375488,
      5.456851005554199,
      13.943918228149414,
      11.581870079040527,
      7.539768218994141,
      8.18554401397705,
      6.890161991119385,
      6.848588943481445,
      6.919473171234131,
      6.319121360778809,
      6.025104999542236,
      7.194354057312012,
      5.163861274719238,
      4.803084373474121,
      3.3335516452789307,
      1.9697083234786987
    ],
    [
      2.025883197784424,
      5.606142997741699,
      4.963393211364746,
      10.131583213806152,
      11.581870079040527,
      23.372486114501953,
      8.742945671081543,
      15.67407512664795,
      10.321725845336914,
      13.280220031738281,
      10.07305908203125,
      12.75214672088623,
      9.918767929077148,
      14.724220275878906,
      6.823282241821289,
      7.6313395500183105,
      4.1771016120910645,
      1.8829834461212158
    ],
    [
      1.8905246257781982,
      2.513143301010132,
      2.8814358711242676,
      4.04021692276001,
      7.539768218994141,
      8.742945671081543,
      20.37689781188965,
      13.889327049255371,
      13.946179389953613,
      10.80744743347168,
      7.451215744018555,
      6.832775592803955,
      7.166110038757324,
      8.01290512084961,
      6.30573034286499,
      5.8207783699035645,
      3.5925145149230957,
      1.3184720277786255
    ],
    [
      2.9068095684051514,
      6.579917907714844,
      5.718103408813477,
      9.100768089294434,
      8.18554401397705,
      15.67407512664795,
      13.889327049255371,
      22.086149215698242,
      12.906930923461914,
      15.556068420410156,
      10.579723358154297,
      13.599762916564941,
      11.367721557617188,
      15.497751235961914,
      9.2014741897583,
      9.667145729064941,
      5.925526142120361,
      2.857743501663208
    ],
    [
      2.812732219696045,
      7.7155656814575195,
      3.197739839553833,
      7.036500930786133,
      6.890161991119385,
      10.321725845336914,
      13.946179389953613,
      12.906930923461914,
      20.225873947143555,
      13.193191528320312,
      10.50686264038086,
      10.017327308654785,
      11.840097427368164,
      11.548260688781738,
      8.851024627685547,
      7.579647064208984,
      4.909908771514893,
      1.8341745138168335
    ],
    [
      4.620689392089844,
      8.543282508850098,
      5.2513041496276855,
      9.247430801391602,
      6.848588943481445,
      13.280220031738281,
      10.80744743347168,
      15.556068420410156,
      13.193191528320312,
      18.179546356201172,
      9.848382949829102,
      13.044557571411133,
      10.972722053527832,
      13.967336654663086,
      9.481498718261719,
      9.116473197937012,
      6.182721138000488,
      3.3594179153442383
    ],
    [
      3.983889102935791,
      9.624824523925781,
      4.2641143798828125,
      6.038802146911621,
      6.919473171234131,
      10.07305908203125,
      7.451215744018555,
      10.579723358154297,
      10.50686264038086,
      9.848382949829102,
      17.193763732910156,
      14.115778923034668,
      13.975763320922852,
      12.77244758605957,
      9.656457901000977,
      8.09446907043457,
      5.447585582733154,
      2.37919282913208
    ],
    [
      5.645440101623535,
      14.009354591369629,
      4.720414161682129,
      9.07322883605957,
      6.319121360778809,
      12.75214672088623,
      6.832775592803955,
      13.599762916564941,
      10.017327308654785,
      13.044557571411133,
      14.115778923034668,
      22.6331787109375,
      13.975024223327637,
      18.876230239868164,
      10.27489948272705,
      10.90223503112793,
      5.883698463439941,
      3.4805214405059814
    ],
    [
      4.302829742431641,
      12.181418418884277,
      5.352991104125977,
      8.919974327087402,
      6.025104999542236,
      9.918767929077148,
      7.166110038757324,
      11.367721557617188,
      11.840097427368164,
      10.972722053527832,
      13.975763320922852,
      13.975024223327637,
      20.075721740722656,
      18.409122467041016,
      13.291141510009766,
      11.18966293334961,
      7.960559368133545,
      3.187394142150879
    ],
    [
      2.9028842449188232,
      13.189197540283203,
      4.286743640899658,
      10.827337265014648,
      7.194354057312012,
      14.724220275878906,
      8.01290512084961,
      15.497751235961914,
      11.548260688781738,
      13.967336654663086,
      12.77244758605957,
      18.876230239868164,
      18.409122467041016,
      33.597904205322266,
      13.180584907531738,
      17.6967830657959,
      8.498499870300293,
      5.440785884857178
    ],
    [
      4.120678424835205,
      8.646491050720215,
      6.72501277923584,
      7.0536723136901855,
      5.163861274719238,
      6.823282241821289,
      6.30573034286499,
      9.2014741897583,
      8.851024627685547,
      9.481498718261719,
      9.656457901000977,
      10.27489948272705,
      13.291141510009766,
      13.180584907531738,
      16.64122200012207,
      11.97989273071289,
      10.402188301086426,
      5.513437271118164
    ],
    [
      2.64644193649292,
      6.701329231262207,
      4.008776664733887,
      5.851424217224121,
      4.803084373474121,
      7.6313395500183105,
      5.8207783699035645,
      9.667145729064941,
      7.579647064208984,
      9.116473197937012,
      8.09446907043457,
      10.90223503112793,
      11.18966293334961,
      17.6967830657959,
      11.97989273071289,
      19.208566665649414,
      9.903209686279297,
      9.594582557678223
    ],
    [
      2.060067892074585,
      2.6331539154052734,
      4.551483631134033,
      4.165228366851807,
      3.3335516452789307,
      4.1771016120910645,
      3.5925145149230957,
      5.925526142120361,
      4.909908771514893,
      6.182721138000488,
      5.447585582733154,
      5.883698463439941,
      7.960559368133545,
      8.498499870300293,
      10.402188301086426,
      9.903209686279297,
      13.56994915008545,
      10.970556259155273
    ],
    [
      0.9888772964477539,
      -1.8462944030761719,
      1.9172978401184082,
      0.4181942045688629,
      1.9697083234786987,
      1.8829834461212158,
      1.3184720277786255,
      2.857743501663208,
      1.8341745138168335,
      3.3594179153442383,
      2.37919282913208,
      3.4805214405059814,
      3.187394142150879,
      5.440785884857178,
      5.513437271118164,
      9.594582557678223,
      10.970556259155273,
      17.090499877929688
    ]
  ],
  "covariance_short": [
    [
      25.890037536621094,
      4.1088714599609375,
      1.7119605541229248,
      4.218898296356201,
      2.2472550868988037,
      2.8507375717163086,
      2.895102024078369,
      2.804748058319092,
      2.8871867656707764,
      4.15945291519165,
      2.7587473392486572,
      5.129194259643555,
      1.9863818883895874,
      2.4139840602874756,
      1.5772851705551147,
      2.036829948425293,
      0.12417818605899811,
      -0.07115114480257034
    ],
    [
      4.1088714599609375,
      72.7457504272461,
      4.045898914337158,
      16.2218017578125,
      0.5023281574249268,
      5.389418601989746,
      3.3584601879119873,
      6.727828025817871,
      7.214731216430664,
      7.84724760055542,
      7.687224388122559,
      10.696937561035156,
      9.639288902282715,
      13.102778434753418,
      6.779932022094727,
      6.153249263763428,
      1.8678171634674072,
      -0.8406640291213989
    ],
    [
      1.7119605541229248,
      4.045898914337158,
      25.137195587158203,
      11.490890502929688,
      4.458896636962891,
      4.023306369781494,
      3.731428384780884,
      5.699985504150391,
      4.327596187591553,
      6.379830837249756,
      5.70745325088501,
      6.724213600158691,
      5.155287265777588,
      3.663019895553589,
      8.047046661376953,
      4.210360527038574,
      8.274752616882324,
      6.25307559967041
    ],
    [
      4.218898296356201,
      16.2218017578125,
      11.490890502929688,
      27.924943923950195,
      5.03089714050293,
      9.630504608154297,
      4.869593620300293,
      9.355454444885254,
      7.796313285827637,
      9.400416374206543,
      6.8804473876953125,
      9.773943901062012,
      8.775782585144043,
      11.270707130432129,
      7.495629787445068,
      5.436150550842285,
      3.9435555934906006,
      0.16614341735839844
    ],
    [
      2.2472550868988037,
      0.5023281574249268,
      4.458896636962891,
      5.03089714050293,
      23.195707321166992,
      14.73675537109375,
      10.12173843383789,
      9.686576843261719,
      10.940756797790527,
      8.950631141662598,
      10.538236618041992,
      8.412978172302246,
      9.108556747436523,
      9.127287864685059,
      7.2001633644104,
      6.718947887420654,
      6.248230934143066,
      4.935694694519043
    ],
    [
      2.8507375717163086,
      5.389418601989746,
      4.023306369781494,
      9.630504608154297,
      14.73675537109375,
      28.380186080932617,
      10.678297996520996,
      16.136985778808594,
      13.007865905761719,
      14.532838821411133,
      12.089177131652832,
      13.67336368560791,
      11.343936920166016,
      15.061471939086914,
      7.631802082061768,
      8.051216125488281,
      5.3489909172058105,
      3.1332781314849854
    ],
    [
      2.895102024078369,
      3.3584601879119873,
      3.731428384780884,
      4.869593620300293,
      10.12173843383789,
      10.678297996520996,
      33.474876403808594,
      20.344280242919922,
      22.46424674987793,
      15.776304244995117,
      13.797952651977539,
      11.554200172424316,
      13.053786277770996,
      12.922493934631348,
      11.084003448486328,
      8.230846405029297,
      8.083215713500977,
      4.032463073730469
    ],
    [
      2.804748058319092,
      6.727828025817871,
      5.699985504150391,
      9.355454444885254,
      9.686576843261719,
      16.136985778808594,
      20.344280242919922,
      30.121498107910156,
      18.010913848876953,
      18.323606491088867,
      14.263614654541016,
      16.28860092163086,
      14.58556079864502,
      18.356103897094727,
      11.87428092956543,
      11.186881065368652,
      8.599931716918945,
      5.327693939208984
    ],
    [
      2.8871867656707764,
      7.214731216430664,
      4.327596187591553,
      7.796313285827637,
      10.940756797790527,
      13.007865905761719,
      22.46424674987793,
      18.010913848876953,
      33.347389221191406,
      20.137847900390625,
      18.083574295043945,
      15.654558181762695,
      18.745393753051758,
      16.686750411987305,
      14.877368927001953,
      10.977226257324219,
      10.761202812194824,
      6.149965286254883
    ],
    [
      4.15945291519165,
      7.84724760055542,
      6.379830837249756,
      9.400416374206543,
      8.950631141662598,
      14.532838821411133,
      15.776304244995117,
      18.323606491088867,
      20.137847900390625,
      25.39883804321289,
      14.625104904174805,
      17.189884185791016,
      14.832597732543945,
      17.288349151611328,
      13.010730743408203,
      11.529608726501465,
      10.170893669128418,
      6.82994270324707
    ],
    [
      2.7587473392486572,
      7.687224388122559,
      5.70745325088501,
      6.8804473876953125,
      10.538236618041992,
      12.089177131652832,
      13.797952651977539,
      14.263614654541016,
      18.083574295043945,
      14.625104904174805,
      27.19614601135254,
      20.23617935180664,
      20.739986419677734,
      17.811466217041016,
      14.426551818847656,
      11.38725471496582,
      11.570201873779297,
      7.963623046875
    ],
    [
      5.129194259643555,
      10.696937561035156,
      6.724213600158691,
      9.773943901062012,
      8.412978172302246,
      13.67336368560791,
      11.554200172424316,
      16.28860092163086,
      15.654558181762695,
      17.189884185791016,
      20.23617935180664,
      29.21931266784668,
      18.350130081176758,
      23.02301025390625,
      14.282466888427734,
      14.04220199584961,
      10.245948791503906,
      7.764281272888184
    ],
    [
      1.9863818883895874,
      9.639288902282715,
      5.155287265777588,
      8.775782585144043,
      9.108556747436523,
      11.343936920166016,
      13.053786277770996,
      14.58556079864502,
      18.745393753051758,
      14.832597732543945,
      20.739986419677734,
      18.350130081176758,
      30.37162971496582,
      26.273466110229492,
      20.56822967529297,
      16.445877075195312,
      16.102088928222656,
      10.574017524719238
    ],
    [
      2.4139840602874756,
      13.102778434753418,
      3.663019895553589,
      11.270707130432129,
      9.127287864685059,
      15.061471939086914,
      12.922493934631348,
      18.356103897094727,
      16.686750411987305,
      17.288349151611328,
      17.811466217041016,
      23.02301025390625,
      26.273466110229492,
      42.4554328918457,
      19.737884521484375,
      23.586532592773438,
      14.85261058807373,
      11.939517974853516
    ],
    [
      1.5772851705551147,
      6.779932022094727,
      8.047046661376953,
      7.495629787445068,
      7.2001633644104,
      7.631802082061768,
      11.084003448486328,
      11.87428092956543,
      14.877368927001953,
      13.010730743408203,
      14.426551818847656,
      14.282466888427734,
      20.56822967529297,
      19.737884521484375,
      28.64523696899414,
      18.63788414001465,
      21.040367126464844,
      14.049214363098145
    ],
    [
      2.036829948425293,
      6.153249263763428,
      4.210360527038574,
      5.436150550842285,
      6.718947887420654,
      8.051216125488281,
      8.230846405029297,
      11.186881065368652,
      10.977226257324219,
      11.529608726501465,
      11.38725471496582,
      14.04220199584961,
      16.445877075195312,
      23.586532592773438,
      18.63788414001465,
      26.733755111694336,
      16.95853042602539,
      18.595067977905273
    ],
    [
      0.12417818605899811,
      1.8678171634674072,
      8.274752616882324,
      3.9435555934906006,
      6.248230934143066,
      5.3489909172058105,
      8.083215713500977,
      8.599931716918945,
      10.761202812194824,
      10.170893669128418,
      11.570201873779297,
      10.245948791503906,
      16.102088928222656,
      14.85261058807373,
      21.040367126464844,
      16.95853042602539,
      30.436609268188477,
      26.508127212524414
    ],
    [
      -0.07115114480257034,
      -0.8406640291213989,
      6.25307559967041,
      0.16614341735839844,
      4.935694694519043,
      3.1332781314849854,
      4.032463073730469,
      5.327693939208984,
      6.149965286254883,
      6.82994270324707,
      7.963623046875,
      7.764281272888184,
      10.574017524719238,
      11.939517974853516,
      14.049214363098145,
      18.595067977905273,
      26.508127212524414,
      35.76938247680664
    ]
  ],
  "drr": 13.07110595703125,
  "dynamics": 2.4060492515563965,
  "format": 1245190,
  "frames": 11175936,
  "loudness": -4.416869640350342,
  "loudness_range": 5.1685943603515625,
  "loudness_range_short": 7.625241279602051,
  "peak": 1.6011289358139038,
  "rms": -8.288833618164062,
  "sample_rate": 44100,
  "sections": 1,
  "seekable": 1,
  "sharpness": 2.1551501750946045,
  "space": -8.124479293823242
}