{
  "bands": [
    {
      "high_freq": 148.1999969482422,
      "loudness": -22.458995819091797,
      "loudness_range": 16.990123748779297,
      "mid_mean": -19.59547233581543,
      "mid_to_side_loudness": -9.503742218017578,
      "mid_to_side_loudness_range": 17.653894424438477,
      "side_mean": -29.289907455444336
    },
    {
      "high_freq": 392.3793640136719,
      "loudness": -17.864946365356445,
      "loudness_range": 9.245071411132812,
      "low_freq": 148.1999969482422,
      "mid_mean": -15.410561561584473,
      "mid_to_side_loudness": -6.223887920379639,
      "mid_to_side_loudness_range": 12.310633659362793,
      "side_mean": -21.674057006835938
    },
    {
      "high_freq": 794.6976318359375,
      "loudness": -22.19212532043457,
      "loudness_range": 12.289382934570312,
      "low_freq": 392.3793640136719,
      "mid_mean": -19.74492073059082,
      "mid_to_side_loudness": -6.7800116539001465,
      "mid_to_side_loudness_range": 15.093039512634277,
      "side_mean": -26.613079071044922
    },
    {
      "high_freq": 1457.5709228515625,
      "loudness": -25.45967674255371,
      "loudness_range": 16.50330924987793,
      "low_freq": 794.6976318359375,
      "mid_mean": -22.8723087310791,
      "mid_to_side_loudness": -7.863636493682861,
      "mid_to_side_loudness_range": 17.07367706298828,
      "side_mean": -30.826730728149414
    },
    {
      "high_freq": 2549.74365234375,
      "loudness": -24.420679092407227,
      "loudness_range": 14.264223098754883,
      "low_freq": 1457.5709228515625,
      "mid_mean": -22.2179012298584,
      "mid_to_side_loudness": -6.814589500427246,
      "mid_to_side_loudness_range": 18.802820205688477,
      "side_mean": -29.092323303222656
    },
    {
      "high_freq": 4349.24462890625,
      "loudness": -25.50142478942871,
      "loudness_range": 12.145498275756836,
      "low_freq": 2549.74365234375,
      "mid_mean": -22.931249618530273,
      "mid_to_side_loudness": -7.653170585632324,
      "mid_to_side_loudness_range": 15.758403778076172,
      "side_mean": -30.66891098022461
    },
    {
      "high_freq": 7314.1640625,
      "loudness": -26.294261932373047,
      "loudness_range": 14.047822952270508,
      "low_freq": 4349.24462890625,
      "mid_mean": -23.461877822875977,
      "mid_to_side_loudness": -8.829720497131348,
      "mid_to_side_loudness_range": 14.199335098266602,
      "side_mean": -32.55784225463867
    },
    {
      "high_freq": 12199.2666015625,
      "loudness": -24.876737594604492,
      "loudness_range": 16.495330810546875,
      "low_freq": 7314.1640625,
      "mid_mean": -22.065553665161133,
      "mid_to_side_loudness": -8.246830940246582,
      "mid_to_side_loudness_range": 13.88791561126709,
      "side_mean": -30.692373275756836
    },
    {
      "loudness": -30.112302780151367,
      "loudness_range": 13.822586059570312,
      "low_freq": 12199.2666015625,
      "mid_mean": -27.58254623413086,
      "mid_to_side_loudness": -5.988980293273926,
      "mid_to_side_loudness_range": 8.267621994018555,
      "side_mean": -33.6182746887207
    }
  ],
  "bands_short": [
    {
      "high_freq": 148.1999969482422,
      "loudness": -27.2487850189209,
      "loudness_range": 23.9947509765625,
      "mid_mean": -24.902246475219727,
      "mid_to_side_loudness": -8.205645561218262,
      "mid_to_side_loudness_range": 22.051055908203125,
      "side_mean": -33.845523834228516
    },
    {
      "high_freq": 392.3793640136719,
      "loudness": -18.02359962463379,
      "loudness_range": 11.984640121459961,
      "low_freq": 148.1999969482422,
      "mid_mean": -15.689764976501465,
      "mid_to_side_loudness": -6.066649913787842,
      "mid_to_side_loudness_range": 14.110692977905273,
      "side_mean": -21.765716552734375
    },
    {
      "high_freq": 794.6976318359375,
      "loudness": -23.675518035888672,
      "loudness_range": 15.650044441223145,
      "low_freq": 392.3793640136719,
      "mid_mean": -21.428852081298828,
      "mid_to_side_loudness": -6.497985363006592,
      "mid_to_side_loudness_range": 17.97233009338379,
      "side_mean": -28.045534133911133
    },
    {
      "high_freq": 1457.5709228515625,
      "loudness": -25.456945419311523,
      "loudness_range": 19.149072647094727,
      "low_freq": 794.6976318359375,
      "mid_mean": -23.188093185424805,
      "mid_to_side_loudness": -6.354692459106445,
      "mid_to_side_loudness_range": 16.84965705871582,
      "side_mean": -29.67176628112793
    },
    {
      "high_freq": 2549.74365234375,
      "loudness": -25.834400177001953,
      "loudness_range": 18.90436553955078,
      "low_freq": 1457.5709228515625,
      "mid_mean": -23.917566299438477,
      "mid_to_side_loudness": -5.620767116546631,
      "mid_to_side_loudness_range": 19.201440811157227,
      "side_mean": -29.711015701293945
    },
    {
      "high_freq": 4349.24462890625,
      "loudness": -26.818130493164062,
      "loudness_range": 16.79233741760254,
      "low_freq": 2549.74365234375,
      "mid_mean": -24.472192764282227,
      "mid_to_side_loudness": -6.796831130981445,
      "mid_to_side_loudness_range": 17.046411514282227,
      "side_mean": -31.43811798095703
    },
    {
      "high_freq": 7314.1640625,
      "loudness": -29.0535831451416,
      "loudness_range": 21.54935073852539,
      "low_freq": 4349.24462890625,
      "mid_mean": -26.49250030517578,
      "mid_to_side_loudness": -7.949018955230713,
      "mid_to_side_loudness_range": 18.006345748901367,
      "side_mean": -34.922908782958984
    },
    {
      "high_freq": 12199.2666015625,
      "loudness": -28.62203598022461,
      "loudness_range": 26.041379928588867,
      "low_freq": 7314.1640625,
      "mid_mean": -26.081398010253906,
      "mid_to_side_loudness": -7.9356889724731445,
      "mid_to_side_loudness_range": 18.30190658569336,
      "side_mean": -34.61302947998047
    },
    {
      "loudness": -34.51019287109375,
      "loudness_range": 24.699132919311523,
      "low_freq": 12199.2666015625,
      "mid_mean": -32.21480941772461,
      "mid_to_side_loudness": -6.640309810638428,
      "mid_to_side_loudness_range": 16.697021484375,
      "side_mean": -38.64798355102539
    }
  ],
  "channels": 2,
  "covariance": [
    [
      41.21074676513672,
      16.62973976135254,
      9.639564514160156,
      20.1273193359375,
      10.433293342590332,
      20.470624923706055,
      13.071090698242188,
      24.491382598876953,
      10.310336112976074,
      25.85664939880371,
      10.38266658782959,
      24.268688201904297,
      14.001480102539062,
      24.483861923217773,
      8.998285293579102,
      19.635326385498047,
      8.286215782165527,
      14.186979293823242
    ],
    [
      16.62973976135254,
      31.11862564086914,
      7.6677350997924805,
      19.84327507019043,
      7.761784076690674,
      18.62630271911621,
      12.721078872680664,
      22.95909881591797,
      10.345474243164062,
      25.14276885986328,
      8.42410659790039,
      20.959619522094727,
      7.06296443939209,
      17.247560501098633,
      6.173452854156494,
      15.872611999511719,
      8.26359748840332,
      13.323923110961914
    ],
    [
      9.639564514160156,
      7.6677350997924805,
      10.192930221557617,
      13.514530181884766,
      6.88721227645874,
      11.421197891235352,
      7.720626354217529,
      13.889703750610352,
      6.21353006362915,
      13.039692878723145,
      7.473687648773193,
      12.914176940917969,
      6.709885597229004,
      12.517908096313477,
      3.7580950260162354,
      9.645004272460938,
      4.809349536895752,
      8.26634693145752
    ],
    [
      20.1273193359375,
      19.84327507019043,
      13.514530181884766,
      36.313899993896484,
      14.165657043457031,
      32.0014762878418,
      16.288528442382812,
      36.9473876953125,
      13.522927284240723,
      38.79404067993164,
      12.362617492675781,
      34.44343566894531,
      9.615518569946289,
      28.509952545166016,
      7.03729248046875,
      23.278682708740234,
      9.797284126281738,
      17.9820499420166
    ],
    [
      10.433293342590332,
      7.761784076690674,
      6.88721227645874,
      14.165657043457031,
      17.21614646911621,
      18.036903381347656,
      15.197911262512207,
      21.389631271362305,
      12.081887245178223,
      20.280345916748047,
      8.547746658325195,
      17.213022232055664,
      5.176451683044434,
      14.677931785583496,
      3.1427745819091797,
      10.715593338012695,
      4.502525806427002,
      8.598373413085938
    ],
    [
      20.470624923706055,
      18.62630271911621,
      11.421197891235352,
      32.0014762878418,
      18.036903381347656,
      47.675209045410156,
      19.179468154907227,
      49.63832473754883,
      15.281607627868652,
      50.923011779785156,
      12.087308883666992,
      41.311058044433594,
      6.402348041534424,
      30.755582809448242,
      5.298701286315918,
      25.447431564331055,
      8.331221580505371,
      18.50938606262207
    ],
    [
      13.071090698242188,
      12.721078872680664,
      7.720626354217529,
      16.288528442382812,
      15.197911262512207,
      19.179468154907227,
      29.73991584777832,
      26.651342391967773,
      19.785377502441406,
      22.632814407348633,
      12.827792167663574,
      19.094079971313477,
      9.672024726867676,
      18.482601165771484,
      6.128674507141113,
      14.083868026733398,
      8.422303199768066,
      12.40355110168457
    ],
    [
      24.491382598876953,
      22.95909881591797,
      13.889703750610352,
      36.9473876953125,
      21.389631271362305,
      49.63832473754883,
      26.651342391967773,
      61.545658111572266,
      20.286340713500977,
      57.64445114135742,
      14.728904724121094,
      46.349693298339844,
      9.252543449401855,
      35.548770904541016,
      8.142550468444824,
      29.06757164001465,
      11.083100318908691,
      21.517454147338867
    ],
    [
      10.310336112976074,
      10.345474243164062,
      6.21353006362915,
      13.522927284240723,
      12.081887245178223,
      15.281607627868652,
      19.785377502441406,
      20.286340713500977,
      23.92131805419922,
      21.127723693847656,
      15.900256156921387,
      17.6719913482666,
      12.155022621154785,
      17.70774269104004,
      8.248859405517578,
      13.168801307678223,
      8.381535530090332,
      10.58389949798584
    ],
    [
      25.85664939880371,
      25.14276885986328,
      13.039692878723145,
      38.79404067993164,
      20.280345916748047,
      50.923011779785156,
      22.632814407348633,
      57.64445114135742,
      21.127723693847656,
      66.38607788085938,
      16.14651870727539,
      53.17375183105469,
      9.096750259399414,
      38.808937072753906,
      8.387728691101074,
      31.756153106689453,
      11.707256317138672,
      23.277664184570312
    ],
    [
      10.38266658782959,
      8.42410659790039,
      7.473687648773193,
      12.362617492675781,
      8.547746658325195,
      12.087308883666992,
      12.827792167663574,
      14.728904724121094,
      15.900256156921387,
      16.14651870727539,
      20.46717643737793,
      17.401912689208984,
      16.831140518188477,
      18.17642593383789,
      9.76125431060791,
      12.755623817443848,
      8.756659507751465,
      10.906637191772461
    ],
    [
      24.268688201904297,
      20.959619522094727,
      12.914176940917969,
      34.44343566894531,
      17.213022232055664,
      41.311058044433594,
      19.094079971313477,
      46.349693298339844,
      17.6719913482666,
      53.17375183105469,
      17.401912689208984,
      49.20616149902344,
      12.548515319824219,
      38.52702713012695,
      10.168840408325195,
      30.996334075927734,
      12.587769508361816,
      23.107524871826172
    ],
    [
      14.001480102539062,
      7.06296443939209,
      6.709885597229004,
      9.615518569946289,
      5.176451683044434,
      6.402348041534424,
      9.672024726867676,
      9.252543449401855,
      12.155022621154785,
      9.096750259399414,
      16.831140518188477,
      12.548515319824219,
      29.046281814575195,
      21.173553466796875,
      22.19899559020996,
      18.98276710510254,
      17.400390625,
      15.15141487121582
    ],
    [
      24.483861923217773,
      17.247560501098633,
      12.517908096313477,
      28.509952545166016,
      14.677931785583496,
      30.755582809448242,
      18.482601165771484,
      35.548770904541016,
      17.70774269104004,
      38.808937072753906,
      18.17642593383789,
      38.52702713012695,
      21.173553466796875,
      43.85318374633789,
      17.21908187866211,
      36.792850494384766,
      17.87722396850586,
      27.21428871154785
    ],
    [
      8.998285293579102,
      6.173452854156494,
      3.7580950260162354,
      7.03729248046875,
      3.1427745819091797,
      5.298701286315918,
      6.128674507141113,
      8.142550468444824,
      8.248859405517578,
      8.387728691101074,
      9.76125431060791,
      10.168840408325195,
      22.19899559020996,
      17.21908187866211,
      33.362003326416016,
      20.867061614990234,
      24.057092666625977,
      16.929784774780273
    ],
    [
      19.635326385498047,
      15.872611999511719,
      9.645004272460938,
      23.278682708740234,
      10.715593338012695,
      25.447431564331055,
      14.083868026733398,
      29.06757164001465,
      13.168801307678223,
      31.756153106689453,
      12.755623817443848,
      30.996334075927734,
      18.98276710510254,
      36.792850494384766,
      20.867061614990234,
      41.49391174316406,
      20.48182487487793,
      29.85479164123535
    ],
    [
      8.286215782165527,
      8.26359748840332,
      4.809349536895752,
      9.797284126281738,
      4.502525806427002,
      8.331221580505371,
      8.422303199768066,
      11.083100318908691,
      8.381535530090332,
      11.707256317138672,
      8.756659507751465,
      12.587769508361816,
      17.400390625,
      17.87722396850586,
      24.057092666625977,
      20.48182487487793,
      23.513940811157227,
      19.725914001464844
    ],
    [
      14.186979293823242,
      13.323923110961914,
      8.26634693145752,
      17.9820499420166,
      8.598373413085938,
      18.50938606262207,
      12.40355110168457,
      21.517454147338867,
      10.58389949798584,
      23.277664184570312,
      10.906637191772461,
      23.107524871826172,
      15.15141487121582,
      27.21428871154785,
      16.929784774780273,
      29.85479164123535,
      19.725914001464844,
      28.206623077392578
    ]
  ],
  "covariance_short": [
    [
      78.63453674316406,
      38.207847595214844,
      16.932905197143555,
      24.541200637817383,
      12.748204231262207,
      29.063074111938477,
      19.40302276611328,
      30.30670738220215,
      19.24059295654297,
      37.66975402832031,
      17.533353805541992,
      36.245872497558594,
      23.37230110168457,
      41.368839263916016,
      22.70361328125,
      42.61223602294922,
      25.485734939575195,
      41.3255615234375
    ],
    [
      38.207847595214844,
      67.77869415283203,
      10.917364120483398,
      22.486190795898438,
      9.026284217834473,
      23.303630828857422,
      15.921533584594727,
      24.697643280029297,
      15.093745231628418,
      30.891284942626953,
      11.926797866821289,
      25.651126861572266,
      9.781598091125488,
      22.495187759399414,
      8.442512512207031,
      21.240646362304688,
      10.680499076843262,
      20.66107749938965
    ],
    [
      16.932905197143555,
      10.917364120483398,
      17.837356567382812,
      15.690095901489258,
      10.775521278381348,
      14.215620994567871,
      10.551314353942871,
      14.886838912963867,
      10.442455291748047,
      16.2319278717041,
      11.155542373657227,
      16.91952133178711,
      10.545442581176758,
      18.225357055664062,
      7.47423791885376,
      17.08820152282715,
      8.74542236328125,
      16.522743225097656
    ],
    [
      24.541200637817383,
      22.486190795898438,
      15.690095901489258,
      38.238441467285156,
      14.429991722106934,
      32.64168167114258,
      19.040340423583984,
      33.21965408325195,
      18.17347526550293,
      38.539764404296875,
      16.212371826171875,
      35.863948822021484,
      13.17342758178711,
      33.70653533935547,
      11.638163566589355,
      31.784242630004883,
      13.253809928894043,
      28.442420959472656
    ],
    [
      12.748204231262207,
      9.026284217834473,
      10.775521278381348,
      14.429991722106934,
      28.70824432373047,
      20.997026443481445,
      20.665618896484375,
      21.943153381347656,
      18.707998275756836,
      22.12677764892578,
      14.866793632507324,
      19.874757766723633,
      8.477750778198242,
      18.034948348999023,
      5.128048419952393,
      14.586134910583496,
      5.984625816345215,
      12.087008476257324
    ],
    [
      29.063074111938477,
      23.303630828857422,
      14.215620994567871,
      32.64168167114258,
      20.997026443481445,
      54.21044158935547,
      24.916454315185547,
      47.996822357177734,
      23.22835350036621,
      53.77852249145508,
      18.630762100219727,
      46.65034866333008,
      12.494787216186523,
      41.95103073120117,
      12.962265968322754,
      39.45458984375,
      14.27544116973877,
      33.46232986450195
    ],
    [
      19.40302276611328,
      15.921533584594727,
      10.551314353942871,
      19.040340423583984,
      20.665618896484375,
      24.916454315185547,
      41.3842658996582,
      31.298355102539062,
      30.02741813659668,
      30.734439849853516,
      21.437822341918945,
      27.508594512939453,
      15.773263931274414,
      27.330354690551758,
      13.333252906799316,
      24.441238403320312,
      15.509198188781738,
      22.602657318115234
    ],
    [
      30.30670738220215,
      24.697643280029297,
      14.886838912963867,
      33.21965408325195,
      21.943153381347656,
      47.996822357177734,
      31.298355102539062,
      58.519996643066406,
      26.858694076538086,
      56.3025016784668,
      21.068761825561523,
      48.122074127197266,
      14.54459285736084,
      43.711456298828125,
      15.335830688476562,
      40.959957122802734,
      16.119792938232422,
      34.62238693237305
    ],
    [
      19.24059295654297,
      15.093745231628418,
      10.442455291748047,
      18.17347526550293,
      18.707998275756836,
      23.22835350036621,
      30.02741813659668,
      26.858694076538086,
      41.54935073852539,
      32.467491149902344,
      28.861005783081055,
      29.048519134521484,
      24.692842483520508,
      29.946170806884766,
      20.660757064819336,
      26.186216354370117,
      19.12161636352539,
      22.919673919677734
    ],
    [
      37.66975402832031,
      30.891284942626953,
      16.2319278717041,
      38.539764404296875,
      22.12677764892578,
      53.77852249145508,
      30.734439849853516,
      56.3025016784668,
      32.467491149902344,
      73.3068618774414,
      25.537109375,
      60.93364334106445,
      18.56089973449707,
      54.62849426269531,
      19.130985260009766,
      50.13861846923828,
      20.476688385009766,
      43.04609680175781
    ],
    [
      17.533353805541992,
      11.926797866821289,
      11.155542373657227,
      16.212371826171875,
      14.866793632507324,
      18.630762100219727,
      21.437822341918945,
      21.068761825561523,
      28.861005783081055,
      25.537109375,
      36.67002868652344,
      28.40475082397461,
      32.3295783996582,
      30.568649291992188,
      24.941001892089844,
      26.213096618652344,
      21.564495086669922,
      23.569835662841797
    ],
    [
      36.245872497558594,
      25.651126861572266,
      16.91952133178711,
      35.863948822021484,
      19.874757766723633,
      46.65034866333008,
      27.508594512939453,
      48.122074127197266,
      29.048519134521484,
      60.93364334106445,
      28.40475082397461,
      61.5848388671875,
      24.217689514160156,
      57.35833740234375,
      23.24336814880371,
      52.478302001953125,
      24.381210327148438,
      45.79995346069336
    ],
    [
      23.37230110168457,
      9.781598091125488,
      10.545442581176758,
      13.17342758178711,
      8.477750778198242,
      12.494787216186523,
      15.773263931274414,
      14.54459285736084,
      24.692842483520508,
      18.56089973449707,
      32.3295783996582,
      24.217689514160156,
      56.196964263916016,
      41.7802619934082,
      51.60078811645508,
      43.82191848754883,
      45.88676452636719,
      42.31321334838867
    ],
    [
      41.368839263916016,
      22.495187759399414,
      18.225357055664062,
      33.70653533935547,
      18.034948348999023,
      41.95103073120117,
      27.330354690551758,
      43.711456298828125,
      29.946170806884766,
      54.62849426269531,
      30.568649291992188,
      57.35833740234375,
      41.7802619934082,
      80.5674819946289,
      43.25401306152344,
      78.54585266113281,
      45.342411041259766,
      71.8138656616211
    ],
    [
      22.70361328125,
      8.442512512207031,
      7.47423791885376,
      11.638163566589355,
      5.128048419952393,
      12.962265968322754,
      13.333252906799316,
      15.335830688476562,
      20.660757064819336,
      19.130985260009766,
      24.941001892089844,
      23.24336814880371,
      51.60078811645508,
      43.25401306152344,
      73.94190979003906,
      57.69335174560547,
      63.38805389404297,
      56.14261245727539
    ],
    [
      42.61223602294922,
      21.240646362304688,
      17.08820152282715,
      31.784242630004883,
      14.586134910583496,
      39.45458984375,
      24.441238403320312,
      40.959957122802734,
      26.186216354370117,
      50.13861846923828,
      26.213096618652344,
      52.478302001953125,
      43.82191848754883,
      78.54585266113281,
      57.69335174560547,
      104.35604858398438,
      58.903995513916016,
      92.15377044677734
    ],
    [
      25.485734939575195,
      10.680499076843262,
      8.74542236328125,
      13.253809928894043,
      5.984625816345215,
      14.27544116973877,
      15.509198188781738,
      16.119792938232422,
      19.12161636352539,
      20.476688385009766,
      21.564495086669922,
      24.381210327148438,
      45.88676452636719,
      45.342411041259766,
      63.38805389404297,
      58.903995513916016,
      71.90878295898438,
      66.61285400390625
    ],
    [
      41.3255615234375,
      20.66107749938965,
      16.522743225097656,
      28.442420959472656,
      12.087008476257324,
      33.46232986450195,
      22.602657318115234,
      34.62238693237305,
      22.919673919677734,
      43.04609680175781,
      23.569835662841797,
      45.79995346069336,
      42.31321334838867,
      71.8138656616211,
      56.14261245727539,
      92.15377044677734,
      66.61285400390625,
      106.9662857055664
    ]
  ],
  "drr": 14.124563217163086,
  "dynamics": 3.4311141967773438,
  "format": 1245190,
  "frames": 9594880,
  "loudness": -9.24307918548584,
  "loudness_range": 8.189034461975098,
  "loudness_range_short": 11.912029266357422,
  "peak": 1.2996976375579834,
  "rms": -11.358477592468262,
  "sample_rate": 44100,
  "sections": 1,
  "seekable": 1,
  "sharpness": 2.9508056640625,
  "space": -6.977791786193848
}