{
  "bands": [
    {
      "high_freq": 148.1999969482422,
      "loudness": -37.8325309753418,
      "loudness_range": 20.20810317993164,
      "mid_mean": -36.537757873535156,
      "mid_to_side_loudness": -1.805420160293579,
      "mid_to_side_loudness_range": 5.734505653381348,
      "side_mean": -37.9384765625
    },
    {
      "high_freq": 392.3793640136719,
      "loudness": -32.16476821899414,
      "loudness_range": 14.876031875610352,
      "low_freq": 148.1999969482422,
      "mid_mean": -29.499927520751953,
      "mid_to_side_loudness": -7.487264156341553,
      "mid_to_side_loudness_range": 13.255136489868164,
      "side_mean": -36.938106536865234
    },
    {
      "high_freq": 794.6976318359375,
      "loudness": -33.71995162963867,
      "loudness_range": 21.1373291015625,
      "low_freq": 392.3793640136719,
      "mid_mean": -30.199771881103516,
      "mid_to_side_loudness": -15.249444007873535,
      "mid_to_side_loudness_range": 16.41771125793457,
      "side_mean": -45.67031478881836
    },
    {
      "high_freq": 1457.5709228515625,
      "loudness": -42.853878021240234,
      "loudness_range": 26.359128952026367,
      "low_freq": 794.6976318359375,
      "mid_mean": -39.36394119262695,
      "mid_to_side_loudness": -14.716541290283203,
      "mid_to_side_loudness_range": 14.847990036010742,
      "side_mean": -54.63005065917969
    },
    {
      "high_freq": 2549.74365234375,
      "loudness": -46.77421569824219,
      "loudness_range": 21.98871612548828,
      "low_freq": 1457.5709228515625,
      "mid_mean": -43.530311584472656,
      "mid_to_side_loudness": -11.812430381774902,
      "mid_to_side_loudness_range": 15.610546112060547,
      "side_mean": -55.654727935791016
    },
    {
      "high_freq": 4349.24462890625,
      "loudness": -54.59797286987305,
      "loudness_range": 16.13860321044922,
      "low_freq": 2549.74365234375,
      "mid_mean": -53.1365852355957,
      "mid_to_side_loudness": -2.8825814723968506,
      "mid_to_side_loudness_range": 6.728363513946533,
      "side_mean": -55.73248291015625
    },
    {
      "high_freq": 7314.1640625,
      "loudness": -55.13652420043945,
      "loudness_range": 15.11019515991211,
      "low_freq": 4349.24462890625,
      "mid_mean": -54.76496124267578,
      "mid_to_side_loudness": -0.6406081914901733,
      "mid_to_side_loudness_range": 0.6812382340431213,
      "side_mean": -55.33894729614258
    },
    {
      "high_freq": 12199.2666015625,
      "loudness": -57.73464584350586,
      "loudness_range": 17.92613983154297,
      "low_freq": 7314.1640625,
      "mid_mean": -56.32071304321289,
      "mid_to_side_loudness": -0.8519970178604126,
      "mid_to_side_loudness_range": 1.1778252124786377,
      "side_mean": -57.1074333190918
    },
    {
      "loudness": -61.23904800415039,
      "loudness_range": 18.087543487548828,
      "low_freq": 12199.2666015625,
      "mid_mean": -59.63047790527344,
      "mid_to_side_loudness": -0.2980414032936096,
      "mid_to_side_loudness_range": 0.560473620891571,
      "side_mean": -59.894126892089844
    }
  ],
  "bands_short": [
    {
      "high_freq": 148.1999969482422,
      "loudness": -41.46027374267578,
      "loudness_range": 25.746143341064453,
      "mid_mean": -40.34497833251953,
      "mid_to_side_loudness": -1.8532716035842896,
      "mid_to_side_loudness_range": 10.455507278442383,
      "side_mean": -41.83119583129883
    },
    {
      "high_freq": 392.3793640136719,
      "loudness": -33.2942008972168,
      "loudness_range": 16.45932388305664,
      "low_freq": 148.1999969482422,
      "mid_mean": -30.881237030029297,
      "mid_to_side_loudness": -6.399547100067139,
      "mid_to_side_loudness_range": 13.66207504272461,
      "side_mean": -37.23273849487305
    },
    {
      "high_freq": 794.6976318359375,
      "loudness": -34.032779693603516,
      "loudness_range": 23.302169799804688,
      "low_freq": 392.3793640136719,
      "mid_mean": -30.609975814819336,
      "mid_to_side_loudness": -14.357550621032715,
      "mid_to_side_loudness_range": 18.427095413208008,
      "side_mean": -45.24991226196289
    },
    {
      "high_freq": 1457.5709228515625,
      "loudness": -43.87831115722656,
      "loudness_range": 26.5441837310791,
      "low_freq": 794.6976318359375,
      "mid_mean": -40.49388122558594,
      "mid_to_side_loudness": -14.435778617858887,
      "mid_to_side_loudness_range": 16.8199520111084,
      "side_mean": -55.3674201965332
    },
    {
      "high_freq": 2549.74365234375,
      "loudness": -47.86861801147461,
      "loudness_range": 24.096004486083984,
      "low_freq": 1457.5709228515625,
      "mid_mean": -44.670345306396484,
      "mid_to_side_loudness": -12.088857650756836,
      "mid_to_side_loudness_range": 16.592208862304688,
      "side_mean": -56.94007110595703
    },
    {
      "high_freq": 4349.24462890625,
      "loudness": -55.84967041015625,
      "loudness_range": 18.789684295654297,
      "low_freq": 2549.74365234375,
      "mid_mean": -54.19907760620117,
      "mid_to_side_loudness": -3.2267117500305176,
      "mid_to_side_loudness_range": 8.2449369430542,
      "side_mean": -57.06942367553711
    },
    {
      "high_freq": 7314.1640625,
      "loudness": -56.88878631591797,
      "loudness_range": 18.302505493164062,
      "low_freq": 4349.24462890625,
      "mid_mean": -56.16515350341797,
      "mid_to_side_loudness": -0.7440946102142334,
      "mid_to_side_loudness_range": 1.404457926750183,
      "side_mean": -56.80693817138672
    },
    {
      "high_freq": 12199.2666015625,
      "loudness": -59.3406982421875,
      "loudness_range": 21.267478942871094,
      "low_freq": 7314.1640625,
      "mid_mean": -57.527889251708984,
      "mid_to_side_loudness": -0.8960146903991699,
      "mid_to_side_loudness_range": 1.757035732269287,
      "side_mean": -58.314537048339844
    },
    {
      "loudness": -62.91005325317383,
      "loudness_range": 19.484085083007812,
      "low_freq": 12199.2666015625,
      "mid_mean": -60.95090103149414,
      "mid_to_side_loudness": -0.2872747778892517,
      "mid_to_side_loudness_range": 1.1492884159088135,
      "side_mean": -61.189208984375
    }
  ],
  "channels": 2,
  "covariance": [
    [
      53.17600631713867,
      48.43113708496094,
      17.73070526123047,
      21.96710777282715,
      16.064477920532227,
      15.344735145568848,
      16.20229721069336,
      18.60552215576172,
      17.843488693237305,
      16.111194610595703,
      17.838796615600586,
      14.249519348144531,
      15.582636833190918,
      15.225255012512207,
      16.587080001831055,
      15.95259952545166,
      13.600852012634277,
      13.314026832580566
    ],
    [
      48.43113708496094,
      51.09577941894531,
      14.677364349365234,
      19.577957153320312,
      13.160717964172363,
      13.398455619812012,
      12.721936225891113,
      15.652361869812012,
      14.20781421661377,
      12.842153549194336,
      13.896162033081055,
      10.669755935668945,
      11.60329532623291,
      11.359946250915527,
      12.934830665588379,
      12.544244766235352,
      11.260711669921875,
      11.054448127746582
    ],
    [
      17.73070526123047,
      14.677364349365234,
      32.12877655029297,
      22.25025749206543,
      22.17952537536621,
      17.88419532775879,
      29.027671813964844,
      23.214874267578125,
      28.659372329711914,
      19.851947784423828,
      20.794883728027344,
      14.595468521118164,
      15.077184677124023,
      14.617925643920898,
      14.73903751373291,
      14.174032211303711,
      11.683059692382812,
      11.443394660949707
    ],
    [
      21.96710777282715,
      19.577957153320312,
      22.25025749206543,
      36.44050598144531,
      11.872754096984863,
      14.391181945800781,
      15.52983283996582,
      16.87742805480957,
      15.692748069763184,
      15.431807518005371,
      15.82510757446289,
      14.200586318969727,
      14.451350212097168,
      14.227587699890137,
      13.678755760192871,
      13.146688461303711,
      10.833910942077637,
      10.563793182373047
    ],
    [
      16.064477920532227,
      13.160717964172363,
      22.17952537536621,
      11.872754096984863,
      56.29200744628906,
      29.51022720336914,
      39.39869689941406,
      25.68360137939453,
      45.828426361083984,
      22.001192092895508,
      22.251529693603516,
      11.422663688659668,
      10.951281547546387,
      10.118173599243164,
      9.523845672607422,
      9.14193058013916,
      7.430431365966797,
      7.3220086097717285
    ],
    [
      15.344735145568848,
      13.398455619812012,
      17.88419532775879,
      14.391181945800781,
      29.51022720336914,
      27.669395446777344,
      26.672584533691406,
      22.678020477294922,
      30.297611236572266,
      19.9799747467041,
      20.162988662719727,
      13.614718437194824,
      13.011088371276855,
      12.474803924560547,
      12.517009735107422,
      12.18018913269043,
      10.043883323669434,
      9.907486915588379
    ],
    [
      16.20229721069336,
      12.721936225891113,
      29.027671813964844,
      15.52983283996582,
      39.39869689941406,
      26.672584533691406,
      69.73583984375,
      42.49655532836914,
      51.04139709472656,
      29.832103729248047,
      32.89503479003906,
      20.3431396484375,
      20.440933227539062,
      19.478008270263672,
      18.805299758911133,
      18.184743881225586,
      14.644194602966309,
      14.442996978759766
    ],
    [
      18.60552215576172,
      15.652361869812012,
      23.214874267578125,
      16.87742805480957,
      25.68360137939453,
      22.678020477294922,
      42.49655532836914,
      41.159427642822266,
      36.297576904296875,
      32.93177032470703,
      35.816410064697266,
      27.645883560180664,
      28.219799041748047,
      27.295917510986328,
      25.31759262084961,
      24.29096031188965,
      19.3255558013916,
      19.006301879882812
    ],
    [
      17.843488693237305,
      14.20781421661377,
      28.659372329711914,
      15.692748069763184,
      45.828426361083984,
      30.297611236572266,
      51.04139709472656,
      36.297576904296875,
      62.235782623291016,
      33.3154411315918,
      33.48276901245117,
      20.409624099731445,
      20.4749755859375,
      19.25524139404297,
      18.944168090820312,
      18.115039825439453,
      14.765782356262207,
      14.530198097229004
    ],
    [
      16.111194610595703,
      12.842153549194336,
      19.851947784423828,
      15.431807518005371,
      22.001192092895508,
      19.9799747467041,
      29.832103729248047,
      32.93177032470703,
      33.3154411315918,
      33.58781433105469,
      35.12709045410156,
      29.43178939819336,
      29.682537078857422,
      28.754301071166992,
      26.397184371948242,
      25.268281936645508,
      19.157062530517578,
      18.799654006958008
    ],
    [
      17.838796615600586,
      13.896162033081055,
      20.794883728027344,
      15.82510757446289,
      22.251529693603516,
      20.162988662719727,
      32.89503479003906,
      35.816410064697266,
      33.48276901245117,
      35.12709045410156,
      41.24483871459961,
      33.695213317871094,
      34.555824279785156,
      33.3578987121582,
      31.102588653564453,
      29.759870529174805,
      23.05118179321289,
      22.606767654418945
    ],
    [
      14.249519348144531,
      10.669755935668945,
      14.595468521118164,
      14.200586318969727,
      11.422663688659668,
      13.614718437194824,
      20.3431396484375,
      27.645883560180664,
      20.409624099731445,
      29.43178939819336,
      33.695213317871094,
      33.40735626220703,
      34.72597122192383,
      34.084537506103516,
      31.271352767944336,
      29.945524215698242,
      22.846492767333984,
      22.39949607849121
    ],
    [
      15.582636833190918,
      11.60329532623291,
      15.077184677124023,
      14.451350212097168,
      10.951281547546387,
      13.011088371276855,
      20.440933227539062,
      28.219799041748047,
      20.4749755859375,
      29.682537078857422,
      34.555824279785156,
      34.72597122192383,
      38.331687927246094,
      37.617828369140625,
      35.205501556396484,
      33.68974304199219,
      27.132478713989258,
      26.600566864013672
    ],
    [
      15.225255012512207,
      11.359946250915527,
      14.617925643920898,
      14.227587699890137,
      10.118173599243164,
      12.474803924560547,
      19.478008270263672,
      27.295917510986328,
      19.25524139404297,
      28.754301071166992,
      33.3578987121582,
      34.084537506103516,
      37.617828369140625,
      37.10202407836914,
      34.6806526184082,
      33.2186164855957,
      26.835346221923828,
      26.3183650970459
    ],
    [
      16.587080001831055,
      12.934830665588379,
      14.73903751373291,
      13.678755760192871,
      9.523845672607422,
      12.517009735107422,
      18.805299758911133,
      25.31759262084961,
      18.944168090820312,
      26.397184371948242,
      31.102588653564453,
      31.271352767944336,
      35.205501556396484,
      34.6806526184082,
      35.83900451660156,
      34.537071228027344,
      29.188949584960938,
      28.618722915649414
    ],
    [
      15.95259952545166,
      12.544244766235352,
      14.174032211303711,
      13.146688461303711,
      9.14193058013916,
      12.18018913269043,
      18.184743881225586,
      24.29096031188965,
      18.115039825439453,
      25.268281936645508,
      29.759870529174805,
      29.945524215698242,
      33.68974304199219,
      33.2186164855957,
      34.537071228027344,
      33.40351486206055,
      28.258468627929688,
      27.733057022094727
    ],
    [
      13.600852012634277,
      11.260711669921875,
      11.683059692382812,
      10.833910942077637,
      7.430431365966797,
      10.043883323669434,
      14.644194602966309,
      19.3255558013916,
      14.765782356262207,
      19.157062530517578,
      23.05118179321289,
      22.846492767333984,
      27.132478713989258,
      26.835346221923828,
      29.188949584960938,
      28.258468627929688,
      27.657052993774414,
      27.166311264038086
    ],
    [
      13.314026832580566,
      11.054448127746582,
      11.443394660949707,
      10.563793182373047,
      7.3220086097717285,
      9.907486915588379,
      14.442996978759766,
      19.006301879882812,
      14.530198097229004,
      18.799654006958008,
      22.606767654418945,
      22.39949607849121,
      26.600566864013672,
      26.3183650970459,
      28.618722915649414,
      27.733057022094727,
      27.166311264038086,
      26.709095001220703
    ]
  ],
  "covariance_short": [
    [
      78.31340789794922,
      68.57369995117188,
      24.467660903930664,
      30.586444854736328,
      18.793298721313477,
      19.262222290039062,
      17.937063217163086,
      19.361055374145508,
      19.851282119750977,
      16.984683990478516,
      19.243085861206055,
      15.593792915344238,
      17.48233413696289,
      16.96938705444336,
      18.556350708007812,
      17.758188247680664,
      15.161863327026367,
      14.834480285644531
    ],
    [
      68.57369995117188,
      75.73448181152344,
      23.47742462158203,
      30.525341033935547,
      16.57373809814453,
      17.887514114379883,
      14.435728073120117,
      17.603017807006836,
      16.643972396850586,
      15.142748832702637,
      16.642284393310547,
      13.41439437866211,
      14.816431999206543,
      14.463613510131836,
      16.0117244720459,
      15.421603202819824,
      13.614638328552246,
      13.348977088928223
    ],
    [
      24.467660903930664,
      23.47742462158203,
      36.315208435058594,
      27.13791847229004,
      25.90391731262207,
      20.39369773864746,
      28.96856689453125,
      24.086973190307617,
      29.36296272277832,
      20.23748016357422,
      21.013675689697266,
      14.079524993896484,
      14.321328163146973,
      13.71621322631836,
      14.031072616577148,
      13.342530250549316,
      10.908682823181152,
      10.649680137634277
    ],
    [
      30.586444854736328,
      30.525341033935547,
      27.13791847229004,
      44.408573150634766,
      12.264100074768066,
      16.575439453125,
      14.062994956970215,
      18.697500228881836,
      15.222360610961914,
      15.518635749816895,
      15.649312019348145,
      12.897528648376465,
      12.667373657226562,
      12.300253868103027,
      11.737481117248535,
      11.216796875,
      9.471717834472656,
      9.248184204101562
    ],
    [
      18.793298721313477,
      16.57373809814453,
      25.90391731262207,
      12.264100074768066,
      68.47067260742188,
      35.03081512451172,
      49.42144775390625,
      31.099355697631836,
      54.8189582824707,
      26.823766708374023,
      26.51406478881836,
      13.101808547973633,
      12.2509765625,
      11.096572875976562,
      10.827064514160156,
      10.233839988708496,
      7.806641578674316,
      7.649534225463867
    ],
    [
      19.262222290039062,
      17.887514114379883,
      20.39369773864746,
      16.575439453125,
      35.03081512451172,
      35.81177520751953,
      30.14461898803711,
      25.326555252075195,
      33.414817810058594,
      22.044605255126953,
      21.606143951416016,
      14.33222770690918,
      13.488826751708984,
      12.86032485961914,
      12.936651229858398,
      12.540246963500977,
      9.736459732055664,
      9.593066215515137
    ],
    [
      17.937063217163086,
      14.435728073120117,
      28.96856689453125,
      14.062994956970215,
      49.42144775390625,
      30.14461898803711,
      79.3700942993164,
      46.857730865478516,
      59.5793571472168,
      33.19445037841797,
      35.23894500732422,
      19.790437698364258,
      19.73274040222168,
      18.324481964111328,
      18.127914428710938,
      17.327302932739258,
      13.756067276000977,
      13.486913681030273
    ],
    [
      19.361055374145508,
      17.603017807006836,
      24.086973190307617,
      18.697500228881836,
      31.099355697631836,
      25.326555252075195,
      46.857730865478516,
      46.649620056152344,
      40.86214828491211,
      35.242794036865234,
      37.668701171875,
      27.856971740722656,
      27.98058319091797,
      26.796180725097656,
      25.31214714050293,
      24.21603012084961,
      18.986860275268555,
      18.625911712646484
    ],
    [
      19.851282119750977,
      16.643972396850586,
      29.36296272277832,
      15.222360610961914,
      54.8189582824707,
      33.414817810058594,
      59.5793571472168,
      40.86214828491211,
      71.72684478759766,
      37.9517707824707,
      37.19716262817383,
      21.31880760192871,
      20.905040740966797,
      19.301843643188477,
      18.993383407592773,
      17.970638275146484,
      14.077159881591797,
      13.770526885986328
    ],
    [
      16.984683990478516,
      15.142748832702637,
      20.23748016357422,
      15.518635749816895,
      26.823766708374023,
      22.044605255126953,
      33.19445037841797,
      35.242794036865234,
      37.9517707824707,
      36.71537780761719,
      37.31588363647461,
      30.382469177246094,
      30.41632652282715,
      29.306907653808594,
      27.304231643676758,
      26.103961944580078,
      19.775516510009766,
      19.358301162719727
    ],
    [
      19.243085861206055,
      16.642284393310547,
      21.013675689697266,
      15.649312019348145,
      26.51406478881836,
      21.606143951416016,
      35.23894500732422,
      37.668701171875,
      37.19716262817383,
      37.31588363647461,
      45.07695388793945,
      35.67231750488281,
      36.27608871459961,
      34.745460510253906,
      33.133792877197266,
      31.60334587097168,
      24.265962600708008,
      23.711013793945312
    ],
    [
      15.593792915344238,
      13.41439437866211,
      14.079524993896484,
      12.897528648376465,
      13.101808547973633,
      14.33222770690918,
      19.790437698364258,
      27.856971740722656,
      21.31880760192871,
      30.382469177246094,
      35.67231750488281,
      35.81621551513672,
      37.09370422363281,
      36.44807815551758,
      34.338993072509766,
      32.987972259521484,
      25.307912826538086,
      24.74876594543457
    ],
    [
      17.48233413696289,
      14.816431999206543,
      14.321328163146973,
      12.667373657226562,
      12.2509765625,
      13.488826751708984,
      19.73274040222168,
      27.98058319091797,
      20.905040740966797,
      30.41632652282715,
      36.27608871459961,
      37.09370422363281,
      41.97786331176758,
      41.239933013916016,
      39.608699798583984,
      38.06218719482422,
      30.45707130432129,
      29.784086227416992
    ],
    [
      16.96938705444336,
      14.463613510131836,
      13.71621322631836,
      12.300253868103027,
      11.096572875976562,
      12.86032485961914,
      18.324481964111328,
      26.796180725097656,
      19.301843643188477,
      29.306907653808594,
      34.745460510253906,
      36.44807815551758,
      41.239933013916016,
      40.940147399902344,
      39.180747985839844,
      37.78166961669922,
      30.370670318603516,
      29.724905014038086
    ],
    [
      18.556350708007812,
      16.0117244720459,
      14.031072616577148,
      11.737481117248535,
      10.827064514160156,
      12.936651229858398,
      18.127914428710938,
      25.31214714050293,
      18.993383407592773,
      27.304231643676758,
      33.133792877197266,
      34.338993072509766,
      39.608699798583984,
      39.180747985839844,
      41.88705062866211,
      40.53178405761719,
      33.44553756713867,
      32.70297622680664
    ],
    [
      17.758188247680664,
      15.421603202819824,
      13.342530250549316,
      11.216796875,
      10.233839988708496,
      12.540246963500977,
      17.327302932739258,
      24.21603012084961,
      17.970638275146484,
      26.103961944580078,
      31.60334587097168,
      32.987972259521484,
      38.06218719482422,
      37.78166961669922,
      40.53178405761719,
      39.562191009521484,
      32.711700439453125,
      32.037315368652344
    ],
    [
      15.161863327026367,
      13.614638328552246,
      10.908682823181152,
      9.471717834472656,
      7.806641578674316,
      9.736459732055664,
      13.756067276000977,
      18.986860275268555,
      14.077159881591797,
      19.775516510009766,
      24.265962600708008,
      25.307912826538086,
      30.45707130432129,
      30.370670318603516,
      33.44553756713867,
      32.711700439453125,
      31.034151077270508,
      30.429243087768555
    ],
    [
      14.834480285644531,
      13.348977088928223,
      10.649680137634277,
      9.248184204101562,
      7.649534225463867,
      9.593066215515137,
      13.486913681030273,
      18.625911712646484,
      13.770526885986328,
      19.358301162719727,
      23.711013793945312,
      24.74876594543457,
      29.784086227416992,
      29.724905014038086,
      32.70297622680664,
      32.037315368652344,
      30.429243087768555,
      29.920820236206055
    ]
  ],
  "drr": 10.069998741149902,
  "dynamics": 4.473140716552734,
  "format": 1245190,
  "frames": 11581440,
  "loudness": -23.41967010498047,
  "loudness_range": 13.138763427734375,
  "loudness_range_short": 16.810043334960938,
  "peak": -5.067453861236572,
  "rms": -24.21099853515625,
  "sample_rate": 44100,
  "sections": 1,
  "seekable": 1,
  "sharpness": 3.6064047813415527,
  "space": -8.578781127929688
}