{
  "bands": [
    {
      "high_freq": 148.1999969482422,
      "loudness": -37.38552474975586,
      "loudness_range": 20.06110954284668,
      "mid_mean": -34.29218292236328,
      "mid_to_side_loudness": -13.870863914489746,
      "mid_to_side_loudness_range": 24.007631301879883,
      "side_mean": -48.78794860839844
    },
    {
      "high_freq": 392.3793640136719,
      "loudness": -29.98319435119629,
      "loudness_range": 13.48771858215332,
      "low_freq": 148.1999969482422,
      "mid_mean": -28.429933547973633,
      "mid_to_side_loudness": -2.515869379043579,
      "mid_to_side_loudness_range": 8.195409774780273,
      "side_mean": -30.91814422607422
    },
    {
      "high_freq": 794.6976318359375,
      "loudness": -31.666664123535156,
      "loudness_range": 16.824697494506836,
      "low_freq": 392.3793640136719,
      "mid_mean": -29.03337860107422,
      "mid_to_side_loudness": -7.615436553955078,
      "mid_to_side_loudness_range": 16.310182571411133,
      "side_mean": -36.88126754760742
    },
    {
      "high_freq": 1457.5709228515625,
      "loudness": -33.28828048706055,
      "loudness_range": 20.74640464782715,
      "low_freq": 794.6976318359375,
      "mid_mean": -30.90531349182129,
      "mid_to_side_loudness": -6.85137939453125,
      "mid_to_side_loudness_range": 17.22256088256836,
      "side_mean": -38.26420974731445
    },
    {
      "high_freq": 2549.74365234375,
      "loudness": -37.27534484863281,
      "loudness_range": 29.558685302734375,
      "low_freq": 1457.5709228515625,
      "mid_mean": -35.3892936706543,
      "mid_to_side_loudness": -4.275810718536377,
      "mid_to_side_loudness_range": 12.082422256469727,
      "side_mean": -39.96999740600586
    },
    {
      "high_freq": 4349.24462890625,
      "loudness": -42.736793518066406,
      "loudness_range": 33.22686004638672,
      "low_freq": 2549.74365234375,
      "mid_mean": -41.574363708496094,
      "mid_to_side_loudness": -2.4286282062530518,
      "mid_to_side_loudness_range": 6.534418106079102,
      "side_mean": -43.68099594116211
    },
    {
      "high_freq": 7314.1640625,
      "loudness": -50.03691482543945,
      "loudness_range": 29.36526107788086,
      "low_freq": 4349.24462890625,
      "mid_mean": -49.06989288330078,
      "mid_to_side_loudness": -2.1895673274993896,
      "mid_to_side_loudness_range": 5.920234680175781,
      "side_mean": -51.41318893432617
    },
    {
      "high_freq": 12199.2666015625,
      "loudness": -59.152584075927734,
      "loudness_range": 28.587387084960938,
      "low_freq": 7314.1640625,
      "mid_mean": -56.875553131103516,
      "mid_to_side_loudness": -2.9023542404174805,
      "mid_to_side_loudness_range": 5.7928314208984375,
      "side_mean": -59.13793182373047
    },
    {
      "loudness": -66.70655059814453,
      "loudness_range": 17.570354461669922,
      "low_freq": 12199.2666015625,
      "mid_mean": -63.39704895019531,
      "mid_to_side_loudness": -2.352450370788574,
      "mid_to_side_loudness_range": 2.9107117652893066,
      "side_mean": -64.91194915771484
    }
  ],
  "bands_short": [
    {
      "high_freq": 148.1999969482422,
      "loudness": -39.687870025634766,
      "loudness_range": 25.659820556640625,
      "mid_mean": -36.4136962890625,
      "mid_to_side_loudness": -17.133716583251953,
      "mid_to_side_loudness_range": 27.00769805908203,
      "side_mean": -54.70988464355469
    },
    {
      "high_freq": 392.3793640136719,
      "loudness": -30.50606918334961,
      "loudness_range": 14.129819869995117,
      "low_freq": 148.1999969482422,
      "mid_mean": -28.94622802734375,
      "mid_to_side_loudness": -2.8865325450897217,
      "mid_to_side_loudness_range": 10.379600524902344,
      "side_mean": -31.88759994506836
    },
    {
      "high_freq": 794.6976318359375,
      "loudness": -32.052085876464844,
      "loudness_range": 18.427833557128906,
      "low_freq": 392.3793640136719,
      "mid_mean": -29.773895263671875,
      "mid_to_side_loudness": -6.32629919052124,
      "mid_to_side_loudness_range": 16.804576873779297,
      "side_mean": -36.34821319580078
    },
    {
      "high_freq": 1457.5709228515625,
      "loudness": -33.054752349853516,
      "loudness_range": 20.757972717285156,
      "low_freq": 794.6976318359375,
      "mid_mean": -30.661266326904297,
      "mid_to_side_loudness": -6.999819278717041,
      "mid_to_side_loudness_range": 18.919458389282227,
      "side_mean": -38.179908752441406
    },
    {
      "high_freq": 2549.74365234375,
      "loudness": -37.28791809082031,
      "loudness_range": 29.86316680908203,
      "low_freq": 1457.5709228515625,
      "mid_mean": -35.53242874145508,
      "mid_to_side_loudness": -3.635814666748047,
      "mid_to_side_loudness_range": 12.17080020904541,
      "side_mean": -40.30302810668945
    },
    {
      "high_freq": 4349.24462890625,
      "loudness": -42.42892074584961,
      "loudness_range": 33.486488342285156,
      "low_freq": 2549.74365234375,
      "mid_mean": -41.757789611816406,
      "mid_to_side_loudness": -2.1029558181762695,
      "mid_to_side_loudness_range": 8.334927558898926,
      "side_mean": -43.783973693847656
    },
    {
      "high_freq": 7314.1640625,
      "loudness": -49.88212966918945,
      "loudness_range": 29.046485900878906,
      "low_freq": 4349.24462890625,
      "mid_mean": -50.1115608215332,
      "mid_to_side_loudness": -2.046415328979492,
      "mid_to_side_loudness_range": 7.833978652954102,
      "side_mean": -51.85143280029297
    },
    {
      "high_freq": 12199.2666015625,
      "loudness": -59.84086990356445,
      "loudness_range": 28.983497619628906,
      "low_freq": 7314.1640625,
      "mid_mean": -57.43862533569336,
      "mid_to_side_loudness": -2.911450147628784,
      "mid_to_side_loudness_range": 6.29524564743042,
      "side_mean": -59.680545806884766
    },
    {
      "loudness": -67.07633209228516,
      "loudness_range": 17.582286834716797,
      "low_freq": 12199.2666015625,
      "mid_mean": -63.66350173950195,
      "mid_to_side_loudness": -2.4177918434143066,
      "mid_to_side_loudness_range": 3.239492416381836,
      "side_mean": -65.19538879394531
    }
  ],
  "channels": 2,
  "covariance": [
    [
      61.135196685791016,
      23.456348419189453,
      22.71122932434082,
      17.16080665588379,
      5.80322265625,
      8.117919921875,
      12.519060134887695,
      13.680282592773438,
      1.16498863697052,
      6.376391887664795,
      10.584358215332031,
      10.491930961608887,
      8.452506065368652,
      9.530943870544434,
      9.903745651245117,
      11.314842224121094,
      6.433043956756592,
      6.2247114181518555
    ],
    [
      23.456348419189453,
      45.105018615722656,
      19.834712982177734,
      18.203001022338867,
      6.381777286529541,
      15.772832870483398,
      8.72127914428711,
      11.744368553161621,
      13.199809074401855,
      13.77397632598877,
      12.29013729095459,
      13.437734603881836,
      9.503631591796875,
      9.704551696777344,
      6.664884090423584,
      7.736814022064209,
      2.83382248878479,
      2.921656847000122
    ],
    [
      22.71122932434082,
      19.834712982177734,
      25.115673065185547,
      22.110960006713867,
      10.710596084594727,
      13.87397575378418,
      10.18175983428955,
      16.805370330810547,
      11.655372619628906,
      17.889827728271484,
      17.43383026123047,
      18.469242095947266,
      12.680497169494629,
      13.595861434936523,
      10.961629867553711,
      11.738085746765137,
      6.261730670928955,
      5.8783111572265625
    ],
    [
      17.16080665588379,
      18.203001022338867,
      22.110960006713867,
      30.172548294067383,
      11.861072540283203,
      15.460615158081055,
      8.924064636230469,
      14.114556312561035,
      10.083251953125,
      15.472967147827148,
      13.399754524230957,
      15.135457992553711,
      9.634343147277832,
      11.104183197021484,
      8.830892562866211,
      9.980062484741211,
      4.779824733734131,
      4.705097198486328
    ],
    [
      5.80322265625,
      6.381777286529541,
      10.710596084594727,
      11.861072540283203,
      38.032649993896484,
      22.45205307006836,
      5.511092185974121,
      13.595671653747559,
      19.81833839416504,
      27.88081169128418,
      28.114076614379883,
      25.370182037353516,
      21.0528507232666,
      19.7091121673584,
      17.303295135498047,
      15.081393241882324,
      9.304527282714844,
      7.808860778808594
    ],
    [
      8.117919921875,
      15.772832870483398,
      13.87397575378418,
      15.460615158081055,
      22.45205307006836,
      41.01232147216797,
      12.553491592407227,
      31.78874969482422,
      36.573272705078125,
      46.32085418701172,
      48.63628005981445,
      49.36085891723633,
      33.396053314208984,
      33.387088775634766,
      27.265640258789062,
      25.314189910888672,
      13.442061424255371,
      11.2659273147583
    ],
    [
      12.519060134887695,
      8.72127914428711,
      10.18175983428955,
      8.924064636230469,
      5.511092185974121,
      12.553491592407227,
      53.424259185791016,
      36.559425354003906,
      39.657413482666016,
      29.540590286254883,
      35.90660095214844,
      35.29408264160156,
      27.813844680786133,
      24.610872268676758,
      24.48538589477539,
      19.647130966186523,
      14.278773307800293,
      12.265318870544434
    ],
    [
      13.680282592773438,
      11.744368553161621,
      16.805370330810547,
      14.114556312561035,
      13.595671653747559,
      31.78874969482422,
      36.559425354003906,
      60.75282669067383,
      57.37791442871094,
      61.913761138916016,
      70.0596923828125,
      71.3655776977539,
      51.97905731201172,
      50.72996139526367,
      45.274497985839844,
      40.328914642333984,
      23.752546310424805,
      20.318086624145508
    ],
    [
      1.16498863697052,
      13.199809074401855,
      11.655372619628906,
      10.083251953125,
      19.81833839416504,
      36.573272705078125,
      39.657413482666016,
      57.37791442871094,
      108.49627685546875,
      83.83707427978516,
      89.45390319824219,
      88.89567565917969,
      61.534915924072266,
      58.13166427612305,
      53.05986022949219,
      43.95515823364258,
      27.439558029174805,
      22.560997009277344
    ],
    [
      6.376391887664795,
      13.77397632598877,
      17.889827728271484,
      15.472967147827148,
      27.88081169128418,
      46.32085418701172,
      29.540590286254883,
      61.913761138916016,
      83.83707427978516,
      101.01250457763672,
      101.30767822265625,
      102.63311767578125,
      71.14228057861328,
      69.03900909423828,
      60.725730895996094,
      53.55205535888672,
      31.0601806640625,
      25.97970962524414
    ],
    [
      10.584358215332031,
      12.29013729095459,
      17.43383026123047,
      13.399754524230957,
      28.114076614379883,
      48.63628005981445,
      35.90660095214844,
      70.0596923828125,
      89.45390319824219,
      101.30767822265625,
      126.0345458984375,
      122.34735107421875,
      85.98675537109375,
      83.7223892211914,
      77.02801513671875,
      68.27427673339844,
      39.82312774658203,
      33.58711624145508
    ],
    [
      10.491930961608887,
      13.437734603881836,
      18.469242095947266,
      15.135457992553711,
      25.370182037353516,
      49.36085891723633,
      35.29408264160156,
      71.3655776977539,
      88.89567565917969,
      102.63311767578125,
      122.34735107421875,
      132.36134338378906,
      87.08159637451172,
      85.58904266357422,
      78.6077880859375,
      71.29072570800781,
      40.47338104248047,
      34.34452438354492
    ],
    [
      8.452506065368652,
      9.503631591796875,
      12.680497169494629,
      9.634343147277832,
      21.0528507232666,
      33.396053314208984,
      27.813844680786133,
      51.97905731201172,
      61.534915924072266,
      71.14228057861328,
      85.98675537109375,
      87.08159637451172,
      89.05908203125,
      88.08729553222656,
      71.46903228759766,
      66.24320983886719,
      35.148311614990234,
      30.692119598388672
    ],
    [
      9.530943870544434,
      9.704551696777344,
      13.595861434936523,
      11.104183197021484,
      19.7091121673584,
      33.387088775634766,
      24.610872268676758,
      50.72996139526367,
      58.13166427612305,
      69.03900909423828,
      83.7223892211914,
      85.58904266357422,
      88.08729553222656,
      97.71713256835938,
      75.05418395996094,
      70.7555160522461,
      36.609561920166016,
      31.92844581604004
    ],
    [
      9.903745651245117,
      6.664884090423584,
      10.961629867553711,
      8.830892562866211,
      17.303295135498047,
      27.265640258789062,
      24.48538589477539,
      45.274497985839844,
      53.05986022949219,
      60.725730895996094,
      77.02801513671875,
      78.6077880859375,
      71.46903228759766,
      75.05418395996094,
      70.39163208007812,
      65.06180572509766,
      35.789024353027344,
      31.544292449951172
    ],
    [
      11.314842224121094,
      7.736814022064209,
      11.738085746765137,
      9.980062484741211,
      15.081393241882324,
      25.314189910888672,
      19.647130966186523,
      40.328914642333984,
      43.95515823364258,
      53.55205535888672,
      68.27427673339844,
      71.29072570800781,
      66.24320983886719,
      70.7555160522461,
      65.06180572509766,
      63.18894958496094,
      33.11267852783203,
      29.635601043701172
    ],
    [
      6.433043956756592,
      2.83382248878479,
      6.261730670928955,
      4.779824733734131,
      9.304527282714844,
      13.442061424255371,
      14.278773307800293,
      23.752546310424805,
      27.439558029174805,
      31.0601806640625,
      39.82312774658203,
      40.47338104248047,
      35.148311614990234,
      36.609561920166016,
      35.789024353027344,
      33.11267852783203,
      22.494327545166016,
      20.125408172607422
    ],
    [
      6.2247114181518555,
      2.921656847000122,
      5.8783111572265625,
      4.705097198486328,
      7.808860778808594,
      11.2659273147583,
      12.265318870544434,
      20.318086624145508,
      22.560997009277344,
      25.97970962524414,
      33.58711624145508,
      34.34452438354492,
      30.692119598388672,
      31.92844581604004,
      31.544292449951172,
      29.635601043701172,
      20.125408172607422,
      18.494747161865234
    ]
  ],
  "covariance_short": [
    [
      92.99259948730469,
      23.881832122802734,
      30.245101928710938,
      21.218961715698242,
      8.649645805358887,
      10.359867095947266,
      9.450138092041016,
      14.519866943359375,
      -0.31846773624420166,
      7.2113447189331055,
      13.550864219665527,
      15.287065505981445,
      10.670461654663086,
      12.382186889648438,
      12.354347229003906,
      14.031612396240234,
      7.0208048820495605,
      6.712637424468994
    ],
    [
      23.881832122802734,
      41.077388763427734,
      19.575733184814453,
      20.918926239013672,
      10.228986740112305,
      15.580801010131836,
      5.573780536651611,
      9.703594207763672,
      5.377674579620361,
      11.302654266357422,
      8.897178649902344,
      10.715370178222656,
      12.584507942199707,
      11.924531936645508,
      8.627884864807129,
      8.915809631347656,
      4.649416923522949,
      4.062530040740967
    ],
    [
      30.245101928710938,
      19.575733184814453,
      29.4996280670166,
      22.73957061767578,
      13.813982009887695,
      16.0304012298584,
      9.566650390625,
      14.814448356628418,
      7.916263103485107,
      15.575220108032227,
      14.887306213378906,
      16.52802276611328,
      10.539196014404297,
      11.07219123840332,
      8.816183090209961,
      9.426236152648926,
      5.151586055755615,
      4.766857147216797
    ],
    [
      21.218961715698242,
      20.918926239013672,
      22.73957061767578,
      33.349403381347656,
      14.77110767364502,
      17.564775466918945,
      8.21852970123291,
      11.93545913696289,
      5.928731441497803,
      12.161909103393555,
      9.59985065460205,
      11.251941680908203,
      6.869429588317871,
      7.780808448791504,
      6.159616947174072,
      7.058509826660156,
      3.210254192352295,
      3.171839475631714
    ],
    [
      8.649645805358887,
      10.228986740112305,
      13.813982009887695,
      14.77110767364502,
      47.567779541015625,
      30.494274139404297,
      5.460919380187988,
      18.287614822387695,
      22.422117233276367,
      33.68959426879883,
      34.3187141418457,
      34.073158264160156,
      27.423961639404297,
      26.12274932861328,
      21.717256546020508,
      19.77195167541504,
      10.825239181518555,
      9.199615478515625
    ],
    [
      10.359867095947266,
      15.580801010131836,
      16.0304012298584,
      17.564775466918945,
      30.494274139404297,
      52.8518180847168,
      11.596151351928711,
      33.459651947021484,
      36.72734451293945,
      50.09209442138672,
      50.7775993347168,
      52.67959976196289,
      39.97218704223633,
      39.14812088012695,
      30.410554885864258,
      28.494478225708008,
      14.124262809753418,
      11.974258422851562
    ],
    [
      9.450138092041016,
      5.573780536651611,
      9.566650390625,
      8.21852970123291,
      5.460919380187988,
      11.596151351928711,
      55.17670440673828,
      33.68395233154297,
      35.356605529785156,
      27.908618927001953,
      34.88712692260742,
      32.26369857788086,
      25.921659469604492,
      23.328908920288086,
      23.037601470947266,
      18.47635269165039,
      13.792998313903809,
      11.7733736038208
    ],
    [
      14.519866943359375,
      9.703594207763672,
      14.814448356628418,
      11.93545913696289,
      18.287614822387695,
      33.459651947021484,
      33.68395233154297,
      58.450233459472656,
      52.502952575683594,
      58.89740753173828,
      66.65609741210938,
      66.1489486694336,
      50.39283752441406,
      48.09395217895508,
      43.13766098022461,
      38.022987365722656,
      22.265357971191406,
      18.979198455810547
    ],
    [
      -0.31846773624420166,
      5.377674579620361,
      7.916263103485107,
      5.928731441497803,
      22.422117233276367,
      36.72734451293945,
      35.356605529785156,
      52.502952575683594,
      109.83211517333984,
      83.88960266113281,
      90.19409942626953,
      87.28828430175781,
      63.939754486083984,
      58.90980911254883,
      53.84990692138672,
      44.52107238769531,
      27.707353591918945,
      22.924646377563477
    ],
    [
      7.2113447189331055,
      11.302654266357422,
      15.575220108032227,
      12.161909103393555,
      33.68959426879883,
      50.09209442138672,
      27.908618927001953,
      58.89740753173828,
      83.88960266113281,
      105.08445739746094,
      102.39492797851562,
      103.03166961669922,
      74.47941589355469,
      70.62309265136719,
      62.31878662109375,
      54.50492477416992,
      31.114595413208008,
      26.085369110107422
    ],
    [
      13.550864219665527,
      8.897178649902344,
      14.887306213378906,
      9.59985065460205,
      34.3187141418457,
      50.7775993347168,
      34.88712692260742,
      66.65609741210938,
      90.19409942626953,
      102.39492797851562,
      134.19508361816406,
      124.61210632324219,
      90.18269348144531,
      84.75952911376953,
      79.8382339477539,
      69.5211410522461,
      40.26282501220703,
      33.93857192993164
    ],
    [
      15.287065505981445,
      10.715370178222656,
      16.52802276611328,
      11.251941680908203,
      34.073158264160156,
      52.67959976196289,
      32.26369857788086,
      66.1489486694336,
      87.28828430175781,
      103.03166961669922,
      124.61210632324219,
      133.73483276367188,
      89.65045166015625,
      86.14231872558594,
      79.3443374633789,
      70.93124389648438,
      39.91407012939453,
      33.871337890625
    ],
    [
      10.670461654663086,
      12.584507942199707,
      10.539196014404297,
      6.869429588317871,
      27.423961639404297,
      39.97218704223633,
      25.921659469604492,
      50.39283752441406,
      63.939754486083984,
      74.47941589355469,
      90.18269348144531,
      89.65045166015625,
      105.8692626953125,
      100.4236068725586,
      79.65965270996094,
      72.21023559570312,
      37.87184143066406,
      32.58086013793945
    ],
    [
      12.382186889648438,
      11.924531936645508,
      11.07219123840332,
      7.780808448791504,
      26.12274932861328,
      39.14812088012695,
      23.328908920288086,
      48.09395217895508,
      58.90980911254883,
      70.62309265136719,
      84.75952911376953,
      86.14231872558594,
      100.4236068725586,
      102.58912658691406,
      76.9399642944336,
      71.60635375976562,
      36.31669998168945,
      31.540138244628906
    ],
    [
      12.354347229003906,
      8.627884864807129,
      8.816183090209961,
      6.159616947174072,
      21.717256546020508,
      30.410554885864258,
      23.037601470947266,
      43.13766098022461,
      53.84990692138672,
      62.31878662109375,
      79.8382339477539,
      79.3443374633789,
      79.65965270996094,
      76.9399642944336,
      73.23661041259766,
      65.90220642089844,
      35.68216323852539,
      31.25301742553711
    ],
    [
      14.031612396240234,
      8.915809631347656,
      9.426236152648926,
      7.058509826660156,
      19.77195167541504,
      28.494478225708008,
      18.47635269165039,
      38.022987365722656,
      44.52107238769531,
      54.50492477416992,
      69.5211410522461,
      70.93124389648438,
      72.21023559570312,
      71.60635375976562,
      65.90220642089844,
      63.786678314208984,
      32.52296447753906,
      28.929943084716797
    ],
    [
      7.0208048820495605,
      4.649416923522949,
      5.151586055755615,
      3.210254192352295,
      10.825239181518555,
      14.124262809753418,
      13.792998313903809,
      22.265357971191406,
      27.707353591918945,
      31.114595413208008,
      40.26282501220703,
      39.91407012939453,
      37.87184143066406,
      36.31669998168945,
      35.68216323852539,
      32.52296447753906,
      22.217226028442383,
      19.538738250732422
    ],
    [
      6.712637424468994,
      4.062530040740967,
      4.766857147216797,
      3.171839475631714,
      9.199615478515625,
      11.974258422851562,
      11.7733736038208,
      18.979198455810547,
      22.924646377563477,
      26.085369110107422,
      33.93857192993164,
      33.871337890625,
      32.58086013793945,
      31.540138244628906,
      31.25301742553711,
      28.929943084716797,
      19.538738250732422,
      17.94966697692871
    ]
  ],
  "drr": 9.234845161437988,
  "dynamics": 3.7923500537872314,
  "format": 1245190,
  "frames": 10590208,
  "loudness": -20.578271865844727,
  "loudness_range": 11.371286392211914,
  "loudness_range_short": 12.22569751739502,
  "peak": -2.3616714477539062,
  "rms": -22.207826614379883,
  "sample_rate": 44100,
  "sections": 1,
  "seekable": 1,
  "sharpness": 1.6770257949829102,
  "space": -5.5545477867126465
}