{
  "bands": [
    {
      "high_freq": 148.1999969482422,
      "loudness": -40.34385681152344,
      "loudness_range": 24.6257266998291,
      "mid_mean": -38.338016510009766,
      "mid_to_side_loudness": -5.448041915893555,
      "mid_to_side_loudness_range": 16.068431854248047,
      "side_mean": -41.4859504699707
    },
    {
      "high_freq": 392.3793640136719,
      "loudness": -35.701210021972656,
      "loudness_range": 19.247798919677734,
      "low_freq": 148.1999969482422,
      "mid_mean": -32.281192779541016,
      "mid_to_side_loudness": -15.52261734008789,
      "mid_to_side_loudness_range": 16.24576187133789,
      "side_mean": -47.735328674316406
    },
    {
      "high_freq": 794.6976318359375,
      "loudness": -34.74381637573242,
      "loudness_range": 23.509323120117188,
      "low_freq": 392.3793640136719,
      "mid_mean": -31.133045196533203,
      "mid_to_side_loudness": -20.301959991455078,
      "mid_to_side_loudness_range": 10.37567138671875,
      "side_mean": -51.766090393066406
    },
    {
      "high_freq": 1457.5709228515625,
      "loudness": -40.82300567626953,
      "loudness_range": 27.697755813598633,
      "low_freq": 794.6976318359375,
      "mid_mean": -37.27206802368164,
      "mid_to_side_loudness": -17.049097061157227,
      "mid_to_side_loudness_range": 10.301641464233398,
      "side_mean": -54.60334014892578
    },
    {
      "high_freq": 2549.74365234375,
      "loudness": -48.693824768066406,
      "loudness_range": 28.204620361328125,
      "low_freq": 1457.5709228515625,
      "mid_mean": -45.40127182006836,
      "mid_to_side_loudness": -11.843087196350098,
      "mid_to_side_loudness_range": 11.486929893493652,
      "side_mean": -57.04610824584961
    },
    {
      "high_freq": 4349.24462890625,
      "loudness": -57.16799545288086,
      "loudness_range": 23.982685089111328,
      "low_freq": 2549.74365234375,
      "mid_mean": -54.6600456237793,
      "mid_to_side_loudness": -5.2353434562683105,
      "mid_to_side_loudness_range": 9.584285736083984,
      "side_mean": -59.37953567504883
    },
    {
      "high_freq": 7314.1640625,
      "loudness": -61.15121078491211,
      "loudness_range": 19.558700561523438,
      "low_freq": 4349.24462890625,
      "mid_mean": -59.16748046875,
      "mid_to_side_loudness": -1.7566697597503662,
      "mid_to_side_loudness_range": 4.542426109313965,
      "side_mean": -60.64885330200195
    },
    {
      "high_freq": 12199.2666015625,
      "loudness": -60.354896545410156,
      "loudness_range": 18.990360260009766,
      "low_freq": 7314.1640625,
      "mid_mean": -59.309593200683594,
      "mid_to_side_loudness": 0.2396983504295349,
      "mid_to_side_loudness_range": 0.9770963788032532,
      "side_mean": -59.101661682128906
    },
    {
      "loudness": -60.0923957824707,
      "loudness_range": 15.621658325195312,
      "low_freq": 12199.2666015625,
      "mid_mean": -59.43368148803711,
      "mid_to_side_loudness": 0.832047164440155,
      "mid_to_side_loudness_range": 1.5894500017166138,
      "side_mean": -58.70135498046875
    }
  ],
  "bands_short": [
    {
      "high_freq": 148.1999969482422,
      "loudness": -45.18050003051758,
      "loudness_range": 29.342689514160156,
      "mid_mean": -43.76171112060547,
      "mid_to_side_loudness": -4.109186172485352,
      "mid_to_side_loudness_range": 16.94868278503418,
      "side_mean": -46.35591125488281
    },
    {
      "high_freq": 392.3793640136719,
      "loudness": -35.844451904296875,
      "loudness_range": 21.526437759399414,
      "low_freq": 148.1999969482422,
      "mid_mean": -32.554954528808594,
      "mid_to_side_loudness": -14.326202392578125,
      "mid_to_side_loudness_range": 19.06672477722168,
      "side_mean": -46.6263313293457
    },
    {
      "high_freq": 794.6976318359375,
      "loudness": -35.650638580322266,
      "loudness_range": 25.095731735229492,
      "low_freq": 392.3793640136719,
      "mid_mean": -32.052886962890625,
      "mid_to_side_loudness": -20.387290954589844,
      "mid_to_side_loudness_range": 13.719361305236816,
      "side_mean": -52.791561126708984
    },
    {
      "high_freq": 1457.5709228515625,
      "loudness": -42.51939392089844,
      "loudness_range": 29.415552139282227,
      "low_freq": 794.6976318359375,
      "mid_mean": -39.06367874145508,
      "mid_to_side_loudness": -17.04428482055664,
      "mid_to_side_loudness_range": 11.643182754516602,
      "side_mean": -55.97430419921875
    },
    {
      "high_freq": 2549.74365234375,
      "loudness": -50.870792388916016,
      "loudness_range": 29.41936492919922,
      "low_freq": 1457.5709228515625,
      "mid_mean": -47.44349670410156,
      "mid_to_side_loudness": -12.13159465789795,
      "mid_to_side_loudness_range": 11.520910263061523,
      "side_mean": -58.98676681518555
    },
    {
      "high_freq": 4349.24462890625,
      "loudness": -59.540077209472656,
      "loudness_range": 25.355846405029297,
      "low_freq": 2549.74365234375,
      "mid_mean": -56.72419357299805,
      "mid_to_side_loudness": -5.486236095428467,
      "mid_to_side_loudness_range": 9.93572998046875,
      "side_mean": -61.48322677612305
    },
    {
      "high_freq": 7314.1640625,
      "loudness": -63.271697998046875,
      "loudness_range": 17.638042449951172,
      "low_freq": 4349.24462890625,
      "mid_mean": -60.99039840698242,
      "mid_to_side_loudness": -1.8704118728637695,
      "mid_to_side_loudness_range": 4.624582290649414,
      "side_mean": -62.5073127746582
    },
    {
      "high_freq": 12199.2666015625,
      "loudness": -62.36045837402344,
      "loudness_range": 12.9119873046875,
      "low_freq": 7314.1640625,
      "mid_mean": -61.15224075317383,
      "mid_to_side_loudness": 0.28075534105300903,
      "mid_to_side_loudness_range": 2.4305336475372314,
      "side_mean": -60.92247009277344
    },
    {
      "loudness": -61.63890075683594,
      "loudness_range": 9.786930084228516,
      "low_freq": 12199.2666015625,
      "mid_mean": -60.930702209472656,
      "mid_to_side_loudness": 0.996585488319397,
      "mid_to_side_loudness_range": 2.1963210105895996,
      "side_mean": -60.0723762512207
    }
  ],
  "channels": 2,
  "covariance": [
    [
      66.27850341796875,
      67.01255798339844,
      23.25786590576172,
      41.04508972167969,
      19.437240600585938,
      25.915485382080078,
      8.058012962341309,
      11.940092086791992,
      8.49344253540039,
      6.919614315032959,
      10.049189567565918,
      10.172138214111328,
      9.93544864654541,
      9.54925537109375,
      9.057549476623535,
      8.675950050354004,
      6.706232070922852,
      6.243880748748779
    ],
    [
      67.01255798339844,
      97.73859405517578,
      15.962124824523926,
      38.4821662902832,
      16.302021026611328,
      23.546367645263672,
      10.875085830688477,
      13.2340669631958,
      13.638514518737793,
      8.702120780944824,
      4.394555568695068,
      2.0969865322113037,
      2.017183542251587,
      1.7962424755096436,
      2.3167319297790527,
      2.171463966369629,
      1.6367132663726807,
      1.3536229133605957
    ],
    [
      23.25786590576172,
      15.962124824523926,
      47.15055847167969,
      35.53636169433594,
      30.93305778503418,
      29.156715393066406,
      12.326534271240234,
      13.368236541748047,
      19.119731903076172,
      14.500693321228027,
      19.860517501831055,
      16.075672149658203,
      14.697515487670898,
      12.974445343017578,
      10.853921890258789,
      10.626585006713867,
      8.508096694946289,
      8.599040031433105
    ],
    [
      41.04508972167969,
      38.4821662902832,
      35.53636169433594,
      53.321983337402344,
      25.845670700073242,
      32.031429290771484,
      8.948629379272461,
      14.748883247375488,
      13.948060035705566,
      13.523994445800781,
      19.656845092773438,
      18.80390167236328,
      17.651729583740234,
      17.282970428466797,
      17.017601013183594,
      16.713720321655273,
      13.804744720458984,
      13.325372695922852
    ],
    [
      19.437240600585938,
      16.302021026611328,
      30.93305778503418,
      25.845670700073242,
      64.71231079101562,
      50.2436408996582,
      33.39913558959961,
      28.42799949645996,
      43.135311126708984,
      28.049152374267578,
      32.56972122192383,
      20.324174880981445,
      18.642900466918945,
      13.862228393554688,
      7.955516815185547,
      7.6146039962768555,
      5.135149955749512,
      5.70196008682251
    ],
    [
      25.915485382080078,
      23.546367645263672,
      29.156715393066406,
      32.031429290771484,
      50.2436408996582,
      53.877845764160156,
      26.065614700317383,
      31.26667022705078,
      36.22049331665039,
      30.633893966674805,
      36.864925384521484,
      25.812171936035156,
      23.92518424987793,
      19.745182037353516,
      15.455096244812012,
      15.193888664245605,
      12.159223556518555,
      12.64719009399414
    ],
    [
      8.058012962341309,
      10.875085830688477,
      12.326534271240234,
      8.948629379272461,
      33.39913558959961,
      26.065614700317383,
      86.76349639892578,
      66.40484619140625,
      65.17615509033203,
      44.84054946899414,
      47.02946472167969,
      24.500261306762695,
      21.23175811767578,
      12.676065444946289,
      2.4961979389190674,
      2.1530680656433105,
      0.06452393531799316,
      1.420164942741394
    ],
    [
      11.940092086791992,
      13.2340669631958,
      13.368236541748047,
      14.748883247375488,
      28.42799949645996,
      31.26667022705078,
      66.40484619140625,
      63.38924026489258,
      53.66342544555664,
      43.38307189941406,
      48.581459045410156,
      29.969242095947266,
      26.636484146118164,
      19.53388023376465,
      11.809700012207031,
      11.572572708129883,
      8.568554878234863,
      9.642683982849121
    ],
    [
      8.49344253540039,
      13.638514518737793,
      19.119731903076172,
      13.948060035705566,
      43.135311126708984,
      36.22049331665039,
      65.17615509033203,
      53.66342544555664,
      89.52125549316406,
      64.31987762451172,
      58.97214889526367,
      34.187503814697266,
      28.99127769470215,
      19.422853469848633,
      7.373268127441406,
      6.933650016784668,
      3.877687931060791,
      5.016290187835693
    ],
    [
      6.919614315032959,
      8.702120780944824,
      14.500693321228027,
      13.523994445800781,
      28.049152374267578,
      30.633893966674805,
      44.84054946899414,
      43.38307189941406,
      64.31987762451172,
      55.751747131347656,
      51.994930267333984,
      35.90659713745117,
      32.345272064208984,
      25.52303695678711,
      16.80506706237793,
      16.525012969970703,
      12.898150444030762,
      13.634199142456055
    ],
    [
      10.049189567565918,
      4.394555568695068,
      19.860517501831055,
      19.656845092773438,
      32.56972122192383,
      36.864925384521484,
      47.02946472167969,
      48.581459045410156,
      58.97214889526367,
      51.994930267333984,
      69.07327270507812,
      48.40827560424805,
      40.45905303955078,
      32.35321044921875,
      21.891759872436523,
      21.345434188842773,
      16.64590835571289,
      17.33625602722168
    ],
    [
      10.172138214111328,
      2.0969865322113037,
      16.075672149658203,
      18.80390167236328,
      20.324174880981445,
      25.812171936035156,
      24.500261306762695,
      29.969242095947266,
      34.187503814697266,
      35.90659713745117,
      48.40827560424805,
      41.079803466796875,
      36.248600006103516,
      32.53706359863281,
      26.49464225769043,
      26.071577072143555,
      21.34231185913086,
      21.15719223022461
    ],
    [
      9.93544864654541,
      2.017183542251587,
      14.697515487670898,
      17.651729583740234,
      18.642900466918945,
      23.92518424987793,
      21.23175811767578,
      26.636484146118164,
      28.99127769470215,
      32.345272064208984,
      40.45905303955078,
      36.248600006103516,
      37.008731842041016,
      33.16376876831055,
      27.01704216003418,
      26.578310012817383,
      21.940950393676758,
      21.771638870239258
    ],
    [
      9.54925537109375,
      1.7962424755096436,
      12.974445343017578,
      17.282970428466797,
      13.862228393554688,
      19.745182037353516,
      12.676065444946289,
      19.53388023376465,
      19.422853469848633,
      25.52303695678711,
      32.35321044921875,
      32.53706359863281,
      33.16376876831055,
      31.882749557495117,
      28.4642391204834,
      28.13426971435547,
      23.6491756439209,
      23.04560661315918
    ],
    [
      9.057549476623535,
      2.3167319297790527,
      10.853921890258789,
      17.017601013183594,
      7.955516815185547,
      15.455096244812012,
      2.4961979389190674,
      11.809700012207031,
      7.373268127441406,
      16.80506706237793,
      21.891759872436523,
      26.49464225769043,
      27.01704216003418,
      28.4642391204834,
      31.31609344482422,
      30.976177215576172,
      26.9627742767334,
      25.780109405517578
    ],
    [
      8.675950050354004,
      2.171463966369629,
      10.626585006713867,
      16.713720321655273,
      7.6146039962768555,
      15.193888664245605,
      2.1530680656433105,
      11.572572708129883,
      6.933650016784668,
      16.525012969970703,
      21.345434188842773,
      26.071577072143555,
      26.578310012817383,
      28.13426971435547,
      30.976177215576172,
      30.733510971069336,
      26.758575439453125,
      25.6027774810791
    ],
    [
      6.706232070922852,
      1.6367132663726807,
      8.508096694946289,
      13.804744720458984,
      5.135149955749512,
      12.159223556518555,
      0.06452393531799316,
      8.568554878234863,
      3.877687931060791,
      12.898150444030762,
      16.64590835571289,
      21.34231185913086,
      21.940950393676758,
      23.6491756439209,
      26.9627742767334,
      26.758575439453125,
      23.89621353149414,
      22.79990005493164
    ],
    [
      6.243880748748779,
      1.3536229133605957,
      8.599040031433105,
      13.325372695922852,
      5.70196008682251,
      12.64719009399414,
      1.420164942741394,
      9.642683982849121,
      5.016290187835693,
      13.634199142456055,
      17.33625602722168,
      21.15719223022461,
      21.771638870239258,
      23.04560661315918,
      25.780109405517578,
      25.6027774810791,
      22.79990005493164,
      21.928041458129883
    ]
  ],
  "covariance_short": [
    [
      89.69949340820312,
      96.01703643798828,
      35.34154510498047,
      60.706634521484375,
      23.03136444091797,
      32.520938873291016,
      13.531608581542969,
      16.04033088684082,
      14.510337829589844,
      11.513946533203125,
      14.173850059509277,
      12.596033096313477,
      11.666693687438965,
      10.438140869140625,
      8.965576171875,
      8.652961730957031,
      6.486490726470947,
      6.376975059509277
    ],
    [
      96.01703643798828,
      138.22390747070312,
      30.44582748413086,
      66.62002563476562,
      18.098731994628906,
      29.091272354125977,
      6.518815994262695,
      10.565569877624512,
      9.873939514160156,
      7.4836106300354,
      6.0325822830200195,
      6.379875659942627,
      5.386393070220947,
      5.778032302856445,
      6.426969051361084,
      6.327732086181641,
      4.897866725921631,
      4.51449728012085
    ],
    [
      35.34154510498047,
      30.44582748413086,
      54.795772552490234,
      46.29651641845703,
      34.69953918457031,
      35.29152297973633,
      18.846912384033203,
      17.11735725402832,
      22.051422119140625,
      15.423288345336914,
      19.764049530029297,
      15.153368949890137,
      14.297866821289062,
      11.977518081665039,
      9.570028305053711,
      9.353649139404297,
      6.861056804656982,
      7.246063709259033
    ],
    [
      60.706634521484375,
      66.62002563476562,
      46.29651641845703,
      77.8915023803711,
      26.687183380126953,
      37.36380386352539,
      12.606306076049805,
      17.268871307373047,
      13.49849796295166,
      12.319703102111816,
      17.619050979614258,
      16.411041259765625,
      15.309118270874023,
      14.530562400817871,
      13.950879096984863,
      13.685433387756348,
      10.947628021240234,
      10.723503112792969
    ],
    [
      23.03136444091797,
      18.098731994628906,
      34.69953918457031,
      26.687183380126953,
      73.69947814941406,
      56.49306106567383,
      40.06776428222656,
      31.873825073242188,
      46.68950653076172,
      30.285036087036133,
      36.66021728515625,
      22.197467803955078,
      18.837236404418945,
      13.555919647216797,
      7.5983195304870605,
      7.210215091705322,
      4.371366024017334,
      5.495838165283203
    ],
    [
      32.520938873291016,
      29.091272354125977,
      35.29152297973633,
      37.36380386352539,
      56.49306106567383,
      61.99152374267578,
      33.835323333740234,
      36.07555389404297,
      40.96443557739258,
      33.11981201171875,
      39.4510612487793,
      26.920883178710938,
      23.34627342224121,
      18.9385986328125,
      14.181715965270996,
      14.178816795349121,
      10.733092308044434,
      11.868017196655273
    ],
    [
      13.531608581542969,
      6.518815994262695,
      18.846912384033203,
      12.606306076049805,
      40.06776428222656,
      33.835323333740234,
      97.9673843383789,
      74.01444244384766,
      72.4623794555664,
      50.93138885498047,
      53.895973205566406,
      30.1950626373291,
      24.803077697753906,
      16.187000274658203,
      6.601604461669922,
      6.116822719573975,
      3.089813470840454,
      4.879499435424805
    ],
    [
      16.04033088684082,
      10.565569877624512,
      17.11735725402832,
      17.268871307373047,
      31.873825073242188,
      36.07555389404297,
      74.01444244384766,
      69.17626953125,
      58.69685363769531,
      46.891136169433594,
      51.10100555419922,
      32.13759231567383,
      26.689064025878906,
      19.851299285888672,
      12.021482467651367,
      12.05908203125,
      8.50339126586914,
      10.16879940032959
    ],
    [
      14.510337829589844,
      9.873939514160156,
      22.051422119140625,
      13.49849796295166,
      46.68950653076172,
      40.96443557739258,
      72.4623794555664,
      58.69685363769531,
      96.6248550415039,
      69.43992614746094,
      62.51758575439453,
      37.172325134277344,
      29.701326370239258,
      20.448049545288086,
      9.327152252197266,
      8.852458953857422,
      5.146435737609863,
      6.796650409698486
    ],
    [
      11.513946533203125,
      7.4836106300354,
      15.423288345336914,
      12.319703102111816,
      30.285036087036133,
      33.11981201171875,
      50.93138885498047,
      46.891136169433594,
      69.43992614746094,
      58.894927978515625,
      52.468353271484375,
      35.72869110107422,
      29.81608772277832,
      23.315555572509766,
      14.401973724365234,
      14.498723030090332,
      10.559453010559082,
      11.999222755432129
    ],
    [
      14.173850059509277,
      6.0325822830200195,
      19.764049530029297,
      17.619050979614258,
      36.66021728515625,
      39.4510612487793,
      53.895973205566406,
      51.10100555419922,
      62.51758575439453,
      52.468353271484375,
      69.33335876464844,
      46.571468353271484,
      36.934078216552734,
      28.58580780029297,
      18.25141143798828,
      17.677186965942383,
      13.113898277282715,
      14.491735458374023
    ],
    [
      12.596033096313477,
      6.379875659942627,
      15.153368949890137,
      16.411041259765625,
      22.197467803955078,
      26.920883178710938,
      30.1950626373291,
      32.13759231567383,
      37.172325134277344,
      35.72869110107422,
      46.571468353271484,
      37.258548736572266,
      30.568273544311523,
      26.410213470458984,
      19.18932342529297,
      19.039682388305664,
      14.779985427856445,
      15.396439552307129
    ],
    [
      11.666693687438965,
      5.386393070220947,
      14.297866821289062,
      15.309118270874023,
      18.837236404418945,
      23.34627342224121,
      24.803077697753906,
      26.689064025878906,
      29.701326370239258,
      29.81608772277832,
      36.934078216552734,
      30.568273544311523,
      31.459943771362305,
      26.575002670288086,
      19.573881149291992,
      19.110750198364258,
      15.160432815551758,
      15.657124519348145
    ],
    [
      10.438140869140625,
      5.778032302856445,
      11.977518081665039,
      14.530562400817871,
      13.555919647216797,
      18.9385986328125,
      16.187000274658203,
      19.851299285888672,
      20.448049545288086,
      23.315555572509766,
      28.58580780029297,
      26.410213470458984,
      26.575002670288086,
      24.507831573486328,
      19.484975814819336,
      19.357282638549805,
      15.668371200561523,
      15.793009757995605
    ],
    [
      8.965576171875,
      6.426969051361084,
      9.570028305053711,
      13.950879096984863,
      7.5983195304870605,
      14.181715965270996,
      6.601604461669922,
      12.021482467651367,
      9.327152252197266,
      14.401973724365234,
      18.25141143798828,
      19.18932342529297,
      19.573881149291992,
      19.484975814819336,
      21.07244110107422,
      20.576251983642578,
      17.722782135009766,
      17.153850555419922
    ],
    [
      8.652961730957031,
      6.327732086181641,
      9.353649139404297,
      13.685433387756348,
      7.210215091705322,
      14.178816795349121,
      6.116822719573975,
      12.05908203125,
      8.852458953857422,
      14.498723030090332,
      17.677186965942383,
      19.039682388305664,
      19.110750198364258,
      19.357282638549805,
      20.576251983642578,
      20.560495376586914,
      17.486360549926758,
      17.03058433532715
    ],
    [
      6.486490726470947,
      4.897866725921631,
      6.861056804656982,
      10.947628021240234,
      4.371366024017334,
      10.733092308044434,
      3.089813470840454,
      8.50339126586914,
      5.146435737609863,
      10.559453010559082,
      13.113898277282715,
      14.779985427856445,
      15.160432815551758,
      15.668371200561523,
      17.722782135009766,
      17.486360549926758,
      15.931807518005371,
      15.236085891723633
    ],
    [
      6.376975059509277,
      4.51449728012085,
      7.246063709259033,
      10.723503112792969,
      5.495838165283203,
      11.868017196655273,
      4.879499435424805,
      10.16879940032959,
      6.796650409698486,
      11.999222755432129,
      14.491735458374023,
      15.396439552307129,
      15.657124519348145,
      15.793009757995605,
      17.153850555419922,
      17.03058433532715,
      15.236085891723633,
      15.00937557220459
    ]
  ],
  "drr": 10.144111633300781,
  "dynamics": 5.231600761413574,
  "format": 1245190,
  "frames": 10006528,
  "loudness": -24.10922622680664,
  "loudness_range": 16.072038650512695,
  "loudness_range_short": 19.197771072387695,
  "peak": -4.85297966003418,
  "rms": -24.26564598083496,
  "sample_rate": 44100,
  "sections": 1,
  "seekable": 1,
  "sharpness": 3.9758622646331787,
  "space": -13.509053230285645
}