{
  "bands": [
    {
      "high_freq": 148.1999969482422,
      "loudness": -36.083221435546875,
      "loudness_range": 26.304805755615234,
      "mid_mean": -33.08137512207031,
      "mid_to_side_loudness": -9.929990768432617,
      "mid_to_side_loudness_range": 13.759267807006836,
      "side_mean": -43.2226676940918
    },
    {
      "high_freq": 392.3793640136719,
      "loudness": -30.06640625,
      "loudness_range": 16.451183319091797,
      "low_freq": 148.1999969482422,
      "mid_mean": -26.938255310058594,
      "mid_to_side_loudness": -10.190652847290039,
      "mid_to_side_loudness_range": 12.522005081176758,
      "side_mean": -37.5036506652832
    },
    {
      "high_freq": 794.6976318359375,
      "loudness": -32.500247955322266,
      "loudness_range": 22.95707893371582,
      "low_freq": 392.3793640136719,
      "mid_mean": -29.7098388671875,
      "mid_to_side_loudness": -9.622036933898926,
      "mid_to_side_loudness_range": 19.14818000793457,
      "side_mean": -39.71193313598633
    },
    {
      "high_freq": 1457.5709228515625,
      "loudness": -37.03404235839844,
      "loudness_range": 32.252296447753906,
      "low_freq": 794.6976318359375,
      "mid_mean": -34.72101593017578,
      "mid_to_side_loudness": -7.659060955047607,
      "mid_to_side_loudness_range": 20.088960647583008,
      "side_mean": -43.42360305786133
    },
    {
      "high_freq": 2549.74365234375,
      "loudness": -38.79771423339844,
      "loudness_range": 28.706043243408203,
      "low_freq": 1457.5709228515625,
      "mid_mean": -36.25564956665039,
      "mid_to_side_loudness": -7.9782819747924805,
      "mid_to_side_loudness_range": 18.001113891601562,
      "side_mean": -44.72488784790039
    },
    {
      "high_freq": 4349.24462890625,
      "loudness": -41.17801284790039,
      "loudness_range": 25.689672470092773,
      "low_freq": 2549.74365234375,
      "mid_mean": -38.50484848022461,
      "mid_to_side_loudness": -9.36739444732666,
      "mid_to_side_loudness_range": 16.851547241210938,
      "side_mean": -49.020301818847656
    },
    {
      "high_freq": 7314.1640625,
      "loudness": -46.57871627807617,
      "loudness_range": 26.361515045166016,
      "low_freq": 4349.24462890625,
      "mid_mean": -44.02490234375,
      "mid_to_side_loudness": -8.161362648010254,
      "mid_to_side_loudness_range": 14.805567741394043,
      "side_mean": -53.4441032409668
    },
    {
      "high_freq": 12199.2666015625,
      "loudness": -47.46043395996094,
      "loudness_range": 29.120811462402344,
      "low_freq": 7314.1640625,
      "mid_mean": -46.3390007019043,
      "mid_to_side_loudness": -7.470736980438232,
      "mid_to_side_loudness_range": 18.66588020324707,
      "side_mean": -54.58319091796875
    },
    {
      "loudness": -57.41311264038086,
      "loudness_range": 29.845535278320312,
      "low_freq": 12199.2666015625,
      "mid_mean": -56.301815032958984,
      "mid_to_side_loudness": -3.944305658340454,
      "mid_to_side_loudness_range": 15.58930492401123,
      "side_mean": -59.36326599121094
    }
  ],
  "bands_short": [
    {
      "high_freq": 148.1999969482422,
      "loudness": -42.90846633911133,
      "loudness_range": 34.316802978515625,
      "mid_mean": -39.92319869995117,
      "mid_to_side_loudness": -11.34982681274414,
      "mid_to_side_loudness_range": 19.90166664123535,
      "side_mean": -51.97464370727539
    },
    {
      "high_freq": 392.3793640136719,
      "loudness": -30.756011962890625,
      "loudness_range": 17.81271743774414,
      "low_freq": 148.1999969482422,
      "mid_mean": -27.777925491333008,
      "mid_to_side_loudness": -9.248920440673828,
      "mid_to_side_loudness_range": 12.437278747558594,
      "side_mean": -37.407711029052734
    },
    {
      "high_freq": 794.6976318359375,
      "loudness": -32.65705871582031,
      "loudness_range": 24.47893714904785,
      "low_freq": 392.3793640136719,
      "mid_mean": -29.858354568481445,
      "mid_to_side_loudness": -9.48117446899414,
      "mid_to_side_loudness_range": 18.559463500976562,
      "side_mean": -39.779823303222656
    },
    {
      "high_freq": 1457.5709228515625,
      "loudness": -38.269554138183594,
      "loudness_range": 33.61506652832031,
      "low_freq": 794.6976318359375,
      "mid_mean": -36.243045806884766,
      "mid_to_side_loudness": -6.918909549713135,
      "mid_to_side_loudness_range": 20.014495849609375,
      "side_mean": -44.05021667480469
    },
    {
      "high_freq": 2549.74365234375,
      "loudness": -40.14027404785156,
      "loudness_range": 30.329370498657227,
      "low_freq": 1457.5709228515625,
      "mid_mean": -37.960853576660156,
      "mid_to_side_loudness": -7.248070240020752,
      "mid_to_side_loudness_range": 19.013402938842773,
      "side_mean": -45.9384651184082
    },
    {
      "high_freq": 4349.24462890625,
      "loudness": -42.320167541503906,
      "loudness_range": 26.759462356567383,
      "low_freq": 2549.74365234375,
      "mid_mean": -39.86952209472656,
      "mid_to_side_loudness": -8.771968841552734,
      "mid_to_side_loudness_range": 17.54651641845703,
      "side_mean": -50.880523681640625
    },
    {
      "high_freq": 7314.1640625,
      "loudness": -48.20465850830078,
      "loudness_range": 27.521976470947266,
      "low_freq": 4349.24462890625,
      "mid_mean": -46.77661895751953,
      "mid_to_side_loudness": -7.777932167053223,
      "mid_to_side_loudness_range": 15.716943740844727,
      "side_mean": -55.43684768676758
    },
    {
      "high_freq": 12199.2666015625,
      "loudness": -49.201229095458984,
      "loudness_range": 27.89529037475586,
      "low_freq": 7314.1640625,
      "mid_mean": -50.525447845458984,
      "mid_to_side_loudness": -6.677758693695068,
      "mid_to_side_loudness_range": 17.622034072875977,
      "side_mean": -56.5629768371582
    },
    {
      "loudness": -59.874061584472656,
      "loudness_range": 30.244373321533203,
      "low_freq": 12199.2666015625,
      "mid_mean": -58.17313003540039,
      "mid_to_side_loudness": -3.2691428661346436,
      "mid_to_side_loudness_range": 13.671311378479004,
      "side_mean": -60.765018463134766
    }
  ],
  "channels": 2,
  "covariance": [
    [
      80.30944061279297,
      52.5142822265625,
      20.230283737182617,
      23.652494430541992,
      26.54418182373047,
      37.3856315612793,
      31.535085678100586,
      38.91822814941406,
      28.863523483276367,
      36.261993408203125,
      22.913654327392578,
      31.248498916625977,
      16.293163299560547,
      25.680984497070312,
      12.405987739562988,
      23.05776596069336,
      16.45591163635254,
      20.162797927856445
    ],
    [
      52.5142822265625,
      57.83847427368164,
      12.550284385681152,
      14.447931289672852,
      8.88253402709961,
      12.494853973388672,
      9.765162467956543,
      9.973026275634766,
      7.060193061828613,
      10.008231163024902,
      6.478166103363037,
      9.59781551361084,
      3.3766205310821533,
      7.533267498016357,
      3.930133819580078,
      7.314955234527588,
      5.010828971862793,
      5.306576728820801
    ],
    [
      20.230283737182617,
      12.550284385681152,
      39.24139404296875,
      21.003822326660156,
      33.79497528076172,
      22.248943328857422,
      36.494930267333984,
      28.528669357299805,
      32.444759368896484,
      24.45359992980957,
      29.758394241333008,
      28.99030876159668,
      23.491239547729492,
      23.293792724609375,
      34.17841720581055,
      30.42603302001953,
      28.952585220336914,
      20.190040588378906
    ],
    [
      23.652494430541992,
      14.447931289672852,
      21.003822326660156,
      28.376733779907227,
      18.132686614990234,
      25.29508399963379,
      22.532154083251953,
      29.458227157592773,
      17.48651123046875,
      23.397396087646484,
      13.31895637512207,
      26.357643127441406,
      11.119423866271973,
      21.103473663330078,
      10.57575511932373,
      19.857072830200195,
      16.170164108276367,
      16.832778930664062
    ],
    [
      26.54418182373047,
      8.88253402709961,
      33.79497528076172,
      18.132686614990234,
      69.53910827636719,
      42.8062858581543,
      66.04646301269531,
      50.05638122558594,
      61.59785461425781,
      45.28440856933594,
      49.813148498535156,
      47.17063903808594,
      40.012542724609375,
      38.53638458251953,
      46.76011657714844,
      45.36357498168945,
      37.93003845214844,
      31.39531707763672
    ],
    [
      37.3856315612793,
      12.494853973388672,
      22.248943328857422,
      25.29508399963379,
      42.8062858581543,
      69.07406616210938,
      43.19310760498047,
      64.58414459228516,
      44.63318634033203,
      59.77647399902344,
      32.626163482666016,
      54.18117904663086,
      27.057682037353516,
      43.93769073486328,
      17.890274047851562,
      36.155269622802734,
      23.465396881103516,
      31.61587905883789
    ],
    [
      31.535085678100586,
      9.765162467956543,
      36.494930267333984,
      22.532154083251953,
      66.04646301269531,
      43.19310760498047,
      121.56748962402344,
      75.94728088378906,
      91.93941497802734,
      60.48496627807617,
      72.29454803466797,
      60.26001739501953,
      52.84939956665039,
      46.64812088012695,
      64.0720443725586,
      57.630374908447266,
      51.472557067871094,
      42.96571731567383
    ],
    [
      38.91822814941406,
      9.973026275634766,
      28.528669357299805,
      29.458227157592773,
      50.05638122558594,
      64.58414459228516,
      75.94728088378906,
      98.2177505493164,
      64.22225189208984,
      72.921630859375,
      48.62552261352539,
      68.19056701660156,
      38.07052230834961,
      53.96491622924805,
      32.38005065917969,
      51.193878173828125,
      35.886898040771484,
      44.69951629638672
    ],
    [
      28.863523483276367,
      7.060193061828613,
      32.444759368896484,
      17.48651123046875,
      61.59785461425781,
      44.63318634033203,
      91.93941497802734,
      64.22225189208984,
      98.41146087646484,
      64.0803451538086,
      74.18632507324219,
      61.406490325927734,
      57.47273254394531,
      50.90842056274414,
      60.63438415527344,
      58.10939025878906,
      47.99372482299805,
      42.17027282714844
    ],
    [
      36.261993408203125,
      10.008231163024902,
      24.45359992980957,
      23.397396087646484,
      45.28440856933594,
      59.77647399902344,
      60.48496627807617,
      72.921630859375,
      64.0803451538086,
      81.387451171875,
      46.27392578125,
      68.12897491455078,
      39.13720703125,
      56.00216293334961,
      30.57229995727539,
      49.82078552246094,
      32.272491455078125,
      42.55971908569336
    ],
    [
      22.913654327392578,
      6.478166103363037,
      29.758394241333008,
      13.31895637512207,
      49.813148498535156,
      32.626163482666016,
      72.29454803466797,
      48.62552261352539,
      74.18632507324219,
      46.27392578125,
      79.58594512939453,
      54.62775421142578,
      62.637474060058594,
      48.03864288330078,
      69.90797424316406,
      58.200382232666016,
      52.2349967956543,
      41.778602600097656
    ],
    [
      31.248498916625977,
      9.59781551361084,
      28.99030876159668,
      26.357643127441406,
      47.17063903808594,
      54.18117904663086,
      60.26001739501953,
      68.19056701660156,
      61.406490325927734,
      68.12897491455078,
      54.62775421142578,
      82.25542449951172,
      52.577964782714844,
      72.91048431396484,
      47.234737396240234,
      68.57537841796875,
      47.29231262207031,
      54.732398986816406
    ],
    [
      16.293163299560547,
      3.3766205310821533,
      23.491239547729492,
      11.119423866271973,
      40.012542724609375,
      27.057682037353516,
      52.84939956665039,
      38.07052230834961,
      57.47273254394531,
      39.13720703125,
      62.637474060058594,
      52.577964782714844,
      83.88218688964844,
      65.19226837158203,
      83.72528839111328,
      72.29154968261719,
      66.29669952392578,
      55.22005081176758
    ],
    [
      25.680984497070312,
      7.533267498016357,
      23.293792724609375,
      21.103473663330078,
      38.53638458251953,
      43.93769073486328,
      46.64812088012695,
      53.96491622924805,
      50.90842056274414,
      56.00216293334961,
      48.03864288330078,
      72.91048431396484,
      65.19226837158203,
      89.66323852539062,
      58.336002349853516,
      85.1396713256836,
      60.50959396362305,
      66.8638687133789
    ],
    [
      12.405987739562988,
      3.930133819580078,
      34.17841720581055,
      10.57575511932373,
      46.76011657714844,
      17.890274047851562,
      64.0720443725586,
      32.38005065917969,
      60.63438415527344,
      30.57229995727539,
      69.90797424316406,
      47.234737396240234,
      83.72528839111328,
      58.336002349853516,
      117.54023742675781,
      87.17916107177734,
      87.09893798828125,
      64.51979064941406
    ],
    [
      23.05776596069336,
      7.314955234527588,
      30.42603302001953,
      19.857072830200195,
      45.36357498168945,
      36.155269622802734,
      57.630374908447266,
      51.193878173828125,
      58.10939025878906,
      49.82078552246094,
      58.200382232666016,
      68.57537841796875,
      72.29154968261719,
      85.1396713256836,
      87.17916107177734,
      107.2415542602539,
      76.72848510742188,
      82.80123901367188
    ],
    [
      16.45591163635254,
      5.010828971862793,
      28.952585220336914,
      16.170164108276367,
      37.93003845214844,
      23.465396881103516,
      51.472557067871094,
      35.886898040771484,
      47.99372482299805,
      32.272491455078125,
      52.2349967956543,
      47.29231262207031,
      66.29669952392578,
      60.50959396362305,
      87.09893798828125,
      76.72848510742188,
      85.64295959472656,
      65.63802337646484
    ],
    [
      20.162797927856445,
      5.306576728820801,
      20.190040588378906,
      16.832778930664062,
      31.39531707763672,
      31.61587905883789,
      42.96571731567383,
      44.69951629638672,
      42.17027282714844,
      42.55971908569336,
      41.778602600097656,
      54.732398986816406,
      55.22005081176758,
      66.8638687133789,
      64.51979064941406,
      82.80123901367188,
      65.63802337646484,
      74.24388885498047
    ]
  ],
  "covariance_short": [
    [
      127.54361724853516,
      66.70110321044922,
      29.048864364624023,
      37.07596206665039,
      35.08790588378906,
      50.90900802612305,
      42.48866271972656,
      58.190128326416016,
      41.097713470458984,
      56.26097106933594,
      30.501953125,
      51.45457077026367,
      26.97047996520996,
      41.08181381225586,
      23.259326934814453,
      31.193647384643555,
      21.372657775878906,
      27.07990837097168
    ],
    [
      66.70110321044922,
      69.5796127319336,
      18.551259994506836,
      28.810606002807617,
      13.029438972473145,
      20.266206741333008,
      14.225537300109863,
      21.73747444152832,
      12.525107383728027,
      21.97446060180664,
      9.466202735900879,
      27.603708267211914,
      8.442692756652832,
      20.239648818969727,
      14.000146865844727,
      16.53726577758789,
      11.47323989868164,
      14.10256290435791
    ],
    [
      29.048864364624023,
      18.551259994506836,
      45.82585525512695,
      27.407175064086914,
      30.88738441467285,
      19.323572158813477,
      34.42287826538086,
      24.2334041595459,
      27.96171760559082,
      22.272321701049805,
      24.788414001464844,
      25.32064437866211,
      20.837940216064453,
      16.541006088256836,
      33.733802795410156,
      21.377017974853516,
      20.039663314819336,
      12.500146865844727
    ],
    [
      37.07596206665039,
      28.810606002807617,
      27.407175064086914,
      38.45771789550781,
      17.209753036499023,
      21.390399932861328,
      22.508148193359375,
      24.00323486328125,
      16.390817642211914,
      21.22140121459961,
      13.158876419067383,
      24.341838836669922,
      12.14710807800293,
      16.599334716796875,
      16.12769889831543,
      15.485069274902344,
      12.498749732971191,
      12.008240699768066
    ],
    [
      35.08790588378906,
      13.029438972473145,
      30.88738441467285,
      17.209753036499023,
      76.94758605957031,
      47.218658447265625,
      73.03890228271484,
      53.034706115722656,
      63.20755386352539,
      49.8086051940918,
      47.10295104980469,
      50.26132583618164,
      39.41156005859375,
      37.104026794433594,
      49.980655670166016,
      39.7740364074707,
      29.93232536315918,
      25.195390701293945
    ],
    [
      50.90900802612305,
      20.266206741333008,
      19.323572158813477,
      21.390399932861328,
      47.218658447265625,
      71.78134155273438,
      48.78239440917969,
      64.94949340820312,
      45.78978729248047,
      61.562503814697266,
      32.68393325805664,
      57.10520935058594,
      31.196502685546875,
      45.999107360839844,
      25.219144821166992,
      34.44295120239258,
      19.939537048339844,
      27.112045288085938
    ],
    [
      42.48866271972656,
      14.225537300109863,
      34.42287826538086,
      22.508148193359375,
      73.03890228271484,
      48.78239440917969,
      130.4253692626953,
      81.02108001708984,
      97.34930419921875,
      68.98268127441406,
      74.2096939086914,
      66.69390869140625,
      56.13886642456055,
      48.92000198364258,
      66.46245574951172,
      54.146053314208984,
      44.98219680786133,
      37.087921142578125
    ],
    [
      58.190128326416016,
      21.73747444152832,
      24.2334041595459,
      24.00323486328125,
      53.034706115722656,
      64.94949340820312,
      81.02108001708984,
      100.37149047851562,
      65.22346496582031,
      76.35426330566406,
      49.65470504760742,
      71.87323760986328,
      42.46690368652344,
      57.228782653808594,
      41.884368896484375,
      49.64392852783203,
      32.877342224121094,
      39.640750885009766
    ],
    [
      41.097713470458984,
      12.525107383728027,
      27.96171760559082,
      16.390817642211914,
      63.20755386352539,
      45.78978729248047,
      97.34930419921875,
      65.22346496582031,
      111.60519409179688,
      74.5478515625,
      80.26858520507812,
      69.4002685546875,
      65.01985168457031,
      56.35749053955078,
      66.39569854736328,
      57.1555290222168,
      44.04043960571289,
      38.169307708740234
    ],
    [
      56.26097106933594,
      21.97446060180664,
      22.272321701049805,
      21.22140121459961,
      49.8086051940918,
      61.562503814697266,
      68.98268127441406,
      76.35426330566406,
      74.5478515625,
      95.19969940185547,
      54.65199661254883,
      79.35643768310547,
      51.724830627441406,
      66.82539367675781,
      42.944393157958984,
      54.83404541015625,
      33.01124954223633,
      42.419212341308594
    ],
    [
      30.501953125,
      9.466202735900879,
      24.788414001464844,
      13.158876419067383,
      47.10295104980469,
      32.68393325805664,
      74.2096939086914,
      49.65470504760742,
      80.26858520507812,
      54.65199661254883,
      91.54889678955078,
      64.29132843017578,
      74.81459045410156,
      57.08315658569336,
      78.74080657958984,
      62.12659454345703,
      52.11742401123047,
      41.45221710205078
    ],
    [
      51.45457077026367,
      27.603708267211914,
      25.32064437866211,
      24.341838836669922,
      50.26132583618164,
      57.10520935058594,
      66.69390869140625,
      71.87323760986328,
      69.4002685546875,
      79.35643768310547,
      64.29132843017578,
      107.60572814941406,
      69.71403503417969,
      93.59830474853516,
      76.61014556884766,
      81.5525131225586,
      54.34083557128906,
      59.58928298950195
    ],
    [
      26.97047996520996,
      8.442692756652832,
      20.837940216064453,
      12.14710807800293,
      39.41156005859375,
      31.196502685546875,
      56.13886642456055,
      42.46690368652344,
      65.01985168457031,
      51.724830627441406,
      74.81459045410156,
      69.71403503417969,
      106.03919982910156,
      81.95171356201172,
      100.06836700439453,
      82.01195526123047,
      71.01612854003906,
      58.736167907714844
    ],
    [
      41.08181381225586,
      20.239648818969727,
      16.541006088256836,
      16.599334716796875,
      37.104026794433594,
      45.999107360839844,
      48.92000198364258,
      57.228782653808594,
      56.35749053955078,
      66.82539367675781,
      57.08315658569336,
      93.59830474853516,
      81.95171356201172,
      101.54556274414062,
      81.78453063964844,
      89.9489517211914,
      60.543827056884766,
      67.67281341552734
    ],
    [
      23.259326934814453,
      14.000146865844727,
      33.733802795410156,
      16.12769889831543,
      49.980655670166016,
      25.219144821166992,
      66.46245574951172,
      41.884368896484375,
      66.39569854736328,
      42.944393157958984,
      78.74080657958984,
      76.61014556884766,
      100.06836700439453,
      81.78453063964844,
      146.59774780273438,
      105.661376953125,
      97.4935531616211,
      72.83268737792969
    ],
    [
      31.193647384643555,
      16.53726577758789,
      21.377017974853516,
      15.485069274902344,
      39.7740364074707,
      34.44295120239258,
      54.146053314208984,
      49.64392852783203,
      57.1555290222168,
      54.83404541015625,
      62.12659454345703,
      81.5525131225586,
      82.01195526123047,
      89.9489517211914,
      105.661376953125,
      108.86663818359375,
      73.83320617675781,
      79.84479522705078
    ],
    [
      21.372657775878906,
      11.47323989868164,
      20.039663314819336,
      12.498749732971191,
      29.93232536315918,
      19.939537048339844,
      44.98219680786133,
      32.877342224121094,
      44.04043960571289,
      33.01124954223633,
      52.11742401123047,
      54.34083557128906,
      71.01612854003906,
      60.543827056884766,
      97.4935531616211,
      73.83320617675781,
      79.38001251220703,
      60.880828857421875
    ],
    [
      27.07990837097168,
      14.10256290435791,
      12.500146865844727,
      12.008240699768066,
      25.195390701293945,
      27.112045288085938,
      37.087921142578125,
      39.640750885009766,
      38.169307708740234,
      42.419212341308594,
      41.45221710205078,
      59.58928298950195,
      58.736167907714844,
      67.67281341552734,
      72.83268737792969,
      79.84479522705078,
      60.880828857421875,
      68.35950469970703
    ]
  ],
  "drr": 14.684602737426758,
  "dynamics": 5.579669952392578,
  "format": 1245190,
  "frames": 7149568,
  "loudness": -20.18245506286621,
  "loudness_range": 17.727458953857422,
  "loudness_range_short": 20.34294891357422,
  "peak": -0.59003746509552,
  "rms": -20.231006622314453,
  "sample_rate": 44100,
  "sections": 1,
  "seekable": 1,
  "sharpness": 3.8510913848876953,
  "space": -10.030314445495605
}