{
  "bands": [
    {
      "high_freq": 148.1999969482422,
      "loudness": -19.943180084228516,
      "loudness_range": 8.18107795715332,
      "mid_mean": -16.406736373901367,
      "mid_to_side_loudness": -17.303022384643555,
      "mid_to_side_loudness_range": 17.946962356567383,
      "side_mean": -34.00917434692383
    },
    {
      "high_freq": 392.3793640136719,
      "loudness": -21.328601837158203,
      "loudness_range": 6.674827575683594,
      "low_freq": 148.1999969482422,
      "mid_mean": -18.15281867980957,
      "mid_to_side_loudness": -9.907960891723633,
      "mid_to_side_loudness_range": 9.805768966674805,
      "side_mean": -28.123912811279297
    },
    {
      "high_freq": 794.6976318359375,
      "loudness": -22.290714263916016,
      "loudness_range": 10.337541580200195,
      "low_freq": 392.3793640136719,
      "mid_mean": -19.243860244750977,
      "mid_to_side_loudness": -9.172282218933105,
      "mid_to_side_loudness_range": 10.960841178894043,
      "side_mean": -28.454160690307617
    },
    {
      "high_freq": 1457.5709228515625,
      "loudness": -23.25182342529297,
      "loudness_range": 13.223115921020508,
      "low_freq": 794.6976318359375,
      "mid_mean": -20.336872100830078,
      "mid_to_side_loudness": -8.47806453704834,
      "mid_to_side_loudness_range": 11.961548805236816,
      "side_mean": -28.84748077392578
    },
    {
      "high_freq": 2549.74365234375,
      "loudness": -21.628862380981445,
      "loudness_range": 12.218132972717285,
      "low_freq": 1457.5709228515625,
      "mid_mean": -18.593460083007812,
      "mid_to_side_loudness": -9.238808631896973,
      "mid_to_side_loudness_range": 11.287881851196289,
      "side_mean": -27.845605850219727
    },
    {
      "high_freq": 4349.24462890625,
      "loudness": -22.264230728149414,
      "loudness_range": 9.221458435058594,
      "low_freq": 2549.74365234375,
      "mid_mean": -19.167224884033203,
      "mid_to_side_loudness": -9.585980415344238,
      "mid_to_side_loudness_range": 11.134596824645996,
      "side_mean": -28.738693237304688
    },
    {
      "high_freq": 7314.1640625,
      "loudness": -25.60403060913086,
      "loudness_range": 9.031517028808594,
      "low_freq": 4349.24462890625,
      "mid_mean": -22.442258834838867,
      "mid_to_side_loudness": -9.945631980895996,
      "mid_to_side_loudness_range": 10.629498481750488,
      "side_mean": -32.43021011352539
    },
    {
      "high_freq": 12199.2666015625,
      "loudness": -28.39559555053711,
      "loudness_range": 10.114261627197266,
      "low_freq": 7314.1640625,
      "mid_mean": -25.34237289428711,
      "mid_to_side_loudness": -9.732847213745117,
      "mid_to_side_loudness_range": 11.068764686584473,
      "side_mean": -35.17738723754883
    },
    {
      "loudness": -35.3720817565918,
      "loudness_range": 11.475906372070312,
      "low_freq": 12199.2666015625,
      "mid_mean": -32.40835189819336,
      "mid_to_side_loudness": -8.7503023147583,
      "mid_to_side_loudness_range": 11.799419403076172,
      "side_mean": -41.33795166015625
    }
  ],
  "bands_short": [
    {
      "high_freq": 148.1999969482422,
      "loudness": -23.73571014404297,
      "loudness_range": 18.274871826171875,
      "mid_mean": -20.272615432739258,
      "mid_to_side_loudness": -18.093963623046875,
      "mid_to_side_loudness_range": 27.239395141601562,
      "side_mean": -39.46529006958008
    },
    {
      "high_freq": 392.3793640136719,
      "loudness": -20.995624542236328,
      "loudness_range": 12.032429695129395,
      "low_freq": 148.1999969482422,
      "mid_mean": -17.937557220458984,
      "mid_to_side_loudness": -10.273465156555176,
      "mid_to_side_loudness_range": 15.270368576049805,
      "side_mean": -28.274763107299805
    },
    {
      "high_freq": 794.6976318359375,
      "loudness": -23.494924545288086,
      "loudness_range": 13.347067832946777,
      "low_freq": 392.3793640136719,
      "mid_mean": -20.628677368164062,
      "mid_to_side_loudness": -8.732336044311523,
      "mid_to_side_loudness_range": 14.491076469421387,
      "side_mean": -29.453357696533203
    },
    {
      "high_freq": 1457.5709228515625,
      "loudness": -23.847183227539062,
      "loudness_range": 16.22054672241211,
      "low_freq": 794.6976318359375,
      "mid_mean": -21.12404441833496,
      "mid_to_side_loudness": -8.074389457702637,
      "mid_to_side_loudness_range": 14.969428062438965,
      "side_mean": -29.270038604736328
    },
    {
      "high_freq": 2549.74365234375,
      "loudness": -22.785263061523438,
      "loudness_range": 15.786694526672363,
      "low_freq": 1457.5709228515625,
      "mid_mean": -19.929140090942383,
      "mid_to_side_loudness": -8.626888275146484,
      "mid_to_side_loudness_range": 14.259037971496582,
      "side_mean": -28.60477066040039
    },
    {
      "high_freq": 4349.24462890625,
      "loudness": -23.085920333862305,
      "loudness_range": 13.095121383666992,
      "low_freq": 2549.74365234375,
      "mid_mean": -20.146806716918945,
      "mid_to_side_loudness": -8.999228477478027,
      "mid_to_side_loudness_range": 13.570341110229492,
      "side_mean": -29.181734085083008
    },
    {
      "high_freq": 7314.1640625,
      "loudness": -27.057350158691406,
      "loudness_range": 15.104141235351562,
      "low_freq": 4349.24462890625,
      "mid_mean": -24.05020523071289,
      "mid_to_side_loudness": -9.190071105957031,
      "mid_to_side_loudness_range": 12.760604858398438,
      "side_mean": -33.34726333618164
    },
    {
      "high_freq": 12199.2666015625,
      "loudness": -30.867557525634766,
      "loudness_range": 18.856382369995117,
      "low_freq": 7314.1640625,
      "mid_mean": -27.89500617980957,
      "mid_to_side_loudness": -9.087890625,
      "mid_to_side_loudness_range": 13.268503189086914,
      "side_mean": -37.1460075378418
    },
    {
      "loudness": -38.18596267700195,
      "loudness_range": 20.652341842651367,
      "low_freq": 12199.2666015625,
      "mid_mean": -35.40751266479492,
      "mid_to_side_loudness": -8.218730926513672,
      "mid_to_side_loudness_range": 13.217689514160156,
      "side_mean": -43.81352233886719
    }
  ],
  "channels": 2,
  "covariance": [
    [
      13.080348014831543,
      4.823385238647461,
      3.434899091720581,
      3.013838291168213,
      2.372648000717163,
      2.8637237548828125,
      1.5478640794754028,
      2.648954153060913,
      1.74207603931427,
      3.3812170028686523,
      1.134260654449463,
      2.959486484527588,
      0.9082918763160706,
      2.6877596378326416,
      1.0993629693984985,
      3.071782350540161,
      1.9881377220153809,
      4.5070929527282715
    ],
    [
      4.823385238647461,
      29.964290618896484,
      3.641295909881592,
      10.944803237915039,
      3.7273333072662354,
      7.961634159088135,
      6.3517746925354,
      8.667623519897461,
      6.377324104309082,
      10.208109855651855,
      3.9380338191986084,
      9.537796020507812,
      3.9139273166656494,
      7.959623336791992,
      3.859058380126953,
      8.306747436523438,
      4.727540493011475,
      11.305380821228027
    ],
    [
      3.434899091720581,
      3.641295909881592,
      6.556295394897461,
      4.041471481323242,
      3.207961320877075,
      2.8488032817840576,
      1.2037270069122314,
      2.3251075744628906,
      2.390449285507202,
      3.090287208557129,
      2.789888381958008,
      3.2837488651275635,
      3.6745870113372803,
      3.90730881690979,
      3.802222967147827,
      4.183584213256836,
      3.5928757190704346,
      4.926122665405273
    ],
    [
      3.013838291168213,
      10.944803237915039,
      4.041471481323242,
      14.14832878112793,
      1.9845441579818726,
      6.760069370269775,
      3.341865301132202,
      5.689525604248047,
      3.741727113723755,
      7.224297046661377,
      2.641652822494507,
      7.370995044708252,
      2.515169858932495,
      6.701474189758301,
      2.5114150047302246,
      6.306478977203369,
      3.7359421253204346,
      8.174092292785645
    ],
    [
      2.372648000717163,
      3.7273333072662354,
      3.207961320877075,
      1.9845441579818726,
      16.315584182739258,
      5.60592794418335,
      11.781067848205566,
      3.3215954303741455,
      8.14797306060791,
      3.080341100692749,
      7.630607604980469,
      2.668565034866333,
      6.207280158996582,
      2.811619520187378,
      6.488458156585693,
      3.8960278034210205,
      6.1258745193481445,
      3.4281787872314453
    ],
    [
      2.8637237548828125,
      7.961634159088135,
      2.8488032817840576,
      6.760069370269775,
      5.60592794418335,
      10.938570022583008,
      5.7573018074035645,
      7.77842903137207,
      4.210399627685547,
      8.327052116394043,
      3.005781650543213,
      7.605594158172607,
      2.7245442867279053,
      6.596315383911133,
      2.8040993213653564,
      6.28000020980835,
      3.4322423934936523,
      8.250840187072754
    ],
    [
      1.5478640794754028,
      6.3517746925354,
      1.2037270069122314,
      3.341865301132202,
      11.781067848205566,
      5.7573018074035645,
      24.133563995361328,
      9.450228691101074,
      12.651589393615723,
      8.009477615356445,
      9.840291023254395,
      6.653941631317139,
      7.632967472076416,
      6.179256916046143,
      6.347349643707275,
      6.144806861877441,
      6.116230487823486,
      7.1990251541137695
    ],
    [
      2.648954153060913,
      8.667623519897461,
      2.3251075744628906,
      5.689525604248047,
      3.3215954303741455,
      7.77842903137207,
      9.450228691101074,
      14.189841270446777,
      6.565298080444336,
      12.551918029785156,
      4.739675045013428,
      12.25408935546875,
      4.251522541046143,
      10.10641098022461,
      3.8580257892608643,
      9.227534294128418,
      4.704254150390625,
      12.095283508300781
    ],
    [
      1.74207603931427,
      6.377324104309082,
      2.390449285507202,
      3.741727113723755,
      8.14797306060791,
      4.210399627685547,
      12.651589393615723,
      6.565298080444336,
      20.464916229248047,
      9.236480712890625,
      13.146818161010742,
      7.886893272399902,
      9.888761520385742,
      6.766037464141846,
      8.407440185546875,
      7.3523850440979,
      7.994369029998779,
      7.456012725830078
    ],
    [
      3.3812170028686523,
      10.208109855651855,
      3.090287208557129,
      7.224297046661377,
      3.080341100692749,
      8.327052116394043,
      8.009477615356445,
      12.551918029785156,
      9.236480712890625,
      15.341971397399902,
      5.881485462188721,
      14.01248550415039,
      5.347836494445801,
      11.759283065795898,
      4.873075485229492,
      10.86312484741211,
      5.901932716369629,
      13.918017387390137
    ],
    [
      1.134260654449463,
      3.9380338191986084,
      2.789888381958008,
      2.641652822494507,
      7.630607604980469,
      3.005781650543213,
      9.840291023254395,
      4.739675045013428,
      13.146818161010742,
      5.881485462188721,
      12.978293418884277,
      6.750020980834961,
      9.838541030883789,
      6.63345193862915,
      8.934615135192871,
      7.3551154136657715,
      7.909825325012207,
      6.86586856842041
    ],
    [
      2.959486484527588,
      9.537796020507812,
      3.2837488651275635,
      7.370995044708252,
      2.668565034866333,
      7.605594158172607,
      6.653941631317139,
      12.25408935546875,
      7.886893272399902,
      14.01248550415039,
      6.750020980834961,
      16.19762420654297,
      6.206482410430908,
      13.728058815002441,
      6.018716812133789,
      13.077248573303223,
      7.07404088973999,
      15.79083251953125
    ],
    [
      0.9082918763160706,
      3.9139273166656494,
      3.6745870113372803,
      2.515169858932495,
      6.207280158996582,
      2.7245442867279053,
      7.632967472076416,
      4.251522541046143,
      9.888761520385742,
      5.347836494445801,
      9.838541030883789,
      6.206482410430908,
      13.117703437805176,
      8.239975929260254,
      12.851076126098633,
      9.597273826599121,
      10.871293067932129,
      9.339273452758789
    ],
    [
      2.6877596378326416,
      7.959623336791992,
      3.90730881690979,
      6.701474189758301,
      2.811619520187378,
      6.596315383911133,
      6.179256916046143,
      10.10641098022461,
      6.766037464141846,
      11.759283065795898,
      6.63345193862915,
      13.728058815002441,
      8.239975929260254,
      16.503276824951172,
      8.622509002685547,
      16.408361434936523,
      8.698366165161133,
      18.29172134399414
    ],
    [
      1.0993629693984985,
      3.859058380126953,
      3.802222967147827,
      2.5114150047302246,
      6.488458156585693,
      2.8040993213653564,
      6.347349643707275,
      3.8580257892608643,
      8.407440185546875,
      4.873075485229492,
      8.934615135192871,
      6.018716812133789,
      12.851076126098633,
      8.622509002685547,
      17.64192771911621,
      12.881287574768066,
      15.370006561279297,
      13.02534294128418
    ],
    [
      3.071782350540161,
      8.306747436523438,
      4.183584213256836,
      6.306478977203369,
      3.8960278034210205,
      6.28000020980835,
      6.144806861877441,
      9.227534294128418,
      7.3523850440979,
      10.86312484741211,
      7.3551154136657715,
      13.077248573303223,
      9.597273826599121,
      16.408361434936523,
      12.881287574768066,
      22.662521362304688,
      12.829516410827637,
      23.572282791137695
    ],
    [
      1.9881377220153809,
      4.727540493011475,
      3.5928757190704346,
      3.7359421253204346,
      6.1258745193481445,
      3.4322423934936523,
      6.116230487823486,
      4.704254150390625,
      7.994369029998779,
      5.901932716369629,
      7.909825325012207,
      7.07404088973999,
      10.871293067932129,
      8.698366165161133,
      15.370006561279297,
      12.829516410827637,
      20.293851852416992,
      16.368059158325195
    ],
    [
      4.5070929527282715,
      11.305380821228027,
      4.926122665405273,
      8.174092292785645,
      3.4281787872314453,
      8.250840187072754,
      7.1990251541137695,
      12.095283508300781,
      7.456012725830078,
      13.918017387390137,
      6.86586856842041,
      15.79083251953125,
      9.339273452758789,
      18.29172134399414,
      13.02534294128418,
      23.572282791137695,
      16.368059158325195,
      32.25951385498047
    ]
  ],
  "covariance_short": [
    [
      46.72474670410156,
      10.893912315368652,
      8.4983549118042,
      4.590451717376709,
      2.486318349838257,
      3.391270875930786,
      0.6713672280311584,
      2.711679697036743,
      1.7026879787445068,
      3.6017470359802246,
      1.373067855834961,
      3.2029542922973633,
      0.34369441866874695,
      2.422421932220459,
      0.6818446516990662,
      2.5157546997070312,
      2.185917615890503,
      4.414004802703857
    ],
    [
      10.893912315368652,
      54.54445266723633,
      8.3659029006958,
      17.10333824157715,
      5.31484842300415,
      10.170852661132812,
      5.698318958282471,
      9.351489067077637,
      8.736348152160645,
      11.391539573669434,
      5.8223724365234375,
      9.905898094177246,
      6.892663478851318,
      9.877324104309082,
      7.512524127960205,
      10.595582008361816,
      8.166718482971191,
      12.268070220947266
    ],
    [
      8.4983549118042,
      8.3659029006958,
      22.995119094848633,
      8.551100730895996,
      8.415942192077637,
      6.643997669219971,
      4.2685227394104,
      6.114972114562988,
      7.126156330108643,
      7.332665920257568,
      7.17789888381958,
      7.4767374992370605,
      9.769765853881836,
      8.475484848022461,
      11.872274398803711,
      10.436946868896484,
      12.22474193572998,
      12.055159568786621
    ],
    [
      4.590451717376709,
      17.10333824157715,
      8.551100730895996,
      23.495454788208008,
      4.565796375274658,
      10.574352264404297,
      5.875959873199463,
      9.477131843566895,
      7.13714075088501,
      10.90670108795166,
      5.6082305908203125,
      10.887696266174316,
      6.461306095123291,
      10.723992347717285,
      6.438994407653809,
      11.058243751525879,
      7.693697929382324,
      12.924883842468262
    ],
    [
      2.486318349838257,
      5.31484842300415,
      8.415942192077637,
      4.565796375274658,
      27.072357177734375,
      9.595946311950684,
      16.142414093017578,
      6.910146236419678,
      13.292658805847168,
      6.909575939178467,
      12.98193359375,
      6.261261463165283,
      12.077569007873535,
      6.621023654937744,
      13.804936408996582,
      8.731966972351074,
      13.951340675354004,
      9.336495399475098
    ],
    [
      3.391270875930786,
      10.170852661132812,
      6.643997669219971,
      10.574352264404297,
      9.595946311950684,
      20.24161720275879,
      8.916678428649902,
      12.495479583740234,
      7.8359832763671875,
      12.831167221069336,
      6.053465366363525,
      11.750226020812988,
      6.1465654373168945,
      10.35733413696289,
      7.015296936035156,
      10.488710403442383,
      8.320981979370117,
      12.752344131469727
    ],
    [
      0.6713672280311584,
      5.698318958282471,
      4.2685227394104,
      5.875959873199463,
      16.142414093017578,
      8.916678428649902,
      37.48978042602539,
      15.322864532470703,
      21.361976623535156,
      13.06796932220459,
      17.92849349975586,
      10.921398162841797,
      15.896942138671875,
      10.552133560180664,
      14.731733322143555,
      11.39804458618164,
      15.024353981018066,
      12.42728328704834
    ],
    [
      2.711679697036743,
      9.351489067077637,
      6.114972114562988,
      9.477131843566895,
      6.910146236419678,
      12.495479583740234,
      15.322864532470703,
      24.05965232849121,
      12.108122825622559,
      18.66621208190918,
      9.423330307006836,
      17.592683792114258,
      9.470784187316895,
      15.46883773803711,
      9.566009521484375,
      14.476046562194824,
      11.134432792663574,
      17.45244598388672
    ],
    [
      1.7026879787445068,
      8.736348152160645,
      7.126156330108643,
      7.13714075088501,
      13.292658805847168,
      7.8359832763671875,
      21.361976623535156,
      12.108122825622559,
      35.63092041015625,
      15.512701034545898,
      23.949539184570312,
      13.612831115722656,
      21.244632720947266,
      13.432219505310059,
      19.88031578063965,
      15.123941421508789,
      19.72684097290039,
      15.62840461730957
    ],
    [
      3.6017470359802246,
      11.391539573669434,
      7.332665920257568,
      10.90670108795166,
      6.909575939178467,
      12.831167221069336,
      13.06796932220459,
      18.66621208190918,
      15.512701034545898,
      23.837533950805664,
      11.155545234680176,
      19.911779403686523,
      11.421571731567383,
      17.692296981811523,
      10.897937774658203,
      16.384180068969727,
      12.474245071411133,
      19.09063148498535
    ],
    [
      1.373067855834961,
      5.8223724365234375,
      7.17789888381958,
      5.6082305908203125,
      12.98193359375,
      6.053465366363525,
      17.92849349975586,
      9.423330307006836,
      23.949539184570312,
      11.155545234680176,
      26.45212173461914,
      12.646522521972656,
      22.526138305664062,
      13.98222541809082,
      21.679115295410156,
      15.880623817443848,
      19.72686767578125,
      15.479879379272461
    ],
    [
      3.2029542922973633,
      9.905898094177246,
      7.4767374992370605,
      10.887696266174316,
      6.261261463165283,
      11.750226020812988,
      10.921398162841797,
      17.592683792114258,
      13.612831115722656,
      19.911779403686523,
      12.646522521972656,
      23.932844161987305,
      13.431260108947754,
      21.444900512695312,
      13.363600730895996,
      20.570314407348633,
      14.169405937194824,
      22.400510787963867
    ],
    [
      0.34369441866874695,
      6.892663478851318,
      9.769765853881836,
      6.461306095123291,
      12.077569007873535,
      6.1465654373168945,
      15.896942138671875,
      9.470784187316895,
      21.244632720947266,
      11.421571731567383,
      22.526138305664062,
      13.431260108947754,
      32.224212646484375,
      19.358736038208008,
      33.49886703491211,
      24.57274055480957,
      30.84078598022461,
      23.650772094726562
    ],
    [
      2.422421932220459,
      9.877324104309082,
      8.475484848022461,
      10.723992347717285,
      6.621023654937744,
      10.35733413696289,
      10.552133560180664,
      15.46883773803711,
      13.432219505310059,
      17.692296981811523,
      13.98222541809082,
      21.444900512695312,
      19.358736038208008,
      28.716032028198242,
      21.37537384033203,
      30.07283592224121,
      21.02873992919922,
      30.417726516723633
    ],
    [
      0.6818446516990662,
      7.512524127960205,
      11.872274398803711,
      6.438994407653809,
      13.804936408996582,
      7.015296936035156,
      14.731733322143555,
      9.566009521484375,
      19.88031578063965,
      10.897937774658203,
      21.679115295410156,
      13.363600730895996,
      33.49886703491211,
      21.37537384033203,
      48.00307846069336,
      34.379539489746094,
      44.73712921142578,
      34.42283248901367
    ],
    [
      2.5157546997070312,
      10.595582008361816,
      10.436946868896484,
      11.058243751525879,
      8.731966972351074,
      10.488710403442383,
      11.39804458618164,
      14.476046562194824,
      15.123941421508789,
      16.384180068969727,
      15.880623817443848,
      20.570314407348633,
      24.57274055480957,
      30.07283592224121,
      34.379539489746094,
      44.42777633666992,
      34.19575500488281,
      43.62112808227539
    ],
    [
      2.185917615890503,
      8.166718482971191,
      12.22474193572998,
      7.693697929382324,
      13.951340675354004,
      8.320981979370117,
      15.024353981018066,
      11.134432792663574,
      19.72684097290039,
      12.474245071411133,
      19.72686767578125,
      14.169405937194824,
      30.84078598022461,
      21.02873992919922,
      44.73712921142578,
      34.19575500488281,
      53.1789436340332,
      40.40708541870117
    ],
    [
      4.414004802703857,
      12.268070220947266,
      12.055159568786621,
      12.924883842468262,
      9.336495399475098,
      12.752344131469727,
      12.42728328704834,
      17.45244598388672,
      15.62840461730957,
      19.09063148498535,
      15.479879379272461,
      22.400510787963867,
      23.650772094726562,
      30.417726516723633,
      34.42283248901367,
      43.62112808227539,
      40.40708541870117,
      54.4019889831543
    ]
  ],
  "drr": 15.813576698303223,
  "dynamics": 2.424912452697754,
  "format": 1245190,
  "frames": 13158400,
  "loudness": -9.517223358154297,
  "loudness_range": 5.65920352935791,
  "loudness_range_short": 8.238858222961426,
  "peak": 0.28127560019493103,
  "rms": -12.198990821838379,
  "sample_rate": 44100,
  "sections": 1,
  "seekable": 1,
  "sharpness": 2.5260443687438965,
  "space": -10.479997634887695
}