{
  "bands": [
    {
      "high_freq": 148.1999969482422,
      "loudness": -31.949140548706055,
      "loudness_range": 15.731019973754883,
      "mid_mean": -28.371095657348633,
      "mid_to_side_loudness": -16.004108428955078,
      "mid_to_side_loudness_range": 7.063974380493164,
      "side_mean": -44.802425384521484
    },
    {
      "high_freq": 392.3793640136719,
      "loudness": -27.713356018066406,
      "loudness_range": 14.271913528442383,
      "low_freq": 148.1999969482422,
      "mid_mean": -24.396726608276367,
      "mid_to_side_loudness": -14.703187942504883,
      "mid_to_side_loudness_range": 18.42723274230957,
      "side_mean": -39.27163314819336
    },
    {
      "high_freq": 794.6976318359375,
      "loudness": -34.68416213989258,
      "loudness_range": 18.454837799072266,
      "low_freq": 392.3793640136719,
      "mid_mean": -31.99513053894043,
      "mid_to_side_loudness": -10.682555198669434,
      "mid_to_side_loudness_range": 19.04355239868164,
      "side_mean": -42.75721740722656
    },
    {
      "high_freq": 1457.5709228515625,
      "loudness": -42.67305374145508,
      "loudness_range": 24.116945266723633,
      "low_freq": 794.6976318359375,
      "mid_mean": -40.6119384765625,
      "mid_to_side_loudness": -5.063889026641846,
      "mid_to_side_loudness_range": 13.004591941833496,
      "side_mean": -45.78021240234375
    },
    {
      "high_freq": 2549.74365234375,
      "loudness": -44.76465606689453,
      "loudness_range": 25.26896095275879,
      "low_freq": 1457.5709228515625,
      "mid_mean": -42.463890075683594,
      "mid_to_side_loudness": -5.931286334991455,
      "mid_to_side_loudness_range": 13.88633918762207,
      "side_mean": -48.66615676879883
    },
    {
      "high_freq": 4349.24462890625,
      "loudness": -43.904930114746094,
      "loudness_range": 23.33163070678711,
      "low_freq": 2549.74365234375,
      "mid_mean": -41.35170364379883,
      "mid_to_side_loudness": -7.134327411651611,
      "mid_to_side_loudness_range": 14.265186309814453,
      "side_mean": -49.058441162109375
    },
    {
      "high_freq": 7314.1640625,
      "loudness": -47.74359893798828,
      "loudness_range": 24.956533432006836,
      "low_freq": 4349.24462890625,
      "mid_mean": -45.35788345336914,
      "mid_to_side_loudness": -5.799358367919922,
      "mid_to_side_loudness_range": 10.79389762878418,
      "side_mean": -51.83041763305664
    },
    {
      "high_freq": 12199.2666015625,
      "loudness": -53.91608428955078,
      "loudness_range": 28.804550170898438,
      "low_freq": 7314.1640625,
      "mid_mean": -52.25945281982422,
      "mid_to_side_loudness": -4.160773754119873,
      "mid_to_side_loudness_range": 8.683622360229492,
      "side_mean": -56.18133544921875
    },
    {
      "loudness": -67.3995590209961,
      "loudness_range": 20.275909423828125,
      "low_freq": 12199.2666015625,
      "mid_mean": -63.539161682128906,
      "mid_to_side_loudness": -3.044620990753174,
      "mid_to_side_loudness_range": 6.266530990600586,
      "side_mean": -65.67694854736328
    }
  ],
  "bands_short": [
    {
      "high_freq": 148.1999969482422,
      "loudness": -38.57692337036133,
      "loudness_range": 22.568822860717773,
      "mid_mean": -35.01899337768555,
      "mid_to_side_loudness": -14.321444511413574,
      "mid_to_side_loudness_range": 12.284284591674805,
      "side_mean": -50.018638610839844
    },
    {
      "high_freq": 392.3793640136719,
      "loudness": -27.473751068115234,
      "loudness_range": 16.5921688079834,
      "low_freq": 148.1999969482422,
      "mid_mean": -24.100963592529297,
      "mid_to_side_loudness": -15.048157691955566,
      "mid_to_side_loudness_range": 18.398334503173828,
      "side_mean": -39.33199691772461
    },
    {
      "high_freq": 794.6976318359375,
      "loudness": -34.47749710083008,
      "loudness_range": 19.66490364074707,
      "low_freq": 392.3793640136719,
      "mid_mean": -31.714496612548828,
      "mid_to_side_loudness": -11.486221313476562,
      "mid_to_side_loudness_range": 20.063657760620117,
      "side_mean": -43.127891540527344
    },
    {
      "high_freq": 1457.5709228515625,
      "loudness": -43.55143737792969,
      "loudness_range": 27.205078125,
      "low_freq": 794.6976318359375,
      "mid_mean": -41.5782470703125,
      "mid_to_side_loudness": -5.322741985321045,
      "mid_to_side_loudness_range": 15.309283256530762,
      "side_mean": -47.06526565551758
    },
    {
      "high_freq": 2549.74365234375,
      "loudness": -46.69405746459961,
      "loudness_range": 28.04434585571289,
      "low_freq": 1457.5709228515625,
      "mid_mean": -44.511436462402344,
      "mid_to_side_loudness": -6.099092960357666,
      "mid_to_side_loudness_range": 15.139107704162598,
      "side_mean": -50.99275588989258
    },
    {
      "high_freq": 4349.24462890625,
      "loudness": -45.80809783935547,
      "loudness_range": 27.601089477539062,
      "low_freq": 2549.74365234375,
      "mid_mean": -43.406620025634766,
      "mid_to_side_loudness": -7.772635459899902,
      "mid_to_side_loudness_range": 15.774819374084473,
      "side_mean": -51.77324295043945
    },
    {
      "high_freq": 7314.1640625,
      "loudness": -51.01472091674805,
      "loudness_range": 28.559547424316406,
      "low_freq": 4349.24462890625,
      "mid_mean": -49.013919830322266,
      "mid_to_side_loudness": -6.256885051727295,
      "mid_to_side_loudness_range": 10.97012710571289,
      "side_mean": -55.09062957763672
    },
    {
      "high_freq": 12199.2666015625,
      "loudness": -57.82967758178711,
      "loudness_range": 31.361221313476562,
      "low_freq": 7314.1640625,
      "mid_mean": -55.52668380737305,
      "mid_to_side_loudness": -4.4656782150268555,
      "mid_to_side_loudness_range": 8.057937622070312,
      "side_mean": -59.25883865356445
    },
    {
      "loudness": -70.78904724121094,
      "loudness_range": 22.510234832763672,
      "low_freq": 12199.2666015625,
      "mid_mean": -65.23910522460938,
      "mid_to_side_loudness": -3.304612636566162,
      "mid_to_side_loudness_range": 5.622981548309326,
      "side_mean": -66.85896301269531
    }
  ],
  "channels": 2,
  "covariance": [
    [
      33.49078369140625,
      28.485300064086914,
      7.898285388946533,
      -4.359973907470703,
      0.860734760761261,
      -15.008569717407227,
      -1.7601735591888428,
      -11.076623916625977,
      1.0375813245773315,
      -8.859743118286133,
      2.646719217300415,
      -6.730181694030762,
      10.989309310913086,
      5.257055759429932,
      14.07677936553955,
      7.408744812011719,
      4.495710849761963,
      1.6892534494400024
    ],
    [
      28.485300064086914,
      31.192855834960938,
      5.629594326019287,
      -5.09690523147583,
      1.3241513967514038,
      -11.641565322875977,
      -1.2566238641738892,
      -7.1780548095703125,
      1.857983112335205,
      -4.790665149688721,
      3.2311251163482666,
      -2.3241641521453857,
      10.581000328063965,
      7.794489860534668,
      14.897774696350098,
      8.810945510864258,
      4.524131774902344,
      2.0169601440429688
    ],
    [
      7.898285388946533,
      5.629594326019287,
      28.610958099365234,
      14.604414939880371,
      12.607054710388184,
      -7.565007209777832,
      6.8701348304748535,
      -3.1886096000671387,
      6.5588812828063965,
      -1.0715010166168213,
      8.005331993103027,
      0.49742501974105835,
      14.443584442138672,
      10.987059593200684,
      19.80512046813965,
      12.15652847290039,
      9.597188949584961,
      4.756453990936279
    ],
    [
      -4.359973907470703,
      -5.09690523147583,
      14.604414939880371,
      39.13765335083008,
      20.111154556274414,
      37.497982025146484,
      18.32164192199707,
      24.742277145385742,
      8.140562057495117,
      17.200130462646484,
      6.144462585449219,
      16.361967086791992,
      -2.2131550312042236,
      3.3053433895111084,
      -1.6227242946624756,
      0.1924525797367096,
      -0.6252076029777527,
      0.3396640717983246
    ],
    [
      0.860734760761261,
      1.3241513967514038,
      12.607054710388184,
      20.111154556274414,
      38.045738220214844,
      40.617576599121094,
      33.032405853271484,
      31.0489501953125,
      25.773494720458984,
      30.85765838623047,
      19.143390655517578,
      27.590879440307617,
      5.359700679779053,
      12.65870189666748,
      7.024142742156982,
      8.431687355041504,
      3.319967269897461,
      3.6033642292022705
    ],
    [
      -15.008569717407227,
      -11.641565322875977,
      -7.565007209777832,
      37.497982025146484,
      40.617576599121094,
      103.25397491455078,
      51.46641159057617,
      76.32076263427734,
      38.42195510864258,
      68.85601043701172,
      24.561342239379883,
      60.83645248413086,
      -11.711480140686035,
      10.334335327148438,
      -15.728357315063477,
      -1.386060357093811,
      -8.20775318145752,
      -0.25578999519348145
    ],
    [
      -1.7601735591888428,
      -1.2566238641738892,
      6.8701348304748535,
      18.32164192199707,
      33.032405853271484,
      51.46641159057617,
      60.9919548034668,
      59.52232360839844,
      42.48396301269531,
      54.55325698852539,
      30.760990142822266,
      48.67255401611328,
      8.37231159210205,
      19.919618606567383,
      7.3066935539245605,
      12.420801162719727,
      2.914761543273926,
      4.722280025482178
    ],
    [
      -11.076623916625977,
      -7.1780548095703125,
      -3.1886096000671387,
      24.742277145385742,
      31.0489501953125,
      76.32076263427734,
      59.52232360839844,
      85.79224395751953,
      46.54079055786133,
      75.9621810913086,
      31.25360870361328,
      67.0936508178711,
      -2.3506813049316406,
      20.088834762573242,
      -3.833066940307617,
      8.50942611694336,
      -3.0044450759887695,
      3.1532583236694336
    ],
    [
      1.0375813245773315,
      1.857983112335205,
      6.5588812828063965,
      8.140562057495117,
      25.773494720458984,
      38.42195510864258,
      42.48396301269531,
      46.54079055786133,
      61.17596435546875,
      58.86716079711914,
      48.59016036987305,
      54.75981903076172,
      25.067873001098633,
      30.647119522094727,
      25.27333641052246,
      25.23883628845215,
      10.768136978149414,
      8.930374145507812
    ],
    [
      -8.859743118286133,
      -4.790665149688721,
      -1.0715010166168213,
      17.200130462646484,
      30.85765838623047,
      68.85601043701172,
      54.55325698852539,
      75.9621810913086,
      58.86716079711914,
      85.1658935546875,
      41.62894821166992,
      74.13206481933594,
      6.123744010925293,
      28.05607795715332,
      6.337944984436035,
      16.481002807617188,
      1.2968014478683472,
      5.807886123657227
    ],
    [
      2.646719217300415,
      3.2311251163482666,
      8.005331993103027,
      6.144462585449219,
      19.143390655517578,
      24.561342239379883,
      30.760990142822266,
      31.25360870361328,
      48.59016036987305,
      41.62894821166992,
      54.47825241088867,
      47.6179084777832,
      38.25654983520508,
      33.60806655883789,
      36.80742645263672,
      31.292837142944336,
      16.72109603881836,
      11.13086986541748
    ],
    [
      -6.730181694030762,
      -2.3241641521453857,
      0.49742501974105835,
      16.361967086791992,
      27.590879440307617,
      60.83645248413086,
      48.67255401611328,
      67.0936508178711,
      54.75981903076172,
      74.13206481933594,
      47.6179084777832,
      75.35635375976562,
      14.808050155639648,
      33.50868225097656,
      16.608736038208008,
      23.10977554321289,
      5.826981067657471,
      7.933608531951904
    ],
    [
      10.989309310913086,
      10.581000328063965,
      14.443584442138672,
      -2.2131550312042236,
      5.359700679779053,
      -11.711480140686035,
      8.37231159210205,
      -2.3506813049316406,
      25.067873001098633,
      6.123744010925293,
      38.25654983520508,
      14.808050155639648,
      71.35857391357422,
      47.59248352050781,
      73.16292572021484,
      51.64406967163086,
      37.86133575439453,
      19.76087760925293
    ],
    [
      5.257055759429932,
      7.794489860534668,
      10.987059593200684,
      3.3053433895111084,
      12.65870189666748,
      10.334335327148438,
      19.919618606567383,
      20.088834762573242,
      30.647119522094727,
      28.05607795715332,
      33.60806655883789,
      33.50868225097656,
      47.59248352050781,
      48.414772033691406,
      55.21147155761719,
      44.297367095947266,
      27.031986236572266,
      16.804628372192383
    ],
    [
      14.07677936553955,
      14.897774696350098,
      19.80512046813965,
      -1.6227242946624756,
      7.024142742156982,
      -15.728357315063477,
      7.3066935539245605,
      -3.833066940307617,
      25.27333641052246,
      6.337944984436035,
      36.80742645263672,
      16.608736038208008,
      73.16292572021484,
      55.21147155761719,
      91.97114562988281,
      64.58999633789062,
      46.25166320800781,
      24.03044891357422
    ],
    [
      7.408744812011719,
      8.810945510864258,
      12.15652847290039,
      0.1924525797367096,
      8.431687355041504,
      -1.386060357093811,
      12.420801162719727,
      8.50942611694336,
      25.23883628845215,
      16.481002807617188,
      31.292837142944336,
      23.10977554321289,
      51.64406967163086,
      44.297367095947266,
      64.58999633789062,
      49.03773880004883,
      32.56095504760742,
      18.6947078704834
    ],
    [
      4.495710849761963,
      4.524131774902344,
      9.597188949584961,
      -0.6252076029777527,
      3.319967269897461,
      -8.20775318145752,
      2.914761543273926,
      -3.0044450759887695,
      10.768136978149414,
      1.2968014478683472,
      16.72109603881836,
      5.826981067657471,
      37.86133575439453,
      27.031986236572266,
      46.25166320800781,
      32.56095504760742,
      28.10892105102539,
      15.204099655151367
    ],
    [
      1.6892534494400024,
      2.0169601440429688,
      4.756453990936279,
      0.3396640717983246,
      3.6033642292022705,
      -0.25578999519348145,
      4.722280025482178,
      3.1532583236694336,
      8.930374145507812,
      5.807886123657227,
      11.13086986541748,
      7.933608531951904,
      19.76087760925293,
      16.804628372192383,
      24.03044891357422,
      18.6947078704834,
      15.204099655151367,
      9.774084091186523
    ]
  ],
  "covariance_short": [
    [
      56.80857849121094,
      41.81671905517578,
      11.518119812011719,
      6.223931312561035,
      6.863914966583252,
      -3.1164560317993164,
      3.3838157653808594,
      -1.6142147779464722,
      4.870447158813477,
      -1.0395103693008423,
      4.838483810424805,
      -0.8569279909133911,
      13.28623104095459,
      6.724853992462158,
      11.595782279968262,
      6.772620677947998,
      3.2488160133361816,
      1.7626776695251465
    ],
    [
      41.81671905517578,
      44.447288513183594,
      5.698822498321533,
      2.4701485633850098,
      4.543283462524414,
      -0.9068313241004944,
      2.3446290493011475,
      1.2301599979400635,
      3.320235013961792,
      6.757509708404541,
      3.032029867172241,
      6.545356750488281,
      10.613202095031738,
      10.333407402038574,
      12.540606498718262,
      8.568343162536621,
      3.6737496852874756,
      2.367971897125244
    ],
    [
      11.518119812011719,
      5.698822498321533,
      38.9536018371582,
      22.655282974243164,
      17.247526168823242,
      -7.404511451721191,
      9.208539009094238,
      -4.333985805511475,
      8.783147811889648,
      -2.4209089279174805,
      10.834545135498047,
      -1.094159483909607,
      19.03266716003418,
      8.070606231689453,
      13.694600105285645,
      6.838679790496826,
      2.8221120834350586,
      0.8066869378089905
    ],
    [
      6.223931312561035,
      2.4701485633850098,
      22.655282974243164,
      39.52876281738281,
      20.64301872253418,
      25.404142379760742,
      15.27420711517334,
      14.000845909118652,
      8.063835144042969,
      10.546050071716309,
      6.94495153427124,
      11.229729652404785,
      3.1124374866485596,
      3.1831471920013428,
      -0.25921887159347534,
      -0.2939589321613312,
      -2.7122936248779297,
      -1.6938865184783936
    ],
    [
      6.863914966583252,
      4.543283462524414,
      17.247526168823242,
      20.64301872253418,
      45.379730224609375,
      43.41758346557617,
      36.16520309448242,
      34.32649230957031,
      31.5007266998291,
      33.88235855102539,
      25.261241912841797,
      31.65061378479004,
      12.519759178161621,
      14.14184284210205,
      6.407241344451904,
      7.443364143371582,
      -0.6339145302772522,
      0.3277825117111206
    ],
    [
      -3.1164560317993164,
      -0.9068313241004944,
      -7.404511451721191,
      25.404142379760742,
      43.41758346557617,
      106.0721206665039,
      57.923736572265625,
      83.89225006103516,
      47.808876037597656,
      77.28025817871094,
      32.414859771728516,
      71.1640853881836,
      -3.0107569694519043,
      17.623889923095703,
      -8.560381889343262,
      4.357283592224121,
      -6.281534671783447,
      -0.6422056555747986
    ],
    [
      3.3838157653808594,
      2.3446290493011475,
      9.208539009094238,
      15.27420711517334,
      36.16520309448242,
      57.923736572265625,
      76.17411804199219,
      72.18736267089844,
      54.22710037231445,
      65.6274642944336,
      42.210411071777344,
      60.644901275634766,
      21.391794204711914,
      28.951221466064453,
      11.904250144958496,
      16.81085777282715,
      3.1634750366210938,
      4.53068208694458
    ],
    [
      -1.6142147779464722,
      1.2301599979400635,
      -4.333985805511475,
      14.000845909118652,
      34.32649230957031,
      83.89225006103516,
      72.18736267089844,
      105.42733001708984,
      58.61672592163086,
      91.72266387939453,
      41.2265625,
      81.9808578491211,
      12.673934936523438,
      30.893814086914062,
      4.390740871429443,
      15.889349937438965,
      0.13501612842082977,
      4.254061222076416
    ],
    [
      4.870447158813477,
      3.320235013961792,
      8.783147811889648,
      8.063835144042969,
      31.5007266998291,
      47.808876037597656,
      54.22710037231445,
      58.61672592163086,
      82.8387451171875,
      77.67064666748047,
      68.08438110351562,
      75.82192993164062,
      42.61670684814453,
      46.397029876708984,
      34.795677185058594,
      35.97159957885742,
      12.263288497924805,
      10.537715911865234
    ],
    [
      -1.0395103693008423,
      6.757509708404541,
      -2.4209089279174805,
      10.546050071716309,
      33.88235855102539,
      77.28025817871094,
      65.6274642944336,
      91.72266387939453,
      77.67064666748047,
      109.76016998291016,
      57.90691375732422,
      98.47003173828125,
      25.53895378112793,
      46.0601692199707,
      19.917842864990234,
      29.507308959960938,
      6.019940376281738,
      8.7183256149292
    ],
    [
      4.838483810424805,
      3.032029867172241,
      10.834545135498047,
      6.94495153427124,
      25.261241912841797,
      32.414859771728516,
      42.210411071777344,
      41.2265625,
      68.08438110351562,
      57.90691375732422,
      80.03477478027344,
      71.7123794555664,
      58.04816436767578,
      55.07937240600586,
      51.341835021972656,
      46.626914978027344,
      20.340574264526367,
      14.45867919921875
    ],
    [
      -0.8569279909133911,
      6.545356750488281,
      -1.094159483909607,
      11.229729652404785,
      31.65061378479004,
      71.1640853881836,
      60.644901275634766,
      81.9808578491211,
      75.82192993164062,
      98.47003173828125,
      71.7123794555664,
      107.63080596923828,
      41.550628662109375,
      59.42390823364258,
      36.033599853515625,
      42.943267822265625,
      13.788890838623047,
      13.993330955505371
    ],
    [
      13.28623104095459,
      10.613202095031738,
      19.03266716003418,
      3.1124374866485596,
      12.519759178161621,
      -3.0107569694519043,
      21.391794204711914,
      12.673934936523438,
      42.61670684814453,
      25.53895378112793,
      58.04816436767578,
      41.550628662109375,
      96.93968200683594,
      75.48025512695312,
      87.59060668945312,
      69.26171112060547,
      41.38972473144531,
      25.616296768188477
    ],
    [
      6.724853992462158,
      10.333407402038574,
      8.070606231689453,
      3.1831471920013428,
      14.14184284210205,
      17.623889923095703,
      28.951221466064453,
      30.893814086914062,
      46.397029876708984,
      46.0601692199707,
      55.07937240600586,
      59.42390823364258,
      75.48025512695312,
      72.79553985595703,
      69.57220458984375,
      62.15047073364258,
      33.6253776550293,
      23.932662963867188
    ],
    [
      11.595782279968262,
      12.540606498718262,
      13.694600105285645,
      -0.25921887159347534,
      6.407241344451904,
      -8.560381889343262,
      11.904250144958496,
      4.390740871429443,
      34.795677185058594,
      19.917842864990234,
      51.341835021972656,
      36.033599853515625,
      87.59060668945312,
      69.57220458984375,
      94.66019439697266,
      74.76165008544922,
      45.76835632324219,
      28.05211639404297
    ],
    [
      6.772620677947998,
      8.568343162536621,
      6.838679790496826,
      -0.2939589321613312,
      7.443364143371582,
      4.357283592224121,
      16.81085777282715,
      15.889349937438965,
      35.97159957885742,
      29.507308959960938,
      46.626914978027344,
      42.943267822265625,
      69.26171112060547,
      62.15047073364258,
      74.76165008544922,
      64.59329986572266,
      37.14036178588867,
      25.17743492126465
    ],
    [
      3.2488160133361816,
      3.6737496852874756,
      2.8221120834350586,
      -2.7122936248779297,
      -0.6339145302772522,
      -6.281534671783447,
      3.1634750366210938,
      0.13501612842082977,
      12.263288497924805,
      6.019940376281738,
      20.340574264526367,
      13.788890838623047,
      41.38972473144531,
      33.6253776550293,
      45.76835632324219,
      37.14036178588867,
      28.9055233001709,
      18.589401245117188
    ],
    [
      1.7626776695251465,
      2.367971897125244,
      0.8066869378089905,
      -1.6938865184783936,
      0.3277825117111206,
      -0.6422056555747986,
      4.53068208694458,
      4.254061222076416,
      10.537715911865234,
      8.7183256149292,
      14.45867919921875,
      13.993330955505371,
      25.616296768188477,
      23.932662963867188,
      28.05211639404297,
      25.17743492126465,
      18.589401245117188,
      14.057435035705566
    ]
  ],
  "drr": 13.522454261779785,
  "dynamics": 3.6014225482940674,
  "format": 1245190,
  "frames": 10718144,
  "loudness": -20.076658248901367,
  "loudness_range": 10.473944664001465,
  "loudness_range_short": 13.02780818939209,
  "peak": -4.266086101531982,
  "rms": -21.432939529418945,
  "sample_rate": 44100,
  "sections": 1,
  "seekable": 1,
  "sharpness": 2.847343683242798,
  "space": -12.341572761535645
}