{
  "bands": [
    {
      "high_freq": 148.1999969482422,
      "loudness": -36.03951644897461,
      "loudness_range": 19.93753433227539,
      "mid_mean": -33.61519241333008,
      "mid_to_side_loudness": -6.5260329246521,
      "mid_to_side_loudness_range": 14.178860664367676,
      "side_mean": -40.28379440307617
    },
    {
      "high_freq": 392.3793640136719,
      "loudness": -23.67782211303711,
      "loudness_range": 14.487043380737305,
      "low_freq": 148.1999969482422,
      "mid_mean": -21.68654441833496,
      "mid_to_side_loudness": -3.8921453952789307,
      "mid_to_side_loudness_range": 9.68807601928711,
      "side_mean": -25.64461898803711
    },
    {
      "high_freq": 794.6976318359375,
      "loudness": -26.709636688232422,
      "loudness_range": 14.457279205322266,
      "low_freq": 392.3793640136719,
      "mid_mean": -24.920063018798828,
      "mid_to_side_loudness": -3.0315709114074707,
      "mid_to_side_loudness_range": 8.505642890930176,
      "side_mean": -28.035694122314453
    },
    {
      "high_freq": 1457.5709228515625,
      "loudness": -25.852270126342773,
      "loudness_range": 19.50547218322754,
      "low_freq": 794.6976318359375,
      "mid_mean": -24.910232543945312,
      "mid_to_side_loudness": -1.097155213356018,
      "mid_to_side_loudness_range": 10.482070922851562,
      "side_mean": -26.075668334960938
    },
    {
      "high_freq": 2549.74365234375,
      "loudness": -28.29964256286621,
      "loudness_range": 18.019298553466797,
      "low_freq": 1457.5709228515625,
      "mid_mean": -28.231393814086914,
      "mid_to_side_loudness": 0.5075815320014954,
      "mid_to_side_loudness_range": 10.111958503723145,
      "side_mean": -27.621063232421875
    },
    {
      "high_freq": 4349.24462890625,
      "loudness": -35.777889251708984,
      "loudness_range": 18.706085205078125,
      "low_freq": 2549.74365234375,
      "mid_mean": -36.4078369140625,
      "mid_to_side_loudness": 1.867836833000183,
      "mid_to_side_loudness_range": 8.193767547607422,
      "side_mean": -34.50732421875
    },
    {
      "high_freq": 7314.1640625,
      "loudness": -46.8573112487793,
      "loudness_range": 21.58646011352539,
      "low_freq": 4349.24462890625,
      "mid_mean": -45.411006927490234,
      "mid_to_side_loudness": -2.0335984230041504,
      "mid_to_side_loudness_range": 4.851347923278809,
      "side_mean": -47.42481231689453
    },
    {
      "high_freq": 12199.2666015625,
      "loudness": -54.787864685058594,
      "loudness_range": 23.549495697021484,
      "low_freq": 7314.1640625,
      "mid_mean": -53.779449462890625,
      "mid_to_side_loudness": -1.520864725112915,
      "mid_to_side_loudness_range": 3.0386717319488525,
      "side_mean": -55.043575286865234
    },
    {
      "loudness": -60.51152038574219,
      "loudness_range": 21.094459533691406,
      "low_freq": 12199.2666015625,
      "mid_mean": -58.79350662231445,
      "mid_to_side_loudness": -0.9429499506950378,
      "mid_to_side_loudness_range": 2.381650686264038,
      "side_mean": -59.4605827331543
    }
  ],
  "bands_short": [
    {
      "high_freq": 148.1999969482422,
      "loudness": -41.0255126953125,
      "loudness_range": 22.508880615234375,
      "mid_mean": -38.492332458496094,
      "mid_to_side_loudness": -7.782980918884277,
      "mid_to_side_loudness_range": 18.2308349609375,
      "side_mean": -46.63519287109375
    },
    {
      "high_freq": 392.3793640136719,
      "loudness": -24.082258224487305,
      "loudness_range": 15.701570510864258,
      "low_freq": 148.1999969482422,
      "mid_mean": -22.24867057800293,
      "mid_to_side_loudness": -3.816601514816284,
      "mid_to_side_loudness_range": 11.890368461608887,
      "side_mean": -26.153589248657227
    },
    {
      "high_freq": 794.6976318359375,
      "loudness": -26.94242286682129,
      "loudness_range": 16.113073348999023,
      "low_freq": 392.3793640136719,
      "mid_mean": -25.41604232788086,
      "mid_to_side_loudness": -2.853938102722168,
      "mid_to_side_loudness_range": 11.737180709838867,
      "side_mean": -28.310277938842773
    },
    {
      "high_freq": 1457.5709228515625,
      "loudness": -25.9638671875,
      "loudness_range": 19.289995193481445,
      "low_freq": 794.6976318359375,
      "mid_mean": -25.107288360595703,
      "mid_to_side_loudness": -1.2680715322494507,
      "mid_to_side_loudness_range": 13.029905319213867,
      "side_mean": -26.459108352661133
    },
    {
      "high_freq": 2549.74365234375,
      "loudness": -28.72157096862793,
      "loudness_range": 19.00102996826172,
      "low_freq": 1457.5709228515625,
      "mid_mean": -28.8515625,
      "mid_to_side_loudness": 0.512048065662384,
      "mid_to_side_loudness_range": 12.340010643005371,
      "side_mean": -28.18388557434082
    },
    {
      "high_freq": 4349.24462890625,
      "loudness": -36.20730972290039,
      "loudness_range": 20.330785751342773,
      "low_freq": 2549.74365234375,
      "mid_mean": -36.888790130615234,
      "mid_to_side_loudness": 1.734117031097412,
      "mid_to_side_loudness_range": 10.172428131103516,
      "side_mean": -35.08701705932617
    },
    {
      "high_freq": 7314.1640625,
      "loudness": -47.42637252807617,
      "loudness_range": 23.282669067382812,
      "low_freq": 4349.24462890625,
      "mid_mean": -46.121639251708984,
      "mid_to_side_loudness": -2.003340721130371,
      "mid_to_side_loudness_range": 6.780172348022461,
      "side_mean": -48.12287139892578
    },
    {
      "high_freq": 12199.2666015625,
      "loudness": -55.7486572265625,
      "loudness_range": 25.328983306884766,
      "low_freq": 7314.1640625,
      "mid_mean": -54.65447235107422,
      "mid_to_side_loudness": -1.501028060913086,
      "mid_to_side_loudness_range": 4.13812255859375,
      "side_mean": -55.856693267822266
    },
    {
      "loudness": -61.25322723388672,
      "loudness_range": 22.138320922851562,
      "low_freq": 12199.2666015625,
      "mid_mean": -59.37215805053711,
      "mid_to_side_loudness": -0.9898635149002075,
      "mid_to_side_loudness_range": 3.023329019546509,
      "side_mean": -60.045047760009766
    }
  ],
  "channels": 2,
  "covariance": [
    [
      54.07501220703125,
      41.86176681518555,
      22.684310913085938,
      18.827970504760742,
      15.842893600463867,
      13.41535758972168,
      17.670724868774414,
      16.999202728271484,
      21.086624145507812,
      20.70730209350586,
      20.30850601196289,
      18.09998893737793,
      21.79004669189453,
      23.407209396362305,
      25.78508758544922,
      25.258485794067383,
      18.300121307373047,
      18.394338607788086
    ],
    [
      41.86176681518555,
      55.17916488647461,
      18.218442916870117,
      17.060317993164062,
      12.972980499267578,
      12.093255996704102,
      17.39630889892578,
      16.955629348754883,
      19.43621063232422,
      20.172117233276367,
      19.623394012451172,
      18.375314712524414,
      21.36748695373535,
      23.117847442626953,
      25.10879135131836,
      24.574071884155273,
      18.05792999267578,
      18.09468650817871
    ],
    [
      22.684310913085938,
      18.218442916870117,
      33.62932205200195,
      27.459928512573242,
      18.091938018798828,
      17.642641067504883,
      22.29764747619629,
      21.708314895629883,
      23.432586669921875,
      19.90782356262207,
      23.293231964111328,
      21.56890106201172,
      25.03923225402832,
      26.29796600341797,
      28.71277618408203,
      27.545101165771484,
      21.971317291259766,
      21.643630981445312
    ],
    [
      18.827970504760742,
      17.060317993164062,
      27.459928512573242,
      32.000282287597656,
      16.980667114257812,
      16.639511108398438,
      21.12213134765625,
      20.605918884277344,
      22.496944427490234,
      20.732765197753906,
      23.0186824798584,
      23.418724060058594,
      26.12299346923828,
      27.446983337402344,
      28.548580169677734,
      27.586294174194336,
      22.19721031188965,
      21.755203247070312
    ],
    [
      15.842893600463867,
      12.972980499267578,
      18.091938018798828,
      16.980667114257812,
      29.24986457824707,
      22.699548721313477,
      17.894981384277344,
      17.30320167541504,
      20.16587257385254,
      17.569705963134766,
      20.737651824951172,
      18.937406539916992,
      22.987335205078125,
      24.326637268066406,
      25.081565856933594,
      25.109661102294922,
      18.22112274169922,
      18.076372146606445
    ],
    [
      13.41535758972168,
      12.093255996704102,
      17.642641067504883,
      16.639511108398438,
      22.699548721313477,
      25.714033126831055,
      17.900115966796875,
      16.979719161987305,
      20.330781936645508,
      17.587099075317383,
      20.40873908996582,
      18.519607543945312,
      21.766202926635742,
      23.314586639404297,
      24.821807861328125,
      24.585044860839844,
      18.047876358032227,
      17.95496940612793
    ],
    [
      17.670724868774414,
      17.39630889892578,
      22.29764747619629,
      21.12213134765625,
      17.894981384277344,
      17.900115966796875,
      40.91977310180664,
      40.5963249206543,
      27.799022674560547,
      24.592472076416016,
      30.840267181396484,
      28.31604766845703,
      32.37895965576172,
      34.53176498413086,
      37.19327163696289,
      36.503047943115234,
      28.198898315429688,
      28.552566528320312
    ],
    [
      16.999202728271484,
      16.955629348754883,
      21.708314895629883,
      20.605918884277344,
      17.30320167541504,
      16.979719161987305,
      40.5963249206543,
      51.69270706176758,
      28.967975616455078,
      25.897323608398438,
      30.07275390625,
      26.795942306518555,
      30.66208839416504,
      33.60813903808594,
      37.528541564941406,
      36.82530975341797,
      28.110671997070312,
      28.820537567138672
    ],
    [
      21.086624145507812,
      19.43621063232422,
      23.432586669921875,
      22.496944427490234,
      20.16587257385254,
      20.330781936645508,
      27.799022674560547,
      28.967975616455078,
      41.44923400878906,
      38.474735260009766,
      33.21420669555664,
      30.496150970458984,
      35.17539596557617,
      38.193565368652344,
      36.220802307128906,
      35.95597839355469,
      27.321550369262695,
      27.396644592285156
    ],
    [
      20.70730209350586,
      20.172117233276367,
      19.90782356262207,
      20.732765197753906,
      17.569705963134766,
      17.587099075317383,
      24.592472076416016,
      25.897323608398438,
      38.474735260009766,
      47.59999465942383,
      32.570125579833984,
      31.994014739990234,
      36.10498809814453,
      39.63705062866211,
      35.20001983642578,
      35.356266021728516,
      26.732175827026367,
      26.593544006347656
    ],
    [
      20.30850601196289,
      19.623394012451172,
      23.293231964111328,
      23.0186824798584,
      20.737651824951172,
      20.40873908996582,
      30.840267181396484,
      30.07275390625,
      33.21420669555664,
      32.570125579833984,
      42.429725646972656,
      39.32115173339844,
      42.8892822265625,
      44.53483581542969,
      41.348575592041016,
      40.76799011230469,
      32.29056167602539,
      32.097259521484375
    ],
    [
      18.09998893737793,
      18.375314712524414,
      21.56890106201172,
      23.418724060058594,
      18.937406539916992,
      18.519607543945312,
      28.31604766845703,
      26.795942306518555,
      30.496150970458984,
      31.994014739990234,
      39.32115173339844,
      45.34014892578125,
      45.15389633178711,
      46.74590301513672,
      40.732826232910156,
      40.43727111816406,
      32.278358459472656,
      31.529298782348633
    ],
    [
      21.79004669189453,
      21.36748695373535,
      25.03923225402832,
      26.12299346923828,
      22.987335205078125,
      21.766202926635742,
      32.37895965576172,
      30.66208839416504,
      35.17539596557617,
      36.10498809814453,
      42.8892822265625,
      45.15389633178711,
      55.317626953125,
      55.387874603271484,
      48.63629150390625,
      48.259254455566406,
      37.972434997558594,
      37.29975891113281
    ],
    [
      23.407209396362305,
      23.117847442626953,
      26.29796600341797,
      27.446983337402344,
      24.326637268066406,
      23.314586639404297,
      34.53176498413086,
      33.60813903808594,
      38.193565368652344,
      39.63705062866211,
      44.53483581542969,
      46.74590301513672,
      55.387874603271484,
      59.29130172729492,
      51.373023986816406,
      51.05018997192383,
      39.7154426574707,
      39.13237380981445
    ],
    [
      25.78508758544922,
      25.10879135131836,
      28.71277618408203,
      28.548580169677734,
      25.081565856933594,
      24.821807861328125,
      37.19327163696289,
      37.528541564941406,
      36.220802307128906,
      35.20001983642578,
      41.348575592041016,
      40.732826232910156,
      48.63629150390625,
      51.373023986816406,
      65.96868896484375,
      63.714778900146484,
      48.85462951660156,
      48.627830505371094
    ],
    [
      25.258485794067383,
      24.574071884155273,
      27.545101165771484,
      27.586294174194336,
      25.109661102294922,
      24.585044860839844,
      36.503047943115234,
      36.82530975341797,
      35.95597839355469,
      35.356266021728516,
      40.76799011230469,
      40.43727111816406,
      48.259254455566406,
      51.05018997192383,
      63.714778900146484,
      62.61673355102539,
      47.674495697021484,
      47.424415588378906
    ],
    [
      18.300121307373047,
      18.05792999267578,
      21.971317291259766,
      22.19721031188965,
      18.22112274169922,
      18.047876358032227,
      28.198898315429688,
      28.110671997070312,
      27.321550369262695,
      26.732175827026367,
      32.29056167602539,
      32.278358459472656,
      37.972434997558594,
      39.7154426574707,
      48.85462951660156,
      47.674495697021484,
      39.050628662109375,
      38.55038070678711
    ],
    [
      18.394338607788086,
      18.09468650817871,
      21.643630981445312,
      21.755203247070312,
      18.076372146606445,
      17.95496940612793,
      28.552566528320312,
      28.820537567138672,
      27.396644592285156,
      26.593544006347656,
      32.097259521484375,
      31.529298782348633,
      37.29975891113281,
      39.13237380981445,
      48.627830505371094,
      47.424415588378906,
      38.55038070678711,
      38.527164459228516
    ]
  ],
  "covariance_short": [
    [
      68.58501434326172,
      43.32615280151367,
      23.759937286376953,
      18.062198638916016,
      17.628902435302734,
      14.224075317382812,
      15.567376136779785,
      12.431373596191406,
      19.64636993408203,
      18.095853805541992,
      20.802766799926758,
      18.308841705322266,
      22.910436630249023,
      23.79317283630371,
      24.087068557739258,
      23.415699005126953,
      16.310914993286133,
      16.56212043762207
    ],
    [
      43.32615280151367,
      59.366416931152344,
      15.71498966217041,
      16.016572952270508,
      13.247869491577148,
      12.2662353515625,
      13.88593864440918,
      10.515235900878906,
      14.99169635772705,
      16.05067253112793,
      18.180519104003906,
      17.34347152709961,
      22.41010856628418,
      24.147884368896484,
      23.898448944091797,
      23.45221710205078,
      16.00250816345215,
      16.297388076782227
    ],
    [
      23.759937286376953,
      15.71498966217041,
      38.021522521972656,
      28.056310653686523,
      22.029191970825195,
      21.431053161621094,
      21.140594482421875,
      19.37853240966797,
      23.35213851928711,
      19.480876922607422,
      24.092008590698242,
      22.3570613861084,
      25.160375595092773,
      26.51813316345215,
      26.71103858947754,
      25.50775909423828,
      20.237489700317383,
      19.86932945251465
    ],
    [
      18.062198638916016,
      16.016572952270508,
      28.056310653686523,
      35.59367752075195,
      18.93267250061035,
      19.903268814086914,
      20.028154373168945,
      18.597639083862305,
      21.413070678710938,
      19.23810386657715,
      23.036495208740234,
      23.22826385498047,
      25.602779388427734,
      27.202714920043945,
      27.03925895690918,
      25.960189819335938,
      20.587879180908203,
      20.183542251586914
    ],
    [
      17.628902435302734,
      13.247869491577148,
      22.029191970825195,
      18.93267250061035,
      38.476341247558594,
      27.207983016967773,
      19.959726333618164,
      18.00465202331543,
      24.45568084716797,
      21.01104736328125,
      24.407344818115234,
      21.95484733581543,
      26.161462783813477,
      27.748817443847656,
      26.80685043334961,
      26.520322799682617,
      19.172908782958984,
      18.993173599243164
    ],
    [
      14.224075317382812,
      12.2662353515625,
      21.431053161621094,
      19.903268814086914,
      27.207983016967773,
      33.6547966003418,
      20.363370895385742,
      19.107763290405273,
      24.368757247924805,
      22.069726943969727,
      24.76866912841797,
      23.035249710083008,
      25.911909103393555,
      27.935949325561523,
      27.056358337402344,
      26.5444278717041,
      19.68474769592285,
      19.489097595214844
    ],
    [
      15.567376136779785,
      13.88593864440918,
      21.140594482421875,
      20.028154373168945,
      19.959726333618164,
      20.363370895385742,
      42.481719970703125,
      38.03133773803711,
      28.415014266967773,
      25.883962631225586,
      32.65906524658203,
      30.397611618041992,
      33.8336067199707,
      35.96873092651367,
      36.3585319519043,
      35.81026840209961,
      26.98970603942871,
      27.280351638793945
    ],
    [
      12.431373596191406,
      10.515235900878906,
      19.37853240966797,
      18.597639083862305,
      18.00465202331543,
      19.107763290405273,
      38.03133773803711,
      52.75474166870117,
      28.242279052734375,
      26.51872444152832,
      30.626314163208008,
      27.75083351135254,
      30.476703643798828,
      33.60592269897461,
      35.53629684448242,
      35.02944564819336,
      26.12041473388672,
      26.80544662475586
    ],
    [
      19.64636993408203,
      14.99169635772705,
      23.35213851928711,
      21.413070678710938,
      24.45568084716797,
      24.368757247924805,
      28.415014266967773,
      28.242279052734375,
      47.44190979003906,
      40.70295715332031,
      36.41826629638672,
      33.42103958129883,
      37.87416076660156,
      40.71164321899414,
      36.47578430175781,
      36.219783782958984,
      27.13983726501465,
      27.186748504638672
    ],
    [
      18.095853805541992,
      16.05067253112793,
      19.480876922607422,
      19.23810386657715,
      21.01104736328125,
      22.069726943969727,
      25.883962631225586,
      26.51872444152832,
      40.70295715332031,
      53.94072341918945,
      35.704994201660156,
      35.52239990234375,
      39.189414978027344,
      42.65935516357422,
      36.23033142089844,
      36.4436149597168,
      27.4517822265625,
      27.328508377075195
    ],
    [
      20.802766799926758,
      18.180519104003906,
      24.092008590698242,
      23.036495208740234,
      24.407344818115234,
      24.76866912841797,
      32.65906524658203,
      30.626314163208008,
      36.41826629638672,
      35.704994201660156,
      50.2958984375,
      45.37593460083008,
      48.60276412963867,
      49.871334075927734,
      44.6291618347168,
      43.96682357788086,
      34.092594146728516,
      33.874385833740234
    ],
    [
      18.308841705322266,
      17.34347152709961,
      22.3570613861084,
      23.22826385498047,
      21.95484733581543,
      23.035249710083008,
      30.397611618041992,
      27.75083351135254,
      33.42103958129883,
      35.52239990234375,
      45.37593460083008,
      54.011024475097656,
      51.90237045288086,
      52.89984130859375,
      44.93040084838867,
      44.44139862060547,
      34.94034194946289,
      34.204917907714844
    ],
    [
      22.910436630249023,
      22.41010856628418,
      25.160375595092773,
      25.602779388427734,
      26.161462783813477,
      25.911909103393555,
      33.8336067199707,
      30.476703643798828,
      37.87416076660156,
      39.189414978027344,
      48.60276412963867,
      51.90237045288086,
      65.2340087890625,
      63.076717376708984,
      53.39447021484375,
      52.83570861816406,
      40.845909118652344,
      40.122337341308594
    ],
    [
      23.79317283630371,
      24.147884368896484,
      26.51813316345215,
      27.202714920043945,
      27.748817443847656,
      27.935949325561523,
      35.96873092651367,
      33.60592269897461,
      40.71164321899414,
      42.65935516357422,
      49.871334075927734,
      52.89984130859375,
      63.076717376708984,
      67.92171478271484,
      55.97297286987305,
      55.53907012939453,
      42.38070297241211,
      41.82471466064453
    ],
    [
      24.087068557739258,
      23.898448944091797,
      26.71103858947754,
      27.03925895690918,
      26.80685043334961,
      27.056358337402344,
      36.3585319519043,
      35.53629684448242,
      36.47578430175781,
      36.23033142089844,
      44.6291618347168,
      44.93040084838867,
      53.39447021484375,
      55.97297286987305,
      69.38331604003906,
      66.77297973632812,
      50.62389373779297,
      50.36976623535156
    ],
    [
      23.415699005126953,
      23.45221710205078,
      25.50775909423828,
      25.960189819335938,
      26.520322799682617,
      26.5444278717041,
      35.81026840209961,
      35.02944564819336,
      36.219783782958984,
      36.4436149597168,
      43.96682357788086,
      44.44139862060547,
      52.83570861816406,
      55.53907012939453,
      66.77297973632812,
      65.99347686767578,
      49.35191345214844,
      49.150596618652344
    ],
    [
      16.310914993286133,
      16.00250816345215,
      20.237489700317383,
      20.587879180908203,
      19.172908782958984,
      19.68474769592285,
      26.98970603942871,
      26.12041473388672,
      27.13983726501465,
      27.4517822265625,
      34.092594146728516,
      34.94034194946289,
      40.845909118652344,
      42.38070297241211,
      50.62389373779297,
      49.35191345214844,
      40.632545471191406,
      39.97716522216797
    ],
    [
      16.56212043762207,
      16.297388076782227,
      19.86932945251465,
      20.183542251586914,
      18.993173599243164,
      19.489097595214844,
      27.280351638793945,
      26.80544662475586,
      27.186748504638672,
      27.328508377075195,
      33.874385833740234,
      34.204917907714844,
      40.122337341308594,
      41.82471466064453,
      50.36976623535156,
      49.150596618652344,
      39.97716522216797,
      40.120792388916016
    ]
  ],
  "drr": 12.736793518066406,
  "dynamics": 4.053447723388672,
  "format": 1245190,
  "frames": 10469376,
  "loudness": -14.783652305603027,
  "loudness_range": 12.976314544677734,
  "loudness_range_short": 13.68408489227295,
  "peak": -0.042434293776750565,
  "rms": -16.604394912719727,
  "sample_rate": 44100,
  "sections": 1,
  "seekable": 1,
  "sharpness": 1.7850446701049805,
  "space": -1.8487191200256348
}