{
  "bands": [
    {
      "high_freq": 148.1999969482422,
      "loudness": -28.040489196777344,
      "loudness_range": 23.964258193969727,
      "mid_mean": -24.515859603881836,
      "mid_to_side_loudness": -20.82834815979004,
      "mid_to_side_loudness_range": 20.317852020263672,
      "side_mean": -45.72001647949219
    },
    {
      "high_freq": 392.3793640136719,
      "loudness": -22.104270935058594,
      "loudness_range": 14.476176261901855,
      "low_freq": 148.1999969482422,
      "mid_mean": -18.766481399536133,
      "mid_to_side_loudness": -11.173089027404785,
      "mid_to_side_loudness_range": 12.291997909545898,
      "side_mean": -30.69970703125
    },
    {
      "high_freq": 794.6976318359375,
      "loudness": -28.587955474853516,
      "loudness_range": 21.282773971557617,
      "low_freq": 392.3793640136719,
      "mid_mean": -25.589258193969727,
      "mid_to_side_loudness": -9.14611530303955,
      "mid_to_side_loudness_range": 15.394582748413086,
      "side_mean": -35.585121154785156
    },
    {
      "high_freq": 1457.5709228515625,
      "loudness": -36.119789123535156,
      "loudness_range": 28.1790828704834,
      "low_freq": 794.6976318359375,
      "mid_mean": -34.0306510925293,
      "mid_to_side_loudness": -6.373169422149658,
      "mid_to_side_loudness_range": 20.248353958129883,
      "side_mean": -41.014522552490234
    },
    {
      "high_freq": 2549.74365234375,
      "loudness": -34.47132110595703,
      "loudness_range": 27.113407135009766,
      "low_freq": 1457.5709228515625,
      "mid_mean": -33.40620803833008,
      "mid_to_side_loudness": -6.263768196105957,
      "mid_to_side_loudness_range": 25.064884185791016,
      "side_mean": -39.25571823120117
    },
    {
      "high_freq": 4349.24462890625,
      "loudness": -40.12884521484375,
      "loudness_range": 28.615053176879883,
      "low_freq": 2549.74365234375,
      "mid_mean": -37.548484802246094,
      "mid_to_side_loudness": -10.055757522583008,
      "mid_to_side_loudness_range": 22.74587631225586,
      "side_mean": -48.05104064941406
    },
    {
      "high_freq": 7314.1640625,
      "loudness": -49.97665023803711,
      "loudness_range": 35.09788131713867,
      "low_freq": 4349.24462890625,
      "mid_mean": -47.42582702636719,
      "mid_to_side_loudness": -12.233436584472656,
      "mid_to_side_loudness_range": 16.018138885498047,
      "side_mean": -59.225242614746094
    },
    {
      "high_freq": 12199.2666015625,
      "loudness": -48.34115982055664,
      "loudness_range": 37.917999267578125,
      "low_freq": 7314.1640625,
      "mid_mean": -51.04073715209961,
      "mid_to_side_loudness": -13.842455863952637,
      "mid_to_side_loudness_range": 18.955806732177734,
      "side_mean": -62.267642974853516
    },
    {
      "loudness": -56.87908935546875,
      "loudness_range": 32.701229095458984,
      "low_freq": 12199.2666015625,
      "mid_mean": -58.75668716430664,
      "mid_to_side_loudness": -16.068300247192383,
      "mid_to_side_loudness_range": 26.643800735473633,
      "side_mean": -68.49510192871094
    }
  ],
  "bands_short": [
    {
      "high_freq": 148.1999969482422,
      "loudness": -31.886333465576172,
      "loudness_range": 32.35601043701172,
      "mid_mean": -28.556013107299805,
      "mid_to_side_loudness": -21.265762329101562,
      "mid_to_side_loudness_range": 26.538955688476562,
      "side_mean": -52.0084228515625
    },
    {
      "high_freq": 392.3793640136719,
      "loudness": -22.409746170043945,
      "loudness_range": 16.93619155883789,
      "low_freq": 148.1999969482422,
      "mid_mean": -19.104806900024414,
      "mid_to_side_loudness": -11.45797061920166,
      "mid_to_side_loudness_range": 13.111750602722168,
      "side_mean": -31.118629455566406
    },
    {
      "high_freq": 794.6976318359375,
      "loudness": -30.251564025878906,
      "loudness_range": 25.590845108032227,
      "low_freq": 392.3793640136719,
      "mid_mean": -27.625463485717773,
      "mid_to_side_loudness": -7.917632102966309,
      "mid_to_side_loudness_range": 17.563825607299805,
      "side_mean": -36.384613037109375
    },
    {
      "high_freq": 1457.5709228515625,
      "loudness": -36.87935256958008,
      "loudness_range": 31.260541915893555,
      "low_freq": 794.6976318359375,
      "mid_mean": -34.782169342041016,
      "mid_to_side_loudness": -6.070056438446045,
      "mid_to_side_loudness_range": 18.29899787902832,
      "side_mean": -41.4854621887207
    },
    {
      "high_freq": 2549.74365234375,
      "loudness": -36.83718490600586,
      "loudness_range": 31.038190841674805,
      "low_freq": 1457.5709228515625,
      "mid_mean": -35.82244110107422,
      "mid_to_side_loudness": -5.569610118865967,
      "mid_to_side_loudness_range": 24.903671264648438,
      "side_mean": -41.36690902709961
    },
    {
      "high_freq": 4349.24462890625,
      "loudness": -42.48611831665039,
      "loudness_range": 31.90566635131836,
      "low_freq": 2549.74365234375,
      "mid_mean": -40.41117477416992,
      "mid_to_side_loudness": -8.529208183288574,
      "mid_to_side_loudness_range": 22.00042724609375,
      "side_mean": -50.681800842285156
    },
    {
      "high_freq": 7314.1640625,
      "loudness": -52.90312194824219,
      "loudness_range": 34.83964538574219,
      "low_freq": 4349.24462890625,
      "mid_mean": -51.9044303894043,
      "mid_to_side_loudness": -10.327343940734863,
      "mid_to_side_loudness_range": 16.742168426513672,
      "side_mean": -60.60858154296875
    },
    {
      "high_freq": 12199.2666015625,
      "loudness": -48.78992462158203,
      "loudness_range": 37.409423828125,
      "low_freq": 7314.1640625,
      "mid_mean": -54.032562255859375,
      "mid_to_side_loudness": -11.859986305236816,
      "mid_to_side_loudness_range": 19.893388748168945,
      "side_mean": -63.23191452026367
    },
    {
      "loudness": -55.34321594238281,
      "loudness_range": 31.111919403076172,
      "low_freq": 12199.2666015625,
      "mid_mean": -60.4922981262207,
      "mid_to_side_loudness": -13.84546947479248,
      "mid_to_side_loudness_range": 27.375638961791992,
      "side_mean": -68.73907470703125
    }
  ],
  "channels": 2,
  "covariance": [
    [
      77.40267944335938,
      40.008419036865234,
      16.058547973632812,
      22.73818016052246,
      14.036947250366211,
      31.381425857543945,
      14.22683334350586,
      37.029197692871094,
      20.882719039916992,
      52.888973236083984,
      12.292372703552246,
      31.411136627197266,
      2.701348066329956,
      7.191557884216309,
      1.7040051221847534,
      -2.6680490970611572,
      -4.717687606811523,
      -1.6945574283599854
    ],
    [
      40.008419036865234,
      56.72435760498047,
      23.439889907836914,
      17.96742820739746,
      20.390003204345703,
      24.041744232177734,
      13.128545761108398,
      16.052282333374023,
      19.024444580078125,
      27.842073440551758,
      9.565465927124023,
      18.31763458251953,
      12.900985717773438,
      13.466477394104004,
      19.621368408203125,
      7.947075366973877,
      12.695832252502441,
      1.351462483406067
    ],
    [
      16.058547973632812,
      23.439889907836914,
      34.44058609008789,
      21.483753204345703,
      32.064208984375,
      24.49696922302246,
      28.19291877746582,
      19.93720817565918,
      27.44925880432129,
      21.838550567626953,
      23.589359283447266,
      23.24098777770996,
      29.76311492919922,
      22.47534942626953,
      41.715110778808594,
      21.456443786621094,
      30.071516036987305,
      3.977851390838623
    ],
    [
      22.73818016052246,
      17.96742820739746,
      21.483753204345703,
      26.283729553222656,
      21.182321548461914,
      24.73247718811035,
      21.633878707885742,
      25.93906021118164,
      19.75754165649414,
      24.414594650268555,
      18.54770851135254,
      24.623369216918945,
      21.502531051635742,
      17.87765884399414,
      31.88369369506836,
      15.736162185668945,
      21.361309051513672,
      2.8353354930877686
    ],
    [
      14.036947250366211,
      20.390003204345703,
      32.064208984375,
      21.182321548461914,
      62.73598861694336,
      42.756778717041016,
      54.45460510253906,
      34.816978454589844,
      49.081398010253906,
      35.5996208190918,
      45.02389907836914,
      38.851593017578125,
      49.67876052856445,
      36.05339431762695,
      63.550621032714844,
      34.93764114379883,
      46.08359909057617,
      7.41500997543335
    ],
    [
      31.381425857543945,
      24.041744232177734,
      24.49696922302246,
      24.73247718811035,
      42.756778717041016,
      52.5233154296875,
      41.84848403930664,
      46.24504089355469,
      40.33706283569336,
      50.74748611450195,
      33.239322662353516,
      42.87556076049805,
      29.493608474731445,
      25.819494247436523,
      39.200477600097656,
      20.59439468383789,
      25.60927963256836,
      3.9136221408843994
    ],
    [
      14.22683334350586,
      13.128545761108398,
      28.19291877746582,
      21.633878707885742,
      54.45460510253906,
      41.84848403930664,
      83.39265441894531,
      62.617584228515625,
      55.607147216796875,
      40.59543991088867,
      50.62630081176758,
      46.28578186035156,
      51.8503303527832,
      37.22972869873047,
      68.59883880615234,
      37.357704162597656,
      51.48659133911133,
      7.931514263153076
    ],
    [
      37.029197692871094,
      16.052282333374023,
      19.93720817565918,
      25.93906021118164,
      34.816978454589844,
      46.24504089355469,
      62.617584228515625,
      91.57923889160156,
      43.65447235107422,
      64.56024169921875,
      35.62459945678711,
      56.550323486328125,
      26.679479598999023,
      26.734922409057617,
      36.76522445678711,
      19.286190032958984,
      24.367870330810547,
      3.816333293914795
    ],
    [
      20.882719039916992,
      19.024444580078125,
      27.44925880432129,
      19.75754165649414,
      49.081398010253906,
      40.33706283569336,
      55.607147216796875,
      43.65447235107422,
      70.9884262084961,
      66.49120330810547,
      54.08673095703125,
      51.31276321411133,
      56.09313201904297,
      43.551753997802734,
      65.43791198730469,
      36.489715576171875,
      47.41874313354492,
      7.966062068939209
    ],
    [
      52.888973236083984,
      27.842073440551758,
      21.838550567626953,
      24.414594650268555,
      35.5996208190918,
      50.74748611450195,
      40.59543991088867,
      64.56024169921875,
      66.49120330810547,
      142.01123046875,
      34.374855041503906,
      62.16271209716797,
      20.700021743774414,
      29.039793014526367,
      21.454570770263672,
      12.576786994934082,
      13.21325969696045,
      2.795206308364868
    ],
    [
      12.292372703552246,
      9.565465927124023,
      23.589359283447266,
      18.54770851135254,
      45.02389907836914,
      33.239322662353516,
      50.62630081176758,
      35.62459945678711,
      54.08673095703125,
      34.374855041503906,
      89.70040893554688,
      70.90058135986328,
      94.33998107910156,
      67.63402557373047,
      108.74561309814453,
      61.10395812988281,
      75.96209716796875,
      14.32070255279541
    ],
    [
      31.411136627197266,
      18.31763458251953,
      23.24098777770996,
      24.623369216918945,
      38.851593017578125,
      42.87556076049805,
      46.28578186035156,
      56.550323486328125,
      51.31276321411133,
      62.16271209716797,
      70.90058135986328,
      101.94850158691406,
      64.67642211914062,
      61.858280181884766,
      76.8415298461914,
      45.467185974121094,
      51.83524703979492,
      10.084684371948242
    ],
    [
      2.701348066329956,
      12.900985717773438,
      29.76311492919922,
      21.502531051635742,
      49.67876052856445,
      29.493608474731445,
      51.8503303527832,
      26.679479598999023,
      56.09313201904297,
      20.700021743774414,
      94.33998107910156,
      64.67642211914062,
      143.56004333496094,
      99.73606872558594,
      166.3975830078125,
      94.83238983154297,
      120.58602142333984,
      25.12253761291504
    ],
    [
      7.191557884216309,
      13.466477394104004,
      22.47534942626953,
      17.87765884399414,
      36.05339431762695,
      25.819494247436523,
      37.22972869873047,
      26.734922409057617,
      43.551753997802734,
      29.039793014526367,
      67.63402557373047,
      61.858280181884766,
      99.73606872558594,
      84.74515533447266,
      119.69587707519531,
      73.02505493164062,
      86.77059173583984,
      19.644939422607422
    ],
    [
      1.7040051221847534,
      19.621368408203125,
      41.715110778808594,
      31.88369369506836,
      63.550621032714844,
      39.200477600097656,
      68.59883880615234,
      36.76522445678711,
      65.43791198730469,
      21.454570770263672,
      108.74561309814453,
      76.8415298461914,
      166.3975830078125,
      119.69587707519531,
      232.76443481445312,
      124.57823181152344,
      166.98500061035156,
      29.784626007080078
    ],
    [
      -2.6680490970611572,
      7.947075366973877,
      21.456443786621094,
      15.736162185668945,
      34.93764114379883,
      20.59439468383789,
      37.357704162597656,
      19.286190032958984,
      36.489715576171875,
      12.576786994934082,
      61.10395812988281,
      45.467185974121094,
      94.83238983154297,
      73.02505493164062,
      124.57823181152344,
      75.08432006835938,
      92.41889190673828,
      19.758235931396484
    ],
    [
      -4.717687606811523,
      12.695832252502441,
      30.071516036987305,
      21.361309051513672,
      46.08359909057617,
      25.60927963256836,
      51.48659133911133,
      24.367870330810547,
      47.41874313354492,
      13.21325969696045,
      75.96209716796875,
      51.83524703979492,
      120.58602142333984,
      86.77059173583984,
      166.98500061035156,
      92.41889190673828,
      127.87371063232422,
      24.789316177368164
    ],
    [
      -1.6945574283599854,
      1.351462483406067,
      3.977851390838623,
      2.8353354930877686,
      7.41500997543335,
      3.9136221408843994,
      7.931514263153076,
      3.816333293914795,
      7.966062068939209,
      2.795206308364868,
      14.32070255279541,
      10.084684371948242,
      25.12253761291504,
      19.644939422607422,
      29.784626007080078,
      19.758235931396484,
      24.789316177368164,
      8.545701026916504
    ]
  ],
  "covariance_short": [
    [
      137.2673797607422,
      65.3783950805664,
      25.163787841796875,
      27.478517532348633,
      28.487300872802734,
      47.557071685791016,
      34.349273681640625,
      50.80818557739258,
      34.68369674682617,
      67.26851654052734,
      18.612476348876953,
      43.18513107299805,
      12.207100868225098,
      6.689197540283203,
      -4.797213554382324,
      -4.573409080505371,
      -9.548681259155273,
      -1.9985319375991821
    ],
    [
      65.3783950805664,
      82.11398315429688,
      26.645347595214844,
      25.191635131835938,
      27.58371925354004,
      32.273414611816406,
      23.98516273498535,
      26.562095642089844,
      24.607881546020508,
      39.50967025756836,
      15.117575645446777,
      40.98070526123047,
      33.83454895019531,
      20.312116622924805,
      28.701866149902344,
      11.967153549194336,
      16.852920532226562,
      2.2303314208984375
    ],
    [
      25.163787841796875,
      26.645347595214844,
      41.1335563659668,
      24.423603057861328,
      36.19062423706055,
      29.159526824951172,
      30.16595458984375,
      23.50865364074707,
      26.76972007751465,
      27.86349868774414,
      23.845094680786133,
      28.856536865234375,
      33.82755661010742,
      21.01154899597168,
      40.16183090209961,
      18.46353530883789,
      27.083232879638672,
      2.5128114223480225
    ],
    [
      27.478517532348633,
      25.191635131835938,
      24.423603057861328,
      29.991682052612305,
      24.200170516967773,
      27.030677795410156,
      23.813282012939453,
      25.2653865814209,
      18.68395233154297,
      23.405351638793945,
      16.114028930664062,
      25.584716796875,
      25.126285552978516,
      15.366435050964355,
      28.85614776611328,
      13.258808135986328,
      18.719240188598633,
      2.0575380325317383
    ],
    [
      28.487300872802734,
      27.58371925354004,
      36.19062423706055,
      24.200170516967773,
      83.88432312011719,
      51.10106658935547,
      69.34930419921875,
      46.23390197753906,
      60.96293258666992,
      48.4524040222168,
      55.78321838378906,
      50.041534423828125,
      60.88314437866211,
      37.89533233642578,
      67.17779541015625,
      34.12968826293945,
      45.709449768066406,
      4.929935932159424
    ],
    [
      47.557071685791016,
      32.273414611816406,
      29.159526824951172,
      27.030677795410156,
      51.10106658935547,
      61.963104248046875,
      51.53684616088867,
      50.148963928222656,
      44.17283630371094,
      52.74473190307617,
      34.71117401123047,
      47.111446380615234,
      37.25180435180664,
      23.509422302246094,
      35.878257751464844,
      17.9302921295166,
      22.292051315307617,
      2.426752805709839
    ],
    [
      34.349273681640625,
      23.98516273498535,
      30.16595458984375,
      23.813282012939453,
      69.34930419921875,
      51.53684616088867,
      104.52615356445312,
      72.6734619140625,
      71.0121841430664,
      57.06753921508789,
      65.70206451416016,
      59.02073669433594,
      66.26518249511719,
      39.794525146484375,
      73.14617919921875,
      37.296844482421875,
      51.736141204833984,
      5.880576133728027
    ],
    [
      50.80818557739258,
      26.562095642089844,
      23.50865364074707,
      25.2653865814209,
      46.23390197753906,
      50.148963928222656,
      72.6734619140625,
      88.80409240722656,
      48.29180145263672,
      61.39875030517578,
      38.51862335205078,
      56.23506164550781,
      37.006805419921875,
      24.838218688964844,
      36.115211486816406,
      18.92885971069336,
      23.75094985961914,
      3.033837080001831
    ],
    [
      34.68369674682617,
      24.607881546020508,
      26.76972007751465,
      18.68395233154297,
      60.96293258666992,
      44.17283630371094,
      71.0121841430664,
      48.29180145263672,
      97.27037811279297,
      81.2984390258789,
      74.8629379272461,
      61.24976348876953,
      73.81182098388672,
      48.21302795410156,
      73.35240936279297,
      39.19775390625,
      50.78434371948242,
      7.258395195007324
    ],
    [
      67.26851654052734,
      39.50967025756836,
      27.86349868774414,
      23.405351638793945,
      48.4524040222168,
      52.74473190307617,
      57.06753921508789,
      61.39875030517578,
      81.2984390258789,
      137.9651641845703,
      43.17985534667969,
      60.058265686035156,
      33.31985092163086,
      29.43349266052246,
      24.642732620239258,
      15.572615623474121,
      16.07416343688965,
      3.033703088760376
    ],
    [
      18.612476348876953,
      15.117575645446777,
      23.845094680786133,
      16.114028930664062,
      55.78321838378906,
      34.71117401123047,
      65.70206451416016,
      38.51862335205078,
      74.8629379272461,
      43.17985534667969,
      120.62554168701172,
      83.0156021118164,
      114.9974136352539,
      73.55712127685547,
      122.22903442382812,
      65.30901336669922,
      83.49960327148438,
      13.882156372070312
    ],
    [
      43.18513107299805,
      40.98070526123047,
      28.856536865234375,
      25.584716796875,
      50.041534423828125,
      47.111446380615234,
      59.02073669433594,
      56.23506164550781,
      61.24976348876953,
      60.058265686035156,
      83.0156021118164,
      115.81111907958984,
      91.65202331542969,
      66.8536376953125,
      90.58504486083984,
      50.634578704833984,
      58.88914108276367,
      10.2894287109375
    ],
    [
      12.207100868225098,
      33.83454895019531,
      33.82755661010742,
      25.126285552978516,
      60.88314437866211,
      37.25180435180664,
      66.26518249511719,
      37.006805419921875,
      73.81182098388672,
      33.31985092163086,
      114.9974136352539,
      91.65202331542969,
      168.7709503173828,
      105.45275115966797,
      180.990234375,
      95.02059173583984,
      124.10185241699219,
      22.19658088684082
    ],
    [
      6.689197540283203,
      20.312116622924805,
      21.01154899597168,
      15.366435050964355,
      37.89533233642578,
      23.509422302246094,
      39.794525146484375,
      24.838218688964844,
      48.21302795410156,
      29.43349266052246,
      73.55712127685547,
      66.8536376953125,
      105.45275115966797,
      81.41024017333984,
      113.79740142822266,
      68.38023376464844,
      78.5997543334961,
      16.850339889526367
    ],
    [
      -4.797213554382324,
      28.701866149902344,
      40.16183090209961,
      28.85614776611328,
      67.17779541015625,
      35.878257751464844,
      73.14617919921875,
      36.115211486816406,
      73.35240936279297,
      24.642732620239258,
      122.22903442382812,
      90.58504486083984,
      180.990234375,
      113.79740142822266,
      233.6715850830078,
      118.54989624023438,
      162.31390380859375,
      25.694116592407227
    ],
    [
      -4.573409080505371,
      11.967153549194336,
      18.46353530883789,
      13.258808135986328,
      34.12968826293945,
      17.9302921295166,
      37.296844482421875,
      18.92885971069336,
      39.19775390625,
      15.572615623474121,
      65.30901336669922,
      50.634578704833984,
      95.02059173583984,
      68.38023376464844,
      118.54989624023438,
      69.60350799560547,
      83.791015625,
      16.827573776245117
    ],
    [
      -9.548681259155273,
      16.852920532226562,
      27.083232879638672,
      18.719240188598633,
      45.709449768066406,
      22.292051315307617,
      51.736141204833984,
      23.75094985961914,
      50.78434371948242,
      16.07416343688965,
      83.49960327148438,
      58.88914108276367,
      124.10185241699219,
      78.5997543334961,
      162.31390380859375,
      83.791015625,
      121.67594146728516,
      20.634132385253906
    ],
    [
      -1.9985319375991821,
      2.2303314208984375,
      2.5128114223480225,
      2.0575380325317383,
      4.929935932159424,
      2.426752805709839,
      5.880576133728027,
      3.033837080001831,
      7.258395195007324,
      3.033703088760376,
      13.882156372070312,
      10.2894287109375,
      22.19658088684082,
      16.850339889526367,
      25.694116592407227,
      16.827573776245117,
      20.634132385253906,
      7.6919660568237305
    ]
  ],
  "drr": 14.472379684448242,
  "dynamics": 4.3414154052734375,
  "format": 1245190,
  "frames": 8562688,
  "loudness": -14.076947212219238,
  "loudness_range": 13.60753059387207,
  "loudness_range_short": 16.891159057617188,
  "peak": -0.039320606738328934,
  "rms": -15.054262161254883,
  "sample_rate": 44100,
  "sections": 1,
  "seekable": 1,
  "sharpness": 3.0022354125976562,
  "space": -11.365424156188965
}