{
  "bands": [
    {
      "high_freq": 148.1999969482422,
      "loudness": -42.06305694580078,
      "loudness_range": 23.3083438873291,
      "mid_mean": -39.19689178466797,
      "mid_to_side_loudness": -8.469090461730957,
      "mid_to_side_loudness_range": 7.997040748596191,
      "side_mean": -48.35061264038086
    },
    {
      "high_freq": 392.3793640136719,
      "loudness": -31.363971710205078,
      "loudness_range": 12.792753219604492,
      "low_freq": 148.1999969482422,
      "mid_mean": -28.150930404663086,
      "mid_to_side_loudness": -9.710075378417969,
      "mid_to_side_loudness_range": 9.919415473937988,
      "side_mean": -38.693668365478516
    },
    {
      "high_freq": 794.6976318359375,
      "loudness": -35.13441848754883,
      "loudness_range": 25.57526969909668,
      "low_freq": 392.3793640136719,
      "mid_mean": -31.902116775512695,
      "mid_to_side_loudness": -11.130393981933594,
      "mid_to_side_loudness_range": 15.552846908569336,
      "side_mean": -43.982242584228516
    },
    {
      "high_freq": 1457.5709228515625,
      "loudness": -37.81232833862305,
      "loudness_range": 33.241302490234375,
      "low_freq": 794.6976318359375,
      "mid_mean": -34.947792053222656,
      "mid_to_side_loudness": -10.264501571655273,
      "mid_to_side_loudness_range": 18.290346145629883,
      "side_mean": -45.97600555419922
    },
    {
      "high_freq": 2549.74365234375,
      "loudness": -41.12908935546875,
      "loudness_range": 28.370763778686523,
      "low_freq": 1457.5709228515625,
      "mid_mean": -38.17306137084961,
      "mid_to_side_loudness": -10.522412300109863,
      "mid_to_side_loudness_range": 17.203594207763672,
      "side_mean": -49.79048538208008
    },
    {
      "high_freq": 4349.24462890625,
      "loudness": -45.63320541381836,
      "loudness_range": 23.440502166748047,
      "low_freq": 2549.74365234375,
      "mid_mean": -42.78205108642578,
      "mid_to_side_loudness": -10.167016983032227,
      "mid_to_side_loudness_range": 16.12405014038086,
      "side_mean": -53.08857345581055
    },
    {
      "high_freq": 7314.1640625,
      "loudness": -48.40015411376953,
      "loudness_range": 25.64006805419922,
      "low_freq": 4349.24462890625,
      "mid_mean": -45.852516174316406,
      "mid_to_side_loudness": -9.739253997802734,
      "mid_to_side_loudness_range": 16.107921600341797,
      "side_mean": -55.555667877197266
    },
    {
      "high_freq": 12199.2666015625,
      "loudness": -50.02310562133789,
      "loudness_range": 26.191814422607422,
      "low_freq": 7314.1640625,
      "mid_mean": -47.414546966552734,
      "mid_to_side_loudness": -10.295670509338379,
      "mid_to_side_loudness_range": 18.424482345581055,
      "side_mean": -57.53130340576172
    },
    {
      "loudness": -58.77646255493164,
      "loudness_range": 17.18346405029297,
      "low_freq": 12199.2666015625,
      "mid_mean": -56.242801666259766,
      "mid_to_side_loudness": -5.1473917961120605,
      "mid_to_side_loudness_range": 8.228763580322266,
      "side_mean": -60.46860122680664
    }
  ],
  "bands_short": [
    {
      "high_freq": 148.1999969482422,
      "loudness": -49.38072204589844,
      "loudness_range": 29.214031219482422,
      "mid_mean": -46.87336349487305,
      "mid_to_side_loudness": -7.697770595550537,
      "mid_to_side_loudness_range": 13.26616382598877,
      "side_mean": -54.356876373291016
    },
    {
      "high_freq": 392.3793640136719,
      "loudness": -32.97614669799805,
      "loudness_range": 19.348438262939453,
      "low_freq": 148.1999969482422,
      "mid_mean": -30.205678939819336,
      "mid_to_side_loudness": -8.194100379943848,
      "mid_to_side_loudness_range": 14.993095397949219,
      "side_mean": -39.13020706176758
    },
    {
      "high_freq": 794.6976318359375,
      "loudness": -35.61751174926758,
      "loudness_range": 28.467832565307617,
      "low_freq": 392.3793640136719,
      "mid_mean": -32.771263122558594,
      "mid_to_side_loudness": -9.871782302856445,
      "mid_to_side_loudness_range": 19.133182525634766,
      "side_mean": -43.702247619628906
    },
    {
      "high_freq": 1457.5709228515625,
      "loudness": -39.23821258544922,
      "loudness_range": 35.570945739746094,
      "low_freq": 794.6976318359375,
      "mid_mean": -36.90852355957031,
      "mid_to_side_loudness": -8.693285942077637,
      "mid_to_side_loudness_range": 20.186677932739258,
      "side_mean": -47.14930725097656
    },
    {
      "high_freq": 2549.74365234375,
      "loudness": -43.63623809814453,
      "loudness_range": 33.38671875,
      "low_freq": 1457.5709228515625,
      "mid_mean": -41.17713928222656,
      "mid_to_side_loudness": -8.808283805847168,
      "mid_to_side_loudness_range": 18.433330535888672,
      "side_mean": -51.22949981689453
    },
    {
      "high_freq": 4349.24462890625,
      "loudness": -48.31508255004883,
      "loudness_range": 28.680904388427734,
      "low_freq": 2549.74365234375,
      "mid_mean": -45.51914978027344,
      "mid_to_side_loudness": -8.892427444458008,
      "mid_to_side_loudness_range": 17.187931060791016,
      "side_mean": -54.420188903808594
    },
    {
      "high_freq": 7314.1640625,
      "loudness": -51.98533630371094,
      "loudness_range": 31.306854248046875,
      "low_freq": 4349.24462890625,
      "mid_mean": -49.66084671020508,
      "mid_to_side_loudness": -8.195850372314453,
      "mid_to_side_loudness_range": 17.06362533569336,
      "side_mean": -57.29908752441406
    },
    {
      "high_freq": 12199.2666015625,
      "loudness": -54.102237701416016,
      "loudness_range": 30.909107208251953,
      "low_freq": 7314.1640625,
      "mid_mean": -51.62715148925781,
      "mid_to_side_loudness": -9.191000938415527,
      "mid_to_side_loudness_range": 19.23101043701172,
      "side_mean": -59.85227966308594
    },
    {
      "loudness": -62.2154426574707,
      "loudness_range": 19.704238891601562,
      "low_freq": 12199.2666015625,
      "mid_mean": -59.05095672607422,
      "mid_to_side_loudness": -6.588300704956055,
      "mid_to_side_loudness_range": 9.957128524780273,
      "side_mean": -63.84331512451172
    }
  ],
  "channels": 2,
  "covariance": [
    [
      74.54098510742188,
      65.03677368164062,
      14.454732894897461,
      12.849504470825195,
      -1.1430789232254028,
      -3.448930501937866,
      7.3571953773498535,
      5.048949718475342,
      4.549386501312256,
      6.365721702575684,
      12.214323997497559,
      4.9881768226623535,
      11.311140060424805,
      6.738162517547607,
      11.393054008483887,
      6.723238468170166,
      8.436040878295898,
      7.897253036499023
    ],
    [
      65.03677368164062,
      75.0074234008789,
      15.685968399047852,
      20.553850173950195,
      2.819410800933838,
      -2.002680540084839,
      8.7471923828125,
      2.1899821758270264,
      4.932459354400635,
      2.198490619659424,
      12.236173629760742,
      2.5603675842285156,
      11.544639587402344,
      4.203178405761719,
      12.124173164367676,
      3.979591131210327,
      8.320540428161621,
      6.732113838195801
    ],
    [
      14.454732894897461,
      15.685968399047852,
      31.709070205688477,
      23.115636825561523,
      19.227725982666016,
      13.444478988647461,
      11.608512878417969,
      7.03754186630249,
      12.545845985412598,
      5.1277756690979,
      16.217370986938477,
      5.229892730712891,
      11.326395034790039,
      3.639159917831421,
      13.86076831817627,
      5.226215839385986,
      7.469695568084717,
      5.733855724334717
    ],
    [
      12.849504470825195,
      20.553850173950195,
      23.115636825561523,
      30.312192916870117,
      15.678459167480469,
      13.441511154174805,
      6.343839645385742,
      4.905481338500977,
      7.076201915740967,
      3.6461751461029053,
      11.92480754852295,
      4.8451948165893555,
      8.957186698913574,
      3.1078381538391113,
      10.619109153747559,
      3.8055169582366943,
      6.456549167633057,
      4.2409563064575195
    ],
    [
      -1.1430789232254028,
      2.819410800933838,
      19.227725982666016,
      15.678459167480469,
      89.67405700683594,
      56.13505554199219,
      78.30461120605469,
      45.47983932495117,
      53.567745208740234,
      25.86737060546875,
      46.940189361572266,
      17.7580509185791,
      43.82215881347656,
      14.443821907043457,
      51.35677719116211,
      15.40259838104248,
      17.004398345947266,
      8.188733100891113
    ],
    [
      -3.448930501937866,
      -2.002680540084839,
      13.444478988647461,
      13.441511154174805,
      56.13505554199219,
      55.39816665649414,
      50.00626754760742,
      42.58488845825195,
      38.334171295166016,
      31.81810760498047,
      37.89670181274414,
      23.767004013061523,
      35.730045318603516,
      18.60174560546875,
      38.08454132080078,
      16.383338928222656,
      13.253790855407715,
      8.01513671875
    ],
    [
      7.3571953773498535,
      8.7471923828125,
      11.608512878417969,
      6.343839645385742,
      78.30461120605469,
      50.00626754760742,
      145.26361083984375,
      96.8484878540039,
      83.28976440429688,
      50.37836837768555,
      54.30046844482422,
      24.051559448242188,
      52.57810592651367,
      20.50377655029297,
      58.6435546875,
      17.571094512939453,
      17.47823143005371,
      9.079713821411133
    ],
    [
      5.048949718475342,
      2.1899821758270264,
      7.03754186630249,
      4.905481338500977,
      45.47983932495117,
      42.58488845825195,
      96.8484878540039,
      97.19908142089844,
      61.083919525146484,
      58.04606628417969,
      44.41725158691406,
      32.29090118408203,
      42.5526123046875,
      26.457536697387695,
      43.151588439941406,
      20.404699325561523,
      13.358123779296875,
      9.693017959594727
    ],
    [
      4.549386501312256,
      4.932459354400635,
      12.545845985412598,
      7.076201915740967,
      53.567745208740234,
      38.334171295166016,
      83.28976440429688,
      61.083919525146484,
      93.1671142578125,
      63.078819274902344,
      54.63704299926758,
      31.148754119873047,
      51.52122497558594,
      27.204429626464844,
      50.75785446166992,
      22.41141700744629,
      19.737930297851562,
      14.28557300567627
    ],
    [
      6.365721702575684,
      2.198490619659424,
      5.1277756690979,
      3.6461751461029053,
      25.86737060546875,
      31.81810760498047,
      50.37836837768555,
      58.04606628417969,
      63.078819274902344,
      77.59574127197266,
      47.76649856567383,
      45.64609146118164,
      44.37098693847656,
      39.23655319213867,
      38.85744857788086,
      29.789443969726562,
      18.08739471435547,
      17.363391876220703
    ],
    [
      12.214323997497559,
      12.236173629760742,
      16.217370986938477,
      11.92480754852295,
      46.940189361572266,
      37.89670181274414,
      54.30046844482422,
      44.41725158691406,
      54.63704299926758,
      47.76649856567383,
      73.74674987792969,
      48.07609939575195,
      70.84860229492188,
      43.89065933227539,
      62.722286224365234,
      34.519256591796875,
      26.13231086730957,
      20.986513137817383
    ],
    [
      4.9881768226623535,
      2.5603675842285156,
      5.229892730712891,
      4.8451948165893555,
      17.7580509185791,
      23.767004013061523,
      24.051559448242188,
      32.29090118408203,
      31.148754119873047,
      45.64609146118164,
      48.07609939575195,
      52.23262023925781,
      49.279014587402344,
      48.92180252075195,
      37.8149528503418,
      36.11530303955078,
      22.312725067138672,
      21.454410552978516
    ],
    [
      11.311140060424805,
      11.544639587402344,
      11.326395034790039,
      8.957186698913574,
      43.82215881347656,
      35.730045318603516,
      52.57810592651367,
      42.5526123046875,
      51.52122497558594,
      44.37098693847656,
      70.84860229492188,
      49.279014587402344,
      92.53411865234375,
      56.9105110168457,
      83.62561798095703,
      48.653812408447266,
      38.53368377685547,
      27.42778968811035
    ],
    [
      6.738162517547607,
      4.203178405761719,
      3.639159917831421,
      3.1078381538391113,
      14.443821907043457,
      18.60174560546875,
      20.50377655029297,
      26.457536697387695,
      27.204429626464844,
      39.23655319213867,
      43.89065933227539,
      48.92180252075195,
      56.9105110168457,
      56.617122650146484,
      45.11214065551758,
      45.19429016113281,
      29.74949836730957,
      27.3588924407959
    ],
    [
      11.393054008483887,
      12.124173164367676,
      13.86076831817627,
      10.619109153747559,
      51.35677719116211,
      38.08454132080078,
      58.6435546875,
      43.151588439941406,
      50.75785446166992,
      38.85744857788086,
      62.722286224365234,
      37.8149528503418,
      83.62561798095703,
      45.11214065551758,
      91.64454650878906,
      46.2520751953125,
      40.139068603515625,
      26.10131072998047
    ],
    [
      6.723238468170166,
      3.979591131210327,
      5.226215839385986,
      3.8055169582366943,
      15.40259838104248,
      16.383338928222656,
      17.571094512939453,
      20.404699325561523,
      22.41141700744629,
      29.789443969726562,
      34.519256591796875,
      36.11530303955078,
      48.653812408447266,
      45.19429016113281,
      46.2520751953125,
      44.86335372924805,
      33.404151916503906,
      30.979366302490234
    ],
    [
      8.436040878295898,
      8.320540428161621,
      7.469695568084717,
      6.456549167633057,
      17.004398345947266,
      13.253790855407715,
      17.47823143005371,
      13.358123779296875,
      19.737930297851562,
      18.08739471435547,
      26.13231086730957,
      22.312725067138672,
      38.53368377685547,
      29.74949836730957,
      40.139068603515625,
      33.404151916503906,
      33.15148162841797,
      27.994335174560547
    ],
    [
      7.897253036499023,
      6.732113838195801,
      5.733855724334717,
      4.2409563064575195,
      8.188733100891113,
      8.01513671875,
      9.079713821411133,
      9.693017959594727,
      14.28557300567627,
      17.363391876220703,
      20.986513137817383,
      21.454410552978516,
      27.42778968811035,
      27.3588924407959,
      26.10131072998047,
      30.979366302490234,
      27.994335174560547,
      31.735258102416992
    ]
  ],
  "covariance_short": [
    [
      106.22905731201172,
      81.64373016357422,
      28.925798416137695,
      27.099685668945312,
      6.250511169433594,
      2.071841239929199,
      6.212975025177002,
      7.423633575439453,
      5.710132122039795,
      7.010594844818115,
      12.61184310913086,
      8.682482719421387,
      13.919107437133789,
      11.186744689941406,
      17.613691329956055,
      13.667198181152344,
      11.715575218200684,
      13.370726585388184
    ],
    [
      81.64373016357422,
      79.65095520019531,
      23.63789939880371,
      24.564239501953125,
      4.087863922119141,
      0.6330304741859436,
      4.962574481964111,
      4.333958148956299,
      4.353476047515869,
      8.774057388305664,
      9.328130722045898,
      9.342133522033691,
      10.168548583984375,
      10.124773025512695,
      15.382563591003418,
      11.05622673034668,
      10.339239120483398,
      10.744885444641113
    ],
    [
      28.925798416137695,
      23.63789939880371,
      63.64686965942383,
      34.582183837890625,
      45.92393112182617,
      24.455787658691406,
      24.571229934692383,
      15.553075790405273,
      28.83110809326172,
      14.064687728881836,
      33.49088668823242,
      16.450542449951172,
      25.920909881591797,
      13.575484275817871,
      30.545969009399414,
      16.58447265625,
      13.204242706298828,
      14.204320907592773
    ],
    [
      27.099685668945312,
      24.564239501953125,
      34.582183837890625,
      39.27418518066406,
      22.421924591064453,
      18.178470611572266,
      9.075971603393555,
      9.312189102172852,
      11.168781280517578,
      7.91022253036499,
      16.07701873779297,
      10.044795989990234,
      13.69205379486084,
      8.369085311889648,
      15.489136695861816,
      9.323151588439941,
      7.754321575164795,
      7.359867095947266
    ],
    [
      6.250511169433594,
      4.087863922119141,
      45.92393112182617,
      22.421924591064453,
      106.69788360595703,
      54.86567687988281,
      81.87076568603516,
      46.3687858581543,
      69.96839904785156,
      33.68982696533203,
      64.48051452636719,
      27.478145599365234,
      55.94236373901367,
      22.838375091552734,
      64.76899719238281,
      25.304948806762695,
      21.07130241394043,
      15.132707595825195
    ],
    [
      2.071841239929199,
      0.6330304741859436,
      24.455787658691406,
      18.178470611572266,
      54.86567687988281,
      57.58262634277344,
      43.9354133605957,
      44.09178924560547,
      41.659446716308594,
      36.12297058105469,
      42.21714401245117,
      29.801219940185547,
      40.9617805480957,
      24.372879028320312,
      42.80131912231445,
      22.864662170410156,
      15.52595043182373,
      11.491851806640625
    ],
    [
      6.212975025177002,
      4.962574481964111,
      24.571229934692383,
      9.075971603393555,
      81.87076568603516,
      43.9354133605957,
      158.05223083496094,
      97.6219711303711,
      98.46818542480469,
      55.93712615966797,
      71.1706771850586,
      31.86979866027832,
      66.81712341308594,
      26.894569396972656,
      73.79805755615234,
      24.775094985961914,
      21.316974639892578,
      12.248549461364746
    ],
    [
      7.423633575439453,
      4.333958148956299,
      15.553075790405273,
      9.312189102172852,
      46.3687858581543,
      44.09178924560547,
      97.6219711303711,
      112.28328704833984,
      69.5255355834961,
      68.61572265625,
      54.479461669921875,
      42.40305709838867,
      55.45247268676758,
      35.5971565246582,
      55.1479606628418,
      29.110960006713867,
      17.3850154876709,
      12.371145248413086
    ],
    [
      5.710132122039795,
      4.353476047515869,
      28.83110809326172,
      11.168781280517578,
      69.96839904785156,
      41.659446716308594,
      98.46818542480469,
      69.5255355834961,
      123.53670501708984,
      76.87886047363281,
      77.86992645263672,
      43.158809661865234,
      72.42951202392578,
      37.66291427612305,
      71.92617797851562,
      33.594093322753906,
      26.676185607910156,
      20.13764762878418
    ],
    [
      7.010594844818115,
      8.774057388305664,
      14.064687728881836,
      7.91022253036499,
      33.68982696533203,
      36.12297058105469,
      55.93712615966797,
      68.61572265625,
      76.87886047363281,
      92.03044891357422,
      56.95704650878906,
      55.39529037475586,
      57.797420501708984,
      48.225830078125,
      53.89436340332031,
      38.299415588378906,
      22.954063415527344,
      20.7254695892334
    ],
    [
      12.61184310913086,
      9.328130722045898,
      33.49088668823242,
      16.07701873779297,
      64.48051452636719,
      42.21714401245117,
      71.1706771850586,
      54.479461669921875,
      77.86992645263672,
      56.95704650878906,
      94.15682983398438,
      56.71233367919922,
      87.24173736572266,
      50.53407287597656,
      81.33446502685547,
      42.72056198120117,
      30.955219268798828,
      24.39670181274414
    ],
    [
      8.682482719421387,
      9.342133522033691,
      16.450542449951172,
      10.044795989990234,
      27.478145599365234,
      29.801219940185547,
      31.86979866027832,
      42.40305709838867,
      43.158809661865234,
      55.39529037475586,
      56.71233367919922,
      59.68265914916992,
      59.8468017578125,
      54.564449310302734,
      50.71310806274414,
      41.678035736083984,
      23.69656753540039,
      23.186426162719727
    ],
    [
      13.919107437133789,
      10.168548583984375,
      25.920909881591797,
      13.69205379486084,
      55.94236373901367,
      40.9617805480957,
      66.81712341308594,
      55.45247268676758,
      72.42951202392578,
      57.797420501708984,
      87.24173736572266,
      59.8468017578125,
      109.856201171875,
      65.78437042236328,
      103.788330078125,
      58.82566452026367,
      45.547725677490234,
      31.433244705200195
    ],
    [
      11.186744689941406,
      10.124773025512695,
      13.575484275817871,
      8.369085311889648,
      22.838375091552734,
      24.372879028320312,
      26.894569396972656,
      35.5971565246582,
      37.66291427612305,
      48.225830078125,
      50.53407287597656,
      54.564449310302734,
      65.78437042236328,
      63.11093521118164,
      56.23988342285156,
      50.96253967285156,
      29.728734970092773,
      28.28119659423828
    ],
    [
      17.613691329956055,
      15.382563591003418,
      30.545969009399414,
      15.489136695861816,
      64.76899719238281,
      42.80131912231445,
      73.79805755615234,
      55.1479606628418,
      71.92617797851562,
      53.89436340332031,
      81.33446502685547,
      50.71310806274414,
      103.788330078125,
      56.23988342285156,
      116.82396697998047,
      58.45986557006836,
      51.00434494018555,
      32.20140075683594
    ],
    [
      13.667198181152344,
      11.05622673034668,
      16.58447265625,
      9.323151588439941,
      25.304948806762695,
      22.864662170410156,
      24.775094985961914,
      29.110960006713867,
      33.594093322753906,
      38.299415588378906,
      42.72056198120117,
      41.678035736083984,
      58.82566452026367,
      50.96253967285156,
      58.45986557006836,
      52.28803634643555,
      35.150535583496094,
      33.813236236572266
    ],
    [
      11.715575218200684,
      10.339239120483398,
      13.204242706298828,
      7.754321575164795,
      21.07130241394043,
      15.52595043182373,
      21.316974639892578,
      17.3850154876709,
      26.676185607910156,
      22.954063415527344,
      30.955219268798828,
      23.69656753540039,
      45.547725677490234,
      29.728734970092773,
      51.00434494018555,
      35.150535583496094,
      36.580406188964844,
      30.12474250793457
    ],
    [
      13.370726585388184,
      10.744885444641113,
      14.204320907592773,
      7.359867095947266,
      15.132707595825195,
      11.491851806640625,
      12.248549461364746,
      12.371145248413086,
      20.13764762878418,
      20.7254695892334,
      24.39670181274414,
      23.186426162719727,
      31.433244705200195,
      28.28119659423828,
      32.20140075683594,
      33.813236236572266,
      30.12474250793457,
      35.670589447021484
    ]
  ],
  "drr": 14.930116653442383,
  "dynamics": 5.305271625518799,
  "format": 1245190,
  "frames": 10082304,
  "loudness": -21.344411849975586,
  "loudness_range": 14.505474090576172,
  "loudness_range_short": 21.91533660888672,
  "peak": -2.050487518310547,
  "rms": -22.40971565246582,
  "sample_rate": 44100,
  "sections": 1,
  "seekable": 1,
  "sharpness": 4.441507816314697,
  "space": -10.564345359802246
}