{
  "bands": [
    {
      "high_freq": 148.1999969482422,
      "loudness": -23.144371032714844,
      "loudness_range": 10.551820755004883,
      "mid_mean": -20.272838592529297,
      "mid_to_side_loudness": -9.313000679016113,
      "mid_to_side_loudness_range": 15.6328706741333,
      "side_mean": -29.628650665283203
    },
    {
      "high_freq": 392.3793640136719,
      "loudness": -19.823413848876953,
      "loudness_range": 4.849149703979492,
      "low_freq": 148.1999969482422,
      "mid_mean": -18.12465476989746,
      "mid_to_side_loudness": -3.2162554264068604,
      "mid_to_side_loudness_range": 9.077463150024414,
      "side_mean": -21.216859817504883
    },
    {
      "high_freq": 794.6976318359375,
      "loudness": -23.013595581054688,
      "loudness_range": 9.656909942626953,
      "low_freq": 392.3793640136719,
      "mid_mean": -20.218046188354492,
      "mid_to_side_loudness": -7.906679153442383,
      "mid_to_side_loudness_range": 12.011980056762695,
      "side_mean": -28.58614158630371
    },
    {
      "high_freq": 1457.5709228515625,
      "loudness": -22.576824188232422,
      "loudness_range": 10.612262725830078,
      "low_freq": 794.6976318359375,
      "mid_mean": -20.20386505126953,
      "mid_to_side_loudness": -5.738159656524658,
      "mid_to_side_loudness_range": 11.210901260375977,
      "side_mean": -26.35900115966797
    },
    {
      "high_freq": 2549.74365234375,
      "loudness": -20.256256103515625,
      "loudness_range": 11.539591789245605,
      "low_freq": 1457.5709228515625,
      "mid_mean": -17.775793075561523,
      "mid_to_side_loudness": -5.887778282165527,
      "mid_to_side_loudness_range": 9.888010025024414,
      "side_mean": -24.22458267211914
    },
    {
      "high_freq": 4349.24462890625,
      "loudness": -22.19453239440918,
      "loudness_range": 11.66718864440918,
      "low_freq": 2549.74365234375,
      "mid_mean": -19.349430084228516,
      "mid_to_side_loudness": -7.806538105010986,
      "mid_to_side_loudness_range": 11.839587211608887,
      "side_mean": -28.012454986572266
    },
    {
      "high_freq": 7314.1640625,
      "loudness": -27.322643280029297,
      "loudness_range": 11.100675582885742,
      "low_freq": 4349.24462890625,
      "mid_mean": -24.358810424804688,
      "mid_to_side_loudness": -7.949103832244873,
      "mid_to_side_loudness_range": 10.400588035583496,
      "side_mean": -33.099891662597656
    },
    {
      "high_freq": 12199.2666015625,
      "loudness": -30.935047149658203,
      "loudness_range": 8.779705047607422,
      "low_freq": 7314.1640625,
      "mid_mean": -28.434085845947266,
      "mid_to_side_loudness": -5.53497838973999,
      "mid_to_side_loudness_range": 7.459833145141602,
      "side_mean": -34.02656936645508
    },
    {
      "loudness": -36.42665481567383,
      "loudness_range": 11.011150360107422,
      "low_freq": 12199.2666015625,
      "mid_mean": -34.1314811706543,
      "mid_to_side_loudness": -4.44623327255249,
      "mid_to_side_loudness_range": 5.748642444610596,
      "side_mean": -38.57350540161133
    }
  ],
  "bands_short": [
    {
      "high_freq": 148.1999969482422,
      "loudness": -26.721065521240234,
      "loudness_range": 14.944690704345703,
      "mid_mean": -23.720487594604492,
      "mid_to_side_loudness": -11.913361549377441,
      "mid_to_side_loudness_range": 21.528396606445312,
      "side_mean": -35.85102844238281
    },
    {
      "high_freq": 392.3793640136719,
      "loudness": -19.595460891723633,
      "loudness_range": 7.831243515014648,
      "low_freq": 148.1999969482422,
      "mid_mean": -18.056884765625,
      "mid_to_side_loudness": -3.2744576930999756,
      "mid_to_side_loudness_range": 12.329357147216797,
      "side_mean": -21.205333709716797
    },
    {
      "high_freq": 794.6976318359375,
      "loudness": -24.507875442504883,
      "loudness_range": 14.09426498413086,
      "low_freq": 392.3793640136719,
      "mid_mean": -21.981128692626953,
      "mid_to_side_loudness": -7.223502159118652,
      "mid_to_side_loudness_range": 14.76612377166748,
      "side_mean": -29.621063232421875
    },
    {
      "high_freq": 1457.5709228515625,
      "loudness": -22.846965789794922,
      "loudness_range": 13.424317359924316,
      "low_freq": 794.6976318359375,
      "mid_mean": -20.705820083618164,
      "mid_to_side_loudness": -5.316078186035156,
      "mid_to_side_loudness_range": 13.488441467285156,
      "side_mean": -26.43238639831543
    },
    {
      "high_freq": 2549.74365234375,
      "loudness": -20.961042404174805,
      "loudness_range": 14.224552154541016,
      "low_freq": 1457.5709228515625,
      "mid_mean": -18.65582275390625,
      "mid_to_side_loudness": -5.457192897796631,
      "mid_to_side_loudness_range": 11.79921817779541,
      "side_mean": -24.696598052978516
    },
    {
      "high_freq": 4349.24462890625,
      "loudness": -22.942773818969727,
      "loudness_range": 14.706279754638672,
      "low_freq": 2549.74365234375,
      "mid_mean": -20.286163330078125,
      "mid_to_side_loudness": -7.323227882385254,
      "mid_to_side_loudness_range": 13.537732124328613,
      "side_mean": -28.430286407470703
    },
    {
      "high_freq": 7314.1640625,
      "loudness": -28.011795043945312,
      "loudness_range": 14.696146011352539,
      "low_freq": 4349.24462890625,
      "mid_mean": -25.147741317749023,
      "mid_to_side_loudness": -7.789633274078369,
      "mid_to_side_loudness_range": 12.105658531188965,
      "side_mean": -33.795555114746094
    },
    {
      "high_freq": 12199.2666015625,
      "loudness": -32.084957122802734,
      "loudness_range": 13.6773681640625,
      "low_freq": 7314.1640625,
      "mid_mean": -29.60259246826172,
      "mid_to_side_loudness": -5.958078861236572,
      "mid_to_side_loudness_range": 9.166958808898926,
      "side_mean": -35.745460510253906
    },
    {
      "loudness": -39.07357406616211,
      "loudness_range": 20.055978775024414,
      "low_freq": 12199.2666015625,
      "mid_mean": -36.7855110168457,
      "mid_to_side_loudness": -4.904196739196777,
      "mid_to_side_loudness_range": 7.723995685577393,
      "side_mean": -41.749820709228516
    }
  ],
  "channels": 2,
  "covariance": [
    [
      22.357322692871094,
      5.444182872772217,
      3.9375481605529785,
      2.4015257358551025,
      2.751203775405884,
      5.858232021331787,
      4.415735721588135,
      6.308846473693848,
      6.998234272003174,
      8.847816467285156,
      7.668323993682861,
      8.208889961242676,
      8.053138732910156,
      7.877199172973633,
      4.701192378997803,
      5.486520290374756,
      6.7968220710754395,
      4.563040256500244
    ],
    [
      5.444182872772217,
      16.90456771850586,
      2.2919464111328125,
      2.845477819442749,
      1.753069281578064,
      4.174832820892334,
      2.156846761703491,
      5.551323890686035,
      1.6980527639389038,
      4.025016784667969,
      1.1234129667282104,
      4.391650676727295,
      2.23828387260437,
      4.711434364318848,
      1.8644163608551025,
      3.1437368392944336,
      2.5862865447998047,
      2.7862255573272705
    ],
    [
      3.9375481605529785,
      2.2919464111328125,
      8.81464958190918,
      3.312127113342285,
      5.784992218017578,
      2.850468873977661,
      3.6312522888183594,
      3.0917716026306152,
      3.9208922386169434,
      4.578965663909912,
      2.9081430435180664,
      4.200656890869141,
      3.620495080947876,
      4.625267505645752,
      3.571835994720459,
      2.5699541568756104,
      3.38445782661438,
      2.8075056076049805
    ],
    [
      2.4015257358551025,
      2.845477819442749,
      3.312127113342285,
      10.335379600524902,
      3.065195083618164,
      3.683698892593384,
      3.608928680419922,
      4.482509136199951,
      3.1228153705596924,
      5.546004772186279,
      2.931353807449341,
      5.196442604064941,
      3.172248601913452,
      5.383039951324463,
      3.09633731842041,
      4.7713823318481445,
      4.410424709320068,
      4.5264201164245605
    ],
    [
      2.751203775405884,
      1.753069281578064,
      5.784992218017578,
      3.065195083618164,
      20.63932991027832,
      8.869710922241211,
      11.945576667785645,
      6.7074503898620605,
      11.439133644104004,
      9.862812995910645,
      10.167864799499512,
      9.010274887084961,
      9.30860710144043,
      7.814755439758301,
      6.297088623046875,
      3.179596424102783,
      4.807544231414795,
      3.4022552967071533
    ],
    [
      5.858232021331787,
      4.174832820892334,
      2.850468873977661,
      3.683698892593384,
      8.869710922241211,
      20.147001266479492,
      11.210386276245117,
      16.223745346069336,
      11.734844207763672,
      18.210886001586914,
      11.09184455871582,
      17.4119873046875,
      11.118339538574219,
      15.126506805419922,
      6.002824783325195,
      6.139464378356934,
      5.300062656402588,
      4.25787353515625
    ],
    [
      4.415735721588135,
      2.156846761703491,
      3.6312522888183594,
      3.608928680419922,
      11.945576667785645,
      11.210386276245117,
      23.756181716918945,
      13.537491798400879,
      14.681488990783691,
      14.280159950256348,
      13.004858016967773,
      13.750113487243652,
      11.422721862792969,
      12.645880699157715,
      6.5631561279296875,
      5.277706623077393,
      5.885725975036621,
      3.941474676132202
    ],
    [
      6.308846473693848,
      5.551323890686035,
      3.0917716026306152,
      4.482509136199951,
      6.7074503898620605,
      16.223745346069336,
      13.537491798400879,
      24.31003189086914,
      11.571646690368652,
      21.344411849975586,
      9.386152267456055,
      21.60886001586914,
      10.363905906677246,
      20.092191696166992,
      7.238458633422852,
      8.864152908325195,
      7.098243713378906,
      5.963319301605225
    ],
    [
      6.998234272003174,
      1.6980527639389038,
      3.9208922386169434,
      3.1228153705596924,
      11.439133644104004,
      11.734844207763672,
      14.681488990783691,
      11.571646690368652,
      23.316429138183594,
      16.020444869995117,
      18.976022720336914,
      14.89302921295166,
      15.268054008483887,
      12.397138595581055,
      7.741189002990723,
      5.558381080627441,
      7.148876190185547,
      4.652243137359619
    ],
    [
      8.847816467285156,
      4.025016784667969,
      4.578965663909912,
      5.546004772186279,
      9.862812995910645,
      18.210886001586914,
      14.280159950256348,
      21.344411849975586,
      16.020444869995117,
      28.52867317199707,
      14.331772804260254,
      26.0278263092041,
      13.914823532104492,
      22.585298538208008,
      8.99018669128418,
      9.365432739257812,
      9.499699592590332,
      7.4023284912109375
    ],
    [
      7.668323993682861,
      1.1234129667282104,
      2.9081430435180664,
      2.931353807449341,
      10.167864799499512,
      11.09184455871582,
      13.004858016967773,
      9.386152267456055,
      18.976022720336914,
      14.331772804260254,
      24.036800384521484,
      14.016239166259766,
      17.613794326782227,
      11.87386703491211,
      8.689172744750977,
      6.60513973236084,
      7.64034366607666,
      5.3092265129089355
    ],
    [
      8.208889961242676,
      4.391650676727295,
      4.200656890869141,
      5.196442604064941,
      9.010274887084961,
      17.4119873046875,
      13.750113487243652,
      21.60886001586914,
      14.89302921295166,
      26.0278263092041,
      14.016239166259766,
      28.60175895690918,
      14.228632926940918,
      24.403160095214844,
      9.745560646057129,
      10.923909187316895,
      9.633962631225586,
      7.917606830596924
    ],
    [
      8.053138732910156,
      2.23828387260437,
      3.620495080947876,
      3.172248601913452,
      9.30860710144043,
      11.118339538574219,
      11.422721862792969,
      10.363905906677246,
      15.268054008483887,
      13.914823532104492,
      17.613794326782227,
      14.228632926940918,
      21.197893142700195,
      14.887044906616211,
      12.311395645141602,
      9.502222061157227,
      10.857254028320312,
      7.472250938415527
    ],
    [
      7.877199172973633,
      4.711434364318848,
      4.625267505645752,
      5.383039951324463,
      7.814755439758301,
      15.126506805419922,
      12.645880699157715,
      20.092191696166992,
      12.397138595581055,
      22.585298538208008,
      11.87386703491211,
      24.403160095214844,
      14.887044906616211,
      26.498146057128906,
      11.634787559509277,
      13.450721740722656,
      11.778170585632324,
      10.246447563171387
    ],
    [
      4.701192378997803,
      1.8644163608551025,
      3.571835994720459,
      3.09633731842041,
      6.297088623046875,
      6.002824783325195,
      6.5631561279296875,
      7.238458633422852,
      7.741189002990723,
      8.99018669128418,
      8.689172744750977,
      9.745560646057129,
      12.311395645141602,
      11.634787559509277,
      13.91352367401123,
      11.05001163482666,
      13.097725868225098,
      10.28725528717041
    ],
    [
      5.486520290374756,
      3.1437368392944336,
      2.5699541568756104,
      4.7713823318481445,
      3.179596424102783,
      6.139464378356934,
      5.277706623077393,
      8.864152908325195,
      5.558381080627441,
      9.365432739257812,
      6.60513973236084,
      10.923909187316895,
      9.502222061157227,
      13.450721740722656,
      11.05001163482666,
      16.953235626220703,
      12.659640312194824,
      13.60458755493164
    ],
    [
      6.7968220710754395,
      2.5862865447998047,
      3.38445782661438,
      4.410424709320068,
      4.807544231414795,
      5.300062656402588,
      5.885725975036621,
      7.098243713378906,
      7.148876190185547,
      9.499699592590332,
      7.64034366607666,
      9.633962631225586,
      10.857254028320312,
      11.778170585632324,
      13.097725868225098,
      12.659640312194824,
      20.576642990112305,
      16.314411163330078
    ],
    [
      4.563040256500244,
      2.7862255573272705,
      2.8075056076049805,
      4.5264201164245605,
      3.4022552967071533,
      4.25787353515625,
      3.941474676132202,
      5.963319301605225,
      4.652243137359619,
      7.4023284912109375,
      5.3092265129089355,
      7.917606830596924,
      7.472250938415527,
      10.246447563171387,
      10.28725528717041,
      13.60458755493164,
      16.314411163330078,
      18.370771408081055
    ]
  ],
  "covariance_short": [
    [
      36.312435150146484,
      11.567644119262695,
      7.399625301361084,
      3.1796529293060303,
      4.501471519470215,
      6.897830486297607,
      6.527233123779297,
      7.369428634643555,
      9.97706127166748,
      10.943194389343262,
      11.307530403137207,
      10.46473217010498,
      11.03096866607666,
      10.372655868530273,
      7.15022087097168,
      9.225646018981934,
      9.990633964538574,
      10.337923049926758
    ],
    [
      11.567644119262695,
      39.849212646484375,
      3.6885135173797607,
      4.281828880310059,
      1.3946117162704468,
      3.450188636779785,
      1.9164133071899414,
      5.2261199951171875,
      1.5265564918518066,
      4.494095325469971,
      1.7626535892486572,
      5.134923934936523,
      2.608659267425537,
      6.122252464294434,
      2.7108869552612305,
      6.135599613189697,
      4.880074977874756,
      6.7058424949646
    ],
    [
      7.399625301361084,
      3.6885135173797607,
      15.379570960998535,
      3.977842092514038,
      8.077302932739258,
      4.392182350158691,
      4.408588886260986,
      4.42458963394165,
      5.259346961975098,
      5.984185695648193,
      5.48119592666626,
      6.0154337882995605,
      5.596401691436768,
      6.90457820892334,
      5.538261890411377,
      6.654476165771484,
      6.199361801147461,
      8.23925495147705
    ],
    [
      3.1796529293060303,
      4.281828880310059,
      3.977842092514038,
      14.365839958190918,
      4.094613552093506,
      5.0153350830078125,
      4.421749114990234,
      5.90366268157959,
      4.231653213500977,
      6.945064544677734,
      4.067604064941406,
      6.940450191497803,
      4.603041648864746,
      7.569584369659424,
      5.272443771362305,
      7.6918416023254395,
      6.784618854522705,
      8.301977157592773
    ],
    [
      4.501471519470215,
      1.3946117162704468,
      8.077302932739258,
      4.094613552093506,
      33.80931854248047,
      11.952817916870117,
      17.31439971923828,
      9.870762825012207,
      16.96361541748047,
      13.46080207824707,
      17.06937026977539,
      12.957256317138672,
      14.139361381530762,
      12.605767250061035,
      11.98254108428955,
      9.732011795043945,
      10.257367134094238,
      10.461167335510254
    ],
    [
      6.897830486297607,
      3.450188636779785,
      4.392182350158691,
      5.0153350830078125,
      11.952817916870117,
      23.529563903808594,
      12.908924102783203,
      16.874502182006836,
      14.100075721740723,
      19.370269775390625,
      13.416028022766113,
      19.00081443786621,
      13.088751792907715,
      17.583585739135742,
      8.525395393371582,
      10.305919647216797,
      9.4323148727417,
      9.358061790466309
    ],
    [
      6.527233123779297,
      1.9164133071899414,
      4.408588886260986,
      4.421749114990234,
      17.31439971923828,
      12.908924102783203,
      33.054935455322266,
      16.72248077392578,
      21.902542114257812,
      17.440902709960938,
      21.284713745117188,
      17.108598709106445,
      17.996431350708008,
      16.63102149963379,
      11.643436431884766,
      12.046019554138184,
      11.438166618347168,
      11.222007751464844
    ],
    [
      7.369428634643555,
      5.2261199951171875,
      4.42458963394165,
      5.90366268157959,
      9.870762825012207,
      16.874502182006836,
      16.72248077392578,
      29.51710319519043,
      15.639640808105469,
      23.59304428100586,
      13.628271102905273,
      24.0096435546875,
      14.16418743133545,
      22.890884399414062,
      10.274697303771973,
      14.282977104187012,
      11.39197063446045,
      12.124199867248535
    ],
    [
      9.97706127166748,
      1.5265564918518066,
      5.259346961975098,
      4.231653213500977,
      16.96361541748047,
      14.100075721740723,
      21.902542114257812,
      15.639640808105469,
      34.62411117553711,
      21.101877212524414,
      28.862775802612305,
      19.988306045532227,
      23.126752853393555,
      18.47563934326172,
      13.90908145904541,
      13.5007963180542,
      13.489876747131348,
      13.161211967468262
    ],
    [
      10.943194389343262,
      4.494095325469971,
      5.984185695648193,
      6.945064544677734,
      13.46080207824707,
      19.370269775390625,
      17.440902709960938,
      23.59304428100586,
      21.101877212524414,
      33.787967681884766,
      19.006935119628906,
      29.705974578857422,
      18.10723876953125,
      27.260887145996094,
      13.068296432495117,
      16.36705207824707,
      14.76331615447998,
      15.218992233276367
    ],
    [
      11.307530403137207,
      1.7626535892486572,
      5.48119592666626,
      4.067604064941406,
      17.06937026977539,
      13.416028022766113,
      21.284713745117188,
      13.628271102905273,
      28.862775802612305,
      19.006935119628906,
      37.26632308959961,
      19.59718132019043,
      27.820594787597656,
      19.092885971069336,
      17.01403045654297,
      15.951139450073242,
      16.480648040771484,
      15.818243980407715
    ],
    [
      10.46473217010498,
      5.134923934936523,
      6.0154337882995605,
      6.940450191497803,
      12.957256317138672,
      19.00081443786621,
      17.108598709106445,
      24.0096435546875,
      19.988306045532227,
      29.705974578857422,
      19.59718132019043,
      33.57630157470703,
      19.356924057006836,
      30.0751895904541,
      15.076518058776855,
      19.43911361694336,
      16.721506118774414,
      17.799379348754883
    ],
    [
      11.03096866607666,
      2.608659267425537,
      5.596401691436768,
      4.603041648864746,
      14.139361381530762,
      13.088751792907715,
      17.996431350708008,
      14.16418743133545,
      23.126752853393555,
      18.10723876953125,
      27.820594787597656,
      19.356924057006836,
      35.32328414916992,
      23.01910400390625,
      24.068838119506836,
      21.556842803955078,
      25.67689323425293,
      22.469383239746094
    ],
    [
      10.372655868530273,
      6.122252464294434,
      6.90457820892334,
      7.569584369659424,
      12.605767250061035,
      17.583585739135742,
      16.63102149963379,
      22.890884399414062,
      18.47563934326172,
      27.260887145996094,
      19.092885971069336,
      30.0751895904541,
      23.01910400390625,
      35.944217681884766,
      20.062824249267578,
      26.076290130615234,
      24.071386337280273,
      25.606168746948242
    ],
    [
      7.15022087097168,
      2.7108869552612305,
      5.538261890411377,
      5.272443771362305,
      11.98254108428955,
      8.525395393371582,
      11.643436431884766,
      10.274697303771973,
      13.90908145904541,
      13.068296432495117,
      17.01403045654297,
      15.076518058776855,
      24.068838119506836,
      20.062824249267578,
      29.88929557800293,
      25.437849044799805,
      31.804689407348633,
      29.239648818969727
    ],
    [
      9.225646018981934,
      6.135599613189697,
      6.654476165771484,
      7.6918416023254395,
      9.732011795043945,
      10.305919647216797,
      12.046019554138184,
      14.282977104187012,
      13.5007963180542,
      16.36705207824707,
      15.951139450073242,
      19.43911361694336,
      21.556842803955078,
      26.076290130615234,
      25.437849044799805,
      37.51350021362305,
      32.79624557495117,
      37.919795989990234
    ],
    [
      9.990633964538574,
      4.880074977874756,
      6.199361801147461,
      6.784618854522705,
      10.257367134094238,
      9.4323148727417,
      11.438166618347168,
      11.39197063446045,
      13.489876747131348,
      14.76331615447998,
      16.480648040771484,
      16.721506118774414,
      25.67689323425293,
      24.071386337280273,
      31.804689407348633,
      32.79624557495117,
      51.58070373535156,
      47.37643814086914
    ],
    [
      10.337923049926758,
      6.7058424949646,
      8.23925495147705,
      8.301977157592773,
      10.461167335510254,
      9.358061790466309,
      11.222007751464844,
      12.124199867248535,
      13.161211967468262,
      15.218992233276367,
      15.818243980407715,
      17.799379348754883,
      22.469383239746094,
      25.606168746948242,
      29.239648818969727,
      37.919795989990234,
      47.37643814086914,
      57.30010986328125
    ]
  ],
  "drr": 13.137970924377441,
  "dynamics": 2.252835750579834,
  "format": 1245190,
  "frames": 15790080,
  "loudness": -9.59473705291748,
  "loudness_range": 5.009693145751953,
  "loudness_range_short": 7.594845771789551,
  "peak": -0.30317118763923645,
  "rms": -12.866984367370605,
  "sample_rate": 44100,
  "sections": 1,
  "seekable": 1,
  "sharpness": 2.118217945098877,
  "space": -6.144327163696289
}