{
  "bands": [
    {
      "high_freq": 148.1999969482422,
      "loudness": -32.27781295776367,
      "loudness_range": 18.700838088989258,
      "mid_mean": -30.912385940551758,
      "mid_to_side_loudness": -1.9058157205581665,
      "mid_to_side_loudness_range": 5.467034339904785,
      "side_mean": -32.57769775390625
    },
    {
      "high_freq": 392.3793640136719,
      "loudness": -29.80588150024414,
      "loudness_range": 13.882762908935547,
      "low_freq": 148.1999969482422,
      "mid_mean": -27.77208709716797,
      "mid_to_side_loudness": -4.5025763511657715,
      "mid_to_side_loudness_range": 11.193377494812012,
      "side_mean": -32.30506896972656
    },
    {
      "high_freq": 794.6976318359375,
      "loudness": -33.68787384033203,
      "loudness_range": 24.134754180908203,
      "low_freq": 392.3793640136719,
      "mid_mean": -30.712800979614258,
      "mid_to_side_loudness": -9.097418785095215,
      "mid_to_side_loudness_range": 17.541582107543945,
      "side_mean": -40.80405807495117
    },
    {
      "high_freq": 1457.5709228515625,
      "loudness": -38.26290512084961,
      "loudness_range": 29.246315002441406,
      "low_freq": 794.6976318359375,
      "mid_mean": -35.1946907043457,
      "mid_to_side_loudness": -9.040189743041992,
      "mid_to_side_loudness_range": 17.398345947265625,
      "side_mean": -46.30043029785156
    },
    {
      "high_freq": 2549.74365234375,
      "loudness": -42.717105865478516,
      "loudness_range": 24.557647705078125,
      "low_freq": 1457.5709228515625,
      "mid_mean": -40.045501708984375,
      "mid_to_side_loudness": -6.848332405090332,
      "mid_to_side_loudness_range": 12.657115936279297,
      "side_mean": -47.49122619628906
    },
    {
      "high_freq": 4349.24462890625,
      "loudness": -46.60633850097656,
      "loudness_range": 21.011852264404297,
      "low_freq": 2549.74365234375,
      "mid_mean": -44.85139846801758,
      "mid_to_side_loudness": -2.769810914993286,
      "mid_to_side_loudness_range": 6.214646339416504,
      "side_mean": -47.6718635559082
    },
    {
      "high_freq": 7314.1640625,
      "loudness": -47.85385513305664,
      "loudness_range": 21.911418914794922,
      "low_freq": 4349.24462890625,
      "mid_mean": -46.8358268737793,
      "mid_to_side_loudness": -0.6072022914886475,
      "mid_to_side_loudness_range": 0.8956535458564758,
      "side_mean": -47.44082260131836
    },
    {
      "high_freq": 12199.2666015625,
      "loudness": -50.188045501708984,
      "loudness_range": 20.92504119873047,
      "low_freq": 7314.1640625,
      "mid_mean": -49.16238784790039,
      "mid_to_side_loudness": -0.6644145846366882,
      "mid_to_side_loudness_range": 1.056013584136963,
      "side_mean": -50.03281021118164
    },
    {
      "loudness": -54.630558013916016,
      "loudness_range": 23.679340362548828,
      "low_freq": 12199.2666015625,
      "mid_mean": -53.85761260986328,
      "mid_to_side_loudness": 0.16573572158813477,
      "mid_to_side_loudness_range": 0.5601190328598022,
      "side_mean": -53.70125198364258
    }
  ],
  "bands_short": [
    {
      "high_freq": 148.1999969482422,
      "loudness": -35.968143463134766,
      "loudness_range": 25.1639347076416,
      "mid_mean": -34.87889862060547,
      "mid_to_side_loudness": -2.287574529647827,
      "mid_to_side_loudness_range": 11.035236358642578,
      "side_mean": -36.48164367675781
    },
    {
      "high_freq": 392.3793640136719,
      "loudness": -30.736785888671875,
      "loudness_range": 16.646739959716797,
      "low_freq": 148.1999969482422,
      "mid_mean": -28.788658142089844,
      "mid_to_side_loudness": -4.341978549957275,
      "mid_to_side_loudness_range": 12.255141258239746,
      "side_mean": -33.117462158203125
    },
    {
      "high_freq": 794.6976318359375,
      "loudness": -34.881622314453125,
      "loudness_range": 25.438358306884766,
      "low_freq": 392.3793640136719,
      "mid_mean": -31.98418426513672,
      "mid_to_side_loudness": -8.926166534423828,
      "mid_to_side_loudness_range": 18.526485443115234,
      "side_mean": -41.964107513427734
    },
    {
      "high_freq": 1457.5709228515625,
      "loudness": -39.85051345825195,
      "loudness_range": 31.094043731689453,
      "low_freq": 794.6976318359375,
      "mid_mean": -36.9237060546875,
      "mid_to_side_loudness": -9.086320877075195,
      "mid_to_side_loudness_range": 18.18048095703125,
      "side_mean": -47.9455451965332
    },
    {
      "high_freq": 2549.74365234375,
      "loudness": -44.750972747802734,
      "loudness_range": 28.147247314453125,
      "low_freq": 1457.5709228515625,
      "mid_mean": -42.16490173339844,
      "mid_to_side_loudness": -7.155971050262451,
      "mid_to_side_loudness_range": 14.264242172241211,
      "side_mean": -50.16334533691406
    },
    {
      "high_freq": 4349.24462890625,
      "loudness": -48.839752197265625,
      "loudness_range": 24.913288116455078,
      "low_freq": 2549.74365234375,
      "mid_mean": -46.91343688964844,
      "mid_to_side_loudness": -3.480762004852295,
      "mid_to_side_loudness_range": 8.851842880249023,
      "side_mean": -50.64365005493164
    },
    {
      "high_freq": 7314.1640625,
      "loudness": -51.02674865722656,
      "loudness_range": 26.072677612304688,
      "low_freq": 4349.24462890625,
      "mid_mean": -50.10235595703125,
      "mid_to_side_loudness": -0.9156966209411621,
      "mid_to_side_loudness_range": 2.1881370544433594,
      "side_mean": -50.963897705078125
    },
    {
      "high_freq": 12199.2666015625,
      "loudness": -52.9617919921875,
      "loudness_range": 25.340869903564453,
      "low_freq": 7314.1640625,
      "mid_mean": -51.95464324951172,
      "mid_to_side_loudness": -0.801068902015686,
      "mid_to_side_loudness_range": 2.081425666809082,
      "side_mean": -52.695945739746094
    },
    {
      "loudness": -57.97803497314453,
      "loudness_range": 26.343364715576172,
      "low_freq": 12199.2666015625,
      "mid_mean": -56.772743225097656,
      "mid_to_side_loudness": 0.12714481353759766,
      "mid_to_side_loudness_range": 1.1613824367523193,
      "side_mean": -56.65562438964844
    }
  ],
  "channels": 2,
  "covariance": [
    [
      39.14487838745117,
      39.5501594543457,
      8.729126930236816,
      7.7838215827941895,
      4.416187763214111,
      1.7351632118225098,
      6.816255569458008,
      3.271167039871216,
      5.237494945526123,
      0.6107787489891052,
      0.6205853223800659,
      -1.5732132196426392,
      -2.2225699424743652,
      -2.2679567337036133,
      -1.360914945602417,
      -1.2293665409088135,
      -1.7787050008773804,
      -1.7835469245910645
    ],
    [
      39.5501594543457,
      46.079673767089844,
      9.353713035583496,
      9.138054847717285,
      3.8913888931274414,
      4.081181049346924,
      5.0923004150390625,
      5.024932861328125,
      5.6852803230285645,
      2.7056901454925537,
      2.5303308963775635,
      0.5511507391929626,
      -0.07185440510511398,
      -0.07677200436592102,
      0.8637434840202332,
      0.9928908944129944,
      0.42659854888916016,
      0.43773722648620605
    ],
    [
      8.729126930236816,
      9.353713035583496,
      28.698829650878906,
      18.738128662109375,
      27.93064308166504,
      21.77883529663086,
      25.14084815979004,
      24.777198791503906,
      29.49736976623535,
      22.819488525390625,
      22.366098403930664,
      18.510610580444336,
      17.988117218017578,
      17.757457733154297,
      16.533912658691406,
      16.207714080810547,
      13.697608947753906,
      13.752758979797363
    ],
    [
      7.7838215827941895,
      9.138054847717285,
      18.738128662109375,
      28.35516357421875,
      9.379924774169922,
      20.210235595703125,
      5.896670341491699,
      18.064050674438477,
      12.887558937072754,
      18.263568878173828,
      14.854275703430176,
      16.332157135009766,
      15.567445755004883,
      15.526713371276855,
      14.492939949035645,
      14.410346984863281,
      11.918530464172363,
      11.931222915649414
    ],
    [
      4.416187763214111,
      3.8913888931274414,
      27.93064308166504,
      9.379924774169922,
      75.15831756591797,
      31.79936408996582,
      58.39212417602539,
      39.126007080078125,
      62.101051330566406,
      37.257911682128906,
      40.026466369628906,
      28.153810501098633,
      27.06475830078125,
      26.162776947021484,
      24.93449592590332,
      24.555416107177734,
      20.270328521728516,
      20.352373123168945
    ],
    [
      1.7351632118225098,
      4.081181049346924,
      21.77883529663086,
      20.210235595703125,
      31.79936408996582,
      39.76679611206055,
      20.80796241760254,
      39.35551071166992,
      38.12972640991211,
      39.845916748046875,
      37.62641906738281,
      35.93648910522461,
      34.96562957763672,
      34.66548538208008,
      31.933202743530273,
      31.610727310180664,
      26.06344223022461,
      26.135454177856445
    ],
    [
      6.816255569458008,
      5.0923004150390625,
      25.14084815979004,
      5.896670341491699,
      58.39212417602539,
      20.80796241760254,
      89.30655670166016,
      40.7484016418457,
      59.31303024291992,
      29.143850326538086,
      34.66687774658203,
      19.8757266998291,
      18.74629783630371,
      17.684839248657227,
      18.10299301147461,
      17.66444206237793,
      15.601821899414062,
      15.634012222290039
    ],
    [
      3.271167039871216,
      5.024932861328125,
      24.777198791503906,
      18.064050674438477,
      39.126007080078125,
      39.35551071166992,
      40.7484016418457,
      52.97629165649414,
      49.109375,
      47.13518142700195,
      46.95637130737305,
      42.360843658447266,
      41.54606628417969,
      40.97990798950195,
      38.427486419677734,
      37.95082473754883,
      32.51475524902344,
      32.62171173095703
    ],
    [
      5.237494945526123,
      5.6852803230285645,
      29.49736976623535,
      12.887558937072754,
      62.101051330566406,
      38.12972640991211,
      59.31303024291992,
      49.109375,
      75.65343475341797,
      47.739315032958984,
      49.30404281616211,
      37.62208938598633,
      36.97102737426758,
      36.05509567260742,
      34.247718811035156,
      33.824974060058594,
      28.69023895263672,
      28.783706665039062
    ],
    [
      0.6107787489891052,
      2.7056901454925537,
      22.819488525390625,
      18.263568878173828,
      37.257911682128906,
      39.845916748046875,
      29.143850326538086,
      47.13518142700195,
      47.739315032958984,
      50.471797943115234,
      47.64061737060547,
      45.73771286010742,
      44.90751266479492,
      44.578590393066406,
      41.195438385009766,
      40.775856018066406,
      34.46369552612305,
      34.565757751464844
    ],
    [
      0.6205853223800659,
      2.5303308963775635,
      22.366098403930664,
      14.854275703430176,
      40.026466369628906,
      37.62641906738281,
      34.66687774658203,
      46.95637130737305,
      49.30404281616211,
      47.64061737060547,
      50.39154052734375,
      44.557735443115234,
      44.459571838378906,
      43.89197540283203,
      40.948692321777344,
      40.49549102783203,
      35.7024040222168,
      35.81343078613281
    ],
    [
      -1.5732132196426392,
      0.5511507391929626,
      18.510610580444336,
      16.332157135009766,
      28.153810501098633,
      35.93648910522461,
      19.8757266998291,
      42.360843658447266,
      37.62208938598633,
      45.73771286010742,
      44.557735443115234,
      46.14358901977539,
      46.29374313354492,
      46.31890869140625,
      42.9139289855957,
      42.54120635986328,
      37.881160736083984,
      38.023380279541016
    ],
    [
      -2.2225699424743652,
      -0.07185440510511398,
      17.988117218017578,
      15.567445755004883,
      27.06475830078125,
      34.96562957763672,
      18.74629783630371,
      41.54606628417969,
      36.97102737426758,
      44.90751266479492,
      44.459571838378906,
      46.29374313354492,
      49.815879821777344,
      49.93961715698242,
      46.861289978027344,
      46.47069549560547,
      44.721046447753906,
      44.91026306152344
    ],
    [
      -2.2679567337036133,
      -0.07677200436592102,
      17.757457733154297,
      15.526713371276855,
      26.162776947021484,
      34.66548538208008,
      17.684839248657227,
      40.97990798950195,
      36.05509567260742,
      44.578590393066406,
      43.89197540283203,
      46.31890869140625,
      49.93961715698242,
      50.246273040771484,
      47.09442138671875,
      46.759254455566406,
      45.24913787841797,
      45.4505500793457
    ],
    [
      -1.360914945602417,
      0.8637434840202332,
      16.533912658691406,
      14.492939949035645,
      24.93449592590332,
      31.933202743530273,
      18.10299301147461,
      38.427486419677734,
      34.247718811035156,
      41.195438385009766,
      40.948692321777344,
      42.9139289855957,
      46.861289978027344,
      47.09442138671875,
      47.994197845458984,
      47.648155212402344,
      47.89451217651367,
      48.11729431152344
    ],
    [
      -1.2293665409088135,
      0.9928908944129944,
      16.207714080810547,
      14.410346984863281,
      24.555416107177734,
      31.610727310180664,
      17.66444206237793,
      37.95082473754883,
      33.824974060058594,
      40.775856018066406,
      40.49549102783203,
      42.54120635986328,
      46.47069549560547,
      46.759254455566406,
      47.648155212402344,
      51.22503662109375,
      50.724674224853516,
      50.99837112426758
    ],
    [
      -1.7787050008773804,
      0.42659854888916016,
      13.697608947753906,
      11.918530464172363,
      20.270328521728516,
      26.06344223022461,
      15.601821899414062,
      32.51475524902344,
      28.69023895263672,
      34.46369552612305,
      35.7024040222168,
      37.881160736083984,
      44.721046447753906,
      45.24913787841797,
      47.89451217651367,
      50.724674224853516,
      57.69517135620117,
      58.03630828857422
    ],
    [
      -1.7835469245910645,
      0.43773722648620605,
      13.752758979797363,
      11.931222915649414,
      20.352373123168945,
      26.135454177856445,
      15.634012222290039,
      32.62171173095703,
      28.783706665039062,
      34.565757751464844,
      35.81343078613281,
      38.023380279541016,
      44.91026306152344,
      45.4505500793457,
      48.11729431152344,
      50.99837112426758,
      58.03630828857422,
      58.41160583496094
    ]
  ],
  "covariance_short": [
    [
      72.4149169921875,
      64.36193084716797,
      19.00614356994629,
      23.839750289916992,
      8.52427864074707,
      7.132258892059326,
      10.306589126586914,
      7.451892852783203,
      9.61254596710205,
      4.175760269165039,
      3.9443581104278564,
      1.310781478881836,
      1.2423796653747559,
      1.5861402750015259,
      2.619589328765869,
      2.944737195968628,
      4.2906694412231445,
      4.315311908721924
    ],
    [
      64.36193084716797,
      80.13892364501953,
      20.908212661743164,
      27.163869857788086,
      7.388434410095215,
      10.128608703613281,
      7.5710601806640625,
      8.8873929977417,
      9.814644813537598,
      7.173284530639648,
      6.5327606201171875,
      4.951534271240234,
      5.072407245635986,
      5.500576972961426,
      6.227306842803955,
      6.425922870635986,
      7.112078666687012,
      7.147394180297852
    ],
    [
      19.00614356994629,
      20.908212661743164,
      38.18231201171875,
      28.378511428833008,
      30.234262466430664,
      25.682832717895508,
      28.19542694091797,
      28.515565872192383,
      32.54429626464844,
      26.5293025970459,
      25.537778854370117,
      20.490009307861328,
      19.42940902709961,
      18.983909606933594,
      17.532161712646484,
      17.144872665405273,
      14.151514053344727,
      14.211324691772461
    ],
    [
      23.839750289916992,
      27.163869857788086,
      28.378511428833008,
      40.786399841308594,
      13.628358840942383,
      23.83026885986328,
      10.826865196228027,
      21.771778106689453,
      16.50223159790039,
      20.440521240234375,
      17.071378707885742,
      17.833232879638672,
      17.00562858581543,
      17.244478225708008,
      15.278898239135742,
      15.314157485961914,
      12.97337532043457,
      13.032759666442871
    ],
    [
      8.52427864074707,
      7.388434410095215,
      30.234262466430664,
      13.628358840942383,
      85.30699157714844,
      39.370723724365234,
      71.63780212402344,
      46.8809814453125,
      72.68878936767578,
      45.87843322753906,
      47.577388763427734,
      32.465328216552734,
      29.989055633544922,
      28.532743453979492,
      27.121437072753906,
      26.56000328063965,
      21.18134307861328,
      21.238311767578125
    ],
    [
      7.132258892059326,
      10.128608703613281,
      25.682832717895508,
      23.83026885986328,
      39.370723724365234,
      47.37716293334961,
      30.990087509155273,
      43.89902877807617,
      44.23431396484375,
      44.17314529418945,
      41.850067138671875,
      39.351139068603516,
      38.13457107543945,
      37.933311462402344,
      34.138465881347656,
      33.90833282470703,
      27.70644760131836,
      27.808866500854492
    ],
    [
      10.306589126586914,
      7.5710601806640625,
      28.19542694091797,
      10.826865196228027,
      71.63780212402344,
      30.990087509155273,
      109.51048278808594,
      55.32202911376953,
      78.32472229003906,
      45.25360870361328,
      49.40457534790039,
      30.597272872924805,
      27.51898193359375,
      25.690404891967773,
      25.307992935180664,
      24.767593383789062,
      20.544082641601562,
      20.546022415161133
    ],
    [
      7.451892852783203,
      8.8873929977417,
      28.515565872192383,
      21.771778106689453,
      46.8809814453125,
      43.89902877807617,
      55.32202911376953,
      64.264892578125,
      61.355892181396484,
      57.43571090698242,
      57.21848678588867,
      51.03725051879883,
      49.86948776245117,
      49.103355407714844,
      45.10470199584961,
      44.60274887084961,
      37.03474426269531,
      37.173336029052734
    ],
    [
      9.61254596710205,
      9.814644813537598,
      32.54429626464844,
      16.50223159790039,
      72.68878936767578,
      44.23431396484375,
      78.32472229003906,
      61.355892181396484,
      95.18274688720703,
      63.4154167175293,
      63.75638961791992,
      48.454925537109375,
      46.236331939697266,
      44.5200309753418,
      42.00352478027344,
      41.153656005859375,
      33.38102340698242,
      33.425350189208984
    ],
    [
      4.175760269165039,
      7.173284530639648,
      26.5293025970459,
      20.440521240234375,
      45.87843322753906,
      44.17314529418945,
      45.25360870361328,
      57.43571090698242,
      63.4154167175293,
      69.89971160888672,
      62.08161544799805,
      63.92817687988281,
      63.001949310302734,
      62.48098373413086,
      56.88887405395508,
      56.12235641479492,
      45.81598663330078,
      46.009700775146484
    ],
    [
      3.9443581104278564,
      6.5327606201171875,
      25.537778854370117,
      17.071378707885742,
      47.577388763427734,
      41.850067138671875,
      49.40457534790039,
      57.21848678588867,
      63.75638961791992,
      62.08161544799805,
      68.05583190917969,
      60.49714660644531,
      59.60191345214844,
      58.709251403808594,
      54.56854248046875,
      53.78065490722656,
      45.41682815551758,
      45.562767028808594
    ],
    [
      1.310781478881836,
      4.951534271240234,
      20.490009307861328,
      17.833232879638672,
      32.465328216552734,
      39.351139068603516,
      30.597272872924805,
      51.03725051879883,
      48.454925537109375,
      63.92817687988281,
      60.49714660644531,
      68.65240478515625,
      69.35920715332031,
      69.77012634277344,
      63.7875862121582,
      63.2496337890625,
      53.80684280395508,
      54.06601333618164
    ],
    [
      1.2423796653747559,
      5.072407245635986,
      19.42940902709961,
      17.00562858581543,
      29.989055633544922,
      38.13457107543945,
      27.51898193359375,
      49.86948776245117,
      46.236331939697266,
      63.001949310302734,
      59.60191345214844,
      69.35920715332031,
      74.61305236816406,
      75.15966033935547,
      70.06254577636719,
      69.45500183105469,
      61.317893981933594,
      61.61648178100586
    ],
    [
      1.5861402750015259,
      5.500576972961426,
      18.983909606933594,
      17.244478225708008,
      28.532743453979492,
      37.933311462402344,
      25.690404891967773,
      49.103355407714844,
      44.5200309753418,
      62.48098373413086,
      58.709251403808594,
      69.77012634277344,
      75.15966033935547,
      76.4988021850586,
      71.08040618896484,
      70.77289581298828,
      62.95817184448242,
      63.291725158691406
    ],
    [
      2.619589328765869,
      6.227306842803955,
      17.532161712646484,
      15.278898239135742,
      27.121437072753906,
      34.138465881347656,
      25.307992935180664,
      45.10470199584961,
      42.00352478027344,
      56.88887405395508,
      54.56854248046875,
      63.7875862121582,
      70.06254577636719,
      71.08040618896484,
      70.2508544921875,
      69.84920501708984,
      63.60774612426758,
      63.921058654785156
    ],
    [
      2.944737195968628,
      6.425922870635986,
      17.144872665405273,
      15.314157485961914,
      26.56000328063965,
      33.90833282470703,
      24.767593383789062,
      44.60274887084961,
      41.153656005859375,
      56.12235641479492,
      53.78065490722656,
      63.2496337890625,
      69.45500183105469,
      70.77289581298828,
      69.84920501708984,
      69.99351501464844,
      64.00731658935547,
      64.3780517578125
    ],
    [
      4.2906694412231445,
      7.112078666687012,
      14.151514053344727,
      12.97337532043457,
      21.18134307861328,
      27.70644760131836,
      20.544082641601562,
      37.03474426269531,
      33.38102340698242,
      45.81598663330078,
      45.41682815551758,
      53.80684280395508,
      61.317893981933594,
      62.95817184448242,
      63.60774612426758,
      64.00731658935547,
      65.38240814208984,
      65.7247543334961
    ],
    [
      4.315311908721924,
      7.147394180297852,
      14.211324691772461,
      13.032759666442871,
      21.238311767578125,
      27.808866500854492,
      20.546022415161133,
      37.173336029052734,
      33.425350189208984,
      46.009700775146484,
      45.562767028808594,
      54.06601333618164,
      61.61648178100586,
      63.291725158691406,
      63.921058654785156,
      64.3780517578125,
      65.7247543334961,
      66.19031524658203
    ]
  ],
  "drr": 11.88720989227295,
  "dynamics": 4.223331928253174,
  "format": 1245190,
  "frames": 12756992,
  "loudness": -21.038101196289062,
  "loudness_range": 11.333951950073242,
  "loudness_range_short": 16.212854385375977,
  "peak": -0.05550876632332802,
  "rms": -21.884479522705078,
  "sample_rate": 44100,
  "sections": 1,
  "seekable": 1,
  "sharpness": 4.277183532714844,
  "space": -5.676529407501221
}