{
  "bands": [
    {
      "high_freq": 148.1999969482422,
      "loudness": -30.7983341217041,
      "loudness_range": 16.981637954711914,
      "mid_mean": -29.11356544494629,
      "mid_to_side_loudness": -2.9954142570495605,
      "mid_to_side_loudness_range": 7.144161224365234,
      "side_mean": -31.73736000061035
    },
    {
      "high_freq": 392.3793640136719,
      "loudness": -30.044418334960938,
      "loudness_range": 19.224895477294922,
      "low_freq": 148.1999969482422,
      "mid_mean": -27.53594398498535,
      "mid_to_side_loudness": -8.293292045593262,
      "mid_to_side_loudness_range": 16.31765365600586,
      "side_mean": -35.36122131347656
    },
    {
      "high_freq": 794.6976318359375,
      "loudness": -32.1583137512207,
      "loudness_range": 21.126230239868164,
      "low_freq": 392.3793640136719,
      "mid_mean": -28.86233901977539,
      "mid_to_side_loudness": -13.05946159362793,
      "mid_to_side_loudness_range": 17.15328025817871,
      "side_mean": -42.09930419921875
    },
    {
      "high_freq": 1457.5709228515625,
      "loudness": -36.88928985595703,
      "loudness_range": 26.823543548583984,
      "low_freq": 794.6976318359375,
      "mid_mean": -33.6262092590332,
      "mid_to_side_loudness": -12.078561782836914,
      "mid_to_side_loudness_range": 15.782072067260742,
      "side_mean": -46.279170989990234
    },
    {
      "high_freq": 2549.74365234375,
      "loudness": -41.29311752319336,
      "loudness_range": 22.542953491210938,
      "low_freq": 1457.5709228515625,
      "mid_mean": -38.578975677490234,
      "mid_to_side_loudness": -7.14037561416626,
      "mid_to_side_loudness_range": 11.62644100189209,
      "side_mean": -45.96775436401367
    },
    {
      "high_freq": 4349.24462890625,
      "loudness": -42.74955749511719,
      "loudness_range": 22.118511199951172,
      "low_freq": 2549.74365234375,
      "mid_mean": -41.531593322753906,
      "mid_to_side_loudness": -1.6373966932296753,
      "mid_to_side_loudness_range": 3.978274345397949,
      "side_mean": -43.04506301879883
    },
    {
      "high_freq": 7314.1640625,
      "loudness": -42.79084777832031,
      "loudness_range": 23.840362548828125,
      "low_freq": 4349.24462890625,
      "mid_mean": -42.04741287231445,
      "mid_to_side_loudness": -0.4066450297832489,
      "mid_to_side_loudness_range": 1.492692470550537,
      "side_mean": -42.34147262573242
    },
    {
      "high_freq": 12199.2666015625,
      "loudness": -37.78816604614258,
      "loudness_range": 28.46207046508789,
      "low_freq": 7314.1640625,
      "mid_mean": -37.32741165161133,
      "mid_to_side_loudness": 0.11751046776771545,
      "mid_to_side_loudness_range": 0.6245409846305847,
      "side_mean": -37.175472259521484
    },
    {
      "loudness": -36.53261184692383,
      "loudness_range": 31.92461395263672,
      "low_freq": 12199.2666015625,
      "mid_mean": -36.085784912109375,
      "mid_to_side_loudness": 0.24599061906337738,
      "mid_to_side_loudness_range": 0.6609213352203369,
      "side_mean": -35.97058868408203
    }
  ],
  "bands_short": [
    {
      "high_freq": 148.1999969482422,
      "loudness": -35.679832458496094,
      "loudness_range": 23.91752815246582,
      "mid_mean": -34.57929229736328,
      "mid_to_side_loudness": -2.1008615493774414,
      "mid_to_side_loudness_range": 10.737709045410156,
      "side_mean": -36.13587188720703
    },
    {
      "high_freq": 392.3793640136719,
      "loudness": -29.860788345336914,
      "loudness_range": 20.943300247192383,
      "low_freq": 148.1999969482422,
      "mid_mean": -27.269990921020508,
      "mid_to_side_loudness": -8.109551429748535,
      "mid_to_side_loudness_range": 17.3433895111084,
      "side_mean": -34.971805572509766
    },
    {
      "high_freq": 794.6976318359375,
      "loudness": -33.61318588256836,
      "loudness_range": 25.551254272460938,
      "low_freq": 392.3793640136719,
      "mid_mean": -30.58297348022461,
      "mid_to_side_loudness": -12.627467155456543,
      "mid_to_side_loudness_range": 19.23649024963379,
      "side_mean": -43.66554260253906
    },
    {
      "high_freq": 1457.5709228515625,
      "loudness": -39.46531677246094,
      "loudness_range": 30.27488136291504,
      "low_freq": 794.6976318359375,
      "mid_mean": -36.44643783569336,
      "mid_to_side_loudness": -11.27038860321045,
      "mid_to_side_loudness_range": 16.874176025390625,
      "side_mean": -48.491458892822266
    },
    {
      "high_freq": 2549.74365234375,
      "loudness": -43.57835388183594,
      "loudness_range": 27.515474319458008,
      "low_freq": 1457.5709228515625,
      "mid_mean": -41.029571533203125,
      "mid_to_side_loudness": -7.128720283508301,
      "mid_to_side_loudness_range": 13.059455871582031,
      "side_mean": -48.55649948120117
    },
    {
      "high_freq": 4349.24462890625,
      "loudness": -45.17462158203125,
      "loudness_range": 27.84355926513672,
      "low_freq": 2549.74365234375,
      "mid_mean": -43.89925765991211,
      "mid_to_side_loudness": -2.0471949577331543,
      "mid_to_side_loudness_range": 5.913463592529297,
      "side_mean": -45.950714111328125
    },
    {
      "high_freq": 7314.1640625,
      "loudness": -45.92307662963867,
      "loudness_range": 29.372665405273438,
      "low_freq": 4349.24462890625,
      "mid_mean": -45.53469467163086,
      "mid_to_side_loudness": -0.6337985396385193,
      "mid_to_side_loudness_range": 2.6732959747314453,
      "side_mean": -46.0548095703125
    },
    {
      "high_freq": 12199.2666015625,
      "loudness": -41.69575500488281,
      "loudness_range": 35.184383392333984,
      "low_freq": 7314.1640625,
      "mid_mean": -41.387413024902344,
      "mid_to_side_loudness": 0.1269749253988266,
      "mid_to_side_loudness_range": 1.3331007957458496,
      "side_mean": -41.27119445800781
    },
    {
      "loudness": -40.70180892944336,
      "loudness_range": 38.856040954589844,
      "low_freq": 12199.2666015625,
      "mid_mean": -40.7386360168457,
      "mid_to_side_loudness": 0.3536199629306793,
      "mid_to_side_loudness_range": 1.4227858781814575,
      "side_mean": -40.79799270629883
    }
  ],
  "channels": 2,
  "covariance": [
    [
      35.96934509277344,
      34.3911247253418,
      15.408637046813965,
      13.103870391845703,
      9.822968482971191,
      14.745028495788574,
      11.177693367004395,
      14.237629890441895,
      13.130345344543457,
      15.317525863647461,
      15.709368705749512,
      15.818991661071777,
      16.26126480102539,
      16.37285614013672,
      19.639677047729492,
      19.542564392089844,
      20.805028915405273,
      21.07930564880371
    ],
    [
      34.3911247253418,
      42.94902801513672,
      12.4367036819458,
      14.976811408996582,
      6.431814670562744,
      12.733977317810059,
      10.223445892333984,
      12.694287300109863,
      11.00786018371582,
      12.710193634033203,
      12.276142120361328,
      12.539042472839355,
      12.845738410949707,
      13.009007453918457,
      16.144670486450195,
      16.00836753845215,
      17.247051239013672,
      17.493440628051758
    ],
    [
      15.408637046813965,
      12.4367036819458,
      50.250606536865234,
      24.77049446105957,
      29.519107818603516,
      26.717374801635742,
      31.421649932861328,
      29.93609619140625,
      32.56118392944336,
      31.13897132873535,
      29.07513427734375,
      27.28658103942871,
      25.210500717163086,
      24.628568649291992,
      24.236509323120117,
      24.346561431884766,
      24.02279281616211,
      24.61188507080078
    ],
    [
      13.103870391845703,
      14.976811408996582,
      24.77049446105957,
      35.402130126953125,
      15.217323303222656,
      27.839330673217773,
      21.731287002563477,
      27.535398483276367,
      24.55682945251465,
      30.60399055480957,
      30.053367614746094,
      30.87322235107422,
      30.96685218811035,
      31.014799118041992,
      34.534934997558594,
      34.450111389160156,
      35.44584274291992,
      35.91426467895508
    ],
    [
      9.822968482971191,
      6.431814670562744,
      29.519107818603516,
      15.217323303222656,
      59.416587829589844,
      33.9390983581543,
      38.626319885253906,
      30.497180938720703,
      37.85651779174805,
      30.113040924072266,
      32.48274230957031,
      28.677350997924805,
      28.1458740234375,
      27.34539794921875,
      28.734033584594727,
      28.83403968811035,
      31.13971519470215,
      31.131481170654297
    ],
    [
      14.745028495788574,
      12.733977317810059,
      26.717374801635742,
      27.839330673217773,
      33.9390983581543,
      40.69107437133789,
      32.46527099609375,
      36.50494384765625,
      36.690181732177734,
      39.871856689453125,
      43.01968765258789,
      42.40388870239258,
      42.775779724121094,
      42.74730682373047,
      47.778228759765625,
      47.671844482421875,
      50.779537200927734,
      51.08271789550781
    ],
    [
      11.177693367004395,
      10.223445892333984,
      31.421649932861328,
      21.731287002563477,
      38.626319885253906,
      32.46527099609375,
      85.65606689453125,
      56.463417053222656,
      57.07912826538086,
      42.585601806640625,
      44.385520935058594,
      38.17993927001953,
      37.90171432495117,
      36.12677001953125,
      39.87371063232422,
      40.090885162353516,
      45.69367599487305,
      45.998497009277344
    ],
    [
      14.237629890441895,
      12.694287300109863,
      29.93609619140625,
      27.535398483276367,
      30.497180938720703,
      36.50494384765625,
      56.463417053222656,
      54.13362503051758,
      46.1285400390625,
      45.07597351074219,
      47.193809509277344,
      44.83125686645508,
      44.57054901123047,
      43.26013946533203,
      47.12193298339844,
      47.154850006103516,
      51.668216705322266,
      52.066612243652344
    ],
    [
      13.130345344543457,
      11.00786018371582,
      32.56118392944336,
      24.55682945251465,
      37.85651779174805,
      36.690181732177734,
      57.07912826538086,
      46.1285400390625,
      65.32726287841797,
      51.01209259033203,
      49.70573043823242,
      44.99376678466797,
      45.05440139770508,
      43.93657302856445,
      46.952640533447266,
      47.09265899658203,
      50.8610725402832,
      51.50223922729492
    ],
    [
      15.317525863647461,
      12.710193634033203,
      31.13897132873535,
      30.60399055480957,
      30.113040924072266,
      39.871856689453125,
      42.585601806640625,
      45.07597351074219,
      51.01209259033203,
      54.52204513549805,
      54.46393585205078,
      53.86922073364258,
      54.627647399902344,
      53.83068084716797,
      59.251731872558594,
      59.19779968261719,
      63.22900390625,
      63.85618209838867
    ],
    [
      15.709368705749512,
      12.276142120361328,
      29.07513427734375,
      30.053367614746094,
      32.48274230957031,
      43.01968765258789,
      44.385520935058594,
      47.193809509277344,
      49.70573043823242,
      54.46393585205078,
      66.58436584472656,
      64.62588500976562,
      65.73326110839844,
      64.84185028076172,
      74.17597198486328,
      73.8669204711914,
      80.68557739257812,
      81.34004211425781
    ],
    [
      15.818991661071777,
      12.539042472839355,
      27.28658103942871,
      30.87322235107422,
      28.677350997924805,
      42.40388870239258,
      38.17993927001953,
      44.83125686645508,
      44.99376678466797,
      53.86922073364258,
      64.62588500976562,
      68.53057861328125,
      68.40655517578125,
      68.25147247314453,
      77.01354217529297,
      76.55377960205078,
      81.99214172363281,
      82.82633972167969
    ],
    [
      16.26126480102539,
      12.845738410949707,
      25.210500717163086,
      30.96685218811035,
      28.1458740234375,
      42.775779724121094,
      37.90171432495117,
      44.57054901123047,
      45.05440139770508,
      54.627647399902344,
      65.73326110839844,
      68.40655517578125,
      73.91756439208984,
      73.05357360839844,
      84.33846282958984,
      83.93510437011719,
      90.76721954345703,
      91.40325927734375
    ],
    [
      16.37285614013672,
      13.009007453918457,
      24.628568649291992,
      31.014799118041992,
      27.34539794921875,
      42.74730682373047,
      36.12677001953125,
      43.26013946533203,
      43.93657302856445,
      53.83068084716797,
      64.84185028076172,
      68.25147247314453,
      73.05357360839844,
      73.76728820800781,
      84.16033172607422,
      83.66357421875,
      89.9742660522461,
      90.60807800292969
    ],
    [
      19.639677047729492,
      16.144670486450195,
      24.236509323120117,
      34.534934997558594,
      28.734033584594727,
      47.778228759765625,
      39.87371063232422,
      47.12193298339844,
      46.952640533447266,
      59.251731872558594,
      74.17597198486328,
      77.01354217529297,
      84.33846282958984,
      84.16033172607422,
      111.86630249023438,
      111.18486022949219,
      121.42251586914062,
      122.31095886230469
    ],
    [
      19.542564392089844,
      16.00836753845215,
      24.346561431884766,
      34.450111389160156,
      28.83403968811035,
      47.671844482421875,
      40.090885162353516,
      47.154850006103516,
      47.09265899658203,
      59.19779968261719,
      73.8669204711914,
      76.55377960205078,
      83.93510437011719,
      83.66357421875,
      111.18486022949219,
      111.1731185913086,
      121.22022247314453,
      122.11347198486328
    ],
    [
      20.805028915405273,
      17.247051239013672,
      24.02279281616211,
      35.44584274291992,
      31.13971519470215,
      50.779537200927734,
      45.69367599487305,
      51.668216705322266,
      50.8610725402832,
      63.22900390625,
      80.68557739257812,
      81.99214172363281,
      90.76721954345703,
      89.9742660522461,
      121.42251586914062,
      121.22022247314453,
      142.9453582763672,
      142.33250427246094
    ],
    [
      21.07930564880371,
      17.493440628051758,
      24.61188507080078,
      35.91426467895508,
      31.131481170654297,
      51.08271789550781,
      45.998497009277344,
      52.066612243652344,
      51.50223922729492,
      63.85618209838867,
      81.34004211425781,
      82.82633972167969,
      91.40325927734375,
      90.60807800292969,
      122.31095886230469,
      122.11347198486328,
      142.33250427246094,
      143.22544860839844
    ]
  ],
  "covariance_short": [
    [
      67.73629760742188,
      64.67772674560547,
      29.85198402404785,
      34.370487213134766,
      14.875502586364746,
      21.14607810974121,
      19.60919189453125,
      23.06473731994629,
      20.08680534362793,
      23.191226959228516,
      21.089433670043945,
      21.86881446838379,
      26.086591720581055,
      25.91977310180664,
      27.16988182067871,
      26.8305606842041,
      30.360675811767578,
      31.318571090698242
    ],
    [
      64.67772674560547,
      83.40819549560547,
      26.552589416503906,
      34.93381118774414,
      12.372952461242676,
      19.695358276367188,
      17.296825408935547,
      21.511520385742188,
      17.015195846557617,
      21.125017166137695,
      17.676347732543945,
      18.121280670166016,
      23.299423217773438,
      23.223909378051758,
      23.700048446655273,
      23.395444869995117,
      26.294342041015625,
      27.671527862548828
    ],
    [
      29.85198402404785,
      26.552589416503906,
      55.614131927490234,
      32.93205642700195,
      37.766448974609375,
      31.99802589416504,
      38.372501373291016,
      38.165103912353516,
      38.554203033447266,
      38.232635498046875,
      34.03448486328125,
      32.42881774902344,
      34.85929489135742,
      34.15025329589844,
      31.837974548339844,
      31.516706466674805,
      34.30134963989258,
      35.44466781616211
    ],
    [
      34.370487213134766,
      34.93381118774414,
      32.93205642700195,
      48.10597229003906,
      18.779155731201172,
      30.96695899963379,
      23.367650985717773,
      32.10004425048828,
      27.160768508911133,
      32.93788528442383,
      32.308109283447266,
      33.82604217529297,
      37.14958572387695,
      37.476932525634766,
      40.21766662597656,
      40.071563720703125,
      43.596160888671875,
      44.074886322021484
    ],
    [
      14.875502586364746,
      12.372952461242676,
      37.766448974609375,
      18.779155731201172,
      84.82322692871094,
      45.08770751953125,
      54.71806716918945,
      42.81000518798828,
      51.78281021118164,
      41.53093719482422,
      41.970638275146484,
      36.45908737182617,
      38.48918914794922,
      37.489715576171875,
      35.79010009765625,
      35.2506217956543,
      38.50738525390625,
      39.546913146972656
    ],
    [
      21.14607810974121,
      19.695358276367188,
      31.99802589416504,
      30.96695899963379,
      45.08770751953125,
      54.80569076538086,
      43.6062126159668,
      49.987213134765625,
      49.422584533691406,
      52.268287658691406,
      56.90142822265625,
      56.92966842651367,
      59.968055725097656,
      59.9396858215332,
      64.95498657226562,
      64.54916381835938,
      70.37699890136719,
      71.5474853515625
    ],
    [
      19.60919189453125,
      17.296825408935547,
      38.372501373291016,
      23.367650985717773,
      54.71806716918945,
      43.6062126159668,
      107.92469787597656,
      72.92388153076172,
      75.20957946777344,
      57.604671478271484,
      59.188804626464844,
      50.91501235961914,
      52.056671142578125,
      49.640869140625,
      52.29270553588867,
      51.8452033996582,
      57.59049606323242,
      57.73594665527344
    ],
    [
      23.06473731994629,
      21.511520385742188,
      38.165103912353516,
      32.10004425048828,
      42.81000518798828,
      49.987213134765625,
      72.92388153076172,
      76.24172973632812,
      64.62931823730469,
      65.68194580078125,
      66.5618667602539,
      64.35761260986328,
      67.60889434814453,
      66.8147201538086,
      70.6856460571289,
      70.18074798583984,
      77.41844940185547,
      77.49476623535156
    ],
    [
      20.08680534362793,
      17.015195846557617,
      38.554203033447266,
      27.160768508911133,
      51.78281021118164,
      49.422584533691406,
      75.20957946777344,
      64.62931823730469,
      88.75676727294922,
      71.58462524414062,
      70.1021728515625,
      64.05504608154297,
      66.58807373046875,
      64.8984146118164,
      68.86077880859375,
      68.54493713378906,
      75.18221282958984,
      76.26847076416016
    ],
    [
      23.191226959228516,
      21.125017166137695,
      38.232635498046875,
      32.93788528442383,
      41.53093719482422,
      52.268287658691406,
      57.604671478271484,
      65.68194580078125,
      71.58462524414062,
      81.54015350341797,
      79.51397705078125,
      80.7952880859375,
      87.38481140136719,
      86.91924285888672,
      92.40965270996094,
      92.02904510498047,
      101.11451721191406,
      102.64344787597656
    ],
    [
      21.089433670043945,
      17.676347732543945,
      34.03448486328125,
      32.308109283447266,
      41.970638275146484,
      56.90142822265625,
      59.188804626464844,
      66.5618667602539,
      70.1021728515625,
      79.51397705078125,
      97.60926818847656,
      97.24937438964844,
      101.0934829711914,
      101.41382598876953,
      114.29573059082031,
      114.17410278320312,
      125.439697265625,
      126.50086212158203
    ],
    [
      21.86881446838379,
      18.121280670166016,
      32.42881774902344,
      33.82604217529297,
      36.45908737182617,
      56.92966842651367,
      50.91501235961914,
      64.35761260986328,
      64.05504608154297,
      80.7952880859375,
      97.24937438964844,
      105.70834350585938,
      108.97562408447266,
      110.65974426269531,
      123.76016235351562,
      123.54549407958984,
      135.07333374023438,
      136.43145751953125
    ],
    [
      26.086591720581055,
      23.299423217773438,
      34.85929489135742,
      37.14958572387695,
      38.48918914794922,
      59.968055725097656,
      52.056671142578125,
      67.60889434814453,
      66.58807373046875,
      87.38481140136719,
      101.0934829711914,
      108.97562408447266,
      121.7493667602539,
      121.70932006835938,
      136.22036743164062,
      135.8633270263672,
      149.63717651367188,
      151.93692016601562
    ],
    [
      25.91977310180664,
      23.223909378051758,
      34.15025329589844,
      37.476932525634766,
      37.489715576171875,
      59.9396858215332,
      49.640869140625,
      66.8147201538086,
      64.8984146118164,
      86.91924285888672,
      101.41382598876953,
      110.65974426269531,
      121.70932006835938,
      125.02891540527344,
      138.6854248046875,
      138.372802734375,
      152.09388732910156,
      154.36590576171875
    ],
    [
      27.16988182067871,
      23.700048446655273,
      31.837974548339844,
      40.21766662597656,
      35.79010009765625,
      64.95498657226562,
      52.29270553588867,
      70.6856460571289,
      68.86077880859375,
      92.40965270996094,
      114.29573059082031,
      123.76016235351562,
      136.22036743164062,
      138.6854248046875,
      175.24603271484375,
      173.87879943847656,
      193.67047119140625,
      192.95457458496094
    ],
    [
      26.8305606842041,
      23.395444869995117,
      31.516706466674805,
      40.071563720703125,
      35.2506217956543,
      64.54916381835938,
      51.8452033996582,
      70.18074798583984,
      68.54493713378906,
      92.02904510498047,
      114.17410278320312,
      123.54549407958984,
      135.8633270263672,
      138.372802734375,
      173.87879943847656,
      174.7334442138672,
      192.93795776367188,
      192.9468536376953
    ],
    [
      30.360675811767578,
      26.294342041015625,
      34.30134963989258,
      43.596160888671875,
      38.50738525390625,
      70.37699890136719,
      57.59049606323242,
      77.41844940185547,
      75.18221282958984,
      101.11451721191406,
      125.439697265625,
      135.07333374023438,
      149.63717651367188,
      152.09388732910156,
      193.67047119140625,
      192.93795776367188,
      221.34701538085938,
      218.1519775390625
    ],
    [
      31.318571090698242,
      27.671527862548828,
      35.44466781616211,
      44.074886322021484,
      39.546913146972656,
      71.5474853515625,
      57.73594665527344,
      77.49476623535156,
      76.26847076416016,
      102.64344787597656,
      126.50086212158203,
      136.43145751953125,
      151.93692016601562,
      154.36590576171875,
      192.95457458496094,
      192.9468536376953,
      218.1519775390625,
      220.2397918701172
    ]
  ],
  "drr": 10.197381973266602,
  "dynamics": 4.759241580963135,
  "format": 1245190,
  "frames": 7727104,
  "loudness": -18.649356842041016,
  "loudness_range": 13.105380058288574,
  "loudness_range_short": 18.523162841796875,
  "peak": 0.17062664031982422,
  "rms": -19.965484619140625,
  "sample_rate": 44100,
  "sections": 1,
  "seekable": 1,
  "sharpness": 4.045881271362305,
  "space": -5.848210334777832
}