{
  "bands": [
    {
      "high_freq": 148.1999969482422,
      "loudness": -41.174949645996094,
      "loudness_range": 22.815731048583984,
      "mid_mean": -38.29827117919922,
      "mid_to_side_loudness": -7.133087158203125,
      "mid_to_side_loudness_range": 5.804145336151123,
      "side_mean": -45.43848419189453
    },
    {
      "high_freq": 392.3793640136719,
      "loudness": -26.242923736572266,
      "loudness_range": 23.589675903320312,
      "low_freq": 148.1999969482422,
      "mid_mean": -23.624332427978516,
      "mid_to_side_loudness": -6.622496128082275,
      "mid_to_side_loudness_range": 8.943171501159668,
      "side_mean": -30.17310333251953
    },
    {
      "high_freq": 794.6976318359375,
      "loudness": -25.603858947753906,
      "loudness_range": 22.707977294921875,
      "low_freq": 392.3793640136719,
      "mid_mean": -24.714780807495117,
      "mid_to_side_loudness": -1.4839471578598022,
      "mid_to_side_loudness_range": 11.613397598266602,
      "side_mean": -26.260128021240234
    },
    {
      "high_freq": 1457.5709228515625,
      "loudness": -30.924911499023438,
      "loudness_range": 21.525575637817383,
      "low_freq": 794.6976318359375,
      "mid_mean": -28.929325103759766,
      "mid_to_side_loudness": -3.847891092300415,
      "mid_to_side_loudness_range": 9.314436912536621,
      "side_mean": -32.7514762878418
    },
    {
      "high_freq": 2549.74365234375,
      "loudness": -31.322891235351562,
      "loudness_range": 24.196916580200195,
      "low_freq": 1457.5709228515625,
      "mid_mean": -28.76955223083496,
      "mid_to_side_loudness": -6.214151382446289,
      "mid_to_side_loudness_range": 10.289027214050293,
      "side_mean": -35.020381927490234
    },
    {
      "high_freq": 4349.24462890625,
      "loudness": -41.52869415283203,
      "loudness_range": 25.900676727294922,
      "low_freq": 2549.74365234375,
      "mid_mean": -39.196372985839844,
      "mid_to_side_loudness": -6.1612629890441895,
      "mid_to_side_loudness_range": 8.848575592041016,
      "side_mean": -46.04047393798828
    },
    {
      "high_freq": 7314.1640625,
      "loudness": -56.810699462890625,
      "loudness_range": 32.95561981201172,
      "low_freq": 4349.24462890625,
      "mid_mean": -54.02444839477539,
      "mid_to_side_loudness": -4.818512916564941,
      "mid_to_side_loudness_range": 4.295598983764648,
      "side_mean": -57.84105682373047
    },
    {
      "high_freq": 12199.2666015625,
      "loudness": -65.01790618896484,
      "loudness_range": 18.31255340576172,
      "low_freq": 7314.1640625,
      "mid_mean": -61.41641616821289,
      "mid_to_side_loudness": -5.502518653869629,
      "mid_to_side_loudness_range": 3.191061019897461,
      "side_mean": -65.09935760498047
    },
    {
      "loudness": -65.4744873046875,
      "loudness_range": 0.9695892333984375,
      "low_freq": 12199.2666015625,
      "mid_mean": -62.03194808959961,
      "mid_to_side_loudness": -5.6243510246276855,
      "mid_to_side_loudness_range": 0.7605795860290527,
      "side_mean": -66.11641693115234
    }
  ],
  "bands_short": [
    {
      "high_freq": 148.1999969482422,
      "loudness": -46.33592987060547,
      "loudness_range": 23.412086486816406,
      "mid_mean": -43.62991714477539,
      "mid_to_side_loudness": -6.3492231369018555,
      "mid_to_side_loudness_range": 8.21530532836914,
      "side_mean": -50.195858001708984
    },
    {
      "high_freq": 392.3793640136719,
      "loudness": -27.899585723876953,
      "loudness_range": 23.475889205932617,
      "low_freq": 148.1999969482422,
      "mid_mean": -25.350271224975586,
      "mid_to_side_loudness": -6.649672508239746,
      "mid_to_side_loudness_range": 9.947980880737305,
      "side_mean": -31.87150764465332
    },
    {
      "high_freq": 794.6976318359375,
      "loudness": -25.82292938232422,
      "loudness_range": 24.79351043701172,
      "low_freq": 392.3793640136719,
      "mid_mean": -24.6165771484375,
      "mid_to_side_loudness": -2.4687507152557373,
      "mid_to_side_loudness_range": 14.450371742248535,
      "side_mean": -27.22610092163086
    },
    {
      "high_freq": 1457.5709228515625,
      "loudness": -31.716535568237305,
      "loudness_range": 23.7217960357666,
      "low_freq": 794.6976318359375,
      "mid_mean": -29.93779754638672,
      "mid_to_side_loudness": -3.7692277431488037,
      "mid_to_side_loudness_range": 11.057365417480469,
      "side_mean": -33.58990478515625
    },
    {
      "high_freq": 2549.74365234375,
      "loudness": -33.21354675292969,
      "loudness_range": 26.333881378173828,
      "low_freq": 1457.5709228515625,
      "mid_mean": -30.759103775024414,
      "mid_to_side_loudness": -6.1467976570129395,
      "mid_to_side_loudness_range": 12.335856437683105,
      "side_mean": -36.971458435058594
    },
    {
      "high_freq": 4349.24462890625,
      "loudness": -43.76763916015625,
      "loudness_range": 29.3116512298584,
      "low_freq": 2549.74365234375,
      "mid_mean": -41.55250930786133,
      "mid_to_side_loudness": -6.246448040008545,
      "mid_to_side_loudness_range": 10.189638137817383,
      "side_mean": -48.68410110473633
    },
    {
      "high_freq": 7314.1640625,
      "loudness": -59.56929397583008,
      "loudness_range": 32.706790924072266,
      "low_freq": 4349.24462890625,
      "mid_mean": -56.5370979309082,
      "mid_to_side_loudness": -4.6485595703125,
      "mid_to_side_loudness_range": 5.6596832275390625,
      "side_mean": -59.9755973815918
    },
    {
      "high_freq": 12199.2666015625,
      "loudness": -66.33680725097656,
      "loudness_range": 15.089038848876953,
      "low_freq": 7314.1640625,
      "mid_mean": -62.55925369262695,
      "mid_to_side_loudness": -5.544007301330566,
      "mid_to_side_loudness_range": 3.534899950027466,
      "side_mean": -66.02963256835938
    },
    {
      "loudness": -65.5208740234375,
      "loudness_range": 1.1712493896484375,
      "low_freq": 12199.2666015625,
      "mid_mean": -62.05792999267578,
      "mid_to_side_loudness": -5.659022808074951,
      "mid_to_side_loudness_range": 1.4426641464233398,
      "side_mean": -66.15338897705078
    }
  ],
  "channels": 2,
  "covariance": [
    [
      64.74177551269531,
      58.16686248779297,
      37.17080307006836,
      33.80552673339844,
      33.54314041137695,
      32.43964385986328,
      34.191898345947266,
      31.854656219482422,
      30.430904388427734,
      32.60590744018555,
      33.64647674560547,
      38.00856399536133,
      38.576412200927734,
      34.920692443847656,
      14.97523021697998,
      12.433820724487305,
      0.7059775590896606,
      0.7311114072799683
    ],
    [
      58.16686248779297,
      56.816341400146484,
      30.251089096069336,
      29.1060791015625,
      28.70626449584961,
      27.906631469726562,
      29.836444854736328,
      27.82561492919922,
      25.8690242767334,
      26.84469985961914,
      27.911619186401367,
      32.00809097290039,
      32.360233306884766,
      29.592266082763672,
      13.19363784790039,
      10.82161808013916,
      0.7405849099159241,
      0.7225823998451233
    ],
    [
      37.17080307006836,
      30.251089096069336,
      73.23019409179688,
      61.939170837402344,
      47.49766159057617,
      37.03110885620117,
      34.622291564941406,
      34.63956832885742,
      31.191219329833984,
      46.683006286621094,
      45.45866012573242,
      44.05815887451172,
      49.49293518066406,
      41.6879768371582,
      11.028586387634277,
      10.32392406463623,
      0.4923332929611206,
      0.42361804842948914
    ],
    [
      33.80552673339844,
      29.1060791015625,
      61.939170837402344,
      63.87813186645508,
      48.25239181518555,
      36.78875732421875,
      35.57779312133789,
      34.595741271972656,
      32.00265884399414,
      44.34962463378906,
      41.87814712524414,
      42.8577880859375,
      47.129825592041016,
      40.59532165527344,
      12.524676322937012,
      11.28912353515625,
      0.6272810101509094,
      0.5774379372596741
    ],
    [
      33.54314041137695,
      28.70626449584961,
      47.49766159057617,
      48.25239181518555,
      69.70328521728516,
      57.893760681152344,
      49.12036895751953,
      51.91289520263672,
      48.3795280456543,
      55.54496383666992,
      52.65237045288086,
      57.964805603027344,
      64.03255462646484,
      57.435543060302734,
      22.09142303466797,
      19.279064178466797,
      1.163347840309143,
      1.2217587232589722
    ],
    [
      32.43964385986328,
      27.906631469726562,
      37.03110885620117,
      36.78875732421875,
      57.893760681152344,
      62.90106964111328,
      50.231929779052734,
      52.722469329833984,
      50.59636688232422,
      52.86798095703125,
      51.3182487487793,
      58.37016677856445,
      63.48598098754883,
      57.49814987182617,
      24.453495025634766,
      20.455575942993164,
      1.2291728258132935,
      1.2866456508636475
    ],
    [
      34.191898345947266,
      29.836444854736328,
      34.622291564941406,
      35.57779312133789,
      49.12036895751953,
      50.231929779052734,
      56.034942626953125,
      51.46786117553711,
      47.453365325927734,
      50.28715515136719,
      49.07806396484375,
      56.222801208496094,
      62.138206481933594,
      55.80392837524414,
      25.927730560302734,
      21.560565948486328,
      1.4090193510055542,
      1.455348014831543
    ],
    [
      31.854656219482422,
      27.82561492919922,
      34.63956832885742,
      34.595741271972656,
      51.91289520263672,
      52.722469329833984,
      51.46786117553711,
      59.76774978637695,
      49.174800872802734,
      52.12017822265625,
      47.70203399658203,
      55.798316955566406,
      62.92237091064453,
      56.75461196899414,
      25.78795623779297,
      21.81835174560547,
      1.4775257110595703,
      1.5816309452056885
    ],
    [
      30.430904388427734,
      25.8690242767334,
      31.191219329833984,
      32.00265884399414,
      48.3795280456543,
      50.59636688232422,
      47.453365325927734,
      49.174800872802734,
      67.87458801269531,
      62.30424499511719,
      57.98898696899414,
      65.17220306396484,
      68.95701599121094,
      62.49921417236328,
      30.747854232788086,
      26.123350143432617,
      1.7751456499099731,
      1.7751178741455078
    ],
    [
      32.60590744018555,
      26.84469985961914,
      46.683006286621094,
      44.34962463378906,
      55.54496383666992,
      52.86798095703125,
      50.28715515136719,
      52.12017822265625,
      62.30424499511719,
      72.61640930175781,
      63.26891326904297,
      69.51019287109375,
      74.65374755859375,
      65.7260971069336,
      29.592430114746094,
      25.3504695892334,
      1.8121006488800049,
      1.7829548120498657
    ],
    [
      33.64647674560547,
      27.911619186401367,
      45.45866012573242,
      41.87814712524414,
      52.65237045288086,
      51.3182487487793,
      49.07806396484375,
      47.70203399658203,
      57.98898696899414,
      63.26891326904297,
      85.53643798828125,
      78.09833526611328,
      80.83306884765625,
      72.96859741210938,
      35.67412567138672,
      30.177467346191406,
      1.8872251510620117,
      1.9235304594039917
    ],
    [
      38.00856399536133,
      32.00809097290039,
      44.05815887451172,
      42.8577880859375,
      57.964805603027344,
      58.37016677856445,
      56.222801208496094,
      55.798316955566406,
      65.17220306396484,
      69.51019287109375,
      78.09833526611328,
      90.21697998046875,
      84.81402587890625,
      76.96533966064453,
      38.43320083618164,
      32.44503402709961,
      2.058669328689575,
      2.1369471549987793
    ],
    [
      38.576412200927734,
      32.360233306884766,
      49.49293518066406,
      47.129825592041016,
      64.03255462646484,
      63.48598098754883,
      62.138206481933594,
      62.92237091064453,
      68.95701599121094,
      74.65374755859375,
      80.83306884765625,
      84.81402587890625,
      105.1299819946289,
      94.26172637939453,
      46.74066925048828,
      38.91707229614258,
      4.211848258972168,
      3.341226100921631
    ],
    [
      34.920692443847656,
      29.592266082763672,
      41.6879768371582,
      40.59532165527344,
      57.435543060302734,
      57.49814987182617,
      55.80392837524414,
      56.75461196899414,
      62.49921417236328,
      65.7260971069336,
      72.96859741210938,
      76.96533966064453,
      94.26172637939453,
      86.45663452148438,
      43.63294219970703,
      36.18892288208008,
      3.61649489402771,
      2.981229543685913
    ],
    [
      14.97523021697998,
      13.19363784790039,
      11.028586387634277,
      12.524676322937012,
      22.09142303466797,
      24.453495025634766,
      25.927730560302734,
      25.78795623779297,
      30.747854232788086,
      29.592430114746094,
      35.67412567138672,
      38.43320083618164,
      46.74066925048828,
      43.63294219970703,
      32.15411376953125,
      26.620107650756836,
      2.743516445159912,
      2.385777711868286
    ],
    [
      12.433820724487305,
      10.82161808013916,
      10.32392406463623,
      11.28912353515625,
      19.279064178466797,
      20.455575942993164,
      21.560565948486328,
      21.81835174560547,
      26.123350143432617,
      25.3504695892334,
      30.177467346191406,
      32.44503402709961,
      38.91707229614258,
      36.18892288208008,
      26.620107650756836,
      23.014806747436523,
      2.10603404045105,
      2.0016493797302246
    ],
    [
      0.7059775590896606,
      0.7405849099159241,
      0.4923332929611206,
      0.6272810101509094,
      1.163347840309143,
      1.2291728258132935,
      1.4090193510055542,
      1.4775257110595703,
      1.7751456499099731,
      1.8121006488800049,
      1.8872251510620117,
      2.058669328689575,
      4.211848258972168,
      3.61649489402771,
      2.743516445159912,
      2.10603404045105,
      1.1138242483139038,
      0.6628714203834534
    ],
    [
      0.7311114072799683,
      0.7225823998451233,
      0.42361804842948914,
      0.5774379372596741,
      1.2217587232589722,
      1.2866456508636475,
      1.455348014831543,
      1.5816309452056885,
      1.7751178741455078,
      1.7829548120498657,
      1.9235304594039917,
      2.1369471549987793,
      3.341226100921631,
      2.981229543685913,
      2.385777711868286,
      2.0016493797302246,
      0.6628714203834534,
      0.4865042269229889
    ]
  ],
  "covariance_short": [
    [
      67.61402893066406,
      56.150508880615234,
      35.821372985839844,
      33.58192443847656,
      31.69917869567871,
      31.979480743408203,
      35.04690933227539,
      33.93708801269531,
      34.07213592529297,
      35.2148551940918,
      35.99229431152344,
      39.3842658996582,
      35.854469299316406,
      32.02532196044922,
      12.978901863098145,
      11.049715995788574,
      0.8964739441871643,
      0.8925536870956421
    ],
    [
      56.150508880615234,
      57.234519958496094,
      28.112350463867188,
      26.93616485595703,
      24.51061248779297,
      25.307968139648438,
      28.218286514282227,
      26.8525333404541,
      26.50060272216797,
      27.201744079589844,
      28.24233055114746,
      30.69696044921875,
      31.358213424682617,
      27.52704429626465,
      12.449213981628418,
      10.04362964630127,
      2.7035253047943115,
      1.6916465759277344
    ],
    [
      35.821372985839844,
      28.112350463867188,
      71.55571746826172,
      62.98853302001953,
      55.988006591796875,
      41.37334060668945,
      40.246944427490234,
      40.18851852416992,
      37.01469039916992,
      49.65989303588867,
      50.910640716552734,
      53.56106185913086,
      48.8819465637207,
      41.836509704589844,
      11.73238754272461,
      10.576930046081543,
      0.673331618309021,
      0.6436282992362976
    ],
    [
      33.58192443847656,
      26.93616485595703,
      62.98853302001953,
      70.16043853759766,
      56.22150421142578,
      41.9132080078125,
      41.772186279296875,
      40.54449462890625,
      38.37002182006836,
      50.30176544189453,
      50.19873809814453,
      54.95292282104492,
      48.56646728515625,
      42.392024993896484,
      12.91248893737793,
      11.345165252685547,
      0.70351243019104,
      0.7131718993186951
    ],
    [
      31.69917869567871,
      24.51061248779297,
      55.988006591796875,
      56.22150421142578,
      81.8882827758789,
      62.91642761230469,
      55.74935531616211,
      59.398536682128906,
      55.96776580810547,
      67.43756103515625,
      68.81598663330078,
      73.31714630126953,
      66.36115264892578,
      58.21384048461914,
      18.977458953857422,
      16.35662269592285,
      1.140384554862976,
      1.172122597694397
    ],
    [
      31.979480743408203,
      25.307968139648438,
      41.37334060668945,
      41.9132080078125,
      62.91642761230469,
      68.635986328125,
      57.80356979370117,
      59.52543258666992,
      58.93632888793945,
      61.7541389465332,
      65.33916473388672,
      71.69659423828125,
      64.6501693725586,
      58.242923736572266,
      22.406391143798828,
      18.438648223876953,
      1.2194693088531494,
      1.264585256576538
    ],
    [
      35.04690933227539,
      28.218286514282227,
      40.246944427490234,
      41.772186279296875,
      55.74935531616211,
      57.80356979370117,
      68.54580688476562,
      62.151878356933594,
      58.40449905395508,
      61.474342346191406,
      63.97426986694336,
      72.47055053710938,
      66.85553741455078,
      60.24504470825195,
      23.995344161987305,
      19.81987762451172,
      1.4357030391693115,
      1.518338918685913
    ],
    [
      33.93708801269531,
      26.8525333404541,
      40.18851852416992,
      40.54449462890625,
      59.398536682128906,
      59.52543258666992,
      62.151878356933594,
      73.12165069580078,
      61.18915939331055,
      64.2938461303711,
      64.36254119873047,
      73.9133529663086,
      67.89429473876953,
      61.26854705810547,
      24.053905487060547,
      20.203720092773438,
      1.5089906454086304,
      1.6036620140075684
    ],
    [
      34.07213592529297,
      26.50060272216797,
      37.01469039916992,
      38.37002182006836,
      55.96776580810547,
      58.93632888793945,
      58.40449905395508,
      61.18915939331055,
      81.6205825805664,
      73.29869842529297,
      71.47409057617188,
      79.66333770751953,
      71.88660430908203,
      64.89799499511719,
      27.267871856689453,
      23.163951873779297,
      1.7814407348632812,
      1.7617862224578857
    ],
    [
      35.2148551940918,
      27.201744079589844,
      49.65989303588867,
      50.30176544189453,
      67.43756103515625,
      61.7541389465332,
      61.474342346191406,
      64.2938461303711,
      73.29869842529297,
      85.93739318847656,
      78.53431701660156,
      84.77234649658203,
      77.65579986572266,
      68.2880630493164,
      26.420385360717773,
      22.64021110534668,
      1.752966284751892,
      1.7890762090682983
    ],
    [
      35.99229431152344,
      28.24233055114746,
      50.910640716552734,
      50.19873809814453,
      68.81598663330078,
      65.33916473388672,
      63.97426986694336,
      64.36254119873047,
      71.47409057617188,
      78.53431701660156,
      102.37067413330078,
      92.34122467041016,
      86.70333862304688,
      77.81732940673828,
      32.067283630371094,
      27.125385284423828,
      1.9048197269439697,
      1.9822226762771606
    ],
    [
      39.3842658996582,
      30.69696044921875,
      53.56106185913086,
      54.95292282104492,
      73.31714630126953,
      71.69659423828125,
      72.47055053710938,
      73.9133529663086,
      79.66333770751953,
      84.77234649658203,
      92.34122467041016,
      107.88827514648438,
      90.52804565429688,
      81.4950942993164,
      33.699222564697266,
      28.561777114868164,
      2.020908832550049,
      2.1254079341888428
    ],
    [
      35.854469299316406,
      31.358213424682617,
      48.8819465637207,
      48.56646728515625,
      66.36115264892578,
      64.6501693725586,
      66.85553741455078,
      67.89429473876953,
      71.88660430908203,
      77.65579986572266,
      86.70333862304688,
      90.52804565429688,
      98.48895263671875,
      87.9206771850586,
      38.20020294189453,
      32.016448974609375,
      3.866879463195801,
      3.1209659576416016
    ],
    [
      32.02532196044922,
      27.52704429626465,
      41.836509704589844,
      42.392024993896484,
      58.21384048461914,
      58.242923736572266,
      60.24504470825195,
      61.26854705810547,
      64.89799499511719,
      68.2880630493164,
      77.81732940673828,
      81.4950942993164,
      87.9206771850586,
      81.4754638671875,
      35.85497283935547,
      29.916095733642578,
      3.3238823413848877,
      2.7810683250427246
    ],
    [
      12.978901863098145,
      12.449213981628418,
      11.73238754272461,
      12.91248893737793,
      18.977458953857422,
      22.406391143798828,
      23.995344161987305,
      24.053905487060547,
      27.267871856689453,
      26.420385360717773,
      32.067283630371094,
      33.699222564697266,
      38.20020294189453,
      35.85497283935547,
      24.023263931274414,
      19.945209503173828,
      2.433847188949585,
      2.1000008583068848
    ],
    [
      11.049715995788574,
      10.04362964630127,
      10.576930046081543,
      11.345165252685547,
      16.35662269592285,
      18.438648223876953,
      19.81987762451172,
      20.203720092773438,
      23.163951873779297,
      22.64021110534668,
      27.125385284423828,
      28.561777114868164,
      32.016448974609375,
      29.916095733642578,
      19.945209503173828,
      17.931610107421875,
      1.8639816045761108,
      1.784159541130066
    ],
    [
      0.8964739441871643,
      2.7035253047943115,
      0.673331618309021,
      0.70351243019104,
      1.140384554862976,
      1.2194693088531494,
      1.4357030391693115,
      1.5089906454086304,
      1.7814407348632812,
      1.752966284751892,
      1.9048197269439697,
      2.020908832550049,
      3.866879463195801,
      3.3238823413848877,
      2.433847188949585,
      1.8639816045761108,
      1.261117696762085,
      0.7260881662368774
    ],
    [
      0.8925536870956421,
      1.6916465759277344,
      0.6436282992362976,
      0.7131718993186951,
      1.172122597694397,
      1.264585256576538,
      1.518338918685913,
      1.6036620140075684,
      1.7617862224578857,
      1.7890762090682983,
      1.9822226762771606,
      2.1254079341888428,
      3.1209659576416016,
      2.7810683250427246,
      2.1000008583068848,
      1.784159541130066,
      0.7260881662368774,
      0.5693332552909851
    ]
  ],
  "drr": 8.938790321350098,
  "dynamics": 5.7976603507995605,
  "format": 1245190,
  "frames": 5179328,
  "loudness": -15.279376983642578,
  "loudness_range": 19.506298065185547,
  "loudness_range_short": 22.547494888305664,
  "peak": 0.23502014577388763,
  "rms": -16.12053108215332,
  "sample_rate": 44100,
  "sections": 1,
  "seekable": 1,
  "sharpness": 4.743712902069092,
  "space": -4.6003947257995605
}