{
  "bands": [
    {
      "high_freq": 148.1999969482422,
      "loudness": -27.198497772216797,
      "loudness_range": 14.238922119140625,
      "mid_mean": -23.79136848449707,
      "mid_to_side_loudness": -13.654192924499512,
      "mid_to_side_loudness_range": 14.297091484069824,
      "side_mean": -38.206241607666016
    },
    {
      "high_freq": 392.3793640136719,
      "loudness": -25.03466033935547,
      "loudness_range": 11.9117431640625,
      "low_freq": 148.1999969482422,
      "mid_mean": -23.003978729248047,
      "mid_to_side_loudness": -4.000948429107666,
      "mid_to_side_loudness_range": 8.845858573913574,
      "side_mean": -27.064748764038086
    },
    {
      "high_freq": 794.6976318359375,
      "loudness": -26.142555236816406,
      "loudness_range": 20.67662811279297,
      "low_freq": 392.3793640136719,
      "mid_mean": -23.76618766784668,
      "mid_to_side_loudness": -6.31448221206665,
      "mid_to_side_loudness_range": 14.0575590133667,
      "side_mean": -30.205230712890625
    },
    {
      "high_freq": 1457.5709228515625,
      "loudness": -29.84519386291504,
      "loudness_range": 21.556793212890625,
      "low_freq": 794.6976318359375,
      "mid_mean": -27.81001091003418,
      "mid_to_side_loudness": -4.85015344619751,
      "mid_to_side_loudness_range": 14.560845375061035,
      "side_mean": -32.770484924316406
    },
    {
      "high_freq": 2549.74365234375,
      "loudness": -31.03462791442871,
      "loudness_range": 23.085447311401367,
      "low_freq": 1457.5709228515625,
      "mid_mean": -28.613210678100586,
      "mid_to_side_loudness": -5.83596134185791,
      "mid_to_side_loudness_range": 14.070191383361816,
      "side_mean": -35.407203674316406
    },
    {
      "high_freq": 4349.24462890625,
      "loudness": -35.127845764160156,
      "loudness_range": 21.971500396728516,
      "low_freq": 2549.74365234375,
      "mid_mean": -32.4350471496582,
      "mid_to_side_loudness": -6.256260871887207,
      "mid_to_side_loudness_range": 11.781949996948242,
      "side_mean": -39.8756103515625
    },
    {
      "high_freq": 7314.1640625,
      "loudness": -43.66769790649414,
      "loudness_range": 23.341053009033203,
      "low_freq": 4349.24462890625,
      "mid_mean": -41.802268981933594,
      "mid_to_side_loudness": -3.728523015975952,
      "mid_to_side_loudness_range": 6.452103614807129,
      "side_mean": -47.346492767333984
    },
    {
      "high_freq": 12199.2666015625,
      "loudness": -46.35493087768555,
      "loudness_range": 28.569103240966797,
      "low_freq": 7314.1640625,
      "mid_mean": -46.78812026977539,
      "mid_to_side_loudness": -0.5066255927085876,
      "mid_to_side_loudness_range": 6.472480297088623,
      "side_mean": -47.33346176147461
    },
    {
      "loudness": -52.20139694213867,
      "loudness_range": 25.177486419677734,
      "low_freq": 12199.2666015625,
      "mid_mean": -53.56843566894531,
      "mid_to_side_loudness": 3.3612351417541504,
      "mid_to_side_loudness_range": 6.989534854888916,
      "side_mean": -50.31592559814453
    }
  ],
  "bands_short": [
    {
      "high_freq": 148.1999969482422,
      "loudness": -28.97529411315918,
      "loudness_range": 18.112117767333984,
      "mid_mean": -25.548080444335938,
      "mid_to_side_loudness": -15.386646270751953,
      "mid_to_side_loudness_range": 18.23274803161621,
      "side_mean": -42.32251739501953
    },
    {
      "high_freq": 392.3793640136719,
      "loudness": -25.14345932006836,
      "loudness_range": 13.00141716003418,
      "low_freq": 148.1999969482422,
      "mid_mean": -23.015914916992188,
      "mid_to_side_loudness": -4.46914005279541,
      "mid_to_side_loudness_range": 10.77502155303955,
      "side_mean": -27.61747932434082
    },
    {
      "high_freq": 794.6976318359375,
      "loudness": -26.6273136138916,
      "loudness_range": 20.720867156982422,
      "low_freq": 392.3793640136719,
      "mid_mean": -24.501821517944336,
      "mid_to_side_loudness": -5.895020484924316,
      "mid_to_side_loudness_range": 16.555753707885742,
      "side_mean": -30.549068450927734
    },
    {
      "high_freq": 1457.5709228515625,
      "loudness": -29.935230255126953,
      "loudness_range": 23.04654884338379,
      "low_freq": 794.6976318359375,
      "mid_mean": -28.07805824279785,
      "mid_to_side_loudness": -4.7009735107421875,
      "mid_to_side_loudness_range": 16.757511138916016,
      "side_mean": -32.96186828613281
    },
    {
      "high_freq": 2549.74365234375,
      "loudness": -31.837345123291016,
      "loudness_range": 24.895519256591797,
      "low_freq": 1457.5709228515625,
      "mid_mean": -29.559019088745117,
      "mid_to_side_loudness": -5.4656291007995605,
      "mid_to_side_loudness_range": 15.863738059997559,
      "side_mean": -35.91267395019531
    },
    {
      "high_freq": 4349.24462890625,
      "loudness": -35.63901138305664,
      "loudness_range": 23.6441593170166,
      "low_freq": 2549.74365234375,
      "mid_mean": -33.06636047363281,
      "mid_to_side_loudness": -5.993101119995117,
      "mid_to_side_loudness_range": 12.794656753540039,
      "side_mean": -40.20984649658203
    },
    {
      "high_freq": 7314.1640625,
      "loudness": -44.33800506591797,
      "loudness_range": 23.867145538330078,
      "low_freq": 4349.24462890625,
      "mid_mean": -42.709388732910156,
      "mid_to_side_loudness": -3.6029624938964844,
      "mid_to_side_loudness_range": 7.392366886138916,
      "side_mean": -48.04821014404297
    },
    {
      "high_freq": 12199.2666015625,
      "loudness": -47.80629348754883,
      "loudness_range": 29.25439453125,
      "low_freq": 7314.1640625,
      "mid_mean": -47.894309997558594,
      "mid_to_side_loudness": -0.41184645891189575,
      "mid_to_side_loudness_range": 7.333583831787109,
      "side_mean": -48.3331298828125
    },
    {
      "loudness": -53.04689025878906,
      "loudness_range": 24.07364273071289,
      "low_freq": 12199.2666015625,
      "mid_mean": -54.51271438598633,
      "mid_to_side_loudness": 3.494835615158081,
      "mid_to_side_loudness_range": 8.444021224975586,
      "side_mean": -51.14934158325195
    }
  ],
  "channels": 2,
  "covariance": [
    [
      34.47660446166992,
      15.504850387573242,
      11.766860008239746,
      9.161764144897461,
      13.319339752197266,
      7.099074840545654,
      18.255212783813477,
      12.485546112060547,
      15.107501029968262,
      14.311366081237793,
      14.848753929138184,
      15.110437393188477,
      12.33044147491455,
      22.98648452758789,
      23.740238189697266,
      22.694772720336914,
      13.800049781799316,
      17.91557502746582
    ],
    [
      15.504850387573242,
      25.687162399291992,
      10.961371421813965,
      10.731368064880371,
      17.753713607788086,
      11.825247764587402,
      18.339262008666992,
      13.571080207824707,
      16.9838924407959,
      16.663349151611328,
      16.108182907104492,
      15.605035781860352,
      11.444401741027832,
      19.08002471923828,
      18.470672607421875,
      17.932653427124023,
      11.225471496582031,
      15.201749801635742
    ],
    [
      11.766860008239746,
      10.961371421813965,
      23.251195907592773,
      16.26238441467285,
      14.416977882385254,
      12.402545928955078,
      15.05907917022705,
      12.522709846496582,
      17.339508056640625,
      16.89418601989746,
      17.97765350341797,
      17.215883255004883,
      16.913471221923828,
      26.61870574951172,
      30.098743438720703,
      27.900707244873047,
      18.29081916809082,
      22.82562828063965
    ],
    [
      9.161764144897461,
      10.731368064880371,
      16.26238441467285,
      21.015300750732422,
      14.694503784179688,
      13.484565734863281,
      16.082881927490234,
      13.826497077941895,
      14.996848106384277,
      16.952194213867188,
      13.546019554138184,
      15.73822021484375,
      12.921834945678711,
      18.635713577270508,
      21.11326026916504,
      19.112323760986328,
      12.795459747314453,
      16.250686645507812
    ],
    [
      13.319339752197266,
      17.753713607788086,
      14.416977882385254,
      14.694503784179688,
      58.832889556884766,
      28.633451461791992,
      39.0491943359375,
      23.161113739013672,
      40.14848709106445,
      28.492305755615234,
      39.9400634765625,
      33.68673324584961,
      31.815399169921875,
      43.85493469238281,
      49.703651428222656,
      47.64537811279297,
      30.990108489990234,
      39.94120407104492
    ],
    [
      7.099074840545654,
      11.825247764587402,
      12.402545928955078,
      13.484565734863281,
      28.633451461791992,
      25.533246994018555,
      19.478046417236328,
      18.615156173706055,
      22.059961318969727,
      22.32662010192871,
      19.260351181030273,
      21.976547241210938,
      16.412412643432617,
      25.210655212402344,
      23.97420310974121,
      24.102006912231445,
      14.798835754394531,
      20.191734313964844
    ],
    [
      18.255212783813477,
      18.339262008666992,
      15.05907917022705,
      16.082881927490234,
      39.0491943359375,
      19.478046417236328,
      65.57537078857422,
      35.43797302246094,
      39.00254821777344,
      33.4601936340332,
      39.8061637878418,
      39.76626968383789,
      35.71195602416992,
      49.69715118408203,
      52.09721374511719,
      49.92411804199219,
      28.5935001373291,
      37.84554672241211
    ],
    [
      12.485546112060547,
      13.571080207824707,
      12.522709846496582,
      13.826497077941895,
      23.161113739013672,
      18.615156173706055,
      35.43797302246094,
      32.496437072753906,
      26.585508346557617,
      30.566200256347656,
      22.63607406616211,
      30.334163665771484,
      20.57425308227539,
      33.4381103515625,
      28.176870346069336,
      29.22096061706543,
      15.532585144042969,
      21.653406143188477
    ],
    [
      15.107501029968262,
      16.9838924407959,
      17.339508056640625,
      14.996848106384277,
      40.14848709106445,
      22.059961318969727,
      39.00254821777344,
      26.585508346557617,
      72.90152740478516,
      40.2224006652832,
      56.952449798583984,
      49.13809585571289,
      51.50986862182617,
      58.90858459472656,
      63.27195739746094,
      61.53556823730469,
      42.56071472167969,
      51.73722839355469
    ],
    [
      14.311366081237793,
      16.663349151611328,
      16.89418601989746,
      16.952194213867188,
      28.492305755615234,
      22.32662010192871,
      33.4601936340332,
      30.566200256347656,
      40.2224006652832,
      43.462913513183594,
      30.33657455444336,
      37.939414978027344,
      27.98950958251953,
      43.680458068847656,
      38.38417053222656,
      39.26300048828125,
      23.590412139892578,
      30.711505889892578
    ],
    [
      14.848753929138184,
      16.108182907104492,
      17.97765350341797,
      13.546019554138184,
      39.9400634765625,
      19.260351181030273,
      39.8061637878418,
      22.63607406616211,
      56.952449798583984,
      30.33657455444336,
      69.0082015991211,
      46.0788459777832,
      55.00147247314453,
      57.602142333984375,
      66.95979309082031,
      63.53826141357422,
      42.3165397644043,
      52.149688720703125
    ],
    [
      15.110437393188477,
      15.605035781860352,
      17.215883255004883,
      15.73822021484375,
      33.68673324584961,
      21.976547241210938,
      39.76626968383789,
      30.334163665771484,
      49.13809585571289,
      37.939414978027344,
      46.0788459777832,
      51.62424850463867,
      43.440345764160156,
      54.98405075073242,
      52.81939697265625,
      53.31238555908203,
      31.09661293029785,
      40.72459030151367
    ],
    [
      12.33044147491455,
      11.444401741027832,
      16.913471221923828,
      12.921834945678711,
      31.815399169921875,
      16.412412643432617,
      35.71195602416992,
      20.57425308227539,
      51.50986862182617,
      27.98950958251953,
      55.00147247314453,
      43.440345764160156,
      80.60027313232422,
      71.38982391357422,
      82.54295349121094,
      79.11664581298828,
      53.91295623779297,
      63.68115234375
    ],
    [
      22.98648452758789,
      19.08002471923828,
      26.61870574951172,
      18.635713577270508,
      43.85493469238281,
      25.210655212402344,
      49.69715118408203,
      33.4381103515625,
      58.90858459472656,
      43.680458068847656,
      57.602142333984375,
      54.98405075073242,
      71.38982391357422,
      93.53844451904297,
      95.53514862060547,
      95.09579467773438,
      57.65691375732422,
      71.84903717041016
    ],
    [
      23.740238189697266,
      18.470672607421875,
      30.098743438720703,
      21.11326026916504,
      49.703651428222656,
      23.97420310974121,
      52.09721374511719,
      28.176870346069336,
      63.27195739746094,
      38.38417053222656,
      66.95979309082031,
      52.81939697265625,
      82.54295349121094,
      95.53514862060547,
      122.24299621582031,
      114.42249298095703,
      77.25099182128906,
      89.90878295898438
    ],
    [
      22.694772720336914,
      17.932653427124023,
      27.900707244873047,
      19.112323760986328,
      47.64537811279297,
      24.102006912231445,
      49.92411804199219,
      29.22096061706543,
      61.53556823730469,
      39.26300048828125,
      63.53826141357422,
      53.31238555908203,
      79.11664581298828,
      95.09579467773438,
      114.42249298095703,
      111.33895874023438,
      70.87480926513672,
      85.22905731201172
    ],
    [
      13.800049781799316,
      11.225471496582031,
      18.29081916809082,
      12.795459747314453,
      30.990108489990234,
      14.798835754394531,
      28.5935001373291,
      15.532585144042969,
      42.56071472167969,
      23.590412139892578,
      42.3165397644043,
      31.09661293029785,
      53.91295623779297,
      57.65691375732422,
      77.25099182128906,
      70.87480926513672,
      61.651493072509766,
      67.9070053100586
    ],
    [
      17.91557502746582,
      15.201749801635742,
      22.82562828063965,
      16.250686645507812,
      39.94120407104492,
      20.191734313964844,
      37.84554672241211,
      21.653406143188477,
      51.73722839355469,
      30.711505889892578,
      52.149688720703125,
      40.72459030151367,
      63.68115234375,
      71.84903717041016,
      89.90878295898438,
      85.22905731201172,
      67.9070053100586,
      79.4684066772461
    ]
  ],
  "covariance_short": [
    [
      47.4471435546875,
      23.15867805480957,
      12.273218154907227,
      10.246588706970215,
      9.652029037475586,
      6.853678226470947,
      15.04957103729248,
      11.468514442443848,
      12.200675964355469,
      12.604004859924316,
      12.195192337036133,
      12.902298927307129,
      9.545578002929688,
      17.014379501342773,
      16.82952117919922,
      16.176782608032227,
      8.48974609375,
      11.707179069519043
    ],
    [
      23.15867805480957,
      48.1237678527832,
      13.69473648071289,
      13.319929122924805,
      17.9989070892334,
      13.248807907104492,
      20.38459014892578,
      17.153310775756836,
      19.757328033447266,
      18.968219757080078,
      18.828596115112305,
      19.290481567382812,
      13.363781929016113,
      23.758756637573242,
      21.516925811767578,
      21.652822494506836,
      12.330497741699219,
      17.354297637939453
    ],
    [
      12.273218154907227,
      13.69473648071289,
      27.30485725402832,
      18.320621490478516,
      15.854338645935059,
      14.135586738586426,
      16.119539260864258,
      13.897256851196289,
      18.02835464477539,
      17.151498794555664,
      17.825397491455078,
      17.133668899536133,
      16.779752731323242,
      26.358278274536133,
      29.1727294921875,
      27.032245635986328,
      17.11235237121582,
      22.07663345336914
    ],
    [
      10.246588706970215,
      13.319929122924805,
      18.320621490478516,
      25.80085563659668,
      15.333693504333496,
      15.585238456726074,
      16.052730560302734,
      15.311117172241211,
      15.732221603393555,
      17.6112003326416,
      13.652061462402344,
      15.480734825134277,
      12.166243553161621,
      18.26869010925293,
      19.97590446472168,
      18.00091552734375,
      11.927909851074219,
      15.482658386230469
    ],
    [
      9.652029037475586,
      17.9989070892334,
      15.854338645935059,
      15.333693504333496,
      61.936126708984375,
      28.41649627685547,
      38.94929885864258,
      24.076763153076172,
      41.77376174926758,
      29.183504104614258,
      41.087955474853516,
      34.59253692626953,
      33.31851577758789,
      44.33333206176758,
      48.5452880859375,
      46.81536102294922,
      29.389972686767578,
      38.87415313720703
    ],
    [
      6.853678226470947,
      13.248807907104492,
      14.135586738586426,
      15.585238456726074,
      28.41649627685547,
      30.316600799560547,
      20.313472747802734,
      20.710586547851562,
      23.220224380493164,
      23.531648635864258,
      19.14248275756836,
      22.83089828491211,
      17.640596389770508,
      27.795307159423828,
      24.68277931213379,
      25.498376846313477,
      14.155226707458496,
      20.107084274291992
    ],
    [
      15.04957103729248,
      20.38459014892578,
      16.119539260864258,
      16.052730560302734,
      38.94929885864258,
      20.313472747802734,
      72.70745086669922,
      37.29934310913086,
      44.234031677246094,
      34.15961456298828,
      43.74130630493164,
      41.233455657958984,
      38.848087310791016,
      51.6891975402832,
      53.307369232177734,
      51.22372055053711,
      28.80562973022461,
      38.50837326049805
    ],
    [
      11.468514442443848,
      17.153310775756836,
      13.897256851196289,
      15.311117172241211,
      24.076763153076172,
      20.710586547851562,
      37.29934310913086,
      37.93212890625,
      30.169389724731445,
      32.748626708984375,
      25.46623992919922,
      32.02505111694336,
      23.122684478759766,
      35.94763946533203,
      29.630956649780273,
      30.979604721069336,
      16.259376525878906,
      22.763887405395508
    ],
    [
      12.200675964355469,
      19.757328033447266,
      18.02835464477539,
      15.732221603393555,
      41.77376174926758,
      23.220224380493164,
      44.234031677246094,
      30.169389724731445,
      82.61279296875,
      45.92295455932617,
      61.29533004760742,
      53.664451599121094,
      54.781089782714844,
      60.887516021728516,
      63.54880905151367,
      62.08509826660156,
      41.320194244384766,
      51.98564529418945
    ],
    [
      12.604004859924316,
      18.968219757080078,
      17.151498794555664,
      17.6112003326416,
      29.183504104614258,
      23.531648635864258,
      34.15961456298828,
      32.748626708984375,
      45.92295455932617,
      48.59036636352539,
      33.33995819091797,
      40.22355270385742,
      31.2672061920166,
      45.82151412963867,
      38.89109420776367,
      40.469520568847656,
      23.290645599365234,
      31.210025787353516
    ],
    [
      12.195192337036133,
      18.828596115112305,
      17.825397491455078,
      13.652061462402344,
      41.087955474853516,
      19.14248275756836,
      43.74130630493164,
      25.46623992919922,
      61.29533004760742,
      33.33995819091797,
      77.15412902832031,
      51.85026550292969,
      61.319644927978516,
      60.02899169921875,
      68.57526397705078,
      65.06394958496094,
      41.96455764770508,
      53.180442810058594
    ],
    [
      12.902298927307129,
      19.290481567382812,
      17.133668899536133,
      15.480734825134277,
      34.59253692626953,
      22.83089828491211,
      41.233455657958984,
      32.02505111694336,
      53.664451599121094,
      40.22355270385742,
      51.85026550292969,
      57.21345901489258,
      47.926334381103516,
      57.91019821166992,
      53.783111572265625,
      55.1455192565918,
      30.486114501953125,
      41.68791580200195
    ],
    [
      9.545578002929688,
      13.363781929016113,
      16.779752731323242,
      12.166243553161621,
      33.31851577758789,
      17.640596389770508,
      38.848087310791016,
      23.122684478759766,
      54.781089782714844,
      31.2672061920166,
      61.319644927978516,
      47.926334381103516,
      85.97370910644531,
      76.19249725341797,
      83.5727767944336,
      80.66781616210938,
      52.33613204956055,
      63.73517990112305
    ],
    [
      17.014379501342773,
      23.758756637573242,
      26.358278274536133,
      18.26869010925293,
      44.33333206176758,
      27.795307159423828,
      51.6891975402832,
      35.94763946533203,
      60.887516021728516,
      45.82151412963867,
      60.02899169921875,
      57.91019821166992,
      76.19249725341797,
      96.88390350341797,
      93.97208404541016,
      94.96176147460938,
      53.960296630859375,
      70.38511657714844
    ],
    [
      16.82952117919922,
      21.516925811767578,
      29.1727294921875,
      19.97590446472168,
      48.5452880859375,
      24.68277931213379,
      53.307369232177734,
      29.630956649780273,
      63.54880905151367,
      38.89109420776367,
      68.57526397705078,
      53.783111572265625,
      83.5727767944336,
      93.97208404541016,
      119.09781646728516,
      111.54330444335938,
      72.2538833618164,
      86.06880950927734
    ],
    [
      16.176782608032227,
      21.652822494506836,
      27.032245635986328,
      18.00091552734375,
      46.81536102294922,
      25.498376846313477,
      51.22372055053711,
      30.979604721069336,
      62.08509826660156,
      40.469520568847656,
      65.06394958496094,
      55.1455192565918,
      80.66781616210938,
      94.96176147460938,
      111.54330444335938,
      110.09246063232422,
      65.57360076904297,
      82.52661895751953
    ],
    [
      8.48974609375,
      12.330497741699219,
      17.11235237121582,
      11.927909851074219,
      29.389972686767578,
      14.155226707458496,
      28.80562973022461,
      16.259376525878906,
      41.320194244384766,
      23.290645599365234,
      41.96455764770508,
      30.486114501953125,
      52.33613204956055,
      53.960296630859375,
      72.2538833618164,
      65.57360076904297,
      58.444183349609375,
      63.72998046875
    ],
    [
      11.707179069519043,
      17.354297637939453,
      22.07663345336914,
      15.482658386230469,
      38.87415313720703,
      20.107084274291992,
      38.50837326049805,
      22.763887405395508,
      51.98564529418945,
      31.210025787353516,
      53.180442810058594,
      41.68791580200195,
      63.73517990112305,
      70.38511657714844,
      86.06880950927734,
      82.52661895751953,
      63.72998046875,
      77.30931854248047
    ]
  ],
  "drr": 14.442865371704102,
  "dynamics": 3.6021528244018555,
  "format": 1245190,
  "frames": 7733248,
  "loudness": -14.465718269348145,
  "loudness_range": 12.000678062438965,
  "loudness_range_short": 13.554902076721191,
  "peak": -0.1601356863975525,
  "rms": -16.285011291503906,
  "sample_rate": 44100,
  "sections": 1,
  "seekable": 1,
  "sharpness": 1.8367078304290771,
  "space": -7.482705593109131
}