{
  "bands": [
    {
      "high_freq": 148.1999969482422,
      "loudness": -40.07001495361328,
      "loudness_range": 18.592267990112305,
      "mid_mean": -37.12060546875,
      "mid_to_side_loudness": -7.660552978515625,
      "mid_to_side_loudness_range": 6.618949890136719,
      "side_mean": -44.82606506347656
    },
    {
      "high_freq": 392.3793640136719,
      "loudness": -26.295658111572266,
      "loudness_range": 18.989822387695312,
      "low_freq": 148.1999969482422,
      "mid_mean": -23.593358993530273,
      "mid_to_side_loudness": -6.81514835357666,
      "mid_to_side_loudness_range": 7.421414852142334,
      "side_mean": -30.386547088623047
    },
    {
      "high_freq": 794.6976318359375,
      "loudness": -22.94544219970703,
      "loudness_range": 19.307565689086914,
      "low_freq": 392.3793640136719,
      "mid_mean": -21.48953628540039,
      "mid_to_side_loudness": -2.933509349822998,
      "mid_to_side_loudness_range": 9.912914276123047,
      "side_mean": -24.21732521057129
    },
    {
      "high_freq": 1457.5709228515625,
      "loudness": -26.92704963684082,
      "loudness_range": 19.027523040771484,
      "low_freq": 794.6976318359375,
      "mid_mean": -24.874847412109375,
      "mid_to_side_loudness": -4.157948017120361,
      "mid_to_side_loudness_range": 9.415544509887695,
      "side_mean": -29.038013458251953
    },
    {
      "high_freq": 2549.74365234375,
      "loudness": -30.369691848754883,
      "loudness_range": 18.54274559020996,
      "low_freq": 1457.5709228515625,
      "mid_mean": -27.92157745361328,
      "mid_to_side_loudness": -5.506311893463135,
      "mid_to_side_loudness_range": 9.125,
      "side_mean": -33.51565933227539
    },
    {
      "high_freq": 4349.24462890625,
      "loudness": -40.25160598754883,
      "loudness_range": 19.882028579711914,
      "low_freq": 2549.74365234375,
      "mid_mean": -37.8126106262207,
      "mid_to_side_loudness": -5.790701866149902,
      "mid_to_side_loudness_range": 8.603460311889648,
      "side_mean": -43.58028793334961
    },
    {
      "high_freq": 7314.1640625,
      "loudness": -52.843475341796875,
      "loudness_range": 29.11529541015625,
      "low_freq": 4349.24462890625,
      "mid_mean": -51.17877197265625,
      "mid_to_side_loudness": -5.412005424499512,
      "mid_to_side_loudness_range": 5.683594703674316,
      "side_mean": -55.93964767456055
    },
    {
      "high_freq": 12199.2666015625,
      "loudness": -62.656856536865234,
      "loudness_range": 20.765975952148438,
      "low_freq": 7314.1640625,
      "mid_mean": -59.328399658203125,
      "mid_to_side_loudness": -5.507903575897217,
      "mid_to_side_loudness_range": 4.430396556854248,
      "side_mean": -63.370765686035156
    },
    {
      "loudness": -65.3130111694336,
      "loudness_range": 2.1135826110839844,
      "low_freq": 12199.2666015625,
      "mid_mean": -61.89319610595703,
      "mid_to_side_loudness": -5.500617027282715,
      "mid_to_side_loudness_range": 0.9419140815734863,
      "side_mean": -65.93647003173828
    }
  ],
  "bands_short": [
    {
      "high_freq": 148.1999969482422,
      "loudness": -45.7695426940918,
      "loudness_range": 21.877246856689453,
      "mid_mean": -43.02894592285156,
      "mid_to_side_loudness": -6.736774921417236,
      "mid_to_side_loudness_range": 8.908918380737305,
      "side_mean": -49.775753021240234
    },
    {
      "high_freq": 392.3793640136719,
      "loudness": -27.390430450439453,
      "loudness_range": 21.05259895324707,
      "low_freq": 148.1999969482422,
      "mid_mean": -24.646921157836914,
      "mid_to_side_loudness": -6.988368034362793,
      "mid_to_side_loudness_range": 9.46316146850586,
      "side_mean": -31.639450073242188
    },
    {
      "high_freq": 794.6976318359375,
      "loudness": -24.240453720092773,
      "loudness_range": 22.109512329101562,
      "low_freq": 392.3793640136719,
      "mid_mean": -22.710880279541016,
      "mid_to_side_loudness": -3.1767241954803467,
      "mid_to_side_loudness_range": 11.826990127563477,
      "side_mean": -25.84331703186035
    },
    {
      "high_freq": 1457.5709228515625,
      "loudness": -27.936784744262695,
      "loudness_range": 22.00820541381836,
      "low_freq": 794.6976318359375,
      "mid_mean": -26.035802841186523,
      "mid_to_side_loudness": -4.101223945617676,
      "mid_to_side_loudness_range": 11.277210235595703,
      "side_mean": -30.103355407714844
    },
    {
      "high_freq": 2549.74365234375,
      "loudness": -32.238319396972656,
      "loudness_range": 22.00474739074707,
      "low_freq": 1457.5709228515625,
      "mid_mean": -29.875144958496094,
      "mid_to_side_loudness": -5.4482927322387695,
      "mid_to_side_loudness_range": 11.12129020690918,
      "side_mean": -35.4826774597168
    },
    {
      "high_freq": 4349.24462890625,
      "loudness": -42.21281814575195,
      "loudness_range": 23.83202362060547,
      "low_freq": 2549.74365234375,
      "mid_mean": -39.887176513671875,
      "mid_to_side_loudness": -5.508691787719727,
      "mid_to_side_loudness_range": 10.456952095031738,
      "side_mean": -45.49452209472656
    },
    {
      "high_freq": 7314.1640625,
      "loudness": -56.52605438232422,
      "loudness_range": 33.033363342285156,
      "low_freq": 4349.24462890625,
      "mid_mean": -53.690040588378906,
      "mid_to_side_loudness": -5.0950846672058105,
      "mid_to_side_loudness_range": 7.238384246826172,
      "side_mean": -57.955074310302734
    },
    {
      "high_freq": 12199.2666015625,
      "loudness": -64.77885437011719,
      "loudness_range": 19.24188232421875,
      "low_freq": 7314.1640625,
      "mid_mean": -61.22171401977539,
      "mid_to_side_loudness": -5.526463508605957,
      "mid_to_side_loudness_range": 5.007650852203369,
      "side_mean": -64.977294921875
    },
    {
      "loudness": -65.42385864257812,
      "loudness_range": 1.5003738403320312,
      "low_freq": 12199.2666015625,
      "mid_mean": -61.975128173828125,
      "mid_to_side_loudness": -5.546363830566406,
      "mid_to_side_loudness_range": 1.4930906295776367,
      "side_mean": -66.02305603027344
    }
  ],
  "channels": 2,
  "covariance": [
    [
      44.423858642578125,
      40.324485778808594,
      20.429641723632812,
      19.227819442749023,
      11.545097351074219,
      10.46352767944336,
      7.710781574249268,
      6.377013206481934,
      10.028432846069336,
      9.15955638885498,
      6.624525547027588,
      7.153892993927002,
      10.860235214233398,
      9.061141967773438,
      3.5351438522338867,
      3.8563694953918457,
      0.5469109416007996,
      0.41600093245506287
    ],
    [
      40.324485778808594,
      42.22905349731445,
      18.0166015625,
      17.629804611206055,
      9.421147346496582,
      8.688663482666016,
      6.554555416107178,
      5.235019207000732,
      8.506957054138184,
      7.82614278793335,
      5.205904960632324,
      5.78317403793335,
      9.375909805297852,
      7.613708019256592,
      3.153724431991577,
      3.462672472000122,
      0.5551797747612,
      0.40784212946891785
    ],
    [
      20.429641723632812,
      18.0166015625,
      46.00141525268555,
      41.6274299621582,
      17.678930282592773,
      15.831690788269043,
      10.654678344726562,
      8.02466106414795,
      10.028533935546875,
      11.447691917419434,
      8.05404281616211,
      7.410147666931152,
      12.06601333618164,
      10.310741424560547,
      0.7369408011436462,
      1.1893672943115234,
      0.010158898308873177,
      -0.0150585463270545
    ],
    [
      19.227819442749023,
      17.629804611206055,
      41.6274299621582,
      45.16851043701172,
      17.697996139526367,
      16.113901138305664,
      11.560478210449219,
      8.605504989624023,
      11.04995059967041,
      12.457032203674316,
      9.328842163085938,
      8.529317855834961,
      12.362197875976562,
      10.18430233001709,
      0.9520722031593323,
      1.127129077911377,
      0.06359604746103287,
      0.030974453315138817
    ],
    [
      11.545097351074219,
      9.421147346496582,
      17.678930282592773,
      17.697996139526367,
      52.353023529052734,
      42.52871322631836,
      19.457542419433594,
      21.357458114624023,
      31.63770294189453,
      30.539752960205078,
      24.697025299072266,
      25.065855026245117,
      36.2646369934082,
      33.92207336425781,
      13.202536582946777,
      13.584307670593262,
      0.5975248217582703,
      0.7808806300163269
    ],
    [
      10.46352767944336,
      8.688663482666016,
      15.831690788269043,
      16.113901138305664,
      42.52871322631836,
      48.4649772644043,
      17.814912796020508,
      19.78687858581543,
      32.58233642578125,
      29.08681297302246,
      26.80380630493164,
      25.48996353149414,
      33.699302673339844,
      31.067974090576172,
      13.70556926727295,
      13.677291870117188,
      0.4477359354496002,
      0.6177855134010315
    ],
    [
      7.710781574249268,
      6.554555416107178,
      10.654678344726562,
      11.560478210449219,
      19.457542419433594,
      17.814912796020508,
      42.963871002197266,
      40.48095703125,
      26.814977645874023,
      29.963558197021484,
      31.625041961669922,
      34.3852424621582,
      50.47272872924805,
      44.01417922973633,
      26.3720645904541,
      21.61437225341797,
      1.8583531379699707,
      1.768312692642212
    ],
    [
      6.377013206481934,
      5.235019207000732,
      8.02466106414795,
      8.605504989624023,
      21.357458114624023,
      19.78687858581543,
      40.48095703125,
      48.48086166381836,
      29.832651138305664,
      32.13346862792969,
      33.463443756103516,
      38.35613250732422,
      56.09324264526367,
      49.432308197021484,
      31.7322998046875,
      26.505516052246094,
      2.20347261428833,
      2.1720712184906006
    ],
    [
      10.028432846069336,
      8.506957054138184,
      10.028533935546875,
      11.04995059967041,
      31.63770294189453,
      32.58233642578125,
      26.814977645874023,
      29.832651138305664,
      44.186893463134766,
      37.83943557739258,
      32.7289924621582,
      34.70632553100586,
      48.5181999206543,
      43.41221618652344,
      27.243410110473633,
      23.987518310546875,
      1.9247738122940063,
      1.9128185510635376
    ],
    [
      9.15955638885498,
      7.82614278793335,
      11.447691917419434,
      12.457032203674316,
      30.539752960205078,
      29.08681297302246,
      29.963558197021484,
      32.13346862792969,
      37.83943557739258,
      42.2556266784668,
      33.68472671508789,
      36.38958740234375,
      51.20821762084961,
      46.03706359863281,
      28.401060104370117,
      24.920454025268555,
      1.8914626836776733,
      1.8407154083251953
    ],
    [
      6.624525547027588,
      5.205904960632324,
      8.05404281616211,
      9.328842163085938,
      24.697025299072266,
      26.80380630493164,
      31.625041961669922,
      33.463443756103516,
      32.7289924621582,
      33.68472671508789,
      53.34017562866211,
      48.47500228881836,
      60.110538482666016,
      53.42921447753906,
      31.05958366394043,
      25.78561019897461,
      1.8809322118759155,
      1.8783185482025146
    ],
    [
      7.153892993927002,
      5.78317403793335,
      7.410147666931152,
      8.529317855834961,
      25.065855026245117,
      25.48996353149414,
      34.3852424621582,
      38.35613250732422,
      34.70632553100586,
      36.38958740234375,
      48.47500228881836,
      54.9691162109375,
      67.25675964355469,
      59.68103790283203,
      36.011905670166016,
      30.18338966369629,
      2.2729456424713135,
      2.243863344192505
    ],
    [
      10.860235214233398,
      9.375909805297852,
      12.06601333618164,
      12.362197875976562,
      36.2646369934082,
      33.699302673339844,
      50.47272872924805,
      56.09324264526367,
      48.5181999206543,
      51.20821762084961,
      60.110538482666016,
      67.25675964355469,
      107.04000091552734,
      93.63089752197266,
      56.198577880859375,
      46.760765075683594,
      5.404576778411865,
      4.4501471519470215
    ],
    [
      9.061141967773438,
      7.613708019256592,
      10.310741424560547,
      10.18430233001709,
      33.92207336425781,
      31.067974090576172,
      44.01417922973633,
      49.432308197021484,
      43.41221618652344,
      46.03706359863281,
      53.42921447753906,
      59.68103790283203,
      93.63089752197266,
      85.50988006591797,
      50.79560470581055,
      43.18033981323242,
      4.717324733734131,
      4.063326835632324
    ],
    [
      3.5351438522338867,
      3.153724431991577,
      0.7369408011436462,
      0.9520722031593323,
      13.202536582946777,
      13.70556926727295,
      26.3720645904541,
      31.7322998046875,
      27.243410110473633,
      28.401060104370117,
      31.05958366394043,
      36.011905670166016,
      56.198577880859375,
      50.79560470581055,
      44.76560592651367,
      37.7896728515625,
      4.482257843017578,
      3.856632709503174
    ],
    [
      3.8563694953918457,
      3.462672472000122,
      1.1893672943115234,
      1.127129077911377,
      13.584307670593262,
      13.677291870117188,
      21.61437225341797,
      26.505516052246094,
      23.987518310546875,
      24.920454025268555,
      25.78561019897461,
      30.18338966369629,
      46.760765075683594,
      43.18033981323242,
      37.7896728515625,
      33.602046966552734,
      3.796356678009033,
      3.409780740737915
    ],
    [
      0.5469109416007996,
      0.5551797747612,
      0.010158898308873177,
      0.06359604746103287,
      0.5975248217582703,
      0.4477359354496002,
      1.8583531379699707,
      2.20347261428833,
      1.9247738122940063,
      1.8914626836776733,
      1.8809322118759155,
      2.2729456424713135,
      5.404576778411865,
      4.717324733734131,
      4.482257843017578,
      3.796356678009033,
      1.2649717330932617,
      0.8962323069572449
    ],
    [
      0.41600093245506287,
      0.40784212946891785,
      -0.0150585463270545,
      0.030974453315138817,
      0.7808806300163269,
      0.6177855134010315,
      1.768312692642212,
      2.1720712184906006,
      1.9128185510635376,
      1.8407154083251953,
      1.8783185482025146,
      2.243863344192505,
      4.4501471519470215,
      4.063326835632324,
      3.856632709503174,
      3.409780740737915,
      0.8962323069572449,
      0.742737352848053
    ]
  ],
  "covariance_short": [
    [
      59.11073303222656,
      48.890621185302734,
      19.858638763427734,
      19.944974899291992,
      11.186239242553711,
      10.640913963317871,
      13.383689880371094,
      11.484685897827148,
      12.291336059570312,
      12.804180145263672,
      11.601594924926758,
      12.366537094116211,
      13.901167869567871,
      12.458054542541504,
      6.28247594833374,
      5.443223476409912,
      0.8880805373191833,
      0.7665113210678101
    ],
    [
      48.890621185302734,
      49.65864181518555,
      15.920205116271973,
      16.951387405395508,
      8.415800094604492,
      8.00638198852539,
      10.22942066192627,
      8.538127899169922,
      9.309775352478027,
      9.89765739440918,
      8.906448364257812,
      9.55467414855957,
      11.441516876220703,
      10.06074333190918,
      5.594282627105713,
      4.704554080963135,
      1.1050095558166504,
      0.8265027403831482
    ],
    [
      19.858638763427734,
      15.920205116271973,
      54.04637908935547,
      48.53701400756836,
      23.325258255004883,
      22.887296676635742,
      15.957409858703613,
      13.52315616607666,
      16.460630416870117,
      17.675275802612305,
      14.6500825881958,
      13.770369529724121,
      16.1352596282959,
      14.191460609436035,
      3.1736652851104736,
      2.612715721130371,
      0.1904577612876892,
      0.17782531678676605
    ],
    [
      19.944974899291992,
      16.951387405395508,
      48.53701400756836,
      56.44813537597656,
      24.556549072265625,
      24.55118751525879,
      17.905073165893555,
      15.046010971069336,
      18.32337760925293,
      19.65571403503418,
      16.717979431152344,
      15.516329765319824,
      18.211410522460938,
      15.602949142456055,
      4.609012126922607,
      3.7282865047454834,
      0.37776419520378113,
      0.36237016320228577
    ],
    [
      11.186239242553711,
      8.415800094604492,
      23.325258255004883,
      24.556549072265625,
      62.07341003417969,
      52.243812561035156,
      26.1647891998291,
      26.857206344604492,
      36.368263244628906,
      39.078369140625,
      33.15436935424805,
      32.11614990234375,
      39.99997329711914,
      36.202388763427734,
      13.454536437988281,
      13.699682235717773,
      0.743504524230957,
      0.9267296195030212
    ],
    [
      10.640913963317871,
      8.00638198852539,
      22.887296676635742,
      24.55118751525879,
      52.243812561035156,
      61.66923904418945,
      26.23092269897461,
      27.427026748657227,
      39.93246841430664,
      39.183650970458984,
      34.373939514160156,
      32.03329849243164,
      38.65036392211914,
      34.83899688720703,
      15.038078308105469,
      14.82019329071045,
      0.6434524655342102,
      0.803717851638794
    ],
    [
      13.383689880371094,
      10.22942066192627,
      15.957409858703613,
      17.905073165893555,
      26.1647891998291,
      26.23092269897461,
      56.065547943115234,
      50.31475830078125,
      40.295677185058594,
      41.136783599853516,
      42.72401428222656,
      45.149192810058594,
      57.65194320678711,
      49.97980499267578,
      25.360389709472656,
      20.354747772216797,
      2.2336456775665283,
      2.1840322017669678
    ],
    [
      11.484685897827148,
      8.538127899169922,
      13.52315616607666,
      15.046010971069336,
      26.857206344604492,
      27.427026748657227,
      50.31475830078125,
      60.50325012207031,
      42.842586517333984,
      42.875484466552734,
      44.4301643371582,
      48.6247673034668,
      61.47449493408203,
      53.48334503173828,
      29.07172203063965,
      24.07903289794922,
      2.644655704498291,
      2.612685203552246
    ],
    [
      12.291336059570312,
      9.309775352478027,
      16.460630416870117,
      18.32337760925293,
      36.368263244628906,
      39.93246841430664,
      40.295677185058594,
      42.842586517333984,
      59.50818634033203,
      50.24497604370117,
      45.042137145996094,
      46.09386444091797,
      56.171653747558594,
      49.30302429199219,
      27.610477447509766,
      23.864355087280273,
      2.250885248184204,
      2.2783868312835693
    ],
    [
      12.804180145263672,
      9.89765739440918,
      17.675275802612305,
      19.65571403503418,
      39.078369140625,
      39.183650970458984,
      41.136783599853516,
      42.875484466552734,
      50.24497604370117,
      57.56119918823242,
      46.41831588745117,
      49.00421142578125,
      59.1158332824707,
      51.713661193847656,
      28.17778968811035,
      24.39762306213379,
      2.1767640113830566,
      2.2210452556610107
    ],
    [
      11.601594924926758,
      8.906448364257812,
      14.6500825881958,
      16.717979431152344,
      33.15436935424805,
      34.373939514160156,
      42.72401428222656,
      44.4301643371582,
      45.042137145996094,
      46.41831588745117,
      69.76773834228516,
      61.46883010864258,
      68.39261627197266,
      59.75764083862305,
      31.262304306030273,
      25.79534339904785,
      2.393397331237793,
      2.3909311294555664
    ],
    [
      12.366537094116211,
      9.55467414855957,
      13.770369529724121,
      15.516329765319824,
      32.11614990234375,
      32.03329849243164,
      45.149192810058594,
      48.6247673034668,
      46.09386444091797,
      49.00421142578125,
      61.46883010864258,
      69.81473541259766,
      74.73096466064453,
      65.16380310058594,
      34.58696746826172,
      28.64185333251953,
      2.655832290649414,
      2.6205947399139404
    ],
    [
      13.901167869567871,
      11.441516876220703,
      16.1352596282959,
      18.211410522460938,
      39.99997329711914,
      38.65036392211914,
      57.65194320678711,
      61.47449493408203,
      56.171653747558594,
      59.1158332824707,
      68.39261627197266,
      74.73096466064453,
      105.7152328491211,
      90.26538848876953,
      47.912113189697266,
      39.26616668701172,
      5.185275554656982,
      4.394687175750732
    ],
    [
      12.458054542541504,
      10.06074333190918,
      14.191460609436035,
      15.602949142456055,
      36.202388763427734,
      34.83899688720703,
      49.97980499267578,
      53.48334503173828,
      49.30302429199219,
      51.713661193847656,
      59.75764083862305,
      65.16380310058594,
      90.26538848876953,
      82.1919937133789,
      42.88495635986328,
      35.72456741333008,
      4.525249004364014,
      3.9855895042419434
    ],
    [
      6.28247594833374,
      5.594282627105713,
      3.1736652851104736,
      4.609012126922607,
      13.454536437988281,
      15.038078308105469,
      25.360389709472656,
      29.07172203063965,
      27.610477447509766,
      28.17778968811035,
      31.262304306030273,
      34.58696746826172,
      47.912113189697266,
      42.88495635986328,
      36.03982925415039,
      29.51426887512207,
      4.037023544311523,
      3.5906152725219727
    ],
    [
      5.443223476409912,
      4.704554080963135,
      2.612715721130371,
      3.7282865047454834,
      13.699682235717773,
      14.82019329071045,
      20.354747772216797,
      24.07903289794922,
      23.864355087280273,
      24.39762306213379,
      25.79534339904785,
      28.64185333251953,
      39.26616668701172,
      35.72456741333008,
      29.51426887512207,
      26.709299087524414,
      3.4373972415924072,
      3.2141363620758057
    ],
    [
      0.8880805373191833,
      1.1050095558166504,
      0.1904577612876892,
      0.37776419520378113,
      0.743504524230957,
      0.6434524655342102,
      2.2336456775665283,
      2.644655704498291,
      2.250885248184204,
      2.1767640113830566,
      2.393397331237793,
      2.655832290649414,
      5.185275554656982,
      4.525249004364014,
      4.037023544311523,
      3.4373972415924072,
      1.4668484926223755,
      1.046332597732544
    ],
    [
      0.7665113210678101,
      0.8265027403831482,
      0.17782531678676605,
      0.36237016320228577,
      0.9267296195030212,
      0.803717851638794,
      2.1840322017669678,
      2.612685203552246,
      2.2783868312835693,
      2.2210452556610107,
      2.3909311294555664,
      2.6205947399139404,
      4.394687175750732,
      3.9855895042419434,
      3.5906152725219727,
      3.2141363620758057,
      1.046332597732544,
      0.9386937022209167
    ]
  ],
  "drr": 8.847886085510254,
  "dynamics": 4.499763011932373,
  "format": 1245190,
  "frames": 9256896,
  "loudness": -14.040411949157715,
  "loudness_range": 12.387136459350586,
  "loudness_range_short": 16.804975509643555,
  "peak": 0.18617112934589386,
  "rms": -15.568653106689453,
  "sample_rate": 44100,
  "sections": 1,
  "seekable": 1,
  "sharpness": 4.365227699279785,
  "space": -4.5830206871032715
}