{
  "bands": [
    {
      "high_freq": 148.1999969482422,
      "loudness": -21.957780838012695,
      "loudness_range": 6.05681037902832,
      "mid_mean": -20.688472747802734,
      "mid_to_side_loudness": -1.4648598432540894,
      "mid_to_side_loudness_range": 5.410549163818359,
      "side_mean": -22.15734100341797
    },
    {
      "high_freq": 392.3793640136719,
      "loudness": -25.562931060791016,
      "loudness_range": 6.980064392089844,
      "low_freq": 148.1999969482422,
      "mid_mean": -24.450361251831055,
      "mid_to_side_loudness": -1.114328145980835,
      "mid_to_side_loudness_range": 5.123010158538818,
      "side_mean": -25.57305908203125
    },
    {
      "high_freq": 794.6976318359375,
      "loudness": -24.657962799072266,
      "loudness_range": 9.006267547607422,
      "low_freq": 392.3793640136719,
      "mid_mean": -22.876264572143555,
      "mid_to_side_loudness": -2.948945999145508,
      "mid_to_side_loudness_range": 6.888325214385986,
      "side_mean": -25.85858154296875
    },
    {
      "high_freq": 1457.5709228515625,
      "loudness": -27.93871307373047,
      "loudness_range": 12.36825180053711,
      "low_freq": 794.6976318359375,
      "mid_mean": -26.18737030029297,
      "mid_to_side_loudness": -2.9082367420196533,
      "mid_to_side_loudness_range": 7.129308700561523,
      "side_mean": -29.120882034301758
    },
    {
      "high_freq": 2549.74365234375,
      "loudness": -27.31984519958496,
      "loudness_range": 18.075244903564453,
      "low_freq": 1457.5709228515625,
      "mid_mean": -25.67959213256836,
      "mid_to_side_loudness": -2.6282951831817627,
      "mid_to_side_loudness_range": 7.273255825042725,
      "side_mean": -28.33523941040039
    },
    {
      "high_freq": 4349.24462890625,
      "loudness": -27.104982376098633,
      "loudness_range": 15.355968475341797,
      "low_freq": 2549.74365234375,
      "mid_mean": -26.914783477783203,
      "mid_to_side_loudness": 0.6652828454971313,
      "mid_to_side_loudness_range": 7.295966625213623,
      "side_mean": -26.246435165405273
    },
    {
      "high_freq": 7314.1640625,
      "loudness": -29.109228134155273,
      "loudness_range": 11.476011276245117,
      "low_freq": 4349.24462890625,
      "mid_mean": -28.7750301361084,
      "mid_to_side_loudness": 0.597515881061554,
      "mid_to_side_loudness_range": 3.4898128509521484,
      "side_mean": -28.166484832763672
    },
    {
      "high_freq": 12199.2666015625,
      "loudness": -33.767757415771484,
      "loudness_range": 8.481895446777344,
      "low_freq": 7314.1640625,
      "mid_mean": -33.257808685302734,
      "mid_to_side_loudness": 0.34646642208099365,
      "mid_to_side_loudness_range": 0.9185124635696411,
      "side_mean": -32.90850830078125
    },
    {
      "loudness": -44.015689849853516,
      "loudness_range": 7.7133026123046875,
      "low_freq": 12199.2666015625,
      "mid_mean": -43.425819396972656,
      "mid_to_side_loudness": 0.20384669303894043,
      "mid_to_side_loudness_range": 0.5620690584182739,
      "side_mean": -43.21970748901367
    }
  ],
  "bands_short": [
    {
      "high_freq": 148.1999969482422,
      "loudness": -24.61507225036621,
      "loudness_range": 12.909292221069336,
      "mid_mean": -23.392921447753906,
      "mid_to_side_loudness": -2.2281455993652344,
      "mid_to_side_loudness_range": 12.371725082397461,
      "side_mean": -25.6355037689209
    },
    {
      "high_freq": 392.3793640136719,
      "loudness": -24.348384857177734,
      "loudness_range": 9.340766906738281,
      "low_freq": 148.1999969482422,
      "mid_mean": -23.67425537109375,
      "mid_to_side_loudness": -0.5566994547843933,
      "mid_to_side_loudness_range": 9.419897079467773,
      "side_mean": -24.23758888244629
    },
    {
      "high_freq": 794.6976318359375,
      "loudness": -25.312366485595703,
      "loudness_range": 12.059404373168945,
      "low_freq": 392.3793640136719,
      "mid_mean": -23.78206443786621,
      "mid_to_side_loudness": -2.6194167137145996,
      "mid_to_side_loudness_range": 9.519024848937988,
      "side_mean": -26.44217872619629
    },
    {
      "high_freq": 1457.5709228515625,
      "loudness": -28.875263214111328,
      "loudness_range": 16.62511444091797,
      "low_freq": 794.6976318359375,
      "mid_mean": -27.30864906311035,
      "mid_to_side_loudness": -2.6923413276672363,
      "mid_to_side_loudness_range": 9.02911376953125,
      "side_mean": -30.02911949157715
    },
    {
      "high_freq": 2549.74365234375,
      "loudness": -28.660778045654297,
      "loudness_range": 21.020904541015625,
      "low_freq": 1457.5709228515625,
      "mid_mean": -27.160139083862305,
      "mid_to_side_loudness": -2.336961269378662,
      "mid_to_side_loudness_range": 7.914403915405273,
      "side_mean": -29.540119171142578
    },
    {
      "high_freq": 4349.24462890625,
      "loudness": -28.193084716796875,
      "loudness_range": 18.05121421813965,
      "low_freq": 2549.74365234375,
      "mid_mean": -28.019636154174805,
      "mid_to_side_loudness": 0.6841769218444824,
      "mid_to_side_loudness_range": 7.433595180511475,
      "side_mean": -27.33428382873535
    },
    {
      "high_freq": 7314.1640625,
      "loudness": -30.396080017089844,
      "loudness_range": 16.132158279418945,
      "low_freq": 4349.24462890625,
      "mid_mean": -30.091123580932617,
      "mid_to_side_loudness": 0.6214184165000916,
      "mid_to_side_loudness_range": 4.340312957763672,
      "side_mean": -29.46982192993164
    },
    {
      "high_freq": 12199.2666015625,
      "loudness": -35.78348159790039,
      "loudness_range": 16.212860107421875,
      "low_freq": 7314.1640625,
      "mid_mean": -35.27838134765625,
      "mid_to_side_loudness": 0.3380817472934723,
      "mid_to_side_loudness_range": 1.954416036605835,
      "side_mean": -34.939598083496094
    },
    {
      "loudness": -45.90270233154297,
      "loudness_range": 14.626087188720703,
      "low_freq": 12199.2666015625,
      "mid_mean": -45.29132843017578,
      "mid_to_side_loudness": 0.1785717010498047,
      "mid_to_side_loudness_range": 1.4107129573822021,
      "side_mean": -45.11042022705078
    }
  ],
  "channels": 2,
  "covariance": [
    [
      7.058380603790283,
      5.792357921600342,
      0.6006494760513306,
      0.3682757616043091,
      0.2969356179237366,
      0.5907789468765259,
      -0.7281316518783569,
      0.1171281486749649,
      -0.3685001730918884,
      -0.04336261376738548,
      -0.20754505693912506,
      -0.36156508326530457,
      1.22816801071167,
      0.9911582469940186,
      2.139343500137329,
      2.1218626499176025,
      2.242663621902466,
      2.2511653900146484
    ],
    [
      5.792357921600342,
      7.968347549438477,
      0.3829337954521179,
      0.6594138145446777,
      -0.19635514914989471,
      0.3639945685863495,
      -0.8376482129096985,
      -0.05632414296269417,
      -0.8736481666564941,
      -0.38982969522476196,
      -0.2648896276950836,
      -0.3772728443145752,
      1.0958034992218018,
      0.8221936225891113,
      2.031346559524536,
      2.0068302154541016,
      2.2837934494018555,
      2.2692151069641113
    ],
    [
      0.6006494760513306,
      0.3829337954521179,
      7.910154342651367,
      5.562380790710449,
      4.3259758949279785,
      3.387458324432373,
      2.9116315841674805,
      2.7986297607421875,
      3.887786388397217,
      3.4680588245391846,
      3.3985369205474854,
      4.150582790374756,
      1.5583295822143555,
      1.588313341140747,
      1.5306421518325806,
      1.5209652185440063,
      1.9384229183197021,
      1.9898557662963867
    ],
    [
      0.3682757616043091,
      0.6594138145446777,
      5.562380790710449,
      7.299327373504639,
      3.3276138305664062,
      4.00844669342041,
      3.1840896606445312,
      3.5250651836395264,
      4.664998531341553,
      4.350080966949463,
      4.64370059967041,
      4.713356018066406,
      3.382046699523926,
      3.4083316326141357,
      2.923333168029785,
      2.9203951358795166,
      2.690885305404663,
      2.7209856510162354
    ],
    [
      0.2969356179237366,
      -0.19635514914989471,
      4.3259758949279785,
      3.3276138305664062,
      14.922284126281738,
      9.431273460388184,
      13.268428802490234,
      8.873862266540527,
      19.103683471679688,
      14.158271789550781,
      14.99045181274414,
      13.820731163024902,
      7.120560646057129,
      7.365604400634766,
      5.619688510894775,
      5.623814582824707,
      4.773955345153809,
      4.794292449951172
    ],
    [
      0.5907789468765259,
      0.3639945685863495,
      3.387458324432373,
      4.00844669342041,
      9.431273460388184,
      10.365711212158203,
      9.541585922241211,
      8.281647682189941,
      12.05201244354248,
      9.934493064880371,
      9.531598091125488,
      8.177275657653809,
      5.574947357177734,
      5.380962371826172,
      4.577182292938232,
      4.536229133605957,
      4.158999919891357,
      4.2118940353393555
    ],
    [
      -0.7281316518783569,
      -0.8376482129096985,
      2.9116315841674805,
      3.1840896606445312,
      13.268428802490234,
      9.541585922241211,
      24.83125114440918,
      16.63640594482422,
      28.83062744140625,
      21.691410064697266,
      22.391965866088867,
      19.928001403808594,
      11.8909273147583,
      12.366662979125977,
      8.300860404968262,
      8.252002716064453,
      6.296404838562012,
      6.3116135597229
    ],
    [
      0.1171281486749649,
      -0.05632414296269417,
      2.7986297607421875,
      3.5250651836395264,
      8.873862266540527,
      8.281647682189941,
      16.63640594482422,
      15.107306480407715,
      16.855472564697266,
      14.668736457824707,
      12.842191696166992,
      12.38533878326416,
      7.514777183532715,
      7.487311840057373,
      5.495184421539307,
      5.452977657318115,
      4.099341869354248,
      4.169485569000244
    ],
    [
      -0.3685001730918884,
      -0.8736481666564941,
      3.887786388397217,
      4.664998531341553,
      19.103683471679688,
      12.05201244354248,
      28.83062744140625,
      16.855472564697266,
      46.04655075073242,
      33.50803756713867,
      37.01630401611328,
      32.25933837890625,
      20.345195770263672,
      20.862646102905273,
      14.533095359802246,
      14.596010208129883,
      11.198792457580566,
      11.193964958190918
    ],
    [
      -0.04336261376738548,
      -0.38982969522476196,
      3.4680588245391846,
      4.350080966949463,
      14.158271789550781,
      9.934493064880371,
      21.691410064697266,
      14.668736457824707,
      33.50803756713867,
      28.06736946105957,
      26.40850257873535,
      25.68208885192871,
      16.245223999023438,
      16.099876403808594,
      11.378349304199219,
      11.48855972290039,
      8.688268661499023,
      8.699397087097168
    ],
    [
      -0.20754505693912506,
      -0.2648896276950836,
      3.3985369205474854,
      4.64370059967041,
      14.99045181274414,
      9.531598091125488,
      22.391965866088867,
      12.842191696166992,
      37.01630401611328,
      26.40850257873535,
      33.03898239135742,
      27.495615005493164,
      17.835317611694336,
      18.270689010620117,
      13.388724327087402,
      13.3768310546875,
      10.179021835327148,
      10.163400650024414
    ],
    [
      -0.36156508326530457,
      -0.3772728443145752,
      4.150582790374756,
      4.713356018066406,
      13.820731163024902,
      8.177275657653809,
      19.928001403808594,
      12.38533878326416,
      32.25933837890625,
      25.68208885192871,
      27.495615005493164,
      27.544736862182617,
      15.347211837768555,
      15.596749305725098,
      11.076814651489258,
      11.200594902038574,
      8.29932689666748,
      8.270662307739258
    ],
    [
      1.22816801071167,
      1.0958034992218018,
      1.5583295822143555,
      3.382046699523926,
      7.120560646057129,
      5.574947357177734,
      11.8909273147583,
      7.514777183532715,
      20.345195770263672,
      16.245223999023438,
      17.835317611694336,
      15.347211837768555,
      16.02809715270996,
      15.404975891113281,
      11.895221710205078,
      11.900781631469727,
      8.89511489868164,
      8.959997177124023
    ],
    [
      0.9911582469940186,
      0.8221936225891113,
      1.588313341140747,
      3.4083316326141357,
      7.365604400634766,
      5.380962371826172,
      12.366662979125977,
      7.487311840057373,
      20.862646102905273,
      16.099876403808594,
      18.270689010620117,
      15.596749305725098,
      15.404975891113281,
      16.30918312072754,
      11.96412181854248,
      11.867012977600098,
      8.89639663696289,
      8.930252075195312
    ],
    [
      2.139343500137329,
      2.031346559524536,
      1.5306421518325806,
      2.923333168029785,
      5.619688510894775,
      4.577182292938232,
      8.300860404968262,
      5.495184421539307,
      14.533095359802246,
      11.378349304199219,
      13.388724327087402,
      11.076814651489258,
      11.895221710205078,
      11.96412181854248,
      11.185439109802246,
      11.055107116699219,
      8.604701042175293,
      8.631999015808105
    ],
    [
      2.1218626499176025,
      2.0068302154541016,
      1.5209652185440063,
      2.9203951358795166,
      5.623814582824707,
      4.536229133605957,
      8.252002716064453,
      5.452977657318115,
      14.596010208129883,
      11.48855972290039,
      13.3768310546875,
      11.200594902038574,
      11.900781631469727,
      11.867012977600098,
      11.055107116699219,
      11.074616432189941,
      8.51317310333252,
      8.548046112060547
    ],
    [
      2.242663621902466,
      2.2837934494018555,
      1.9384229183197021,
      2.690885305404663,
      4.773955345153809,
      4.158999919891357,
      6.296404838562012,
      4.099341869354248,
      11.198792457580566,
      8.688268661499023,
      10.179021835327148,
      8.29932689666748,
      8.89511489868164,
      8.89639663696289,
      8.604701042175293,
      8.51317310333252,
      8.532003402709961,
      8.51135540008545
    ],
    [
      2.2511653900146484,
      2.2692151069641113,
      1.9898557662963867,
      2.7209856510162354,
      4.794292449951172,
      4.2118940353393555,
      6.3116135597229,
      4.169485569000244,
      11.193964958190918,
      8.699397087097168,
      10.163400650024414,
      8.270662307739258,
      8.959997177124023,
      8.930252075195312,
      8.631999015808105,
      8.548046112060547,
      8.51135540008545,
      8.591832160949707
    ]
  ],
  "covariance_short": [
    [
      26.831565856933594,
      17.050010681152344,
      4.853826522827148,
      3.054001569747925,
      0.3943532109260559,
      0.7636213302612305,
      -0.27407750487327576,
      0.6908524632453918,
      0.1814996600151062,
      0.5123087763786316,
      -0.015797382220625877,
      -0.4403582811355591,
      1.8157367706298828,
      1.6866896152496338,
      3.295595169067383,
      3.2057199478149414,
      3.7214748859405518,
      3.697295904159546
    ],
    [
      17.050010681152344,
      26.00655174255371,
      4.851516246795654,
      7.719576358795166,
      -0.03449136018753052,
      0.6108661890029907,
      -1.063896894454956,
      0.10976879298686981,
      -0.979190468788147,
      -0.41912174224853516,
      -0.6589481234550476,
      -0.9477538466453552,
      1.7083475589752197,
      1.6538403034210205,
      3.7408175468444824,
      3.5953221321105957,
      4.391549587249756,
      4.3965582847595215
    ],
    [
      4.853826522827148,
      4.851516246795654,
      13.991144180297852,
      8.938516616821289,
      3.903252601623535,
      4.107152462005615,
      2.614030122756958,
      4.020439624786377,
      1.998674750328064,
      2.749177932739258,
      2.310359239578247,
      3.0976717472076416,
      2.6378679275512695,
      2.4753849506378174,
      3.6461188793182373,
      3.6318304538726807,
      3.701402187347412,
      3.723646879196167
    ],
    [
      3.054001569747925,
      7.719576358795166,
      8.938516616821289,
      14.80844497680664,
      2.898298978805542,
      4.893686771392822,
      2.497933864593506,
      4.199029445648193,
      2.5046653747558594,
      3.426968574523926,
      2.9735851287841797,
      3.1376564502716064,
      4.1753740310668945,
      4.096110820770264,
      4.889861583709717,
      4.853761196136475,
      4.623384475708008,
      4.600313186645508
    ],
    [
      0.3943532109260559,
      -0.03449136018753052,
      3.903252601623535,
      2.898298978805542,
      24.04931640625,
      14.854593276977539,
      22.049436569213867,
      16.23124885559082,
      27.45643424987793,
      21.40384864807129,
      21.135211944580078,
      20.32744598388672,
      11.556605339050293,
      11.906983375549316,
      9.11466121673584,
      9.186457633972168,
      5.204773902893066,
      5.172484397888184
    ],
    [
      0.7636213302612305,
      0.6108661890029907,
      4.107152462005615,
      4.893686771392822,
      14.854593276977539,
      18.173871994018555,
      15.77853012084961,
      14.304214477539062,
      17.366615295410156,
      14.940235137939453,
      13.253642082214355,
      12.274697303771973,
      8.20244026184082,
      8.228894233703613,
      6.7959771156311035,
      6.809597969055176,
      4.664174556732178,
      4.664059638977051
    ],
    [
      -0.27407750487327576,
      -1.063896894454956,
      2.614030122756958,
      2.497933864593506,
      22.049436569213867,
      15.77853012084961,
      41.40779113769531,
      28.8271541595459,
      41.89945602416992,
      32.45642852783203,
      31.39580726623535,
      29.309663772583008,
      17.981033325195312,
      18.629310607910156,
      13.288440704345703,
      13.378989219665527,
      6.953732013702393,
      6.936273574829102
    ],
    [
      0.6908524632453918,
      0.10976879298686981,
      4.020439624786377,
      4.199029445648193,
      16.23124885559082,
      14.304214477539062,
      28.8271541595459,
      27.973840713500977,
      26.479963302612305,
      23.16834831237793,
      19.011402130126953,
      18.952184677124023,
      11.506962776184082,
      11.607178688049316,
      8.595788955688477,
      8.652080535888672,
      4.6081695556640625,
      4.624913692474365
    ],
    [
      0.1814996600151062,
      -0.979190468788147,
      1.998674750328064,
      2.5046653747558594,
      27.45643424987793,
      17.366615295410156,
      41.89945602416992,
      26.479963302612305,
      60.86925506591797,
      45.52837371826172,
      48.21625518798828,
      43.96220016479492,
      29.795848846435547,
      30.503860473632812,
      22.945222854614258,
      23.203899383544922,
      12.60818862915039,
      12.516685485839844
    ],
    [
      0.5123087763786316,
      -0.41912174224853516,
      2.749177932739258,
      3.426968574523926,
      21.40384864807129,
      14.940235137939453,
      32.45642852783203,
      23.16834831237793,
      45.52837371826172,
      39.323604583740234,
      36.06117630004883,
      35.40196228027344,
      24.727554321289062,
      24.578426361083984,
      19.150362014770508,
      19.44744300842285,
      11.038176536560059,
      10.986665725708008
    ],
    [
      -0.015797382220625877,
      -0.6589481234550476,
      2.310359239578247,
      2.9735851287841797,
      21.135211944580078,
      13.253642082214355,
      31.39580726623535,
      19.011402130126953,
      48.21625518798828,
      36.06117630004883,
      44.99684143066406,
      39.589839935302734,
      29.033348083496094,
      29.581275939941406,
      24.149505615234375,
      24.27824592590332,
      13.882142066955566,
      13.811234474182129
    ],
    [
      -0.4403582811355591,
      -0.9477538466453552,
      3.0976717472076416,
      3.1376564502716064,
      20.32744598388672,
      12.274697303771973,
      29.309663772583008,
      18.952184677124023,
      43.96220016479492,
      35.40196228027344,
      39.589839935302734,
      40.03984832763672,
      26.541261672973633,
      26.8030948638916,
      21.778947830200195,
      22.124046325683594,
      12.373841285705566,
      12.300668716430664
    ],
    [
      1.8157367706298828,
      1.7083475589752197,
      2.6378679275512695,
      4.1753740310668945,
      11.556605339050293,
      8.20244026184082,
      17.981033325195312,
      11.506962776184082,
      29.795848846435547,
      24.727554321289062,
      29.033348083496094,
      26.541261672973633,
      31.059415817260742,
      30.105932235717773,
      28.38137435913086,
      28.501428604125977,
      19.430782318115234,
      19.536731719970703
    ],
    [
      1.6866896152496338,
      1.6538403034210205,
      2.4753849506378174,
      4.096110820770264,
      11.906983375549316,
      8.228894233703613,
      18.629310607910156,
      11.607178688049316,
      30.503860473632812,
      24.578426361083984,
      29.581275939941406,
      26.8030948638916,
      30.105932235717773,
      31.500242233276367,
      28.386266708374023,
      28.377511978149414,
      19.371540069580078,
      19.4196834564209
    ],
    [
      3.295595169067383,
      3.7408175468444824,
      3.6461188793182373,
      4.889861583709717,
      9.11466121673584,
      6.7959771156311035,
      13.288440704345703,
      8.595788955688477,
      22.945222854614258,
      19.150362014770508,
      24.149505615234375,
      21.778947830200195,
      28.38137435913086,
      28.386266708374023,
      32.398475646972656,
      32.16732406616211,
      24.431468963623047,
      24.510345458984375
    ],
    [
      3.2057199478149414,
      3.5953221321105957,
      3.6318304538726807,
      4.853761196136475,
      9.186457633972168,
      6.809597969055176,
      13.378989219665527,
      8.652080535888672,
      23.203899383544922,
      19.44744300842285,
      24.27824592590332,
      22.124046325683594,
      28.501428604125977,
      28.377511978149414,
      32.16732406616211,
      32.50876998901367,
      24.389694213867188,
      24.47847557067871
    ],
    [
      3.7214748859405518,
      4.391549587249756,
      3.701402187347412,
      4.623384475708008,
      5.204773902893066,
      4.664174556732178,
      6.953732013702393,
      4.6081695556640625,
      12.60818862915039,
      11.038176536560059,
      13.882142066955566,
      12.373841285705566,
      19.430782318115234,
      19.371540069580078,
      24.431468963623047,
      24.389694213867188,
      23.52522087097168,
      23.451343536376953
    ],
    [
      3.697295904159546,
      4.3965582847595215,
      3.723646879196167,
      4.600313186645508,
      5.172484397888184,
      4.664059638977051,
      6.936273574829102,
      4.624913692474365,
      12.516685485839844,
      10.986665725708008,
      13.811234474182129,
      12.300668716430664,
      19.536731719970703,
      19.4196834564209,
      24.510345458984375,
      24.47847557067871,
      23.451343536376953,
      23.725637435913086
    ]
  ],
  "drr": 14.822502136230469,
  "dynamics": 2.3300766944885254,
  "format": 1245190,
  "frames": 12851200,
  "loudness": -13.087442398071289,
  "loudness_range": 5.936460494995117,
  "loudness_range_short": 8.32858943939209,
  "peak": 0.4341968595981598,
  "rms": -15.557623863220215,
  "sample_rate": 44100,
  "sections": 1,
  "seekable": 1,
  "sharpness": 2.3987438678741455,
  "space": -1.6880276203155518
}