{
  "bands": [
    {
      "high_freq": 148.1999969482422,
      "loudness": -20.635820388793945,
      "loudness_range": 9.716240882873535,
      "mid_mean": -16.95469856262207,
      "mid_to_side_loudness": -25.571725845336914,
      "mid_to_side_loudness_range": 11.133529663085938,
      "side_mean": -42.56938552856445
    },
    {
      "high_freq": 392.3793640136719,
      "loudness": -21.435121536254883,
      "loudness_range": 10.580987930297852,
      "low_freq": 148.1999969482422,
      "mid_mean": -17.832416534423828,
      "mid_to_side_loudness": -17.471445083618164,
      "mid_to_side_loudness_range": 9.305063247680664,
      "side_mean": -35.280540466308594
    },
    {
      "high_freq": 794.6976318359375,
      "loudness": -21.480466842651367,
      "loudness_range": 11.314454078674316,
      "low_freq": 392.3793640136719,
      "mid_mean": -17.938983917236328,
      "mid_to_side_loudness": -15.363164901733398,
      "mid_to_side_loudness_range": 9.114449501037598,
      "side_mean": -33.35303497314453
    },
    {
      "high_freq": 1457.5709228515625,
      "loudness": -23.60123634338379,
      "loudness_range": 15.012662887573242,
      "low_freq": 794.6976318359375,
      "mid_mean": -20.143245697021484,
      "mid_to_side_loudness": -13.983503341674805,
      "mid_to_side_loudness_range": 9.34878921508789,
      "side_mean": -34.06288146972656
    },
    {
      "high_freq": 2549.74365234375,
      "loudness": -23.146873474121094,
      "loudness_range": 14.697093963623047,
      "low_freq": 1457.5709228515625,
      "mid_mean": -19.692304611206055,
      "mid_to_side_loudness": -13.833540916442871,
      "mid_to_side_loudness_range": 8.818727493286133,
      "side_mean": -32.99628829956055
    },
    {
      "high_freq": 4349.24462890625,
      "loudness": -24.90768051147461,
      "loudness_range": 12.998477935791016,
      "low_freq": 2549.74365234375,
      "mid_mean": -21.423160552978516,
      "mid_to_side_loudness": -13.76817798614502,
      "mid_to_side_loudness_range": 6.627449035644531,
      "side_mean": -34.96354675292969
    },
    {
      "high_freq": 7314.1640625,
      "loudness": -27.63904571533203,
      "loudness_range": 12.740449905395508,
      "low_freq": 4349.24462890625,
      "mid_mean": -24.1706485748291,
      "mid_to_side_loudness": -13.5466890335083,
      "mid_to_side_loudness_range": 5.908485412597656,
      "side_mean": -37.608665466308594
    },
    {
      "high_freq": 12199.2666015625,
      "loudness": -29.369415283203125,
      "loudness_range": 11.411935806274414,
      "low_freq": 7314.1640625,
      "mid_mean": -25.926618576049805,
      "mid_to_side_loudness": -13.0756254196167,
      "mid_to_side_loudness_range": 6.66890811920166,
      "side_mean": -38.85552978515625
    },
    {
      "loudness": -33.94651794433594,
      "loudness_range": 9.567075729370117,
      "low_freq": 12199.2666015625,
      "mid_mean": -30.494264602661133,
      "mid_to_side_loudness": -13.36401081085205,
      "mid_to_side_loudness_range": 4.432493209838867,
      "side_mean": -43.58150863647461
    }
  ],
  "bands_short": [
    {
      "high_freq": 148.1999969482422,
      "loudness": -25.903898239135742,
      "loudness_range": 25.04027557373047,
      "mid_mean": -22.27568244934082,
      "mid_to_side_loudness": -23.900875091552734,
      "mid_to_side_loudness_range": 25.21913719177246,
      "side_mean": -46.5164680480957
    },
    {
      "high_freq": 392.3793640136719,
      "loudness": -21.98843765258789,
      "loudness_range": 16.730812072753906,
      "low_freq": 148.1999969482422,
      "mid_mean": -18.42622184753418,
      "mid_to_side_loudness": -17.756591796875,
      "mid_to_side_loudness_range": 15.101468086242676,
      "side_mean": -36.15595626831055
    },
    {
      "high_freq": 794.6976318359375,
      "loudness": -22.734167098999023,
      "loudness_range": 14.883062362670898,
      "low_freq": 392.3793640136719,
      "mid_mean": -19.27344512939453,
      "mid_to_side_loudness": -14.716732025146484,
      "mid_to_side_loudness_range": 13.592916488647461,
      "side_mean": -34.06547927856445
    },
    {
      "high_freq": 1457.5709228515625,
      "loudness": -24.75941276550293,
      "loudness_range": 19.365882873535156,
      "low_freq": 794.6976318359375,
      "mid_mean": -21.446504592895508,
      "mid_to_side_loudness": -12.994965553283691,
      "mid_to_side_loudness_range": 14.5855712890625,
      "side_mean": -34.44422912597656
    },
    {
      "high_freq": 2549.74365234375,
      "loudness": -24.486530303955078,
      "loudness_range": 19.482784271240234,
      "low_freq": 1457.5709228515625,
      "mid_mean": -21.149799346923828,
      "mid_to_side_loudness": -13.121346473693848,
      "mid_to_side_loudness_range": 13.84575080871582,
      "side_mean": -33.8055534362793
    },
    {
      "high_freq": 4349.24462890625,
      "loudness": -25.955270767211914,
      "loudness_range": 17.0689697265625,
      "low_freq": 2549.74365234375,
      "mid_mean": -22.570484161376953,
      "mid_to_side_loudness": -13.067748069763184,
      "mid_to_side_loudness_range": 10.990827560424805,
      "side_mean": -35.40504455566406
    },
    {
      "high_freq": 7314.1640625,
      "loudness": -29.34979820251465,
      "loudness_range": 18.18057632446289,
      "low_freq": 4349.24462890625,
      "mid_mean": -25.958208084106445,
      "mid_to_side_loudness": -12.707551002502441,
      "mid_to_side_loudness_range": 9.271978378295898,
      "side_mean": -38.63612747192383
    },
    {
      "high_freq": 12199.2666015625,
      "loudness": -31.82483673095703,
      "loudness_range": 19.4996280670166,
      "low_freq": 7314.1640625,
      "mid_mean": -28.450624465942383,
      "mid_to_side_loudness": -12.319391250610352,
      "mid_to_side_loudness_range": 9.28277587890625,
      "side_mean": -40.977783203125
    },
    {
      "loudness": -38.581424713134766,
      "loudness_range": 25.85622215270996,
      "low_freq": 12199.2666015625,
      "mid_mean": -35.27412033081055,
      "mid_to_side_loudness": -12.354799270629883,
      "mid_to_side_loudness_range": 10.350461959838867,
      "side_mean": -47.814552307128906
    }
  ],
  "channels": 2,
  "covariance": [
    [
      18.443477630615234,
      10.254613876342773,
      6.22665548324585,
      3.7145328521728516,
      2.9082412719726562,
      2.983290672302246,
      5.9003520011901855,
      5.562633991241455,
      4.850233554840088,
      5.016917705535889,
      3.8282887935638428,
      4.087731838226318,
      4.802038669586182,
      4.744422912597656,
      4.188663959503174,
      4.037136554718018,
      3.5778982639312744,
      2.873523712158203
    ],
    [
      10.254613876342773,
      18.834760665893555,
      10.411328315734863,
      10.366968154907227,
      2.462646961212158,
      4.315740585327148,
      8.168668746948242,
      9.356732368469238,
      12.154187202453613,
      8.403985023498535,
      10.4514799118042,
      9.241313934326172,
      6.988999366760254,
      7.214336395263672,
      3.720857620239258,
      6.1744065284729,
      4.157119274139404,
      5.458166599273682
    ],
    [
      6.22665548324585,
      10.411328315734863,
      20.9824161529541,
      18.081632614135742,
      8.039669036865234,
      9.079449653625488,
      14.631196022033691,
      15.974112510681152,
      18.723846435546875,
      12.280078887939453,
      16.537979125976562,
      13.616415977478027,
      14.279115676879883,
      12.740375518798828,
      9.30791187286377,
      10.883495330810547,
      7.566089630126953,
      7.938842296600342
    ],
    [
      3.7145328521728516,
      10.366968154907227,
      18.081632614135742,
      24.55587387084961,
      6.922619819641113,
      10.908661842346191,
      13.938804626464844,
      17.019025802612305,
      19.64383316040039,
      13.022141456604004,
      17.873090744018555,
      15.853899955749512,
      14.624526023864746,
      14.152153015136719,
      9.898985862731934,
      12.583975791931152,
      8.788674354553223,
      10.116808891296387
    ],
    [
      2.9082412719726562,
      2.462646961212158,
      8.039669036865234,
      6.922619819641113,
      17.85608673095703,
      13.194811820983887,
      14.099102973937988,
      11.380188941955566,
      13.635632514953613,
      8.9098482131958,
      9.910094261169434,
      8.233304023742676,
      8.045958518981934,
      8.860563278198242,
      7.245762825012207,
      7.439705848693848,
      5.808792591094971,
      4.744810581207275
    ],
    [
      2.983290672302246,
      4.315740585327148,
      9.079449653625488,
      10.908661842346191,
      13.194811820983887,
      20.53546714782715,
      14.028141021728516,
      15.99597454071045,
      15.580093383789062,
      13.886059761047363,
      13.482059478759766,
      14.948275566101074,
      10.863804817199707,
      14.176780700683594,
      8.986048698425293,
      11.988880157470703,
      7.071608543395996,
      8.413440704345703
    ],
    [
      5.9003520011901855,
      8.168668746948242,
      14.631196022033691,
      13.938804626464844,
      14.099102973937988,
      14.028141021728516,
      31.509037017822266,
      24.93816375732422,
      22.619279861450195,
      14.203465461730957,
      18.237394332885742,
      15.97901439666748,
      13.265588760375977,
      15.379167556762695,
      9.39647388458252,
      12.902305603027344,
      8.607217788696289,
      9.076720237731934
    ],
    [
      5.562633991241455,
      9.356732368469238,
      15.974112510681152,
      17.019025802612305,
      11.380188941955566,
      15.99597454071045,
      24.93816375732422,
      30.571609497070312,
      21.878644943237305,
      18.22477149963379,
      19.12147331237793,
      19.19222640991211,
      16.516559600830078,
      19.153606414794922,
      11.57627010345459,
      16.203914642333984,
      9.617259979248047,
      11.57242202758789
    ],
    [
      4.850233554840088,
      12.154187202453613,
      18.723846435546875,
      19.64383316040039,
      13.635632514953613,
      15.580093383789062,
      22.619279861450195,
      21.878644943237305,
      34.88931655883789,
      21.04884147644043,
      27.399059295654297,
      22.996538162231445,
      16.844728469848633,
      18.005020141601562,
      9.78292465209961,
      14.226216316223145,
      8.583675384521484,
      10.51578426361084
    ],
    [
      5.016917705535889,
      8.403985023498535,
      12.280078887939453,
      13.022141456604004,
      8.9098482131958,
      13.886059761047363,
      14.203465461730957,
      18.22477149963379,
      21.04884147644043,
      23.080705642700195,
      18.076072692871094,
      20.06471061706543,
      14.966403007507324,
      17.718097686767578,
      10.530716896057129,
      14.05844497680664,
      8.280080795288086,
      10.342508316040039
    ],
    [
      3.8282887935638428,
      10.4514799118042,
      16.537979125976562,
      17.873090744018555,
      9.910094261169434,
      13.482059478759766,
      18.237394332885742,
      19.12147331237793,
      27.399059295654297,
      18.076072692871094,
      27.117076873779297,
      22.72991371154785,
      17.256855010986328,
      17.969743728637695,
      9.202007293701172,
      13.637460708618164,
      7.119847774505615,
      9.971665382385254
    ],
    [
      4.087731838226318,
      9.241313934326172,
      13.616415977478027,
      15.853899955749512,
      8.233304023742676,
      14.948275566101074,
      15.97901439666748,
      19.19222640991211,
      22.996538162231445,
      20.06471061706543,
      22.72991371154785,
      26.833831787109375,
      16.21598243713379,
      20.151273727416992,
      10.026042938232422,
      15.2415189743042,
      7.805145263671875,
      10.830862998962402
    ],
    [
      4.802038669586182,
      6.988999366760254,
      14.279115676879883,
      14.624526023864746,
      8.045958518981934,
      10.863804817199707,
      13.265588760375977,
      16.516559600830078,
      16.844728469848633,
      14.966403007507324,
      17.256855010986328,
      16.21598243713379,
      21.01658058166504,
      18.934715270996094,
      16.615102767944336,
      16.32405662536621,
      10.47164249420166,
      10.803496360778809
    ],
    [
      4.744422912597656,
      7.214336395263672,
      12.740375518798828,
      14.152153015136719,
      8.860563278198242,
      14.176780700683594,
      15.379167556762695,
      19.153606414794922,
      18.005020141601562,
      17.718097686767578,
      17.969743728637695,
      20.151273727416992,
      18.934715270996094,
      24.19625473022461,
      15.445788383483887,
      20.600507736206055,
      11.205779075622559,
      14.05187702178955
    ],
    [
      4.188663959503174,
      3.720857620239258,
      9.30791187286377,
      9.898985862731934,
      7.245762825012207,
      8.986048698425293,
      9.39647388458252,
      11.57627010345459,
      9.78292465209961,
      10.530716896057129,
      9.202007293701172,
      10.026042938232422,
      16.615102767944336,
      15.445788383483887,
      20.372053146362305,
      17.26014518737793,
      13.966787338256836,
      12.393494606018066
    ],
    [
      4.037136554718018,
      6.1744065284729,
      10.883495330810547,
      12.583975791931152,
      7.439705848693848,
      11.988880157470703,
      12.902305603027344,
      16.203914642333984,
      14.226216316223145,
      14.05844497680664,
      13.637460708618164,
      15.2415189743042,
      16.32405662536621,
      20.600507736206055,
      17.26014518737793,
      24.090227127075195,
      14.286290168762207,
      17.433942794799805
    ],
    [
      3.5778982639312744,
      4.157119274139404,
      7.566089630126953,
      8.788674354553223,
      5.808792591094971,
      7.071608543395996,
      8.607217788696289,
      9.617259979248047,
      8.583675384521484,
      8.280080795288086,
      7.119847774505615,
      7.805145263671875,
      10.47164249420166,
      11.205779075622559,
      13.966787338256836,
      14.286290168762207,
      16.025100708007812,
      13.693947792053223
    ],
    [
      2.873523712158203,
      5.458166599273682,
      7.938842296600342,
      10.116808891296387,
      4.744810581207275,
      8.413440704345703,
      9.076720237731934,
      11.57242202758789,
      10.51578426361084,
      10.342508316040039,
      9.971665382385254,
      10.830862998962402,
      10.803496360778809,
      14.05187702178955,
      12.393494606018066,
      17.433942794799805,
      13.693947792053223,
      18.471006393432617
    ]
  ],
  "covariance_short": [
    [
      60.90433883666992,
      21.06011962890625,
      15.103541374206543,
      -1.6803867816925049,
      3.748145341873169,
      -0.727109432220459,
      3.726011276245117,
      0.14862215518951416,
      -1.3507918119430542,
      -0.6660633683204651,
      -1.4566386938095093,
      -2.066894292831421,
      6.489989757537842,
      4.593423843383789,
      9.299094200134277,
      7.7846503257751465,
      11.028236389160156,
      11.686871528625488
    ],
    [
      21.06011962890625,
      46.6892204284668,
      12.390762329101562,
      6.8534321784973145,
      1.4891031980514526,
      -0.32779282331466675,
      3.919635772705078,
      3.8484580516815186,
      6.757958889007568,
      4.178730487823486,
      5.270954608917236,
      3.230567216873169,
      3.3956143856048584,
      4.195969104766846,
      1.8239067792892456,
      5.581104755401611,
      -0.553983747959137,
      3.2423250675201416
    ],
    [
      15.103541374206543,
      12.390762329101562,
      34.927669525146484,
      19.261871337890625,
      11.111221313476562,
      10.940431594848633,
      16.735652923583984,
      16.970359802246094,
      21.325998306274414,
      14.999945640563965,
      19.773515701293945,
      16.184938430786133,
      17.55481719970703,
      16.63633155822754,
      12.137961387634277,
      15.378427505493164,
      14.845600128173828,
      15.301712989807129
    ],
    [
      -1.6803867816925049,
      6.8534321784973145,
      19.261871337890625,
      30.383438110351562,
      7.791488170623779,
      12.327082633972168,
      13.754964828491211,
      17.22231101989746,
      20.52898406982422,
      15.420313835144043,
      19.187118530273438,
      17.001449584960938,
      16.248733520507812,
      16.437496185302734,
      11.717571258544922,
      14.544776916503906,
      14.018746376037598,
      13.635497093200684
    ],
    [
      3.748145341873169,
      1.4891031980514526,
      11.111221313476562,
      7.791488170623779,
      29.33291244506836,
      15.26888370513916,
      20.91181182861328,
      13.571924209594727,
      22.098920822143555,
      12.304768562316895,
      17.507675170898438,
      11.188243865966797,
      13.832378387451172,
      13.310393333435059,
      12.479568481445312,
      13.174285888671875,
      13.367027282714844,
      14.827279090881348
    ],
    [
      -0.727109432220459,
      -0.32779282331466675,
      10.940431594848633,
      12.327082633972168,
      15.26888370513916,
      24.863887786865234,
      16.59822654724121,
      18.547300338745117,
      19.025732040405273,
      17.150955200195312,
      17.03730583190918,
      17.00597381591797,
      14.505095481872559,
      16.792261123657227,
      12.915570259094238,
      15.315424919128418,
      14.14429759979248,
      15.851103782653809
    ],
    [
      3.726011276245117,
      3.919635772705078,
      16.735652923583984,
      13.754964828491211,
      20.91181182861328,
      16.59822654724121,
      46.46663284301758,
      28.58075714111328,
      32.14288330078125,
      18.656391143798828,
      26.52818489074707,
      19.683544158935547,
      19.836444854736328,
      20.969141006469727,
      15.86153507232666,
      19.794431686401367,
      20.353832244873047,
      21.33873748779297
    ],
    [
      0.14862215518951416,
      3.8484580516815186,
      16.970359802246094,
      17.22231101989746,
      13.571924209594727,
      18.547300338745117,
      28.58075714111328,
      37.75613021850586,
      26.123266220092773,
      23.781723022460938,
      23.39324188232422,
      23.158479690551758,
      20.551891326904297,
      23.410184860229492,
      15.52215576171875,
      20.300960540771484,
      17.7128963470459,
      19.668554306030273
    ],
    [
      -1.3507918119430542,
      6.757958889007568,
      21.325998306274414,
      20.52898406982422,
      22.098920822143555,
      19.025732040405273,
      32.14288330078125,
      26.123266220092773,
      50.81362533569336,
      27.84559440612793,
      39.151397705078125,
      28.016361236572266,
      24.303808212280273,
      24.563322067260742,
      15.0048189163208,
      20.72347068786621,
      17.038835525512695,
      19.442058563232422
    ],
    [
      -0.6660633683204651,
      4.178730487823486,
      14.999945640563965,
      15.420313835144043,
      12.304768562316895,
      17.150955200195312,
      18.656391143798828,
      23.781723022460938,
      27.84559440612793,
      32.284175872802734,
      24.073421478271484,
      25.42803192138672,
      20.169113159179688,
      22.946025848388672,
      14.609336853027344,
      19.40032196044922,
      15.03512191772461,
      18.34185791015625
    ],
    [
      -1.4566386938095093,
      5.270954608917236,
      19.773515701293945,
      19.187118530273438,
      17.507675170898438,
      17.03730583190918,
      26.52818489074707,
      23.39324188232422,
      39.151397705078125,
      24.073421478271484,
      41.30082321166992,
      28.0435733795166,
      28.01401138305664,
      25.57712173461914,
      17.9251708984375,
      21.756114959716797,
      19.36083221435547,
      20.361400604248047
    ],
    [
      -2.066894292831421,
      3.230567216873169,
      16.184938430786133,
      17.001449584960938,
      11.188243865966797,
      17.00597381591797,
      19.683544158935547,
      23.158479690551758,
      28.016361236572266,
      25.42803192138672,
      28.0435733795166,
      32.20087814331055,
      21.49298667907715,
      25.327232360839844,
      14.350096702575684,
      20.329782485961914,
      15.750492095947266,
      17.824068069458008
    ],
    [
      6.489989757537842,
      3.3956143856048584,
      17.55481719970703,
      16.248733520507812,
      13.832378387451172,
      14.505095481872559,
      19.836444854736328,
      20.551891326904297,
      24.303808212280273,
      20.169113159179688,
      28.01401138305664,
      21.49298667907715,
      39.14761734008789,
      29.826745986938477,
      35.79011154174805,
      31.007179260253906,
      37.07379913330078,
      33.463050842285156
    ],
    [
      4.593423843383789,
      4.195969104766846,
      16.63633155822754,
      16.437496185302734,
      13.310393333435059,
      16.792261123657227,
      20.969141006469727,
      23.410184860229492,
      24.563322067260742,
      22.946025848388672,
      25.57712173461914,
      25.327232360839844,
      29.826745986938477,
      35.87345886230469,
      27.790254592895508,
      34.652618408203125,
      31.578964233398438,
      35.233028411865234
    ],
    [
      9.299094200134277,
      1.8239067792892456,
      12.137961387634277,
      11.717571258544922,
      12.479568481445312,
      12.915570259094238,
      15.86153507232666,
      15.52215576171875,
      15.0048189163208,
      14.609336853027344,
      17.9251708984375,
      14.350096702575684,
      35.79011154174805,
      27.790254592895508,
      48.739952087402344,
      38.378047943115234,
      54.681636810302734,
      46.97915267944336
    ],
    [
      7.7846503257751465,
      5.581104755401611,
      15.378427505493164,
      14.544776916503906,
      13.174285888671875,
      15.315424919128418,
      19.794431686401367,
      20.300960540771484,
      20.72347068786621,
      19.40032196044922,
      21.756114959716797,
      20.329782485961914,
      31.007179260253906,
      34.652618408203125,
      38.378047943115234,
      49.11531066894531,
      47.651248931884766,
      52.587493896484375
    ],
    [
      11.028236389160156,
      -0.553983747959137,
      14.845600128173828,
      14.018746376037598,
      13.367027282714844,
      14.14429759979248,
      20.353832244873047,
      17.7128963470459,
      17.038835525512695,
      15.03512191772461,
      19.36083221435547,
      15.750492095947266,
      37.07379913330078,
      31.578964233398438,
      54.681636810302734,
      47.651248931884766,
      82.60157775878906,
      67.12452697753906
    ],
    [
      11.686871528625488,
      3.2423250675201416,
      15.301712989807129,
      13.635497093200684,
      14.827279090881348,
      15.851103782653809,
      21.33873748779297,
      19.668554306030273,
      19.442058563232422,
      18.34185791015625,
      20.361400604248047,
      17.824068069458008,
      33.463050842285156,
      35.233028411865234,
      46.97915267944336,
      52.587493896484375,
      67.12452697753906,
      72.88087463378906
    ]
  ],
  "drr": 17.16078758239746,
  "dynamics": 2.8761167526245117,
  "format": 1245190,
  "frames": 10062784,
  "loudness": -9.71673583984375,
  "loudness_range": 6.155717372894287,
  "loudness_range_short": 10.730186462402344,
  "peak": 0.7916152477264404,
  "rms": -12.000853538513184,
  "sample_rate": 44100,
  "sections": 1,
  "seekable": 1,
  "sharpness": 3.162554979324341,
  "space": -15.650264739990234
}