{
  "bands": [
    {
      "high_freq": 148.1999969482422,
      "loudness": -35.05270004272461,
      "loudness_range": 21.443803787231445,
      "mid_mean": -33.6295280456543,
      "mid_to_side_loudness": -3.417100429534912,
      "mid_to_side_loudness_range": 12.874138832092285,
      "side_mean": -37.27647018432617
    },
    {
      "high_freq": 392.3793640136719,
      "loudness": -27.746253967285156,
      "loudness_range": 18.811206817626953,
      "low_freq": 148.1999969482422,
      "mid_mean": -26.2323055267334,
      "mid_to_side_loudness": -2.7778103351593018,
      "mid_to_side_loudness_range": 7.829215049743652,
      "side_mean": -29.198841094970703
    },
    {
      "high_freq": 794.6976318359375,
      "loudness": -26.764612197875977,
      "loudness_range": 18.41600227355957,
      "low_freq": 392.3793640136719,
      "mid_mean": -25.64133071899414,
      "mid_to_side_loudness": -2.3406801223754883,
      "mid_to_side_loudness_range": 9.82791519165039,
      "side_mean": -28.185415267944336
    },
    {
      "high_freq": 1457.5709228515625,
      "loudness": -35.10612869262695,
      "loudness_range": 19.480985641479492,
      "low_freq": 794.6976318359375,
      "mid_mean": -33.89331817626953,
      "mid_to_side_loudness": -2.035600423812866,
      "mid_to_side_loudness_range": 8.67796802520752,
      "side_mean": -36.242794036865234
    },
    {
      "high_freq": 2549.74365234375,
      "loudness": -36.533451080322266,
      "loudness_range": 18.572141647338867,
      "low_freq": 1457.5709228515625,
      "mid_mean": -35.017494201660156,
      "mid_to_side_loudness": -2.502086639404297,
      "mid_to_side_loudness_range": 5.837002754211426,
      "side_mean": -37.56638717651367
    },
    {
      "high_freq": 4349.24462890625,
      "loudness": -43.52962875366211,
      "loudness_range": 22.7724609375,
      "low_freq": 2549.74365234375,
      "mid_mean": -41.620201110839844,
      "mid_to_side_loudness": -3.706644296646118,
      "mid_to_side_loudness_range": 6.429481029510498,
      "side_mean": -45.70729064941406
    },
    {
      "high_freq": 7314.1640625,
      "loudness": -54.542205810546875,
      "loudness_range": 23.869598388671875,
      "low_freq": 4349.24462890625,
      "mid_mean": -54.49433135986328,
      "mid_to_side_loudness": -4.0490641593933105,
      "mid_to_side_loudness_range": 6.328948020935059,
      "side_mean": -57.79344177246094
    },
    {
      "high_freq": 12199.2666015625,
      "loudness": -57.808589935302734,
      "loudness_range": 30.495262145996094,
      "low_freq": 7314.1640625,
      "mid_mean": -57.959625244140625,
      "mid_to_side_loudness": -5.249742031097412,
      "mid_to_side_loudness_range": 14.672831535339355,
      "side_mean": -62.12184524536133
    },
    {
      "loudness": -63.87486267089844,
      "loudness_range": 24.87293243408203,
      "low_freq": 12199.2666015625,
      "mid_mean": -61.837642669677734,
      "mid_to_side_loudness": -3.117337226867676,
      "mid_to_side_loudness_range": 4.7140326499938965,
      "side_mean": -63.908607482910156
    }
  ],
  "bands_short": [
    {
      "high_freq": 148.1999969482422,
      "loudness": -39.40132141113281,
      "loudness_range": 25.570295333862305,
      "mid_mean": -38.97745895385742,
      "mid_to_side_loudness": -3.8054182529449463,
      "mid_to_side_loudness_range": 15.709979057312012,
      "side_mean": -43.90846633911133
    },
    {
      "high_freq": 392.3793640136719,
      "loudness": -27.74197769165039,
      "loudness_range": 19.40102767944336,
      "low_freq": 148.1999969482422,
      "mid_mean": -26.316312789916992,
      "mid_to_side_loudness": -2.8006629943847656,
      "mid_to_side_loudness_range": 9.815253257751465,
      "side_mean": -29.297040939331055
    },
    {
      "high_freq": 794.6976318359375,
      "loudness": -27.622854232788086,
      "loudness_range": 20.373672485351562,
      "low_freq": 392.3793640136719,
      "mid_mean": -26.63609504699707,
      "mid_to_side_loudness": -2.1464920043945312,
      "mid_to_side_loudness_range": 11.618935585021973,
      "side_mean": -28.791446685791016
    },
    {
      "high_freq": 1457.5709228515625,
      "loudness": -34.03229904174805,
      "loudness_range": 18.781545639038086,
      "low_freq": 794.6976318359375,
      "mid_mean": -32.97040939331055,
      "mid_to_side_loudness": -1.9496454000473022,
      "mid_to_side_loudness_range": 10.98439884185791,
      "side_mean": -35.344573974609375
    },
    {
      "high_freq": 2549.74365234375,
      "loudness": -36.94502258300781,
      "loudness_range": 19.665245056152344,
      "low_freq": 1457.5709228515625,
      "mid_mean": -35.4879035949707,
      "mid_to_side_loudness": -2.621829032897949,
      "mid_to_side_loudness_range": 7.94993257522583,
      "side_mean": -38.1947135925293
    },
    {
      "high_freq": 4349.24462890625,
      "loudness": -43.83740234375,
      "loudness_range": 23.116416931152344,
      "low_freq": 2549.74365234375,
      "mid_mean": -42.020572662353516,
      "mid_to_side_loudness": -3.742581605911255,
      "mid_to_side_loudness_range": 7.9181599617004395,
      "side_mean": -46.22171401977539
    },
    {
      "high_freq": 7314.1640625,
      "loudness": -55.035640716552734,
      "loudness_range": 24.2440185546875,
      "low_freq": 4349.24462890625,
      "mid_mean": -54.808692932128906,
      "mid_to_side_loudness": -4.038989067077637,
      "mid_to_side_loudness_range": 7.080036640167236,
      "side_mean": -58.10480499267578
    },
    {
      "high_freq": 12199.2666015625,
      "loudness": -59.716217041015625,
      "loudness_range": 33.46816635131836,
      "low_freq": 7314.1640625,
      "mid_mean": -59.51255416870117,
      "mid_to_side_loudness": -4.581027030944824,
      "mid_to_side_loudness_range": 7.920368671417236,
      "side_mean": -63.01311111450195
    },
    {
      "loudness": -65.04947662353516,
      "loudness_range": 21.50649642944336,
      "low_freq": 12199.2666015625,
      "mid_mean": -62.63043212890625,
      "mid_to_side_loudness": -3.427156448364258,
      "mid_to_side_loudness_range": 4.9282684326171875,
      "side_mean": -64.84000396728516
    }
  ],
  "channels": 2,
  "covariance": [
    [
      75.82945251464844,
      57.20975112915039,
      39.81955337524414,
      41.37162399291992,
      31.9652099609375,
      43.44438552856445,
      32.50300216674805,
      40.84632873535156,
      23.602922439575195,
      26.48978042602539,
      18.344812393188477,
      16.459331512451172,
      16.96261978149414,
      15.297158241271973,
      25.238239288330078,
      7.367859363555908,
      11.936059951782227,
      10.313682556152344
    ],
    [
      57.20975112915039,
      59.661285400390625,
      37.641517639160156,
      40.77605056762695,
      30.501188278198242,
      39.946693420410156,
      28.834552764892578,
      36.16285705566406,
      21.33465576171875,
      23.698455810546875,
      17.789722442626953,
      19.077198028564453,
      21.30460548400879,
      18.109804153442383,
      24.153335571289062,
      10.933098793029785,
      11.95516300201416,
      10.408341407775879
    ],
    [
      39.81955337524414,
      37.641517639160156,
      52.39731979370117,
      50.01362609863281,
      37.4107551574707,
      44.94245910644531,
      31.698888778686523,
      39.073482513427734,
      26.42637825012207,
      28.029373168945312,
      26.08564567565918,
      28.629533767700195,
      29.193452835083008,
      25.07511329650879,
      29.282703399658203,
      16.113584518432617,
      19.477624893188477,
      16.075769424438477
    ],
    [
      41.37162399291992,
      40.77605056762695,
      50.01362609863281,
      57.49509811401367,
      37.07667541503906,
      45.453712463378906,
      31.35226821899414,
      39.00076675415039,
      26.116228103637695,
      27.655397415161133,
      25.77245330810547,
      28.365798950195312,
      28.71306610107422,
      24.452274322509766,
      31.2392635345459,
      17.308265686035156,
      21.697046279907227,
      18.118793487548828
    ],
    [
      31.9652099609375,
      30.501188278198242,
      37.4107551574707,
      37.07667541503906,
      55.18364334106445,
      54.004783630371094,
      32.71360778808594,
      43.6682014465332,
      33.83159637451172,
      33.8629035949707,
      32.0417594909668,
      35.8319091796875,
      33.127132415771484,
      29.159015655517578,
      33.55574035644531,
      16.47804069519043,
      16.67746925354004,
      13.86012077331543
    ],
    [
      43.44438552856445,
      39.946693420410156,
      44.94245910644531,
      45.453712463378906,
      54.004783630371094,
      69.71797180175781,
      36.136417388916016,
      46.34393310546875,
      32.14740753173828,
      33.878997802734375,
      32.288734436035156,
      36.076229095458984,
      31.84153938293457,
      28.894811630249023,
      34.418575286865234,
      17.137386322021484,
      20.59556007385254,
      16.507522583007812
    ],
    [
      32.50300216674805,
      28.834552764892578,
      31.698888778686523,
      31.35226821899414,
      32.71360778808594,
      36.136417388916016,
      47.36970138549805,
      48.161495208740234,
      36.31917190551758,
      36.41874694824219,
      36.820037841796875,
      36.32844924926758,
      35.76123809814453,
      32.355369567871094,
      45.820404052734375,
      23.932147979736328,
      21.92489242553711,
      21.11217498779297
    ],
    [
      40.84632873535156,
      36.16285705566406,
      39.073482513427734,
      39.00076675415039,
      43.6682014465332,
      46.34393310546875,
      48.161495208740234,
      61.687400817871094,
      40.45360565185547,
      40.662620544433594,
      40.00810241699219,
      42.079776763916016,
      38.1662483215332,
      35.19585037231445,
      50.930606842041016,
      24.311859130859375,
      25.107097625732422,
      22.827987670898438
    ],
    [
      23.602922439575195,
      21.33465576171875,
      26.42637825012207,
      26.116228103637695,
      33.83159637451172,
      32.14740753173828,
      36.31917190551758,
      40.45360565185547,
      50.23712921142578,
      47.509368896484375,
      48.27143859863281,
      47.728240966796875,
      43.698970794677734,
      38.915897369384766,
      40.17626953125,
      21.994003295898438,
      15.369649887084961,
      16.579544067382812
    ],
    [
      26.48978042602539,
      23.698455810546875,
      28.029373168945312,
      27.655397415161133,
      33.8629035949707,
      33.878997802734375,
      36.41874694824219,
      40.662620544433594,
      47.509368896484375,
      48.605186462402344,
      45.06562805175781,
      45.03300094604492,
      40.03866195678711,
      36.2933349609375,
      38.307411193847656,
      20.195064544677734,
      14.97354507446289,
      15.512615203857422
    ],
    [
      18.344812393188477,
      17.789722442626953,
      26.08564567565918,
      25.77245330810547,
      32.0417594909668,
      32.288734436035156,
      36.820037841796875,
      40.00810241699219,
      48.27143859863281,
      45.06562805175781,
      60.61798095703125,
      57.661170959472656,
      52.154422760009766,
      47.02108383178711,
      43.1999626159668,
      26.876760482788086,
      17.308324813842773,
      19.294588088989258
    ],
    [
      16.459331512451172,
      19.077198028564453,
      28.629533767700195,
      28.365798950195312,
      35.8319091796875,
      36.076229095458984,
      36.32844924926758,
      42.079776763916016,
      47.728240966796875,
      45.03300094604492,
      57.661170959472656,
      65.83063507080078,
      56.62777328491211,
      51.55596160888672,
      46.589664459228516,
      29.327550888061523,
      19.7298583984375,
      20.721561431884766
    ],
    [
      16.96261978149414,
      21.30460548400879,
      29.193452835083008,
      28.71306610107422,
      33.127132415771484,
      31.84153938293457,
      35.76123809814453,
      38.1662483215332,
      43.698970794677734,
      40.03866195678711,
      52.154422760009766,
      56.62777328491211,
      85.35220336914062,
      72.26612854003906,
      73.13765716552734,
      48.75637435913086,
      33.99289321899414,
      33.612735748291016
    ],
    [
      15.297158241271973,
      18.109804153442383,
      25.07511329650879,
      24.452274322509766,
      29.159015655517578,
      28.894811630249023,
      32.355369567871094,
      35.19585037231445,
      38.915897369384766,
      36.2933349609375,
      47.02108383178711,
      51.55596160888672,
      72.26612854003906,
      65.06380462646484,
      63.48931121826172,
      43.92387390136719,
      29.865978240966797,
      29.84193992614746
    ],
    [
      25.238239288330078,
      24.153335571289062,
      29.282703399658203,
      31.2392635345459,
      33.55574035644531,
      34.418575286865234,
      45.820404052734375,
      50.930606842041016,
      40.17626953125,
      38.307411193847656,
      43.1999626159668,
      46.589664459228516,
      73.13765716552734,
      63.48931121826172,
      118.58122253417969,
      66.65293884277344,
      51.682456970214844,
      50.673789978027344
    ],
    [
      7.367859363555908,
      10.933098793029785,
      16.113584518432617,
      17.308265686035156,
      16.47804069519043,
      17.137386322021484,
      23.932147979736328,
      24.311859130859375,
      21.994003295898438,
      20.195064544677734,
      26.876760482788086,
      29.327550888061523,
      48.75637435913086,
      43.92387390136719,
      66.65293884277344,
      49.45352554321289,
      35.79580307006836,
      36.219146728515625
    ],
    [
      11.936059951782227,
      11.95516300201416,
      19.477624893188477,
      21.697046279907227,
      16.67746925354004,
      20.59556007385254,
      21.92489242553711,
      25.107097625732422,
      15.369649887084961,
      14.97354507446289,
      17.308324813842773,
      19.7298583984375,
      33.99289321899414,
      29.865978240966797,
      51.682456970214844,
      35.79580307006836,
      39.957069396972656,
      36.87025833129883
    ],
    [
      10.313682556152344,
      10.408341407775879,
      16.075769424438477,
      18.118793487548828,
      13.86012077331543,
      16.507522583007812,
      21.11217498779297,
      22.827987670898438,
      16.579544067382812,
      15.512615203857422,
      19.294588088989258,
      20.721561431884766,
      33.612735748291016,
      29.84193992614746,
      50.673789978027344,
      36.219146728515625,
      36.87025833129883,
      36.91019058227539
    ]
  ],
  "covariance_short": [
    [
      109.86311340332031,
      84.09549713134766,
      37.196746826171875,
      35.74987030029297,
      26.40611457824707,
      38.22370529174805,
      24.219900131225586,
      33.34857177734375,
      11.311429023742676,
      15.196317672729492,
      5.394125461578369,
      5.449555397033691,
      4.52443265914917,
      6.673244476318359,
      14.629321098327637,
      2.613616943359375,
      10.224480628967285,
      6.040834426879883
    ],
    [
      84.09549713134766,
      108.39371490478516,
      43.23982238769531,
      43.45639419555664,
      30.77081871032715,
      42.9245491027832,
      26.577333450317383,
      36.63090515136719,
      16.047237396240234,
      19.40856170654297,
      10.902359962463379,
      14.138957977294922,
      15.031838417053223,
      15.817912101745605,
      25.346296310424805,
      11.766417503356934,
      16.037649154663086,
      11.00477409362793
    ],
    [
      37.196746826171875,
      43.23982238769531,
      57.28368377685547,
      50.99748611450195,
      38.695072174072266,
      44.79424285888672,
      30.949909210205078,
      38.87876892089844,
      26.60778045654297,
      28.381153106689453,
      26.286203384399414,
      28.79500961303711,
      27.475448608398438,
      24.4681453704834,
      27.537687301635742,
      15.64070987701416,
      17.81781578063965,
      13.47014331817627
    ],
    [
      35.74987030029297,
      43.45639419555664,
      50.99748611450195,
      58.8861198425293,
      37.15892791748047,
      44.469486236572266,
      30.64369010925293,
      38.05705261230469,
      24.809452056884766,
      26.87003517150879,
      25.156980514526367,
      27.936397552490234,
      26.16961669921875,
      23.29195785522461,
      27.482032775878906,
      15.59556770324707,
      18.575899124145508,
      14.137807846069336
    ],
    [
      26.40611457824707,
      30.77081871032715,
      38.695072174072266,
      37.15892791748047,
      59.41753387451172,
      53.94926452636719,
      30.737186431884766,
      40.51210403442383,
      33.816368103027344,
      33.75180435180664,
      33.951690673828125,
      37.507266998291016,
      32.58158493041992,
      29.18507194519043,
      27.321590423583984,
      14.624649047851562,
      13.202277183532715,
      9.862671852111816
    ],
    [
      38.22370529174805,
      42.9245491027832,
      44.79424285888672,
      44.469486236572266,
      53.94926452636719,
      70.03084564208984,
      34.18410873413086,
      44.284759521484375,
      32.116275787353516,
      33.61357498168945,
      33.62761306762695,
      36.326297760009766,
      29.40532112121582,
      27.720195770263672,
      28.582733154296875,
      15.27081298828125,
      16.664260864257812,
      12.164570808410645
    ],
    [
      24.219900131225586,
      26.577333450317383,
      30.949909210205078,
      30.64369010925293,
      30.737186431884766,
      34.18410873413086,
      51.383323669433594,
      47.01637268066406,
      33.732177734375,
      34.29505920410156,
      32.981048583984375,
      35.01372528076172,
      33.046669006347656,
      31.16832160949707,
      44.266632080078125,
      23.855045318603516,
      19.25820541381836,
      16.469539642333984
    ],
    [
      33.34857177734375,
      36.63090515136719,
      38.87876892089844,
      38.05705261230469,
      40.51210403442383,
      44.284759521484375,
      47.01637268066406,
      62.2690315246582,
      36.25082778930664,
      37.06216049194336,
      34.23865509033203,
      38.4749870300293,
      33.11833953857422,
      31.833425521850586,
      43.681888580322266,
      20.83958625793457,
      21.31355857849121,
      17.119033813476562
    ],
    [
      11.311429023742676,
      16.047237396240234,
      26.60778045654297,
      24.809452056884766,
      33.816368103027344,
      32.116275787353516,
      33.732177734375,
      36.25082778930664,
      53.57455062866211,
      48.2305793762207,
      49.231685638427734,
      48.869842529296875,
      44.51792907714844,
      40.08219909667969,
      37.75939178466797,
      22.395309448242188,
      12.115551948547363,
      12.305487632751465
    ],
    [
      15.196317672729492,
      19.40856170654297,
      28.381153106689453,
      26.87003517150879,
      33.75180435180664,
      33.61357498168945,
      34.29505920410156,
      37.06216049194336,
      48.2305793762207,
      52.27086639404297,
      46.03500747680664,
      46.59785461425781,
      40.74343490600586,
      37.5178108215332,
      36.67594909667969,
      21.185874938964844,
      12.33539867401123,
      11.934005737304688
    ],
    [
      5.394125461578369,
      10.902359962463379,
      26.286203384399414,
      25.156980514526367,
      33.951690673828125,
      33.62761306762695,
      32.981048583984375,
      34.23865509033203,
      49.231685638427734,
      46.03500747680664,
      63.93374252319336,
      60.34306335449219,
      54.31684112548828,
      49.07451248168945,
      41.3200798034668,
      27.456331253051758,
      13.976290702819824,
      14.733110427856445
    ],
    [
      5.449555397033691,
      14.138957977294922,
      28.79500961303711,
      27.936397552490234,
      37.507266998291016,
      36.326297760009766,
      35.01372528076172,
      38.4749870300293,
      48.869842529296875,
      46.59785461425781,
      60.34306335449219,
      71.45419311523438,
      58.965938568115234,
      53.721519470214844,
      45.14613723754883,
      30.035314559936523,
      16.533769607543945,
      16.374502182006836
    ],
    [
      4.52443265914917,
      15.031838417053223,
      27.475448608398438,
      26.16961669921875,
      32.58158493041992,
      29.40532112121582,
      33.046669006347656,
      33.11833953857422,
      44.51792907714844,
      40.74343490600586,
      54.31684112548828,
      58.965938568115234,
      86.8057632446289,
      72.9535903930664,
      67.53073120117188,
      47.658164978027344,
      28.8872127532959,
      27.43829345703125
    ],
    [
      6.673244476318359,
      15.817912101745605,
      24.4681453704834,
      23.29195785522461,
      29.18507194519043,
      27.720195770263672,
      31.16832160949707,
      31.833425521850586,
      40.08219909667969,
      37.5178108215332,
      49.07451248168945,
      53.721519470214844,
      72.9535903930664,
      66.32683563232422,
      60.077552795410156,
      43.47910690307617,
      25.710491180419922,
      24.86630630493164
    ],
    [
      14.629321098327637,
      25.346296310424805,
      27.537687301635742,
      27.482032775878906,
      27.321590423583984,
      28.582733154296875,
      44.266632080078125,
      43.681888580322266,
      37.75939178466797,
      36.67594909667969,
      41.3200798034668,
      45.14613723754883,
      67.53073120117188,
      60.077552795410156,
      105.44325256347656,
      62.967525482177734,
      41.21384811401367,
      38.27186584472656
    ],
    [
      2.613616943359375,
      11.766417503356934,
      15.64070987701416,
      15.59556770324707,
      14.624649047851562,
      15.27081298828125,
      23.855045318603516,
      20.83958625793457,
      22.395309448242188,
      21.185874938964844,
      27.456331253051758,
      30.035314559936523,
      47.658164978027344,
      43.47910690307617,
      62.967525482177734,
      49.71051788330078,
      30.939573287963867,
      30.995071411132812
    ],
    [
      10.224480628967285,
      16.037649154663086,
      17.81781578063965,
      18.575899124145508,
      13.202277183532715,
      16.664260864257812,
      19.25820541381836,
      21.31355857849121,
      12.115551948547363,
      12.33539867401123,
      13.976290702819824,
      16.533769607543945,
      28.8872127532959,
      25.710491180419922,
      41.21384811401367,
      30.939573287963867,
      34.39098358154297,
      30.351768493652344
    ],
    [
      6.040834426879883,
      11.00477409362793,
      13.47014331817627,
      14.137807846069336,
      9.862671852111816,
      12.164570808410645,
      16.469539642333984,
      17.119033813476562,
      12.305487632751465,
      11.934005737304688,
      14.733110427856445,
      16.374502182006836,
      27.43829345703125,
      24.86630630493164,
      38.27186584472656,
      30.995071411132812,
      30.351768493652344,
      30.069644927978516
    ]
  ],
  "drr": 5.991590976715088,
  "dynamics": 4.717157363891602,
  "format": 1245190,
  "frames": 3960832,
  "loudness": -18.173053741455078,
  "loudness_range": 15.814640045166016,
  "loudness_range_short": 17.002538681030273,
  "peak": -0.28753945231437683,
  "rms": -19.600004196166992,
  "sample_rate": 44100,
  "sections": 1,
  "seekable": 1,
  "sharpness": 2.0157837867736816,
  "space": -2.636784791946411
}