{
  "bands": [
    {
      "high_freq": 148.1999969482422,
      "loudness": -31.216598510742188,
      "loudness_range": 17.280101776123047,
      "mid_mean": -27.894088745117188,
      "mid_to_side_loudness": -14.51884937286377,
      "mid_to_side_loudness_range": 17.502243041992188,
      "side_mean": -42.24774932861328
    },
    {
      "high_freq": 392.3793640136719,
      "loudness": -21.2382755279541,
      "loudness_range": 12.835092544555664,
      "low_freq": 148.1999969482422,
      "mid_mean": -17.731414794921875,
      "mid_to_side_loudness": -16.091901779174805,
      "mid_to_side_loudness_range": 11.051072120666504,
      "side_mean": -33.716224670410156
    },
    {
      "high_freq": 794.6976318359375,
      "loudness": -27.4693603515625,
      "loudness_range": 16.046764373779297,
      "low_freq": 392.3793640136719,
      "mid_mean": -24.115476608276367,
      "mid_to_side_loudness": -14.457666397094727,
      "mid_to_side_loudness_range": 16.050676345825195,
      "side_mean": -38.2547607421875
    },
    {
      "high_freq": 1457.5709228515625,
      "loudness": -34.45852279663086,
      "loudness_range": 20.23505973815918,
      "low_freq": 794.6976318359375,
      "mid_mean": -31.060951232910156,
      "mid_to_side_loudness": -15.283763885498047,
      "mid_to_side_loudness_range": 17.686426162719727,
      "side_mean": -46.50335693359375
    },
    {
      "high_freq": 2549.74365234375,
      "loudness": -40.64544677734375,
      "loudness_range": 16.66583251953125,
      "low_freq": 1457.5709228515625,
      "mid_mean": -37.10418701171875,
      "mid_to_side_loudness": -16.22850227355957,
      "mid_to_side_loudness_range": 11.382281303405762,
      "side_mean": -54.03376007080078
    },
    {
      "high_freq": 4349.24462890625,
      "loudness": -43.68062973022461,
      "loudness_range": 16.940109252929688,
      "low_freq": 2549.74365234375,
      "mid_mean": -40.198829650878906,
      "mid_to_side_loudness": -15.232154846191406,
      "mid_to_side_loudness_range": 12.55970287322998,
      "side_mean": -56.03163146972656
    },
    {
      "high_freq": 7314.1640625,
      "loudness": -47.942420959472656,
      "loudness_range": 16.891586303710938,
      "low_freq": 4349.24462890625,
      "mid_mean": -44.476463317871094,
      "mid_to_side_loudness": -16.933378219604492,
      "mid_to_side_loudness_range": 14.240108489990234,
      "side_mean": -61.24874496459961
    },
    {
      "high_freq": 12199.2666015625,
      "loudness": -50.5323486328125,
      "loudness_range": 22.022552490234375,
      "low_freq": 7314.1640625,
      "mid_mean": -47.45216369628906,
      "mid_to_side_loudness": -17.33407974243164,
      "mid_to_side_loudness_range": 14.390002250671387,
      "side_mean": -63.418704986572266
    },
    {
      "loudness": -58.174644470214844,
      "loudness_range": 24.21630096435547,
      "low_freq": 12199.2666015625,
      "mid_mean": -54.642333984375,
      "mid_to_side_loudness": -13.053427696228027,
      "mid_to_side_loudness_range": 14.58877944946289,
      "side_mean": -65.45275115966797
    }
  ],
  "bands_short": [
    {
      "high_freq": 148.1999969482422,
      "loudness": -37.37403869628906,
      "loudness_range": 22.13447380065918,
      "mid_mean": -34.32233810424805,
      "mid_to_side_loudness": -12.815203666687012,
      "mid_to_side_loudness_range": 22.220197677612305,
      "side_mean": -47.31730651855469
    },
    {
      "high_freq": 392.3793640136719,
      "loudness": -21.62553596496582,
      "loudness_range": 14.880290031433105,
      "low_freq": 148.1999969482422,
      "mid_mean": -18.18907356262207,
      "mid_to_side_loudness": -15.338421821594238,
      "mid_to_side_loudness_range": 14.994842529296875,
      "side_mean": -33.50878143310547
    },
    {
      "high_freq": 794.6976318359375,
      "loudness": -27.776575088500977,
      "loudness_range": 17.61594581604004,
      "low_freq": 392.3793640136719,
      "mid_mean": -24.53689956665039,
      "mid_to_side_loudness": -13.945109367370605,
      "mid_to_side_loudness_range": 19.08319854736328,
      "side_mean": -38.29005432128906
    },
    {
      "high_freq": 1457.5709228515625,
      "loudness": -34.71392059326172,
      "loudness_range": 20.627214431762695,
      "low_freq": 794.6976318359375,
      "mid_mean": -31.436464309692383,
      "mid_to_side_loudness": -14.657126426696777,
      "mid_to_side_loudness_range": 20.2657413482666,
      "side_mean": -46.28919982910156
    },
    {
      "high_freq": 2549.74365234375,
      "loudness": -41.7609748840332,
      "loudness_range": 18.884685516357422,
      "low_freq": 1457.5709228515625,
      "mid_mean": -38.278968811035156,
      "mid_to_side_loudness": -15.446874618530273,
      "mid_to_side_loudness_range": 14.914112091064453,
      "side_mean": -54.41519546508789
    },
    {
      "high_freq": 4349.24462890625,
      "loudness": -45.04745864868164,
      "loudness_range": 20.263256072998047,
      "low_freq": 2549.74365234375,
      "mid_mean": -41.72676086425781,
      "mid_to_side_loudness": -14.053388595581055,
      "mid_to_side_loudness_range": 17.09933853149414,
      "side_mean": -56.29744338989258
    },
    {
      "high_freq": 7314.1640625,
      "loudness": -50.077999114990234,
      "loudness_range": 22.656295776367188,
      "low_freq": 4349.24462890625,
      "mid_mean": -46.935665130615234,
      "mid_to_side_loudness": -15.004532814025879,
      "mid_to_side_loudness_range": 19.293073654174805,
      "side_mean": -61.47842788696289
    },
    {
      "high_freq": 12199.2666015625,
      "loudness": -55.01213455200195,
      "loudness_range": 30.763946533203125,
      "low_freq": 7314.1640625,
      "mid_mean": -51.836002349853516,
      "mid_to_side_loudness": -14.555419921875,
      "mid_to_side_loudness_range": 18.165266036987305,
      "side_mean": -64.1551284790039
    },
    {
      "loudness": -61.868186950683594,
      "loudness_range": 25.347259521484375,
      "low_freq": 12199.2666015625,
      "mid_mean": -58.17202377319336,
      "mid_to_side_loudness": -10.200858116149902,
      "mid_to_side_loudness_range": 15.207497596740723,
      "side_mean": -66.15184783935547
    }
  ],
  "channels": 2,
  "covariance": [
    [
      40.248836517333984,
      16.714811325073242,
      11.872210502624512,
      5.43576717376709,
      8.072347640991211,
      2.115507125854492,
      7.124213695526123,
      4.405642509460449,
      9.686427116394043,
      8.761375427246094,
      8.060503959655762,
      6.198695182800293,
      9.00082778930664,
      4.46481990814209,
      17.06781768798828,
      6.660909175872803,
      11.066604614257812,
      2.8153719902038574
    ],
    [
      16.714811325073242,
      30.558813095092773,
      8.4466552734375,
      6.9042558670043945,
      8.11877155303955,
      8.902785301208496,
      8.728717803955078,
      9.450955390930176,
      6.0373711585998535,
      7.395114421844482,
      5.836223602294922,
      7.678597927093506,
      5.313823699951172,
      6.313638687133789,
      8.805890083312988,
      5.12760591506958,
      4.34599494934082,
      0.9982110261917114
    ],
    [
      11.872210502624512,
      8.4466552734375,
      23.521648406982422,
      15.771347999572754,
      7.935240268707275,
      7.894600868225098,
      10.746935844421387,
      7.234139442443848,
      12.925926208496094,
      10.316207885742188,
      9.590100288391113,
      7.810488700866699,
      9.904924392700195,
      5.187178611755371,
      13.236023902893066,
      5.189725875854492,
      9.540755271911621,
      2.6516857147216797
    ],
    [
      5.43576717376709,
      6.9042558670043945,
      15.771347999572754,
      24.248146057128906,
      6.82182502746582,
      9.146783828735352,
      9.981172561645508,
      12.056449890136719,
      11.87728214263916,
      11.433350563049316,
      9.346549987792969,
      10.005796432495117,
      8.799596786499023,
      6.785599708557129,
      10.947673797607422,
      5.725773811340332,
      8.201977729797363,
      2.566800117492676
    ],
    [
      8.072347640991211,
      8.11877155303955,
      7.935240268707275,
      6.82182502746582,
      34.89333724975586,
      20.393264770507812,
      18.60794448852539,
      13.31895923614502,
      16.965404510498047,
      16.200489044189453,
      14.460343360900879,
      13.327799797058105,
      13.927407264709473,
      10.396778106689453,
      22.033666610717773,
      12.162899017333984,
      19.265838623046875,
      8.019948959350586
    ],
    [
      2.115507125854492,
      8.902785301208496,
      7.894600868225098,
      9.146783828735352,
      20.393264770507812,
      36.575252532958984,
      16.091630935668945,
      15.336647033691406,
      12.441206932067871,
      13.656974792480469,
      9.911114692687988,
      10.890983581542969,
      8.054707527160645,
      8.055123329162598,
      11.98529052734375,
      6.969966411590576,
      9.88405704498291,
      4.091992378234863
    ],
    [
      7.124213695526123,
      8.728717803955078,
      10.746935844421387,
      9.981172561645508,
      18.60794448852539,
      16.091630935668945,
      46.726627349853516,
      29.858173370361328,
      21.591228485107422,
      17.623411178588867,
      22.669288635253906,
      19.034610748291016,
      24.352218627929688,
      14.528823852539062,
      30.974647521972656,
      16.58559226989746,
      28.526779174804688,
      10.671292304992676
    ],
    [
      4.405642509460449,
      9.450955390930176,
      7.234139442443848,
      12.056449890136719,
      13.31895923614502,
      15.336647033691406,
      29.858173370361328,
      47.7420539855957,
      17.39468002319336,
      19.845890045166016,
      15.734102249145508,
      20.321067810058594,
      16.923931121826172,
      16.168088912963867,
      20.719438552856445,
      12.552376747131348,
      16.933156967163086,
      5.339052200317383
    ],
    [
      9.686427116394043,
      6.0373711585998535,
      12.925926208496094,
      11.87728214263916,
      16.965404510498047,
      12.441206932067871,
      21.591228485107422,
      17.39468002319336,
      33.7082633972168,
      22.700002670288086,
      21.323162078857422,
      16.79132080078125,
      21.49295425415039,
      12.982315063476562,
      27.88496971130371,
      14.792840957641602,
      24.805391311645508,
      9.499645233154297
    ],
    [
      8.761375427246094,
      7.395114421844482,
      10.316207885742188,
      11.433350563049316,
      16.200489044189453,
      13.656974792480469,
      17.623411178588867,
      19.845890045166016,
      22.700002670288086,
      34.93610763549805,
      14.738846778869629,
      25.06758689880371,
      13.407218933105469,
      17.102596282958984,
      19.987308502197266,
      14.535834312438965,
      22.814727783203125,
      8.22676944732666
    ],
    [
      8.060503959655762,
      5.836223602294922,
      9.590100288391113,
      9.346549987792969,
      14.460343360900879,
      9.911114692687988,
      22.669288635253906,
      15.734102249145508,
      21.323162078857422,
      14.738846778869629,
      35.291343688964844,
      21.59349250793457,
      27.050792694091797,
      13.295370101928711,
      31.757518768310547,
      15.74636459350586,
      29.817520141601562,
      11.328392028808594
    ],
    [
      6.198695182800293,
      7.678597927093506,
      7.810488700866699,
      10.005796432495117,
      13.327799797058105,
      10.890983581542969,
      19.034610748291016,
      20.321067810058594,
      16.79132080078125,
      25.06758689880371,
      21.59349250793457,
      32.89679718017578,
      16.371868133544922,
      18.823196411132812,
      20.837711334228516,
      14.856696128845215,
      22.475465774536133,
      8.075989723205566
    ],
    [
      9.00082778930664,
      5.313823699951172,
      9.904924392700195,
      8.799596786499023,
      13.927407264709473,
      8.054707527160645,
      24.352218627929688,
      16.923931121826172,
      21.49295425415039,
      13.407218933105469,
      27.050792694091797,
      16.371868133544922,
      39.78681564331055,
      17.688411712646484,
      41.47311782836914,
      19.08932113647461,
      36.36710739135742,
      11.72350788116455
    ],
    [
      4.46481990814209,
      6.313638687133789,
      5.187178611755371,
      6.785599708557129,
      10.396778106689453,
      8.055123329162598,
      14.528823852539062,
      16.168088912963867,
      12.982315063476562,
      17.102596282958984,
      13.295370101928711,
      18.823196411132812,
      17.688411712646484,
      19.531963348388672,
      17.85854148864746,
      12.928607940673828,
      16.630760192871094,
      5.780994892120361
    ],
    [
      17.06781768798828,
      8.805890083312988,
      13.236023902893066,
      10.947673797607422,
      22.033666610717773,
      11.98529052734375,
      30.974647521972656,
      20.719438552856445,
      27.88496971130371,
      19.987308502197266,
      31.757518768310547,
      20.837711334228516,
      41.47311782836914,
      17.85854148864746,
      67.25870513916016,
      29.388914108276367,
      56.83045196533203,
      18.413921356201172
    ],
    [
      6.660909175872803,
      5.12760591506958,
      5.189725875854492,
      5.725773811340332,
      12.162899017333984,
      6.969966411590576,
      16.58559226989746,
      12.552376747131348,
      14.792840957641602,
      14.535834312438965,
      15.74636459350586,
      14.856696128845215,
      19.08932113647461,
      12.928607940673828,
      29.388914108276367,
      19.004621505737305,
      26.78460693359375,
      10.997838020324707
    ],
    [
      11.066604614257812,
      4.34599494934082,
      9.540755271911621,
      8.201977729797363,
      19.265838623046875,
      9.88405704498291,
      28.526779174804688,
      16.933156967163086,
      24.805391311645508,
      22.814727783203125,
      29.817520141601562,
      22.475465774536133,
      36.36710739135742,
      16.630760192871094,
      56.83045196533203,
      26.78460693359375,
      65.48715209960938,
      22.753786087036133
    ],
    [
      2.8153719902038574,
      0.9982110261917114,
      2.6516857147216797,
      2.566800117492676,
      8.019948959350586,
      4.091992378234863,
      10.671292304992676,
      5.339052200317383,
      9.499645233154297,
      8.22676944732666,
      11.328392028808594,
      8.075989723205566,
      11.72350788116455,
      5.780994892120361,
      18.413921356201172,
      10.997838020324707,
      22.753786087036133,
      11.112781524658203
    ]
  ],
  "covariance_short": [
    [
      58.01115036010742,
      17.3279972076416,
      16.558549880981445,
      4.915531158447266,
      16.088787078857422,
      3.218351364135742,
      12.84521198272705,
      1.4047961235046387,
      17.51410675048828,
      9.893715858459473,
      15.174362182617188,
      4.931983470916748,
      20.764802932739258,
      4.79770040512085,
      26.75033187866211,
      9.466492652893066,
      18.943227767944336,
      5.718526840209961
    ],
    [
      17.3279972076416,
      44.42295837402344,
      8.201486587524414,
      10.174823760986328,
      7.760453224182129,
      9.649679183959961,
      6.897136211395264,
      6.4955010414123535,
      7.061792373657227,
      10.260835647583008,
      3.148379325866699,
      7.979400634765625,
      3.026866912841797,
      6.34886360168457,
      1.896918773651123,
      3.813120126724243,
      -2.4335012435913086,
      -0.44747769832611084
    ],
    [
      16.558549880981445,
      8.201486587524414,
      32.532806396484375,
      14.226533889770508,
      12.550450325012207,
      8.401813507080078,
      15.477092742919922,
      6.989387512207031,
      16.505720138549805,
      9.746996879577637,
      15.086429595947266,
      7.649893283843994,
      15.9256591796875,
      4.471327781677246,
      15.595907211303711,
      5.329797744750977,
      9.407173156738281,
      2.614367961883545
    ],
    [
      4.915531158447266,
      10.174823760986328,
      14.226533889770508,
      25.26702308654785,
      7.584979057312012,
      10.75243091583252,
      10.319551467895508,
      11.960750579833984,
      10.933149337768555,
      10.459216117858887,
      9.871899604797363,
      10.445758819580078,
      8.99136734008789,
      6.917331695556641,
      8.5357027053833,
      5.090043544769287,
      4.311523914337158,
      1.2416702508926392
    ],
    [
      16.088787078857422,
      7.760453224182129,
      12.550450325012207,
      7.584979057312012,
      43.03911590576172,
      17.974063873291016,
      26.744096755981445,
      12.852108001708984,
      23.194957733154297,
      16.528335571289062,
      20.382314682006836,
      13.81900405883789,
      23.66584014892578,
      11.237878799438477,
      27.301828384399414,
      13.762035369873047,
      18.9969539642334,
      7.451966285705566
    ],
    [
      3.218351364135742,
      9.649679183959961,
      8.401813507080078,
      10.75243091583252,
      17.974063873291016,
      39.2720832824707,
      15.019082069396973,
      14.073175430297852,
      13.91711711883545,
      14.189010620117188,
      10.67687702178955,
      11.416702270507812,
      10.789337158203125,
      8.280939102172852,
      11.658273696899414,
      7.0067620277404785,
      6.915222644805908,
      2.707223892211914
    ],
    [
      12.84521198272705,
      6.897136211395264,
      15.477092742919922,
      10.319551467895508,
      26.744096755981445,
      15.019082069396973,
      51.705474853515625,
      25.419261932373047,
      28.736482620239258,
      17.418289184570312,
      30.96782875061035,
      18.931222915649414,
      35.18087387084961,
      14.954259872436523,
      40.3032341003418,
      18.48746681213379,
      30.852949142456055,
      10.415759086608887
    ],
    [
      1.4047961235046387,
      6.4955010414123535,
      6.989387512207031,
      11.960750579833984,
      12.852108001708984,
      14.073175430297852,
      25.419261932373047,
      46.81412887573242,
      16.670429229736328,
      19.317508697509766,
      15.955265045166016,
      19.623884201049805,
      18.827714920043945,
      15.583479881286621,
      19.46385383605957,
      11.112738609313965,
      11.734115600585938,
      3.4244449138641357
    ],
    [
      17.51410675048828,
      7.061792373657227,
      16.505720138549805,
      10.933149337768555,
      23.194957733154297,
      13.91711711883545,
      28.736482620239258,
      16.670429229736328,
      43.541709899902344,
      23.50271987915039,
      30.693052291870117,
      17.36634063720703,
      34.26626205444336,
      14.098215103149414,
      37.9443473815918,
      16.77657127380371,
      27.28988265991211,
      9.352644920349121
    ],
    [
      9.893715858459473,
      10.260835647583008,
      9.746996879577637,
      10.459216117858887,
      16.528335571289062,
      14.189010620117188,
      17.418289184570312,
      19.317508697509766,
      23.50271987915039,
      37.01840591430664,
      15.763737678527832,
      25.129894256591797,
      16.921741485595703,
      17.197282791137695,
      26.713605880737305,
      13.459144592285156,
      16.762990951538086,
      6.159550666809082
    ],
    [
      15.174362182617188,
      3.148379325866699,
      15.086429595947266,
      9.871899604797363,
      20.382314682006836,
      10.67687702178955,
      30.96782875061035,
      15.955265045166016,
      30.693052291870117,
      15.763737678527832,
      50.37745666503906,
      23.17888069152832,
      44.003719329833984,
      15.453880310058594,
      46.9298095703125,
      18.39093017578125,
      35.893680572509766,
      11.536786079406738
    ],
    [
      4.931983470916748,
      7.979400634765625,
      7.649893283843994,
      10.445758819580078,
      13.81900405883789,
      11.416702270507812,
      18.931222915649414,
      19.623884201049805,
      17.36634063720703,
      25.129894256591797,
      23.17888069152832,
      34.671607971191406,
      20.32308006286621,
      19.289669036865234,
      27.117321014404297,
      13.901196479797363,
      17.46854019165039,
      6.104608535766602
    ],
    [
      20.764802932739258,
      3.026866912841797,
      15.9256591796875,
      8.99136734008789,
      23.66584014892578,
      10.789337158203125,
      35.18087387084961,
      18.827714920043945,
      34.26626205444336,
      16.921741485595703,
      44.003719329833984,
      20.32308006286621,
      68.13008117675781,
      22.35378646850586,
      69.70719909667969,
      25.50163459777832,
      50.3399772644043,
      14.225582122802734
    ],
    [
      4.79770040512085,
      6.34886360168457,
      4.471327781677246,
      6.917331695556641,
      11.237878799438477,
      8.280939102172852,
      14.954259872436523,
      15.583479881286621,
      14.098215103149414,
      17.197282791137695,
      15.453880310058594,
      19.289669036865234,
      22.35378646850586,
      21.56781768798828,
      24.08431053161621,
      13.519103050231934,
      14.447649955749512,
      5.24858283996582
    ],
    [
      26.75033187866211,
      1.896918773651123,
      15.595907211303711,
      8.5357027053833,
      27.301828384399414,
      11.658273696899414,
      40.3032341003418,
      19.46385383605957,
      37.9443473815918,
      26.713605880737305,
      46.9298095703125,
      27.117321014404297,
      69.70719909667969,
      24.08431053161621,
      103.91535186767578,
      37.22260665893555,
      75.8328628540039,
      21.667438507080078
    ],
    [
      9.466492652893066,
      3.813120126724243,
      5.329797744750977,
      5.090043544769287,
      13.762035369873047,
      7.0067620277404785,
      18.48746681213379,
      11.112738609313965,
      16.77657127380371,
      13.459144592285156,
      18.39093017578125,
      13.901196479797363,
      25.50163459777832,
      13.519103050231934,
      37.22260665893555,
      20.7872257232666,
      27.02201271057129,
      10.919058799743652
    ],
    [
      18.943227767944336,
      -2.4335012435913086,
      9.407173156738281,
      4.311523914337158,
      18.9969539642334,
      6.915222644805908,
      30.852949142456055,
      11.734115600585938,
      27.28988265991211,
      16.762990951538086,
      35.893680572509766,
      17.46854019165039,
      50.3399772644043,
      14.447649955749512,
      75.8328628540039,
      27.02201271057129,
      71.02317810058594,
      21.995786666870117
    ],
    [
      5.718526840209961,
      -0.44747769832611084,
      2.614367961883545,
      1.2416702508926392,
      7.451966285705566,
      2.707223892211914,
      10.415759086608887,
      3.4244449138641357,
      9.352644920349121,
      6.159550666809082,
      11.536786079406738,
      6.104608535766602,
      14.225582122802734,
      5.24858283996582,
      21.667438507080078,
      10.919058799743652,
      21.995786666870117,
      10.705492973327637
    ]
  ],
  "drr": 7.339488506317139,
  "dynamics": 3.6414108276367188,
  "format": 1245190,
  "frames": 9908224,
  "loudness": -15.21132755279541,
  "loudness_range": 9.5871000289917,
  "loudness_range_short": 12.604876518249512,
  "peak": 0.09258043766021729,
  "rms": -16.610876083374023,
  "sample_rate": 44100,
  "sections": 1,
  "seekable": 1,
  "sharpness": 3.1327691078186035,
  "space": -15.005514144897461
}