{
  "bands": [
    {
      "high_freq": 148.1999969482422,
      "loudness": -38.9528923034668,
      "loudness_range": 19.68313217163086,
      "mid_mean": -36.483680725097656,
      "mid_to_side_loudness": -5.095601558685303,
      "mid_to_side_loudness_range": 5.613959312438965,
      "side_mean": -41.598880767822266
    },
    {
      "high_freq": 392.3793640136719,
      "loudness": -27.994834899902344,
      "loudness_range": 19.774850845336914,
      "low_freq": 148.1999969482422,
      "mid_mean": -25.78739356994629,
      "mid_to_side_loudness": -4.596197605133057,
      "mid_to_side_loudness_range": 7.978336811065674,
      "side_mean": -30.34871482849121
    },
    {
      "high_freq": 794.6976318359375,
      "loudness": -22.268918991088867,
      "loudness_range": 19.610849380493164,
      "low_freq": 392.3793640136719,
      "mid_mean": -20.24358367919922,
      "mid_to_side_loudness": -4.0703020095825195,
      "mid_to_side_loudness_range": 8.607017517089844,
      "side_mean": -24.293771743774414
    },
    {
      "high_freq": 1457.5709228515625,
      "loudness": -25.61319923400879,
      "loudness_range": 20.356122970581055,
      "low_freq": 794.6976318359375,
      "mid_mean": -23.85890769958496,
      "mid_to_side_loudness": -3.4039316177368164,
      "mid_to_side_loudness_range": 8.309317588806152,
      "side_mean": -27.147388458251953
    },
    {
      "high_freq": 2549.74365234375,
      "loudness": -30.692790985107422,
      "loudness_range": 15.215789794921875,
      "low_freq": 1457.5709228515625,
      "mid_mean": -28.640850067138672,
      "mid_to_side_loudness": -4.207424163818359,
      "mid_to_side_loudness_range": 8.420598030090332,
      "side_mean": -32.91962814331055
    },
    {
      "high_freq": 4349.24462890625,
      "loudness": -39.38687515258789,
      "loudness_range": 17.65338134765625,
      "low_freq": 2549.74365234375,
      "mid_mean": -37.20212936401367,
      "mid_to_side_loudness": -5.242327690124512,
      "mid_to_side_loudness_range": 10.615243911743164,
      "side_mean": -42.444278717041016
    },
    {
      "high_freq": 7314.1640625,
      "loudness": -50.96797180175781,
      "loudness_range": 24.813152313232422,
      "low_freq": 4349.24462890625,
      "mid_mean": -50.17715072631836,
      "mid_to_side_loudness": -5.197271823883057,
      "mid_to_side_loudness_range": 7.526453495025635,
      "side_mean": -54.739715576171875
    },
    {
      "high_freq": 12199.2666015625,
      "loudness": -62.2866325378418,
      "loudness_range": 21.272071838378906,
      "low_freq": 7314.1640625,
      "mid_mean": -59.14107894897461,
      "mid_to_side_loudness": -5.099915981292725,
      "mid_to_side_loudness_range": 4.428370475769043,
      "side_mean": -62.84444046020508
    },
    {
      "loudness": -64.96383666992188,
      "loudness_range": 2.4156150817871094,
      "low_freq": 12199.2666015625,
      "mid_mean": -61.54109191894531,
      "mid_to_side_loudness": -5.789127349853516,
      "mid_to_side_loudness_range": 0.8889560699462891,
      "side_mean": -65.85423278808594
    }
  ],
  "bands_short": [
    {
      "high_freq": 148.1999969482422,
      "loudness": -43.50524139404297,
      "loudness_range": 22.755897521972656,
      "mid_mean": -41.200965881347656,
      "mid_to_side_loudness": -4.813077449798584,
      "mid_to_side_loudness_range": 8.4404878616333,
      "side_mean": -46.05852508544922
    },
    {
      "high_freq": 392.3793640136719,
      "loudness": -29.59080696105957,
      "loudness_range": 23.32769775390625,
      "low_freq": 148.1999969482422,
      "mid_mean": -27.43171501159668,
      "mid_to_side_loudness": -4.7074384689331055,
      "mid_to_side_loudness_range": 9.909270286560059,
      "side_mean": -32.200077056884766
    },
    {
      "high_freq": 794.6976318359375,
      "loudness": -24.91455841064453,
      "loudness_range": 23.778350830078125,
      "low_freq": 392.3793640136719,
      "mid_mean": -22.994892120361328,
      "mid_to_side_loudness": -3.9512486457824707,
      "mid_to_side_loudness_range": 9.646485328674316,
      "side_mean": -27.07607078552246
    },
    {
      "high_freq": 1457.5709228515625,
      "loudness": -26.4603271484375,
      "loudness_range": 25.6048583984375,
      "low_freq": 794.6976318359375,
      "mid_mean": -24.664592742919922,
      "mid_to_side_loudness": -3.6786742210388184,
      "mid_to_side_loudness_range": 10.156909942626953,
      "side_mean": -28.329551696777344
    },
    {
      "high_freq": 2549.74365234375,
      "loudness": -32.95276641845703,
      "loudness_range": 20.90236473083496,
      "low_freq": 1457.5709228515625,
      "mid_mean": -31.079875946044922,
      "mid_to_side_loudness": -3.9388387203216553,
      "mid_to_side_loudness_range": 9.921614646911621,
      "side_mean": -35.19281005859375
    },
    {
      "high_freq": 4349.24462890625,
      "loudness": -41.56296920776367,
      "loudness_range": 22.307233810424805,
      "low_freq": 2549.74365234375,
      "mid_mean": -39.39307403564453,
      "mid_to_side_loudness": -5.693611145019531,
      "mid_to_side_loudness_range": 12.424964904785156,
      "side_mean": -45.145362854003906
    },
    {
      "high_freq": 7314.1640625,
      "loudness": -55.418235778808594,
      "loudness_range": 31.618877410888672,
      "low_freq": 4349.24462890625,
      "mid_mean": -52.99689865112305,
      "mid_to_side_loudness": -5.030806064605713,
      "mid_to_side_loudness_range": 8.659039497375488,
      "side_mean": -57.253108978271484
    },
    {
      "high_freq": 12199.2666015625,
      "loudness": -64.53964233398438,
      "loudness_range": 18.74779510498047,
      "low_freq": 7314.1640625,
      "mid_mean": -61.1191291809082,
      "mid_to_side_loudness": -5.272768020629883,
      "mid_to_side_loudness_range": 5.3857011795043945,
      "side_mean": -64.64683532714844
    },
    {
      "loudness": -65.08878326416016,
      "loudness_range": 1.6538238525390625,
      "low_freq": 12199.2666015625,
      "mid_mean": -61.64824676513672,
      "mid_to_side_loudness": -5.8234543800354,
      "mid_to_side_loudness_range": 1.5166101455688477,
      "side_mean": -65.96095275878906
    }
  ],
  "channels": 2,
  "covariance": [
    [
      43.11065673828125,
      42.76327133178711,
      24.511722564697266,
      23.6455135345459,
      1.987663745880127,
      3.9322662353515625,
      4.647892951965332,
      1.1872221231460571,
      6.644181251525879,
      7.638479232788086,
      4.52163553237915,
      2.238729953765869,
      8.603859901428223,
      7.619655132293701,
      1.3158164024353027,
      0.300166517496109,
      0.7395633459091187,
      0.5057340264320374
    ],
    [
      42.76327133178711,
      46.29297637939453,
      25.22701644897461,
      25.71430206298828,
      3.073948621749878,
      4.962305068969727,
      5.866686820983887,
      2.8806254863739014,
      7.290241241455078,
      8.443306922912598,
      4.886045932769775,
      2.85383677482605,
      11.43979549407959,
      10.358240127563477,
      2.7562780380249023,
      1.8563746213912964,
      0.8636161088943481,
      0.6285926103591919
    ],
    [
      24.511722564697266,
      25.22701644897461,
      46.94050979614258,
      38.84249496459961,
      4.538620471954346,
      8.783719062805176,
      2.770167350769043,
      -3.877817392349243,
      4.367292881011963,
      8.338358879089355,
      2.3968191146850586,
      0.02124769054353237,
      6.2764892578125,
      1.1001304388046265,
      -5.75880241394043,
      -6.207947254180908,
      -0.24052929878234863,
      -0.31249290704727173
    ],
    [
      23.6455135345459,
      25.71430206298828,
      38.84249496459961,
      40.98548889160156,
      6.416100025177002,
      9.084735870361328,
      2.999054193496704,
      -1.1812231540679932,
      5.964810848236084,
      9.49736499786377,
      4.87446403503418,
      2.6406052112579346,
      10.254618644714355,
      4.992602348327637,
      -2.3600027561187744,
      -2.8216071128845215,
      -0.11104875057935715,
      -0.18168732523918152
    ],
    [
      1.987663745880127,
      3.073948621749878,
      4.538620471954346,
      6.416100025177002,
      54.40959548950195,
      45.6684455871582,
      8.441869735717773,
      11.76928997039795,
      22.7037410736084,
      18.82405662536621,
      27.805906295776367,
      26.893823623657227,
      39.70013427734375,
      33.45040512084961,
      14.537261009216309,
      12.646169662475586,
      0.5574024319648743,
      0.41137608885765076
    ],
    [
      3.9322662353515625,
      4.962305068969727,
      8.783719062805176,
      9.084735870361328,
      45.6684455871582,
      49.053916931152344,
      10.496650695800781,
      12.38418197631836,
      23.10804557800293,
      20.305988311767578,
      25.084184646606445,
      23.857887268066406,
      34.59473419189453,
      28.892492294311523,
      13.138209342956543,
      11.475342750549316,
      0.5464408993721008,
      0.4161219596862793
    ],
    [
      4.647892951965332,
      5.866686820983887,
      2.770167350769043,
      2.999054193496704,
      8.441869735717773,
      10.496650695800781,
      53.30752944946289,
      45.512760162353516,
      25.220117568969727,
      22.179012298583984,
      23.292943954467773,
      24.961387634277344,
      36.74692916870117,
      37.944862365722656,
      28.770015716552734,
      28.28777313232422,
      3.131730794906616,
      3.137863874435425
    ],
    [
      1.1872221231460571,
      2.8806254863739014,
      -3.877817392349243,
      -1.1812231540679932,
      11.76928997039795,
      12.38418197631836,
      45.512760162353516,
      49.655364990234375,
      27.43977165222168,
      21.301206588745117,
      24.607425689697266,
      27.458906173706055,
      38.559326171875,
      40.76563262939453,
      30.906797409057617,
      30.37812042236328,
      3.044034481048584,
      3.011376142501831
    ],
    [
      6.644181251525879,
      7.290241241455078,
      4.367292881011963,
      5.964810848236084,
      22.7037410736084,
      23.10804557800293,
      25.220117568969727,
      27.43977165222168,
      37.69347381591797,
      28.805679321289062,
      28.10137939453125,
      28.341167449951172,
      40.851776123046875,
      37.416961669921875,
      25.158863067626953,
      24.430341720581055,
      2.6242454051971436,
      2.5085296630859375
    ],
    [
      7.638479232788086,
      8.443306922912598,
      8.338358879089355,
      9.49736499786377,
      18.82405662536621,
      20.305988311767578,
      22.179012298583984,
      21.301206588745117,
      28.805679321289062,
      32.33383560180664,
      24.193504333496094,
      26.65205192565918,
      35.57224655151367,
      32.75027847290039,
      20.116134643554688,
      18.69761085510254,
      2.12504243850708,
      2.0686726570129395
    ],
    [
      4.52163553237915,
      4.886045932769775,
      2.3968191146850586,
      4.87446403503418,
      27.805906295776367,
      25.084184646606445,
      23.292943954467773,
      24.607425689697266,
      28.10137939453125,
      24.193504333496094,
      41.773651123046875,
      37.54124450683594,
      45.395912170410156,
      41.40452575683594,
      24.70783233642578,
      22.261865615844727,
      2.201350450515747,
      2.1743688583374023
    ],
    [
      2.238729953765869,
      2.85383677482605,
      0.02124769054353237,
      2.6406052112579346,
      26.893823623657227,
      23.857887268066406,
      24.961387634277344,
      27.458906173706055,
      28.341167449951172,
      26.65205192565918,
      37.54124450683594,
      47.3632698059082,
      47.15723419189453,
      46.07766342163086,
      27.709667205810547,
      25.702646255493164,
      2.4398109912872314,
      2.4194490909576416
    ],
    [
      8.603859901428223,
      11.43979549407959,
      6.2764892578125,
      10.254618644714355,
      39.70013427734375,
      34.59473419189453,
      36.74692916870117,
      38.559326171875,
      40.851776123046875,
      35.57224655151367,
      45.395912170410156,
      47.15723419189453,
      92.46678161621094,
      82.44374084472656,
      49.639312744140625,
      45.13108444213867,
      6.60122537612915,
      5.232184886932373
    ],
    [
      7.619655132293701,
      10.358240127563477,
      1.1001304388046265,
      4.992602348327637,
      33.45040512084961,
      28.892492294311523,
      37.944862365722656,
      40.76563262939453,
      37.416961669921875,
      32.75027847290039,
      41.40452575683594,
      46.07766342163086,
      82.44374084472656,
      79.432861328125,
      48.29315185546875,
      44.26819610595703,
      6.01438570022583,
      4.977560520172119
    ],
    [
      1.3158164024353027,
      2.7562780380249023,
      -5.75880241394043,
      -2.3600027561187744,
      14.537261009216309,
      13.138209342956543,
      28.770015716552734,
      30.906797409057617,
      25.158863067626953,
      20.116134643554688,
      24.70783233642578,
      27.709667205810547,
      49.639312744140625,
      48.29315185546875,
      42.81543731689453,
      40.427486419677734,
      5.705350399017334,
      4.768205165863037
    ],
    [
      0.300166517496109,
      1.8563746213912964,
      -6.207947254180908,
      -2.8216071128845215,
      12.646169662475586,
      11.475342750549316,
      28.28777313232422,
      30.37812042236328,
      24.430341720581055,
      18.69761085510254,
      22.261865615844727,
      25.702646255493164,
      45.13108444213867,
      44.26819610595703,
      40.427486419677734,
      39.687801361083984,
      5.175793647766113,
      4.469676494598389
    ],
    [
      0.7395633459091187,
      0.8636161088943481,
      -0.24052929878234863,
      -0.11104875057935715,
      0.5574024319648743,
      0.5464408993721008,
      3.131730794906616,
      3.044034481048584,
      2.6242454051971436,
      2.12504243850708,
      2.201350450515747,
      2.4398109912872314,
      6.60122537612915,
      6.01438570022583,
      5.705350399017334,
      5.175793647766113,
      1.8332618474960327,
      1.3099775314331055
    ],
    [
      0.5057340264320374,
      0.6285926103591919,
      -0.31249290704727173,
      -0.18168732523918152,
      0.41137608885765076,
      0.4161219596862793,
      3.137863874435425,
      3.011376142501831,
      2.5085296630859375,
      2.0686726570129395,
      2.1743688583374023,
      2.4194490909576416,
      5.232184886932373,
      4.977560520172119,
      4.768205165863037,
      4.469676494598389,
      1.3099775314331055,
      1.078089714050293
    ]
  ],
  "covariance_short": [
    [
      64.3883056640625,
      59.780208587646484,
      34.1288948059082,
      33.14404296875,
      11.418831825256348,
      12.814340591430664,
      10.242118835449219,
      9.909368515014648,
      14.80064868927002,
      16.96760368347168,
      12.200647354125977,
      11.44826889038086,
      16.172883987426758,
      13.787739753723145,
      4.788540363311768,
      4.175919055938721,
      1.010345220565796,
      0.8355869650840759
    ],
    [
      59.780208587646484,
      64.68231201171875,
      32.15785217285156,
      32.5151252746582,
      11.175410270690918,
      13.047062873840332,
      9.51246166229248,
      9.55359172821045,
      13.317817687988281,
      15.72562026977539,
      10.762520790100098,
      10.2216215133667,
      15.999100685119629,
      13.717966079711914,
      4.817945957183838,
      4.295873641967773,
      1.0756462812423706,
      0.8650442361831665
    ],
    [
      34.1288948059082,
      32.15785217285156,
      69.24356842041016,
      59.1552619934082,
      23.832807540893555,
      25.72392463684082,
      12.405057907104492,
      7.729573726654053,
      17.006824493408203,
      22.72091293334961,
      15.96330451965332,
      15.089617729187012,
      14.921699523925781,
      9.274139404296875,
      0.14933772385120392,
      -0.37859824299812317,
      0.3933001160621643,
      0.2638731002807617
    ],
    [
      33.14404296875,
      32.5151252746582,
      59.1552619934082,
      64.73098754882812,
      23.73758316040039,
      25.044694900512695,
      12.27163028717041,
      9.911069869995117,
      18.00524139404297,
      22.866573333740234,
      17.78057098388672,
      17.047595977783203,
      19.093915939331055,
      12.934408187866211,
      2.793790578842163,
      2.2427873611450195,
      0.638390302658081,
      0.5395447611808777
    ],
    [
      11.418831825256348,
      11.175410270690918,
      23.832807540893555,
      23.73758316040039,
      72.12063598632812,
      64.22531127929688,
      12.667563438415527,
      20.700763702392578,
      31.373462677001953,
      34.19281005859375,
      32.75170135498047,
      39.878822326660156,
      41.397254943847656,
      36.29207229614258,
      13.744626998901367,
      12.175498962402344,
      0.6727879643440247,
      0.673419713973999
    ],
    [
      12.814340591430664,
      13.047062873840332,
      25.72392463684082,
      25.044694900512695,
      64.22531127929688,
      72.27009582519531,
      15.274476051330566,
      21.790019989013672,
      34.15046310424805,
      36.5395393371582,
      32.12245559692383,
      38.08513259887695,
      39.29904556274414,
      34.431785583496094,
      14.043329238891602,
      12.652215957641602,
      0.8707659840583801,
      0.8719878792762756
    ],
    [
      10.242118835449219,
      9.51246166229248,
      12.405057907104492,
      12.27163028717041,
      12.667563438415527,
      15.274476051330566,
      70.89466857910156,
      60.91847610473633,
      42.015010833740234,
      35.076141357421875,
      40.678199768066406,
      36.44408416748047,
      49.0921516418457,
      46.98530960083008,
      26.32792091369629,
      26.14710807800293,
      3.097792863845825,
      3.223426342010498
    ],
    [
      9.909368515014648,
      9.55359172821045,
      7.729573726654053,
      9.911069869995117,
      20.700763702392578,
      21.790019989013672,
      60.91847610473633,
      66.66116333007812,
      44.1859016418457,
      38.00631332397461,
      43.376590728759766,
      41.6424674987793,
      52.01111602783203,
      50.87042999267578,
      28.86741065979004,
      28.250146865844727,
      3.1363322734832764,
      3.261554479598999
    ],
    [
      14.80064868927002,
      13.317817687988281,
      17.006824493408203,
      18.00524139404297,
      31.373462677001953,
      34.15046310424805,
      42.015010833740234,
      44.1859016418457,
      59.807159423828125,
      48.255470275878906,
      45.20969009399414,
      46.394203186035156,
      54.81844711303711,
      49.44099044799805,
      26.716947555541992,
      26.356176376342773,
      2.8983070850372314,
      2.8688533306121826
    ],
    [
      16.96760368347168,
      15.72562026977539,
      22.72091293334961,
      22.866573333740234,
      34.19281005859375,
      36.5395393371582,
      35.076141357421875,
      38.00631332397461,
      48.255470275878906,
      54.7053108215332,
      41.59927749633789,
      45.516170501708984,
      50.939239501953125,
      46.10331344604492,
      22.88092041015625,
      21.50907325744629,
      2.506093978881836,
      2.549720525741577
    ],
    [
      12.200647354125977,
      10.762520790100098,
      15.96330451965332,
      17.78057098388672,
      32.75170135498047,
      32.12245559692383,
      40.678199768066406,
      43.376590728759766,
      45.20969009399414,
      41.59927749633789,
      61.970367431640625,
      55.95036697387695,
      57.357994079589844,
      52.41423034667969,
      26.59209632873535,
      24.660120010375977,
      2.8300883769989014,
      2.8672306537628174
    ],
    [
      11.44826889038086,
      10.2216215133667,
      15.089617729187012,
      17.047595977783203,
      39.878822326660156,
      38.08513259887695,
      36.44408416748047,
      41.6424674987793,
      46.394203186035156,
      45.516170501708984,
      55.95036697387695,
      69.99004364013672,
      61.500709533691406,
      58.40831756591797,
      29.470657348632812,
      27.894025802612305,
      3.063918352127075,
      3.1688642501831055
    ],
    [
      16.172883987426758,
      15.999100685119629,
      14.921699523925781,
      19.093915939331055,
      41.397254943847656,
      39.29904556274414,
      49.0921516418457,
      52.01111602783203,
      54.81844711303711,
      50.939239501953125,
      57.357994079589844,
      61.500709533691406,
      97.3227767944336,
      84.70771789550781,
      43.41767120361328,
      40.11878204345703,
      6.229898929595947,
      5.131513595581055
    ],
    [
      13.787739753723145,
      13.717966079711914,
      9.274139404296875,
      12.934408187866211,
      36.29207229614258,
      34.431785583496094,
      46.98530960083008,
      50.87042999267578,
      49.44099044799805,
      46.10331344604492,
      52.41423034667969,
      58.40831756591797,
      84.70771789550781,
      80.86931610107422,
      41.28953552246094,
      38.29620361328125,
      5.610376834869385,
      4.8317060470581055
    ],
    [
      4.788540363311768,
      4.817945957183838,
      0.14933772385120392,
      2.793790578842163,
      13.744626998901367,
      14.043329238891602,
      26.32792091369629,
      28.86741065979004,
      26.716947555541992,
      22.88092041015625,
      26.59209632873535,
      29.470657348632812,
      43.41767120361328,
      41.28953552246094,
      33.27976989746094,
      31.169435501098633,
      4.961484909057617,
      4.30934476852417
    ],
    [
      4.175919055938721,
      4.295873641967773,
      -0.37859824299812317,
      2.2427873611450195,
      12.175498962402344,
      12.652215957641602,
      26.14710807800293,
      28.250146865844727,
      26.356176376342773,
      21.50907325744629,
      24.660120010375977,
      27.894025802612305,
      40.11878204345703,
      38.29620361328125,
      31.169435501098633,
      31.111223220825195,
      4.4386138916015625,
      3.996385097503662
    ],
    [
      1.010345220565796,
      1.0756462812423706,
      0.3933001160621643,
      0.638390302658081,
      0.6727879643440247,
      0.8707659840583801,
      3.097792863845825,
      3.1363322734832764,
      2.8983070850372314,
      2.506093978881836,
      2.8300883769989014,
      3.063918352127075,
      6.229898929595947,
      5.610376834869385,
      4.961484909057617,
      4.4386138916015625,
      1.9705530405044556,
      1.392181396484375
    ],
    [
      0.8355869650840759,
      0.8650442361831665,
      0.2638731002807617,
      0.5395447611808777,
      0.673419713973999,
      0.8719878792762756,
      3.223426342010498,
      3.261554479598999,
      2.8688533306121826,
      2.549720525741577,
      2.8672306537628174,
      3.1688642501831055,
      5.131513595581055,
      4.8317060470581055,
      4.30934476852417,
      3.996385097503662,
      1.392181396484375,
      1.2044651508331299
    ]
  ],
  "drr": 8.676251411437988,
  "dynamics": 4.250955104827881,
  "format": 1245190,
  "frames": 7113664,
  "loudness": -13.188241004943848,
  "loudness_range": 11.46120834350586,
  "loudness_range_short": 18.539403915405273,
  "peak": 0.21090537309646606,
  "rms": -15.048104286193848,
  "sample_rate": 44100,
  "sections": 1,
  "seekable": 1,
  "sharpness": 5.331117153167725,
  "space": -4.40454626083374
}