{
  "bands": [
    {
      "high_freq": 148.1999969482422,
      "loudness": -22.51854705810547,
      "loudness_range": 10.595191955566406,
      "mid_mean": -19.097543716430664,
      "mid_to_side_loudness": -14.15578556060791,
      "mid_to_side_loudness_range": 12.801220893859863,
      "side_mean": -33.1686897277832
    },
    {
      "high_freq": 392.3793640136719,
      "loudness": -17.54352378845215,
      "loudness_range": 6.942709922790527,
      "low_freq": 148.1999969482422,
      "mid_mean": -14.26117992401123,
      "mid_to_side_loudness": -11.758575439453125,
      "mid_to_side_loudness_range": 11.102996826171875,
      "side_mean": -25.66579818725586
    },
    {
      "high_freq": 794.6976318359375,
      "loudness": -20.45355224609375,
      "loudness_range": 8.84656810760498,
      "low_freq": 392.3793640136719,
      "mid_mean": -17.395750045776367,
      "mid_to_side_loudness": -9.257817268371582,
      "mid_to_side_loudness_range": 9.17514419555664,
      "side_mean": -26.666629791259766
    },
    {
      "high_freq": 1457.5709228515625,
      "loudness": -23.20490837097168,
      "loudness_range": 12.866764068603516,
      "low_freq": 794.6976318359375,
      "mid_mean": -20.367412567138672,
      "mid_to_side_loudness": -6.9974541664123535,
      "mid_to_side_loudness_range": 7.416205406188965,
      "side_mean": -27.613630294799805
    },
    {
      "high_freq": 2549.74365234375,
      "loudness": -22.4389591217041,
      "loudness_range": 12.48458480834961,
      "low_freq": 1457.5709228515625,
      "mid_mean": -19.71487045288086,
      "mid_to_side_loudness": -6.531548023223877,
      "mid_to_side_loudness_range": 6.982695579528809,
      "side_mean": -26.471521377563477
    },
    {
      "high_freq": 4349.24462890625,
      "loudness": -26.60092544555664,
      "loudness_range": 13.575153350830078,
      "low_freq": 2549.74365234375,
      "mid_mean": -23.808940887451172,
      "mid_to_side_loudness": -7.03200101852417,
      "mid_to_side_loudness_range": 9.608864784240723,
      "side_mean": -31.233694076538086
    },
    {
      "high_freq": 7314.1640625,
      "loudness": -31.755632400512695,
      "loudness_range": 11.998706817626953,
      "low_freq": 4349.24462890625,
      "mid_mean": -29.525577545166016,
      "mid_to_side_loudness": -4.40991735458374,
      "mid_to_side_loudness_range": 7.64811897277832,
      "side_mean": -34.194618225097656
    },
    {
      "high_freq": 12199.2666015625,
      "loudness": -35.186668395996094,
      "loudness_range": 17.28945541381836,
      "low_freq": 7314.1640625,
      "mid_mean": -33.05821228027344,
      "mid_to_side_loudness": -4.274900913238525,
      "mid_to_side_loudness_range": 9.1519775390625,
      "side_mean": -37.74592208862305
    },
    {
      "loudness": -44.57111358642578,
      "loudness_range": 19.209869384765625,
      "low_freq": 12199.2666015625,
      "mid_mean": -42.37937927246094,
      "mid_to_side_loudness": -4.811800479888916,
      "mid_to_side_loudness_range": 9.809637069702148,
      "side_mean": -48.70209884643555
    }
  ],
  "bands_short": [
    {
      "high_freq": 148.1999969482422,
      "loudness": -28.141510009765625,
      "loudness_range": 20.1639404296875,
      "mid_mean": -25.111328125,
      "mid_to_side_loudness": -12.490179061889648,
      "mid_to_side_loudness_range": 20.28302764892578,
      "side_mean": -37.40576171875
    },
    {
      "high_freq": 392.3793640136719,
      "loudness": -17.545068740844727,
      "loudness_range": 9.477325439453125,
      "low_freq": 148.1999969482422,
      "mid_mean": -14.35115909576416,
      "mid_to_side_loudness": -12.052895545959473,
      "mid_to_side_loudness_range": 14.80411434173584,
      "side_mean": -26.049787521362305
    },
    {
      "high_freq": 794.6976318359375,
      "loudness": -21.101743698120117,
      "loudness_range": 11.442570686340332,
      "low_freq": 392.3793640136719,
      "mid_mean": -18.16281509399414,
      "mid_to_side_loudness": -9.113293647766113,
      "mid_to_side_loudness_range": 13.412318229675293,
      "side_mean": -27.417564392089844
    },
    {
      "high_freq": 1457.5709228515625,
      "loudness": -22.789430618286133,
      "loudness_range": 13.644306182861328,
      "low_freq": 794.6976318359375,
      "mid_mean": -20.084325790405273,
      "mid_to_side_loudness": -6.964090347290039,
      "mid_to_side_loudness_range": 10.098716735839844,
      "side_mean": -27.28527069091797
    },
    {
      "high_freq": 2549.74365234375,
      "loudness": -22.8007869720459,
      "loudness_range": 13.777868270874023,
      "low_freq": 1457.5709228515625,
      "mid_mean": -20.15326690673828,
      "mid_to_side_loudness": -6.43503475189209,
      "mid_to_side_loudness_range": 9.130393981933594,
      "side_mean": -26.81623077392578
    },
    {
      "high_freq": 4349.24462890625,
      "loudness": -27.135120391845703,
      "loudness_range": 15.600883483886719,
      "low_freq": 2549.74365234375,
      "mid_mean": -24.475595474243164,
      "mid_to_side_loudness": -6.844147205352783,
      "mid_to_side_loudness_range": 11.418563842773438,
      "side_mean": -31.68252944946289
    },
    {
      "high_freq": 7314.1640625,
      "loudness": -33.29782485961914,
      "loudness_range": 18.352033615112305,
      "low_freq": 4349.24462890625,
      "mid_mean": -31.088472366333008,
      "mid_to_side_loudness": -4.632416725158691,
      "mid_to_side_loudness_range": 9.67075252532959,
      "side_mean": -36.07376480102539
    },
    {
      "high_freq": 12199.2666015625,
      "loudness": -37.52937698364258,
      "loudness_range": 23.240154266357422,
      "low_freq": 7314.1640625,
      "mid_mean": -35.381103515625,
      "mid_to_side_loudness": -4.555771827697754,
      "mid_to_side_loudness_range": 10.22915267944336,
      "side_mean": -40.506290435791016
    },
    {
      "loudness": -46.98320388793945,
      "loudness_range": 25.376163482666016,
      "low_freq": 12199.2666015625,
      "mid_mean": -44.68296813964844,
      "mid_to_side_loudness": -5.368445873260498,
      "mid_to_side_loudness_range": 10.267036437988281,
      "side_mean": -51.38319778442383
    }
  ],
  "channels": 2,
  "covariance": [
    [
      18.277795791625977,
      14.803452491760254,
      7.7638163566589355,
      9.33563232421875,
      5.005188941955566,
      7.101247787475586,
      4.723638534545898,
      7.043924331665039,
      5.596443176269531,
      7.363987922668457,
      4.917654514312744,
      8.114287376403809,
      9.47835922241211,
      9.620224952697754,
      4.346680641174316,
      5.707455635070801,
      2.7840850353240967,
      6.0523576736450195
    ],
    [
      14.803452491760254,
      32.632389068603516,
      9.010838508605957,
      22.013511657714844,
      8.32651424407959,
      14.32284927368164,
      10.478483200073242,
      13.557621002197266,
      11.923846244812012,
      13.655101776123047,
      11.45053768157959,
      16.42706298828125,
      15.42247200012207,
      14.449455261230469,
      6.480053424835205,
      4.820432186126709,
      3.4720206260681152,
      1.8893206119537354
    ],
    [
      7.7638163566589355,
      9.010838508605957,
      14.15606689453125,
      8.773406028747559,
      6.2765889167785645,
      6.8710832595825195,
      3.2903990745544434,
      6.57463264465332,
      5.069107532501221,
      7.758923053741455,
      3.716888666152954,
      8.41921329498291,
      6.404752731323242,
      8.502734184265137,
      2.3182590007781982,
      4.266912460327148,
      0.33478617668151855,
      7.493242263793945
    ],
    [
      9.33563232421875,
      22.013511657714844,
      8.773406028747559,
      23.643321990966797,
      8.884787559509277,
      14.282370567321777,
      9.56342887878418,
      12.475214004516602,
      12.105152130126953,
      14.15585994720459,
      10.870635032653809,
      15.462750434875488,
      12.550199508666992,
      11.329462051391602,
      4.889876365661621,
      2.4027438163757324,
      2.2867963314056396,
      -1.1335474252700806
    ],
    [
      5.005188941955566,
      8.32651424407959,
      6.2765889167785645,
      8.884787559509277,
      16.925241470336914,
      10.774131774902344,
      12.675524711608887,
      10.431057929992676,
      13.30251407623291,
      11.045510292053223,
      12.992051124572754,
      10.261573791503906,
      9.185952186584473,
      7.185490131378174,
      11.869891166687012,
      7.86506462097168,
      13.18945026397705,
      12.269813537597656
    ],
    [
      7.101247787475586,
      14.32284927368164,
      6.8710832595825195,
      14.282370567321777,
      10.774131774902344,
      17.208890914916992,
      12.000069618225098,
      13.791019439697266,
      13.426905632019043,
      15.142573356628418,
      12.194375991821289,
      14.95523738861084,
      10.614093780517578,
      9.209968566894531,
      6.48138427734375,
      4.384975910186768,
      5.706903457641602,
      4.6209917068481445
    ],
    [
      4.723638534545898,
      10.478483200073242,
      3.2903990745544434,
      9.56342887878418,
      12.675524711608887,
      12.000069618225098,
      23.981325149536133,
      16.923290252685547,
      19.099559783935547,
      15.621079444885254,
      20.543437957763672,
      16.056110382080078,
      14.42521858215332,
      9.11040210723877,
      16.332416534423828,
      10.05443000793457,
      18.444246292114258,
      14.054548263549805
    ],
    [
      7.043924331665039,
      13.557621002197266,
      6.57463264465332,
      12.475214004516602,
      10.431057929992676,
      13.791019439697266,
      16.923290252685547,
      18.980056762695312,
      16.49655532836914,
      17.70076560974121,
      15.410783767700195,
      17.546058654785156,
      13.163968086242676,
      10.802672386169434,
      10.368278503417969,
      7.439540386199951,
      9.823312759399414,
      9.527647972106934
    ],
    [
      5.596443176269531,
      11.923846244812012,
      5.069107532501221,
      12.105152130126953,
      13.30251407623291,
      13.426905632019043,
      19.099559783935547,
      16.49655532836914,
      26.17024040222168,
      21.24736213684082,
      21.5301570892334,
      18.269062042236328,
      15.372867584228516,
      10.680825233459473,
      17.539613723754883,
      10.889721870422363,
      18.12108039855957,
      14.183932304382324
    ],
    [
      7.363987922668457,
      13.655101776123047,
      7.758923053741455,
      14.15585994720459,
      11.045510292053223,
      15.142573356628418,
      15.621079444885254,
      17.70076560974121,
      21.24736213684082,
      24.195402145385742,
      16.200122833251953,
      19.93366813659668,
      14.41059398651123,
      12.313270568847656,
      10.459098815917969,
      7.639626979827881,
      9.403321266174316,
      8.32677173614502
    ],
    [
      4.917654514312744,
      11.45053768157959,
      3.716888666152954,
      10.870635032653809,
      12.992051124572754,
      12.194375991821289,
      20.543437957763672,
      15.410783767700195,
      21.5301570892334,
      16.200122833251953,
      28.012943267822266,
      19.34697151184082,
      18.163673400878906,
      12.06572151184082,
      21.617725372314453,
      13.422123908996582,
      22.743192672729492,
      16.529556274414062
    ],
    [
      8.114287376403809,
      16.42706298828125,
      8.41921329498291,
      15.462750434875488,
      10.261573791503906,
      14.95523738861084,
      16.056110382080078,
      17.546058654785156,
      18.269062042236328,
      19.93366813659668,
      19.34697151184082,
      24.851167678833008,
      19.291427612304688,
      17.843524932861328,
      14.114630699157715,
      12.24006462097168,
      12.06548023223877,
      11.932655334472656
    ],
    [
      9.47835922241211,
      15.42247200012207,
      6.404752731323242,
      12.550199508666992,
      9.185952186584473,
      10.614093780517578,
      14.42521858215332,
      13.163968086242676,
      15.372867584228516,
      14.41059398651123,
      18.163673400878906,
      19.291427612304688,
      26.188074111938477,
      21.406068801879883,
      21.84559440612793,
      19.483564376831055,
      18.894136428833008,
      17.416950225830078
    ],
    [
      9.620224952697754,
      14.449455261230469,
      8.502734184265137,
      11.329462051391602,
      7.185490131378174,
      9.209968566894531,
      9.11040210723877,
      10.802672386169434,
      10.680825233459473,
      12.313270568847656,
      12.06572151184082,
      17.843524932861328,
      21.406068801879883,
      26.232473373413086,
      16.001405715942383,
      20.22400665283203,
      12.294533729553223,
      17.215879440307617
    ],
    [
      4.346680641174316,
      6.480053424835205,
      2.3182590007781982,
      4.889876365661621,
      11.869891166687012,
      6.48138427734375,
      16.332416534423828,
      10.368278503417969,
      17.539613723754883,
      10.459098815917969,
      21.617725372314453,
      14.114630699157715,
      21.84559440612793,
      16.001405715942383,
      46.95463562011719,
      33.78270721435547,
      45.076683044433594,
      36.18104553222656
    ],
    [
      5.707455635070801,
      4.820432186126709,
      4.266912460327148,
      2.4027438163757324,
      7.86506462097168,
      4.384975910186768,
      10.05443000793457,
      7.439540386199951,
      10.889721870422363,
      7.639626979827881,
      13.422123908996582,
      12.24006462097168,
      19.483564376831055,
      20.22400665283203,
      33.78270721435547,
      33.61522674560547,
      31.98161506652832,
      33.91848373413086
    ],
    [
      2.7840850353240967,
      3.4720206260681152,
      0.33478617668151855,
      2.2867963314056396,
      13.18945026397705,
      5.706903457641602,
      18.444246292114258,
      9.823312759399414,
      18.12108039855957,
      9.403321266174316,
      22.743192672729492,
      12.06548023223877,
      18.894136428833008,
      12.294533729553223,
      45.076683044433594,
      31.98161506652832,
      51.56510543823242,
      39.82978820800781
    ],
    [
      6.0523576736450195,
      1.8893206119537354,
      7.493242263793945,
      -1.1335474252700806,
      12.269813537597656,
      4.6209917068481445,
      14.054548263549805,
      9.527647972106934,
      14.183932304382324,
      8.32677173614502,
      16.529556274414062,
      11.932655334472656,
      17.416950225830078,
      17.215879440307617,
      36.18104553222656,
      33.91848373413086,
      39.82978820800781,
      61.279788970947266
    ]
  ],
  "covariance_short": [
    [
      54.13005828857422,
      30.806610107421875,
      14.444889068603516,
      15.819816589355469,
      6.167896747589111,
      10.334596633911133,
      8.851997375488281,
      10.687520027160645,
      10.246440887451172,
      11.696725845336914,
      11.802046775817871,
      15.047406196594238,
      19.277454376220703,
      21.897518157958984,
      14.225798606872559,
      16.484403610229492,
      13.255630493164062,
      17.46524429321289
    ],
    [
      30.806610107421875,
      62.099273681640625,
      11.718094825744629,
      26.508142471313477,
      9.367391586303711,
      15.188956260681152,
      11.380253791809082,
      14.754518508911133,
      12.812810897827148,
      15.22630500793457,
      13.647603034973145,
      19.23479652404785,
      19.509620666503906,
      21.705020904541016,
      12.122941017150879,
      13.171833038330078,
      9.506332397460938,
      11.905316352844238
    ],
    [
      14.444889068603516,
      11.718094825744629,
      18.812835693359375,
      8.767075538635254,
      4.838034152984619,
      7.6866888999938965,
      3.2684037685394287,
      6.513609886169434,
      4.323602199554443,
      7.096963882446289,
      3.3165624141693115,
      7.912130355834961,
      5.889130592346191,
      8.80819320678711,
      2.2691924571990967,
      4.528952598571777,
      1.7314759492874146,
      7.174863338470459
    ],
    [
      15.819816589355469,
      26.508142471313477,
      8.767075538635254,
      28.38709259033203,
      8.649613380432129,
      15.429759979248047,
      10.335389137268066,
      12.852011680603027,
      11.97251033782959,
      14.090479850769043,
      11.991368293762207,
      15.912108421325684,
      12.870403289794922,
      13.4125394821167,
      6.664054870605469,
      5.844138145446777,
      5.718990802764893,
      4.378393650054932
    ],
    [
      6.167896747589111,
      9.367391586303711,
      4.838034152984619,
      8.649613380432129,
      23.55510711669922,
      10.573954582214355,
      13.498339653015137,
      9.464212417602539,
      13.337618827819824,
      10.042577743530273,
      16.364036560058594,
      11.39610481262207,
      11.30892276763916,
      9.510835647583008,
      16.104555130004883,
      11.950678825378418,
      18.957134246826172,
      16.36111068725586
    ],
    [
      10.334596633911133,
      15.188956260681152,
      7.6866888999938965,
      15.429759979248047,
      10.573954582214355,
      22.43079376220703,
      12.355469703674316,
      14.527341842651367,
      14.011515617370605,
      16.246335983276367,
      13.125731468200684,
      16.609310150146484,
      11.841634750366211,
      11.404946327209473,
      8.779751777648926,
      6.935928821563721,
      9.159977912902832,
      8.69970989227295
    ],
    [
      8.851997375488281,
      11.380253791809082,
      3.2684037685394287,
      10.335389137268066,
      13.498339653015137,
      12.355469703674316,
      28.707664489746094,
      18.580307006835938,
      21.331329345703125,
      17.73744010925293,
      23.455673217773438,
      18.023080825805664,
      17.568111419677734,
      12.210237503051758,
      20.553401947021484,
      14.619916915893555,
      24.75520896911621,
      20.177518844604492
    ],
    [
      10.687520027160645,
      14.754518508911133,
      6.513609886169434,
      12.852011680603027,
      9.464212417602539,
      14.527341842651367,
      18.580307006835938,
      23.39358901977539,
      17.660354614257812,
      19.139101028442383,
      16.549665451049805,
      18.96875762939453,
      14.309803009033203,
      12.830053329467773,
      10.726996421813965,
      9.05854606628418,
      11.865766525268555,
      12.183754920959473
    ],
    [
      10.246440887451172,
      12.812810897827148,
      4.323602199554443,
      11.97251033782959,
      13.337618827819824,
      14.011515617370605,
      21.331329345703125,
      17.660354614257812,
      31.453481674194336,
      23.210729598999023,
      25.76738166809082,
      21.064022064208984,
      20.558725357055664,
      15.226570129394531,
      22.740999221801758,
      16.553857803344727,
      24.172330856323242,
      19.89458465576172
    ],
    [
      11.696725845336914,
      15.22630500793457,
      7.096963882446289,
      14.090479850769043,
      10.042577743530273,
      16.246335983276367,
      17.73744010925293,
      19.139101028442383,
      23.210729598999023,
      28.657623291015625,
      18.696395874023438,
      21.96349334716797,
      17.04788589477539,
      15.329066276550293,
      12.816455841064453,
      10.686782836914062,
      12.873422622680664,
      12.586888313293457
    ],
    [
      11.802046775817871,
      13.647603034973145,
      3.3165624141693115,
      11.991368293762207,
      16.364036560058594,
      13.125731468200684,
      23.455673217773438,
      16.549665451049805,
      25.76738166809082,
      18.696395874023438,
      37.141014099121094,
      24.131160736083984,
      27.078350067138672,
      19.495464324951172,
      31.030136108398438,
      22.61479949951172,
      33.235267639160156,
      26.01884651184082
    ],
    [
      15.047406196594238,
      19.23479652404785,
      7.912130355834961,
      15.912108421325684,
      11.39610481262207,
      16.609310150146484,
      18.023080825805664,
      18.96875762939453,
      21.064022064208984,
      21.96349334716797,
      24.131160736083984,
      30.15437126159668,
      25.37273406982422,
      25.05095863342285,
      19.936721801757812,
      19.332029342651367,
      18.976673126220703,
      19.539352416992188
    ],
    [
      19.277454376220703,
      19.509620666503906,
      5.889130592346191,
      12.870403289794922,
      11.30892276763916,
      11.841634750366211,
      17.568111419677734,
      14.309803009033203,
      20.558725357055664,
      17.04788589477539,
      27.078350067138672,
      25.37273406982422,
      44.71244430541992,
      37.403472900390625,
      38.290367126464844,
      36.62247848510742,
      35.445518493652344,
      32.58445358276367
    ],
    [
      21.897518157958984,
      21.705020904541016,
      8.80819320678711,
      13.4125394821167,
      9.510835647583008,
      11.404946327209473,
      12.210237503051758,
      12.830053329467773,
      15.226570129394531,
      15.329066276550293,
      19.495464324951172,
      25.05095863342285,
      37.403472900390625,
      45.22940444946289,
      30.67157554626465,
      38.67887878417969,
      26.344865798950195,
      32.59834671020508
    ],
    [
      14.225798606872559,
      12.122941017150879,
      2.2691924571990967,
      6.664054870605469,
      16.104555130004883,
      8.779751777648926,
      20.553401947021484,
      10.726996421813965,
      22.740999221801758,
      12.816455841064453,
      31.030136108398438,
      19.936721801757812,
      38.290367126464844,
      30.67157554626465,
      76.08521270751953,
      60.610530853271484,
      71.46440887451172,
      61.328086853027344
    ],
    [
      16.484403610229492,
      13.171833038330078,
      4.528952598571777,
      5.844138145446777,
      11.950678825378418,
      6.935928821563721,
      14.619916915893555,
      9.05854606628418,
      16.553857803344727,
      10.686782836914062,
      22.61479949951172,
      19.332029342651367,
      36.62247848510742,
      38.67887878417969,
      60.610530853271484,
      62.51472854614258,
      57.22483825683594,
      58.52336502075195
    ],
    [
      13.255630493164062,
      9.506332397460938,
      1.7314759492874146,
      5.718990802764893,
      18.957134246826172,
      9.159977912902832,
      24.75520896911621,
      11.865766525268555,
      24.172330856323242,
      12.873422622680664,
      33.235267639160156,
      18.976673126220703,
      35.445518493652344,
      26.344865798950195,
      71.46440887451172,
      57.22483825683594,
      79.68891906738281,
      65.77027130126953
    ],
    [
      17.46524429321289,
      11.905316352844238,
      7.174863338470459,
      4.378393650054932,
      16.36111068725586,
      8.69970989227295,
      20.177518844604492,
      12.183754920959473,
      19.89458465576172,
      12.586888313293457,
      26.01884651184082,
      19.539352416992188,
      32.58445358276367,
      32.59834671020508,
      61.328086853027344,
      58.52336502075195,
      65.77027130126953,
      79.19440460205078
    ]
  ],
  "drr": 13.926313400268555,
  "dynamics": 2.22812819480896,
  "format": 1245190,
  "frames": 12374016,
  "loudness": -9.214924812316895,
  "loudness_range": 5.222259521484375,
  "loudness_range_short": 6.970082759857178,
  "peak": -0.1778157651424408,
  "rms": -11.808076858520508,
  "sample_rate": 44100,
  "sections": 1,
  "seekable": 1,
  "sharpness": 1.6536319255828857,
  "space": -9.515686988830566
}