{
  "bands": [
    {
      "high_freq": 148.1999969482422,
      "loudness": -29.684791564941406,
      "loudness_range": 16.931135177612305,
      "mid_mean": -26.38405990600586,
      "mid_to_side_loudness": -13.929292678833008,
      "mid_to_side_loudness_range": 17.915555953979492,
      "side_mean": -40.428497314453125
    },
    {
      "high_freq": 392.3793640136719,
      "loudness": -25.248464584350586,
      "loudness_range": 8.19124984741211,
      "low_freq": 148.1999969482422,
      "mid_mean": -22.66084098815918,
      "mid_to_side_loudness": -6.149362087249756,
      "mid_to_side_loudness_range": 9.28411865234375,
      "side_mean": -28.854040145874023
    },
    {
      "high_freq": 794.6976318359375,
      "loudness": -28.71483612060547,
      "loudness_range": 12.601936340332031,
      "low_freq": 392.3793640136719,
      "mid_mean": -25.752330780029297,
      "mid_to_side_loudness": -8.52937126159668,
      "mid_to_side_loudness_range": 11.933944702148438,
      "side_mean": -34.311641693115234
    },
    {
      "high_freq": 1457.5709228515625,
      "loudness": -32.52080535888672,
      "loudness_range": 18.995466232299805,
      "low_freq": 794.6976318359375,
      "mid_mean": -29.723045349121094,
      "mid_to_side_loudness": -8.072131156921387,
      "mid_to_side_loudness_range": 11.82907485961914,
      "side_mean": -37.700714111328125
    },
    {
      "high_freq": 2549.74365234375,
      "loudness": -34.437679290771484,
      "loudness_range": 21.176973342895508,
      "low_freq": 1457.5709228515625,
      "mid_mean": -31.878467559814453,
      "mid_to_side_loudness": -7.044267177581787,
      "mid_to_side_loudness_range": 11.443920135498047,
      "side_mean": -38.34552001953125
    },
    {
      "high_freq": 4349.24462890625,
      "loudness": -33.199588775634766,
      "loudness_range": 17.47003936767578,
      "low_freq": 2549.74365234375,
      "mid_mean": -30.714794158935547,
      "mid_to_side_loudness": -6.502590179443359,
      "mid_to_side_loudness_range": 9.577394485473633,
      "side_mean": -36.139060974121094
    },
    {
      "high_freq": 7314.1640625,
      "loudness": -32.60535430908203,
      "loudness_range": 16.347803115844727,
      "low_freq": 4349.24462890625,
      "mid_mean": -29.946285247802734,
      "mid_to_side_loudness": -7.124472618103027,
      "mid_to_side_loudness_range": 10.962921142578125,
      "side_mean": -36.250221252441406
    },
    {
      "high_freq": 12199.2666015625,
      "loudness": -33.058963775634766,
      "loudness_range": 15.008890151977539,
      "low_freq": 7314.1640625,
      "mid_mean": -30.33669662475586,
      "mid_to_side_loudness": -7.4897284507751465,
      "mid_to_side_loudness_range": 12.405928611755371,
      "side_mean": -37.14830780029297
    },
    {
      "loudness": -40.43402862548828,
      "loudness_range": 15.371036529541016,
      "low_freq": 12199.2666015625,
      "mid_mean": -37.719879150390625,
      "mid_to_side_loudness": -7.6999053955078125,
      "mid_to_side_loudness_range": 13.244050025939941,
      "side_mean": -45.01847457885742
    }
  ],
  "bands_short": [
    {
      "high_freq": 148.1999969482422,
      "loudness": -35.343570709228516,
      "loudness_range": 21.373817443847656,
      "mid_mean": -32.2684326171875,
      "mid_to_side_loudness": -12.667054176330566,
      "mid_to_side_loudness_range": 21.198883056640625,
      "side_mean": -45.03175735473633
    },
    {
      "high_freq": 392.3793640136719,
      "loudness": -25.56134033203125,
      "loudness_range": 11.949413299560547,
      "low_freq": 148.1999969482422,
      "mid_mean": -23.017513275146484,
      "mid_to_side_loudness": -6.590269565582275,
      "mid_to_side_loudness_range": 12.302886962890625,
      "side_mean": -29.642518997192383
    },
    {
      "high_freq": 794.6976318359375,
      "loudness": -28.86992645263672,
      "loudness_range": 13.323442459106445,
      "low_freq": 392.3793640136719,
      "mid_mean": -26.11107635498047,
      "mid_to_side_loudness": -8.008471488952637,
      "mid_to_side_loudness_range": 13.720226287841797,
      "side_mean": -34.19587326049805
    },
    {
      "high_freq": 1457.5709228515625,
      "loudness": -32.914817810058594,
      "loudness_range": 21.213224411010742,
      "low_freq": 794.6976318359375,
      "mid_mean": -30.35790252685547,
      "mid_to_side_loudness": -7.505439281463623,
      "mid_to_side_loudness_range": 14.3715238571167,
      "side_mean": -37.84052276611328
    },
    {
      "high_freq": 2549.74365234375,
      "loudness": -35.69021224975586,
      "loudness_range": 23.781524658203125,
      "low_freq": 1457.5709228515625,
      "mid_mean": -33.54899215698242,
      "mid_to_side_loudness": -6.048948764801025,
      "mid_to_side_loudness_range": 14.229207992553711,
      "side_mean": -39.0976676940918
    },
    {
      "high_freq": 4349.24462890625,
      "loudness": -34.28997039794922,
      "loudness_range": 20.17298698425293,
      "low_freq": 2549.74365234375,
      "mid_mean": -32.06982421875,
      "mid_to_side_loudness": -5.755237102508545,
      "mid_to_side_loudness_range": 12.359832763671875,
      "side_mean": -37.189918518066406
    },
    {
      "high_freq": 7314.1640625,
      "loudness": -34.0584716796875,
      "loudness_range": 20.71489143371582,
      "low_freq": 4349.24462890625,
      "mid_mean": -31.58245277404785,
      "mid_to_side_loudness": -6.601903438568115,
      "mid_to_side_loudness_range": 13.369504928588867,
      "side_mean": -37.959617614746094
    },
    {
      "high_freq": 12199.2666015625,
      "loudness": -34.889930725097656,
      "loudness_range": 20.935911178588867,
      "low_freq": 7314.1640625,
      "mid_mean": -32.33134460449219,
      "mid_to_side_loudness": -7.24742317199707,
      "mid_to_side_loudness_range": 15.058938980102539,
      "side_mean": -39.59465789794922
    },
    {
      "loudness": -44.14545440673828,
      "loudness_range": 25.69530487060547,
      "low_freq": 12199.2666015625,
      "mid_mean": -41.55846405029297,
      "mid_to_side_loudness": -8.994316101074219,
      "mid_to_side_loudness_range": 18.71135139465332,
      "side_mean": -51.69993209838867
    }
  ],
  "channels": 2,
  "covariance": [
    [
      39.39486312866211,
      14.467057228088379,
      8.71506404876709,
      4.865616798400879,
      8.870670318603516,
      6.20343017578125,
      10.79846477508545,
      7.048452377319336,
      11.21784782409668,
      7.140633583068848,
      13.077767372131348,
      8.208656311035156,
      14.161163330078125,
      12.385019302368164,
      11.731622695922852,
      12.122593879699707,
      11.117456436157227,
      15.82231330871582
    ],
    [
      14.467057228088379,
      27.707651138305664,
      4.763351917266846,
      4.1590657234191895,
      6.010339736938477,
      5.701310634613037,
      5.703338146209717,
      4.551913738250732,
      5.609440803527832,
      4.793066024780273,
      7.719137191772461,
      7.026254177093506,
      9.35018539428711,
      10.733203887939453,
      7.685311794281006,
      9.283008575439453,
      4.571042060852051,
      7.741556167602539
    ],
    [
      8.71506404876709,
      4.763351917266846,
      9.943070411682129,
      7.370208263397217,
      7.134515762329102,
      4.927489280700684,
      6.153622627258301,
      4.639440536499023,
      9.496082305908203,
      6.413223743438721,
      9.502382278442383,
      5.8360795974731445,
      7.695001125335693,
      5.92799711227417,
      6.788908004760742,
      5.40149450302124,
      6.468657493591309,
      7.515239715576172
    ],
    [
      4.865616798400879,
      4.1590657234191895,
      7.370208263397217,
      15.749544143676758,
      7.551097393035889,
      11.288049697875977,
      9.144452095031738,
      11.502019882202148,
      9.485987663269043,
      10.765618324279785,
      8.954535484313965,
      9.058436393737793,
      8.770466804504395,
      10.731637954711914,
      7.4384870529174805,
      9.283210754394531,
      6.703670978546143,
      9.865534782409668
    ],
    [
      8.870670318603516,
      6.010339736938477,
      7.134515762329102,
      7.551097393035889,
      22.69252586364746,
      15.964024543762207,
      21.93267059326172,
      16.61767578125,
      19.71576499938965,
      13.523643493652344,
      17.901580810546875,
      12.268317222595215,
      11.405708312988281,
      11.181105613708496,
      10.274394035339355,
      9.365459442138672,
      8.422684669494629,
      8.950220108032227
    ],
    [
      6.20343017578125,
      5.701310634613037,
      4.927489280700684,
      11.288049697875977,
      15.964024543762207,
      25.811260223388672,
      20.0231876373291,
      24.4537410736084,
      18.057846069335938,
      19.534883499145508,
      17.541894912719727,
      17.813907623291016,
      14.485400199890137,
      19.17380142211914,
      12.16756534576416,
      16.38942527770996,
      9.306811332702637,
      13.300375938415527
    ],
    [
      10.79846477508545,
      5.703338146209717,
      6.153622627258301,
      9.144452095031738,
      21.93267059326172,
      20.0231876373291,
      50.10575485229492,
      36.540428161621094,
      32.22286605834961,
      24.30347442626953,
      26.583904266357422,
      19.985902786254883,
      17.73116683959961,
      17.740964889526367,
      16.363224029541016,
      15.071298599243164,
      12.116596221923828,
      12.267138481140137
    ],
    [
      7.048452377319336,
      4.551913738250732,
      4.639440536499023,
      11.502019882202148,
      16.61767578125,
      24.4537410736084,
      36.540428161621094,
      42.43585968017578,
      25.56058692932129,
      26.72439956665039,
      22.293546676635742,
      22.577465057373047,
      17.422163009643555,
      22.063453674316406,
      14.961030006408691,
      18.100927352905273,
      11.539191246032715,
      14.586243629455566
    ],
    [
      11.21784782409668,
      5.609440803527832,
      9.496082305908203,
      9.485987663269043,
      19.71576499938965,
      18.057846069335938,
      32.22286605834961,
      25.56058692932129,
      61.922279357910156,
      43.183433532714844,
      38.64986038208008,
      28.74778175354004,
      23.296327590942383,
      22.853107452392578,
      19.722270965576172,
      18.860483169555664,
      13.310074806213379,
      14.243900299072266
    ],
    [
      7.140633583068848,
      4.793066024780273,
      6.413223743438721,
      10.765618324279785,
      13.523643493652344,
      19.534883499145508,
      24.30347442626953,
      26.72439956665039,
      43.183433532714844,
      46.35053253173828,
      28.98062515258789,
      28.425142288208008,
      20.7374210357666,
      24.949329376220703,
      17.224090576171875,
      20.501462936401367,
      11.44344425201416,
      15.336275100708008
    ],
    [
      13.077767372131348,
      7.719137191772461,
      9.502382278442383,
      8.954535484313965,
      17.901580810546875,
      17.541894912719727,
      26.583904266357422,
      22.293546676635742,
      38.64986038208008,
      28.98062515258789,
      42.95720291137695,
      31.041187286376953,
      26.460041046142578,
      26.608177185058594,
      22.33509635925293,
      22.72945213317871,
      17.121349334716797,
      20.44482421875
    ],
    [
      8.208656311035156,
      7.026254177093506,
      5.8360795974731445,
      9.058436393737793,
      12.268317222595215,
      17.813907623291016,
      19.985902786254883,
      22.577465057373047,
      28.74778175354004,
      28.425142288208008,
      31.041187286376953,
      37.64171600341797,
      21.523874282836914,
      30.606088638305664,
      17.94430160522461,
      25.97064781188965,
      13.354243278503418,
      20.423830032348633
    ],
    [
      14.161163330078125,
      9.35018539428711,
      7.695001125335693,
      8.770466804504395,
      11.405708312988281,
      14.485400199890137,
      17.73116683959961,
      17.422163009643555,
      23.296327590942383,
      20.7374210357666,
      26.460041046142578,
      21.523874282836914,
      34.64809799194336,
      32.02146530151367,
      29.122385025024414,
      26.68545913696289,
      24.485862731933594,
      24.17840003967285
    ],
    [
      12.385019302368164,
      10.733203887939453,
      5.92799711227417,
      10.731637954711914,
      11.181105613708496,
      19.17380142211914,
      17.740964889526367,
      22.063453674316406,
      22.853107452392578,
      24.949329376220703,
      26.608177185058594,
      30.606088638305664,
      32.02146530151367,
      46.722537994384766,
      24.76148223876953,
      36.505680084228516,
      19.819623947143555,
      30.9195556640625
    ],
    [
      11.731622695922852,
      7.685311794281006,
      6.788908004760742,
      7.4384870529174805,
      10.274394035339355,
      12.16756534576416,
      16.363224029541016,
      14.961030006408691,
      19.722270965576172,
      17.224090576171875,
      22.33509635925293,
      17.94430160522461,
      29.122385025024414,
      24.76148223876953,
      31.95763397216797,
      26.270538330078125,
      26.927934646606445,
      22.980783462524414
    ],
    [
      12.122593879699707,
      9.283008575439453,
      5.40149450302124,
      9.283210754394531,
      9.365459442138672,
      16.38942527770996,
      15.071298599243164,
      18.100927352905273,
      18.860483169555664,
      20.501462936401367,
      22.72945213317871,
      25.97064781188965,
      26.68545913696289,
      36.505680084228516,
      26.270538330078125,
      39.65228271484375,
      21.059064865112305,
      31.924545288085938
    ],
    [
      11.117456436157227,
      4.571042060852051,
      6.468657493591309,
      6.703670978546143,
      8.422684669494629,
      9.306811332702637,
      12.116596221923828,
      11.539191246032715,
      13.310074806213379,
      11.44344425201416,
      17.121349334716797,
      13.354243278503418,
      24.485862731933594,
      19.819623947143555,
      26.927934646606445,
      21.059064865112305,
      29.79136848449707,
      25.462478637695312
    ],
    [
      15.82231330871582,
      7.741556167602539,
      7.515239715576172,
      9.865534782409668,
      8.950220108032227,
      13.300375938415527,
      12.267138481140137,
      14.586243629455566,
      14.243900299072266,
      15.336275100708008,
      20.44482421875,
      20.423830032348633,
      24.17840003967285,
      30.9195556640625,
      22.980783462524414,
      31.924545288085938,
      25.462478637695312,
      46.36738204956055
    ]
  ],
  "covariance_short": [
    [
      55.71320343017578,
      18.4290714263916,
      15.587459564208984,
      7.671383857727051,
      10.27040958404541,
      6.06313419342041,
      11.604537010192871,
      7.606080532073975,
      13.587028503417969,
      9.036803245544434,
      14.256569862365723,
      9.666777610778809,
      15.152027130126953,
      13.47426700592041,
      14.309029579162598,
      14.047225952148438,
      17.708816528320312,
      24.094318389892578
    ],
    [
      18.4290714263916,
      35.798030853271484,
      7.021138668060303,
      6.99724006652832,
      4.743497371673584,
      4.121087074279785,
      5.986507892608643,
      4.752849102020264,
      6.646650314331055,
      5.507843494415283,
      7.852236270904541,
      6.517849922180176,
      8.103635787963867,
      8.497054100036621,
      7.426494121551514,
      7.871753692626953,
      6.555208683013916,
      9.366984367370605
    ],
    [
      15.587459564208984,
      7.021138668060303,
      18.484222412109375,
      10.412712097167969,
      9.458902359008789,
      6.831606388092041,
      8.239542961120605,
      5.71861457824707,
      11.116250038146973,
      7.331703186035156,
      11.99890422821045,
      8.773768424987793,
      10.065189361572266,
      9.39776611328125,
      9.803422927856445,
      10.155376434326172,
      11.829483985900879,
      16.874439239501953
    ],
    [
      7.671383857727051,
      6.99724006652832,
      10.412712097167969,
      21.78328514099121,
      7.532153129577637,
      12.280878067016602,
      9.23547649383545,
      11.486332893371582,
      9.060150146484375,
      10.586612701416016,
      9.111600875854492,
      10.517943382263184,
      9.50967788696289,
      11.629717826843262,
      8.91602611541748,
      11.382773399353027,
      9.913409233093262,
      16.973426818847656
    ],
    [
      10.27040958404541,
      4.743497371673584,
      9.458902359008789,
      7.532153129577637,
      25.312774658203125,
      14.1231689453125,
      21.616945266723633,
      14.139142990112305,
      19.970705032348633,
      11.869915008544922,
      17.586973190307617,
      11.468548774719238,
      10.222823143005371,
      9.63049602508545,
      9.711094856262207,
      9.808511734008789,
      9.317403793334961,
      13.685558319091797
    ],
    [
      6.06313419342041,
      4.121087074279785,
      6.831606388092041,
      12.280878067016602,
      14.1231689453125,
      27.195758819580078,
      19.453475952148438,
      22.512386322021484,
      17.33902931213379,
      18.737071990966797,
      14.863683700561523,
      16.383363723754883,
      12.171265602111816,
      16.720928192138672,
      9.98510456085205,
      15.738871574401855,
      9.126110076904297,
      18.289186477661133
    ],
    [
      11.604537010192871,
      5.986507892608643,
      8.239542961120605,
      9.23547649383545,
      21.616945266723633,
      19.453475952148438,
      59.74735641479492,
      40.41706848144531,
      39.42406463623047,
      27.72540855407715,
      32.159698486328125,
      23.866779327392578,
      20.76926612854004,
      22.10183334350586,
      19.445125579833984,
      22.88306999206543,
      15.443264961242676,
      20.757816314697266
    ],
    [
      7.606080532073975,
      4.752849102020264,
      5.71861457824707,
      11.486332893371582,
      14.139142990112305,
      22.512386322021484,
      40.41706848144531,
      50.75310134887695,
      28.912710189819336,
      30.24217414855957,
      23.418350219726562,
      25.128841400146484,
      18.583833694458008,
      25.475923538208008,
      15.409086227416992,
      23.892457962036133,
      12.637516975402832,
      23.573867797851562
    ],
    [
      13.587028503417969,
      6.646650314331055,
      11.116250038146973,
      9.060150146484375,
      19.970705032348633,
      17.33902931213379,
      39.42406463623047,
      28.912710189819336,
      73.09613800048828,
      46.55599594116211,
      46.20917510986328,
      34.36927795410156,
      29.462858200073242,
      30.310705184936523,
      27.050579071044922,
      30.127561569213867,
      21.61952781677246,
      25.653654098510742
    ],
    [
      9.036803245544434,
      5.507843494415283,
      7.331703186035156,
      10.586612701416016,
      11.869915008544922,
      18.737071990966797,
      27.72540855407715,
      30.24217414855957,
      46.55599594116211,
      53.387725830078125,
      31.61710548400879,
      33.572261810302734,
      24.078079223632812,
      30.912425994873047,
      21.192312240600586,
      28.20353126525879,
      17.091720581054688,
      23.884761810302734
    ],
    [
      14.256569862365723,
      7.852236270904541,
      11.99890422821045,
      9.111600875854492,
      17.586973190307617,
      14.863683700561523,
      32.159698486328125,
      23.418350219726562,
      46.20917510986328,
      31.61710548400879,
      54.96243667602539,
      38.584407806396484,
      36.26708984375,
      34.57225036621094,
      33.06864929199219,
      33.986820220947266,
      30.157955169677734,
      33.53469467163086
    ],
    [
      9.666777610778809,
      6.517849922180176,
      8.773768424987793,
      10.517943382263184,
      11.468548774719238,
      16.383363723754883,
      23.866779327392578,
      25.128841400146484,
      34.36927795410156,
      33.572261810302734,
      38.584407806396484,
      47.7481689453125,
      29.185304641723633,
      39.618534088134766,
      25.778188705444336,
      36.833316802978516,
      23.49106216430664,
      35.134151458740234
    ],
    [
      15.152027130126953,
      8.103635787963867,
      10.065189361572266,
      9.50967788696289,
      10.222823143005371,
      12.171265602111816,
      20.76926612854004,
      18.583833694458008,
      29.462858200073242,
      24.078079223632812,
      36.26708984375,
      29.185304641723633,
      53.299381256103516,
      43.06214904785156,
      47.690956115722656,
      39.58366012573242,
      48.8850212097168,
      45.16741180419922
    ],
    [
      13.47426700592041,
      8.497054100036621,
      9.39776611328125,
      11.629717826843262,
      9.63049602508545,
      16.720928192138672,
      22.10183334350586,
      25.475923538208008,
      30.310705184936523,
      30.912425994873047,
      34.57225036621094,
      39.618534088134766,
      43.06214904785156,
      62.50444793701172,
      35.74266052246094,
      53.148563385009766,
      35.544254302978516,
      54.175254821777344
    ],
    [
      14.309029579162598,
      7.426494121551514,
      9.803422927856445,
      8.91602611541748,
      9.711094856262207,
      9.98510456085205,
      19.445125579833984,
      15.409086227416992,
      27.050579071044922,
      21.192312240600586,
      33.06864929199219,
      25.778188705444336,
      47.690956115722656,
      35.74266052246094,
      57.717193603515625,
      41.57396697998047,
      56.49894714355469,
      45.456634521484375
    ],
    [
      14.047225952148438,
      7.871753692626953,
      10.155376434326172,
      11.382773399353027,
      9.808511734008789,
      15.738871574401855,
      22.88306999206543,
      23.892457962036133,
      30.127561569213867,
      28.20353126525879,
      33.986820220947266,
      36.833316802978516,
      39.58366012573242,
      53.148563385009766,
      41.57396697998047,
      64.52901458740234,
      40.41269302368164,
      60.20479965209961
    ],
    [
      17.708816528320312,
      6.555208683013916,
      11.829483985900879,
      9.913409233093262,
      9.317403793334961,
      9.126110076904297,
      15.443264961242676,
      12.637516975402832,
      21.61952781677246,
      17.091720581054688,
      30.157955169677734,
      23.49106216430664,
      48.8850212097168,
      35.544254302978516,
      56.49894714355469,
      40.41269302368164,
      79.76962280273438,
      64.1264419555664
    ],
    [
      24.094318389892578,
      9.366984367370605,
      16.874439239501953,
      16.973426818847656,
      13.685558319091797,
      18.289186477661133,
      20.757816314697266,
      23.573867797851562,
      25.653654098510742,
      23.884761810302734,
      33.53469467163086,
      35.134151458740234,
      45.16741180419922,
      54.175254821777344,
      45.456634521484375,
      60.20479965209961,
      64.1264419555664,
      110.51710510253906
    ]
  ],
  "drr": 13.362580299377441,
  "dynamics": 3.3735928535461426,
  "format": 1245190,
  "frames": 10696704,
  "loudness": -16.421649932861328,
  "loudness_range": 8.374141693115234,
  "loudness_range_short": 11.773918151855469,
  "peak": -2.0508716106414795,
  "rms": -18.543933868408203,
  "sample_rate": 44100,
  "sections": 1,
  "seekable": 1,
  "sharpness": 2.972752094268799,
  "space": -7.3701982498168945
}