{
  "bands": [
    {
      "high_freq": 148.1999969482422,
      "loudness": -30.55452537536621,
      "loudness_range": 22.315324783325195,
      "mid_mean": -27.046737670898438,
      "mid_to_side_loudness": -16.473796844482422,
      "mid_to_side_loudness_range": 15.574258804321289,
      "side_mean": -44.67628860473633
    },
    {
      "high_freq": 392.3793640136719,
      "loudness": -30.24220848083496,
      "loudness_range": 16.403730392456055,
      "low_freq": 148.1999969482422,
      "mid_mean": -28.152992248535156,
      "mid_to_side_loudness": -4.633991241455078,
      "mid_to_side_loudness_range": 12.13054084777832,
      "side_mean": -33.19319152832031
    },
    {
      "high_freq": 794.6976318359375,
      "loudness": -29.93842315673828,
      "loudness_range": 22.471296310424805,
      "low_freq": 392.3793640136719,
      "mid_mean": -30.289873123168945,
      "mid_to_side_loudness": 1.0029959678649902,
      "mid_to_side_loudness_range": 10.381321907043457,
      "side_mean": -29.08545684814453
    },
    {
      "high_freq": 1457.5709228515625,
      "loudness": -34.33477020263672,
      "loudness_range": 26.60819435119629,
      "low_freq": 794.6976318359375,
      "mid_mean": -33.113800048828125,
      "mid_to_side_loudness": -2.293097734451294,
      "mid_to_side_loudness_range": 10.628728866577148,
      "side_mean": -35.181182861328125
    },
    {
      "high_freq": 2549.74365234375,
      "loudness": -40.59526824951172,
      "loudness_range": 23.77449607849121,
      "low_freq": 1457.5709228515625,
      "mid_mean": -39.11827087402344,
      "mid_to_side_loudness": -2.610748529434204,
      "mid_to_side_loudness_range": 7.718661785125732,
      "side_mean": -41.87397003173828
    },
    {
      "high_freq": 4349.24462890625,
      "loudness": -44.304805755615234,
      "loudness_range": 24.69099235534668,
      "low_freq": 2549.74365234375,
      "mid_mean": -43.13582229614258,
      "mid_to_side_loudness": -2.4915623664855957,
      "mid_to_side_loudness_range": 10.264477729797363,
      "side_mean": -45.963279724121094
    },
    {
      "high_freq": 7314.1640625,
      "loudness": -47.42976379394531,
      "loudness_range": 21.61972427368164,
      "low_freq": 4349.24462890625,
      "mid_mean": -45.98038864135742,
      "mid_to_side_loudness": -3.892756700515747,
      "mid_to_side_loudness_range": 9.4746675491333,
      "side_mean": -52.140628814697266
    },
    {
      "high_freq": 12199.2666015625,
      "loudness": -52.42670440673828,
      "loudness_range": 19.100967407226562,
      "low_freq": 7314.1640625,
      "mid_mean": -53.26251220703125,
      "mid_to_side_loudness": -4.0288615226745605,
      "mid_to_side_loudness_range": 6.318912029266357,
      "side_mean": -56.75971221923828
    },
    {
      "loudness": -55.88102340698242,
      "loudness_range": 19.000709533691406,
      "low_freq": 12199.2666015625,
      "mid_mean": -56.12871551513672,
      "mid_to_side_loudness": -4.788461685180664,
      "mid_to_side_loudness_range": 4.718982219696045,
      "side_mean": -60.167694091796875
    }
  ],
  "bands_short": [
    {
      "high_freq": 148.1999969482422,
      "loudness": -33.23725891113281,
      "loudness_range": 26.44989776611328,
      "mid_mean": -29.777755737304688,
      "mid_to_side_loudness": -16.232498168945312,
      "mid_to_side_loudness_range": 18.44610595703125,
      "side_mean": -47.164180755615234
    },
    {
      "high_freq": 392.3793640136719,
      "loudness": -29.94171905517578,
      "loudness_range": 16.91774559020996,
      "low_freq": 148.1999969482422,
      "mid_mean": -27.65213966369629,
      "mid_to_side_loudness": -5.84666633605957,
      "mid_to_side_loudness_range": 15.386107444763184,
      "side_mean": -33.95261764526367
    },
    {
      "high_freq": 794.6976318359375,
      "loudness": -30.971378326416016,
      "loudness_range": 24.258941650390625,
      "low_freq": 392.3793640136719,
      "mid_mean": -31.198307037353516,
      "mid_to_side_loudness": 0.6139042973518372,
      "mid_to_side_loudness_range": 12.387754440307617,
      "side_mean": -30.436744689941406
    },
    {
      "high_freq": 1457.5709228515625,
      "loudness": -34.767555236816406,
      "loudness_range": 26.56874656677246,
      "low_freq": 794.6976318359375,
      "mid_mean": -33.76401901245117,
      "mid_to_side_loudness": -2.001558303833008,
      "mid_to_side_loudness_range": 12.564233779907227,
      "side_mean": -35.59065246582031
    },
    {
      "high_freq": 2549.74365234375,
      "loudness": -42.02338409423828,
      "loudness_range": 26.67893409729004,
      "low_freq": 1457.5709228515625,
      "mid_mean": -40.75240707397461,
      "mid_to_side_loudness": -2.461941957473755,
      "mid_to_side_loudness_range": 9.114480018615723,
      "side_mean": -43.28302764892578
    },
    {
      "high_freq": 4349.24462890625,
      "loudness": -45.6594123840332,
      "loudness_range": 27.156169891357422,
      "low_freq": 2549.74365234375,
      "mid_mean": -45.14781188964844,
      "mid_to_side_loudness": -1.8945410251617432,
      "mid_to_side_loudness_range": 9.911223411560059,
      "side_mean": -47.3106803894043
    },
    {
      "high_freq": 7314.1640625,
      "loudness": -50.10365676879883,
      "loudness_range": 26.79775619506836,
      "low_freq": 4349.24462890625,
      "mid_mean": -51.934234619140625,
      "mid_to_side_loudness": -2.7123122215270996,
      "mid_to_side_loudness_range": 9.783588409423828,
      "side_mean": -54.29188537597656
    },
    {
      "high_freq": 12199.2666015625,
      "loudness": -53.807552337646484,
      "loudness_range": 23.192157745361328,
      "low_freq": 7314.1640625,
      "mid_mean": -56.18667221069336,
      "mid_to_side_loudness": -3.3594064712524414,
      "mid_to_side_loudness_range": 6.108012676239014,
      "side_mean": -58.85999298095703
    },
    {
      "loudness": -61.05813217163086,
      "loudness_range": 30.562816619873047,
      "low_freq": 12199.2666015625,
      "mid_mean": -60.98593521118164,
      "mid_to_side_loudness": -3.8891046047210693,
      "mid_to_side_loudness_range": 5.140841960906982,
      "side_mean": -63.72686767578125
    }
  ],
  "channels": 2,
  "covariance": [
    [
      61.52165603637695,
      34.80251693725586,
      21.737863540649414,
      20.508371353149414,
      19.258544921875,
      15.459185600280762,
      22.06475257873535,
      22.506216049194336,
      21.286270141601562,
      21.05070686340332,
      24.095294952392578,
      24.02759552001953,
      22.57120132446289,
      38.951263427734375,
      43.53883361816406,
      36.616661071777344,
      37.21298599243164,
      27.790109634399414
    ],
    [
      34.80251693725586,
      40.91984939575195,
      23.978361129760742,
      24.220090866088867,
      23.835899353027344,
      21.494834899902344,
      25.37289047241211,
      27.051931381225586,
      23.898714065551758,
      25.551610946655273,
      23.620431900024414,
      27.44349479675293,
      20.535175323486328,
      39.11181640625,
      36.710289001464844,
      32.091461181640625,
      30.59974479675293,
      23.457500457763672
    ],
    [
      21.737863540649414,
      23.978361129760742,
      37.90230178833008,
      36.22667694091797,
      22.936904907226562,
      24.886945724487305,
      21.16860580444336,
      23.22675323486328,
      21.6750431060791,
      24.661754608154297,
      21.800552368164062,
      25.573366165161133,
      17.184558868408203,
      32.381317138671875,
      26.736682891845703,
      23.72701644897461,
      21.97920036315918,
      17.118412017822266
    ],
    [
      20.508371353149414,
      24.220090866088867,
      36.22667694091797,
      57.56589126586914,
      24.881074905395508,
      28.909940719604492,
      23.630643844604492,
      24.389570236206055,
      24.759082794189453,
      27.75351905822754,
      23.18867301940918,
      28.426076889038086,
      17.242568969726562,
      33.18747329711914,
      26.391359329223633,
      23.290651321411133,
      21.854347229003906,
      17.003170013427734
    ],
    [
      19.258544921875,
      23.835899353027344,
      22.936904907226562,
      24.881074905395508,
      65.0094985961914,
      57.63022994995117,
      45.906803131103516,
      47.10637664794922,
      53.20858383178711,
      55.191524505615234,
      44.23796844482422,
      61.51164627075195,
      30.61263656616211,
      53.60639190673828,
      33.95676040649414,
      35.41094207763672,
      25.325212478637695,
      21.02666664123535
    ],
    [
      15.459185600280762,
      21.494834899902344,
      24.886945724487305,
      28.909940719604492,
      57.63022994995117,
      68.09891510009766,
      39.98271560668945,
      45.67177963256836,
      47.66372299194336,
      50.27785110473633,
      42.11210632324219,
      57.03448486328125,
      27.957834243774414,
      49.19691848754883,
      30.310379028320312,
      31.29851722717285,
      23.21352195739746,
      19.446182250976562
    ],
    [
      22.06475257873535,
      25.37289047241211,
      21.16860580444336,
      23.630643844604492,
      45.906803131103516,
      39.98271560668945,
      79.96527862548828,
      76.59427642822266,
      57.53968048095703,
      62.996925354003906,
      49.23837661743164,
      66.27766418457031,
      36.599063873291016,
      62.2104606628418,
      40.757205963134766,
      43.129329681396484,
      30.93467903137207,
      25.161191940307617
    ],
    [
      22.506216049194336,
      27.051931381225586,
      23.22675323486328,
      24.389570236206055,
      47.10637664794922,
      45.67177963256836,
      76.59427642822266,
      88.2216567993164,
      59.22282028198242,
      65.47225952148438,
      53.56242370605469,
      69.6587142944336,
      38.8151741027832,
      64.5645980834961,
      42.1768684387207,
      44.832244873046875,
      31.519731521606445,
      26.02227210998535
    ],
    [
      21.286270141601562,
      23.898714065551758,
      21.6750431060791,
      24.759082794189453,
      53.20858383178711,
      47.66372299194336,
      57.53968048095703,
      59.22282028198242,
      73.7670669555664,
      70.00960540771484,
      59.93345642089844,
      76.4013900756836,
      43.52156448364258,
      65.59107971191406,
      42.24652862548828,
      45.119258880615234,
      31.185985565185547,
      26.312744140625
    ],
    [
      21.05070686340332,
      25.551610946655273,
      24.661754608154297,
      27.75351905822754,
      55.191524505615234,
      50.27785110473633,
      62.996925354003906,
      65.47225952148438,
      70.00960540771484,
      78.47528076171875,
      56.68564224243164,
      76.52477264404297,
      39.08179473876953,
      65.20532989501953,
      39.91807556152344,
      43.277339935302734,
      29.776514053344727,
      25.139087677001953
    ],
    [
      24.095294952392578,
      23.620431900024414,
      21.800552368164062,
      23.18867301940918,
      44.23796844482422,
      42.11210632324219,
      49.23837661743164,
      53.56242370605469,
      59.93345642089844,
      56.68564224243164,
      72.08208465576172,
      75.24169158935547,
      56.06376647949219,
      70.02487182617188,
      53.8685302734375,
      54.10823440551758,
      42.94781494140625,
      35.74458694458008
    ],
    [
      24.02759552001953,
      27.44349479675293,
      25.573366165161133,
      28.426076889038086,
      61.51164627075195,
      57.03448486328125,
      66.27766418457031,
      69.6587142944336,
      76.4013900756836,
      76.52477264404297,
      75.24169158935547,
      97.35800170898438,
      55.50767135620117,
      80.56660461425781,
      53.388492584228516,
      56.78852462768555,
      40.48387145996094,
      34.1408805847168
    ],
    [
      22.57120132446289,
      20.535175323486328,
      17.184558868408203,
      17.242568969726562,
      30.61263656616211,
      27.957834243774414,
      36.599063873291016,
      38.8151741027832,
      43.52156448364258,
      39.08179473876953,
      56.06376647949219,
      55.50767135620117,
      62.702457427978516,
      61.625144958496094,
      55.768245697021484,
      54.27223587036133,
      46.405487060546875,
      38.35414505004883
    ],
    [
      38.951263427734375,
      39.11181640625,
      32.381317138671875,
      33.18747329711914,
      53.60639190673828,
      49.19691848754883,
      62.2104606628418,
      64.5645980834961,
      65.59107971191406,
      65.20532989501953,
      70.02487182617188,
      80.56660461425781,
      61.625144958496094,
      100.59220123291016,
      81.3529281616211,
      76.99131774902344,
      65.4483413696289,
      51.74504852294922
    ],
    [
      43.53883361816406,
      36.710289001464844,
      26.736682891845703,
      26.391359329223633,
      33.95676040649414,
      30.310379028320312,
      40.757205963134766,
      42.1768684387207,
      42.24652862548828,
      39.91807556152344,
      53.8685302734375,
      53.388492584228516,
      55.768245697021484,
      81.3529281616211,
      86.65814971923828,
      76.0628662109375,
      75.23381805419922,
      59.00185012817383
    ],
    [
      36.616661071777344,
      32.091461181640625,
      23.72701644897461,
      23.290651321411133,
      35.41094207763672,
      31.29851722717285,
      43.129329681396484,
      44.832244873046875,
      45.119258880615234,
      43.277339935302734,
      54.10823440551758,
      56.78852462768555,
      54.27223587036133,
      76.99131774902344,
      76.0628662109375,
      70.79999542236328,
      64.11911010742188,
      51.43324661254883
    ],
    [
      37.21298599243164,
      30.59974479675293,
      21.97920036315918,
      21.854347229003906,
      25.325212478637695,
      23.21352195739746,
      30.93467903137207,
      31.519731521606445,
      31.185985565185547,
      29.776514053344727,
      42.94781494140625,
      40.48387145996094,
      46.405487060546875,
      65.4483413696289,
      75.23381805419922,
      64.11911010742188,
      74.4537582397461,
      58.88109588623047
    ],
    [
      27.790109634399414,
      23.457500457763672,
      17.118412017822266,
      17.003170013427734,
      21.02666664123535,
      19.446182250976562,
      25.161191940307617,
      26.02227210998535,
      26.312744140625,
      25.139087677001953,
      35.74458694458008,
      34.1408805847168,
      38.35414505004883,
      51.74504852294922,
      59.00185012817383,
      51.43324661254883,
      58.88109588623047,
      47.79279708862305
    ]
  ],
  "covariance_short": [
    [
      81.86016845703125,
      44.1922721862793,
      29.689788818359375,
      21.95041275024414,
      17.708711624145508,
      14.357006072998047,
      21.783340454101562,
      22.158708572387695,
      22.174209594726562,
      21.13372230529785,
      24.559642791748047,
      23.83130645751953,
      45.157798767089844,
      38.41276931762695,
      42.040138244628906,
      35.24546432495117,
      31.73194122314453,
      23.277353286743164
    ],
    [
      44.1922721862793,
      52.0946159362793,
      26.7728271484375,
      23.478778839111328,
      22.587867736816406,
      20.03240394592285,
      25.144481658935547,
      26.27229118347168,
      24.164871215820312,
      24.58007049560547,
      24.756099700927734,
      27.27240753173828,
      40.603797912597656,
      37.22653579711914,
      35.45181655883789,
      30.491043090820312,
      24.250429153442383,
      17.667098999023438
    ],
    [
      29.689788818359375,
      26.7728271484375,
      42.3921012878418,
      34.826332092285156,
      26.540340423583984,
      27.656288146972656,
      23.542800903320312,
      25.170541763305664,
      26.411794662475586,
      27.296630859375,
      26.01412582397461,
      28.47129249572754,
      37.345794677734375,
      34.95623016357422,
      31.1998233795166,
      27.067384719848633,
      22.647300720214844,
      16.856342315673828
    ],
    [
      21.95041275024414,
      23.478778839111328,
      34.826332092285156,
      60.73479080200195,
      27.506128311157227,
      33.53343200683594,
      24.993488311767578,
      25.434099197387695,
      27.471715927124023,
      29.72968101501465,
      24.321531295776367,
      29.641855239868164,
      31.888408660888672,
      31.473194122314453,
      24.99024772644043,
      21.946699142456055,
      16.6591796875,
      12.421004295349121
    ],
    [
      17.708711624145508,
      22.587867736816406,
      26.540340423583984,
      27.506128311157227,
      73.83084106445312,
      65.02493286132812,
      50.43675994873047,
      49.41908264160156,
      61.306034088134766,
      62.00129318237305,
      53.32688903808594,
      67.33698272705078,
      53.34320831298828,
      56.670196533203125,
      36.554908752441406,
      35.22541809082031,
      23.428146362304688,
      17.696243286132812
    ],
    [
      14.357006072998047,
      20.03240394592285,
      27.656288146972656,
      33.53343200683594,
      65.02493286132812,
      79.80266571044922,
      45.48163604736328,
      48.69884490966797,
      55.62932586669922,
      57.57322692871094,
      48.847007751464844,
      62.62307357788086,
      46.419944763183594,
      51.63447952270508,
      31.345022201538086,
      30.487302780151367,
      20.159128189086914,
      15.383834838867188
    ],
    [
      21.783340454101562,
      25.144481658935547,
      23.542800903320312,
      24.993488311767578,
      50.43675994873047,
      45.48163604736328,
      82.76605987548828,
      76.0450210571289,
      64.667236328125,
      67.2009048461914,
      57.63931655883789,
      72.25125885009766,
      60.39222717285156,
      64.01520538330078,
      42.41432189941406,
      41.820640563964844,
      27.522201538085938,
      20.844022750854492
    ],
    [
      22.158708572387695,
      26.27229118347168,
      25.170541763305664,
      25.434099197387695,
      49.41908264160156,
      48.69884490966797,
      76.0450210571289,
      90.59248352050781,
      64.34027862548828,
      68.00689697265625,
      59.37350082397461,
      73.07481384277344,
      59.66360092163086,
      65.33519744873047,
      43.49174118041992,
      42.878299713134766,
      27.63023567199707,
      20.939115524291992
    ],
    [
      22.174209594726562,
      24.164871215820312,
      26.411794662475586,
      27.471715927124023,
      61.306034088134766,
      55.62932586669922,
      64.667236328125,
      64.34027862548828,
      88.70307922363281,
      80.9499282836914,
      73.38056182861328,
      86.22435760498047,
      71.25153350830078,
      74.55989074707031,
      51.41886901855469,
      49.51060104370117,
      34.210628509521484,
      26.097640991210938
    ],
    [
      21.13372230529785,
      24.58007049560547,
      27.296630859375,
      29.72968101501465,
      62.00129318237305,
      57.57322692871094,
      67.2009048461914,
      68.00689697265625,
      80.9499282836914,
      88.5079116821289,
      69.37132263183594,
      85.2079849243164,
      65.61068725585938,
      71.28643035888672,
      45.98497772216797,
      45.41753387451172,
      29.589744567871094,
      22.620908737182617
    ],
    [
      24.559642791748047,
      24.756099700927734,
      26.01412582397461,
      24.321531295776367,
      53.32688903808594,
      48.847007751464844,
      57.63931655883789,
      59.37350082397461,
      73.38056182861328,
      69.37132263183594,
      92.32067108154297,
      91.67469024658203,
      87.23270416259766,
      85.83125305175781,
      70.3023452758789,
      64.64759063720703,
      51.896583557128906,
      39.68886184692383
    ],
    [
      23.83130645751953,
      27.27240753173828,
      28.47129249572754,
      29.641855239868164,
      67.33698272705078,
      62.62307357788086,
      72.25125885009766,
      73.07481384277344,
      86.22435760498047,
      85.2079849243164,
      91.67469024658203,
      109.6846694946289,
      86.82115936279297,
      90.95027923583984,
      65.82424926757812,
      62.968936920166016,
      44.55760955810547,
      33.92904281616211
    ],
    [
      45.157798767089844,
      40.603797912597656,
      37.345794677734375,
      31.888408660888672,
      53.34320831298828,
      46.419944763183594,
      60.39222717285156,
      59.66360092163086,
      71.25153350830078,
      65.61068725585938,
      87.23270416259766,
      86.82115936279297,
      123.63140106201172,
      110.62114715576172,
      101.93904113769531,
      88.70381927490234,
      76.61316680908203,
      57.56431579589844
    ],
    [
      38.41276931762695,
      37.22653579711914,
      34.95623016357422,
      31.473194122314453,
      56.670196533203125,
      51.63447952270508,
      64.01520538330078,
      65.33519744873047,
      74.55989074707031,
      71.28643035888672,
      85.83125305175781,
      90.95027923583984,
      110.62114715576172,
      108.0737533569336,
      89.75296783447266,
      81.31532287597656,
      64.67284393310547,
      48.727020263671875
    ],
    [
      42.040138244628906,
      35.45181655883789,
      31.1998233795166,
      24.99024772644043,
      36.554908752441406,
      31.345022201538086,
      42.41432189941406,
      43.49174118041992,
      51.41886901855469,
      45.98497772216797,
      70.3023452758789,
      65.82424926757812,
      101.93904113769531,
      89.75296783447266,
      100.89939880371094,
      86.29830932617188,
      78.99026489257812,
      59.36570358276367
    ],
    [
      35.24546432495117,
      30.491043090820312,
      27.067384719848633,
      21.946699142456055,
      35.22541809082031,
      30.487302780151367,
      41.820640563964844,
      42.878299713134766,
      49.51060104370117,
      45.41753387451172,
      64.64759063720703,
      62.968936920166016,
      88.70381927490234,
      81.31532287597656,
      86.29830932617188,
      77.0353012084961,
      67.13638305664062,
      50.897640228271484
    ],
    [
      31.73194122314453,
      24.250429153442383,
      22.647300720214844,
      16.6591796875,
      23.428146362304688,
      20.159128189086914,
      27.522201538085938,
      27.63023567199707,
      34.210628509521484,
      29.589744567871094,
      51.896583557128906,
      44.55760955810547,
      76.61316680908203,
      64.67284393310547,
      78.99026489257812,
      67.13638305664062,
      79.51731872558594,
      61.63326644897461
    ],
    [
      23.277353286743164,
      17.667098999023438,
      16.856342315673828,
      12.421004295349121,
      17.696243286132812,
      15.383834838867188,
      20.844022750854492,
      20.939115524291992,
      26.097640991210938,
      22.620908737182617,
      39.68886184692383,
      33.92904281616211,
      57.56431579589844,
      48.727020263671875,
      59.36570358276367,
      50.897640228271484,
      61.63326644897461,
      49.09793472290039
    ]
  ],
  "drr": 8.136457443237305,
  "dynamics": 4.978058815002441,
  "format": 1245190,
  "frames": 12470272,
  "loudness": -18.676294326782227,
  "loudness_range": 15.303380012512207,
  "loudness_range_short": 17.600435256958008,
  "peak": -0.27839329838752747,
  "rms": -18.862722396850586,
  "sample_rate": 44100,
  "sections": 1,
  "seekable": 1,
  "sharpness": 3.1574511528015137,
  "space": -4.0190887451171875
}