{
  "bands": [
    {
      "high_freq": 148.1999969482422,
      "loudness": -39.02874755859375,
      "loudness_range": 19.690736770629883,
      "mid_mean": -37.59796142578125,
      "mid_to_side_loudness": -2.4066996574401855,
      "mid_to_side_loudness_range": 9.787479400634766,
      "side_mean": -40.05153274536133
    },
    {
      "high_freq": 392.3793640136719,
      "loudness": -29.137948989868164,
      "loudness_range": 15.960670471191406,
      "low_freq": 148.1999969482422,
      "mid_mean": -27.312152862548828,
      "mid_to_side_loudness": -3.8675529956817627,
      "mid_to_side_loudness_range": 11.994966506958008,
      "side_mean": -31.356658935546875
    },
    {
      "high_freq": 794.6976318359375,
      "loudness": -29.716026306152344,
      "loudness_range": 17.167200088500977,
      "low_freq": 392.3793640136719,
      "mid_mean": -27.572805404663086,
      "mid_to_side_loudness": -5.155855655670166,
      "mid_to_side_loudness_range": 13.94768238067627,
      "side_mean": -32.776248931884766
    },
    {
      "high_freq": 1457.5709228515625,
      "loudness": -34.184513092041016,
      "loudness_range": 19.095046997070312,
      "low_freq": 794.6976318359375,
      "mid_mean": -32.36642074584961,
      "mid_to_side_loudness": -4.04219388961792,
      "mid_to_side_loudness_range": 12.474950790405273,
      "side_mean": -36.3614616394043
    },
    {
      "high_freq": 2549.74365234375,
      "loudness": -36.180355072021484,
      "loudness_range": 22.900732040405273,
      "low_freq": 1457.5709228515625,
      "mid_mean": -34.196449279785156,
      "mid_to_side_loudness": -5.781154155731201,
      "mid_to_side_loudness_range": 11.995660781860352,
      "side_mean": -38.56191635131836
    },
    {
      "high_freq": 4349.24462890625,
      "loudness": -35.77303695678711,
      "loudness_range": 12.641681671142578,
      "low_freq": 2549.74365234375,
      "mid_mean": -34.27082443237305,
      "mid_to_side_loudness": -3.52909779548645,
      "mid_to_side_loudness_range": 8.615131378173828,
      "side_mean": -38.437381744384766
    },
    {
      "high_freq": 7314.1640625,
      "loudness": -45.80512237548828,
      "loudness_range": 16.417407989501953,
      "low_freq": 4349.24462890625,
      "mid_mean": -46.96932601928711,
      "mid_to_side_loudness": -4.288878917694092,
      "mid_to_side_loudness_range": 8.925567626953125,
      "side_mean": -52.22343444824219
    },
    {
      "high_freq": 12199.2666015625,
      "loudness": -57.517696380615234,
      "loudness_range": 25.767684936523438,
      "low_freq": 7314.1640625,
      "mid_mean": -55.3985595703125,
      "mid_to_side_loudness": -3.140177011489868,
      "mid_to_side_loudness_range": 6.428272724151611,
      "side_mean": -58.395172119140625
    },
    {
      "loudness": -64.06629180908203,
      "loudness_range": 12.111076354980469,
      "low_freq": 12199.2666015625,
      "mid_mean": -61.99636459350586,
      "mid_to_side_loudness": -1.0366101264953613,
      "mid_to_side_loudness_range": 2.991164445877075,
      "side_mean": -62.897186279296875
    }
  ],
  "bands_short": [
    {
      "high_freq": 148.1999969482422,
      "loudness": -42.132415771484375,
      "loudness_range": 18.04068374633789,
      "mid_mean": -40.34607696533203,
      "mid_to_side_loudness": -3.4129090309143066,
      "mid_to_side_loudness_range": 10.642497062683105,
      "side_mean": -43.83908462524414
    },
    {
      "high_freq": 392.3793640136719,
      "loudness": -29.0966796875,
      "loudness_range": 15.8155517578125,
      "low_freq": 148.1999969482422,
      "mid_mean": -27.4493465423584,
      "mid_to_side_loudness": -3.6931400299072266,
      "mid_to_side_loudness_range": 13.937686920166016,
      "side_mean": -31.268779754638672
    },
    {
      "high_freq": 794.6976318359375,
      "loudness": -29.842079162597656,
      "loudness_range": 17.891508102416992,
      "low_freq": 392.3793640136719,
      "mid_mean": -27.831806182861328,
      "mid_to_side_loudness": -5.08101224899292,
      "mid_to_side_loudness_range": 15.89726448059082,
      "side_mean": -32.99656677246094
    },
    {
      "high_freq": 1457.5709228515625,
      "loudness": -34.26221466064453,
      "loudness_range": 19.907224655151367,
      "low_freq": 794.6976318359375,
      "mid_mean": -32.63129806518555,
      "mid_to_side_loudness": -4.058372974395752,
      "mid_to_side_loudness_range": 14.813167572021484,
      "side_mean": -36.67298126220703
    },
    {
      "high_freq": 2549.74365234375,
      "loudness": -36.69490051269531,
      "loudness_range": 23.168930053710938,
      "low_freq": 1457.5709228515625,
      "mid_mean": -34.859439849853516,
      "mid_to_side_loudness": -5.561755657196045,
      "mid_to_side_loudness_range": 13.408712387084961,
      "side_mean": -39.151153564453125
    },
    {
      "high_freq": 4349.24462890625,
      "loudness": -35.884620666503906,
      "loudness_range": 13.583589553833008,
      "low_freq": 2549.74365234375,
      "mid_mean": -34.29555892944336,
      "mid_to_side_loudness": -3.347022294998169,
      "mid_to_side_loudness_range": 10.039589881896973,
      "side_mean": -38.21446990966797
    },
    {
      "high_freq": 7314.1640625,
      "loudness": -45.824920654296875,
      "loudness_range": 17.43242645263672,
      "low_freq": 4349.24462890625,
      "mid_mean": -47.65431594848633,
      "mid_to_side_loudness": -3.925077199935913,
      "mid_to_side_loudness_range": 9.442208290100098,
      "side_mean": -52.37351608276367
    },
    {
      "high_freq": 12199.2666015625,
      "loudness": -58.43452453613281,
      "loudness_range": 25.857635498046875,
      "low_freq": 7314.1640625,
      "mid_mean": -56.293663024902344,
      "mid_to_side_loudness": -2.8425586223602295,
      "mid_to_side_loudness_range": 6.892861843109131,
      "side_mean": -58.97568893432617
    },
    {
      "loudness": -64.51668548583984,
      "loudness_range": 12.656208038330078,
      "low_freq": 12199.2666015625,
      "mid_mean": -62.41559982299805,
      "mid_to_side_loudness": -0.8544069528579712,
      "mid_to_side_loudness_range": 3.331085681915283,
      "side_mean": -63.15217590332031
    }
  ],
  "channels": 2,
  "covariance": [
    [
      44.487281799316406,
      41.03347396850586,
      7.414915561676025,
      20.477109909057617,
      8.217071533203125,
      19.773996353149414,
      15.903827667236328,
      23.296232223510742,
      27.443408966064453,
      14.827991485595703,
      6.784141540527344,
      6.342790603637695,
      39.721656799316406,
      35.01810073852539,
      28.415918350219727,
      21.474491119384766,
      8.752298355102539,
      7.096861839294434
    ],
    [
      41.03347396850586,
      49.547935485839844,
      6.892336845397949,
      21.36079978942871,
      8.0325927734375,
      20.21074104309082,
      17.658565521240234,
      25.985136032104492,
      31.87578773498535,
      17.281644821166992,
      8.690689086914062,
      9.62414264678955,
      43.786659240722656,
      37.937904357910156,
      31.12955093383789,
      23.671703338623047,
      8.710733413696289,
      6.961009502410889
    ],
    [
      7.414915561676025,
      6.892336845397949,
      36.79079818725586,
      27.313682556152344,
      23.742538452148438,
      17.074472427368164,
      26.96381187438965,
      18.273704528808594,
      14.601351737976074,
      7.565441131591797,
      11.189889907836914,
      3.705458164215088,
      21.26755142211914,
      14.46031379699707,
      24.892152786254883,
      18.381216049194336,
      11.147543907165527,
      8.870760917663574
    ],
    [
      20.477109909057617,
      21.36079978942871,
      27.313682556152344,
      38.96412658691406,
      16.184640884399414,
      21.144731521606445,
      26.193145751953125,
      26.30023956298828,
      24.228267669677734,
      9.118443489074707,
      9.15225887298584,
      1.0445847511291504,
      37.61138916015625,
      27.462764739990234,
      33.07514190673828,
      23.958539962768555,
      12.178775787353516,
      9.127725601196289
    ],
    [
      8.217071533203125,
      8.0325927734375,
      23.742538452148438,
      16.184640884399414,
      39.596439361572266,
      26.561378479003906,
      28.223268508911133,
      18.924837112426758,
      19.935882568359375,
      19.27147674560547,
      16.877422332763672,
      17.012496948242188,
      22.7672061920166,
      18.557531356811523,
      24.273574829101562,
      19.55893325805664,
      10.838292121887207,
      9.3313570022583
    ],
    [
      19.773996353149414,
      20.21074104309082,
      17.074472427368164,
      21.144731521606445,
      26.561378479003906,
      37.33018112182617,
      24.405059814453125,
      27.468473434448242,
      25.350664138793945,
      18.547666549682617,
      9.481830596923828,
      10.612998008728027,
      33.183441162109375,
      27.082687377929688,
      26.830181121826172,
      21.151762008666992,
      10.203621864318848,
      8.513253211975098
    ],
    [
      15.903827667236328,
      17.658565521240234,
      26.96381187438965,
      26.193145751953125,
      28.223268508911133,
      24.405059814453125,
      52.87164306640625,
      42.221378326416016,
      42.15106964111328,
      27.37150764465332,
      32.74896240234375,
      27.04743194580078,
      53.10489273071289,
      39.52094650268555,
      47.359622955322266,
      35.492820739746094,
      18.79456901550293,
      14.631293296813965
    ],
    [
      23.296232223510742,
      25.985136032104492,
      18.273704528808594,
      26.30023956298828,
      18.924837112426758,
      27.468473434448242,
      42.221378326416016,
      54.35344314575195,
      47.41716384887695,
      30.6837158203125,
      26.699960708618164,
      26.767452239990234,
      62.84992218017578,
      50.574745178222656,
      46.62434387207031,
      35.90559768676758,
      17.582576751708984,
      13.910201072692871
    ],
    [
      27.443408966064453,
      31.87578773498535,
      14.601351737976074,
      24.228267669677734,
      19.935882568359375,
      25.350664138793945,
      42.15106964111328,
      47.41716384887695,
      70.81114959716797,
      38.21506118774414,
      33.4406623840332,
      31.74306297302246,
      77.69352722167969,
      59.42867660522461,
      60.296363830566406,
      46.643592834472656,
      22.949705123901367,
      18.099279403686523
    ],
    [
      14.827991485595703,
      17.281644821166992,
      7.565441131591797,
      9.118443489074707,
      19.27147674560547,
      18.547666549682617,
      27.37150764465332,
      30.6837158203125,
      38.21506118774414,
      41.541988372802734,
      23.770307540893555,
      28.720056533813477,
      44.92029571533203,
      38.67534255981445,
      33.185394287109375,
      27.182937622070312,
      13.068392753601074,
      11.23057746887207
    ],
    [
      6.784141540527344,
      8.690689086914062,
      11.189889907836914,
      9.15225887298584,
      16.877422332763672,
      9.481830596923828,
      32.74896240234375,
      26.699960708618164,
      33.4406623840332,
      23.770307540893555,
      39.42379379272461,
      31.380199432373047,
      39.58737564086914,
      30.880630493164062,
      36.05036544799805,
      28.387920379638672,
      15.49954605102539,
      12.508169174194336
    ],
    [
      6.342790603637695,
      9.62414264678955,
      3.705458164215088,
      1.0445847511291504,
      17.012496948242188,
      10.612998008728027,
      27.04743194580078,
      26.767452239990234,
      31.74306297302246,
      28.720056533813477,
      31.380199432373047,
      41.344966888427734,
      33.9024543762207,
      31.758455276489258,
      25.637474060058594,
      22.534757614135742,
      11.021143913269043,
      10.151195526123047
    ],
    [
      39.721656799316406,
      43.786659240722656,
      21.26755142211914,
      37.61138916015625,
      22.7672061920166,
      33.183441162109375,
      53.10489273071289,
      62.84992218017578,
      77.69352722167969,
      44.92029571533203,
      39.58737564086914,
      33.9024543762207,
      111.3287124633789,
      84.98088073730469,
      80.49871826171875,
      61.054954528808594,
      30.346988677978516,
      23.682809829711914
    ],
    [
      35.01810073852539,
      37.937904357910156,
      14.46031379699707,
      27.462764739990234,
      18.557531356811523,
      27.082687377929688,
      39.52094650268555,
      50.574745178222656,
      59.42867660522461,
      38.67534255981445,
      30.880630493164062,
      31.758455276489258,
      84.98088073730469,
      81.580810546875,
      67.08439636230469,
      52.69979476928711,
      27.477643966674805,
      22.92729377746582
    ],
    [
      28.415918350219727,
      31.12955093383789,
      24.892152786254883,
      33.07514190673828,
      24.273574829101562,
      26.830181121826172,
      47.359622955322266,
      46.62434387207031,
      60.296363830566406,
      33.185394287109375,
      36.05036544799805,
      25.637474060058594,
      80.49871826171875,
      67.08439636230469,
      76.82830810546875,
      58.2546272277832,
      31.136398315429688,
      24.230806350708008
    ],
    [
      21.474491119384766,
      23.671703338623047,
      18.381216049194336,
      23.958539962768555,
      19.55893325805664,
      21.151762008666992,
      35.492820739746094,
      35.90559768676758,
      46.643592834472656,
      27.182937622070312,
      28.387920379638672,
      22.534757614135742,
      61.054954528808594,
      52.69979476928711,
      58.2546272277832,
      45.88930130004883,
      24.188800811767578,
      19.638330459594727
    ],
    [
      8.752298355102539,
      8.710733413696289,
      11.147543907165527,
      12.178775787353516,
      10.838292121887207,
      10.203621864318848,
      18.79456901550293,
      17.582576751708984,
      22.949705123901367,
      13.068392753601074,
      15.49954605102539,
      11.021143913269043,
      30.346988677978516,
      27.477643966674805,
      31.136398315429688,
      24.188800811767578,
      16.11016273498535,
      12.772103309631348
    ],
    [
      7.096861839294434,
      6.961009502410889,
      8.870760917663574,
      9.127725601196289,
      9.3313570022583,
      8.513253211975098,
      14.631293296813965,
      13.910201072692871,
      18.099279403686523,
      11.23057746887207,
      12.508169174194336,
      10.151195526123047,
      23.682809829711914,
      22.92729377746582,
      24.230806350708008,
      19.638330459594727,
      12.772103309631348,
      10.949809074401855
    ]
  ],
  "covariance_short": [
    [
      43.9449462890625,
      33.434906005859375,
      10.486188888549805,
      20.093341827392578,
      7.9521565437316895,
      17.070701599121094,
      12.80437183380127,
      17.241804122924805,
      19.327648162841797,
      9.78245735168457,
      3.158780813217163,
      0.45873087644577026,
      29.755931854248047,
      26.415536880493164,
      20.70823860168457,
      15.196696281433105,
      6.875558853149414,
      5.593868255615234
    ],
    [
      33.434906005859375,
      37.29709243774414,
      7.324897289276123,
      18.439321517944336,
      5.3911356925964355,
      15.036568641662598,
      10.383554458618164,
      15.754059791564941,
      17.67726707458496,
      8.91942310333252,
      2.220508098602295,
      0.6194814443588257,
      26.999988555908203,
      24.168834686279297,
      18.35610580444336,
      13.290273666381836,
      5.160099029541016,
      4.060944080352783
    ],
    [
      10.486188888549805,
      7.324897289276123,
      38.21122360229492,
      26.51590347290039,
      25.58453369140625,
      19.260465621948242,
      26.561466217041016,
      18.445903778076172,
      16.687721252441406,
      10.420825958251953,
      10.277689933776855,
      3.504180669784546,
      22.52756118774414,
      15.304418563842773,
      22.612199783325195,
      16.849143981933594,
      9.679033279418945,
      7.798588752746582
    ],
    [
      20.093341827392578,
      18.439321517944336,
      26.51590347290039,
      40.97650909423828,
      16.95750617980957,
      22.996673583984375,
      25.68810272216797,
      26.893352508544922,
      26.51238250732422,
      13.505910873413086,
      8.598644256591797,
      2.287600517272949,
      39.72616195678711,
      29.144454956054688,
      30.535747528076172,
      22.43045997619629,
      10.405438423156738,
      7.949433326721191
    ],
    [
      7.9521565437316895,
      5.3911356925964355,
      25.58453369140625,
      16.95750617980957,
      43.65700912475586,
      26.7512149810791,
      30.326831817626953,
      20.147342681884766,
      22.2197208404541,
      19.61048698425293,
      15.362316131591797,
      12.678717613220215,
      25.24371337890625,
      19.907756805419922,
      24.598186492919922,
      19.674259185791016,
      11.099685668945312,
      9.44428539276123
    ],
    [
      17.070701599121094,
      15.036568641662598,
      19.260465621948242,
      22.996673583984375,
      26.7512149810791,
      40.40055465698242,
      25.449831008911133,
      28.486425399780273,
      26.597524642944336,
      19.925756454467773,
      10.073124885559082,
      8.59871768951416,
      34.50477981567383,
      27.900314331054688,
      26.330768585205078,
      20.87601661682129,
      10.027848243713379,
      8.387496948242188
    ],
    [
      12.80437183380127,
      10.383554458618164,
      26.561466217041016,
      25.68810272216797,
      30.326831817626953,
      25.449831008911133,
      58.21149444580078,
      42.49486541748047,
      44.488765716552734,
      30.841073989868164,
      27.120912551879883,
      20.937389373779297,
      55.288291931152344,
      41.198692321777344,
      46.500274658203125,
      35.1622428894043,
      17.858991622924805,
      14.116146087646484
    ],
    [
      17.241804122924805,
      15.754059791564941,
      18.445903778076172,
      26.893352508544922,
      20.147342681884766,
      28.486425399780273,
      42.49486541748047,
      57.17359924316406,
      47.242095947265625,
      33.24965286254883,
      21.38347053527832,
      21.16339874267578,
      63.003822326660156,
      51.217620849609375,
      43.77113723754883,
      34.04481887817383,
      15.661624908447266,
      12.656231880187988
    ],
    [
      19.327648162841797,
      17.67726707458496,
      16.687721252441406,
      26.51238250732422,
      22.2197208404541,
      26.597524642944336,
      44.488765716552734,
      47.242095947265625,
      75.14854431152344,
      42.435089111328125,
      29.20673179626465,
      25.84561538696289,
      79.81370544433594,
      62.217193603515625,
      60.181617736816406,
      46.99116134643555,
      22.862333297729492,
      18.267921447753906
    ],
    [
      9.78245735168457,
      8.91942310333252,
      10.420825958251953,
      13.505910873413086,
      19.61048698425293,
      19.925756454467773,
      30.841073989868164,
      33.24965286254883,
      42.435089111328125,
      46.52992630004883,
      20.393569946289062,
      24.02945327758789,
      50.829689025878906,
      43.4814567565918,
      36.13628387451172,
      29.41921615600586,
      13.752903938293457,
      11.67444133758545
    ],
    [
      3.158780813217163,
      2.220508098602295,
      10.277689933776855,
      8.598644256591797,
      15.362316131591797,
      10.073124885559082,
      27.120912551879883,
      21.38347053527832,
      29.20673179626465,
      20.393569946289062,
      35.638851165771484,
      26.415306091308594,
      36.10718536376953,
      29.420881271362305,
      34.029296875,
      27.066423416137695,
      15.217995643615723,
      12.26015853881836
    ],
    [
      0.45873087644577026,
      0.6194814443588257,
      3.504180669784546,
      2.287600517272949,
      12.678717613220215,
      8.59871768951416,
      20.937389373779297,
      21.16339874267578,
      25.84561538696289,
      24.02945327758789,
      26.415306091308594,
      38.394874572753906,
      29.8236083984375,
      29.94092559814453,
      22.434589385986328,
      20.22475242614746,
      9.939458847045898,
      9.198856353759766
    ],
    [
      29.755931854248047,
      26.999988555908203,
      22.52756118774414,
      39.72616195678711,
      25.24371337890625,
      34.50477981567383,
      55.288291931152344,
      63.003822326660156,
      79.81370544433594,
      50.829689025878906,
      36.10718536376953,
      29.8236083984375,
      117.3930435180664,
      91.642822265625,
      80.96220397949219,
      62.25803756713867,
      30.487539291381836,
      24.285974502563477
    ],
    [
      26.415536880493164,
      24.168834686279297,
      15.304418563842773,
      29.144454956054688,
      19.907756805419922,
      27.900314331054688,
      41.198692321777344,
      51.217620849609375,
      62.217193603515625,
      43.4814567565918,
      29.420881271362305,
      29.94092559814453,
      91.642822265625,
      88.16874694824219,
      67.74742126464844,
      53.89792251586914,
      27.528493881225586,
      23.31178855895996
    ],
    [
      20.70823860168457,
      18.35610580444336,
      22.612199783325195,
      30.535747528076172,
      24.598186492919922,
      26.330768585205078,
      46.500274658203125,
      43.77113723754883,
      60.181617736816406,
      36.13628387451172,
      34.029296875,
      22.434589385986328,
      80.96220397949219,
      67.74742126464844,
      74.87989807128906,
      57.185001373291016,
      30.529939651489258,
      24.13051986694336
    ],
    [
      15.196696281433105,
      13.290273666381836,
      16.849143981933594,
      22.43045997619629,
      19.674259185791016,
      20.87601661682129,
      35.1622428894043,
      34.04481887817383,
      46.99116134643555,
      29.41921615600586,
      27.066423416137695,
      20.22475242614746,
      62.25803756713867,
      53.89792251586914,
      57.185001373291016,
      46.13825988769531,
      24.02680015563965,
      19.823179244995117
    ],
    [
      6.875558853149414,
      5.160099029541016,
      9.679033279418945,
      10.405438423156738,
      11.099685668945312,
      10.027848243713379,
      17.858991622924805,
      15.661624908447266,
      22.862333297729492,
      13.752903938293457,
      15.217995643615723,
      9.939458847045898,
      30.487539291381836,
      27.528493881225586,
      30.529939651489258,
      24.02680015563965,
      16.689802169799805,
      13.279059410095215
    ],
    [
      5.593868255615234,
      4.060944080352783,
      7.798588752746582,
      7.949433326721191,
      9.44428539276123,
      8.387496948242188,
      14.116146087646484,
      12.656231880187988,
      18.267921447753906,
      11.67444133758545,
      12.26015853881836,
      9.198856353759766,
      24.285974502563477,
      23.31178855895996,
      24.13051986694336,
      19.823179244995117,
      13.279059410095215,
      11.600624084472656
    ]
  ],
  "drr": 7.726322174072266,
  "dynamics": 4.180883884429932,
  "format": 1245190,
  "frames": 7628800,
  "loudness": -20.320940017700195,
  "loudness_range": 12.51073932647705,
  "loudness_range_short": 13.10189151763916,
  "peak": -2.227383852005005,
  "rms": -21.234371185302734,
  "sample_rate": 44100,
  "sections": 1,
  "seekable": 1,
  "sharpness": 1.591681957244873,
  "space": -4.436779022216797
}