{
  "bands": [
    {
      "high_freq": 148.1999969482422,
      "loudness": -25.885738372802734,
      "loudness_range": 6.515537261962891,
      "mid_mean": -22.269914627075195,
      "mid_to_side_loudness": -18.127206802368164,
      "mid_to_side_loudness_range": 10.592333793640137,
      "side_mean": -40.43663024902344
    },
    {
      "high_freq": 392.3793640136719,
      "loudness": -23.641897201538086,
      "loudness_range": 5.981355667114258,
      "low_freq": 148.1999969482422,
      "mid_mean": -20.286603927612305,
      "mid_to_side_loudness": -11.746247291564941,
      "mid_to_side_loudness_range": 8.753067016601562,
      "side_mean": -32.05913543701172
    },
    {
      "high_freq": 794.6976318359375,
      "loudness": -24.420814514160156,
      "loudness_range": 10.87846565246582,
      "low_freq": 392.3793640136719,
      "mid_mean": -21.23222541809082,
      "mid_to_side_loudness": -10.387469291687012,
      "mid_to_side_loudness_range": 11.303400039672852,
      "side_mean": -31.62002944946289
    },
    {
      "high_freq": 1457.5709228515625,
      "loudness": -24.212072372436523,
      "loudness_range": 14.75186824798584,
      "low_freq": 794.6976318359375,
      "mid_mean": -21.490440368652344,
      "mid_to_side_loudness": -7.628408908843994,
      "mid_to_side_loudness_range": 12.935262680053711,
      "side_mean": -29.122419357299805
    },
    {
      "high_freq": 2549.74365234375,
      "loudness": -23.791976928710938,
      "loudness_range": 11.194211959838867,
      "low_freq": 1457.5709228515625,
      "mid_mean": -20.85991859436035,
      "mid_to_side_loudness": -8.044753074645996,
      "mid_to_side_loudness_range": 9.462638854980469,
      "side_mean": -28.90421485900879
    },
    {
      "high_freq": 4349.24462890625,
      "loudness": -25.468637466430664,
      "loudness_range": 8.763299942016602,
      "low_freq": 2549.74365234375,
      "mid_mean": -22.6165828704834,
      "mid_to_side_loudness": -7.16233491897583,
      "mid_to_side_loudness_range": 6.684017181396484,
      "side_mean": -29.78181266784668
    },
    {
      "high_freq": 7314.1640625,
      "loudness": -29.006235122680664,
      "loudness_range": 9.254816055297852,
      "low_freq": 4349.24462890625,
      "mid_mean": -26.42723274230957,
      "mid_to_side_loudness": -5.68210506439209,
      "mid_to_side_loudness_range": 6.071579933166504,
      "side_mean": -32.110557556152344
    },
    {
      "high_freq": 12199.2666015625,
      "loudness": -33.1057014465332,
      "loudness_range": 9.752096176147461,
      "low_freq": 7314.1640625,
      "mid_mean": -31.330263137817383,
      "mid_to_side_loudness": -2.7403383255004883,
      "mid_to_side_loudness_range": 4.154019355773926,
      "side_mean": -34.070377349853516
    },
    {
      "loudness": -37.89038848876953,
      "loudness_range": 11.6026611328125,
      "low_freq": 12199.2666015625,
      "mid_mean": -37.407958984375,
      "mid_to_side_loudness": 0.3586159348487854,
      "mid_to_side_loudness_range": 2.5576870441436768,
      "side_mean": -37.049198150634766
    }
  ],
  "bands_short": [
    {
      "high_freq": 148.1999969482422,
      "loudness": -30.262802124023438,
      "loudness_range": 13.767547607421875,
      "mid_mean": -26.71656608581543,
      "mid_to_side_loudness": -17.701885223388672,
      "mid_to_side_loudness_range": 17.66638946533203,
      "side_mean": -44.49350357055664
    },
    {
      "high_freq": 392.3793640136719,
      "loudness": -23.454957962036133,
      "loudness_range": 9.376136779785156,
      "low_freq": 148.1999969482422,
      "mid_mean": -20.086746215820312,
      "mid_to_side_loudness": -12.838037490844727,
      "mid_to_side_loudness_range": 12.539968490600586,
      "side_mean": -32.943153381347656
    },
    {
      "high_freq": 794.6976318359375,
      "loudness": -25.511512756347656,
      "loudness_range": 13.860139846801758,
      "low_freq": 392.3793640136719,
      "mid_mean": -22.440597534179688,
      "mid_to_side_loudness": -9.929863929748535,
      "mid_to_side_loudness_range": 13.092182159423828,
      "side_mean": -32.372806549072266
    },
    {
      "high_freq": 1457.5709228515625,
      "loudness": -24.894752502441406,
      "loudness_range": 16.67125129699707,
      "low_freq": 794.6976318359375,
      "mid_mean": -22.25246810913086,
      "mid_to_side_loudness": -7.503087043762207,
      "mid_to_side_loudness_range": 13.983756065368652,
      "side_mean": -29.75711441040039
    },
    {
      "high_freq": 2549.74365234375,
      "loudness": -24.611412048339844,
      "loudness_range": 13.806533813476562,
      "low_freq": 1457.5709228515625,
      "mid_mean": -21.80303382873535,
      "mid_to_side_loudness": -7.637433052062988,
      "mid_to_side_loudness_range": 10.94904899597168,
      "side_mean": -29.44278907775879
    },
    {
      "high_freq": 4349.24462890625,
      "loudness": -26.017642974853516,
      "loudness_range": 11.565635681152344,
      "low_freq": 2549.74365234375,
      "mid_mean": -23.263591766357422,
      "mid_to_side_loudness": -6.866962432861328,
      "mid_to_side_loudness_range": 8.292789459228516,
      "side_mean": -30.133403778076172
    },
    {
      "high_freq": 7314.1640625,
      "loudness": -29.782737731933594,
      "loudness_range": 13.090063095092773,
      "low_freq": 4349.24462890625,
      "mid_mean": -27.33195686340332,
      "mid_to_side_loudness": -5.316440582275391,
      "mid_to_side_loudness_range": 7.360463619232178,
      "side_mean": -32.6531982421875
    },
    {
      "high_freq": 12199.2666015625,
      "loudness": -34.118812561035156,
      "loudness_range": 14.130867004394531,
      "low_freq": 7314.1640625,
      "mid_mean": -32.39868927001953,
      "mid_to_side_loudness": -2.732074737548828,
      "mid_to_side_loudness_range": 5.560116291046143,
      "side_mean": -35.13228988647461
    },
    {
      "loudness": -40.0146484375,
      "loudness_range": 18.166112899780273,
      "low_freq": 12199.2666015625,
      "mid_mean": -39.382164001464844,
      "mid_to_side_loudness": -0.026855865493416786,
      "mid_to_side_loudness_range": 3.5821361541748047,
      "side_mean": -39.399139404296875
    }
  ],
  "channels": 2,
  "covariance": [
    [
      7.688243389129639,
      1.8902586698532104,
      -0.027259984984993935,
      -2.3418824672698975,
      0.7153375148773193,
      0.5114918351173401,
      1.5489568710327148,
      2.2664408683776855,
      0.8769333958625793,
      0.6333343386650085,
      0.9426454305648804,
      0.7305659651756287,
      0.800696611404419,
      1.011895775794983,
      0.5520007610321045,
      0.48507192730903625,
      0.6685838103294373,
      0.3764825165271759
    ],
    [
      1.8902586698532104,
      9.633986473083496,
      1.8560478687286377,
      5.109130382537842,
      -0.822706401348114,
      1.5193133354187012,
      0.13378292322158813,
      0.2690994143486023,
      0.9191304445266724,
      1.7418605089187622,
      1.11790132522583,
      2.010166645050049,
      0.10082230716943741,
      0.36693868041038513,
      0.6299673318862915,
      0.9856939315795898,
      0.5415474772453308,
      0.6142861843109131
    ],
    [
      -0.027259984984993935,
      1.8560478687286377,
      4.935155868530273,
      4.837774753570557,
      1.6574680805206299,
      2.0392024517059326,
      -1.0029934644699097,
      -2.4277799129486084,
      0.12758058309555054,
      -0.2454860359430313,
      0.9687359929084778,
      0.4865565896034241,
      1.2962250709533691,
      0.42247533798217773,
      2.5341365337371826,
      2.4885003566741943,
      3.405397415161133,
      3.7126760482788086
    ],
    [
      -2.3418824672698975,
      5.109130382537842,
      4.837774753570557,
      13.509127616882324,
      -0.509247899055481,
      3.976958751678467,
      -3.6897857189178467,
      -6.28334903717041,
      -1.9910969734191895,
      -1.6430859565734863,
      -0.9885605573654175,
      -0.3216254711151123,
      -1.157823920249939,
      -1.459053635597229,
      0.437460720539093,
      1.0287336111068726,
      1.8765687942504883,
      2.269050121307373
    ],
    [
      0.7153375148773193,
      -0.822706401348114,
      1.6574680805206299,
      -0.509247899055481,
      13.755391120910645,
      8.489398002624512,
      6.850283622741699,
      5.548267841339111,
      6.3729681968688965,
      3.459420919418335,
      5.132488250732422,
      2.222278356552124,
      6.626972198486328,
      3.916114330291748,
      6.662054061889648,
      4.739753723144531,
      4.86529016494751,
      5.211942672729492
    ],
    [
      0.5114918351173401,
      1.5193133354187012,
      2.0392024517059326,
      3.976958751678467,
      8.489398002624512,
      15.601602554321289,
      2.979377269744873,
      4.829103946685791,
      2.3983938694000244,
      3.9475274085998535,
      2.5072219371795654,
      2.634625196456909,
      2.590933322906494,
      2.247558116912842,
      2.443608522415161,
      2.195249080657959,
      1.9698700904846191,
      2.3165438175201416
    ],
    [
      1.5489568710327148,
      0.13378292322158813,
      -1.0029934644699097,
      -3.6897857189178467,
      6.850283622741699,
      2.979377269744873,
      23.733728408813477,
      22.212373733520508,
      13.20382022857666,
      11.755072593688965,
      9.307241439819336,
      8.52513599395752,
      9.164565086364746,
      8.918248176574707,
      6.876400947570801,
      5.538179874420166,
      2.3145086765289307,
      2.716204881668091
    ],
    [
      2.2664408683776855,
      0.2690994143486023,
      -2.4277799129486084,
      -6.28334903717041,
      5.548267841339111,
      4.829103946685791,
      22.212373733520508,
      40.80535125732422,
      12.150360107421875,
      21.086307525634766,
      10.595033645629883,
      16.64485740661621,
      10.742486953735352,
      15.606668472290039,
      7.217947483062744,
      7.941909313201904,
      0.35762399435043335,
      1.4138401746749878
    ],
    [
      0.8769333958625793,
      0.9191304445266724,
      0.12758058309555054,
      -1.9910969734191895,
      6.3729681968688965,
      2.3983938694000244,
      13.20382022857666,
      12.150360107421875,
      15.28152847290039,
      11.22629451751709,
      9.392989158630371,
      7.406002998352051,
      8.679736137390137,
      6.823421955108643,
      7.282029151916504,
      5.289787769317627,
      3.1886250972747803,
      3.1110355854034424
    ],
    [
      0.6333343386650085,
      1.7418605089187622,
      -0.2454860359430313,
      -1.6430859565734863,
      3.459420919418335,
      3.9475274085998535,
      11.755072593688965,
      21.086307525634766,
      11.22629451751709,
      17.068689346313477,
      8.238256454467773,
      12.265517234802246,
      7.497977256774902,
      9.853827476501465,
      5.604528427124023,
      6.008186340332031,
      1.330259084701538,
      1.830498456954956
    ],
    [
      0.9426454305648804,
      1.11790132522583,
      0.9687359929084778,
      -0.9885605573654175,
      5.132488250732422,
      2.5072219371795654,
      9.307241439819336,
      10.595033645629883,
      9.392989158630371,
      8.238256454467773,
      10.444734573364258,
      9.43393325805664,
      9.287871360778809,
      8.958860397338867,
      8.322354316711426,
      7.753366470336914,
      5.406723499298096,
      6.042634963989258
    ],
    [
      0.7305659651756287,
      2.010166645050049,
      0.4865565896034241,
      -0.3216254711151123,
      2.222278356552124,
      2.634625196456909,
      8.52513599395752,
      16.64485740661621,
      7.406002998352051,
      12.265517234802246,
      9.43393325805664,
      14.117615699768066,
      8.050274848937988,
      11.668718338012695,
      7.066915512084961,
      8.851300239562988,
      4.421905517578125,
      5.5198283195495605
    ],
    [
      0.800696611404419,
      0.10082230716943741,
      1.2962250709533691,
      -1.157823920249939,
      6.626972198486328,
      2.590933322906494,
      9.164565086364746,
      10.742486953735352,
      8.679736137390137,
      7.497977256774902,
      9.287871360778809,
      8.050274848937988,
      11.921048164367676,
      10.163984298706055,
      10.59167194366455,
      9.35171127319336,
      7.037396430969238,
      7.942438125610352
    ],
    [
      1.011895775794983,
      0.36693868041038513,
      0.42247533798217773,
      -1.459053635597229,
      3.916114330291748,
      2.247558116912842,
      8.918248176574707,
      15.606668472290039,
      6.823421955108643,
      9.853827476501465,
      8.958860397338867,
      11.668718338012695,
      10.163984298706055,
      13.071515083312988,
      9.156791687011719,
      10.609872817993164,
      6.283946514129639,
      7.79854679107666
    ],
    [
      0.5520007610321045,
      0.6299673318862915,
      2.5341365337371826,
      0.437460720539093,
      6.662054061889648,
      2.443608522415161,
      6.876400947570801,
      7.217947483062744,
      7.282029151916504,
      5.604528427124023,
      8.322354316711426,
      7.066915512084961,
      10.59167194366455,
      9.156791687011719,
      13.481104850769043,
      12.265974044799805,
      11.351746559143066,
      12.18973445892334
    ],
    [
      0.48507192730903625,
      0.9856939315795898,
      2.4885003566741943,
      1.0287336111068726,
      4.739753723144531,
      2.195249080657959,
      5.538179874420166,
      7.941909313201904,
      5.289787769317627,
      6.008186340332031,
      7.753366470336914,
      8.851300239562988,
      9.35171127319336,
      10.609872817993164,
      12.265974044799805,
      14.19471549987793,
      12.619436264038086,
      14.299604415893555
    ],
    [
      0.6685838103294373,
      0.5415474772453308,
      3.405397415161133,
      1.8765687942504883,
      4.86529016494751,
      1.9698700904846191,
      2.3145086765289307,
      0.35762399435043335,
      3.1886250972747803,
      1.330259084701538,
      5.406723499298096,
      4.421905517578125,
      7.037396430969238,
      6.283946514129639,
      11.351746559143066,
      12.619436264038086,
      16.509401321411133,
      17.57322883605957
    ],
    [
      0.3764825165271759,
      0.6142861843109131,
      3.7126760482788086,
      2.269050121307373,
      5.211942672729492,
      2.3165438175201416,
      2.716204881668091,
      1.4138401746749878,
      3.1110355854034424,
      1.830498456954956,
      6.042634963989258,
      5.5198283195495605,
      7.942438125610352,
      7.79854679107666,
      12.18973445892334,
      14.299604415893555,
      17.57322883605957,
      19.68567657470703
    ]
  ],
  "covariance_short": [
    [
      23.818866729736328,
      3.048408031463623,
      6.962588310241699,
      -0.4701370894908905,
      3.3059117794036865,
      1.9679603576660156,
      3.2025370597839355,
      3.286867380142212,
      2.4246697425842285,
      0.9431654214859009,
      3.5747199058532715,
      1.9295029640197754,
      4.401968479156494,
      3.5765092372894287,
      3.6427650451660156,
      3.8168060779571533,
      5.781296253204346,
      6.542815208435059
    ],
    [
      3.048408031463623,
      18.74616241455078,
      2.3663861751556396,
      4.868673324584961,
      1.7876472473144531,
      2.6117465496063232,
      1.2021305561065674,
      0.727595865726471,
      1.4604370594024658,
      1.231776475906372,
      2.6378793716430664,
      2.656768560409546,
      2.096662998199463,
      2.063974142074585,
      2.8966023921966553,
      3.353644847869873,
      4.136162757873535,
      4.394652843475342
    ],
    [
      6.962588310241699,
      2.3663861751556396,
      11.697674751281738,
      6.651063919067383,
      5.002512454986572,
      4.218175888061523,
      1.1024842262268066,
      0.047406550496816635,
      2.2544593811035156,
      1.4782464504241943,
      3.3918344974517822,
      2.2773029804229736,
      4.394084453582764,
      3.2640938758850098,
      4.81064510345459,
      5.051016807556152,
      6.897937774658203,
      7.766722202301025
    ],
    [
      -0.4701370894908905,
      4.868673324584961,
      6.651063919067383,
      19.821739196777344,
      3.11436128616333,
      7.7976531982421875,
      -1.3169803619384766,
      -3.142653226852417,
      0.3910219073295593,
      0.8225197792053223,
      1.2054884433746338,
      1.9610337018966675,
      1.585924744606018,
      1.5169984102249146,
      2.9095075130462646,
      3.924346685409546,
      5.798475742340088,
      6.583540916442871
    ],
    [
      3.3059117794036865,
      1.7876472473144531,
      5.002512454986572,
      3.11436128616333,
      24.771411895751953,
      13.106484413146973,
      10.379589080810547,
      7.588655948638916,
      11.027568817138672,
      6.080669403076172,
      10.067727088928223,
      4.853617191314697,
      12.736760139465332,
      8.008989334106445,
      12.176852226257324,
      9.57510757446289,
      10.708656311035156,
      11.231490135192871
    ],
    [
      1.9679603576660156,
      2.6117465496063232,
      4.218175888061523,
      7.7976531982421875,
      13.106484413146973,
      20.86183738708496,
      5.3071088790893555,
      5.307502746582031,
      5.2020392417907715,
      5.320188045501709,
      5.277614593505859,
      4.328755855560303,
      6.387022495269775,
      5.016525745391846,
      6.097646713256836,
      5.767487049102783,
      6.361361026763916,
      7.073763847351074
    ],
    [
      3.2025370597839355,
      1.2021305561065674,
      1.1024842262268066,
      -1.3169803619384766,
      10.379589080810547,
      5.3071088790893555,
      32.262088775634766,
      26.30675506591797,
      18.685562133789062,
      15.442090034484863,
      15.2453031539917,
      11.877326011657715,
      15.70512580871582,
      13.224727630615234,
      12.280184745788574,
      10.175345420837402,
      8.243666648864746,
      8.721755981445312
    ],
    [
      3.286867380142212,
      0.727595865726471,
      0.047406550496816635,
      -3.142653226852417,
      7.588655948638916,
      5.307502746582031,
      26.30675506591797,
      45.16983413696289,
      15.847823143005371,
      23.64553451538086,
      15.15015983581543,
      19.135753631591797,
      15.974560737609863,
      19.37353515625,
      12.072272300720215,
      12.848932266235352,
      7.074324607849121,
      8.811128616333008
    ],
    [
      2.4246697425842285,
      1.4604370594024658,
      2.2544593811035156,
      0.3910219073295593,
      11.027568817138672,
      5.2020392417907715,
      18.685562133789062,
      15.847823143005371,
      24.190351486206055,
      15.421207427978516,
      16.41893196105957,
      11.398301124572754,
      15.831694602966309,
      11.523467063903809,
      13.14531135559082,
      10.081132888793945,
      9.024154663085938,
      8.82107162475586
    ],
    [
      0.9431654214859009,
      1.231776475906372,
      1.4782464504241943,
      0.8225197792053223,
      6.080669403076172,
      5.320188045501709,
      15.442090034484863,
      23.64553451538086,
      15.421207427978516,
      21.155216217041016,
      12.820794105529785,
      15.08005142211914,
      12.31913948059082,
      13.437153816223145,
      9.982183456420898,
      10.165186882019043,
      6.700471878051758,
      7.579353332519531
    ],
    [
      3.5747199058532715,
      2.6378793716430664,
      3.3918344974517822,
      1.2054884433746338,
      10.067727088928223,
      5.277614593505859,
      15.2453031539917,
      15.15015983581543,
      16.41893196105957,
      12.820794105529785,
      19.981821060180664,
      15.038878440856934,
      18.34234046936035,
      15.321881294250488,
      16.09808921813965,
      14.554713249206543,
      13.288175582885742,
      14.410740852355957
    ],
    [
      1.9295029640197754,
      2.656768560409546,
      2.2773029804229736,
      1.9610337018966675,
      4.853617191314697,
      4.328755855560303,
      11.877326011657715,
      19.135753631591797,
      11.398301124572754,
      15.08005142211914,
      15.038878440856934,
      18.856557846069336,
      13.927541732788086,
      16.298002243041992,
      12.583375930786133,
      14.459038734436035,
      11.522834777832031,
      13.5762300491333
    ],
    [
      4.401968479156494,
      2.096662998199463,
      4.394084453582764,
      1.585924744606018,
      12.736760139465332,
      6.387022495269775,
      15.70512580871582,
      15.974560737609863,
      15.831694602966309,
      12.31913948059082,
      18.34234046936035,
      13.927541732788086,
      24.24104881286621,
      18.530555725097656,
      21.25090217590332,
      18.52303695678711,
      17.550405502319336,
      18.620269775390625
    ],
    [
      3.5765092372894287,
      2.063974142074585,
      3.2640938758850098,
      1.5169984102249146,
      8.008989334106445,
      5.016525745391846,
      13.224727630615234,
      19.37353515625,
      11.523467063903809,
      13.437153816223145,
      15.321881294250488,
      16.298002243041992,
      18.530555725097656,
      20.27450942993164,
      17.106779098510742,
      18.674663543701172,
      16.030216217041016,
      18.537071228027344
    ],
    [
      3.6427650451660156,
      2.8966023921966553,
      4.81064510345459,
      2.9095075130462646,
      12.176852226257324,
      6.097646713256836,
      12.280184745788574,
      12.072272300720215,
      13.14531135559082,
      9.982183456420898,
      16.09808921813965,
      12.583375930786133,
      21.25090217590332,
      17.106779098510742,
      25.994949340820312,
      22.990812301635742,
      23.58265495300293,
      24.28934097290039
    ],
    [
      3.8168060779571533,
      3.353644847869873,
      5.051016807556152,
      3.924346685409546,
      9.57510757446289,
      5.767487049102783,
      10.175345420837402,
      12.848932266235352,
      10.081132888793945,
      10.165186882019043,
      14.554713249206543,
      14.459038734436035,
      18.52303695678711,
      18.674663543701172,
      22.990812301635742,
      25.74749183654785,
      25.485410690307617,
      28.3203125
    ],
    [
      5.781296253204346,
      4.136162757873535,
      6.897937774658203,
      5.798475742340088,
      10.708656311035156,
      6.361361026763916,
      8.243666648864746,
      7.074324607849121,
      9.024154663085938,
      6.700471878051758,
      13.288175582885742,
      11.522834777832031,
      17.550405502319336,
      16.030216217041016,
      23.58265495300293,
      25.485410690307617,
      34.71163558959961,
      36.4600830078125
    ],
    [
      6.542815208435059,
      4.394652843475342,
      7.766722202301025,
      6.583540916442871,
      11.231490135192871,
      7.073763847351074,
      8.721755981445312,
      8.811128616333008,
      8.82107162475586,
      7.579353332519531,
      14.410740852355957,
      13.5762300491333,
      18.620269775390625,
      18.537071228027344,
      24.28934097290039,
      28.3203125,
      36.4600830078125,
      41.28017807006836
    ]
  ],
  "drr": 16.02048683166504,
  "dynamics": 2.5147852897644043,
  "format": 1245190,
  "frames": 7309312,
  "loudness": -12.372631072998047,
  "loudness_range": 6.367452621459961,
  "loudness_range_short": 8.988269805908203,
  "peak": -0.19518350064754486,
  "rms": -15.089329719543457,
  "sample_rate": 44100,
  "sections": 1,
  "seekable": 1,
  "sharpness": 2.4567413330078125,
  "space": -8.326554298400879
}