{
  "bands": [
    {
      "high_freq": 148.1999969482422,
      "loudness": -45.47879409790039,
      "loudness_range": 25.4139461517334,
      "mid_mean": -42.23822021484375,
      "mid_to_side_loudness": -12.49841022491455,
      "mid_to_side_loudness_range": 15.937255859375,
      "side_mean": -54.364280700683594
    },
    {
      "high_freq": 392.3793640136719,
      "loudness": -25.723108291625977,
      "loudness_range": 18.12725067138672,
      "low_freq": 148.1999969482422,
      "mid_mean": -22.584848403930664,
      "mid_to_side_loudness": -9.463129043579102,
      "mid_to_side_loudness_range": 9.468204498291016,
      "side_mean": -32.13437271118164
    },
    {
      "high_freq": 794.6976318359375,
      "loudness": -30.502647399902344,
      "loudness_range": 27.96556282043457,
      "low_freq": 392.3793640136719,
      "mid_mean": -27.189918518066406,
      "mid_to_side_loudness": -10.981548309326172,
      "mid_to_side_loudness_range": 10.707983016967773,
      "side_mean": -38.289737701416016
    },
    {
      "high_freq": 1457.5709228515625,
      "loudness": -36.45845031738281,
      "loudness_range": 26.11625099182129,
      "low_freq": 794.6976318359375,
      "mid_mean": -33.39464569091797,
      "mid_to_side_loudness": -9.468939781188965,
      "mid_to_side_loudness_range": 13.105728149414062,
      "side_mean": -43.17681121826172
    },
    {
      "high_freq": 2549.74365234375,
      "loudness": -37.84162902832031,
      "loudness_range": 29.995927810668945,
      "low_freq": 1457.5709228515625,
      "mid_mean": -34.95560836791992,
      "mid_to_side_loudness": -7.960504531860352,
      "mid_to_side_loudness_range": 10.718025207519531,
      "side_mean": -43.44921112060547
    },
    {
      "high_freq": 4349.24462890625,
      "loudness": -38.43305587768555,
      "loudness_range": 31.821496963500977,
      "low_freq": 2549.74365234375,
      "mid_mean": -35.43596649169922,
      "mid_to_side_loudness": -7.468482494354248,
      "mid_to_side_loudness_range": 10.156463623046875,
      "side_mean": -44.1567497253418
    },
    {
      "high_freq": 7314.1640625,
      "loudness": -45.14486312866211,
      "loudness_range": 29.775266647338867,
      "low_freq": 4349.24462890625,
      "mid_mean": -42.51677322387695,
      "mid_to_side_loudness": -6.4221038818359375,
      "mid_to_side_loudness_range": 7.896474838256836,
      "side_mean": -49.35429763793945
    },
    {
      "high_freq": 12199.2666015625,
      "loudness": -50.134151458740234,
      "loudness_range": 29.45922088623047,
      "low_freq": 7314.1640625,
      "mid_mean": -47.56011962890625,
      "mid_to_side_loudness": -5.302668571472168,
      "mid_to_side_loudness_range": 8.20065975189209,
      "side_mean": -52.66859436035156
    },
    {
      "loudness": -54.69352722167969,
      "loudness_range": 12.063880920410156,
      "low_freq": 12199.2666015625,
      "mid_mean": -54.19570541381836,
      "mid_to_side_loudness": 0.28272223472595215,
      "mid_to_side_loudness_range": 7.770102500915527,
      "side_mean": -53.96687698364258
    }
  ],
  "bands_short": [
    {
      "high_freq": 148.1999969482422,
      "loudness": -51.26858901977539,
      "loudness_range": 20.002761840820312,
      "mid_mean": -48.070133209228516,
      "mid_to_side_loudness": -13.260516166687012,
      "mid_to_side_loudness_range": 22.057056427001953,
      "side_mean": -60.19011688232422
    },
    {
      "high_freq": 392.3793640136719,
      "loudness": -26.19139862060547,
      "loudness_range": 19.36850357055664,
      "low_freq": 148.1999969482422,
      "mid_mean": -23.14967155456543,
      "mid_to_side_loudness": -9.411968231201172,
      "mid_to_side_loudness_range": 12.521483421325684,
      "side_mean": -32.6662483215332
    },
    {
      "high_freq": 794.6976318359375,
      "loudness": -30.986520767211914,
      "loudness_range": 29.002338409423828,
      "low_freq": 392.3793640136719,
      "mid_mean": -27.824411392211914,
      "mid_to_side_loudness": -10.370721817016602,
      "mid_to_side_loudness_range": 14.29454231262207,
      "side_mean": -38.41921615600586
    },
    {
      "high_freq": 1457.5709228515625,
      "loudness": -36.91327667236328,
      "loudness_range": 27.064441680908203,
      "low_freq": 794.6976318359375,
      "mid_mean": -33.98563766479492,
      "mid_to_side_loudness": -8.998735427856445,
      "mid_to_side_loudness_range": 15.71937370300293,
      "side_mean": -43.48056411743164
    },
    {
      "high_freq": 2549.74365234375,
      "loudness": -38.95585250854492,
      "loudness_range": 32.36808395385742,
      "low_freq": 1457.5709228515625,
      "mid_mean": -36.310672760009766,
      "mid_to_side_loudness": -7.267094135284424,
      "mid_to_side_loudness_range": 12.860312461853027,
      "side_mean": -44.12324905395508
    },
    {
      "high_freq": 4349.24462890625,
      "loudness": -38.909454345703125,
      "loudness_range": 32.890625,
      "low_freq": 2549.74365234375,
      "mid_mean": -36.16463088989258,
      "mid_to_side_loudness": -6.733668804168701,
      "mid_to_side_loudness_range": 11.830337524414062,
      "side_mean": -44.31293487548828
    },
    {
      "high_freq": 7314.1640625,
      "loudness": -46.3542366027832,
      "loudness_range": 31.509510040283203,
      "low_freq": 4349.24462890625,
      "mid_mean": -44.21107482910156,
      "mid_to_side_loudness": -5.663257122039795,
      "mid_to_side_loudness_range": 9.1787109375,
      "side_mean": -49.975833892822266
    },
    {
      "high_freq": 12199.2666015625,
      "loudness": -51.42229080200195,
      "loudness_range": 30.096317291259766,
      "low_freq": 7314.1640625,
      "mid_mean": -48.993045806884766,
      "mid_to_side_loudness": -4.751492023468018,
      "mid_to_side_loudness_range": 9.359820365905762,
      "side_mean": -53.526336669921875
    },
    {
      "loudness": -55.20637512207031,
      "loudness_range": 12.327659606933594,
      "low_freq": 12199.2666015625,
      "mid_mean": -54.84449768066406,
      "mid_to_side_loudness": 0.5757615566253662,
      "mid_to_side_loudness_range": 7.187378883361816,
      "side_mean": -54.337547302246094
    }
  ],
  "channels": 2,
  "covariance": [
    [
      75.51886749267578,
      59.258731842041016,
      8.009231567382812,
      4.495765686035156,
      -0.2967080771923065,
      -0.19461964070796967,
      -9.040032386779785,
      -10.663227081298828,
      -16.406295776367188,
      -17.123159408569336,
      -18.14322853088379,
      -16.533538818359375,
      -1.2763341665267944,
      -2.035590171813965,
      3.9184324741363525,
      -0.5722953677177429,
      0.4789403975009918,
      -1.6687465906143188
    ],
    [
      59.258731842041016,
      73.901611328125,
      15.497408866882324,
      13.658822059631348,
      17.3758602142334,
      17.48054313659668,
      5.1006317138671875,
      3.8420217037200928,
      -1.450487732887268,
      -0.34095028042793274,
      -0.9775755405426025,
      4.021649360656738,
      17.56576156616211,
      16.899354934692383,
      20.30885887145996,
      13.936018943786621,
      8.211979866027832,
      2.9773385524749756
    ],
    [
      8.009231567382812,
      15.497408866882324,
      41.7362060546875,
      37.73637771606445,
      37.968482971191406,
      35.391780853271484,
      28.79460906982422,
      26.257144927978516,
      30.4771728515625,
      30.09946060180664,
      35.05774688720703,
      37.821720123291016,
      32.857845306396484,
      32.77625274658203,
      33.76015853881836,
      27.5184383392334,
      15.29819393157959,
      8.838617324829102
    ],
    [
      4.495765686035156,
      13.658822059631348,
      37.73637771606445,
      46.99740219116211,
      40.55154037475586,
      40.71528244018555,
      32.05497741699219,
      32.237789154052734,
      34.14271545410156,
      36.72059631347656,
      42.14698791503906,
      45.49314880371094,
      35.451255798339844,
      35.487300872802734,
      33.91335678100586,
      29.096839904785156,
      16.493873596191406,
      10.619176864624023
    ],
    [
      -0.2967080771923065,
      17.3758602142334,
      37.968482971191406,
      40.55154037475586,
      93.9417495727539,
      77.0818099975586,
      63.785377502441406,
      52.24107360839844,
      63.282325744628906,
      56.84184646606445,
      73.25303649902344,
      70.33179473876953,
      61.59518051147461,
      55.41933822631836,
      59.12758255004883,
      45.721946716308594,
      24.92376136779785,
      11.30591106414795
    ],
    [
      -0.19461964070796967,
      17.48054313659668,
      35.391780853271484,
      40.71528244018555,
      77.0818099975586,
      82.16963958740234,
      56.33306121826172,
      54.621299743652344,
      59.603885650634766,
      59.36543655395508,
      70.38287353515625,
      72.91080474853516,
      59.04806137084961,
      55.68712615966797,
      55.78275680541992,
      45.40867614746094,
      24.533340454101562,
      12.432470321655273
    ],
    [
      -9.040032386779785,
      5.1006317138671875,
      28.79460906982422,
      32.05497741699219,
      63.785377502441406,
      56.33306121826172,
      80.24555206298828,
      64.0544662475586,
      54.00189971923828,
      52.50602340698242,
      57.16161346435547,
      58.77196502685547,
      49.63343811035156,
      47.9578857421875,
      46.74519348144531,
      40.55355453491211,
      21.08016014099121,
      13.164177894592285
    ],
    [
      -10.663227081298828,
      3.8420217037200928,
      26.257144927978516,
      32.237789154052734,
      52.24107360839844,
      54.621299743652344,
      64.0544662475586,
      75.3246078491211,
      51.89970016479492,
      58.25801086425781,
      54.513797760009766,
      63.28562545776367,
      47.477867126464844,
      50.390438079833984,
      44.07915496826172,
      40.93882751464844,
      21.389822006225586,
      14.268919944763184
    ],
    [
      -16.406295776367188,
      -1.450487732887268,
      30.4771728515625,
      34.14271545410156,
      63.282325744628906,
      59.603885650634766,
      54.00189971923828,
      51.89970016479492,
      106.12845611572266,
      90.69481658935547,
      93.91897583007812,
      90.92780303955078,
      77.82029724121094,
      68.9039535522461,
      73.26014709472656,
      61.18751907348633,
      33.782073974609375,
      18.54245948791504
    ],
    [
      -17.123159408569336,
      -0.34095028042793274,
      30.09946060180664,
      36.72059631347656,
      56.84184646606445,
      59.36543655395508,
      52.50602340698242,
      58.25801086425781,
      90.69481658935547,
      101.74848937988281,
      87.34991455078125,
      94.71561431884766,
      73.9832534790039,
      72.1490707397461,
      69.14545440673828,
      61.8175048828125,
      33.78742599487305,
      20.425373077392578
    ],
    [
      -18.14322853088379,
      -0.9775755405426025,
      35.05774688720703,
      42.14698791503906,
      73.25303649902344,
      70.38287353515625,
      57.16161346435547,
      54.513797760009766,
      93.91897583007812,
      87.34991455078125,
      118.9493408203125,
      104.01276397705078,
      84.15995025634766,
      74.26898956298828,
      77.97348022460938,
      64.6378173828125,
      36.653812408447266,
      19.92228889465332
    ],
    [
      -16.533538818359375,
      4.021649360656738,
      37.821720123291016,
      45.49314880371094,
      70.33179473876953,
      72.91080474853516,
      58.77196502685547,
      63.28562545776367,
      90.92780303955078,
      94.71561431884766,
      104.01276397705078,
      117.15206146240234,
      85.38656616210938,
      81.66877746582031,
      78.20396423339844,
      69.15312194824219,
      37.87561798095703,
      22.468809127807617
    ],
    [
      -1.2763341665267944,
      17.56576156616211,
      32.857845306396484,
      35.451255798339844,
      61.59518051147461,
      59.04806137084961,
      49.63343811035156,
      47.477867126464844,
      77.82029724121094,
      73.9832534790039,
      84.15995025634766,
      85.38656616210938,
      105.13054656982422,
      90.3292465209961,
      93.15884399414062,
      76.36531829833984,
      41.65327835083008,
      20.223814010620117
    ],
    [
      -2.035590171813965,
      16.899354934692383,
      32.77625274658203,
      35.487300872802734,
      55.41933822631836,
      55.68712615966797,
      47.9578857421875,
      50.390438079833984,
      68.9039535522461,
      72.1490707397461,
      74.26898956298828,
      81.66877746582031,
      90.3292465209961,
      90.57113647460938,
      85.286376953125,
      74.570068359375,
      38.967201232910156,
      20.952241897583008
    ],
    [
      3.9184324741363525,
      20.30885887145996,
      33.76015853881836,
      33.91335678100586,
      59.12758255004883,
      55.78275680541992,
      46.74519348144531,
      44.07915496826172,
      73.26014709472656,
      69.14545440673828,
      77.97348022460938,
      78.20396423339844,
      93.15884399414062,
      85.286376953125,
      97.14656829833984,
      78.48059844970703,
      42.65208053588867,
      20.37705421447754
    ],
    [
      -0.5722953677177429,
      13.936018943786621,
      27.5184383392334,
      29.096839904785156,
      45.721946716308594,
      45.40867614746094,
      40.55355453491211,
      40.93882751464844,
      61.18751907348633,
      61.8175048828125,
      64.6378173828125,
      69.15312194824219,
      76.36531829833984,
      74.570068359375,
      78.48059844970703,
      69.5174789428711,
      36.5914306640625,
      20.42754554748535
    ],
    [
      0.4789403975009918,
      8.211979866027832,
      15.29819393157959,
      16.493873596191406,
      24.92376136779785,
      24.533340454101562,
      21.08016014099121,
      21.389822006225586,
      33.782073974609375,
      33.78742599487305,
      36.653812408447266,
      37.87561798095703,
      41.65327835083008,
      38.967201232910156,
      42.65208053588867,
      36.5914306640625,
      24.53529167175293,
      13.546908378601074
    ],
    [
      -1.6687465906143188,
      2.9773385524749756,
      8.838617324829102,
      10.619176864624023,
      11.30591106414795,
      12.432470321655273,
      13.164177894592285,
      14.268919944763184,
      18.54245948791504,
      20.425373077392578,
      19.92228889465332,
      22.468809127807617,
      20.223814010620117,
      20.952241897583008,
      20.37705421447754,
      20.42754554748535,
      13.546908378601074,
      10.954627990722656
    ]
  ],
  "covariance_short": [
    [
      49.84040832519531,
      22.802410125732422,
      9.961620330810547,
      8.03625202178955,
      3.5051229000091553,
      1.7006335258483887,
      -5.2404913902282715,
      -7.160760879516602,
      -11.124197959899902,
      -12.633975982666016,
      -9.948870658874512,
      -11.621642112731934,
      -2.183462381362915,
      -4.047074794769287,
      -1.0893316268920898,
      -3.3258891105651855,
      -1.2564301490783691,
      -1.9044556617736816
    ],
    [
      22.802410125732422,
      43.585506439208984,
      17.172508239746094,
      20.641220092773438,
      27.017261505126953,
      25.517051696777344,
      14.697250366210938,
      13.701375961303711,
      15.132731437683105,
      16.33129119873047,
      15.862356185913086,
      19.672422409057617,
      25.05187225341797,
      22.393516540527344,
      22.863832473754883,
      18.343090057373047,
      10.140398979187012,
      5.3706793785095215
    ],
    [
      9.961620330810547,
      17.172508239746094,
      47.46603775024414,
      38.181339263916016,
      39.67689514160156,
      35.106781005859375,
      29.322750091552734,
      25.74590301513672,
      31.504892349243164,
      29.582717895507812,
      32.7453498840332,
      35.46269226074219,
      35.668670654296875,
      32.45196533203125,
      32.82158279418945,
      26.589731216430664,
      13.857035636901855,
      7.94295072555542
    ],
    [
      8.03625202178955,
      20.641220092773438,
      38.181339263916016,
      50.88135528564453,
      40.678653717041016,
      40.38918685913086,
      32.14908981323242,
      32.0678596496582,
      36.023338317871094,
      36.62477493286133,
      40.24242401123047,
      43.55664825439453,
      38.114261627197266,
      35.47861099243164,
      33.99134063720703,
      28.69826889038086,
      15.651030540466309,
      9.624645233154297
    ],
    [
      3.5051229000091553,
      27.017261505126953,
      39.67689514160156,
      40.678653717041016,
      101.07750701904297,
      77.18692016601562,
      66.6378402709961,
      53.592323303222656,
      66.8373794555664,
      57.5246696472168,
      74.29438781738281,
      70.21923065185547,
      65.75745391845703,
      55.45223617553711,
      59.41558837890625,
      45.13941955566406,
      23.01266860961914,
      10.385313987731934
    ],
    [
      1.7006335258483887,
      25.517051696777344,
      35.106781005859375,
      40.38918685913086,
      77.18692016601562,
      83.84135437011719,
      55.64820861816406,
      54.30674362182617,
      61.18431854248047,
      60.1751708984375,
      68.8394775390625,
      71.28115844726562,
      64.05754852294922,
      57.00969696044922,
      56.85538864135742,
      46.04140090942383,
      23.5112361907959,
      11.319062232971191
    ],
    [
      -5.2404913902282715,
      14.697250366210938,
      29.322750091552734,
      32.14908981323242,
      66.6378402709961,
      55.64820861816406,
      88.2740707397461,
      65.4180908203125,
      61.556095123291016,
      56.633819580078125,
      63.48794937133789,
      62.72136688232422,
      56.3844108581543,
      50.2274284362793,
      50.000144958496094,
      42.01051712036133,
      21.428699493408203,
      12.277238845825195
    ],
    [
      -7.160760879516602,
      13.701375961303711,
      25.74590301513672,
      32.0678596496582,
      53.592323303222656,
      54.30674362182617,
      65.4180908203125,
      80.91002655029297,
      57.23100280761719,
      63.25741195678711,
      57.62998962402344,
      66.92865753173828,
      55.41862487792969,
      54.001529693603516,
      47.61692428588867,
      43.17992401123047,
      21.71845054626465,
      13.06389331817627
    ],
    [
      -11.124197959899902,
      15.132731437683105,
      31.504892349243164,
      36.023338317871094,
      66.8373794555664,
      61.18431854248047,
      61.556095123291016,
      57.23100280761719,
      117.92745208740234,
      96.3763656616211,
      101.49330139160156,
      96.13630676269531,
      84.86321258544922,
      73.52019500732422,
      78.06250762939453,
      64.93148040771484,
      33.77761459350586,
      18.268983840942383
    ],
    [
      -12.633975982666016,
      16.33129119873047,
      29.582717895507812,
      36.62477493286133,
      57.5246696472168,
      60.1751708984375,
      56.633819580078125,
      63.25741195678711,
      96.3763656616211,
      109.07518768310547,
      91.00032806396484,
      99.48161315917969,
      82.71186828613281,
      77.08506774902344,
      73.20365142822266,
      65.46803283691406,
      33.56745147705078,
      19.595006942749023
    ],
    [
      -9.948870658874512,
      15.862356185913086,
      32.7453498840332,
      40.24242401123047,
      74.29438781738281,
      68.8394775390625,
      63.48794937133789,
      57.62998962402344,
      101.49330139160156,
      91.00032806396484,
      128.08009338378906,
      107.06018829345703,
      91.36121368408203,
      77.24150848388672,
      84.13328552246094,
      68.295654296875,
      37.544464111328125,
      19.89678192138672
    ],
    [
      -11.621642112731934,
      19.672422409057617,
      35.46269226074219,
      43.55664825439453,
      70.21923065185547,
      71.28115844726562,
      62.72136688232422,
      66.92865753173828,
      96.13630676269531,
      99.48161315917969,
      107.06018829345703,
      121.80005645751953,
      93.33557891845703,
      85.6885757446289,
      82.2191390991211,
      72.70055389404297,
      37.68045425415039,
      21.78293228149414
    ],
    [
      -2.183462381362915,
      25.05187225341797,
      35.668670654296875,
      38.114261627197266,
      65.75745391845703,
      64.05754852294922,
      56.3844108581543,
      55.41862487792969,
      84.86321258544922,
      82.71186828613281,
      91.36121368408203,
      93.33557891845703,
      118.0252456665039,
      99.12382507324219,
      101.2064437866211,
      83.1723403930664,
      43.29545211791992,
      21.269304275512695
    ],
    [
      -4.047074794769287,
      22.393516540527344,
      32.45196533203125,
      35.47861099243164,
      55.45223617553711,
      57.00969696044922,
      50.2274284362793,
      54.001529693603516,
      73.52019500732422,
      77.08506774902344,
      77.24150848388672,
      85.6885757446289,
      99.12382507324219,
      95.79405212402344,
      87.1554946899414,
      77.9857177734375,
      37.80988311767578,
      20.654869079589844
    ],
    [
      -1.0893316268920898,
      22.863832473754883,
      32.82158279418945,
      33.99134063720703,
      59.41558837890625,
      56.85538864135742,
      50.000144958496094,
      47.61692428588867,
      78.06250762939453,
      73.20365142822266,
      84.13328552246094,
      82.2191390991211,
      101.2064437866211,
      87.1554946899414,
      100.8695297241211,
      80.803955078125,
      42.594085693359375,
      20.67051124572754
    ],
    [
      -3.3258891105651855,
      18.343090057373047,
      26.589731216430664,
      28.69826889038086,
      45.13941955566406,
      46.04140090942383,
      42.01051712036133,
      43.17992401123047,
      64.93148040771484,
      65.46803283691406,
      68.295654296875,
      72.70055389404297,
      83.1723403930664,
      77.9857177734375,
      80.803955078125,
      73.45272827148438,
      35.80533981323242,
      20.489093780517578
    ],
    [
      -1.2564301490783691,
      10.140398979187012,
      13.857035636901855,
      15.651030540466309,
      23.01266860961914,
      23.5112361907959,
      21.428699493408203,
      21.71845054626465,
      33.77761459350586,
      33.56745147705078,
      37.544464111328125,
      37.68045425415039,
      43.29545211791992,
      37.80988311767578,
      42.594085693359375,
      35.80533981323242,
      24.948823928833008,
      13.627894401550293
    ],
    [
      -1.9044556617736816,
      5.3706793785095215,
      7.94295072555542,
      9.624645233154297,
      10.385313987731934,
      11.319062232971191,
      12.277238845825195,
      13.06389331817627,
      18.268983840942383,
      19.595006942749023,
      19.89678192138672,
      21.78293228149414,
      21.269304275512695,
      20.654869079589844,
      20.67051124572754,
      20.489093780517578,
      13.627894401550293,
      10.927718162536621
    ]
  ],
  "drr": 12.76125717163086,
  "dynamics": 5.371253967285156,
  "format": 1245190,
  "frames": 9469952,
  "loudness": -17.75385284423828,
  "loudness_range": 17.975887298583984,
  "loudness_range_short": 20.24645233154297,
  "peak": -0.9777707457542419,
  "rms": -18.250009536743164,
  "sample_rate": 44100,
  "sections": 1,
  "seekable": 1,
  "sharpness": 2.5201539993286133,
  "space": -9.702095985412598
}