{
  "bands": [
    {
      "high_freq": 148.1999969482422,
      "loudness": -36.422000885009766,
      "loudness_range": 33.952117919921875,
      "mid_mean": -33.69673538208008,
      "mid_to_side_loudness": -12.128061294555664,
      "mid_to_side_loudness_range": 14.570904731750488,
      "side_mean": -46.32343673706055
    },
    {
      "high_freq": 392.3793640136719,
      "loudness": -21.845157623291016,
      "loudness_range": 16.39392852783203,
      "low_freq": 148.1999969482422,
      "mid_mean": -18.61195182800293,
      "mid_to_side_loudness": -11.302577018737793,
      "mid_to_side_loudness_range": 16.70864486694336,
      "side_mean": -30.84954071044922
    },
    {
      "high_freq": 794.6976318359375,
      "loudness": -22.64104461669922,
      "loudness_range": 12.056649208068848,
      "low_freq": 392.3793640136719,
      "mid_mean": -19.418285369873047,
      "mid_to_side_loudness": -10.729073524475098,
      "mid_to_side_loudness_range": 12.14048957824707,
      "side_mean": -30.26704216003418
    },
    {
      "high_freq": 1457.5709228515625,
      "loudness": -24.001426696777344,
      "loudness_range": 10.840072631835938,
      "low_freq": 794.6976318359375,
      "mid_mean": -20.651578903198242,
      "mid_to_side_loudness": -12.629324913024902,
      "mid_to_side_loudness_range": 13.90661907196045,
      "side_mean": -33.478214263916016
    },
    {
      "high_freq": 2549.74365234375,
      "loudness": -31.598237991333008,
      "loudness_range": 14.61952018737793,
      "low_freq": 1457.5709228515625,
      "mid_mean": -28.91678810119629,
      "mid_to_side_loudness": -7.822946071624756,
      "mid_to_side_loudness_range": 14.549745559692383,
      "side_mean": -36.45632553100586
    },
    {
      "high_freq": 4349.24462890625,
      "loudness": -34.2070198059082,
      "loudness_range": 15.89862060546875,
      "low_freq": 2549.74365234375,
      "mid_mean": -31.53995132446289,
      "mid_to_side_loudness": -8.208658218383789,
      "mid_to_side_loudness_range": 16.658695220947266,
      "side_mean": -39.86455154418945
    },
    {
      "high_freq": 7314.1640625,
      "loudness": -41.151912689208984,
      "loudness_range": 18.268577575683594,
      "low_freq": 4349.24462890625,
      "mid_mean": -38.56278610229492,
      "mid_to_side_loudness": -8.533183097839355,
      "mid_to_side_loudness_range": 20.07831382751465,
      "side_mean": -47.736419677734375
    },
    {
      "high_freq": 12199.2666015625,
      "loudness": -39.64701843261719,
      "loudness_range": 26.062837600708008,
      "low_freq": 7314.1640625,
      "mid_mean": -37.40849685668945,
      "mid_to_side_loudness": -10.924561500549316,
      "mid_to_side_loudness_range": 24.430330276489258,
      "side_mean": -51.01655197143555
    },
    {
      "loudness": -48.62617874145508,
      "loudness_range": 27.516773223876953,
      "low_freq": 12199.2666015625,
      "mid_mean": -47.22896194458008,
      "mid_to_side_loudness": -10.437212944030762,
      "mid_to_side_loudness_range": 26.664600372314453,
      "side_mean": -58.09931182861328
    }
  ],
  "bands_short": [
    {
      "high_freq": 148.1999969482422,
      "loudness": -40.499210357666016,
      "loudness_range": 36.20658874511719,
      "mid_mean": -38.168121337890625,
      "mid_to_side_loudness": -12.026070594787598,
      "mid_to_side_loudness_range": 19.75169563293457,
      "side_mean": -51.44314956665039
    },
    {
      "high_freq": 392.3793640136719,
      "loudness": -23.04553985595703,
      "loudness_range": 19.556243896484375,
      "low_freq": 148.1999969482422,
      "mid_mean": -19.877870559692383,
      "mid_to_side_loudness": -10.91919994354248,
      "mid_to_side_loudness_range": 19.28626823425293,
      "side_mean": -31.72136116027832
    },
    {
      "high_freq": 794.6976318359375,
      "loudness": -22.902469635009766,
      "loudness_range": 15.521313667297363,
      "low_freq": 392.3793640136719,
      "mid_mean": -19.803478240966797,
      "mid_to_side_loudness": -10.211155891418457,
      "mid_to_side_loudness_range": 14.440973281860352,
      "side_mean": -30.148998260498047
    },
    {
      "high_freq": 1457.5709228515625,
      "loudness": -23.8837890625,
      "loudness_range": 11.812627792358398,
      "low_freq": 794.6976318359375,
      "mid_mean": -20.56923484802246,
      "mid_to_side_loudness": -12.627165794372559,
      "mid_to_side_loudness_range": 15.817867279052734,
      "side_mean": -33.400978088378906
    },
    {
      "high_freq": 2549.74365234375,
      "loudness": -31.9338436126709,
      "loudness_range": 15.8187255859375,
      "low_freq": 1457.5709228515625,
      "mid_mean": -29.38730812072754,
      "mid_to_side_loudness": -7.225814342498779,
      "mid_to_side_loudness_range": 15.512776374816895,
      "side_mean": -36.69020462036133
    },
    {
      "high_freq": 4349.24462890625,
      "loudness": -34.54433059692383,
      "loudness_range": 16.77147102355957,
      "low_freq": 2549.74365234375,
      "mid_mean": -32.0874137878418,
      "mid_to_side_loudness": -7.322967052459717,
      "mid_to_side_loudness_range": 17.257606506347656,
      "side_mean": -39.94443130493164
    },
    {
      "high_freq": 7314.1640625,
      "loudness": -41.84897232055664,
      "loudness_range": 19.482404708862305,
      "low_freq": 4349.24462890625,
      "mid_mean": -39.517662048339844,
      "mid_to_side_loudness": -7.335095405578613,
      "mid_to_side_loudness_range": 19.024198532104492,
      "side_mean": -47.93634796142578
    },
    {
      "high_freq": 12199.2666015625,
      "loudness": -41.317684173583984,
      "loudness_range": 26.59056854248047,
      "low_freq": 7314.1640625,
      "mid_mean": -39.31085968017578,
      "mid_to_side_loudness": -9.584124565124512,
      "mid_to_side_loudness_range": 23.850181579589844,
      "side_mean": -51.54732894897461
    },
    {
      "loudness": -50.66572570800781,
      "loudness_range": 29.015499114990234,
      "low_freq": 12199.2666015625,
      "mid_mean": -50.40286636352539,
      "mid_to_side_loudness": -9.258981704711914,
      "mid_to_side_loudness_range": 25.836854934692383,
      "side_mean": -59.13499450683594
    }
  ],
  "channels": 2,
  "covariance": [
    [
      144.05364990234375,
      138.66734313964844,
      28.929058074951172,
      50.55366516113281,
      19.117311477661133,
      36.56927490234375,
      0.8404204249382019,
      24.739824295043945,
      24.10270118713379,
      49.220882415771484,
      30.581459045410156,
      59.84764862060547,
      19.07270050048828,
      55.18839645385742,
      -1.767931580543518,
      39.450439453125,
      13.477363586425781,
      34.562564849853516
    ],
    [
      138.66734313964844,
      175.03439331054688,
      32.637001037597656,
      60.96759796142578,
      21.49630355834961,
      42.009605407714844,
      2.2948362827301025,
      29.424524307250977,
      27.74100685119629,
      58.17474365234375,
      35.62419891357422,
      69.22714233398438,
      22.794281005859375,
      64.2812271118164,
      -2.0678627490997314,
      47.382301330566406,
      17.144737243652344,
      39.415435791015625
    ],
    [
      28.929058074951172,
      32.637001037597656,
      42.49900817871094,
      22.32431411743164,
      11.514323234558105,
      11.68202018737793,
      1.3442461490631104,
      8.191229820251465,
      9.372514724731445,
      12.73915958404541,
      10.826556205749512,
      11.857540130615234,
      11.759194374084473,
      15.189723014831543,
      16.877634048461914,
      27.46550941467285,
      21.421770095825195,
      18.106630325317383
    ],
    [
      50.55366516113281,
      60.96759796142578,
      22.32431411743164,
      38.936161041259766,
      12.601198196411133,
      21.767824172973633,
      1.2284153699874878,
      15.606781959533691,
      15.120205879211426,
      27.309011459350586,
      16.6063289642334,
      32.19579315185547,
      12.20419692993164,
      32.236358642578125,
      2.9737050533294678,
      37.20582962036133,
      13.800765037536621,
      30.70787811279297
    ],
    [
      19.117311477661133,
      21.49630355834961,
      11.514323234558105,
      12.601198196411133,
      17.77141571044922,
      11.873047828674316,
      8.170781135559082,
      8.487100601196289,
      11.787384986877441,
      10.945342063903809,
      12.41702938079834,
      12.4926176071167,
      10.874741554260254,
      12.94577693939209,
      12.985551834106445,
      15.555227279663086,
      13.833450317382812,
      11.080671310424805
    ],
    [
      36.56927490234375,
      42.009605407714844,
      11.68202018737793,
      21.767824172973633,
      11.873047828674316,
      22.369483947753906,
      3.397830009460449,
      13.119773864746094,
      13.012107849121094,
      22.762941360473633,
      13.677199363708496,
      26.11121940612793,
      9.14525318145752,
      24.399850845336914,
      0.8390656113624573,
      22.141286849975586,
      5.989046096801758,
      18.234722137451172
    ],
    [
      0.8404204249382019,
      2.2948362827301025,
      1.3442461490631104,
      1.2284153699874878,
      8.170781135559082,
      3.397830009460449,
      17.355207443237305,
      6.1019978523254395,
      6.67588996887207,
      2.4284849166870117,
      9.040185928344727,
      2.8543429374694824,
      8.21492862701416,
      2.7090845108032227,
      13.666502952575684,
      3.709533214569092,
      11.472071647644043,
      1.924978256225586
    ],
    [
      24.739824295043945,
      29.424524307250977,
      8.191229820251465,
      15.606781959533691,
      8.487100601196289,
      13.119773864746094,
      6.1019978523254395,
      16.565290451049805,
      8.748387336730957,
      16.85629653930664,
      12.697527885437012,
      20.663209915161133,
      8.690030097961426,
      18.56931495666504,
      3.507932424545288,
      15.904897689819336,
      6.753381252288818,
      14.254250526428223
    ],
    [
      24.10270118713379,
      27.74100685119629,
      9.372514724731445,
      15.120205879211426,
      11.787384986877441,
      13.012107849121094,
      6.67588996887207,
      8.748387336730957,
      35.80390930175781,
      24.703189849853516,
      20.106313705444336,
      25.12838363647461,
      16.76633071899414,
      26.308631896972656,
      12.06506633758545,
      22.189937591552734,
      11.330945014953613,
      16.692127227783203
    ],
    [
      49.220882415771484,
      58.17474365234375,
      12.73915958404541,
      27.309011459350586,
      10.945342063903809,
      22.762941360473633,
      2.4284849166870117,
      16.85629653930664,
      24.703189849853516,
      49.73936462402344,
      21.76903533935547,
      49.533390045166016,
      13.59984016418457,
      45.721858978271484,
      -0.46238240599632263,
      32.696956634521484,
      5.531569480895996,
      32.12165832519531
    ],
    [
      30.581459045410156,
      35.62419891357422,
      10.826556205749512,
      16.6063289642334,
      12.41702938079834,
      13.677199363708496,
      9.040185928344727,
      12.697527885437012,
      20.106313705444336,
      21.76903533935547,
      35.48663330078125,
      31.011474609375,
      27.517446517944336,
      31.977039337158203,
      16.899391174316406,
      24.111629486083984,
      19.192262649536133,
      21.015541076660156
    ],
    [
      59.84764862060547,
      69.22714233398438,
      11.857540130615234,
      32.19579315185547,
      12.4926176071167,
      26.11121940612793,
      2.8543429374694824,
      20.663209915161133,
      25.12838363647461,
      49.533390045166016,
      31.011474609375,
      69.05343627929688,
      19.76839256286621,
      61.2404670715332,
      1.055445671081543,
      41.82260513305664,
      10.466275215148926,
      44.08479309082031
    ],
    [
      19.07270050048828,
      22.794281005859375,
      11.759194374084473,
      12.20419692993164,
      10.874741554260254,
      9.14525318145752,
      8.21492862701416,
      8.690030097961426,
      16.76633071899414,
      13.59984016418457,
      27.517446517944336,
      19.76839256286621,
      40.96730041503906,
      32.172813415527344,
      38.936973571777344,
      35.82839584350586,
      39.42526626586914,
      30.505239486694336
    ],
    [
      55.18839645385742,
      64.2812271118164,
      15.189723014831543,
      32.236358642578125,
      12.94577693939209,
      24.399850845336914,
      2.7090845108032227,
      18.56931495666504,
      26.308631896972656,
      45.721858978271484,
      31.977039337158203,
      61.2404670715332,
      32.172813415527344,
      81.3189926147461,
      19.19697380065918,
      72.38916015625,
      33.3908576965332,
      73.20906066894531
    ],
    [
      -1.767931580543518,
      -2.0678627490997314,
      16.877634048461914,
      2.9737050533294678,
      12.985551834106445,
      0.8390656113624573,
      13.666502952575684,
      3.507932424545288,
      12.06506633758545,
      -0.46238240599632263,
      16.899391174316406,
      1.055445671081543,
      38.936973571777344,
      19.19697380065918,
      83.09877014160156,
      48.0012321472168,
      76.2043228149414,
      41.481815338134766
    ],
    [
      39.450439453125,
      47.382301330566406,
      27.46550941467285,
      37.20582962036133,
      15.555227279663086,
      22.141286849975586,
      3.709533214569092,
      15.904897689819336,
      22.189937591552734,
      32.696956634521484,
      24.111629486083984,
      41.82260513305664,
      35.82839584350586,
      72.38916015625,
      48.0012321472168,
      117.62423706054688,
      65.42412567138672,
      108.40989685058594
    ],
    [
      13.477363586425781,
      17.144737243652344,
      21.421770095825195,
      13.800765037536621,
      13.833450317382812,
      5.989046096801758,
      11.472071647644043,
      6.753381252288818,
      11.330945014953613,
      5.531569480895996,
      19.192262649536133,
      10.466275215148926,
      39.42526626586914,
      33.3908576965332,
      76.2043228149414,
      65.42412567138672,
      94.41157531738281,
      65.86499786376953
    ],
    [
      34.562564849853516,
      39.415435791015625,
      18.106630325317383,
      30.70787811279297,
      11.080671310424805,
      18.234722137451172,
      1.924978256225586,
      14.254250526428223,
      16.692127227783203,
      32.12165832519531,
      21.015541076660156,
      44.08479309082031,
      30.505239486694336,
      73.20906066894531,
      41.481815338134766,
      108.40989685058594,
      65.86499786376953,
      121.0545883178711
    ]
  ],
  "covariance_short": [
    [
      154.5989532470703,
      136.5922088623047,
      32.506710052490234,
      56.6192512512207,
      22.85935401916504,
      39.526878356933594,
      2.9877209663391113,
      26.55093765258789,
      25.946887969970703,
      50.2737922668457,
      33.85421371459961,
      60.6533088684082,
      22.868324279785156,
      57.19682693481445,
      3.3535892963409424,
      41.14262390136719,
      19.910717010498047,
      33.103240966796875
    ],
    [
      136.5922088623047,
      174.1371307373047,
      41.144718170166016,
      68.29635620117188,
      29.737470626831055,
      47.06208038330078,
      3.388366222381592,
      31.765277862548828,
      31.66737937927246,
      57.85127639770508,
      39.080780029296875,
      67.56414031982422,
      26.43741226196289,
      64.12785339355469,
      6.416267395019531,
      60.308021545410156,
      39.157840728759766,
      43.81975555419922
    ],
    [
      32.506710052490234,
      41.144718170166016,
      53.86649703979492,
      26.73825454711914,
      16.289714813232422,
      14.89863395690918,
      0.6966226100921631,
      9.7550687789917,
      10.645914077758789,
      14.494484901428223,
      13.06057357788086,
      15.643783569335938,
      11.624567031860352,
      18.771255493164062,
      18.91226577758789,
      27.711679458618164,
      29.587039947509766,
      16.481611251831055
    ],
    [
      56.6192512512207,
      68.29635620117188,
      26.73825454711914,
      45.19597244262695,
      16.453813552856445,
      24.089879989624023,
      0.5086677670478821,
      15.917043685913086,
      15.068968772888184,
      28.054759979248047,
      18.4252872467041,
      32.95417404174805,
      13.229463577270508,
      32.75139236450195,
      6.434421539306641,
      34.671844482421875,
      23.01883888244629,
      26.753602981567383
    ],
    [
      22.85935401916504,
      29.737470626831055,
      16.289714813232422,
      16.453813552856445,
      28.749982833862305,
      15.712076187133789,
      7.388090133666992,
      9.872304916381836,
      15.463279724121094,
      13.678943634033203,
      16.961402893066406,
      14.918574333190918,
      15.184277534484863,
      16.123815536499023,
      18.079517364501953,
      20.238340377807617,
      24.06781578063965,
      14.179193496704102
    ],
    [
      39.526878356933594,
      47.06208038330078,
      14.89863395690918,
      24.089879989624023,
      15.712076187133789,
      26.787609100341797,
      2.5826985836029053,
      13.134491920471191,
      13.623176574707031,
      23.160951614379883,
      15.30269718170166,
      26.28761100769043,
      10.841562271118164,
      25.105634689331055,
      2.538252115249634,
      23.420612335205078,
      14.916379928588867,
      18.129959106445312
    ],
    [
      2.9877209663391113,
      3.388366222381592,
      0.6966226100921631,
      0.5086677670478821,
      7.388090133666992,
      2.5826985836029053,
      20.314393997192383,
      5.893073081970215,
      7.668662071228027,
      2.3005213737487793,
      9.044661521911621,
      2.9756975173950195,
      8.914661407470703,
      2.8310365676879883,
      13.671981811523438,
      2.7721898555755615,
      10.52733325958252,
      0.5408194065093994
    ],
    [
      26.55093765258789,
      31.765277862548828,
      9.7550687789917,
      15.917043685913086,
      9.872304916381836,
      13.134491920471191,
      5.893073081970215,
      18.797327041625977,
      9.815282821655273,
      16.983638763427734,
      13.508197784423828,
      20.862911224365234,
      9.839606285095215,
      18.655609130859375,
      4.623902320861816,
      15.589326858520508,
      10.454255104064941,
      12.513479232788086
    ],
    [
      25.946887969970703,
      31.66737937927246,
      10.645914077758789,
      15.068968772888184,
      15.463279724121094,
      13.623176574707031,
      7.668662071228027,
      9.815282821655273,
      41.74431610107422,
      26.633102416992188,
      23.065032958984375,
      26.534833908081055,
      20.197696685791016,
      27.13939094543457,
      15.074529647827148,
      21.77716636657715,
      14.926200866699219,
      16.31891441345215
    ],
    [
      50.2737922668457,
      57.85127639770508,
      14.494484901428223,
      28.054759979248047,
      13.678943634033203,
      23.160951614379883,
      2.3005213737487793,
      16.983638763427734,
      26.633102416992188,
      51.793392181396484,
      24.014902114868164,
      48.23173522949219,
      16.096893310546875,
      44.12714767456055,
      1.2913670539855957,
      30.8004207611084,
      10.684006690979004,
      29.223533630371094
    ],
    [
      33.85421371459961,
      39.080780029296875,
      13.06057357788086,
      18.4252872467041,
      16.961402893066406,
      15.30269718170166,
      9.044661521911621,
      13.508197784423828,
      23.065032958984375,
      24.014902114868164,
      43.27464294433594,
      33.122962951660156,
      33.720760345458984,
      33.549476623535156,
      23.06092643737793,
      24.595712661743164,
      23.07229232788086,
      19.982717514038086
    ],
    [
      60.6533088684082,
      67.56414031982422,
      15.643783569335938,
      32.95417404174805,
      14.918574333190918,
      26.28761100769043,
      2.9756975173950195,
      20.862911224365234,
      26.534833908081055,
      48.23173522949219,
      33.122962951660156,
      69.3718032836914,
      22.909908294677734,
      59.763118743896484,
      3.5560367107391357,
      39.93351364135742,
      12.034890174865723,
      40.64763259887695
    ],
    [
      22.868324279785156,
      26.43741226196289,
      11.624567031860352,
      13.229463577270508,
      15.184277534484863,
      10.841562271118164,
      8.914661407470703,
      9.839606285095215,
      20.197696685791016,
      16.096893310546875,
      33.720760345458984,
      22.909908294677734,
      50.4215087890625,
      34.96120071411133,
      48.09563064575195,
      36.66999435424805,
      45.40132522583008,
      30.57685661315918
    ],
    [
      57.19682693481445,
      64.12785339355469,
      18.771255493164062,
      32.75139236450195,
      16.123815536499023,
      25.105634689331055,
      2.8310365676879883,
      18.655609130859375,
      27.13939094543457,
      44.12714767456055,
      33.549476623535156,
      59.763118743896484,
      34.96120071411133,
      81.41032409667969,
      23.692832946777344,
      70.6500244140625,
      35.884483337402344,
      69.38552856445312
    ],
    [
      3.3535892963409424,
      6.416267395019531,
      18.91226577758789,
      6.434421539306641,
      18.079517364501953,
      2.538252115249634,
      13.671981811523438,
      4.623902320861816,
      15.074529647827148,
      1.2913670539855957,
      23.06092643737793,
      3.5560367107391357,
      48.09563064575195,
      23.692832946777344,
      97.17472076416016,
      52.75581741333008,
      86.34671783447266,
      43.7355842590332
    ],
    [
      41.14262390136719,
      60.308021545410156,
      27.711679458618164,
      34.671844482421875,
      20.238340377807617,
      23.420612335205078,
      2.7721898555755615,
      15.589326858520508,
      21.77716636657715,
      30.8004207611084,
      24.595712661743164,
      39.93351364135742,
      36.66999435424805,
      70.6500244140625,
      52.75581741333008,
      116.4453125,
      83.98455810546875,
      102.9068603515625
    ],
    [
      19.910717010498047,
      39.157840728759766,
      29.587039947509766,
      23.01883888244629,
      24.06781578063965,
      14.916379928588867,
      10.52733325958252,
      10.454255104064941,
      14.926200866699219,
      10.684006690979004,
      23.07229232788086,
      12.034890174865723,
      45.40132522583008,
      35.884483337402344,
      86.34671783447266,
      83.98455810546875,
      117.5217514038086,
      72.66829681396484
    ],
    [
      33.103240966796875,
      43.81975555419922,
      16.481611251831055,
      26.753602981567383,
      14.179193496704102,
      18.129959106445312,
      0.5408194065093994,
      12.513479232788086,
      16.31891441345215,
      29.223533630371094,
      19.982717514038086,
      40.64763259887695,
      30.57685661315918,
      69.38552856445312,
      43.7355842590332,
      102.9068603515625,
      72.66829681396484,
      113.23804473876953
    ]
  ],
  "drr": 11.603282928466797,
  "dynamics": 3.5479519367218018,
  "format": 1245190,
  "frames": 11509760,
  "loudness": -13.15977668762207,
  "loudness_range": 10.254273414611816,
  "loudness_range_short": 11.249412536621094,
  "peak": -0.04973341152071953,
  "rms": -14.66821575164795,
  "sample_rate": 44100,
  "sections": 1,
  "seekable": 1,
  "sharpness": 1.6160682439804077,
  "space": -11.784415245056152
}