{
  "bands": [
    {
      "high_freq": 148.1999969482422,
      "loudness": -41.15096664428711,
      "loudness_range": 25.058549880981445,
      "mid_mean": -41.03978729248047,
      "mid_to_side_loudness": -1.3417836427688599,
      "mid_to_side_loudness_range": 18.982921600341797,
      "side_mean": -41.9470329284668
    },
    {
      "high_freq": 392.3793640136719,
      "loudness": -29.3629150390625,
      "loudness_range": 24.504629135131836,
      "low_freq": 148.1999969482422,
      "mid_mean": -27.071210861206055,
      "mid_to_side_loudness": -7.067030429840088,
      "mid_to_side_loudness_range": 17.452964782714844,
      "side_mean": -34.685298919677734
    },
    {
      "high_freq": 794.6976318359375,
      "loudness": -31.543533325195312,
      "loudness_range": 28.548442840576172,
      "low_freq": 392.3793640136719,
      "mid_mean": -29.834041595458984,
      "mid_to_side_loudness": -4.359383583068848,
      "mid_to_side_loudness_range": 16.96103286743164,
      "side_mean": -35.01889419555664
    },
    {
      "high_freq": 1457.5709228515625,
      "loudness": -40.33710861206055,
      "loudness_range": 36.252647399902344,
      "low_freq": 794.6976318359375,
      "mid_mean": -38.777889251708984,
      "mid_to_side_loudness": -4.945052623748779,
      "mid_to_side_loudness_range": 22.657150268554688,
      "side_mean": -44.87548828125
    },
    {
      "high_freq": 2549.74365234375,
      "loudness": -46.855045318603516,
      "loudness_range": 35.179012298583984,
      "low_freq": 1457.5709228515625,
      "mid_mean": -45.06334686279297,
      "mid_to_side_loudness": -8.574034690856934,
      "mid_to_side_loudness_range": 24.557878494262695,
      "side_mean": -55.640445709228516
    },
    {
      "high_freq": 4349.24462890625,
      "loudness": -47.928558349609375,
      "loudness_range": 33.212989807128906,
      "low_freq": 2549.74365234375,
      "mid_mean": -51.53386306762695,
      "mid_to_side_loudness": -14.64709186553955,
      "mid_to_side_loudness_range": 30.523042678833008,
      "side_mean": -63.239837646484375
    },
    {
      "high_freq": 7314.1640625,
      "loudness": -58.54035949707031,
      "loudness_range": 38.08621597290039,
      "low_freq": 4349.24462890625,
      "mid_mean": -59.36781311035156,
      "mid_to_side_loudness": -14.591188430786133,
      "mid_to_side_loudness_range": 29.33956527709961,
      "side_mean": -68.53063201904297
    },
    {
      "high_freq": 12199.2666015625,
      "loudness": -49.998863220214844,
      "loudness_range": 31.035964965820312,
      "low_freq": 7314.1640625,
      "mid_mean": -56.1823844909668,
      "mid_to_side_loudness": -16.591772079467773,
      "mid_to_side_loudness_range": 30.057405471801758,
      "side_mean": -68.0920639038086
    },
    {
      "loudness": -62.911415100097656,
      "loudness_range": 23.540771484375,
      "low_freq": 12199.2666015625,
      "mid_mean": -59.36521530151367,
      "mid_to_side_loudness": -9.926000595092773,
      "mid_to_side_loudness_range": 22.47024154663086,
      "side_mean": -67.3687973022461
    }
  ],
  "bands_short": [
    {
      "high_freq": 148.1999969482422,
      "loudness": -46.247745513916016,
      "loudness_range": 25.389938354492188,
      "mid_mean": -44.13565444946289,
      "mid_to_side_loudness": -5.9195990562438965,
      "mid_to_side_loudness_range": 16.08474349975586,
      "side_mean": -50.740074157714844
    },
    {
      "high_freq": 392.3793640136719,
      "loudness": -30.3336124420166,
      "loudness_range": 25.202045440673828,
      "low_freq": 148.1999969482422,
      "mid_mean": -28.60561180114746,
      "mid_to_side_loudness": -5.045961856842041,
      "mid_to_side_loudness_range": 20.36517333984375,
      "side_mean": -34.19820022583008
    },
    {
      "high_freq": 794.6976318359375,
      "loudness": -32.01076126098633,
      "loudness_range": 29.006103515625,
      "low_freq": 392.3793640136719,
      "mid_mean": -30.433467864990234,
      "mid_to_side_loudness": -4.5547027587890625,
      "mid_to_side_loudness_range": 18.44973373413086,
      "side_mean": -35.77524948120117
    },
    {
      "high_freq": 1457.5709228515625,
      "loudness": -40.69076919555664,
      "loudness_range": 35.97075271606445,
      "low_freq": 794.6976318359375,
      "mid_mean": -39.41402053833008,
      "mid_to_side_loudness": -3.889126777648926,
      "mid_to_side_loudness_range": 20.859926223754883,
      "side_mean": -44.60784149169922
    },
    {
      "high_freq": 2549.74365234375,
      "loudness": -48.42930603027344,
      "loudness_range": 36.09944152832031,
      "low_freq": 1457.5709228515625,
      "mid_mean": -47.15266418457031,
      "mid_to_side_loudness": -7.49064826965332,
      "mid_to_side_loudness_range": 24.46378517150879,
      "side_mean": -56.43266296386719
    },
    {
      "high_freq": 4349.24462890625,
      "loudness": -49.576656341552734,
      "loudness_range": 35.059593200683594,
      "low_freq": 2549.74365234375,
      "mid_mean": -53.22242736816406,
      "mid_to_side_loudness": -13.627676963806152,
      "mid_to_side_loudness_range": 30.694429397583008,
      "side_mean": -63.94773483276367
    },
    {
      "high_freq": 7314.1640625,
      "loudness": -60.75780487060547,
      "loudness_range": 32.47821807861328,
      "low_freq": 4349.24462890625,
      "mid_mean": -60.655303955078125,
      "mid_to_side_loudness": -12.822793006896973,
      "mid_to_side_loudness_range": 28.574600219726562,
      "side_mean": -68.77777862548828
    },
    {
      "high_freq": 12199.2666015625,
      "loudness": -51.80274963378906,
      "loudness_range": 30.710651397705078,
      "low_freq": 7314.1640625,
      "mid_mean": -57.634769439697266,
      "mid_to_side_loudness": -15.172800064086914,
      "mid_to_side_loudness_range": 30.089675903320312,
      "side_mean": -68.42110443115234
    },
    {
      "loudness": -63.638370513916016,
      "loudness_range": 21.90155792236328,
      "low_freq": 12199.2666015625,
      "mid_mean": -60.06438446044922,
      "mid_to_side_loudness": -8.78917407989502,
      "mid_to_side_loudness_range": 19.9434871673584,
      "side_mean": -67.4897689819336
    }
  ],
  "channels": 2,
  "covariance": [
    [
      66.78851318359375,
      54.19915008544922,
      42.49922561645508,
      36.278228759765625,
      59.795265197753906,
      47.12994384765625,
      60.58207321166992,
      47.32494354248047,
      62.11557388305664,
      47.64341735839844,
      70.74788665771484,
      35.69809341430664,
      49.34978485107422,
      8.279962539672852,
      59.09832000732422,
      9.403594970703125,
      34.005126953125,
      2.348773717880249
    ],
    [
      54.19915008544922,
      86.48970031738281,
      37.10131072998047,
      32.86297607421875,
      42.6302375793457,
      41.89159393310547,
      40.14751434326172,
      39.21372985839844,
      44.65365982055664,
      38.921363830566406,
      49.96977996826172,
      30.080434799194336,
      41.35539627075195,
      9.55312728881836,
      44.66147232055664,
      10.303812026977539,
      25.464521408081055,
      3.0824742317199707
    ],
    [
      42.49922561645508,
      37.10131072998047,
      83.55841064453125,
      42.17204284667969,
      59.7951774597168,
      49.49859619140625,
      69.5009994506836,
      53.93103790283203,
      69.08573150634766,
      55.47071838378906,
      81.22258758544922,
      38.48208236694336,
      54.82585144042969,
      7.19019889831543,
      72.28711700439453,
      10.342955589294434,
      40.5561408996582,
      0.9983126521110535
    ],
    [
      36.278228759765625,
      32.86297607421875,
      42.17204284667969,
      48.65854263305664,
      37.887489318847656,
      38.52556610107422,
      40.3094482421875,
      43.40279006958008,
      39.646156311035156,
      45.991573333740234,
      43.84407424926758,
      29.509313583374023,
      29.575420379638672,
      7.64006233215332,
      31.21308708190918,
      5.840827465057373,
      17.742961883544922,
      1.9003627300262451
    ],
    [
      59.795265197753906,
      42.6302375793457,
      59.7951774597168,
      37.887489318847656,
      107.62782287597656,
      70.94617462158203,
      103.95455169677734,
      71.31673431396484,
      97.10283660888672,
      71.38973236083984,
      104.3232650756836,
      55.36447525024414,
      71.46415710449219,
      9.346953392028809,
      89.59571075439453,
      13.307312965393066,
      52.79293441772461,
      0.4680521786212921
    ],
    [
      47.12994384765625,
      41.89159393310547,
      49.49859619140625,
      38.52556610107422,
      70.94617462158203,
      81.6694564819336,
      69.66313934326172,
      72.70311737060547,
      68.70936584472656,
      74.50760650634766,
      70.44564819335938,
      56.2352180480957,
      49.42587661743164,
      12.262957572937012,
      50.231449127197266,
      11.322620391845703,
      31.416410446166992,
      1.9482524394989014
    ],
    [
      60.58207321166992,
      40.14751434326172,
      69.5009994506836,
      40.3094482421875,
      103.95455169677734,
      69.66313934326172,
      149.42526245117188,
      81.10118103027344,
      128.76016235351562,
      78.83528137207031,
      128.9230194091797,
      70.02278137207031,
      82.13140106201172,
      8.486672401428223,
      104.75921630859375,
      13.332639694213867,
      62.84969711303711,
      -1.3793401718139648
    ],
    [
      47.32494354248047,
      39.21372985839844,
      53.93103790283203,
      43.40279006958008,
      71.31673431396484,
      72.70311737060547,
      81.10118103027344,
      85.85891723632812,
      75.05095672607422,
      82.3795394897461,
      72.3382339477539,
      62.38588333129883,
      47.25844192504883,
      13.315380096435547,
      46.2338981628418,
      10.272334098815918,
      29.75387954711914,
      1.5072811841964722
    ],
    [
      62.11557388305664,
      44.65365982055664,
      69.08573150634766,
      39.646156311035156,
      97.10283660888672,
      68.70936584472656,
      128.76016235351562,
      75.05095672607422,
      152.37449645996094,
      80.34574127197266,
      151.843505859375,
      74.88961029052734,
      104.39449310302734,
      13.72575855255127,
      118.04991149902344,
      17.72059440612793,
      70.2621078491211,
      0.5100510120391846
    ],
    [
      47.64341735839844,
      38.921363830566406,
      55.47071838378906,
      45.991573333740234,
      71.38973236083984,
      74.50760650634766,
      78.83528137207031,
      82.3795394897461,
      80.34574127197266,
      98.28727722167969,
      86.66006469726562,
      67.85773468017578,
      56.32951354980469,
      15.15146255493164,
      56.126895904541016,
      11.902939796447754,
      37.602176666259766,
      3.49953556060791
    ],
    [
      70.74788665771484,
      49.96977996826172,
      81.22258758544922,
      43.84407424926758,
      104.3232650756836,
      70.44564819335938,
      128.9230194091797,
      72.3382339477539,
      151.843505859375,
      86.66006469726562,
      206.4260711669922,
      77.78424072265625,
      141.9535369873047,
      19.680397033691406,
      167.62315368652344,
      26.01956558227539,
      97.83349609375,
      5.151297569274902
    ],
    [
      35.69809341430664,
      30.080434799194336,
      38.48208236694336,
      29.509313583374023,
      55.36447525024414,
      56.2352180480957,
      70.02278137207031,
      62.38588333129883,
      74.88961029052734,
      67.85773468017578,
      77.78424072265625,
      64.67884063720703,
      52.00614547729492,
      15.02248477935791,
      49.96782684326172,
      11.88409423828125,
      32.69609832763672,
      2.692249298095703
    ],
    [
      49.34978485107422,
      41.35539627075195,
      54.82585144042969,
      29.575420379638672,
      71.46415710449219,
      49.42587661743164,
      82.13140106201172,
      47.25844192504883,
      104.39449310302734,
      56.32951354980469,
      141.9535369873047,
      52.00614547729492,
      126.31316375732422,
      21.935163497924805,
      138.34405517578125,
      29.379722595214844,
      81.65637969970703,
      6.868612766265869
    ],
    [
      8.279962539672852,
      9.55312728881836,
      7.19019889831543,
      7.64006233215332,
      9.346953392028809,
      12.262957572937012,
      8.486672401428223,
      13.315380096435547,
      13.72575855255127,
      15.15146255493164,
      19.680397033691406,
      15.02248477935791,
      21.935163497924805,
      11.045171737670898,
      16.813520431518555,
      8.425278663635254,
      11.060933113098145,
      3.3235666751861572
    ],
    [
      59.09832000732422,
      44.66147232055664,
      72.28711700439453,
      31.21308708190918,
      89.59571075439453,
      50.231449127197266,
      104.75921630859375,
      46.2338981628418,
      118.04991149902344,
      56.126895904541016,
      167.62315368652344,
      49.96782684326172,
      138.34405517578125,
      16.813520431518555,
      177.01646423339844,
      31.72193717956543,
      101.56100463867188,
      6.232508182525635
    ],
    [
      9.403594970703125,
      10.303812026977539,
      10.342955589294434,
      5.840827465057373,
      13.307312965393066,
      11.322620391845703,
      13.332639694213867,
      10.272334098815918,
      17.72059440612793,
      11.902939796447754,
      26.01956558227539,
      11.88409423828125,
      29.379722595214844,
      8.425278663635254,
      31.72193717956543,
      11.463790893554688,
      19.680936813354492,
      3.1929421424865723
    ],
    [
      34.005126953125,
      25.464521408081055,
      40.5561408996582,
      17.742961883544922,
      52.79293441772461,
      31.416410446166992,
      62.84969711303711,
      29.75387954711914,
      70.2621078491211,
      37.602176666259766,
      97.83349609375,
      32.69609832763672,
      81.65637969970703,
      11.060933113098145,
      101.56100463867188,
      19.680936813354492,
      63.513309478759766,
      4.401669979095459
    ],
    [
      2.348773717880249,
      3.0824742317199707,
      0.9983126521110535,
      1.9003627300262451,
      0.4680521786212921,
      1.9482524394989014,
      -1.3793401718139648,
      1.5072811841964722,
      0.5100510120391846,
      3.49953556060791,
      5.151297569274902,
      2.692249298095703,
      6.868612766265869,
      3.3235666751861572,
      6.232508182525635,
      3.1929421424865723,
      4.401669979095459,
      2.200845956802368
    ]
  ],
  "covariance_short": [
    [
      77.85270690917969,
      58.496795654296875,
      37.3462028503418,
      35.1016731262207,
      57.79240417480469,
      42.97572708129883,
      58.640560150146484,
      41.52587890625,
      61.42674255371094,
      42.07109832763672,
      65.39793395996094,
      31.32621192932129,
      41.11248016357422,
      6.091790676116943,
      50.97483444213867,
      6.21188497543335,
      28.645544052124023,
      1.0381555557250977
    ],
    [
      58.496795654296875,
      80.77482604980469,
      36.950897216796875,
      37.376712799072266,
      51.783782958984375,
      44.61552429199219,
      47.356136322021484,
      39.720619201660156,
      52.84121322631836,
      50.68053436279297,
      69.56520080566406,
      34.016544342041016,
      44.0711555480957,
      7.527588844299316,
      53.03376007080078,
      7.786953449249268,
      32.191280364990234,
      3.3094282150268555
    ],
    [
      37.3462028503418,
      36.950897216796875,
      90.52775573730469,
      42.38237380981445,
      63.80991744995117,
      50.54707717895508,
      67.71624755859375,
      52.195716857910156,
      71.83576202392578,
      53.78086471557617,
      76.33747100830078,
      35.5606689453125,
      47.59526443481445,
      4.8069376945495605,
      64.78080749511719,
      6.994749546051025,
      34.226417541503906,
      -0.4398498237133026
    ],
    [
      35.1016731262207,
      37.376712799072266,
      42.38237380981445,
      52.93003845214844,
      40.632652282714844,
      40.6696891784668,
      37.55280303955078,
      41.08798599243164,
      41.47628402709961,
      43.79423141479492,
      38.1002197265625,
      26.308490753173828,
      26.06025505065918,
      7.1748576164245605,
      26.71174430847168,
      5.329193115234375,
      15.054587364196777,
      1.5267224311828613
    ],
    [
      57.79240417480469,
      51.783782958984375,
      63.80991744995117,
      40.632652282714844,
      116.31664276123047,
      73.9736099243164,
      110.10385131835938,
      75.31169891357422,
      104.74626159667969,
      74.7923812866211,
      104.05224609375,
      54.81502151489258,
      65.95506286621094,
      7.457404136657715,
      85.00018310546875,
      9.648179054260254,
      48.257957458496094,
      -1.4349576234817505
    ],
    [
      42.97572708129883,
      44.61552429199219,
      50.54707717895508,
      40.6696891784668,
      73.9736099243164,
      84.58739471435547,
      71.17472839355469,
      73.22317504882812,
      73.9677963256836,
      74.44635009765625,
      70.39213562011719,
      53.919769287109375,
      46.025638580322266,
      11.185810089111328,
      47.61833572387695,
      8.975687980651855,
      28.829002380371094,
      0.8571950793266296
    ],
    [
      58.640560150146484,
      47.356136322021484,
      67.71624755859375,
      37.55280303955078,
      110.10385131835938,
      71.17472839355469,
      150.48089599609375,
      81.38394165039062,
      133.64541625976562,
      79.72700500488281,
      129.39443969726562,
      66.5340347290039,
      76.67575073242188,
      6.9838480949401855,
      101.09738159179688,
      9.922739028930664,
      58.96617126464844,
      -3.2122535705566406
    ],
    [
      41.52587890625,
      39.720619201660156,
      52.195716857910156,
      41.08798599243164,
      75.31169891357422,
      73.22317504882812,
      81.38394165039062,
      87.03871154785156,
      78.77108764648438,
      80.85836791992188,
      69.3640365600586,
      57.95493698120117,
      43.05340576171875,
      11.896681785583496,
      42.29522705078125,
      7.9817728996276855,
      26.837451934814453,
      0.3933478593826294
    ],
    [
      61.42674255371094,
      52.84121322631836,
      71.83576202392578,
      41.47628402709961,
      104.74626159667969,
      73.9677963256836,
      133.64541625976562,
      78.77108764648438,
      161.3341064453125,
      85.1261978149414,
      156.77139282226562,
      72.93717193603516,
      99.30673217773438,
      11.452290534973145,
      115.03356170654297,
      13.584393501281738,
      66.64421844482422,
      -1.8441113233566284
    ],
    [
      42.07109832763672,
      50.68053436279297,
      53.78086471557617,
      43.79423141479492,
      74.7923812866211,
      74.44635009765625,
      79.72700500488281,
      80.85836791992188,
      85.1261978149414,
      96.46780395507812,
      82.59085845947266,
      63.34352493286133,
      51.238624572753906,
      13.770721435546875,
      51.660987854003906,
      9.489327430725098,
      34.20521545410156,
      2.26413893699646
    ],
    [
      65.39793395996094,
      69.56520080566406,
      76.33747100830078,
      38.1002197265625,
      104.05224609375,
      70.39213562011719,
      129.39443969726562,
      69.3640365600586,
      156.77139282226562,
      82.59085845947266,
      201.8496856689453,
      72.64678955078125,
      130.06448364257812,
      15.887040138244629,
      156.6346893310547,
      20.85859489440918,
      90.57656860351562,
      2.2901875972747803
    ],
    [
      31.32621192932129,
      34.016544342041016,
      35.5606689453125,
      26.308490753173828,
      54.81502151489258,
      53.919769287109375,
      66.5340347290039,
      57.95493698120117,
      72.93717193603516,
      63.34352493286133,
      72.64678955078125,
      59.57070541381836,
      45.88036346435547,
      13.564247131347656,
      44.94150161743164,
      9.373631477355957,
      29.075014114379883,
      1.675864338874817
    ],
    [
      41.11248016357422,
      44.0711555480957,
      47.59526443481445,
      26.06025505065918,
      65.95506286621094,
      46.025638580322266,
      76.67575073242188,
      43.05340576171875,
      99.30673217773438,
      51.238624572753906,
      130.06448364257812,
      45.88036346435547,
      108.75093841552734,
      16.80925941467285,
      120.3210678100586,
      22.232328414916992,
      70.20917510986328,
      3.7752559185028076
    ],
    [
      6.091790676116943,
      7.527588844299316,
      4.8069376945495605,
      7.1748576164245605,
      7.457404136657715,
      11.185810089111328,
      6.9838480949401855,
      11.896681785583496,
      11.452290534973145,
      13.770721435546875,
      15.887040138244629,
      13.564247131347656,
      16.80925941467285,
      10.247262001037598,
      11.641093254089355,
      6.50225830078125,
      7.8592448234558105,
      2.910597324371338
    ],
    [
      50.97483444213867,
      53.03376007080078,
      64.78080749511719,
      26.71174430847168,
      85.00018310546875,
      47.61833572387695,
      101.09738159179688,
      42.29522705078125,
      115.03356170654297,
      51.660987854003906,
      156.6346893310547,
      44.94150161743164,
      120.3210678100586,
      11.641093254089355,
      161.05259704589844,
      24.936935424804688,
      90.60943603515625,
      2.9515066146850586
    ],
    [
      6.21188497543335,
      7.786953449249268,
      6.994749546051025,
      5.329193115234375,
      9.648179054260254,
      8.975687980651855,
      9.922739028930664,
      7.9817728996276855,
      13.584393501281738,
      9.489327430725098,
      20.85859489440918,
      9.373631477355957,
      22.232328414916992,
      6.50225830078125,
      24.936935424804688,
      9.099761962890625,
      15.209908485412598,
      2.4607717990875244
    ],
    [
      28.645544052124023,
      32.191280364990234,
      34.226417541503906,
      15.054587364196777,
      48.257957458496094,
      28.829002380371094,
      58.96617126464844,
      26.837451934814453,
      66.64421844482422,
      34.20521545410156,
      90.57656860351562,
      29.075014114379883,
      70.20917510986328,
      7.8592448234558105,
      90.60943603515625,
      15.209908485412598,
      56.63670349121094,
      2.337322950363159
    ],
    [
      1.0381555557250977,
      3.3094282150268555,
      -0.4398498237133026,
      1.5267224311828613,
      -1.4349576234817505,
      0.8571950793266296,
      -3.2122535705566406,
      0.3933478593826294,
      -1.8441113233566284,
      2.26413893699646,
      2.2901875972747803,
      1.675864338874817,
      3.7752559185028076,
      2.910597324371338,
      2.9515066146850586,
      2.4607717990875244,
      2.337322950363159,
      2.3991401195526123
    ]
  ],
  "drr": 14.516890525817871,
  "dynamics": 6.642244338989258,
  "format": 1245190,
  "frames": 8493056,
  "loudness": -19.5515193939209,
  "loudness_range": 24.910362243652344,
  "loudness_range_short": 26.71274185180664,
  "peak": 0.15298928320407867,
  "rms": -19.01996612548828,
  "sample_rate": 44100,
  "sections": 1,
  "seekable": 1,
  "sharpness": 3.6985788345336914,
  "space": -7.009146690368652
}