{
  "bands": [
    {
      "high_freq": 148.1999969482422,
      "loudness": -16.285083770751953,
      "loudness_range": 6.988011360168457,
      "mid_mean": -13.23180866241455,
      "mid_to_side_loudness": -9.757573127746582,
      "mid_to_side_loudness_range": 18.30953025817871,
      "side_mean": -23.63374900817871
    },
    {
      "high_freq": 392.3793640136719,
      "loudness": -17.661935806274414,
      "loudness_range": 6.271380424499512,
      "low_freq": 148.1999969482422,
      "mid_mean": -15.15538501739502,
      "mid_to_side_loudness": -6.170957088470459,
      "mid_to_side_loudness_range": 12.413926124572754,
      "side_mean": -21.315156936645508
    },
    {
      "high_freq": 794.6976318359375,
      "loudness": -17.320404052734375,
      "loudness_range": 10.316771507263184,
      "low_freq": 392.3793640136719,
      "mid_mean": -14.864547729492188,
      "mid_to_side_loudness": -5.849737644195557,
      "mid_to_side_loudness_range": 12.822832107543945,
      "side_mean": -20.886484146118164
    },
    {
      "high_freq": 1457.5709228515625,
      "loudness": -17.251161575317383,
      "loudness_range": 12.741032600402832,
      "low_freq": 794.6976318359375,
      "mid_mean": -14.46009635925293,
      "mid_to_side_loudness": -7.940025806427002,
      "mid_to_side_loudness_range": 14.24339485168457,
      "side_mean": -22.724397659301758
    },
    {
      "high_freq": 2549.74365234375,
      "loudness": -20.175914764404297,
      "loudness_range": 8.221428871154785,
      "low_freq": 1457.5709228515625,
      "mid_mean": -17.303298950195312,
      "mid_to_side_loudness": -7.580261707305908,
      "mid_to_side_loudness_range": 10.811140060424805,
      "side_mean": -25.259765625
    },
    {
      "high_freq": 4349.24462890625,
      "loudness": -21.168813705444336,
      "loudness_range": 8.886041641235352,
      "low_freq": 2549.74365234375,
      "mid_mean": -18.325042724609375,
      "mid_to_side_loudness": -7.4079437255859375,
      "mid_to_side_loudness_range": 10.748800277709961,
      "side_mean": -26.122798919677734
    },
    {
      "high_freq": 7314.1640625,
      "loudness": -21.271957397460938,
      "loudness_range": 7.639320373535156,
      "low_freq": 4349.24462890625,
      "mid_mean": -19.08915138244629,
      "mid_to_side_loudness": -4.1131086349487305,
      "mid_to_side_loudness_range": 7.355877876281738,
      "side_mean": -23.32223892211914
    },
    {
      "high_freq": 12199.2666015625,
      "loudness": -21.117568969726562,
      "loudness_range": 6.33746337890625,
      "low_freq": 7314.1640625,
      "mid_mean": -19.462621688842773,
      "mid_to_side_loudness": -2.6620993614196777,
      "mid_to_side_loudness_range": 7.143954277038574,
      "side_mean": -22.339693069458008
    },
    {
      "loudness": -25.376293182373047,
      "loudness_range": 6.869300842285156,
      "low_freq": 12199.2666015625,
      "mid_mean": -23.81332015991211,
      "mid_to_side_loudness": -2.227640390396118,
      "mid_to_side_loudness_range": 6.54616641998291,
      "side_mean": -26.377323150634766
    }
  ],
  "bands_short": [
    {
      "high_freq": 148.1999969482422,
      "loudness": -18.91084861755371,
      "loudness_range": 16.49109649658203,
      "mid_mean": -16.18673324584961,
      "mid_to_side_loudness": -10.014506340026855,
      "mid_to_side_loudness_range": 24.922807693481445,
      "side_mean": -27.069435119628906
    },
    {
      "high_freq": 392.3793640136719,
      "loudness": -18.15108871459961,
      "loudness_range": 12.668394088745117,
      "low_freq": 148.1999969482422,
      "mid_mean": -15.98490047454834,
      "mid_to_side_loudness": -5.717114448547363,
      "mid_to_side_loudness_range": 17.69717025756836,
      "side_mean": -21.788524627685547
    },
    {
      "high_freq": 794.6976318359375,
      "loudness": -19.549409866333008,
      "loudness_range": 13.194422721862793,
      "low_freq": 392.3793640136719,
      "mid_mean": -17.60991668701172,
      "mid_to_side_loudness": -4.500821590423584,
      "mid_to_side_loudness_range": 14.94503402709961,
      "side_mean": -22.35076332092285
    },
    {
      "high_freq": 1457.5709228515625,
      "loudness": -17.104671478271484,
      "loudness_range": 15.373199462890625,
      "low_freq": 794.6976318359375,
      "mid_mean": -14.451794624328613,
      "mid_to_side_loudness": -7.955768585205078,
      "mid_to_side_loudness_range": 17.785749435424805,
      "side_mean": -22.518898010253906
    },
    {
      "high_freq": 2549.74365234375,
      "loudness": -21.569841384887695,
      "loudness_range": 13.553547859191895,
      "low_freq": 1457.5709228515625,
      "mid_mean": -18.918241500854492,
      "mid_to_side_loudness": -6.825198173522949,
      "mid_to_side_loudness_range": 14.340679168701172,
      "side_mean": -26.043546676635742
    },
    {
      "high_freq": 4349.24462890625,
      "loudness": -22.96404266357422,
      "loudness_range": 15.20508098602295,
      "low_freq": 2549.74365234375,
      "mid_mean": -20.352163314819336,
      "mid_to_side_loudness": -6.502744674682617,
      "mid_to_side_loudness_range": 13.168289184570312,
      "side_mean": -27.178373336791992
    },
    {
      "high_freq": 7314.1640625,
      "loudness": -22.875328063964844,
      "loudness_range": 14.25539493560791,
      "low_freq": 4349.24462890625,
      "mid_mean": -20.914278030395508,
      "mid_to_side_loudness": -3.838815212249756,
      "mid_to_side_loudness_range": 9.68839168548584,
      "side_mean": -24.91937828063965
    },
    {
      "high_freq": 12199.2666015625,
      "loudness": -23.30961799621582,
      "loudness_range": 14.828664779663086,
      "low_freq": 7314.1640625,
      "mid_mean": -21.567161560058594,
      "mid_to_side_loudness": -3.2021279335021973,
      "mid_to_side_loudness_range": 9.214948654174805,
      "side_mean": -25.138965606689453
    },
    {
      "loudness": -27.414276123046875,
      "loudness_range": 14.704263687133789,
      "low_freq": 12199.2666015625,
      "mid_mean": -25.70002555847168,
      "mid_to_side_loudness": -2.950195789337158,
      "mid_to_side_loudness_range": 8.562623977661133,
      "side_mean": -28.93160629272461
    }
  ],
  "channels": 2,
  "covariance": [
    [
      19.96038055419922,
      6.28330659866333,
      4.364266872406006,
      3.0134634971618652,
      5.1269145011901855,
      3.9786221981048584,
      0.49304935336112976,
      0.4043775796890259,
      2.700078010559082,
      0.7958281636238098,
      4.108395576477051,
      2.5652530193328857,
      3.9328126907348633,
      5.306406497955322,
      4.542200088500977,
      5.936069965362549,
      2.6206564903259277,
      4.520606994628906
    ],
    [
      6.28330659866333,
      27.719894409179688,
      7.675811290740967,
      9.884033203125,
      8.586405754089355,
      9.705589294433594,
      8.782556533813477,
      9.3108549118042,
      7.168130397796631,
      7.850512981414795,
      8.162147521972656,
      9.145607948303223,
      8.417767524719238,
      10.414762496948242,
      5.475562572479248,
      9.277169227600098,
      4.771333694458008,
      10.677728652954102
    ],
    [
      4.364266872406006,
      7.675811290740967,
      12.987813949584961,
      5.202624797821045,
      5.427895545959473,
      3.9057295322418213,
      4.422703742980957,
      3.03104829788208,
      4.025862693786621,
      2.8535656929016113,
      6.44047212600708,
      4.86611795425415,
      8.986960411071777,
      7.81680154800415,
      4.673083782196045,
      6.034232139587402,
      3.800219774246216,
      6.318219184875488
    ],
    [
      3.0134634971618652,
      9.884033203125,
      5.202624797821045,
      21.801429748535156,
      5.813709259033203,
      14.776565551757812,
      4.7710041999816895,
      11.32907772064209,
      2.392879009246826,
      7.7054362297058105,
      3.9832565784454346,
      8.730592727661133,
      4.682537078857422,
      7.9629998207092285,
      4.807274341583252,
      6.657468795776367,
      3.5504446029663086,
      6.078738689422607
    ],
    [
      5.1269145011901855,
      8.586405754089355,
      5.427895545959473,
      5.813709259033203,
      19.354719161987305,
      10.198465347290039,
      11.764521598815918,
      6.601256370544434,
      6.4573974609375,
      4.696137428283691,
      7.67999792098999,
      6.125860214233398,
      5.8136138916015625,
      6.052188396453857,
      3.9657092094421387,
      6.416432857513428,
      4.036726951599121,
      7.013692378997803
    ],
    [
      3.9786221981048584,
      9.705589294433594,
      3.9057295322418213,
      14.776565551757812,
      10.198465347290039,
      24.224592208862305,
      8.852363586425781,
      17.146432876586914,
      5.676004886627197,
      12.72732925415039,
      6.1958208084106445,
      12.771858215332031,
      3.8745477199554443,
      7.999351501464844,
      5.435851573944092,
      7.686385154724121,
      5.035266876220703,
      7.587827205657959
    ],
    [
      0.49304935336112976,
      8.782556533813477,
      4.422703742980957,
      4.7710041999816895,
      11.764521598815918,
      8.852363586425781,
      25.548250198364258,
      14.10132122039795,
      8.933331489562988,
      7.991368770599365,
      7.88040018081665,
      6.343669414520264,
      5.853514194488525,
      5.7454938888549805,
      2.7918319702148438,
      4.703319549560547,
      3.496034860610962,
      6.586668491363525
    ],
    [
      0.4043775796890259,
      9.3108549118042,
      3.03104829788208,
      11.32907772064209,
      6.601256370544434,
      17.146432876586914,
      14.10132122039795,
      25.6691837310791,
      7.039285659790039,
      16.275440216064453,
      6.126509189605713,
      14.598835945129395,
      3.466186761856079,
      7.32281494140625,
      3.8667104244232178,
      5.51387357711792,
      3.6606855392456055,
      6.32871675491333
    ],
    [
      2.700078010559082,
      7.168130397796631,
      4.025862693786621,
      2.392879009246826,
      6.4573974609375,
      5.676004886627197,
      8.933331489562988,
      7.039285659790039,
      12.08283519744873,
      7.355196952819824,
      8.605079650878906,
      6.39220666885376,
      7.673703670501709,
      6.667442321777344,
      3.8602521419525146,
      5.561371803283691,
      4.229671478271484,
      6.7276153564453125
    ],
    [
      0.7958281636238098,
      7.850512981414795,
      2.8535656929016113,
      7.7054362297058105,
      4.696137428283691,
      12.72732925415039,
      7.991368770599365,
      16.275440216064453,
      7.355196952819824,
      16.73296546936035,
      5.543881416320801,
      13.696873664855957,
      4.434417247772217,
      7.4021100997924805,
      3.447180986404419,
      4.94644832611084,
      3.722712278366089,
      6.08126163482666
    ],
    [
      4.108395576477051,
      8.162147521972656,
      6.44047212600708,
      3.9832565784454346,
      7.67999792098999,
      6.1958208084106445,
      7.88040018081665,
      6.126509189605713,
      8.605079650878906,
      5.543881416320801,
      14.484343528747559,
      9.009099960327148,
      11.112799644470215,
      8.930749893188477,
      6.635024070739746,
      7.449519634246826,
      6.5099310874938965,
      8.760082244873047
    ],
    [
      2.5652530193328857,
      9.145607948303223,
      4.86611795425415,
      8.730592727661133,
      6.125860214233398,
      12.771858215332031,
      6.343669414520264,
      14.598835945129395,
      6.39220666885376,
      13.696873664855957,
      9.009099960327148,
      17.921899795532227,
      8.18431282043457,
      11.901236534118652,
      5.982717514038086,
      9.570752143859863,
      5.351477146148682,
      9.290250778198242
    ],
    [
      3.9328126907348633,
      8.417767524719238,
      8.986960411071777,
      4.682537078857422,
      5.8136138916015625,
      3.8745477199554443,
      5.853514194488525,
      3.466186761856079,
      7.673703670501709,
      4.434417247772217,
      11.112799644470215,
      8.18431282043457,
      17.337099075317383,
      14.726668357849121,
      9.056252479553223,
      11.624316215515137,
      7.701364040374756,
      11.80583667755127
    ],
    [
      5.306406497955322,
      10.414762496948242,
      7.81680154800415,
      7.9629998207092285,
      6.052188396453857,
      7.999351501464844,
      5.7454938888549805,
      7.32281494140625,
      6.667442321777344,
      7.4021100997924805,
      8.930749893188477,
      11.901236534118652,
      14.726668357849121,
      19.58134651184082,
      9.448247909545898,
      16.3587589263916,
      7.161732196807861,
      14.613106727600098
    ],
    [
      4.542200088500977,
      5.475562572479248,
      4.673083782196045,
      4.807274341583252,
      3.9657092094421387,
      5.435851573944092,
      2.7918319702148438,
      3.8667104244232178,
      3.8602521419525146,
      3.447180986404419,
      6.635024070739746,
      5.982717514038086,
      9.056252479553223,
      9.448247909545898,
      11.320033073425293,
      10.085113525390625,
      8.12564754486084,
      7.893692970275879
    ],
    [
      5.936069965362549,
      9.277169227600098,
      6.034232139587402,
      6.657468795776367,
      6.416432857513428,
      7.686385154724121,
      4.703319549560547,
      5.51387357711792,
      5.561371803283691,
      4.94644832611084,
      7.449519634246826,
      9.570752143859863,
      11.624316215515137,
      16.3587589263916,
      10.085113525390625,
      20.812808990478516,
      8.384211540222168,
      15.045539855957031
    ],
    [
      2.6206564903259277,
      4.771333694458008,
      3.800219774246216,
      3.5504446029663086,
      4.036726951599121,
      5.035266876220703,
      3.496034860610962,
      3.6606855392456055,
      4.229671478271484,
      3.722712278366089,
      6.5099310874938965,
      5.351477146148682,
      7.701364040374756,
      7.161732196807861,
      8.12564754486084,
      8.384211540222168,
      11.565549850463867,
      9.720818519592285
    ],
    [
      4.520606994628906,
      10.677728652954102,
      6.318219184875488,
      6.078738689422607,
      7.013692378997803,
      7.587827205657959,
      6.586668491363525,
      6.32871675491333,
      6.7276153564453125,
      6.08126163482666,
      8.760082244873047,
      9.290250778198242,
      11.80583667755127,
      14.613106727600098,
      7.893692970275879,
      15.045539855957031,
      9.720818519592285,
      19.258501052856445
    ]
  ],
  "covariance_short": [
    [
      47.864952087402344,
      13.464805603027344,
      7.773582458496094,
      2.635021686553955,
      3.3629209995269775,
      2.8504018783569336,
      -0.061656404286623,
      -1.9363620281219482,
      0.5123000741004944,
      -2.22186541557312,
      -1.3961533308029175,
      -0.8943012952804565,
      1.9103559255599976,
      4.940919876098633,
      0.7138231992721558,
      4.678260326385498,
      -2.362229585647583,
      1.0663057565689087
    ],
    [
      13.464805603027344,
      52.11033630371094,
      6.062208652496338,
      13.354907035827637,
      5.295119285583496,
      10.454201698303223,
      9.044471740722656,
      8.982900619506836,
      7.199193954467773,
      8.215527534484863,
      4.983631134033203,
      7.396285533905029,
      2.4222919940948486,
      7.772193431854248,
      3.3519787788391113,
      8.645899772644043,
      2.918229818344116,
      8.75397777557373
    ],
    [
      7.773582458496094,
      6.062208652496338,
      29.377483367919922,
      10.154139518737793,
      11.888368606567383,
      7.694469451904297,
      7.01796817779541,
      5.3539042472839355,
      11.198249816894531,
      6.9403533935546875,
      13.430377960205078,
      9.586005210876465,
      14.81312084197998,
      13.929471015930176,
      12.706920623779297,
      15.429110527038574,
      11.628276824951172,
      14.156877517700195
    ],
    [
      2.635021686553955,
      13.354907035827637,
      10.154139518737793,
      30.93353271484375,
      8.849746704101562,
      16.377565383911133,
      6.215236663818359,
      12.773996353149414,
      6.240020751953125,
      11.768136978149414,
      7.325150966644287,
      12.1019287109375,
      5.917281150817871,
      12.239972114562988,
      6.899386405944824,
      12.761894226074219,
      6.414505481719971,
      11.274658203125
    ],
    [
      3.3629209995269775,
      5.295119285583496,
      11.888368606567383,
      8.849746704101562,
      28.983428955078125,
      14.602926254272461,
      13.846534729003906,
      9.798566818237305,
      13.541999816894531,
      9.539549827575684,
      14.401971817016602,
      10.844964981079102,
      9.338104248046875,
      9.337221145629883,
      9.399968147277832,
      11.623481750488281,
      9.37032413482666,
      11.512187004089355
    ],
    [
      2.8504018783569336,
      10.454201698303223,
      7.694469451904297,
      16.377565383911133,
      14.602926254272461,
      30.87030029296875,
      10.014798164367676,
      19.007089614868164,
      9.66317367553711,
      16.702821731567383,
      9.860818862915039,
      15.761629104614258,
      5.746697425842285,
      12.23266887664795,
      7.89595365524292,
      13.47245979309082,
      7.829758644104004,
      13.36970329284668
    ],
    [
      -0.061656404286623,
      9.044471740722656,
      7.01796817779541,
      6.215236663818359,
      13.846534729003906,
      10.014798164367676,
      38.834228515625,
      15.999608993530273,
      16.57411766052246,
      10.063664436340332,
      15.459013938903809,
      9.264604568481445,
      8.500924110412598,
      7.95346736907959,
      7.331470012664795,
      10.121966361999512,
      8.504819869995117,
      11.450969696044922
    ],
    [
      -1.9363620281219482,
      8.982900619506836,
      5.3539042472839355,
      12.773996353149414,
      9.798566818237305,
      19.007089614868164,
      15.999608993530273,
      29.78873062133789,
      10.888768196105957,
      17.981534957885742,
      10.199716567993164,
      16.908123016357422,
      5.3430657386779785,
      10.74252700805664,
      6.616878986358643,
      11.643301963806152,
      7.45387601852417,
      12.2317476272583
    ],
    [
      0.5123000741004944,
      7.199193954467773,
      11.198249816894531,
      6.240020751953125,
      13.541999816894531,
      9.66317367553711,
      16.57411766052246,
      10.888768196105957,
      29.212100982666016,
      14.903538703918457,
      20.301549911499023,
      13.836755752563477,
      15.99630069732666,
      13.741220474243164,
      13.74377155303955,
      16.114521026611328,
      14.58623218536377,
      16.93471336364746
    ],
    [
      -2.22186541557312,
      8.215527534484863,
      6.9403533935546875,
      11.768136978149414,
      9.539549827575684,
      16.702821731567383,
      10.063664436340332,
      17.981534957885742,
      14.903538703918457,
      25.801288604736328,
      12.475048065185547,
      20.02417755126953,
      9.261026382446289,
      14.818391799926758,
      9.426105499267578,
      15.142557144165039,
      10.72234058380127,
      16.521066665649414
    ],
    [
      -1.3961533308029175,
      4.983631134033203,
      13.430377960205078,
      7.325150966644287,
      14.401971817016602,
      9.860818862915039,
      15.459013938903809,
      10.199716567993164,
      20.301549911499023,
      12.475048065185547,
      32.41218185424805,
      19.251934051513672,
      22.677480697631836,
      18.283626556396484,
      20.097166061401367,
      20.682764053344727,
      18.97673988342285,
      20.2755126953125
    ],
    [
      -0.8943012952804565,
      7.396285533905029,
      9.586005210876465,
      12.1019287109375,
      10.844964981079102,
      15.761629104614258,
      9.264604568481445,
      16.908123016357422,
      13.836755752563477,
      20.02417755126953,
      19.251934051513672,
      27.936386108398438,
      15.541854858398438,
      21.925474166870117,
      14.872142791748047,
      22.68583869934082,
      14.075051307678223,
      21.606042861938477
    ],
    [
      1.9103559255599976,
      2.4222919940948486,
      14.81312084197998,
      5.917281150817871,
      9.338104248046875,
      5.746697425842285,
      8.500924110412598,
      5.3430657386779785,
      15.99630069732666,
      9.261026382446289,
      22.677480697631836,
      15.541854858398438,
      31.9447078704834,
      25.478931427001953,
      25.325576782226562,
      27.731094360351562,
      21.329362869262695,
      22.567123413085938
    ],
    [
      4.940919876098633,
      7.772193431854248,
      13.929471015930176,
      12.239972114562988,
      9.337221145629883,
      12.23266887664795,
      7.95346736907959,
      10.74252700805664,
      13.741220474243164,
      14.818391799926758,
      18.283626556396484,
      21.925474166870117,
      25.478931427001953,
      34.62953567504883,
      22.533578872680664,
      35.2170295715332,
      18.2183895111084,
      28.120281219482422
    ],
    [
      0.7138231992721558,
      3.3519787788391113,
      12.706920623779297,
      6.899386405944824,
      9.399968147277832,
      7.89595365524292,
      7.331470012664795,
      6.616878986358643,
      13.74377155303955,
      9.426105499267578,
      20.097166061401367,
      14.872142791748047,
      25.325576782226562,
      22.533578872680664,
      30.199121475219727,
      28.405858993530273,
      23.821348190307617,
      23.819353103637695
    ],
    [
      4.678260326385498,
      8.645899772644043,
      15.429110527038574,
      12.761894226074219,
      11.623481750488281,
      13.47245979309082,
      10.121966361999512,
      11.643301963806152,
      16.114521026611328,
      15.142557144165039,
      20.682764053344727,
      22.68583869934082,
      27.731094360351562,
      35.2170295715332,
      28.405858993530273,
      45.44285583496094,
      24.724605560302734,
      36.46760940551758
    ],
    [
      -2.362229585647583,
      2.918229818344116,
      11.628276824951172,
      6.414505481719971,
      9.37032413482666,
      7.829758644104004,
      8.504819869995117,
      7.45387601852417,
      14.58623218536377,
      10.72234058380127,
      18.97673988342285,
      14.075051307678223,
      21.329362869262695,
      18.2183895111084,
      23.821348190307617,
      24.724605560302734,
      29.9022216796875,
      27.451021194458008
    ],
    [
      1.0663057565689087,
      8.75397777557373,
      14.156877517700195,
      11.274658203125,
      11.512187004089355,
      13.36970329284668,
      11.450969696044922,
      12.2317476272583,
      16.93471336364746,
      16.521066665649414,
      20.2755126953125,
      21.606042861938477,
      22.567123413085938,
      28.120281219482422,
      23.819353103637695,
      36.46760940551758,
      27.451021194458008,
      40.88836669921875
    ]
  ],
  "drr": 12.861003875732422,
  "dynamics": 2.186906337738037,
  "format": 1245190,
  "frames": 14172160,
  "loudness": -5.562616348266602,
  "loudness_range": 4.470325946807861,
  "loudness_range_short": 7.685466289520264,
  "peak": 3.0144450664520264,
  "rms": -7.885468482971191,
  "sample_rate": 44100,
  "sections": 1,
  "seekable": 1,
  "sharpness": 2.4346837997436523,
  "space": -6.9380292892456055
}