{
  "bands": [
    {
      "high_freq": 148.1999969482422,
      "loudness": -22.325136184692383,
      "loudness_range": 6.191341400146484,
      "mid_mean": -18.744749069213867,
      "mid_to_side_loudness": -20.65434455871582,
      "mid_to_side_loudness_range": 18.196008682250977,
      "side_mean": -40.27281951904297
    },
    {
      "high_freq": 392.3793640136719,
      "loudness": -19.108245849609375,
      "loudness_range": 5.375431060791016,
      "low_freq": 148.1999969482422,
      "mid_mean": -15.685871124267578,
      "mid_to_side_loudness": -13.722648620605469,
      "mid_to_side_loudness_range": 13.629054069519043,
      "side_mean": -29.733530044555664
    },
    {
      "high_freq": 794.6976318359375,
      "loudness": -21.20514678955078,
      "loudness_range": 8.99209213256836,
      "low_freq": 392.3793640136719,
      "mid_mean": -17.792402267456055,
      "mid_to_side_loudness": -13.357023239135742,
      "mid_to_side_loudness_range": 11.753618240356445,
      "side_mean": -31.494401931762695
    },
    {
      "high_freq": 1457.5709228515625,
      "loudness": -23.767864227294922,
      "loudness_range": 10.301794052124023,
      "low_freq": 794.6976318359375,
      "mid_mean": -20.384519577026367,
      "mid_to_side_loudness": -12.054485321044922,
      "mid_to_side_loudness_range": 8.351034164428711,
      "side_mean": -32.56669998168945
    },
    {
      "high_freq": 2549.74365234375,
      "loudness": -25.648557662963867,
      "loudness_range": 8.566234588623047,
      "low_freq": 1457.5709228515625,
      "mid_mean": -22.389528274536133,
      "mid_to_side_loudness": -10.743694305419922,
      "mid_to_side_loudness_range": 8.515829086303711,
      "side_mean": -33.00882339477539
    },
    {
      "high_freq": 4349.24462890625,
      "loudness": -26.402530670166016,
      "loudness_range": 10.392847061157227,
      "low_freq": 2549.74365234375,
      "mid_mean": -23.152000427246094,
      "mid_to_side_loudness": -10.858138084411621,
      "mid_to_side_loudness_range": 9.989130973815918,
      "side_mean": -33.9770622253418
    },
    {
      "high_freq": 7314.1640625,
      "loudness": -27.973817825317383,
      "loudness_range": 12.679647445678711,
      "low_freq": 4349.24462890625,
      "mid_mean": -24.557321548461914,
      "mid_to_side_loudness": -14.960734367370605,
      "mid_to_side_loudness_range": 15.079244613647461,
      "side_mean": -39.65062713623047
    },
    {
      "high_freq": 12199.2666015625,
      "loudness": -30.035545349121094,
      "loudness_range": 15.11520767211914,
      "low_freq": 7314.1640625,
      "mid_mean": -26.55059242248535,
      "mid_to_side_loudness": -16.45883560180664,
      "mid_to_side_loudness_range": 15.800430297851562,
      "side_mean": -43.32931137084961
    },
    {
      "loudness": -39.041717529296875,
      "loudness_range": 13.033878326416016,
      "low_freq": 12199.2666015625,
      "mid_mean": -35.489688873291016,
      "mid_to_side_loudness": -15.924656867980957,
      "mid_to_side_loudness_range": 12.745040893554688,
      "side_mean": -52.797821044921875
    }
  ],
  "bands_short": [
    {
      "high_freq": 148.1999969482422,
      "loudness": -26.229705810546875,
      "loudness_range": 14.919496536254883,
      "mid_mean": -22.679994583129883,
      "mid_to_side_loudness": -21.944313049316406,
      "mid_to_side_loudness_range": 23.169384002685547,
      "side_mean": -45.82652282714844
    },
    {
      "high_freq": 392.3793640136719,
      "loudness": -19.11142921447754,
      "loudness_range": 8.896946907043457,
      "low_freq": 148.1999969482422,
      "mid_mean": -15.708161354064941,
      "mid_to_side_loudness": -14.220250129699707,
      "mid_to_side_loudness_range": 15.081987380981445,
      "side_mean": -30.211748123168945
    },
    {
      "high_freq": 794.6976318359375,
      "loudness": -22.072465896606445,
      "loudness_range": 11.431756973266602,
      "low_freq": 392.3793640136719,
      "mid_mean": -18.73064613342285,
      "mid_to_side_loudness": -13.470495223999023,
      "mid_to_side_loudness_range": 14.685029029846191,
      "side_mean": -32.500675201416016
    },
    {
      "high_freq": 1457.5709228515625,
      "loudness": -24.059722900390625,
      "loudness_range": 14.478310585021973,
      "low_freq": 794.6976318359375,
      "mid_mean": -20.76101303100586,
      "mid_to_side_loudness": -11.766226768493652,
      "mid_to_side_loudness_range": 10.84559440612793,
      "side_mean": -32.652339935302734
    },
    {
      "high_freq": 2549.74365234375,
      "loudness": -26.75566291809082,
      "loudness_range": 12.82560920715332,
      "low_freq": 1457.5709228515625,
      "mid_mean": -23.56470489501953,
      "mid_to_side_loudness": -10.541437149047852,
      "mid_to_side_loudness_range": 10.673094749450684,
      "side_mean": -33.956119537353516
    },
    {
      "high_freq": 4349.24462890625,
      "loudness": -27.624786376953125,
      "loudness_range": 14.672910690307617,
      "low_freq": 2549.74365234375,
      "mid_mean": -24.428300857543945,
      "mid_to_side_loudness": -10.660358428955078,
      "mid_to_side_loudness_range": 11.597476959228516,
      "side_mean": -35.042686462402344
    },
    {
      "high_freq": 7314.1640625,
      "loudness": -29.686935424804688,
      "loudness_range": 17.69253158569336,
      "low_freq": 4349.24462890625,
      "mid_mean": -26.317291259765625,
      "mid_to_side_loudness": -14.61856460571289,
      "mid_to_side_loudness_range": 16.998552322387695,
      "side_mean": -41.15485382080078
    },
    {
      "high_freq": 12199.2666015625,
      "loudness": -32.05962371826172,
      "loudness_range": 18.886634826660156,
      "low_freq": 7314.1640625,
      "mid_mean": -28.60367202758789,
      "mid_to_side_loudness": -16.50153350830078,
      "mid_to_side_loudness_range": 18.18289566040039,
      "side_mean": -45.67050552368164
    },
    {
      "loudness": -42.64733123779297,
      "loudness_range": 22.688373565673828,
      "low_freq": 12199.2666015625,
      "mid_mean": -39.25605773925781,
      "mid_to_side_loudness": -16.064441680908203,
      "mid_to_side_loudness_range": 15.944915771484375,
      "side_mean": -56.159488677978516
    }
  ],
  "channels": 2,
  "covariance": [
    [
      14.437966346740723,
      5.698417663574219,
      5.284841537475586,
      4.404703617095947,
      2.6103579998016357,
      4.556549072265625,
      0.25272810459136963,
      1.7072300910949707,
      1.6921848058700562,
      1.2227603197097778,
      -0.13258807361125946,
      0.27374380826950073,
      1.9672071933746338,
      1.9909865856170654,
      3.9855828285217285,
      3.4840922355651855,
      3.8047828674316406,
      5.173914432525635
    ],
    [
      5.698417663574219,
      26.28017807006836,
      1.7554978132247925,
      9.717626571655273,
      4.205402851104736,
      10.61995792388916,
      1.9208799600601196,
      5.914229869842529,
      3.897752046585083,
      6.152747631072998,
      4.376290321350098,
      6.145445823669434,
      5.88739538192749,
      8.896843910217285,
      7.684406280517578,
      10.003582954406738,
      6.781050682067871,
      9.913875579833984
    ],
    [
      5.284841537475586,
      1.7554978132247925,
      8.181760787963867,
      3.0165233612060547,
      1.9457322359085083,
      3.5398459434509277,
      1.143803596496582,
      1.1122747659683228,
      2.4323196411132812,
      1.0839147567749023,
      2.8921899795532227,
      2.1613283157348633,
      3.6561226844787598,
      2.418227195739746,
      3.7158994674682617,
      2.8219192028045654,
      3.062117099761963,
      3.5812244415283203
    ],
    [
      4.404703617095947,
      9.717626571655273,
      3.0165233612060547,
      19.496726989746094,
      3.8561573028564453,
      13.804954528808594,
      1.6661239862442017,
      5.885441780090332,
      3.8864729404449463,
      8.412689208984375,
      3.8660778999328613,
      9.05597972869873,
      2.95040225982666,
      9.871042251586914,
      5.2741169929504395,
      10.715975761413574,
      5.137330532073975,
      6.445766448974609
    ],
    [
      2.6103579998016357,
      4.205402851104736,
      1.9457322359085083,
      3.8561573028564453,
      11.048951148986816,
      11.991011619567871,
      4.661501884460449,
      5.606048107147217,
      5.590100288391113,
      4.131651401519775,
      4.5519609451293945,
      3.8582606315612793,
      3.7371954917907715,
      5.189961910247803,
      3.276885509490967,
      5.371276378631592,
      3.0602352619171143,
      2.644702911376953
    ],
    [
      4.556549072265625,
      10.61995792388916,
      3.5398459434509277,
      13.804954528808594,
      11.991011619567871,
      30.4732723236084,
      6.203625679016113,
      12.734868049621582,
      8.148283004760742,
      12.21769905090332,
      7.3228840827941895,
      12.6742582321167,
      4.910904407501221,
      13.07136344909668,
      4.747311115264893,
      13.191036224365234,
      4.907764434814453,
      6.729254245758057
    ],
    [
      0.25272810459136963,
      1.9208799600601196,
      1.143803596496582,
      1.6661239862442017,
      4.661501884460449,
      6.203625679016113,
      13.155330657958984,
      10.546869277954102,
      6.209251403808594,
      4.903278350830078,
      5.028474807739258,
      4.827522277832031,
      3.732128620147705,
      3.4490597248077393,
      1.7101815938949585,
      3.4907264709472656,
      1.3112179040908813,
      2.7472026348114014
    ],
    [
      1.7072300910949707,
      5.914229869842529,
      1.1122747659683228,
      5.885441780090332,
      5.606048107147217,
      12.734868049621582,
      10.546869277954102,
      15.976798057556152,
      7.22361946105957,
      10.287506103515625,
      5.7483439445495605,
      10.117761611938477,
      3.100032091140747,
      7.4291558265686035,
      1.5944185256958008,
      7.789910793304443,
      0.8787328600883484,
      3.328822612762451
    ],
    [
      1.6921848058700562,
      3.897752046585083,
      2.4323196411132812,
      3.8864729404449463,
      5.590100288391113,
      8.148283004760742,
      6.209251403808594,
      7.22361946105957,
      10.711007118225098,
      8.48674201965332,
      8.284316062927246,
      8.029152870178223,
      5.718719005584717,
      7.518818378448486,
      4.119165897369385,
      7.53903341293335,
      3.234586477279663,
      3.712191581726074
    ],
    [
      1.2227603197097778,
      6.152747631072998,
      1.0839147567749023,
      8.412689208984375,
      4.131651401519775,
      12.21769905090332,
      4.903278350830078,
      10.287506103515625,
      8.48674201965332,
      16.226865768432617,
      6.703866958618164,
      14.620821952819824,
      2.1440975666046143,
      11.760027885437012,
      1.542311668395996,
      11.160024642944336,
      0.9888624548912048,
      2.813751459121704
    ],
    [
      -0.13258807361125946,
      4.376290321350098,
      2.8921899795532227,
      3.8660778999328613,
      4.5519609451293945,
      7.3228840827941895,
      5.028474807739258,
      5.7483439445495605,
      8.284316062927246,
      6.703866958618164,
      13.061653137207031,
      11.103726387023926,
      10.096132278442383,
      10.62836742401123,
      7.87098503112793,
      10.343239784240723,
      5.2840576171875,
      5.12310266494751
    ],
    [
      0.27374380826950073,
      6.145445823669434,
      2.1613283157348633,
      9.05597972869873,
      3.8582606315612793,
      12.6742582321167,
      4.827522277832031,
      10.117761611938477,
      8.029152870178223,
      14.620821952819824,
      11.103726387023926,
      21.0562744140625,
      4.856917858123779,
      17.16748809814453,
      4.214261531829834,
      16.87248420715332,
      2.072234630584717,
      5.501461982727051
    ],
    [
      1.9672071933746338,
      5.88739538192749,
      3.6561226844787598,
      2.95040225982666,
      3.7371954917907715,
      4.910904407501221,
      3.732128620147705,
      3.100032091140747,
      5.718719005584717,
      2.1440975666046143,
      10.096132278442383,
      4.856917858123779,
      18.60511589050293,
      9.657312393188477,
      18.286815643310547,
      11.074557304382324,
      14.31696605682373,
      9.604043006896973
    ],
    [
      1.9909865856170654,
      8.896843910217285,
      2.418227195739746,
      9.871042251586914,
      5.189961910247803,
      13.07136344909668,
      3.4490597248077393,
      7.4291558265686035,
      7.518818378448486,
      11.760027885437012,
      10.62836742401123,
      17.16748809814453,
      9.657312393188477,
      25.32379722595215,
      10.927610397338867,
      25.824268341064453,
      7.4029221534729,
      11.284422874450684
    ],
    [
      3.9855828285217285,
      7.684406280517578,
      3.7158994674682617,
      5.2741169929504395,
      3.276885509490967,
      4.747311115264893,
      1.7101815938949585,
      1.5944185256958008,
      4.119165897369385,
      1.542311668395996,
      7.87098503112793,
      4.214261531829834,
      18.286815643310547,
      10.927610397338867,
      27.687028884887695,
      16.50084114074707,
      21.136680603027344,
      13.461067199707031
    ],
    [
      3.4840922355651855,
      10.003582954406738,
      2.8219192028045654,
      10.715975761413574,
      5.371276378631592,
      13.191036224365234,
      3.4907264709472656,
      7.789910793304443,
      7.53903341293335,
      11.160024642944336,
      10.343239784240723,
      16.87248420715332,
      11.074557304382324,
      25.824268341064453,
      16.50084114074707,
      33.21543884277344,
      11.400707244873047,
      15.842954635620117
    ],
    [
      3.8047828674316406,
      6.781050682067871,
      3.062117099761963,
      5.137330532073975,
      3.0602352619171143,
      4.907764434814453,
      1.3112179040908813,
      0.8787328600883484,
      3.234586477279663,
      0.9888624548912048,
      5.2840576171875,
      2.072234630584717,
      14.31696605682373,
      7.4029221534729,
      21.136680603027344,
      11.400707244873047,
      24.710107803344727,
      13.657700538635254
    ],
    [
      5.173914432525635,
      9.913875579833984,
      3.5812244415283203,
      6.445766448974609,
      2.644702911376953,
      6.729254245758057,
      2.7472026348114014,
      3.328822612762451,
      3.712191581726074,
      2.813751459121704,
      5.12310266494751,
      5.501461982727051,
      9.604043006896973,
      11.284422874450684,
      13.461067199707031,
      15.842954635620117,
      13.657700538635254,
      32.8675651550293
    ]
  ],
  "covariance_short": [
    [
      35.44074249267578,
      10.34066390991211,
      6.963940620422363,
      4.22074031829834,
      5.967874050140381,
      4.352584362030029,
      3.0013668537139893,
      3.9131875038146973,
      3.440523624420166,
      1.8271139860153198,
      0.7692734599113464,
      -0.062488216906785965,
      4.141432285308838,
      5.321961879730225,
      5.003045558929443,
      8.17839241027832,
      4.310626029968262,
      5.124900817871094
    ],
    [
      10.34066390991211,
      43.373287200927734,
      5.631467819213867,
      10.666702270507812,
      6.341790676116943,
      12.047874450683594,
      3.236452102661133,
      7.1707658767700195,
      7.066048622131348,
      7.069807529449463,
      6.914453506469727,
      7.340410232543945,
      8.729846000671387,
      13.202144622802734,
      9.042889595031738,
      14.991203308105469,
      9.518790245056152,
      13.336995124816895
    ],
    [
      6.963940620422363,
      5.631467819213867,
      15.381226539611816,
      5.76776123046875,
      5.258495330810547,
      5.640093803405762,
      3.3629302978515625,
      2.7871546745300293,
      5.252981185913086,
      3.1044464111328125,
      4.94224214553833,
      3.5601580142974854,
      6.352743625640869,
      5.645355224609375,
      4.838501930236816,
      6.7686262130737305,
      7.06874418258667,
      7.5850677490234375
    ],
    [
      4.22074031829834,
      10.666702270507812,
      5.76776123046875,
      25.340044021606445,
      6.439439296722412,
      17.342634201049805,
      3.982973098754883,
      8.632132530212402,
      6.505548477172852,
      11.669896125793457,
      5.738870143890381,
      11.567723274230957,
      5.18337869644165,
      12.9989013671875,
      5.922304153442383,
      14.32430648803711,
      6.037501335144043,
      7.87762975692749
    ],
    [
      5.967874050140381,
      6.341790676116943,
      5.258495330810547,
      6.439439296722412,
      18.79268455505371,
      15.170767784118652,
      8.833466529846191,
      8.316533088684082,
      10.210874557495117,
      7.03965425491333,
      9.500677108764648,
      7.209666728973389,
      8.086163520812988,
      8.98405933380127,
      6.243537902832031,
      10.370635032653809,
      6.726860046386719,
      5.8463544845581055
    ],
    [
      4.352584362030029,
      12.047874450683594,
      5.640093803405762,
      17.342634201049805,
      15.170767784118652,
      38.97926330566406,
      9.318391799926758,
      16.826007843017578,
      12.21660041809082,
      17.987077713012695,
      12.776294708251953,
      19.00267791748047,
      8.62586498260498,
      19.278223037719727,
      6.980398654937744,
      20.475624084472656,
      5.674213886260986,
      6.637079238891602
    ],
    [
      3.0013668537139893,
      3.236452102661133,
      3.3629302978515625,
      3.982973098754883,
      8.833466529846191,
      9.318391799926758,
      26.739849090576172,
      19.324520111083984,
      13.612630844116211,
      10.320270538330078,
      10.42297077178955,
      9.27547836303711,
      8.064022064208984,
      9.04958724975586,
      5.155296802520752,
      9.437047958374023,
      7.5364179611206055,
      8.72232437133789
    ],
    [
      3.9131875038146973,
      7.1707658767700195,
      2.7871546745300293,
      8.632132530212402,
      8.316533088684082,
      16.826007843017578,
      19.324520111083984,
      26.23375129699707,
      13.148784637451172,
      17.13759422302246,
      10.33574390411377,
      16.058122634887695,
      5.7764105796813965,
      12.868524551391602,
      3.2316815853118896,
      13.198084831237793,
      2.845578670501709,
      6.69083309173584
    ],
    [
      3.440523624420166,
      7.066048622131348,
      5.252981185913086,
      6.505548477172852,
      10.210874557495117,
      12.21660041809082,
      13.612630844116211,
      13.148784637451172,
      22.730880737304688,
      16.99050521850586,
      18.064607620239258,
      15.978497505187988,
      12.889433860778809,
      15.171903610229492,
      9.351912498474121,
      14.683030128479004,
      10.361770629882812,
      10.735018730163574
    ],
    [
      1.8271139860153198,
      7.069807529449463,
      3.1044464111328125,
      11.669896125793457,
      7.03965425491333,
      17.987077713012695,
      10.320270538330078,
      17.13759422302246,
      16.99050521850586,
      27.08745765686035,
      14.525163650512695,
      23.912099838256836,
      7.59832239151001,
      19.250614166259766,
      5.352658271789551,
      18.145320892333984,
      4.490677833557129,
      8.083327293395996
    ],
    [
      0.7692734599113464,
      6.914453506469727,
      4.94224214553833,
      5.738870143890381,
      9.500677108764648,
      12.776294708251953,
      10.42297077178955,
      10.33574390411377,
      18.064607620239258,
      14.525163650512695,
      27.938091278076172,
      23.046903610229492,
      21.342844009399414,
      22.170623779296875,
      16.238910675048828,
      21.3846378326416,
      16.15764045715332,
      14.279889106750488
    ],
    [
      -0.062488216906785965,
      7.340410232543945,
      3.5601580142974854,
      11.567723274230957,
      7.209666728973389,
      19.00267791748047,
      9.27547836303711,
      16.058122634887695,
      15.978497505187988,
      23.912099838256836,
      23.046903610229492,
      34.82907485961914,
      13.233113288879395,
      27.87957000732422,
      10.132170677185059,
      26.797657012939453,
      8.909497261047363,
      12.510663986206055
    ],
    [
      4.141432285308838,
      8.729846000671387,
      6.352743625640869,
      5.18337869644165,
      8.086163520812988,
      8.62586498260498,
      8.064022064208984,
      5.7764105796813965,
      12.889433860778809,
      7.59832239151001,
      21.342844009399414,
      13.233113288879395,
      37.87379837036133,
      23.37002182006836,
      34.66780090332031,
      26.254016876220703,
      36.70598220825195,
      26.811351776123047
    ],
    [
      5.321961879730225,
      13.202144622802734,
      5.645355224609375,
      12.9989013671875,
      8.98405933380127,
      19.278223037719727,
      9.04958724975586,
      12.868524551391602,
      15.171903610229492,
      19.250614166259766,
      22.170623779296875,
      27.87957000732422,
      23.37002182006836,
      42.09443283081055,
      21.35759735107422,
      42.937355041503906,
      19.60707664489746,
      24.323150634765625
    ],
    [
      5.003045558929443,
      9.042889595031738,
      4.838501930236816,
      5.922304153442383,
      6.243537902832031,
      6.980398654937744,
      5.155296802520752,
      3.2316815853118896,
      9.351912498474121,
      5.352658271789551,
      16.238910675048828,
      10.132170677185059,
      34.66780090332031,
      21.35759735107422,
      44.03963088989258,
      30.319637298583984,
      45.407798767089844,
      30.137651443481445
    ],
    [
      8.17839241027832,
      14.991203308105469,
      6.7686262130737305,
      14.32430648803711,
      10.370635032653809,
      20.475624084472656,
      9.437047958374023,
      13.198084831237793,
      14.683030128479004,
      18.145320892333984,
      21.3846378326416,
      26.797657012939453,
      26.254016876220703,
      42.937355041503906,
      30.319637298583984,
      56.563053131103516,
      28.264768600463867,
      34.16716384887695
    ],
    [
      4.310626029968262,
      9.518790245056152,
      7.06874418258667,
      6.037501335144043,
      6.726860046386719,
      5.674213886260986,
      7.5364179611206055,
      2.845578670501709,
      10.361770629882812,
      4.490677833557129,
      16.15764045715332,
      8.909497261047363,
      36.70598220825195,
      19.60707664489746,
      45.407798767089844,
      28.264768600463867,
      65.00425720214844,
      41.7591552734375
    ],
    [
      5.124900817871094,
      13.336995124816895,
      7.5850677490234375,
      7.87762975692749,
      5.8463544845581055,
      6.637079238891602,
      8.72232437133789,
      6.69083309173584,
      10.735018730163574,
      8.083327293395996,
      14.279889106750488,
      12.510663986206055,
      26.811351776123047,
      24.323150634765625,
      30.137651443481445,
      34.16716384887695,
      41.7591552734375,
      55.46436309814453
    ]
  ],
  "drr": 13.960247993469238,
  "dynamics": 1.7556991577148438,
  "format": 1245190,
  "frames": 7000064,
  "loudness": -10.340760231018066,
  "loudness_range": 3.6088485717773438,
  "loudness_range_short": 6.459046363830566,
  "peak": 0.7796960473060608,
  "rms": -13.201050758361816,
  "sample_rate": 44100,
  "sections": 1,
  "seekable": 1,
  "sharpness": 2.0896451473236084,
  "space": -13.596840858459473
}