{
  "bands": [
    {
      "high_freq": 148.1999969482422,
      "loudness": -46.757102966308594,
      "loudness_range": 28.19410514831543,
      "mid_mean": -44.79061508178711,
      "mid_to_side_loudness": -5.241815567016602,
      "mid_to_side_loudness_range": 8.626152038574219,
      "side_mean": -50.551002502441406
    },
    {
      "high_freq": 392.3793640136719,
      "loudness": -34.62038040161133,
      "loudness_range": 17.775659561157227,
      "low_freq": 148.1999969482422,
      "mid_mean": -32.11188888549805,
      "mid_to_side_loudness": -6.008017063140869,
      "mid_to_side_loudness_range": 6.634300708770752,
      "side_mean": -37.99337387084961
    },
    {
      "high_freq": 794.6976318359375,
      "loudness": -30.94088363647461,
      "loudness_range": 15.883462905883789,
      "low_freq": 392.3793640136719,
      "mid_mean": -28.11532974243164,
      "mid_to_side_loudness": -7.265554904937744,
      "mid_to_side_loudness_range": 7.042764663696289,
      "side_mean": -35.425662994384766
    },
    {
      "high_freq": 1457.5709228515625,
      "loudness": -31.46879768371582,
      "loudness_range": 19.00398826599121,
      "low_freq": 794.6976318359375,
      "mid_mean": -28.408912658691406,
      "mid_to_side_loudness": -9.458124160766602,
      "mid_to_side_loudness_range": 8.962165832519531,
      "side_mean": -38.31107711791992
    },
    {
      "high_freq": 2549.74365234375,
      "loudness": -34.6478385925293,
      "loudness_range": 21.053325653076172,
      "low_freq": 1457.5709228515625,
      "mid_mean": -31.66585350036621,
      "mid_to_side_loudness": -9.032026290893555,
      "mid_to_side_loudness_range": 9.340312004089355,
      "side_mean": -41.055301666259766
    },
    {
      "high_freq": 4349.24462890625,
      "loudness": -43.16250228881836,
      "loudness_range": 26.56049346923828,
      "low_freq": 2549.74365234375,
      "mid_mean": -40.6764030456543,
      "mid_to_side_loudness": -6.973672389984131,
      "mid_to_side_loudness_range": 7.616645336151123,
      "side_mean": -48.90287399291992
    },
    {
      "high_freq": 7314.1640625,
      "loudness": -53.7901611328125,
      "loudness_range": 32.22807693481445,
      "low_freq": 4349.24462890625,
      "mid_mean": -53.26502990722656,
      "mid_to_side_loudness": -4.134564399719238,
      "mid_to_side_loudness_range": 7.368693828582764,
      "side_mean": -56.75872802734375
    },
    {
      "high_freq": 12199.2666015625,
      "loudness": -65.995849609375,
      "loudness_range": 35.23088073730469,
      "low_freq": 7314.1640625,
      "mid_mean": -62.51506805419922,
      "mid_to_side_loudness": -1.8409522771835327,
      "mid_to_side_loudness_range": 3.5494513511657715,
      "side_mean": -63.63982009887695
    },
    {
      "loudness": -74.56082153320312,
      "loudness_range": 21.184593200683594,
      "low_freq": 12199.2666015625,
      "mid_mean": -67.55894470214844,
      "mid_to_side_loudness": -0.4036453366279602,
      "mid_to_side_loudness_range": 1.1550482511520386,
      "side_mean": -67.7208251953125
    }
  ],
  "bands_short": [
    {
      "high_freq": 148.1999969482422,
      "loudness": -51.97836685180664,
      "loudness_range": 31.62668228149414,
      "mid_mean": -50.643638610839844,
      "mid_to_side_loudness": -5.13555908203125,
      "mid_to_side_loudness_range": 14.675800323486328,
      "side_mean": -54.96670150756836
    },
    {
      "high_freq": 392.3793640136719,
      "loudness": -35.8815803527832,
      "loudness_range": 20.94980812072754,
      "low_freq": 148.1999969482422,
      "mid_mean": -33.552452087402344,
      "mid_to_side_loudness": -5.725805282592773,
      "mid_to_side_loudness_range": 10.764374732971191,
      "side_mean": -39.19806671142578
    },
    {
      "high_freq": 794.6976318359375,
      "loudness": -31.7304630279541,
      "loudness_range": 17.788063049316406,
      "low_freq": 392.3793640136719,
      "mid_mean": -29.042322158813477,
      "mid_to_side_loudness": -7.055089473724365,
      "mid_to_side_loudness_range": 9.914892196655273,
      "side_mean": -36.12049102783203
    },
    {
      "high_freq": 1457.5709228515625,
      "loudness": -32.351200103759766,
      "loudness_range": 20.281341552734375,
      "low_freq": 794.6976318359375,
      "mid_mean": -29.4334716796875,
      "mid_to_side_loudness": -9.144927024841309,
      "mid_to_side_loudness_range": 11.400078773498535,
      "side_mean": -38.918243408203125
    },
    {
      "high_freq": 2549.74365234375,
      "loudness": -35.890960693359375,
      "loudness_range": 22.908048629760742,
      "low_freq": 1457.5709228515625,
      "mid_mean": -32.99699401855469,
      "mid_to_side_loudness": -8.731897354125977,
      "mid_to_side_loudness_range": 11.220266342163086,
      "side_mean": -42.12215805053711
    },
    {
      "high_freq": 4349.24462890625,
      "loudness": -44.29413604736328,
      "loudness_range": 26.915727615356445,
      "low_freq": 2549.74365234375,
      "mid_mean": -42.003963470458984,
      "mid_to_side_loudness": -6.703160762786865,
      "mid_to_side_loudness_range": 9.139551162719727,
      "side_mean": -50.51258850097656
    },
    {
      "high_freq": 7314.1640625,
      "loudness": -55.072105407714844,
      "loudness_range": 33.15505599975586,
      "low_freq": 4349.24462890625,
      "mid_mean": -54.627769470214844,
      "mid_to_side_loudness": -3.8120675086975098,
      "mid_to_side_loudness_range": 8.020176887512207,
      "side_mean": -57.75018310546875
    },
    {
      "high_freq": 12199.2666015625,
      "loudness": -67.45405578613281,
      "loudness_range": 35.09608459472656,
      "low_freq": 7314.1640625,
      "mid_mean": -63.54986572265625,
      "mid_to_side_loudness": -1.6281626224517822,
      "mid_to_side_loudness_range": 4.188960075378418,
      "side_mean": -64.48629760742188
    },
    {
      "loudness": -75.1965103149414,
      "loudness_range": 19.03369140625,
      "low_freq": 12199.2666015625,
      "mid_mean": -67.88314819335938,
      "mid_to_side_loudness": -0.36841338872909546,
      "mid_to_side_loudness_range": 1.7554476261138916,
      "side_mean": -68.02145385742188
    }
  ],
  "channels": 2,
  "covariance": [
    [
      99.70841979980469,
      105.99974822998047,
      31.80331039428711,
      34.46595001220703,
      18.486557006835938,
      18.223175048828125,
      -0.27429577708244324,
      3.9287588596343994,
      8.412192344665527,
      12.026605606079102,
      16.40787696838379,
      16.585786819458008,
      17.112232208251953,
      21.183372497558594,
      14.504481315612793,
      12.715347290039062,
      1.6804883480072021,
      1.025848150253296
    ],
    [
      105.99974822998047,
      131.31875610351562,
      33.257850646972656,
      37.18545913696289,
      18.884729385375977,
      19.453277587890625,
      -1.7593042850494385,
      3.1720776557922363,
      8.136617660522461,
      13.115607261657715,
      17.546321868896484,
      17.733484268188477,
      29.145036697387695,
      31.448978424072266,
      20.72878646850586,
      17.886125564575195,
      3.060931444168091,
      2.1979684829711914
    ],
    [
      31.80331039428711,
      33.257850646972656,
      43.45527648925781,
      38.827938079833984,
      20.934694290161133,
      20.885536193847656,
      11.432129859924316,
      13.380324363708496,
      15.396120071411133,
      16.561948776245117,
      18.103116989135742,
      25.870820999145508,
      25.710403442382812,
      23.366092681884766,
      15.636557579040527,
      13.413713455200195,
      4.071424961090088,
      3.5906004905700684
    ],
    [
      34.46595001220703,
      37.18545913696289,
      38.827938079833984,
      42.503082275390625,
      20.39933967590332,
      20.511333465576172,
      10.349618911743164,
      13.784815788269043,
      13.933525085449219,
      16.739229202270508,
      19.110977172851562,
      28.497982025146484,
      27.619789123535156,
      26.188636779785156,
      17.552932739257812,
      15.302534103393555,
      4.9186201095581055,
      4.384258270263672
    ],
    [
      18.486557006835938,
      18.884729385375977,
      20.934694290161133,
      20.39933967590332,
      33.281925201416016,
      27.702983856201172,
      20.63178825378418,
      21.135169982910156,
      21.335538864135742,
      22.489112854003906,
      26.487571716308594,
      32.864830017089844,
      33.872623443603516,
      30.280376434326172,
      19.888830184936523,
      17.3555850982666,
      5.502264499664307,
      5.03584098815918
    ],
    [
      18.223175048828125,
      19.453277587890625,
      20.885536193847656,
      20.511333465576172,
      27.702983856201172,
      28.115093231201172,
      18.313396453857422,
      20.899864196777344,
      19.3572940826416,
      22.98204231262207,
      25.56015396118164,
      33.90182876586914,
      33.64888000488281,
      31.67424201965332,
      22.40005111694336,
      20.002382278442383,
      6.890530109405518,
      6.415992259979248
    ],
    [
      -0.27429577708244324,
      -1.7593042850494385,
      11.432129859924316,
      10.349618911743164,
      20.63178825378418,
      18.313396453857422,
      48.407554626464844,
      41.18293380737305,
      35.7811164855957,
      37.11027145385742,
      38.6824836730957,
      46.33814239501953,
      45.616878509521484,
      39.28431701660156,
      24.82679557800293,
      21.188215255737305,
      6.793878555297852,
      6.291689872741699
    ],
    [
      3.9287588596343994,
      3.1720776557922363,
      13.380324363708496,
      13.784815788269043,
      21.135169982910156,
      20.899864196777344,
      41.18293380737305,
      48.307132720947266,
      33.189605712890625,
      40.29029846191406,
      41.33094787597656,
      57.0776481628418,
      53.660099029541016,
      50.10884094238281,
      33.50450897216797,
      29.53182601928711,
      10.078938484191895,
      9.406256675720215
    ],
    [
      8.412192344665527,
      8.136617660522461,
      15.396120071411133,
      13.933525085449219,
      21.335538864135742,
      19.3572940826416,
      35.7811164855957,
      33.189605712890625,
      55.59674835205078,
      52.56566619873047,
      51.46983337402344,
      53.65631866455078,
      57.317039489746094,
      50.848609924316406,
      37.54150390625,
      32.887489318847656,
      12.732696533203125,
      11.929641723632812
    ],
    [
      12.026605606079102,
      13.115607261657715,
      16.561948776245117,
      16.739229202270508,
      22.489112854003906,
      22.98204231262207,
      37.11027145385742,
      40.29029846191406,
      52.56566619873047,
      63.913108825683594,
      59.53793716430664,
      68.99320983886719,
      69.38982391357422,
      66.32719421386719,
      49.20016860961914,
      44.04591369628906,
      16.740312576293945,
      15.621468544006348
    ],
    [
      16.40787696838379,
      17.546321868896484,
      18.103116989135742,
      19.110977172851562,
      26.487571716308594,
      25.56015396118164,
      38.6824836730957,
      41.33094787597656,
      51.46983337402344,
      59.53793716430664,
      79.15990447998047,
      81.40782165527344,
      81.23098754882812,
      77.99398803710938,
      60.44118118286133,
      54.47092056274414,
      21.57979393005371,
      20.01952362060547
    ],
    [
      16.585786819458008,
      17.733484268188477,
      25.870820999145508,
      28.497982025146484,
      32.864830017089844,
      33.90182876586914,
      46.33814239501953,
      57.0776481628418,
      53.65631866455078,
      68.99320983886719,
      81.40782165527344,
      108.96343994140625,
      100.96321868896484,
      98.12340545654297,
      73.12427520751953,
      66.0925521850586,
      25.167644500732422,
      23.305973052978516
    ],
    [
      17.112232208251953,
      29.145036697387695,
      25.710403442382812,
      27.619789123535156,
      33.872623443603516,
      33.64888000488281,
      45.616878509521484,
      53.660099029541016,
      57.317039489746094,
      69.38982391357422,
      81.23098754882812,
      100.96321868896484,
      113.98672485351562,
      106.50838470458984,
      82.31886291503906,
      74.05604553222656,
      30.892549514770508,
      28.913543701171875
    ],
    [
      21.183372497558594,
      31.448978424072266,
      23.366092681884766,
      26.188636779785156,
      30.280376434326172,
      31.67424201965332,
      39.28431701660156,
      50.10884094238281,
      50.848609924316406,
      66.32719421386719,
      77.99398803710938,
      98.12340545654297,
      106.50838470458984,
      105.28153991699219,
      82.88446044921875,
      75.65291595458984,
      31.314151763916016,
      29.391010284423828
    ],
    [
      14.504481315612793,
      20.72878646850586,
      15.636557579040527,
      17.552932739257812,
      19.888830184936523,
      22.40005111694336,
      24.82679557800293,
      33.50450897216797,
      37.54150390625,
      49.20016860961914,
      60.44118118286133,
      73.12427520751953,
      82.31886291503906,
      82.88446044921875,
      79.5926742553711,
      73.49433135986328,
      34.48023223876953,
      32.61973190307617
    ],
    [
      12.715347290039062,
      17.886125564575195,
      13.413713455200195,
      15.302534103393555,
      17.3555850982666,
      20.002382278442383,
      21.188215255737305,
      29.53182601928711,
      32.887489318847656,
      44.04591369628906,
      54.47092056274414,
      66.0925521850586,
      74.05604553222656,
      75.65291595458984,
      73.49433135986328,
      68.8276596069336,
      32.73207092285156,
      31.141571044921875
    ],
    [
      1.6804883480072021,
      3.060931444168091,
      4.071424961090088,
      4.9186201095581055,
      5.502264499664307,
      6.890530109405518,
      6.793878555297852,
      10.078938484191895,
      12.732696533203125,
      16.740312576293945,
      21.57979393005371,
      25.167644500732422,
      30.892549514770508,
      31.314151763916016,
      34.48023223876953,
      32.73207092285156,
      19.314666748046875,
      18.66093635559082
    ],
    [
      1.025848150253296,
      2.1979684829711914,
      3.5906004905700684,
      4.384258270263672,
      5.03584098815918,
      6.415992259979248,
      6.291689872741699,
      9.406256675720215,
      11.929641723632812,
      15.621468544006348,
      20.01952362060547,
      23.305973052978516,
      28.913543701171875,
      29.391010284423828,
      32.61973190307617,
      31.141571044921875,
      18.66093635559082,
      18.1765193939209
    ]
  ],
  "covariance_short": [
    [
      119.75216674804688,
      112.77848052978516,
      37.071311950683594,
      40.982086181640625,
      17.516979217529297,
      17.923965454101562,
      -0.3478439450263977,
      3.6818580627441406,
      7.390890598297119,
      9.440281867980957,
      12.397505760192871,
      25.313312530517578,
      22.188453674316406,
      24.21108055114746,
      13.467531204223633,
      11.502123832702637,
      1.5783228874206543,
      1.1089287996292114
    ],
    [
      112.77848052978516,
      126.99858093261719,
      37.2752571105957,
      42.3460693359375,
      16.254331588745117,
      17.572389602661133,
      -2.371527910232544,
      3.149123430252075,
      5.706371784210205,
      9.395050048828125,
      11.45359992980957,
      22.48162841796875,
      18.82490348815918,
      22.150714874267578,
      12.142716407775879,
      10.238321304321289,
      0.5821697115898132,
      0.12006989121437073
    ],
    [
      37.071311950683594,
      37.2752571105957,
      56.65535354614258,
      48.36536407470703,
      24.477659225463867,
      23.611051559448242,
      12.002216339111328,
      12.382550239562988,
      16.887168884277344,
      16.487812042236328,
      19.2401180267334,
      24.796987533569336,
      25.020137786865234,
      22.675508499145508,
      14.877968788146973,
      12.817219734191895,
      4.113892078399658,
      3.699416399002075
    ],
    [
      40.982086181640625,
      42.3460693359375,
      48.36536407470703,
      56.89644241333008,
      23.9141845703125,
      23.871397018432617,
      11.638620376586914,
      13.717238426208496,
      15.779375076293945,
      17.559328079223633,
      20.68553352355957,
      27.965818405151367,
      26.78713607788086,
      25.470199584960938,
      16.386032104492188,
      14.319857597351074,
      4.651930332183838,
      4.175006866455078
    ],
    [
      17.516979217529297,
      16.254331588745117,
      24.477659225463867,
      23.9141845703125,
      44.16380310058594,
      34.26888656616211,
      24.362762451171875,
      22.936166763305664,
      26.086973190307617,
      25.36322021484375,
      30.425308227539062,
      34.664485931396484,
      35.394615173339844,
      30.520122528076172,
      18.422786712646484,
      15.79452896118164,
      4.569708824157715,
      4.104501724243164
    ],
    [
      17.923965454101562,
      17.572389602661133,
      23.611051559448242,
      23.871397018432617,
      34.26888656616211,
      37.09804916381836,
      22.046592712402344,
      23.166282653808594,
      23.584230422973633,
      25.68738555908203,
      29.625905990600586,
      35.777618408203125,
      34.9481086730957,
      32.00546646118164,
      20.559864044189453,
      18.180938720703125,
      5.814458847045898,
      5.3402886390686035
    ],
    [
      -0.3478439450263977,
      -2.371527910232544,
      12.002216339111328,
      11.638620376586914,
      24.362762451171875,
      22.046592712402344,
      55.51737976074219,
      44.15711212158203,
      38.91328430175781,
      38.8988151550293,
      43.017417907714844,
      48.37102508544922,
      47.7278938293457,
      40.02670669555664,
      23.56313133239746,
      20.185148239135742,
      6.184836387634277,
      5.637475490570068
    ],
    [
      3.6818580627441406,
      3.149123430252075,
      12.382550239562988,
      13.717238426208496,
      22.936166763305664,
      23.166282653808594,
      44.15711212158203,
      51.59481430053711,
      35.102699279785156,
      41.26187515258789,
      43.663291931152344,
      56.338130950927734,
      52.86517333984375,
      48.28800582885742,
      30.078384399414062,
      26.659133911132812,
      8.729454040527344,
      8.070005416870117
    ],
    [
      7.390890598297119,
      5.706371784210205,
      16.887168884277344,
      15.779375076293945,
      26.086973190307617,
      23.584230422973633,
      38.91328430175781,
      35.102699279785156,
      63.872867584228516,
      56.51729965209961,
      57.03809356689453,
      56.30900573730469,
      60.98855209350586,
      53.0208625793457,
      35.96084976196289,
      31.46208381652832,
      11.366533279418945,
      10.529213905334473
    ],
    [
      9.440281867980957,
      9.395050048828125,
      16.487812042236328,
      17.559328079223633,
      25.36322021484375,
      25.68738555908203,
      38.8988151550293,
      41.26187515258789,
      56.51729965209961,
      69.34928131103516,
      62.507652282714844,
      70.12399291992188,
      70.78470611572266,
      66.22267150878906,
      45.32875442504883,
      40.70897674560547,
      14.73547077178955,
      13.693909645080566
    ],
    [
      12.397505760192871,
      11.45359992980957,
      19.2401180267334,
      20.68553352355957,
      30.425308227539062,
      29.625905990600586,
      43.017417907714844,
      43.663291931152344,
      57.03809356689453,
      62.507652282714844,
      87.78767395019531,
      85.54937744140625,
      85.53639221191406,
      79.86679077148438,
      57.63721466064453,
      51.86338424682617,
      19.44482421875,
      17.991363525390625
    ],
    [
      25.313312530517578,
      22.48162841796875,
      24.796987533569336,
      27.965818405151367,
      34.664485931396484,
      35.777618408203125,
      48.37102508544922,
      56.338130950927734,
      56.30900573730469,
      70.12399291992188,
      85.54937744140625,
      118.90414428710938,
      107.64801788330078,
      101.16824340820312,
      69.36711883544922,
      62.61896896362305,
      22.878616333007812,
      21.20229721069336
    ],
    [
      22.188453674316406,
      18.82490348815918,
      25.020137786865234,
      26.78713607788086,
      35.394615173339844,
      34.9481086730957,
      47.7278938293457,
      52.86517333984375,
      60.98855209350586,
      70.78470611572266,
      85.53639221191406,
      107.64801788330078,
      115.62345886230469,
      105.72026062011719,
      77.707275390625,
      69.94071197509766,
      28.177677154541016,
      26.345144271850586
    ],
    [
      24.21108055114746,
      22.150714874267578,
      22.675508499145508,
      25.470199584960938,
      30.520122528076172,
      32.00546646118164,
      40.02670669555664,
      48.28800582885742,
      53.0208625793457,
      66.22267150878906,
      79.86679077148438,
      101.16824340820312,
      105.72026062011719,
      103.36868286132812,
      76.91878509521484,
      70.34790802001953,
      28.10900115966797,
      26.36257553100586
    ],
    [
      13.467531204223633,
      12.142716407775879,
      14.877968788146973,
      16.386032104492188,
      18.422786712646484,
      20.559864044189453,
      23.56313133239746,
      30.078384399414062,
      35.96084976196289,
      45.32875442504883,
      57.63721466064453,
      69.36711883544922,
      77.707275390625,
      76.91878509521484,
      71.75479125976562,
      66.05313110351562,
      30.276384353637695,
      28.61865997314453
    ],
    [
      11.502123832702637,
      10.238321304321289,
      12.817219734191895,
      14.319857597351074,
      15.79452896118164,
      18.180938720703125,
      20.185148239135742,
      26.659133911132812,
      31.46208381652832,
      40.70897674560547,
      51.86338424682617,
      62.61896896362305,
      69.94071197509766,
      70.34790802001953,
      66.05313110351562,
      62.0890007019043,
      28.70125389099121,
      27.278932571411133
    ],
    [
      1.5783228874206543,
      0.5821697115898132,
      4.113892078399658,
      4.651930332183838,
      4.569708824157715,
      5.814458847045898,
      6.184836387634277,
      8.729454040527344,
      11.366533279418945,
      14.73547077178955,
      19.44482421875,
      22.878616333007812,
      28.177677154541016,
      28.10900115966797,
      30.276384353637695,
      28.70125389099121,
      17.233795166015625,
      16.60926055908203
    ],
    [
      1.1089287996292114,
      0.12006989121437073,
      3.699416399002075,
      4.175006866455078,
      4.104501724243164,
      5.3402886390686035,
      5.637475490570068,
      8.070005416870117,
      10.529213905334473,
      13.693909645080566,
      17.991363525390625,
      21.20229721069336,
      26.345144271850586,
      26.36257553100586,
      28.61865997314453,
      27.278932571411133,
      16.60926055908203,
      16.173158645629883
    ]
  ],
  "drr": 10.349699020385742,
  "dynamics": 4.659108638763428,
  "format": 1245190,
  "frames": 10463232,
  "loudness": -21.364871978759766,
  "loudness_range": 14.085148811340332,
  "loudness_range_short": 16.12034034729004,
  "peak": -0.8026513457298279,
  "rms": -22.823341369628906,
  "sample_rate": 44100,
  "sections": 1,
  "seekable": 1,
  "sharpness": 2.8948752880096436,
  "space": -7.610718727111816
}