{
  "bands": [
    {
      "high_freq": 148.1999969482422,
      "loudness": -24.90333366394043,
      "loudness_range": 20.502084732055664,
      "mid_mean": -21.444955825805664,
      "mid_to_side_loudness": -16.82703971862793,
      "mid_to_side_loudness_range": 17.5113525390625,
      "side_mean": -40.158477783203125
    },
    {
      "high_freq": 392.3793640136719,
      "loudness": -25.518808364868164,
      "loudness_range": 15.862060546875,
      "low_freq": 148.1999969482422,
      "mid_mean": -22.65733528137207,
      "mid_to_side_loudness": -8.096240043640137,
      "mid_to_side_loudness_range": 9.305525779724121,
      "side_mean": -30.540815353393555
    },
    {
      "high_freq": 794.6976318359375,
      "loudness": -25.358640670776367,
      "loudness_range": 16.80715560913086,
      "low_freq": 392.3793640136719,
      "mid_mean": -22.300718307495117,
      "mid_to_side_loudness": -9.238261222839355,
      "mid_to_side_loudness_range": 11.327326774597168,
      "side_mean": -31.716136932373047
    },
    {
      "high_freq": 1457.5709228515625,
      "loudness": -26.909465789794922,
      "loudness_range": 24.04861068725586,
      "low_freq": 794.6976318359375,
      "mid_mean": -23.901376724243164,
      "mid_to_side_loudness": -10.040125846862793,
      "mid_to_side_loudness_range": 13.72799301147461,
      "side_mean": -34.06858444213867
    },
    {
      "high_freq": 2549.74365234375,
      "loudness": -28.112138748168945,
      "loudness_range": 23.655080795288086,
      "low_freq": 1457.5709228515625,
      "mid_mean": -25.162612915039062,
      "mid_to_side_loudness": -9.013541221618652,
      "mid_to_side_loudness_range": 11.408223152160645,
      "side_mean": -34.81199264526367
    },
    {
      "high_freq": 4349.24462890625,
      "loudness": -29.271425247192383,
      "loudness_range": 22.504247665405273,
      "low_freq": 2549.74365234375,
      "mid_mean": -26.31610870361328,
      "mid_to_side_loudness": -9.278385162353516,
      "mid_to_side_loudness_range": 13.684653282165527,
      "side_mean": -36.03425598144531
    },
    {
      "high_freq": 7314.1640625,
      "loudness": -34.46867370605469,
      "loudness_range": 22.528514862060547,
      "low_freq": 4349.24462890625,
      "mid_mean": -31.72359275817871,
      "mid_to_side_loudness": -8.785000801086426,
      "mid_to_side_loudness_range": 17.519771575927734,
      "side_mean": -40.93832778930664
    },
    {
      "high_freq": 12199.2666015625,
      "loudness": -39.15537643432617,
      "loudness_range": 23.199262619018555,
      "low_freq": 7314.1640625,
      "mid_mean": -36.4744873046875,
      "mid_to_side_loudness": -9.328259468078613,
      "mid_to_side_loudness_range": 19.881343841552734,
      "side_mean": -46.59822082519531
    },
    {
      "loudness": -46.89754867553711,
      "loudness_range": 27.499404907226562,
      "low_freq": 12199.2666015625,
      "mid_mean": -44.82698440551758,
      "mid_to_side_loudness": -7.978221893310547,
      "mid_to_side_loudness_range": 17.60173797607422,
      "side_mean": -54.213462829589844
    }
  ],
  "bands_short": [
    {
      "high_freq": 148.1999969482422,
      "loudness": -27.242637634277344,
      "loudness_range": 22.430330276489258,
      "mid_mean": -23.841405868530273,
      "mid_to_side_loudness": -18.192333221435547,
      "mid_to_side_loudness_range": 25.0725154876709,
      "side_mean": -45.20425796508789
    },
    {
      "high_freq": 392.3793640136719,
      "loudness": -24.81259536743164,
      "loudness_range": 17.60685157775879,
      "low_freq": 148.1999969482422,
      "mid_mean": -21.933013916015625,
      "mid_to_side_loudness": -8.964693069458008,
      "mid_to_side_loudness_range": 11.509920120239258,
      "side_mean": -31.07291030883789
    },
    {
      "high_freq": 794.6976318359375,
      "loudness": -26.479352951049805,
      "loudness_range": 19.506044387817383,
      "low_freq": 392.3793640136719,
      "mid_mean": -23.653886795043945,
      "mid_to_side_loudness": -8.472919464111328,
      "mid_to_side_loudness_range": 14.567322731018066,
      "side_mean": -32.315673828125
    },
    {
      "high_freq": 1457.5709228515625,
      "loudness": -26.754016876220703,
      "loudness_range": 24.59279441833496,
      "low_freq": 794.6976318359375,
      "mid_mean": -23.812135696411133,
      "mid_to_side_loudness": -9.77302360534668,
      "mid_to_side_loudness_range": 16.118595123291016,
      "side_mean": -33.83403015136719
    },
    {
      "high_freq": 2549.74365234375,
      "loudness": -28.888635635375977,
      "loudness_range": 25.324634552001953,
      "low_freq": 1457.5709228515625,
      "mid_mean": -26.140504837036133,
      "mid_to_side_loudness": -8.450456619262695,
      "mid_to_side_loudness_range": 13.986879348754883,
      "side_mean": -35.051612854003906
    },
    {
      "high_freq": 4349.24462890625,
      "loudness": -29.846885681152344,
      "loudness_range": 24.054141998291016,
      "low_freq": 2549.74365234375,
      "mid_mean": -27.08122444152832,
      "mid_to_side_loudness": -8.735269546508789,
      "mid_to_side_loudness_range": 15.615700721740723,
      "side_mean": -36.36671829223633
    },
    {
      "high_freq": 7314.1640625,
      "loudness": -35.04273223876953,
      "loudness_range": 24.032621383666992,
      "low_freq": 4349.24462890625,
      "mid_mean": -32.482669830322266,
      "mid_to_side_loudness": -7.999505043029785,
      "mid_to_side_loudness_range": 17.41541862487793,
      "side_mean": -41.31397247314453
    },
    {
      "high_freq": 12199.2666015625,
      "loudness": -40.41527557373047,
      "loudness_range": 25.647342681884766,
      "low_freq": 7314.1640625,
      "mid_mean": -37.930938720703125,
      "mid_to_side_loudness": -8.634613037109375,
      "mid_to_side_loudness_range": 19.52055549621582,
      "side_mean": -49.430572509765625
    },
    {
      "loudness": -50.22248840332031,
      "loudness_range": 30.801532745361328,
      "low_freq": 12199.2666015625,
      "mid_mean": -50.43669128417969,
      "mid_to_side_loudness": -7.405926704406738,
      "mid_to_side_loudness_range": 17.32901382446289,
      "side_mean": -56.58605194091797
    }
  ],
  "channels": 2,
  "covariance": [
    [
      62.50783157348633,
      41.235843658447266,
      29.474878311157227,
      35.13407516479492,
      25.490583419799805,
      30.93644905090332,
      31.839380264282227,
      35.20566177368164,
      32.94102478027344,
      40.99046325683594,
      33.12632369995117,
      43.239723205566406,
      35.19426727294922,
      46.7974967956543,
      30.225894927978516,
      53.321067810058594,
      37.88813400268555,
      54.39845657348633
    ],
    [
      41.235843658447266,
      67.98869323730469,
      32.78418731689453,
      40.88059997558594,
      26.262351989746094,
      34.05345916748047,
      35.59249496459961,
      37.724735260009766,
      36.54924392700195,
      44.02803421020508,
      36.35291290283203,
      45.4385871887207,
      39.249874114990234,
      50.636356353759766,
      34.20913314819336,
      55.509151458740234,
      40.53479766845703,
      59.94538116455078
    ],
    [
      29.474878311157227,
      32.78418731689453,
      40.579586029052734,
      36.24472427368164,
      21.027799606323242,
      26.632081985473633,
      27.687715530395508,
      29.75665855407715,
      28.452953338623047,
      35.10049819946289,
      28.37027359008789,
      37.41987991333008,
      28.276037216186523,
      36.5993537902832,
      24.870079040527344,
      40.30108642578125,
      29.62843894958496,
      43.97418975830078
    ],
    [
      35.13407516479492,
      40.88059997558594,
      36.24472427368164,
      52.2830810546875,
      24.22422981262207,
      31.81210708618164,
      33.602867126464844,
      36.478092193603516,
      35.573673248291016,
      43.680335998535156,
      35.33369827270508,
      45.640953063964844,
      36.248085021972656,
      46.473045349121094,
      30.71039581298828,
      50.097347259521484,
      36.32868576049805,
      53.2366943359375
    ],
    [
      25.490583419799805,
      26.262351989746094,
      21.027799606323242,
      24.22422981262207,
      38.541534423828125,
      30.63205909729004,
      30.62220001220703,
      28.678503036499023,
      34.6528434753418,
      36.30679702758789,
      32.33291244506836,
      32.02083969116211,
      30.584735870361328,
      32.07804870605469,
      24.91980743408203,
      33.97829055786133,
      26.974613189697266,
      41.86353302001953
    ],
    [
      30.93644905090332,
      34.05345916748047,
      26.632081985473633,
      31.81210708618164,
      30.63205909729004,
      38.676029205322266,
      32.81076431274414,
      35.60788345336914,
      35.33528137207031,
      43.46173095703125,
      32.242759704589844,
      40.7131233215332,
      32.63386917114258,
      42.260257720947266,
      27.16476058959961,
      43.00621795654297,
      30.002153396606445,
      47.95911407470703
    ],
    [
      31.839380264282227,
      35.59249496459961,
      27.687715530395508,
      33.602867126464844,
      30.62220001220703,
      32.81076431274414,
      70.31122589111328,
      48.09969711303711,
      53.570735931396484,
      50.49205017089844,
      44.824520111083984,
      44.746055603027344,
      44.243896484375,
      44.25021743774414,
      34.506874084472656,
      45.95891189575195,
      34.689605712890625,
      53.09928512573242
    ],
    [
      35.20566177368164,
      37.724735260009766,
      29.75665855407715,
      36.478092193603516,
      28.678503036499023,
      35.60788345336914,
      48.09969711303711,
      50.67901611328125,
      44.874366760253906,
      52.66234588623047,
      40.746192932128906,
      49.69972610473633,
      41.42617416381836,
      52.193965911865234,
      34.995208740234375,
      53.07004165649414,
      37.846099853515625,
      56.61941909790039
    ],
    [
      32.94102478027344,
      36.54924392700195,
      28.452953338623047,
      35.573673248291016,
      34.6528434753418,
      35.33528137207031,
      53.570735931396484,
      44.874366760253906,
      71.51439666748047,
      59.821163177490234,
      51.4404296875,
      52.504150390625,
      49.48125457763672,
      51.16388702392578,
      38.93317413330078,
      51.19003677368164,
      39.131126403808594,
      55.8320426940918
    ],
    [
      40.99046325683594,
      44.02803421020508,
      35.10049819946289,
      43.680335998535156,
      36.30679702758789,
      43.46173095703125,
      50.49205017089844,
      52.66234588623047,
      59.821163177490234,
      72.29449462890625,
      49.52431106567383,
      60.803226470947266,
      49.34037399291992,
      61.596378326416016,
      40.40215301513672,
      62.87321472167969,
      43.76881790161133,
      67.04777526855469
    ],
    [
      33.12632369995117,
      36.35291290283203,
      28.37027359008789,
      35.33369827270508,
      32.33291244506836,
      32.242759704589844,
      44.824520111083984,
      40.746192932128906,
      51.4404296875,
      49.52431106567383,
      67.04056549072266,
      55.71904373168945,
      59.01294708251953,
      56.795066833496094,
      45.27496337890625,
      56.71342468261719,
      45.52857971191406,
      53.19092559814453
    ],
    [
      43.239723205566406,
      45.4385871887207,
      37.41987991333008,
      45.640953063964844,
      32.02083969116211,
      40.7131233215332,
      44.746055603027344,
      49.69972610473633,
      52.504150390625,
      60.803226470947266,
      55.71904373168945,
      76.21333312988281,
      56.14967346191406,
      74.92994689941406,
      45.8154182434082,
      74.43029022216797,
      50.20093536376953,
      68.25911712646484
    ],
    [
      35.19426727294922,
      39.249874114990234,
      28.276037216186523,
      36.248085021972656,
      30.584735870361328,
      32.63386917114258,
      44.243896484375,
      41.42617416381836,
      49.48125457763672,
      49.34037399291992,
      59.01294708251953,
      56.14967346191406,
      72.15074157714844,
      66.34803009033203,
      59.44441223144531,
      71.2153549194336,
      61.77033996582031,
      66.41840362548828
    ],
    [
      46.7974967956543,
      50.636356353759766,
      36.5993537902832,
      46.473045349121094,
      32.07804870605469,
      42.260257720947266,
      44.25021743774414,
      52.193965911865234,
      51.16388702392578,
      61.596378326416016,
      56.795066833496094,
      74.92994689941406,
      66.34803009033203,
      96.6047592163086,
      57.250362396240234,
      94.77482604980469,
      64.372314453125,
      84.31523895263672
    ],
    [
      30.225894927978516,
      34.20913314819336,
      24.870079040527344,
      30.71039581298828,
      24.91980743408203,
      27.16476058959961,
      34.506874084472656,
      34.995208740234375,
      38.93317413330078,
      40.40215301513672,
      45.27496337890625,
      45.8154182434082,
      59.44441223144531,
      57.250362396240234,
      71.60455322265625,
      73.13485717773438,
      75.25007629394531,
      71.4919204711914
    ],
    [
      53.321067810058594,
      55.509151458740234,
      40.30108642578125,
      50.097347259521484,
      33.97829055786133,
      43.00621795654297,
      45.95891189575195,
      53.07004165649414,
      51.19003677368164,
      62.87321472167969,
      56.71342468261719,
      74.43029022216797,
      71.2153549194336,
      94.77482604980469,
      73.13485717773438,
      117.51666259765625,
      87.43135833740234,
      107.65015411376953
    ],
    [
      37.88813400268555,
      40.53479766845703,
      29.62843894958496,
      36.32868576049805,
      26.974613189697266,
      30.002153396606445,
      34.689605712890625,
      37.846099853515625,
      39.131126403808594,
      43.76881790161133,
      45.52857971191406,
      50.20093536376953,
      61.77033996582031,
      64.372314453125,
      75.25007629394531,
      87.43135833740234,
      100.67723083496094,
      94.98153686523438
    ],
    [
      54.39845657348633,
      59.94538116455078,
      43.97418975830078,
      53.2366943359375,
      41.86353302001953,
      47.95911407470703,
      53.09928512573242,
      56.61941909790039,
      55.8320426940918,
      67.04777526855469,
      53.19092559814453,
      68.25911712646484,
      66.41840362548828,
      84.31523895263672,
      71.4919204711914,
      107.65015411376953,
      94.98153686523438,
      125.41425323486328
    ]
  ],
  "covariance_short": [
    [
      75.53294372558594,
      36.907188415527344,
      29.482561111450195,
      33.50642013549805,
      22.834243774414062,
      27.778100967407227,
      25.573490142822266,
      30.007827758789062,
      30.356151580810547,
      36.479183197021484,
      29.897634506225586,
      38.81362533569336,
      30.46636962890625,
      42.92675018310547,
      25.81051254272461,
      53.411808013916016,
      37.7437744140625,
      43.76545715332031
    ],
    [
      36.907188415527344,
      90.33196258544922,
      38.715328216552734,
      48.75664520263672,
      28.694292068481445,
      37.20093536376953,
      33.83152770996094,
      36.488040924072266,
      39.6448974609375,
      45.91462326049805,
      37.722442626953125,
      47.90533447265625,
      39.33661651611328,
      53.6213264465332,
      35.274288177490234,
      69.03248596191406,
      55.02128219604492,
      57.914459228515625
    ],
    [
      29.482561111450195,
      38.715328216552734,
      46.657920837402344,
      40.55314254760742,
      24.13536834716797,
      28.990583419799805,
      28.79977035522461,
      30.588882446289062,
      31.124343872070312,
      36.24459457397461,
      31.520065307617188,
      38.50037384033203,
      29.193565368652344,
      39.072593688964844,
      26.099014282226562,
      52.360416412353516,
      43.09858322143555,
      43.650733947753906
    ],
    [
      33.50642013549805,
      48.75664520263672,
      40.55314254760742,
      60.209190368652344,
      27.864727020263672,
      35.6711311340332,
      34.83980178833008,
      38.08717346191406,
      38.044647216796875,
      44.64344787597656,
      37.347190856933594,
      47.107566833496094,
      35.98621368408203,
      48.68263244628906,
      30.935157775878906,
      62.996395111083984,
      49.18132019042969,
      51.591365814208984
    ],
    [
      22.834243774414062,
      28.694292068481445,
      24.13536834716797,
      27.864727020263672,
      48.90107345581055,
      33.74150466918945,
      32.91012191772461,
      30.773439407348633,
      38.745094299316406,
      36.53788375854492,
      36.71662139892578,
      33.593360900878906,
      31.225421905517578,
      33.47623062133789,
      25.760208129882812,
      51.2006721496582,
      45.20668029785156,
      38.81925582885742
    ],
    [
      27.778100967407227,
      37.20093536376953,
      28.990583419799805,
      35.6711311340332,
      33.74150466918945,
      45.29829025268555,
      33.94109344482422,
      37.24233627319336,
      38.24489212036133,
      44.10609817504883,
      34.17015838623047,
      41.889278411865234,
      32.76786804199219,
      43.392860412597656,
      27.210636138916016,
      59.41142272949219,
      47.0994758605957,
      45.146270751953125
    ],
    [
      25.573490142822266,
      33.83152770996094,
      28.79977035522461,
      34.83980178833008,
      32.91012191772461,
      33.94109344482422,
      73.07340240478516,
      46.59064483642578,
      55.28846740722656,
      46.82789993286133,
      46.909976959228516,
      43.22156524658203,
      44.787899017333984,
      44.27989959716797,
      35.68680953979492,
      61.073272705078125,
      53.707698822021484,
      48.53236770629883
    ],
    [
      30.007827758789062,
      36.488040924072266,
      30.588882446289062,
      38.08717346191406,
      30.773439407348633,
      37.24233627319336,
      46.59064483642578,
      52.793617248535156,
      43.208953857421875,
      49.18197250366211,
      39.718631744384766,
      47.600677490234375,
      39.25132751464844,
      50.450401306152344,
      33.52616882324219,
      66.26142883300781,
      52.3448486328125,
      51.974266052246094
    ],
    [
      30.356151580810547,
      39.6448974609375,
      31.124343872070312,
      38.044647216796875,
      38.745094299316406,
      38.24489212036133,
      55.28846740722656,
      43.208953857421875,
      79.66388702392578,
      60.512664794921875,
      57.03263473510742,
      55.03293228149414,
      52.3649787902832,
      54.74293899536133,
      41.994747161865234,
      66.77263641357422,
      55.14544677734375,
      52.32215118408203
    ],
    [
      36.479183197021484,
      45.91462326049805,
      36.24459457397461,
      44.64344787597656,
      36.53788375854492,
      44.10609817504883,
      46.82789993286133,
      49.18197250366211,
      60.512664794921875,
      72.95915222167969,
      50.53168487548828,
      61.60137939453125,
      48.16645431518555,
      63.032615661621094,
      40.261051177978516,
      76.7340087890625,
      58.39137268066406,
      59.568817138671875
    ],
    [
      29.897634506225586,
      37.722442626953125,
      31.520065307617188,
      37.347190856933594,
      36.71662139892578,
      34.17015838623047,
      46.909976959228516,
      39.718631744384766,
      57.03263473510742,
      50.53168487548828,
      77.74671173095703,
      58.78324890136719,
      62.44902801513672,
      60.50851058959961,
      48.54484176635742,
      61.68916320800781,
      48.95757293701172,
      50.88777542114258
    ],
    [
      38.81362533569336,
      47.90533447265625,
      38.50037384033203,
      47.107566833496094,
      33.593360900878906,
      41.889278411865234,
      43.22156524658203,
      47.600677490234375,
      55.03293228149414,
      61.60137939453125,
      58.78324890136719,
      79.47264862060547,
      56.595767974853516,
      77.01370239257812,
      47.15959548950195,
      80.30425262451172,
      57.26799392700195,
      64.93465423583984
    ],
    [
      30.46636962890625,
      39.33661651611328,
      29.193565368652344,
      35.98621368408203,
      31.225421905517578,
      32.76786804199219,
      44.787899017333984,
      39.25132751464844,
      52.3649787902832,
      48.16645431518555,
      62.44902801513672,
      56.595767974853516,
      80.89094543457031,
      68.88314819335938,
      65.68653869628906,
      75.36280822753906,
      67.06790924072266,
      65.7143783569336
    ],
    [
      42.92675018310547,
      53.6213264465332,
      39.072593688964844,
      48.68263244628906,
      33.47623062133789,
      43.392860412597656,
      44.27989959716797,
      50.450401306152344,
      54.74293899536133,
      63.032615661621094,
      60.50851058959961,
      77.01370239257812,
      68.88314819335938,
      100.50401306152344,
      61.03388977050781,
      100.5975570678711,
      72.44776153564453,
      84.89785766601562
    ],
    [
      25.81051254272461,
      35.274288177490234,
      26.099014282226562,
      30.935157775878906,
      25.760208129882812,
      27.210636138916016,
      35.68680953979492,
      33.52616882324219,
      41.994747161865234,
      40.261051177978516,
      48.54484176635742,
      47.15959548950195,
      65.68653869628906,
      61.03388977050781,
      83.41747283935547,
      80.40088653564453,
      84.2222671508789,
      74.80384063720703
    ],
    [
      53.411808013916016,
      69.03248596191406,
      52.360416412353516,
      62.996395111083984,
      51.2006721496582,
      59.41142272949219,
      61.073272705078125,
      66.26142883300781,
      66.77263641357422,
      76.7340087890625,
      61.68916320800781,
      80.30425262451172,
      75.36280822753906,
      100.5975570678711,
      80.40088653564453,
      149.6919708251953,
      123.61370849609375,
      124.73323059082031
    ],
    [
      37.7437744140625,
      55.02128219604492,
      43.09858322143555,
      49.18132019042969,
      45.20668029785156,
      47.0994758605957,
      53.707698822021484,
      52.3448486328125,
      55.14544677734375,
      58.39137268066406,
      48.95757293701172,
      57.26799392700195,
      67.06790924072266,
      72.44776153564453,
      84.2222671508789,
      123.61370849609375,
      143.0516357421875,
      118.31237030029297
    ],
    [
      43.76545715332031,
      57.914459228515625,
      43.650733947753906,
      51.591365814208984,
      38.81925582885742,
      45.146270751953125,
      48.53236770629883,
      51.974266052246094,
      52.32215118408203,
      59.568817138671875,
      50.88777542114258,
      64.93465423583984,
      65.7143783569336,
      84.89785766601562,
      74.80384063720703,
      124.73323059082031,
      118.31237030029297,
      120.43875885009766
    ]
  ],
  "drr": 13.460126876831055,
  "dynamics": 4.922379970550537,
  "format": 1245190,
  "frames": 15056896,
  "loudness": -13.2178955078125,
  "loudness_range": 17.084901809692383,
  "loudness_range_short": 18.108095169067383,
  "peak": -0.04597899317741394,
  "rms": -14.542359352111816,
  "sample_rate": 44100,
  "sections": 1,
  "seekable": 1,
  "sharpness": 1.8891263008117676,
  "space": -10.720684051513672
}