{
  "bands": [
    {
      "high_freq": 148.1999969482422,
      "loudness": -18.32023048400879,
      "loudness_range": 5.824611663818359,
      "mid_mean": -14.894451141357422,
      "mid_to_side_loudness": -14.6526517868042,
      "mid_to_side_loudness_range": 17.496496200561523,
      "side_mean": -29.294109344482422
    },
    {
      "high_freq": 392.3793640136719,
      "loudness": -20.365188598632812,
      "loudness_range": 5.461574554443359,
      "low_freq": 148.1999969482422,
      "mid_mean": -17.71953582763672,
      "mid_to_side_loudness": -6.7925944328308105,
      "mid_to_side_loudness_range": 10.922475814819336,
      "side_mean": -24.25035285949707
    },
    {
      "high_freq": 794.6976318359375,
      "loudness": -21.696590423583984,
      "loudness_range": 8.500410079956055,
      "low_freq": 392.3793640136719,
      "mid_mean": -19.106868743896484,
      "mid_to_side_loudness": -6.288259506225586,
      "mid_to_side_loudness_range": 9.073716163635254,
      "side_mean": -25.20086097717285
    },
    {
      "high_freq": 1457.5709228515625,
      "loudness": -20.683652877807617,
      "loudness_range": 11.645960807800293,
      "low_freq": 794.6976318359375,
      "mid_mean": -18.192615509033203,
      "mid_to_side_loudness": -6.062819480895996,
      "mid_to_side_loudness_range": 10.055716514587402,
      "side_mean": -24.17749786376953
    },
    {
      "high_freq": 2549.74365234375,
      "loudness": -18.310829162597656,
      "loudness_range": 7.878649711608887,
      "low_freq": 1457.5709228515625,
      "mid_mean": -16.112422943115234,
      "mid_to_side_loudness": -4.535667419433594,
      "mid_to_side_loudness_range": 7.41823673248291,
      "side_mean": -20.612558364868164
    },
    {
      "high_freq": 4349.24462890625,
      "loudness": -17.351633071899414,
      "loudness_range": 6.622000694274902,
      "low_freq": 2549.74365234375,
      "mid_mean": -14.899795532226562,
      "mid_to_side_loudness": -5.562422752380371,
      "mid_to_side_loudness_range": 7.966678619384766,
      "side_mean": -20.374752044677734
    },
    {
      "high_freq": 7314.1640625,
      "loudness": -20.582944869995117,
      "loudness_range": 7.673015594482422,
      "low_freq": 4349.24462890625,
      "mid_mean": -17.8599796295166,
      "mid_to_side_loudness": -6.658356666564941,
      "mid_to_side_loudness_range": 7.341334342956543,
      "side_mean": -24.239734649658203
    },
    {
      "high_freq": 12199.2666015625,
      "loudness": -21.53154182434082,
      "loudness_range": 7.859678268432617,
      "low_freq": 7314.1640625,
      "mid_mean": -18.896366119384766,
      "mid_to_side_loudness": -6.417722225189209,
      "mid_to_side_loudness_range": 7.108495235443115,
      "side_mean": -25.18985939025879
    },
    {
      "loudness": -27.673622131347656,
      "loudness_range": 7.849456787109375,
      "low_freq": 12199.2666015625,
      "mid_mean": -25.10662841796875,
      "mid_to_side_loudness": -6.026773929595947,
      "mid_to_side_loudness_range": 7.473505973815918,
      "side_mean": -31.023473739624023
    }
  ],
  "bands_short": [
    {
      "high_freq": 148.1999969482422,
      "loudness": -20.545486450195312,
      "loudness_range": 11.191261291503906,
      "mid_mean": -17.19200325012207,
      "mid_to_side_loudness": -15.825510025024414,
      "mid_to_side_loudness_range": 23.572568893432617,
      "side_mean": -33.513275146484375
    },
    {
      "high_freq": 392.3793640136719,
      "loudness": -19.918962478637695,
      "loudness_range": 8.624174118041992,
      "low_freq": 148.1999969482422,
      "mid_mean": -17.32479476928711,
      "mid_to_side_loudness": -7.189228057861328,
      "mid_to_side_loudness_range": 14.276571273803711,
      "side_mean": -24.304759979248047
    },
    {
      "high_freq": 794.6976318359375,
      "loudness": -21.847461700439453,
      "loudness_range": 11.592331886291504,
      "low_freq": 392.3793640136719,
      "mid_mean": -19.501699447631836,
      "mid_to_side_loudness": -6.01544713973999,
      "mid_to_side_loudness_range": 13.021177291870117,
      "side_mean": -25.3878231048584
    },
    {
      "high_freq": 1457.5709228515625,
      "loudness": -21.584402084350586,
      "loudness_range": 15.235872268676758,
      "low_freq": 794.6976318359375,
      "mid_mean": -19.43195915222168,
      "mid_to_side_loudness": -5.376588821411133,
      "mid_to_side_loudness_range": 13.485618591308594,
      "side_mean": -24.73605728149414
    },
    {
      "high_freq": 2549.74365234375,
      "loudness": -19.004030227661133,
      "loudness_range": 10.264848709106445,
      "low_freq": 1457.5709228515625,
      "mid_mean": -16.984086990356445,
      "mid_to_side_loudness": -4.232821464538574,
      "mid_to_side_loudness_range": 9.951787948608398,
      "side_mean": -21.159507751464844
    },
    {
      "high_freq": 4349.24462890625,
      "loudness": -17.87018394470215,
      "loudness_range": 9.16215991973877,
      "low_freq": 2549.74365234375,
      "mid_mean": -15.571389198303223,
      "mid_to_side_loudness": -5.184974193572998,
      "mid_to_side_loudness_range": 9.698317527770996,
      "side_mean": -20.702835083007812
    },
    {
      "high_freq": 7314.1640625,
      "loudness": -20.98714256286621,
      "loudness_range": 9.996721267700195,
      "low_freq": 4349.24462890625,
      "mid_mean": -18.34675407409668,
      "mid_to_side_loudness": -6.454113483428955,
      "mid_to_side_loudness_range": 9.066656112670898,
      "side_mean": -24.604522705078125
    },
    {
      "high_freq": 12199.2666015625,
      "loudness": -22.173933029174805,
      "loudness_range": 10.34455680847168,
      "low_freq": 7314.1640625,
      "mid_mean": -19.640975952148438,
      "mid_to_side_loudness": -6.256100177764893,
      "mid_to_side_loudness_range": 9.198175430297852,
      "side_mean": -25.834993362426758
    },
    {
      "loudness": -28.48596954345703,
      "loudness_range": 12.166166305541992,
      "low_freq": 12199.2666015625,
      "mid_mean": -26.025846481323242,
      "mid_to_side_loudness": -6.028355121612549,
      "mid_to_side_loudness_range": 8.839699745178223,
      "side_mean": -31.957441329956055
    }
  ],
  "channels": 2,
  "covariance": [
    [
      8.200947761535645,
      3.446319103240967,
      2.0436155796051025,
      1.909924864768982,
      4.032803535461426,
      4.4728102684021,
      4.489844799041748,
      3.506945848464966,
      1.585654377937317,
      2.576836109161377,
      0.9601439237594604,
      2.724637985229492,
      2.5224082469940186,
      2.295976400375366,
      1.110221266746521,
      1.9881188869476318,
      0.6088668704032898,
      1.860494613647461
    ],
    [
      3.446319103240967,
      35.20723342895508,
      1.3977439403533936,
      12.105098724365234,
      5.740540027618408,
      8.938241004943848,
      6.353020668029785,
      12.070941925048828,
      7.033975124359131,
      13.83932876586914,
      3.932421922683716,
      9.727357864379883,
      7.018249034881592,
      11.154060363769531,
      6.0078630447387695,
      9.760782241821289,
      4.594098091125488,
      5.74708366394043
    ],
    [
      2.0436155796051025,
      1.3977439403533936,
      6.655797481536865,
      2.789968490600586,
      2.9642176628112793,
      2.389470100402832,
      1.7668052911758423,
      2.403428554534912,
      1.0148710012435913,
      2.0125279426574707,
      1.1894657611846924,
      2.4180679321289062,
      1.7385865449905396,
      2.0997776985168457,
      1.7053478956222534,
      1.4867719411849976,
      1.3940889835357666,
      1.2466260194778442
    ],
    [
      1.909924864768982,
      12.105098724365234,
      2.789968490600586,
      14.812697410583496,
      4.924271583557129,
      8.48365306854248,
      5.60207986831665,
      10.194051742553711,
      4.499990463256836,
      10.818673133850098,
      3.462368965148926,
      8.949470520019531,
      4.4175496101379395,
      8.9471435546875,
      3.7515716552734375,
      8.145779609680176,
      3.179448366165161,
      5.4358344078063965
    ],
    [
      4.032803535461426,
      5.740540027618408,
      2.9642176628112793,
      4.924271583557129,
      13.40430736541748,
      8.751770973205566,
      10.078459739685059,
      8.940573692321777,
      3.2582716941833496,
      5.945845127105713,
      3.2920446395874023,
      5.260529041290283,
      5.802407741546631,
      5.991449356079102,
      4.537859916687012,
      6.354244709014893,
      3.113420009613037,
      4.233062744140625
    ],
    [
      4.4728102684021,
      8.938241004943848,
      2.389470100402832,
      8.48365306854248,
      8.751770973205566,
      15.560235977172852,
      8.974164009094238,
      13.411603927612305,
      3.8141744136810303,
      10.893438339233398,
      2.8563284873962402,
      9.164738655090332,
      5.68607759475708,
      8.834856986999512,
      4.1999359130859375,
      9.209547996520996,
      3.826198101043701,
      7.273312091827393
    ],
    [
      4.489844799041748,
      6.353020668029785,
      1.7668052911758423,
      5.60207986831665,
      10.078459739685059,
      8.974164009094238,
      20.68195343017578,
      12.967652320861816,
      7.650589942932129,
      9.899189949035645,
      3.550234794616699,
      7.180630207061768,
      6.803501605987549,
      7.629404067993164,
      4.901766300201416,
      7.816701889038086,
      3.425316095352173,
      5.294626235961914
    ],
    [
      3.506945848464966,
      12.070941925048828,
      2.403428554534912,
      10.194051742553711,
      8.940573692321777,
      13.411603927612305,
      12.967652320861816,
      21.44506072998047,
      7.005300998687744,
      16.77334976196289,
      3.2591094970703125,
      12.620555877685547,
      7.523690223693848,
      13.265124320983887,
      6.0167927742004395,
      12.359521865844727,
      5.90524435043335,
      9.860578536987305
    ],
    [
      1.585654377937317,
      7.033975124359131,
      1.0148710012435913,
      4.499990463256836,
      3.2582716941833496,
      3.8141744136810303,
      7.650589942932129,
      7.005300998687744,
      8.799190521240234,
      8.918885231018066,
      3.0897228717803955,
      5.757329940795898,
      4.122303009033203,
      6.756504535675049,
      2.9336817264556885,
      5.957851886749268,
      2.418222188949585,
      3.9120030403137207
    ],
    [
      2.576836109161377,
      13.83932876586914,
      2.0125279426574707,
      10.818673133850098,
      5.945845127105713,
      10.893438339233398,
      9.899189949035645,
      16.77334976196289,
      8.918885231018066,
      21.451068878173828,
      4.914961338043213,
      15.685124397277832,
      7.8643083572387695,
      15.702201843261719,
      5.857509136199951,
      13.329629898071289,
      6.00137996673584,
      10.273638725280762
    ],
    [
      0.9601439237594604,
      3.932421922683716,
      1.1894657611846924,
      3.462368965148926,
      3.2920446395874023,
      2.8563284873962402,
      3.550234794616699,
      3.2591094970703125,
      3.0897228717803955,
      4.914961338043213,
      6.840452194213867,
      5.951882839202881,
      4.0091328620910645,
      6.051638126373291,
      2.432811737060547,
      5.6539387702941895,
      1.9269272089004517,
      4.277743816375732
    ],
    [
      2.724637985229492,
      9.727357864379883,
      2.4180679321289062,
      8.949470520019531,
      5.260529041290283,
      9.164738655090332,
      7.180630207061768,
      12.620555877685547,
      5.757329940795898,
      15.685124397277832,
      5.951882839202881,
      16.462841033935547,
      7.49449348449707,
      15.005799293518066,
      5.420794486999512,
      12.738778114318848,
      5.584660530090332,
      9.930739402770996
    ],
    [
      2.5224082469940186,
      7.018249034881592,
      1.7385865449905396,
      4.4175496101379395,
      5.802407741546631,
      5.68607759475708,
      6.803501605987549,
      7.523690223693848,
      4.122303009033203,
      7.8643083572387695,
      4.0091328620910645,
      7.49449348449707,
      9.94034481048584,
      10.286154747009277,
      7.774052143096924,
      8.682938575744629,
      5.481967926025391,
      5.445863723754883
    ],
    [
      2.295976400375366,
      11.154060363769531,
      2.0997776985168457,
      8.9471435546875,
      5.991449356079102,
      8.834856986999512,
      7.629404067993164,
      13.265124320983887,
      6.756504535675049,
      15.702201843261719,
      6.051638126373291,
      15.005799293518066,
      10.286154747009277,
      20.63024139404297,
      8.838356971740723,
      17.152414321899414,
      7.616155624389648,
      12.438498497009277
    ],
    [
      1.110221266746521,
      6.0078630447387695,
      1.7053478956222534,
      3.7515716552734375,
      4.537859916687012,
      4.1999359130859375,
      4.901766300201416,
      6.0167927742004395,
      2.9336817264556885,
      5.857509136199951,
      2.432811737060547,
      5.420794486999512,
      7.774052143096924,
      8.838356971740723,
      10.944308280944824,
      9.61120319366455,
      7.879620552062988,
      6.468231678009033
    ],
    [
      1.9881188869476318,
      9.760782241821289,
      1.4867719411849976,
      8.145779609680176,
      6.354244709014893,
      9.209547996520996,
      7.816701889038086,
      12.359521865844727,
      5.957851886749268,
      13.329629898071289,
      5.6539387702941895,
      12.738778114318848,
      8.682938575744629,
      17.152414321899414,
      9.61120319366455,
      18.618160247802734,
      8.20535945892334,
      14.018607139587402
    ],
    [
      0.6088668704032898,
      4.594098091125488,
      1.3940889835357666,
      3.179448366165161,
      3.113420009613037,
      3.826198101043701,
      3.425316095352173,
      5.90524435043335,
      2.418222188949585,
      6.00137996673584,
      1.9269272089004517,
      5.584660530090332,
      5.481967926025391,
      7.616155624389648,
      7.879620552062988,
      8.20535945892334,
      11.238122940063477,
      8.892972946166992
    ],
    [
      1.860494613647461,
      5.74708366394043,
      1.2466260194778442,
      5.4358344078063965,
      4.233062744140625,
      7.273312091827393,
      5.294626235961914,
      9.860578536987305,
      3.9120030403137207,
      10.273638725280762,
      4.277743816375732,
      9.930739402770996,
      5.445863723754883,
      12.438498497009277,
      6.468231678009033,
      14.018607139587402,
      8.892972946166992,
      15.86799430847168
    ]
  ],
  "covariance_short": [
    [
      23.66570281982422,
      3.6692323684692383,
      2.3083364963531494,
      1.7371340990066528,
      3.5562071800231934,
      4.551392555236816,
      5.108736515045166,
      3.9063565731048584,
      1.6336289644241333,
      2.885594367980957,
      0.9449291825294495,
      2.884894609451294,
      2.3376927375793457,
      2.762430429458618,
      1.0756393671035767,
      1.674834966659546,
      0.18402664363384247,
      1.2576582431793213
    ],
    [
      3.6692323684692383,
      56.14301681518555,
      3.481644868850708,
      16.313343048095703,
      7.586479187011719,
      10.19416618347168,
      9.118614196777344,
      12.899962425231934,
      8.742253303527832,
      13.854959487915039,
      5.378262042999268,
      9.090282440185547,
      7.919986248016357,
      11.495058059692383,
      8.541483879089355,
      12.270692825317383,
      8.455656051635742,
      10.679481506347656
    ],
    [
      2.3083364963531494,
      3.481644868850708,
      15.263168334960938,
      4.569300174713135,
      6.442897319793701,
      5.497979164123535,
      6.125407695770264,
      4.097301483154297,
      4.139041900634766,
      3.786773204803467,
      4.986201763153076,
      4.355326175689697,
      4.514062881469727,
      4.240458965301514,
      3.9678332805633545,
      4.012777805328369,
      3.724301815032959,
      4.389797210693359
    ],
    [
      1.7371340990066528,
      16.313343048095703,
      4.569300174713135,
      20.607711791992188,
      6.455743789672852,
      9.513628005981445,
      7.329394817352295,
      9.760472297668457,
      6.387348175048828,
      10.416688919067383,
      5.054101467132568,
      8.695283889770508,
      5.296494007110596,
      9.315356254577637,
      4.831599712371826,
      9.240640640258789,
      3.928485155105591,
      6.77114200592041
    ],
    [
      3.5562071800231934,
      7.586479187011719,
      6.442897319793701,
      6.455743789672852,
      22.463897705078125,
      10.859963417053223,
      14.250932693481445,
      10.538390159606934,
      6.137599468231201,
      7.154690265655518,
      7.147199630737305,
      6.879977226257324,
      8.376140594482422,
      7.870291233062744,
      7.6885085105896,
      8.727119445800781,
      6.57096529006958,
      7.606975078582764
    ],
    [
      4.551392555236816,
      10.19416618347168,
      5.497979164123535,
      9.513628005981445,
      10.859963417053223,
      22.710187911987305,
      12.190226554870605,
      15.213652610778809,
      7.018597602844238,
      13.338658332824707,
      5.73291015625,
      11.786027908325195,
      7.637542247772217,
      11.642534255981445,
      6.732038974761963,
      12.47325325012207,
      6.952757358551025,
      11.144129753112793
    ],
    [
      5.108736515045166,
      9.118614196777344,
      6.125407695770264,
      7.329394817352295,
      14.250932693481445,
      12.190226554870605,
      34.65353775024414,
      18.04084014892578,
      14.4757661819458,
      14.544634819030762,
      10.018362045288086,
      11.504288673400879,
      12.18565845489502,
      12.207149505615234,
      9.894333839416504,
      12.72801399230957,
      9.410378456115723,
      11.440485954284668
    ],
    [
      3.9063565731048584,
      12.899962425231934,
      4.097301483154297,
      9.760472297668457,
      10.538390159606934,
      15.213652610778809,
      18.04084014892578,
      27.079307556152344,
      10.462044715881348,
      19.020566940307617,
      6.3564372062683105,
      14.710630416870117,
      9.454063415527344,
      15.36124038696289,
      8.61881160736084,
      15.563431739807129,
      9.346670150756836,
      14.229499816894531
    ],
    [
      1.6336289644241333,
      8.742253303527832,
      4.139041900634766,
      6.387348175048828,
      6.137599468231201,
      7.018597602844238,
      14.4757661819458,
      10.462044715881348,
      18.264774322509766,
      14.078503608703613,
      9.295859336853027,
      10.412776947021484,
      8.282271385192871,
      11.14781379699707,
      6.271975040435791,
      10.468347549438477,
      6.963449001312256,
      9.513854026794434
    ],
    [
      2.885594367980957,
      13.854959487915039,
      3.786773204803467,
      10.416688919067383,
      7.154690265655518,
      13.338658332824707,
      14.544634819030762,
      19.020566940307617,
      14.078503608703613,
      26.84781265258789,
      9.156828880310059,
      18.746627807617188,
      10.249378204345703,
      18.188385009765625,
      8.564447402954102,
      16.569551467895508,
      9.672652244567871,
      14.646738052368164
    ],
    [
      0.9449291825294495,
      5.378262042999268,
      4.986201763153076,
      5.054101467132568,
      7.147199630737305,
      5.73291015625,
      10.018362045288086,
      6.3564372062683105,
      9.295859336853027,
      9.156828880310059,
      16.1102237701416,
      11.3525390625,
      9.51682186126709,
      10.989495277404785,
      6.078711986541748,
      9.968127250671387,
      6.33400821685791,
      9.132730484008789
    ],
    [
      2.884894609451294,
      9.090282440185547,
      4.355326175689697,
      8.695283889770508,
      6.879977226257324,
      11.786027908325195,
      11.504288673400879,
      14.710630416870117,
      10.412776947021484,
      18.746627807617188,
      11.3525390625,
      22.16062355041504,
      10.429070472717285,
      18.558605194091797,
      8.288589477539062,
      16.573049545288086,
      9.099393844604492,
      14.222869873046875
    ],
    [
      2.3376927375793457,
      7.919986248016357,
      4.514062881469727,
      5.296494007110596,
      8.376140594482422,
      7.637542247772217,
      12.18565845489502,
      9.454063415527344,
      8.282271385192871,
      10.249378204345703,
      9.51682186126709,
      10.429070472717285,
      17.285511016845703,
      14.532130241394043,
      13.837885856628418,
      13.893324851989746,
      11.80882740020752,
      11.554632186889648
    ],
    [
      2.762430429458618,
      11.495058059692383,
      4.240458965301514,
      9.315356254577637,
      7.870291233062744,
      11.642534255981445,
      12.207149505615234,
      15.36124038696289,
      11.14781379699707,
      18.188385009765625,
      10.989495277404785,
      18.558605194091797,
      14.532130241394043,
      26.267208099365234,
      13.197052955627441,
      23.297597885131836,
      12.35864543914795,
      18.66695213317871
    ],
    [
      1.0756393671035767,
      8.541483879089355,
      3.9678332805633545,
      4.831599712371826,
      7.6885085105896,
      6.732038974761963,
      9.894333839416504,
      8.61881160736084,
      6.271975040435791,
      8.564447402954102,
      6.078711986541748,
      8.288589477539062,
      13.837885856628418,
      13.197052955627441,
      21.458852767944336,
      17.042640686035156,
      17.791515350341797,
      14.921682357788086
    ],
    [
      1.674834966659546,
      12.270692825317383,
      4.012777805328369,
      9.240640640258789,
      8.727119445800781,
      12.47325325012207,
      12.72801399230957,
      15.563431739807129,
      10.468347549438477,
      16.569551467895508,
      9.968127250671387,
      16.573049545288086,
      13.893324851989746,
      23.297597885131836,
      17.042640686035156,
      29.1661376953125,
      16.595842361450195,
      24.19862174987793
    ],
    [
      0.18402664363384247,
      8.455656051635742,
      3.724301815032959,
      3.928485155105591,
      6.57096529006958,
      6.952757358551025,
      9.410378456115723,
      9.346670150756836,
      6.963449001312256,
      9.672652244567871,
      6.33400821685791,
      9.099393844604492,
      11.80882740020752,
      12.35864543914795,
      17.791515350341797,
      16.595842361450195,
      26.53407859802246,
      21.45610809326172
    ],
    [
      1.2576582431793213,
      10.679481506347656,
      4.389797210693359,
      6.77114200592041,
      7.606975078582764,
      11.144129753112793,
      11.440485954284668,
      14.229499816894531,
      9.513854026794434,
      14.646738052368164,
      9.132730484008789,
      14.222869873046875,
      11.554632186889648,
      18.66695213317871,
      14.921682357788086,
      24.19862174987793,
      21.45610809326172,
      31.070762634277344
    ]
  ],
  "drr": 13.067582130432129,
  "dynamics": 1.8804235458374023,
  "format": 1245190,
  "frames": 12013568,
  "loudness": -6.878439426422119,
  "loudness_range": 4.3457865715026855,
  "loudness_range_short": 5.970395565032959,
  "peak": 1.1339060068130493,
  "rms": -10.317691802978516,
  "sample_rate": 44100,
  "sections": 1,
  "seekable": 1,
  "sharpness": 1.8920718431472778,
  "space": -6.453413009643555
}