{
  "bands": [
    {
      "high_freq": 148.1999969482422,
      "loudness": -53.415531158447266,
      "loudness_range": 16.392894744873047,
      "mid_mean": -49.826236724853516,
      "mid_to_side_loudness": -14.232152938842773,
      "mid_to_side_loudness_range": 6.929593086242676,
      "side_mean": -62.866085052490234
    },
    {
      "high_freq": 392.3793640136719,
      "loudness": -37.38321304321289,
      "loudness_range": 28.839832305908203,
      "low_freq": 148.1999969482422,
      "mid_mean": -34.77796173095703,
      "mid_to_side_loudness": -8.205220222473145,
      "mid_to_side_loudness_range": 10.005000114440918,
      "side_mean": -43.074031829833984
    },
    {
      "high_freq": 794.6976318359375,
      "loudness": -31.338972091674805,
      "loudness_range": 17.68741226196289,
      "low_freq": 392.3793640136719,
      "mid_mean": -28.897872924804688,
      "mid_to_side_loudness": -6.304119110107422,
      "mid_to_side_loudness_range": 12.768789291381836,
      "side_mean": -35.3704719543457
    },
    {
      "high_freq": 1457.5709228515625,
      "loudness": -42.22539520263672,
      "loudness_range": 17.673423767089844,
      "low_freq": 794.6976318359375,
      "mid_mean": -39.783485412597656,
      "mid_to_side_loudness": -5.443531036376953,
      "mid_to_side_loudness_range": 7.2169904708862305,
      "side_mean": -45.39601135253906
    },
    {
      "high_freq": 2549.74365234375,
      "loudness": -48.620704650878906,
      "loudness_range": 24.994945526123047,
      "low_freq": 1457.5709228515625,
      "mid_mean": -47.6760368347168,
      "mid_to_side_loudness": -2.3437488079071045,
      "mid_to_side_loudness_range": 8.590002059936523,
      "side_mean": -50.742271423339844
    },
    {
      "high_freq": 4349.24462890625,
      "loudness": -62.93782424926758,
      "loudness_range": 26.165225982666016,
      "low_freq": 2549.74365234375,
      "mid_mean": -60.10586929321289,
      "mid_to_side_loudness": -1.762146234512329,
      "mid_to_side_loudness_range": 7.407093524932861,
      "side_mean": -61.60332489013672
    },
    {
      "high_freq": 7314.1640625,
      "loudness": -73.84052276611328,
      "loudness_range": 8.73736572265625,
      "low_freq": 4349.24462890625,
      "mid_mean": -68.18061828613281,
      "mid_to_side_loudness": 0.6292510628700256,
      "mid_to_side_loudness_range": 2.314466953277588,
      "side_mean": -67.94603729248047
    },
    {
      "high_freq": 12199.2666015625,
      "loudness": 0,
      "loudness_range": 0,
      "low_freq": 7314.1640625,
      "mid_mean": -68.4114761352539,
      "mid_to_side_loudness": -0.08563721925020218,
      "mid_to_side_loudness_range": 0.5395404696464539,
      "side_mean": -68.43881225585938
    },
    {
      "loudness": 0,
      "loudness_range": 0,
      "low_freq": 12199.2666015625,
      "mid_mean": -68.0554428100586,
      "mid_to_side_loudness": -0.03887759894132614,
      "mid_to_side_loudness_range": 0.4224700927734375,
      "side_mean": -68.07150268554688
    }
  ],
  "bands_short": [
    {
      "high_freq": 148.1999969482422,
      "loudness": -56.6743049621582,
      "loudness_range": 18.078807830810547,
      "mid_mean": -53.18673324584961,
      "mid_to_side_loudness": -13.12270736694336,
      "mid_to_side_loudness_range": 13.219632148742676,
      "side_mean": -64.4110107421875
    },
    {
      "high_freq": 392.3793640136719,
      "loudness": -38.85664749145508,
      "loudness_range": 31.02934455871582,
      "low_freq": 148.1999969482422,
      "mid_mean": -36.338409423828125,
      "mid_to_side_loudness": -8.565179824829102,
      "mid_to_side_loudness_range": 13.830409049987793,
      "side_mean": -45.52705383300781
    },
    {
      "high_freq": 794.6976318359375,
      "loudness": -32.15098190307617,
      "loudness_range": 19.66695785522461,
      "low_freq": 392.3793640136719,
      "mid_mean": -29.905508041381836,
      "mid_to_side_loudness": -5.897739410400391,
      "mid_to_side_loudness_range": 15.253605842590332,
      "side_mean": -36.067378997802734
    },
    {
      "high_freq": 1457.5709228515625,
      "loudness": -41.70330810546875,
      "loudness_range": 20.180269241333008,
      "low_freq": 794.6976318359375,
      "mid_mean": -39.323028564453125,
      "mid_to_side_loudness": -5.585572719573975,
      "mid_to_side_loudness_range": 10.38559341430664,
      "side_mean": -45.207366943359375
    },
    {
      "high_freq": 2549.74365234375,
      "loudness": -49.71464538574219,
      "loudness_range": 26.77157974243164,
      "low_freq": 1457.5709228515625,
      "mid_mean": -49.74696350097656,
      "mid_to_side_loudness": -2.4792327880859375,
      "mid_to_side_loudness_range": 10.298078536987305,
      "side_mean": -52.10283279418945
    },
    {
      "high_freq": 4349.24462890625,
      "loudness": -63.7606201171875,
      "loudness_range": 27.362686157226562,
      "low_freq": 2549.74365234375,
      "mid_mean": -60.780391693115234,
      "mid_to_side_loudness": -1.4876500368118286,
      "mid_to_side_loudness_range": 8.411608695983887,
      "side_mean": -62.04471969604492
    },
    {
      "high_freq": 7314.1640625,
      "loudness": -73.95540618896484,
      "loudness_range": 8.517990112304688,
      "low_freq": 4349.24462890625,
      "mid_mean": -68.16803741455078,
      "mid_to_side_loudness": 0.4031818211078644,
      "mid_to_side_loudness_range": 3.2473814487457275,
      "side_mean": -68.0402603149414
    },
    {
      "high_freq": 12199.2666015625,
      "loudness": -74.32471466064453,
      "loudness_range": 1.4652099609375,
      "low_freq": 7314.1640625,
      "mid_mean": -68.41613006591797,
      "mid_to_side_loudness": -0.07990079373121262,
      "mid_to_side_loudness_range": 1.6092857122421265,
      "side_mean": -68.44185638427734
    },
    {
      "loudness": 0,
      "loudness_range": 0,
      "low_freq": 12199.2666015625,
      "mid_mean": -68.04884338378906,
      "mid_to_side_loudness": -0.04652400314807892,
      "mid_to_side_loudness_range": 1.2759441137313843,
      "side_mean": -68.06556701660156
    }
  ],
  "channels": 2,
  "covariance": [
    [
      32.296085357666016,
      18.112199783325195,
      33.68767547607422,
      34.492576599121094,
      14.541685104370117,
      14.220829963684082,
      15.602861404418945,
      18.97243309020996,
      30.852127075195312,
      36.721290588378906,
      24.847911834716797,
      22.82223892211914,
      3.0192370414733887,
      3.676689386367798,
      0.5582811236381531,
      0.5203074812889099,
      0.5522261261940002,
      0.5196483135223389
    ],
    [
      18.112199783325195,
      12.593467712402344,
      18.91162872314453,
      19.26888656616211,
      5.159878730773926,
      4.76655387878418,
      5.918893814086914,
      8.159521102905273,
      13.838390350341797,
      17.19091796875,
      11.216774940490723,
      10.471012115478516,
      1.2954518795013428,
      1.6143690347671509,
      0.3010193705558777,
      0.2836821973323822,
      0.31470268964767456,
      0.2995334267616272
    ],
    [
      33.68767547607422,
      18.91162872314453,
      108.14486694335938,
      99.03105163574219,
      18.922483444213867,
      14.566055297851562,
      19.038427352905273,
      25.539813995361328,
      48.85405349731445,
      47.86557388305664,
      33.23825454711914,
      29.859661102294922,
      1.8589152097702026,
      2.714935541152954,
      0.23278164863586426,
      0.15515799820423126,
      0.18718494474887848,
      0.1664309799671173
    ],
    [
      34.492576599121094,
      19.26888656616211,
      99.03105163574219,
      105.68059539794922,
      17.901594161987305,
      14.498046875,
      21.05777931213379,
      26.322757720947266,
      49.775997161865234,
      49.75861358642578,
      33.224178314208984,
      29.454870223999023,
      2.1589462757110596,
      2.9612081050872803,
      0.21640197932720184,
      0.14267612993717194,
      0.1742219775915146,
      0.16798405349254608
    ],
    [
      14.541685104370117,
      5.159878730773926,
      18.922483444213867,
      17.901594161987305,
      45.06885528564453,
      33.84189224243164,
      19.62262725830078,
      21.591066360473633,
      42.37013244628906,
      39.209739685058594,
      29.919511795043945,
      27.160306930541992,
      4.679323196411133,
      5.330770492553711,
      0.5719789862632751,
      0.46558234095573425,
      0.4409678280353546,
      0.38253751397132874
    ],
    [
      14.220829963684082,
      4.76655387878418,
      14.566055297851562,
      14.498046875,
      33.84189224243164,
      45.02004623413086,
      21.493993759155273,
      23.732824325561523,
      41.44751739501953,
      40.76945877075195,
      34.35696792602539,
      30.01512336730957,
      3.8663597106933594,
      4.562047481536865,
      0.44384726881980896,
      0.4019087851047516,
      0.3678210973739624,
      0.32781529426574707
    ],
    [
      15.602861404418945,
      5.918893814086914,
      19.038427352905273,
      21.05777931213379,
      19.62262725830078,
      21.493993759155273,
      45.825416564941406,
      40.739349365234375,
      38.90489959716797,
      39.94361877441406,
      33.61977005004883,
      28.41309928894043,
      4.081071376800537,
      4.551131248474121,
      0.42248356342315674,
      0.3862375020980835,
      0.33125412464141846,
      0.30541905760765076
    ],
    [
      18.97243309020996,
      8.159521102905273,
      25.539813995361328,
      26.322757720947266,
      21.591066360473633,
      23.732824325561523,
      40.739349365234375,
      42.79108810424805,
      41.46704864501953,
      41.84002685546875,
      35.06094741821289,
      30.392972946166992,
      3.8383588790893555,
      4.395878791809082,
      0.42130616307258606,
      0.3796989917755127,
      0.32723361253738403,
      0.3000147342681885
    ],
    [
      30.852127075195312,
      13.838390350341797,
      48.85405349731445,
      49.775997161865234,
      42.37013244628906,
      41.44751739501953,
      38.90489959716797,
      41.46704864501953,
      84.83385467529297,
      77.98343658447266,
      58.154720306396484,
      49.329036712646484,
      7.104645252227783,
      8.56597900390625,
      0.7155776023864746,
      0.612847626209259,
      0.5816254615783691,
      0.5262210965156555
    ],
    [
      36.721290588378906,
      17.19091796875,
      47.86557388305664,
      49.75861358642578,
      39.209739685058594,
      40.76945877075195,
      39.94361877441406,
      41.84002685546875,
      77.98343658447266,
      90.83055877685547,
      62.77815246582031,
      53.234928131103516,
      7.5474114418029785,
      9.095630645751953,
      1.2055943012237549,
      1.1179214715957642,
      1.2098469734191895,
      1.134521245956421
    ],
    [
      24.847911834716797,
      11.216774940490723,
      33.23825454711914,
      33.224178314208984,
      29.919511795043945,
      34.35696792602539,
      33.61977005004883,
      35.06094741821289,
      58.154720306396484,
      62.77815246582031,
      54.7838134765625,
      45.93043899536133,
      6.196338653564453,
      7.471681594848633,
      0.8121117353439331,
      0.7612004280090332,
      0.7697020769119263,
      0.7172089219093323
    ],
    [
      22.82223892211914,
      10.471012115478516,
      29.859661102294922,
      29.454870223999023,
      27.160306930541992,
      30.01512336730957,
      28.41309928894043,
      30.392972946166992,
      49.329036712646484,
      53.234928131103516,
      45.93043899536133,
      42.71762466430664,
      5.756834983825684,
      6.985415935516357,
      0.7414596080780029,
      0.6947448253631592,
      0.6823617815971375,
      0.6272118091583252
    ],
    [
      3.0192370414733887,
      1.2954518795013428,
      1.8589152097702026,
      2.1589462757110596,
      4.679323196411133,
      3.8663597106933594,
      4.081071376800537,
      3.8383588790893555,
      7.104645252227783,
      7.5474114418029785,
      6.196338653564453,
      5.756834983825684,
      1.9053804874420166,
      2.0466370582580566,
      0.17805075645446777,
      0.16270481050014496,
      0.14789463579654694,
      0.13313598930835724
    ],
    [
      3.676689386367798,
      1.6143690347671509,
      2.714935541152954,
      2.9612081050872803,
      5.330770492553711,
      4.562047481536865,
      4.551131248474121,
      4.395878791809082,
      8.56597900390625,
      9.095630645751953,
      7.471681594848633,
      6.985415935516357,
      2.0466370582580566,
      2.453644037246704,
      0.19531773030757904,
      0.17937558889389038,
      0.16599246859550476,
      0.14945897459983826
    ],
    [
      0.5582811236381531,
      0.3010193705558777,
      0.23278164863586426,
      0.21640197932720184,
      0.5719789862632751,
      0.44384726881980896,
      0.42248356342315674,
      0.42130616307258606,
      0.7155776023864746,
      1.2055943012237549,
      0.8121117353439331,
      0.7414596080780029,
      0.17805075645446777,
      0.19531773030757904,
      0.05121980234980583,
      0.04775404930114746,
      0.051565028727054596,
      0.049004897475242615
    ],
    [
      0.5203074812889099,
      0.2836821973323822,
      0.15515799820423126,
      0.14267612993717194,
      0.46558234095573425,
      0.4019087851047516,
      0.3862375020980835,
      0.3796989917755127,
      0.612847626209259,
      1.1179214715957642,
      0.7612004280090332,
      0.6947448253631592,
      0.16270481050014496,
      0.17937558889389038,
      0.04775404930114746,
      0.04772021621465683,
      0.049649376422166824,
      0.047381240874528885
    ],
    [
      0.5522261261940002,
      0.31470268964767456,
      0.18718494474887848,
      0.1742219775915146,
      0.4409678280353546,
      0.3678210973739624,
      0.33125412464141846,
      0.32723361253738403,
      0.5816254615783691,
      1.2098469734191895,
      0.7697020769119263,
      0.6823617815971375,
      0.14789463579654694,
      0.16599246859550476,
      0.051565028727054596,
      0.049649376422166824,
      0.05897262319922447,
      0.05552367866039276
    ],
    [
      0.5196483135223389,
      0.2995334267616272,
      0.1664309799671173,
      0.16798405349254608,
      0.38253751397132874,
      0.32781529426574707,
      0.30541905760765076,
      0.3000147342681885,
      0.5262210965156555,
      1.134521245956421,
      0.7172089219093323,
      0.6272118091583252,
      0.13313598930835724,
      0.14945897459983826,
      0.049004897475242615,
      0.047381240874528885,
      0.05552367866039276,
      0.054760463535785675
    ]
  ],
  "covariance_short": [
    [
      36.3911018371582,
      13.765539169311523,
      28.47184944152832,
      32.10163879394531,
      17.6092472076416,
      17.309965133666992,
      17.38477325439453,
      20.663576126098633,
      35.97863006591797,
      36.58066940307617,
      24.727073669433594,
      22.086904525756836,
      3.594305992126465,
      4.016230583190918,
      0.710158109664917,
      0.6604416370391846,
      0.7084290981292725,
      0.6663291454315186
    ],
    [
      13.765539169311523,
      10.010936737060547,
      13.170365333557129,
      14.947526931762695,
      6.964909553527832,
      6.847512245178223,
      6.846381664276123,
      8.576026916503906,
      16.23756217956543,
      16.057954788208008,
      10.918277740478516,
      9.825594902038574,
      1.5626006126403809,
      1.7201542854309082,
      0.2906731069087982,
      0.27805113792419434,
      0.3014278709888458,
      0.2801101505756378
    ],
    [
      28.47184944152832,
      13.170365333557129,
      120.29227447509766,
      108.69657135009766,
      23.697004318237305,
      13.378015518188477,
      16.745159149169922,
      25.597888946533203,
      52.11845779418945,
      49.7597541809082,
      34.14518737792969,
      30.243179321289062,
      2.3848726749420166,
      3.1682136058807373,
      0.30434364080429077,
      0.2035769522190094,
      0.21969293057918549,
      0.19844624400138855
    ],
    [
      32.10163879394531,
      14.947526931762695,
      108.69657135009766,
      130.970703125,
      26.698020935058594,
      18.53951072692871,
      23.427059173583984,
      32.33966827392578,
      61.04484176635742,
      59.755008697509766,
      38.269100189208984,
      33.116302490234375,
      3.0114998817443848,
      3.6354928016662598,
      0.31885334849357605,
      0.23697103559970856,
      0.2677246332168579,
      0.2467563897371292
    ],
    [
      17.6092472076416,
      6.964909553527832,
      23.697004318237305,
      26.698020935058594,
      55.825321197509766,
      38.77745819091797,
      23.258567810058594,
      25.338756561279297,
      47.27494812011719,
      43.30308151245117,
      32.62961196899414,
      29.236181259155273,
      4.958061695098877,
      5.251286029815674,
      0.695744514465332,
      0.5831199884414673,
      0.5534093379974365,
      0.4838326871395111
    ],
    [
      17.309965133666992,
      6.847512245178223,
      13.378015518188477,
      18.53951072692871,
      38.77745819091797,
      51.89179992675781,
      23.68861198425293,
      27.15570640563965,
      45.02949523925781,
      44.32635498046875,
      36.34843826293945,
      32.03437423706055,
      4.4240336418151855,
      4.674444198608398,
      0.5499712228775024,
      0.5077370405197144,
      0.4679866135120392,
      0.4117392897605896
    ],
    [
      17.38477325439453,
      6.846381664276123,
      16.745159149169922,
      23.427059173583984,
      23.258567810058594,
      23.68861198425293,
      56.19680404663086,
      43.749027252197266,
      48.11577606201172,
      46.15968704223633,
      34.710018157958984,
      29.759275436401367,
      5.161524772644043,
      5.55694580078125,
      0.6157413125038147,
      0.5379700660705566,
      0.48035359382629395,
      0.4250362813472748
    ],
    [
      20.663576126098633,
      8.576026916503906,
      25.597888946533203,
      32.33966827392578,
      25.338756561279297,
      27.15570640563965,
      43.749027252197266,
      49.23533248901367,
      49.45863342285156,
      48.36457443237305,
      37.01549530029297,
      31.96912956237793,
      4.774831771850586,
      5.138307571411133,
      0.5686156749725342,
      0.4992634654045105,
      0.44543105363845825,
      0.3969864249229431
    ],
    [
      35.97863006591797,
      16.23756217956543,
      52.11845779418945,
      61.04484176635742,
      47.27494812011719,
      45.02949523925781,
      48.11577606201172,
      49.45863342285156,
      103.68511199951172,
      93.7104721069336,
      63.85637664794922,
      54.17959976196289,
      8.290721893310547,
      9.08110237121582,
      1.2475080490112305,
      1.1289572715759277,
      1.1808139085769653,
      1.0853055715560913
    ],
    [
      36.58066940307617,
      16.057954788208008,
      49.7597541809082,
      59.755008697509766,
      43.30308151245117,
      44.32635498046875,
      46.15968704223633,
      48.36457443237305,
      93.7104721069336,
      95.57072448730469,
      63.2637939453125,
      53.80503845214844,
      8.182234764099121,
      9.026840209960938,
      1.2845726013183594,
      1.188485860824585,
      1.2676271200180054,
      1.1847246885299683
    ],
    [
      24.727073669433594,
      10.918277740478516,
      34.14518737792969,
      38.269100189208984,
      32.62961196899414,
      36.34843826293945,
      34.710018157958984,
      37.01549530029297,
      63.85637664794922,
      63.2637939453125,
      54.98490524291992,
      45.879783630371094,
      6.670692443847656,
      7.304588317871094,
      0.8854297399520874,
      0.8218773007392883,
      0.8193522691726685,
      0.7581098675727844
    ],
    [
      22.086904525756836,
      9.825594902038574,
      30.243179321289062,
      33.116302490234375,
      29.236181259155273,
      32.03437423706055,
      29.759275436401367,
      31.96912956237793,
      54.17959976196289,
      53.80503845214844,
      45.879783630371094,
      42.92420196533203,
      6.23193883895874,
      6.866433143615723,
      0.8096638321876526,
      0.7501009106636047,
      0.7298887968063354,
      0.6699298024177551
    ],
    [
      3.594305992126465,
      1.5626006126403809,
      2.3848726749420166,
      3.0114998817443848,
      4.958061695098877,
      4.4240336418151855,
      5.161524772644043,
      4.774831771850586,
      8.290721893310547,
      8.182234764099121,
      6.670692443847656,
      6.23193883895874,
      2.2886464595794678,
      2.213524580001831,
      0.21648211777210236,
      0.2031126767396927,
      0.17372192442417145,
      0.15610666573047638
    ],
    [
      4.016230583190918,
      1.7201542854309082,
      3.1682136058807373,
      3.6354928016662598,
      5.251286029815674,
      4.674444198608398,
      5.55694580078125,
      5.138307571411133,
      9.08110237121582,
      9.026840209960938,
      7.304588317871094,
      6.866433143615723,
      2.213524580001831,
      2.613015651702881,
      0.23370075225830078,
      0.21755820512771606,
      0.1869794875383377,
      0.16797998547554016
    ],
    [
      0.710158109664917,
      0.2906731069087982,
      0.30434364080429077,
      0.31885334849357605,
      0.695744514465332,
      0.5499712228775024,
      0.6157413125038147,
      0.5686156749725342,
      1.2475080490112305,
      1.2845726013183594,
      0.8854297399520874,
      0.8096638321876526,
      0.21648211777210236,
      0.23370075225830078,
      0.07545044273138046,
      0.058722902089357376,
      0.058427900075912476,
      0.054838795214891434
    ],
    [
      0.6604416370391846,
      0.27805113792419434,
      0.2035769522190094,
      0.23697103559970856,
      0.5831199884414673,
      0.5077370405197144,
      0.5379700660705566,
      0.4992634654045105,
      1.1289572715759277,
      1.188485860824585,
      0.8218773007392883,
      0.7501009106636047,
      0.2031126767396927,
      0.21755820512771606,
      0.058722902089357376,
      0.0707147866487503,
      0.05577204376459122,
      0.052461884915828705
    ],
    [
      0.7084290981292725,
      0.3014278709888458,
      0.21969293057918549,
      0.2677246332168579,
      0.5534093379974365,
      0.4679866135120392,
      0.48035359382629395,
      0.44543105363845825,
      1.1808139085769653,
      1.2676271200180054,
      0.8193522691726685,
      0.7298887968063354,
      0.17372192442417145,
      0.1869794875383377,
      0.058427900075912476,
      0.05577204376459122,
      0.07645474374294281,
      0.06120775640010834
    ],
    [
      0.6663291454315186,
      0.2801101505756378,
      0.19844624400138855,
      0.2467563897371292,
      0.4838326871395111,
      0.4117392897605896,
      0.4250362813472748,
      0.3969864249229431,
      1.0853055715560913,
      1.1847246885299683,
      0.7581098675727844,
      0.6699298024177551,
      0.15610666573047638,
      0.16797998547554016,
      0.054838795214891434,
      0.052461884915828705,
      0.06120775640010834,
      0.07050980627536774
    ]
  ],
  "drr": 8.950785636901855,
  "dynamics": 4.780577182769775,
  "format": 1245190,
  "frames": 8513536,
  "loudness": -24.32175064086914,
  "loudness_range": 14.87905502319336,
  "loudness_range_short": 17.809825897216797,
  "peak": -6.306729793548584,
  "rms": -25.193483352661133,
  "sample_rate": 44100,
  "sections": 1,
  "seekable": 1,
  "sharpness": 3.6116201877593994,
  "space": -6.920615196228027
}