{
  "bands": [
    {
      "high_freq": 148.1999969482422,
      "loudness": -43.98358154296875,
      "loudness_range": 19.338424682617188,
      "mid_mean": -40.55259323120117,
      "mid_to_side_loudness": -13.134666442871094,
      "mid_to_side_loudness_range": 8.327808380126953,
      "side_mean": -53.75954818725586
    },
    {
      "high_freq": 392.3793640136719,
      "loudness": -30.3720645904541,
      "loudness_range": 21.101036071777344,
      "low_freq": 148.1999969482422,
      "mid_mean": -27.90281105041504,
      "mid_to_side_loudness": -6.011362075805664,
      "mid_to_side_loudness_range": 10.201338768005371,
      "side_mean": -33.91416549682617
    },
    {
      "high_freq": 794.6976318359375,
      "loudness": -27.882526397705078,
      "loudness_range": 19.301464080810547,
      "low_freq": 392.3793640136719,
      "mid_mean": -25.436904907226562,
      "mid_to_side_loudness": -5.565321445465088,
      "mid_to_side_loudness_range": 8.024279594421387,
      "side_mean": -31.190183639526367
    },
    {
      "high_freq": 1457.5709228515625,
      "loudness": -37.831932067871094,
      "loudness_range": 22.218191146850586,
      "low_freq": 794.6976318359375,
      "mid_mean": -35.95469284057617,
      "mid_to_side_loudness": -3.2696244716644287,
      "mid_to_side_loudness_range": 6.695215225219727,
      "side_mean": -39.21179962158203
    },
    {
      "high_freq": 2549.74365234375,
      "loudness": -40.6704216003418,
      "loudness_range": 25.065950393676758,
      "low_freq": 1457.5709228515625,
      "mid_mean": -39.274253845214844,
      "mid_to_side_loudness": -2.362433671951294,
      "mid_to_side_loudness_range": 6.567241668701172,
      "side_mean": -41.52972412109375
    },
    {
      "high_freq": 4349.24462890625,
      "loudness": -50.856937408447266,
      "loudness_range": 29.281024932861328,
      "low_freq": 2549.74365234375,
      "mid_mean": -52.74443435668945,
      "mid_to_side_loudness": 0.2129838466644287,
      "mid_to_side_loudness_range": 5.983322620391846,
      "side_mean": -52.51227951049805
    },
    {
      "high_freq": 7314.1640625,
      "loudness": -65.84219360351562,
      "loudness_range": 26.210174560546875,
      "low_freq": 4349.24462890625,
      "mid_mean": -63.50381851196289,
      "mid_to_side_loudness": 2.0354151725769043,
      "mid_to_side_loudness_range": 4.804755687713623,
      "side_mean": -61.91635513305664
    },
    {
      "high_freq": 12199.2666015625,
      "loudness": -73.22840118408203,
      "loudness_range": 8.305198669433594,
      "low_freq": 7314.1640625,
      "mid_mean": -67.95849609375,
      "mid_to_side_loudness": 0.11040695756673813,
      "mid_to_side_loudness_range": 1.542095422744751,
      "side_mean": -67.8608627319336
    },
    {
      "loudness": -73.06549072265625,
      "loudness_range": 2.0018768310546875,
      "low_freq": 12199.2666015625,
      "mid_mean": -67.99553680419922,
      "mid_to_side_loudness": -0.1253625452518463,
      "mid_to_side_loudness_range": 0.4742010235786438,
      "side_mean": -68.03057098388672
    }
  ],
  "bands_short": [
    {
      "high_freq": 148.1999969482422,
      "loudness": -48.57514572143555,
      "loudness_range": 22.28030776977539,
      "mid_mean": -45.19478225708008,
      "mid_to_side_loudness": -13.942008972167969,
      "mid_to_side_loudness_range": 15.640449523925781,
      "side_mean": -58.65375518798828
    },
    {
      "high_freq": 392.3793640136719,
      "loudness": -31.935779571533203,
      "loudness_range": 24.390426635742188,
      "low_freq": 148.1999969482422,
      "mid_mean": -29.488975524902344,
      "mid_to_side_loudness": -6.413669109344482,
      "mid_to_side_loudness_range": 13.114542007446289,
      "side_mean": -35.94491195678711
    },
    {
      "high_freq": 794.6976318359375,
      "loudness": -29.967748641967773,
      "loudness_range": 21.729869842529297,
      "low_freq": 392.3793640136719,
      "mid_mean": -27.68703269958496,
      "mid_to_side_loudness": -5.216373920440674,
      "mid_to_side_loudness_range": 11.199763298034668,
      "side_mean": -33.090885162353516
    },
    {
      "high_freq": 1457.5709228515625,
      "loudness": -36.74403762817383,
      "loudness_range": 27.770896911621094,
      "low_freq": 794.6976318359375,
      "mid_mean": -34.91905975341797,
      "mid_to_side_loudness": -3.8892154693603516,
      "mid_to_side_loudness_range": 10.68272876739502,
      "side_mean": -38.938819885253906
    },
    {
      "high_freq": 2549.74365234375,
      "loudness": -42.439491271972656,
      "loudness_range": 27.576324462890625,
      "low_freq": 1457.5709228515625,
      "mid_mean": -41.28732681274414,
      "mid_to_side_loudness": -2.287642002105713,
      "mid_to_side_loudness_range": 8.117650032043457,
      "side_mean": -43.57540512084961
    },
    {
      "high_freq": 4349.24462890625,
      "loudness": -51.98748779296875,
      "loudness_range": 29.73775863647461,
      "low_freq": 2549.74365234375,
      "mid_mean": -53.64331817626953,
      "mid_to_side_loudness": 0.031763527542352676,
      "mid_to_side_loudness_range": 8.038408279418945,
      "side_mean": -53.579593658447266
    },
    {
      "high_freq": 7314.1640625,
      "loudness": -67.35222625732422,
      "loudness_range": 26.228435516357422,
      "low_freq": 4349.24462890625,
      "mid_mean": -64.39966583251953,
      "mid_to_side_loudness": 1.7775537967681885,
      "mid_to_side_loudness_range": 5.806573390960693,
      "side_mean": -63.09109878540039
    },
    {
      "high_freq": 12199.2666015625,
      "loudness": -73.55809783935547,
      "loudness_range": 6.601860046386719,
      "low_freq": 7314.1640625,
      "mid_mean": -68.07777404785156,
      "mid_to_side_loudness": 0.0618881918489933,
      "mid_to_side_loudness_range": 2.038273572921753,
      "side_mean": -68.01181030273438
    },
    {
      "loudness": -73.0594253540039,
      "loudness_range": 2.2493667602539062,
      "low_freq": 12199.2666015625,
      "mid_mean": -67.99480438232422,
      "mid_to_side_loudness": -0.11658009141683578,
      "mid_to_side_loudness_range": 1.299481987953186,
      "side_mean": -68.02818298339844
    }
  ],
  "channels": 2,
  "covariance": [
    [
      45.55548095703125,
      41.35063552856445,
      31.428531646728516,
      27.856714248657227,
      23.22068977355957,
      24.294721603393555,
      25.46207046508789,
      25.865785598754883,
      27.70403480529785,
      30.100130081176758,
      45.130104064941406,
      41.72694396972656,
      25.6951961517334,
      30.41488265991211,
      4.106827735900879,
      4.9878058433532715,
      1.1091055870056152,
      0.9653740525245667
    ],
    [
      41.35063552856445,
      51.2641487121582,
      32.02899169921875,
      28.53323745727539,
      21.657981872558594,
      22.685380935668945,
      23.65854263305664,
      24.55635643005371,
      26.53178596496582,
      29.264686584472656,
      47.17047882080078,
      43.26995849609375,
      27.188772201538086,
      31.96445083618164,
      4.595915794372559,
      5.536285400390625,
      1.5953525304794312,
      1.4551353454589844
    ],
    [
      31.428531646728516,
      32.02899169921875,
      51.325469970703125,
      42.50237274169922,
      28.771413803100586,
      31.697925567626953,
      30.249544143676758,
      31.665264129638672,
      39.24970245361328,
      40.12675094604492,
      53.972774505615234,
      49.92383575439453,
      29.73512840270996,
      35.06023406982422,
      4.335321426391602,
      5.303576946258545,
      1.243918538093567,
      1.081457257270813
    ],
    [
      27.856714248657227,
      28.53323745727539,
      42.50237274169922,
      46.17135238647461,
      28.299781799316406,
      30.212013244628906,
      29.168262481689453,
      31.042783737182617,
      38.63776397705078,
      39.811607360839844,
      51.63540267944336,
      49.26082229614258,
      29.556245803833008,
      35.296165466308594,
      3.8553574085235596,
      4.636870384216309,
      1.1566835641860962,
      1.0089219808578491
    ],
    [
      23.22068977355957,
      21.657981872558594,
      28.771413803100586,
      28.299781799316406,
      52.505821228027344,
      47.80363845825195,
      46.26325988769531,
      45.82355880737305,
      49.1810188293457,
      52.84010314941406,
      63.15015411376953,
      63.23857879638672,
      31.086151123046875,
      37.92338180541992,
      4.772404193878174,
      5.530681133270264,
      1.5120285749435425,
      1.307540774345398
    ],
    [
      24.294721603393555,
      22.685380935668945,
      31.697925567626953,
      30.212013244628906,
      47.80363845825195,
      53.600650787353516,
      47.446285247802734,
      47.563995361328125,
      48.539669036865234,
      51.95635223388672,
      65.89266204833984,
      66.30106353759766,
      32.59998321533203,
      39.65242004394531,
      4.839829444885254,
      5.686401844024658,
      1.5171611309051514,
      1.3282508850097656
    ],
    [
      25.46207046508789,
      23.65854263305664,
      30.249544143676758,
      29.168262481689453,
      46.26325988769531,
      47.446285247802734,
      64.73768615722656,
      61.57988739013672,
      57.30494689941406,
      59.668094635009766,
      72.74803924560547,
      71.21694946289062,
      35.78667449951172,
      42.72423553466797,
      5.602600574493408,
      6.534468650817871,
      1.6469383239746094,
      1.4286307096481323
    ],
    [
      25.865785598754883,
      24.55635643005371,
      31.665264129638672,
      31.042783737182617,
      45.82355880737305,
      47.563995361328125,
      61.57988739013672,
      65.17939758300781,
      58.95261764526367,
      61.154991149902344,
      74.29801177978516,
      72.59550476074219,
      37.67561340332031,
      45.180389404296875,
      5.923101902008057,
      6.928352355957031,
      1.7243611812591553,
      1.5010120868682861
    ],
    [
      27.70403480529785,
      26.53178596496582,
      39.24970245361328,
      38.63776397705078,
      49.1810188293457,
      48.539669036865234,
      57.30494689941406,
      58.95261764526367,
      78.16199493408203,
      77.37078857421875,
      83.20226287841797,
      81.83358001708984,
      43.690555572509766,
      52.56943130493164,
      6.478150367736816,
      7.678390026092529,
      1.8686901330947876,
      1.6437627077102661
    ],
    [
      30.100130081176758,
      29.264686584472656,
      40.12675094604492,
      39.811607360839844,
      52.84010314941406,
      51.95635223388672,
      59.668094635009766,
      61.154991149902344,
      77.37078857421875,
      83.08366394042969,
      86.55726623535156,
      84.84285736083984,
      46.2745361328125,
      55.37981414794922,
      6.921302795410156,
      8.201845169067383,
      1.9841299057006836,
      1.7404733896255493
    ],
    [
      45.130104064941406,
      47.17047882080078,
      53.972774505615234,
      51.63540267944336,
      63.15015411376953,
      65.89266204833984,
      72.74803924560547,
      74.29801177978516,
      83.20226287841797,
      86.55726623535156,
      118.28144836425781,
      114.55036163330078,
      59.63043975830078,
      70.9845199584961,
      9.387511253356934,
      11.121662139892578,
      3.0596566200256348,
      2.7248058319091797
    ],
    [
      41.72694396972656,
      43.26995849609375,
      49.92383575439453,
      49.26082229614258,
      63.23857879638672,
      66.30106353759766,
      71.21694946289062,
      72.59550476074219,
      81.83358001708984,
      84.84285736083984,
      114.55036163330078,
      114.43997192382812,
      57.65040969848633,
      69.18350219726562,
      8.840822219848633,
      10.421914100646973,
      2.952594757080078,
      2.6435000896453857
    ],
    [
      25.6951961517334,
      27.188772201538086,
      29.73512840270996,
      29.556245803833008,
      31.086151123046875,
      32.59998321533203,
      35.78667449951172,
      37.67561340332031,
      43.690555572509766,
      46.2745361328125,
      59.63043975830078,
      57.65040969848633,
      38.86964416503906,
      44.6049690246582,
      6.512451171875,
      7.826697826385498,
      1.7756866216659546,
      1.5599979162216187
    ],
    [
      30.41488265991211,
      31.96445083618164,
      35.06023406982422,
      35.296165466308594,
      37.92338180541992,
      39.65242004394531,
      42.72423553466797,
      45.180389404296875,
      52.56943130493164,
      55.37981414794922,
      70.9845199584961,
      69.18350219726562,
      44.6049690246582,
      52.74272918701172,
      7.188175678253174,
      8.624950408935547,
      2.0349159240722656,
      1.7995625734329224
    ],
    [
      4.106827735900879,
      4.595915794372559,
      4.335321426391602,
      3.8553574085235596,
      4.772404193878174,
      4.839829444885254,
      5.602600574493408,
      5.923101902008057,
      6.478150367736816,
      6.921302795410156,
      9.387511253356934,
      8.840822219848633,
      6.512451171875,
      7.188175678253174,
      1.7142142057418823,
      2.042430877685547,
      0.4057469069957733,
      0.3493029475212097
    ],
    [
      4.9878058433532715,
      5.536285400390625,
      5.303576946258545,
      4.636870384216309,
      5.530681133270264,
      5.686401844024658,
      6.534468650817871,
      6.928352355957031,
      7.678390026092529,
      8.201845169067383,
      11.121662139892578,
      10.421914100646973,
      7.826697826385498,
      8.624950408935547,
      2.042430877685547,
      2.492435932159424,
      0.4752568304538727,
      0.4082808792591095
    ],
    [
      1.1091055870056152,
      1.5953525304794312,
      1.243918538093567,
      1.1566835641860962,
      1.5120285749435425,
      1.5171611309051514,
      1.6469383239746094,
      1.7243611812591553,
      1.8686901330947876,
      1.9841299057006836,
      3.0596566200256348,
      2.952594757080078,
      1.7756866216659546,
      2.0349159240722656,
      0.4057469069957733,
      0.4752568304538727,
      0.1523790806531906,
      0.1360384225845337
    ],
    [
      0.9653740525245667,
      1.4551353454589844,
      1.081457257270813,
      1.0089219808578491,
      1.307540774345398,
      1.3282508850097656,
      1.4286307096481323,
      1.5010120868682861,
      1.6437627077102661,
      1.7404733896255493,
      2.7248058319091797,
      2.6435000896453857,
      1.5599979162216187,
      1.7995625734329224,
      0.3493029475212097,
      0.4082808792591095,
      0.1360384225845337,
      0.12506701052188873
    ]
  ],
  "covariance_short": [
    [
      59.314395904541016,
      34.885738372802734,
      35.19812774658203,
      32.6519660949707,
      30.146453857421875,
      30.137287139892578,
      30.586029052734375,
      34.53227233886719,
      37.6979866027832,
      40.44023513793945,
      50.7208251953125,
      48.35496139526367,
      27.382905960083008,
      32.408756256103516,
      4.229834079742432,
      5.024587154388428,
      1.4439539909362793,
      1.2767282724380493
    ],
    [
      34.885738372802734,
      40.38886642456055,
      30.88040542602539,
      28.61431884765625,
      24.1229190826416,
      23.839689254760742,
      23.742996215820312,
      28.248756408691406,
      32.740638732910156,
      34.91146469116211,
      45.00265884399414,
      42.229957580566406,
      24.796173095703125,
      29.10491943359375,
      4.055917263031006,
      4.814204216003418,
      1.5284498929977417,
      1.3816977739334106
    ],
    [
      35.19812774658203,
      30.88040542602539,
      67.59303283691406,
      55.049312591552734,
      37.21807861328125,
      38.71987533569336,
      33.8986701965332,
      39.57727813720703,
      47.233551025390625,
      48.25875473022461,
      56.027191162109375,
      53.07118606567383,
      30.577482223510742,
      36.081478118896484,
      4.359982967376709,
      5.172557830810547,
      1.493768334388733,
      1.3242584466934204
    ],
    [
      32.6519660949707,
      28.61431884765625,
      55.049312591552734,
      63.587730407714844,
      36.49895477294922,
      37.68940353393555,
      33.63957977294922,
      39.19365310668945,
      46.21126174926758,
      48.161582946777344,
      54.838348388671875,
      52.479190826416016,
      30.70038414001465,
      36.333839416503906,
      3.9950761795043945,
      4.689606666564941,
      1.4313743114471436,
      1.2711907625198364
    ],
    [
      30.146453857421875,
      24.1229190826416,
      37.21807861328125,
      36.49895477294922,
      60.683902740478516,
      52.47201156616211,
      47.717716217041016,
      51.88665008544922,
      57.04412078857422,
      59.81957244873047,
      67.50868225097656,
      67.40804290771484,
      32.239341735839844,
      39.35222244262695,
      4.576188564300537,
      5.262551784515381,
      1.7184319496154785,
      1.537251591682434
    ],
    [
      30.137287139892578,
      23.839689254760742,
      38.71987533569336,
      37.68940353393555,
      52.47201156616211,
      60.880645751953125,
      46.823062896728516,
      51.91736602783203,
      56.266746520996094,
      58.40556716918945,
      67.3961410522461,
      68.91471099853516,
      32.789817810058594,
      39.83052444458008,
      4.665350914001465,
      5.416558742523193,
      1.7340106964111328,
      1.5570240020751953
    ],
    [
      30.586029052734375,
      23.742996215820312,
      33.8986701965332,
      33.63957977294922,
      47.717716217041016,
      46.823062896728516,
      87.64935302734375,
      76.16043090820312,
      68.59750366210938,
      72.66380310058594,
      74.02345275878906,
      72.5198974609375,
      37.025306701660156,
      43.13123321533203,
      6.056520462036133,
      6.892050743103027,
      2.224137306213379,
      1.9307914972305298
    ],
    [
      34.53227233886719,
      28.248756408691406,
      39.57727813720703,
      39.19365310668945,
      51.88665008544922,
      51.91736602783203,
      76.16043090820312,
      84.0522689819336,
      71.72235107421875,
      75.88037109375,
      81.04031372070312,
      79.4906234741211,
      40.29865264892578,
      47.57334518432617,
      6.1518049240112305,
      7.0409836769104,
      2.260309934616089,
      1.98443603515625
    ],
    [
      37.6979866027832,
      32.740638732910156,
      47.233551025390625,
      46.21126174926758,
      57.04412078857422,
      56.266746520996094,
      68.59750366210938,
      71.72235107421875,
      92.92324829101562,
      88.6728515625,
      89.71231842041016,
      88.2768325805664,
      45.048561096191406,
      54.04969024658203,
      6.565186500549316,
      7.622854709625244,
      2.299633026123047,
      2.0526373386383057
    ],
    [
      40.44023513793945,
      34.91146469116211,
      48.25875473022461,
      48.161582946777344,
      59.81957244873047,
      58.40556716918945,
      72.66380310058594,
      75.88037109375,
      88.6728515625,
      96.94671630859375,
      92.8282241821289,
      91.61320495605469,
      47.12245559692383,
      56.43275833129883,
      6.905323505401611,
      8.008216857910156,
      2.4059367179870605,
      2.1437015533447266
    ],
    [
      50.7208251953125,
      45.00265884399414,
      56.027191162109375,
      54.838348388671875,
      67.50868225097656,
      67.3961410522461,
      74.02345275878906,
      81.04031372070312,
      89.71231842041016,
      92.8282241821289,
      117.5566635131836,
      112.87572479248047,
      55.908531188964844,
      66.91447448730469,
      8.484319686889648,
      9.844980239868164,
      3.262890338897705,
      2.9419057369232178
    ],
    [
      48.35496139526367,
      42.229957580566406,
      53.07118606567383,
      52.479190826416016,
      67.40804290771484,
      68.91471099853516,
      72.5198974609375,
      79.4906234741211,
      88.2768325805664,
      91.61320495605469,
      112.87572479248047,
      114.28995513916016,
      54.61928939819336,
      65.87198638916016,
      8.194096565246582,
      9.47189712524414,
      3.1864216327667236,
      2.8861286640167236
    ],
    [
      27.382905960083008,
      24.796173095703125,
      30.577482223510742,
      30.70038414001465,
      32.239341735839844,
      32.789817810058594,
      37.025306701660156,
      40.29865264892578,
      45.048561096191406,
      47.12245559692383,
      55.908531188964844,
      54.61928939819336,
      37.23721694946289,
      42.10962677001953,
      6.129096508026123,
      7.225657939910889,
      1.9487662315368652,
      1.729215383529663
    ],
    [
      32.408756256103516,
      29.10491943359375,
      36.081478118896484,
      36.333839416503906,
      39.35222244262695,
      39.83052444458008,
      43.13123321533203,
      47.57334518432617,
      54.04969024658203,
      56.43275833129883,
      66.91447448730469,
      65.87198638916016,
      42.10962677001953,
      49.93357849121094,
      6.771737098693848,
      7.970877170562744,
      2.211087703704834,
      1.974927544593811
    ],
    [
      4.229834079742432,
      4.055917263031006,
      4.359982967376709,
      3.9950761795043945,
      4.576188564300537,
      4.665350914001465,
      6.056520462036133,
      6.1518049240112305,
      6.565186500549316,
      6.905323505401611,
      8.484319686889648,
      8.194096565246582,
      6.129096508026123,
      6.771737098693848,
      1.838564395904541,
      2.0938684940338135,
      0.4832557737827301,
      0.4146333932876587
    ],
    [
      5.024587154388428,
      4.814204216003418,
      5.172557830810547,
      4.689606666564941,
      5.262551784515381,
      5.416558742523193,
      6.892050743103027,
      7.0409836769104,
      7.622854709625244,
      8.008216857910156,
      9.844980239868164,
      9.47189712524414,
      7.225657939910889,
      7.970877170562744,
      2.0938684940338135,
      2.5166797637939453,
      0.5537335872650146,
      0.47638094425201416
    ],
    [
      1.4439539909362793,
      1.5284498929977417,
      1.493768334388733,
      1.4313743114471436,
      1.7184319496154785,
      1.7340106964111328,
      2.224137306213379,
      2.260309934616089,
      2.299633026123047,
      2.4059367179870605,
      3.262890338897705,
      3.1864216327667236,
      1.9487662315368652,
      2.211087703704834,
      0.4832557737827301,
      0.5537335872650146,
      0.21106533706188202,
      0.17511864006519318
    ],
    [
      1.2767282724380493,
      1.3816977739334106,
      1.3242584466934204,
      1.2711907625198364,
      1.537251591682434,
      1.5570240020751953,
      1.9307914972305298,
      1.98443603515625,
      2.0526373386383057,
      2.1437015533447266,
      2.9419057369232178,
      2.8861286640167236,
      1.729215383529663,
      1.974927544593811,
      0.4146333932876587,
      0.47638094425201416,
      0.17511864006519318,
      0.1708332747220993
    ]
  ],
  "drr": 9.694724082946777,
  "dynamics": 5.5187506675720215,
  "format": 1245190,
  "frames": 6750208,
  "loudness": -20.385154724121094,
  "loudness_range": 16.93186378479004,
  "loudness_range_short": 20.12118148803711,
  "peak": -1.0535914897918701,
  "rms": -20.49565887451172,
  "sample_rate": 44100,
  "sections": 1,
  "seekable": 1,
  "sharpness": 4.323930263519287,
  "space": -5.669279098510742
}