{
  "bands": [
    {
      "high_freq": 148.1999969482422,
      "loudness": -23.151439666748047,
      "loudness_range": 8.763336181640625,
      "mid_mean": -22.86747932434082,
      "mid_to_side_loudness": 0.6422903537750244,
      "mid_to_side_loudness_range": 3.7782390117645264,
      "side_mean": -22.202226638793945
    },
    {
      "high_freq": 392.3793640136719,
      "loudness": -27.21474838256836,
      "loudness_range": 11.115114212036133,
      "low_freq": 148.1999969482422,
      "mid_mean": -26.08662223815918,
      "mid_to_side_loudness": -1.0148640871047974,
      "mid_to_side_loudness_range": 3.4268958568573,
      "side_mean": -27.10014533996582
    },
    {
      "high_freq": 794.6976318359375,
      "loudness": -28.30230712890625,
      "loudness_range": 17.78660774230957,
      "low_freq": 392.3793640136719,
      "mid_mean": -27.7025203704834,
      "mid_to_side_loudness": -0.04389335215091705,
      "mid_to_side_loudness_range": 3.547679901123047,
      "side_mean": -27.719186782836914
    },
    {
      "high_freq": 1457.5709228515625,
      "loudness": -29.24152183532715,
      "loudness_range": 23.918676376342773,
      "low_freq": 794.6976318359375,
      "mid_mean": -28.406286239624023,
      "mid_to_side_loudness": -0.5354609489440918,
      "mid_to_side_loudness_range": 1.697808861732483,
      "side_mean": -28.94708251953125
    },
    {
      "high_freq": 2549.74365234375,
      "loudness": -28.850770950317383,
      "loudness_range": 25.175508499145508,
      "low_freq": 1457.5709228515625,
      "mid_mean": -27.98905372619629,
      "mid_to_side_loudness": -0.6876612901687622,
      "mid_to_side_loudness_range": 0.9843845367431641,
      "side_mean": -28.68356704711914
    },
    {
      "high_freq": 4349.24462890625,
      "loudness": -30.277626037597656,
      "loudness_range": 21.063480377197266,
      "low_freq": 2549.74365234375,
      "mid_mean": -29.40703582763672,
      "mid_to_side_loudness": -0.5040279626846313,
      "mid_to_side_loudness_range": 0.9960111379623413,
      "side_mean": -29.90445327758789
    },
    {
      "high_freq": 7314.1640625,
      "loudness": -29.93291664123535,
      "loudness_range": 15.655628204345703,
      "low_freq": 4349.24462890625,
      "mid_mean": -28.95514488220215,
      "mid_to_side_loudness": -0.6106321215629578,
      "mid_to_side_loudness_range": 0.6560837030410767,
      "side_mean": -29.56332778930664
    },
    {
      "high_freq": 12199.2666015625,
      "loudness": -33.66054916381836,
      "loudness_range": 8.489875793457031,
      "low_freq": 7314.1640625,
      "mid_mean": -32.823326110839844,
      "mid_to_side_loudness": -0.29779812693595886,
      "mid_to_side_loudness_range": 0.47491389513015747,
      "side_mean": -33.11896896362305
    },
    {
      "loudness": -42.432395935058594,
      "loudness_range": 5.9433135986328125,
      "low_freq": 12199.2666015625,
      "mid_mean": -41.65990447998047,
      "mid_to_side_loudness": -0.16654519736766815,
      "mid_to_side_loudness_range": 0.664884090423584,
      "side_mean": -41.81780242919922
    }
  ],
  "bands_short": [
    {
      "high_freq": 148.1999969482422,
      "loudness": -26.1810302734375,
      "loudness_range": 17.228153228759766,
      "mid_mean": -26.197338104248047,
      "mid_to_side_loudness": 0.8309244513511658,
      "mid_to_side_loudness_range": 8.757464408874512,
      "side_mean": -25.33022689819336
    },
    {
      "high_freq": 392.3793640136719,
      "loudness": -26.230140686035156,
      "loudness_range": 12.651355743408203,
      "low_freq": 148.1999969482422,
      "mid_mean": -25.446868896484375,
      "mid_to_side_loudness": -0.6294203996658325,
      "mid_to_side_loudness_range": 7.614197254180908,
      "side_mean": -26.074052810668945
    },
    {
      "high_freq": 794.6976318359375,
      "loudness": -28.993316650390625,
      "loudness_range": 20.51627540588379,
      "low_freq": 392.3793640136719,
      "mid_mean": -28.465089797973633,
      "mid_to_side_loudness": -0.09525837749242783,
      "mid_to_side_loudness_range": 6.267996788024902,
      "side_mean": -28.509241104125977
    },
    {
      "high_freq": 1457.5709228515625,
      "loudness": -30.860004425048828,
      "loudness_range": 26.990684509277344,
      "low_freq": 794.6976318359375,
      "mid_mean": -30.064130783081055,
      "mid_to_side_loudness": -0.5339695811271667,
      "mid_to_side_loudness_range": 3.3591747283935547,
      "side_mean": -30.58496856689453
    },
    {
      "high_freq": 2549.74365234375,
      "loudness": -30.79237937927246,
      "loudness_range": 28.555198669433594,
      "low_freq": 1457.5709228515625,
      "mid_mean": -29.898027420043945,
      "mid_to_side_loudness": -0.7142252922058105,
      "mid_to_side_loudness_range": 2.2749667167663574,
      "side_mean": -30.60912322998047
    },
    {
      "high_freq": 4349.24462890625,
      "loudness": -31.230106353759766,
      "loudness_range": 23.143014907836914,
      "low_freq": 2549.74365234375,
      "mid_mean": -30.351158142089844,
      "mid_to_side_loudness": -0.4851160943508148,
      "mid_to_side_loudness_range": 2.223865509033203,
      "side_mean": -30.840198516845703
    },
    {
      "high_freq": 7314.1640625,
      "loudness": -31.39881706237793,
      "loudness_range": 20.40430450439453,
      "low_freq": 4349.24462890625,
      "mid_mean": -30.445173263549805,
      "mid_to_side_loudness": -0.6073529720306396,
      "mid_to_side_loudness_range": 1.6426610946655273,
      "side_mean": -31.061683654785156
    },
    {
      "high_freq": 12199.2666015625,
      "loudness": -35.96023941040039,
      "loudness_range": 17.874120712280273,
      "low_freq": 7314.1640625,
      "mid_mean": -35.120948791503906,
      "mid_to_side_loudness": -0.3128930628299713,
      "mid_to_side_loudness_range": 1.280984878540039,
      "side_mean": -35.434879302978516
    },
    {
      "loudness": -43.78548812866211,
      "loudness_range": 11.949176788330078,
      "low_freq": 12199.2666015625,
      "mid_mean": -42.99453353881836,
      "mid_to_side_loudness": -0.2014320343732834,
      "mid_to_side_loudness_range": 1.4238545894622803,
      "side_mean": -43.191993713378906
    }
  ],
  "channels": 2,
  "covariance": [
    [
      13.331417083740234,
      12.306865692138672,
      1.4554461240768433,
      1.4565335512161255,
      2.9154856204986572,
      2.3699240684509277,
      1.2078791856765747,
      1.1506962776184082,
      0.6600033044815063,
      0.6142370700836182,
      1.480036973953247,
      1.5186923742294312,
      1.8347824811935425,
      1.8063863515853882,
      2.996844530105591,
      3.037806272506714,
      1.9725749492645264,
      2.03230881690979
    ],
    [
      12.306865692138672,
      13.31088638305664,
      1.5823334455490112,
      1.712534785270691,
      3.2788147926330566,
      2.7140276432037354,
      1.3852550983428955,
      1.3610975742340088,
      0.14924213290214539,
      0.16939201951026917,
      0.5695058703422546,
      0.6311328411102295,
      0.9578645825386047,
      0.93221515417099,
      2.1839287281036377,
      2.2269785404205322,
      1.329016089439392,
      1.3787736892700195
    ],
    [
      1.4554461240768433,
      1.5823334455490112,
      17.857200622558594,
      17.3208065032959,
      13.543149948120117,
      13.455431938171387,
      12.905129432678223,
      12.695147514343262,
      13.536266326904297,
      13.867131233215332,
      13.72835636138916,
      13.769229888916016,
      6.6113457679748535,
      6.642996788024902,
      3.7567803859710693,
      3.7029404640197754,
      2.3126611709594727,
      2.290024757385254
    ],
    [
      1.4565335512161255,
      1.712534785270691,
      17.3208065032959,
      18.23039436340332,
      14.362602233886719,
      14.178390502929688,
      13.30770206451416,
      13.076008796691895,
      13.92597770690918,
      14.292362213134766,
      14.058367729187012,
      14.101319313049316,
      5.89705228805542,
      5.9364142417907715,
      2.9547119140625,
      2.904195785522461,
      1.8243896961212158,
      1.815377116203308
    ],
    [
      2.9154856204986572,
      3.2788147926330566,
      13.543149948120117,
      14.362602233886719,
      39.69949722290039,
      37.720680236816406,
      33.76677322387695,
      34.203311920166016,
      34.43747329711914,
      34.65333938598633,
      28.60763931274414,
      28.541229248046875,
      13.344781875610352,
      13.388910293579102,
      7.181018352508545,
      7.002364158630371,
      3.760207176208496,
      3.609380006790161
    ],
    [
      2.3699240684509277,
      2.7140276432037354,
      13.455431938171387,
      14.178390502929688,
      37.720680236816406,
      38.52034378051758,
      34.77811050415039,
      35.16070556640625,
      34.70273208618164,
      34.949790954589844,
      28.23422622680664,
      28.18714714050293,
      12.87143325805664,
      12.92446231842041,
      6.781615734100342,
      6.596491813659668,
      3.5185909271240234,
      3.3612654209136963
    ],
    [
      1.2078791856765747,
      1.3852550983428955,
      12.905129432678223,
      13.30770206451416,
      33.76677322387695,
      34.77811050415039,
      64.8969497680664,
      65.42929077148438,
      61.66746520996094,
      62.19099044799805,
      48.63581848144531,
      48.5428352355957,
      25.000324249267578,
      25.2258243560791,
      11.11614990234375,
      10.79335880279541,
      5.494811534881592,
      5.166216850280762
    ],
    [
      1.1506962776184082,
      1.3610975742340088,
      12.695147514343262,
      13.076008796691895,
      34.203311920166016,
      35.16070556640625,
      65.42929077148438,
      67.11323547363281,
      62.57440948486328,
      63.06643295288086,
      49.39857482910156,
      49.19758224487305,
      25.576013565063477,
      25.810487747192383,
      11.494599342346191,
      11.173114776611328,
      5.691969871520996,
      5.372717380523682
    ],
    [
      0.6600033044815063,
      0.14924213290214539,
      13.536266326904297,
      13.92597770690918,
      34.43747329711914,
      34.70273208618164,
      61.66746520996094,
      62.57440948486328,
      79.71804809570312,
      79.41549682617188,
      62.474998474121094,
      62.2556266784668,
      34.182098388671875,
      34.50287628173828,
      14.757161140441895,
      14.333460807800293,
      7.561943054199219,
      7.170320987701416
    ],
    [
      0.6142370700836182,
      0.16939201951026917,
      13.867131233215332,
      14.292362213134766,
      34.65333938598633,
      34.949790954589844,
      62.19099044799805,
      63.06643295288086,
      79.41549682617188,
      80.38294982910156,
      62.642616271972656,
      62.40632629394531,
      34.21445083618164,
      34.53371810913086,
      14.76192569732666,
      14.331544876098633,
      7.594947814941406,
      7.195872783660889
    ],
    [
      1.480036973953247,
      0.5695058703422546,
      13.72835636138916,
      14.058367729187012,
      28.60763931274414,
      28.23422622680664,
      48.63581848144531,
      49.39857482910156,
      62.474998474121094,
      62.642616271972656,
      67.81220245361328,
      67.2327880859375,
      37.56609344482422,
      37.8947639465332,
      17.90044403076172,
      17.491331100463867,
      9.58964729309082,
      9.286088943481445
    ],
    [
      1.5186923742294312,
      0.6311328411102295,
      13.769229888916016,
      14.101319313049316,
      28.541229248046875,
      28.18714714050293,
      48.5428352355957,
      49.19758224487305,
      62.2556266784668,
      62.40632629394531,
      67.2327880859375,
      67.2060775756836,
      37.224002838134766,
      37.54792785644531,
      17.783519744873047,
      17.375728607177734,
      9.512985229492188,
      9.211427688598633
    ],
    [
      1.8347824811935425,
      0.9578645825386047,
      6.6113457679748535,
      5.89705228805542,
      13.344781875610352,
      12.87143325805664,
      25.000324249267578,
      25.576013565063477,
      34.182098388671875,
      34.21445083618164,
      37.56609344482422,
      37.224002838134766,
      28.300798416137695,
      28.46523094177246,
      15.071484565734863,
      14.832013130187988,
      8.625447273254395,
      8.491800308227539
    ],
    [
      1.8063863515853882,
      0.93221515417099,
      6.642996788024902,
      5.9364142417907715,
      13.388910293579102,
      12.92446231842041,
      25.2258243560791,
      25.810487747192383,
      34.50287628173828,
      34.53371810913086,
      37.8947639465332,
      37.54792785644531,
      28.46523094177246,
      28.68269157409668,
      15.117049217224121,
      14.877357482910156,
      8.646378517150879,
      8.515111923217773
    ],
    [
      2.996844530105591,
      2.1839287281036377,
      3.7567803859710693,
      2.9547119140625,
      7.181018352508545,
      6.781615734100342,
      11.11614990234375,
      11.494599342346191,
      14.757161140441895,
      14.76192569732666,
      17.90044403076172,
      17.783519744873047,
      15.071484565734863,
      15.117049217224121,
      12.837177276611328,
      12.717612266540527,
      7.150902271270752,
      7.0974345207214355
    ],
    [
      3.037806272506714,
      2.2269785404205322,
      3.7029404640197754,
      2.904195785522461,
      7.002364158630371,
      6.596491813659668,
      10.79335880279541,
      11.173114776611328,
      14.333460807800293,
      14.331544876098633,
      17.491331100463867,
      17.375728607177734,
      14.832013130187988,
      14.877357482910156,
      12.717612266540527,
      12.625999450683594,
      7.092587947845459,
      7.0544819831848145
    ],
    [
      1.9725749492645264,
      1.329016089439392,
      2.3126611709594727,
      1.8243896961212158,
      3.760207176208496,
      3.5185909271240234,
      5.494811534881592,
      5.691969871520996,
      7.561943054199219,
      7.594947814941406,
      9.58964729309082,
      9.512985229492188,
      8.625447273254395,
      8.646378517150879,
      7.150902271270752,
      7.092587947845459,
      5.456891059875488,
      5.297248840332031
    ],
    [
      2.03230881690979,
      1.3787736892700195,
      2.290024757385254,
      1.815377116203308,
      3.609380006790161,
      3.3612654209136963,
      5.166216850280762,
      5.372717380523682,
      7.170320987701416,
      7.195872783660889,
      9.286088943481445,
      9.211427688598633,
      8.491800308227539,
      8.515111923217773,
      7.0974345207214355,
      7.0544819831848145,
      5.297248840332031,
      5.308917045593262
    ]
  ],
  "covariance_short": [
    [
      40.28020095825195,
      35.26377487182617,
      10.01974868774414,
      9.21799373626709,
      3.864654779434204,
      3.508121967315674,
      2.824303150177002,
      2.8618645668029785,
      2.8532755374908447,
      2.924689292907715,
      2.8958184719085693,
      3.005674123764038,
      2.652935266494751,
      2.6932051181793213,
      3.3334169387817383,
      3.4107863903045654,
      2.2855029106140137,
      2.370499610900879
    ],
    [
      35.26377487182617,
      40.85886764526367,
      8.562470436096191,
      10.29292106628418,
      3.8175601959228516,
      3.4143245220184326,
      2.7358267307281494,
      2.786083936691284,
      2.0900189876556396,
      2.140605926513672,
      1.5675442218780518,
      1.6946792602539062,
      0.7719364166259766,
      0.7817952036857605,
      1.1827006340026855,
      1.2389966249465942,
      0.9925885796546936,
      1.0452910661697388
    ],
    [
      10.01974868774414,
      8.562470436096191,
      24.621427536010742,
      20.45659828186035,
      13.168798446655273,
      13.191777229309082,
      11.174432754516602,
      10.962067604064941,
      10.9457426071167,
      11.035831451416016,
      8.748326301574707,
      8.859068870544434,
      6.57553768157959,
      6.62723445892334,
      6.106903553009033,
      6.156583786010742,
      3.878582000732422,
      3.9173583984375
    ],
    [
      9.21799373626709,
      10.29292106628418,
      20.45659828186035,
      24.53606414794922,
      13.612846374511719,
      13.499271392822266,
      10.183189392089844,
      10.071894645690918,
      9.827138900756836,
      9.933755874633789,
      7.59104061126709,
      7.710816383361816,
      4.760531902313232,
      4.799999237060547,
      4.1669182777404785,
      4.22128963470459,
      2.7348790168762207,
      2.7598185539245605
    ],
    [
      3.864654779434204,
      3.8175601959228516,
      13.168798446655273,
      13.612846374511719,
      51.78091049194336,
      48.377471923828125,
      43.444759368896484,
      43.604888916015625,
      47.427650451660156,
      47.66202163696289,
      35.44143295288086,
      35.53512954711914,
      19.43308448791504,
      19.656570434570312,
      11.237655639648438,
      11.045795440673828,
      4.604579448699951,
      4.484664440155029
    ],
    [
      3.508121967315674,
      3.4143245220184326,
      13.191777229309082,
      13.499271392822266,
      48.377471923828125,
      51.63065719604492,
      45.817588806152344,
      45.896766662597656,
      48.965553283691406,
      49.190025329589844,
      36.17327117919922,
      36.27911376953125,
      19.541597366333008,
      19.752347946166992,
      11.108409881591797,
      10.904472351074219,
      4.323246002197266,
      4.191285610198975
    ],
    [
      2.824303150177002,
      2.7358267307281494,
      11.174432754516602,
      10.183189392089844,
      43.444759368896484,
      45.817588806152344,
      83.89778137207031,
      82.78112030029297,
      79.26374053955078,
      79.40901184082031,
      59.09016418457031,
      58.885231018066406,
      34.9129638671875,
      35.38368225097656,
      18.414766311645508,
      18.0299072265625,
      6.473119258880615,
      6.192724227905273
    ],
    [
      2.8618645668029785,
      2.786083936691284,
      10.962067604064941,
      10.071894645690918,
      43.604888916015625,
      45.896766662597656,
      82.78112030029297,
      85.87850952148438,
      79.85977935791016,
      79.9625015258789,
      59.670570373535156,
      59.44620132446289,
      35.270042419433594,
      35.75822830200195,
      18.61808204650879,
      18.238157272338867,
      6.556310653686523,
      6.271847248077393
    ],
    [
      2.8532755374908447,
      2.0900189876556396,
      10.9457426071167,
      9.827138900756836,
      47.427650451660156,
      48.965553283691406,
      79.26374053955078,
      79.85977935791016,
      103.89521789550781,
      102.90360260009766,
      78.82512664794922,
      78.55978393554688,
      48.632041931152344,
      49.072792053222656,
      25.489065170288086,
      24.970577239990234,
      9.475364685058594,
      9.168277740478516
    ],
    [
      2.924689292907715,
      2.140605926513672,
      11.035831451416016,
      9.933755874633789,
      47.66202163696289,
      49.190025329589844,
      79.40901184082031,
      79.9625015258789,
      102.90360260009766,
      104.78996276855469,
      79.17536163330078,
      78.89704132080078,
      48.61721420288086,
      49.033363342285156,
      25.541065216064453,
      25.022293090820312,
      9.535223007202148,
      9.226435661315918
    ],
    [
      2.8958184719085693,
      1.5675442218780518,
      8.748326301574707,
      7.59104061126709,
      35.44143295288086,
      36.17327117919922,
      59.09016418457031,
      59.670570373535156,
      78.82512664794922,
      79.17536163330078,
      79.0810775756836,
      78.26499938964844,
      50.945030212402344,
      51.27568054199219,
      29.999238967895508,
      29.541309356689453,
      11.967523574829102,
      11.796627044677734
    ],
    [
      3.005674123764038,
      1.6946792602539062,
      8.859068870544434,
      7.710816383361816,
      35.53512954711914,
      36.27911376953125,
      58.885231018066406,
      59.44620132446289,
      78.55978393554688,
      78.89704132080078,
      78.26499938964844,
      78.6417465209961,
      50.74627685546875,
      51.069129943847656,
      29.827463150024414,
      29.37582778930664,
      11.845158576965332,
      11.67919921875
    ],
    [
      2.652935266494751,
      0.7719364166259766,
      6.57553768157959,
      4.760531902313232,
      19.43308448791504,
      19.541597366333008,
      34.9129638671875,
      35.270042419433594,
      48.632041931152344,
      48.61721420288086,
      50.945030212402344,
      50.74627685546875,
      49.785804748535156,
      49.6497688293457,
      35.54616165161133,
      35.27137756347656,
      16.911502838134766,
      16.976638793945312
    ],
    [
      2.6932051181793213,
      0.7817952036857605,
      6.62723445892334,
      4.799999237060547,
      19.656570434570312,
      19.752347946166992,
      35.38368225097656,
      35.75822830200195,
      49.072792053222656,
      49.033363342285156,
      51.27568054199219,
      51.069129943847656,
      49.6497688293457,
      50.23188781738281,
      35.667449951171875,
      35.39064407348633,
      16.945100784301758,
      17.015493392944336
    ],
    [
      3.3334169387817383,
      1.1827006340026855,
      6.106903553009033,
      4.1669182777404785,
      11.237655639648438,
      11.108409881591797,
      18.414766311645508,
      18.61808204650879,
      25.489065170288086,
      25.541065216064453,
      29.999238967895508,
      29.827463150024414,
      35.54616165161133,
      35.667449951171875,
      37.883567810058594,
      37.671504974365234,
      20.579124450683594,
      20.77255630493164
    ],
    [
      3.4107863903045654,
      1.2389966249465942,
      6.156583786010742,
      4.22128963470459,
      11.045795440673828,
      10.904472351074219,
      18.0299072265625,
      18.238157272338867,
      24.970577239990234,
      25.022293090820312,
      29.541309356689453,
      29.37582778930664,
      35.27137756347656,
      35.39064407348633,
      37.671504974365234,
      37.807804107666016,
      20.60966682434082,
      20.83041000366211
    ],
    [
      2.2855029106140137,
      0.9925885796546936,
      3.878582000732422,
      2.7348790168762207,
      4.604579448699951,
      4.323246002197266,
      6.473119258880615,
      6.556310653686523,
      9.475364685058594,
      9.535223007202148,
      11.967523574829102,
      11.845158576965332,
      16.911502838134766,
      16.945100784301758,
      20.579124450683594,
      20.60966682434082,
      15.351551055908203,
      15.367785453796387
    ],
    [
      2.370499610900879,
      1.0452910661697388,
      3.9173583984375,
      2.7598185539245605,
      4.484664440155029,
      4.191285610198975,
      6.192724227905273,
      6.271847248077393,
      9.168277740478516,
      9.226435661315918,
      11.796627044677734,
      11.67919921875,
      16.976638793945312,
      17.015493392944336,
      20.77255630493164,
      20.83041000366211,
      15.367785453796387,
      15.63801097869873
    ]
  ],
  "drr": 14.417420387268066,
  "dynamics": 3.1259748935699463,
  "format": 1245190,
  "frames": 15433728,
  "loudness": -13.835578918457031,
  "loudness_range": 7.9043684005737305,
  "loudness_range_short": 10.916269302368164,
  "peak": 0.31722399592399597,
  "rms": -16.133115768432617,
  "sample_rate": 44100,
  "sections": 1,
  "seekable": 1,
  "sharpness": 2.8276479244232178,
  "space": -0.1339648813009262
}