{
  "bands": [
    {
      "high_freq": 148.1999969482422,
      "loudness": -23.1597900390625,
      "loudness_range": 17.07804298400879,
      "mid_mean": -19.877580642700195,
      "mid_to_side_loudness": -12.904662132263184,
      "mid_to_side_loudness_range": 15.653873443603516,
      "side_mean": -33.22624969482422
    },
    {
      "high_freq": 392.3793640136719,
      "loudness": -19.988574981689453,
      "loudness_range": 11.50576400756836,
      "low_freq": 148.1999969482422,
      "mid_mean": -17.609182357788086,
      "mid_to_side_loudness": -5.0660223960876465,
      "mid_to_side_loudness_range": 7.302757740020752,
      "side_mean": -22.758386611938477
    },
    {
      "high_freq": 794.6976318359375,
      "loudness": -21.494041442871094,
      "loudness_range": 12.849798202514648,
      "low_freq": 392.3793640136719,
      "mid_mean": -19.327463150024414,
      "mid_to_side_loudness": -4.877840518951416,
      "mid_to_side_loudness_range": 11.958734512329102,
      "side_mean": -24.37356948852539
    },
    {
      "high_freq": 1457.5709228515625,
      "loudness": -21.736492156982422,
      "loudness_range": 19.20124053955078,
      "low_freq": 794.6976318359375,
      "mid_mean": -19.057716369628906,
      "mid_to_side_loudness": -8.390960693359375,
      "mid_to_side_loudness_range": 17.225656509399414,
      "side_mean": -27.85172462463379
    },
    {
      "high_freq": 2549.74365234375,
      "loudness": -20.51695442199707,
      "loudness_range": 21.098045349121094,
      "low_freq": 1457.5709228515625,
      "mid_mean": -17.57516098022461,
      "mid_to_side_loudness": -9.01879596710205,
      "mid_to_side_loudness_range": 15.630352020263672,
      "side_mean": -27.589569091796875
    },
    {
      "high_freq": 4349.24462890625,
      "loudness": -23.51627540588379,
      "loudness_range": 19.6207275390625,
      "low_freq": 2549.74365234375,
      "mid_mean": -20.505298614501953,
      "mid_to_side_loudness": -9.18394660949707,
      "mid_to_side_loudness_range": 17.504776000976562,
      "side_mean": -31.015836715698242
    },
    {
      "high_freq": 7314.1640625,
      "loudness": -30.669780731201172,
      "loudness_range": 19.308740615844727,
      "low_freq": 4349.24462890625,
      "mid_mean": -27.730384826660156,
      "mid_to_side_loudness": -9.427956581115723,
      "mid_to_side_loudness_range": 14.357316970825195,
      "side_mean": -38.130489349365234
    },
    {
      "high_freq": 12199.2666015625,
      "loudness": -33.15103530883789,
      "loudness_range": 15.383430480957031,
      "low_freq": 7314.1640625,
      "mid_mean": -30.08237075805664,
      "mid_to_side_loudness": -10.5779447555542,
      "mid_to_side_loudness_range": 18.750202178955078,
      "side_mean": -42.395572662353516
    },
    {
      "loudness": -39.44026565551758,
      "loudness_range": 19.772098541259766,
      "low_freq": 12199.2666015625,
      "mid_mean": -36.525699615478516,
      "mid_to_side_loudness": -8.212906837463379,
      "mid_to_side_loudness_range": 11.752833366394043,
      "side_mean": -46.20473098754883
    }
  ],
  "bands_short": [
    {
      "high_freq": 148.1999969482422,
      "loudness": -27.8443660736084,
      "loudness_range": 20.665546417236328,
      "mid_mean": -24.52852439880371,
      "mid_to_side_loudness": -14.527400016784668,
      "mid_to_side_loudness_range": 18.009326934814453,
      "side_mean": -39.36968994140625
    },
    {
      "high_freq": 392.3793640136719,
      "loudness": -19.38229751586914,
      "loudness_range": 13.330354690551758,
      "low_freq": 148.1999969482422,
      "mid_mean": -16.891477584838867,
      "mid_to_side_loudness": -6.022050380706787,
      "mid_to_side_loudness_range": 10.004722595214844,
      "side_mean": -23.005041122436523
    },
    {
      "high_freq": 794.6976318359375,
      "loudness": -22.076662063598633,
      "loudness_range": 13.740523338317871,
      "low_freq": 392.3793640136719,
      "mid_mean": -20.148324966430664,
      "mid_to_side_loudness": -4.228956699371338,
      "mid_to_side_loudness_range": 13.1203031539917,
      "side_mean": -24.56296730041504
    },
    {
      "high_freq": 1457.5709228515625,
      "loudness": -22.149581909179688,
      "loudness_range": 20.314285278320312,
      "low_freq": 794.6976318359375,
      "mid_mean": -19.642423629760742,
      "mid_to_side_loudness": -7.928168296813965,
      "mid_to_side_loudness_range": 18.492969512939453,
      "side_mean": -27.892032623291016
    },
    {
      "high_freq": 2549.74365234375,
      "loudness": -21.25305938720703,
      "loudness_range": 22.307411193847656,
      "low_freq": 1457.5709228515625,
      "mid_mean": -18.474956512451172,
      "mid_to_side_loudness": -8.41645336151123,
      "mid_to_side_loudness_range": 16.699201583862305,
      "side_mean": -27.838912963867188
    },
    {
      "high_freq": 4349.24462890625,
      "loudness": -24.19161033630371,
      "loudness_range": 21.191871643066406,
      "low_freq": 2549.74365234375,
      "mid_mean": -21.278596878051758,
      "mid_to_side_loudness": -8.515056610107422,
      "mid_to_side_loudness_range": 17.841062545776367,
      "side_mean": -31.279396057128906
    },
    {
      "high_freq": 7314.1640625,
      "loudness": -31.256711959838867,
      "loudness_range": 22.24779510498047,
      "low_freq": 4349.24462890625,
      "mid_mean": -28.427772521972656,
      "mid_to_side_loudness": -8.973847389221191,
      "mid_to_side_loudness_range": 15.102028846740723,
      "side_mean": -38.6115608215332
    },
    {
      "high_freq": 12199.2666015625,
      "loudness": -34.5815544128418,
      "loudness_range": 18.784669876098633,
      "low_freq": 7314.1640625,
      "mid_mean": -31.800704956054688,
      "mid_to_side_loudness": -10.338362693786621,
      "mid_to_side_loudness_range": 19.770605087280273,
      "side_mean": -44.39746856689453
    },
    {
      "loudness": -42.483428955078125,
      "loudness_range": 24.999608993530273,
      "low_freq": 12199.2666015625,
      "mid_mean": -39.81307601928711,
      "mid_to_side_loudness": -8.679771423339844,
      "mid_to_side_loudness_range": 15.65921401977539,
      "side_mean": -52.3065071105957
    }
  ],
  "channels": 2,
  "covariance": [
    [
      47.56281280517578,
      21.352741241455078,
      23.797765731811523,
      19.50288200378418,
      19.813655853271484,
      19.926557540893555,
      24.63755226135254,
      21.164180755615234,
      28.165996551513672,
      32.25765609741211,
      25.209625244140625,
      40.08384323120117,
      27.181283950805664,
      45.34925842285156,
      14.39613151550293,
      37.54926681518555,
      20.761438369750977,
      41.82978820800781
    ],
    [
      21.352741241455078,
      25.059024810791016,
      15.11850643157959,
      13.499794960021973,
      13.512734413146973,
      13.158001899719238,
      13.31893253326416,
      14.389596939086914,
      14.05848503112793,
      19.910066604614258,
      11.082621574401855,
      21.475261688232422,
      12.268275260925293,
      24.01945686340332,
      6.775124549865723,
      18.3533935546875,
      10.498364448547363,
      20.646465301513672
    ],
    [
      23.797765731811523,
      15.11850643157959,
      23.913785934448242,
      18.515592575073242,
      17.081153869628906,
      16.62752914428711,
      16.306081771850586,
      16.81658363342285,
      18.395082473754883,
      24.328237533569336,
      16.777816772460938,
      27.108882904052734,
      18.536447525024414,
      30.440649032592773,
      10.608642578125,
      24.532848358154297,
      14.122944831848145,
      28.164756774902344
    ],
    [
      19.50288200378418,
      13.499794960021973,
      18.515592575073242,
      20.617692947387695,
      13.940129280090332,
      15.892412185668945,
      14.148843765258789,
      14.651276588439941,
      14.066951751708984,
      21.072162628173828,
      12.305463790893555,
      22.58929443359375,
      13.627942085266113,
      24.627378463745117,
      8.363127708435059,
      19.371063232421875,
      11.587541580200195,
      21.942710876464844
    ],
    [
      19.813655853271484,
      13.512734413146973,
      17.081153869628906,
      13.940129280090332,
      27.832441329956055,
      14.38476848602295,
      21.765525817871094,
      15.582655906677246,
      20.155567169189453,
      21.860443115234375,
      18.761756896972656,
      24.431419372558594,
      18.475862503051758,
      25.001323699951172,
      10.391048431396484,
      20.008867263793945,
      11.844006538391113,
      22.46120262145996
    ],
    [
      19.926557540893555,
      13.158001899719238,
      16.62752914428711,
      15.892412185668945,
      14.38476848602295,
      20.062578201293945,
      13.597789764404297,
      15.528326988220215,
      14.37885856628418,
      22.155851364135742,
      12.377801895141602,
      25.160442352294922,
      15.841902732849121,
      27.805355072021484,
      9.387310028076172,
      22.41971206665039,
      12.63918399810791,
      23.995235443115234
    ],
    [
      24.63755226135254,
      13.31893253326416,
      16.306081771850586,
      14.148843765258789,
      21.765525817871094,
      13.597789764404297,
      54.68486022949219,
      16.805227279663086,
      39.9097900390625,
      25.254730224609375,
      29.56304359436035,
      28.39960479736328,
      24.61962127685547,
      27.552278518676758,
      10.88273811340332,
      22.475563049316406,
      11.000844955444336,
      26.2064208984375
    ],
    [
      21.164180755615234,
      14.389596939086914,
      16.81658363342285,
      14.651276588439941,
      15.582655906677246,
      15.528326988220215,
      16.805227279663086,
      19.56382179260254,
      16.09613037109375,
      24.049121856689453,
      13.400636672973633,
      27.536983489990234,
      17.426788330078125,
      30.332378387451172,
      10.032940864562988,
      23.906660079956055,
      13.707716941833496,
      26.00037956237793
    ],
    [
      28.165996551513672,
      14.05848503112793,
      18.395082473754883,
      14.066951751708984,
      20.155567169189453,
      14.37885856628418,
      39.9097900390625,
      16.09613037109375,
      60.749420166015625,
      29.231807708740234,
      44.01647186279297,
      36.535400390625,
      36.28538131713867,
      38.859642028808594,
      20.64400863647461,
      33.99478530883789,
      20.763362884521484,
      37.185157775878906
    ],
    [
      32.25765609741211,
      19.910066604614258,
      24.328237533569336,
      21.072162628173828,
      21.860443115234375,
      22.155851364135742,
      25.254730224609375,
      24.049121856689453,
      29.231807708740234,
      37.92113494873047,
      24.149919509887695,
      42.43022537231445,
      28.74380111694336,
      46.3101806640625,
      17.937883377075195,
      37.53215408325195,
      22.916461944580078,
      39.94981384277344
    ],
    [
      25.209625244140625,
      11.082621574401855,
      16.777816772460938,
      12.305463790893555,
      18.761756896972656,
      12.377801895141602,
      29.56304359436035,
      13.400636672973633,
      44.01647186279297,
      24.149919509887695,
      54.14103317260742,
      33.96015930175781,
      41.917335510253906,
      42.1723747253418,
      23.789371490478516,
      37.21625518798828,
      22.131999969482422,
      40.19816970825195
    ],
    [
      40.08384323120117,
      21.475261688232422,
      27.108882904052734,
      22.58929443359375,
      24.431419372558594,
      25.160442352294922,
      28.39960479736328,
      27.536983489990234,
      36.535400390625,
      42.43022537231445,
      33.96015930175781,
      59.74432373046875,
      40.01457214355469,
      63.768306732177734,
      25.376089096069336,
      52.97493362426758,
      32.106101989746094,
      55.02215576171875
    ],
    [
      27.181283950805664,
      12.268275260925293,
      18.536447525024414,
      13.627942085266113,
      18.475862503051758,
      15.841902732849121,
      24.61962127685547,
      17.426788330078125,
      36.28538131713867,
      28.74380111694336,
      41.917335510253906,
      40.01457214355469,
      58.17119598388672,
      57.12312316894531,
      34.565391540527344,
      57.14863967895508,
      37.00266647338867,
      59.475799560546875
    ],
    [
      45.34925842285156,
      24.01945686340332,
      30.440649032592773,
      24.627378463745117,
      25.001323699951172,
      27.805355072021484,
      27.552278518676758,
      30.332378387451172,
      38.859642028808594,
      46.3101806640625,
      42.1723747253418,
      63.768306732177734,
      57.12312316894531,
      92.0110855102539,
      36.20843505859375,
      78.0047607421875,
      47.15778350830078,
      80.66520690917969
    ],
    [
      14.39613151550293,
      6.775124549865723,
      10.608642578125,
      8.363127708435059,
      10.391048431396484,
      9.387310028076172,
      10.88273811340332,
      10.032940864562988,
      20.64400863647461,
      17.937883377075195,
      23.789371490478516,
      25.376089096069336,
      34.565391540527344,
      36.20843505859375,
      37.39883041381836,
      38.32315444946289,
      35.706077575683594,
      37.88389205932617
    ],
    [
      37.54926681518555,
      18.3533935546875,
      24.532848358154297,
      19.371063232421875,
      20.008867263793945,
      22.41971206665039,
      22.475563049316406,
      23.906660079956055,
      33.99478530883789,
      37.53215408325195,
      37.21625518798828,
      52.97493362426758,
      57.14863967895508,
      78.0047607421875,
      38.32315444946289,
      85.57868957519531,
      51.14857864379883,
      88.1043930053711
    ],
    [
      20.761438369750977,
      10.498364448547363,
      14.122944831848145,
      11.587541580200195,
      11.844006538391113,
      12.63918399810791,
      11.000844955444336,
      13.707716941833496,
      20.763362884521484,
      22.916461944580078,
      22.131999969482422,
      32.106101989746094,
      37.00266647338867,
      47.15778350830078,
      35.706077575683594,
      51.14857864379883,
      49.849388122558594,
      58.537723541259766
    ],
    [
      41.82978820800781,
      20.646465301513672,
      28.164756774902344,
      21.942710876464844,
      22.46120262145996,
      23.995235443115234,
      26.2064208984375,
      26.00037956237793,
      37.185157775878906,
      39.94981384277344,
      40.19816970825195,
      55.02215576171875,
      59.475799560546875,
      80.66520690917969,
      37.88389205932617,
      88.1043930053711,
      58.537723541259766,
      106.5730972290039
    ]
  ],
  "covariance_short": [
    [
      62.392478942871094,
      30.932907104492188,
      25.4349308013916,
      20.65379524230957,
      18.40226936340332,
      21.07414436340332,
      24.248409271240234,
      21.88346290588379,
      26.955034255981445,
      30.935142517089844,
      23.977279663085938,
      39.17430114746094,
      27.185165405273438,
      43.80292510986328,
      16.137649536132812,
      38.81600570678711,
      18.743051528930664,
      54.26594543457031
    ],
    [
      30.932907104492188,
      42.50614929199219,
      19.96010398864746,
      16.811918258666992,
      15.971421241760254,
      16.05785369873047,
      19.812129974365234,
      16.99260711669922,
      20.75452423095703,
      23.993370056152344,
      17.43100929260254,
      26.7646541595459,
      18.939834594726562,
      29.91382598876953,
      11.032000541687012,
      26.60552215576172,
      12.838906288146973,
      41.15739822387695
    ],
    [
      25.4349308013916,
      19.96010398864746,
      30.748361587524414,
      20.529264450073242,
      18.717893600463867,
      18.88300895690918,
      20.139387130737305,
      19.46075439453125,
      21.581010818481445,
      27.03969383239746,
      18.61454200744629,
      30.416545867919922,
      20.16720962524414,
      33.71102523803711,
      12.657398223876953,
      29.348421096801758,
      14.8537015914917,
      45.73490905761719
    ],
    [
      20.65379524230957,
      16.811918258666992,
      20.529264450073242,
      23.49736785888672,
      14.284940719604492,
      16.651596069335938,
      16.221681594848633,
      15.957769393920898,
      15.431706428527832,
      21.528135299682617,
      12.572548866271973,
      23.327011108398438,
      13.973140716552734,
      25.36305046081543,
      9.382179260253906,
      21.713897705078125,
      11.638542175292969,
      35.779052734375
    ],
    [
      18.40226936340332,
      15.971421241760254,
      18.717893600463867,
      14.284940719604492,
      31.180866241455078,
      15.58828353881836,
      23.757740020751953,
      16.442073822021484,
      21.4659423828125,
      22.41642951965332,
      20.971046447753906,
      25.389923095703125,
      20.481807708740234,
      26.839439392089844,
      13.970160484313965,
      24.143537521362305,
      13.461605072021484,
      37.88962173461914
    ],
    [
      21.07414436340332,
      16.05785369873047,
      18.88300895690918,
      16.651596069335938,
      15.58828353881836,
      23.09508514404297,
      16.43408966064453,
      17.062971115112305,
      16.470947265625,
      23.181373596191406,
      14.176948547363281,
      26.470630645751953,
      16.999313354492188,
      29.306365966796875,
      10.756912231445312,
      25.522146224975586,
      13.044007301330566,
      36.64470291137695
    ],
    [
      24.248409271240234,
      19.812129974365234,
      20.139387130737305,
      16.221681594848633,
      23.757740020751953,
      16.43408966064453,
      63.308555603027344,
      19.65591812133789,
      46.709293365478516,
      28.507036209106445,
      35.608707427978516,
      31.714611053466797,
      29.790918350219727,
      32.04051971435547,
      17.988384246826172,
      29.08770179748535,
      14.910567283630371,
      46.43580627441406
    ],
    [
      21.88346290588379,
      16.99260711669922,
      19.46075439453125,
      15.957769393920898,
      16.442073822021484,
      17.062971115112305,
      19.65591812133789,
      22.52726173400879,
      18.215206146240234,
      24.817062377929688,
      15.054937362670898,
      28.46044158935547,
      18.791967391967773,
      31.025142669677734,
      11.880139350891113,
      26.96091651916504,
      14.048605918884277,
      38.88480758666992
    ],
    [
      26.955034255981445,
      20.75452423095703,
      21.581010818481445,
      15.431706428527832,
      21.4659423828125,
      16.470947265625,
      46.709293365478516,
      18.215206146240234,
      70.00325775146484,
      32.283721923828125,
      49.824466705322266,
      39.646522521972656,
      41.219093322753906,
      43.470096588134766,
      27.645214080810547,
      43.00730514526367,
      24.663705825805664,
      55.87749481201172
    ],
    [
      30.935142517089844,
      23.993370056152344,
      27.03969383239746,
      21.528135299682617,
      22.41642951965332,
      23.181373596191406,
      28.507036209106445,
      24.817062377929688,
      32.283721923828125,
      40.566532135009766,
      26.302175521850586,
      43.57273483276367,
      30.431297302246094,
      47.74147033691406,
      20.15487289428711,
      42.156333923339844,
      22.873517990112305,
      57.568363189697266
    ],
    [
      23.977279663085938,
      17.43100929260254,
      18.61454200744629,
      12.572548866271973,
      20.971046447753906,
      14.176948547363281,
      35.608707427978516,
      15.054937362670898,
      49.824466705322266,
      26.302175521850586,
      63.27922439575195,
      36.70770263671875,
      48.73293685913086,
      46.75899124145508,
      32.38796615600586,
      46.79939270019531,
      27.33048439025879,
      52.034759521484375
    ],
    [
      39.17430114746094,
      26.7646541595459,
      30.416545867919922,
      23.327011108398438,
      25.389923095703125,
      26.470630645751953,
      31.714611053466797,
      28.46044158935547,
      39.646522521972656,
      43.57273483276367,
      36.70770263671875,
      62.6043815612793,
      41.99798583984375,
      65.98788452148438,
      27.987895965576172,
      59.14363479614258,
      31.654441833496094,
      71.9852523803711
    ],
    [
      27.185165405273438,
      18.939834594726562,
      20.16720962524414,
      13.973140716552734,
      20.481807708740234,
      16.999313354492188,
      29.790918350219727,
      18.791967391967773,
      41.219093322753906,
      30.431297302246094,
      48.73293685913086,
      41.99798583984375,
      67.73445892333984,
      61.23542785644531,
      45.75086975097656,
      67.64968872070312,
      45.43751525878906,
      69.22410583496094
    ],
    [
      43.80292510986328,
      29.91382598876953,
      33.71102523803711,
      25.36305046081543,
      26.839439392089844,
      29.306365966796875,
      32.04051971435547,
      31.025142669677734,
      43.470096588134766,
      47.74147033691406,
      46.75899124145508,
      65.98788452148438,
      61.23542785644531,
      96.57335662841797,
      42.44247055053711,
      87.45748138427734,
      49.736141204833984,
      94.19810485839844
    ],
    [
      16.137649536132812,
      11.032000541687012,
      12.657398223876953,
      9.382179260253906,
      13.970160484313965,
      10.756912231445312,
      17.988384246826172,
      11.880139350891113,
      27.645214080810547,
      20.15487289428711,
      32.38796615600586,
      27.987895965576172,
      45.75086975097656,
      42.44247055053711,
      57.6062126159668,
      52.66565704345703,
      52.88642883300781,
      56.94169235229492
    ],
    [
      38.81600570678711,
      26.60552215576172,
      29.348421096801758,
      21.713897705078125,
      24.143537521362305,
      25.522146224975586,
      29.08770179748535,
      26.96091651916504,
      43.00730514526367,
      42.156333923339844,
      46.79939270019531,
      59.14363479614258,
      67.64968872070312,
      87.45748138427734,
      52.66565704345703,
      103.55117797851562,
      63.531982421875,
      106.63724517822266
    ],
    [
      18.743051528930664,
      12.838906288146973,
      14.8537015914917,
      11.638542175292969,
      13.461605072021484,
      13.044007301330566,
      14.910567283630371,
      14.048605918884277,
      24.663705825805664,
      22.873517990112305,
      27.33048439025879,
      31.654441833496094,
      45.43751525878906,
      49.736141204833984,
      52.88642883300781,
      63.531982421875,
      73.44559478759766,
      79.1187515258789
    ],
    [
      54.26594543457031,
      41.15739822387695,
      45.73490905761719,
      35.779052734375,
      37.88962173461914,
      36.64470291137695,
      46.43580627441406,
      38.88480758666992,
      55.87749481201172,
      57.568363189697266,
      52.034759521484375,
      71.9852523803711,
      69.22410583496094,
      94.19810485839844,
      56.94169235229492,
      106.63724517822266,
      79.1187515258789,
      146.6360321044922
    ]
  ],
  "drr": 14.61624813079834,
  "dynamics": 3.768099784851074,
  "format": 1245190,
  "frames": 16803840,
  "loudness": -8.582773208618164,
  "loudness_range": 12.786065101623535,
  "loudness_range_short": 13.812333106994629,
  "peak": -0.010078593157231808,
  "rms": -11.309488296508789,
  "sample_rate": 44100,
  "sections": 1,
  "seekable": 1,
  "sharpness": 1.815956473350525,
  "space": -8.520434379577637
}