{
  "bands": [
    {
      "high_freq": 148.1999969482422,
      "loudness": -28.458309173583984,
      "loudness_range": 13.270065307617188,
      "mid_mean": -24.80669593811035,
      "mid_to_side_loudness": -26.206266403198242,
      "mid_to_side_loudness_range": 15.60645866394043,
      "side_mean": -51.884334564208984
    },
    {
      "high_freq": 392.3793640136719,
      "loudness": -27.259843826293945,
      "loudness_range": 11.296356201171875,
      "low_freq": 148.1999969482422,
      "mid_mean": -23.863933563232422,
      "mid_to_side_loudness": -14.805366516113281,
      "mid_to_side_loudness_range": 17.34939956665039,
      "side_mean": -38.84700393676758
    },
    {
      "high_freq": 794.6976318359375,
      "loudness": -29.8184871673584,
      "loudness_range": 21.854881286621094,
      "low_freq": 392.3793640136719,
      "mid_mean": -27.02796173095703,
      "mid_to_side_loudness": -10.873539924621582,
      "mid_to_side_loudness_range": 23.343841552734375,
      "side_mean": -37.47922134399414
    },
    {
      "high_freq": 1457.5709228515625,
      "loudness": -34.92581558227539,
      "loudness_range": 30.329593658447266,
      "low_freq": 794.6976318359375,
      "mid_mean": -33.17549514770508,
      "mid_to_side_loudness": -7.437323570251465,
      "mid_to_side_loudness_range": 25.52250862121582,
      "side_mean": -39.865386962890625
    },
    {
      "high_freq": 2549.74365234375,
      "loudness": -40.17495346069336,
      "loudness_range": 34.342613220214844,
      "low_freq": 1457.5709228515625,
      "mid_mean": -38.17121887207031,
      "mid_to_side_loudness": -8.26150131225586,
      "mid_to_side_loudness_range": 23.012969970703125,
      "side_mean": -46.54032516479492
    },
    {
      "high_freq": 4349.24462890625,
      "loudness": -44.281768798828125,
      "loudness_range": 32.30084991455078,
      "low_freq": 2549.74365234375,
      "mid_mean": -41.88915252685547,
      "mid_to_side_loudness": -9.29743766784668,
      "mid_to_side_loudness_range": 15.84363842010498,
      "side_mean": -52.622581481933594
    },
    {
      "high_freq": 7314.1640625,
      "loudness": -51.902584075927734,
      "loudness_range": 34.33363723754883,
      "low_freq": 4349.24462890625,
      "mid_mean": -51.45168685913086,
      "mid_to_side_loudness": -8.3394775390625,
      "mid_to_side_loudness_range": 10.252697944641113,
      "side_mean": -58.47018814086914
    },
    {
      "high_freq": 12199.2666015625,
      "loudness": -48.68781661987305,
      "loudness_range": 29.511474609375,
      "low_freq": 7314.1640625,
      "mid_mean": -56.184974670410156,
      "mid_to_side_loudness": -3.699775218963623,
      "mid_to_side_loudness_range": 4.403844833374023,
      "side_mean": -58.98094177246094
    },
    {
      "loudness": -64.97200775146484,
      "loudness_range": 25.232746124267578,
      "low_freq": 12199.2666015625,
      "mid_mean": -62.64313888549805,
      "mid_to_side_loudness": -0.005471533164381981,
      "mid_to_side_loudness_range": 2.1195671558380127,
      "side_mean": -62.64775848388672
    }
  ],
  "bands_short": [
    {
      "high_freq": 148.1999969482422,
      "loudness": -30.811630249023438,
      "loudness_range": 21.426862716674805,
      "mid_mean": -27.20718002319336,
      "mid_to_side_loudness": -26.780208587646484,
      "mid_to_side_loudness_range": 20.08486557006836,
      "side_mean": -54.846981048583984
    },
    {
      "high_freq": 392.3793640136719,
      "loudness": -28.076269149780273,
      "loudness_range": 13.763053894042969,
      "low_freq": 148.1999969482422,
      "mid_mean": -24.679441452026367,
      "mid_to_side_loudness": -15.311305046081543,
      "mid_to_side_loudness_range": 19.54771614074707,
      "side_mean": -40.39019012451172
    },
    {
      "high_freq": 794.6976318359375,
      "loudness": -30.67794418334961,
      "loudness_range": 23.453432083129883,
      "low_freq": 392.3793640136719,
      "mid_mean": -27.91537094116211,
      "mid_to_side_loudness": -10.782331466674805,
      "mid_to_side_loudness_range": 24.17729949951172,
      "side_mean": -38.11771774291992
    },
    {
      "high_freq": 1457.5709228515625,
      "loudness": -36.08564376831055,
      "loudness_range": 32.781532287597656,
      "low_freq": 794.6976318359375,
      "mid_mean": -34.481964111328125,
      "mid_to_side_loudness": -6.722062110900879,
      "mid_to_side_loudness_range": 25.859195709228516,
      "side_mean": -40.32574462890625
    },
    {
      "high_freq": 2549.74365234375,
      "loudness": -42.060916900634766,
      "loudness_range": 36.53702163696289,
      "low_freq": 1457.5709228515625,
      "mid_mean": -40.52655792236328,
      "mid_to_side_loudness": -7.199991226196289,
      "mid_to_side_loudness_range": 23.590099334716797,
      "side_mean": -48.58190155029297
    },
    {
      "high_freq": 4349.24462890625,
      "loudness": -46.74912643432617,
      "loudness_range": 35.917259216308594,
      "low_freq": 2549.74365234375,
      "mid_mean": -45.0633430480957,
      "mid_to_side_loudness": -8.574522018432617,
      "mid_to_side_loudness_range": 16.728317260742188,
      "side_mean": -54.92814254760742
    },
    {
      "high_freq": 7314.1640625,
      "loudness": -54.22627258300781,
      "loudness_range": 35.60679244995117,
      "low_freq": 4349.24462890625,
      "mid_mean": -54.60438537597656,
      "mid_to_side_loudness": -7.721635818481445,
      "mid_to_side_loudness_range": 11.032154083251953,
      "side_mean": -60.624263763427734
    },
    {
      "high_freq": 12199.2666015625,
      "loudness": -50.71816635131836,
      "loudness_range": 30.237537384033203,
      "low_freq": 7314.1640625,
      "mid_mean": -58.004364013671875,
      "mid_to_side_loudness": -3.5483415126800537,
      "mid_to_side_loudness_range": 4.85910701751709,
      "side_mean": -60.52823257446289
    },
    {
      "loudness": -66.4668960571289,
      "loudness_range": 24.539546966552734,
      "low_freq": 12199.2666015625,
      "mid_mean": -63.64740753173828,
      "mid_to_side_loudness": 0.06224600970745087,
      "mid_to_side_loudness_range": 2.4984054565429688,
      "side_mean": -63.599117279052734
    }
  ],
  "channels": 2,
  "covariance": [
    [
      27.28999900817871,
      17.128339767456055,
      10.589997291564941,
      9.096857070922852,
      9.38006591796875,
      5.328250408172607,
      7.5312581062316895,
      8.357540130615234,
      5.819860935211182,
      6.63987398147583,
      3.4711239337921143,
      4.626800537109375,
      4.976935386657715,
      3.030344247817993,
      5.978806018829346,
      4.623732089996338,
      2.563704490661621,
      2.6153323650360107
    ],
    [
      17.128339767456055,
      40.79640579223633,
      11.621313095092773,
      17.98787498474121,
      15.40293025970459,
      13.881030082702637,
      17.072689056396484,
      18.718360900878906,
      17.14069175720215,
      21.010169982910156,
      15.421088218688965,
      28.87156867980957,
      28.412954330444336,
      21.48897933959961,
      19.87848472595215,
      16.499906539916992,
      10.85309886932373,
      10.90521240234375
    ],
    [
      10.589997291564941,
      11.621313095092773,
      22.28165626525879,
      16.146198272705078,
      23.27215576171875,
      12.222787857055664,
      24.343345642089844,
      16.576082229614258,
      26.551891326904297,
      20.715627670288086,
      21.67417335510254,
      19.75188636779785,
      23.08586883544922,
      17.139286041259766,
      24.940771102905273,
      21.618255615234375,
      13.183615684509277,
      13.13363265991211
    ],
    [
      9.096857070922852,
      17.98787498474121,
      16.146198272705078,
      49.87127685546875,
      23.215017318725586,
      38.558170318603516,
      24.743671417236328,
      45.02412796020508,
      20.116680145263672,
      40.05388641357422,
      9.727859497070312,
      25.58991241455078,
      6.98449182510376,
      8.409257888793945,
      -7.077661514282227,
      -5.202988624572754,
      -2.003971815109253,
      -1.7358710765838623
    ],
    [
      9.38006591796875,
      15.40293025970459,
      23.27215576171875,
      23.215017318725586,
      57.01316452026367,
      37.021419525146484,
      60.17709732055664,
      43.104488372802734,
      62.24387741088867,
      55.23405075073242,
      47.737220764160156,
      47.78020477294922,
      43.89443588256836,
      36.134002685546875,
      43.73461151123047,
      39.19245147705078,
      27.181732177734375,
      27.147886276245117
    ],
    [
      5.328250408172607,
      13.881030082702637,
      12.222787857055664,
      38.558170318603516,
      37.021419525146484,
      87.71991729736328,
      36.75309371948242,
      75.7987060546875,
      23.1873836517334,
      64.24942016601562,
      1.1089441776275635,
      29.87213897705078,
      -11.568586349487305,
      -1.5417429208755493,
      -27.161401748657227,
      -21.273765563964844,
      -9.42919921875,
      -8.78369140625
    ],
    [
      7.5312581062316895,
      17.072689056396484,
      24.343345642089844,
      24.743671417236328,
      60.17709732055664,
      36.75309371948242,
      102.07108306884766,
      62.52299880981445,
      93.56111907958984,
      73.58108520507812,
      67.9406509399414,
      65.41439056396484,
      58.91736602783203,
      48.84038543701172,
      58.690216064453125,
      52.76898193359375,
      37.308441162109375,
      37.374969482421875
    ],
    [
      8.357540130615234,
      18.718360900878906,
      16.576082229614258,
      45.02412796020508,
      43.104488372802734,
      75.7987060546875,
      62.52299880981445,
      108.8661117553711,
      41.71043395996094,
      81.25794219970703,
      14.295994758605957,
      42.780887603759766,
      -3.489128589630127,
      7.899022579193115,
      -20.2059326171875,
      -13.887396812438965,
      -3.6382687091827393,
      -2.9242520332336426
    ],
    [
      5.819860935211182,
      17.14069175720215,
      26.551891326904297,
      20.116680145263672,
      62.24387741088867,
      23.1873836517334,
      93.56111907958984,
      41.71043395996094,
      128.02757263183594,
      80.04681396484375,
      108.0316162109375,
      86.7996826171875,
      98.2390365600586,
      77.64788055419922,
      93.64315032958984,
      82.31503295898438,
      56.4475212097168,
      55.878204345703125
    ],
    [
      6.63987398147583,
      21.010169982910156,
      20.715627670288086,
      40.05388641357422,
      55.23405075073242,
      64.24942016601562,
      73.58108520507812,
      81.25794219970703,
      80.04681396484375,
      104.63128662109375,
      54.92988586425781,
      72.29371643066406,
      35.82638931274414,
      37.236412048339844,
      16.856719970703125,
      17.785724639892578,
      17.212745666503906,
      17.762226104736328
    ],
    [
      3.4711239337921143,
      15.421088218688965,
      21.67417335510254,
      9.727859497070312,
      47.737220764160156,
      1.1089441776275635,
      67.9406509399414,
      14.295994758605957,
      108.0316162109375,
      54.92988586425781,
      129.06973266601562,
      89.30162048339844,
      119.19332122802734,
      92.00502014160156,
      109.98316955566406,
      95.02164459228516,
      62.2760124206543,
      60.93700408935547
    ],
    [
      4.626800537109375,
      28.87156867980957,
      19.75188636779785,
      25.58991241455078,
      47.78020477294922,
      29.87213897705078,
      65.41439056396484,
      42.780887603759766,
      86.7996826171875,
      72.29371643066406,
      89.30162048339844,
      96.10585021972656,
      91.37955474853516,
      73.93356323242188,
      67.76739501953125,
      59.28120803833008,
      40.92393493652344,
      40.51422119140625
    ],
    [
      4.976935386657715,
      28.412954330444336,
      23.08586883544922,
      6.98449182510376,
      43.89443588256836,
      -11.568586349487305,
      58.91736602783203,
      -3.489128589630127,
      98.2390365600586,
      35.82638931274414,
      119.19332122802734,
      91.37955474853516,
      155.76976013183594,
      113.93311309814453,
      146.11212158203125,
      124.27079010009766,
      78.6252670288086,
      76.47372436523438
    ],
    [
      3.030344247817993,
      21.48897933959961,
      17.139286041259766,
      8.409257888793945,
      36.134002685546875,
      -1.5417429208755493,
      48.84038543701172,
      7.899022579193115,
      77.64788055419922,
      37.236412048339844,
      92.00502014160156,
      73.93356323242188,
      113.93311309814453,
      88.64219665527344,
      102.97402954101562,
      89.02865600585938,
      57.53288269042969,
      56.00379180908203
    ],
    [
      5.978806018829346,
      19.87848472595215,
      24.940771102905273,
      -7.077661514282227,
      43.73461151123047,
      -27.161401748657227,
      58.690216064453125,
      -20.2059326171875,
      93.64315032958984,
      16.856719970703125,
      109.98316955566406,
      67.76739501953125,
      146.11212158203125,
      102.97402954101562,
      172.83291625976562,
      146.8529815673828,
      90.54999542236328,
      87.79056549072266
    ],
    [
      4.623732089996338,
      16.499906539916992,
      21.618255615234375,
      -5.202988624572754,
      39.19245147705078,
      -21.273765563964844,
      52.76898193359375,
      -13.887396812438965,
      82.31503295898438,
      17.785724639892578,
      95.02164459228516,
      59.28120803833008,
      124.27079010009766,
      89.02865600585938,
      146.8529815673828,
      125.7973861694336,
      78.31816101074219,
      76.01883697509766
    ],
    [
      2.563704490661621,
      10.85309886932373,
      13.183615684509277,
      -2.003971815109253,
      27.181732177734375,
      -9.42919921875,
      37.308441162109375,
      -3.6382687091827393,
      56.4475212097168,
      17.212745666503906,
      62.2760124206543,
      40.92393493652344,
      78.6252670288086,
      57.53288269042969,
      90.54999542236328,
      78.31816101074219,
      55.239532470703125,
      53.66460037231445
    ],
    [
      2.6153323650360107,
      10.90521240234375,
      13.13363265991211,
      -1.7358710765838623,
      27.147886276245117,
      -8.78369140625,
      37.374969482421875,
      -2.9242520332336426,
      55.878204345703125,
      17.762226104736328,
      60.93700408935547,
      40.51422119140625,
      76.47372436523438,
      56.00379180908203,
      87.79056549072266,
      76.01883697509766,
      53.66460037231445,
      52.3955192565918
    ]
  ],
  "covariance_short": [
    [
      57.49866485595703,
      28.060564041137695,
      13.79782772064209,
      8.575241088867188,
      7.877101421356201,
      4.424274444580078,
      7.3615312576293945,
      7.729142189025879,
      5.527246952056885,
      4.660572528839111,
      5.822486400604248,
      4.415972709655762,
      4.565628528594971,
      2.749437093734741,
      4.726320266723633,
      3.639611005783081,
      2.216947555541992,
      2.279219627380371
    ],
    [
      28.060564041137695,
      44.807071685791016,
      13.324922561645508,
      17.536312103271484,
      12.537405967712402,
      12.153942108154297,
      16.01715850830078,
      18.17418670654297,
      14.639368057250977,
      19.32910919189453,
      15.121596336364746,
      23.588638305664062,
      20.798419952392578,
      15.918242454528809,
      14.554839134216309,
      12.000970840454102,
      8.149886131286621,
      8.224686622619629
    ],
    [
      13.79782772064209,
      13.324922561645508,
      28.635568618774414,
      19.068037033081055,
      23.938566207885742,
      14.258232116699219,
      24.739545822143555,
      17.080856323242188,
      23.01937484741211,
      20.741928100585938,
      22.285707473754883,
      19.84356117248535,
      21.161338806152344,
      14.976160049438477,
      21.269758224487305,
      17.934226989746094,
      9.657083511352539,
      9.557377815246582
    ],
    [
      8.575241088867188,
      17.536312103271484,
      19.068037033081055,
      62.0554313659668,
      26.405357360839844,
      42.75217056274414,
      30.766984939575195,
      49.83506774902344,
      22.797494888305664,
      47.118446350097656,
      11.616971015930176,
      28.015600204467773,
      6.795022010803223,
      8.439923286437988,
      -5.498889923095703,
      -3.827383518218994,
      -0.6929978728294373,
      -0.6065390706062317
    ],
    [
      7.877101421356201,
      12.537405967712402,
      23.938566207885742,
      26.405357360839844,
      66.26004028320312,
      40.93603515625,
      64.09760284423828,
      42.310264587402344,
      66.38516235351562,
      64.0433120727539,
      55.270851135253906,
      54.35670852661133,
      44.0301399230957,
      33.3863525390625,
      38.82001495361328,
      34.268760681152344,
      21.472612380981445,
      21.636077880859375
    ],
    [
      4.424274444580078,
      12.153942108154297,
      14.258232116699219,
      42.75217056274414,
      40.93603515625,
      90.85911560058594,
      43.55482482910156,
      73.36251831054688,
      28.887466430664062,
      69.87176513671875,
      9.159799575805664,
      36.19447326660156,
      -5.144071102142334,
      2.0873851776123047,
      -20.41206169128418,
      -15.562115669250488,
      -6.13591194152832,
      -5.71671199798584
    ],
    [
      7.3615312576293945,
      16.01715850830078,
      24.739545822143555,
      30.766984939575195,
      64.09760284423828,
      43.55482482910156,
      113.54655456542969,
      67.75196838378906,
      99.71912384033203,
      87.66230010986328,
      77.58622741699219,
      74.14425659179688,
      58.23381805419922,
      45.53218078613281,
      51.63640594482422,
      45.91666793823242,
      30.427955627441406,
      30.792638778686523
    ],
    [
      7.729142189025879,
      18.17418670654297,
      17.080856323242188,
      49.83506774902344,
      42.310264587402344,
      73.36251831054688,
      67.75196838378906,
      106.7642822265625,
      47.01069641113281,
      85.55237579345703,
      23.98292350769043,
      49.45501708984375,
      3.1196963787078857,
      11.312684059143066,
      -13.585271835327148,
      -8.669663429260254,
      -0.5122047066688538,
      -0.06603565812110901
    ],
    [
      5.527246952056885,
      14.639368057250977,
      23.01937484741211,
      22.797494888305664,
      66.38516235351562,
      28.887466430664062,
      99.71912384033203,
      47.01069641113281,
      143.9630126953125,
      94.31658172607422,
      125.88036346435547,
      98.33145141601562,
      101.68461608886719,
      76.77145385742188,
      87.9577865600586,
      76.50474548339844,
      49.71208953857422,
      49.51590347290039
    ],
    [
      4.660572528839111,
      19.32910919189453,
      20.741928100585938,
      47.118446350097656,
      64.0433120727539,
      69.87176513671875,
      87.66230010986328,
      85.55237579345703,
      94.31658172607422,
      123.63801574707031,
      71.61839294433594,
      87.87788391113281,
      49.014930725097656,
      44.04033279418945,
      27.004493713378906,
      25.78300666809082,
      21.21831703186035,
      21.666688919067383
    ],
    [
      5.822486400604248,
      15.121596336364746,
      22.285707473754883,
      11.616971015930176,
      55.270851135253906,
      9.159799575805664,
      77.58622741699219,
      23.98292350769043,
      125.88036346435547,
      71.61839294433594,
      160.4668731689453,
      109.9730224609375,
      136.73150634765625,
      100.5137710571289,
      118.73047637939453,
      101.30412292480469,
      63.126739501953125,
      61.94156265258789
    ],
    [
      4.415972709655762,
      23.588638305664062,
      19.84356117248535,
      28.015600204467773,
      54.35670852661133,
      36.19447326660156,
      74.14425659179688,
      49.45501708984375,
      98.33145141601562,
      87.87788391113281,
      109.9730224609375,
      106.49845123291016,
      98.24750518798828,
      76.13224792480469,
      73.65158081054688,
      63.607757568359375,
      41.99221420288086,
      41.58763122558594
    ],
    [
      4.565628528594971,
      20.798419952392578,
      21.161338806152344,
      6.795022010803223,
      44.0301399230957,
      -5.144071102142334,
      58.23381805419922,
      3.1196963787078857,
      101.68461608886719,
      49.014930725097656,
      136.73150634765625,
      98.24750518798828,
      159.96238708496094,
      112.68635559082031,
      141.65887451171875,
      119.33885955810547,
      73.13350677490234,
      71.33207702636719
    ],
    [
      2.749437093734741,
      15.918242454528809,
      14.976160049438477,
      8.439923286437988,
      33.3863525390625,
      2.0873851776123047,
      45.53218078613281,
      11.312684059143066,
      76.77145385742188,
      44.04033279418945,
      100.5137710571289,
      76.13224792480469,
      112.68635559082031,
      85.19572448730469,
      97.08457946777344,
      83.20743560791016,
      52.2246208190918,
      50.9699821472168
    ],
    [
      4.726320266723633,
      14.554839134216309,
      21.269758224487305,
      -5.498889923095703,
      38.82001495361328,
      -20.41206169128418,
      51.63640594482422,
      -13.585271835327148,
      87.9577865600586,
      27.004493713378906,
      118.73047637939453,
      73.65158081054688,
      141.65887451171875,
      97.08457946777344,
      157.71051025390625,
      133.0968780517578,
      79.18255615234375,
      77.02413177490234
    ],
    [
      3.639611005783081,
      12.000970840454102,
      17.934226989746094,
      -3.827383518218994,
      34.268760681152344,
      -15.562115669250488,
      45.91666793823242,
      -8.669663429260254,
      76.50474548339844,
      25.78300666809082,
      101.30412292480469,
      63.607757568359375,
      119.33885955810547,
      83.20743560791016,
      133.0968780517578,
      113.42162322998047,
      68.14102935791016,
      66.3814697265625
    ],
    [
      2.216947555541992,
      8.149886131286621,
      9.657083511352539,
      -0.6929978728294373,
      21.472612380981445,
      -6.13591194152832,
      30.427955627441406,
      -0.5122047066688538,
      49.71208953857422,
      21.21831703186035,
      63.126739501953125,
      41.99221420288086,
      73.13350677490234,
      52.2246208190918,
      79.18255615234375,
      68.14102935791016,
      47.49970626831055,
      46.159523010253906
    ],
    [
      2.279219627380371,
      8.224686622619629,
      9.557377815246582,
      -0.6065390706062317,
      21.636077880859375,
      -5.71671199798584,
      30.792638778686523,
      -0.06603565812110901,
      49.51590347290039,
      21.666688919067383,
      61.94156265258789,
      41.58763122558594,
      71.33207702636719,
      50.9699821472168,
      77.02413177490234,
      66.3814697265625,
      46.159523010253906,
      45.1922492980957
    ]
  ],
  "drr": 13.910261154174805,
  "dynamics": 4.433122158050537,
  "format": 1245190,
  "frames": 9646080,
  "loudness": -17.486989974975586,
  "loudness_range": 13.18749713897705,
  "loudness_range_short": 16.46253204345703,
  "peak": -0.6119896769523621,
  "rms": -18.202054977416992,
  "sample_rate": 44100,
  "sections": 1,
  "seekable": 1,
  "sharpness": 3.3741321563720703,
  "space": -13.357915878295898
}