{
  "bands": [
    {
      "high_freq": 148.1999969482422,
      "loudness": -18.064966201782227,
      "loudness_range": 20.013927459716797,
      "mid_mean": -15.088631629943848,
      "mid_to_side_loudness": -9.92368221282959,
      "mid_to_side_loudness_range": 19.291240692138672,
      "side_mean": -25.47037124633789
    },
    {
      "high_freq": 392.3793640136719,
      "loudness": -19.673837661743164,
      "loudness_range": 7.274623870849609,
      "low_freq": 148.1999969482422,
      "mid_mean": -17.130189895629883,
      "mid_to_side_loudness": -6.0064849853515625,
      "mid_to_side_loudness_range": 9.109517097473145,
      "side_mean": -23.128381729125977
    },
    {
      "high_freq": 794.6976318359375,
      "loudness": -20.404705047607422,
      "loudness_range": 8.55064582824707,
      "low_freq": 392.3793640136719,
      "mid_mean": -17.836463928222656,
      "mid_to_side_loudness": -6.246220111846924,
      "mid_to_side_loudness_range": 10.08996868133545,
      "side_mean": -24.083871841430664
    },
    {
      "high_freq": 1457.5709228515625,
      "loudness": -17.747011184692383,
      "loudness_range": 10.209053993225098,
      "low_freq": 794.6976318359375,
      "mid_mean": -14.833951950073242,
      "mid_to_side_loudness": -7.945707321166992,
      "mid_to_side_loudness_range": 9.20154857635498,
      "side_mean": -22.77674102783203
    },
    {
      "high_freq": 2549.74365234375,
      "loudness": -20.527694702148438,
      "loudness_range": 9.824732780456543,
      "low_freq": 1457.5709228515625,
      "mid_mean": -17.55012321472168,
      "mid_to_side_loudness": -8.28311824798584,
      "mid_to_side_loudness_range": 8.55556583404541,
      "side_mean": -25.820510864257812
    },
    {
      "high_freq": 4349.24462890625,
      "loudness": -21.2100887298584,
      "loudness_range": 8.240859985351562,
      "low_freq": 2549.74365234375,
      "mid_mean": -18.29430389404297,
      "mid_to_side_loudness": -8.008220672607422,
      "mid_to_side_loudness_range": 10.021769523620605,
      "side_mean": -26.29075813293457
    },
    {
      "high_freq": 7314.1640625,
      "loudness": -21.457984924316406,
      "loudness_range": 9.232471466064453,
      "low_freq": 4349.24462890625,
      "mid_mean": -18.461536407470703,
      "mid_to_side_loudness": -8.005889892578125,
      "mid_to_side_loudness_range": 5.7322258949279785,
      "side_mean": -26.45706558227539
    },
    {
      "high_freq": 12199.2666015625,
      "loudness": -22.192699432373047,
      "loudness_range": 7.885540008544922,
      "low_freq": 7314.1640625,
      "mid_mean": -19.51297950744629,
      "mid_to_side_loudness": -6.452093601226807,
      "mid_to_side_loudness_range": 7.591555595397949,
      "side_mean": -25.927534103393555
    },
    {
      "loudness": -26.46796226501465,
      "loudness_range": 8.722774505615234,
      "low_freq": 12199.2666015625,
      "mid_mean": -24.015256881713867,
      "mid_to_side_loudness": -5.493619441986084,
      "mid_to_side_loudness_range": 7.564977645874023,
      "side_mean": -29.326515197753906
    }
  ],
  "bands_short": [
    {
      "high_freq": 148.1999969482422,
      "loudness": -22.762832641601562,
      "loudness_range": 29.270023345947266,
      "mid_mean": -20.479755401611328,
      "mid_to_side_loudness": -8.004827499389648,
      "mid_to_side_loudness_range": 24.4594783782959,
      "side_mean": -29.577970504760742
    },
    {
      "high_freq": 392.3793640136719,
      "loudness": -20.017391204833984,
      "loudness_range": 15.049232482910156,
      "low_freq": 148.1999969482422,
      "mid_mean": -17.714065551757812,
      "mid_to_side_loudness": -5.701666831970215,
      "mid_to_side_loudness_range": 14.02830696105957,
      "side_mean": -23.608356475830078
    },
    {
      "high_freq": 794.6976318359375,
      "loudness": -22.272855758666992,
      "loudness_range": 12.767623901367188,
      "low_freq": 392.3793640136719,
      "mid_mean": -19.873247146606445,
      "mid_to_side_loudness": -6.108829021453857,
      "mid_to_side_loudness_range": 13.097915649414062,
      "side_mean": -26.162216186523438
    },
    {
      "high_freq": 1457.5709228515625,
      "loudness": -18.520238876342773,
      "loudness_range": 14.419097900390625,
      "low_freq": 794.6976318359375,
      "mid_mean": -15.735555648803711,
      "mid_to_side_loudness": -7.652333736419678,
      "mid_to_side_loudness_range": 12.2152099609375,
      "side_mean": -23.60014533996582
    },
    {
      "high_freq": 2549.74365234375,
      "loudness": -22.135765075683594,
      "loudness_range": 15.445319175720215,
      "low_freq": 1457.5709228515625,
      "mid_mean": -19.357954025268555,
      "mid_to_side_loudness": -7.447042465209961,
      "mid_to_side_loudness_range": 11.624713897705078,
      "side_mean": -26.87745475769043
    },
    {
      "high_freq": 4349.24462890625,
      "loudness": -22.605867385864258,
      "loudness_range": 12.813397407531738,
      "low_freq": 2549.74365234375,
      "mid_mean": -19.720539093017578,
      "mid_to_side_loudness": -7.844540596008301,
      "mid_to_side_loudness_range": 11.500313758850098,
      "side_mean": -27.648704528808594
    },
    {
      "high_freq": 7314.1640625,
      "loudness": -22.722349166870117,
      "loudness_range": 13.859962463378906,
      "low_freq": 4349.24462890625,
      "mid_mean": -19.76116943359375,
      "mid_to_side_loudness": -8.038849830627441,
      "mid_to_side_loudness_range": 8.653613090515137,
      "side_mean": -27.799043655395508
    },
    {
      "high_freq": 12199.2666015625,
      "loudness": -23.900104522705078,
      "loudness_range": 15.04779052734375,
      "low_freq": 7314.1640625,
      "mid_mean": -21.199430465698242,
      "mid_to_side_loudness": -6.916539669036865,
      "mid_to_side_loudness_range": 9.390497207641602,
      "side_mean": -27.9377384185791
    },
    {
      "loudness": -28.887392044067383,
      "loudness_range": 17.267818450927734,
      "low_freq": 12199.2666015625,
      "mid_mean": -26.38897132873535,
      "mid_to_side_loudness": -5.952282428741455,
      "mid_to_side_loudness_range": 9.472306251525879,
      "side_mean": -32.2043342590332
    }
  ],
  "channels": 2,
  "covariance": [
    [
      57.60146713256836,
      29.66232681274414,
      9.680899620056152,
      2.4262852668762207,
      2.3440768718719482,
      0.7999336123466492,
      -1.8628666400909424,
      -1.0226249694824219,
      8.337701797485352,
      7.25888204574585,
      4.9759297370910645,
      7.893802165985107,
      0.3131023347377777,
      -0.17162205278873444,
      -0.18705686926841736,
      1.3246461153030396,
      0.4073408246040344,
      3.6394240856170654
    ],
    [
      29.66232681274414,
      49.87256622314453,
      5.289615154266357,
      10.865748405456543,
      3.6129989624023438,
      7.660488605499268,
      5.391515254974365,
      11.362485885620117,
      10.809956550598145,
      18.218564987182617,
      4.519418716430664,
      16.157316207885742,
      0.17121125757694244,
      3.3259191513061523,
      3.376660108566284,
      7.224462032318115,
      5.427696228027344,
      10.420191764831543
    ],
    [
      9.680899620056152,
      5.289615154266357,
      12.937055587768555,
      12.268054008483887,
      0.7146059274673462,
      4.931438446044922,
      1.2970294952392578,
      4.1669206619262695,
      2.5453219413757324,
      5.52864933013916,
      4.714101791381836,
      8.564308166503906,
      5.694088459014893,
      9.70438289642334,
      5.588960647583008,
      10.262959480285645,
      4.9258880615234375,
      8.15489387512207
    ],
    [
      2.4262852668762207,
      10.865748405456543,
      12.268054008483887,
      22.520450592041016,
      1.2046449184417725,
      10.195574760437012,
      3.512514591217041,
      10.952369689941406,
      3.3525936603546143,
      11.627372741699219,
      4.951010704040527,
      14.179286003112793,
      7.330978870391846,
      14.89157485961914,
      9.072625160217285,
      17.08467674255371,
      8.97412395477295,
      14.59512996673584
    ],
    [
      2.3440768718719482,
      3.6129989624023438,
      0.7146059274673462,
      1.2046449184417725,
      10.305720329284668,
      5.854943752288818,
      2.511871576309204,
      2.447295904159546,
      2.6693506240844727,
      2.5199787616729736,
      1.3843204975128174,
      1.1293615102767944,
      0.968054473400116,
      1.0414597988128662,
      1.2309767007827759,
      0.5005000233650208,
      1.8690102100372314,
      1.1737124919891357
    ],
    [
      0.7999336123466492,
      7.660488605499268,
      4.931438446044922,
      10.195574760437012,
      5.854943752288818,
      14.171238899230957,
      2.745655059814453,
      7.941494464874268,
      2.2634973526000977,
      7.528181552886963,
      2.2625138759613037,
      7.231935977935791,
      2.772977352142334,
      6.308483600616455,
      3.603139638900757,
      6.621230125427246,
      3.8327503204345703,
      6.113261699676514
    ],
    [
      -1.8628666400909424,
      5.391515254974365,
      1.2970294952392578,
      3.512514591217041,
      2.511871576309204,
      2.745655059814453,
      13.552806854248047,
      11.157383918762207,
      5.435125827789307,
      6.029069423675537,
      1.284118890762329,
      3.9091897010803223,
      0.25758641958236694,
      2.031320571899414,
      1.2136069536209106,
      3.6910879611968994,
      2.2533323764801025,
      4.069672584533691
    ],
    [
      -1.0226249694824219,
      11.362485885620117,
      4.1669206619262695,
      10.952369689941406,
      2.447295904159546,
      7.941494464874268,
      11.157383918762207,
      19.81062889099121,
      6.077274799346924,
      12.769231796264648,
      1.8867383003234863,
      9.941458702087402,
      2.650205373764038,
      8.19660758972168,
      4.211339473724365,
      10.045660972595215,
      4.718243598937988,
      9.49267292022705
    ],
    [
      8.337701797485352,
      10.809956550598145,
      2.5453219413757324,
      3.3525936603546143,
      2.6693506240844727,
      2.2634973526000977,
      5.435125827789307,
      6.077274799346924,
      12.184297561645508,
      11.200931549072266,
      3.206512451171875,
      5.966561317443848,
      2.43811297416687,
      3.8113696575164795,
      2.0402729511260986,
      3.5403072834014893,
      2.2420389652252197,
      3.765387773513794
    ],
    [
      7.25888204574585,
      18.218564987182617,
      5.52864933013916,
      11.627372741699219,
      2.5199787616729736,
      7.528181552886963,
      6.029069423675537,
      12.769231796264648,
      11.200931549072266,
      19.572097778320312,
      4.286665916442871,
      14.773072242736816,
      4.551431179046631,
      10.249027252197266,
      5.75248908996582,
      10.861334800720215,
      5.651418685913086,
      9.965031623840332
    ],
    [
      4.9759297370910645,
      4.519418716430664,
      4.714101791381836,
      4.951010704040527,
      1.3843204975128174,
      2.2625138759613037,
      1.284118890762329,
      1.8867383003234863,
      3.206512451171875,
      4.286665916442871,
      7.011581897735596,
      7.974750518798828,
      4.652439594268799,
      5.523112773895264,
      3.466322898864746,
      4.014419078826904,
      2.7746098041534424,
      3.0509839057922363
    ],
    [
      7.893802165985107,
      16.157316207885742,
      8.564308166503906,
      14.179286003112793,
      1.1293615102767944,
      7.231935977935791,
      3.9091897010803223,
      9.941458702087402,
      5.966561317443848,
      14.773072242736816,
      7.974750518798828,
      20.755552291870117,
      7.833169937133789,
      14.49488639831543,
      7.9131269454956055,
      13.713099479675293,
      6.794498920440674,
      11.340483665466309
    ],
    [
      0.3131023347377777,
      0.17121125757694244,
      5.694088459014893,
      7.330978870391846,
      0.968054473400116,
      2.772977352142334,
      0.25758641958236694,
      2.650205373764038,
      2.43811297416687,
      4.551431179046631,
      4.652439594268799,
      7.833169937133789,
      10.49580192565918,
      13.561670303344727,
      7.618007183074951,
      9.364057540893555,
      5.239603042602539,
      5.754750728607178
    ],
    [
      -0.17162205278873444,
      3.3259191513061523,
      9.70438289642334,
      14.89157485961914,
      1.0414597988128662,
      6.308483600616455,
      2.031320571899414,
      8.19660758972168,
      3.8113696575164795,
      10.249027252197266,
      5.523112773895264,
      14.49488639831543,
      13.561670303344727,
      22.511568069458008,
      11.256274223327637,
      18.797269821166992,
      8.647189140319824,
      13.270964622497559
    ],
    [
      -0.18705686926841736,
      3.376660108566284,
      5.588960647583008,
      9.072625160217285,
      1.2309767007827759,
      3.603139638900757,
      1.2136069536209106,
      4.211339473724365,
      2.0402729511260986,
      5.75248908996582,
      3.466322898864746,
      7.9131269454956055,
      7.618007183074951,
      11.256274223327637,
      10.126575469970703,
      12.91760540008545,
      9.396883010864258,
      10.875744819641113
    ],
    [
      1.3246461153030396,
      7.224462032318115,
      10.262959480285645,
      17.08467674255371,
      0.5005000233650208,
      6.621230125427246,
      3.6910879611968994,
      10.045660972595215,
      3.5403072834014893,
      10.861334800720215,
      4.014419078826904,
      13.713099479675293,
      9.364057540893555,
      18.797269821166992,
      12.91760540008545,
      25.935237884521484,
      13.469046592712402,
      22.943113327026367
    ],
    [
      0.4073408246040344,
      5.427696228027344,
      4.9258880615234375,
      8.97412395477295,
      1.8690102100372314,
      3.8327503204345703,
      2.2533323764801025,
      4.718243598937988,
      2.2420389652252197,
      5.651418685913086,
      2.7746098041534424,
      6.794498920440674,
      5.239603042602539,
      8.647189140319824,
      9.396883010864258,
      13.469046592712402,
      12.971006393432617,
      13.946745872497559
    ],
    [
      3.6394240856170654,
      10.420191764831543,
      8.15489387512207,
      14.59512996673584,
      1.1737124919891357,
      6.113261699676514,
      4.069672584533691,
      9.49267292022705,
      3.765387773513794,
      9.965031623840332,
      3.0509839057922363,
      11.340483665466309,
      5.754750728607178,
      13.270964622497559,
      10.875744819641113,
      22.943113327026367,
      13.946745872497559,
      26.372957229614258
    ]
  ],
  "covariance_short": [
    [
      102.37837982177734,
      51.81629943847656,
      18.345630645751953,
      5.455017566680908,
      -0.13565172255039215,
      0.9814739227294922,
      -0.39781254529953003,
      -1.1002980470657349,
      3.014232635498047,
      6.059928894042969,
      -0.45761868357658386,
      7.962589740753174,
      -5.87139892578125,
      -1.6432772874832153,
      -5.8761115074157715,
      -0.09937584400177002,
      -2.303988218307495,
      5.262988090515137
    ],
    [
      51.81629943847656,
      94.19549560546875,
      19.453554153442383,
      28.38027572631836,
      6.335275650024414,
      15.768052101135254,
      10.509124755859375,
      17.543331146240234,
      15.332805633544922,
      23.94232177734375,
      6.294546604156494,
      21.270912170410156,
      -0.18177002668380737,
      5.729579448699951,
      5.472318172454834,
      9.557394981384277,
      12.021871566772461,
      18.65673065185547
    ],
    [
      18.345630645751953,
      19.453554153442383,
      32.6002311706543,
      22.234949111938477,
      8.532883644104004,
      13.132560729980469,
      4.214576721191406,
      7.861109256744385,
      9.27885913848877,
      11.610481262207031,
      9.551420211791992,
      14.502647399902344,
      8.981828689575195,
      12.25766372680664,
      10.31001091003418,
      12.657662391662598,
      11.179344177246094,
      14.785274505615234
    ],
    [
      5.455017566680908,
      28.38027572631836,
      22.234949111938477,
      40.0383415222168,
      9.76032829284668,
      22.531518936157227,
      4.914460182189941,
      15.615168571472168,
      8.366777420043945,
      18.527225494384766,
      8.097163200378418,
      19.299373626708984,
      9.205979347229004,
      16.09799575805664,
      11.866935729980469,
      15.54452896118164,
      12.326130867004395,
      16.298330307006836
    ],
    [
      -0.13565172255039215,
      6.335275650024414,
      8.532883644104004,
      9.76032829284668,
      26.911991119384766,
      17.732566833496094,
      7.952237606048584,
      6.311702251434326,
      6.604787826538086,
      6.162344932556152,
      6.820216655731201,
      6.937786102294922,
      6.0532026290893555,
      6.327566146850586,
      8.28457260131836,
      7.027846336364746,
      10.26526927947998,
      9.14342975616455
    ],
    [
      0.9814739227294922,
      15.768052101135254,
      13.132560729980469,
      22.531518936157227,
      17.732566833496094,
      33.70451354980469,
      6.438817977905273,
      16.052623748779297,
      7.392139434814453,
      14.506436347961426,
      6.801238059997559,
      13.585262298583984,
      6.9677205085754395,
      10.855777740478516,
      9.11886978149414,
      10.508476257324219,
      10.627851486206055,
      12.286788940429688
    ],
    [
      -0.39781254529953003,
      10.509124755859375,
      4.214576721191406,
      4.914460182189941,
      7.952237606048584,
      6.438817977905273,
      30.113868713378906,
      21.032941818237305,
      16.988540649414062,
      12.974252700805664,
      7.416073799133301,
      7.293260097503662,
      4.06947135925293,
      3.7322235107421875,
      4.7817254066467285,
      5.925530910491943,
      8.034565925598145,
      10.412138938903809
    ],
    [
      -1.1002980470657349,
      17.543331146240234,
      7.861109256744385,
      15.615168571472168,
      6.311702251434326,
      16.052623748779297,
      21.032941818237305,
      34.56061553955078,
      15.66004467010498,
      21.984811782836914,
      6.668699741363525,
      13.935596466064453,
      6.166987895965576,
      10.648012161254883,
      7.550302028656006,
      11.079602241516113,
      9.555107116699219,
      14.264761924743652
    ],
    [
      3.014232635498047,
      15.332805633544922,
      9.27885913848877,
      8.366777420043945,
      6.604787826538086,
      7.392139434814453,
      16.988540649414062,
      15.66004467010498,
      31.247591018676758,
      22.175586700439453,
      13.182390213012695,
      13.717622756958008,
      10.103438377380371,
      9.991333961486816,
      9.44297981262207,
      9.96895980834961,
      11.736066818237305,
      13.759994506835938
    ],
    [
      6.059928894042969,
      23.94232177734375,
      11.610481262207031,
      18.527225494384766,
      6.162344932556152,
      14.506436347961426,
      12.974252700805664,
      21.984811782836914,
      22.175586700439453,
      32.283451080322266,
      11.108111381530762,
      22.686359405517578,
      9.936910629272461,
      16.500394821166992,
      11.474693298339844,
      15.303071022033691,
      12.318836212158203,
      17.435060501098633
    ],
    [
      -0.45761868357658386,
      6.294546604156494,
      9.551420211791992,
      8.097163200378418,
      6.820216655731201,
      6.801238059997559,
      7.416073799133301,
      6.668699741363525,
      13.182390213012695,
      11.108111381530762,
      21.52153778076172,
      18.83568000793457,
      14.507253646850586,
      13.244837760925293,
      12.488310813903809,
      11.46142292022705,
      12.32287883758545,
      12.027111053466797
    ],
    [
      7.962589740753174,
      21.270912170410156,
      14.502647399902344,
      19.299373626708984,
      6.937786102294922,
      13.585262298583984,
      7.293260097503662,
      13.935596466064453,
      13.717622756958008,
      22.686359405517578,
      18.83568000793457,
      34.731536865234375,
      16.055509567260742,
      24.14006996154785,
      16.372303009033203,
      21.556652069091797,
      15.205842971801758,
      20.690946578979492
    ],
    [
      -5.87139892578125,
      -0.18177002668380737,
      8.981828689575195,
      9.205979347229004,
      6.0532026290893555,
      6.9677205085754395,
      4.06947135925293,
      6.166987895965576,
      10.103438377380371,
      9.936910629272461,
      14.507253646850586,
      16.055509567260742,
      25.224639892578125,
      25.360816955566406,
      21.299962997436523,
      21.318201065063477,
      15.92636775970459,
      16.00771713256836
    ],
    [
      -1.6432772874832153,
      5.729579448699951,
      12.25766372680664,
      16.09799575805664,
      6.327566146850586,
      10.855777740478516,
      3.7322235107421875,
      10.648012161254883,
      9.991333961486816,
      16.500394821166992,
      13.244837760925293,
      24.14006996154785,
      25.360816955566406,
      37.53499221801758,
      23.91794204711914,
      31.780614852905273,
      17.11487579345703,
      23.27190399169922
    ],
    [
      -5.8761115074157715,
      5.472318172454834,
      10.31001091003418,
      11.866935729980469,
      8.28457260131836,
      9.11886978149414,
      4.7817254066467285,
      7.550302028656006,
      9.44297981262207,
      11.474693298339844,
      12.488310813903809,
      16.372303009033203,
      21.299962997436523,
      23.91794204711914,
      30.074583053588867,
      28.750837326049805,
      26.682472229003906,
      26.21773338317871
    ],
    [
      -0.09937584400177002,
      9.557394981384277,
      12.657662391662598,
      15.54452896118164,
      7.027846336364746,
      10.508476257324219,
      5.925530910491943,
      11.079602241516113,
      9.96895980834961,
      15.303071022033691,
      11.46142292022705,
      21.556652069091797,
      21.318201065063477,
      31.780614852905273,
      28.750837326049805,
      42.70764923095703,
      27.040691375732422,
      37.144264221191406
    ],
    [
      -2.303988218307495,
      12.021871566772461,
      11.179344177246094,
      12.326130867004395,
      10.26526927947998,
      10.627851486206055,
      8.034565925598145,
      9.555107116699219,
      11.736066818237305,
      12.318836212158203,
      12.32287883758545,
      15.205842971801758,
      15.92636775970459,
      17.11487579345703,
      26.682472229003906,
      27.040691375732422,
      36.64046859741211,
      33.29066467285156
    ],
    [
      5.262988090515137,
      18.65673065185547,
      14.785274505615234,
      16.298330307006836,
      9.14342975616455,
      12.286788940429688,
      10.412138938903809,
      14.264761924743652,
      13.759994506835938,
      17.435060501098633,
      12.027111053466797,
      20.690946578979492,
      16.00771713256836,
      23.27190399169922,
      26.21773338317871,
      37.144264221191406,
      33.29066467285156,
      45.806461334228516
    ]
  ],
  "drr": 12.849483489990234,
  "dynamics": 2.289747476577759,
  "format": 1245190,
  "frames": 11634688,
  "loudness": -6.661252498626709,
  "loudness_range": 4.326827049255371,
  "loudness_range_short": 8.929452896118164,
  "peak": 2.6252543926239014,
  "rms": -9.04236888885498,
  "sample_rate": 44100,
  "sections": 1,
  "seekable": 1,
  "sharpness": 2.8427014350891113,
  "space": -7.653791904449463
}