{
  "bands": [
    {
      "high_freq": 148.1999969482422,
      "loudness": -17.745882034301758,
      "loudness_range": 8.139137268066406,
      "mid_mean": -14.08430290222168,
      "mid_to_side_loudness": -23.65843391418457,
      "mid_to_side_loudness_range": 11.768022537231445,
      "side_mean": -37.501914978027344
    },
    {
      "high_freq": 392.3793640136719,
      "loudness": -17.781299591064453,
      "loudness_range": 6.001672744750977,
      "low_freq": 148.1999969482422,
      "mid_mean": -14.384190559387207,
      "mid_to_side_loudness": -13.055399894714355,
      "mid_to_side_loudness_range": 10.03741455078125,
      "side_mean": -27.539737701416016
    },
    {
      "high_freq": 794.6976318359375,
      "loudness": -22.799943923950195,
      "loudness_range": 11.778202056884766,
      "low_freq": 392.3793640136719,
      "mid_mean": -19.48771095275879,
      "mid_to_side_loudness": -11.96672248840332,
      "mid_to_side_loudness_range": 10.137170791625977,
      "side_mean": -31.451692581176758
    },
    {
      "high_freq": 1457.5709228515625,
      "loudness": -23.627538681030273,
      "loudness_range": 15.214752197265625,
      "low_freq": 794.6976318359375,
      "mid_mean": -20.221710205078125,
      "mid_to_side_loudness": -12.915583610534668,
      "mid_to_side_loudness_range": 10.826681137084961,
      "side_mean": -33.18688201904297
    },
    {
      "high_freq": 2549.74365234375,
      "loudness": -20.762290954589844,
      "loudness_range": 10.62789535522461,
      "low_freq": 1457.5709228515625,
      "mid_mean": -17.507535934448242,
      "mid_to_side_loudness": -10.262858390808105,
      "mid_to_side_loudness_range": 7.413113117218018,
      "side_mean": -27.8068790435791
    },
    {
      "high_freq": 4349.24462890625,
      "loudness": -22.957204818725586,
      "loudness_range": 11.475379943847656,
      "low_freq": 2549.74365234375,
      "mid_mean": -19.694425582885742,
      "mid_to_side_loudness": -10.282392501831055,
      "mid_to_side_loudness_range": 6.423094272613525,
      "side_mean": -30.026634216308594
    },
    {
      "high_freq": 7314.1640625,
      "loudness": -28.484291076660156,
      "loudness_range": 15.455022811889648,
      "low_freq": 4349.24462890625,
      "mid_mean": -25.05154800415039,
      "mid_to_side_loudness": -12.654892921447754,
      "mid_to_side_loudness_range": 7.35552978515625,
      "side_mean": -38.01026916503906
    },
    {
      "high_freq": 12199.2666015625,
      "loudness": -32.33741760253906,
      "loudness_range": 17.416425704956055,
      "low_freq": 7314.1640625,
      "mid_mean": -28.896766662597656,
      "mid_to_side_loudness": -13.010849952697754,
      "mid_to_side_loudness_range": 8.160491943359375,
      "side_mean": -42.35654830932617
    },
    {
      "loudness": -39.93246078491211,
      "loudness_range": 14.384387969970703,
      "low_freq": 12199.2666015625,
      "mid_mean": -36.50429916381836,
      "mid_to_side_loudness": -12.273008346557617,
      "mid_to_side_loudness_range": 7.272007942199707,
      "side_mean": -49.9075927734375
    }
  ],
  "bands_short": [
    {
      "high_freq": 148.1999969482422,
      "loudness": -21.10823631286621,
      "loudness_range": 18.7276611328125,
      "mid_mean": -17.434612274169922,
      "mid_to_side_loudness": -24.555858612060547,
      "mid_to_side_loudness_range": 17.760910034179688,
      "side_mean": -42.15009307861328
    },
    {
      "high_freq": 392.3793640136719,
      "loudness": -17.721023559570312,
      "loudness_range": 10.181306838989258,
      "low_freq": 148.1999969482422,
      "mid_mean": -14.313084602355957,
      "mid_to_side_loudness": -13.664801597595215,
      "mid_to_side_loudness_range": 12.702459335327148,
      "side_mean": -27.963956832885742
    },
    {
      "high_freq": 794.6976318359375,
      "loudness": -23.880239486694336,
      "loudness_range": 15.611167907714844,
      "low_freq": 392.3793640136719,
      "mid_mean": -20.704219818115234,
      "mid_to_side_loudness": -11.100168228149414,
      "mid_to_side_loudness_range": 13.178230285644531,
      "side_mean": -31.757266998291016
    },
    {
      "high_freq": 1457.5709228515625,
      "loudness": -24.9677677154541,
      "loudness_range": 18.940250396728516,
      "low_freq": 794.6976318359375,
      "mid_mean": -21.695789337158203,
      "mid_to_side_loudness": -11.964506149291992,
      "mid_to_side_loudness_range": 14.21141242980957,
      "side_mean": -33.708187103271484
    },
    {
      "high_freq": 2549.74365234375,
      "loudness": -21.62870979309082,
      "loudness_range": 13.27767276763916,
      "low_freq": 1457.5709228515625,
      "mid_mean": -18.473060607910156,
      "mid_to_side_loudness": -9.889144897460938,
      "mid_to_side_loudness_range": 9.829596519470215,
      "side_mean": -28.401960372924805
    },
    {
      "high_freq": 4349.24462890625,
      "loudness": -23.538652420043945,
      "loudness_range": 14.259532928466797,
      "low_freq": 2549.74365234375,
      "mid_mean": -20.341699600219727,
      "mid_to_side_loudness": -9.895943641662598,
      "mid_to_side_loudness_range": 8.364004135131836,
      "side_mean": -30.314546585083008
    },
    {
      "high_freq": 7314.1640625,
      "loudness": -30.591903686523438,
      "loudness_range": 21.478130340576172,
      "low_freq": 4349.24462890625,
      "mid_mean": -27.248146057128906,
      "mid_to_side_loudness": -11.787256240844727,
      "mid_to_side_loudness_range": 9.334242820739746,
      "side_mean": -39.51179504394531
    },
    {
      "high_freq": 12199.2666015625,
      "loudness": -35.04655838012695,
      "loudness_range": 24.942699432373047,
      "low_freq": 7314.1640625,
      "mid_mean": -31.75225257873535,
      "mid_to_side_loudness": -12.440815925598145,
      "mid_to_side_loudness_range": 10.785367965698242,
      "side_mean": -45.143856048583984
    },
    {
      "loudness": -45.397125244140625,
      "loudness_range": 30.221302032470703,
      "low_freq": 12199.2666015625,
      "mid_mean": -42.09434509277344,
      "mid_to_side_loudness": -12.305015563964844,
      "mid_to_side_loudness_range": 10.816457748413086,
      "side_mean": -54.438350677490234
    }
  ],
  "channels": 2,
  "covariance": [
    [
      13.697254180908203,
      7.8337178230285645,
      4.362484455108643,
      5.12212610244751,
      3.7324886322021484,
      2.3577258586883545,
      3.050811529159546,
      1.3596128225326538,
      4.586523532867432,
      3.234466552734375,
      4.9362053871154785,
      3.540907144546509,
      2.710021734237671,
      4.017322063446045,
      2.0751664638519287,
      3.5008630752563477,
      1.5325847864151,
      10.882546424865723
    ],
    [
      7.8337178230285645,
      19.87782096862793,
      3.776381254196167,
      9.367408752441406,
      4.367458343505859,
      4.548802375793457,
      2.0125317573547363,
      2.255246162414551,
      3.907762050628662,
      4.099910259246826,
      4.732975959777832,
      5.423192024230957,
      1.5197426080703735,
      3.7772133350372314,
      0.8573604822158813,
      1.7147936820983887,
      -1.749625563621521,
      4.059123516082764
    ],
    [
      4.362484455108643,
      3.776381254196167,
      9.564435958862305,
      4.963866233825684,
      3.9517602920532227,
      3.81799054145813,
      2.6932783126831055,
      1.900431752204895,
      2.162651538848877,
      1.2698968648910522,
      5.9555134773254395,
      5.069822788238525,
      4.806430816650391,
      4.8440141677856445,
      3.099385976791382,
      4.412130832672119,
      2.3473918437957764,
      9.231803894042969
    ],
    [
      5.12212610244751,
      9.367408752441406,
      4.963866233825684,
      14.15594482421875,
      6.829019069671631,
      6.829442977905273,
      5.405177116394043,
      5.043297290802002,
      5.6400251388549805,
      5.734221458435059,
      5.688662052154541,
      6.238210201263428,
      2.6010124683380127,
      4.68414306640625,
      1.7874619960784912,
      2.7985033988952637,
      0.5966730713844299,
      6.583084583282471
    ],
    [
      3.7324886322021484,
      4.367458343505859,
      3.9517602920532227,
      6.829019069671631,
      19.93515396118164,
      14.05907154083252,
      15.442070960998535,
      7.897780418395996,
      10.375985145568848,
      5.877361297607422,
      9.624032974243164,
      6.9352593421936035,
      9.442880630493164,
      8.74074935913086,
      10.566065788269043,
      7.935988426208496,
      7.237364292144775,
      10.323317527770996
    ],
    [
      2.3577258586883545,
      4.548802375793457,
      3.81799054145813,
      6.829442977905273,
      14.05907154083252,
      21.40384292602539,
      9.34284782409668,
      8.468981742858887,
      7.446656227111816,
      4.743711948394775,
      6.45599365234375,
      5.30272912979126,
      5.003641128540039,
      6.245887279510498,
      3.3147575855255127,
      4.505593299865723,
      3.9936106204986572,
      8.65670108795166
    ],
    [
      3.050811529159546,
      2.0125317573547363,
      2.6932783126831055,
      5.405177116394043,
      15.442070960998535,
      9.34284782409668,
      28.779844284057617,
      12.886674880981445,
      15.366787910461426,
      8.460962295532227,
      11.456710815429688,
      8.678747177124023,
      10.742645263671875,
      10.658214569091797,
      12.870514869689941,
      9.674907684326172,
      8.944881439208984,
      10.216273307800293
    ],
    [
      1.3596128225326538,
      2.255246162414551,
      1.900431752204895,
      5.043297290802002,
      7.897780418395996,
      8.468981742858887,
      12.886674880981445,
      12.106019973754883,
      8.703739166259766,
      7.229165554046631,
      6.779890537261963,
      6.90098237991333,
      3.6884779930114746,
      4.2121052742004395,
      2.9859092235565186,
      2.6146013736724854,
      3.774392604827881,
      5.828048229217529
    ],
    [
      4.586523532867432,
      3.907762050628662,
      2.162651538848877,
      5.6400251388549805,
      10.375985145568848,
      7.446656227111816,
      15.366787910461426,
      8.703739166259766,
      16.391382217407227,
      10.190987586975098,
      11.40514850616455,
      9.063218116760254,
      10.857468605041504,
      11.407391548156738,
      10.234951972961426,
      9.412534713745117,
      7.4723711013793945,
      9.749855041503906
    ],
    [
      3.234466552734375,
      4.099910259246826,
      1.2698968648910522,
      5.734221458435059,
      5.877361297607422,
      4.743711948394775,
      8.460962295532227,
      7.229165554046631,
      10.190987586975098,
      10.776732444763184,
      7.753978729248047,
      7.952014923095703,
      6.567572116851807,
      7.519134044647217,
      6.020283222198486,
      5.829394340515137,
      4.873591899871826,
      6.249354362487793
    ],
    [
      4.9362053871154785,
      4.732975959777832,
      5.9555134773254395,
      5.688662052154541,
      9.624032974243164,
      6.45599365234375,
      11.456710815429688,
      6.779890537261963,
      11.40514850616455,
      7.753978729248047,
      18.049720764160156,
      14.985836029052734,
      17.247119903564453,
      16.95784568786621,
      14.519521713256836,
      14.658650398254395,
      7.8234357833862305,
      14.01421070098877
    ],
    [
      3.540907144546509,
      5.423192024230957,
      5.069822788238525,
      6.238210201263428,
      6.9352593421936035,
      5.30272912979126,
      8.678747177124023,
      6.90098237991333,
      9.063218116760254,
      7.952014923095703,
      14.985836029052734,
      16.36101531982422,
      11.730856895446777,
      13.58395767211914,
      9.989664077758789,
      11.23746395111084,
      4.995579719543457,
      10.69947338104248
    ],
    [
      2.710021734237671,
      1.5197426080703735,
      4.806430816650391,
      2.6010124683380127,
      9.442880630493164,
      5.003641128540039,
      10.742645263671875,
      3.6884779930114746,
      10.857468605041504,
      6.567572116851807,
      17.247119903564453,
      11.730856895446777,
      32.86479568481445,
      27.702463150024414,
      27.39545249938965,
      27.546907424926758,
      15.601669311523438,
      17.920883178710938
    ],
    [
      4.017322063446045,
      3.7772133350372314,
      4.8440141677856445,
      4.68414306640625,
      8.74074935913086,
      6.245887279510498,
      10.658214569091797,
      4.2121052742004395,
      11.407391548156738,
      7.519134044647217,
      16.95784568786621,
      13.58395767211914,
      27.702463150024414,
      29.882293701171875,
      23.017375946044922,
      26.57358741760254,
      12.50076961517334,
      17.63916015625
    ],
    [
      2.0751664638519287,
      0.8573604822158813,
      3.099385976791382,
      1.7874619960784912,
      10.566065788269043,
      3.3147575855255127,
      12.870514869689941,
      2.9859092235565186,
      10.234951972961426,
      6.020283222198486,
      14.519521713256836,
      9.989664077758789,
      27.39545249938965,
      23.017375946044922,
      36.44832992553711,
      28.686811447143555,
      23.94960594177246,
      19.137802124023438
    ],
    [
      3.5008630752563477,
      1.7147936820983887,
      4.412130832672119,
      2.7985033988952637,
      7.935988426208496,
      4.505593299865723,
      9.674907684326172,
      2.6146013736724854,
      9.412534713745117,
      5.829394340515137,
      14.658650398254395,
      11.23746395111084,
      27.546907424926758,
      26.57358741760254,
      28.686811447143555,
      31.907459259033203,
      19.7058162689209,
      22.914592742919922
    ],
    [
      1.5325847864151,
      -1.749625563621521,
      2.3473918437957764,
      0.5966730713844299,
      7.237364292144775,
      3.9936106204986572,
      8.944881439208984,
      3.774392604827881,
      7.4723711013793945,
      4.873591899871826,
      7.8234357833862305,
      4.995579719543457,
      15.601669311523438,
      12.50076961517334,
      23.94960594177246,
      19.7058162689209,
      28.079118728637695,
      23.09731674194336
    ],
    [
      10.882546424865723,
      4.059123516082764,
      9.231803894042969,
      6.583084583282471,
      10.323317527770996,
      8.65670108795166,
      10.216273307800293,
      5.828048229217529,
      9.749855041503906,
      6.249354362487793,
      14.01421070098877,
      10.69947338104248,
      17.920883178710938,
      17.63916015625,
      19.137802124023438,
      22.914592742919922,
      23.09731674194336,
      40.443172454833984
    ]
  ],
  "covariance_short": [
    [
      39.768104553222656,
      21.22404670715332,
      12.715106010437012,
      6.994416236877441,
      7.5381622314453125,
      4.763214588165283,
      6.909429550170898,
      3.1981194019317627,
      6.961333751678467,
      5.065639972686768,
      5.63987922668457,
      3.875195026397705,
      4.241722583770752,
      6.299476623535156,
      3.6700618267059326,
      5.688505172729492,
      7.665294647216797,
      12.53466510772705
    ],
    [
      21.22404670715332,
      36.14681625366211,
      7.740380764007568,
      8.626875877380371,
      4.064333438873291,
      2.226778268814087,
      2.493464469909668,
      1.4170504808425903,
      3.7573180198669434,
      3.7183494567871094,
      3.6598916053771973,
      3.228624105453491,
      3.604310989379883,
      5.150769233703613,
      2.1044366359710693,
      4.334221363067627,
      5.18145751953125,
      9.839056968688965
    ],
    [
      12.715106010437012,
      7.740380764007568,
      18.887147903442383,
      8.933696746826172,
      9.327437400817871,
      7.72953987121582,
      5.820647716522217,
      3.2402403354644775,
      6.0545759201049805,
      4.567091941833496,
      7.145881175994873,
      5.22959041595459,
      8.115274429321289,
      8.843635559082031,
      6.611730098724365,
      9.21941089630127,
      14.532679557800293,
      15.292141914367676
    ],
    [
      6.994416236877441,
      8.626875877380371,
      8.933696746826172,
      18.914573669433594,
      10.055486679077148,
      9.823630332946777,
      7.490747451782227,
      6.382147312164307,
      7.355300426483154,
      7.5308661460876465,
      6.501895427703857,
      6.4558210372924805,
      4.801848888397217,
      6.325204372406006,
      1.9770023822784424,
      3.8482582569122314,
      7.47537088394165,
      8.865243911743164
    ],
    [
      7.5381622314453125,
      4.064333438873291,
      9.327437400817871,
      10.055486679077148,
      33.24623489379883,
      19.25096893310547,
      22.95968246459961,
      11.449575424194336,
      14.877238273620605,
      8.292261123657227,
      14.307031631469727,
      9.260714530944824,
      15.798447608947754,
      14.837061882019043,
      16.057634353637695,
      15.69166374206543,
      24.34882926940918,
      21.530344009399414
    ],
    [
      4.763214588165283,
      2.226778268814087,
      7.72953987121582,
      9.823630332946777,
      19.25096893310547,
      28.449533462524414,
      12.352324485778809,
      10.309476852416992,
      9.284690856933594,
      6.347038745880127,
      8.486523628234863,
      6.661927223205566,
      8.36426067352295,
      10.034889221191406,
      5.687526702880859,
      8.90082836151123,
      14.294159889221191,
      15.409431457519531
    ],
    [
      6.909429550170898,
      2.493464469909668,
      5.820647716522217,
      7.490747451782227,
      22.95968246459961,
      12.352324485778809,
      43.9481315612793,
      18.39522361755371,
      22.824193954467773,
      11.648544311523438,
      18.14507293701172,
      12.630355834960938,
      18.22391128540039,
      16.90961265563965,
      19.123825073242188,
      16.709426879882812,
      25.579038619995117,
      19.944297790527344
    ],
    [
      3.1981194019317627,
      1.4170504808425903,
      3.2402403354644775,
      6.382147312164307,
      11.449575424194336,
      10.309476852416992,
      18.39522361755371,
      18.501384735107422,
      12.102433204650879,
      9.771150588989258,
      10.024070739746094,
      9.152804374694824,
      7.508176326751709,
      7.687561988830566,
      5.236800193786621,
      5.0890374183654785,
      10.329699516296387,
      9.208087921142578
    ],
    [
      6.961333751678467,
      3.7573180198669434,
      6.0545759201049805,
      7.355300426483154,
      14.877238273620605,
      9.284690856933594,
      22.824193954467773,
      12.102433204650879,
      24.13232421875,
      13.37588882446289,
      16.893217086791992,
      12.389766693115234,
      17.334095001220703,
      16.11238670349121,
      15.271933555603027,
      14.297893524169922,
      18.991191864013672,
      18.261545181274414
    ],
    [
      5.065639972686768,
      3.7183494567871094,
      4.567091941833496,
      7.5308661460876465,
      8.292261123657227,
      6.347038745880127,
      11.648544311523438,
      9.771150588989258,
      13.37588882446289,
      15.0376615524292,
      11.088735580444336,
      10.88840389251709,
      10.38674259185791,
      10.806804656982422,
      8.428820610046387,
      8.370826721191406,
      10.901674270629883,
      11.095293045043945
    ],
    [
      5.63987922668457,
      3.6598916053771973,
      7.145881175994873,
      6.501895427703857,
      14.307031631469727,
      8.486523628234863,
      18.14507293701172,
      10.024070739746094,
      16.893217086791992,
      11.088735580444336,
      27.462099075317383,
      19.77076530456543,
      30.434240341186523,
      27.326171875,
      27.007722854614258,
      27.331064224243164,
      30.28401756286621,
      26.9381160736084
    ],
    [
      3.875195026397705,
      3.228624105453491,
      5.22959041595459,
      6.4558210372924805,
      9.260714530944824,
      6.661927223205566,
      12.630355834960938,
      9.152804374694824,
      12.389766693115234,
      10.88840389251709,
      19.77076530456543,
      20.50772476196289,
      20.786935806274414,
      21.290477752685547,
      18.34955596923828,
      20.146175384521484,
      20.866979598999023,
      19.452648162841797
    ],
    [
      4.241722583770752,
      3.604310989379883,
      8.115274429321289,
      4.801848888397217,
      15.798447608947754,
      8.36426067352295,
      18.22391128540039,
      7.508176326751709,
      17.334095001220703,
      10.38674259185791,
      30.434240341186523,
      20.786935806274414,
      61.9967155456543,
      49.724342346191406,
      57.85405349731445,
      56.951904296875,
      58.265342712402344,
      51.68142318725586
    ],
    [
      6.299476623535156,
      5.150769233703613,
      8.843635559082031,
      6.325204372406006,
      14.837061882019043,
      10.034889221191406,
      16.90961265563965,
      7.687561988830566,
      16.11238670349121,
      10.806804656982422,
      27.326171875,
      21.290477752685547,
      49.724342346191406,
      51.43984603881836,
      46.1029052734375,
      52.208492279052734,
      49.27788543701172,
      47.68242263793945
    ],
    [
      3.6700618267059326,
      2.1044366359710693,
      6.611730098724365,
      1.9770023822784424,
      16.057634353637695,
      5.687526702880859,
      19.123825073242188,
      5.236800193786621,
      15.271933555603027,
      8.428820610046387,
      27.007722854614258,
      18.34955596923828,
      57.85405349731445,
      46.1029052734375,
      81.26334381103516,
      66.12924194335938,
      74.9833755493164,
      59.954837799072266
    ],
    [
      5.688505172729492,
      4.334221363067627,
      9.21941089630127,
      3.8482582569122314,
      15.69166374206543,
      8.90082836151123,
      16.709426879882812,
      5.0890374183654785,
      14.297893524169922,
      8.370826721191406,
      27.331064224243164,
      20.146175384521484,
      56.951904296875,
      52.208492279052734,
      66.12924194335938,
      74.23900604248047,
      71.59004211425781,
      65.44766235351562
    ],
    [
      7.665294647216797,
      5.18145751953125,
      14.532679557800293,
      7.47537088394165,
      24.34882926940918,
      14.294159889221191,
      25.579038619995117,
      10.329699516296387,
      18.991191864013672,
      10.901674270629883,
      30.28401756286621,
      20.866979598999023,
      58.265342712402344,
      49.27788543701172,
      74.9833755493164,
      71.59004211425781,
      103.06549072265625,
      82.38948822021484
    ],
    [
      12.53466510772705,
      9.839056968688965,
      15.292141914367676,
      8.865243911743164,
      21.530344009399414,
      15.409431457519531,
      19.944297790527344,
      9.208087921142578,
      18.261545181274414,
      11.095293045043945,
      26.9381160736084,
      19.452648162841797,
      51.68142318725586,
      47.68242263793945,
      59.954837799072266,
      65.44766235351562,
      82.38948822021484,
      82.71480560302734
    ]
  ],
  "drr": 14.956646919250488,
  "dynamics": 2.2311904430389404,
  "format": 1245190,
  "frames": 10471424,
  "loudness": -8.21802043914795,
  "loudness_range": 5.321290969848633,
  "loudness_range_short": 8.576421737670898,
  "peak": 1.3926750421524048,
  "rms": -10.472875595092773,
  "sample_rate": 44100,
  "sections": 1,
  "seekable": 1,
  "sharpness": 2.5164811611175537,
  "space": -13.130718231201172
}