{
  "bands": [
    {
      "high_freq": 148.1999969482422,
      "loudness": -33.68366622924805,
      "loudness_range": 17.338241577148438,
      "mid_mean": -30.6329345703125,
      "mid_to_side_loudness": -10.805553436279297,
      "mid_to_side_loudness_range": 17.28032112121582,
      "side_mean": -41.48360824584961
    },
    {
      "high_freq": 392.3793640136719,
      "loudness": -22.3165340423584,
      "loudness_range": 15.126280784606934,
      "low_freq": 148.1999969482422,
      "mid_mean": -19.802827835083008,
      "mid_to_side_loudness": -5.886409282684326,
      "mid_to_side_loudness_range": 9.738317489624023,
      "side_mean": -25.694223403930664
    },
    {
      "high_freq": 794.6976318359375,
      "loudness": -20.4617862701416,
      "loudness_range": 13.84520435333252,
      "low_freq": 392.3793640136719,
      "mid_mean": -19.148324966430664,
      "mid_to_side_loudness": -2.0392098426818848,
      "mid_to_side_loudness_range": 9.266304016113281,
      "side_mean": -21.176284790039062
    },
    {
      "high_freq": 1457.5709228515625,
      "loudness": -24.260562896728516,
      "loudness_range": 15.958322525024414,
      "low_freq": 794.6976318359375,
      "mid_mean": -22.087543487548828,
      "mid_to_side_loudness": -4.310469627380371,
      "mid_to_side_loudness_range": 7.439955234527588,
      "side_mean": -26.448091506958008
    },
    {
      "high_freq": 2549.74365234375,
      "loudness": -29.406492233276367,
      "loudness_range": 12.679628372192383,
      "low_freq": 1457.5709228515625,
      "mid_mean": -27.011653900146484,
      "mid_to_side_loudness": -5.0273542404174805,
      "mid_to_side_loudness_range": 6.502298355102539,
      "side_mean": -32.090545654296875
    },
    {
      "high_freq": 4349.24462890625,
      "loudness": -40.516395568847656,
      "loudness_range": 16.715557098388672,
      "low_freq": 2549.74365234375,
      "mid_mean": -38.16900634765625,
      "mid_to_side_loudness": -4.848669052124023,
      "mid_to_side_loudness_range": 5.965420722961426,
      "side_mean": -43.043087005615234
    },
    {
      "high_freq": 7314.1640625,
      "loudness": -54.47687911987305,
      "loudness_range": 26.307571411132812,
      "low_freq": 4349.24462890625,
      "mid_mean": -51.7746696472168,
      "mid_to_side_loudness": -5.881880283355713,
      "mid_to_side_loudness_range": 7.796374320983887,
      "side_mean": -57.006893157958984
    },
    {
      "high_freq": 12199.2666015625,
      "loudness": -63.18928527832031,
      "loudness_range": 17.315155029296875,
      "low_freq": 7314.1640625,
      "mid_mean": -60.006343841552734,
      "mid_to_side_loudness": -5.212119102478027,
      "mid_to_side_loudness_range": 3.606717109680176,
      "side_mean": -63.92654037475586
    },
    {
      "loudness": -63.98603057861328,
      "loudness_range": 3.5242042541503906,
      "low_freq": 12199.2666015625,
      "mid_mean": -60.87596893310547,
      "mid_to_side_loudness": -5.283181190490723,
      "mid_to_side_loudness_range": 1.3650116920471191,
      "side_mean": -65.00325012207031
    }
  ],
  "bands_short": [
    {
      "high_freq": 148.1999969482422,
      "loudness": -37.48514175415039,
      "loudness_range": 20.32111930847168,
      "mid_mean": -34.04519271850586,
      "mid_to_side_loudness": -16.71710777282715,
      "mid_to_side_loudness_range": 20.10224723815918,
      "side_mean": -51.03862380981445
    },
    {
      "high_freq": 392.3793640136719,
      "loudness": -23.399194717407227,
      "loudness_range": 16.911882400512695,
      "low_freq": 148.1999969482422,
      "mid_mean": -21.04104232788086,
      "mid_to_side_loudness": -5.56998348236084,
      "mid_to_side_loudness_range": 10.951696395874023,
      "side_mean": -26.656553268432617
    },
    {
      "high_freq": 794.6976318359375,
      "loudness": -20.84735107421875,
      "loudness_range": 15.96571159362793,
      "low_freq": 392.3793640136719,
      "mid_mean": -19.39058494567871,
      "mid_to_side_loudness": -2.6026172637939453,
      "mid_to_side_loudness_range": 10.56468391418457,
      "side_mean": -21.97347640991211
    },
    {
      "high_freq": 1457.5709228515625,
      "loudness": -25.124610900878906,
      "loudness_range": 16.313650131225586,
      "low_freq": 794.6976318359375,
      "mid_mean": -23.072853088378906,
      "mid_to_side_loudness": -4.211703777313232,
      "mid_to_side_loudness_range": 9.213733673095703,
      "side_mean": -27.277679443359375
    },
    {
      "high_freq": 2549.74365234375,
      "loudness": -30.763320922851562,
      "loudness_range": 16.10203742980957,
      "low_freq": 1457.5709228515625,
      "mid_mean": -28.478591918945312,
      "mid_to_side_loudness": -4.975534915924072,
      "mid_to_side_loudness_range": 8.983890533447266,
      "side_mean": -33.46017074584961
    },
    {
      "high_freq": 4349.24462890625,
      "loudness": -41.51116180419922,
      "loudness_range": 20.35564422607422,
      "low_freq": 2549.74365234375,
      "mid_mean": -39.23398971557617,
      "mid_to_side_loudness": -4.945440769195557,
      "mid_to_side_loudness_range": 8.51809310913086,
      "side_mean": -44.19158935546875
    },
    {
      "high_freq": 7314.1640625,
      "loudness": -57.055908203125,
      "loudness_range": 29.059402465820312,
      "low_freq": 4349.24462890625,
      "mid_mean": -54.250762939453125,
      "mid_to_side_loudness": -5.519546031951904,
      "mid_to_side_loudness_range": 8.857226371765137,
      "side_mean": -58.90879440307617
    },
    {
      "high_freq": 12199.2666015625,
      "loudness": -64.89132690429688,
      "loudness_range": 15.477760314941406,
      "low_freq": 7314.1640625,
      "mid_mean": -61.50878143310547,
      "mid_to_side_loudness": -5.193574905395508,
      "mid_to_side_loudness_range": 3.7434425354003906,
      "side_mean": -65.14450073242188
    },
    {
      "loudness": -64.24775695800781,
      "loudness_range": 2.780101776123047,
      "low_freq": 12199.2666015625,
      "mid_mean": -61.109676361083984,
      "mid_to_side_loudness": -5.27711820602417,
      "mid_to_side_loudness_range": 1.8836803436279297,
      "side_mean": -65.18476867675781
    }
  ],
  "channels": 2,
  "covariance": [
    [
      34.32468032836914,
      28.25297737121582,
      8.657870292663574,
      7.497023582458496,
      3.1440389156341553,
      3.183673620223999,
      5.521860599517822,
      6.55297327041626,
      6.581179141998291,
      8.141119956970215,
      7.178410053253174,
      6.671295642852783,
      6.920093536376953,
      6.385556221008301,
      2.375811815261841,
      2.2122974395751953,
      0.763766348361969,
      0.8939529657363892
    ],
    [
      28.25297737121582,
      56.41224670410156,
      7.2887654304504395,
      8.09074878692627,
      3.808000087738037,
      3.991952657699585,
      7.638254642486572,
      8.803337097167969,
      6.9461164474487305,
      8.911370277404785,
      10.258098602294922,
      10.888854026794434,
      10.697511672973633,
      9.497191429138184,
      3.5193662643432617,
      2.650491237640381,
      1.0399876832962036,
      1.1792351007461548
    ],
    [
      8.657870292663574,
      7.2887654304504395,
      32.47671890258789,
      25.29198455810547,
      3.707551956176758,
      5.783294200897217,
      3.7017548084259033,
      5.143403053283691,
      7.235245227813721,
      8.875005722045898,
      8.1424560546875,
      6.109039306640625,
      9.195452690124512,
      5.18412446975708,
      -0.4284251034259796,
      -1.2066717147827148,
      0.08943876624107361,
      -0.06126084551215172
    ],
    [
      7.497023582458496,
      8.09074878692627,
      25.29198455810547,
      29.185760498046875,
      3.1339757442474365,
      3.7684056758880615,
      3.9716482162475586,
      5.519156455993652,
      6.436914443969727,
      8.292062759399414,
      8.14123249053955,
      7.270702362060547,
      11.019067764282227,
      6.725705623626709,
      0.1954665333032608,
      -0.2310759723186493,
      0.3139178156852722,
      0.24798353016376495
    ],
    [
      3.1440389156341553,
      3.808000087738037,
      3.707551956176758,
      3.1339757442474365,
      26.875822067260742,
      21.166418075561523,
      5.931631565093994,
      10.31540298461914,
      10.618467330932617,
      10.514822006225586,
      14.681471824645996,
      17.251834869384766,
      19.040943145751953,
      16.284130096435547,
      7.022351264953613,
      5.62692928314209,
      0.7120778560638428,
      0.9130428433418274
    ],
    [
      3.183673620223999,
      3.991952657699585,
      5.783294200897217,
      3.7684056758880615,
      21.166418075561523,
      26.06255531311035,
      6.523487091064453,
      10.02668571472168,
      10.816533088684082,
      9.227927207946777,
      15.069586753845215,
      15.502808570861816,
      18.00879669189453,
      16.814899444580078,
      7.128329277038574,
      5.48810338973999,
      0.7297492623329163,
      0.9642841815948486
    ],
    [
      5.521860599517822,
      7.638254642486572,
      3.7017548084259033,
      3.9716482162475586,
      5.931631565093994,
      6.523487091064453,
      27.849445343017578,
      23.602624893188477,
      12.844057083129883,
      14.035863876342773,
      16.850603103637695,
      17.86139488220215,
      28.152856826782227,
      27.05780792236328,
      17.81174659729004,
      15.139046669006348,
      4.174224853515625,
      3.711090087890625
    ],
    [
      6.55297327041626,
      8.803337097167969,
      5.143403053283691,
      5.519156455993652,
      10.31540298461914,
      10.02668571472168,
      23.602624893188477,
      27.415456771850586,
      13.9152250289917,
      15.144943237304688,
      19.292625427246094,
      20.841028213500977,
      30.74987030029297,
      28.444486618041992,
      17.49630355834961,
      14.507049560546875,
      3.950056552886963,
      3.641629457473755
    ],
    [
      6.581179141998291,
      6.9461164474487305,
      7.235245227813721,
      6.436914443969727,
      10.618467330932617,
      10.816533088684082,
      12.844057083129883,
      13.9152250289917,
      21.240764617919922,
      19.365407943725586,
      21.185998916625977,
      21.92554473876953,
      27.529457092285156,
      23.92769432067871,
      12.547873497009277,
      10.251785278320312,
      2.4708151817321777,
      2.3169853687286377
    ],
    [
      8.141119956970215,
      8.911370277404785,
      8.875005722045898,
      8.292062759399414,
      10.514822006225586,
      9.227927207946777,
      14.035863876342773,
      15.144943237304688,
      19.365407943725586,
      23.20281219482422,
      21.47600555419922,
      22.699539184570312,
      26.68996810913086,
      22.99053192138672,
      11.830681800842285,
      9.720829010009766,
      2.1632187366485596,
      2.088261365890503
    ],
    [
      7.178410053253174,
      10.258098602294922,
      8.1424560546875,
      8.14123249053955,
      14.681471824645996,
      15.069586753845215,
      16.850603103637695,
      19.292625427246094,
      21.185998916625977,
      21.47600555419922,
      35.6822624206543,
      34.41434860229492,
      39.29823684692383,
      34.01432418823242,
      17.816232681274414,
      14.869633674621582,
      3.6846625804901123,
      3.494297504425049
    ],
    [
      6.671295642852783,
      10.888854026794434,
      6.109039306640625,
      7.270702362060547,
      17.251834869384766,
      15.502808570861816,
      17.86139488220215,
      20.841028213500977,
      21.92554473876953,
      22.699539184570312,
      34.41434860229492,
      37.774864196777344,
      42.06297302246094,
      36.452022552490234,
      19.64350700378418,
      16.237091064453125,
      3.93235445022583,
      3.714794158935547
    ],
    [
      6.920093536376953,
      10.697511672973633,
      9.195452690124512,
      11.019067764282227,
      19.040943145751953,
      18.00879669189453,
      28.152856826782227,
      30.74987030029297,
      27.529457092285156,
      26.68996810913086,
      39.29823684692383,
      42.06297302246094,
      73.61734008789062,
      62.06629180908203,
      35.138736724853516,
      28.599401473999023,
      8.90731430053711,
      7.280978202819824
    ],
    [
      6.385556221008301,
      9.497191429138184,
      5.18412446975708,
      6.725705623626709,
      16.284130096435547,
      16.814899444580078,
      27.05780792236328,
      28.444486618041992,
      23.92769432067871,
      22.99053192138672,
      34.01432418823242,
      36.452022552490234,
      62.06629180908203,
      57.76569366455078,
      33.537841796875,
      27.843944549560547,
      7.936977386474609,
      6.771465301513672
    ],
    [
      2.375811815261841,
      3.5193662643432617,
      -0.4284251034259796,
      0.1954665333032608,
      7.022351264953613,
      7.128329277038574,
      17.81174659729004,
      17.49630355834961,
      12.547873497009277,
      11.830681800842285,
      17.816232681274414,
      19.64350700378418,
      35.138736724853516,
      33.537841796875,
      28.373882293701172,
      23.68877410888672,
      7.094991207122803,
      5.74693489074707
    ],
    [
      2.2122974395751953,
      2.650491237640381,
      -1.2066717147827148,
      -0.2310759723186493,
      5.62692928314209,
      5.48810338973999,
      15.139046669006348,
      14.507049560546875,
      10.251785278320312,
      9.720829010009766,
      14.869633674621582,
      16.237091064453125,
      28.599401473999023,
      27.843944549560547,
      23.68877410888672,
      20.93815040588379,
      6.0428290367126465,
      5.027096748352051
    ],
    [
      0.763766348361969,
      1.0399876832962036,
      0.08943876624107361,
      0.3139178156852722,
      0.7120778560638428,
      0.7297492623329163,
      4.174224853515625,
      3.950056552886963,
      2.4708151817321777,
      2.1632187366485596,
      3.6846625804901123,
      3.93235445022583,
      8.90731430053711,
      7.936977386474609,
      7.094991207122803,
      6.0428290367126465,
      3.4478719234466553,
      2.5251071453094482
    ],
    [
      0.8939529657363892,
      1.1792351007461548,
      -0.06126084551215172,
      0.24798353016376495,
      0.9130428433418274,
      0.9642841815948486,
      3.711090087890625,
      3.641629457473755,
      2.3169853687286377,
      2.088261365890503,
      3.494297504425049,
      3.714794158935547,
      7.280978202819824,
      6.771465301513672,
      5.74693489074707,
      5.027096748352051,
      2.5251071453094482,
      2.041032552719116
    ]
  ],
  "covariance_short": [
    [
      50.46492385864258,
      18.00904655456543,
      12.555451393127441,
      10.956207275390625,
      6.118713855743408,
      5.416154861450195,
      8.115850448608398,
      8.738190650939941,
      10.345529556274414,
      11.483445167541504,
      8.428343772888184,
      8.865422248840332,
      9.023604393005371,
      7.892712116241455,
      3.056990385055542,
      2.6293134689331055,
      0.5879364609718323,
      0.7300687432289124
    ],
    [
      18.00904655456543,
      34.56809997558594,
      12.260210990905762,
      15.471611022949219,
      8.075860977172852,
      6.906299591064453,
      8.78848648071289,
      9.33892822265625,
      10.352355003356934,
      11.672340393066406,
      12.343064308166504,
      13.07996654510498,
      19.01984405517578,
      15.509451866149902,
      7.346835136413574,
      5.749416351318359,
      3.0748298168182373,
      2.3608126640319824
    ],
    [
      12.555451393127441,
      12.260210990905762,
      39.212738037109375,
      30.27017593383789,
      11.062926292419434,
      10.330195426940918,
      9.848508834838867,
      10.263445854187012,
      12.491962432861328,
      13.716363906860352,
      13.98007869720459,
      11.971195220947266,
      13.847874641418457,
      10.116291046142578,
      2.1387298107147217,
      0.9870851039886475,
      0.6937256455421448,
      0.41797247529029846
    ],
    [
      10.956207275390625,
      15.471611022949219,
      30.27017593383789,
      38.22425842285156,
      9.811266899108887,
      8.087943077087402,
      10.345348358154297,
      11.298577308654785,
      12.129794120788574,
      13.416858673095703,
      13.729487419128418,
      13.254146575927734,
      15.69541072845459,
      11.24390697479248,
      2.2804086208343506,
      1.4740073680877686,
      0.8322081565856934,
      0.685599684715271
    ],
    [
      6.118713855743408,
      8.075860977172852,
      11.062926292419434,
      9.811266899108887,
      33.735084533691406,
      26.964893341064453,
      10.959186553955078,
      15.329889297485352,
      16.953466415405273,
      16.25773048400879,
      23.245065689086914,
      25.918848037719727,
      27.48770523071289,
      23.00567626953125,
      8.550917625427246,
      6.629730224609375,
      1.5629991292953491,
      1.593788743019104
    ],
    [
      5.416154861450195,
      6.906299591064453,
      10.330195426940918,
      8.087943077087402,
      26.964893341064453,
      34.05955505371094,
      11.513065338134766,
      14.845368385314941,
      17.005329132080078,
      14.57780933380127,
      22.179574966430664,
      22.696144104003906,
      25.599424362182617,
      22.70792579650879,
      8.648763656616211,
      6.619111061096191,
      1.5137661695480347,
      1.648758053779602
    ],
    [
      8.115850448608398,
      8.78848648071289,
      9.848508834838867,
      10.345348358154297,
      10.959186553955078,
      11.513065338134766,
      34.3862190246582,
      28.932031631469727,
      19.555908203125,
      20.240694046020508,
      23.30495834350586,
      23.016910552978516,
      32.187015533447266,
      29.63744354248047,
      15.038531303405762,
      12.74198055267334,
      3.5555636882781982,
      3.4082584381103516
    ],
    [
      8.738190650939941,
      9.33892822265625,
      10.263445854187012,
      11.298577308654785,
      15.329889297485352,
      14.845368385314941,
      28.932031631469727,
      34.5339241027832,
      20.875337600708008,
      21.902441024780273,
      26.318126678466797,
      26.759305953979492,
      35.45541763305664,
      31.913684844970703,
      15.463016510009766,
      12.746135711669922,
      3.4325063228607178,
      3.403735637664795
    ],
    [
      10.345529556274414,
      10.352355003356934,
      12.491962432861328,
      12.129794120788574,
      16.953466415405273,
      17.005329132080078,
      19.555908203125,
      20.875337600708008,
      33.53352355957031,
      28.42954444885254,
      31.385751724243164,
      32.23189926147461,
      36.12731170654297,
      31.422874450683594,
      13.794662475585938,
      11.14332103729248,
      2.9499287605285645,
      2.820054531097412
    ],
    [
      11.483445167541504,
      11.672340393066406,
      13.716363906860352,
      13.416858673095703,
      16.25773048400879,
      14.57780933380127,
      20.240694046020508,
      21.902441024780273,
      28.42954444885254,
      34.45286178588867,
      31.215816497802734,
      32.04905319213867,
      34.19828796386719,
      29.931554794311523,
      12.967329978942871,
      10.561279296875,
      2.645108938217163,
      2.6252331733703613
    ],
    [
      8.428343772888184,
      12.343064308166504,
      13.98007869720459,
      13.729487419128418,
      23.245065689086914,
      22.179574966430664,
      23.30495834350586,
      26.318126678466797,
      31.385751724243164,
      31.215816497802734,
      49.851070404052734,
      47.00106430053711,
      50.30549240112305,
      42.655128479003906,
      18.587419509887695,
      15.308560371398926,
      3.9562501907348633,
      3.8430304527282715
    ],
    [
      8.865422248840332,
      13.07996654510498,
      11.971195220947266,
      13.254146575927734,
      25.918848037719727,
      22.696144104003906,
      23.016910552978516,
      26.759305953979492,
      32.23189926147461,
      32.04905319213867,
      47.00106430053711,
      53.56757354736328,
      52.92015838623047,
      44.82883834838867,
      19.691938400268555,
      16.313249588012695,
      4.070871829986572,
      3.978696346282959
    ],
    [
      9.023604393005371,
      19.01984405517578,
      13.847874641418457,
      15.69541072845459,
      27.48770523071289,
      25.599424362182617,
      32.187015533447266,
      35.45541763305664,
      36.12731170654297,
      34.19828796386719,
      50.30549240112305,
      52.92015838623047,
      80.26166534423828,
      67.00386810302734,
      31.64958953857422,
      25.785316467285156,
      8.04123592376709,
      6.958203315734863
    ],
    [
      7.892712116241455,
      15.509451866149902,
      10.116291046142578,
      11.24390697479248,
      23.00567626953125,
      22.70792579650879,
      29.63744354248047,
      31.913684844970703,
      31.422874450683594,
      29.931554794311523,
      42.655128479003906,
      44.82883834838867,
      67.00386810302734,
      62.916378021240234,
      29.609004974365234,
      24.47138214111328,
      7.003681659698486,
      6.330203056335449
    ],
    [
      3.056990385055542,
      7.346835136413574,
      2.1387298107147217,
      2.2804086208343506,
      8.550917625427246,
      8.648763656616211,
      15.038531303405762,
      15.463016510009766,
      13.794662475585938,
      12.967329978942871,
      18.587419509887695,
      19.691938400268555,
      31.64958953857422,
      29.609004974365234,
      22.746305465698242,
      18.831506729125977,
      5.67025089263916,
      4.979865550994873
    ],
    [
      2.6293134689331055,
      5.749416351318359,
      0.9870851039886475,
      1.4740073680877686,
      6.629730224609375,
      6.619111061096191,
      12.74198055267334,
      12.746135711669922,
      11.14332103729248,
      10.561279296875,
      15.308560371398926,
      16.313249588012695,
      25.785316467285156,
      24.47138214111328,
      18.831506729125977,
      17.0086669921875,
      4.802457332611084,
      4.372163772583008
    ],
    [
      0.5879364609718323,
      3.0748298168182373,
      0.6937256455421448,
      0.8322081565856934,
      1.5629991292953491,
      1.5137661695480347,
      3.5555636882781982,
      3.4325063228607178,
      2.9499287605285645,
      2.645108938217163,
      3.9562501907348633,
      4.070871829986572,
      8.04123592376709,
      7.003681659698486,
      5.67025089263916,
      4.802457332611084,
      2.8673155307769775,
      2.1696221828460693
    ],
    [
      0.7300687432289124,
      2.3608126640319824,
      0.41797247529029846,
      0.685599684715271,
      1.593788743019104,
      1.648758053779602,
      3.4082584381103516,
      3.403735637664795,
      2.820054531097412,
      2.6252331733703613,
      3.8430304527282715,
      3.978696346282959,
      6.958203315734863,
      6.330203056335449,
      4.979865550994873,
      4.372163772583008,
      2.1696221828460693,
      1.9227808713912964
    ]
  ],
  "drr": 9.654056549072266,
  "dynamics": 3.446320056915283,
  "format": 1245190,
  "frames": 9856960,
  "loudness": -11.944090843200684,
  "loudness_range": 7.924533843994141,
  "loudness_range_short": 12.413667678833008,
  "peak": 0.17463918030261993,
  "rms": -13.884564399719238,
  "sample_rate": 44100,
  "sections": 1,
  "seekable": 1,
  "sharpness": 3.6231331825256348,
  "space": -4.086086273193359
}