{
  "bands": [
    {
      "high_freq": 148.1999969482422,
      "loudness": -51.09202194213867,
      "loudness_range": 20.89007568359375,
      "mid_mean": -47.62888717651367,
      "mid_to_side_loudness": -12.501750946044922,
      "mid_to_side_loudness_range": 8.754595756530762,
      "side_mean": -59.41086959838867
    },
    {
      "high_freq": 392.3793640136719,
      "loudness": -37.564125061035156,
      "loudness_range": 21.309492111206055,
      "low_freq": 148.1999969482422,
      "mid_mean": -34.456668853759766,
      "mid_to_side_loudness": -9.282581329345703,
      "mid_to_side_loudness_range": 8.592559814453125,
      "side_mean": -43.71706771850586
    },
    {
      "high_freq": 794.6976318359375,
      "loudness": -35.20010757446289,
      "loudness_range": 25.701513290405273,
      "low_freq": 392.3793640136719,
      "mid_mean": -32.568275451660156,
      "mid_to_side_loudness": -7.114545822143555,
      "mid_to_side_loudness_range": 9.310861587524414,
      "side_mean": -39.6186637878418
    },
    {
      "high_freq": 1457.5709228515625,
      "loudness": -45.39352798461914,
      "loudness_range": 33.971466064453125,
      "low_freq": 794.6976318359375,
      "mid_mean": -44.232749938964844,
      "mid_to_side_loudness": -3.181875228881836,
      "mid_to_side_loudness_range": 7.949131488800049,
      "side_mean": -47.52016067504883
    },
    {
      "high_freq": 2549.74365234375,
      "loudness": -51.275596618652344,
      "loudness_range": 31.526626586914062,
      "low_freq": 1457.5709228515625,
      "mid_mean": -52.4304313659668,
      "mid_to_side_loudness": -2.1270549297332764,
      "mid_to_side_loudness_range": 6.279719352722168,
      "side_mean": -54.13450241088867
    },
    {
      "high_freq": 4349.24462890625,
      "loudness": -59.203792572021484,
      "loudness_range": 29.864524841308594,
      "low_freq": 2549.74365234375,
      "mid_mean": -62.0271110534668,
      "mid_to_side_loudness": 0.16030491888523102,
      "mid_to_side_loudness_range": 5.3633832931518555,
      "side_mean": -61.8602294921875
    },
    {
      "high_freq": 7314.1640625,
      "loudness": -74.40586853027344,
      "loudness_range": 21.772964477539062,
      "low_freq": 4349.24462890625,
      "mid_mean": -67.68157196044922,
      "mid_to_side_loudness": 1.280564308166504,
      "mid_to_side_loudness_range": 5.242496490478516,
      "side_mean": -66.9190902709961
    },
    {
      "high_freq": 12199.2666015625,
      "loudness": -76.99137115478516,
      "loudness_range": 4.891441345214844,
      "low_freq": 7314.1640625,
      "mid_mean": -69.03832244873047,
      "mid_to_side_loudness": 0.014405026100575924,
      "mid_to_side_loudness_range": 1.0100774765014648,
      "side_mean": -69.00747680664062
    },
    {
      "loudness": 0,
      "loudness_range": 0,
      "low_freq": 12199.2666015625,
      "mid_mean": -68.90457153320312,
      "mid_to_side_loudness": -0.12147274613380432,
      "mid_to_side_loudness_range": 0.44548866152763367,
      "side_mean": -68.92497253417969
    }
  ],
  "bands_short": [
    {
      "high_freq": 148.1999969482422,
      "loudness": -54.344993591308594,
      "loudness_range": 22.829696655273438,
      "mid_mean": -50.989383697509766,
      "mid_to_side_loudness": -12.673905372619629,
      "mid_to_side_loudness_range": 14.798517227172852,
      "side_mean": -62.17197799682617
    },
    {
      "high_freq": 392.3793640136719,
      "loudness": -39.24185562133789,
      "loudness_range": 22.801244735717773,
      "low_freq": 148.1999969482422,
      "mid_mean": -36.20564651489258,
      "mid_to_side_loudness": -8.977128982543945,
      "mid_to_side_loudness_range": 9.99715805053711,
      "side_mean": -45.128177642822266
    },
    {
      "high_freq": 794.6976318359375,
      "loudness": -35.17543411254883,
      "loudness_range": 26.56953239440918,
      "low_freq": 392.3793640136719,
      "mid_mean": -32.51793670654297,
      "mid_to_side_loudness": -7.677966117858887,
      "mid_to_side_loudness_range": 11.632879257202148,
      "side_mean": -40.08656311035156
    },
    {
      "high_freq": 1457.5709228515625,
      "loudness": -45.810943603515625,
      "loudness_range": 34.958030700683594,
      "low_freq": 794.6976318359375,
      "mid_mean": -44.591552734375,
      "mid_to_side_loudness": -3.5824999809265137,
      "mid_to_side_loudness_range": 9.92248249053955,
      "side_mean": -48.4129753112793
    },
    {
      "high_freq": 2549.74365234375,
      "loudness": -52.071624755859375,
      "loudness_range": 32.42232894897461,
      "low_freq": 1457.5709228515625,
      "mid_mean": -53.259422302246094,
      "mid_to_side_loudness": -1.9516947269439697,
      "mid_to_side_loudness_range": 8.481499671936035,
      "side_mean": -54.79943084716797
    },
    {
      "high_freq": 4349.24462890625,
      "loudness": -59.458614349365234,
      "loudness_range": 30.002113342285156,
      "low_freq": 2549.74365234375,
      "mid_mean": -61.74132537841797,
      "mid_to_side_loudness": -0.15096837282180786,
      "mid_to_side_loudness_range": 6.999046325683594,
      "side_mean": -61.79180908203125
    },
    {
      "high_freq": 7314.1640625,
      "loudness": -74.83329010009766,
      "loudness_range": 20.71890640258789,
      "low_freq": 4349.24462890625,
      "mid_mean": -67.92889404296875,
      "mid_to_side_loudness": 1.2585936784744263,
      "mid_to_side_loudness_range": 6.158145904541016,
      "side_mean": -67.22106170654297
    },
    {
      "high_freq": 12199.2666015625,
      "loudness": -77.1004409790039,
      "loudness_range": 4.222137451171875,
      "low_freq": 7314.1640625,
      "mid_mean": -69.05738830566406,
      "mid_to_side_loudness": -0.0042462763376533985,
      "mid_to_side_loudness_range": 1.850368857383728,
      "side_mean": -69.03436279296875
    },
    {
      "loudness": -76.20187377929688,
      "loudness_range": 1.9967041015625,
      "low_freq": 12199.2666015625,
      "mid_mean": -68.9013671875,
      "mid_to_side_loudness": -0.11510100960731506,
      "mid_to_side_loudness_range": 1.2839272022247314,
      "side_mean": -68.92182922363281
    }
  ],
  "channels": 2,
  "covariance": [
    [
      49.54950714111328,
      34.60358428955078,
      28.032922744750977,
      28.90855598449707,
      27.246004104614258,
      28.516998291015625,
      34.59929656982422,
      35.45750427246094,
      46.903377532958984,
      44.54046630859375,
      31.65923309326172,
      32.06659698486328,
      9.644105911254883,
      13.206541061401367,
      1.236588716506958,
      1.4510849714279175,
      0.689394474029541,
      0.6260159611701965
    ],
    [
      34.60358428955078,
      30.636474609375,
      17.716712951660156,
      18.62802505493164,
      13.768013000488281,
      13.93044662475586,
      16.72844696044922,
      16.298887252807617,
      25.568525314331055,
      24.132877349853516,
      16.45289421081543,
      16.75632095336914,
      4.9661760330200195,
      6.672152519226074,
      0.6907618641853333,
      0.8060310482978821,
      0.42401888966560364,
      0.3929319977760315
    ],
    [
      28.032922744750977,
      17.716712951660156,
      55.218021392822266,
      47.49564743041992,
      29.78365707397461,
      27.346904754638672,
      27.944971084594727,
      28.998201370239258,
      37.845542907714844,
      34.73582458496094,
      22.184694290161133,
      23.040884017944336,
      3.8873796463012695,
      5.066073417663574,
      0.2535717189311981,
      0.1319456696510315,
      0.2660074234008789,
      0.21777784824371338
    ],
    [
      28.90855598449707,
      18.62802505493164,
      47.49564743041992,
      49.324832916259766,
      28.844017028808594,
      26.64666175842285,
      26.376850128173828,
      26.916851043701172,
      35.71578598022461,
      32.32075119018555,
      19.21380043029785,
      19.899356842041016,
      2.959526300430298,
      4.080637454986572,
      0.2354954481124878,
      0.1109633594751358,
      0.22810719907283783,
      0.18658307194709778
    ],
    [
      27.246004104614258,
      13.768013000488281,
      29.78365707397461,
      28.844017028808594,
      82.2833251953125,
      80.62877655029297,
      87.01042175292969,
      93.10740661621094,
      96.32144927978516,
      93.87678527832031,
      67.0899429321289,
      68.90522766113281,
      19.78801727294922,
      27.115949630737305,
      2.1219615936279297,
      2.6121232509613037,
      1.0653102397918701,
      0.94415283203125
    ],
    [
      28.516998291015625,
      13.93044662475586,
      27.346904754638672,
      26.64666175842285,
      80.62877655029297,
      92.9980239868164,
      92.2534408569336,
      98.24653625488281,
      101.68362426757812,
      99.7969741821289,
      72.49217987060547,
      74.0240707397461,
      21.54791831970215,
      29.423131942749023,
      2.304056167602539,
      2.8402152061462402,
      1.1578129529953003,
      1.0328691005706787
    ],
    [
      34.59929656982422,
      16.72844696044922,
      27.944971084594727,
      26.376850128173828,
      87.01042175292969,
      92.2534408569336,
      132.75364685058594,
      135.81979370117188,
      126.13664245605469,
      123.38435363769531,
      93.5510025024414,
      94.09883117675781,
      28.327228546142578,
      39.95172119140625,
      3.2841923236846924,
      4.011307239532471,
      1.520729660987854,
      1.3562970161437988
    ],
    [
      35.45750427246094,
      16.298887252807617,
      28.998201370239258,
      26.916851043701172,
      93.10740661621094,
      98.24653625488281,
      135.81979370117188,
      150.05502319335938,
      134.01185607910156,
      130.97476196289062,
      99.10719299316406,
      99.9328842163086,
      30.748313903808594,
      43.200439453125,
      3.480417490005493,
      4.258465766906738,
      1.6109522581100464,
      1.4372029304504395
    ],
    [
      46.903377532958984,
      25.568525314331055,
      37.845542907714844,
      35.71578598022461,
      96.32144927978516,
      101.68362426757812,
      126.13664245605469,
      134.01185607910156,
      148.34808349609375,
      142.52748107910156,
      102.5407485961914,
      104.3675537109375,
      30.5296573638916,
      42.93946838378906,
      3.6896629333496094,
      4.563153266906738,
      1.9422024488449097,
      1.7505263090133667
    ],
    [
      44.54046630859375,
      24.132877349853516,
      34.73582458496094,
      32.32075119018555,
      93.87678527832031,
      99.7969741821289,
      123.38435363769531,
      130.97476196289062,
      142.52748107910156,
      140.6103515625,
      101.18321990966797,
      102.70972442626953,
      30.346424102783203,
      42.69517517089844,
      3.647556781768799,
      4.51894474029541,
      1.9000365734100342,
      1.7110024690628052
    ],
    [
      31.65923309326172,
      16.45289421081543,
      22.184694290161133,
      19.21380043029785,
      67.0899429321289,
      72.49217987060547,
      93.5510025024414,
      99.10719299316406,
      102.5407485961914,
      101.18321990966797,
      84.782470703125,
      84.5213851928711,
      27.42583656311035,
      37.62616729736328,
      3.155226469039917,
      3.958838701248169,
      1.5014746189117432,
      1.3493638038635254
    ],
    [
      32.06659698486328,
      16.75632095336914,
      23.040884017944336,
      19.899356842041016,
      68.90522766113281,
      74.0240707397461,
      94.09883117675781,
      99.9328842163086,
      104.3675537109375,
      102.70972442626953,
      84.5213851928711,
      86.35336303710938,
      27.718358993530273,
      37.93012237548828,
      3.1301217079162598,
      3.9119856357574463,
      1.5031239986419678,
      1.347872257232666
    ],
    [
      9.644105911254883,
      4.9661760330200195,
      3.8873796463012695,
      2.959526300430298,
      19.78801727294922,
      21.54791831970215,
      28.327228546142578,
      30.748313903808594,
      30.5296573638916,
      30.346424102783203,
      27.42583656311035,
      27.718358993530273,
      12.17077922821045,
      15.64577865600586,
      1.318830966949463,
      1.7098989486694336,
      0.550252377986908,
      0.4931686520576477
    ],
    [
      13.206541061401367,
      6.672152519226074,
      5.066073417663574,
      4.080637454986572,
      27.115949630737305,
      29.423131942749023,
      39.95172119140625,
      43.200439453125,
      42.93946838378906,
      42.69517517089844,
      37.62616729736328,
      37.93012237548828,
      15.64577865600586,
      21.673654556274414,
      1.8044705390930176,
      2.320706367492676,
      0.7483344674110413,
      0.6681429743766785
    ],
    [
      1.236588716506958,
      0.6907618641853333,
      0.2535717189311981,
      0.2354954481124878,
      2.1219615936279297,
      2.304056167602539,
      3.2841923236846924,
      3.480417490005493,
      3.6896629333496094,
      3.647556781768799,
      3.155226469039917,
      3.1301217079162598,
      1.318830966949463,
      1.8044705390930176,
      0.21080520749092102,
      0.2702399790287018,
      0.07991666346788406,
      0.07114904373884201
    ],
    [
      1.4510849714279175,
      0.8060310482978821,
      0.1319456696510315,
      0.1109633594751358,
      2.6121232509613037,
      2.8402152061462402,
      4.011307239532471,
      4.258465766906738,
      4.563153266906738,
      4.51894474029541,
      3.958838701248169,
      3.9119856357574463,
      1.7098989486694336,
      2.320706367492676,
      0.2702399790287018,
      0.3816755712032318,
      0.09897308796644211,
      0.08869337290525436
    ],
    [
      0.689394474029541,
      0.42401888966560364,
      0.2660074234008789,
      0.22810719907283783,
      1.0653102397918701,
      1.1578129529953003,
      1.520729660987854,
      1.6109522581100464,
      1.9422024488449097,
      1.9000365734100342,
      1.5014746189117432,
      1.5031239986419678,
      0.550252377986908,
      0.7483344674110413,
      0.07991666346788406,
      0.09897308796644211,
      0.04571342468261719,
      0.04149569943547249
    ],
    [
      0.6260159611701965,
      0.3929319977760315,
      0.21777784824371338,
      0.18658307194709778,
      0.94415283203125,
      1.0328691005706787,
      1.3562970161437988,
      1.4372029304504395,
      1.7505263090133667,
      1.7110024690628052,
      1.3493638038635254,
      1.347872257232666,
      0.4931686520576477,
      0.6681429743766785,
      0.07114904373884201,
      0.08869337290525436,
      0.04149569943547249,
      0.038997042924165726
    ]
  ],
  "covariance_short": [
    [
      59.665016174316406,
      30.00859260559082,
      29.728137969970703,
      29.27892303466797,
      28.30263900756836,
      30.996545791625977,
      38.85728073120117,
      41.4538459777832,
      49.782012939453125,
      47.11095428466797,
      34.66789245605469,
      34.7802848815918,
      9.941198348999023,
      13.7699613571167,
      1.4115291833877563,
      1.6173789501190186,
      0.8631407022476196,
      0.7913157939910889
    ],
    [
      30.00859260559082,
      25.982860565185547,
      17.30571937561035,
      17.177684783935547,
      15.791413307189941,
      17.763723373413086,
      22.171293258666992,
      23.396099090576172,
      28.129043579101562,
      26.58907699584961,
      19.328954696655273,
      19.539169311523438,
      5.307910442352295,
      7.363186836242676,
      0.6978296041488647,
      0.8090302348136902,
      0.43207377195358276,
      0.3996831774711609
    ],
    [
      29.728137969970703,
      17.30571937561035,
      61.808998107910156,
      54.2913703918457,
      31.813899993896484,
      27.506328582763672,
      25.84480857849121,
      27.613256454467773,
      35.29462432861328,
      31.501136779785156,
      21.15077018737793,
      20.825071334838867,
      3.9454410076141357,
      4.969620227813721,
      0.3953723609447479,
      0.3345286548137665,
      0.2901674807071686,
      0.2318413108587265
    ],
    [
      29.27892303466797,
      17.177684783935547,
      54.2913703918457,
      58.759544372558594,
      29.65849494934082,
      26.98797607421875,
      25.280614852905273,
      27.320741653442383,
      34.42000198364258,
      30.483213424682617,
      20.320524215698242,
      19.590360641479492,
      3.302492618560791,
      4.310539245605469,
      0.36592820286750793,
      0.3005744516849518,
      0.26525360345840454,
      0.21468524634838104
    ],
    [
      28.30263900756836,
      15.791413307189941,
      31.813899993896484,
      29.65849494934082,
      85.13707733154297,
      78.14817810058594,
      86.81996154785156,
      92.62686157226562,
      94.28020477294922,
      91.43379211425781,
      67.1037368774414,
      67.70015716552734,
      16.856708526611328,
      23.347980499267578,
      1.9430829286575317,
      2.303774833679199,
      1.073529839515686,
      0.9488231539726257
    ],
    [
      30.996545791625977,
      17.763723373413086,
      27.506328582763672,
      26.98797607421875,
      78.14817810058594,
      91.4709701538086,
      90.3671646118164,
      96.74760437011719,
      97.912841796875,
      95.60343933105469,
      70.97265625,
      71.46185302734375,
      18.29758071899414,
      25.156030654907227,
      2.1055378913879395,
      2.495224952697754,
      1.1647659540176392,
      1.0348912477493286
    ],
    [
      38.85728073120117,
      22.171293258666992,
      25.84480857849121,
      25.280614852905273,
      86.81996154785156,
      90.3671646118164,
      133.06443786621094,
      133.804443359375,
      124.0738296508789,
      121.52059936523438,
      92.83918762207031,
      91.91181945800781,
      24.674657821655273,
      35.411373138427734,
      3.1105120182037354,
      3.677565574645996,
      1.5675197839736938,
      1.4031485319137573
    ],
    [
      41.4538459777832,
      23.396099090576172,
      27.613256454467773,
      27.320741653442383,
      92.62686157226562,
      96.74760437011719,
      133.804443359375,
      150.94393920898438,
      132.97036743164062,
      129.73190307617188,
      98.50470733642578,
      97.65814208984375,
      26.516050338745117,
      37.97593307495117,
      3.311626672744751,
      3.932995557785034,
      1.658086895942688,
      1.48281729221344
    ],
    [
      49.782012939453125,
      28.129043579101562,
      35.29462432861328,
      34.42000198364258,
      94.28020477294922,
      97.912841796875,
      124.0738296508789,
      132.97036743164062,
      145.04136657714844,
      137.89283752441406,
      101.40563201904297,
      101.56536102294922,
      26.582883834838867,
      38.03382873535156,
      3.4897074699401855,
      4.1852545738220215,
      1.969730019569397,
      1.7732950448989868
    ],
    [
      47.11095428466797,
      26.58907699584961,
      31.501136779785156,
      30.483213424682617,
      91.43379211425781,
      95.60343933105469,
      121.52059936523438,
      129.73190307617188,
      137.89283752441406,
      137.5131072998047,
      100.20851135253906,
      100.05764770507812,
      26.493263244628906,
      37.88210678100586,
      3.443646192550659,
      4.117889881134033,
      1.9256296157836914,
      1.7356761693954468
    ],
    [
      34.66789245605469,
      19.328954696655273,
      21.15077018737793,
      20.320524215698242,
      67.1037368774414,
      70.97265625,
      92.83918762207031,
      98.50470733642578,
      101.40563201904297,
      100.20851135253906,
      84.90203094482422,
      82.58048248291016,
      23.54743003845215,
      32.74876022338867,
      2.9994025230407715,
      3.6263587474823,
      1.5394421815872192,
      1.3836750984191895
    ],
    [
      34.7802848815918,
      19.539169311523438,
      20.825071334838867,
      19.590360641479492,
      67.70015716552734,
      71.46185302734375,
      91.91181945800781,
      97.65814208984375,
      101.56536102294922,
      100.05764770507812,
      82.58048248291016,
      83.98595428466797,
      23.901575088500977,
      33.034542083740234,
      2.9714152812957764,
      3.587254285812378,
      1.5261250734329224,
      1.3681070804595947
    ],
    [
      9.941198348999023,
      5.307910442352295,
      3.9454410076141357,
      3.302492618560791,
      16.856708526611328,
      18.29758071899414,
      24.674657821655273,
      26.516050338745117,
      26.582883834838867,
      26.493263244628906,
      23.54743003845215,
      23.901575088500977,
      10.829628944396973,
      13.619344711303711,
      1.3066083192825317,
      1.6304316520690918,
      0.5506446361541748,
      0.4904496967792511
    ],
    [
      13.7699613571167,
      7.363186836242676,
      4.969620227813721,
      4.310539245605469,
      23.347980499267578,
      25.156030654907227,
      35.411373138427734,
      37.97593307495117,
      38.03382873535156,
      37.88210678100586,
      32.74876022338867,
      33.034542083740234,
      13.619344711303711,
      19.1832218170166,
      1.7325345277786255,
      2.1611342430114746,
      0.7364299297332764,
      0.6565194129943848
    ],
    [
      1.4115291833877563,
      0.6978296041488647,
      0.3953723609447479,
      0.36592820286750793,
      1.9430829286575317,
      2.1055378913879395,
      3.1105120182037354,
      3.311626672744751,
      3.4897074699401855,
      3.443646192550659,
      2.9994025230407715,
      2.9714152812957764,
      1.3066083192825317,
      1.7325345277786255,
      0.28712204098701477,
      0.3378990590572357,
      0.0988091453909874,
      0.08626442402601242
    ],
    [
      1.6173789501190186,
      0.8090302348136902,
      0.3345286548137665,
      0.3005744516849518,
      2.303774833679199,
      2.495224952697754,
      3.677565574645996,
      3.932995557785034,
      4.1852545738220215,
      4.117889881134033,
      3.6263587474823,
      3.587254285812378,
      1.6304316520690918,
      2.1611342430114746,
      0.3378990590572357,
      0.46626004576683044,
      0.11574217677116394,
      0.10254210978746414
    ],
    [
      0.8631407022476196,
      0.43207377195358276,
      0.2901674807071686,
      0.26525360345840454,
      1.073529839515686,
      1.1647659540176392,
      1.5675197839736938,
      1.658086895942688,
      1.969730019569397,
      1.9256296157836914,
      1.5394421815872192,
      1.5261250734329224,
      0.5506446361541748,
      0.7364299297332764,
      0.0988091453909874,
      0.11574217677116394,
      0.0607304647564888,
      0.05028112977743149
    ],
    [
      0.7913157939910889,
      0.3996831774711609,
      0.2318413108587265,
      0.21468524634838104,
      0.9488231539726257,
      1.0348912477493286,
      1.4031485319137573,
      1.48281729221344,
      1.7732950448989868,
      1.7356761693954468,
      1.3836750984191895,
      1.3681070804595947,
      0.4904496967792511,
      0.6565194129943848,
      0.08626442402601242,
      0.10254210978746414,
      0.05028112977743149,
      0.0509837381541729
    ]
  ],
  "drr": 8.574625015258789,
  "dynamics": 6.292137145996094,
  "format": 1245190,
  "frames": 11995136,
  "loudness": -26.462188720703125,
  "loudness_range": 20.727638244628906,
  "loudness_range_short": 22.979839324951172,
  "peak": -4.192645072937012,
  "rms": -25.8242244720459,
  "sample_rate": 44100,
  "sections": 1,
  "seekable": 1,
  "sharpness": 2.7671401500701904,
  "space": -7.279697418212891
}