{
  "bands": [
    {
      "high_freq": 148.1999969482422,
      "loudness": -20.89360809326172,
      "loudness_range": 6.858388900756836,
      "mid_mean": -17.37799072265625,
      "mid_to_side_loudness": -15.866216659545898,
      "mid_to_side_loudness_range": 14.453968048095703,
      "side_mean": -33.365074157714844
    },
    {
      "high_freq": 392.3793640136719,
      "loudness": -20.707735061645508,
      "loudness_range": 5.950771331787109,
      "low_freq": 148.1999969482422,
      "mid_mean": -17.7623233795166,
      "mid_to_side_loudness": -8.470291137695312,
      "mid_to_side_loudness_range": 10.211444854736328,
      "side_mean": -26.09299659729004
    },
    {
      "high_freq": 794.6976318359375,
      "loudness": -21.232141494750977,
      "loudness_range": 8.99757194519043,
      "low_freq": 392.3793640136719,
      "mid_mean": -18.363849639892578,
      "mid_to_side_loudness": -8.246136665344238,
      "mid_to_side_loudness_range": 13.894270896911621,
      "side_mean": -26.857967376708984
    },
    {
      "high_freq": 1457.5709228515625,
      "loudness": -24.147377014160156,
      "loudness_range": 11.154308319091797,
      "low_freq": 794.6976318359375,
      "mid_mean": -21.177440643310547,
      "mid_to_side_loudness": -8.609238624572754,
      "mid_to_side_loudness_range": 12.276229858398438,
      "side_mean": -29.982004165649414
    },
    {
      "high_freq": 2549.74365234375,
      "loudness": -22.667613983154297,
      "loudness_range": 11.036609649658203,
      "low_freq": 1457.5709228515625,
      "mid_mean": -19.85978889465332,
      "mid_to_side_loudness": -7.505307197570801,
      "mid_to_side_loudness_range": 10.041015625,
      "side_mean": -27.454696655273438
    },
    {
      "high_freq": 4349.24462890625,
      "loudness": -25.646392822265625,
      "loudness_range": 10.414474487304688,
      "low_freq": 2549.74365234375,
      "mid_mean": -22.999210357666016,
      "mid_to_side_loudness": -6.814284324645996,
      "mid_to_side_loudness_range": 10.298410415649414,
      "side_mean": -29.709524154663086
    },
    {
      "high_freq": 7314.1640625,
      "loudness": -28.536888122558594,
      "loudness_range": 11.091707229614258,
      "low_freq": 4349.24462890625,
      "mid_mean": -25.833744049072266,
      "mid_to_side_loudness": -7.587238788604736,
      "mid_to_side_loudness_range": 12.350504875183105,
      "side_mean": -33.33312225341797
    },
    {
      "high_freq": 12199.2666015625,
      "loudness": -32.615318298339844,
      "loudness_range": 12.963794708251953,
      "low_freq": 7314.1640625,
      "mid_mean": -29.83776092529297,
      "mid_to_side_loudness": -8.4609956741333,
      "mid_to_side_loudness_range": 14.70538330078125,
      "side_mean": -38.228939056396484
    },
    {
      "loudness": -33.779727935791016,
      "loudness_range": 12.89773941040039,
      "low_freq": 12199.2666015625,
      "mid_mean": -30.59459686279297,
      "mid_to_side_loudness": -11.709127426147461,
      "mid_to_side_loudness_range": 16.873498916625977,
      "side_mean": -42.4580078125
    }
  ],
  "bands_short": [
    {
      "high_freq": 148.1999969482422,
      "loudness": -24.601943969726562,
      "loudness_range": 12.317737579345703,
      "mid_mean": -21.10055923461914,
      "mid_to_side_loudness": -18.488311767578125,
      "mid_to_side_loudness_range": 21.513423919677734,
      "side_mean": -39.22751998901367
    },
    {
      "high_freq": 392.3793640136719,
      "loudness": -19.644929885864258,
      "loudness_range": 7.95247745513916,
      "low_freq": 148.1999969482422,
      "mid_mean": -16.638561248779297,
      "mid_to_side_loudness": -9.311248779296875,
      "mid_to_side_loudness_range": 12.649969100952148,
      "side_mean": -25.97694969177246
    },
    {
      "high_freq": 794.6976318359375,
      "loudness": -22.377023696899414,
      "loudness_range": 11.786611557006836,
      "low_freq": 392.3793640136719,
      "mid_mean": -19.682985305786133,
      "mid_to_side_loudness": -8.045186042785645,
      "mid_to_side_loudness_range": 16.647287368774414,
      "side_mean": -28.023258209228516
    },
    {
      "high_freq": 1457.5709228515625,
      "loudness": -23.826841354370117,
      "loudness_range": 13.552606582641602,
      "low_freq": 794.6976318359375,
      "mid_mean": -21.118797302246094,
      "mid_to_side_loudness": -7.582076072692871,
      "mid_to_side_loudness_range": 13.918639183044434,
      "side_mean": -28.87726593017578
    },
    {
      "high_freq": 2549.74365234375,
      "loudness": -23.223913192749023,
      "loudness_range": 12.950235366821289,
      "low_freq": 1457.5709228515625,
      "mid_mean": -20.585834503173828,
      "mid_to_side_loudness": -7.132358074188232,
      "mid_to_side_loudness_range": 12.512412071228027,
      "side_mean": -27.794166564941406
    },
    {
      "high_freq": 4349.24462890625,
      "loudness": -26.167097091674805,
      "loudness_range": 12.321447372436523,
      "low_freq": 2549.74365234375,
      "mid_mean": -23.6379337310791,
      "mid_to_side_loudness": -6.691843509674072,
      "mid_to_side_loudness_range": 12.490483283996582,
      "side_mean": -30.22542953491211
    },
    {
      "high_freq": 7314.1640625,
      "loudness": -29.67034339904785,
      "loudness_range": 14.699201583862305,
      "low_freq": 4349.24462890625,
      "mid_mean": -27.186744689941406,
      "mid_to_side_loudness": -6.935447692871094,
      "mid_to_side_loudness_range": 14.658947944641113,
      "side_mean": -34.07514572143555
    },
    {
      "high_freq": 12199.2666015625,
      "loudness": -35.273902893066406,
      "loudness_range": 19.32647705078125,
      "low_freq": 7314.1640625,
      "mid_mean": -32.75520324707031,
      "mid_to_side_loudness": -7.9366135597229,
      "mid_to_side_loudness_range": 18.078784942626953,
      "side_mean": -40.66225814819336
    },
    {
      "loudness": -40.59418869018555,
      "loudness_range": 28.078086853027344,
      "low_freq": 12199.2666015625,
      "mid_mean": -37.8807258605957,
      "mid_to_side_loudness": -9.448412895202637,
      "mid_to_side_loudness_range": 19.876419067382812,
      "side_mean": -48.072208404541016
    }
  ],
  "channels": 2,
  "covariance": [
    [
      9.250697135925293,
      2.7387332916259766,
      3.0588552951812744,
      4.68057107925415,
      2.1584510803222656,
      5.212445259094238,
      1.2878378629684448,
      3.0963544845581055,
      2.1759185791015625,
      3.371957778930664,
      3.0429365634918213,
      3.0201144218444824,
      1.5187454223632812,
      2.6361467838287354,
      0.17432869970798492,
      3.218120813369751,
      -1.931352138519287,
      2.9844839572906494
    ],
    [
      2.7387332916259766,
      23.26106834411621,
      3.6399967670440674,
      10.075037956237793,
      6.077099323272705,
      14.184802055358887,
      6.181085109710693,
      8.33206558227539,
      5.68480110168457,
      9.818193435668945,
      3.095407247543335,
      8.577791213989258,
      1.8056484460830688,
      5.3008551597595215,
      1.7879860401153564,
      2.8924319744110107,
      0.9148415923118591,
      1.7193059921264648
    ],
    [
      3.0588552951812744,
      3.6399967670440674,
      7.2624406814575195,
      5.629183769226074,
      2.916975498199463,
      5.3659892082214355,
      2.0987870693206787,
      4.178483486175537,
      3.0585436820983887,
      4.353846073150635,
      2.9810068607330322,
      3.795780897140503,
      2.63066029548645,
      2.900937080383301,
      1.915127158164978,
      2.643916606903076,
      0.6634857058525085,
      2.615325450897217
    ],
    [
      4.68057107925415,
      10.075037956237793,
      5.629183769226074,
      16.197181701660156,
      6.678652286529541,
      16.497085571289062,
      6.474324703216553,
      10.139449119567871,
      8.14900016784668,
      11.950301170349121,
      7.152461528778076,
      9.77057933807373,
      4.24077844619751,
      5.9870171546936035,
      3.2043449878692627,
      4.391860008239746,
      0.8575577139854431,
      3.649578332901001
    ],
    [
      2.1584510803222656,
      6.077099323272705,
      2.916975498199463,
      6.678652286529541,
      13.96499252319336,
      10.495270729064941,
      10.77250862121582,
      7.3773512840271,
      8.812932968139648,
      8.279073715209961,
      7.071884632110596,
      6.925090789794922,
      3.6552634239196777,
      3.8894693851470947,
      2.715829849243164,
      1.71137273311615,
      2.3503496646881104,
      1.5381078720092773
    ],
    [
      5.212445259094238,
      14.184802055358887,
      5.3659892082214355,
      16.497085571289062,
      10.495270729064941,
      31.703716278076172,
      10.973307609558105,
      17.1824893951416,
      13.515353202819824,
      19.688148498535156,
      11.71066951751709,
      16.567363739013672,
      6.329686164855957,
      7.217058181762695,
      4.020676612854004,
      3.086638927459717,
      1.5144052505493164,
      1.9207497835159302
    ],
    [
      1.2878378629684448,
      6.181085109710693,
      2.0987870693206787,
      6.474324703216553,
      10.77250862121582,
      10.973307609558105,
      19.293933868408203,
      8.226727485656738,
      10.463623046875,
      8.563167572021484,
      8.301692962646484,
      7.292076110839844,
      4.904006481170654,
      2.395801544189453,
      2.857483386993408,
      0.5308240652084351,
      2.7456259727478027,
      1.1764248609542847
    ],
    [
      3.0963544845581055,
      8.33206558227539,
      4.178483486175537,
      10.139449119567871,
      7.3773512840271,
      17.1824893951416,
      8.226727485656738,
      15.315631866455078,
      9.095746040344238,
      13.625884056091309,
      8.587129592895508,
      12.41934871673584,
      4.917394638061523,
      6.770764350891113,
      2.8832204341888428,
      4.478013038635254,
      -0.0015383344143629074,
      2.9165008068084717
    ],
    [
      2.1759185791015625,
      5.68480110168457,
      3.0585436820983887,
      8.14900016784668,
      8.812932968139648,
      13.515353202819824,
      10.463623046875,
      9.095746040344238,
      17.911144256591797,
      10.949267387390137,
      13.030631065368652,
      9.502991676330566,
      7.158074855804443,
      4.98734712600708,
      4.072299957275391,
      2.8571927547454834,
      1.4957096576690674,
      2.598952293395996
    ],
    [
      3.371957778930664,
      9.818193435668945,
      4.353846073150635,
      11.950301170349121,
      8.279073715209961,
      19.688148498535156,
      8.563167572021484,
      13.625884056091309,
      10.949267387390137,
      17.439268112182617,
      9.937073707580566,
      14.460186958312988,
      5.6288018226623535,
      8.733193397521973,
      3.4776904582977295,
      5.544861316680908,
      0.3995567262172699,
      3.9246702194213867
    ],
    [
      3.0429365634918213,
      3.095407247543335,
      2.9810068607330322,
      7.152461528778076,
      7.071884632110596,
      11.71066951751709,
      8.301692962646484,
      8.587129592895508,
      13.030631065368652,
      9.937073707580566,
      16.675487518310547,
      9.181134223937988,
      10.065849304199219,
      4.493629455566406,
      5.7848734855651855,
      3.3804478645324707,
      1.0465033054351807,
      3.7271931171417236
    ],
    [
      3.0201144218444824,
      8.577791213989258,
      3.795780897140503,
      9.77057933807373,
      6.925090789794922,
      16.567363739013672,
      7.292076110839844,
      12.41934871673584,
      9.502991676330566,
      14.460186958312988,
      9.181134223937988,
      16.018413543701172,
      5.146380424499512,
      10.295597076416016,
      3.3554537296295166,
      6.991655349731445,
      -0.32830101251602173,
      4.814023494720459
    ],
    [
      1.5187454223632812,
      1.8056484460830688,
      2.63066029548645,
      4.24077844619751,
      3.6552634239196777,
      6.329686164855957,
      4.904006481170654,
      4.917394638061523,
      7.158074855804443,
      5.6288018226623535,
      10.065849304199219,
      5.146380424499512,
      17.972122192382812,
      3.2839925289154053,
      16.532209396362305,
      3.692427635192871,
      8.239749908447266,
      5.839209079742432
    ],
    [
      2.6361467838287354,
      5.3008551597595215,
      2.900937080383301,
      5.9870171546936035,
      3.8894693851470947,
      7.217058181762695,
      2.395801544189453,
      6.770764350891113,
      4.98734712600708,
      8.733193397521973,
      4.493629455566406,
      10.295597076416016,
      3.2839925289154053,
      13.775918006896973,
      2.53114914894104,
      12.506893157958984,
      0.15730410814285278,
      9.774868965148926
    ],
    [
      0.17432869970798492,
      1.7879860401153564,
      1.915127158164978,
      3.2043449878692627,
      2.715829849243164,
      4.020676612854004,
      2.857483386993408,
      2.8832204341888428,
      4.072299957275391,
      3.4776904582977295,
      5.7848734855651855,
      3.3554537296295166,
      16.532209396362305,
      2.53114914894104,
      22.840787887573242,
      4.354450702667236,
      15.796380043029785,
      7.857503890991211
    ],
    [
      3.218120813369751,
      2.8924319744110107,
      2.643916606903076,
      4.391860008239746,
      1.71137273311615,
      3.086638927459717,
      0.5308240652084351,
      4.478013038635254,
      2.8571927547454834,
      5.544861316680908,
      3.3804478645324707,
      6.991655349731445,
      3.692427635192871,
      12.506893157958984,
      4.354450702667236,
      20.930635452270508,
      1.707445740699768,
      18.288148880004883
    ],
    [
      -1.931352138519287,
      0.9148415923118591,
      0.6634857058525085,
      0.8575577139854431,
      2.3503496646881104,
      1.5144052505493164,
      2.7456259727478027,
      -0.0015383344143629074,
      1.4957096576690674,
      0.3995567262172699,
      1.0465033054351807,
      -0.32830101251602173,
      8.239749908447266,
      0.15730410814285278,
      15.796380043029785,
      1.707445740699768,
      24.520063400268555,
      8.486948013305664
    ],
    [
      2.9844839572906494,
      1.7193059921264648,
      2.615325450897217,
      3.649578332901001,
      1.5381078720092773,
      1.9207497835159302,
      1.1764248609542847,
      2.9165008068084717,
      2.598952293395996,
      3.9246702194213867,
      3.7271931171417236,
      4.814023494720459,
      5.839209079742432,
      9.774868965148926,
      7.857503890991211,
      18.288148880004883,
      8.486948013305664,
      24.17812156677246
    ]
  ],
  "covariance_short": [
    [
      21.764955520629883,
      6.3076581954956055,
      5.888598918914795,
      5.397665977478027,
      3.4997565746307373,
      6.060795307159424,
      2.6283483505249023,
      4.028152942657471,
      4.4422760009765625,
      4.624332427978516,
      5.128292560577393,
      4.54229211807251,
      4.46329402923584,
      5.392518997192383,
      5.533042907714844,
      8.558085441589355,
      7.888692855834961,
      14.414307594299316
    ],
    [
      6.3076581954956055,
      45.486324310302734,
      3.569037437438965,
      11.102987289428711,
      5.988770008087158,
      12.742725372314453,
      7.299040794372559,
      9.633641242980957,
      5.980711460113525,
      10.613903999328613,
      3.595073699951172,
      10.031856536865234,
      2.985135793685913,
      8.843562126159668,
      4.343243598937988,
      8.993824005126953,
      8.2194242477417,
      14.078843116760254
    ],
    [
      5.888598918914795,
      3.569037437438965,
      10.883984565734863,
      4.990540027618408,
      5.155280113220215,
      4.875906944274902,
      3.3939402103424072,
      3.4499268531799316,
      4.341485023498535,
      4.095641613006592,
      5.001842021942139,
      4.257480621337891,
      5.466003894805908,
      4.430358409881592,
      6.220205307006836,
      5.642650127410889,
      7.5936994552612305,
      11.235844612121582
    ],
    [
      5.397665977478027,
      11.102987289428711,
      4.990540027618408,
      19.437606811523438,
      7.945400714874268,
      18.37894058227539,
      8.503485679626465,
      11.724316596984863,
      9.626757621765137,
      13.188627243041992,
      8.30542278289795,
      11.929754257202148,
      5.95199728012085,
      8.242427825927734,
      6.006623268127441,
      5.8264360427856445,
      4.726844310760498,
      10.088134765625
    ],
    [
      3.4997565746307373,
      5.988770008087158,
      5.155280113220215,
      7.945400714874268,
      24.179777145385742,
      12.013066291809082,
      15.165292739868164,
      8.646090507507324,
      13.414726257324219,
      9.476714134216309,
      11.690340042114258,
      8.659002304077148,
      7.551865577697754,
      5.8404364585876465,
      7.468250751495361,
      4.44379186630249,
      9.524041175842285,
      9.76126766204834
    ],
    [
      6.060795307159424,
      12.742725372314453,
      4.875906944274902,
      18.37894058227539,
      12.013066291809082,
      37.305397033691406,
      14.469155311584473,
      20.1717586517334,
      15.649214744567871,
      21.385581970214844,
      13.568224906921387,
      19.062156677246094,
      7.744851589202881,
      9.33296012878418,
      6.016716003417969,
      4.045956611633301,
      3.532191514968872,
      7.326578617095947
    ],
    [
      2.6283483505249023,
      7.299040794372559,
      3.3939402103424072,
      8.503485679626465,
      15.165292739868164,
      14.469155311584473,
      28.070730209350586,
      11.308661460876465,
      16.254148483276367,
      11.121830940246582,
      14.145378112792969,
      10.707121849060059,
      9.32617473602295,
      5.6393961906433105,
      8.015040397644043,
      3.4990196228027344,
      9.401130676269531,
      7.2509894371032715
    ],
    [
      4.028152942657471,
      9.633641242980957,
      3.4499268531799316,
      11.724316596984863,
      8.646090507507324,
      20.1717586517334,
      11.308661460876465,
      19.858068466186523,
      11.58053970336914,
      15.798887252807617,
      10.89584732055664,
      15.41646957397461,
      6.8889923095703125,
      8.930448532104492,
      5.496265411376953,
      5.519384860992432,
      3.483881950378418,
      8.162858963012695
    ],
    [
      4.4422760009765625,
      5.980711460113525,
      4.341485023498535,
      9.626757621765137,
      13.414726257324219,
      15.649214744567871,
      16.254148483276367,
      11.58053970336914,
      26.283334732055664,
      13.424349784851074,
      18.86088752746582,
      12.735152244567871,
      13.030457496643066,
      8.164963722229004,
      11.137200355529785,
      6.151533126831055,
      10.159139633178711,
      9.849258422851562
    ],
    [
      4.624332427978516,
      10.613903999328613,
      4.095641613006592,
      13.188627243041992,
      9.476714134216309,
      21.385581970214844,
      11.121830940246582,
      15.798887252807617,
      13.424349784851074,
      20.648563385009766,
      12.20472526550293,
      17.421173095703125,
      8.20966911315918,
      11.860416412353516,
      6.684813976287842,
      7.867380142211914,
      4.151117324829102,
      10.20477294921875
    ],
    [
      5.128292560577393,
      3.595073699951172,
      5.001842021942139,
      8.30542278289795,
      11.690340042114258,
      13.568224906921387,
      14.145378112792969,
      10.89584732055664,
      18.86088752746582,
      12.20472526550293,
      24.746337890625,
      13.179187774658203,
      17.807069778442383,
      8.333779335021973,
      14.693187713623047,
      7.677737712860107,
      12.886794090270996,
      12.630653381347656
    ],
    [
      4.54229211807251,
      10.031856536865234,
      4.257480621337891,
      11.929754257202148,
      8.659002304077148,
      19.062156677246094,
      10.707121849060059,
      15.41646957397461,
      12.735152244567871,
      17.421173095703125,
      13.179187774658203,
      22.083812713623047,
      9.450386047363281,
      14.823821067810059,
      8.483922004699707,
      10.814042091369629,
      5.769863128662109,
      12.936511993408203
    ],
    [
      4.46329402923584,
      2.985135793685913,
      5.466003894805908,
      5.95199728012085,
      7.551865577697754,
      7.744851589202881,
      9.32617473602295,
      6.8889923095703125,
      13.030457496643066,
      8.20966911315918,
      17.807069778442383,
      9.450386047363281,
      31.50666046142578,
      9.700132369995117,
      34.899757385253906,
      14.243734359741211,
      36.136173248291016,
      25.15168571472168
    ],
    [
      5.392518997192383,
      8.843562126159668,
      4.430358409881592,
      8.242427825927734,
      5.8404364585876465,
      9.33296012878418,
      5.6393961906433105,
      8.930448532104492,
      8.164963722229004,
      11.860416412353516,
      8.333779335021973,
      14.823821067810059,
      9.700132369995117,
      21.321062088012695,
      11.660083770751953,
      21.916099548339844,
      12.293774604797363,
      24.44026756286621
    ],
    [
      5.533042907714844,
      4.343243598937988,
      6.220205307006836,
      6.006623268127441,
      7.468250751495361,
      6.016716003417969,
      8.015040397644043,
      5.496265411376953,
      11.137200355529785,
      6.684813976287842,
      14.693187713623047,
      8.483922004699707,
      34.899757385253906,
      11.660083770751953,
      53.30554962158203,
      22.34434700012207,
      60.1153678894043,
      39.076812744140625
    ],
    [
      8.558085441589355,
      8.993824005126953,
      5.642650127410889,
      5.8264360427856445,
      4.44379186630249,
      4.045956611633301,
      3.4990196228027344,
      5.519384860992432,
      6.151533126831055,
      7.867380142211914,
      7.677737712860107,
      10.814042091369629,
      14.243734359741211,
      21.916099548339844,
      22.34434700012207,
      41.57012176513672,
      28.784160614013672,
      47.054931640625
    ],
    [
      7.888692855834961,
      8.2194242477417,
      7.5936994552612305,
      4.726844310760498,
      9.524041175842285,
      3.532191514968872,
      9.401130676269531,
      3.483881950378418,
      10.159139633178711,
      4.151117324829102,
      12.886794090270996,
      5.769863128662109,
      36.136173248291016,
      12.293774604797363,
      60.1153678894043,
      28.784160614013672,
      95.48771667480469,
      56.59730911254883
    ],
    [
      14.414307594299316,
      14.078843116760254,
      11.235844612121582,
      10.088134765625,
      9.76126766204834,
      7.326578617095947,
      7.2509894371032715,
      8.162858963012695,
      9.849258422851562,
      10.20477294921875,
      12.630653381347656,
      12.936511993408203,
      25.15168571472168,
      24.44026756286621,
      39.076812744140625,
      47.054931640625,
      56.59730911254883,
      77.82742309570312
    ]
  ],
  "drr": 14.251480102539062,
  "dynamics": 2.0707151889801025,
  "format": 1245190,
  "frames": 11911168,
  "loudness": -10.309221267700195,
  "loudness_range": 5.040283679962158,
  "loudness_range_short": 7.068917274475098,
  "peak": -0.1778157651424408,
  "rms": -12.896488189697266,
  "sample_rate": 44100,
  "sections": 1,
  "seekable": 1,
  "sharpness": 1.9941538572311401,
  "space": -9.142937660217285
}