{
  "bands": [
    {
      "high_freq": 148.1999969482422,
      "loudness": -47.482666015625,
      "loudness_range": 28.798545837402344,
      "mid_mean": -44.0231819152832,
      "mid_to_side_loudness": -13.140921592712402,
      "mid_to_side_loudness_range": 9.630044937133789,
      "side_mean": -57.097293853759766
    },
    {
      "high_freq": 392.3793640136719,
      "loudness": -32.91843795776367,
      "loudness_range": 20.39754867553711,
      "low_freq": 148.1999969482422,
      "mid_mean": -29.829612731933594,
      "mid_to_side_loudness": -9.93726634979248,
      "mid_to_side_loudness_range": 8.99479866027832,
      "side_mean": -39.750308990478516
    },
    {
      "high_freq": 794.6976318359375,
      "loudness": -32.16812515258789,
      "loudness_range": 25.277374267578125,
      "low_freq": 392.3793640136719,
      "mid_mean": -30.01227378845215,
      "mid_to_side_loudness": -5.809772491455078,
      "mid_to_side_loudness_range": 6.422214031219482,
      "side_mean": -35.5804557800293
    },
    {
      "high_freq": 1457.5709228515625,
      "loudness": -41.962738037109375,
      "loudness_range": 29.514039993286133,
      "low_freq": 794.6976318359375,
      "mid_mean": -41.51754379272461,
      "mid_to_side_loudness": -0.38791316747665405,
      "mid_to_side_loudness_range": 7.959282398223877,
      "side_mean": -41.7875862121582
    },
    {
      "high_freq": 2549.74365234375,
      "loudness": -46.73053741455078,
      "loudness_range": 32.727622985839844,
      "low_freq": 1457.5709228515625,
      "mid_mean": -46.33638381958008,
      "mid_to_side_loudness": -1.947986125946045,
      "mid_to_side_loudness_range": 6.809883117675781,
      "side_mean": -50.36125946044922
    },
    {
      "high_freq": 4349.24462890625,
      "loudness": -56.144775390625,
      "loudness_range": 33.79231262207031,
      "low_freq": 2549.74365234375,
      "mid_mean": -58.690494537353516,
      "mid_to_side_loudness": -0.2513981759548187,
      "mid_to_side_loudness_range": 5.758760452270508,
      "side_mean": -58.802085876464844
    },
    {
      "high_freq": 7314.1640625,
      "loudness": -68.0617904663086,
      "loudness_range": 28.697891235351562,
      "low_freq": 4349.24462890625,
      "mid_mean": -65.42817687988281,
      "mid_to_side_loudness": -0.35552453994750977,
      "mid_to_side_loudness_range": 3.8309128284454346,
      "side_mean": -65.57627868652344
    },
    {
      "high_freq": 12199.2666015625,
      "loudness": -75.76870727539062,
      "loudness_range": 10.086456298828125,
      "low_freq": 7314.1640625,
      "mid_mean": -68.56554412841797,
      "mid_to_side_loudness": -0.037358615547418594,
      "mid_to_side_loudness_range": 1.1523240804672241,
      "side_mean": -68.5638427734375
    },
    {
      "loudness": -75.54859161376953,
      "loudness_range": 3.6032638549804688,
      "low_freq": 12199.2666015625,
      "mid_mean": -68.76575469970703,
      "mid_to_side_loudness": -0.11595239490270615,
      "mid_to_side_loudness_range": 0.5452747344970703,
      "side_mean": -68.78535461425781
    }
  ],
  "bands_short": [
    {
      "high_freq": 148.1999969482422,
      "loudness": -51.274139404296875,
      "loudness_range": 28.926406860351562,
      "mid_mean": -47.9484977722168,
      "mid_to_side_loudness": -12.164467811584473,
      "mid_to_side_loudness_range": 14.532599449157715,
      "side_mean": -59.53022384643555
    },
    {
      "high_freq": 392.3793640136719,
      "loudness": -33.50835037231445,
      "loudness_range": 21.929683685302734,
      "low_freq": 148.1999969482422,
      "mid_mean": -30.512571334838867,
      "mid_to_side_loudness": -10.021602630615234,
      "mid_to_side_loudness_range": 11.194184303283691,
      "side_mean": -40.367218017578125
    },
    {
      "high_freq": 794.6976318359375,
      "loudness": -32.63609313964844,
      "loudness_range": 25.964937210083008,
      "low_freq": 392.3793640136719,
      "mid_mean": -30.48787498474121,
      "mid_to_side_loudness": -5.799640655517578,
      "mid_to_side_loudness_range": 8.694929122924805,
      "side_mean": -36.12200927734375
    },
    {
      "high_freq": 1457.5709228515625,
      "loudness": -42.196327209472656,
      "loudness_range": 29.256013870239258,
      "low_freq": 794.6976318359375,
      "mid_mean": -41.928924560546875,
      "mid_to_side_loudness": -0.4124724566936493,
      "mid_to_side_loudness_range": 9.083921432495117,
      "side_mean": -42.3916015625
    },
    {
      "high_freq": 2549.74365234375,
      "loudness": -47.19396209716797,
      "loudness_range": 33.03778839111328,
      "low_freq": 1457.5709228515625,
      "mid_mean": -47.0267333984375,
      "mid_to_side_loudness": -2.180418014526367,
      "mid_to_side_loudness_range": 8.810256004333496,
      "side_mean": -51.0039176940918
    },
    {
      "high_freq": 4349.24462890625,
      "loudness": -55.75162124633789,
      "loudness_range": 33.802955627441406,
      "low_freq": 2549.74365234375,
      "mid_mean": -58.64747619628906,
      "mid_to_side_loudness": -0.09918250143527985,
      "mid_to_side_loudness_range": 7.2776079177856445,
      "side_mean": -58.64469528198242
    },
    {
      "high_freq": 7314.1640625,
      "loudness": -69.69247436523438,
      "loudness_range": 28.33971405029297,
      "low_freq": 4349.24462890625,
      "mid_mean": -65.66273498535156,
      "mid_to_side_loudness": -0.32710564136505127,
      "mid_to_side_loudness_range": 4.4875335693359375,
      "side_mean": -65.81716918945312
    },
    {
      "high_freq": 12199.2666015625,
      "loudness": -76.04244232177734,
      "loudness_range": 8.880523681640625,
      "low_freq": 7314.1640625,
      "mid_mean": -68.6953353881836,
      "mid_to_side_loudness": -0.024118177592754364,
      "mid_to_side_loudness_range": 2.078188180923462,
      "side_mean": -68.6897201538086
    },
    {
      "loudness": -75.55760955810547,
      "loudness_range": 3.6165924072265625,
      "low_freq": 12199.2666015625,
      "mid_mean": -68.76834106445312,
      "mid_to_side_loudness": -0.10746435821056366,
      "mid_to_side_loudness_range": 1.3375132083892822,
      "side_mean": -68.78839111328125
    }
  ],
  "channels": 2,
  "covariance": [
    [
      84.46627807617188,
      61.821224212646484,
      45.490867614746094,
      44.05390167236328,
      57.01908493041992,
      52.843563079833984,
      59.80415344238281,
      63.26936721801758,
      79.0898666381836,
      90.5905990600586,
      78.02369689941406,
      78.0122299194336,
      44.102237701416016,
      44.1234016418457,
      9.44139575958252,
      9.243049621582031,
      2.5973167419433594,
      2.433412551879883
    ],
    [
      61.821224212646484,
      54.68576431274414,
      35.5352668762207,
      36.149234771728516,
      46.286964416503906,
      42.97908020019531,
      47.946807861328125,
      50.73973846435547,
      62.62031936645508,
      78.90230560302734,
      66.0041732788086,
      65.76103210449219,
      36.08867263793945,
      36.091331481933594,
      8.152718544006348,
      8.005346298217773,
      2.6073179244995117,
      2.4768946170806885
    ],
    [
      45.490867614746094,
      35.5352668762207,
      54.64875030517578,
      46.3940315246582,
      45.069766998291016,
      40.920528411865234,
      52.07722854614258,
      51.29637908935547,
      67.39972686767578,
      71.98933410644531,
      58.81937789916992,
      59.657596588134766,
      31.471464157104492,
      31.07277488708496,
      6.168124675750732,
      6.121800899505615,
      1.7390633821487427,
      1.6372836828231812
    ],
    [
      44.05390167236328,
      36.149234771728516,
      46.3940315246582,
      53.74674987792969,
      49.19694900512695,
      44.23179244995117,
      52.493778228759766,
      52.2657470703125,
      66.66558074951172,
      73.45288848876953,
      59.831485748291016,
      60.35708999633789,
      31.1556453704834,
      30.61332130432129,
      5.786933422088623,
      5.738742351531982,
      1.7030192613601685,
      1.5951508283615112
    ],
    [
      57.01908493041992,
      46.286964416503906,
      45.069766998291016,
      49.19694900512695,
      85.33121490478516,
      76.19972229003906,
      74.80159759521484,
      75.8490982055664,
      90.6740951538086,
      99.51942443847656,
      89.52609252929688,
      87.2734375,
      44.51258087158203,
      43.60713195800781,
      7.420223236083984,
      7.170199394226074,
      2.4049746990203857,
      2.1870174407958984
    ],
    [
      52.843563079833984,
      42.97908020019531,
      40.920528411865234,
      44.23179244995117,
      76.19972229003906,
      77.65055847167969,
      74.45515441894531,
      75.55094146728516,
      88.69035339355469,
      92.38191223144531,
      86.44297790527344,
      84.00125885009766,
      44.155921936035156,
      43.72922897338867,
      7.742978096008301,
      7.4905195236206055,
      2.394379138946533,
      2.2063474655151367
    ],
    [
      59.80415344238281,
      47.946807861328125,
      52.07722854614258,
      52.493778228759766,
      74.80159759521484,
      74.45515441894531,
      99.43091583251953,
      96.93331909179688,
      110.60786437988281,
      112.70955657958984,
      101.9685287475586,
      101.03073120117188,
      52.55080032348633,
      51.75319290161133,
      10.658134460449219,
      10.502313613891602,
      2.9184672832489014,
      2.757030963897705
    ],
    [
      63.26936721801758,
      50.73973846435547,
      51.29637908935547,
      52.2657470703125,
      75.8490982055664,
      75.55094146728516,
      96.93331909179688,
      102.99930572509766,
      111.45173645019531,
      114.16668701171875,
      103.4517593383789,
      102.69363403320312,
      53.853065490722656,
      52.889015197753906,
      10.827709197998047,
      10.653778076171875,
      2.9471113681793213,
      2.7972805500030518
    ],
    [
      79.0898666381836,
      62.62031936645508,
      67.39972686767578,
      66.66558074951172,
      90.6740951538086,
      88.69035339355469,
      110.60786437988281,
      111.45173645019531,
      143.68887329101562,
      140.45809936523438,
      125.752685546875,
      126.06525421142578,
      66.30658721923828,
      65.3421859741211,
      13.337223052978516,
      13.090923309326172,
      3.671863555908203,
      3.468430519104004
    ],
    [
      90.5905990600586,
      78.90230560302734,
      71.98933410644531,
      73.45288848876953,
      99.51942443847656,
      92.38191223144531,
      112.70955657958984,
      114.16668701171875,
      140.45809936523438,
      167.47296142578125,
      136.43385314941406,
      136.5745391845703,
      68.89563751220703,
      67.43094635009766,
      13.838783264160156,
      13.70828628540039,
      4.5519118309021,
      4.315155982971191
    ],
    [
      78.02369689941406,
      66.0041732788086,
      58.81937789916992,
      59.831485748291016,
      89.52609252929688,
      86.44297790527344,
      101.9685287475586,
      103.4517593383789,
      125.752685546875,
      136.43385314941406,
      128.34829711914062,
      126.53865051269531,
      67.50005340576172,
      66.6994400024414,
      13.579682350158691,
      13.30591106414795,
      4.12509298324585,
      3.888715982437134
    ],
    [
      78.0122299194336,
      65.76103210449219,
      59.657596588134766,
      60.35708999633789,
      87.2734375,
      84.00125885009766,
      101.03073120117188,
      102.69363403320312,
      126.06525421142578,
      136.5745391845703,
      126.53865051269531,
      127.3958740234375,
      67.22801208496094,
      66.1781234741211,
      13.572185516357422,
      13.358885765075684,
      4.085118770599365,
      3.8601770401000977
    ],
    [
      44.102237701416016,
      36.08867263793945,
      31.471464157104492,
      31.1556453704834,
      44.51258087158203,
      44.155921936035156,
      52.55080032348633,
      53.853065490722656,
      66.30658721923828,
      68.89563751220703,
      67.50005340576172,
      67.22801208496094,
      41.75876235961914,
      41.59538269042969,
      9.143099784851074,
      9.025347709655762,
      2.523775577545166,
      2.3889174461364746
    ],
    [
      44.1234016418457,
      36.091331481933594,
      31.07277488708496,
      30.61332130432129,
      43.60713195800781,
      43.72922897338867,
      51.75319290161133,
      52.889015197753906,
      65.3421859741211,
      67.43094635009766,
      66.6994400024414,
      66.1781234741211,
      41.59538269042969,
      42.505741119384766,
      9.477245330810547,
      9.357752799987793,
      2.5664761066436768,
      2.4347708225250244
    ],
    [
      9.44139575958252,
      8.152718544006348,
      6.168124675750732,
      5.786933422088623,
      7.420223236083984,
      7.742978096008301,
      10.658134460449219,
      10.827709197998047,
      13.337223052978516,
      13.838783264160156,
      13.579682350158691,
      13.572185516357422,
      9.143099784851074,
      9.477245330810547,
      3.4948692321777344,
      3.3547523021698,
      0.7698140144348145,
      0.7488393783569336
    ],
    [
      9.243049621582031,
      8.005346298217773,
      6.121800899505615,
      5.738742351531982,
      7.170199394226074,
      7.4905195236206055,
      10.502313613891602,
      10.653778076171875,
      13.090923309326172,
      13.70828628540039,
      13.30591106414795,
      13.358885765075684,
      9.025347709655762,
      9.357752799987793,
      3.3547523021698,
      3.3276255130767822,
      0.7546981573104858,
      0.7369154691696167
    ],
    [
      2.5973167419433594,
      2.6073179244995117,
      1.7390633821487427,
      1.7030192613601685,
      2.4049746990203857,
      2.394379138946533,
      2.9184672832489014,
      2.9471113681793213,
      3.671863555908203,
      4.5519118309021,
      4.12509298324585,
      4.085118770599365,
      2.523775577545166,
      2.5664761066436768,
      0.7698140144348145,
      0.7546981573104858,
      0.2323056161403656,
      0.22293661534786224
    ],
    [
      2.433412551879883,
      2.4768946170806885,
      1.6372836828231812,
      1.5951508283615112,
      2.1870174407958984,
      2.2063474655151367,
      2.757030963897705,
      2.7972805500030518,
      3.468430519104004,
      4.315155982971191,
      3.888715982437134,
      3.8601770401000977,
      2.3889174461364746,
      2.4347708225250244,
      0.7488393783569336,
      0.7369154691696167,
      0.22293661534786224,
      0.21697120368480682
    ]
  ],
  "covariance_short": [
    [
      91.10965728759766,
      55.87410354614258,
      45.30419921875,
      40.880401611328125,
      56.508419036865234,
      53.92897415161133,
      62.165164947509766,
      64.13446044921875,
      77.83773803710938,
      85.3812026977539,
      75.90019226074219,
      75.72142791748047,
      41.57502365112305,
      41.844207763671875,
      7.5015153884887695,
      7.351717472076416,
      2.5331430435180664,
      2.358313798904419
    ],
    [
      55.87410354614258,
      46.488685607910156,
      32.423885345458984,
      31.37205696105957,
      43.51339340209961,
      41.366798400878906,
      47.520503997802734,
      48.84059524536133,
      58.17461013793945,
      69.37419128417969,
      59.9965705871582,
      59.92813491821289,
      31.576772689819336,
      31.74359130859375,
      5.944128036499023,
      5.866909503936768,
      2.2951090335845947,
      2.1666910648345947
    ],
    [
      45.30419921875,
      32.423885345458984,
      62.388397216796875,
      51.48370361328125,
      47.851318359375,
      43.56935119628906,
      55.530757904052734,
      56.8907585144043,
      69.96879577636719,
      73.97050476074219,
      61.34628677368164,
      62.01941680908203,
      31.349279403686523,
      30.868009567260742,
      5.382051944732666,
      5.332242012023926,
      1.7851204872131348,
      1.6643867492675781
    ],
    [
      40.880401611328125,
      31.37205696105957,
      51.48370361328125,
      58.916812896728516,
      49.095970153808594,
      45.304683685302734,
      54.78560256958008,
      56.36910629272461,
      67.95174407958984,
      72.77458953857422,
      60.646087646484375,
      61.19913864135742,
      30.125808715820312,
      29.58072853088379,
      4.919448375701904,
      4.873766899108887,
      1.685568928718567,
      1.563685655593872
    ],
    [
      56.508419036865234,
      43.51339340209961,
      47.851318359375,
      49.095970153808594,
      88.63448333740234,
      79.32673645019531,
      79.54377746582031,
      80.4585952758789,
      92.95431518554688,
      99.02381134033203,
      90.41207885742188,
      90.47650146484375,
      42.89078903198242,
      41.79341125488281,
      6.496895790100098,
      6.250174522399902,
      2.4927005767822266,
      2.245917320251465
    ],
    [
      53.92897415161133,
      41.366798400878906,
      43.56935119628906,
      45.304683685302734,
      79.32673645019531,
      82.48413848876953,
      79.3703842163086,
      80.65310668945312,
      90.39122772216797,
      92.97198486328125,
      87.62924194335938,
      87.07771301269531,
      42.70806121826172,
      42.027992248535156,
      6.622797966003418,
      6.4101786613464355,
      2.4385757446289062,
      2.232260227203369
    ],
    [
      62.165164947509766,
      47.520503997802734,
      55.530757904052734,
      54.78560256958008,
      79.54377746582031,
      79.3703842163086,
      105.486328125,
      101.63827514648438,
      113.51567077636719,
      114.12742614746094,
      104.63088989257812,
      103.97693634033203,
      51.181495666503906,
      50.207252502441406,
      9.012630462646484,
      8.815256118774414,
      2.976377010345459,
      2.784597158432007
    ],
    [
      64.13446044921875,
      48.84059524536133,
      56.8907585144043,
      56.36910629272461,
      80.4585952758789,
      80.65310668945312,
      101.63827514648438,
      110.09742736816406,
      113.45245361328125,
      117.07540130615234,
      106.45821380615234,
      106.46894836425781,
      52.47291946411133,
      51.1278190612793,
      9.151556968688965,
      8.96280288696289,
      3.0040173530578613,
      2.8306427001953125
    ],
    [
      77.83773803710938,
      58.17461013793945,
      69.96879577636719,
      67.95174407958984,
      92.95431518554688,
      90.39122772216797,
      113.51567077636719,
      113.45245361328125,
      146.2744903564453,
      140.64028930664062,
      126.51457214355469,
      127.30091857910156,
      63.20849609375,
      61.859710693359375,
      10.971217155456543,
      10.669953346252441,
      3.6221566200256348,
      3.3896865844726562
    ],
    [
      85.3812026977539,
      69.37419128417969,
      73.97050476074219,
      72.77458953857422,
      99.02381134033203,
      92.97198486328125,
      114.12742614746094,
      117.07540130615234,
      140.64028930664062,
      164.14199829101562,
      135.0814666748047,
      136.15025329589844,
      65.193359375,
      63.467830657958984,
      11.520500183105469,
      11.374504089355469,
      4.454926013946533,
      4.207981109619141
    ],
    [
      75.90019226074219,
      59.9965705871582,
      61.34628677368164,
      60.646087646484375,
      90.41207885742188,
      87.62924194335938,
      104.63088989257812,
      106.45821380615234,
      126.51457214355469,
      135.0814666748047,
      129.58946228027344,
      128.29891967773438,
      64.82612609863281,
      63.480712890625,
      11.24050521850586,
      10.997273445129395,
      4.095035552978516,
      3.827331304550171
    ],
    [
      75.72142791748047,
      59.92813491821289,
      62.01941680908203,
      61.19913864135742,
      90.47650146484375,
      87.07771301269531,
      103.97693634033203,
      106.46894836425781,
      127.30091857910156,
      136.15025329589844,
      128.29891967773438,
      131.14744567871094,
      64.95658111572266,
      63.21501159667969,
      11.235279083251953,
      11.033976554870605,
      4.081483840942383,
      3.81988787651062
    ],
    [
      41.57502365112305,
      31.576772689819336,
      31.349279403686523,
      30.125808715820312,
      42.89078903198242,
      42.70806121826172,
      51.181495666503906,
      52.47291946411133,
      63.20849609375,
      65.193359375,
      64.82612609863281,
      64.95658111572266,
      39.94273376464844,
      39.146461486816406,
      7.670938491821289,
      7.569549083709717,
      2.4874556064605713,
      2.3431038856506348
    ],
    [
      41.844207763671875,
      31.74359130859375,
      30.868009567260742,
      29.58072853088379,
      41.79341125488281,
      42.027992248535156,
      50.207252502441406,
      51.1278190612793,
      61.859710693359375,
      63.467830657958984,
      63.480712890625,
      63.21501159667969,
      39.146461486816406,
      40.02218246459961,
      7.8520402908325195,
      7.752107620239258,
      2.5090506076812744,
      2.3688435554504395
    ],
    [
      7.5015153884887695,
      5.944128036499023,
      5.382051944732666,
      4.919448375701904,
      6.496895790100098,
      6.622797966003418,
      9.012630462646484,
      9.151556968688965,
      10.971217155456543,
      11.520500183105469,
      11.24050521850586,
      11.235279083251953,
      7.670938491821289,
      7.8520402908325195,
      2.8036978244781494,
      2.6550490856170654,
      0.7374588251113892,
      0.7111627459526062
    ],
    [
      7.351717472076416,
      5.866909503936768,
      5.332242012023926,
      4.873766899108887,
      6.250174522399902,
      6.4101786613464355,
      8.815256118774414,
      8.96280288696289,
      10.669953346252441,
      11.374504089355469,
      10.997273445129395,
      11.033976554870605,
      7.569549083709717,
      7.752107620239258,
      2.6550490856170654,
      2.701702117919922,
      0.7168698310852051,
      0.6960452198982239
    ],
    [
      2.5331430435180664,
      2.2951090335845947,
      1.7851204872131348,
      1.685568928718567,
      2.4927005767822266,
      2.4385757446289062,
      2.976377010345459,
      3.0040173530578613,
      3.6221566200256348,
      4.454926013946533,
      4.095035552978516,
      4.081483840942383,
      2.4874556064605713,
      2.5090506076812744,
      0.7374588251113892,
      0.7168698310852051,
      0.2719017565250397,
      0.2543085217475891
    ],
    [
      2.358313798904419,
      2.1666910648345947,
      1.6643867492675781,
      1.563685655593872,
      2.245917320251465,
      2.232260227203369,
      2.784597158432007,
      2.8306427001953125,
      3.3896865844726562,
      4.207981109619141,
      3.827331304550171,
      3.81988787651062,
      2.3431038856506348,
      2.3688435554504395,
      0.7111627459526062,
      0.6960452198982239,
      0.2543085217475891,
      0.252718985080719
    ]
  ],
  "drr": 8.131608963012695,
  "dynamics": 6.682497024536133,
  "format": 1245190,
  "frames": 4935680,
  "loudness": -23.9300537109375,
  "loudness_range": 21.206302642822266,
  "loudness_range_short": 22.257080078125,
  "peak": -0.851624071598053,
  "rms": -22.504371643066406,
  "sample_rate": 44100,
  "sections": 1,
  "seekable": 1,
  "sharpness": 2.345343828201294,
  "space": -6.826297283172607
}