{
  "bands": [
    {
      "high_freq": 148.1999969482422,
      "loudness": -43.01762771606445,
      "loudness_range": 20.324344635009766,
      "mid_mean": -40.6846809387207,
      "mid_to_side_loudness": -5.9032063484191895,
      "mid_to_side_loudness_range": 11.968606948852539,
      "side_mean": -47.07255554199219
    },
    {
      "high_freq": 392.3793640136719,
      "loudness": -29.929092407226562,
      "loudness_range": 15.21584701538086,
      "low_freq": 148.1999969482422,
      "mid_mean": -27.404569625854492,
      "mid_to_side_loudness": -5.657125473022461,
      "mid_to_side_loudness_range": 9.547213554382324,
      "side_mean": -33.258174896240234
    },
    {
      "high_freq": 794.6976318359375,
      "loudness": -26.566448211669922,
      "loudness_range": 15.309783935546875,
      "low_freq": 392.3793640136719,
      "mid_mean": -23.978504180908203,
      "mid_to_side_loudness": -5.990128993988037,
      "mid_to_side_loudness_range": 8.894548416137695,
      "side_mean": -30.09494400024414
    },
    {
      "high_freq": 1457.5709228515625,
      "loudness": -30.10295867919922,
      "loudness_range": 17.068889617919922,
      "low_freq": 794.6976318359375,
      "mid_mean": -27.27387046813965,
      "mid_to_side_loudness": -7.629426002502441,
      "mid_to_side_loudness_range": 10.220392227172852,
      "side_mean": -35.00597381591797
    },
    {
      "high_freq": 2549.74365234375,
      "loudness": -34.682823181152344,
      "loudness_range": 16.207504272460938,
      "low_freq": 1457.5709228515625,
      "mid_mean": -31.517061233520508,
      "mid_to_side_loudness": -9.340831756591797,
      "mid_to_side_loudness_range": 9.201774597167969,
      "side_mean": -41.15608596801758
    },
    {
      "high_freq": 4349.24462890625,
      "loudness": -35.338924407958984,
      "loudness_range": 19.56242561340332,
      "low_freq": 2549.74365234375,
      "mid_mean": -32.04844284057617,
      "mid_to_side_loudness": -10.769169807434082,
      "mid_to_side_loudness_range": 8.449464797973633,
      "side_mean": -43.062294006347656
    },
    {
      "high_freq": 7314.1640625,
      "loudness": -49.396453857421875,
      "loudness_range": 21.010242462158203,
      "low_freq": 4349.24462890625,
      "mid_mean": -46.03548049926758,
      "mid_to_side_loudness": -11.330917358398438,
      "mid_to_side_loudness_range": 5.444623947143555,
      "side_mean": -57.48275375366211
    },
    {
      "high_freq": 12199.2666015625,
      "loudness": -59.88380432128906,
      "loudness_range": 23.367542266845703,
      "low_freq": 7314.1640625,
      "mid_mean": -56.440059661865234,
      "mid_to_side_loudness": -10.800517082214355,
      "mid_to_side_loudness_range": 5.501313209533691,
      "side_mean": -64.65214538574219
    },
    {
      "loudness": -66.0645751953125,
      "loudness_range": 21.006454467773438,
      "low_freq": 12199.2666015625,
      "mid_mean": -61.48417282104492,
      "mid_to_side_loudness": -10.417518615722656,
      "mid_to_side_loudness_range": 6.378007888793945,
      "side_mean": -67.62056732177734
    }
  ],
  "bands_short": [
    {
      "high_freq": 148.1999969482422,
      "loudness": -48.52981948852539,
      "loudness_range": 26.02326202392578,
      "mid_mean": -46.7310791015625,
      "mid_to_side_loudness": -7.243438243865967,
      "mid_to_side_loudness_range": 19.653026580810547,
      "side_mean": -54.49781799316406
    },
    {
      "high_freq": 392.3793640136719,
      "loudness": -32.67074203491211,
      "loudness_range": 18.089921951293945,
      "low_freq": 148.1999969482422,
      "mid_mean": -30.83306121826172,
      "mid_to_side_loudness": -4.241049289703369,
      "mid_to_side_loudness_range": 13.655731201171875,
      "side_mean": -35.14143371582031
    },
    {
      "high_freq": 794.6976318359375,
      "loudness": -27.123659133911133,
      "loudness_range": 17.663681030273438,
      "low_freq": 392.3793640136719,
      "mid_mean": -24.922513961791992,
      "mid_to_side_loudness": -5.418347358703613,
      "mid_to_side_loudness_range": 13.585102081298828,
      "side_mean": -30.437227249145508
    },
    {
      "high_freq": 1457.5709228515625,
      "loudness": -30.736600875854492,
      "loudness_range": 19.376651763916016,
      "low_freq": 794.6976318359375,
      "mid_mean": -28.33199691772461,
      "mid_to_side_loudness": -6.6163482666015625,
      "mid_to_side_loudness_range": 14.94904613494873,
      "side_mean": -35.09209060668945
    },
    {
      "high_freq": 2549.74365234375,
      "loudness": -36.55292510986328,
      "loudness_range": 20.343223571777344,
      "low_freq": 1457.5709228515625,
      "mid_mean": -33.840179443359375,
      "mid_to_side_loudness": -7.73340368270874,
      "mid_to_side_loudness_range": 14.202448844909668,
      "side_mean": -41.8558464050293
    },
    {
      "high_freq": 4349.24462890625,
      "loudness": -37.33672332763672,
      "loudness_range": 25.151317596435547,
      "low_freq": 2549.74365234375,
      "mid_mean": -34.483116149902344,
      "mid_to_side_loudness": -8.813502311706543,
      "mid_to_side_loudness_range": 14.928714752197266,
      "side_mean": -43.601016998291016
    },
    {
      "high_freq": 7314.1640625,
      "loudness": -51.94011688232422,
      "loudness_range": 27.865432739257812,
      "low_freq": 4349.24462890625,
      "mid_mean": -49.439632415771484,
      "mid_to_side_loudness": -9.478517532348633,
      "mid_to_side_loudness_range": 12.826624870300293,
      "side_mean": -58.58605194091797
    },
    {
      "high_freq": 12199.2666015625,
      "loudness": -61.949893951416016,
      "loudness_range": 28.21615982055664,
      "low_freq": 7314.1640625,
      "mid_mean": -58.81287384033203,
      "mid_to_side_loudness": -9.380386352539062,
      "mid_to_side_loudness_range": 9.73641300201416,
      "side_mean": -65.4205551147461
    },
    {
      "loudness": -68.06135559082031,
      "loudness_range": 22.778839111328125,
      "low_freq": 12199.2666015625,
      "mid_mean": -62.782798767089844,
      "mid_to_side_loudness": -9.338455200195312,
      "mid_to_side_loudness_range": 8.26573371887207,
      "side_mean": -67.88309478759766
    }
  ],
  "channels": 2,
  "covariance": [
    [
      62.23617172241211,
      43.999839782714844,
      14.337977409362793,
      15.942680358886719,
      6.758888244628906,
      7.3282246589660645,
      2.6726624965667725,
      6.03098726272583,
      0.26619040966033936,
      3.752012252807617,
      2.9690558910369873,
      4.586808204650879,
      4.727632522583008,
      5.07975959777832,
      4.96853494644165,
      2.763143301010132,
      4.158357620239258,
      1.7074657678604126
    ],
    [
      43.999839782714844,
      49.610206604003906,
      14.827917098999023,
      13.500861167907715,
      10.268518447875977,
      11.27780818939209,
      5.646919250488281,
      7.889660358428955,
      2.6361472606658936,
      6.985395908355713,
      7.555682182312012,
      9.416845321655273,
      7.317889213562012,
      7.960813045501709,
      10.686670303344727,
      5.824965953826904,
      7.7912797927856445,
      2.719402313232422
    ],
    [
      14.337977409362793,
      14.827917098999023,
      32.16742706298828,
      23.415372848510742,
      9.72492790222168,
      10.397568702697754,
      8.88315486907959,
      8.154481887817383,
      5.169037342071533,
      6.870816230773926,
      5.875102996826172,
      5.8435750007629395,
      8.03089427947998,
      6.582674026489258,
      6.560969352722168,
      2.402270793914795,
      4.820777416229248,
      0.9989960789680481
    ],
    [
      15.942680358886719,
      13.500861167907715,
      23.415372848510742,
      28.113183975219727,
      10.570698738098145,
      11.335837364196777,
      9.650959014892578,
      9.461183547973633,
      6.56513786315918,
      7.822648048400879,
      7.238402366638184,
      6.992521286010742,
      10.441485404968262,
      9.5476655960083,
      10.202157974243164,
      4.6538519859313965,
      7.408545970916748,
      2.3242127895355225
    ],
    [
      6.758888244628906,
      10.268518447875977,
      9.72492790222168,
      10.570698738098145,
      32.77153396606445,
      27.062496185302734,
      22.90875244140625,
      21.834814071655273,
      22.494787216186523,
      22.6436767578125,
      27.71799659729004,
      26.21477699279785,
      27.85677719116211,
      25.433177947998047,
      30.32621955871582,
      17.539045333862305,
      22.494831085205078,
      8.407629013061523
    ],
    [
      7.3282246589660645,
      11.27780818939209,
      10.397568702697754,
      11.335837364196777,
      27.062496185302734,
      32.670135498046875,
      20.036663055419922,
      21.374393463134766,
      19.473615646362305,
      21.70804786682129,
      24.18441390991211,
      25.190488815307617,
      23.470121383666992,
      22.23587989807129,
      26.321142196655273,
      15.366838455200195,
      19.105066299438477,
      7.138566017150879
    ],
    [
      2.6726624965667725,
      5.646919250488281,
      8.88315486907959,
      9.650959014892578,
      22.90875244140625,
      20.036663055419922,
      36.67451095581055,
      27.321325302124023,
      24.336402893066406,
      23.02421760559082,
      29.126914978027344,
      26.576292037963867,
      32.95108413696289,
      28.412988662719727,
      32.97169494628906,
      19.335966110229492,
      25.540510177612305,
      10.221964836120605
    ],
    [
      6.03098726272583,
      7.889660358428955,
      8.154481887817383,
      9.461183547973633,
      21.834814071655273,
      21.374393463134766,
      27.321325302124023,
      30.830751419067383,
      20.58934211730957,
      23.643959045410156,
      25.626361846923828,
      26.340417861938477,
      27.818798065185547,
      26.11197280883789,
      29.735530853271484,
      17.833236694335938,
      22.48845863342285,
      9.261968612670898
    ],
    [
      0.26619040966033936,
      2.6361472606658936,
      5.169037342071533,
      6.56513786315918,
      22.494787216186523,
      19.473615646362305,
      24.336402893066406,
      20.58934211730957,
      32.37689971923828,
      25.195476531982422,
      32.04532241821289,
      28.4554443359375,
      34.028907775878906,
      28.86757469177246,
      34.006595611572266,
      19.970182418823242,
      25.515493392944336,
      10.039175033569336
    ],
    [
      3.752012252807617,
      6.985395908355713,
      6.870816230773926,
      7.822648048400879,
      22.6436767578125,
      21.70804786682129,
      23.02421760559082,
      23.643959045410156,
      25.195476531982422,
      28.04840850830078,
      27.990528106689453,
      28.88686752319336,
      28.982683181762695,
      27.24565887451172,
      31.511638641357422,
      18.306467056274414,
      22.886760711669922,
      8.999680519104004
    ],
    [
      2.9690558910369873,
      7.555682182312012,
      5.875102996826172,
      7.238402366638184,
      27.71799659729004,
      24.18441390991211,
      29.126914978027344,
      25.626361846923828,
      32.04532241821289,
      27.990528106689453,
      48.007171630859375,
      40.80744171142578,
      43.898075103759766,
      37.44935989379883,
      46.44962692260742,
      27.660839080810547,
      34.97081756591797,
      14.28429889678955
    ],
    [
      4.586808204650879,
      9.416845321655273,
      5.8435750007629395,
      6.992521286010742,
      26.21477699279785,
      25.190488815307617,
      26.576292037963867,
      26.340417861938477,
      28.4554443359375,
      28.88686752319336,
      40.80744171142578,
      41.90193557739258,
      38.49368667602539,
      34.771724700927734,
      41.76734161376953,
      25.02463722229004,
      30.969350814819336,
      12.733193397521973
    ],
    [
      4.727632522583008,
      7.317889213562012,
      8.03089427947998,
      10.441485404968262,
      27.85677719116211,
      23.470121383666992,
      32.95108413696289,
      27.818798065185547,
      34.028907775878906,
      28.982683181762695,
      43.898075103759766,
      38.49368667602539,
      52.244361877441406,
      42.65481948852539,
      49.71281433105469,
      29.783830642700195,
      38.47700881958008,
      16.143585205078125
    ],
    [
      5.07975959777832,
      7.960813045501709,
      6.582674026489258,
      9.5476655960083,
      25.433177947998047,
      22.23587989807129,
      28.412988662719727,
      26.11197280883789,
      28.86757469177246,
      27.24565887451172,
      37.44935989379883,
      34.771724700927734,
      42.65481948852539,
      41.550811767578125,
      46.84245681762695,
      27.43840980529785,
      35.51477813720703,
      14.746221542358398
    ],
    [
      4.96853494644165,
      10.686670303344727,
      6.560969352722168,
      10.202157974243164,
      30.32621955871582,
      26.321142196655273,
      32.97169494628906,
      29.735530853271484,
      34.006595611572266,
      31.511638641357422,
      46.44962692260742,
      41.76734161376953,
      49.71281433105469,
      46.84245681762695,
      59.960418701171875,
      34.56031799316406,
      43.592002868652344,
      17.890575408935547
    ],
    [
      2.763143301010132,
      5.824965953826904,
      2.402270793914795,
      4.6538519859313965,
      17.539045333862305,
      15.366838455200195,
      19.335966110229492,
      17.833236694335938,
      19.970182418823242,
      18.306467056274414,
      27.660839080810547,
      25.02463722229004,
      29.783830642700195,
      27.43840980529785,
      34.56031799316406,
      21.44932746887207,
      26.45481300354004,
      11.700339317321777
    ],
    [
      4.158357620239258,
      7.7912797927856445,
      4.820777416229248,
      7.408545970916748,
      22.494831085205078,
      19.105066299438477,
      25.540510177612305,
      22.48845863342285,
      25.515493392944336,
      22.886760711669922,
      34.97081756591797,
      30.969350814819336,
      38.47700881958008,
      35.51477813720703,
      43.592002868652344,
      26.45481300354004,
      35.117340087890625,
      15.301255226135254
    ],
    [
      1.7074657678604126,
      2.719402313232422,
      0.9989960789680481,
      2.3242127895355225,
      8.407629013061523,
      7.138566017150879,
      10.221964836120605,
      9.261968612670898,
      10.039175033569336,
      8.999680519104004,
      14.28429889678955,
      12.733193397521973,
      16.143585205078125,
      14.746221542358398,
      17.890575408935547,
      11.700339317321777,
      15.301255226135254,
      7.65154504776001
    ]
  ],
  "covariance_short": [
    [
      96.57978057861328,
      51.16672134399414,
      32.39168930053711,
      26.335561752319336,
      12.684732437133789,
      10.15294361114502,
      9.18027400970459,
      8.7977294921875,
      3.068462371826172,
      3.9485254287719727,
      6.68295955657959,
      6.15587043762207,
      11.250816345214844,
      8.007915496826172,
      8.616235733032227,
      5.100388050079346,
      6.622930526733398,
      3.281142234802246
    ],
    [
      51.16672134399414,
      57.409603118896484,
      20.452178955078125,
      18.042621612548828,
      12.731539726257324,
      10.915815353393555,
      9.244926452636719,
      8.865118026733398,
      4.991826057434082,
      5.765532970428467,
      8.351034164428711,
      8.063483238220215,
      11.062071800231934,
      12.514145851135254,
      12.21251392364502,
      6.465494632720947,
      9.124114036560059,
      3.6156413555145264
    ],
    [
      32.39168930053711,
      20.452178955078125,
      54.16345977783203,
      32.67170333862305,
      15.125081062316895,
      10.194575309753418,
      7.314797401428223,
      5.564952373504639,
      2.9399778842926025,
      3.3304049968719482,
      1.2957457304000854,
      0.47933968901634216,
      5.5223708152771,
      1.516514539718628,
      1.2141906023025513,
      -0.7503557801246643,
      0.2708800435066223,
      -0.878485918045044
    ],
    [
      26.335561752319336,
      18.042621612548828,
      32.67170333862305,
      35.1834602355957,
      12.25255012512207,
      11.236571311950684,
      7.291314601898193,
      6.615617752075195,
      4.470854759216309,
      5.328421115875244,
      3.6263656616210938,
      3.6910958290100098,
      8.137923240661621,
      4.740399360656738,
      4.590427875518799,
      1.636389970779419,
      2.6930315494537354,
      0.40804365277290344
    ],
    [
      12.684732437133789,
      12.731539726257324,
      15.125081062316895,
      12.25255012512207,
      45.18449783325195,
      29.786453247070312,
      28.399913787841797,
      21.498825073242188,
      30.407306671142578,
      24.05964469909668,
      35.71275329589844,
      28.034624099731445,
      37.5290641784668,
      26.94184684753418,
      31.92214584350586,
      16.74165916442871,
      21.548738479614258,
      7.067906856536865
    ],
    [
      10.15294361114502,
      10.915815353393555,
      10.194575309753418,
      11.236571311950684,
      29.786453247070312,
      37.79731750488281,
      21.829378128051758,
      19.992536544799805,
      22.233922958374023,
      21.454851150512695,
      27.365503311157227,
      25.388877868652344,
      28.531856536865234,
      22.04123306274414,
      24.653982162475586,
      13.422876358032227,
      16.803747177124023,
      6.066778182983398
    ],
    [
      9.18027400970459,
      9.244926452636719,
      7.314797401428223,
      7.291314601898193,
      28.399913787841797,
      21.829378128051758,
      51.50128173828125,
      30.184101104736328,
      35.50026321411133,
      26.347055435180664,
      43.38945770263672,
      31.53142738342285,
      48.164344787597656,
      34.58388137817383,
      40.07094955444336,
      22.130390167236328,
      29.60529327392578,
      11.614794731140137
    ],
    [
      8.7977294921875,
      8.865118026733398,
      5.564952373504639,
      6.615617752075195,
      21.498825073242188,
      19.992536544799805,
      30.184101104736328,
      36.344459533691406,
      22.637744903564453,
      23.12929344177246,
      28.52434730529785,
      26.054800033569336,
      32.02550506591797,
      26.05657386779785,
      27.308427810668945,
      15.893570899963379,
      20.052396774291992,
      8.298130989074707
    ],
    [
      3.068462371826172,
      4.991826057434082,
      2.9399778842926025,
      4.470854759216309,
      30.407306671142578,
      22.233922958374023,
      35.50026321411133,
      22.637744903564453,
      55.46205520629883,
      31.740501403808594,
      55.184059143066406,
      37.052345275878906,
      58.52174377441406,
      39.652000427246094,
      48.833702087402344,
      25.48133659362793,
      33.743717193603516,
      12.304615020751953
    ],
    [
      3.9485254287719727,
      5.765532970428467,
      3.3304049968719482,
      5.328421115875244,
      24.05964469909668,
      21.454851150512695,
      26.347055435180664,
      23.12929344177246,
      31.740501403808594,
      32.68874740600586,
      35.49689865112305,
      31.211654663085938,
      38.121681213378906,
      29.41522979736328,
      32.819984436035156,
      17.98963165283203,
      22.62755012512207,
      8.692198753356934
    ],
    [
      6.68295955657959,
      8.351034164428711,
      1.2957457304000854,
      3.6263656616210938,
      35.71275329589844,
      27.365503311157227,
      43.38945770263672,
      28.52434730529785,
      55.184059143066406,
      35.49689865112305,
      82.89612579345703,
      52.21310806274414,
      77.16786193847656,
      52.48847198486328,
      67.79630279541016,
      35.639625549316406,
      46.77933883666992,
      17.389028549194336
    ],
    [
      6.15587043762207,
      8.063483238220215,
      0.47933968901634216,
      3.6910958290100098,
      28.034624099731445,
      25.388877868652344,
      31.53142738342285,
      26.054800033569336,
      37.052345275878906,
      31.211654663085938,
      52.21310806274414,
      48.44843292236328,
      50.077056884765625,
      38.82584762573242,
      45.80034255981445,
      25.624011993408203,
      32.08057403564453,
      12.675539016723633
    ],
    [
      11.250816345214844,
      11.062071800231934,
      5.5223708152771,
      8.137923240661621,
      37.5290641784668,
      28.531856536865234,
      48.164344787597656,
      32.02550506591797,
      58.52174377441406,
      38.121681213378906,
      77.16786193847656,
      50.077056884765625,
      97.65860748291016,
      62.87636184692383,
      77.32378387451172,
      39.92823791503906,
      53.90900421142578,
      20.156330108642578
    ],
    [
      8.007915496826172,
      12.514145851135254,
      1.516514539718628,
      4.740399360656738,
      26.94184684753418,
      22.04123306274414,
      34.58388137817383,
      26.05657386779785,
      39.652000427246094,
      29.41522979736328,
      52.48847198486328,
      38.82584762573242,
      62.87636184692383,
      48.7850341796875,
      54.195823669433594,
      29.548686981201172,
      38.76832962036133,
      15.324494361877441
    ],
    [
      8.616235733032227,
      12.21251392364502,
      1.2141906023025513,
      4.590427875518799,
      31.92214584350586,
      24.653982162475586,
      40.07094955444336,
      27.308427810668945,
      48.833702087402344,
      32.819984436035156,
      67.79630279541016,
      45.80034255981445,
      77.32378387451172,
      54.195823669433594,
      75.04857635498047,
      39.754642486572266,
      51.45862579345703,
      19.88247299194336
    ],
    [
      5.100388050079346,
      6.465494632720947,
      -0.7503557801246643,
      1.636389970779419,
      16.74165916442871,
      13.422876358032227,
      22.130390167236328,
      15.893570899963379,
      25.48133659362793,
      17.98963165283203,
      35.639625549316406,
      25.624011993408203,
      39.92823791503906,
      29.548686981201172,
      39.754642486572266,
      23.415660858154297,
      28.700538635253906,
      12.18443775177002
    ],
    [
      6.622930526733398,
      9.124114036560059,
      0.2708800435066223,
      2.6930315494537354,
      21.548738479614258,
      16.803747177124023,
      29.60529327392578,
      20.052396774291992,
      33.743717193603516,
      22.62755012512207,
      46.77933883666992,
      32.08057403564453,
      53.90900421142578,
      38.76832962036133,
      51.45862579345703,
      28.700538635253906,
      39.4481086730957,
      16.196788787841797
    ],
    [
      3.281142234802246,
      3.6156413555145264,
      -0.878485918045044,
      0.40804365277290344,
      7.067906856536865,
      6.066778182983398,
      11.614794731140137,
      8.298130989074707,
      12.304615020751953,
      8.692198753356934,
      17.389028549194336,
      12.675539016723633,
      20.156330108642578,
      15.324494361877441,
      19.88247299194336,
      12.18443775177002,
      16.196788787841797,
      7.87377405166626
    ]
  ],
  "drr": 11.427342414855957,
  "dynamics": 4.211638927459717,
  "format": 1245190,
  "frames": 5900288,
  "loudness": -18.42945671081543,
  "loudness_range": 11.89370346069336,
  "loudness_range_short": 15.013113975524902,
  "peak": -0.0051191640086472034,
  "rms": -19.803844451904297,
  "sample_rate": 44100,
  "sections": 1,
  "seekable": 1,
  "sharpness": 3.138186454772949,
  "space": -6.460520267486572
}