{
  "bands": [
    {
      "high_freq": 148.1999969482422,
      "loudness": -37.609336853027344,
      "loudness_range": 23.69927215576172,
      "mid_mean": -33.9030876159668,
      "mid_to_side_loudness": -71.49394226074219,
      "mid_to_side_loudness_range": 75.83439636230469,
      "side_mean": -70
    },
    {
      "high_freq": 392.3793640136719,
      "loudness": -27.272083282470703,
      "loudness_range": 15.574108123779297,
      "low_freq": 148.1999969482422,
      "mid_mean": -23.570405960083008,
      "mid_to_side_loudness": 0,
      "mid_to_side_loudness_range": 0,
      "side_mean": -70
    },
    {
      "high_freq": 794.6976318359375,
      "loudness": -28.917295455932617,
      "loudness_range": 21.484922409057617,
      "low_freq": 392.3793640136719,
      "mid_mean": -25.227352142333984,
      "mid_to_side_loudness": 0,
      "mid_to_side_loudness_range": 0,
      "side_mean": -70
    },
    {
      "high_freq": 1457.5709228515625,
      "loudness": -35.96088790893555,
      "loudness_range": 23.276763916015625,
      "low_freq": 794.6976318359375,
      "mid_mean": -32.2932014465332,
      "mid_to_side_loudness": -60.762535095214844,
      "mid_to_side_loudness_range": 59.42071533203125,
      "side_mean": -69.99986267089844
    },
    {
      "high_freq": 2549.74365234375,
      "loudness": -42.0307731628418,
      "loudness_range": 22.457897186279297,
      "low_freq": 1457.5709228515625,
      "mid_mean": -38.405887603759766,
      "mid_to_side_loudness": 0,
      "mid_to_side_loudness_range": 0,
      "side_mean": -70
    },
    {
      "high_freq": 4349.24462890625,
      "loudness": -41.38280487060547,
      "loudness_range": 27.02265739440918,
      "low_freq": 2549.74365234375,
      "mid_mean": -37.911888122558594,
      "mid_to_side_loudness": 0,
      "mid_to_side_loudness_range": 0,
      "side_mean": -70
    },
    {
      "high_freq": 7314.1640625,
      "loudness": -40.74026107788086,
      "loudness_range": 24.087862014770508,
      "low_freq": 4349.24462890625,
      "mid_mean": -38.1412353515625,
      "mid_to_side_loudness": -57.7103157043457,
      "mid_to_side_loudness_range": 69.81240844726562,
      "side_mean": -69.99987030029297
    },
    {
      "high_freq": 12199.2666015625,
      "loudness": -49.294227600097656,
      "loudness_range": 26.592575073242188,
      "low_freq": 7314.1640625,
      "mid_mean": -50.321414947509766,
      "mid_to_side_loudness": -51.00908660888672,
      "mid_to_side_loudness_range": 56.13115692138672,
      "side_mean": -69.99995422363281
    },
    {
      "loudness": -60.238616943359375,
      "loudness_range": 25.69107437133789,
      "low_freq": 12199.2666015625,
      "mid_mean": -56.113487243652344,
      "mid_to_side_loudness": -40.65617752075195,
      "mid_to_side_loudness_range": 48.200843811035156,
      "side_mean": -69.99996185302734
    }
  ],
  "bands_short": [
    {
      "high_freq": 148.1999969482422,
      "loudness": -41.457523345947266,
      "loudness_range": 25.711711883544922,
      "mid_mean": -37.756229400634766,
      "mid_to_side_loudness": -63.24647903442383,
      "mid_to_side_loudness_range": 22.124664306640625,
      "side_mean": -70
    },
    {
      "high_freq": 392.3793640136719,
      "loudness": -28.32939338684082,
      "loudness_range": 18.278209686279297,
      "low_freq": 148.1999969482422,
      "mid_mean": -24.652294158935547,
      "mid_to_side_loudness": 0,
      "mid_to_side_loudness_range": 0,
      "side_mean": -70
    },
    {
      "high_freq": 794.6976318359375,
      "loudness": -29.67641830444336,
      "loudness_range": 23.02852439880371,
      "low_freq": 392.3793640136719,
      "mid_mean": -25.982173919677734,
      "mid_to_side_loudness": 0,
      "mid_to_side_loudness_range": 0,
      "side_mean": -70
    },
    {
      "high_freq": 1457.5709228515625,
      "loudness": -36.577178955078125,
      "loudness_range": 25.487459182739258,
      "low_freq": 794.6976318359375,
      "mid_mean": -32.88998031616211,
      "mid_to_side_loudness": -59.26192092895508,
      "mid_to_side_loudness_range": 62.046356201171875,
      "side_mean": -69.99987030029297
    },
    {
      "high_freq": 2549.74365234375,
      "loudness": -43.09253692626953,
      "loudness_range": 24.134981155395508,
      "low_freq": 1457.5709228515625,
      "mid_mean": -39.45356750488281,
      "mid_to_side_loudness": 0,
      "mid_to_side_loudness_range": 0,
      "side_mean": -70
    },
    {
      "high_freq": 4349.24462890625,
      "loudness": -42.365638732910156,
      "loudness_range": 28.26765251159668,
      "low_freq": 2549.74365234375,
      "mid_mean": -39.01731872558594,
      "mid_to_side_loudness": 0,
      "mid_to_side_loudness_range": 0,
      "side_mean": -70
    },
    {
      "high_freq": 7314.1640625,
      "loudness": -42.18003463745117,
      "loudness_range": 25.930030822753906,
      "low_freq": 4349.24462890625,
      "mid_mean": -39.91877365112305,
      "mid_to_side_loudness": -48.93373489379883,
      "mid_to_side_loudness_range": 14.780780792236328,
      "side_mean": -69.99987030029297
    },
    {
      "high_freq": 12199.2666015625,
      "loudness": -50.870792388916016,
      "loudness_range": 28.842483520507812,
      "low_freq": 7314.1640625,
      "mid_mean": -51.46677017211914,
      "mid_to_side_loudness": -42.32889175415039,
      "mid_to_side_loudness_range": 29.675073623657227,
      "side_mean": -69.99995422363281
    },
    {
      "loudness": -61.47152328491211,
      "loudness_range": 23.528976440429688,
      "low_freq": 12199.2666015625,
      "mid_mean": -57.255027770996094,
      "mid_to_side_loudness": -34.86171340942383,
      "mid_to_side_loudness_range": 25.496334075927734,
      "side_mean": -69.99996185302734
    }
  ],
  "channels": 2,
  "covariance": [
    [
      63.60554504394531,
      -6.776033842470497e-06,
      28.1502742767334,
      0,
      28.723779678344727,
      0,
      28.42222785949707,
      -0.000667777203489095,
      29.83786964416504,
      0,
      34.211246490478516,
      0,
      31.74281883239746,
      -0.0010120776714757085,
      57.02720642089844,
      -0.0002006066933972761,
      34.48137283325195,
      -0.00012537837028503418
    ],
    [
      -6.776033842470497e-06,
      1.551431344504195e-10,
      -2.671621359695564e-06,
      0,
      -3.870867203659145e-06,
      0,
      -3.5504674542607972e-06,
      3.1919910270516993e-08,
      -5.363453055906575e-06,
      0,
      -3.113066213700222e-06,
      0,
      -1.4384578435056028e-06,
      4.99222618799422e-09,
      -6.422815204132348e-06,
      2.5607891362966484e-09,
      -3.3123944831459085e-06,
      3.033142625952223e-09
    ],
    [
      28.1502742767334,
      -2.671621359695564e-06,
      35.73305892944336,
      0,
      25.04416275024414,
      0,
      20.213733673095703,
      0.0009377510868944228,
      16.870851516723633,
      0,
      13.070013999938965,
      0,
      15.167320251464844,
      -0.0015315688215196133,
      27.818445205688477,
      -0.00013704119191970676,
      18.228961944580078,
      3.48728644894436e-05
    ],
    [
      0,
      0,
      0,
      0,
      0,
      0,
      0,
      0,
      0,
      0,
      0,
      0,
      0,
      0,
      0,
      0,
      0,
      0
    ],
    [
      28.723779678344727,
      -3.870867203659145e-06,
      25.04416275024414,
      0,
      55.454776763916016,
      0,
      34.54767608642578,
      0.00045679003233090043,
      32.26748275756836,
      0,
      14.943108558654785,
      0,
      11.205227851867676,
      -0.0005481833359226584,
      29.032560348510742,
      -5.0254824600415304e-05,
      14.846540451049805,
      1.471885116188787e-05
    ],
    [
      0,
      0,
      0,
      0,
      0,
      0,
      0,
      0,
      0,
      0,
      0,
      0,
      0,
      0,
      0,
      0,
      0,
      0
    ],
    [
      28.42222785949707,
      -3.5504674542607972e-06,
      20.213733673095703,
      0,
      34.54767608642578,
      0,
      58.513824462890625,
      0.0008582858135923743,
      47.93218231201172,
      0,
      32.54899978637695,
      0,
      27.331531524658203,
      0.0010367246577516198,
      39.554874420166016,
      0.00021117174765095115,
      22.96965217590332,
      0.00013914419105276465
    ],
    [
      -0.000667777203489095,
      3.1919910270516993e-08,
      0.0009377510868944228,
      0,
      0.00045679003233090043,
      0,
      0.0008582858135923743,
      2.3983964638318866e-05,
      0.000732205284293741,
      0,
      0.0005842463579028845,
      0,
      0.0002770296123344451,
      3.7840879940631567e-06,
      0.00028203972033225,
      1.9347924080648227e-06,
      -0.00015136823640204966,
      2.286808012286201e-06
    ],
    [
      29.83786964416504,
      -5.363453055906575e-06,
      16.870851516723633,
      0,
      32.26748275756836,
      0,
      47.93218231201172,
      0.000732205284293741,
      63.80873107910156,
      0,
      46.810768127441406,
      0,
      36.4283561706543,
      0.0016993574099615216,
      60.06294631958008,
      0.00028104614466428757,
      33.25970458984375,
      0.00014275565627031028
    ],
    [
      0,
      0,
      0,
      0,
      0,
      0,
      0,
      0,
      0,
      0,
      0,
      0,
      0,
      0,
      0,
      0,
      0,
      0
    ],
    [
      34.211246490478516,
      -3.113066213700222e-06,
      13.070013999938965,
      0,
      14.943108558654785,
      0,
      32.54899978637695,
      0.0005842463579028845,
      46.810768127441406,
      0,
      83.17733001708984,
      0,
      66.24579620361328,
      0.0011365769896656275,
      89.81524658203125,
      0.0002311935240868479,
      55.46689987182617,
      0.00014207391359377652
    ],
    [
      0,
      0,
      0,
      0,
      0,
      0,
      0,
      0,
      0,
      0,
      0,
      0,
      0,
      0,
      0,
      0,
      0,
      0
    ],
    [
      31.74281883239746,
      -1.4384578435056028e-06,
      15.167320251464844,
      0,
      11.205227851867676,
      0,
      27.331531524658203,
      0.0002770296123344451,
      36.4283561706543,
      0,
      66.24579620361328,
      0,
      85.75433349609375,
      0.00047556060599163175,
      83.97837829589844,
      7.64213182264939e-05,
      57.17041778564453,
      3.981129702879116e-05
    ],
    [
      -0.0010120776714757085,
      4.99222618799422e-09,
      -0.0015315688215196133,
      0,
      -0.0005481833359226584,
      0,
      0.0010367246577516198,
      3.7840879940631567e-06,
      0.0016993574099615216,
      0,
      0.0011365769896656275,
      0,
      0.00047556060599163175,
      1.626953780942131e-05,
      0.00046553739230148494,
      2.363999101362424e-06,
      -0.00028928881511092186,
      9.407009997630666e-07
    ],
    [
      57.02720642089844,
      -6.422815204132348e-06,
      27.818445205688477,
      0,
      29.032560348510742,
      0,
      39.554874420166016,
      0.00028203972033225,
      60.06294631958008,
      0,
      89.81524658203125,
      0,
      83.97837829589844,
      0.00046553739230148494,
      130.5378875732422,
      0.00015084251936059445,
      77.8598403930664,
      0.00011638159776339307
    ],
    [
      -0.0002006066933972761,
      2.5607891362966484e-09,
      -0.00013704119191970676,
      0,
      -5.0254824600415304e-05,
      0,
      0.00021117174765095115,
      1.9347924080648227e-06,
      0.00028104614466428757,
      0,
      0.0002311935240868479,
      0,
      7.64213182264939e-05,
      2.363999101362424e-06,
      0.00015084251936059445,
      1.0342068890167866e-06,
      -0.00013915105955675244,
      8.769895885052392e-07
    ],
    [
      34.48137283325195,
      -3.3123944831459085e-06,
      18.228961944580078,
      0,
      14.846540451049805,
      0,
      22.96965217590332,
      -0.00015136823640204966,
      33.25970458984375,
      0,
      55.46689987182617,
      0,
      57.17041778564453,
      -0.00028928881511092186,
      77.8598403930664,
      -0.00013915105955675244,
      59.12620544433594,
      -0.00011763814109144732
    ],
    [
      -0.00012537837028503418,
      3.033142625952223e-09,
      3.48728644894436e-05,
      0,
      1.471885116188787e-05,
      0,
      0.00013914419105276465,
      2.286808012286201e-06,
      0.00014275565627031028,
      0,
      0.00014207391359377652,
      0,
      3.981129702879116e-05,
      9.407009997630666e-07,
      0.00011638159776339307,
      8.769895885052392e-07,
      -0.00011763814109144732,
      8.646060223327368e-07
    ]
  ],
  "covariance_short": [
    [
      72.71550750732422,
      -8.415036063524894e-06,
      28.842348098754883,
      -4.425807276220439e-09,
      25.576635360717773,
      0,
      27.96864891052246,
      -0.0008088262402452528,
      29.94338035583496,
      -7.405690727324554e-09,
      36.463348388671875,
      0,
      35.18791961669922,
      -0.0007653483189642429,
      52.985198974609375,
      -0.00017502809350844473,
      29.136573791503906,
      -0.00012397466343827546
    ],
    [
      -8.415036063524894e-06,
      8.86989204307298e-10,
      -2.635626287883497e-06,
      4.241478316572428e-13,
      -3.2950697459455114e-06,
      0,
      -3.3180203899974003e-06,
      1.1286898171647408e-07,
      -5.95234268985223e-06,
      1.232679648459356e-12,
      -3.179165560140973e-06,
      0,
      -3.1304000458476366e-06,
      1.8585831540463005e-08,
      -8.946000889409333e-06,
      9.569284920019072e-09,
      -3.978450422437163e-06,
      1.0841556097318517e-08
    ],
    [
      28.842348098754883,
      -2.635626287883497e-06,
      43.799556732177734,
      6.724864221041571e-09,
      29.145362854003906,
      0,
      23.896516799926758,
      0.0011177541455253959,
      19.404754638671875,
      1.1406755540122049e-08,
      16.25920867919922,
      0,
      18.174423217773438,
      -0.0015502480091527104,
      27.512161254882812,
      -6.323835987132043e-05,
      16.864370346069336,
      0.0001254274684470147
    ],
    [
      -4.425807276220439e-09,
      4.241478316572428e-13,
      6.724864221041571e-09,
      6.627309869644419e-15,
      6.079865499941661e-09,
      0,
      7.13294801002462e-09,
      4.81639728100447e-11,
      7.154512982054939e-09,
      0,
      3.227631495406058e-09,
      0,
      1.6277531544872659e-09,
      7.445782705672865e-12,
      -2.8653174277692983e-10,
      3.832241815548976e-12,
      -7.34565186455427e-10,
      4.2713011946804436e-12
    ],
    [
      25.576635360717773,
      -3.2950697459455114e-06,
      29.145362854003906,
      6.079865499941661e-09,
      60.86526107788086,
      0,
      36.27553939819336,
      0.0009523160988464952,
      32.575172424316406,
      1.0064632682826868e-08,
      14.798206329345703,
      0,
      10.57420539855957,
      -0.0003287226427346468,
      24.009336471557617,
      5.716928353649564e-05,
      11.605781555175781,
      0.00012005960161332041
    ],
    [
      0,
      0,
      0,
      0,
      0,
      0,
      0,
      0,
      0,
      0,
      0,
      0,
      0,
      0,
      0,
      0,
      0,
      0
    ],
    [
      27.96864891052246,
      -3.3180203899974003e-06,
      23.896516799926758,
      7.13294801002462e-09,
      36.27553939819336,
      0,
      67.8369369506836,
      0.0013131919549778104,
      51.310611724853516,
      1.3381964869552121e-08,
      34.28638458251953,
      0,
      28.38412857055664,
      0.0013162234099581838,
      37.27168655395508,
      0.0003415918326936662,
      19.885150909423828,
      0.0002550823555793613
    ],
    [
      -0.0008088262402452528,
      1.1286898171647408e-07,
      0.0011177541455253959,
      4.81639728100447e-11,
      0.0009523160988464952,
      0,
      0.0013131919549778104,
      8.613040699856356e-05,
      0.0009925771737471223,
      8.749738711344435e-10,
      0.00033043816802091897,
      0,
      -5.0322360038990155e-05,
      1.4387138435267843e-05,
      -0.00025602581445127726,
      7.385287062788848e-06,
      -0.0002812080492731184,
      8.969954251369927e-06
    ],
    [
      29.94338035583496,
      -5.95234268985223e-06,
      19.404754638671875,
      7.154512982054939e-09,
      32.575172424316406,
      0,
      51.310611724853516,
      0.0009925771737471223,
      70.0840835571289,
      1.0342756873171766e-08,
      53.49240493774414,
      0,
      45.361759185791016,
      0.0017342502251267433,
      60.55732727050781,
      0.0003518751182127744,
      32.25929260253906,
      0.00021335908968467265
    ],
    [
      -7.405690727324554e-09,
      1.232679648459356e-12,
      1.1406755540122049e-08,
      0,
      1.0064632682826868e-08,
      0,
      1.3381964869552121e-08,
      8.749738711344435e-10,
      1.0342756873171766e-08,
      9.940964169191917e-15,
      4.330051872614149e-09,
      0,
      3.6245062506878867e-10,
      1.4582567098297972e-10,
      -1.7926797823974994e-09,
      7.502114901525303e-11,
      -2.4993513925153366e-09,
      8.935435724666263e-11
    ],
    [
      36.463348388671875,
      -3.179165560140973e-06,
      16.25920867919922,
      3.227631495406058e-09,
      14.798206329345703,
      0,
      34.28638458251953,
      0.00033043816802091897,
      53.49240493774414,
      4.330051872614149e-09,
      92.2896957397461,
      0,
      78.77775573730469,
      0.0012546868529170752,
      95.13582611083984,
      0.00016159114602487534,
      55.81808090209961,
      4.7123081458266824e-05
    ],
    [
      0,
      0,
      0,
      0,
      0,
      0,
      0,
      0,
      0,
      0,
      0,
      0,
      0,
      0,
      0,
      0,
      0,
      0
    ],
    [
      35.18791961669922,
      -3.1304000458476366e-06,
      18.174423217773438,
      1.6277531544872659e-09,
      10.57420539855957,
      0,
      28.38412857055664,
      -5.0322360038990155e-05,
      45.361759185791016,
      3.6245062506878867e-10,
      78.77775573730469,
      0,
      102.3141098022461,
      0.0007449000841006637,
      97.56098937988281,
      5.166040136828087e-05,
      61.50951385498047,
      -2.452793523843866e-05
    ],
    [
      -0.0007653483189642429,
      1.8585831540463005e-08,
      -0.0015502480091527104,
      7.445782705672865e-12,
      -0.0003287226427346468,
      0,
      0.0013162234099581838,
      1.4387138435267843e-05,
      0.0017342502251267433,
      1.4582567098297972e-10,
      0.0012546868529170752,
      0,
      0.0007449000841006637,
      6.303923873929307e-05,
      0.0005080968257971108,
      9.608625987311825e-06,
      -8.839746442390606e-05,
      3.878437837556703e-06
    ],
    [
      52.985198974609375,
      -8.946000889409333e-06,
      27.512161254882812,
      -2.8653174277692983e-10,
      24.009336471557617,
      0,
      37.27168655395508,
      -0.00025602581445127726,
      60.55732727050781,
      -1.7926797823974994e-09,
      95.13582611083984,
      0,
      97.56098937988281,
      0.0005080968257971108,
      130.3202362060547,
      6.757503433618695e-05,
      73.8369369506836,
      8.776025424594991e-06
    ],
    [
      -0.00017502809350844473,
      9.569284920019072e-09,
      -6.323835987132043e-05,
      3.832241815548976e-12,
      5.716928353649564e-05,
      0,
      0.0003415918326936662,
      7.385287062788848e-06,
      0.0003518751182127744,
      7.502114901525303e-11,
      0.00016159114602487534,
      0,
      5.166040136828087e-05,
      9.608625987311825e-06,
      6.757503433618695e-05,
      4.222154529998079e-06,
      -7.785054913256317e-05,
      3.5647867662191857e-06
    ],
    [
      29.136573791503906,
      -3.978450422437163e-06,
      16.864370346069336,
      -7.34565186455427e-10,
      11.605781555175781,
      0,
      19.885150909423828,
      -0.0002812080492731184,
      32.25929260253906,
      -2.4993513925153366e-09,
      55.81808090209961,
      0,
      61.50951385498047,
      -8.839746442390606e-05,
      73.8369369506836,
      -7.785054913256317e-05,
      56.23214340209961,
      -7.965986878843978e-05
    ],
    [
      -0.00012397466343827546,
      1.0841556097318517e-08,
      0.0001254274684470147,
      4.2713011946804436e-12,
      0.00012005960161332041,
      0,
      0.0002550823555793613,
      8.969954251369927e-06,
      0.00021335908968467265,
      8.935435724666263e-11,
      4.7123081458266824e-05,
      0,
      -2.452793523843866e-05,
      3.878437837556703e-06,
      8.776025424594991e-06,
      3.5647867662191857e-06,
      -7.965986878843978e-05,
      3.540178795446991e-06
    ]
  ],
  "drr": 8.414307594299316,
  "dynamics": 4.800479888916016,
  "format": 1245190,
  "frames": 15493120,
  "loudness": -18.702924728393555,
  "loudness_range": 14.569302558898926,
  "loudness_range_short": 17.159513473510742,
  "peak": 0.053071510046720505,
  "rms": -19.52896499633789,
  "sample_rate": 44100,
  "sections": 1,
  "seekable": 1,
  "sharpness": 3.297539234161377,
  "space": -60.427005767822266
}