{
  "bands": [
    {
      "high_freq": 148.1999969482422,
      "loudness": -39.33385467529297,
      "loudness_range": 25.59714126586914,
      "mid_mean": -37.18825912475586,
      "mid_to_side_loudness": -6.306682109832764,
      "mid_to_side_loudness_range": 17.66519546508789,
      "side_mean": -44.23353576660156
    },
    {
      "high_freq": 392.3793640136719,
      "loudness": -31.0914249420166,
      "loudness_range": 19.369600296020508,
      "low_freq": 148.1999969482422,
      "mid_mean": -29.98796844482422,
      "mid_to_side_loudness": -1.3146215677261353,
      "mid_to_side_loudness_range": 6.901391983032227,
      "side_mean": -31.290376663208008
    },
    {
      "high_freq": 794.6976318359375,
      "loudness": -32.919368743896484,
      "loudness_range": 20.747610092163086,
      "low_freq": 392.3793640136719,
      "mid_mean": -31.654287338256836,
      "mid_to_side_loudness": -1.4403201341629028,
      "mid_to_side_loudness_range": 7.901834487915039,
      "side_mean": -33.31735610961914
    },
    {
      "high_freq": 1457.5709228515625,
      "loudness": -35.23109436035156,
      "loudness_range": 23.379077911376953,
      "low_freq": 794.6976318359375,
      "mid_mean": -35.19062042236328,
      "mid_to_side_loudness": 0.6887924075126648,
      "mid_to_side_loudness_range": 6.639115333557129,
      "side_mean": -34.395164489746094
    },
    {
      "high_freq": 2549.74365234375,
      "loudness": -42.10071563720703,
      "loudness_range": 23.7122859954834,
      "low_freq": 1457.5709228515625,
      "mid_mean": -42.14151382446289,
      "mid_to_side_loudness": 0.20621170103549957,
      "mid_to_side_loudness_range": 7.738030433654785,
      "side_mean": -41.72012710571289
    },
    {
      "high_freq": 4349.24462890625,
      "loudness": -50.38563919067383,
      "loudness_range": 24.48309326171875,
      "low_freq": 2549.74365234375,
      "mid_mean": -51.17210388183594,
      "mid_to_side_loudness": -0.19508934020996094,
      "mid_to_side_loudness_range": 4.172567367553711,
      "side_mean": -51.34829330444336
    },
    {
      "high_freq": 7314.1640625,
      "loudness": -57.35649490356445,
      "loudness_range": 23.522186279296875,
      "low_freq": 4349.24462890625,
      "mid_mean": -56.30855941772461,
      "mid_to_side_loudness": 0.05553308501839638,
      "mid_to_side_loudness_range": 2.3206260204315186,
      "side_mean": -56.226600646972656
    },
    {
      "high_freq": 12199.2666015625,
      "loudness": -62.11845779418945,
      "loudness_range": 13.284976959228516,
      "low_freq": 7314.1640625,
      "mid_mean": -60.80682373046875,
      "mid_to_side_loudness": 0.13260924816131592,
      "mid_to_side_loudness_range": 0.7075634598731995,
      "side_mean": -60.6778564453125
    },
    {
      "loudness": -64.34210205078125,
      "loudness_range": 3.4880599975585938,
      "low_freq": 12199.2666015625,
      "mid_mean": -62.72475814819336,
      "mid_to_side_loudness": 0.0988878533244133,
      "mid_to_side_loudness_range": 0.4670467674732208,
      "side_mean": -62.639312744140625
    }
  ],
  "bands_short": [
    {
      "high_freq": 148.1999969482422,
      "loudness": -44.22893524169922,
      "loudness_range": 26.549419403076172,
      "mid_mean": -41.95821762084961,
      "mid_to_side_loudness": -8.394390106201172,
      "mid_to_side_loudness_range": 21.905729293823242,
      "side_mean": -51.39987564086914
    },
    {
      "high_freq": 392.3793640136719,
      "loudness": -31.14396095275879,
      "loudness_range": 21.190401077270508,
      "low_freq": 148.1999969482422,
      "mid_mean": -29.825876235961914,
      "mid_to_side_loudness": -2.047473907470703,
      "mid_to_side_loudness_range": 9.860708236694336,
      "side_mean": -31.926103591918945
    },
    {
      "high_freq": 794.6976318359375,
      "loudness": -33.2502326965332,
      "loudness_range": 22.551836013793945,
      "low_freq": 392.3793640136719,
      "mid_mean": -32.24479675292969,
      "mid_to_side_loudness": -1.087491512298584,
      "mid_to_side_loudness_range": 9.228971481323242,
      "side_mean": -33.53921127319336
    },
    {
      "high_freq": 1457.5709228515625,
      "loudness": -36.316680908203125,
      "loudness_range": 24.643756866455078,
      "low_freq": 794.6976318359375,
      "mid_mean": -36.403079986572266,
      "mid_to_side_loudness": 0.5737144351005554,
      "mid_to_side_loudness_range": 8.497302055358887,
      "side_mean": -35.648292541503906
    },
    {
      "high_freq": 2549.74365234375,
      "loudness": -43.288360595703125,
      "loudness_range": 25.079492568969727,
      "low_freq": 1457.5709228515625,
      "mid_mean": -43.537841796875,
      "mid_to_side_loudness": 0.2115352302789688,
      "mid_to_side_loudness_range": 8.736236572265625,
      "side_mean": -43.048377990722656
    },
    {
      "high_freq": 4349.24462890625,
      "loudness": -52.643951416015625,
      "loudness_range": 29.708850860595703,
      "low_freq": 2549.74365234375,
      "mid_mean": -52.14845275878906,
      "mid_to_side_loudness": -0.3630822002887726,
      "mid_to_side_loudness_range": 5.583786964416504,
      "side_mean": -52.464717864990234
    },
    {
      "high_freq": 7314.1640625,
      "loudness": -58.444488525390625,
      "loudness_range": 23.17279052734375,
      "low_freq": 4349.24462890625,
      "mid_mean": -57.31527328491211,
      "mid_to_side_loudness": 0.0250844843685627,
      "mid_to_side_loudness_range": 3.291226863861084,
      "side_mean": -57.26271057128906
    },
    {
      "high_freq": 12199.2666015625,
      "loudness": -62.765663146972656,
      "loudness_range": 12.841384887695312,
      "low_freq": 7314.1640625,
      "mid_mean": -61.38327407836914,
      "mid_to_side_loudness": 0.12582610547542572,
      "mid_to_side_loudness_range": 1.7475897073745728,
      "side_mean": -61.261898040771484
    },
    {
      "loudness": -64.41659545898438,
      "loudness_range": 3.6664390563964844,
      "low_freq": 12199.2666015625,
      "mid_mean": -62.78245162963867,
      "mid_to_side_loudness": 0.0918804258108139,
      "mid_to_side_loudness_range": 1.287912130355835,
      "side_mean": -62.703006744384766
    }
  ],
  "channels": 2,
  "covariance": [
    [
      88.60122680664062,
      55.376708984375,
      31.84064483642578,
      29.15237808227539,
      28.129594802856445,
      26.962085723876953,
      33.544395446777344,
      31.852977752685547,
      30.72343635559082,
      29.876893997192383,
      41.55762481689453,
      41.9079475402832,
      39.43198013305664,
      39.68020248413086,
      21.940906524658203,
      21.934846878051758,
      4.507657527923584,
      4.60968542098999
    ],
    [
      55.376708984375,
      68.2992172241211,
      41.00936508178711,
      40.286006927490234,
      34.846702575683594,
      37.50034713745117,
      37.306129455566406,
      36.1387939453125,
      33.975833892822266,
      31.42645835876465,
      44.95143127441406,
      45.234107971191406,
      30.3743953704834,
      30.43459701538086,
      12.123199462890625,
      12.056605339050293,
      2.723853826522827,
      2.7995426654815674
    ],
    [
      31.84064483642578,
      41.00936508178711,
      54.008365631103516,
      49.78840255737305,
      38.68790817260742,
      42.820716857910156,
      39.96315002441406,
      39.30691909790039,
      37.16802978515625,
      33.49983596801758,
      45.22911071777344,
      45.12755584716797,
      30.3885440826416,
      30.349857330322266,
      11.096519470214844,
      11.055309295654297,
      2.385206937789917,
      2.446376085281372
    ],
    [
      29.15237808227539,
      40.286006927490234,
      49.78840255737305,
      54.925315856933594,
      41.268043518066406,
      44.69790267944336,
      39.385921478271484,
      39.68918991088867,
      37.543663024902344,
      32.78927993774414,
      45.099029541015625,
      45.1076774597168,
      28.529399871826172,
      28.377073287963867,
      9.1556978225708,
      9.08167839050293,
      2.111896276473999,
      2.1462342739105225
    ],
    [
      28.129594802856445,
      34.846702575683594,
      38.68790817260742,
      41.268043518066406,
      55.70540237426758,
      50.60976791381836,
      43.104644775390625,
      43.52185821533203,
      39.2143440246582,
      36.649959564208984,
      46.289676666259766,
      46.43649673461914,
      30.086881637573242,
      30.240596771240234,
      9.369135856628418,
      9.218358039855957,
      2.335700750350952,
      2.352552890777588
    ],
    [
      26.962085723876953,
      37.50034713745117,
      42.820716857910156,
      44.69790267944336,
      50.60976791381836,
      57.98427200317383,
      45.960289001464844,
      45.30453872680664,
      41.773189544677734,
      38.266212463378906,
      49.005592346191406,
      48.82340621948242,
      30.318918228149414,
      30.548824310302734,
      8.910773277282715,
      8.804019927978516,
      2.2696118354797363,
      2.3018712997436523
    ],
    [
      33.544395446777344,
      37.306129455566406,
      39.96315002441406,
      39.385921478271484,
      43.104644775390625,
      45.960289001464844,
      65.62580871582031,
      60.626102447509766,
      54.205806732177734,
      52.457672119140625,
      57.09467315673828,
      57.49472427368164,
      37.820953369140625,
      38.25772476196289,
      13.316291809082031,
      13.173038482666016,
      3.0665810108184814,
      3.1850931644439697
    ],
    [
      31.852977752685547,
      36.1387939453125,
      39.30691909790039,
      39.68918991088867,
      43.52185821533203,
      45.30453872680664,
      60.626102447509766,
      65.8505630493164,
      53.466732025146484,
      50.828853607177734,
      57.550323486328125,
      57.90586471557617,
      37.23298263549805,
      37.75029373168945,
      13.144704818725586,
      12.998581886291504,
      3.102057695388794,
      3.221588611602783
    ],
    [
      30.72343635559082,
      33.975833892822266,
      37.16802978515625,
      37.543663024902344,
      39.2143440246582,
      41.773189544677734,
      54.205806732177734,
      53.466732025146484,
      74.38546752929688,
      70.08203125,
      63.015960693359375,
      63.28382873535156,
      43.211387634277344,
      43.0312385559082,
      15.46084976196289,
      15.377605438232422,
      3.5257344245910645,
      3.627305746078491
    ],
    [
      29.876893997192383,
      31.42645835876465,
      33.49983596801758,
      32.78927993774414,
      36.649959564208984,
      38.266212463378906,
      52.457672119140625,
      50.828853607177734,
      70.08203125,
      76.0802230834961,
      61.799102783203125,
      62.36857604980469,
      42.81645584106445,
      42.944664001464844,
      16.05097007751465,
      15.971421241760254,
      3.6674485206604004,
      3.775566577911377
    ],
    [
      41.55762481689453,
      44.95143127441406,
      45.22911071777344,
      45.099029541015625,
      46.289676666259766,
      49.005592346191406,
      57.09467315673828,
      57.550323486328125,
      63.015960693359375,
      61.799102783203125,
      89.3984146118164,
      87.70339965820312,
      59.79043960571289,
      60.198638916015625,
      24.210559844970703,
      24.11699104309082,
      6.1893205642700195,
      6.442137718200684
    ],
    [
      41.9079475402832,
      45.234107971191406,
      45.12755584716797,
      45.1076774597168,
      46.43649673461914,
      48.82340621948242,
      57.49472427368164,
      57.90586471557617,
      63.28382873535156,
      62.36857604980469,
      87.70339965820312,
      87.96666717529297,
      59.15091323852539,
      59.439109802246094,
      24.269603729248047,
      24.147462844848633,
      6.184163570404053,
      6.435898780822754
    ],
    [
      39.43198013305664,
      30.3743953704834,
      30.3885440826416,
      28.529399871826172,
      30.086881637573242,
      30.318918228149414,
      37.820953369140625,
      37.23298263549805,
      43.211387634277344,
      42.81645584106445,
      59.79043960571289,
      59.15091323852539,
      54.63670349121094,
      54.650733947753906,
      27.073928833007812,
      27.066242218017578,
      6.495999336242676,
      6.735487461090088
    ],
    [
      39.68020248413086,
      30.43459701538086,
      30.349857330322266,
      28.377073287963867,
      30.240596771240234,
      30.548824310302734,
      38.25772476196289,
      37.75029373168945,
      43.0312385559082,
      42.944664001464844,
      60.198638916015625,
      59.439109802246094,
      54.650733947753906,
      55.38074493408203,
      27.2896728515625,
      27.271432876586914,
      6.542483329772949,
      6.78724479675293
    ],
    [
      21.940906524658203,
      12.123199462890625,
      11.096519470214844,
      9.1556978225708,
      9.369135856628418,
      8.910773277282715,
      13.316291809082031,
      13.144704818725586,
      15.46084976196289,
      16.05097007751465,
      24.210559844970703,
      24.269603729248047,
      27.073928833007812,
      27.2896728515625,
      18.944822311401367,
      18.98250961303711,
      4.801931858062744,
      4.960626125335693
    ],
    [
      21.934846878051758,
      12.056605339050293,
      11.055309295654297,
      9.08167839050293,
      9.218358039855957,
      8.804019927978516,
      13.173038482666016,
      12.998581886291504,
      15.377605438232422,
      15.971421241760254,
      24.11699104309082,
      24.147462844848633,
      27.066242218017578,
      27.271432876586914,
      18.98250961303711,
      19.0761661529541,
      4.829106330871582,
      4.988302707672119
    ],
    [
      4.507657527923584,
      2.723853826522827,
      2.385206937789917,
      2.111896276473999,
      2.335700750350952,
      2.2696118354797363,
      3.0665810108184814,
      3.102057695388794,
      3.5257344245910645,
      3.6674485206604004,
      6.1893205642700195,
      6.184163570404053,
      6.495999336242676,
      6.542483329772949,
      4.801931858062744,
      4.829106330871582,
      1.74730384349823,
      1.7921743392944336
    ],
    [
      4.60968542098999,
      2.7995426654815674,
      2.446376085281372,
      2.1462342739105225,
      2.352552890777588,
      2.3018712997436523,
      3.1850931644439697,
      3.221588611602783,
      3.627305746078491,
      3.775566577911377,
      6.442137718200684,
      6.435898780822754,
      6.735487461090088,
      6.78724479675293,
      4.960626125335693,
      4.988302707672119,
      1.7921743392944336,
      1.8545918464660645
    ]
  ],
  "covariance_short": [
    [
      97.02915954589844,
      53.93227005004883,
      33.356666564941406,
      25.93688201904297,
      23.250255584716797,
      21.827394485473633,
      27.9116153717041,
      26.251705169677734,
      28.660531997680664,
      27.612180709838867,
      35.68716812133789,
      35.9254035949707,
      32.48728561401367,
      32.54833221435547,
      16.40945053100586,
      16.34257698059082,
      3.7018094062805176,
      3.73814058303833
    ],
    [
      53.93227005004883,
      75.12066650390625,
      37.72705841064453,
      36.677093505859375,
      31.83787727355957,
      33.011653900146484,
      34.28107833862305,
      32.61783218383789,
      35.322784423828125,
      33.00360870361328,
      43.0959587097168,
      43.26788330078125,
      27.813365936279297,
      27.62354278564453,
      11.750492095947266,
      11.690868377685547,
      4.326396465301514,
      4.422921180725098
    ],
    [
      33.356666564941406,
      37.72705841064453,
      60.50300598144531,
      51.92474365234375,
      41.64219284057617,
      44.31818771362305,
      42.5138053894043,
      40.55894088745117,
      41.11042022705078,
      37.95493698120117,
      45.47174072265625,
      45.22035217285156,
      29.710573196411133,
      29.528751373291016,
      10.995959281921387,
      10.926969528198242,
      2.535409927368164,
      2.5723774433135986
    ],
    [
      25.93688201904297,
      36.677093505859375,
      51.92474365234375,
      59.18983459472656,
      44.2755126953125,
      48.252960205078125,
      42.630226135253906,
      43.006832122802734,
      41.72410202026367,
      37.766265869140625,
      45.170875549316406,
      44.865169525146484,
      26.024169921875,
      25.696619033813477,
      7.8542399406433105,
      7.759761810302734,
      2.0315117835998535,
      2.039923906326294
    ],
    [
      23.250255584716797,
      31.83787727355957,
      41.64219284057617,
      44.2755126953125,
      65.2044906616211,
      57.93745422363281,
      50.45336151123047,
      50.767677307128906,
      47.827064514160156,
      44.3052864074707,
      49.73689651489258,
      50.0307731628418,
      29.55812644958496,
      29.48814582824707,
      8.337313652038574,
      8.202754974365234,
      2.306913375854492,
      2.292665719985962
    ],
    [
      21.827394485473633,
      33.011653900146484,
      44.31818771362305,
      48.252960205078125,
      57.93745422363281,
      66.5457763671875,
      51.99436569213867,
      51.3369255065918,
      49.585166931152344,
      45.538726806640625,
      51.3298225402832,
      51.17338180541992,
      28.63344955444336,
      28.643030166625977,
      7.534713268280029,
      7.433720588684082,
      2.1834850311279297,
      2.191819190979004
    ],
    [
      27.9116153717041,
      34.28107833862305,
      42.5138053894043,
      42.630226135253906,
      50.45336151123047,
      51.99436569213867,
      74.30404663085938,
      65.98743438720703,
      61.583152770996094,
      60.49946594238281,
      59.924110412597656,
      60.314857482910156,
      36.344974517822266,
      36.6829719543457,
      11.195789337158203,
      11.057401657104492,
      2.9518320560455322,
      3.0291264057159424
    ],
    [
      26.251705169677734,
      32.61783218383789,
      40.55894088745117,
      43.006832122802734,
      50.767677307128906,
      51.3369255065918,
      65.98743438720703,
      74.23250579833984,
      61.18400573730469,
      58.60554885864258,
      59.49003219604492,
      59.77348709106445,
      34.65593338012695,
      35.08034133911133,
      10.533699989318848,
      10.409256935119629,
      2.86525821685791,
      2.95127010345459
    ],
    [
      28.660531997680664,
      35.322784423828125,
      41.11042022705078,
      41.72410202026367,
      47.827064514160156,
      49.585166931152344,
      61.583152770996094,
      61.18400573730469,
      84.49690246582031,
      77.87992095947266,
      66.96235656738281,
      66.76431274414062,
      42.429832458496094,
      42.277103424072266,
      13.747536659240723,
      13.630331993103027,
      3.536966323852539,
      3.5950405597686768
    ],
    [
      27.612180709838867,
      33.00360870361328,
      37.95493698120117,
      37.766265869140625,
      44.3052864074707,
      45.538726806640625,
      60.49946594238281,
      58.60554885864258,
      77.87992095947266,
      85.7865219116211,
      65.1146240234375,
      65.37894439697266,
      41.625972747802734,
      41.78306579589844,
      13.99496841430664,
      13.899877548217773,
      3.607083320617676,
      3.6920549869537354
    ],
    [
      35.68716812133789,
      43.0959587097168,
      45.47174072265625,
      45.170875549316406,
      49.73689651489258,
      51.3298225402832,
      59.924110412597656,
      59.49003219604492,
      66.96235656738281,
      65.1146240234375,
      87.1326675415039,
      84.65554809570312,
      55.298683166503906,
      55.611995697021484,
      20.929943084716797,
      20.863624572753906,
      5.9378581047058105,
      6.143264293670654
    ],
    [
      35.9254035949707,
      43.26788330078125,
      45.22035217285156,
      44.865169525146484,
      50.0307731628418,
      51.17338180541992,
      60.314857482910156,
      59.77348709106445,
      66.76431274414062,
      65.37894439697266,
      84.65554809570312,
      85.69320678710938,
      54.853816986083984,
      55.11872482299805,
      21.169832229614258,
      21.081907272338867,
      5.977284908294678,
      6.178768634796143
    ],
    [
      32.48728561401367,
      27.813365936279297,
      29.710573196411133,
      26.024169921875,
      29.55812644958496,
      28.63344955444336,
      36.344974517822266,
      34.65593338012695,
      42.429832458496094,
      41.625972747802734,
      55.298683166503906,
      54.853816986083984,
      51.753753662109375,
      51.28631591796875,
      24.521249771118164,
      24.49745750427246,
      6.52191686630249,
      6.71164608001709
    ],
    [
      32.54833221435547,
      27.62354278564453,
      29.528751373291016,
      25.696619033813477,
      29.48814582824707,
      28.643030166625977,
      36.6829719543457,
      35.08034133911133,
      42.277103424072266,
      41.78306579589844,
      55.611995697021484,
      55.11872482299805,
      51.28631591796875,
      52.105098724365234,
      24.625131607055664,
      24.602394104003906,
      6.540743827819824,
      6.738057613372803
    ],
    [
      16.40945053100586,
      11.750492095947266,
      10.995959281921387,
      7.8542399406433105,
      8.337313652038574,
      7.534713268280029,
      11.195789337158203,
      10.533699989318848,
      13.747536659240723,
      13.99496841430664,
      20.929943084716797,
      21.169832229614258,
      24.521249771118164,
      24.625131607055664,
      17.327960968017578,
      17.247814178466797,
      4.961408615112305,
      5.091177940368652
    ],
    [
      16.34257698059082,
      11.690868377685547,
      10.926969528198242,
      7.759761810302734,
      8.202754974365234,
      7.433720588684082,
      11.057401657104492,
      10.409256935119629,
      13.630331993103027,
      13.899877548217773,
      20.863624572753906,
      21.081907272338867,
      24.49745750427246,
      24.602394104003906,
      17.247814178466797,
      17.419055938720703,
      4.9854936599731445,
      5.115882873535156
    ],
    [
      3.7018094062805176,
      4.326396465301514,
      2.535409927368164,
      2.0315117835998535,
      2.306913375854492,
      2.1834850311279297,
      2.9518320560455322,
      2.86525821685791,
      3.536966323852539,
      3.607083320617676,
      5.9378581047058105,
      5.977284908294678,
      6.52191686630249,
      6.540743827819824,
      4.961408615112305,
      4.9854936599731445,
      2.0732951164245605,
      2.0626163482666016
    ],
    [
      3.73814058303833,
      4.422921180725098,
      2.5723774433135986,
      2.039923906326294,
      2.292665719985962,
      2.191819190979004,
      3.0291264057159424,
      2.95127010345459,
      3.5950405597686768,
      3.6920549869537354,
      6.143264293670654,
      6.178768634796143,
      6.71164608001709,
      6.738057613372803,
      5.091177940368652,
      5.115882873535156,
      2.0626163482666016,
      2.1787610054016113
    ]
  ],
  "drr": 10.57316780090332,
  "dynamics": 4.792672634124756,
  "format": 1245190,
  "frames": 12027904,
  "loudness": -21.647178649902344,
  "loudness_range": 18.68931007385254,
  "loudness_range_short": 20.25772476196289,
  "peak": -1.646274447441101,
  "rms": -22.803661346435547,
  "sample_rate": 44100,
  "sections": 1,
  "seekable": 1,
  "sharpness": 2.686676263809204,
  "space": -1.6305878162384033
}