{
  "bands": [
    {
      "high_freq": 148.1999969482422,
      "loudness": -36.20258712768555,
      "loudness_range": 23.727901458740234,
      "mid_mean": -33.92497253417969,
      "mid_to_side_loudness": -8.562346458435059,
      "mid_to_side_loudness_range": 25.295747756958008,
      "side_mean": -43.085880279541016
    },
    {
      "high_freq": 392.3793640136719,
      "loudness": -26.776206970214844,
      "loudness_range": 13.152933120727539,
      "low_freq": 148.1999969482422,
      "mid_mean": -25.34818458557129,
      "mid_to_side_loudness": -3.0804905891418457,
      "mid_to_side_loudness_range": 15.475305557250977,
      "side_mean": -28.682239532470703
    },
    {
      "high_freq": 794.6976318359375,
      "loudness": -27.2137393951416,
      "loudness_range": 15.656818389892578,
      "low_freq": 392.3793640136719,
      "mid_mean": -26.645076751708984,
      "mid_to_side_loudness": -1.1289796829223633,
      "mid_to_side_loudness_range": 15.654809951782227,
      "side_mean": -28.026098251342773
    },
    {
      "high_freq": 1457.5709228515625,
      "loudness": -34.13177490234375,
      "loudness_range": 23.088512420654297,
      "low_freq": 794.6976318359375,
      "mid_mean": -33.06526184082031,
      "mid_to_side_loudness": -2.672778367996216,
      "mid_to_side_loudness_range": 18.040529251098633,
      "side_mean": -35.99437713623047
    },
    {
      "high_freq": 2549.74365234375,
      "loudness": -37.305904388427734,
      "loudness_range": 23.89556121826172,
      "low_freq": 1457.5709228515625,
      "mid_mean": -37.118167877197266,
      "mid_to_side_loudness": -0.9479560852050781,
      "mid_to_side_loudness_range": 18.641193389892578,
      "side_mean": -38.55065155029297
    },
    {
      "high_freq": 4349.24462890625,
      "loudness": -42.54753494262695,
      "loudness_range": 24.627243041992188,
      "low_freq": 2549.74365234375,
      "mid_mean": -40.69267654418945,
      "mid_to_side_loudness": -5.689613342285156,
      "mid_to_side_loudness_range": 18.240650177001953,
      "side_mean": -47.85429763793945
    },
    {
      "high_freq": 7314.1640625,
      "loudness": -48.21184158325195,
      "loudness_range": 21.19235610961914,
      "low_freq": 4349.24462890625,
      "mid_mean": -46.084716796875,
      "mid_to_side_loudness": -7.194303512573242,
      "mid_to_side_loudness_range": 17.774932861328125,
      "side_mean": -55.467742919921875
    },
    {
      "high_freq": 12199.2666015625,
      "loudness": -48.69623947143555,
      "loudness_range": 24.993816375732422,
      "low_freq": 7314.1640625,
      "mid_mean": -50.089149475097656,
      "mid_to_side_loudness": -6.041108131408691,
      "mid_to_side_loudness_range": 19.15714454650879,
      "side_mean": -55.50803756713867
    },
    {
      "loudness": -59.60618591308594,
      "loudness_range": 23.842693328857422,
      "low_freq": 12199.2666015625,
      "mid_mean": -58.3814697265625,
      "mid_to_side_loudness": -1.8652530908584595,
      "mid_to_side_loudness_range": 13.837950706481934,
      "side_mean": -60.07468795776367
    }
  ],
  "bands_short": [
    {
      "high_freq": 148.1999969482422,
      "loudness": -39.59857177734375,
      "loudness_range": 27.31185531616211,
      "mid_mean": -36.6202392578125,
      "mid_to_side_loudness": -12.672542572021484,
      "mid_to_side_loudness_range": 28.29834747314453,
      "side_mean": -50.327064514160156
    },
    {
      "high_freq": 392.3793640136719,
      "loudness": -27.265539169311523,
      "loudness_range": 14.193363189697266,
      "low_freq": 148.1999969482422,
      "mid_mean": -25.947572708129883,
      "mid_to_side_loudness": -3.181914806365967,
      "mid_to_side_loudness_range": 16.73282814025879,
      "side_mean": -29.389570236206055
    },
    {
      "high_freq": 794.6976318359375,
      "loudness": -27.493513107299805,
      "loudness_range": 16.85377311706543,
      "low_freq": 392.3793640136719,
      "mid_mean": -26.98230743408203,
      "mid_to_side_loudness": -1.2730696201324463,
      "mid_to_side_loudness_range": 16.982275009155273,
      "side_mean": -28.51827621459961
    },
    {
      "high_freq": 1457.5709228515625,
      "loudness": -34.6840705871582,
      "loudness_range": 24.33675765991211,
      "low_freq": 794.6976318359375,
      "mid_mean": -33.6751708984375,
      "mid_to_side_loudness": -2.7298059463500977,
      "mid_to_side_loudness_range": 19.36119842529297,
      "side_mean": -36.71141815185547
    },
    {
      "high_freq": 2549.74365234375,
      "loudness": -38.313438415527344,
      "loudness_range": 25.491012573242188,
      "low_freq": 1457.5709228515625,
      "mid_mean": -37.969696044921875,
      "mid_to_side_loudness": -1.4034994840621948,
      "mid_to_side_loudness_range": 19.283958435058594,
      "side_mean": -39.930049896240234
    },
    {
      "high_freq": 4349.24462890625,
      "loudness": -43.2227783203125,
      "loudness_range": 26.02247428894043,
      "low_freq": 2549.74365234375,
      "mid_mean": -41.51311492919922,
      "mid_to_side_loudness": -5.694680690765381,
      "mid_to_side_loudness_range": 19.193464279174805,
      "side_mean": -48.94313049316406
    },
    {
      "high_freq": 7314.1640625,
      "loudness": -49.61276626586914,
      "loudness_range": 23.78744888305664,
      "low_freq": 4349.24462890625,
      "mid_mean": -50.152137756347656,
      "mid_to_side_loudness": -7.088289737701416,
      "mid_to_side_loudness_range": 17.811508178710938,
      "side_mean": -56.73724365234375
    },
    {
      "high_freq": 12199.2666015625,
      "loudness": -50.057823181152344,
      "loudness_range": 27.2869873046875,
      "low_freq": 7314.1640625,
      "mid_mean": -51.740360260009766,
      "mid_to_side_loudness": -5.7196807861328125,
      "mid_to_side_loudness_range": 18.064048767089844,
      "side_mean": -56.7872428894043
    },
    {
      "loudness": -60.99212646484375,
      "loudness_range": 25.438461303710938,
      "low_freq": 12199.2666015625,
      "mid_mean": -59.25555419921875,
      "mid_to_side_loudness": -1.4544326066970825,
      "mid_to_side_loudness_range": 12.3414945602417,
      "side_mean": -60.77448654174805
    }
  ],
  "channels": 2,
  "covariance": [
    [
      80.78678131103516,
      31.809555053710938,
      18.33660316467285,
      21.048938751220703,
      15.432974815368652,
      17.581707000732422,
      13.257454872131348,
      20.713031768798828,
      21.199514389038086,
      32.753414154052734,
      22.91118621826172,
      36.71722412109375,
      22.555049896240234,
      43.90231704711914,
      37.56220245361328,
      34.546852111816406,
      22.25885772705078,
      22.10565757751465
    ],
    [
      31.809555053710938,
      60.98493194580078,
      -0.8931451439857483,
      18.27035140991211,
      0.7694727778434753,
      11.191617012023926,
      -0.6789455413818359,
      16.946828842163086,
      1.8378738164901733,
      21.731613159179688,
      -0.35205334424972534,
      15.488183975219727,
      4.5484843254089355,
      16.3593807220459,
      -6.590543270111084,
      0.742271900177002,
      -3.5337274074554443,
      2.8002631664276123
    ],
    [
      18.33660316467285,
      -0.8931451439857483,
      28.304948806762695,
      12.664657592773438,
      23.878971099853516,
      12.481011390686035,
      27.8790283203125,
      15.997961044311523,
      28.447046279907227,
      19.774490356445312,
      26.851364135742188,
      27.56517791748047,
      22.174402236938477,
      28.595897674560547,
      41.85856246948242,
      36.13734817504883,
      27.09819221496582,
      22.975929260253906
    ],
    [
      21.048938751220703,
      18.27035140991211,
      12.664657592773438,
      28.35667610168457,
      15.58782958984375,
      18.103933334350586,
      15.09378433227539,
      22.712936401367188,
      17.269441604614258,
      29.971633911132812,
      11.726794242858887,
      27.62565040588379,
      9.538518905639648,
      24.732805252075195,
      14.225502967834473,
      15.195784568786621,
      7.815239906311035,
      10.009557723999023
    ],
    [
      15.432974815368652,
      0.7694727778434753,
      23.878971099853516,
      15.58782958984375,
      41.61347579956055,
      18.204927444458008,
      44.224143981933594,
      29.05508804321289,
      40.42612838745117,
      30.79239845275879,
      34.060882568359375,
      35.622398376464844,
      23.676546096801758,
      29.575702667236328,
      44.48905563354492,
      41.762855529785156,
      29.789026260375977,
      28.079587936401367
    ],
    [
      17.581707000732422,
      11.191617012023926,
      12.481011390686035,
      18.103933334350586,
      18.204927444458008,
      27.355342864990234,
      17.590667724609375,
      27.721181869506836,
      17.717681884765625,
      32.91621017456055,
      13.618179321289062,
      31.74414825439453,
      9.77975845336914,
      26.19793128967285,
      16.81490707397461,
      19.324779510498047,
      9.044489860534668,
      13.026961326599121
    ],
    [
      13.257454872131348,
      -0.6789455413818359,
      27.8790283203125,
      15.09378433227539,
      44.224143981933594,
      17.590667724609375,
      65.68277740478516,
      35.14240646362305,
      53.08006286621094,
      34.780784606933594,
      47.05531311035156,
      42.10572814941406,
      30.153532028198242,
      31.32009506225586,
      55.6895866394043,
      47.78165054321289,
      38.05314636230469,
      30.91438102722168
    ],
    [
      20.713031768798828,
      16.946828842163086,
      15.997961044311523,
      22.712936401367188,
      29.05508804321289,
      27.721181869506836,
      35.14240646362305,
      46.48767852783203,
      30.694921493530273,
      45.93217468261719,
      23.21564483642578,
      45.33310317993164,
      16.46653175354004,
      35.572967529296875,
      26.05464744567871,
      32.30537796020508,
      14.89503288269043,
      22.24300193786621
    ],
    [
      21.199514389038086,
      1.8378738164901733,
      28.447046279907227,
      17.269441604614258,
      40.42612838745117,
      17.717681884765625,
      53.08006286621094,
      30.694921493530273,
      68.41480255126953,
      43.8721809387207,
      60.23182678222656,
      53.54323196411133,
      42.30393600463867,
      44.26325607299805,
      64.18035125732422,
      55.960784912109375,
      42.95841979980469,
      37.41041564941406
    ],
    [
      32.753414154052734,
      21.731613159179688,
      19.774490356445312,
      29.971633911132812,
      30.79239845275879,
      32.91621017456055,
      34.780784606933594,
      45.93217468261719,
      43.8721809387207,
      70.11405181884766,
      36.62074279785156,
      64.40135192871094,
      26.260229110717773,
      49.4637451171875,
      34.43976593017578,
      36.55615997314453,
      19.773954391479492,
      24.130094528198242
    ],
    [
      22.91118621826172,
      -0.35205334424972534,
      26.851364135742188,
      11.726794242858887,
      34.060882568359375,
      13.618179321289062,
      47.05531311035156,
      23.21564483642578,
      60.23182678222656,
      36.62074279785156,
      80.84915924072266,
      56.65079879760742,
      58.496734619140625,
      52.02248764038086,
      76.04705047607422,
      63.93202590942383,
      50.16791534423828,
      41.6578369140625
    ],
    [
      36.71722412109375,
      15.488183975219727,
      27.56517791748047,
      27.62565040588379,
      35.622398376464844,
      31.74414825439453,
      42.10572814941406,
      45.33310317993164,
      53.54323196411133,
      64.40135192871094,
      56.65079879760742,
      86.0655517578125,
      43.40475082397461,
      69.93195343017578,
      57.10976028442383,
      61.81744384765625,
      33.91242980957031,
      40.74767303466797
    ],
    [
      22.555049896240234,
      4.5484843254089355,
      22.174402236938477,
      9.538518905639648,
      23.676546096801758,
      9.77975845336914,
      30.153532028198242,
      16.46653175354004,
      42.30393600463867,
      26.260229110717773,
      58.496734619140625,
      43.40475082397461,
      68.35133361816406,
      54.144710540771484,
      70.0941162109375,
      59.26713180541992,
      45.4155158996582,
      38.094444274902344
    ],
    [
      43.90231704711914,
      16.3593807220459,
      28.595897674560547,
      24.732805252075195,
      29.575702667236328,
      26.19793128967285,
      31.32009506225586,
      35.572967529296875,
      44.26325607299805,
      49.4637451171875,
      52.02248764038086,
      69.93195343017578,
      54.144710540771484,
      88.25138092041016,
      77.3338851928711,
      82.94180297851562,
      45.82991027832031,
      55.8455696105957
    ],
    [
      37.56220245361328,
      -6.590543270111084,
      41.85856246948242,
      14.225502967834473,
      44.48905563354492,
      16.81490707397461,
      55.6895866394043,
      26.05464744567871,
      64.18035125732422,
      34.43976593017578,
      76.04705047607422,
      57.10976028442383,
      70.0941162109375,
      77.3338851928711,
      132.73802185058594,
      106.23001861572266,
      84.24173736572266,
      69.01081085205078
    ],
    [
      34.546852111816406,
      0.742271900177002,
      36.13734817504883,
      15.195784568786621,
      41.762855529785156,
      19.324779510498047,
      47.78165054321289,
      32.30537796020508,
      55.960784912109375,
      36.55615997314453,
      63.93202590942383,
      61.81744384765625,
      59.26713180541992,
      82.94180297851562,
      106.23001861572266,
      117.58819580078125,
      66.40794372558594,
      80.82286834716797
    ],
    [
      22.25885772705078,
      -3.5337274074554443,
      27.09819221496582,
      7.815239906311035,
      29.789026260375977,
      9.044489860534668,
      38.05314636230469,
      14.89503288269043,
      42.95841979980469,
      19.773954391479492,
      50.16791534423828,
      33.91242980957031,
      45.4155158996582,
      45.82991027832031,
      84.24173736572266,
      66.40794372558594,
      59.99904251098633,
      46.568973541259766
    ],
    [
      22.10565757751465,
      2.8002631664276123,
      22.975929260253906,
      10.009557723999023,
      28.079587936401367,
      13.026961326599121,
      30.91438102722168,
      22.24300193786621,
      37.41041564941406,
      24.130094528198242,
      41.6578369140625,
      40.74767303466797,
      38.094444274902344,
      55.8455696105957,
      69.01081085205078,
      80.82286834716797,
      46.568973541259766,
      60.874427795410156
    ]
  ],
  "covariance_short": [
    [
      94.31932067871094,
      36.73223114013672,
      20.10504150390625,
      21.403162002563477,
      16.800006866455078,
      17.904129028320312,
      14.423005104064941,
      20.529760360717773,
      22.36368179321289,
      32.87944030761719,
      27.42132568359375,
      39.30840301513672,
      44.533241271972656,
      41.378780364990234,
      37.46843719482422,
      32.97323989868164,
      21.533235549926758,
      20.995222091674805
    ],
    [
      36.73223114013672,
      68.66445922851562,
      9.40312671661377,
      25.11713981628418,
      12.549385070800781,
      14.70219612121582,
      13.048417091369629,
      24.674388885498047,
      16.46451187133789,
      30.517885208129883,
      12.601106643676758,
      27.949552536010742,
      20.040205001831055,
      27.821104049682617,
      9.651673316955566,
      13.552162170410156,
      5.038881301879883,
      9.481969833374023
    ],
    [
      20.10504150390625,
      9.40312671661377,
      31.138681411743164,
      13.87376880645752,
      24.716602325439453,
      13.4827880859375,
      28.26601219177246,
      17.054176330566406,
      28.530858993530273,
      21.431591033935547,
      27.97560691833496,
      32.11594772338867,
      36.84280014038086,
      28.399892807006836,
      42.257423400878906,
      35.719268798828125,
      26.43476676940918,
      22.073162078857422
    ],
    [
      21.403162002563477,
      25.11713981628418,
      13.87376880645752,
      34.380184173583984,
      16.61056137084961,
      19.82149887084961,
      16.49787712097168,
      25.38739776611328,
      18.731033325195312,
      32.53584671020508,
      13.205239295959473,
      32.734718322753906,
      20.1708927154541,
      24.136474609375,
      13.083588600158691,
      13.710556983947754,
      6.781048774719238,
      8.814242362976074
    ],
    [
      16.800006866455078,
      12.549385070800781,
      24.716602325439453,
      16.61056137084961,
      47.388572692871094,
      19.926836013793945,
      47.59736633300781,
      31.706945419311523,
      43.795902252197266,
      34.421932220458984,
      38.08232879638672,
      41.434226989746094,
      36.931007385253906,
      31.339244842529297,
      47.559608459472656,
      43.6675910949707,
      30.751659393310547,
      28.59304428100586
    ],
    [
      17.904129028320312,
      14.70219612121582,
      13.4827880859375,
      19.82149887084961,
      19.926836013793945,
      31.145854949951172,
      19.295974731445312,
      29.439800262451172,
      19.295818328857422,
      35.3778190612793,
      15.23403263092041,
      38.130802154541016,
      21.393213272094727,
      26.523849487304688,
      16.298175811767578,
      18.531213760375977,
      8.57571029663086,
      12.399155616760254
    ],
    [
      14.423005104064941,
      13.048417091369629,
      28.26601219177246,
      16.49787712097168,
      47.59736633300781,
      19.295974731445312,
      71.91670227050781,
      38.42920684814453,
      57.61893081665039,
      39.469966888427734,
      51.89944839477539,
      47.310829162597656,
      44.848716735839844,
      34.722999572753906,
      61.53059005737305,
      52.22623062133789,
      40.63401412963867,
      33.03566360473633
    ],
    [
      20.529760360717773,
      24.674388885498047,
      17.054176330566406,
      25.38739776611328,
      31.706945419311523,
      29.439800262451172,
      38.42920684814453,
      51.29695129394531,
      34.13961410522461,
      49.743160247802734,
      26.774658203125,
      52.18083572387695,
      28.977781295776367,
      36.591064453125,
      27.843992233276367,
      32.22556686401367,
      15.611652374267578,
      21.764053344726562
    ],
    [
      22.36368179321289,
      16.46451187133789,
      28.530858993530273,
      18.731033325195312,
      43.795902252197266,
      19.295818328857422,
      57.61893081665039,
      34.13961410522461,
      75.41519927978516,
      48.73648452758789,
      66.78060913085938,
      59.64188766479492,
      60.26031494140625,
      47.702449798583984,
      70.28204345703125,
      59.897727966308594,
      44.906490325927734,
      38.998722076416016
    ],
    [
      32.87944030761719,
      30.517885208129883,
      21.431591033935547,
      32.53584671020508,
      34.421932220458984,
      35.3778190612793,
      39.469966888427734,
      49.743160247802734,
      48.73648452758789,
      75.16690826416016,
      41.09280776977539,
      70.84082794189453,
      41.98109817504883,
      50.2135009765625,
      35.98698806762695,
      36.786346435546875,
      20.32520866394043,
      24.126211166381836
    ],
    [
      27.42132568359375,
      12.601106643676758,
      27.97560691833496,
      13.205239295959473,
      38.08232879638672,
      15.23403263092041,
      51.89944839477539,
      26.774658203125,
      66.78060913085938,
      41.09280776977539,
      90.66634368896484,
      62.306396484375,
      76.5203857421875,
      57.444007873535156,
      86.14081573486328,
      70.15532684326172,
      54.02607345581055,
      44.43379211425781
    ],
    [
      39.30840301513672,
      27.949552536010742,
      32.11594772338867,
      32.734718322753906,
      41.434226989746094,
      38.130802154541016,
      47.310829162597656,
      52.18083572387695,
      59.64188766479492,
      70.84082794189453,
      62.306396484375,
      99.0958480834961,
      70.3056411743164,
      75.53216552734375,
      65.33621215820312,
      66.56515502929688,
      36.81047058105469,
      43.26209259033203
    ],
    [
      44.533241271972656,
      20.040205001831055,
      36.84280014038086,
      20.1708927154541,
      36.931007385253906,
      21.393213272094727,
      44.848716735839844,
      28.977781295776367,
      60.26031494140625,
      41.98109817504883,
      76.5203857421875,
      70.3056411743164,
      119.45864868164062,
      85.4747314453125,
      117.32991790771484,
      91.83428955078125,
      69.3891372680664,
      58.23448181152344
    ],
    [
      41.378780364990234,
      27.821104049682617,
      28.399892807006836,
      24.136474609375,
      31.339244842529297,
      26.523849487304688,
      34.722999572753906,
      36.591064453125,
      47.702449798583984,
      50.2135009765625,
      57.444007873535156,
      75.53216552734375,
      85.4747314453125,
      87.02166748046875,
      77.73384857177734,
      80.94794464111328,
      44.68791580200195,
      53.43662643432617
    ],
    [
      37.46843719482422,
      9.651673316955566,
      42.257423400878906,
      13.083588600158691,
      47.559608459472656,
      16.298175811767578,
      61.53059005737305,
      27.843992233276367,
      70.28204345703125,
      35.98698806762695,
      86.14081573486328,
      65.33621215820312,
      117.32991790771484,
      77.73384857177734,
      141.84158325195312,
      112.42473602294922,
      87.57324981689453,
      71.16421508789062
    ],
    [
      32.97323989868164,
      13.552162170410156,
      35.719268798828125,
      13.710556983947754,
      43.6675910949707,
      18.531213760375977,
      52.22623062133789,
      32.22556686401367,
      59.897727966308594,
      36.786346435546875,
      70.15532684326172,
      66.56515502929688,
      91.83428955078125,
      80.94794464111328,
      112.42473602294922,
      118.6543960571289,
      68.50019073486328,
      79.63916015625
    ],
    [
      21.533235549926758,
      5.038881301879883,
      26.43476676940918,
      6.781048774719238,
      30.751659393310547,
      8.57571029663086,
      40.63401412963867,
      15.611652374267578,
      44.906490325927734,
      20.32520866394043,
      54.02607345581055,
      36.81047058105469,
      69.3891372680664,
      44.68791580200195,
      87.57324981689453,
      68.50019073486328,
      61.69581604003906,
      47.58339309692383
    ],
    [
      20.995222091674805,
      9.481969833374023,
      22.073162078857422,
      8.814242362976074,
      28.59304428100586,
      12.399155616760254,
      33.03566360473633,
      21.764053344726562,
      38.998722076416016,
      24.126211166381836,
      44.43379211425781,
      43.26209259033203,
      58.23448181152344,
      53.43662643432617,
      71.16421508789062,
      79.63916015625,
      47.58339309692383,
      60.11691665649414
    ]
  ],
  "drr": 11.838305473327637,
  "dynamics": 4.838703632354736,
  "format": 1245190,
  "frames": 7270400,
  "loudness": -18.604707717895508,
  "loudness_range": 14.59630298614502,
  "loudness_range_short": 16.300922393798828,
  "peak": -0.692667543888092,
  "rms": -19.00331687927246,
  "sample_rate": 44100,
  "sections": 1,
  "seekable": 1,
  "sharpness": 2.5930376052856445,
  "space": -3.259917736053467
}