{
  "bands": [
    {
      "high_freq": 148.1999969482422,
      "loudness": -26.83321189880371,
      "loudness_range": 21.94676971435547,
      "mid_mean": -23.4124698638916,
      "mid_to_side_loudness": -21.12636947631836,
      "mid_to_side_loudness_range": 29.286495208740234,
      "side_mean": -46.413692474365234
    },
    {
      "high_freq": 392.3793640136719,
      "loudness": -23.96188735961914,
      "loudness_range": 10.524059295654297,
      "low_freq": 148.1999969482422,
      "mid_mean": -21.080642700195312,
      "mid_to_side_loudness": -7.9623823165893555,
      "mid_to_side_loudness_range": 11.634537696838379,
      "side_mean": -29.393268585205078
    },
    {
      "high_freq": 794.6976318359375,
      "loudness": -25.077852249145508,
      "loudness_range": 17.023181915283203,
      "low_freq": 392.3793640136719,
      "mid_mean": -22.159767150878906,
      "mid_to_side_loudness": -9.482437133789062,
      "mid_to_side_loudness_range": 15.687630653381348,
      "side_mean": -31.849363327026367
    },
    {
      "high_freq": 1457.5709228515625,
      "loudness": -30.754297256469727,
      "loudness_range": 24.81405258178711,
      "low_freq": 794.6976318359375,
      "mid_mean": -27.63650131225586,
      "mid_to_side_loudness": -10.900664329528809,
      "mid_to_side_loudness_range": 17.437458038330078,
      "side_mean": -38.80813217163086
    },
    {
      "high_freq": 2549.74365234375,
      "loudness": -28.838998794555664,
      "loudness_range": 22.340627670288086,
      "low_freq": 1457.5709228515625,
      "mid_mean": -25.701112747192383,
      "mid_to_side_loudness": -10.09703540802002,
      "mid_to_side_loudness_range": 12.89651870727539,
      "side_mean": -36.10858917236328
    },
    {
      "high_freq": 4349.24462890625,
      "loudness": -30.84528350830078,
      "loudness_range": 21.077777862548828,
      "low_freq": 2549.74365234375,
      "mid_mean": -27.809419631958008,
      "mid_to_side_loudness": -9.947543144226074,
      "mid_to_side_loudness_range": 14.492868423461914,
      "side_mean": -38.326507568359375
    },
    {
      "high_freq": 7314.1640625,
      "loudness": -33.660884857177734,
      "loudness_range": 17.786846160888672,
      "low_freq": 4349.24462890625,
      "mid_mean": -30.441457748413086,
      "mid_to_side_loudness": -10.301836013793945,
      "mid_to_side_loudness_range": 12.510866165161133,
      "side_mean": -41.826873779296875
    },
    {
      "high_freq": 12199.2666015625,
      "loudness": -32.12618637084961,
      "loudness_range": 11.56005859375,
      "low_freq": 7314.1640625,
      "mid_mean": -29.06182098388672,
      "mid_to_side_loudness": -9.922128677368164,
      "mid_to_side_loudness_range": 11.122215270996094,
      "side_mean": -40.56270217895508
    },
    {
      "loudness": -37.073822021484375,
      "loudness_range": 10.418697357177734,
      "low_freq": 12199.2666015625,
      "mid_mean": -34.466854095458984,
      "mid_to_side_loudness": -8.857132911682129,
      "mid_to_side_loudness_range": 8.67182445526123,
      "side_mean": -43.51459884643555
    }
  ],
  "bands_short": [
    {
      "high_freq": 148.1999969482422,
      "loudness": -29.824493408203125,
      "loudness_range": 29.7650089263916,
      "mid_mean": -26.412370681762695,
      "mid_to_side_loudness": -22.52094268798828,
      "mid_to_side_loudness_range": 34.766090393066406,
      "side_mean": -53.2151985168457
    },
    {
      "high_freq": 392.3793640136719,
      "loudness": -24.540828704833984,
      "loudness_range": 13.200386047363281,
      "low_freq": 148.1999969482422,
      "mid_mean": -21.684288024902344,
      "mid_to_side_loudness": -8.304370880126953,
      "mid_to_side_loudness_range": 14.458274841308594,
      "side_mean": -30.357118606567383
    },
    {
      "high_freq": 794.6976318359375,
      "loudness": -25.6468448638916,
      "loudness_range": 17.832117080688477,
      "low_freq": 392.3793640136719,
      "mid_mean": -23.071666717529297,
      "mid_to_side_loudness": -8.179030418395996,
      "mid_to_side_loudness_range": 18.35471534729004,
      "side_mean": -31.51657485961914
    },
    {
      "high_freq": 1457.5709228515625,
      "loudness": -31.101905822753906,
      "loudness_range": 26.497684478759766,
      "low_freq": 794.6976318359375,
      "mid_mean": -28.214557647705078,
      "mid_to_side_loudness": -9.909892082214355,
      "mid_to_side_loudness_range": 19.38215446472168,
      "side_mean": -38.49570846557617
    },
    {
      "high_freq": 2549.74365234375,
      "loudness": -30.039588928222656,
      "loudness_range": 24.75511360168457,
      "low_freq": 1457.5709228515625,
      "mid_mean": -27.073253631591797,
      "mid_to_side_loudness": -9.292120933532715,
      "mid_to_side_loudness_range": 15.465238571166992,
      "side_mean": -36.74884796142578
    },
    {
      "high_freq": 4349.24462890625,
      "loudness": -31.99825668334961,
      "loudness_range": 24.095447540283203,
      "low_freq": 2549.74365234375,
      "mid_mean": -29.035118103027344,
      "mid_to_side_loudness": -9.54477596282959,
      "mid_to_side_loudness_range": 16.48631477355957,
      "side_mean": -39.31764602661133
    },
    {
      "high_freq": 7314.1640625,
      "loudness": -36.26776123046875,
      "loudness_range": 23.961532592773438,
      "low_freq": 4349.24462890625,
      "mid_mean": -33.20891189575195,
      "mid_to_side_loudness": -9.634649276733398,
      "mid_to_side_loudness_range": 15.595009803771973,
      "side_mean": -44.02349853515625
    },
    {
      "high_freq": 12199.2666015625,
      "loudness": -37.261627197265625,
      "loudness_range": 27.86795425415039,
      "low_freq": 7314.1640625,
      "mid_mean": -34.289554595947266,
      "mid_to_side_loudness": -9.006808280944824,
      "mid_to_side_loudness_range": 14.770139694213867,
      "side_mean": -45.80150604248047
    },
    {
      "loudness": -42.78028869628906,
      "loudness_range": 28.077375411987305,
      "low_freq": 12199.2666015625,
      "mid_mean": -40.39095687866211,
      "mid_to_side_loudness": -8.725753784179688,
      "mid_to_side_loudness_range": 13.980754852294922,
      "side_mean": -52.438209533691406
    }
  ],
  "channels": 2,
  "covariance": [
    [
      77.41012573242188,
      2.079329490661621,
      19.331918716430664,
      14.372567176818848,
      28.46824073791504,
      20.123422622680664,
      35.40188980102539,
      21.772565841674805,
      33.86110305786133,
      31.422910690307617,
      34.616111755371094,
      27.697690963745117,
      33.42954635620117,
      34.44038009643555,
      28.031490325927734,
      36.7716178894043,
      22.834026336669922,
      25.574264526367188
    ],
    [
      2.079329490661621,
      32.20702362060547,
      2.6409709453582764,
      9.460116386413574,
      3.5607492923736572,
      7.982600688934326,
      5.030086994171143,
      7.429150581359863,
      3.382040500640869,
      6.33380126953125,
      2.543820381164551,
      6.295958995819092,
      3.0194225311279297,
      5.753807067871094,
      3.1093928813934326,
      2.5934674739837646,
      3.2810630798339844,
      2.0765552520751953
    ],
    [
      19.331918716430664,
      2.6409709453582764,
      17.047199249267578,
      10.50815200805664,
      15.297897338867188,
      9.548103332519531,
      16.142162322998047,
      10.52068042755127,
      16.988975524902344,
      15.91801643371582,
      17.208467483520508,
      14.522499084472656,
      13.670734405517578,
      14.127606391906738,
      8.951440811157227,
      11.984719276428223,
      7.525321960449219,
      8.58734130859375
    ],
    [
      14.372567176818848,
      9.460116386413574,
      10.50815200805664,
      23.371713638305664,
      16.771751403808594,
      15.814711570739746,
      18.520172119140625,
      14.125285148620605,
      17.179636001586914,
      16.929981231689453,
      15.867867469787598,
      15.588855743408203,
      12.934447288513184,
      14.832571983337402,
      6.6710734367370605,
      8.603429794311523,
      6.016409873962402,
      5.087093353271484
    ],
    [
      28.46824073791504,
      3.5607492923736572,
      15.297897338867188,
      16.771751403808594,
      46.78526306152344,
      23.156827926635742,
      47.218875885009766,
      24.33702278137207,
      36.53107452392578,
      31.042762756347656,
      35.104251861572266,
      28.083532333374023,
      25.091466903686523,
      25.661191940307617,
      15.665266990661621,
      20.925949096679688,
      12.597792625427246,
      14.178771018981934
    ],
    [
      20.123422622680664,
      7.982600688934326,
      9.548103332519531,
      15.814711570739746,
      23.156827926635742,
      29.848188400268555,
      25.322406768798828,
      21.323049545288086,
      22.47577667236328,
      23.633085250854492,
      21.257036209106445,
      22.201519012451172,
      16.1624698638916,
      20.901874542236328,
      11.17782211303711,
      11.900264739990234,
      9.5736083984375,
      9.653103828430176
    ],
    [
      35.40188980102539,
      5.030086994171143,
      16.142162322998047,
      18.520172119140625,
      47.218875885009766,
      25.322406768798828,
      72.82275390625,
      37.85959243774414,
      47.66893005371094,
      42.89025115966797,
      45.540008544921875,
      38.842933654785156,
      30.241455078125,
      31.413850784301758,
      18.449308395385742,
      25.168895721435547,
      15.749798774719238,
      20.01409912109375
    ],
    [
      21.772565841674805,
      7.429150581359863,
      10.52068042755127,
      14.125285148620605,
      24.33702278137207,
      21.323049545288086,
      37.85959243774414,
      38.312171936035156,
      29.796199798583984,
      35.17190170288086,
      28.72429084777832,
      31.1461181640625,
      17.01795768737793,
      20.88130760192871,
      11.231685638427734,
      12.768166542053223,
      11.025697708129883,
      14.789225578308105
    ],
    [
      33.86110305786133,
      3.382040500640869,
      16.988975524902344,
      17.179636001586914,
      36.53107452392578,
      22.47577667236328,
      47.66893005371094,
      29.796199798583984,
      59.64174270629883,
      42.84193420410156,
      51.26158142089844,
      39.30124282836914,
      31.622827529907227,
      32.016082763671875,
      18.195466995239258,
      25.020082473754883,
      16.489301681518555,
      20.51876449584961
    ],
    [
      31.422910690307617,
      6.33380126953125,
      15.91801643371582,
      16.929981231689453,
      31.042762756347656,
      23.633085250854492,
      42.89025115966797,
      35.17190170288086,
      42.84193420410156,
      47.1070442199707,
      39.78700256347656,
      42.70687484741211,
      25.472721099853516,
      30.628677368164062,
      16.23513412475586,
      20.879276275634766,
      16.110952377319336,
      20.804893493652344
    ],
    [
      34.616111755371094,
      2.543820381164551,
      17.208467483520508,
      15.867867469787598,
      35.104251861572266,
      21.257036209106445,
      45.540008544921875,
      28.72429084777832,
      51.26158142089844,
      39.78700256347656,
      60.77589797973633,
      41.39470291137695,
      35.06069564819336,
      32.706058502197266,
      20.25127410888672,
      26.987165451049805,
      17.181846618652344,
      20.49715805053711
    ],
    [
      27.697690963745117,
      6.295958995819092,
      14.522499084472656,
      15.588855743408203,
      28.083532333374023,
      22.201519012451172,
      38.842933654785156,
      31.1461181640625,
      39.30124282836914,
      42.70687484741211,
      41.39470291137695,
      51.78053665161133,
      25.529863357543945,
      34.67320251464844,
      15.349976539611816,
      20.610811233520508,
      14.501272201538086,
      18.354631423950195
    ],
    [
      33.42954635620117,
      3.0194225311279297,
      13.670734405517578,
      12.934447288513184,
      25.091466903686523,
      16.1624698638916,
      30.241455078125,
      17.01795768737793,
      31.622827529907227,
      25.472721099853516,
      35.06069564819336,
      25.529863357543945,
      44.28907775878906,
      30.810274124145508,
      27.49591636657715,
      36.7239875793457,
      23.50737190246582,
      23.724824905395508
    ],
    [
      34.44038009643555,
      5.753807067871094,
      14.127606391906738,
      14.832571983337402,
      25.661191940307617,
      20.901874542236328,
      31.413850784301758,
      20.88130760192871,
      32.016082763671875,
      30.628677368164062,
      32.706058502197266,
      34.67320251464844,
      30.810274124145508,
      40.747711181640625,
      22.117910385131836,
      30.50813102722168,
      20.142995834350586,
      21.385833740234375
    ],
    [
      28.031490325927734,
      3.1093928813934326,
      8.951440811157227,
      6.6710734367370605,
      15.665266990661621,
      11.17782211303711,
      18.449308395385742,
      11.231685638427734,
      18.195466995239258,
      16.23513412475586,
      20.25127410888672,
      15.349976539611816,
      27.49591636657715,
      22.117910385131836,
      40.02180480957031,
      32.203041076660156,
      28.831581115722656,
      25.176952362060547
    ],
    [
      36.7716178894043,
      2.5934674739837646,
      11.984719276428223,
      8.603429794311523,
      20.925949096679688,
      11.900264739990234,
      25.168895721435547,
      12.768166542053223,
      25.020082473754883,
      20.879276275634766,
      26.987165451049805,
      20.610811233520508,
      36.7239875793457,
      30.50813102722168,
      32.203041076660156,
      50.305206298828125,
      25.495641708374023,
      31.650503158569336
    ],
    [
      22.834026336669922,
      3.2810630798339844,
      7.525321960449219,
      6.016409873962402,
      12.597792625427246,
      9.5736083984375,
      15.749798774719238,
      11.025697708129883,
      16.489301681518555,
      16.110952377319336,
      17.181846618652344,
      14.501272201538086,
      23.50737190246582,
      20.142995834350586,
      28.831581115722656,
      25.495641708374023,
      35.938446044921875,
      27.787878036499023
    ],
    [
      25.574264526367188,
      2.0765552520751953,
      8.58734130859375,
      5.087093353271484,
      14.178771018981934,
      9.653103828430176,
      20.01409912109375,
      14.789225578308105,
      20.51876449584961,
      20.804893493652344,
      20.49715805053711,
      18.354631423950195,
      23.724824905395508,
      21.385833740234375,
      25.176952362060547,
      31.650503158569336,
      27.787878036499023,
      44.50762176513672
    ]
  ],
  "covariance_short": [
    [
      125.86000061035156,
      9.48369026184082,
      24.629236221313477,
      15.666617393493652,
      29.84840965270996,
      20.75420379638672,
      40.653385162353516,
      29.006023406982422,
      40.642982482910156,
      38.975460052490234,
      40.13798141479492,
      34.16666793823242,
      41.98530578613281,
      39.84718322753906,
      38.237335205078125,
      52.17293930053711,
      31.685483932495117,
      57.21928787231445
    ],
    [
      9.48369026184082,
      38.98758316040039,
      6.295842170715332,
      11.886943817138672,
      5.006997108459473,
      9.488665580749512,
      5.7776594161987305,
      7.0502424240112305,
      5.766714096069336,
      7.329688549041748,
      4.041658401489258,
      7.561349391937256,
      5.0981903076171875,
      9.447307586669922,
      4.705628871917725,
      9.664583206176758,
      5.029281139373779,
      19.73623275756836
    ],
    [
      24.629236221313477,
      6.295842170715332,
      25.665634155273438,
      11.435542106628418,
      16.390993118286133,
      11.398085594177246,
      17.70497703552246,
      11.702202796936035,
      20.433208465576172,
      17.21927261352539,
      19.183740615844727,
      15.622807502746582,
      19.78652000427246,
      18.861841201782227,
      19.460006713867188,
      23.211214065551758,
      17.17005157470703,
      25.972688674926758
    ],
    [
      15.666617393493652,
      11.886943817138672,
      11.435542106628418,
      24.841867446899414,
      14.945537567138672,
      17.30197525024414,
      15.992197036743164,
      12.542765617370605,
      16.295143127441406,
      15.326287269592285,
      14.934557914733887,
      14.69869613647461,
      13.737753868103027,
      15.317532539367676,
      11.027517318725586,
      16.823701858520508,
      9.707460403442383,
      21.224430084228516
    ],
    [
      29.84840965270996,
      5.006997108459473,
      16.390993118286133,
      14.945537567138672,
      50.824317932128906,
      21.34241485595703,
      47.825496673583984,
      23.067426681518555,
      38.48854064941406,
      28.932153701782227,
      37.957008361816406,
      26.644773483276367,
      29.618629455566406,
      25.30793571472168,
      24.123823165893555,
      30.056528091430664,
      19.742631912231445,
      33.70620346069336
    ],
    [
      20.75420379638672,
      9.488665580749512,
      11.398085594177246,
      17.30197525024414,
      21.34241485595703,
      34.156185150146484,
      26.59889030456543,
      22.383140563964844,
      24.888538360595703,
      24.704317092895508,
      23.081214904785156,
      23.893888473510742,
      17.36591339111328,
      22.857666015625,
      14.207417488098145,
      22.18882179260254,
      12.733185768127441,
      26.601930618286133
    ],
    [
      40.653385162353516,
      5.7776594161987305,
      17.70497703552246,
      15.992197036743164,
      47.825496673583984,
      26.59889030456543,
      85.04557037353516,
      40.92505645751953,
      54.3656005859375,
      44.80436706542969,
      51.81438064575195,
      40.53265380859375,
      38.64447021484375,
      34.8392219543457,
      32.46153259277344,
      39.81012725830078,
      27.867055892944336,
      46.124507904052734
    ],
    [
      29.006023406982422,
      7.0502424240112305,
      11.702202796936035,
      12.542765617370605,
      23.067426681518555,
      22.383140563964844,
      40.92505645751953,
      44.40653610229492,
      33.463417053222656,
      39.029014587402344,
      31.386503219604492,
      35.56769943237305,
      21.579504013061523,
      28.516633987426758,
      20.08509063720703,
      27.099393844604492,
      19.076255798339844,
      34.60234451293945
    ],
    [
      40.642982482910156,
      5.766714096069336,
      20.433208465576172,
      16.295143127441406,
      38.48854064941406,
      24.888538360595703,
      54.3656005859375,
      33.463417053222656,
      73.58382415771484,
      46.95121765136719,
      60.68979263305664,
      43.00041198730469,
      44.060115814208984,
      37.97409439086914,
      36.19606399536133,
      43.88721466064453,
      32.415401458740234,
      50.113407135009766
    ],
    [
      38.975460052490234,
      7.329688549041748,
      17.21927261352539,
      15.326287269592285,
      28.932153701782227,
      24.704317092895508,
      44.80436706542969,
      39.029014587402344,
      46.95121765136719,
      53.15126419067383,
      42.666748046875,
      45.73369598388672,
      31.764495849609375,
      37.952308654785156,
      28.51120376586914,
      38.44666290283203,
      26.710630416870117,
      45.612735748291016
    ],
    [
      40.13798141479492,
      4.041658401489258,
      19.183740615844727,
      14.934557914733887,
      37.957008361816406,
      23.081214904785156,
      51.81438064575195,
      31.386503219604492,
      60.68979263305664,
      42.666748046875,
      74.79959869384766,
      45.1375732421875,
      49.86848831176758,
      39.67869567871094,
      40.05183029174805,
      46.34043502807617,
      32.889705657958984,
      50.642086029052734
    ],
    [
      34.16666793823242,
      7.561349391937256,
      15.622807502746582,
      14.69869613647461,
      26.644773483276367,
      23.893888473510742,
      40.53265380859375,
      35.56769943237305,
      43.00041198730469,
      45.73369598388672,
      45.1375732421875,
      55.16502380371094,
      32.77646255493164,
      42.98221969604492,
      28.09775733947754,
      42.08039855957031,
      25.517913818359375,
      46.52902603149414
    ],
    [
      41.98530578613281,
      5.0981903076171875,
      19.78652000427246,
      13.737753868103027,
      29.618629455566406,
      17.36591339111328,
      38.64447021484375,
      21.579504013061523,
      44.060115814208984,
      31.764495849609375,
      49.86848831176758,
      32.77646255493164,
      72.72705078125,
      46.79035568237305,
      64.25801849365234,
      63.915382385253906,
      56.61313247680664,
      68.89360809326172
    ],
    [
      39.84718322753906,
      9.447307586669922,
      18.861841201782227,
      15.317532539367676,
      25.30793571472168,
      22.857666015625,
      34.8392219543457,
      28.516633987426758,
      37.97409439086914,
      37.952308654785156,
      39.67869567871094,
      42.98221969604492,
      46.79035568237305,
      57.19449996948242,
      46.15122985839844,
      63.20384216308594,
      44.87918472290039,
      68.02664947509766
    ],
    [
      38.237335205078125,
      4.705628871917725,
      19.460006713867188,
      11.027517318725586,
      24.123823165893555,
      14.207417488098145,
      32.46153259277344,
      20.08509063720703,
      36.19606399536133,
      28.51120376586914,
      40.05183029174805,
      28.09775733947754,
      64.25801849365234,
      46.15122985839844,
      92.08373260498047,
      70.12973022460938,
      80.14210510253906,
      78.37681579589844
    ],
    [
      52.17293930053711,
      9.664583206176758,
      23.211214065551758,
      16.823701858520508,
      30.056528091430664,
      22.18882179260254,
      39.81012725830078,
      27.099393844604492,
      43.88721466064453,
      38.44666290283203,
      46.34043502807617,
      42.08039855957031,
      63.915382385253906,
      63.20384216308594,
      70.12973022460938,
      94.79596710205078,
      67.98001861572266,
      99.1679458618164
    ],
    [
      31.685483932495117,
      5.029281139373779,
      17.17005157470703,
      9.707460403442383,
      19.742631912231445,
      12.733185768127441,
      27.867055892944336,
      19.076255798339844,
      32.415401458740234,
      26.710630416870117,
      32.889705657958984,
      25.517913818359375,
      56.61313247680664,
      44.87918472290039,
      80.14210510253906,
      67.98001861572266,
      98.47087097167969,
      88.89620208740234
    ],
    [
      57.21928787231445,
      19.73623275756836,
      25.972688674926758,
      21.224430084228516,
      33.70620346069336,
      26.601930618286133,
      46.124507904052734,
      34.60234451293945,
      50.113407135009766,
      45.612735748291016,
      50.642086029052734,
      46.52902603149414,
      68.89360809326172,
      68.02664947509766,
      78.37681579589844,
      99.1679458618164,
      88.89620208740234,
      133.30816650390625
    ]
  ],
  "drr": 12.937657356262207,
  "dynamics": 4.263494968414307,
  "format": 1245190,
  "frames": 11737088,
  "loudness": -13.711424827575684,
  "loudness_range": 13.496657371520996,
  "loudness_range_short": 15.244544982910156,
  "peak": -0.05999241769313812,
  "rms": -15.267068862915039,
  "sample_rate": 44100,
  "sections": 1,
  "seekable": 1,
  "sharpness": 2.569052219390869,
  "space": -10.4800386428833
}