{
  "bands": [
    {
      "high_freq": 148.1999969482422,
      "loudness": -20.359210968017578,
      "loudness_range": 10.753867149353027,
      "mid_mean": -16.8713321685791,
      "mid_to_side_loudness": -15.101919174194336,
      "mid_to_side_loudness_range": 12.411945343017578,
      "side_mean": -32.40678787231445
    },
    {
      "high_freq": 392.3793640136719,
      "loudness": -25.863399505615234,
      "loudness_range": 7.901176452636719,
      "low_freq": 148.1999969482422,
      "mid_mean": -23.742721557617188,
      "mid_to_side_loudness": -4.002401828765869,
      "mid_to_side_loudness_range": 8.147517204284668,
      "side_mean": -27.848438262939453
    },
    {
      "high_freq": 794.6976318359375,
      "loudness": -26.862693786621094,
      "loudness_range": 10.982851028442383,
      "low_freq": 392.3793640136719,
      "mid_mean": -24.274702072143555,
      "mid_to_side_loudness": -6.097280502319336,
      "mid_to_side_loudness_range": 11.468588829040527,
      "side_mean": -30.725820541381836
    },
    {
      "high_freq": 1457.5709228515625,
      "loudness": -29.7629337310791,
      "loudness_range": 21.078630447387695,
      "low_freq": 794.6976318359375,
      "mid_mean": -27.001068115234375,
      "mid_to_side_loudness": -7.7665534019470215,
      "mid_to_side_loudness_range": 14.712141036987305,
      "side_mean": -34.92850112915039
    },
    {
      "high_freq": 2549.74365234375,
      "loudness": -34.52401351928711,
      "loudness_range": 14.538917541503906,
      "low_freq": 1457.5709228515625,
      "mid_mean": -31.99233627319336,
      "mid_to_side_loudness": -6.534026145935059,
      "mid_to_side_loudness_range": 12.555109024047852,
      "side_mean": -38.545082092285156
    },
    {
      "high_freq": 4349.24462890625,
      "loudness": -39.67415237426758,
      "loudness_range": 14.905132293701172,
      "low_freq": 2549.74365234375,
      "mid_mean": -36.912696838378906,
      "mid_to_side_loudness": -7.9137749671936035,
      "mid_to_side_loudness_range": 14.221418380737305,
      "side_mean": -44.93008804321289
    },
    {
      "high_freq": 7314.1640625,
      "loudness": -43.8292236328125,
      "loudness_range": 17.1898193359375,
      "low_freq": 4349.24462890625,
      "mid_mean": -40.688690185546875,
      "mid_to_side_loudness": -10.60378646850586,
      "mid_to_side_loudness_range": 15.56939697265625,
      "side_mean": -51.55238723754883
    },
    {
      "high_freq": 12199.2666015625,
      "loudness": -45.12712097167969,
      "loudness_range": 21.00537872314453,
      "low_freq": 7314.1640625,
      "mid_mean": -41.93916702270508,
      "mid_to_side_loudness": -11.781402587890625,
      "mid_to_side_loudness_range": 18.925792694091797,
      "side_mean": -53.90538787841797
    },
    {
      "loudness": -53.825443267822266,
      "loudness_range": 20.94510269165039,
      "low_freq": 12199.2666015625,
      "mid_mean": -51.24195098876953,
      "mid_to_side_loudness": -5.296192646026611,
      "mid_to_side_loudness_range": 7.708437442779541,
      "side_mean": -55.93012237548828
    }
  ],
  "bands_short": [
    {
      "high_freq": 148.1999969482422,
      "loudness": -22.67951011657715,
      "loudness_range": 17.99051284790039,
      "mid_mean": -19.339902877807617,
      "mid_to_side_loudness": -15.05163860321045,
      "mid_to_side_loudness_range": 20.16162109375,
      "side_mean": -34.975276947021484
    },
    {
      "high_freq": 392.3793640136719,
      "loudness": -24.433269500732422,
      "loudness_range": 10.39444351196289,
      "low_freq": 148.1999969482422,
      "mid_mean": -22.052562713623047,
      "mid_to_side_loudness": -5.719024181365967,
      "mid_to_side_loudness_range": 12.454426765441895,
      "side_mean": -27.945554733276367
    },
    {
      "high_freq": 794.6976318359375,
      "loudness": -27.520709991455078,
      "loudness_range": 13.277297973632812,
      "low_freq": 392.3793640136719,
      "mid_mean": -25.153139114379883,
      "mid_to_side_loudness": -5.71010684967041,
      "mid_to_side_loudness_range": 13.292945861816406,
      "side_mean": -31.179325103759766
    },
    {
      "high_freq": 1457.5709228515625,
      "loudness": -30.20875358581543,
      "loudness_range": 22.241958618164062,
      "low_freq": 794.6976318359375,
      "mid_mean": -27.71809959411621,
      "mid_to_side_loudness": -6.960396766662598,
      "mid_to_side_loudness_range": 16.27370262145996,
      "side_mean": -34.8973274230957
    },
    {
      "high_freq": 2549.74365234375,
      "loudness": -35.71373748779297,
      "loudness_range": 17.213106155395508,
      "low_freq": 1457.5709228515625,
      "mid_mean": -33.37350845336914,
      "mid_to_side_loudness": -5.901857376098633,
      "mid_to_side_loudness_range": 13.46341323852539,
      "side_mean": -39.367130279541016
    },
    {
      "high_freq": 4349.24462890625,
      "loudness": -40.98619842529297,
      "loudness_range": 18.739686965942383,
      "low_freq": 2549.74365234375,
      "mid_mean": -38.480350494384766,
      "mid_to_side_loudness": -6.961811542510986,
      "mid_to_side_loudness_range": 15.594284057617188,
      "side_mean": -45.629669189453125
    },
    {
      "high_freq": 7314.1640625,
      "loudness": -45.909549713134766,
      "loudness_range": 20.043209075927734,
      "low_freq": 4349.24462890625,
      "mid_mean": -43.09073257446289,
      "mid_to_side_loudness": -9.121039390563965,
      "mid_to_side_loudness_range": 16.44818878173828,
      "side_mean": -52.49267578125
    },
    {
      "high_freq": 12199.2666015625,
      "loudness": -47.98798751831055,
      "loudness_range": 23.132389068603516,
      "low_freq": 7314.1640625,
      "mid_mean": -45.06489944458008,
      "mid_to_side_loudness": -11.232474327087402,
      "mid_to_side_loudness_range": 19.892745971679688,
      "side_mean": -56.432125091552734
    },
    {
      "loudness": -59.19948196411133,
      "loudness_range": 26.340499877929688,
      "low_freq": 12199.2666015625,
      "mid_mean": -56.24461364746094,
      "mid_to_side_loudness": -6.095516681671143,
      "mid_to_side_loudness_range": 10.289725303649902,
      "side_mean": -61.186912536621094
    }
  ],
  "channels": 2,
  "covariance": [
    [
      23.372156143188477,
      10.881439208984375,
      4.254981517791748,
      4.1550612449646,
      4.632608890533447,
      5.6681342124938965,
      1.69036066532135,
      2.8390755653381348,
      4.296278953552246,
      4.305593490600586,
      3.028646469116211,
      4.2823381423950195,
      3.143524646759033,
      4.296635627746582,
      1.7202500104904175,
      4.533039093017578,
      6.351217269897461,
      6.342365741729736
    ],
    [
      10.881439208984375,
      13.93366527557373,
      4.16001558303833,
      3.9716789722442627,
      4.37628173828125,
      4.992053031921387,
      2.878396987915039,
      2.876837968826294,
      3.453932285308838,
      3.44856858253479,
      2.071592330932617,
      2.145639181137085,
      2.096965789794922,
      2.2252402305603027,
      1.9872889518737793,
      2.3087964057922363,
      4.208543300628662,
      3.4957005977630615
    ],
    [
      4.254981517791748,
      4.16001558303833,
      12.961695671081543,
      8.824456214904785,
      8.006942749023438,
      6.903965950012207,
      6.037474632263184,
      5.464963436126709,
      6.055500507354736,
      5.176303863525391,
      6.298492431640625,
      5.165582180023193,
      6.968320369720459,
      4.314125061035156,
      7.476551055908203,
      4.529599666595459,
      7.589198112487793,
      6.299574375152588
    ],
    [
      4.1550612449646,
      3.9716789722442627,
      8.824456214904785,
      14.042839050292969,
      4.816129207611084,
      7.976137161254883,
      3.5245697498321533,
      4.414454936981201,
      5.211874008178711,
      7.458436965942383,
      5.4928388595581055,
      7.511916160583496,
      5.5676140785217285,
      4.203462600708008,
      4.926869869232178,
      3.004842519760132,
      5.320685863494873,
      4.452560901641846
    ],
    [
      4.632608890533447,
      4.37628173828125,
      8.006942749023438,
      4.816129207611084,
      22.052356719970703,
      10.835878372192383,
      21.293115615844727,
      10.009622573852539,
      15.826944351196289,
      7.256219863891602,
      14.620309829711914,
      6.990872383117676,
      11.144737243652344,
      5.630558490753174,
      14.160367012023926,
      5.279933929443359,
      8.021247863769531,
      4.78183650970459
    ],
    [
      5.6681342124938965,
      4.992053031921387,
      6.903965950012207,
      7.976137161254883,
      10.835878372192383,
      18.936546325683594,
      9.349732398986816,
      8.345199584960938,
      11.030423164367676,
      12.335777282714844,
      9.439868927001953,
      12.281949043273926,
      6.8488640785217285,
      7.562635898590088,
      5.982724189758301,
      5.051013946533203,
      8.326735496520996,
      7.462198734283447
    ],
    [
      1.69036066532135,
      2.878396987915039,
      6.037474632263184,
      3.5245697498321533,
      21.293115615844727,
      9.349732398986816,
      56.210323333740234,
      25.344867706298828,
      30.983165740966797,
      9.626630783081055,
      25.077762603759766,
      6.954631805419922,
      19.973194122314453,
      6.7840352058410645,
      24.1375732421875,
      7.817366123199463,
      12.441819190979004,
      7.008358955383301
    ],
    [
      2.8390755653381348,
      2.876837968826294,
      5.464963436126709,
      4.414454936981201,
      10.009622573852539,
      8.345199584960938,
      25.344867706298828,
      22.512317657470703,
      17.51971435546875,
      12.459207534790039,
      15.498867988586426,
      11.362595558166504,
      12.870079040527344,
      10.177590370178223,
      13.512958526611328,
      8.435468673706055,
      10.440653800964355,
      8.196110725402832
    ],
    [
      4.296278953552246,
      3.453932285308838,
      6.055500507354736,
      5.211874008178711,
      15.826944351196289,
      11.030423164367676,
      30.983165740966797,
      17.51971435546875,
      30.71446418762207,
      17.633901596069336,
      22.513391494750977,
      15.040448188781738,
      17.589065551757812,
      12.505455017089844,
      17.822542190551758,
      9.497949600219727,
      11.65106201171875,
      8.205056190490723
    ],
    [
      4.305593490600586,
      3.44856858253479,
      5.176303863525391,
      7.458436965942383,
      7.256219863891602,
      12.335777282714844,
      9.626630783081055,
      12.459207534790039,
      17.633901596069336,
      24.45987892150879,
      13.770535469055176,
      22.761520385742188,
      10.008844375610352,
      17.166990280151367,
      6.204942226409912,
      10.852290153503418,
      10.718212127685547,
      11.469646453857422
    ],
    [
      3.028646469116211,
      2.071592330932617,
      6.298492431640625,
      5.4928388595581055,
      14.620309829711914,
      9.439868927001953,
      25.077762603759766,
      15.498867988586426,
      22.513391494750977,
      13.770535469055176,
      32.295448303222656,
      18.19403648376465,
      26.652482986450195,
      15.991324424743652,
      24.235807418823242,
      12.754572868347168,
      14.627253532409668,
      10.951607704162598
    ],
    [
      4.2823381423950195,
      2.145639181137085,
      5.165582180023193,
      7.511916160583496,
      6.990872383117676,
      12.281949043273926,
      6.954631805419922,
      11.362595558166504,
      15.040448188781738,
      22.761520385742188,
      18.19403648376465,
      30.322261810302734,
      13.705934524536133,
      22.043394088745117,
      8.161418914794922,
      14.155806541442871,
      12.984047889709473,
      14.219164848327637
    ],
    [
      3.143524646759033,
      2.096965789794922,
      6.968320369720459,
      5.5676140785217285,
      11.144737243652344,
      6.8488640785217285,
      19.973194122314453,
      12.870079040527344,
      17.589065551757812,
      10.008844375610352,
      26.652482986450195,
      13.705934524536133,
      41.888065338134766,
      20.572458267211914,
      40.68927001953125,
      21.33039093017578,
      25.40183448791504,
      18.336679458618164
    ],
    [
      4.296635627746582,
      2.2252402305603027,
      4.314125061035156,
      4.203462600708008,
      5.630558490753174,
      7.562635898590088,
      6.7840352058410645,
      10.177590370178223,
      12.505455017089844,
      17.166990280151367,
      15.991324424743652,
      22.043394088745117,
      20.572458267211914,
      27.947772979736328,
      15.83785343170166,
      24.008827209472656,
      21.917335510253906,
      22.737159729003906
    ],
    [
      1.7202500104904175,
      1.9872889518737793,
      7.476551055908203,
      4.926869869232178,
      14.160367012023926,
      5.982724189758301,
      24.1375732421875,
      13.512958526611328,
      17.822542190551758,
      6.204942226409912,
      24.235807418823242,
      8.161418914794922,
      40.68927001953125,
      15.83785343170166,
      54.1965217590332,
      23.068069458007812,
      31.6232852935791,
      20.48816680908203
    ],
    [
      4.533039093017578,
      2.3087964057922363,
      4.529599666595459,
      3.004842519760132,
      5.279933929443359,
      5.051013946533203,
      7.817366123199463,
      8.435468673706055,
      9.497949600219727,
      10.852290153503418,
      12.754572868347168,
      14.155806541442871,
      21.33039093017578,
      24.008827209472656,
      23.068069458007812,
      33.25710678100586,
      37.96687316894531,
      39.689456939697266
    ],
    [
      6.351217269897461,
      4.208543300628662,
      7.589198112487793,
      5.320685863494873,
      8.021247863769531,
      8.326735496520996,
      12.441819190979004,
      10.440653800964355,
      11.65106201171875,
      10.718212127685547,
      14.627253532409668,
      12.984047889709473,
      25.40183448791504,
      21.917335510253906,
      31.6232852935791,
      37.96687316894531,
      55.032264709472656,
      55.576515197753906
    ],
    [
      6.342365741729736,
      3.4957005977630615,
      6.299574375152588,
      4.452560901641846,
      4.78183650970459,
      7.462198734283447,
      7.008358955383301,
      8.196110725402832,
      8.205056190490723,
      11.469646453857422,
      10.951607704162598,
      14.219164848327637,
      18.336679458618164,
      22.737159729003906,
      20.48816680908203,
      39.689456939697266,
      55.576515197753906,
      63.96680450439453
    ]
  ],
  "covariance_short": [
    [
      45.3072509765625,
      12.042766571044922,
      3.966525077819824,
      3.1818246841430664,
      1.965198278427124,
      5.506427764892578,
      0.9764311909675598,
      1.7530572414398193,
      4.1856369972229,
      5.5008392333984375,
      2.8970632553100586,
      6.089016437530518,
      0.2692924737930298,
      4.892298221588135,
      -2.978208065032959,
      3.657480001449585,
      2.1799509525299072,
      4.9038405418396
    ],
    [
      12.042766571044922,
      27.133264541625977,
      3.0768513679504395,
      4.84607458114624,
      3.3629648685455322,
      4.113245487213135,
      2.9671828746795654,
      3.0611369609832764,
      2.683826446533203,
      3.072319269180298,
      0.5856841206550598,
      1.2757267951965332,
      0.5923185348510742,
      0.8080483078956604,
      0.23410268127918243,
      0.23996450006961823,
      0.6640613079071045,
      -0.42228367924690247
    ],
    [
      3.966525077819824,
      3.0768513679504395,
      18.994632720947266,
      7.350527286529541,
      6.723208427429199,
      6.552033424377441,
      3.849400281906128,
      3.537297487258911,
      5.384909629821777,
      5.047014236450195,
      5.920539379119873,
      5.8740925788879395,
      5.390763282775879,
      5.026741027832031,
      5.497040748596191,
      5.5351243019104,
      7.261382579803467,
      7.435717582702637
    ],
    [
      3.1818246841430664,
      4.84607458114624,
      7.350527286529541,
      15.642778396606445,
      5.906032085418701,
      9.253461837768555,
      3.4231557846069336,
      4.912848949432373,
      6.029292583465576,
      8.21922779083252,
      5.834277153015137,
      8.079652786254883,
      4.516595363616943,
      4.501912593841553,
      3.4642467498779297,
      2.5864667892456055,
      3.916875123977661,
      3.2928028106689453
    ],
    [
      1.965198278427124,
      3.3629648685455322,
      6.723208427429199,
      5.906032085418701,
      29.15049934387207,
      14.168295860290527,
      22.774023056030273,
      9.864858627319336,
      20.004793167114258,
      10.3287935256958,
      20.375530242919922,
      10.514095306396484,
      15.464873313903809,
      8.003493309020996,
      18.407716751098633,
      6.618729591369629,
      8.535500526428223,
      5.27773904800415
    ],
    [
      5.506427764892578,
      4.113245487213135,
      6.552033424377441,
      9.253461837768555,
      14.168295860290527,
      24.9049015045166,
      10.194849967956543,
      9.604987144470215,
      13.79313850402832,
      15.569345474243164,
      12.035168647766113,
      15.701912879943848,
      8.045536994934082,
      9.823030471801758,
      6.126800060272217,
      5.497610092163086,
      7.067079067230225,
      6.245715618133545
    ],
    [
      0.9764311909675598,
      2.9671828746795654,
      3.849400281906128,
      3.4231557846069336,
      22.774023056030273,
      10.194849967956543,
      58.668617248535156,
      24.064708709716797,
      35.755043029785156,
      13.452568054199219,
      32.19218826293945,
      11.516170501708984,
      24.03509521484375,
      9.765042304992676,
      27.81315803527832,
      8.335161209106445,
      11.451329231262207,
      5.920157432556152
    ],
    [
      1.7530572414398193,
      3.0611369609832764,
      3.537297487258911,
      4.912848949432373,
      9.864858627319336,
      9.604987144470215,
      24.064708709716797,
      26.10595703125,
      18.195430755615234,
      15.43008041381836,
      16.16903305053711,
      13.69027042388916,
      13.415216445922852,
      11.12611198425293,
      13.748149871826172,
      7.455831527709961,
      7.679757118225098,
      4.694281101226807
    ],
    [
      4.1856369972229,
      2.683826446533203,
      5.384909629821777,
      6.029292583465576,
      20.004793167114258,
      13.79313850402832,
      35.755043029785156,
      18.195430755615234,
      42.092308044433594,
      22.90530014038086,
      32.4484977722168,
      20.628414154052734,
      24.215717315673828,
      16.153751373291016,
      23.681386947631836,
      11.62063217163086,
      13.349943161010742,
      10.19266128540039
    ],
    [
      5.5008392333984375,
      3.072319269180298,
      5.047014236450195,
      8.21922779083252,
      10.3287935256958,
      15.569345474243164,
      13.452568054199219,
      15.43008041381836,
      22.90530014038086,
      30.275348663330078,
      19.09940528869629,
      26.82798194885254,
      12.930977821350098,
      19.788124084472656,
      8.944854736328125,
      11.825191497802734,
      10.188835144042969,
      10.74461555480957
    ],
    [
      2.8970632553100586,
      0.5856841206550598,
      5.920539379119873,
      5.834277153015137,
      20.375530242919922,
      12.035168647766113,
      32.19218826293945,
      16.16903305053711,
      32.4484977722168,
      19.09940528869629,
      48.387001037597656,
      24.68310546875,
      36.979888916015625,
      20.985376358032227,
      33.93639373779297,
      17.048276901245117,
      18.794387817382812,
      15.269142150878906
    ],
    [
      6.089016437530518,
      1.2757267951965332,
      5.8740925788879395,
      8.079652786254883,
      10.514095306396484,
      15.701912879943848,
      11.516170501708984,
      13.69027042388916,
      20.628414154052734,
      26.82798194885254,
      24.68310546875,
      36.115074157714844,
      17.210073471069336,
      25.748180389404297,
      11.112590789794922,
      16.2681827545166,
      13.121864318847656,
      14.88116455078125
    ],
    [
      0.2692924737930298,
      0.5923185348510742,
      5.390763282775879,
      4.516595363616943,
      15.464873313903809,
      8.045536994934082,
      24.03509521484375,
      13.415216445922852,
      24.215717315673828,
      12.930977821350098,
      36.979888916015625,
      17.210073471069336,
      57.63591003417969,
      26.006813049316406,
      57.293373107910156,
      29.154502868652344,
      36.38167190551758,
      24.842252731323242
    ],
    [
      4.892298221588135,
      0.8080483078956604,
      5.026741027832031,
      4.501912593841553,
      8.003493309020996,
      9.823030471801758,
      9.765042304992676,
      11.12611198425293,
      16.153751373291016,
      19.788124084472656,
      20.985376358032227,
      25.748180389404297,
      26.006813049316406,
      34.02403259277344,
      21.202438354492188,
      29.71542739868164,
      24.655963897705078,
      25.72074317932129
    ],
    [
      -2.978208065032959,
      0.23410268127918243,
      5.497040748596191,
      3.4642467498779297,
      18.407716751098633,
      6.126800060272217,
      27.81315803527832,
      13.748149871826172,
      23.681386947631836,
      8.944854736328125,
      33.93639373779297,
      11.112590789794922,
      57.293373107910156,
      21.202438354492188,
      77.7215576171875,
      32.27889633178711,
      46.266502380371094,
      27.222143173217773
    ],
    [
      3.657480001449585,
      0.23996450006961823,
      5.5351243019104,
      2.5864667892456055,
      6.618729591369629,
      5.497610092163086,
      8.335161209106445,
      7.455831527709961,
      11.62063217163086,
      11.825191497802734,
      17.048276901245117,
      16.2681827545166,
      29.154502868652344,
      29.71542739868164,
      32.27889633178711,
      40.811439514160156,
      40.321067810058594,
      40.98294448852539
    ],
    [
      2.1799509525299072,
      0.6640613079071045,
      7.261382579803467,
      3.916875123977661,
      8.535500526428223,
      7.067079067230225,
      11.451329231262207,
      7.679757118225098,
      13.349943161010742,
      10.188835144042969,
      18.794387817382812,
      13.121864318847656,
      36.38167190551758,
      24.655963897705078,
      46.266502380371094,
      40.321067810058594,
      56.84535217285156,
      50.29991149902344
    ],
    [
      4.9038405418396,
      -0.42228367924690247,
      7.435717582702637,
      3.2928028106689453,
      5.27773904800415,
      6.245715618133545,
      5.920157432556152,
      4.694281101226807,
      10.19266128540039,
      10.74461555480957,
      15.269142150878906,
      14.88116455078125,
      24.842252731323242,
      25.72074317932129,
      27.222143173217773,
      40.98294448852539,
      50.29991149902344,
      57.441463470458984
    ]
  ],
  "drr": 14.30777645111084,
  "dynamics": 2.6606292724609375,
  "format": 1245190,
  "frames": 10889216,
  "loudness": -13.563270568847656,
  "loudness_range": 6.170851707458496,
  "loudness_range_short": 9.253474235534668,
  "peak": -0.000245920178713277,
  "rms": -14.5945405960083,
  "sample_rate": 44100,
  "sections": 1,
  "seekable": 1,
  "sharpness": 2.2649333477020264,
  "space": -9.746482849121094
}