{
  "bands": [
    {
      "high_freq": 148.1999969482422,
      "loudness": -30.93833351135254,
      "loudness_range": 19.348730087280273,
      "mid_mean": -27.28777503967285,
      "mid_to_side_loudness": -19.132213592529297,
      "mid_to_side_loudness_range": 14.072522163391113,
      "side_mean": -47.33393478393555
    },
    {
      "high_freq": 392.3793640136719,
      "loudness": -29.724245071411133,
      "loudness_range": 18.740699768066406,
      "low_freq": 148.1999969482422,
      "mid_mean": -26.46947479248047,
      "mid_to_side_loudness": -10.895981788635254,
      "mid_to_side_loudness_range": 10.261062622070312,
      "side_mean": -37.447715759277344
    },
    {
      "high_freq": 794.6976318359375,
      "loudness": -29.50313949584961,
      "loudness_range": 21.472721099853516,
      "low_freq": 392.3793640136719,
      "mid_mean": -27.144620895385742,
      "mid_to_side_loudness": -5.790908336639404,
      "mid_to_side_loudness_range": 9.450248718261719,
      "side_mean": -32.9125862121582
    },
    {
      "high_freq": 1457.5709228515625,
      "loudness": -32.803184509277344,
      "loudness_range": 28.238269805908203,
      "low_freq": 794.6976318359375,
      "mid_mean": -30.42860221862793,
      "mid_to_side_loudness": -5.929833889007568,
      "mid_to_side_loudness_range": 9.679062843322754,
      "side_mean": -36.32842254638672
    },
    {
      "high_freq": 2549.74365234375,
      "loudness": -38.035892486572266,
      "loudness_range": 24.71879005432129,
      "low_freq": 1457.5709228515625,
      "mid_mean": -35.68971252441406,
      "mid_to_side_loudness": -6.2960004806518555,
      "mid_to_side_loudness_range": 8.64389705657959,
      "side_mean": -42.12895584106445
    },
    {
      "high_freq": 4349.24462890625,
      "loudness": -43.726783752441406,
      "loudness_range": 27.934009552001953,
      "low_freq": 2549.74365234375,
      "mid_mean": -41.36622619628906,
      "mid_to_side_loudness": -6.833624362945557,
      "mid_to_side_loudness_range": 9.245978355407715,
      "side_mean": -49.26350784301758
    },
    {
      "high_freq": 7314.1640625,
      "loudness": -47.6790771484375,
      "loudness_range": 25.10283660888672,
      "low_freq": 4349.24462890625,
      "mid_mean": -44.795745849609375,
      "mid_to_side_loudness": -8.344918251037598,
      "mid_to_side_loudness_range": 10.77348804473877,
      "side_mean": -54.759944915771484
    },
    {
      "high_freq": 12199.2666015625,
      "loudness": -55.94171905517578,
      "loudness_range": 25.524791717529297,
      "low_freq": 7314.1640625,
      "mid_mean": -54.424869537353516,
      "mid_to_side_loudness": -7.6364336013793945,
      "mid_to_side_loudness_range": 8.447213172912598,
      "side_mean": -60.81462478637695
    },
    {
      "loudness": -67.98046112060547,
      "loudness_range": 29.210758209228516,
      "low_freq": 12199.2666015625,
      "mid_mean": -63.12931823730469,
      "mid_to_side_loudness": -4.387787818908691,
      "mid_to_side_loudness_range": 4.420505523681641,
      "side_mean": -65.8277816772461
    }
  ],
  "bands_short": [
    {
      "high_freq": 148.1999969482422,
      "loudness": -34.057193756103516,
      "loudness_range": 23.132389068603516,
      "mid_mean": -30.501380920410156,
      "mid_to_side_loudness": -18.80432891845703,
      "mid_to_side_loudness_range": 18.676189422607422,
      "side_mean": -50.47096633911133
    },
    {
      "high_freq": 392.3793640136719,
      "loudness": -29.395814895629883,
      "loudness_range": 18.2990665435791,
      "low_freq": 148.1999969482422,
      "mid_mean": -26.065858840942383,
      "mid_to_side_loudness": -12.547019958496094,
      "mid_to_side_loudness_range": 13.51998519897461,
      "side_mean": -38.72468948364258
    },
    {
      "high_freq": 794.6976318359375,
      "loudness": -29.979068756103516,
      "loudness_range": 23.469303131103516,
      "low_freq": 392.3793640136719,
      "mid_mean": -27.593324661254883,
      "mid_to_side_loudness": -6.000472068786621,
      "mid_to_side_loudness_range": 11.364740371704102,
      "side_mean": -33.65047073364258
    },
    {
      "high_freq": 1457.5709228515625,
      "loudness": -33.56187057495117,
      "loudness_range": 28.391685485839844,
      "low_freq": 794.6976318359375,
      "mid_mean": -31.38827133178711,
      "mid_to_side_loudness": -5.6647539138793945,
      "mid_to_side_loudness_range": 11.930724143981934,
      "side_mean": -36.990169525146484
    },
    {
      "high_freq": 2549.74365234375,
      "loudness": -39.45930862426758,
      "loudness_range": 26.908464431762695,
      "low_freq": 1457.5709228515625,
      "mid_mean": -37.335262298583984,
      "mid_to_side_loudness": -5.871809959411621,
      "mid_to_side_loudness_range": 10.525016784667969,
      "side_mean": -43.26237106323242
    },
    {
      "high_freq": 4349.24462890625,
      "loudness": -45.391971588134766,
      "loudness_range": 30.805644989013672,
      "low_freq": 2549.74365234375,
      "mid_mean": -43.29682159423828,
      "mid_to_side_loudness": -6.242543697357178,
      "mid_to_side_loudness_range": 10.792452812194824,
      "side_mean": -50.88661193847656
    },
    {
      "high_freq": 7314.1640625,
      "loudness": -50.34992980957031,
      "loudness_range": 26.643695831298828,
      "low_freq": 4349.24462890625,
      "mid_mean": -49.210594177246094,
      "mid_to_side_loudness": -7.007028579711914,
      "mid_to_side_loudness_range": 11.90980339050293,
      "side_mean": -56.008201599121094
    },
    {
      "high_freq": 12199.2666015625,
      "loudness": -60.275394439697266,
      "loudness_range": 27.940818786621094,
      "low_freq": 7314.1640625,
      "mid_mean": -57.548439025878906,
      "mid_to_side_loudness": -6.369277000427246,
      "mid_to_side_loudness_range": 9.48904800415039,
      "side_mean": -62.46489334106445
    },
    {
      "loudness": -70.97940826416016,
      "loudness_range": 22.183940887451172,
      "low_freq": 12199.2666015625,
      "mid_mean": -65.38384246826172,
      "mid_to_side_loudness": -3.5352768898010254,
      "mid_to_side_loudness_range": 4.407297611236572,
      "side_mean": -67.1128158569336
    }
  ],
  "channels": 2,
  "covariance": [
    [
      49.4166374206543,
      28.87154769897461,
      18.428916931152344,
      12.697000503540039,
      15.778640747070312,
      13.922183990478516,
      19.063026428222656,
      18.4228515625,
      17.941287994384766,
      18.268539428710938,
      23.42301368713379,
      29.66397476196289,
      23.00362777709961,
      27.19988441467285,
      33.488914489746094,
      24.86496925354004,
      22.9779052734375,
      15.291882514953613
    ],
    [
      28.87154769897461,
      37.0246467590332,
      17.690479278564453,
      14.743385314941406,
      19.8337345123291,
      19.829931259155273,
      22.0574951171875,
      20.858598709106445,
      22.016496658325195,
      21.616714477539062,
      23.218862533569336,
      33.47140884399414,
      18.60638427734375,
      29.595748901367188,
      28.2723388671875,
      21.61298370361328,
      16.54759407043457,
      10.953726768493652
    ],
    [
      18.428916931152344,
      17.690479278564453,
      42.398414611816406,
      39.950828552246094,
      23.35994529724121,
      21.132591247558594,
      24.989276885986328,
      19.669876098632812,
      27.986997604370117,
      26.98438835144043,
      27.17255401611328,
      40.51991271972656,
      19.46599769592285,
      29.711477279663086,
      25.156057357788086,
      20.175451278686523,
      15.325644493103027,
      10.931617736816406
    ],
    [
      12.697000503540039,
      14.743385314941406,
      39.950828552246094,
      50.59899139404297,
      22.55485725402832,
      19.358837127685547,
      22.391416549682617,
      16.244951248168945,
      26.62092399597168,
      24.817523956298828,
      24.46331787109375,
      38.64058303833008,
      14.707788467407227,
      25.356609344482422,
      17.673824310302734,
      15.509310722351074,
      11.320342063903809,
      8.497827529907227
    ],
    [
      15.778640747070312,
      19.8337345123291,
      23.35994529724121,
      22.55485725402832,
      58.89872741699219,
      55.87141418457031,
      46.985008239746094,
      43.05235290527344,
      49.00505447387695,
      49.05691909790039,
      56.45556640625,
      64.17587280273438,
      36.34212112426758,
      52.02532958984375,
      34.2227668762207,
      30.325895309448242,
      16.887115478515625,
      11.553436279296875
    ],
    [
      13.922183990478516,
      19.829931259155273,
      21.132591247558594,
      19.358837127685547,
      55.87141418457031,
      67.26469421386719,
      49.21710205078125,
      46.21965026855469,
      51.29764175415039,
      51.047611236572266,
      58.797950744628906,
      64.72691345214844,
      37.7900276184082,
      53.58814239501953,
      34.670440673828125,
      30.2672061920166,
      16.62294578552246,
      11.259221076965332
    ],
    [
      19.063026428222656,
      22.0574951171875,
      24.989276885986328,
      22.391416549682617,
      46.985008239746094,
      49.21710205078125,
      88.94979095458984,
      77.79190826416016,
      64.63046264648438,
      65.71623992919922,
      74.45635223388672,
      77.31675720214844,
      51.60863494873047,
      65.28522491455078,
      50.19573211669922,
      44.72514724731445,
      29.053653717041016,
      20.199726104736328
    ],
    [
      18.4228515625,
      20.858598709106445,
      19.669876098632812,
      16.244951248168945,
      43.05235290527344,
      46.21965026855469,
      77.79190826416016,
      81.63081359863281,
      61.058868408203125,
      62.12297058105469,
      69.49710845947266,
      72.98947143554688,
      49.62007522583008,
      63.71508026123047,
      49.92802429199219,
      44.691715240478516,
      29.147499084472656,
      20.401744842529297
    ],
    [
      17.941287994384766,
      22.016496658325195,
      27.986997604370117,
      26.62092399597168,
      49.00505447387695,
      51.29764175415039,
      64.63046264648438,
      61.058868408203125,
      80.1860580444336,
      70.63463592529297,
      74.38684844970703,
      79.51512908935547,
      52.44300842285156,
      66.9776611328125,
      47.23042297363281,
      43.74891662597656,
      26.158926010131836,
      18.79572296142578
    ],
    [
      18.268539428710938,
      21.616714477539062,
      26.98438835144043,
      24.817523956298828,
      49.05691909790039,
      51.047611236572266,
      65.71623992919922,
      62.12297058105469,
      70.63463592529297,
      76.03826141357422,
      73.2740707397461,
      78.99238586425781,
      49.62054443359375,
      65.24850463867188,
      46.84901809692383,
      41.99557113647461,
      25.297832489013672,
      17.622264862060547
    ],
    [
      23.42301368713379,
      23.218862533569336,
      27.17255401611328,
      24.46331787109375,
      56.45556640625,
      58.797950744628906,
      74.45635223388672,
      69.49710845947266,
      74.38684844970703,
      73.2740707397461,
      99.98567962646484,
      91.6929702758789,
      72.7476806640625,
      82.0587387084961,
      61.12211608886719,
      55.99317169189453,
      34.75688552856445,
      24.270421981811523
    ],
    [
      29.66397476196289,
      33.47140884399414,
      40.51991271972656,
      38.64058303833008,
      64.17587280273438,
      64.72691345214844,
      77.31675720214844,
      72.98947143554688,
      79.51512908935547,
      78.99238586425781,
      91.6929702758789,
      107.69287109375,
      66.50939178466797,
      89.43966674804688,
      68.15851593017578,
      58.98747253417969,
      37.25086975097656,
      25.9213809967041
    ],
    [
      23.00362777709961,
      18.60638427734375,
      19.46599769592285,
      14.707788467407227,
      36.34212112426758,
      37.7900276184082,
      51.60863494873047,
      49.62007522583008,
      52.44300842285156,
      49.62054443359375,
      72.7476806640625,
      66.50939178466797,
      75.59587860107422,
      71.86324310302734,
      67.16780090332031,
      58.63727569580078,
      41.12871170043945,
      28.348676681518555
    ],
    [
      27.19988441467285,
      29.595748901367188,
      29.711477279663086,
      25.356609344482422,
      52.02532958984375,
      53.58814239501953,
      65.28522491455078,
      63.71508026123047,
      66.9776611328125,
      65.24850463867188,
      82.0587387084961,
      89.43966674804688,
      71.86324310302734,
      91.45555877685547,
      78.27010345458984,
      65.77579498291016,
      43.880428314208984,
      30.420927047729492
    ],
    [
      33.488914489746094,
      28.2723388671875,
      25.156057357788086,
      17.673824310302734,
      34.2227668762207,
      34.670440673828125,
      50.19573211669922,
      49.92802429199219,
      47.23042297363281,
      46.84901809692383,
      61.12211608886719,
      68.15851593017578,
      67.16780090332031,
      78.27010345458984,
      88.5342788696289,
      68.4533920288086,
      54.55076599121094,
      36.95730209350586
    ],
    [
      24.86496925354004,
      21.61298370361328,
      20.175451278686523,
      15.509310722351074,
      30.325895309448242,
      30.2672061920166,
      44.72514724731445,
      44.691715240478516,
      43.74891662597656,
      41.99557113647461,
      55.99317169189453,
      58.98747253417969,
      58.63727569580078,
      65.77579498291016,
      68.4533920288086,
      58.702354431152344,
      45.18777084350586,
      32.189334869384766
    ],
    [
      22.9779052734375,
      16.54759407043457,
      15.325644493103027,
      11.320342063903809,
      16.887115478515625,
      16.62294578552246,
      29.053653717041016,
      29.147499084472656,
      26.158926010131836,
      25.297832489013672,
      34.75688552856445,
      37.25086975097656,
      41.12871170043945,
      43.880428314208984,
      54.55076599121094,
      45.18777084350586,
      50.400474548339844,
      36.42129135131836
    ],
    [
      15.291882514953613,
      10.953726768493652,
      10.931617736816406,
      8.497827529907227,
      11.553436279296875,
      11.259221076965332,
      20.199726104736328,
      20.401744842529297,
      18.79572296142578,
      17.622264862060547,
      24.270421981811523,
      25.9213809967041,
      28.348676681518555,
      30.420927047729492,
      36.95730209350586,
      32.189334869384766,
      36.42129135131836,
      27.548236846923828
    ]
  ],
  "covariance_short": [
    [
      66.75778198242188,
      34.29544448852539,
      26.143402099609375,
      13.461030006408691,
      17.779176712036133,
      17.766597747802734,
      18.077913284301758,
      16.394956588745117,
      18.038728713989258,
      18.288169860839844,
      21.70228385925293,
      28.428178787231445,
      28.57255744934082,
      24.791311264038086,
      24.11760711669922,
      19.33983039855957,
      12.497374534606934,
      9.513025283813477
    ],
    [
      34.29544448852539,
      50.43260955810547,
      19.316164016723633,
      14.106207847595215,
      18.546920776367188,
      18.926786422729492,
      18.54252815246582,
      17.4610538482666,
      18.879150390625,
      18.91224479675293,
      20.784255981445312,
      37.474212646484375,
      27.990184783935547,
      29.808555603027344,
      25.74125862121582,
      19.092792510986328,
      10.755607604980469,
      7.386144161224365
    ],
    [
      26.143402099609375,
      19.316164016723633,
      41.704532623291016,
      32.385955810546875,
      27.936723709106445,
      25.983043670654297,
      27.344120025634766,
      23.342878341674805,
      30.441883087158203,
      27.236186981201172,
      31.234439849853516,
      39.61334228515625,
      33.660255432128906,
      30.537437438964844,
      24.452430725097656,
      20.471044540405273,
      11.119758605957031,
      8.411993980407715
    ],
    [
      13.461030006408691,
      14.106207847595215,
      32.385955810546875,
      45.9810676574707,
      27.00809669494629,
      26.71858787536621,
      22.33680534362793,
      17.233972549438477,
      28.028810501098633,
      23.612695693969727,
      26.015737533569336,
      35.489933013916016,
      23.992097854614258,
      23.04966163635254,
      15.045694351196289,
      13.515057563781738,
      6.258726119995117,
      4.892545223236084
    ],
    [
      17.779176712036133,
      18.546920776367188,
      27.936723709106445,
      27.00809669494629,
      69.40440368652344,
      62.15222930908203,
      48.457008361816406,
      43.29608154296875,
      57.43857955932617,
      54.2966194152832,
      63.06523513793945,
      69.13328552246094,
      51.6703987121582,
      50.144691467285156,
      28.97229766845703,
      25.667194366455078,
      10.496837615966797,
      7.835999965667725
    ],
    [
      17.766597747802734,
      18.926786422729492,
      25.983043670654297,
      26.71858787536621,
      62.15222930908203,
      75.17669677734375,
      47.11800003051758,
      43.027191162109375,
      56.830142974853516,
      53.29341506958008,
      60.8521728515625,
      66.59986877441406,
      50.29063034057617,
      49.05691909790039,
      26.69275665283203,
      23.642593383789062,
      9.2178955078125,
      6.743250846862793
    ],
    [
      18.077913284301758,
      18.54252815246582,
      27.344120025634766,
      22.33680534362793,
      48.457008361816406,
      47.11800003051758,
      93.91266632080078,
      80.80327606201172,
      69.76372528076172,
      69.69174194335938,
      83.00061798095703,
      79.83781433105469,
      66.57756805419922,
      65.50550842285156,
      45.436100006103516,
      40.6159782409668,
      17.14417839050293,
      12.542726516723633
    ],
    [
      16.394956588745117,
      17.4610538482666,
      23.342878341674805,
      17.233972549438477,
      43.29608154296875,
      43.027191162109375,
      80.80327606201172,
      89.32274627685547,
      67.8706283569336,
      67.21844482421875,
      77.41529083251953,
      77.02360534667969,
      65.448974609375,
      65.43717956542969,
      45.2626953125,
      40.3756103515625,
      16.798933029174805,
      12.361776351928711
    ],
    [
      18.038728713989258,
      18.879150390625,
      30.441883087158203,
      28.028810501098633,
      57.43857955932617,
      56.830142974853516,
      69.76372528076172,
      67.8706283569336,
      92.79231262207031,
      77.85517883300781,
      84.68115234375,
      85.36620330810547,
      69.0459976196289,
      68.38141632080078,
      44.24434280395508,
      39.98514175415039,
      16.57977294921875,
      12.494231224060059
    ],
    [
      18.288169860839844,
      18.91224479675293,
      27.236186981201172,
      23.612695693969727,
      54.2966194152832,
      53.29341506958008,
      69.69174194335938,
      67.21844482421875,
      77.85517883300781,
      83.70529174804688,
      81.65673828125,
      83.09869384765625,
      65.61986541748047,
      65.51370239257812,
      42.869224548339844,
      38.09940719604492,
      15.169097900390625,
      11.161306381225586
    ],
    [
      21.70228385925293,
      20.784255981445312,
      31.234439849853516,
      26.015737533569336,
      63.06523513793945,
      60.8521728515625,
      83.00061798095703,
      77.41529083251953,
      84.68115234375,
      81.65673828125,
      113.9543228149414,
      99.39714050292969,
      85.55054473876953,
      84.04026794433594,
      59.4007453918457,
      52.45576858520508,
      24.2838191986084,
      17.608415603637695
    ],
    [
      28.428178787231445,
      37.474212646484375,
      39.61334228515625,
      35.489933013916016,
      69.13328552246094,
      66.59986877441406,
      79.83781433105469,
      77.02360534667969,
      85.36620330810547,
      83.09869384765625,
      99.39714050292969,
      117.28020477294922,
      91.33921813964844,
      92.29322814941406,
      64.73897552490234,
      54.6400260925293,
      25.148157119750977,
      18.131895065307617
    ],
    [
      28.57255744934082,
      27.990184783935547,
      33.660255432128906,
      23.992097854614258,
      51.6703987121582,
      50.29063034057617,
      66.57756805419922,
      65.448974609375,
      69.0459976196289,
      65.61986541748047,
      85.55054473876953,
      91.33921813964844,
      107.5772705078125,
      88.86481475830078,
      81.33259582519531,
      63.52345657348633,
      36.90300369262695,
      25.71875
    ],
    [
      24.791311264038086,
      29.808555603027344,
      30.537437438964844,
      23.04966163635254,
      50.144691467285156,
      49.05691909790039,
      65.50550842285156,
      65.43717956542969,
      68.38141632080078,
      65.51370239257812,
      84.04026794433594,
      92.29322814941406,
      88.86481475830078,
      88.50447082519531,
      68.45872497558594,
      58.20331954956055,
      29.57501220703125,
      21.57048797607422
    ],
    [
      24.11760711669922,
      25.74125862121582,
      24.452430725097656,
      15.045694351196289,
      28.97229766845703,
      26.69275665283203,
      45.436100006103516,
      45.2626953125,
      44.24434280395508,
      42.869224548339844,
      59.4007453918457,
      64.73897552490234,
      81.33259582519531,
      68.45872497558594,
      79.55037689208984,
      60.05600357055664,
      41.76939392089844,
      29.1783504486084
    ],
    [
      19.33983039855957,
      19.092792510986328,
      20.471044540405273,
      13.515057563781738,
      25.667194366455078,
      23.642593383789062,
      40.6159782409668,
      40.3756103515625,
      39.98514175415039,
      38.09940719604492,
      52.45576858520508,
      54.6400260925293,
      63.52345657348633,
      58.20331954956055,
      60.05600357055664,
      51.62272644042969,
      32.65950012207031,
      24.29141616821289
    ],
    [
      12.497374534606934,
      10.755607604980469,
      11.119758605957031,
      6.258726119995117,
      10.496837615966797,
      9.2178955078125,
      17.14417839050293,
      16.798933029174805,
      16.57977294921875,
      15.169097900390625,
      24.2838191986084,
      25.148157119750977,
      36.90300369262695,
      29.57501220703125,
      41.76939392089844,
      32.65950012207031,
      34.15542984008789,
      25.180532455444336
    ],
    [
      9.513025283813477,
      7.386144161224365,
      8.411993980407715,
      4.892545223236084,
      7.835999965667725,
      6.743250846862793,
      12.542726516723633,
      12.361776351928711,
      12.494231224060059,
      11.161306381225586,
      17.608415603637695,
      18.131895065307617,
      25.71875,
      21.57048797607422,
      29.1783504486084,
      24.29141616821289,
      25.180532455444336,
      19.738140106201172
    ]
  ],
  "drr": 8.86219596862793,
  "dynamics": 4.864821910858154,
  "format": 1245190,
  "frames": 11845632,
  "loudness": -18.059268951416016,
  "loudness_range": 15.716165542602539,
  "loudness_range_short": 17.916828155517578,
  "peak": -0.06308797001838684,
  "rms": -18.79551887512207,
  "sample_rate": 44100,
  "sections": 1,
  "seekable": 1,
  "sharpness": 3.1228690147399902,
  "space": -8.719731330871582
}