{
  "bands": [
    {
      "high_freq": 148.1999969482422,
      "loudness": -22.089244842529297,
      "loudness_range": 24.724891662597656,
      "mid_mean": -18.626880645751953,
      "mid_to_side_loudness": -18.820737838745117,
      "mid_to_side_loudness_range": 25.06041717529297,
      "side_mean": -38.04116439819336
    },
    {
      "high_freq": 392.3793640136719,
      "loudness": -18.750947952270508,
      "loudness_range": 7.043463706970215,
      "low_freq": 148.1999969482422,
      "mid_mean": -16.038257598876953,
      "mid_to_side_loudness": -7.814874649047852,
      "mid_to_side_loudness_range": 12.386905670166016,
      "side_mean": -23.274709701538086
    },
    {
      "high_freq": 794.6976318359375,
      "loudness": -22.71063804626465,
      "loudness_range": 10.556854248046875,
      "low_freq": 392.3793640136719,
      "mid_mean": -19.442045211791992,
      "mid_to_side_loudness": -11.674430847167969,
      "mid_to_side_loudness_range": 10.824756622314453,
      "side_mean": -30.519790649414062
    },
    {
      "high_freq": 1457.5709228515625,
      "loudness": -25.47646141052246,
      "loudness_range": 17.207897186279297,
      "low_freq": 794.6976318359375,
      "mid_mean": -22.344587326049805,
      "mid_to_side_loudness": -10.37354850769043,
      "mid_to_side_loudness_range": 12.093978881835938,
      "side_mean": -32.606903076171875
    },
    {
      "high_freq": 2549.74365234375,
      "loudness": -24.365671157836914,
      "loudness_range": 16.5439510345459,
      "low_freq": 1457.5709228515625,
      "mid_mean": -21.865224838256836,
      "mid_to_side_loudness": -7.199710369110107,
      "mid_to_side_loudness_range": 14.581764221191406,
      "side_mean": -28.883071899414062
    },
    {
      "high_freq": 4349.24462890625,
      "loudness": -25.28731918334961,
      "loudness_range": 15.57436752319336,
      "low_freq": 2549.74365234375,
      "mid_mean": -22.81319236755371,
      "mid_to_side_loudness": -5.811239719390869,
      "mid_to_side_loudness_range": 8.517955780029297,
      "side_mean": -28.466426849365234
    },
    {
      "high_freq": 7314.1640625,
      "loudness": -30.774139404296875,
      "loudness_range": 17.062902450561523,
      "low_freq": 4349.24462890625,
      "mid_mean": -28.511579513549805,
      "mid_to_side_loudness": -4.303741455078125,
      "mid_to_side_loudness_range": 2.9310262203216553,
      "side_mean": -32.78761291503906
    },
    {
      "high_freq": 12199.2666015625,
      "loudness": -44.21883773803711,
      "loudness_range": 21.02151107788086,
      "low_freq": 7314.1640625,
      "mid_mean": -43.39952850341797,
      "mid_to_side_loudness": -0.31365665793418884,
      "mid_to_side_loudness_range": 2.7001729011535645,
      "side_mean": -43.66999435424805
    },
    {
      "loudness": -55.12847900390625,
      "loudness_range": 20.895702362060547,
      "low_freq": 12199.2666015625,
      "mid_mean": -54.852176666259766,
      "mid_to_side_loudness": 0.9594956040382385,
      "mid_to_side_loudness_range": 3.2886130809783936,
      "side_mean": -53.97222900390625
    }
  ],
  "bands_short": [
    {
      "high_freq": 148.1999969482422,
      "loudness": -23.83049201965332,
      "loudness_range": 30.148208618164062,
      "mid_mean": -20.54317855834961,
      "mid_to_side_loudness": -19.3468074798584,
      "mid_to_side_loudness_range": 30.122127532958984,
      "side_mean": -42.88658905029297
    },
    {
      "high_freq": 392.3793640136719,
      "loudness": -19.175201416015625,
      "loudness_range": 12.246139526367188,
      "low_freq": 148.1999969482422,
      "mid_mean": -16.381593704223633,
      "mid_to_side_loudness": -9.951720237731934,
      "mid_to_side_loudness_range": 18.826143264770508,
      "side_mean": -25.997718811035156
    },
    {
      "high_freq": 794.6976318359375,
      "loudness": -23.989103317260742,
      "loudness_range": 15.523432731628418,
      "low_freq": 392.3793640136719,
      "mid_mean": -20.745136260986328,
      "mid_to_side_loudness": -12.673514366149902,
      "mid_to_side_loudness_range": 15.280060768127441,
      "side_mean": -32.94401550292969
    },
    {
      "high_freq": 1457.5709228515625,
      "loudness": -27.98598289489746,
      "loudness_range": 23.827102661132812,
      "low_freq": 794.6976318359375,
      "mid_mean": -24.900184631347656,
      "mid_to_side_loudness": -10.873382568359375,
      "mid_to_side_loudness_range": 14.075698852539062,
      "side_mean": -35.58254623413086
    },
    {
      "high_freq": 2549.74365234375,
      "loudness": -26.849645614624023,
      "loudness_range": 23.9555606842041,
      "low_freq": 1457.5709228515625,
      "mid_mean": -24.47590446472168,
      "mid_to_side_loudness": -7.903860092163086,
      "mid_to_side_loudness_range": 17.222904205322266,
      "side_mean": -31.864734649658203
    },
    {
      "high_freq": 4349.24462890625,
      "loudness": -27.287479400634766,
      "loudness_range": 22.396780014038086,
      "low_freq": 2549.74365234375,
      "mid_mean": -24.84369659423828,
      "mid_to_side_loudness": -6.366637229919434,
      "mid_to_side_loudness_range": 10.93760871887207,
      "side_mean": -30.985671997070312
    },
    {
      "high_freq": 7314.1640625,
      "loudness": -32.739009857177734,
      "loudness_range": 22.61475372314453,
      "low_freq": 4349.24462890625,
      "mid_mean": -30.4963321685791,
      "mid_to_side_loudness": -4.551529884338379,
      "mid_to_side_loudness_range": 4.923161506652832,
      "side_mean": -34.9969367980957
    },
    {
      "high_freq": 12199.2666015625,
      "loudness": -47.3097038269043,
      "loudness_range": 29.9515438079834,
      "low_freq": 7314.1640625,
      "mid_mean": -46.40925216674805,
      "mid_to_side_loudness": -0.7690314054489136,
      "mid_to_side_loudness_range": 4.433948516845703,
      "side_mean": -47.13511276245117
    },
    {
      "loudness": -57.339725494384766,
      "loudness_range": 23.36016082763672,
      "low_freq": 12199.2666015625,
      "mid_mean": -56.66743469238281,
      "mid_to_side_loudness": 0.6841055750846863,
      "mid_to_side_loudness_range": 4.210983753204346,
      "side_mean": -56.05458068847656
    }
  ],
  "channels": 2,
  "covariance": [
    [
      118.59894561767578,
      19.757822036743164,
      14.567359924316406,
      3.384617328643799,
      16.454265594482422,
      22.155832290649414,
      23.121028900146484,
      43.927162170410156,
      16.331802368164062,
      46.94879150390625,
      16.691347122192383,
      32.867340087890625,
      23.488466262817383,
      25.980636596679688,
      49.864341735839844,
      54.140045166015625,
      61.20722198486328,
      58.098690032958984
    ],
    [
      19.757822036743164,
      14.424309730529785,
      3.3734018802642822,
      2.799375057220459,
      3.392014503479004,
      5.951193809509277,
      5.693277359008789,
      11.938572883605957,
      3.542842149734497,
      12.778032302856445,
      1.9944225549697876,
      6.636011600494385,
      3.50647234916687,
      5.035977363586426,
      9.208137512207031,
      10.91833209991455,
      13.360884666442871,
      12.124075889587402
    ],
    [
      14.567359924316406,
      3.3734018802642822,
      6.532855033874512,
      5.047226428985596,
      3.353548049926758,
      3.4551591873168945,
      2.933469533920288,
      5.17710542678833,
      3.8478612899780273,
      6.663829326629639,
      3.5442276000976562,
      5.015283584594727,
      5.7577924728393555,
      5.931285381317139,
      8.198153495788574,
      8.800043106079102,
      9.676458358764648,
      9.166050910949707
    ],
    [
      3.384617328643799,
      2.799375057220459,
      5.047226428985596,
      19.572999954223633,
      1.4157153367996216,
      -0.6259984374046326,
      0.5383017063140869,
      0.2059423178434372,
      -0.16229872405529022,
      -0.14352521300315857,
      -0.4339238405227661,
      -0.5824865698814392,
      -0.25521811842918396,
      0.08046416193246841,
      0.6343501806259155,
      0.7694453597068787,
      2.4554479122161865,
      1.9903554916381836
    ],
    [
      16.454265594482422,
      3.392014503479004,
      3.353548049926758,
      1.4157153367996216,
      19.7440185546875,
      9.714005470275879,
      16.462303161621094,
      16.235559463500977,
      11.853363990783691,
      15.130480766296387,
      17.039451599121094,
      18.1915283203125,
      13.774102210998535,
      14.229410171508789,
      13.124382972717285,
      13.865622520446777,
      14.968286514282227,
      13.820352554321289
    ],
    [
      22.155832290649414,
      5.951193809509277,
      3.4551591873168945,
      -0.6259984374046326,
      9.714005470275879,
      17.389925003051758,
      9.454370498657227,
      17.94925308227539,
      7.625624179840088,
      18.40447998046875,
      8.652207374572754,
      14.511138916015625,
      10.182368278503418,
      11.555746078491211,
      15.56128215789795,
      17.111942291259766,
      19.002973556518555,
      17.475238800048828
    ],
    [
      23.121028900146484,
      5.693277359008789,
      2.933469533920288,
      0.5383017063140869,
      16.462303161621094,
      9.454370498657227,
      35.5096435546875,
      28.802656173706055,
      23.02791976928711,
      24.56100082397461,
      23.906448364257812,
      23.996173858642578,
      20.837419509887695,
      20.858802795410156,
      23.175046920776367,
      24.349409103393555,
      21.253427505493164,
      21.29253578186035
    ],
    [
      43.927162170410156,
      11.938572883605957,
      5.17710542678833,
      0.2059423178434372,
      16.235559463500977,
      17.94925308227539,
      28.802656173706055,
      41.21424865722656,
      21.271987915039062,
      40.18506622314453,
      21.8327579498291,
      31.54918098449707,
      23.860471725463867,
      25.66083335876465,
      35.3029899597168,
      38.53697204589844,
      38.81899642944336,
      36.71162033081055
    ],
    [
      16.331802368164062,
      3.542842149734497,
      3.8478612899780273,
      -0.16229872405529022,
      11.853363990783691,
      7.625624179840088,
      23.02791976928711,
      21.271987915039062,
      35.73065185546875,
      31.521657943725586,
      26.29281997680664,
      25.01262855529785,
      23.145227432250977,
      22.87765121459961,
      25.629058837890625,
      26.804691314697266,
      21.047334671020508,
      21.853334426879883
    ],
    [
      46.94879150390625,
      12.778032302856445,
      6.663829326629639,
      -0.14352521300315857,
      15.130480766296387,
      18.40447998046875,
      24.56100082397461,
      40.18506622314453,
      31.521657943725586,
      52.63637924194336,
      26.196720123291016,
      37.567481994628906,
      29.177133560180664,
      31.466596603393555,
      42.47900390625,
      46.226070404052734,
      44.619014739990234,
      42.794246673583984
    ],
    [
      16.691347122192383,
      1.9944225549697876,
      3.5442276000976562,
      -0.4339238405227661,
      17.039451599121094,
      8.652207374572754,
      23.906448364257812,
      21.8327579498291,
      26.29281997680664,
      26.196720123291016,
      33.953575134277344,
      31.196453094482422,
      28.72039222717285,
      27.898517608642578,
      26.021820068359375,
      26.650541305541992,
      21.343469619750977,
      21.314353942871094
    ],
    [
      32.867340087890625,
      6.636011600494385,
      5.015283584594727,
      -0.5824865698814392,
      18.1915283203125,
      14.511138916015625,
      23.996173858642578,
      31.54918098449707,
      25.01262855529785,
      37.567481994628906,
      31.196453094482422,
      38.972206115722656,
      30.926769256591797,
      32.017822265625,
      35.29450607299805,
      37.68984603881836,
      34.67402267456055,
      33.44407653808594
    ],
    [
      23.488466262817383,
      3.50647234916687,
      5.7577924728393555,
      -0.25521811842918396,
      13.774102210998535,
      10.182368278503418,
      20.837419509887695,
      23.860471725463867,
      23.145227432250977,
      29.177133560180664,
      28.72039222717285,
      30.926769256591797,
      37.89522171020508,
      36.41399002075195,
      35.5317268371582,
      36.252811431884766,
      28.694622039794922,
      27.98314666748047
    ],
    [
      25.980636596679688,
      5.035977363586426,
      5.931285381317139,
      0.08046416193246841,
      14.229410171508789,
      11.555746078491211,
      20.858802795410156,
      25.66083335876465,
      22.87765121459961,
      31.466596603393555,
      27.898517608642578,
      32.017822265625,
      36.41399002075195,
      37.118587493896484,
      35.74418258666992,
      37.28718566894531,
      30.119827270507812,
      29.20509147644043
    ],
    [
      49.864341735839844,
      9.208137512207031,
      8.198153495788574,
      0.6343501806259155,
      13.124382972717285,
      15.56128215789795,
      23.175046920776367,
      35.3029899597168,
      25.629058837890625,
      42.47900390625,
      26.021820068359375,
      35.29450607299805,
      35.5317268371582,
      35.74418258666992,
      52.3795280456543,
      54.19831848144531,
      47.55668640136719,
      45.708900451660156
    ],
    [
      54.140045166015625,
      10.91833209991455,
      8.800043106079102,
      0.7694453597068787,
      13.865622520446777,
      17.111942291259766,
      24.349409103393555,
      38.53697204589844,
      26.804691314697266,
      46.226070404052734,
      26.650541305541992,
      37.68984603881836,
      36.252811431884766,
      37.28718566894531,
      54.19831848144531,
      57.343719482421875,
      50.97256851196289,
      49.1453742980957
    ],
    [
      61.20722198486328,
      13.360884666442871,
      9.676458358764648,
      2.4554479122161865,
      14.968286514282227,
      19.002973556518555,
      21.253427505493164,
      38.81899642944336,
      21.047334671020508,
      44.619014739990234,
      21.343469619750977,
      34.67402267456055,
      28.694622039794922,
      30.119827270507812,
      47.55668640136719,
      50.97256851196289,
      55.58142852783203,
      52.845035552978516
    ],
    [
      58.098690032958984,
      12.124075889587402,
      9.166050910949707,
      1.9903554916381836,
      13.820352554321289,
      17.475238800048828,
      21.29253578186035,
      36.71162033081055,
      21.853334426879883,
      42.794246673583984,
      21.314353942871094,
      33.44407653808594,
      27.98314666748047,
      29.20509147644043,
      45.708900451660156,
      49.1453742980957,
      52.845035552978516,
      51.480369567871094
    ]
  ],
  "covariance_short": [
    [
      143.78782653808594,
      27.372835159301758,
      23.24951171875,
      3.8497977256774902,
      19.693185806274414,
      30.798913955688477,
      35.462215423583984,
      59.38460922241211,
      29.281652450561523,
      59.747947692871094,
      26.889480590820312,
      42.98161315917969,
      31.233074188232422,
      33.232303619384766,
      60.158687591552734,
      62.681861877441406,
      60.541446685791016,
      58.771060943603516
    ],
    [
      27.372835159301758,
      46.777347564697266,
      9.836682319641113,
      13.650792121887207,
      8.527432441711426,
      21.771963119506836,
      16.243852615356445,
      32.16511535644531,
      12.441944122314453,
      31.200023651123047,
      9.383503913879395,
      20.15313720703125,
      10.217361450195312,
      14.604819297790527,
      21.168052673339844,
      25.723237991333008,
      23.63872528076172,
      22.87453269958496
    ],
    [
      23.24951171875,
      9.836682319641113,
      19.205183029174805,
      10.62883472442627,
      7.145909786224365,
      10.547181129455566,
      8.31269359588623,
      13.861351013183594,
      7.548016548156738,
      14.25106143951416,
      5.000352382659912,
      9.83415699005127,
      8.790592193603516,
      9.861034393310547,
      15.457590103149414,
      16.866928100585938,
      15.825738906860352,
      15.350067138671875
    ],
    [
      3.8497977256774902,
      13.650792121887207,
      10.62883472442627,
      43.85565185546875,
      4.197107315063477,
      14.381790161132812,
      5.562954425811768,
      13.550592422485352,
      3.414646625518799,
      8.44322681427002,
      2.155708074569702,
      4.662472248077393,
      1.4329208135604858,
      3.4116923809051514,
      7.149270057678223,
      8.664216995239258,
      8.111899375915527,
      7.4192705154418945
    ],
    [
      19.693185806274414,
      8.527432441711426,
      7.145909786224365,
      4.197107315063477,
      33.024749755859375,
      21.14569854736328,
      30.12516975402832,
      32.2946891784668,
      24.52031898498535,
      29.565399169921875,
      27.84868812561035,
      31.915786743164062,
      20.13596534729004,
      22.113859176635742,
      23.82095718383789,
      25.596874237060547,
      21.660173416137695,
      21.235095977783203
    ],
    [
      30.798913955688477,
      21.771963119506836,
      10.547181129455566,
      14.381790161132812,
      21.14569854736328,
      39.51183319091797,
      25.417034149169922,
      44.792755126953125,
      20.930824279785156,
      41.923431396484375,
      20.29426383972168,
      33.49245071411133,
      19.925363540649414,
      24.4907283782959,
      34.05093002319336,
      38.267669677734375,
      33.40134811401367,
      32.701045989990234
    ],
    [
      35.462215423583984,
      16.243852615356445,
      8.31269359588623,
      5.562954425811768,
      30.12516975402832,
      25.417034149169922,
      64.70420837402344,
      64.1180191040039,
      44.156959533691406,
      52.75639724731445,
      41.40144729614258,
      48.179100036621094,
      33.488365173339844,
      36.82057189941406,
      43.69705581665039,
      47.02670669555664,
      36.93400573730469,
      36.976844787597656
    ],
    [
      59.38460922241211,
      32.16511535644531,
      13.861351013183594,
      13.550592422485352,
      32.2946891784668,
      44.792755126953125,
      64.1180191040039,
      91.77310180664062,
      48.63832092285156,
      80.5608901977539,
      44.116111755371094,
      65.00458526611328,
      41.78985595703125,
      49.071937561035156,
      64.74063873291016,
      71.7792739868164,
      60.05951690673828,
      59.101959228515625
    ],
    [
      29.281652450561523,
      12.441944122314453,
      7.548016548156738,
      3.414646625518799,
      24.52031898498535,
      20.930824279785156,
      44.156959533691406,
      48.63832092285156,
      66.20964813232422,
      66.47257995605469,
      48.18996047973633,
      51.455162048339844,
      39.612693786621094,
      41.66025924682617,
      48.38414001464844,
      51.15730667114258,
      36.225006103515625,
      37.343894958496094
    ],
    [
      59.747947692871094,
      31.200023651123047,
      14.25106143951416,
      8.44322681427002,
      29.565399169921875,
      41.923431396484375,
      52.75639724731445,
      80.5608901977539,
      66.47257995605469,
      105.94891357421875,
      51.17568588256836,
      75.75444793701172,
      49.57790756225586,
      58.26775360107422,
      73.2471694946289,
      82.01310729980469,
      66.3911361694336,
      66.27740478515625
    ],
    [
      26.889480590820312,
      9.383503913879395,
      5.000352382659912,
      2.155708074569702,
      27.84868812561035,
      20.29426383972168,
      41.40144729614258,
      44.116111755371094,
      48.18996047973633,
      51.17568588256836,
      61.38814926147461,
      60.57941436767578,
      49.42626953125,
      49.739990234375,
      50.51183319091797,
      51.69830322265625,
      34.834938049316406,
      35.81980895996094
    ],
    [
      42.98161315917969,
      20.15313720703125,
      9.83415699005127,
      4.662472248077393,
      31.915786743164062,
      33.49245071411133,
      48.179100036621094,
      65.00458526611328,
      51.455162048339844,
      75.75444793701172,
      60.57941436767578,
      80.60641479492188,
      54.86610794067383,
      61.862449645996094,
      65.85289001464844,
      73.11270141601562,
      54.319480895996094,
      55.09815979003906
    ],
    [
      31.233074188232422,
      10.217361450195312,
      8.790592193603516,
      1.4329208135604858,
      20.13596534729004,
      19.925363540649414,
      33.488365173339844,
      41.78985595703125,
      39.612693786621094,
      49.57790756225586,
      49.42626953125,
      54.86610794067383,
      63.34596252441406,
      62.648704528808594,
      62.85410690307617,
      64.61441040039062,
      41.74787902832031,
      42.06574630737305
    ],
    [
      33.232303619384766,
      14.604819297790527,
      9.861034393310547,
      3.4116923809051514,
      22.113859176635742,
      24.4907283782959,
      36.82057189941406,
      49.071937561035156,
      41.66025924682617,
      58.26775360107422,
      49.739990234375,
      61.862449645996094,
      62.648704528808594,
      69.50239562988281,
      65.88888549804688,
      71.41651153564453,
      46.05721664428711,
      46.81940460205078
    ],
    [
      60.158687591552734,
      21.168052673339844,
      15.457590103149414,
      7.149270057678223,
      23.82095718383789,
      34.05093002319336,
      43.69705581665039,
      64.74063873291016,
      48.38414001464844,
      73.2471694946289,
      50.51183319091797,
      65.85289001464844,
      62.85410690307617,
      65.88888549804688,
      93.40505981445312,
      96.27533721923828,
      67.68873596191406,
      67.32416534423828
    ],
    [
      62.681861877441406,
      25.723237991333008,
      16.866928100585938,
      8.664216995239258,
      25.596874237060547,
      38.267669677734375,
      47.02670669555664,
      71.7792739868164,
      51.15730667114258,
      82.01310729980469,
      51.69830322265625,
      73.11270141601562,
      64.61441040039062,
      71.41651153564453,
      96.27533721923828,
      104.45571899414062,
      73.37310791015625,
      74.0589599609375
    ],
    [
      60.541446685791016,
      23.63872528076172,
      15.825738906860352,
      8.111899375915527,
      21.660173416137695,
      33.40134811401367,
      36.93400573730469,
      60.05951690673828,
      36.225006103515625,
      66.3911361694336,
      34.834938049316406,
      54.319480895996094,
      41.74787902832031,
      46.05721664428711,
      67.68873596191406,
      73.37310791015625,
      66.02178192138672,
      64.56629180908203
    ],
    [
      58.771060943603516,
      22.87453269958496,
      15.350067138671875,
      7.4192705154418945,
      21.235095977783203,
      32.701045989990234,
      36.976844787597656,
      59.101959228515625,
      37.343894958496094,
      66.27740478515625,
      35.81980895996094,
      55.09815979003906,
      42.06574630737305,
      46.81940460205078,
      67.32416534423828,
      74.0589599609375,
      64.56629180908203,
      65.35826110839844
    ]
  ],
  "drr": 16.162960052490234,
  "dynamics": 3.7957475185394287,
  "format": 1245190,
  "frames": 4333568,
  "loudness": -9.413418769836426,
  "loudness_range": 9.452037811279297,
  "loudness_range_short": 13.222068786621094,
  "peak": 0.5021548867225647,
  "rms": -9.034284591674805,
  "sample_rate": 44100,
  "sections": 1,
  "seekable": 1,
  "sharpness": 3.0171735286712646,
  "space": -10.05626392364502
}