{
  "bands": [
    {
      "high_freq": 148.1999969482422,
      "loudness": -39.97921371459961,
      "loudness_range": 24.54813575744629,
      "mid_mean": -36.873924255371094,
      "mid_to_side_loudness": -12.523299217224121,
      "mid_to_side_loudness_range": 19.116586685180664,
      "side_mean": -50.419376373291016
    },
    {
      "high_freq": 392.3793640136719,
      "loudness": -36.82993698120117,
      "loudness_range": 17.217206954956055,
      "low_freq": 148.1999969482422,
      "mid_mean": -34.31795883178711,
      "mid_to_side_loudness": -7.040693759918213,
      "mid_to_side_loudness_range": 15.367937088012695,
      "side_mean": -41.661460876464844
    },
    {
      "high_freq": 794.6976318359375,
      "loudness": -32.00331497192383,
      "loudness_range": 19.269678115844727,
      "low_freq": 392.3793640136719,
      "mid_mean": -30.8375301361084,
      "mid_to_side_loudness": -2.4756510257720947,
      "mid_to_side_loudness_range": 12.836639404296875,
      "side_mean": -33.188438415527344
    },
    {
      "high_freq": 1457.5709228515625,
      "loudness": -31.90058135986328,
      "loudness_range": 24.218778610229492,
      "low_freq": 794.6976318359375,
      "mid_mean": -30.911230087280273,
      "mid_to_side_loudness": -1.469884991645813,
      "mid_to_side_loudness_range": 8.36524772644043,
      "side_mean": -32.13679504394531
    },
    {
      "high_freq": 2549.74365234375,
      "loudness": -32.53963851928711,
      "loudness_range": 21.90802001953125,
      "low_freq": 1457.5709228515625,
      "mid_mean": -31.488557815551758,
      "mid_to_side_loudness": -1.4362109899520874,
      "mid_to_side_loudness_range": 6.940378665924072,
      "side_mean": -32.97728729248047
    },
    {
      "high_freq": 4349.24462890625,
      "loudness": -39.77887725830078,
      "loudness_range": 30.838260650634766,
      "low_freq": 2549.74365234375,
      "mid_mean": -39.155311584472656,
      "mid_to_side_loudness": -0.9311650395393372,
      "mid_to_side_loudness_range": 7.661760330200195,
      "side_mean": -40.04828643798828
    },
    {
      "high_freq": 7314.1640625,
      "loudness": -48.60713577270508,
      "loudness_range": 29.0247802734375,
      "low_freq": 4349.24462890625,
      "mid_mean": -48.82758712768555,
      "mid_to_side_loudness": -1.2289100885391235,
      "mid_to_side_loudness_range": 7.243988513946533,
      "side_mean": -50.58483123779297
    },
    {
      "high_freq": 12199.2666015625,
      "loudness": -60.20063018798828,
      "loudness_range": 28.0052490234375,
      "low_freq": 7314.1640625,
      "mid_mean": -58.19603729248047,
      "mid_to_side_loudness": -1.1944524049758911,
      "mid_to_side_loudness_range": 5.6966872215271,
      "side_mean": -59.093475341796875
    },
    {
      "loudness": -65.12321472167969,
      "loudness_range": 17.610824584960938,
      "low_freq": 12199.2666015625,
      "mid_mean": -62.77325439453125,
      "mid_to_side_loudness": -0.5149676203727722,
      "mid_to_side_loudness_range": 2.3642067909240723,
      "side_mean": -63.110595703125
    }
  ],
  "bands_short": [
    {
      "high_freq": 148.1999969482422,
      "loudness": -42.55794906616211,
      "loudness_range": 26.16724395751953,
      "mid_mean": -39.75444412231445,
      "mid_to_side_loudness": -11.388530731201172,
      "mid_to_side_loudness_range": 22.789953231811523,
      "side_mean": -52.44558334350586
    },
    {
      "high_freq": 392.3793640136719,
      "loudness": -36.27228546142578,
      "loudness_range": 18.608936309814453,
      "low_freq": 148.1999969482422,
      "mid_mean": -33.67656326293945,
      "mid_to_side_loudness": -7.676455974578857,
      "mid_to_side_loudness_range": 17.234506607055664,
      "side_mean": -41.805564880371094
    },
    {
      "high_freq": 794.6976318359375,
      "loudness": -33.02885818481445,
      "loudness_range": 20.530799865722656,
      "low_freq": 392.3793640136719,
      "mid_mean": -31.893264770507812,
      "mid_to_side_loudness": -2.6881988048553467,
      "mid_to_side_loudness_range": 15.286376953125,
      "side_mean": -34.50603485107422
    },
    {
      "high_freq": 1457.5709228515625,
      "loudness": -31.75869369506836,
      "loudness_range": 24.570831298828125,
      "low_freq": 794.6976318359375,
      "mid_mean": -30.913991928100586,
      "mid_to_side_loudness": -1.5279510021209717,
      "mid_to_side_loudness_range": 11.176441192626953,
      "side_mean": -32.20155715942383
    },
    {
      "high_freq": 2549.74365234375,
      "loudness": -33.208839416503906,
      "loudness_range": 22.87021827697754,
      "low_freq": 1457.5709228515625,
      "mid_mean": -32.44337844848633,
      "mid_to_side_loudness": -1.1270924806594849,
      "mid_to_side_loudness_range": 8.891687393188477,
      "side_mean": -33.528236389160156
    },
    {
      "high_freq": 4349.24462890625,
      "loudness": -40.007484436035156,
      "loudness_range": 31.45904541015625,
      "low_freq": 2549.74365234375,
      "mid_mean": -39.5692253112793,
      "mid_to_side_loudness": -0.7620682120323181,
      "mid_to_side_loudness_range": 8.727456092834473,
      "side_mean": -40.346920013427734
    },
    {
      "high_freq": 7314.1640625,
      "loudness": -49.0788688659668,
      "loudness_range": 30.170303344726562,
      "low_freq": 4349.24462890625,
      "mid_mean": -50.08003234863281,
      "mid_to_side_loudness": -0.9743887186050415,
      "mid_to_side_loudness_range": 7.1447672843933105,
      "side_mean": -51.0005989074707
    },
    {
      "high_freq": 12199.2666015625,
      "loudness": -60.85297393798828,
      "loudness_range": 28.169593811035156,
      "low_freq": 7314.1640625,
      "mid_mean": -58.70564651489258,
      "mid_to_side_loudness": -1.0906888246536255,
      "mid_to_side_loudness_range": 5.9209771156311035,
      "side_mean": -59.5372200012207
    },
    {
      "loudness": -65.35773468017578,
      "loudness_range": 17.695465087890625,
      "low_freq": 12199.2666015625,
      "mid_mean": -62.94260025024414,
      "mid_to_side_loudness": -0.4921797215938568,
      "mid_to_side_loudness_range": 2.664159059524536,
      "side_mean": -63.269344329833984
    }
  ],
  "channels": 2,
  "covariance": [
    [
      73.3244857788086,
      49.31155776977539,
      16.686586380004883,
      7.065929889678955,
      -2.035937786102295,
      0.03896327316761017,
      12.231678009033203,
      11.087651252746582,
      9.263874053955078,
      7.094003200531006,
      17.152196884155273,
      14.411991119384766,
      20.44066047668457,
      20.343605041503906,
      14.653655052185059,
      13.042738914489746,
      7.453052043914795,
      7.085165977478027
    ],
    [
      49.31155776977539,
      73.88691711425781,
      20.588045120239258,
      15.166584968566895,
      7.119988441467285,
      5.311288356781006,
      15.827115058898926,
      16.983163833618164,
      18.32646942138672,
      13.162877082824707,
      14.887988090515137,
      11.730504989624023,
      21.191572189331055,
      28.791278839111328,
      19.23911476135254,
      17.021333694458008,
      11.804816246032715,
      11.23566722869873
    ],
    [
      16.686586380004883,
      20.588045120239258,
      32.85950469970703,
      30.21855926513672,
      5.556812286376953,
      4.614563465118408,
      4.895021915435791,
      4.588380813598633,
      2.4119155406951904,
      -1.4251000881195068,
      -5.966109752655029,
      -9.436660766601562,
      -2.9553325176239014,
      -6.495696067810059,
      -4.0777692794799805,
      -6.386739253997803,
      -2.4210333824157715,
      -3.1859374046325684
    ],
    [
      7.065929889678955,
      15.166584968566895,
      30.21855926513672,
      56.7049446105957,
      7.486339569091797,
      8.34414005279541,
      -7.0673017501831055,
      -4.71403169631958,
      -5.311990261077881,
      -10.706208229064941,
      -24.82825469970703,
      -29.088937759399414,
      -22.50955581665039,
      -28.691373825073242,
      -20.727611541748047,
      -22.82319450378418,
      -10.05021858215332,
      -10.54493522644043
    ],
    [
      -2.035937786102295,
      7.119988441467285,
      5.556812286376953,
      7.486339569091797,
      41.314048767089844,
      41.877830505371094,
      10.353874206542969,
      11.402332305908203,
      20.744020462036133,
      20.797420501708984,
      8.949756622314453,
      8.618295669555664,
      7.335944652557373,
      7.156359672546387,
      4.664249897003174,
      4.2141947746276855,
      2.43711519241333,
      2.2084805965423584
    ],
    [
      0.03896327316761017,
      5.311288356781006,
      4.614563465118408,
      8.34414005279541,
      41.877830505371094,
      66.70254516601562,
      1.6166685819625854,
      3.074115753173828,
      14.046612739562988,
      16.287612915039062,
      3.346235752105713,
      3.361508369445801,
      0.10812056809663773,
      1.5156731605529785,
      -3.873396873474121,
      -3.637512683868408,
      -2.7754969596862793,
      -2.7115039825439453
    ],
    [
      12.231678009033203,
      15.827115058898926,
      4.895021915435791,
      -7.0673017501831055,
      10.353874206542969,
      1.6166685819625854,
      77.69992065429688,
      66.55577087402344,
      38.45632553100586,
      37.29496765136719,
      60.89147186279297,
      55.942100524902344,
      56.034339904785156,
      48.82107925415039,
      47.05897903442383,
      39.122867584228516,
      26.990028381347656,
      24.282100677490234
    ],
    [
      11.087651252746582,
      16.983163833618164,
      4.588380813598633,
      -4.71403169631958,
      11.402332305908203,
      3.074115753173828,
      66.55577087402344,
      67.7894287109375,
      41.90492630004883,
      41.539878845214844,
      60.955841064453125,
      59.63167953491211,
      57.417606353759766,
      54.36665344238281,
      47.3370246887207,
      43.47476577758789,
      28.569726943969727,
      27.198884963989258
    ],
    [
      9.263874053955078,
      18.32646942138672,
      2.4119155406951904,
      -5.311990261077881,
      20.744020462036133,
      14.046612739562988,
      38.45632553100586,
      41.90492630004883,
      61.9714469909668,
      58.01195526123047,
      59.649105072021484,
      61.001991271972656,
      59.64446258544922,
      59.3172721862793,
      45.240020751953125,
      45.102413177490234,
      26.391149520874023,
      26.452335357666016
    ],
    [
      7.094003200531006,
      13.162877082824707,
      -1.4251000881195068,
      -10.706208229064941,
      20.797420501708984,
      16.287612915039062,
      37.29496765136719,
      41.539878845214844,
      58.01195526123047,
      64.87409973144531,
      66.95844268798828,
      71.5650634765625,
      64.30126953125,
      67.75358581542969,
      48.509178161621094,
      50.65101623535156,
      29.409833908081055,
      30.100322723388672
    ],
    [
      17.152196884155273,
      14.887988090515137,
      -5.966109752655029,
      -24.82825469970703,
      8.949756622314453,
      3.346235752105713,
      60.89147186279297,
      60.955841064453125,
      59.649105072021484,
      66.95844268798828,
      112.24072265625,
      112.70343780517578,
      95.57347106933594,
      98.9697265625,
      74.47239685058594,
      73.3250503540039,
      44.14427185058594,
      43.72178268432617
    ],
    [
      14.411991119384766,
      11.730504989624023,
      -9.436660766601562,
      -29.088937759399414,
      8.618295669555664,
      3.361508369445801,
      55.942100524902344,
      59.63167953491211,
      61.001991271972656,
      71.5650634765625,
      112.70343780517578,
      125.71402740478516,
      101.70722961425781,
      111.05107116699219,
      78.19329833984375,
      82.5895004272461,
      47.408653259277344,
      48.55287170410156
    ],
    [
      20.44066047668457,
      21.191572189331055,
      -2.9553325176239014,
      -22.50955581665039,
      7.335944652557373,
      0.10812056809663773,
      56.034339904785156,
      57.417606353759766,
      59.64446258544922,
      64.30126953125,
      95.57347106933594,
      101.70722961425781,
      116.24185180664062,
      118.51766967773438,
      81.7657241821289,
      82.70391845703125,
      46.553955078125,
      46.606998443603516
    ],
    [
      20.343605041503906,
      28.791278839111328,
      -6.495696067810059,
      -28.691373825073242,
      7.156359672546387,
      1.5156731605529785,
      48.82107925415039,
      54.36665344238281,
      59.3172721862793,
      67.75358581542969,
      98.9697265625,
      111.05107116699219,
      118.51766967773438,
      137.92132568359375,
      88.98767852783203,
      95.09883880615234,
      52.164154052734375,
      53.60481262207031
    ],
    [
      14.653655052185059,
      19.23911476135254,
      -4.0777692794799805,
      -20.727611541748047,
      4.664249897003174,
      -3.873396873474121,
      47.05897903442383,
      47.3370246887207,
      45.240020751953125,
      48.509178161621094,
      74.47239685058594,
      78.19329833984375,
      81.7657241821289,
      88.98767852783203,
      70.39008331298828,
      69.97071075439453,
      38.973670959472656,
      38.6650505065918
    ],
    [
      13.042738914489746,
      17.021333694458008,
      -6.386739253997803,
      -22.82319450378418,
      4.2141947746276855,
      -3.637512683868408,
      39.122867584228516,
      43.47476577758789,
      45.102413177490234,
      50.65101623535156,
      73.3250503540039,
      82.5895004272461,
      82.70391845703125,
      95.09883880615234,
      69.97071075439453,
      75.52669525146484,
      40.12619400024414,
      41.42728805541992
    ],
    [
      7.453052043914795,
      11.804816246032715,
      -2.4210333824157715,
      -10.05021858215332,
      2.43711519241333,
      -2.7754969596862793,
      26.990028381347656,
      28.569726943969727,
      26.391149520874023,
      29.409833908081055,
      44.14427185058594,
      47.408653259277344,
      46.553955078125,
      52.164154052734375,
      38.973670959472656,
      40.12619400024414,
      26.144948959350586,
      26.391149520874023
    ],
    [
      7.085165977478027,
      11.23566722869873,
      -3.1859374046325684,
      -10.54493522644043,
      2.2084805965423584,
      -2.7115039825439453,
      24.282100677490234,
      27.198884963989258,
      26.452335357666016,
      30.100322723388672,
      43.72178268432617,
      48.55287170410156,
      46.606998443603516,
      53.60481262207031,
      38.6650505065918,
      41.42728805541992,
      26.391149520874023,
      27.23464012145996
    ]
  ],
  "covariance_short": [
    [
      87.89322662353516,
      52.53882598876953,
      25.21550178527832,
      10.721346855163574,
      -0.7850905060768127,
      0.8947277069091797,
      11.520992279052734,
      10.81362533569336,
      8.260035514831543,
      5.949942111968994,
      12.503440856933594,
      9.253486633300781,
      17.95730209350586,
      17.888431549072266,
      12.735633850097656,
      11.275372505187988,
      6.6341376304626465,
      6.097522258758545
    ],
    [
      52.53882598876953,
      80.59795379638672,
      24.65673065185547,
      19.723115921020508,
      10.52273941040039,
      6.959886074066162,
      14.759369850158691,
      16.378488540649414,
      15.55810832977295,
      11.963921546936035,
      9.041296005249023,
      6.537716865539551,
      25.844539642333984,
      24.488082885742188,
      15.8375883102417,
      14.38412857055664,
      10.339448928833008,
      9.842805862426758
    ],
    [
      25.21550178527832,
      24.65673065185547,
      40.621402740478516,
      31.16811180114746,
      5.978198051452637,
      4.175741195678711,
      6.993844985961914,
      6.1898884773254395,
      1.0650666952133179,
      -1.260630488395691,
      -2.523606538772583,
      -5.020793914794922,
      -1.8901704549789429,
      -3.5836331844329834,
      -2.018397569656372,
      -3.7039008140563965,
      -1.4978301525115967,
      -2.0220842361450195
    ],
    [
      10.721346855163574,
      19.723115921020508,
      31.16811180114746,
      59.850975036621094,
      10.05297565460205,
      10.506332397460938,
      -4.720211505889893,
      -2.194528341293335,
      -7.161947727203369,
      -9.431293487548828,
      -23.788188934326172,
      -27.235980987548828,
      -22.78599739074707,
      -25.78091812133789,
      -18.867286682128906,
      -20.119142532348633,
      -8.967509269714355,
      -9.289161682128906
    ],
    [
      -0.7850905060768127,
      10.52273941040039,
      5.978198051452637,
      10.05297565460205,
      49.14539337158203,
      46.1329231262207,
      7.690430641174316,
      7.703671455383301,
      18.874614715576172,
      18.52430534362793,
      4.79193115234375,
      4.407994270324707,
      1.468009114265442,
      0.7985644340515137,
      -1.420687198638916,
      -2.1264777183532715,
      -0.7975565791130066,
      -1.060001015663147
    ],
    [
      0.8947277069091797,
      6.959886074066162,
      4.175741195678711,
      10.506332397460938,
      46.1329231262207,
      74.91259765625,
      0.05780691280961037,
      -0.2571341097354889,
      11.925019264221191,
      13.284220695495605,
      0.41079196333885193,
      -0.005022117868065834,
      -6.290749549865723,
      -5.95494270324707,
      -10.543785095214844,
      -10.96435546875,
      -6.2244181632995605,
      -6.409423351287842
    ],
    [
      11.520992279052734,
      14.759369850158691,
      6.993844985961914,
      -4.720211505889893,
      7.690430641174316,
      0.05780691280961037,
      77.2786865234375,
      63.50650405883789,
      40.266414642333984,
      37.017738342285156,
      57.52789306640625,
      52.453041076660156,
      57.38021469116211,
      50.3248405456543,
      46.85225296020508,
      39.73414611816406,
      26.141008377075195,
      23.632204055786133
    ],
    [
      10.81362533569336,
      16.378488540649414,
      6.1898884773254395,
      -2.194528341293335,
      7.703671455383301,
      -0.2571341097354889,
      63.50650405883789,
      70.38322448730469,
      43.386268615722656,
      41.26765060424805,
      56.7733268737793,
      55.541229248046875,
      58.28750228881836,
      55.5716438293457,
      46.779876708984375,
      43.80826950073242,
      27.468597412109375,
      26.43692970275879
    ],
    [
      8.260035514831543,
      15.55810832977295,
      1.0650666952133179,
      -7.161947727203369,
      18.874614715576172,
      11.925019264221191,
      40.266414642333984,
      43.386268615722656,
      70.01464080810547,
      61.4500732421875,
      64.05996704101562,
      65.54324340820312,
      65.84041595458984,
      64.48474884033203,
      48.8654899597168,
      48.160457611083984,
      27.73284339904785,
      27.629749298095703
    ],
    [
      5.949942111968994,
      11.963921546936035,
      -1.260630488395691,
      -9.431293487548828,
      18.52430534362793,
      13.284220695495605,
      37.017738342285156,
      41.26765060424805,
      61.4500732421875,
      68.35395812988281,
      67.1530990600586,
      71.18917846679688,
      65.83202362060547,
      68.10310363769531,
      48.42744827270508,
      50.021575927734375,
      28.949295043945312,
      29.54107093811035
    ],
    [
      12.503440856933594,
      9.041296005249023,
      -2.523606538772583,
      -23.788188934326172,
      4.79193115234375,
      0.41079196333885193,
      57.52789306640625,
      56.7733268737793,
      64.05996704101562,
      67.1530990600586,
      118.56428527832031,
      114.80585479736328,
      99.64498901367188,
      100.50867462158203,
      75.7735595703125,
      74.26248168945312,
      44.653717041015625,
      44.127716064453125
    ],
    [
      9.253486633300781,
      6.537716865539551,
      -5.020793914794922,
      -27.235980987548828,
      4.407994270324707,
      -0.005022117868065834,
      52.453041076660156,
      55.541229248046875,
      65.54324340820312,
      71.18917846679688,
      114.80585479736328,
      127.68473815917969,
      104.47025299072266,
      110.6552963256836,
      78.4448013305664,
      82.09278106689453,
      46.995784759521484,
      48.0175895690918
    ],
    [
      17.95730209350586,
      25.844539642333984,
      -1.8901704549789429,
      -22.78599739074707,
      1.468009114265442,
      -6.290749549865723,
      57.38021469116211,
      58.28750228881836,
      65.84041595458984,
      65.83202362060547,
      99.64498901367188,
      104.47025299072266,
      132.4240264892578,
      131.24378967285156,
      90.54207611083984,
      90.21922302246094,
      50.918495178222656,
      50.552364349365234
    ],
    [
      17.888431549072266,
      24.488082885742188,
      -3.5836331844329834,
      -25.78091812133789,
      0.7985644340515137,
      -5.95494270324707,
      50.3248405456543,
      55.5716438293457,
      64.48474884033203,
      68.10310363769531,
      100.50867462158203,
      110.6552963256836,
      131.24378967285156,
      140.7814483642578,
      90.86678314208984,
      96.15512084960938,
      52.52295684814453,
      53.781517028808594
    ],
    [
      12.735633850097656,
      15.8375883102417,
      -2.018397569656372,
      -18.867286682128906,
      -1.420687198638916,
      -10.543785095214844,
      46.85225296020508,
      46.779876708984375,
      48.8654899597168,
      48.42744827270508,
      75.7735595703125,
      78.4448013305664,
      90.54207611083984,
      90.86678314208984,
      72.9452896118164,
      71.54720306396484,
      39.82838821411133,
      39.26594924926758
    ],
    [
      11.275372505187988,
      14.38412857055664,
      -3.7039008140563965,
      -20.119142532348633,
      -2.1264777183532715,
      -10.96435546875,
      39.73414611816406,
      43.80826950073242,
      48.160457611083984,
      50.021575927734375,
      74.26248168945312,
      82.09278106689453,
      90.21922302246094,
      96.15512084960938,
      71.54720306396484,
      76.66461944580078,
      40.49155807495117,
      41.65851974487305
    ],
    [
      6.6341376304626465,
      10.339448928833008,
      -1.4978301525115967,
      -8.967509269714355,
      -0.7975565791130066,
      -6.2244181632995605,
      26.141008377075195,
      27.468597412109375,
      27.73284339904785,
      28.949295043945312,
      44.653717041015625,
      46.995784759521484,
      50.918495178222656,
      52.52295684814453,
      39.82838821411133,
      40.49155807495117,
      26.687105178833008,
      26.6192569732666
    ],
    [
      6.097522258758545,
      9.842805862426758,
      -2.0220842361450195,
      -9.289161682128906,
      -1.060001015663147,
      -6.409423351287842,
      23.632204055786133,
      26.43692970275879,
      27.629749298095703,
      29.54107093811035,
      44.127716064453125,
      48.0175895690918,
      50.552364349365234,
      53.781517028808594,
      39.26594924926758,
      41.65851974487305,
      26.6192569732666,
      27.482961654663086
    ]
  ],
  "drr": 8.478812217712402,
  "dynamics": 4.747581481933594,
  "format": 1245190,
  "frames": 7913472,
  "loudness": -19.67673110961914,
  "loudness_range": 15.741236686706543,
  "loudness_range_short": 16.011491775512695,
  "peak": -1.1531767845153809,
  "rms": -21.215484619140625,
  "sample_rate": 44100,
  "sections": 1,
  "seekable": 1,
  "sharpness": 1.4845502376556396,
  "space": -2.187809705734253
}