{
  "bands": [
    {
      "high_freq": 148.1999969482422,
      "loudness": -44.347537994384766,
      "loudness_range": 20.87366485595703,
      "mid_mean": -42.699371337890625,
      "mid_to_side_loudness": -2.870765447616577,
      "mid_to_side_loudness_range": 9.783523559570312,
      "side_mean": -45.61199951171875
    },
    {
      "high_freq": 392.3793640136719,
      "loudness": -36.237548828125,
      "loudness_range": 22.46074104309082,
      "low_freq": 148.1999969482422,
      "mid_mean": -35.125267028808594,
      "mid_to_side_loudness": -1.5212265253067017,
      "mid_to_side_loudness_range": 8.93596076965332,
      "side_mean": -36.7791862487793
    },
    {
      "high_freq": 794.6976318359375,
      "loudness": -36.85781478881836,
      "loudness_range": 19.40615463256836,
      "low_freq": 392.3793640136719,
      "mid_mean": -35.200714111328125,
      "mid_to_side_loudness": -3.1272740364074707,
      "mid_to_side_loudness_range": 9.708442687988281,
      "side_mean": -38.56002426147461
    },
    {
      "high_freq": 1457.5709228515625,
      "loudness": -29.497982025146484,
      "loudness_range": 20.429279327392578,
      "low_freq": 794.6976318359375,
      "mid_mean": -28.15488052368164,
      "mid_to_side_loudness": -2.132340669631958,
      "mid_to_side_loudness_range": 9.824060440063477,
      "side_mean": -30.686267852783203
    },
    {
      "high_freq": 2549.74365234375,
      "loudness": -34.60881423950195,
      "loudness_range": 22.10265350341797,
      "low_freq": 1457.5709228515625,
      "mid_mean": -33.99605178833008,
      "mid_to_side_loudness": -0.5272153615951538,
      "mid_to_side_loudness_range": 10.045015335083008,
      "side_mean": -34.78607177734375
    },
    {
      "high_freq": 4349.24462890625,
      "loudness": -38.12998962402344,
      "loudness_range": 27.816926956176758,
      "low_freq": 2549.74365234375,
      "mid_mean": -37.04055404663086,
      "mid_to_side_loudness": -2.676225185394287,
      "mid_to_side_loudness_range": 7.67599630355835,
      "side_mean": -39.58890151977539
    },
    {
      "high_freq": 7314.1640625,
      "loudness": -47.8355712890625,
      "loudness_range": 28.574766159057617,
      "low_freq": 4349.24462890625,
      "mid_mean": -50.17609405517578,
      "mid_to_side_loudness": -1.8423385620117188,
      "mid_to_side_loudness_range": 7.653524398803711,
      "side_mean": -51.85567855834961
    },
    {
      "high_freq": 12199.2666015625,
      "loudness": -58.914554595947266,
      "loudness_range": 29.750709533691406,
      "low_freq": 7314.1640625,
      "mid_mean": -56.971763610839844,
      "mid_to_side_loudness": -2.0853431224823,
      "mid_to_side_loudness_range": 6.047030448913574,
      "side_mean": -58.721595764160156
    },
    {
      "loudness": -64.82070922851562,
      "loudness_range": 21.396484375,
      "low_freq": 12199.2666015625,
      "mid_mean": -62.2339973449707,
      "mid_to_side_loudness": -0.9135722517967224,
      "mid_to_side_loudness_range": 2.2466561794281006,
      "side_mean": -62.86770248413086
    }
  ],
  "bands_short": [
    {
      "high_freq": 148.1999969482422,
      "loudness": -44.936580657958984,
      "loudness_range": 20.458831787109375,
      "mid_mean": -43.694950103759766,
      "mid_to_side_loudness": -2.7093989849090576,
      "mid_to_side_loudness_range": 14.654403686523438,
      "side_mean": -46.41876220703125
    },
    {
      "high_freq": 392.3793640136719,
      "loudness": -37.06235122680664,
      "loudness_range": 23.74056625366211,
      "low_freq": 148.1999969482422,
      "mid_mean": -35.905025482177734,
      "mid_to_side_loudness": -1.7687171697616577,
      "mid_to_side_loudness_range": 9.2294340133667,
      "side_mean": -37.84989929199219
    },
    {
      "high_freq": 794.6976318359375,
      "loudness": -38.17448043823242,
      "loudness_range": 24.707427978515625,
      "low_freq": 392.3793640136719,
      "mid_mean": -37.14250183105469,
      "mid_to_side_loudness": -1.9547979831695557,
      "mid_to_side_loudness_range": 11.22391128540039,
      "side_mean": -39.466033935546875
    },
    {
      "high_freq": 1457.5709228515625,
      "loudness": -29.318450927734375,
      "loudness_range": 20.043975830078125,
      "low_freq": 794.6976318359375,
      "mid_mean": -28.09868621826172,
      "mid_to_side_loudness": -2.347658395767212,
      "mid_to_side_loudness_range": 12.416755676269531,
      "side_mean": -30.7633056640625
    },
    {
      "high_freq": 2549.74365234375,
      "loudness": -34.891021728515625,
      "loudness_range": 22.66267204284668,
      "low_freq": 1457.5709228515625,
      "mid_mean": -34.58916091918945,
      "mid_to_side_loudness": -0.39622044563293457,
      "mid_to_side_loudness_range": 13.33352279663086,
      "side_mean": -35.188148498535156
    },
    {
      "high_freq": 4349.24462890625,
      "loudness": -38.35771560668945,
      "loudness_range": 28.64140510559082,
      "low_freq": 2549.74365234375,
      "mid_mean": -37.42533874511719,
      "mid_to_side_loudness": -2.750342845916748,
      "mid_to_side_loudness_range": 11.286361694335938,
      "side_mean": -39.897926330566406
    },
    {
      "high_freq": 7314.1640625,
      "loudness": -48.07447814941406,
      "loudness_range": 29.359514236450195,
      "low_freq": 4349.24462890625,
      "mid_mean": -50.491268157958984,
      "mid_to_side_loudness": -1.840335488319397,
      "mid_to_side_loudness_range": 9.64109992980957,
      "side_mean": -52.1563720703125
    },
    {
      "high_freq": 12199.2666015625,
      "loudness": -59.054351806640625,
      "loudness_range": 30.394744873046875,
      "low_freq": 7314.1640625,
      "mid_mean": -57.18111801147461,
      "mid_to_side_loudness": -2.061922311782837,
      "mid_to_side_loudness_range": 7.255835056304932,
      "side_mean": -58.89134216308594
    },
    {
      "loudness": -64.88980102539062,
      "loudness_range": 21.479297637939453,
      "low_freq": 12199.2666015625,
      "mid_mean": -62.29557418823242,
      "mid_to_side_loudness": -0.8968876600265503,
      "mid_to_side_loudness_range": 2.8879945278167725,
      "side_mean": -62.91485595703125
    }
  ],
  "channels": 2,
  "covariance": [
    [
      70.0488052368164,
      56.521873474121094,
      52.54590606689453,
      43.743221282958984,
      31.332338333129883,
      27.81601905822754,
      36.61558532714844,
      39.63594055175781,
      46.082496643066406,
      39.847068786621094,
      39.89925765991211,
      42.1145133972168,
      57.528568267822266,
      54.564186096191406,
      38.24751281738281,
      39.3529052734375,
      29.075849533081055,
      29.58304786682129
    ],
    [
      56.521873474121094,
      55.57710266113281,
      46.395751953125,
      40.92721176147461,
      28.856101989746094,
      26.867753982543945,
      31.981687545776367,
      33.18699264526367,
      35.21395492553711,
      28.378097534179688,
      25.733572006225586,
      25.875886917114258,
      44.20930480957031,
      39.47111129760742,
      27.594589233398438,
      26.3426513671875,
      19.3665828704834,
      19.26908302307129
    ],
    [
      52.54590606689453,
      46.395751953125,
      65.19615173339844,
      59.437129974365234,
      34.52766418457031,
      33.35944366455078,
      36.93634033203125,
      38.91721725463867,
      42.536094665527344,
      37.27250671386719,
      34.7147102355957,
      37.516563415527344,
      47.573890686035156,
      44.343101501464844,
      30.267322540283203,
      30.812702178955078,
      23.02060890197754,
      23.36037254333496
    ],
    [
      43.743221282958984,
      40.92721176147461,
      59.437129974365234,
      64.45510864257812,
      34.244869232177734,
      37.44116973876953,
      31.55023193359375,
      33.94956970214844,
      35.48529815673828,
      31.25986671447754,
      27.48883056640625,
      29.983980178833008,
      39.52925109863281,
      36.410377502441406,
      25.37097930908203,
      25.25080680847168,
      17.909626007080078,
      18.17137336730957
    ],
    [
      31.332338333129883,
      28.856101989746094,
      34.52766418457031,
      34.244869232177734,
      47.83063888549805,
      45.27324295043945,
      26.071805953979492,
      26.78529930114746,
      30.405122756958008,
      26.116697311401367,
      21.522302627563477,
      23.63836669921875,
      34.193809509277344,
      31.477638244628906,
      21.24004554748535,
      20.471853256225586,
      13.815312385559082,
      13.75700569152832
    ],
    [
      27.81601905822754,
      26.867753982543945,
      33.35944366455078,
      37.44116973876953,
      45.27324295043945,
      59.99641418457031,
      22.452373504638672,
      24.552892684936523,
      26.70250701904297,
      23.69528579711914,
      15.96568489074707,
      18.062732696533203,
      30.405637741088867,
      27.697433471679688,
      17.412464141845703,
      16.006813049316406,
      9.898765563964844,
      9.712813377380371
    ],
    [
      36.61558532714844,
      31.981687545776367,
      36.93634033203125,
      31.55023193359375,
      26.071805953979492,
      22.452373504638672,
      61.14188766479492,
      51.04191207885742,
      45.27854537963867,
      42.84553909301758,
      51.24807357788086,
      53.32369613647461,
      64.25948333740234,
      59.91108322143555,
      48.31734848022461,
      45.00175094604492,
      29.684980392456055,
      28.055307388305664
    ],
    [
      39.63594055175781,
      33.18699264526367,
      38.91721725463867,
      33.94956970214844,
      26.78529930114746,
      24.552892684936523,
      51.04191207885742,
      57.829715728759766,
      46.39860916137695,
      45.967899322509766,
      51.52144241333008,
      54.90080642700195,
      66.66360473632812,
      63.95664978027344,
      49.45320129394531,
      49.73514175415039,
      35.111881256103516,
      34.59401321411133
    ],
    [
      46.082496643066406,
      35.21395492553711,
      42.536094665527344,
      35.48529815673828,
      30.405122756958008,
      26.70250701904297,
      45.27854537963867,
      46.39860916137695,
      70.74800109863281,
      59.690120697021484,
      62.31602096557617,
      68.6082534790039,
      78.37751007080078,
      77.84849548339844,
      56.12258529663086,
      58.707820892333984,
      41.63137435913086,
      41.841922760009766
    ],
    [
      39.847068786621094,
      28.378097534179688,
      37.27250671386719,
      31.25986671447754,
      26.116697311401367,
      23.69528579711914,
      42.84553909301758,
      45.967899322509766,
      59.690120697021484,
      64.56842803955078,
      60.91954803466797,
      68.5291519165039,
      78.41692352294922,
      79.87625885009766,
      58.978397369384766,
      62.7550048828125,
      43.35485076904297,
      44.00845718383789
    ],
    [
      39.89925765991211,
      25.733572006225586,
      34.7147102355957,
      27.48883056640625,
      21.522302627563477,
      15.96568489074707,
      51.24807357788086,
      51.52144241333008,
      62.31602096557617,
      60.91954803466797,
      93.99880981445312,
      94.83383178710938,
      89.9272232055664,
      89.60049438476562,
      72.81995391845703,
      75.74417877197266,
      51.05746841430664,
      50.66939926147461
    ],
    [
      42.1145133972168,
      25.875886917114258,
      37.516563415527344,
      29.983980178833008,
      23.63836669921875,
      18.062732696533203,
      53.32369613647461,
      54.90080642700195,
      68.6082534790039,
      68.5291519165039,
      94.83383178710938,
      111.95452117919922,
      101.1501693725586,
      104.50259399414062,
      80.28775787353516,
      85.66088104248047,
      58.25973892211914,
      58.494937896728516
    ],
    [
      57.528568267822266,
      44.20930480957031,
      47.573890686035156,
      39.52925109863281,
      34.193809509277344,
      30.405637741088867,
      64.25948333740234,
      66.66360473632812,
      78.37751007080078,
      78.41692352294922,
      89.9272232055664,
      101.1501693725586,
      148.82699584960938,
      147.91380310058594,
      102.60858917236328,
      102.44035339355469,
      67.56824493408203,
      65.79136657714844
    ],
    [
      54.564186096191406,
      39.47111129760742,
      44.343101501464844,
      36.410377502441406,
      31.477638244628906,
      27.697433471679688,
      59.91108322143555,
      63.95664978027344,
      77.84849548339844,
      79.87625885009766,
      89.60049438476562,
      104.50259399414062,
      147.91380310058594,
      153.68202209472656,
      102.72993469238281,
      105.25564575195312,
      70.18981170654297,
      69.14726257324219
    ],
    [
      38.24751281738281,
      27.594589233398438,
      30.267322540283203,
      25.37097930908203,
      21.24004554748535,
      17.412464141845703,
      48.31734848022461,
      49.45320129394531,
      56.12258529663086,
      58.978397369384766,
      72.81995391845703,
      80.28775787353516,
      102.60858917236328,
      102.72993469238281,
      81.97001647949219,
      81.52287292480469,
      51.689537048339844,
      50.392738342285156
    ],
    [
      39.3529052734375,
      26.3426513671875,
      30.812702178955078,
      25.25080680847168,
      20.471853256225586,
      16.006813049316406,
      45.00175094604492,
      49.73514175415039,
      58.707820892333984,
      62.7550048828125,
      75.74417877197266,
      85.66088104248047,
      102.44035339355469,
      105.25564575195312,
      81.52287292480469,
      85.48541259765625,
      55.64670181274414,
      55.40724563598633
    ],
    [
      29.075849533081055,
      19.3665828704834,
      23.02060890197754,
      17.909626007080078,
      13.815312385559082,
      9.898765563964844,
      29.684980392456055,
      35.111881256103516,
      41.63137435913086,
      43.35485076904297,
      51.05746841430664,
      58.25973892211914,
      67.56824493408203,
      70.18981170654297,
      51.689537048339844,
      55.64670181274414,
      40.60261154174805,
      40.788177490234375
    ],
    [
      29.58304786682129,
      19.26908302307129,
      23.36037254333496,
      18.17137336730957,
      13.75700569152832,
      9.712813377380371,
      28.055307388305664,
      34.59401321411133,
      41.841922760009766,
      44.00845718383789,
      50.66939926147461,
      58.494937896728516,
      65.79136657714844,
      69.14726257324219,
      50.392738342285156,
      55.40724563598633,
      40.788177490234375,
      41.626468658447266
    ]
  ],
  "covariance_short": [
    [
      62.634254455566406,
      43.656734466552734,
      50.56112289428711,
      42.3192138671875,
      34.013607025146484,
      28.015825271606445,
      30.5684757232666,
      33.97816848754883,
      41.937171936035156,
      35.40926742553711,
      36.40028762817383,
      38.44173812866211,
      53.12260055541992,
      50.7916145324707,
      35.15205001831055,
      36.34423065185547,
      26.448598861694336,
      26.9373836517334
    ],
    [
      43.656734466552734,
      53.113826751708984,
      44.37918472290039,
      39.45042419433594,
      32.90556716918945,
      29.73174476623535,
      27.705806732177734,
      28.64582061767578,
      31.312664031982422,
      23.792102813720703,
      21.085556030273438,
      20.40763282775879,
      38.16718292236328,
      33.56549072265625,
      23.135486602783203,
      21.592357635498047,
      15.861577033996582,
      15.654833793640137
    ],
    [
      50.56112289428711,
      44.37918472290039,
      73.90006256103516,
      63.31930923461914,
      40.921607971191406,
      36.19109344482422,
      35.54393768310547,
      39.43250274658203,
      45.777530670166016,
      38.13410949707031,
      37.260536193847656,
      39.22901916503906,
      48.132144927978516,
      44.81964111328125,
      31.559389114379883,
      32.467227935791016,
      24.164531707763672,
      24.62369155883789
    ],
    [
      42.3192138671875,
      39.45042419433594,
      63.31930923461914,
      67.28837585449219,
      37.59959030151367,
      37.92884063720703,
      30.036174774169922,
      34.266517639160156,
      38.27138137817383,
      32.04780197143555,
      29.849695205688477,
      31.746980667114258,
      41.26601791381836,
      38.3943977355957,
      27.245479583740234,
      27.63971519470215,
      19.55829620361328,
      19.952791213989258
    ],
    [
      34.013607025146484,
      32.90556716918945,
      40.921607971191406,
      37.59959030151367,
      74.79061126708984,
      65.92216491699219,
      28.004423141479492,
      32.055747985839844,
      35.230613708496094,
      30.53757667541504,
      26.73476791381836,
      29.40060043334961,
      36.94301986694336,
      34.95745849609375,
      20.519777297973633,
      21.109472274780273,
      16.91982650756836,
      17.487138748168945
    ],
    [
      28.015825271606445,
      29.73174476623535,
      36.19109344482422,
      37.92884063720703,
      65.92216491699219,
      79.802001953125,
      23.941055297851562,
      27.99732208251953,
      29.671077728271484,
      25.39347267150879,
      18.40681266784668,
      20.75851058959961,
      29.270965576171875,
      26.647891998291016,
      15.102075576782227,
      14.66506576538086,
      11.213122367858887,
      11.482222557067871
    ],
    [
      30.5684757232666,
      27.705806732177734,
      35.54393768310547,
      30.036174774169922,
      28.004423141479492,
      23.941055297851562,
      58.28752899169922,
      46.1144905090332,
      43.01228713989258,
      38.86649703979492,
      45.80289077758789,
      47.42533874511719,
      60.396881103515625,
      56.282928466796875,
      45.000274658203125,
      41.761478424072266,
      27.162887573242188,
      25.64295196533203
    ],
    [
      33.97816848754883,
      28.64582061767578,
      39.43250274658203,
      34.266517639160156,
      32.055747985839844,
      27.99732208251953,
      46.1144905090332,
      57.94981002807617,
      45.5968132019043,
      43.3402099609375,
      48.59134292602539,
      51.37844467163086,
      63.89137649536133,
      61.313175201416016,
      46.91160202026367,
      47.24263381958008,
      33.22056198120117,
      32.82735061645508
    ],
    [
      41.937171936035156,
      31.312664031982422,
      45.777530670166016,
      38.27138137817383,
      35.230613708496094,
      29.671077728271484,
      43.01228713989258,
      45.5968132019043,
      75.50687408447266,
      57.94778060913086,
      61.97340393066406,
      67.55804443359375,
      78.0664291381836,
      77.46882629394531,
      55.66649627685547,
      58.074161529541016,
      40.955692291259766,
      41.14466857910156
    ],
    [
      35.40926742553711,
      23.792102813720703,
      38.13410949707031,
      32.04780197143555,
      30.53757667541504,
      25.39347267150879,
      38.86649703979492,
      43.3402099609375,
      57.94778060913086,
      65.49140167236328,
      60.316402435302734,
      67.59101867675781,
      76.45914459228516,
      77.7668685913086,
      57.52236557006836,
      61.08568572998047,
      41.96349334716797,
      42.63335037231445
    ],
    [
      36.40028762817383,
      21.085556030273438,
      37.260536193847656,
      29.849695205688477,
      26.73476791381836,
      18.40681266784668,
      45.80289077758789,
      48.59134292602539,
      61.97340393066406,
      60.316402435302734,
      98.79129791259766,
      96.12012481689453,
      89.99041748046875,
      89.92501068115234,
      73.6141357421875,
      76.39751434326172,
      51.31178665161133,
      50.982948303222656
    ],
    [
      38.44173812866211,
      20.40763282775879,
      39.22901916503906,
      31.746980667114258,
      29.40060043334961,
      20.75851058959961,
      47.42533874511719,
      51.37844467163086,
      67.55804443359375,
      67.59101867675781,
      96.12012481689453,
      117.16545104980469,
      100.27226257324219,
      104.01858520507812,
      80.55475616455078,
      86.22867584228516,
      58.486759185791016,
      58.94146728515625
    ],
    [
      53.12260055541992,
      38.16718292236328,
      48.132144927978516,
      41.26601791381836,
      36.94301986694336,
      29.270965576171875,
      60.396881103515625,
      63.89137649536133,
      78.0664291381836,
      76.45914459228516,
      89.99041748046875,
      100.27226257324219,
      150.24920654296875,
      147.26004028320312,
      102.4104995727539,
      102.27046966552734,
      67.3031234741211,
      65.65574645996094
    ],
    [
      50.7916145324707,
      33.56549072265625,
      44.81964111328125,
      38.3943977355957,
      34.95745849609375,
      26.647891998291016,
      56.282928466796875,
      61.313175201416016,
      77.46882629394531,
      77.7668685913086,
      89.92501068115234,
      104.01858520507812,
      147.26004028320312,
      154.64019775390625,
      102.56346130371094,
      105.08361053466797,
      69.80451965332031,
      68.88855743408203
    ],
    [
      35.15205001831055,
      23.135486602783203,
      31.559389114379883,
      27.245479583740234,
      20.519777297973633,
      15.102075576782227,
      45.000274658203125,
      46.91160202026367,
      55.66649627685547,
      57.52236557006836,
      73.6141357421875,
      80.55475616455078,
      102.4104995727539,
      102.56346130371094,
      83.19856262207031,
      81.93218994140625,
      51.74020004272461,
      50.44587326049805
    ],
    [
      36.34423065185547,
      21.592357635498047,
      32.467227935791016,
      27.63971519470215,
      21.109472274780273,
      14.66506576538086,
      41.761478424072266,
      47.24263381958008,
      58.074161529541016,
      61.08568572998047,
      76.39751434326172,
      86.22867584228516,
      102.27046966552734,
      105.08361053466797,
      81.93218994140625,
      86.33355712890625,
      55.46964645385742,
      55.28297424316406
    ],
    [
      26.448598861694336,
      15.861577033996582,
      24.164531707763672,
      19.55829620361328,
      16.91982650756836,
      11.213122367858887,
      27.162887573242188,
      33.22056198120117,
      40.955692291259766,
      41.96349334716797,
      51.31178665161133,
      58.486759185791016,
      67.3031234741211,
      69.80451965332031,
      51.74020004272461,
      55.46964645385742,
      40.64240646362305,
      40.63206481933594
    ],
    [
      26.9373836517334,
      15.654833793640137,
      24.62369155883789,
      19.952791213989258,
      17.487138748168945,
      11.482222557067871,
      25.64295196533203,
      32.82735061645508,
      41.14466857910156,
      42.63335037231445,
      50.982948303222656,
      58.94146728515625,
      65.65574645996094,
      68.88855743408203,
      50.44587326049805,
      55.28297424316406,
      40.63206481933594,
      41.57620620727539
    ]
  ],
  "drr": 8.27515983581543,
  "dynamics": 5.895186901092529,
  "format": 1245190,
  "frames": 9728000,
  "loudness": -21.279823303222656,
  "loudness_range": 18.21416664123535,
  "loudness_range_short": 18.891321182250977,
  "peak": -3.5738019943237305,
  "rms": -22.090679168701172,
  "sample_rate": 44100,
  "sections": 1,
  "seekable": 1,
  "sharpness": 1.2253880500793457,
  "space": -2.0855631828308105
}