{
  "bands": [
    {
      "high_freq": 148.1999969482422,
      "loudness": -39.51720428466797,
      "loudness_range": 12.717090606689453,
      "mid_mean": -38.12876892089844,
      "mid_to_side_loudness": -1.7033442258834839,
      "mid_to_side_loudness_range": 2.8559508323669434,
      "side_mean": -39.772396087646484
    },
    {
      "high_freq": 392.3793640136719,
      "loudness": -26.361797332763672,
      "loudness_range": 12.737987518310547,
      "low_freq": 148.1999969482422,
      "mid_mean": -24.726293563842773,
      "mid_to_side_loudness": -2.701791286468506,
      "mid_to_side_loudness_range": 6.394119739532471,
      "side_mean": -27.351375579833984
    },
    {
      "high_freq": 794.6976318359375,
      "loudness": -27.40886688232422,
      "loudness_range": 10.81783676147461,
      "low_freq": 392.3793640136719,
      "mid_mean": -25.740262985229492,
      "mid_to_side_loudness": -2.695533037185669,
      "mid_to_side_loudness_range": 5.689300060272217,
      "side_mean": -28.344205856323242
    },
    {
      "high_freq": 1457.5709228515625,
      "loudness": -33.255828857421875,
      "loudness_range": 11.879030227661133,
      "low_freq": 794.6976318359375,
      "mid_mean": -31.257266998291016,
      "mid_to_side_loudness": -4.014992713928223,
      "mid_to_side_loudness_range": 8.715328216552734,
      "side_mean": -35.285091400146484
    },
    {
      "high_freq": 2549.74365234375,
      "loudness": -38.22755432128906,
      "loudness_range": 9.610992431640625,
      "low_freq": 1457.5709228515625,
      "mid_mean": -36.473079681396484,
      "mid_to_side_loudness": -2.9276814460754395,
      "mid_to_side_loudness_range": 5.962589263916016,
      "side_mean": -39.4017219543457
    },
    {
      "high_freq": 4349.24462890625,
      "loudness": -47.23519515991211,
      "loudness_range": 12.033111572265625,
      "low_freq": 2549.74365234375,
      "mid_mean": -45.625030517578125,
      "mid_to_side_loudness": -2.3702242374420166,
      "mid_to_side_loudness_range": 3.9138169288635254,
      "side_mean": -48.02602005004883
    },
    {
      "high_freq": 7314.1640625,
      "loudness": -64.39043426513672,
      "loudness_range": 13.797130584716797,
      "low_freq": 4349.24462890625,
      "mid_mean": -61.88212585449219,
      "mid_to_side_loudness": -2.3133492469787598,
      "mid_to_side_loudness_range": 3.417771577835083,
      "side_mean": -63.54947280883789
    },
    {
      "high_freq": 12199.2666015625,
      "loudness": -76.03748321533203,
      "loudness_range": 4.596794128417969,
      "low_freq": 7314.1640625,
      "mid_mean": -68.63959503173828,
      "mid_to_side_loudness": -2.0131962299346924,
      "mid_to_side_loudness_range": 1.0101147890090942,
      "side_mean": -69.08637237548828
    },
    {
      "loudness": 0,
      "loudness_range": 0,
      "low_freq": 12199.2666015625,
      "mid_mean": -68.87647247314453,
      "mid_to_side_loudness": -3.3825132846832275,
      "mid_to_side_loudness_range": 2.3802037239074707,
      "side_mean": -69.44996643066406
    }
  ],
  "bands_short": [
    {
      "high_freq": 148.1999969482422,
      "loudness": -43.96782302856445,
      "loudness_range": 18.661407470703125,
      "mid_mean": -42.75442886352539,
      "mid_to_side_loudness": -1.9341374635696411,
      "mid_to_side_loudness_range": 10.040075302124023,
      "side_mean": -44.622196197509766
    },
    {
      "high_freq": 392.3793640136719,
      "loudness": -27.99772834777832,
      "loudness_range": 16.09473419189453,
      "low_freq": 148.1999969482422,
      "mid_mean": -26.475011825561523,
      "mid_to_side_loudness": -2.8576228618621826,
      "mid_to_side_loudness_range": 8.871002197265625,
      "side_mean": -29.2188777923584
    },
    {
      "high_freq": 794.6976318359375,
      "loudness": -27.764007568359375,
      "loudness_range": 13.184814453125,
      "low_freq": 392.3793640136719,
      "mid_mean": -26.183618545532227,
      "mid_to_side_loudness": -2.6159286499023438,
      "mid_to_side_loudness_range": 7.2522783279418945,
      "side_mean": -28.690082550048828
    },
    {
      "high_freq": 1457.5709228515625,
      "loudness": -33.50574493408203,
      "loudness_range": 16.546939849853516,
      "low_freq": 794.6976318359375,
      "mid_mean": -31.6868839263916,
      "mid_to_side_loudness": -3.789531946182251,
      "mid_to_side_loudness_range": 10.791998863220215,
      "side_mean": -35.57061767578125
    },
    {
      "high_freq": 2549.74365234375,
      "loudness": -39.43975830078125,
      "loudness_range": 13.116626739501953,
      "low_freq": 1457.5709228515625,
      "mid_mean": -37.712501525878906,
      "mid_to_side_loudness": -3.07641863822937,
      "mid_to_side_loudness_range": 7.611922264099121,
      "side_mean": -40.7470588684082
    },
    {
      "high_freq": 4349.24462890625,
      "loudness": -48.61574172973633,
      "loudness_range": 15.944568634033203,
      "low_freq": 2549.74365234375,
      "mid_mean": -47.141441345214844,
      "mid_to_side_loudness": -2.535818338394165,
      "mid_to_side_loudness_range": 6.409158706665039,
      "side_mean": -50.317649841308594
    },
    {
      "high_freq": 7314.1640625,
      "loudness": -65.9065170288086,
      "loudness_range": 17.773345947265625,
      "low_freq": 4349.24462890625,
      "mid_mean": -62.83111572265625,
      "mid_to_side_loudness": -2.480463743209839,
      "mid_to_side_loudness_range": 5.2269086837768555,
      "side_mean": -64.41924285888672
    },
    {
      "high_freq": 12199.2666015625,
      "loudness": -76.31163787841797,
      "loudness_range": 4.80328369140625,
      "low_freq": 7314.1640625,
      "mid_mean": -68.69266510009766,
      "mid_to_side_loudness": -1.996580719947815,
      "mid_to_side_loudness_range": 1.6907000541687012,
      "side_mean": -69.11771392822266
    },
    {
      "loudness": 0,
      "loudness_range": 0,
      "low_freq": 12199.2666015625,
      "mid_mean": -68.87329864501953,
      "mid_to_side_loudness": -3.354179620742798,
      "mid_to_side_loudness_range": 2.9159340858459473,
      "side_mean": -69.4471664428711
    }
  ],
  "channels": 2,
  "covariance": [
    [
      19.629764556884766,
      19.80226707458496,
      3.5096170902252197,
      4.918087959289551,
      5.3797101974487305,
      4.167652130126953,
      5.039968013763428,
      4.772902965545654,
      2.046419858932495,
      3.8512275218963623,
      4.207913875579834,
      5.269633769989014,
      2.144247055053711,
      2.1335883140563965,
      0.3311384618282318,
      0.2248954325914383,
      0.08775614947080612,
      0.05097256973385811
    ],
    [
      19.80226707458496,
      22.26922035217285,
      3.6156461238861084,
      5.818038463592529,
      5.125237941741943,
      4.458144664764404,
      4.926019191741943,
      5.663011074066162,
      1.7752963304519653,
      4.5124382972717285,
      3.847729444503784,
      5.491708278656006,
      1.6043648719787598,
      2.130307197570801,
      0.300997793674469,
      0.2351478636264801,
      0.05247694253921509,
      0.052872058004140854
    ],
    [
      3.5096170902252197,
      3.6156461238861084,
      20.35428810119629,
      20.138647079467773,
      0.5498323440551758,
      0.1882140189409256,
      3.977618455886841,
      3.2780661582946777,
      4.129356861114502,
      6.034877300262451,
      5.429385185241699,
      5.28775691986084,
      1.2011747360229492,
      0.8577691316604614,
      -0.18548889458179474,
      -0.20241272449493408,
      0.12677249312400818,
      0.06280288100242615
    ],
    [
      4.918087959289551,
      5.818038463592529,
      20.138647079467773,
      28.67267608642578,
      0.7327196598052979,
      1.2519421577453613,
      3.7459630966186523,
      5.943084716796875,
      4.497708797454834,
      9.00064754486084,
      5.478790760040283,
      7.219094276428223,
      0.891281247138977,
      1.302690863609314,
      -0.26682010293006897,
      -0.21617689728736877,
      0.005218504462391138,
      0.07782293111085892
    ],
    [
      5.3797101974487305,
      5.125237941741943,
      0.5498323440551758,
      0.7327196598052979,
      16.0941162109375,
      13.66980266571045,
      7.169681072235107,
      6.852395057678223,
      6.035611152648926,
      5.786976337432861,
      8.28957462310791,
      8.166175842285156,
      7.293651103973389,
      6.807407855987549,
      0.7370344400405884,
      0.6146270036697388,
      0.17469735443592072,
      0.058310139924287796
    ],
    [
      4.167652130126953,
      4.458144664764404,
      0.1882140189409256,
      1.2519421577453613,
      13.66980266571045,
      18.498672485351562,
      6.435455799102783,
      8.729371070861816,
      4.951589107513428,
      6.022014141082764,
      8.088167190551758,
      9.616520881652832,
      7.73754358291626,
      7.990175247192383,
      0.7662830948829651,
      0.7062039375305176,
      0.07266314327716827,
      0.07349008321762085
    ],
    [
      5.039968013763428,
      4.926019191741943,
      3.977618455886841,
      3.7459630966186523,
      7.169681072235107,
      6.435455799102783,
      20.154226303100586,
      12.273042678833008,
      6.740396022796631,
      6.418848991394043,
      7.378259181976318,
      6.774693489074707,
      6.605792045593262,
      5.131351947784424,
      0.8267737627029419,
      0.4380021393299103,
      0.2454809546470642,
      0.04818044230341911
    ],
    [
      4.772902965545654,
      5.663011074066162,
      3.2780661582946777,
      5.943084716796875,
      6.852395057678223,
      8.729371070861816,
      12.273042678833008,
      17.838363647460938,
      6.0675368309021,
      9.098739624023438,
      7.52833890914917,
      10.194095611572266,
      6.331124305725098,
      7.090987205505371,
      0.6040439009666443,
      0.5643174052238464,
      0.04943493381142616,
      0.055502451956272125
    ],
    [
      2.046419858932495,
      1.7752963304519653,
      4.129356861114502,
      4.497708797454834,
      6.035611152648926,
      4.951589107513428,
      6.740396022796631,
      6.0675368309021,
      13.51020336151123,
      10.893741607666016,
      7.363086700439453,
      6.966078758239746,
      6.752323150634766,
      5.126283645629883,
      0.5027408003807068,
      0.35739508271217346,
      0.16519857943058014,
      0.034311920404434204
    ],
    [
      3.8512275218963623,
      4.5124382972717285,
      6.034877300262451,
      9.00064754486084,
      5.786976337432861,
      6.022014141082764,
      6.418848991394043,
      9.098739624023438,
      10.893741607666016,
      15.667295455932617,
      7.5465874671936035,
      9.86133098602295,
      5.601921558380127,
      6.236001491546631,
      0.4174472987651825,
      0.4341680705547333,
      0.051492638885974884,
      0.04270384460687637
    ],
    [
      4.207913875579834,
      3.847729444503784,
      5.429385185241699,
      5.478790760040283,
      8.28957462310791,
      8.088167190551758,
      7.378259181976318,
      7.52833890914917,
      7.363086700439453,
      7.5465874671936035,
      19.0902042388916,
      17.409194946289062,
      9.924628257751465,
      8.65555191040039,
      0.8665381669998169,
      0.6271594762802124,
      0.17408165335655212,
      0.06715063005685806
    ],
    [
      5.269633769989014,
      5.491708278656006,
      5.28775691986084,
      7.219094276428223,
      8.166175842285156,
      9.616520881652832,
      6.774693489074707,
      10.194095611572266,
      6.966078758239746,
      9.86133098602295,
      17.409194946289062,
      22.156822204589844,
      9.08891773223877,
      9.879697799682617,
      0.756611704826355,
      0.7009204626083374,
      0.07624325156211853,
      0.07570566236972809
    ],
    [
      2.144247055053711,
      1.6043648719787598,
      1.2011747360229492,
      0.891281247138977,
      7.293651103973389,
      7.73754358291626,
      6.605792045593262,
      6.331124305725098,
      6.752323150634766,
      5.601921558380127,
      9.924628257751465,
      9.08891773223877,
      15.190313339233398,
      13.387142181396484,
      1.4551854133605957,
      1.04161536693573,
      0.4104301333427429,
      0.1775013953447342
    ],
    [
      2.1335883140563965,
      2.130307197570801,
      0.8577691316604614,
      1.302690863609314,
      6.807407855987549,
      7.990175247192383,
      5.131351947784424,
      7.090987205505371,
      5.126283645629883,
      6.236001491546631,
      8.65555191040039,
      9.879697799682617,
      13.387142181396484,
      13.717146873474121,
      1.237060308456421,
      1.03278386592865,
      0.2909389138221741,
      0.15407709777355194
    ],
    [
      0.3311384618282318,
      0.300997793674469,
      -0.18548889458179474,
      -0.26682010293006897,
      0.7370344400405884,
      0.7662830948829651,
      0.8267737627029419,
      0.6040439009666443,
      0.5027408003807068,
      0.4174472987651825,
      0.8665381669998169,
      0.756611704826355,
      1.4551854133605957,
      1.237060308456421,
      0.46141019463539124,
      0.29578548669815063,
      0.058853644877672195,
      0.026272056624293327
    ],
    [
      0.2248954325914383,
      0.2351478636264801,
      -0.20241272449493408,
      -0.21617689728736877,
      0.6146270036697388,
      0.7062039375305176,
      0.4380021393299103,
      0.5643174052238464,
      0.35739508271217346,
      0.4341680705547333,
      0.6271594762802124,
      0.7009204626083374,
      1.04161536693573,
      1.03278386592865,
      0.29578548669815063,
      0.2515658736228943,
      0.03601749241352081,
      0.01873869262635708
    ],
    [
      0.08775614947080612,
      0.05247694253921509,
      0.12677249312400818,
      0.005218504462391138,
      0.17469735443592072,
      0.07266314327716827,
      0.2454809546470642,
      0.04943493381142616,
      0.16519857943058014,
      0.051492638885974884,
      0.17408165335655212,
      0.07624325156211853,
      0.4104301333427429,
      0.2909389138221741,
      0.058853644877672195,
      0.03601749241352081,
      0.054532840847969055,
      0.0175599604845047
    ],
    [
      0.05097256973385811,
      0.052872058004140854,
      0.06280288100242615,
      0.07782293111085892,
      0.058310139924287796,
      0.07349008321762085,
      0.04818044230341911,
      0.055502451956272125,
      0.034311920404434204,
      0.04270384460687637,
      0.06715063005685806,
      0.07570566236972809,
      0.1775013953447342,
      0.15407709777355194,
      0.026272056624293327,
      0.01873869262635708,
      0.0175599604845047,
      0.009581866674125195
    ]
  ],
  "covariance_short": [
    [
      46.2983512878418,
      42.67115020751953,
      6.7150139808654785,
      7.717393398284912,
      7.434457302093506,
      6.209950923919678,
      9.248604774475098,
      8.698567390441895,
      6.161728382110596,
      7.040978908538818,
      10.220050811767578,
      11.76502513885498,
      5.749303817749023,
      5.021969795227051,
      0.5211988091468811,
      0.42533057928085327,
      0.16523221135139465,
      0.08883589506149292
    ],
    [
      42.67115020751953,
      52.62310791015625,
      6.737991809844971,
      9.491683006286621,
      7.503840923309326,
      7.0271687507629395,
      8.69015121459961,
      10.24372673034668,
      5.861996173858643,
      8.728629112243652,
      9.943355560302734,
      12.916441917419434,
      5.529745101928711,
      5.7384514808654785,
      0.524226725101471,
      0.4611011743545532,
      0.09835879504680634,
      0.09131251275539398
    ],
    [
      6.7150139808654785,
      6.737991809844971,
      34.71220397949219,
      31.32265281677246,
      9.404524803161621,
      9.349957466125488,
      8.868836402893066,
      8.675638198852539,
      9.841126441955566,
      12.49864387512207,
      11.699185371398926,
      11.507840156555176,
      5.270296096801758,
      4.440746784210205,
      0.09520835429430008,
      0.020124666392803192,
      0.18882820010185242,
      0.10487151145935059
    ],
    [
      7.717393398284912,
      9.491683006286621,
      31.32265281677246,
      45.66855239868164,
      8.364858627319336,
      12.395532608032227,
      8.209696769714355,
      12.09607219696045,
      10.09736156463623,
      16.71194839477539,
      10.421483039855957,
      13.79485034942627,
      4.558372974395752,
      5.138754844665527,
      -0.03415790945291519,
      0.01736927032470703,
      0.007371335756033659,
      0.12743645906448364
    ],
    [
      7.434457302093506,
      7.503840923309326,
      9.404524803161621,
      8.364858627319336,
      23.004159927368164,
      20.85448455810547,
      11.863673210144043,
      11.693561553955078,
      12.348854064941406,
      12.093423843383789,
      16.035572052001953,
      16.150699615478516,
      11.186290740966797,
      10.073844909667969,
      1.0508084297180176,
      0.8776566982269287,
      0.2268909364938736,
      0.11426723748445511
    ],
    [
      6.209950923919678,
      7.0271687507629395,
      9.349957466125488,
      12.395532608032227,
      20.85448455810547,
      28.922164916992188,
      11.379178047180176,
      15.783699035644531,
      11.892802238464355,
      15.53638744354248,
      16.31696891784668,
      19.83803367614746,
      11.925362586975098,
      12.11681842803955,
      1.0549951791763306,
      0.996105432510376,
      0.08346620202064514,
      0.144048273563385
    ],
    [
      9.248604774475098,
      8.69015121459961,
      8.868836402893066,
      8.209696769714355,
      11.863673210144043,
      11.379178047180176,
      36.11873245239258,
      23.19818115234375,
      15.017655372619629,
      12.234912872314453,
      18.941438674926758,
      16.07979965209961,
      13.578030586242676,
      10.057380676269531,
      1.3477649688720703,
      0.821861743927002,
      0.384668231010437,
      0.09573119878768921
    ],
    [
      8.698567390441895,
      10.24372673034668,
      8.675638198852539,
      12.09607219696045,
      11.693561553955078,
      15.783699035644531,
      23.19818115234375,
      33.99074172973633,
      13.205766677856445,
      18.364124298095703,
      17.556684494018555,
      22.469167709350586,
      12.564340591430664,
      13.361306190490723,
      0.9895076155662537,
      0.9425874352455139,
      0.08326880633831024,
      0.11287239193916321
    ],
    [
      6.161728382110596,
      5.861996173858643,
      9.841126441955566,
      10.09736156463623,
      12.348854064941406,
      11.892802238464355,
      15.017655372619629,
      13.205766677856445,
      24.104780197143555,
      19.79365348815918,
      17.767261505126953,
      17.009380340576172,
      12.602972030639648,
      9.926990509033203,
      1.1370326280593872,
      0.7930206656455994,
      0.24655714631080627,
      0.08495502918958664
    ],
    [
      7.040978908538818,
      8.728629112243652,
      12.49864387512207,
      16.71194839477539,
      12.093423843383789,
      15.53638744354248,
      12.234912872314453,
      18.364124298095703,
      19.79365348815918,
      28.44416046142578,
      17.53807258605957,
      22.249956130981445,
      11.592729568481445,
      12.384565353393555,
      0.9698466062545776,
      0.9295796155929565,
      0.06221272423863411,
      0.10056571662425995
    ],
    [
      10.220050811767578,
      9.943355560302734,
      11.699185371398926,
      10.421483039855957,
      16.035572052001953,
      16.31696891784668,
      18.941438674926758,
      17.556684494018555,
      17.767261505126953,
      17.53807258605957,
      34.735504150390625,
      32.2579345703125,
      18.146921157836914,
      15.468803405761719,
      1.6226065158843994,
      1.188277006149292,
      0.2836700975894928,
      0.13799302279949188
    ],
    [
      11.76502513885498,
      12.916441917419434,
      11.507840156555176,
      13.79485034942627,
      16.150699615478516,
      19.83803367614746,
      16.07979965209961,
      22.469167709350586,
      17.009380340576172,
      22.249956130981445,
      32.2579345703125,
      51.57718276977539,
      21.260982513427734,
      21.114469528198242,
      2.1159210205078125,
      1.7778100967407227,
      0.7146658897399902,
      0.4563889801502228
    ],
    [
      5.749303817749023,
      5.529745101928711,
      5.270296096801758,
      4.558372974395752,
      11.186290740966797,
      11.925362586975098,
      13.578030586242676,
      12.564340591430664,
      12.602972030639648,
      11.592729568481445,
      18.146921157836914,
      21.260982513427734,
      21.09221839904785,
      18.141103744506836,
      2.1019234657287598,
      1.5243542194366455,
      0.42139744758605957,
      0.21625620126724243
    ],
    [
      5.021969795227051,
      5.7384514808654785,
      4.440746784210205,
      5.138754844665527,
      10.073844909667969,
      12.11681842803955,
      10.057380676269531,
      13.361306190490723,
      9.926990509033203,
      12.384565353393555,
      15.468803405761719,
      21.114469528198242,
      18.141103744506836,
      18.62958335876465,
      1.7533512115478516,
      1.5095819234848022,
      0.2560502886772156,
      0.1923336535692215
    ],
    [
      0.5211988091468811,
      0.524226725101471,
      0.09520835429430008,
      -0.03415790945291519,
      1.0508084297180176,
      1.0549951791763306,
      1.3477649688720703,
      0.9895076155662537,
      1.1370326280593872,
      0.9698466062545776,
      1.6226065158843994,
      2.1159210205078125,
      2.1019234657287598,
      1.7533512115478516,
      0.6976034641265869,
      0.48725658655166626,
      0.06220345199108124,
      0.03290592133998871
    ],
    [
      0.42533057928085327,
      0.4611011743545532,
      0.020124666392803192,
      0.01736927032470703,
      0.8776566982269287,
      0.996105432510376,
      0.821861743927002,
      0.9425874352455139,
      0.7930206656455994,
      0.9295796155929565,
      1.188277006149292,
      1.7778100967407227,
      1.5243542194366455,
      1.5095819234848022,
      0.48725658655166626,
      0.4296194016933441,
      0.03465256839990616,
      0.024717828258872032
    ],
    [
      0.16523221135139465,
      0.09835879504680634,
      0.18882820010185242,
      0.007371335756033659,
      0.2268909364938736,
      0.08346620202064514,
      0.384668231010437,
      0.08326880633831024,
      0.24655714631080627,
      0.06221272423863411,
      0.2836700975894928,
      0.7146658897399902,
      0.42139744758605957,
      0.2560502886772156,
      0.06220345199108124,
      0.03465256839990616,
      0.07079317420721054,
      0.018870428204536438
    ],
    [
      0.08883589506149292,
      0.09131251275539398,
      0.10487151145935059,
      0.12743645906448364,
      0.11426723748445511,
      0.144048273563385,
      0.09573119878768921,
      0.11287239193916321,
      0.08495502918958664,
      0.10056571662425995,
      0.13799302279949188,
      0.4563889801502228,
      0.21625620126724243,
      0.1923336535692215,
      0.03290592133998871,
      0.024717828258872032,
      0.018870428204536438,
      0.012635978870093822
    ]
  ],
  "drr": 9.692798614501953,
  "dynamics": 2.8718137741088867,
  "format": 1245190,
  "frames": 7499776,
  "loudness": -18.85930824279785,
  "loudness_range": 6.525683403015137,
  "loudness_range_short": 10.577505111694336,
  "peak": -3.407700300216675,
  "rms": -20.87027359008789,
  "sample_rate": 44100,
  "sections": 1,
  "seekable": 1,
  "sharpness": 3.3785400390625,
  "space": -2.723992347717285
}