{
  "bands": [
    {
      "high_freq": 148.1999969482422,
      "loudness": -19.24278450012207,
      "loudness_range": 10.77851676940918,
      "mid_mean": -15.845321655273438,
      "mid_to_side_loudness": -13.271084785461426,
      "mid_to_side_loudness_range": 12.056320190429688,
      "side_mean": -29.13222312927246
    },
    {
      "high_freq": 392.3793640136719,
      "loudness": -19.992414474487305,
      "loudness_range": 8.583723068237305,
      "low_freq": 148.1999969482422,
      "mid_mean": -16.863956451416016,
      "mid_to_side_loudness": -9.406023025512695,
      "mid_to_side_loudness_range": 8.105653762817383,
      "side_mean": -26.254669189453125
    },
    {
      "high_freq": 794.6976318359375,
      "loudness": -22.402664184570312,
      "loudness_range": 9.51161003112793,
      "low_freq": 392.3793640136719,
      "mid_mean": -19.173498153686523,
      "mid_to_side_loudness": -10.130912780761719,
      "mid_to_side_loudness_range": 7.925448894500732,
      "side_mean": -29.313373565673828
    },
    {
      "high_freq": 1457.5709228515625,
      "loudness": -28.885223388671875,
      "loudness_range": 9.588634490966797,
      "low_freq": 794.6976318359375,
      "mid_mean": -25.705745697021484,
      "mid_to_side_loudness": -9.276165962219238,
      "mid_to_side_loudness_range": 5.404299259185791,
      "side_mean": -34.9847412109375
    },
    {
      "high_freq": 2549.74365234375,
      "loudness": -29.025041580200195,
      "loudness_range": 9.717231750488281,
      "low_freq": 1457.5709228515625,
      "mid_mean": -25.862958908081055,
      "mid_to_side_loudness": -9.038798332214355,
      "mid_to_side_loudness_range": 4.777502059936523,
      "side_mean": -34.909427642822266
    },
    {
      "high_freq": 4349.24462890625,
      "loudness": -31.333837509155273,
      "loudness_range": 10.399723052978516,
      "low_freq": 2549.74365234375,
      "mid_mean": -28.148019790649414,
      "mid_to_side_loudness": -9.201112747192383,
      "mid_to_side_loudness_range": 3.815469264984131,
      "side_mean": -37.354652404785156
    },
    {
      "high_freq": 7314.1640625,
      "loudness": -37.00859832763672,
      "loudness_range": 11.290721893310547,
      "low_freq": 4349.24462890625,
      "mid_mean": -33.81379318237305,
      "mid_to_side_loudness": -9.253887176513672,
      "mid_to_side_loudness_range": 3.547224521636963,
      "side_mean": -43.072845458984375
    },
    {
      "high_freq": 12199.2666015625,
      "loudness": -36.79970169067383,
      "loudness_range": 12.924737930297852,
      "low_freq": 7314.1640625,
      "mid_mean": -33.55357360839844,
      "mid_to_side_loudness": -9.75517749786377,
      "mid_to_side_loudness_range": 2.073040008544922,
      "side_mean": -43.33587646484375
    },
    {
      "loudness": -42.807586669921875,
      "loudness_range": 15.722736358642578,
      "low_freq": 12199.2666015625,
      "mid_mean": -39.60090255737305,
      "mid_to_side_loudness": -9.205016136169434,
      "mid_to_side_loudness_range": 2.317620277404785,
      "side_mean": -48.85343551635742
    }
  ],
  "bands_short": [
    {
      "high_freq": 148.1999969482422,
      "loudness": -24.890892028808594,
      "loudness_range": 15.393356323242188,
      "mid_mean": -21.571989059448242,
      "mid_to_side_loudness": -14.183126449584961,
      "mid_to_side_loudness_range": 18.202350616455078,
      "side_mean": -35.81015396118164
    },
    {
      "high_freq": 392.3793640136719,
      "loudness": -18.37779426574707,
      "loudness_range": 12.365876197814941,
      "low_freq": 148.1999969482422,
      "mid_mean": -15.237255096435547,
      "mid_to_side_loudness": -10.471206665039062,
      "mid_to_side_loudness_range": 12.687472343444824,
      "side_mean": -25.722606658935547
    },
    {
      "high_freq": 794.6976318359375,
      "loudness": -23.104562759399414,
      "loudness_range": 12.841102600097656,
      "low_freq": 392.3793640136719,
      "mid_mean": -20.014429092407227,
      "mid_to_side_loudness": -9.6266450881958,
      "mid_to_side_loudness_range": 11.145576477050781,
      "side_mean": -29.660985946655273
    },
    {
      "high_freq": 1457.5709228515625,
      "loudness": -29.270902633666992,
      "loudness_range": 12.684677124023438,
      "low_freq": 794.6976318359375,
      "mid_mean": -26.204204559326172,
      "mid_to_side_loudness": -9.087363243103027,
      "mid_to_side_loudness_range": 9.400614738464355,
      "side_mean": -35.285335540771484
    },
    {
      "high_freq": 2549.74365234375,
      "loudness": -30.046451568603516,
      "loudness_range": 13.046262741088867,
      "low_freq": 1457.5709228515625,
      "mid_mean": -27.008235931396484,
      "mid_to_side_loudness": -8.695005416870117,
      "mid_to_side_loudness_range": 8.297866821289062,
      "side_mean": -35.68550491333008
    },
    {
      "high_freq": 4349.24462890625,
      "loudness": -32.38583755493164,
      "loudness_range": 13.969993591308594,
      "low_freq": 2549.74365234375,
      "mid_mean": -29.28980255126953,
      "mid_to_side_loudness": -8.859262466430664,
      "mid_to_side_loudness_range": 7.2389607429504395,
      "side_mean": -38.163394927978516
    },
    {
      "high_freq": 7314.1640625,
      "loudness": -38.79984664916992,
      "loudness_range": 16.55687141418457,
      "low_freq": 4349.24462890625,
      "mid_mean": -35.69794845581055,
      "mid_to_side_loudness": -8.800470352172852,
      "mid_to_side_loudness_range": 6.596926689147949,
      "side_mean": -44.54570388793945
    },
    {
      "high_freq": 12199.2666015625,
      "loudness": -39.99824142456055,
      "loudness_range": 21.388044357299805,
      "low_freq": 7314.1640625,
      "mid_mean": -36.82958221435547,
      "mid_to_side_loudness": -9.22081184387207,
      "mid_to_side_loudness_range": 6.3734869956970215,
      "side_mean": -46.25274658203125
    },
    {
      "loudness": -47.88277053833008,
      "loudness_range": 27.044193267822266,
      "low_freq": 12199.2666015625,
      "mid_mean": -44.88461685180664,
      "mid_to_side_loudness": -8.51562786102295,
      "mid_to_side_loudness_range": 6.561838150024414,
      "side_mean": -53.82802200317383
    }
  ],
  "channels": 2,
  "covariance": [
    [
      16.111194610595703,
      7.708414077758789,
      2.6278419494628906,
      1.9948571920394897,
      1.571841835975647,
      2.0774970054626465,
      0.9865049123764038,
      0.72210294008255,
      2.0641558170318604,
      1.8947815895080566,
      2.721397876739502,
      2.366359233856201,
      1.8484996557235718,
      1.701856017112732,
      0.8041716814041138,
      0.5568479299545288,
      1.369743824005127,
      1.1770774126052856
    ],
    [
      7.708414077758789,
      16.33003807067871,
      2.3503239154815674,
      3.2003672122955322,
      1.4768143892288208,
      2.1800742149353027,
      0.25639498233795166,
      0.4829255938529968,
      1.655588150024414,
      1.6851089000701904,
      1.6372841596603394,
      2.1909453868865967,
      0.6713128685951233,
      1.210532546043396,
      -0.5209116339683533,
      -0.2700750529766083,
      0.08322932571172714,
      0.30553916096687317
    ],
    [
      2.6278419494628906,
      2.3503239154815674,
      10.006693840026855,
      5.071492671966553,
      1.283255696296692,
      1.0562900304794312,
      2.870983123779297,
      2.521057367324829,
      2.1081106662750244,
      1.6119978427886963,
      3.041215419769287,
      2.847761869430542,
      3.315971612930298,
      2.9682443141937256,
      3.5377516746520996,
      3.3721415996551514,
      4.195681095123291,
      4.705354690551758
    ],
    [
      1.9948571920394897,
      3.2003672122955322,
      5.071492671966553,
      8.452644348144531,
      1.2399909496307373,
      1.4723784923553467,
      2.4176688194274902,
      2.3093881607055664,
      2.1171741485595703,
      2.1808040142059326,
      2.6124107837677,
      3.0336763858795166,
      2.591921806335449,
      2.921588182449341,
      2.638261556625366,
      3.056015968322754,
      3.1890933513641357,
      3.9503867626190186
    ],
    [
      1.571841835975647,
      1.4768143892288208,
      1.283255696296692,
      1.2399909496307373,
      12.382400512695312,
      7.613007068634033,
      6.285623073577881,
      5.791491985321045,
      6.40973424911499,
      5.6016716957092285,
      5.655348777770996,
      5.033174514770508,
      4.514566421508789,
      4.075871467590332,
      4.093986988067627,
      3.4814348220825195,
      5.27824592590332,
      4.673840045928955
    ],
    [
      2.0774970054626465,
      2.1800742149353027,
      1.0562900304794312,
      1.4723784923553467,
      7.613007068634033,
      10.17262077331543,
      5.636005878448486,
      5.701479911804199,
      5.796158790588379,
      5.761692523956299,
      5.220509052276611,
      5.3320488929748535,
      4.181586265563965,
      4.232627868652344,
      3.99723744392395,
      3.9650182723999023,
      5.140049457550049,
      5.076228141784668
    ],
    [
      0.9865049123764038,
      0.25639498233795166,
      2.870983123779297,
      2.4176688194274902,
      6.285623073577881,
      5.636005878448486,
      11.536182403564453,
      9.157244682312012,
      7.915282249450684,
      7.323753833770752,
      7.365035057067871,
      7.169886589050293,
      6.741288185119629,
      6.604454517364502,
      6.051423072814941,
      6.1161580085754395,
      7.8760666847229,
      7.924506187438965
    ],
    [
      0.72210294008255,
      0.4829255938529968,
      2.521057367324829,
      2.3093881607055664,
      5.791491985321045,
      5.701479911804199,
      9.157244682312012,
      10.16774845123291,
      7.42100191116333,
      7.574349880218506,
      7.104036808013916,
      7.546504020690918,
      6.411271572113037,
      6.933043003082275,
      5.89331579208374,
      6.474649429321289,
      7.694754123687744,
      8.07332706451416
    ],
    [
      2.0641558170318604,
      1.655588150024414,
      2.1081106662750244,
      2.1171741485595703,
      6.40973424911499,
      5.796158790588379,
      7.915282249450684,
      7.42100191116333,
      11.903106689453125,
      10.437917709350586,
      9.613076210021973,
      9.373842239379883,
      9.858627319335938,
      9.798171043395996,
      9.611446380615234,
      9.766884803771973,
      11.50030517578125,
      11.686433792114258
    ],
    [
      1.8947815895080566,
      1.6851089000701904,
      1.6119978427886963,
      2.1808040142059326,
      5.6016716957092285,
      5.761692523956299,
      7.323753833770752,
      7.574349880218506,
      10.437917709350586,
      11.459965705871582,
      8.787023544311523,
      9.620841979980469,
      8.956753730773926,
      9.95667839050293,
      8.662055969238281,
      9.72065544128418,
      10.708663940429688,
      11.381348609924316
    ],
    [
      2.721397876739502,
      1.6372841596603394,
      3.041215419769287,
      2.6124107837677,
      5.655348777770996,
      5.220509052276611,
      7.365035057067871,
      7.104036808013916,
      9.613076210021973,
      8.787023544311523,
      12.7225341796875,
      11.62037181854248,
      11.062064170837402,
      10.609169960021973,
      11.60533618927002,
      11.379576683044434,
      13.542823791503906,
      13.457196235656738
    ],
    [
      2.366359233856201,
      2.1909453868865967,
      2.847761869430542,
      3.0336763858795166,
      5.033174514770508,
      5.3320488929748535,
      7.169886589050293,
      7.546504020690918,
      9.373842239379883,
      9.620841979980469,
      11.62037181854248,
      12.533926963806152,
      10.2257661819458,
      11.065059661865234,
      10.320093154907227,
      11.285993576049805,
      12.35102367401123,
      13.059255599975586
    ],
    [
      1.8484996557235718,
      0.6713128685951233,
      3.315971612930298,
      2.591921806335449,
      4.514566421508789,
      4.181586265563965,
      6.741288185119629,
      6.411271572113037,
      9.858627319335938,
      8.956753730773926,
      11.062064170837402,
      10.2257661819458,
      15.641477584838867,
      14.45513916015625,
      16.0272159576416,
      15.761951446533203,
      18.40210723876953,
      18.87251091003418
    ],
    [
      1.701856017112732,
      1.210532546043396,
      2.9682443141937256,
      2.921588182449341,
      4.075871467590332,
      4.232627868652344,
      6.604454517364502,
      6.933043003082275,
      9.798171043395996,
      9.95667839050293,
      10.609169960021973,
      11.065059661865234,
      14.45513916015625,
      15.031786918640137,
      14.469758033752441,
      15.533153533935547,
      17.002866744995117,
      18.244962692260742
    ],
    [
      0.8041716814041138,
      -0.5209116339683533,
      3.5377516746520996,
      2.638261556625366,
      4.093986988067627,
      3.99723744392395,
      6.051423072814941,
      5.89331579208374,
      9.611446380615234,
      8.662055969238281,
      11.60533618927002,
      10.320093154907227,
      16.0272159576416,
      14.469758033752441,
      21.189407348632812,
      19.95655059814453,
      22.79439353942871,
      22.750036239624023
    ],
    [
      0.5568479299545288,
      -0.2700750529766083,
      3.3721415996551514,
      3.056015968322754,
      3.4814348220825195,
      3.9650182723999023,
      6.1161580085754395,
      6.474649429321289,
      9.766884803771973,
      9.72065544128418,
      11.379576683044434,
      11.285993576049805,
      15.761951446533203,
      15.533153533935547,
      19.95655059814453,
      20.678831100463867,
      22.114368438720703,
      23.318632125854492
    ],
    [
      1.369743824005127,
      0.08322932571172714,
      4.195681095123291,
      3.1890933513641357,
      5.27824592590332,
      5.140049457550049,
      7.8760666847229,
      7.694754123687744,
      11.50030517578125,
      10.708663940429688,
      13.542823791503906,
      12.35102367401123,
      18.40210723876953,
      17.002866744995117,
      22.79439353942871,
      22.114368438720703,
      29.181306838989258,
      28.692686080932617
    ],
    [
      1.1770774126052856,
      0.30553916096687317,
      4.705354690551758,
      3.9503867626190186,
      4.673840045928955,
      5.076228141784668,
      7.924506187438965,
      8.07332706451416,
      11.686433792114258,
      11.381348609924316,
      13.457196235656738,
      13.059255599975586,
      18.87251091003418,
      18.244962692260742,
      22.750036239624023,
      23.318632125854492,
      28.692686080932617,
      30.54345703125
    ]
  ],
  "covariance_short": [
    [
      33.72331619262695,
      11.32614517211914,
      10.460745811462402,
      5.108182907104492,
      4.835076332092285,
      3.3850908279418945,
      4.514971733093262,
      3.27351975440979,
      5.386240482330322,
      4.198832035064697,
      5.950284481048584,
      4.713021755218506,
      6.399160861968994,
      5.597646236419678,
      7.240757942199707,
      6.597175121307373,
      9.126920700073242,
      8.993809700012207
    ],
    [
      11.32614517211914,
      27.88880157470703,
      5.943877696990967,
      7.596837997436523,
      4.393002986907959,
      4.061318874359131,
      2.9943313598632812,
      2.5216116905212402,
      3.912407636642456,
      3.0829851627349854,
      4.011038303375244,
      3.7132227420806885,
      3.858227491378784,
      3.783501386642456,
      5.175853252410889,
      4.814548969268799,
      7.574585437774658,
      7.4445881843566895
    ],
    [
      10.460745811462402,
      5.943877696990967,
      22.316259384155273,
      10.68796157836914,
      7.128116130828857,
      6.137099742889404,
      7.24711799621582,
      5.231318473815918,
      7.247909069061279,
      5.1021246910095215,
      7.8708672523498535,
      6.333515644073486,
      8.7764253616333,
      7.492150783538818,
      10.258452415466309,
      9.24250602722168,
      14.225250244140625,
      13.683713912963867
    ],
    [
      5.108182907104492,
      7.596837997436523,
      10.68796157836914,
      18.46552276611328,
      5.323862075805664,
      5.578924655914307,
      6.433843612670898,
      5.08107852935791,
      6.252177715301514,
      4.990555763244629,
      6.485589027404785,
      6.065892696380615,
      7.426333904266357,
      7.230373859405518,
      8.480188369750977,
      8.527926445007324,
      12.4681978225708,
      12.4632568359375
    ],
    [
      4.835076332092285,
      4.393002986907959,
      7.128116130828857,
      5.323862075805664,
      24.244361877441406,
      13.563060760498047,
      13.625605583190918,
      10.853277206420898,
      13.722376823425293,
      10.252224922180176,
      12.609562873840332,
      9.630497932434082,
      11.752394676208496,
      9.328479766845703,
      12.594342231750488,
      10.750618934631348,
      16.15899658203125,
      13.933503150939941
    ],
    [
      3.3850908279418945,
      4.061318874359131,
      6.137099742889404,
      5.578924655914307,
      13.563060760498047,
      18.017120361328125,
      10.976953506469727,
      9.57158374786377,
      11.460661888122559,
      9.707956314086914,
      10.161417007446289,
      8.982093811035156,
      9.91611099243164,
      9.055959701538086,
      10.968826293945312,
      10.298993110656738,
      14.146142959594727,
      12.725231170654297
    ],
    [
      4.514971733093262,
      2.9943313598632812,
      7.24711799621582,
      6.433843612670898,
      13.625605583190918,
      10.976953506469727,
      22.16075897216797,
      14.464526176452637,
      15.550532341003418,
      12.208863258361816,
      14.79052734375,
      12.32490062713623,
      14.877191543579102,
      12.789597511291504,
      15.809957504272461,
      14.583026885986328,
      19.725666046142578,
      18.02994155883789
    ],
    [
      3.27351975440979,
      2.5216116905212402,
      5.231318473815918,
      5.08107852935791,
      10.853277206420898,
      9.57158374786377,
      14.464526176452637,
      17.416061401367188,
      13.056462287902832,
      11.593289375305176,
      12.592755317687988,
      11.768465042114258,
      12.639199256896973,
      12.116147994995117,
      13.50299072265625,
      13.54599666595459,
      17.48760414123535,
      16.38043212890625
    ],
    [
      5.386240482330322,
      3.912407636642456,
      7.247909069061279,
      6.252177715301514,
      13.722376823425293,
      11.460661888122559,
      15.550532341003418,
      13.056462287902832,
      23.153926849365234,
      16.67621421813965,
      18.735925674438477,
      15.969457626342773,
      20.15732765197754,
      17.982162475585938,
      21.99591064453125,
      20.999557495117188,
      26.378381729125977,
      24.38152503967285
    ],
    [
      4.198832035064697,
      3.0829851627349854,
      5.1021246910095215,
      4.990555763244629,
      10.252224922180176,
      9.707956314086914,
      12.208863258361816,
      11.593289375305176,
      16.67621421813965,
      18.708986282348633,
      15.213356018066406,
      14.923750877380371,
      16.64735221862793,
      16.654098510742188,
      18.236791610717773,
      18.78684425354004,
      22.309730529785156,
      21.389535903930664
    ],
    [
      5.950284481048584,
      4.011038303375244,
      7.8708672523498535,
      6.485589027404785,
      12.609562873840332,
      10.161417007446289,
      14.79052734375,
      12.592755317687988,
      18.735925674438477,
      15.213356018066406,
      25.24897575378418,
      19.9337158203125,
      23.825956344604492,
      20.789775848388672,
      27.022836685180664,
      25.392200469970703,
      31.733423233032227,
      28.893600463867188
    ],
    [
      4.713021755218506,
      3.7132227420806885,
      6.333515644073486,
      6.065892696380615,
      9.630497932434082,
      8.982093811035156,
      12.32490062713623,
      11.768465042114258,
      15.969457626342773,
      14.923750877380371,
      19.9337158203125,
      20.82509994506836,
      19.997886657714844,
      19.649202346801758,
      22.61530303955078,
      22.952123641967773,
      27.229520797729492,
      25.800506591796875
    ],
    [
      6.399160861968994,
      3.858227491378784,
      8.7764253616333,
      7.426333904266357,
      11.752394676208496,
      9.91611099243164,
      14.877191543579102,
      12.639199256896973,
      20.15732765197754,
      16.64735221862793,
      23.825956344604492,
      19.997886657714844,
      34.1922492980957,
      28.805145263671875,
      37.62260437011719,
      35.44794464111328,
      44.28215408325195,
      40.57706069946289
    ],
    [
      5.597646236419678,
      3.783501386642456,
      7.492150783538818,
      7.230373859405518,
      9.328479766845703,
      9.055959701538086,
      12.789597511291504,
      12.116147994995117,
      17.982162475585938,
      16.654098510742188,
      20.789775848388672,
      19.649202346801758,
      28.805145263671875,
      28.550567626953125,
      32.15496063232422,
      32.617286682128906,
      38.83006286621094,
      36.935821533203125
    ],
    [
      7.240757942199707,
      5.175853252410889,
      10.258452415466309,
      8.480188369750977,
      12.594342231750488,
      10.968826293945312,
      15.809957504272461,
      13.50299072265625,
      21.99591064453125,
      18.236791610717773,
      27.022836685180664,
      22.61530303955078,
      37.62260437011719,
      32.15496063232422,
      54.69099426269531,
      48.16078186035156,
      61.642433166503906,
      54.932064056396484
    ],
    [
      6.597175121307373,
      4.814548969268799,
      9.24250602722168,
      8.527926445007324,
      10.750618934631348,
      10.298993110656738,
      14.583026885986328,
      13.54599666595459,
      20.999557495117188,
      18.78684425354004,
      25.392200469970703,
      22.952123641967773,
      35.44794464111328,
      32.617286682128906,
      48.16078186035156,
      47.60903549194336,
      56.84191131591797,
      52.61747360229492
    ],
    [
      9.126920700073242,
      7.574585437774658,
      14.225250244140625,
      12.4681978225708,
      16.15899658203125,
      14.146142959594727,
      19.725666046142578,
      17.48760414123535,
      26.378381729125977,
      22.309730529785156,
      31.733423233032227,
      27.229520797729492,
      44.28215408325195,
      38.83006286621094,
      61.642433166503906,
      56.84191131591797,
      84.25924682617188,
      73.01335906982422
    ],
    [
      8.993809700012207,
      7.4445881843566895,
      13.683713912963867,
      12.4632568359375,
      13.933503150939941,
      12.725231170654297,
      18.02994155883789,
      16.38043212890625,
      24.38152503967285,
      21.389535903930664,
      28.893600463867188,
      25.800506591796875,
      40.57706069946289,
      36.935821533203125,
      54.932064056396484,
      52.61747360229492,
      73.01335906982422,
      71.65789794921875
    ]
  ],
  "drr": 11.16617202758789,
  "dynamics": 2.429753303527832,
  "format": 1245190,
  "frames": 9297920,
  "loudness": -11.1549072265625,
  "loudness_range": 5.445371627807617,
  "loudness_range_short": 9.099105834960938,
  "peak": -0.4726683497428894,
  "rms": -12.893010139465332,
  "sample_rate": 44100,
  "sections": 1,
  "seekable": 1,
  "sharpness": 3.099339723587036,
  "space": -10.676739692687988
}