{
  "bands": [
    {
      "high_freq": 148.1999969482422,
      "loudness": -36.02980041503906,
      "loudness_range": 20.496112823486328,
      "mid_mean": -32.33663558959961,
      "mid_to_side_loudness": -64.83222961425781,
      "mid_to_side_loudness_range": 64.537109375,
      "side_mean": -70
    },
    {
      "high_freq": 392.3793640136719,
      "loudness": -27.15993881225586,
      "loudness_range": 17.485950469970703,
      "low_freq": 148.1999969482422,
      "mid_mean": -23.45821189880371,
      "mid_to_side_loudness": 0,
      "mid_to_side_loudness_range": 0,
      "side_mean": -70
    },
    {
      "high_freq": 794.6976318359375,
      "loudness": -29.6240291595459,
      "loudness_range": 22.489898681640625,
      "low_freq": 392.3793640136719,
      "mid_mean": -25.92190170288086,
      "mid_to_side_loudness": 0,
      "mid_to_side_loudness_range": 0,
      "side_mean": -70
    },
    {
      "high_freq": 1457.5709228515625,
      "loudness": -36.65313720703125,
      "loudness_range": 25.818239212036133,
      "low_freq": 794.6976318359375,
      "mid_mean": -32.95857238769531,
      "mid_to_side_loudness": 0,
      "mid_to_side_loudness_range": 0,
      "side_mean": -70
    },
    {
      "high_freq": 2549.74365234375,
      "loudness": -41.12432098388672,
      "loudness_range": 22.83832550048828,
      "low_freq": 1457.5709228515625,
      "mid_mean": -37.41444396972656,
      "mid_to_side_loudness": 0,
      "mid_to_side_loudness_range": 0,
      "side_mean": -70
    },
    {
      "high_freq": 4349.24462890625,
      "loudness": -38.380252838134766,
      "loudness_range": 17.460668563842773,
      "low_freq": 2549.74365234375,
      "mid_mean": -34.67557144165039,
      "mid_to_side_loudness": 0,
      "mid_to_side_loudness_range": 0,
      "side_mean": -70
    },
    {
      "high_freq": 7314.1640625,
      "loudness": -39.48418045043945,
      "loudness_range": 17.423049926757812,
      "low_freq": 4349.24462890625,
      "mid_mean": -35.78597640991211,
      "mid_to_side_loudness": 0,
      "mid_to_side_loudness_range": 0,
      "side_mean": -70
    },
    {
      "high_freq": 12199.2666015625,
      "loudness": -47.94622039794922,
      "loudness_range": 18.447223663330078,
      "low_freq": 7314.1640625,
      "mid_mean": -44.26579666137695,
      "mid_to_side_loudness": 0,
      "mid_to_side_loudness_range": 0,
      "side_mean": -70
    },
    {
      "loudness": -53.248409271240234,
      "loudness_range": 20.407958984375,
      "low_freq": 12199.2666015625,
      "mid_mean": -49.40255355834961,
      "mid_to_side_loudness": 0,
      "mid_to_side_loudness_range": 0,
      "side_mean": -70
    }
  ],
  "bands_short": [
    {
      "high_freq": 148.1999969482422,
      "loudness": -40.0947380065918,
      "loudness_range": 24.15454864501953,
      "mid_mean": -36.39030456542969,
      "mid_to_side_loudness": -55.4857292175293,
      "mid_to_side_loudness_range": 66.1229476928711,
      "side_mean": -70
    },
    {
      "high_freq": 392.3793640136719,
      "loudness": -28.382658004760742,
      "loudness_range": 21.275928497314453,
      "low_freq": 148.1999969482422,
      "mid_mean": -24.68415069580078,
      "mid_to_side_loudness": 0,
      "mid_to_side_loudness_range": 0,
      "side_mean": -70
    },
    {
      "high_freq": 794.6976318359375,
      "loudness": -30.837482452392578,
      "loudness_range": 25.402212142944336,
      "low_freq": 392.3793640136719,
      "mid_mean": -27.138935089111328,
      "mid_to_side_loudness": 0,
      "mid_to_side_loudness_range": 0,
      "side_mean": -70
    },
    {
      "high_freq": 1457.5709228515625,
      "loudness": -37.530006408691406,
      "loudness_range": 29.683639526367188,
      "low_freq": 794.6976318359375,
      "mid_mean": -33.838592529296875,
      "mid_to_side_loudness": 0,
      "mid_to_side_loudness_range": 0,
      "side_mean": -70
    },
    {
      "high_freq": 2549.74365234375,
      "loudness": -42.61081314086914,
      "loudness_range": 24.6796875,
      "low_freq": 1457.5709228515625,
      "mid_mean": -38.89899826049805,
      "mid_to_side_loudness": 0,
      "mid_to_side_loudness_range": 0,
      "side_mean": -70
    },
    {
      "high_freq": 4349.24462890625,
      "loudness": -39.517539978027344,
      "loudness_range": 19.939340591430664,
      "low_freq": 2549.74365234375,
      "mid_mean": -35.82609558105469,
      "mid_to_side_loudness": 0,
      "mid_to_side_loudness_range": 0,
      "side_mean": -70
    },
    {
      "high_freq": 7314.1640625,
      "loudness": -40.84278106689453,
      "loudness_range": 19.950828552246094,
      "low_freq": 4349.24462890625,
      "mid_mean": -37.17723083496094,
      "mid_to_side_loudness": 0,
      "mid_to_side_loudness_range": 0,
      "side_mean": -70
    },
    {
      "high_freq": 12199.2666015625,
      "loudness": -49.38304138183594,
      "loudness_range": 21.39937973022461,
      "low_freq": 7314.1640625,
      "mid_mean": -46.282413482666016,
      "mid_to_side_loudness": 0,
      "mid_to_side_loudness_range": 0,
      "side_mean": -70
    },
    {
      "loudness": -55.814884185791016,
      "loudness_range": 23.398334503173828,
      "low_freq": 12199.2666015625,
      "mid_mean": -51.89197540283203,
      "mid_to_side_loudness": 0,
      "mid_to_side_loudness_range": 0,
      "side_mean": -70
    }
  ],
  "channels": 2,
  "covariance": [
    [
      51.337982177734375,
      -4.446003003977239e-06,
      21.014501571655273,
      0,
      12.862327575683594,
      0,
      21.978221893310547,
      0,
      18.117753982543945,
      0,
      13.196549415588379,
      0,
      12.22740364074707,
      0,
      11.501259803771973,
      0,
      15.879939079284668,
      0
    ],
    [
      -4.446003003977239e-06,
      7.714619221221852e-11,
      -2.0905463316012174e-06,
      0,
      7.363899499068793e-07,
      0,
      -1.5903391386018484e-06,
      0,
      -3.1648908134229714e-06,
      0,
      0,
      0,
      0,
      0,
      0,
      0,
      -3.564456164895091e-06,
      0
    ],
    [
      21.014501571655273,
      -2.0905463316012174e-06,
      42.53706359863281,
      0,
      29.9936466217041,
      0,
      29.603939056396484,
      0,
      16.729328155517578,
      0,
      6.4057512283325195,
      0,
      10.44114875793457,
      0,
      10.263957977294922,
      0,
      5.131104946136475,
      0
    ],
    [
      0,
      0,
      0,
      0,
      0,
      0,
      0,
      0,
      0,
      0,
      0,
      0,
      0,
      0,
      0,
      0,
      0,
      0
    ],
    [
      12.862327575683594,
      7.363899499068793e-07,
      29.9936466217041,
      0,
      64.60061645507812,
      0,
      48.94662857055664,
      0,
      37.71699142456055,
      0,
      16.382442474365234,
      0,
      19.239700317382812,
      0,
      14.047120094299316,
      0,
      -6.016038417816162,
      0
    ],
    [
      0,
      0,
      0,
      0,
      0,
      0,
      0,
      0,
      0,
      0,
      0,
      0,
      0,
      0,
      0,
      0,
      0,
      0
    ],
    [
      21.978221893310547,
      -1.5903391386018484e-06,
      29.603939056396484,
      0,
      48.94662857055664,
      0,
      75.43153381347656,
      0,
      57.718666076660156,
      0,
      32.957298278808594,
      0,
      31.098295211791992,
      0,
      23.680727005004883,
      0,
      0.7169786095619202,
      0
    ],
    [
      0,
      0,
      0,
      0,
      0,
      0,
      0,
      0,
      0,
      0,
      0,
      0,
      0,
      0,
      0,
      0,
      0,
      0
    ],
    [
      18.117753982543945,
      -3.1648908134229714e-06,
      16.729328155517578,
      0,
      37.71699142456055,
      0,
      57.718666076660156,
      0,
      60.741085052490234,
      0,
      38.834842681884766,
      0,
      35.83439636230469,
      0,
      29.250362396240234,
      0,
      9.4238862991333,
      0
    ],
    [
      0,
      0,
      0,
      0,
      0,
      0,
      0,
      0,
      0,
      0,
      0,
      0,
      0,
      0,
      0,
      0,
      0,
      0
    ],
    [
      13.196549415588379,
      0,
      6.4057512283325195,
      0,
      16.382442474365234,
      0,
      32.957298278808594,
      0,
      38.834842681884766,
      0,
      39.002113342285156,
      0,
      31.92228889465332,
      0,
      28.971378326416016,
      0,
      18.944503784179688,
      0
    ],
    [
      0,
      0,
      0,
      0,
      0,
      0,
      0,
      0,
      0,
      0,
      0,
      0,
      0,
      0,
      0,
      0,
      0,
      0
    ],
    [
      12.22740364074707,
      0,
      10.44114875793457,
      0,
      19.239700317382812,
      0,
      31.098295211791992,
      0,
      35.83439636230469,
      0,
      31.92228889465332,
      0,
      33.617523193359375,
      0,
      31.934301376342773,
      0,
      17.361526489257812,
      0
    ],
    [
      0,
      0,
      0,
      0,
      0,
      0,
      0,
      0,
      0,
      0,
      0,
      0,
      0,
      0,
      0,
      0,
      0,
      0
    ],
    [
      11.501259803771973,
      0,
      10.263957977294922,
      0,
      14.047120094299316,
      0,
      23.680727005004883,
      0,
      29.250362396240234,
      0,
      28.971378326416016,
      0,
      31.934301376342773,
      0,
      34.400657653808594,
      0,
      21.895172119140625,
      0
    ],
    [
      0,
      0,
      0,
      0,
      0,
      0,
      0,
      0,
      0,
      0,
      0,
      0,
      0,
      0,
      0,
      0,
      0,
      0
    ],
    [
      15.879939079284668,
      -3.564456164895091e-06,
      5.131104946136475,
      0,
      -6.016038417816162,
      0,
      0.7169786095619202,
      0,
      9.4238862991333,
      0,
      18.944503784179688,
      0,
      17.361526489257812,
      0,
      21.895172119140625,
      0,
      42.02705764770508,
      0
    ],
    [
      0,
      0,
      0,
      0,
      0,
      0,
      0,
      0,
      0,
      0,
      0,
      0,
      0,
      0,
      0,
      0,
      0,
      0
    ]
  ],
  "covariance_short": [
    [
      65.55852508544922,
      -4.8348292693845e-06,
      29.524608612060547,
      -1.3598698167527346e-08,
      17.176006317138672,
      0,
      26.896549224853516,
      0,
      21.42937660217285,
      0,
      14.64452075958252,
      0,
      13.915456771850586,
      0,
      16.139610290527344,
      0,
      14.865534782409668,
      0
    ],
    [
      -4.8348292693845e-06,
      4.951365983885125e-10,
      -2.7406649678596295e-06,
      7.931742827642363e-13,
      7.143789844121784e-07,
      0,
      -2.1232926883385517e-06,
      0,
      -3.320414862173493e-06,
      0,
      0,
      0,
      0,
      0,
      0,
      0,
      -3.3051962873287266e-06,
      0
    ],
    [
      29.524608612060547,
      -2.7406649678596295e-06,
      56.914737701416016,
      -7.160843029652142e-09,
      38.51521682739258,
      0,
      38.628517150878906,
      0,
      22.761016845703125,
      0,
      9.069031715393066,
      0,
      11.645052909851074,
      0,
      8.639103889465332,
      0,
      4.932206630706787,
      0
    ],
    [
      -1.3598698167527346e-08,
      7.931742827642363e-13,
      -7.160843029652142e-09,
      6.474892220016638e-15,
      2.565159196166178e-09,
      0,
      -6.4887544226621685e-09,
      0,
      -1.0705440089964213e-08,
      0,
      0,
      0,
      0,
      0,
      0,
      0,
      -1.0305733155746566e-08,
      0
    ],
    [
      17.176006317138672,
      7.143789844121784e-07,
      38.51521682739258,
      2.565159196166178e-09,
      76.0488510131836,
      0,
      57.02677536010742,
      0,
      42.83504867553711,
      0,
      17.89707374572754,
      0,
      18.830276489257812,
      0,
      8.886308670043945,
      0,
      -2.6694886684417725,
      0
    ],
    [
      0,
      0,
      0,
      0,
      0,
      0,
      0,
      0,
      0,
      0,
      0,
      0,
      0,
      0,
      0,
      0,
      0,
      0
    ],
    [
      26.896549224853516,
      -2.1232926883385517e-06,
      38.628517150878906,
      -6.4887544226621685e-09,
      57.02677536010742,
      0,
      93.82992553710938,
      0,
      66.17633819580078,
      0,
      36.07020950317383,
      0,
      32.15058135986328,
      0,
      21.55707359313965,
      0,
      4.016430377960205,
      0
    ],
    [
      0,
      0,
      0,
      0,
      0,
      0,
      0,
      0,
      0,
      0,
      0,
      0,
      0,
      0,
      0,
      0,
      0,
      0
    ],
    [
      21.42937660217285,
      -3.320414862173493e-06,
      22.761016845703125,
      -1.0705440089964213e-08,
      42.83504867553711,
      0,
      66.17633819580078,
      0,
      72.61450958251953,
      0,
      46.38374710083008,
      0,
      41.608978271484375,
      0,
      34.009979248046875,
      0,
      16.237398147583008,
      0
    ],
    [
      0,
      0,
      0,
      0,
      0,
      0,
      0,
      0,
      0,
      0,
      0,
      0,
      0,
      0,
      0,
      0,
      0,
      0
    ],
    [
      14.64452075958252,
      0,
      9.069031715393066,
      0,
      17.89707374572754,
      0,
      36.07020950317383,
      0,
      46.38374710083008,
      0,
      49.14141845703125,
      0,
      41.382259368896484,
      0,
      42.11420822143555,
      0,
      28.554363250732422,
      0
    ],
    [
      0,
      0,
      0,
      0,
      0,
      0,
      0,
      0,
      0,
      0,
      0,
      0,
      0,
      0,
      0,
      0,
      0,
      0
    ],
    [
      13.915456771850586,
      0,
      11.645052909851074,
      0,
      18.830276489257812,
      0,
      32.15058135986328,
      0,
      41.608978271484375,
      0,
      41.382259368896484,
      0,
      45.685874938964844,
      0,
      44.19390106201172,
      0,
      30.57353401184082,
      0
    ],
    [
      0,
      0,
      0,
      0,
      0,
      0,
      0,
      0,
      0,
      0,
      0,
      0,
      0,
      0,
      0,
      0,
      0,
      0
    ],
    [
      16.139610290527344,
      0,
      8.639103889465332,
      0,
      8.886308670043945,
      0,
      21.55707359313965,
      0,
      34.009979248046875,
      0,
      42.11420822143555,
      0,
      44.19390106201172,
      0,
      58.745418548583984,
      0,
      41.02138900756836,
      0
    ],
    [
      0,
      0,
      0,
      0,
      0,
      0,
      0,
      0,
      0,
      0,
      0,
      0,
      0,
      0,
      0,
      0,
      0,
      0
    ],
    [
      14.865534782409668,
      -3.3051962873287266e-06,
      4.932206630706787,
      -1.0305733155746566e-08,
      -2.6694886684417725,
      0,
      4.016430377960205,
      0,
      16.237398147583008,
      0,
      28.554363250732422,
      0,
      30.57353401184082,
      0,
      41.02138900756836,
      0,
      53.27019500732422,
      0
    ],
    [
      0,
      0,
      0,
      0,
      0,
      0,
      0,
      0,
      0,
      0,
      0,
      0,
      0,
      0,
      0,
      0,
      0,
      0
    ]
  ],
  "drr": 10.206561088562012,
  "dynamics": 4.76304292678833,
  "format": 1245190,
  "frames": 15857664,
  "loudness": -18.31336784362793,
  "loudness_range": 13.892942428588867,
  "loudness_range_short": 19.098411560058594,
  "peak": -1.8997244834899902,
  "rms": -19.158626556396484,
  "sample_rate": 44100,
  "sections": 1,
  "seekable": 1,
  "sharpness": 3.903047800064087,
  "space": -60.609947204589844
}