{
  "bands": [
    {
      "high_freq": 148.1999969482422,
      "loudness": -18.10011863708496,
      "loudness_range": 8.135575294494629,
      "mid_mean": -14.547430038452148,
      "mid_to_side_loudness": -24.948461532592773,
      "mid_to_side_loudness_range": 24.566648483276367,
      "side_mean": -40.89155197143555
    },
    {
      "high_freq": 392.3793640136719,
      "loudness": -21.085453033447266,
      "loudness_range": 7.778736114501953,
      "low_freq": 148.1999969482422,
      "mid_mean": -18.032026290893555,
      "mid_to_side_loudness": -9.424114227294922,
      "mid_to_side_loudness_range": 10.765680313110352,
      "side_mean": -27.40057945251465
    },
    {
      "high_freq": 794.6976318359375,
      "loudness": -21.15342140197754,
      "loudness_range": 8.455963134765625,
      "low_freq": 392.3793640136719,
      "mid_mean": -18.447002410888672,
      "mid_to_side_loudness": -7.524880886077881,
      "mid_to_side_loudness_range": 12.765517234802246,
      "side_mean": -25.972829818725586
    },
    {
      "high_freq": 1457.5709228515625,
      "loudness": -21.168127059936523,
      "loudness_range": 11.531839370727539,
      "low_freq": 794.6976318359375,
      "mid_mean": -18.49890899658203,
      "mid_to_side_loudness": -7.125195026397705,
      "mid_to_side_loudness_range": 11.843316078186035,
      "side_mean": -25.624774932861328
    },
    {
      "high_freq": 2549.74365234375,
      "loudness": -19.64334487915039,
      "loudness_range": 9.940410614013672,
      "low_freq": 1457.5709228515625,
      "mid_mean": -16.811744689941406,
      "mid_to_side_loudness": -7.725991725921631,
      "mid_to_side_loudness_range": 10.733695030212402,
      "side_mean": -24.55000114440918
    },
    {
      "high_freq": 4349.24462890625,
      "loudness": -22.154922485351562,
      "loudness_range": 9.936771392822266,
      "low_freq": 2549.74365234375,
      "mid_mean": -19.20737075805664,
      "mid_to_side_loudness": -8.584010124206543,
      "mid_to_side_loudness_range": 11.905295372009277,
      "side_mean": -27.81085205078125
    },
    {
      "high_freq": 7314.1640625,
      "loudness": -25.5260066986084,
      "loudness_range": 9.454296112060547,
      "low_freq": 4349.24462890625,
      "mid_mean": -22.310335159301758,
      "mid_to_side_loudness": -10.614362716674805,
      "mid_to_side_loudness_range": 11.397651672363281,
      "side_mean": -32.97753143310547
    },
    {
      "high_freq": 12199.2666015625,
      "loudness": -25.428485870361328,
      "loudness_range": 9.92580795288086,
      "low_freq": 7314.1640625,
      "mid_mean": -22.022075653076172,
      "mid_to_side_loudness": -13.02225399017334,
      "mid_to_side_loudness_range": 10.31248664855957,
      "side_mean": -35.07377624511719
    },
    {
      "loudness": -32.49306869506836,
      "loudness_range": 10.807973861694336,
      "low_freq": 12199.2666015625,
      "mid_mean": -29.180435180664062,
      "mid_to_side_loudness": -11.163228034973145,
      "mid_to_side_loudness_range": 8.342458724975586,
      "side_mean": -40.351863861083984
    }
  ],
  "bands_short": [
    {
      "high_freq": 148.1999969482422,
      "loudness": -20.698993682861328,
      "loudness_range": 18.26194953918457,
      "mid_mean": -17.251041412353516,
      "mid_to_side_loudness": -25.77214813232422,
      "mid_to_side_loudness_range": 31.988147735595703,
      "side_mean": -45.328128814697266
    },
    {
      "high_freq": 392.3793640136719,
      "loudness": -21.645540237426758,
      "loudness_range": 13.711020469665527,
      "low_freq": 148.1999969482422,
      "mid_mean": -18.682571411132812,
      "mid_to_side_loudness": -10.087992668151855,
      "mid_to_side_loudness_range": 16.846179962158203,
      "side_mean": -28.8695068359375
    },
    {
      "high_freq": 794.6976318359375,
      "loudness": -22.281753540039062,
      "loudness_range": 12.784395217895508,
      "low_freq": 392.3793640136719,
      "mid_mean": -19.86293601989746,
      "mid_to_side_loudness": -6.928462028503418,
      "mid_to_side_loudness_range": 16.025711059570312,
      "side_mean": -26.841054916381836
    },
    {
      "high_freq": 1457.5709228515625,
      "loudness": -21.93841552734375,
      "loudness_range": 14.668886184692383,
      "low_freq": 794.6976318359375,
      "mid_mean": -19.5261173248291,
      "mid_to_side_loudness": -6.68278694152832,
      "mid_to_side_loudness_range": 15.317034721374512,
      "side_mean": -26.256973266601562
    },
    {
      "high_freq": 2549.74365234375,
      "loudness": -20.69902229309082,
      "loudness_range": 14.085150718688965,
      "low_freq": 1457.5709228515625,
      "mid_mean": -18.09945297241211,
      "mid_to_side_loudness": -7.371578693389893,
      "mid_to_side_loudness_range": 14.173064231872559,
      "side_mean": -25.472932815551758
    },
    {
      "high_freq": 4349.24462890625,
      "loudness": -23.09233283996582,
      "loudness_range": 13.698396682739258,
      "low_freq": 2549.74365234375,
      "mid_mean": -20.286794662475586,
      "mid_to_side_loudness": -8.500425338745117,
      "mid_to_side_loudness_range": 14.84657096862793,
      "side_mean": -28.845172882080078
    },
    {
      "high_freq": 7314.1640625,
      "loudness": -27.065568923950195,
      "loudness_range": 15.450231552124023,
      "low_freq": 4349.24462890625,
      "mid_mean": -23.994417190551758,
      "mid_to_side_loudness": -10.29442310333252,
      "mid_to_side_loudness_range": 14.656644821166992,
      "side_mean": -34.39337921142578
    },
    {
      "high_freq": 12199.2666015625,
      "loudness": -27.799781799316406,
      "loudness_range": 17.405044555664062,
      "low_freq": 7314.1640625,
      "mid_mean": -24.5230712890625,
      "mid_to_side_loudness": -12.232566833496094,
      "mid_to_side_loudness_range": 14.573223114013672,
      "side_mean": -36.928565979003906
    },
    {
      "loudness": -34.51711654663086,
      "loudness_range": 18.32961082458496,
      "low_freq": 12199.2666015625,
      "mid_mean": -31.2890567779541,
      "mid_to_side_loudness": -11.047178268432617,
      "mid_to_side_loudness_range": 12.646263122558594,
      "side_mean": -42.44395065307617
    }
  ],
  "channels": 2,
  "covariance": [
    [
      27.454692840576172,
      7.582974433898926,
      7.22335958480835,
      8.921441078186035,
      3.047727346420288,
      4.936861038208008,
      5.270258903503418,
      6.744929313659668,
      3.0541441440582275,
      5.370943546295166,
      5.90248441696167,
      5.975647449493408,
      7.9242048263549805,
      6.459101676940918,
      6.826482772827148,
      4.102596282958984,
      7.956852912902832,
      8.889921188354492
    ],
    [
      7.582974433898926,
      46.90199661254883,
      7.318589687347412,
      12.147699356079102,
      4.536075115203857,
      5.352113723754883,
      4.338225364685059,
      3.7717700004577637,
      4.856420993804932,
      5.620760440826416,
      4.994214057922363,
      5.8013224601745605,
      6.05381441116333,
      5.620326042175293,
      5.820639610290527,
      4.251091480255127,
      6.5392351150512695,
      7.354672908782959
    ],
    [
      7.22335958480835,
      7.318589687347412,
      9.717906951904297,
      5.718510150909424,
      2.6058475971221924,
      3.227877616882324,
      2.103114604949951,
      3.290994167327881,
      3.049409866333008,
      4.2719011306762695,
      4.182554244995117,
      4.292989253997803,
      5.652223587036133,
      3.983070135116577,
      4.623941898345947,
      2.3308706283569336,
      4.2130537033081055,
      4.442668914794922
    ],
    [
      8.921441078186035,
      12.147699356079102,
      5.718510150909424,
      18.15736198425293,
      2.965378522872925,
      7.26891565322876,
      3.594292163848877,
      4.953764915466309,
      3.4783692359924316,
      3.81864333152771,
      3.508068799972534,
      2.1327009201049805,
      3.628023147583008,
      1.3896498680114746,
      4.209568500518799,
      0.3810713291168213,
      4.768642902374268,
      4.170040130615234
    ],
    [
      3.047727346420288,
      4.536075115203857,
      2.6058475971221924,
      2.965378522872925,
      13.075279235839844,
      3.6452529430389404,
      6.7102370262146,
      0.2835673391819,
      3.9754531383514404,
      1.7613108158111572,
      3.543856382369995,
      0.9138025045394897,
      2.6272010803222656,
      0.2722926139831543,
      2.513336181640625,
      0.8297600746154785,
      3.5687758922576904,
      2.774092435836792
    ],
    [
      4.936861038208008,
      5.352113723754883,
      3.227877616882324,
      7.26891565322876,
      3.6452529430389404,
      14.472664833068848,
      5.306704044342041,
      8.713293075561523,
      4.824586391448975,
      9.765264511108398,
      4.551807880401611,
      9.38830852508545,
      4.248777389526367,
      7.4239630699157715,
      4.008232593536377,
      5.181295394897461,
      6.347587585449219,
      9.398621559143066
    ],
    [
      5.270258903503418,
      4.338225364685059,
      2.103114604949951,
      3.594292163848877,
      6.7102370262146,
      5.306704044342041,
      18.525197982788086,
      7.535873889923096,
      6.079143047332764,
      6.973609447479248,
      6.282733917236328,
      7.735076427459717,
      5.420780181884766,
      6.827980995178223,
      4.220002174377441,
      5.414466857910156,
      6.2617106437683105,
      8.557302474975586
    ],
    [
      6.744929313659668,
      3.7717700004577637,
      3.290994167327881,
      4.953764915466309,
      0.2835673391819,
      8.713293075561523,
      7.535873889923096,
      14.851987838745117,
      4.367557048797607,
      11.91942310333252,
      5.487089157104492,
      13.454909324645996,
      6.3421311378479,
      12.553875923156738,
      5.065975666046143,
      8.80215072631836,
      6.856442928314209,
      12.169986724853516
    ],
    [
      3.0541441440582275,
      4.856420993804932,
      3.049409866333008,
      3.4783692359924316,
      3.9754531383514404,
      4.824586391448975,
      6.079143047332764,
      4.367557048797607,
      13.822169303894043,
      8.250373840332031,
      9.652409553527832,
      7.764007091522217,
      5.8600873947143555,
      7.123107433319092,
      4.182308197021484,
      5.361983776092529,
      5.984588146209717,
      7.903232574462891
    ],
    [
      5.370943546295166,
      5.620760440826416,
      4.2719011306762695,
      3.81864333152771,
      1.7613108158111572,
      9.765264511108398,
      6.973609447479248,
      11.91942310333252,
      8.250373840332031,
      17.19806671142578,
      7.9863667488098145,
      17.600605010986328,
      7.42466402053833,
      15.778387069702148,
      5.015897274017334,
      10.986441612243652,
      8.245355606079102,
      15.300443649291992
    ],
    [
      5.90248441696167,
      4.994214057922363,
      4.182554244995117,
      3.508068799972534,
      3.543856382369995,
      4.551807880401611,
      6.282733917236328,
      5.487089157104492,
      9.652409553527832,
      7.9863667488098145,
      12.151481628417969,
      10.706080436706543,
      8.06309700012207,
      10.501763343811035,
      6.501330375671387,
      7.880817413330078,
      7.979841232299805,
      11.009310722351074
    ],
    [
      5.975647449493408,
      5.8013224601745605,
      4.292989253997803,
      2.1327009201049805,
      0.9138025045394897,
      9.38830852508545,
      7.735076427459717,
      13.454909324645996,
      7.764007091522217,
      17.600605010986328,
      10.706080436706543,
      24.915912628173828,
      10.447514533996582,
      23.356447219848633,
      7.596010208129883,
      16.802705764770508,
      11.231823921203613,
      21.30472755432129
    ],
    [
      7.9242048263549805,
      6.05381441116333,
      5.652223587036133,
      3.628023147583008,
      2.6272010803222656,
      4.248777389526367,
      5.420780181884766,
      6.3421311378479,
      5.8600873947143555,
      7.42466402053833,
      8.06309700012207,
      10.447514533996582,
      12.33006763458252,
      13.113543510437012,
      11.004141807556152,
      11.114636421203613,
      11.037639617919922,
      14.119742393493652
    ],
    [
      6.459101676940918,
      5.620326042175293,
      3.983070135116577,
      1.3896498680114746,
      0.2722926139831543,
      7.4239630699157715,
      6.827980995178223,
      12.553875923156738,
      7.123107433319092,
      15.778387069702148,
      10.501763343811035,
      23.356447219848633,
      13.113543510437012,
      28.144041061401367,
      10.592785835266113,
      21.91671371459961,
      13.853568077087402,
      25.29632568359375
    ],
    [
      6.826482772827148,
      5.820639610290527,
      4.623941898345947,
      4.209568500518799,
      2.513336181640625,
      4.008232593536377,
      4.220002174377441,
      5.065975666046143,
      4.182308197021484,
      5.015897274017334,
      6.501330375671387,
      7.596010208129883,
      11.004141807556152,
      10.592785835266113,
      13.389991760253906,
      10.837021827697754,
      12.590603828430176,
      13.450024604797363
    ],
    [
      4.102596282958984,
      4.251091480255127,
      2.3308706283569336,
      0.3810713291168213,
      0.8297600746154785,
      5.181295394897461,
      5.414466857910156,
      8.80215072631836,
      5.361983776092529,
      10.986441612243652,
      7.880817413330078,
      16.802705764770508,
      11.114636421203613,
      21.91671371459961,
      10.837021827697754,
      20.72361946105957,
      13.393412590026855,
      22.594989776611328
    ],
    [
      7.956852912902832,
      6.5392351150512695,
      4.2130537033081055,
      4.768642902374268,
      3.5687758922576904,
      6.347587585449219,
      6.2617106437683105,
      6.856442928314209,
      5.984588146209717,
      8.245355606079102,
      7.979841232299805,
      11.231823921203613,
      11.037639617919922,
      13.853568077087402,
      12.590603828430176,
      13.393412590026855,
      17.260940551757812,
      19.868209838867188
    ],
    [
      8.889921188354492,
      7.354672908782959,
      4.442668914794922,
      4.170040130615234,
      2.774092435836792,
      9.398621559143066,
      8.557302474975586,
      12.169986724853516,
      7.903232574462891,
      15.300443649291992,
      11.009310722351074,
      21.30472755432129,
      14.119742393493652,
      25.29632568359375,
      13.450024604797363,
      22.594989776611328,
      19.868209838867188,
      31.94817352294922
    ]
  ],
  "covariance_short": [
    [
      53.02227020263672,
      7.376112937927246,
      10.368712425231934,
      9.70971393585205,
      4.2252607345581055,
      6.594515323638916,
      7.212871551513672,
      8.705887794494629,
      6.078546524047852,
      7.064351558685303,
      7.95697546005249,
      7.14032506942749,
      7.794886589050293,
      7.013189792633057,
      7.430428504943848,
      4.800540447235107,
      7.599441051483154,
      7.822055816650391
    ],
    [
      7.376112937927246,
      62.732200622558594,
      8.457629203796387,
      18.47154998779297,
      6.6456780433654785,
      8.217243194580078,
      4.801271915435791,
      5.15106725692749,
      5.5685224533081055,
      7.161600589752197,
      6.273201942443848,
      7.497152328491211,
      7.882098197937012,
      7.014733791351318,
      8.61238956451416,
      5.935300350189209,
      8.179216384887695,
      7.986696243286133
    ],
    [
      10.368712425231934,
      8.457629203796387,
      26.66313362121582,
      11.448508262634277,
      9.574344635009766,
      6.915469169616699,
      6.212915897369385,
      7.008538722991943,
      8.570582389831543,
      8.532492637634277,
      9.930585861206055,
      8.772539138793945,
      12.370223045349121,
      9.12814712524414,
      12.262764930725098,
      8.755487442016602,
      11.982868194580078,
      11.135200500488281
    ],
    [
      9.70971393585205,
      18.47154998779297,
      11.448508262634277,
      33.44916534423828,
      7.811816215515137,
      14.084633827209473,
      7.393219470977783,
      10.245253562927246,
      7.303703308105469,
      10.099416732788086,
      7.373188018798828,
      8.129717826843262,
      7.807412147521973,
      6.556933403015137,
      7.324563503265381,
      4.272388458251953,
      8.20991325378418,
      7.370655059814453
    ],
    [
      4.2252607345581055,
      6.6456780433654785,
      9.574344635009766,
      7.811816215515137,
      26.974027633666992,
      8.910811424255371,
      14.007942199707031,
      4.679131507873535,
      12.418842315673828,
      6.8443827629089355,
      12.129593849182129,
      6.40431547164917,
      9.921541213989258,
      5.770272254943848,
      8.927433967590332,
      6.632808685302734,
      9.80172061920166,
      8.45110034942627
    ],
    [
      6.594515323638916,
      8.217243194580078,
      6.915469169616699,
      14.084633827209473,
      8.910811424255371,
      23.75535774230957,
      9.306619644165039,
      12.956986427307129,
      9.177268981933594,
      14.413347244262695,
      8.430981636047363,
      13.868141174316406,
      7.862133502960205,
      11.954819679260254,
      7.255012035369873,
      9.404109954833984,
      9.78090763092041,
      12.97036075592041
    ],
    [
      7.212871551513672,
      4.801271915435791,
      6.212915897369385,
      7.393219470977783,
      14.007942199707031,
      9.306619644165039,
      32.56101608276367,
      13.692442893981934,
      15.500083923339844,
      13.20401382446289,
      15.000897407531738,
      13.836189270019531,
      13.890387535095215,
      13.615846633911133,
      11.539928436279297,
      12.680208206176758,
      12.667757034301758,
      15.083003997802734
    ],
    [
      8.705887794494629,
      5.15106725692749,
      7.008538722991943,
      10.245253562927246,
      4.679131507873535,
      12.956986427307129,
      13.692442893981934,
      25.96103858947754,
      10.512903213500977,
      19.258617401123047,
      10.511106491088867,
      19.8950138092041,
      11.66087532043457,
      19.69186019897461,
      9.897500991821289,
      15.769871711730957,
      11.696099281311035,
      18.47083282470703
    ],
    [
      6.078546524047852,
      5.5685224533081055,
      8.570582389831543,
      7.303703308105469,
      12.418842315673828,
      9.177268981933594,
      15.500083923339844,
      10.512903213500977,
      30.529109954833984,
      16.696046829223633,
      22.175893783569336,
      16.050886154174805,
      17.080101013183594,
      16.041170120239258,
      14.1128568649292,
      14.059386253356934,
      14.790190696716309,
      16.322938919067383
    ],
    [
      7.064351558685303,
      7.161600589752197,
      8.532492637634277,
      10.099416732788086,
      6.8443827629089355,
      14.413347244262695,
      13.20401382446289,
      19.258617401123047,
      16.696046829223633,
      29.12886619567871,
      14.835088729858398,
      26.54068374633789,
      14.488707542419434,
      25.575979232788086,
      11.612278938293457,
      20.037925720214844,
      14.513660430908203,
      23.52859878540039
    ],
    [
      7.95697546005249,
      6.273201942443848,
      9.930585861206055,
      7.373188018798828,
      12.129593849182129,
      8.430981636047363,
      15.000897407531738,
      10.511106491088867,
      22.175893783569336,
      14.835088729858398,
      27.510297775268555,
      18.98344612121582,
      20.775915145874023,
      20.05022430419922,
      18.242399215698242,
      17.95600128173828,
      17.8050594329834,
      20.205297470092773
    ],
    [
      7.14032506942749,
      7.497152328491211,
      8.772539138793945,
      8.129717826843262,
      6.40431547164917,
      13.868141174316406,
      13.836189270019531,
      19.8950138092041,
      16.050886154174805,
      26.54068374633789,
      18.98344612121582,
      37.84645080566406,
      19.348299026489258,
      35.80916213989258,
      16.868345260620117,
      29.291950225830078,
      19.477394104003906,
      32.23212814331055
    ],
    [
      7.794886589050293,
      7.882098197937012,
      12.370223045349121,
      7.807412147521973,
      9.921541213989258,
      7.862133502960205,
      13.890387535095215,
      11.66087532043457,
      17.080101013183594,
      14.488707542419434,
      20.775915145874023,
      19.348299026489258,
      32.964630126953125,
      27.246492385864258,
      32.11282730102539,
      28.329753875732422,
      28.8303279876709,
      29.99151611328125
    ],
    [
      7.013189792633057,
      7.014733791351318,
      9.12814712524414,
      6.556933403015137,
      5.770272254943848,
      11.954819679260254,
      13.615846633911133,
      19.69186019897461,
      16.041170120239258,
      25.575979232788086,
      20.05022430419922,
      35.80916213989258,
      27.246492385864258,
      47.50156021118164,
      25.71556854248047,
      41.52361297607422,
      27.70121192932129,
      43.49874496459961
    ],
    [
      7.430428504943848,
      8.61238956451416,
      12.262764930725098,
      7.324563503265381,
      8.927433967590332,
      7.255012035369873,
      11.539928436279297,
      9.897500991821289,
      14.1128568649292,
      11.612278938293457,
      18.242399215698242,
      16.868345260620117,
      32.11282730102539,
      25.71556854248047,
      44.70072555541992,
      32.990962982177734,
      36.64012145996094,
      33.026161193847656
    ],
    [
      4.800540447235107,
      5.935300350189209,
      8.755487442016602,
      4.272388458251953,
      6.632808685302734,
      9.404109954833984,
      12.680208206176758,
      15.769871711730957,
      14.059386253356934,
      20.037925720214844,
      17.95600128173828,
      29.291950225830078,
      28.329753875732422,
      41.52361297607422,
      32.990962982177734,
      46.87178421020508,
      32.528961181640625,
      46.167110443115234
    ],
    [
      7.599441051483154,
      8.179216384887695,
      11.982868194580078,
      8.20991325378418,
      9.80172061920166,
      9.78090763092041,
      12.667757034301758,
      11.696099281311035,
      14.790190696716309,
      14.513660430908203,
      17.8050594329834,
      19.477394104003906,
      28.8303279876709,
      27.70121192932129,
      36.64012145996094,
      32.528961181640625,
      42.11182403564453,
      39.31129455566406
    ],
    [
      7.822055816650391,
      7.986696243286133,
      11.135200500488281,
      7.370655059814453,
      8.45110034942627,
      12.97036075592041,
      15.083003997802734,
      18.47083282470703,
      16.322938919067383,
      23.52859878540039,
      20.205297470092773,
      32.23212814331055,
      29.99151611328125,
      43.49874496459961,
      33.026161193847656,
      46.167110443115234,
      39.31129455566406,
      56.064552307128906
    ]
  ],
  "drr": 14.446643829345703,
  "dynamics": 2.4313113689422607,
  "format": 1245190,
  "frames": 12781568,
  "loudness": -8.319503784179688,
  "loudness_range": 5.527451515197754,
  "loudness_range_short": 8.623788833618164,
  "peak": 0.337226927280426,
  "rms": -10.728199005126953,
  "sample_rate": 44100,
  "sections": 1,
  "seekable": 1,
  "sharpness": 2.763645648956299,
  "space": -9.636406898498535
}