{
  "bands": [
    {
      "high_freq": 148.1999969482422,
      "loudness": -21.096372604370117,
      "loudness_range": 5.324199676513672,
      "mid_mean": -17.534347534179688,
      "mid_to_side_loudness": -17.98077392578125,
      "mid_to_side_loudness_range": 13.580574035644531,
      "side_mean": -35.31305694580078
    },
    {
      "high_freq": 392.3793640136719,
      "loudness": -19.587629318237305,
      "loudness_range": 4.337072372436523,
      "low_freq": 148.1999969482422,
      "mid_mean": -16.494688034057617,
      "mid_to_side_loudness": -8.83549690246582,
      "mid_to_side_loudness_range": 6.931599140167236,
      "side_mean": -25.24310302734375
    },
    {
      "high_freq": 794.6976318359375,
      "loudness": -20.811967849731445,
      "loudness_range": 8.394147872924805,
      "low_freq": 392.3793640136719,
      "mid_mean": -18.16097068786621,
      "mid_to_side_loudness": -6.413616180419922,
      "mid_to_side_loudness_range": 6.957396507263184,
      "side_mean": -24.07906723022461
    },
    {
      "high_freq": 1457.5709228515625,
      "loudness": -19.32926368713379,
      "loudness_range": 9.514317512512207,
      "low_freq": 794.6976318359375,
      "mid_mean": -16.853479385375977,
      "mid_to_side_loudness": -5.907577037811279,
      "mid_to_side_loudness_range": 9.398409843444824,
      "side_mean": -22.421798706054688
    },
    {
      "high_freq": 2549.74365234375,
      "loudness": -22.478946685791016,
      "loudness_range": 8.59322738647461,
      "low_freq": 1457.5709228515625,
      "mid_mean": -20.19186019897461,
      "mid_to_side_loudness": -4.785170555114746,
      "mid_to_side_loudness_range": 8.47803020477295,
      "side_mean": -24.966136932373047
    },
    {
      "high_freq": 4349.24462890625,
      "loudness": -24.571605682373047,
      "loudness_range": 9.316635131835938,
      "low_freq": 2549.74365234375,
      "mid_mean": -22.070011138916016,
      "mid_to_side_loudness": -5.74125337600708,
      "mid_to_side_loudness_range": 8.63509750366211,
      "side_mean": -27.820011138916016
    },
    {
      "high_freq": 7314.1640625,
      "loudness": -29.15324592590332,
      "loudness_range": 11.839500427246094,
      "low_freq": 4349.24462890625,
      "mid_mean": -26.844236373901367,
      "mid_to_side_loudness": -4.7305684089660645,
      "mid_to_side_loudness_range": 7.609111785888672,
      "side_mean": -31.62989616394043
    },
    {
      "high_freq": 12199.2666015625,
      "loudness": -34.91846466064453,
      "loudness_range": 12.954620361328125,
      "low_freq": 7314.1640625,
      "mid_mean": -32.699928283691406,
      "mid_to_side_loudness": -4.259665012359619,
      "mid_to_side_loudness_range": 5.915035247802734,
      "side_mean": -37.06187057495117
    },
    {
      "loudness": -39.19514465332031,
      "loudness_range": 11.122749328613281,
      "low_freq": 12199.2666015625,
      "mid_mean": -36.42970657348633,
      "mid_to_side_loudness": -6.44510555267334,
      "mid_to_side_loudness_range": 6.55958890914917,
      "side_mean": -43.010833740234375
    }
  ],
  "bands_short": [
    {
      "high_freq": 148.1999969482422,
      "loudness": -23.791383743286133,
      "loudness_range": 10.788078308105469,
      "mid_mean": -20.188753128051758,
      "mid_to_side_loudness": -20.679332733154297,
      "mid_to_side_loudness_range": 16.401390075683594,
      "side_mean": -40.696372985839844
    },
    {
      "high_freq": 392.3793640136719,
      "loudness": -19.23670768737793,
      "loudness_range": 6.890010833740234,
      "low_freq": 148.1999969482422,
      "mid_mean": -16.13250160217285,
      "mid_to_side_loudness": -9.619478225708008,
      "mid_to_side_loudness_range": 10.298026084899902,
      "side_mean": -25.648910522460938
    },
    {
      "high_freq": 794.6976318359375,
      "loudness": -21.054466247558594,
      "loudness_range": 9.708483695983887,
      "low_freq": 392.3793640136719,
      "mid_mean": -18.60956382751465,
      "mid_to_side_loudness": -5.855709552764893,
      "mid_to_side_loudness_range": 10.301383972167969,
      "side_mean": -24.249300003051758
    },
    {
      "high_freq": 1457.5709228515625,
      "loudness": -19.6044864654541,
      "loudness_range": 10.654934883117676,
      "low_freq": 794.6976318359375,
      "mid_mean": -17.252655029296875,
      "mid_to_side_loudness": -5.991909980773926,
      "mid_to_side_loudness_range": 12.448654174804688,
      "side_mean": -22.901710510253906
    },
    {
      "high_freq": 2549.74365234375,
      "loudness": -22.992691040039062,
      "loudness_range": 10.711137771606445,
      "low_freq": 1457.5709228515625,
      "mid_mean": -20.83753776550293,
      "mid_to_side_loudness": -4.646905899047852,
      "mid_to_side_loudness_range": 10.571455001831055,
      "side_mean": -25.468931198120117
    },
    {
      "high_freq": 4349.24462890625,
      "loudness": -24.97958755493164,
      "loudness_range": 11.42691421508789,
      "low_freq": 2549.74365234375,
      "mid_mean": -22.59872817993164,
      "mid_to_side_loudness": -5.6341471672058105,
      "mid_to_side_loudness_range": 10.434158325195312,
      "side_mean": -28.235258102416992
    },
    {
      "high_freq": 7314.1640625,
      "loudness": -30.30337905883789,
      "loudness_range": 15.126792907714844,
      "low_freq": 4349.24462890625,
      "mid_mean": -28.036540985107422,
      "mid_to_side_loudness": -4.841859817504883,
      "mid_to_side_loudness_range": 8.516472816467285,
      "side_mean": -32.964744567871094
    },
    {
      "high_freq": 12199.2666015625,
      "loudness": -37.86701202392578,
      "loudness_range": 20.437824249267578,
      "low_freq": 7314.1640625,
      "mid_mean": -35.48899459838867,
      "mid_to_side_loudness": -5.445255756378174,
      "mid_to_side_loudness_range": 9.927799224853516,
      "side_mean": -41.1571044921875
    },
    {
      "loudness": -45.11855697631836,
      "loudness_range": 26.771663665771484,
      "low_freq": 12199.2666015625,
      "mid_mean": -42.4819450378418,
      "mid_to_side_loudness": -7.092654228210449,
      "mid_to_side_loudness_range": 11.767571449279785,
      "side_mean": -50.652183532714844
    }
  ],
  "channels": 2,
  "covariance": [
    [
      7.0962114334106445,
      2.469154119491577,
      2.6233561038970947,
      1.642372488975525,
      1.4990497827529907,
      0.11634255200624466,
      0.7691859602928162,
      -0.4515281319618225,
      0.9922675490379333,
      -0.7299272418022156,
      0.646632969379425,
      -0.8698890209197998,
      -0.5008330941200256,
      -1.3209807872772217,
      -1.1999787092208862,
      -0.9512119889259338,
      -0.6807116270065308,
      -0.590273916721344
    ],
    [
      2.469154119491577,
      18.631072998046875,
      3.0143582820892334,
      4.469925403594971,
      4.177037715911865,
      2.440134048461914,
      0.5448141098022461,
      -0.44439902901649475,
      2.2773921489715576,
      3.2797234058380127,
      4.017620086669922,
      5.546402454376221,
      4.360962867736816,
      6.719328880310059,
      2.7195892333984375,
      4.507318019866943,
      -2.4472496509552,
      -0.9945628046989441
    ],
    [
      2.6233561038970947,
      3.0143582820892334,
      5.027951717376709,
      2.0308589935302734,
      3.509422779083252,
      1.1942164897918701,
      0.247515469789505,
      -0.05358687415719032,
      1.5765877962112427,
      0.7327275276184082,
      1.5081467628479004,
      0.5489188432693481,
      1.9908303022384644,
      1.3381680250167847,
      1.0093741416931152,
      1.0358096361160278,
      0.3917359411716461,
      0.33690145611763
    ],
    [
      1.642372488975525,
      4.469925403594971,
      2.0308589935302734,
      5.735422134399414,
      1.8076887130737305,
      0.7182459831237793,
      0.27521854639053345,
      -0.06016697362065315,
      1.569763422012329,
      0.7450096011161804,
      2.028996706008911,
      1.6781936883926392,
      2.6511430740356445,
      2.476273536682129,
      0.6022429466247559,
      1.794119119644165,
      -0.5896449089050293,
      0.38472241163253784
    ],
    [
      1.4990497827529907,
      4.177037715911865,
      3.509422779083252,
      1.8076887130737305,
      12.044328689575195,
      5.538157939910889,
      3.7068169116973877,
      2.5559189319610596,
      3.6962785720825195,
      3.357846260070801,
      3.939397096633911,
      1.3848880529403687,
      2.0963516235351562,
      2.087620735168457,
      2.3259949684143066,
      1.1820485591888428,
      1.6772741079330444,
      0.5928547382354736
    ],
    [
      0.11634255200624466,
      2.440134048461914,
      1.1942164897918701,
      0.7182459831237793,
      5.538157939910889,
      7.6277642250061035,
      3.099395513534546,
      4.048740863800049,
      3.5727055072784424,
      4.564727783203125,
      4.552762985229492,
      3.0449328422546387,
      2.8144664764404297,
      2.2982521057128906,
      2.0068933963775635,
      1.193718433380127,
      1.8512235879898071,
      1.2378535270690918
    ],
    [
      0.7691859602928162,
      0.5448141098022461,
      0.247515469789505,
      0.27521854639053345,
      3.7068169116973877,
      3.099395513534546,
      13.897960662841797,
      6.851938724517822,
      2.977147340774536,
      3.380289077758789,
      4.98992395401001,
      3.48866868019104,
      1.467547059059143,
      1.5560470819473267,
      1.1065068244934082,
      1.0830037593841553,
      2.3305230140686035,
      2.074683427810669
    ],
    [
      -0.4515281319618225,
      -0.44439902901649475,
      -0.05358687415719032,
      -0.06016697362065315,
      2.5559189319610596,
      4.048740863800049,
      6.851938724517822,
      11.27697467803955,
      3.8355355262756348,
      6.036410808563232,
      4.86536169052124,
      4.810880184173584,
      3.2254223823547363,
      2.8405919075012207,
      1.9204308986663818,
      1.5785404443740845,
      3.26535701751709,
      3.0704009532928467
    ],
    [
      0.9922675490379333,
      2.2773921489715576,
      1.5765877962112427,
      1.569763422012329,
      3.6962785720825195,
      3.5727055072784424,
      2.977147340774536,
      3.8355355262756348,
      13.10329532623291,
      7.403355598449707,
      10.039485931396484,
      5.057946681976318,
      5.035209655761719,
      3.111603021621704,
      2.2389447689056396,
      1.6099681854248047,
      1.2998623847961426,
      1.5400763750076294
    ],
    [
      -0.7299272418022156,
      3.2797234058380127,
      0.7327275276184082,
      0.7450096011161804,
      3.357846260070801,
      4.564727783203125,
      3.380289077758789,
      6.036410808563232,
      7.403355598449707,
      10.601096153259277,
      7.294854640960693,
      8.047700881958008,
      4.61332893371582,
      6.232632160186768,
      3.861628532409668,
      3.80234432220459,
      2.777708053588867,
      3.099609613418579
    ],
    [
      0.646632969379425,
      4.017620086669922,
      1.5081467628479004,
      2.028996706008911,
      3.939397096633911,
      4.552762985229492,
      4.98992395401001,
      4.86536169052124,
      10.039485931396484,
      7.294854640960693,
      14.673888206481934,
      7.981701850891113,
      8.701337814331055,
      6.462887287139893,
      5.253520488739014,
      4.548144340515137,
      2.440089464187622,
      2.84503436088562
    ],
    [
      -0.8698890209197998,
      5.546402454376221,
      0.5489188432693481,
      1.6781936883926392,
      1.3848880529403687,
      3.0449328422546387,
      3.48866868019104,
      4.810880184173584,
      5.057946681976318,
      8.047700881958008,
      7.981701850891113,
      11.793474197387695,
      7.669682025909424,
      10.9894380569458,
      6.349830150604248,
      8.258792877197266,
      2.926020622253418,
      4.832674026489258
    ],
    [
      -0.5008330941200256,
      4.360962867736816,
      1.9908303022384644,
      2.6511430740356445,
      2.0963516235351562,
      2.8144664764404297,
      1.467547059059143,
      3.2254223823547363,
      5.035209655761719,
      4.61332893371582,
      8.701337814331055,
      7.669682025909424,
      15.113341331481934,
      12.70830249786377,
      11.206131935119629,
      11.199566841125488,
      5.368862152099609,
      6.6997904777526855
    ],
    [
      -1.3209807872772217,
      6.719328880310059,
      1.3381680250167847,
      2.476273536682129,
      2.087620735168457,
      2.2982521057128906,
      1.5560470819473267,
      2.8405919075012207,
      3.111603021621704,
      6.232632160186768,
      6.462887287139893,
      10.9894380569458,
      12.70830249786377,
      18.603471755981445,
      11.881739616394043,
      16.4515380859375,
      5.5177154541015625,
      9.786346435546875
    ],
    [
      -1.1999787092208862,
      2.7195892333984375,
      1.0093741416931152,
      0.6022429466247559,
      2.3259949684143066,
      2.0068933963775635,
      1.1065068244934082,
      1.9204308986663818,
      2.2389447689056396,
      3.861628532409668,
      5.253520488739014,
      6.349830150604248,
      11.206131935119629,
      11.881739616394043,
      16.407718658447266,
      12.931565284729004,
      10.705061912536621,
      10.535072326660156
    ],
    [
      -0.9512119889259338,
      4.507318019866943,
      1.0358096361160278,
      1.794119119644165,
      1.1820485591888428,
      1.193718433380127,
      1.0830037593841553,
      1.5785404443740845,
      1.6099681854248047,
      3.80234432220459,
      4.548144340515137,
      8.258792877197266,
      11.199566841125488,
      16.4515380859375,
      12.931565284729004,
      17.813791275024414,
      7.898746013641357,
      12.602745056152344
    ],
    [
      -0.6807116270065308,
      -2.4472496509552,
      0.3917359411716461,
      -0.5896449089050293,
      1.6772741079330444,
      1.8512235879898071,
      2.3305230140686035,
      3.26535701751709,
      1.2998623847961426,
      2.777708053588867,
      2.440089464187622,
      2.926020622253418,
      5.368862152099609,
      5.5177154541015625,
      10.705061912536621,
      7.898746013641357,
      16.546842575073242,
      14.377847671508789
    ],
    [
      -0.590273916721344,
      -0.9945628046989441,
      0.33690145611763,
      0.38472241163253784,
      0.5928547382354736,
      1.2378535270690918,
      2.074683427810669,
      3.0704009532928467,
      1.5400763750076294,
      3.099609613418579,
      2.84503436088562,
      4.832674026489258,
      6.6997904777526855,
      9.786346435546875,
      10.535072326660156,
      12.602745056152344,
      14.377847671508789,
      17.686691284179688
    ]
  ],
  "covariance_short": [
    [
      16.220094680786133,
      5.878323554992676,
      4.718023300170898,
      1.6307485103607178,
      1.14418625831604,
      0.3328820765018463,
      0.7466362714767456,
      -0.6695655584335327,
      1.0565690994262695,
      -1.0721420049667358,
      0.8534760475158691,
      -0.5529521703720093,
      1.0681071281433105,
      0.3432043194770813,
      0.6273887753486633,
      1.6682205200195312,
      1.7577064037322998,
      7.434536457061768
    ],
    [
      5.878323554992676,
      26.393402099609375,
      4.267311096191406,
      6.2194929122924805,
      3.6141164302825928,
      2.365675210952759,
      2.1264801025390625,
      0.1921740025281906,
      1.7565431594848633,
      0.9750315546989441,
      3.835531234741211,
      3.7469723224639893,
      4.950544834136963,
      5.760182857513428,
      3.9204516410827637,
      6.643924236297607,
      4.168340682983398,
      9.6148099899292
    ],
    [
      4.718023300170898,
      4.267311096191406,
      9.35587215423584,
      3.2516536712646484,
      4.000515460968018,
      2.1453304290771484,
      1.187695026397705,
      0.8517955541610718,
      2.5430872440338135,
      1.3287923336029053,
      2.7656335830688477,
      1.2549867630004883,
      3.5777790546417236,
      2.6705663204193115,
      2.904324531555176,
      3.8090686798095703,
      3.4656832218170166,
      8.243949890136719
    ],
    [
      1.6307485103607178,
      6.2194929122924805,
      3.2516536712646484,
      10.408164024353027,
      3.1101136207580566,
      2.7442591190338135,
      0.5595387816429138,
      0.8273452520370483,
      2.4948103427886963,
      1.8108477592468262,
      3.586132526397705,
      3.051898241043091,
      4.880773067474365,
      4.6011643409729,
      2.847231864929199,
      4.651882171630859,
      2.7554736137390137,
      6.435841083526611
    ],
    [
      1.14418625831604,
      3.6141164302825928,
      4.000515460968018,
      3.1101136207580566,
      16.09938621520996,
      5.979554653167725,
      4.772119522094727,
      3.4369332790374756,
      5.379858493804932,
      4.614047050476074,
      6.262411117553711,
      2.9268181324005127,
      4.450373649597168,
      4.885523796081543,
      7.597531318664551,
      6.88542366027832,
      10.289958000183105,
      11.54208755493164
    ],
    [
      0.3328820765018463,
      2.365675210952759,
      2.1453304290771484,
      2.7442591190338135,
      5.979554653167725,
      9.197882652282715,
      2.558567762374878,
      3.0054426193237305,
      2.8497679233551025,
      3.91194748878479,
      3.751694917678833,
      3.2653627395629883,
      3.1004586219787598,
      3.2572336196899414,
      3.846541404724121,
      3.1026008129119873,
      5.0559282302856445,
      6.107043743133545
    ],
    [
      0.7466362714767456,
      2.1264801025390625,
      1.187695026397705,
      0.5595387816429138,
      4.772119522094727,
      2.558567762374878,
      19.15636444091797,
      8.643857955932617,
      5.1406683921813965,
      4.800922870635986,
      7.836982250213623,
      4.964223384857178,
      4.270796775817871,
      4.0323262214660645,
      5.0690531730651855,
      4.3701491355896,
      8.647639274597168,
      9.226215362548828
    ],
    [
      -0.6695655584335327,
      0.1921740025281906,
      0.8517955541610718,
      0.8273452520370483,
      3.4369332790374756,
      3.0054426193237305,
      8.643857955932617,
      17.34939193725586,
      5.660299301147461,
      8.251340866088867,
      6.849269866943359,
      7.257887840270996,
      6.505187034606934,
      6.854334354400635,
      6.372256278991699,
      6.611680030822754,
      9.26501750946045,
      10.022850036621094
    ],
    [
      1.0565690994262695,
      1.7565431594848633,
      2.5430872440338135,
      2.4948103427886963,
      5.379858493804932,
      2.8497679233551025,
      5.1406683921813965,
      5.660299301147461,
      18.81508445739746,
      9.733936309814453,
      13.996979713439941,
      7.492809772491455,
      9.519246101379395,
      7.260990142822266,
      8.800795555114746,
      7.822447776794434,
      10.175827980041504,
      11.893521308898926
    ],
    [
      -1.0721420049667358,
      0.9750315546989441,
      1.3287923336029053,
      1.8108477592468262,
      4.614047050476074,
      3.91194748878479,
      4.800922870635986,
      8.251340866088867,
      9.733936309814453,
      14.921138763427734,
      9.660511016845703,
      10.861551284790039,
      8.360143661499023,
      10.630782127380371,
      9.6038236618042,
      10.24807357788086,
      11.103501319885254,
      12.819336891174316
    ],
    [
      0.8534760475158691,
      3.835531234741211,
      2.7656335830688477,
      3.586132526397705,
      6.262411117553711,
      3.751694917678833,
      7.836982250213623,
      6.849269866943359,
      13.996979713439941,
      9.660511016845703,
      21.3557186126709,
      11.630433082580566,
      15.337315559387207,
      12.341899871826172,
      14.629776954650879,
      13.657403945922852,
      15.77904987335205,
      17.193235397338867
    ],
    [
      -0.5529521703720093,
      3.7469723224639893,
      1.2549867630004883,
      3.051898241043091,
      2.9268181324005127,
      3.2653627395629883,
      4.964223384857178,
      7.257887840270996,
      7.492809772491455,
      10.861551284790039,
      11.630433082580566,
      17.22871971130371,
      13.103250503540039,
      17.829753875732422,
      13.98892879486084,
      18.52389144897461,
      14.40802001953125,
      19.13394546508789
    ],
    [
      1.0681071281433105,
      4.950544834136963,
      3.5777790546417236,
      4.880773067474365,
      4.450373649597168,
      3.1004586219787598,
      4.270796775817871,
      6.505187034606934,
      9.519246101379395,
      8.360143661499023,
      15.337315559387207,
      13.103250503540039,
      27.956832885742188,
      23.876205444335938,
      27.633874893188477,
      31.64954376220703,
      28.83131217956543,
      34.61731719970703
    ],
    [
      0.3432043194770813,
      5.760182857513428,
      2.6705663204193115,
      4.6011643409729,
      4.885523796081543,
      3.2572336196899414,
      4.0323262214660645,
      6.854334354400635,
      7.260990142822266,
      10.630782127380371,
      12.341899871826172,
      17.829753875732422,
      23.876205444335938,
      33.12119674682617,
      28.950016021728516,
      41.301483154296875,
      31.09451675415039,
      42.01249313354492
    ],
    [
      0.6273887753486633,
      3.9204516410827637,
      2.904324531555176,
      2.847231864929199,
      7.597531318664551,
      3.846541404724121,
      5.0690531730651855,
      6.372256278991699,
      8.800795555114746,
      9.6038236618042,
      14.629776954650879,
      13.98892879486084,
      27.633874893188477,
      28.950016021728516,
      48.12211227416992,
      48.713375091552734,
      52.99885559082031,
      55.187904357910156
    ],
    [
      1.6682205200195312,
      6.643924236297607,
      3.8090686798095703,
      4.651882171630859,
      6.88542366027832,
      3.1026008129119873,
      4.3701491355896,
      6.611680030822754,
      7.822447776794434,
      10.24807357788086,
      13.657403945922852,
      18.52389144897461,
      31.64954376220703,
      41.301483154296875,
      48.713375091552734,
      66.89334106445312,
      55.881675720214844,
      71.25122833251953
    ],
    [
      1.7577064037322998,
      4.168340682983398,
      3.4656832218170166,
      2.7554736137390137,
      10.289958000183105,
      5.0559282302856445,
      8.647639274597168,
      9.26501750946045,
      10.175827980041504,
      11.103501319885254,
      15.77904987335205,
      14.40802001953125,
      28.83131217956543,
      31.09451675415039,
      52.99885559082031,
      55.881675720214844,
      81.20389556884766,
      76.92694854736328
    ],
    [
      7.434536457061768,
      9.6148099899292,
      8.243949890136719,
      6.435841083526611,
      11.54208755493164,
      6.107043743133545,
      9.226215362548828,
      10.022850036621094,
      11.893521308898926,
      12.819336891174316,
      17.193235397338867,
      19.13394546508789,
      34.61731719970703,
      42.01249313354492,
      55.187904357910156,
      71.25122833251953,
      76.92694854736328,
      102.45378875732422
    ]
  ],
  "drr": 14.528297424316406,
  "dynamics": 1.6944693326950073,
  "format": 1245190,
  "frames": 13099008,
  "loudness": -9.301689147949219,
  "loudness_range": 3.946382522583008,
  "loudness_range_short": 5.48795223236084,
  "peak": -0.1778157651424408,
  "rms": -12.01093864440918,
  "sample_rate": 44100,
  "sections": 1,
  "seekable": 1,
  "sharpness": 1.504930019378662,
  "space": -7.226126194000244
}