{
  "bands": [
    {
      "high_freq": 148.1999969482422,
      "loudness": -26.345897674560547,
      "loudness_range": 20.39472198486328,
      "mid_mean": -23.821561813354492,
      "mid_to_side_loudness": -8.43638801574707,
      "mid_to_side_loudness_range": 16.55669403076172,
      "side_mean": -31.812808990478516
    },
    {
      "high_freq": 392.3793640136719,
      "loudness": -20.92090606689453,
      "loudness_range": 8.185943603515625,
      "low_freq": 148.1999969482422,
      "mid_mean": -17.87761878967285,
      "mid_to_side_loudness": -8.860666275024414,
      "mid_to_side_loudness_range": 12.384283065795898,
      "side_mean": -26.915725708007812
    },
    {
      "high_freq": 794.6976318359375,
      "loudness": -21.543272018432617,
      "loudness_range": 9.947763442993164,
      "low_freq": 392.3793640136719,
      "mid_mean": -19.368806838989258,
      "mid_to_side_loudness": -4.860565185546875,
      "mid_to_side_loudness_range": 10.998559951782227,
      "side_mean": -24.24739646911621
    },
    {
      "high_freq": 1457.5709228515625,
      "loudness": -23.630748748779297,
      "loudness_range": 12.306062698364258,
      "low_freq": 794.6976318359375,
      "mid_mean": -22.419818878173828,
      "mid_to_side_loudness": -2.6277472972869873,
      "mid_to_side_loudness_range": 15.506128311157227,
      "side_mean": -25.048276901245117
    },
    {
      "high_freq": 2549.74365234375,
      "loudness": -25.224599838256836,
      "loudness_range": 13.96481704711914,
      "low_freq": 1457.5709228515625,
      "mid_mean": -22.969350814819336,
      "mid_to_side_loudness": -5.240818500518799,
      "mid_to_side_loudness_range": 11.689892768859863,
      "side_mean": -28.223514556884766
    },
    {
      "high_freq": 4349.24462890625,
      "loudness": -28.541519165039062,
      "loudness_range": 15.076753616333008,
      "low_freq": 2549.74365234375,
      "mid_mean": -25.660524368286133,
      "mid_to_side_loudness": -8.10104751586914,
      "mid_to_side_loudness_range": 15.286870956420898,
      "side_mean": -34.11818313598633
    },
    {
      "high_freq": 7314.1640625,
      "loudness": -31.975955963134766,
      "loudness_range": 14.111461639404297,
      "low_freq": 4349.24462890625,
      "mid_mean": -28.52119255065918,
      "mid_to_side_loudness": -12.395661354064941,
      "mid_to_side_loudness_range": 20.88973045349121,
      "side_mean": -41.873809814453125
    },
    {
      "high_freq": 12199.2666015625,
      "loudness": -33.206172943115234,
      "loudness_range": 13.038595199584961,
      "low_freq": 7314.1640625,
      "mid_mean": -29.865758895874023,
      "mid_to_side_loudness": -12.922783851623535,
      "mid_to_side_loudness_range": 21.818889617919922,
      "side_mean": -43.889068603515625
    },
    {
      "loudness": -40.51374053955078,
      "loudness_range": 20.42913818359375,
      "low_freq": 12199.2666015625,
      "mid_mean": -37.30014419555664,
      "mid_to_side_loudness": -10.293804168701172,
      "mid_to_side_loudness_range": 17.390443801879883,
      "side_mean": -49.521419525146484
    }
  ],
  "bands_short": [
    {
      "high_freq": 148.1999969482422,
      "loudness": -30.805606842041016,
      "loudness_range": 27.251636505126953,
      "mid_mean": -28.473472595214844,
      "mid_to_side_loudness": -8.8270902633667,
      "mid_to_side_loudness_range": 21.0310115814209,
      "side_mean": -36.59741973876953
    },
    {
      "high_freq": 392.3793640136719,
      "loudness": -21.369525909423828,
      "loudness_range": 13.018233299255371,
      "low_freq": 148.1999969482422,
      "mid_mean": -18.438858032226562,
      "mid_to_side_loudness": -9.705500602722168,
      "mid_to_side_loudness_range": 15.972249031066895,
      "side_mean": -28.216917037963867
    },
    {
      "high_freq": 794.6976318359375,
      "loudness": -22.811201095581055,
      "loudness_range": 14.554404258728027,
      "low_freq": 392.3793640136719,
      "mid_mean": -20.577091217041016,
      "mid_to_side_loudness": -5.616427898406982,
      "mid_to_side_loudness_range": 14.280693054199219,
      "side_mean": -26.249679565429688
    },
    {
      "high_freq": 1457.5709228515625,
      "loudness": -23.95604133605957,
      "loudness_range": 15.150575637817383,
      "low_freq": 794.6976318359375,
      "mid_mean": -23.090850830078125,
      "mid_to_side_loudness": -2.088289499282837,
      "mid_to_side_loudness_range": 16.543222427368164,
      "side_mean": -25.219331741333008
    },
    {
      "high_freq": 2549.74365234375,
      "loudness": -26.651723861694336,
      "loudness_range": 18.138412475585938,
      "low_freq": 1457.5709228515625,
      "mid_mean": -24.627120971679688,
      "mid_to_side_loudness": -4.763286590576172,
      "mid_to_side_loudness_range": 13.601912498474121,
      "side_mean": -29.418184280395508
    },
    {
      "high_freq": 4349.24462890625,
      "loudness": -29.84511947631836,
      "loudness_range": 19.477476119995117,
      "low_freq": 2549.74365234375,
      "mid_mean": -27.166467666625977,
      "mid_to_side_loudness": -7.406866550445557,
      "mid_to_side_loudness_range": 17.49657440185547,
      "side_mean": -35.250492095947266
    },
    {
      "high_freq": 7314.1640625,
      "loudness": -33.14850997924805,
      "loudness_range": 17.71664047241211,
      "low_freq": 4349.24462890625,
      "mid_mean": -29.89826774597168,
      "mid_to_side_loudness": -11.503418922424316,
      "mid_to_side_loudness_range": 21.486730575561523,
      "side_mean": -42.797935485839844
    },
    {
      "high_freq": 12199.2666015625,
      "loudness": -34.810909271240234,
      "loudness_range": 18.319494247436523,
      "low_freq": 7314.1640625,
      "mid_mean": -31.673694610595703,
      "mid_to_side_loudness": -12.324898719787598,
      "mid_to_side_loudness_range": 21.843536376953125,
      "side_mean": -45.71270751953125
    },
    {
      "loudness": -43.40697479248047,
      "loudness_range": 25.778718948364258,
      "low_freq": 12199.2666015625,
      "mid_mean": -40.395145416259766,
      "mid_to_side_loudness": -10.083267211914062,
      "mid_to_side_loudness_range": 17.309431076049805,
      "side_mean": -52.826995849609375
    }
  ],
  "channels": 2,
  "covariance": [
    [
      61.69162368774414,
      57.923423767089844,
      11.131365776062012,
      23.122344970703125,
      9.168243408203125,
      9.846878051757812,
      12.885954856872559,
      15.457367897033691,
      19.130102157592773,
      19.520095825195312,
      20.41584587097168,
      20.1168270111084,
      17.60567283630371,
      33.12076950073242,
      14.984085083007812,
      38.98574447631836,
      33.384124755859375,
      54.466739654541016
    ],
    [
      57.923423767089844,
      87.39624786376953,
      10.167937278747559,
      29.458965301513672,
      8.939413070678711,
      10.205521583557129,
      13.779016494750977,
      18.619136810302734,
      18.62713623046875,
      20.982677459716797,
      20.19898223876953,
      20.553058624267578,
      17.66145133972168,
      33.9129753112793,
      15.587458610534668,
      39.236507415771484,
      34.006446838378906,
      55.1225471496582
    ],
    [
      11.131365776062012,
      10.167937278747559,
      14.266798973083496,
      12.781087875366211,
      6.175168991088867,
      4.201140880584717,
      4.634535789489746,
      2.6625030040740967,
      8.60009765625,
      6.258004188537598,
      10.726434707641602,
      7.549326419830322,
      8.043439865112305,
      12.259178161621094,
      5.771969795227051,
      14.022928237915039,
      9.149561882019043,
      20.171695709228516
    ],
    [
      23.122344970703125,
      29.458965301513672,
      12.781087875366211,
      31.309823989868164,
      10.396478652954102,
      11.325556755065918,
      9.464323043823242,
      11.932535171508789,
      14.520712852478027,
      15.38570785522461,
      15.57910442352295,
      16.866344451904297,
      12.78427791595459,
      24.117387771606445,
      8.182312965393066,
      25.01099395751953,
      19.864009857177734,
      36.62034225463867
    ],
    [
      9.168243408203125,
      8.939413070678711,
      6.175168991088867,
      10.396478652954102,
      16.45339012145996,
      9.633543014526367,
      11.293172836303711,
      7.198518753051758,
      13.58043384552002,
      9.871896743774414,
      13.159468650817871,
      12.05237865447998,
      8.790914535522461,
      12.194269180297852,
      6.622596740722656,
      12.079763412475586,
      9.271177291870117,
      19.307029724121094
    ],
    [
      9.846878051757812,
      10.205521583557129,
      4.201140880584717,
      11.325556755065918,
      9.633543014526367,
      17.41607666015625,
      7.760349750518799,
      13.257222175598145,
      10.442290306091309,
      13.207984924316406,
      9.505532264709473,
      13.889272689819336,
      7.484795093536377,
      14.336461067199707,
      4.818289756774902,
      13.208374977111816,
      12.697513580322266,
      20.124534606933594
    ],
    [
      12.885954856872559,
      13.779016494750977,
      4.634535789489746,
      9.464323043823242,
      11.293172836303711,
      7.760349750518799,
      27.17376136779785,
      13.492535591125488,
      19.371694564819336,
      11.655823707580566,
      16.02732276916504,
      11.285093307495117,
      10.530594825744629,
      14.100359916687012,
      7.706644058227539,
      13.788021087646484,
      13.342283248901367,
      24.889074325561523
    ],
    [
      15.457367897033691,
      18.619136810302734,
      2.6625030040740967,
      11.932535171508789,
      7.198518753051758,
      13.257222175598145,
      13.492535591125488,
      25.88406753540039,
      14.171736717224121,
      19.821943283081055,
      12.475496292114258,
      16.400917053222656,
      9.150713920593262,
      20.27875328063965,
      7.103675365447998,
      20.532957077026367,
      21.99967384338379,
      32.84958267211914
    ],
    [
      19.130102157592773,
      18.62713623046875,
      8.60009765625,
      14.520712852478027,
      13.58043384552002,
      10.442290306091309,
      19.371694564819336,
      14.171736717224121,
      31.705753326416016,
      21.38848114013672,
      19.776100158691406,
      20.77149772644043,
      14.694704055786133,
      23.190271377563477,
      12.66085433959961,
      25.05373764038086,
      22.273588180541992,
      37.14646911621094
    ],
    [
      19.520095825195312,
      20.982677459716797,
      6.258004188537598,
      15.38570785522461,
      9.871896743774414,
      13.207984924316406,
      11.655823707580566,
      19.821943283081055,
      21.38848114013672,
      27.711942672729492,
      12.957513809204102,
      21.68145751953125,
      11.604615211486816,
      25.20628547668457,
      9.776734352111816,
      26.35067367553711,
      25.67797088623047,
      37.06361389160156
    ],
    [
      20.41584587097168,
      20.19898223876953,
      10.726434707641602,
      15.57910442352295,
      13.159468650817871,
      9.505532264709473,
      16.02732276916504,
      12.475496292114258,
      19.776100158691406,
      12.957513809204102,
      35.59824752807617,
      20.732995986938477,
      17.37361717224121,
      25.110424041748047,
      12.301055908203125,
      25.154443740844727,
      19.114063262939453,
      39.06819152832031
    ],
    [
      20.1168270111084,
      20.553058624267578,
      7.549326419830322,
      16.866344451904297,
      12.05237865447998,
      13.889272689819336,
      11.285093307495117,
      16.400917053222656,
      20.77149772644043,
      21.68145751953125,
      20.732995986938477,
      34.447296142578125,
      12.997944831848145,
      29.929014205932617,
      10.52884578704834,
      27.609848022460938,
      24.680522918701172,
      42.360267639160156
    ],
    [
      17.60567283630371,
      17.66145133972168,
      8.043439865112305,
      12.78427791595459,
      8.790914535522461,
      7.484795093536377,
      10.530594825744629,
      9.150713920593262,
      14.694704055786133,
      11.604615211486816,
      17.37361717224121,
      12.997944831848145,
      25.697341918945312,
      26.155107498168945,
      17.339841842651367,
      28.571565628051758,
      23.96073341369629,
      32.62213897705078
    ],
    [
      33.12076950073242,
      33.9129753112793,
      12.259178161621094,
      24.117387771606445,
      12.194269180297852,
      14.336461067199707,
      14.100359916687012,
      20.27875328063965,
      23.190271377563477,
      25.20628547668457,
      25.110424041748047,
      29.929014205932617,
      26.155107498168945,
      56.92302703857422,
      20.4936580657959,
      54.44999313354492,
      42.64611053466797,
      68.32325744628906
    ],
    [
      14.984085083007812,
      15.587458610534668,
      5.771969795227051,
      8.182312965393066,
      6.622596740722656,
      4.818289756774902,
      7.706644058227539,
      7.103675365447998,
      12.66085433959961,
      9.776734352111816,
      12.301055908203125,
      10.52884578704834,
      17.339841842651367,
      20.4936580657959,
      23.44095230102539,
      28.21175193786621,
      24.97782325744629,
      28.508214950561523
    ],
    [
      38.98574447631836,
      39.236507415771484,
      14.022928237915039,
      25.01099395751953,
      12.079763412475586,
      13.208374977111816,
      13.788021087646484,
      20.532957077026367,
      25.05373764038086,
      26.35067367553711,
      25.154443740844727,
      27.609848022460938,
      28.571565628051758,
      54.44999313354492,
      28.21175193786621,
      69.34394073486328,
      51.76239776611328,
      78.38075256347656
    ],
    [
      33.384124755859375,
      34.006446838378906,
      9.149561882019043,
      19.864009857177734,
      9.271177291870117,
      12.697513580322266,
      13.342283248901367,
      21.99967384338379,
      22.273588180541992,
      25.67797088623047,
      19.114063262939453,
      24.680522918701172,
      23.96073341369629,
      42.64611053466797,
      24.97782325744629,
      51.76239776611328,
      54.0691032409668,
      68.99822998046875
    ],
    [
      54.466739654541016,
      55.1225471496582,
      20.171695709228516,
      36.62034225463867,
      19.307029724121094,
      20.124534606933594,
      24.889074325561523,
      32.84958267211914,
      37.14646911621094,
      37.06361389160156,
      39.06819152832031,
      42.360267639160156,
      32.62213897705078,
      68.32325744628906,
      28.508214950561523,
      78.38075256347656,
      68.99822998046875,
      117.26403045654297
    ]
  ],
  "covariance_short": [
    [
      95.61701965332031,
      74.30066680908203,
      18.9536190032959,
      29.95170021057129,
      14.594707489013672,
      11.841170310974121,
      15.671516418457031,
      20.096811294555664,
      21.843521118164062,
      22.436073303222656,
      25.93436050415039,
      28.960468292236328,
      19.117834091186523,
      35.94817352294922,
      17.63922882080078,
      41.310062408447266,
      31.46481704711914,
      53.976158142089844
    ],
    [
      74.30066680908203,
      112.78551483154297,
      17.740827560424805,
      40.46244812011719,
      12.802668571472168,
      10.838865280151367,
      17.50552749633789,
      23.239896774291992,
      21.76234245300293,
      23.10523796081543,
      23.42034339904785,
      26.752042770385742,
      18.498428344726562,
      33.754085540771484,
      17.5628662109375,
      39.69838333129883,
      29.659778594970703,
      49.635215759277344
    ],
    [
      18.9536190032959,
      17.740827560424805,
      26.24268341064453,
      20.749616622924805,
      12.74757194519043,
      10.597487449645996,
      9.928403854370117,
      7.037199020385742,
      14.836419105529785,
      12.125536918640137,
      17.272289276123047,
      15.1377534866333,
      12.304092407226562,
      18.7784366607666,
      10.648368835449219,
      21.843780517578125,
      14.95322322845459,
      27.049911499023438
    ],
    [
      29.95170021057129,
      40.46244812011719,
      20.749616622924805,
      45.79204177856445,
      15.56262493133545,
      16.437299728393555,
      12.77823257446289,
      14.053528785705566,
      18.944047927856445,
      19.157873153686523,
      21.31549835205078,
      24.72730827331543,
      16.485624313354492,
      29.661903381347656,
      13.93874740600586,
      30.929513931274414,
      23.10204315185547,
      38.19241714477539
    ],
    [
      14.594707489013672,
      12.802668571472168,
      12.74757194519043,
      15.56262493133545,
      30.669025421142578,
      19.2885799407959,
      17.62091636657715,
      12.535616874694824,
      22.384218215942383,
      17.47771453857422,
      22.591583251953125,
      21.62200355529785,
      15.489322662353516,
      18.866132736206055,
      14.06850814819336,
      19.885578155517578,
      16.490638732910156,
      25.2976131439209
    ],
    [
      11.841170310974121,
      10.838865280151367,
      10.597487449645996,
      16.437299728393555,
      19.2885799407959,
      32.05332946777344,
      13.476014137268066,
      18.87116813659668,
      17.027690887451172,
      20.085988998413086,
      18.177888870239258,
      23.323259353637695,
      13.02097225189209,
      21.50155258178711,
      10.889301300048828,
      20.43616485595703,
      18.09999656677246,
      25.616086959838867
    ],
    [
      15.671516418457031,
      17.50552749633789,
      9.928403854370117,
      12.77823257446289,
      17.62091636657715,
      13.476014137268066,
      36.74253845214844,
      19.039108276367188,
      27.103713989257812,
      17.801891326904297,
      23.3038330078125,
      20.175264358520508,
      17.32889747619629,
      19.26129913330078,
      15.457530975341797,
      21.44409942626953,
      18.92399024963379,
      26.711002349853516
    ],
    [
      20.096811294555664,
      23.239896774291992,
      7.037199020385742,
      14.053528785705566,
      12.535616874694824,
      18.87116813659668,
      19.039108276367188,
      34.734161376953125,
      18.298748016357422,
      24.831340789794922,
      15.766087532043457,
      24.45733642578125,
      11.52011775970459,
      23.73748207092285,
      11.360847473144531,
      25.395986557006836,
      22.725740432739258,
      31.537763595581055
    ],
    [
      21.843521118164062,
      21.76234245300293,
      14.836419105529785,
      18.944047927856445,
      22.384218215942383,
      17.027690887451172,
      27.103713989257812,
      18.298748016357422,
      46.84592819213867,
      30.412675857543945,
      30.048782348632812,
      29.253171920776367,
      22.251052856445312,
      28.631593704223633,
      20.16924285888672,
      32.23408126831055,
      26.8856258392334,
      39.552982330322266
    ],
    [
      22.436073303222656,
      23.10523796081543,
      12.125536918640137,
      19.157873153686523,
      17.47771453857422,
      20.085988998413086,
      17.801891326904297,
      24.831340789794922,
      30.412675857543945,
      37.985206604003906,
      19.502504348754883,
      30.170185089111328,
      15.33727741241455,
      29.934436798095703,
      14.64055061340332,
      31.54888153076172,
      27.999290466308594,
      38.7000617980957
    ],
    [
      25.93436050415039,
      23.42034339904785,
      17.272289276123047,
      21.31549835205078,
      22.591583251953125,
      18.177888870239258,
      23.3038330078125,
      15.766087532043457,
      30.048782348632812,
      19.502504348754883,
      54.117401123046875,
      31.578325271606445,
      30.406972885131836,
      33.69439697265625,
      25.425851821899414,
      36.551578521728516,
      28.738378524780273,
      44.040138244628906
    ],
    [
      28.960468292236328,
      26.752042770385742,
      15.1377534866333,
      24.72730827331543,
      21.62200355529785,
      23.323259353637695,
      20.175264358520508,
      24.45733642578125,
      29.253171920776367,
      30.170185089111328,
      31.578325271606445,
      49.7049446105957,
      19.63851547241211,
      40.630306243896484,
      17.578527450561523,
      39.61972427368164,
      30.581594467163086,
      49.61509704589844
    ],
    [
      19.117834091186523,
      18.498428344726562,
      12.304092407226562,
      16.485624313354492,
      15.489322662353516,
      13.02097225189209,
      17.32889747619629,
      11.52011775970459,
      22.251052856445312,
      15.33727741241455,
      30.406972885131836,
      19.63851547241211,
      44.48061752319336,
      34.96457290649414,
      33.60316467285156,
      40.630435943603516,
      37.184146881103516,
      41.484840393066406
    ],
    [
      35.94817352294922,
      33.754085540771484,
      18.7784366607666,
      29.661903381347656,
      18.866132736206055,
      21.50155258178711,
      19.26129913330078,
      23.73748207092285,
      28.631593704223633,
      29.934436798095703,
      33.69439697265625,
      40.630306243896484,
      34.96457290649414,
      67.41287994384766,
      29.709707260131836,
      65.73107147216797,
      48.06740951538086,
      71.55510711669922
    ],
    [
      17.63922882080078,
      17.5628662109375,
      10.648368835449219,
      13.93874740600586,
      14.06850814819336,
      10.889301300048828,
      15.457530975341797,
      11.360847473144531,
      20.16924285888672,
      14.64055061340332,
      25.425851821899414,
      17.578527450561523,
      33.60316467285156,
      29.709707260131836,
      48.4353141784668,
      46.097755432128906,
      46.94959259033203,
      44.513851165771484
    ],
    [
      41.310062408447266,
      39.69838333129883,
      21.843780517578125,
      30.929513931274414,
      19.885578155517578,
      20.43616485595703,
      21.44409942626953,
      25.395986557006836,
      32.23408126831055,
      31.54888153076172,
      36.551578521728516,
      39.61972427368164,
      40.630435943603516,
      65.73107147216797,
      46.097755432128906,
      88.38899230957031,
      65.53496551513672,
      89.47128295898438
    ],
    [
      31.46481704711914,
      29.659778594970703,
      14.95322322845459,
      23.10204315185547,
      16.490638732910156,
      18.09999656677246,
      18.92399024963379,
      22.725740432739258,
      26.8856258392334,
      27.999290466308594,
      28.738378524780273,
      30.581594467163086,
      37.184146881103516,
      48.06740951538086,
      46.94959259033203,
      65.53496551513672,
      79.76815795898438,
      83.83179473876953
    ],
    [
      53.976158142089844,
      49.635215759277344,
      27.049911499023438,
      38.19241714477539,
      25.2976131439209,
      25.616086959838867,
      26.711002349853516,
      31.537763595581055,
      39.552982330322266,
      38.7000617980957,
      44.040138244628906,
      49.61509704589844,
      41.484840393066406,
      71.55510711669922,
      44.513851165771484,
      89.47128295898438,
      83.83179473876953,
      119.92888641357422
    ]
  ],
  "drr": 13.364255905151367,
  "dynamics": 3.1452157497406006,
  "format": 1245190,
  "frames": 9129984,
  "loudness": -11.513284683227539,
  "loudness_range": 8.024338722229004,
  "loudness_range_short": 10.678691864013672,
  "peak": -0.25717923045158386,
  "rms": -13.656083106994629,
  "sample_rate": 44100,
  "sections": 1,
  "seekable": 1,
  "sharpness": 2.871802806854248,
  "space": -6.191550254821777
}