{
  "bands": [
    {
      "high_freq": 148.1999969482422,
      "loudness": -22.588590621948242,
      "loudness_range": 17.957332611083984,
      "mid_mean": -19.471769332885742,
      "mid_to_side_loudness": -11.86846923828125,
      "mid_to_side_loudness_range": 26.28516960144043,
      "side_mean": -32.45978927612305
    },
    {
      "high_freq": 392.3793640136719,
      "loudness": -20.601055145263672,
      "loudness_range": 11.638914108276367,
      "low_freq": 148.1999969482422,
      "mid_mean": -18.201059341430664,
      "mid_to_side_loudness": -5.720320224761963,
      "mid_to_side_loudness_range": 11.086167335510254,
      "side_mean": -23.90542221069336
    },
    {
      "high_freq": 794.6976318359375,
      "loudness": -19.8480167388916,
      "loudness_range": 12.63333511352539,
      "low_freq": 392.3793640136719,
      "mid_mean": -18.27644157409668,
      "mid_to_side_loudness": -3.224292755126953,
      "mid_to_side_loudness_range": 12.433905601501465,
      "side_mean": -21.431184768676758
    },
    {
      "high_freq": 1457.5709228515625,
      "loudness": -23.69805908203125,
      "loudness_range": 16.094480514526367,
      "low_freq": 794.6976318359375,
      "mid_mean": -21.620309829711914,
      "mid_to_side_loudness": -4.636292934417725,
      "mid_to_side_loudness_range": 11.756880760192871,
      "side_mean": -26.32166290283203
    },
    {
      "high_freq": 2549.74365234375,
      "loudness": -24.246662139892578,
      "loudness_range": 14.810441970825195,
      "low_freq": 1457.5709228515625,
      "mid_mean": -22.36130714416504,
      "mid_to_side_loudness": -3.550787925720215,
      "mid_to_side_loudness_range": 8.380419731140137,
      "side_mean": -25.94281005859375
    },
    {
      "high_freq": 4349.24462890625,
      "loudness": -25.50604248046875,
      "loudness_range": 17.998497009277344,
      "low_freq": 2549.74365234375,
      "mid_mean": -23.4486141204834,
      "mid_to_side_loudness": -4.4674859046936035,
      "mid_to_side_loudness_range": 10.31732177734375,
      "side_mean": -28.076820373535156
    },
    {
      "high_freq": 7314.1640625,
      "loudness": -29.402944564819336,
      "loudness_range": 18.870746612548828,
      "low_freq": 4349.24462890625,
      "mid_mean": -27.25326919555664,
      "mid_to_side_loudness": -5.1342058181762695,
      "mid_to_side_loudness_range": 12.229942321777344,
      "side_mean": -32.62128448486328
    },
    {
      "high_freq": 12199.2666015625,
      "loudness": -29.375938415527344,
      "loudness_range": 14.55539321899414,
      "low_freq": 7314.1640625,
      "mid_mean": -27.071767807006836,
      "mid_to_side_loudness": -6.0590338706970215,
      "mid_to_side_loudness_range": 15.047865867614746,
      "side_mean": -33.483558654785156
    },
    {
      "loudness": -38.913570404052734,
      "loudness_range": 16.332822799682617,
      "low_freq": 12199.2666015625,
      "mid_mean": -36.78235626220703,
      "mid_to_side_loudness": -5.527359962463379,
      "mid_to_side_loudness_range": 13.739508628845215,
      "side_mean": -42.52140426635742
    }
  ],
  "bands_short": [
    {
      "high_freq": 148.1999969482422,
      "loudness": -24.14053726196289,
      "loudness_range": 22.04389762878418,
      "mid_mean": -21.049747467041016,
      "mid_to_side_loudness": -14.61377239227295,
      "mid_to_side_loudness_range": 33.452938079833984,
      "side_mean": -38.76267623901367
    },
    {
      "high_freq": 392.3793640136719,
      "loudness": -20.95005226135254,
      "loudness_range": 12.13125991821289,
      "low_freq": 148.1999969482422,
      "mid_mean": -18.635356903076172,
      "mid_to_side_loudness": -5.688835144042969,
      "mid_to_side_loudness_range": 12.819547653198242,
      "side_mean": -24.32944107055664
    },
    {
      "high_freq": 794.6976318359375,
      "loudness": -19.665103912353516,
      "loudness_range": 13.720870018005371,
      "low_freq": 392.3793640136719,
      "mid_mean": -18.170780181884766,
      "mid_to_side_loudness": -3.317734718322754,
      "mid_to_side_loudness_range": 14.186832427978516,
      "side_mean": -21.4084529876709
    },
    {
      "high_freq": 1457.5709228515625,
      "loudness": -23.925817489624023,
      "loudness_range": 17.110797882080078,
      "low_freq": 794.6976318359375,
      "mid_mean": -22.093076705932617,
      "mid_to_side_loudness": -4.271559715270996,
      "mid_to_side_loudness_range": 14.45816421508789,
      "side_mean": -26.511552810668945
    },
    {
      "high_freq": 2549.74365234375,
      "loudness": -24.73752212524414,
      "loudness_range": 16.154024124145508,
      "low_freq": 1457.5709228515625,
      "mid_mean": -23.05335235595703,
      "mid_to_side_loudness": -3.313037395477295,
      "mid_to_side_loudness_range": 10.814008712768555,
      "side_mean": -26.425642013549805
    },
    {
      "high_freq": 4349.24462890625,
      "loudness": -25.858154296875,
      "loudness_range": 19.362279891967773,
      "low_freq": 2549.74365234375,
      "mid_mean": -23.97666358947754,
      "mid_to_side_loudness": -4.1575236320495605,
      "mid_to_side_loudness_range": 11.852102279663086,
      "side_mean": -28.275634765625
    },
    {
      "high_freq": 7314.1640625,
      "loudness": -29.97804832458496,
      "loudness_range": 21.464168548583984,
      "low_freq": 4349.24462890625,
      "mid_mean": -28.04837989807129,
      "mid_to_side_loudness": -4.580016136169434,
      "mid_to_side_loudness_range": 13.269317626953125,
      "side_mean": -32.984336853027344
    },
    {
      "high_freq": 12199.2666015625,
      "loudness": -30.354768753051758,
      "loudness_range": 18.41488265991211,
      "low_freq": 7314.1640625,
      "mid_mean": -28.315645217895508,
      "mid_to_side_loudness": -5.18797492980957,
      "mid_to_side_loudness_range": 15.82867431640625,
      "side_mean": -33.99227523803711
    },
    {
      "loudness": -40.68601608276367,
      "loudness_range": 21.731504440307617,
      "low_freq": 12199.2666015625,
      "mid_mean": -38.9399528503418,
      "mid_to_side_loudness": -5.150868892669678,
      "mid_to_side_loudness_range": 15.46406364440918,
      "side_mean": -44.42544174194336
    }
  ],
  "channels": 2,
  "covariance": [
    [
      56.2541618347168,
      17.834787368774414,
      14.530753135681152,
      14.46185302734375,
      17.877538681030273,
      11.646477699279785,
      20.080585479736328,
      16.71164321899414,
      22.06615447998047,
      20.478206634521484,
      26.057342529296875,
      25.108182907104492,
      25.026134490966797,
      29.783411026000977,
      14.04601764678955,
      23.553937911987305,
      12.720715522766113,
      23.68239402770996
    ],
    [
      17.834787368774414,
      49.89804458618164,
      10.062896728515625,
      11.767402648925781,
      13.582326889038086,
      10.296856880187988,
      15.6105375289917,
      13.009549140930176,
      18.394289016723633,
      17.36396598815918,
      20.284221649169922,
      18.941469192504883,
      19.12128448486328,
      23.563926696777344,
      15.759263038635254,
      24.451374053955078,
      13.784998893737793,
      22.929527282714844
    ],
    [
      14.530753135681152,
      10.062896728515625,
      27.056934356689453,
      14.91421127319336,
      10.065017700195312,
      6.795137882232666,
      13.539112091064453,
      11.520240783691406,
      13.18402099609375,
      10.686120986938477,
      16.185834884643555,
      11.917373657226562,
      16.3667049407959,
      13.387015342712402,
      12.225669860839844,
      9.75207805633545,
      10.018312454223633,
      11.066778182983398
    ],
    [
      14.46185302734375,
      11.767402648925781,
      14.91421127319336,
      18.575237274169922,
      10.29384994506836,
      8.204980850219727,
      11.935225486755371,
      11.186042785644531,
      13.278379440307617,
      12.599421501159668,
      14.3311128616333,
      13.021228790283203,
      14.904592514038086,
      15.394387245178223,
      10.82870864868164,
      14.509482383728027,
      8.648371696472168,
      14.494295120239258
    ],
    [
      17.877538681030273,
      13.582326889038086,
      10.065017700195312,
      10.29384994506836,
      29.297643661499023,
      11.757585525512695,
      21.744081497192383,
      13.215084075927734,
      20.240428924560547,
      14.922371864318848,
      23.337383270263672,
      16.34402084350586,
      21.689176559448242,
      18.43174934387207,
      14.983382225036621,
      15.57709789276123,
      12.959056854248047,
      15.381845474243164
    ],
    [
      11.646477699279785,
      10.296856880187988,
      6.795137882232666,
      8.204980850219727,
      11.757585525512695,
      15.52394962310791,
      10.686219215393066,
      11.616998672485352,
      12.417400360107422,
      12.674898147583008,
      12.407357215881348,
      12.848017692565918,
      10.936015129089355,
      14.205732345581055,
      7.8240790367126465,
      13.361245155334473,
      7.601123809814453,
      12.767228126525879
    ],
    [
      20.080585479736328,
      15.6105375289917,
      13.539112091064453,
      11.935225486755371,
      21.744081497192383,
      10.686219215393066,
      38.52876281738281,
      20.600984573364258,
      27.689842224121094,
      18.455907821655273,
      26.729557037353516,
      20.410892486572266,
      25.83344078063965,
      23.0878849029541,
      18.2662296295166,
      18.910261154174805,
      16.584354400634766,
      19.278852462768555
    ],
    [
      16.71164321899414,
      13.009549140930176,
      11.520240783691406,
      11.186042785644531,
      13.215084075927734,
      11.616998672485352,
      20.600984573364258,
      22.26499366760254,
      18.439817428588867,
      18.24429702758789,
      18.349700927734375,
      19.08367919921875,
      17.444360733032227,
      21.639968872070312,
      11.982817649841309,
      19.04311752319336,
      12.259132385253906,
      18.79481315612793
    ],
    [
      22.06615447998047,
      18.394289016723633,
      13.18402099609375,
      13.278379440307617,
      20.240428924560547,
      12.417400360107422,
      27.689842224121094,
      18.439817428588867,
      33.19318389892578,
      23.302053451538086,
      29.316709518432617,
      25.80264663696289,
      28.804954528808594,
      29.733028411865234,
      19.494861602783203,
      26.36773109436035,
      19.060285568237305,
      27.165761947631836
    ],
    [
      20.478206634521484,
      17.36396598815918,
      10.686120986938477,
      12.599421501159668,
      14.922371864318848,
      12.674898147583008,
      18.455907821655273,
      18.24429702758789,
      23.302053451538086,
      24.61668586730957,
      23.75861167907715,
      26.455392837524414,
      22.85137176513672,
      30.78041648864746,
      15.058664321899414,
      27.824922561645508,
      15.715303421020508,
      27.870943069458008
    ],
    [
      26.057342529296875,
      20.284221649169922,
      16.185834884643555,
      14.3311128616333,
      23.337383270263672,
      12.407357215881348,
      26.729557037353516,
      18.349700927734375,
      29.316709518432617,
      23.75861167907715,
      47.312644958496094,
      34.14522933959961,
      39.36882781982422,
      39.62917709350586,
      21.681446075439453,
      31.194732666015625,
      25.126712799072266,
      35.506595611572266
    ],
    [
      25.108182907104492,
      18.941469192504883,
      11.917373657226562,
      13.021228790283203,
      16.34402084350586,
      12.848017692565918,
      20.410892486572266,
      19.08367919921875,
      25.80264663696289,
      26.455392837524414,
      34.14522933959961,
      38.75157165527344,
      32.12392807006836,
      44.444149017333984,
      17.617517471313477,
      35.361270904541016,
      21.313215255737305,
      38.1306037902832
    ],
    [
      25.026134490966797,
      19.12128448486328,
      16.3667049407959,
      14.904592514038086,
      21.689176559448242,
      10.936015129089355,
      25.83344078063965,
      17.444360733032227,
      28.804954528808594,
      22.85137176513672,
      39.36882781982422,
      32.12392807006836,
      50.311214447021484,
      44.55734634399414,
      28.88949966430664,
      37.0446891784668,
      28.269607543945312,
      37.824764251708984
    ],
    [
      29.783411026000977,
      23.563926696777344,
      13.387015342712402,
      15.394387245178223,
      18.43174934387207,
      14.205732345581055,
      23.0878849029541,
      21.639968872070312,
      29.733028411865234,
      30.78041648864746,
      39.62917709350586,
      44.444149017333984,
      44.55734634399414,
      63.30215072631836,
      24.52410888671875,
      50.55242156982422,
      26.00560760498047,
      49.76915740966797
    ],
    [
      14.04601764678955,
      15.759263038635254,
      12.225669860839844,
      10.82870864868164,
      14.983382225036621,
      7.8240790367126465,
      18.2662296295166,
      11.982817649841309,
      19.494861602783203,
      15.058664321899414,
      21.681446075439453,
      17.617517471313477,
      28.88949966430664,
      24.52410888671875,
      35.83867645263672,
      30.944881439208984,
      23.803760528564453,
      27.47738265991211
    ],
    [
      23.553937911987305,
      24.451374053955078,
      9.75207805633545,
      14.509482383728027,
      15.57709789276123,
      13.361245155334473,
      18.910261154174805,
      19.04311752319336,
      26.36773109436035,
      27.824922561645508,
      31.194732666015625,
      35.361270904541016,
      37.0446891784668,
      50.55242156982422,
      30.944881439208984,
      59.95067596435547,
      27.153789520263672,
      51.785179138183594
    ],
    [
      12.720715522766113,
      13.784998893737793,
      10.018312454223633,
      8.648371696472168,
      12.959056854248047,
      7.601123809814453,
      16.584354400634766,
      12.259132385253906,
      19.060285568237305,
      15.715303421020508,
      25.126712799072266,
      21.313215255737305,
      28.269607543945312,
      26.00560760498047,
      23.803760528564453,
      27.153789520263672,
      38.74945831298828,
      40.685020446777344
    ],
    [
      23.68239402770996,
      22.929527282714844,
      11.066778182983398,
      14.494295120239258,
      15.381845474243164,
      12.767228126525879,
      19.278852462768555,
      18.79481315612793,
      27.165761947631836,
      27.870943069458008,
      35.506595611572266,
      38.1306037902832,
      37.824764251708984,
      49.76915740966797,
      27.47738265991211,
      51.785179138183594,
      40.685020446777344,
      69.95539093017578
    ]
  ],
  "covariance_short": [
    [
      80.1785659790039,
      14.797450065612793,
      8.810394287109375,
      9.281166076660156,
      17.022123336791992,
      8.84742259979248,
      15.975101470947266,
      13.230491638183594,
      20.160381317138672,
      17.181318283081055,
      24.201793670654297,
      23.324281692504883,
      23.68657875061035,
      28.10183334350586,
      12.828363418579102,
      21.749086380004883,
      12.50130844116211,
      21.38187026977539
    ],
    [
      14.797450065612793,
      83.40817260742188,
      6.558356761932373,
      13.321784973144531,
      14.989893913269043,
      10.019577026367188,
      13.260644912719727,
      9.981282234191895,
      18.89101791381836,
      17.70608901977539,
      22.076448440551758,
      21.47359275817871,
      22.600183486938477,
      28.167537689208984,
      21.56468963623047,
      30.973934173583984,
      20.15856170654297,
      31.732982635498047
    ],
    [
      8.810394287109375,
      6.558356761932373,
      29.37696075439453,
      14.159014701843262,
      11.488354682922363,
      8.315621376037598,
      13.78548526763916,
      12.500434875488281,
      12.864127159118652,
      10.985322952270508,
      14.716292381286621,
      11.030730247497559,
      15.713632583618164,
      12.356246948242188,
      12.719491004943848,
      9.137661933898926,
      11.023405075073242,
      10.548246383666992
    ],
    [
      9.281166076660156,
      13.321784973144531,
      14.159014701843262,
      20.030771255493164,
      11.371246337890625,
      9.77573299407959,
      11.563733100891113,
      11.719151496887207,
      13.032064437866211,
      12.868891716003418,
      13.792853355407715,
      13.060237884521484,
      14.752370834350586,
      15.31648063659668,
      12.011212348937988,
      14.339183807373047,
      10.48149299621582,
      14.952421188354492
    ],
    [
      17.022123336791992,
      14.989893913269043,
      11.488354682922363,
      11.371246337890625,
      35.126930236816406,
      14.075858116149902,
      23.27484130859375,
      14.900260925292969,
      23.465621948242188,
      17.52686882019043,
      27.82945442199707,
      19.063682556152344,
      26.90760040283203,
      22.10562515258789,
      20.992265701293945,
      19.854766845703125,
      18.491853713989258,
      20.94878387451172
    ],
    [
      8.84742259979248,
      10.019577026367188,
      8.315621376037598,
      9.77573299407959,
      14.075858116149902,
      19.795583724975586,
      12.77685546875,
      13.165690422058105,
      15.231196403503418,
      15.023661613464355,
      14.841469764709473,
      14.964712142944336,
      13.460927963256836,
      16.546419143676758,
      10.840710639953613,
      15.573078155517578,
      9.929974555969238,
      16.087261199951172
    ],
    [
      15.975101470947266,
      13.260644912719727,
      13.78548526763916,
      11.563733100891113,
      23.27484130859375,
      12.77685546875,
      44.54533386230469,
      21.524921417236328,
      30.52429962158203,
      19.247770309448242,
      29.4552001953125,
      20.267684936523438,
      29.17734718322754,
      22.67451286315918,
      23.948429107666016,
      19.438657760620117,
      22.195453643798828,
      20.736736297607422
    ],
    [
      13.230491638183594,
      9.981282234191895,
      12.500434875488281,
      11.719151496887207,
      14.900260925292969,
      13.165690422058105,
      21.524921417236328,
      26.1010684967041,
      19.811992645263672,
      19.100133895874023,
      19.300264358520508,
      19.168731689453125,
      18.818315505981445,
      21.648977279663086,
      14.809674263000488,
      19.590478897094727,
      14.558838844299316,
      20.673721313476562
    ],
    [
      20.160381317138672,
      18.89101791381836,
      12.864127159118652,
      13.032064437866211,
      23.465621948242188,
      15.231196403503418,
      30.52429962158203,
      19.811992645263672,
      39.303226470947266,
      25.734012603759766,
      32.954307556152344,
      27.88553810119629,
      33.057621002197266,
      32.094478607177734,
      25.585765838623047,
      28.539226531982422,
      25.395174026489258,
      31.09973907470703
    ],
    [
      17.181318283081055,
      17.70608901977539,
      10.985322952270508,
      12.868891716003418,
      17.52686882019043,
      15.023661613464355,
      19.247770309448242,
      19.100133895874023,
      25.734012603759766,
      28.923728942871094,
      26.169464111328125,
      28.626270294189453,
      25.47005844116211,
      33.03340530395508,
      18.884920120239258,
      29.88967514038086,
      19.125988006591797,
      31.374204635620117
    ],
    [
      24.201793670654297,
      22.076448440551758,
      14.716292381286621,
      13.792853355407715,
      27.82945442199707,
      14.841469764709473,
      29.4552001953125,
      19.300264358520508,
      32.954307556152344,
      26.169464111328125,
      53.456321716308594,
      37.61064910888672,
      46.60417556762695,
      43.846946716308594,
      29.83345603942871,
      34.96105194091797,
      33.548465728759766,
      41.97963333129883
    ],
    [
      23.324281692504883,
      21.47359275817871,
      11.030730247497559,
      13.060237884521484,
      19.063682556152344,
      14.964712142944336,
      20.267684936523438,
      19.168731689453125,
      27.88553810119629,
      28.626270294189453,
      37.61064910888672,
      42.84322738647461,
      36.1689567565918,
      47.7345085144043,
      22.555646896362305,
      38.38092803955078,
      25.813051223754883,
      43.4691276550293
    ],
    [
      23.68657875061035,
      22.600183486938477,
      15.713632583618164,
      14.752370834350586,
      26.90760040283203,
      13.460927963256836,
      29.17734718322754,
      18.818315505981445,
      33.057621002197266,
      25.47005844116211,
      46.60417556762695,
      36.1689567565918,
      62.184322357177734,
      50.91912841796875,
      40.285072326660156,
      42.62839126586914,
      40.67379379272461,
      47.00471878051758
    ],
    [
      28.10183334350586,
      28.167537689208984,
      12.356246948242188,
      15.31648063659668,
      22.10562515258789,
      16.546419143676758,
      22.67451286315918,
      21.648977279663086,
      32.094478607177734,
      33.03340530395508,
      43.846946716308594,
      47.7345085144043,
      50.91912841796875,
      69.3908920288086,
      31.257801055908203,
      55.029170989990234,
      34.052894592285156,
      59.25337600708008
    ],
    [
      12.828363418579102,
      21.56468963623047,
      12.719491004943848,
      12.011212348937988,
      20.992265701293945,
      10.840710639953613,
      23.948429107666016,
      14.809674263000488,
      25.585765838623047,
      18.884920120239258,
      29.83345603942871,
      22.555646896362305,
      40.285072326660156,
      31.257801055908203,
      51.7814826965332,
      40.2470588684082,
      41.338035583496094,
      41.359989166259766
    ],
    [
      21.749086380004883,
      30.973934173583984,
      9.137661933898926,
      14.339183807373047,
      19.854766845703125,
      15.573078155517578,
      19.438657760620117,
      19.590478897094727,
      28.539226531982422,
      29.88967514038086,
      34.96105194091797,
      38.38092803955078,
      42.62839126586914,
      55.029170989990234,
      40.2470588684082,
      67.71147918701172,
      38.817317962646484,
      65.21597290039062
    ],
    [
      12.50130844116211,
      20.15856170654297,
      11.023405075073242,
      10.48149299621582,
      18.491853713989258,
      9.929974555969238,
      22.195453643798828,
      14.558838844299316,
      25.395174026489258,
      19.125988006591797,
      33.548465728759766,
      25.813051223754883,
      40.67379379272461,
      34.052894592285156,
      41.338035583496094,
      38.817317962646484,
      63.593597412109375,
      59.26490783691406
    ],
    [
      21.38187026977539,
      31.732982635498047,
      10.548246383666992,
      14.952421188354492,
      20.94878387451172,
      16.087261199951172,
      20.736736297607422,
      20.673721313476562,
      31.09973907470703,
      31.374204635620117,
      41.97963333129883,
      43.4691276550293,
      47.00471878051758,
      59.25337600708008,
      41.359989166259766,
      65.21597290039062,
      59.26490783691406,
      94.23500061035156
    ]
  ],
  "drr": 11.569032669067383,
  "dynamics": 3.127422332763672,
  "format": 1245190,
  "frames": 13084672,
  "loudness": -9.553991317749023,
  "loudness_range": 9.407346725463867,
  "loudness_range_short": 10.552070617675781,
  "peak": 0.5192891359329224,
  "rms": -11.637467384338379,
  "sample_rate": 44100,
  "sections": 1,
  "seekable": 1,
  "sharpness": 1.5786666870117188,
  "space": -5.780663013458252
}