{
  "bands": [
    {
      "high_freq": 148.1999969482422,
      "loudness": -51.872520446777344,
      "loudness_range": 24.993762969970703,
      "mid_mean": -48.21226501464844,
      "mid_to_side_loudness": -18.257612228393555,
      "mid_to_side_loudness_range": 15.440714836120605,
      "side_mean": -64.66536712646484
    },
    {
      "high_freq": 392.3793640136719,
      "loudness": -37.41279220581055,
      "loudness_range": 22.801485061645508,
      "low_freq": 148.1999969482422,
      "mid_mean": -34.1021842956543,
      "mid_to_side_loudness": -13.268757820129395,
      "mid_to_side_loudness_range": 9.522907257080078,
      "side_mean": -47.803199768066406
    },
    {
      "high_freq": 794.6976318359375,
      "loudness": -37.76091384887695,
      "loudness_range": 21.453035354614258,
      "low_freq": 392.3793640136719,
      "mid_mean": -35.21846389770508,
      "mid_to_side_loudness": -6.42572546005249,
      "mid_to_side_loudness_range": 7.8527607917785645,
      "side_mean": -41.73491668701172
    },
    {
      "high_freq": 1457.5709228515625,
      "loudness": -46.6038703918457,
      "loudness_range": 26.58837127685547,
      "low_freq": 794.6976318359375,
      "mid_mean": -46.02900695800781,
      "mid_to_side_loudness": -0.602799117565155,
      "mid_to_side_loudness_range": 6.9895195960998535,
      "side_mean": -46.49733352661133
    },
    {
      "high_freq": 2549.74365234375,
      "loudness": -53.33465576171875,
      "loudness_range": 26.901470184326172,
      "low_freq": 1457.5709228515625,
      "mid_mean": -53.295719146728516,
      "mid_to_side_loudness": -1.8840103149414062,
      "mid_to_side_loudness_range": 7.570113182067871,
      "side_mean": -54.818878173828125
    },
    {
      "high_freq": 4349.24462890625,
      "loudness": -64.50257873535156,
      "loudness_range": 30.006664276123047,
      "low_freq": 2549.74365234375,
      "mid_mean": -62.221046447753906,
      "mid_to_side_loudness": -1.5943491458892822,
      "mid_to_side_loudness_range": 7.197385787963867,
      "side_mean": -63.296302795410156
    },
    {
      "high_freq": 7314.1640625,
      "loudness": -75.848876953125,
      "loudness_range": 14.878467559814453,
      "low_freq": 4349.24462890625,
      "mid_mean": -68.28036499023438,
      "mid_to_side_loudness": -0.36666783690452576,
      "mid_to_side_loudness_range": 2.4194464683532715,
      "side_mean": -68.46582794189453
    },
    {
      "high_freq": 12199.2666015625,
      "loudness": -76.8836898803711,
      "loudness_range": 1.8446731567382812,
      "low_freq": 7314.1640625,
      "mid_mean": -69.08588409423828,
      "mid_to_side_loudness": 0.0026845261454582214,
      "mid_to_side_loudness_range": 0.7014631032943726,
      "side_mean": -69.08354949951172
    },
    {
      "loudness": 0,
      "loudness_range": 0,
      "low_freq": 12199.2666015625,
      "mid_mean": -68.8142318725586,
      "mid_to_side_loudness": -0.2059645801782608,
      "mid_to_side_loudness_range": 0.4456615746021271,
      "side_mean": -68.85893249511719
    }
  ],
  "bands_short": [
    {
      "high_freq": 148.1999969482422,
      "loudness": -55.58670425415039,
      "loudness_range": 24.89429473876953,
      "mid_mean": -52.50630187988281,
      "mid_to_side_loudness": -16.985933303833008,
      "mid_to_side_loudness_range": 15.62704086303711,
      "side_mean": -65.95611572265625
    },
    {
      "high_freq": 392.3793640136719,
      "loudness": -37.78631591796875,
      "loudness_range": 23.030134201049805,
      "low_freq": 148.1999969482422,
      "mid_mean": -34.57096481323242,
      "mid_to_side_loudness": -13.840775489807129,
      "mid_to_side_loudness_range": 11.976093292236328,
      "side_mean": -50.167884826660156
    },
    {
      "high_freq": 794.6976318359375,
      "loudness": -38.203514099121094,
      "loudness_range": 21.563770294189453,
      "low_freq": 392.3793640136719,
      "mid_mean": -35.68564987182617,
      "mid_to_side_loudness": -6.647881984710693,
      "mid_to_side_loudness_range": 10.52785587310791,
      "side_mean": -42.35447311401367
    },
    {
      "high_freq": 1457.5709228515625,
      "loudness": -46.70769500732422,
      "loudness_range": 25.63485336303711,
      "low_freq": 794.6976318359375,
      "mid_mean": -46.11029815673828,
      "mid_to_side_loudness": -0.8548790812492371,
      "mid_to_side_loudness_range": 8.850482940673828,
      "side_mean": -46.82880783081055
    },
    {
      "high_freq": 2549.74365234375,
      "loudness": -53.87520980834961,
      "loudness_range": 27.628658294677734,
      "low_freq": 1457.5709228515625,
      "mid_mean": -53.87864303588867,
      "mid_to_side_loudness": -1.8909070491790771,
      "mid_to_side_loudness_range": 9.241109848022461,
      "side_mean": -55.367530822753906
    },
    {
      "high_freq": 4349.24462890625,
      "loudness": -64.3176498413086,
      "loudness_range": 30.305435180664062,
      "low_freq": 2549.74365234375,
      "mid_mean": -62.39578628540039,
      "mid_to_side_loudness": -1.5777273178100586,
      "mid_to_side_loudness_range": 8.397723197937012,
      "side_mean": -63.39036560058594
    },
    {
      "high_freq": 7314.1640625,
      "loudness": -75.99485778808594,
      "loudness_range": 14.402435302734375,
      "low_freq": 4349.24462890625,
      "mid_mean": -68.33938598632812,
      "mid_to_side_loudness": -0.2847572863101959,
      "mid_to_side_loudness_range": 3.1753640174865723,
      "side_mean": -68.48273468017578
    },
    {
      "high_freq": 12199.2666015625,
      "loudness": -76.92321014404297,
      "loudness_range": 1.8375244140625,
      "low_freq": 7314.1640625,
      "mid_mean": -69.09526824951172,
      "mid_to_side_loudness": 0.031739164143800735,
      "mid_to_side_loudness_range": 1.7057358026504517,
      "side_mean": -69.08696746826172
    },
    {
      "loudness": -75.62704467773438,
      "loudness_range": 1.0784759521484375,
      "low_freq": 12199.2666015625,
      "mid_mean": -68.80985260009766,
      "mid_to_side_loudness": -0.2251811921596527,
      "mid_to_side_loudness_range": 1.298849105834961,
      "side_mean": -68.85400390625
    }
  ],
  "channels": 2,
  "covariance": [
    [
      69.70510864257812,
      28.533750534057617,
      38.574398040771484,
      39.185218811035156,
      23.537189483642578,
      20.7075138092041,
      33.99747085571289,
      37.24601364135742,
      42.581478118896484,
      46.0467414855957,
      30.247968673706055,
      29.36528968811035,
      8.698860168457031,
      7.7840070724487305,
      0.6962528228759766,
      0.5937100648880005,
      0.3508412539958954,
      0.3113141655921936
    ],
    [
      28.533750534057617,
      16.437328338623047,
      18.801095962524414,
      18.967567443847656,
      11.815929412841797,
      10.639213562011719,
      17.08229637145996,
      18.328609466552734,
      22.962289810180664,
      24.216482162475586,
      16.027986526489258,
      15.050585746765137,
      4.5875420570373535,
      4.00531530380249,
      0.5250353217124939,
      0.45338815450668335,
      0.39658018946647644,
      0.3693910241127014
    ],
    [
      38.574398040771484,
      18.801095962524414,
      65.78470611572266,
      59.0102653503418,
      34.73747634887695,
      31.673097610473633,
      48.09040451049805,
      48.92481994628906,
      50.778533935546875,
      51.45601272583008,
      36.378929138183594,
      32.65958786010742,
      8.896590232849121,
      7.919602394104004,
      0.7219111323356628,
      0.5620738863945007,
      0.3653925061225891,
      0.3237479329109192
    ],
    [
      39.185218811035156,
      18.967567443847656,
      59.0102653503418,
      64.68578338623047,
      31.475576400756836,
      30.095232009887695,
      46.21147155761719,
      47.06842041015625,
      49.77348709106445,
      49.88622283935547,
      34.26116943359375,
      30.773500442504883,
      8.595800399780273,
      7.632997512817383,
      0.7246561646461487,
      0.5503078699111938,
      0.3416549861431122,
      0.31106922030448914
    ],
    [
      23.537189483642578,
      11.815929412841797,
      34.73747634887695,
      31.475576400756836,
      55.04402542114258,
      48.452754974365234,
      48.17372512817383,
      48.04542922973633,
      55.64525604248047,
      54.38296890258789,
      47.155269622802734,
      42.090240478515625,
      11.580892562866211,
      9.488618850708008,
      0.9026647806167603,
      0.6686800122261047,
      0.4492875039577484,
      0.38345909118652344
    ],
    [
      20.7075138092041,
      10.639213562011719,
      31.673097610473633,
      30.095232009887695,
      48.452754974365234,
      51.002254486083984,
      46.108665466308594,
      46.84827423095703,
      52.448673248291016,
      51.07435989379883,
      44.32981491088867,
      39.53406524658203,
      10.974275588989258,
      9.144050598144531,
      0.8386020064353943,
      0.632260799407959,
      0.41417229175567627,
      0.35458844900131226
    ],
    [
      33.99747085571289,
      17.08229637145996,
      48.09040451049805,
      46.21147155761719,
      48.17372512817383,
      46.108665466308594,
      76.65289306640625,
      72.76266479492188,
      67.7555923461914,
      66.26456451416016,
      51.9822998046875,
      47.62254333496094,
      14.16485595703125,
      12.036088943481445,
      1.0781059265136719,
      0.8099199533462524,
      0.49369266629219055,
      0.4239315688610077
    ],
    [
      37.24601364135742,
      18.328609466552734,
      48.92481994628906,
      47.06842041015625,
      48.04542922973633,
      46.84827423095703,
      72.76266479492188,
      76.43315124511719,
      67.90510559082031,
      67.68541717529297,
      51.49412536621094,
      48.03697204589844,
      13.597857475280762,
      11.709269523620605,
      1.0494019985198975,
      0.7976081967353821,
      0.4881361722946167,
      0.4251250624656677
    ],
    [
      42.581478118896484,
      22.962289810180664,
      50.778533935546875,
      49.77348709106445,
      55.64525604248047,
      52.448673248291016,
      67.7555923461914,
      67.90510559082031,
      95.12830352783203,
      89.26363372802734,
      68.20751953125,
      59.72309494018555,
      16.241355895996094,
      13.862041473388672,
      1.713052749633789,
      1.4485925436019897,
      1.351813793182373,
      1.2487461566925049
    ],
    [
      46.0467414855957,
      24.216482162475586,
      51.45601272583008,
      49.88622283935547,
      54.38296890258789,
      51.07435989379883,
      66.26456451416016,
      67.68541717529297,
      89.26363372802734,
      88.76504516601562,
      66.22118377685547,
      59.146324157714844,
      15.996746063232422,
      13.738327980041504,
      1.649190068244934,
      1.3899693489074707,
      1.2731295824050903,
      1.1757630109786987
    ],
    [
      30.247968673706055,
      16.027986526489258,
      36.378929138183594,
      34.26116943359375,
      47.155269622802734,
      44.32981491088867,
      51.9822998046875,
      51.49412536621094,
      68.20751953125,
      66.22118377685547,
      62.21608352661133,
      54.05722427368164,
      16.265419006347656,
      13.690083503723145,
      1.329909086227417,
      1.0843141078948975,
      0.8695648312568665,
      0.7908653020858765
    ],
    [
      29.36528968811035,
      15.050585746765137,
      32.65958786010742,
      30.773500442504883,
      42.090240478515625,
      39.53406524658203,
      47.62254333496094,
      48.03697204589844,
      59.72309494018555,
      59.146324157714844,
      54.05722427368164,
      50.42747116088867,
      14.430073738098145,
      12.170581817626953,
      1.1620476245880127,
      0.949210524559021,
      0.7602596879005432,
      0.6970981359481812
    ],
    [
      8.698860168457031,
      4.5875420570373535,
      8.896590232849121,
      8.595800399780273,
      11.580892562866211,
      10.974275588989258,
      14.16485595703125,
      13.597857475280762,
      16.241355895996094,
      15.996746063232422,
      16.265419006347656,
      14.430073738098145,
      7.691092014312744,
      6.281015872955322,
      0.5411675572395325,
      0.4239780008792877,
      0.25455302000045776,
      0.2286616414785385
    ],
    [
      7.7840070724487305,
      4.00531530380249,
      7.919602394104004,
      7.632997512817383,
      9.488618850708008,
      9.144050598144531,
      12.036088943481445,
      11.709269523620605,
      13.862041473388672,
      13.738327980041504,
      13.690083503723145,
      12.170581817626953,
      6.281015872955322,
      5.419201850891113,
      0.46158191561698914,
      0.3648458421230316,
      0.21562080085277557,
      0.1941773146390915
    ],
    [
      0.6962528228759766,
      0.5250353217124939,
      0.7219111323356628,
      0.7246561646461487,
      0.9026647806167603,
      0.8386020064353943,
      1.0781059265136719,
      1.0494019985198975,
      1.713052749633789,
      1.649190068244934,
      1.329909086227417,
      1.1620476245880127,
      0.5411675572395325,
      0.46158191561698914,
      0.09794967621564865,
      0.07151768356561661,
      0.0603821836411953,
      0.054998889565467834
    ],
    [
      0.5937100648880005,
      0.45338815450668335,
      0.5620738863945007,
      0.5503078699111938,
      0.6686800122261047,
      0.632260799407959,
      0.8099199533462524,
      0.7976081967353821,
      1.4485925436019897,
      1.3899693489074707,
      1.0843141078948975,
      0.949210524559021,
      0.4239780008792877,
      0.3648458421230316,
      0.07151768356561661,
      0.06047847867012024,
      0.05455861613154411,
      0.050987690687179565
    ],
    [
      0.3508412539958954,
      0.39658018946647644,
      0.3653925061225891,
      0.3416549861431122,
      0.4492875039577484,
      0.41417229175567627,
      0.49369266629219055,
      0.4881361722946167,
      1.351813793182373,
      1.2731295824050903,
      0.8695648312568665,
      0.7602596879005432,
      0.25455302000045776,
      0.21562080085277557,
      0.0603821836411953,
      0.05455861613154411,
      0.06342659890651703,
      0.05957278236746788
    ],
    [
      0.3113141655921936,
      0.3693910241127014,
      0.3237479329109192,
      0.31106922030448914,
      0.38345909118652344,
      0.35458844900131226,
      0.4239315688610077,
      0.4251250624656677,
      1.2487461566925049,
      1.1757630109786987,
      0.7908653020858765,
      0.6970981359481812,
      0.2286616414785385,
      0.1941773146390915,
      0.054998889565467834,
      0.050987690687179565,
      0.05957278236746788,
      0.05726984888315201
    ]
  ],
  "covariance_short": [
    [
      75.23917388916016,
      23.970701217651367,
      37.04594421386719,
      53.288204193115234,
      24.857908248901367,
      21.567626953125,
      31.791357040405273,
      34.73460006713867,
      48.17548751831055,
      51.558204650878906,
      31.7348690032959,
      30.45220184326172,
      8.902165412902832,
      8.026241302490234,
      1.2418080568313599,
      1.1462067365646362,
      1.1085747480392456,
      1.046550989151001
    ],
    [
      23.970701217651367,
      12.565445899963379,
      14.36164379119873,
      18.023365020751953,
      9.642801284790039,
      8.839703559875488,
      13.08637523651123,
      13.946391105651855,
      17.230106353759766,
      18.693288803100586,
      11.883415222167969,
      11.12330436706543,
      3.3090713024139404,
      2.922480821609497,
      0.3959686756134033,
      0.34448927640914917,
      0.3049320578575134,
      0.2807367742061615
    ],
    [
      37.04594421386719,
      14.36164379119873,
      70.77952575683594,
      62.20542907714844,
      37.2625732421875,
      33.2800407409668,
      48.36378860473633,
      50.22539520263672,
      50.92381286621094,
      52.4071159362793,
      35.198848724365234,
      32.00868225097656,
      8.625337600708008,
      7.853664398193359,
      0.6891658306121826,
      0.5566728711128235,
      0.35317108035087585,
      0.31823262572288513
    ],
    [
      53.288204193115234,
      18.023365020751953,
      62.20542907714844,
      92.9996109008789,
      34.79716110229492,
      32.541221618652344,
      47.253662109375,
      50.16398620605469,
      67.43880462646484,
      66.45185089111328,
      40.76570510864258,
      36.63153076171875,
      9.679205894470215,
      8.694306373596191,
      1.4165935516357422,
      1.28476881980896,
      1.319837212562561,
      1.249595284461975
    ],
    [
      24.857908248901367,
      9.642801284790039,
      37.2625732421875,
      34.79716110229492,
      58.290489196777344,
      49.0826301574707,
      48.84115219116211,
      48.7802619934082,
      56.7940559387207,
      55.84683609008789,
      48.04080581665039,
      43.77044677734375,
      11.557378768920898,
      9.743229866027832,
      0.9088572263717651,
      0.6907914876937866,
      0.46803224086761475,
      0.3968224823474884
    ],
    [
      21.567626953125,
      8.839703559875488,
      33.2800407409668,
      32.541221618652344,
      49.0826301574707,
      54.04311752319336,
      45.9102668762207,
      46.701473236083984,
      52.90386199951172,
      51.83808898925781,
      44.601593017578125,
      40.32264709472656,
      10.910706520080566,
      9.39749526977539,
      0.8273956179618835,
      0.6397878527641296,
      0.41611248254776,
      0.3608089089393616
    ],
    [
      31.791357040405273,
      13.08637523651123,
      48.36378860473633,
      47.253662109375,
      48.84115219116211,
      45.9102668762207,
      76.15092468261719,
      72.11195373535156,
      67.3447036743164,
      65.75057983398438,
      51.15398025512695,
      46.61372756958008,
      13.615461349487305,
      11.777271270751953,
      1.0462077856063843,
      0.8117444515228271,
      0.5007085204124451,
      0.4265598654747009
    ],
    [
      34.73460006713867,
      13.946391105651855,
      50.22539520263672,
      50.16398620605469,
      48.7802619934082,
      46.701473236083984,
      72.11195373535156,
      77.88744354248047,
      68.07183837890625,
      67.88220977783203,
      51.41384506225586,
      48.154151916503906,
      13.236342430114746,
      11.62999153137207,
      1.0056923627853394,
      0.7928899526596069,
      0.4906775951385498,
      0.4282616078853607
    ],
    [
      48.17548751831055,
      17.230106353759766,
      50.92381286621094,
      67.43880462646484,
      56.7940559387207,
      52.90386199951172,
      67.3447036743164,
      68.07183837890625,
      95.14208221435547,
      88.48799896240234,
      67.91824340820312,
      60.08608627319336,
      15.749382019042969,
      13.826067924499512,
      1.670823097229004,
      1.4433308839797974,
      1.3417901992797852,
      1.23751962184906
    ],
    [
      51.558204650878906,
      18.693288803100586,
      52.4071159362793,
      66.45185089111328,
      55.84683609008789,
      51.83808898925781,
      65.75057983398438,
      67.88220977783203,
      88.48799896240234,
      89.78119659423828,
      66.45471954345703,
      59.86121368408203,
      15.75670337677002,
      13.84416675567627,
      1.600305199623108,
      1.3809822797775269,
      1.2613646984100342,
      1.1653412580490112
    ],
    [
      31.7348690032959,
      11.883415222167969,
      35.198848724365234,
      40.76570510864258,
      48.04080581665039,
      44.601593017578125,
      51.15398025512695,
      51.41384506225586,
      67.91824340820312,
      66.45471954345703,
      63.555458068847656,
      55.51250076293945,
      16.247608184814453,
      14.062529563903809,
      1.355320692062378,
      1.1212149858474731,
      0.8891667127609253,
      0.8073105216026306
    ],
    [
      30.45220184326172,
      11.12330436706543,
      32.00868225097656,
      36.63153076171875,
      43.77044677734375,
      40.32264709472656,
      46.61372756958008,
      48.154151916503906,
      60.08608627319336,
      59.86121368408203,
      55.51250076293945,
      52.90631103515625,
      14.631047248840332,
      12.714404106140137,
      1.2115384340286255,
      1.000817894935608,
      0.7901450395584106,
      0.7218396663665771
    ],
    [
      8.902165412902832,
      3.3090713024139404,
      8.625337600708008,
      9.679205894470215,
      11.557378768920898,
      10.910706520080566,
      13.615461349487305,
      13.236342430114746,
      15.749382019042969,
      15.75670337677002,
      16.247608184814453,
      14.631047248840332,
      7.559823989868164,
      6.286260604858398,
      0.5882738828659058,
      0.4606747031211853,
      0.27537932991981506,
      0.24313212931156158
    ],
    [
      8.026241302490234,
      2.922480821609497,
      7.853664398193359,
      8.694306373596191,
      9.743229866027832,
      9.39749526977539,
      11.777271270751953,
      11.62999153137207,
      13.826067924499512,
      13.84416675567627,
      14.062529563903809,
      12.714404106140137,
      6.286260604858398,
      5.644176006317139,
      0.51068115234375,
      0.4043819308280945,
      0.2374425232410431,
      0.20973363518714905
    ],
    [
      1.2418080568313599,
      0.3959686756134033,
      0.6891658306121826,
      1.4165935516357422,
      0.9088572263717651,
      0.8273956179618835,
      1.0462077856063843,
      1.0056923627853394,
      1.670823097229004,
      1.600305199623108,
      1.355320692062378,
      1.2115384340286255,
      0.5882738828659058,
      0.51068115234375,
      0.1384221613407135,
      0.09458629041910172,
      0.0722658708691597,
      0.0626121386885643
    ],
    [
      1.1462067365646362,
      0.34448927640914917,
      0.5566728711128235,
      1.28476881980896,
      0.6907914876937866,
      0.6397878527641296,
      0.8117444515228271,
      0.7928899526596069,
      1.4433308839797974,
      1.3809822797775269,
      1.1212149858474731,
      1.000817894935608,
      0.4606747031211853,
      0.4043819308280945,
      0.09458629041910172,
      0.08322809636592865,
      0.06197372451424599,
      0.05602117255330086
    ],
    [
      1.1085747480392456,
      0.3049320578575134,
      0.35317108035087585,
      1.319837212562561,
      0.46803224086761475,
      0.41611248254776,
      0.5007085204124451,
      0.4906775951385498,
      1.3417901992797852,
      1.2613646984100342,
      0.8891667127609253,
      0.7901450395584106,
      0.27537932991981506,
      0.2374425232410431,
      0.0722658708691597,
      0.06197372451424599,
      0.07393636554479599,
      0.0631692036986351
    ],
    [
      1.046550989151001,
      0.2807367742061615,
      0.31823262572288513,
      1.249595284461975,
      0.3968224823474884,
      0.3608089089393616,
      0.4265598654747009,
      0.4282616078853607,
      1.23751962184906,
      1.1653412580490112,
      0.8073105216026306,
      0.7218396663665771,
      0.24313212931156158,
      0.20973363518714905,
      0.0626121386885643,
      0.05602117255330086,
      0.0631692036986351,
      0.0645785853266716
    ]
  ],
  "drr": 8.530204772949219,
  "dynamics": 5.792429447174072,
  "format": 1245190,
  "frames": 5425152,
  "loudness": -28.842525482177734,
  "loudness_range": 18.16118621826172,
  "loudness_range_short": 19.86457061767578,
  "peak": -6.047225475311279,
  "rms": -28.348779678344727,
  "sample_rate": 44100,
  "sections": 1,
  "seekable": 1,
  "sharpness": 2.7726857662200928,
  "space": -8.505748748779297
}