{
  "bands": [
    {
      "high_freq": 148.1999969482422,
      "loudness": -18.51097869873047,
      "loudness_range": 11.18069076538086,
      "mid_mean": -15.234386444091797,
      "mid_to_side_loudness": -13.464774131774902,
      "mid_to_side_loudness_range": 18.420888900756836,
      "side_mean": -28.602500915527344
    },
    {
      "high_freq": 392.3793640136719,
      "loudness": -22.71993637084961,
      "loudness_range": 8.772615432739258,
      "low_freq": 148.1999969482422,
      "mid_mean": -20.206100463867188,
      "mid_to_side_loudness": -6.564390659332275,
      "mid_to_side_loudness_range": 10.940774917602539,
      "side_mean": -26.563581466674805
    },
    {
      "high_freq": 794.6976318359375,
      "loudness": -27.507299423217773,
      "loudness_range": 13.057268142700195,
      "low_freq": 392.3793640136719,
      "mid_mean": -25.843053817749023,
      "mid_to_side_loudness": -4.040594577789307,
      "mid_to_side_loudness_range": 12.430221557617188,
      "side_mean": -29.54996109008789
    },
    {
      "high_freq": 1457.5709228515625,
      "loudness": -25.464399337768555,
      "loudness_range": 18.311969757080078,
      "low_freq": 794.6976318359375,
      "mid_mean": -23.851343154907227,
      "mid_to_side_loudness": -3.4808530807495117,
      "mid_to_side_loudness_range": 10.898090362548828,
      "side_mean": -26.962188720703125
    },
    {
      "high_freq": 2549.74365234375,
      "loudness": -24.465837478637695,
      "loudness_range": 17.93604278564453,
      "low_freq": 1457.5709228515625,
      "mid_mean": -22.48558235168457,
      "mid_to_side_loudness": -4.598689079284668,
      "mid_to_side_loudness_range": 11.376391410827637,
      "side_mean": -26.759052276611328
    },
    {
      "high_freq": 4349.24462890625,
      "loudness": -27.052473068237305,
      "loudness_range": 23.645545959472656,
      "low_freq": 2549.74365234375,
      "mid_mean": -25.59223175048828,
      "mid_to_side_loudness": -4.007757186889648,
      "mid_to_side_loudness_range": 13.162567138671875,
      "side_mean": -28.511516571044922
    },
    {
      "high_freq": 7314.1640625,
      "loudness": -29.241857528686523,
      "loudness_range": 21.56260108947754,
      "low_freq": 4349.24462890625,
      "mid_mean": -27.4696044921875,
      "mid_to_side_loudness": -4.745144367218018,
      "mid_to_side_loudness_range": 13.752693176269531,
      "side_mean": -31.406455993652344
    },
    {
      "high_freq": 12199.2666015625,
      "loudness": -31.724590301513672,
      "loudness_range": 20.710176467895508,
      "low_freq": 7314.1640625,
      "mid_mean": -30.245573043823242,
      "mid_to_side_loudness": -4.263856887817383,
      "mid_to_side_loudness_range": 13.808849334716797,
      "side_mean": -33.837242126464844
    },
    {
      "loudness": -38.28288269042969,
      "loudness_range": 19.995811462402344,
      "low_freq": 12199.2666015625,
      "mid_mean": -37.186744689941406,
      "mid_to_side_loudness": -4.662336826324463,
      "mid_to_side_loudness_range": 14.327665328979492,
      "side_mean": -40.754920959472656
    }
  ],
  "bands_short": [
    {
      "high_freq": 148.1999969482422,
      "loudness": -20.730775833129883,
      "loudness_range": 16.017227172851562,
      "mid_mean": -17.988224029541016,
      "mid_to_side_loudness": -13.423518180847168,
      "mid_to_side_loudness_range": 24.49855613708496,
      "side_mean": -32.28818893432617
    },
    {
      "high_freq": 392.3793640136719,
      "loudness": -22.509384155273438,
      "loudness_range": 15.071423530578613,
      "low_freq": 148.1999969482422,
      "mid_mean": -19.996370315551758,
      "mid_to_side_loudness": -7.329936504364014,
      "mid_to_side_loudness_range": 14.473012924194336,
      "side_mean": -27.4050350189209
    },
    {
      "high_freq": 794.6976318359375,
      "loudness": -27.815349578857422,
      "loudness_range": 15.372222900390625,
      "low_freq": 392.3793640136719,
      "mid_mean": -26.304000854492188,
      "mid_to_side_loudness": -4.043752193450928,
      "mid_to_side_loudness_range": 15.340919494628906,
      "side_mean": -30.12590789794922
    },
    {
      "high_freq": 1457.5709228515625,
      "loudness": -25.420719146728516,
      "loudness_range": 18.67719841003418,
      "low_freq": 794.6976318359375,
      "mid_mean": -23.925840377807617,
      "mid_to_side_loudness": -3.409557580947876,
      "mid_to_side_loudness_range": 13.423961639404297,
      "side_mean": -27.174938201904297
    },
    {
      "high_freq": 2549.74365234375,
      "loudness": -25.430137634277344,
      "loudness_range": 21.066974639892578,
      "low_freq": 1457.5709228515625,
      "mid_mean": -23.65552520751953,
      "mid_to_side_loudness": -4.280384063720703,
      "mid_to_side_loudness_range": 13.548659324645996,
      "side_mean": -27.755125045776367
    },
    {
      "high_freq": 4349.24462890625,
      "loudness": -27.421005249023438,
      "loudness_range": 24.788333892822266,
      "low_freq": 2549.74365234375,
      "mid_mean": -26.296939849853516,
      "mid_to_side_loudness": -3.65264892578125,
      "mid_to_side_loudness_range": 14.54798698425293,
      "side_mean": -28.791357040405273
    },
    {
      "high_freq": 7314.1640625,
      "loudness": -29.927616119384766,
      "loudness_range": 24.738927841186523,
      "low_freq": 4349.24462890625,
      "mid_mean": -28.739734649658203,
      "mid_to_side_loudness": -3.8115146160125732,
      "mid_to_side_loudness_range": 14.665361404418945,
      "side_mean": -31.914691925048828
    },
    {
      "high_freq": 12199.2666015625,
      "loudness": -32.345977783203125,
      "loudness_range": 23.85862922668457,
      "low_freq": 7314.1640625,
      "mid_mean": -31.64780044555664,
      "mid_to_side_loudness": -3.757835865020752,
      "mid_to_side_loudness_range": 14.407157897949219,
      "side_mean": -34.81806945800781
    },
    {
      "loudness": -39.345523834228516,
      "loudness_range": 23.977882385253906,
      "low_freq": 12199.2666015625,
      "mid_mean": -38.8266716003418,
      "mid_to_side_loudness": -4.26715612411499,
      "mid_to_side_loudness_range": 14.944878578186035,
      "side_mean": -42.64085388183594
    }
  ],
  "channels": 2,
  "covariance": [
    [
      22.066539764404297,
      6.085136413574219,
      8.021416664123535,
      12.64465045928955,
      2.7945706844329834,
      11.56160831451416,
      11.570740699768066,
      21.785844802856445,
      16.7094783782959,
      27.71227264404297,
      18.55494499206543,
      29.547134399414062,
      16.62948226928711,
      27.598119735717773,
      17.031095504760742,
      26.39246940612793,
      18.12132453918457,
      27.12799644470215
    ],
    [
      6.085136413574219,
      35.39719009399414,
      7.74425745010376,
      23.515615463256836,
      8.568243026733398,
      23.764047622680664,
      12.836119651794434,
      22.664203643798828,
      11.961112022399902,
      22.338239669799805,
      19.473527908325195,
      33.505123138427734,
      18.210712432861328,
      30.523426055908203,
      13.862884521484375,
      21.312959671020508,
      13.904293060302734,
      20.083890914916992
    ],
    [
      8.021416664123535,
      7.74425745010376,
      13.393239974975586,
      11.903623580932617,
      6.6970014572143555,
      10.051057815551758,
      11.31391429901123,
      12.780562400817871,
      13.03625202178955,
      15.515243530273438,
      15.663692474365234,
      19.05989646911621,
      16.38434600830078,
      18.08289337158203,
      13.415873527526855,
      13.727758407592773,
      12.538276672363281,
      12.644697189331055
    ],
    [
      12.64465045928955,
      23.515615463256836,
      11.903623580932617,
      30.650108337402344,
      10.530486106872559,
      28.538440704345703,
      18.524642944335938,
      31.252056121826172,
      19.236892700195312,
      32.891788482666016,
      25.911466598510742,
      43.458560943603516,
      24.520830154418945,
      41.1380729675293,
      21.44699478149414,
      33.124969482421875,
      21.89427947998047,
      31.89547348022461
    ],
    [
      2.7945706844329834,
      8.568243026733398,
      6.6970014572143555,
      10.530486106872559,
      19.627180099487305,
      23.215791702270508,
      15.176980018615723,
      18.943313598632812,
      15.404330253601074,
      20.80500602722168,
      21.443586349487305,
      27.86015510559082,
      17.816242218017578,
      22.650863647460938,
      14.74079418182373,
      19.213523864746094,
      14.61365032196045,
      17.31128692626953
    ],
    [
      11.56160831451416,
      23.764047622680664,
      10.051057815551758,
      28.538440704345703,
      23.215791702270508,
      52.5780143737793,
      27.33538246154785,
      46.7319450378418,
      26.621545791625977,
      46.2351188659668,
      39.236331939697266,
      63.61705017089844,
      34.44282150268555,
      56.6880989074707,
      30.12947654724121,
      47.486915588378906,
      30.573135375976562,
      44.253902435302734
    ],
    [
      11.570740699768066,
      12.836119651794434,
      11.31391429901123,
      18.524642944335938,
      15.176980018615723,
      27.33538246154785,
      36.885833740234375,
      42.79197311401367,
      22.571754455566406,
      31.47222137451172,
      35.35751724243164,
      44.915401458740234,
      26.726072311401367,
      36.3243293762207,
      23.713581085205078,
      32.396846771240234,
      23.8293514251709,
      29.76468276977539
    ],
    [
      21.785844802856445,
      22.664203643798828,
      12.780562400817871,
      31.252056121826172,
      18.943313598632812,
      46.7319450378418,
      42.79197311401367,
      70.21410369873047,
      32.76631546020508,
      55.90924835205078,
      48.631343841552734,
      74.10208129882812,
      40.0738410949707,
      66.11014556884766,
      36.28870391845703,
      59.43125915527344,
      36.32978820800781,
      55.45371627807617
    ],
    [
      16.7094783782959,
      11.961112022399902,
      13.03625202178955,
      19.236892700195312,
      15.404330253601074,
      26.621545791625977,
      22.571754455566406,
      32.76631546020508,
      35.752017974853516,
      43.511226654052734,
      34.922882080078125,
      44.62492370605469,
      28.58786964416504,
      40.57402038574219,
      25.791461944580078,
      35.86374282836914,
      23.428544998168945,
      33.392757415771484
    ],
    [
      27.71227264404297,
      22.338239669799805,
      15.515243530273438,
      32.891788482666016,
      20.80500602722168,
      46.2351188659668,
      31.47222137451172,
      55.90924835205078,
      43.511226654052734,
      75.9458236694336,
      53.841552734375,
      85.87284088134766,
      45.52212905883789,
      78.37421417236328,
      40.949527740478516,
      69.66669464111328,
      39.36058807373047,
      66.18321990966797
    ],
    [
      18.55494499206543,
      19.473527908325195,
      15.663692474365234,
      25.911466598510742,
      21.443586349487305,
      39.236331939697266,
      35.35751724243164,
      48.631343841552734,
      34.922882080078125,
      53.841552734375,
      62.02358627319336,
      74.28888702392578,
      44.11090850830078,
      59.82007598876953,
      35.668880462646484,
      46.90925598144531,
      33.54008483886719,
      41.690711975097656
    ],
    [
      29.547134399414062,
      33.505123138427734,
      19.05989646911621,
      43.458560943603516,
      27.86015510559082,
      63.61705017089844,
      44.915401458740234,
      74.10208129882812,
      44.62492370605469,
      85.87284088134766,
      74.28888702392578,
      124.6023178100586,
      63.73834228515625,
      107.30628204345703,
      54.09688186645508,
      89.75691986083984,
      52.118812561035156,
      82.2833251953125
    ],
    [
      16.62948226928711,
      18.210712432861328,
      16.38434600830078,
      24.520830154418945,
      17.816242218017578,
      34.44282150268555,
      26.726072311401367,
      40.0738410949707,
      28.58786964416504,
      45.52212905883789,
      44.11090850830078,
      63.73834228515625,
      53.07294845581055,
      64.6728286743164,
      43.23927307128906,
      51.63795471191406,
      41.252567291259766,
      45.04756546020508
    ],
    [
      27.598119735717773,
      30.523426055908203,
      18.08289337158203,
      41.1380729675293,
      22.650863647460938,
      56.6880989074707,
      36.3243293762207,
      66.11014556884766,
      40.57402038574219,
      78.37421417236328,
      59.82007598876953,
      107.30628204345703,
      64.6728286743164,
      113.37378692626953,
      58.994258880615234,
      95.77802276611328,
      56.98343276977539,
      86.66265869140625
    ],
    [
      17.031095504760742,
      13.862884521484375,
      13.415873527526855,
      21.44699478149414,
      14.74079418182373,
      30.12947654724121,
      23.713581085205078,
      36.28870391845703,
      25.791461944580078,
      40.949527740478516,
      35.668880462646484,
      54.09688186645508,
      43.23927307128906,
      58.994258880615234,
      49.42918395996094,
      58.09135437011719,
      49.35808181762695,
      52.04184341430664
    ],
    [
      26.39246940612793,
      21.312959671020508,
      13.727758407592773,
      33.124969482421875,
      19.213523864746094,
      47.486915588378906,
      32.396846771240234,
      59.43125915527344,
      35.86374282836914,
      69.66669464111328,
      46.90925598144531,
      89.75691986083984,
      51.63795471191406,
      95.77802276611328,
      58.09135437011719,
      101.57498168945312,
      59.927528381347656,
      93.93594360351562
    ],
    [
      18.12132453918457,
      13.904293060302734,
      12.538276672363281,
      21.89427947998047,
      14.61365032196045,
      30.573135375976562,
      23.8293514251709,
      36.32978820800781,
      23.428544998168945,
      39.36058807373047,
      33.54008483886719,
      52.118812561035156,
      41.252567291259766,
      56.98343276977539,
      49.35808181762695,
      59.927528381347656,
      60.431278228759766,
      60.7135009765625
    ],
    [
      27.12799644470215,
      20.083890914916992,
      12.644697189331055,
      31.89547348022461,
      17.31128692626953,
      44.253902435302734,
      29.76468276977539,
      55.45371627807617,
      33.392757415771484,
      66.18321990966797,
      41.690711975097656,
      82.2833251953125,
      45.04756546020508,
      86.66265869140625,
      52.04184341430664,
      93.93594360351562,
      60.7135009765625,
      102.83760833740234
    ]
  ],
  "covariance_short": [
    [
      56.36648941040039,
      13.305660247802734,
      13.314265251159668,
      17.751903533935547,
      2.2305798530578613,
      8.897932052612305,
      11.655771255493164,
      21.208492279052734,
      17.63435935974121,
      27.995569229125977,
      17.643455505371094,
      28.610836029052734,
      15.283147811889648,
      28.22712516784668,
      18.079179763793945,
      31.1286678314209,
      22.525117874145508,
      35.45121765136719
    ],
    [
      13.305660247802734,
      63.2635498046875,
      20.129667282104492,
      33.6664924621582,
      8.360969543457031,
      20.477571487426758,
      12.235209465026855,
      17.70347785949707,
      12.563154220581055,
      15.724485397338867,
      19.41124153137207,
      25.660968780517578,
      19.3868408203125,
      21.8602237701416,
      13.776642799377441,
      13.976967811584473,
      15.22200870513916,
      16.58074951171875
    ],
    [
      13.314265251159668,
      20.129667282104492,
      29.871931076049805,
      22.94856834411621,
      7.436410427093506,
      12.39944839477539,
      10.531167984008789,
      12.147392272949219,
      13.35631275177002,
      14.377012252807617,
      16.943939208984375,
      18.7421875,
      18.420997619628906,
      17.25666046142578,
      14.781824111938477,
      12.208744049072266,
      14.652289390563965,
      13.70033073425293
    ],
    [
      17.751903533935547,
      33.6664924621582,
      22.94856834411621,
      48.33535385131836,
      14.106575965881348,
      31.250505447387695,
      19.982757568359375,
      31.001361846923828,
      21.443967819213867,
      30.641876220703125,
      29.921836853027344,
      41.50003433227539,
      30.708738327026367,
      40.12948989868164,
      25.637914657592773,
      33.56690216064453,
      27.449575424194336,
      35.45195388793945
    ],
    [
      2.2305798530578613,
      8.360969543457031,
      7.436410427093506,
      14.106575965881348,
      26.000694274902344,
      27.554113388061523,
      19.737123489379883,
      25.55974769592285,
      15.4082670211792,
      20.939437866210938,
      24.214452743530273,
      29.652700424194336,
      25.134939193725586,
      27.622844696044922,
      20.986042022705078,
      22.938827514648438,
      21.12376594543457,
      24.92629051208496
    ],
    [
      8.897932052612305,
      20.477571487426758,
      12.39944839477539,
      31.250505447387695,
      27.554113388061523,
      60.881813049316406,
      32.427913665771484,
      53.94929885864258,
      29.574464797973633,
      48.686859130859375,
      44.82963943481445,
      65.87836456298828,
      44.05927658081055,
      62.14643859863281,
      38.20109558105469,
      53.08290481567383,
      38.87278366088867,
      56.17743682861328
    ],
    [
      11.655771255493164,
      12.235209465026855,
      10.531167984008789,
      19.982757568359375,
      19.737123489379883,
      32.427913665771484,
      37.23893737792969,
      42.98988723754883,
      27.198692321777344,
      36.392147064208984,
      34.6810417175293,
      43.81513977050781,
      33.51109313964844,
      42.07515335083008,
      30.12462043762207,
      38.931217193603516,
      30.959121704101562,
      40.0161018371582
    ],
    [
      21.208492279052734,
      17.70347785949707,
      12.147392272949219,
      31.001361846923828,
      25.55974769592285,
      53.94929885864258,
      42.98988723754883,
      75.0343246459961,
      38.371673583984375,
      63.6937141418457,
      51.92071533203125,
      76.9393081665039,
      48.64915466308594,
      73.44827270507812,
      44.56379699707031,
      69.39697265625,
      45.50286865234375,
      70.40617370605469
    ],
    [
      17.63435935974121,
      12.563154220581055,
      13.35631275177002,
      21.443967819213867,
      15.4082670211792,
      29.574464797973633,
      27.198692321777344,
      38.371673583984375,
      49.552635192871094,
      55.88896179199219,
      43.725807189941406,
      49.600074768066406,
      34.21677780151367,
      44.58843994140625,
      32.16230010986328,
      42.61494445800781,
      31.99439811706543,
      43.67381286621094
    ],
    [
      27.995569229125977,
      15.724485397338867,
      14.377012252807617,
      30.641876220703125,
      20.939437866210938,
      48.686859130859375,
      36.392147064208984,
      63.6937141418457,
      55.88896179199219,
      91.23746490478516,
      62.636260986328125,
      90.7578353881836,
      51.74564743041992,
      83.32040405273438,
      47.64739227294922,
      78.49749755859375,
      47.8028564453125,
      79.47127532958984
    ],
    [
      17.643455505371094,
      19.41124153137207,
      16.943939208984375,
      29.921836853027344,
      24.214452743530273,
      44.82963943481445,
      34.6810417175293,
      51.92071533203125,
      43.725807189941406,
      62.636260986328125,
      71.99370574951172,
      79.5000991821289,
      56.98436737060547,
      70.25489807128906,
      47.045475006103516,
      58.325218200683594,
      45.10621643066406,
      58.40657043457031
    ],
    [
      28.610836029052734,
      25.660968780517578,
      18.7421875,
      41.50003433227539,
      29.652700424194336,
      65.87836456298828,
      43.81513977050781,
      76.9393081665039,
      49.600074768066406,
      90.7578353881836,
      79.5000991821289,
      130.5595703125,
      75.10810089111328,
      115.80713653564453,
      63.132137298583984,
      100.30764770507812,
      61.81554412841797,
      99.25473022460938
    ],
    [
      15.283147811889648,
      19.3868408203125,
      18.420997619628906,
      30.708738327026367,
      25.134939193725586,
      44.05927658081055,
      33.51109313964844,
      48.64915466308594,
      34.21677780151367,
      51.74564743041992,
      56.98436737060547,
      75.10810089111328,
      75.85314178466797,
      80.52093505859375,
      61.72000503540039,
      67.9495849609375,
      59.8234748840332,
      67.09246826171875
    ],
    [
      28.22712516784668,
      21.8602237701416,
      17.25666046142578,
      40.12948989868164,
      27.622844696044922,
      62.14643859863281,
      42.07515335083008,
      73.44827270507812,
      44.58843994140625,
      83.32040405273438,
      70.25489807128906,
      115.80713653564453,
      80.52093505859375,
      127.87342834472656,
      72.8126220703125,
      111.14311981201172,
      71.01850128173828,
      107.19236755371094
    ],
    [
      18.079179763793945,
      13.776642799377441,
      14.781824111938477,
      25.637914657592773,
      20.986042022705078,
      38.20109558105469,
      30.12462043762207,
      44.56379699707031,
      32.16230010986328,
      47.64739227294922,
      47.045475006103516,
      63.132137298583984,
      61.72000503540039,
      72.8126220703125,
      74.42855072021484,
      77.13003540039062,
      73.43309020996094,
      78.52603149414062
    ],
    [
      31.1286678314209,
      13.976967811584473,
      12.208744049072266,
      33.56690216064453,
      22.938827514648438,
      53.08290481567383,
      38.931217193603516,
      69.39697265625,
      42.61494445800781,
      78.49749755859375,
      58.325218200683594,
      100.30764770507812,
      67.9495849609375,
      111.14311981201172,
      77.13003540039062,
      123.63697052001953,
      79.92123413085938,
      119.31360626220703
    ],
    [
      22.525117874145508,
      15.22200870513916,
      14.652289390563965,
      27.449575424194336,
      21.12376594543457,
      38.87278366088867,
      30.959121704101562,
      45.50286865234375,
      31.99439811706543,
      47.8028564453125,
      45.10621643066406,
      61.81554412841797,
      59.8234748840332,
      71.01850128173828,
      73.43309020996094,
      79.92123413085938,
      88.85664367675781,
      90.61643981933594
    ],
    [
      35.45121765136719,
      16.58074951171875,
      13.70033073425293,
      35.45195388793945,
      24.92629051208496,
      56.17743682861328,
      40.0161018371582,
      70.40617370605469,
      43.67381286621094,
      79.47127532958984,
      58.40657043457031,
      99.25473022460938,
      67.09246826171875,
      107.19236755371094,
      78.52603149414062,
      119.31360626220703,
      90.61643981933594,
      137.91868591308594
    ]
  ],
  "drr": 12.367637634277344,
  "dynamics": 4.345557689666748,
  "format": 1245190,
  "frames": 4411392,
  "loudness": -11.253504753112793,
  "loudness_range": 13.003706932067871,
  "loudness_range_short": 13.666874885559082,
  "peak": 0.7715122103691101,
  "rms": -12.200984001159668,
  "sample_rate": 44100,
  "sections": 1,
  "seekable": 1,
  "sharpness": 2.8332622051239014,
  "space": -5.919557571411133
}