{
  "bands": [
    {
      "high_freq": 148.1999969482422,
      "loudness": -41.423885345458984,
      "loudness_range": 28.561193466186523,
      "mid_mean": -38.776023864746094,
      "mid_to_side_loudness": -8.832515716552734,
      "mid_to_side_loudness_range": 16.654165267944336,
      "side_mean": -47.99410629272461
    },
    {
      "high_freq": 392.3793640136719,
      "loudness": -34.99898147583008,
      "loudness_range": 23.294921875,
      "low_freq": 148.1999969482422,
      "mid_mean": -32.80107498168945,
      "mid_to_side_loudness": -4.8579864501953125,
      "mid_to_side_loudness_range": 10.178084373474121,
      "side_mean": -37.650611877441406
    },
    {
      "high_freq": 794.6976318359375,
      "loudness": -35.3570442199707,
      "loudness_range": 22.68306541442871,
      "low_freq": 392.3793640136719,
      "mid_mean": -33.0634651184082,
      "mid_to_side_loudness": -4.837898254394531,
      "mid_to_side_loudness_range": 8.599123001098633,
      "side_mean": -37.97016906738281
    },
    {
      "high_freq": 1457.5709228515625,
      "loudness": -37.867794036865234,
      "loudness_range": 25.808082580566406,
      "low_freq": 794.6976318359375,
      "mid_mean": -36.426876068115234,
      "mid_to_side_loudness": -2.5687434673309326,
      "mid_to_side_loudness_range": 8.92674446105957,
      "side_mean": -38.91360855102539
    },
    {
      "high_freq": 2549.74365234375,
      "loudness": -46.69754409790039,
      "loudness_range": 30.33546257019043,
      "low_freq": 1457.5709228515625,
      "mid_mean": -45.8707160949707,
      "mid_to_side_loudness": -1.8311647176742554,
      "mid_to_side_loudness_range": 8.630060195922852,
      "side_mean": -47.73240661621094
    },
    {
      "high_freq": 4349.24462890625,
      "loudness": -55.20620346069336,
      "loudness_range": 27.515899658203125,
      "low_freq": 2549.74365234375,
      "mid_mean": -53.11545181274414,
      "mid_to_side_loudness": -2.944873809814453,
      "mid_to_side_loudness_range": 4.832842826843262,
      "side_mean": -55.783935546875
    },
    {
      "high_freq": 7314.1640625,
      "loudness": -59.73155975341797,
      "loudness_range": 19.141525268554688,
      "low_freq": 4349.24462890625,
      "mid_mean": -57.545352935791016,
      "mid_to_side_loudness": -2.649890661239624,
      "mid_to_side_loudness_range": 1.8251591920852661,
      "side_mean": -59.80825424194336
    },
    {
      "high_freq": 12199.2666015625,
      "loudness": -62.81360626220703,
      "loudness_range": 10.029499053955078,
      "low_freq": 7314.1640625,
      "mid_mean": -60.51691436767578,
      "mid_to_side_loudness": -2.485995292663574,
      "mid_to_side_loudness_range": 0.6341016292572021,
      "side_mean": -62.569602966308594
    },
    {
      "loudness": -63.3042106628418,
      "loudness_range": 3.8026161193847656,
      "low_freq": 12199.2666015625,
      "mid_mean": -61.0203742980957,
      "mid_to_side_loudness": -2.1504390239715576,
      "mid_to_side_loudness_range": 0.4520481824874878,
      "side_mean": -62.82555389404297
    }
  ],
  "bands_short": [
    {
      "high_freq": 148.1999969482422,
      "loudness": -44.882896423339844,
      "loudness_range": 30.72874641418457,
      "mid_mean": -42.06044006347656,
      "mid_to_side_loudness": -10.684118270874023,
      "mid_to_side_loudness_range": 17.065677642822266,
      "side_mean": -53.4298210144043
    },
    {
      "high_freq": 392.3793640136719,
      "loudness": -34.895206451416016,
      "loudness_range": 23.404605865478516,
      "low_freq": 148.1999969482422,
      "mid_mean": -32.57089614868164,
      "mid_to_side_loudness": -5.665156364440918,
      "mid_to_side_loudness_range": 12.075784683227539,
      "side_mean": -38.277069091796875
    },
    {
      "high_freq": 794.6976318359375,
      "loudness": -35.59848403930664,
      "loudness_range": 23.769275665283203,
      "low_freq": 392.3793640136719,
      "mid_mean": -33.48788070678711,
      "mid_to_side_loudness": -4.462830543518066,
      "mid_to_side_loudness_range": 9.523853302001953,
      "side_mean": -37.97493362426758
    },
    {
      "high_freq": 1457.5709228515625,
      "loudness": -38.930599212646484,
      "loudness_range": 26.826337814331055,
      "low_freq": 794.6976318359375,
      "mid_mean": -37.58405303955078,
      "mid_to_side_loudness": -2.5673255920410156,
      "mid_to_side_loudness_range": 10.4993257522583,
      "side_mean": -40.03812026977539
    },
    {
      "high_freq": 2549.74365234375,
      "loudness": -47.80946731567383,
      "loudness_range": 29.93575096130371,
      "low_freq": 1457.5709228515625,
      "mid_mean": -47.1468391418457,
      "mid_to_side_loudness": -1.8090651035308838,
      "mid_to_side_loudness_range": 9.835450172424316,
      "side_mean": -48.86051559448242
    },
    {
      "high_freq": 4349.24462890625,
      "loudness": -55.963993072509766,
      "loudness_range": 27.34262466430664,
      "low_freq": 2549.74365234375,
      "mid_mean": -53.888614654541016,
      "mid_to_side_loudness": -2.8829376697540283,
      "mid_to_side_loudness_range": 5.979869365692139,
      "side_mean": -56.46366500854492
    },
    {
      "high_freq": 7314.1640625,
      "loudness": -60.13906478881836,
      "loudness_range": 18.487689971923828,
      "low_freq": 4349.24462890625,
      "mid_mean": -57.94511413574219,
      "mid_to_side_loudness": -2.6129472255706787,
      "mid_to_side_loudness_range": 2.823895215988159,
      "side_mean": -60.15537643432617
    },
    {
      "high_freq": 12199.2666015625,
      "loudness": -63.01078796386719,
      "loudness_range": 9.491710662841797,
      "low_freq": 7314.1640625,
      "mid_mean": -60.70359802246094,
      "mid_to_side_loudness": -2.4782865047454834,
      "mid_to_side_loudness_range": 1.6258960962295532,
      "side_mean": -62.736820220947266
    },
    {
      "loudness": -63.35570526123047,
      "loudness_range": 3.4904632568359375,
      "low_freq": 12199.2666015625,
      "mid_mean": -61.0680046081543,
      "mid_to_side_loudness": -2.1513307094573975,
      "mid_to_side_loudness_range": 1.265151858329773,
      "side_mean": -62.86946105957031
    }
  ],
  "channels": 2,
  "covariance": [
    [
      100.92408752441406,
      64.33814239501953,
      37.83047103881836,
      35.07179641723633,
      27.94464874267578,
      30.03693389892578,
      30.37085723876953,
      31.597421646118164,
      39.46484375,
      39.78969955444336,
      37.7221794128418,
      35.97846984863281,
      30.934537887573242,
      29.533254623413086,
      14.254895210266113,
      13.311275482177734,
      5.082309246063232,
      4.863291263580322
    ],
    [
      64.33814239501953,
      64.58008575439453,
      39.54020690917969,
      39.76268005371094,
      31.061023712158203,
      33.257537841796875,
      32.2373046875,
      34.01433563232422,
      41.083160400390625,
      41.047943115234375,
      35.56770324707031,
      33.09055709838867,
      21.909536361694336,
      20.239259719848633,
      8.991250038146973,
      8.457535743713379,
      3.856398344039917,
      3.6800732612609863
    ],
    [
      37.83047103881836,
      39.54020690917969,
      65.8465576171875,
      59.094905853271484,
      45.755924224853516,
      45.364376068115234,
      42.17356872558594,
      42.7390022277832,
      47.403076171875,
      45.716094970703125,
      38.618316650390625,
      35.752506256103516,
      20.086193084716797,
      18.34564781188965,
      7.509912014007568,
      7.089808940887451,
      3.3188562393188477,
      3.230611562728882
    ],
    [
      35.07179641723633,
      39.76268005371094,
      59.094905853271484,
      67.86223602294922,
      47.80571365356445,
      47.34482192993164,
      43.20171356201172,
      44.11989974975586,
      48.095394134521484,
      45.313804626464844,
      38.20718765258789,
      35.9022102355957,
      18.46563148498535,
      16.562366485595703,
      6.677058696746826,
      6.360742568969727,
      3.2185323238372803,
      3.1191961765289307
    ],
    [
      27.94464874267578,
      31.061023712158203,
      45.755924224853516,
      47.80571365356445,
      64.06594848632812,
      56.39693832397461,
      48.07988357543945,
      47.3769416809082,
      47.645572662353516,
      49.65517807006836,
      41.48871994018555,
      39.7874870300293,
      18.81619644165039,
      16.33346176147461,
      6.542659282684326,
      6.194994926452637,
      3.207502841949463,
      3.06489896774292
    ],
    [
      30.03693389892578,
      33.257537841796875,
      45.364376068115234,
      47.34482192993164,
      56.39693832397461,
      60.971195220947266,
      46.036048889160156,
      45.65285110473633,
      48.187679290771484,
      48.457763671875,
      40.98842239379883,
      38.66965103149414,
      18.63255500793457,
      16.273345947265625,
      6.4393839836120605,
      6.086031913757324,
      3.194171905517578,
      3.047797679901123
    ],
    [
      30.37085723876953,
      32.2373046875,
      42.17356872558594,
      43.20171356201172,
      48.07988357543945,
      46.036048889160156,
      79.0343246459961,
      73.13262939453125,
      68.2516860961914,
      69.91873168945312,
      57.084903717041016,
      53.10798645019531,
      27.374691009521484,
      24.12623405456543,
      9.607189178466797,
      8.97976016998291,
      3.9017302989959717,
      3.69081711769104
    ],
    [
      31.597421646118164,
      34.01433563232422,
      42.7390022277832,
      44.11989974975586,
      47.3769416809082,
      45.65285110473633,
      73.13262939453125,
      79.45703887939453,
      70.21882629394531,
      71.05464935302734,
      58.45878982543945,
      54.186832427978516,
      26.978763580322266,
      23.6363582611084,
      8.900317192077637,
      8.40421199798584,
      3.6141281127929688,
      3.45025634765625
    ],
    [
      39.46484375,
      41.083160400390625,
      47.403076171875,
      48.095394134521484,
      47.645572662353516,
      48.187679290771484,
      68.2516860961914,
      70.21882629394531,
      106.66624450683594,
      105.03777313232422,
      80.78948974609375,
      74.85900115966797,
      41.775150299072266,
      36.72316360473633,
      14.475540161132812,
      13.377427101135254,
      4.914984226226807,
      4.6127119064331055
    ],
    [
      39.78969955444336,
      41.047943115234375,
      45.716094970703125,
      45.313804626464844,
      49.65517807006836,
      48.457763671875,
      69.91873168945312,
      71.05464935302734,
      105.03777313232422,
      113.76934051513672,
      81.69786071777344,
      76.04183959960938,
      41.443687438964844,
      36.44499588012695,
      14.21989631652832,
      13.157934188842773,
      4.82174015045166,
      4.552742004394531
    ],
    [
      37.7221794128418,
      35.56770324707031,
      38.618316650390625,
      38.20718765258789,
      41.48871994018555,
      40.98842239379883,
      57.084903717041016,
      58.45878982543945,
      80.78948974609375,
      81.69786071777344,
      81.00723266601562,
      73.84724426269531,
      43.043006896972656,
      37.87166976928711,
      16.510190963745117,
      14.984442710876465,
      6.30964994430542,
      5.720086097717285
    ],
    [
      35.97846984863281,
      33.09055709838867,
      35.752506256103516,
      35.9022102355957,
      39.7874870300293,
      38.66965103149414,
      53.10798645019531,
      54.186832427978516,
      74.85900115966797,
      76.04183959960938,
      73.84724426269531,
      69.92214965820312,
      40.18644332885742,
      35.374725341796875,
      15.460912704467773,
      14.036404609680176,
      5.828612327575684,
      5.290282249450684
    ],
    [
      30.934537887573242,
      21.909536361694336,
      20.086193084716797,
      18.46563148498535,
      18.81619644165039,
      18.63255500793457,
      27.374691009521484,
      26.978763580322266,
      41.775150299072266,
      41.443687438964844,
      43.043006896972656,
      40.18644332885742,
      34.07155990600586,
      31.241050720214844,
      15.720839500427246,
      14.334620475769043,
      5.710764408111572,
      5.157667636871338
    ],
    [
      29.533254623413086,
      20.239259719848633,
      18.34564781188965,
      16.562366485595703,
      16.33346176147461,
      16.273345947265625,
      24.12623405456543,
      23.6363582611084,
      36.72316360473633,
      36.44499588012695,
      37.87166976928711,
      35.374725341796875,
      31.241050720214844,
      29.214113235473633,
      14.94546127319336,
      13.676756858825684,
      5.386682510375977,
      4.883521556854248
    ],
    [
      14.254895210266113,
      8.991250038146973,
      7.509912014007568,
      6.677058696746826,
      6.542659282684326,
      6.4393839836120605,
      9.607189178466797,
      8.900317192077637,
      14.475540161132812,
      14.21989631652832,
      16.510190963745117,
      15.460912704467773,
      15.720839500427246,
      14.94546127319336,
      10.080212593078613,
      9.201709747314453,
      4.099558353424072,
      3.669142961502075
    ],
    [
      13.311275482177734,
      8.457535743713379,
      7.089808940887451,
      6.360742568969727,
      6.194994926452637,
      6.086031913757324,
      8.97976016998291,
      8.40421199798584,
      13.377427101135254,
      13.157934188842773,
      14.984442710876465,
      14.036404609680176,
      14.334620475769043,
      13.676756858825684,
      9.201709747314453,
      8.460917472839355,
      3.7244980335235596,
      3.349388360977173
    ],
    [
      5.082309246063232,
      3.856398344039917,
      3.3188562393188477,
      3.2185323238372803,
      3.207502841949463,
      3.194171905517578,
      3.9017302989959717,
      3.6141281127929688,
      4.914984226226807,
      4.82174015045166,
      6.30964994430542,
      5.828612327575684,
      5.710764408111572,
      5.386682510375977,
      4.099558353424072,
      3.7244980335235596,
      2.1610207557678223,
      1.8962000608444214
    ],
    [
      4.863291263580322,
      3.6800732612609863,
      3.230611562728882,
      3.1191961765289307,
      3.06489896774292,
      3.047797679901123,
      3.69081711769104,
      3.45025634765625,
      4.6127119064331055,
      4.552742004394531,
      5.720086097717285,
      5.290282249450684,
      5.157667636871338,
      4.883521556854248,
      3.669142961502075,
      3.349388360977173,
      1.8962000608444214,
      1.6915233135223389
    ]
  ],
  "covariance_short": [
    [
      116.94889831542969,
      75.05580139160156,
      44.66573715209961,
      36.5740966796875,
      27.463945388793945,
      28.13557243347168,
      28.80665397644043,
      29.24835777282715,
      38.224517822265625,
      37.217613220214844,
      35.87687683105469,
      34.55735397338867,
      29.827251434326172,
      28.53495216369629,
      13.302241325378418,
      12.40953540802002,
      4.653613090515137,
      4.4152302742004395
    ],
    [
      75.05580139160156,
      73.67410278320312,
      43.194156646728516,
      41.322078704833984,
      31.675064086914062,
      33.087181091308594,
      32.097652435302734,
      33.096004486083984,
      40.28975296020508,
      39.24407196044922,
      36.76033020019531,
      34.54466247558594,
      24.4511661529541,
      22.59838104248047,
      11.016971588134766,
      10.097246170043945,
      5.179280757904053,
      4.6790032386779785
    ],
    [
      44.66573715209961,
      43.194156646728516,
      67.91215515136719,
      58.254966735839844,
      46.271087646484375,
      46.750938415527344,
      42.41891860961914,
      42.795589447021484,
      47.93384552001953,
      45.281673431396484,
      38.53496551513672,
      35.87228775024414,
      20.364765167236328,
      18.80084228515625,
      7.779300689697266,
      7.321244239807129,
      3.2156100273132324,
      3.1045165061950684
    ],
    [
      36.5740966796875,
      41.322078704833984,
      58.254966735839844,
      69.9782485961914,
      48.69353103637695,
      50.14008712768555,
      45.295989990234375,
      45.72776412963867,
      50.166236877441406,
      47.365081787109375,
      39.10210418701172,
      36.56005859375,
      18.083635330200195,
      16.325132369995117,
      6.8112640380859375,
      6.445791244506836,
      3.184370756149292,
      3.039447069168091
    ],
    [
      27.463945388793945,
      31.675064086914062,
      46.271087646484375,
      48.69353103637695,
      69.89099884033203,
      61.40269470214844,
      52.06718063354492,
      51.435791015625,
      51.87384796142578,
      52.87527084350586,
      43.651390075683594,
      41.94809341430664,
      18.74748992919922,
      16.29156494140625,
      6.290095329284668,
      5.906682014465332,
      2.9983935356140137,
      2.8548636436462402
    ],
    [
      28.13557243347168,
      33.087181091308594,
      46.750938415527344,
      50.14008712768555,
      61.40269470214844,
      67.81735229492188,
      50.59798812866211,
      49.88025665283203,
      52.36170196533203,
      51.20441818237305,
      42.84700012207031,
      40.3989372253418,
      18.164222717285156,
      15.865716934204102,
      6.029672145843506,
      5.668352127075195,
      2.9607040882110596,
      2.820777416229248
    ],
    [
      28.80665397644043,
      32.097652435302734,
      42.41891860961914,
      45.295989990234375,
      52.06718063354492,
      50.59798812866211,
      85.37554168701172,
      76.48234558105469,
      70.0677490234375,
      71.2586669921875,
      57.12177658081055,
      53.35804748535156,
      26.474138259887695,
      23.239910125732422,
      9.246068954467773,
      8.57299518585205,
      3.8409504890441895,
      3.610555410385132
    ],
    [
      29.24835777282715,
      33.096004486083984,
      42.795589447021484,
      45.72776412963867,
      51.435791015625,
      49.88025665283203,
      76.48234558105469,
      84.72828674316406,
      71.4101791381836,
      71.99552154541016,
      57.9537239074707,
      54.14179229736328,
      25.663806915283203,
      22.319915771484375,
      8.425485610961914,
      7.926269054412842,
      3.5212385654449463,
      3.3543787002563477
    ],
    [
      38.224517822265625,
      40.28975296020508,
      47.93384552001953,
      50.166236877441406,
      51.87384796142578,
      52.36170196533203,
      70.0677490234375,
      71.4101791381836,
      109.08435821533203,
      105.3824234008789,
      78.29190063476562,
      72.88821411132812,
      39.534996032714844,
      34.647186279296875,
      13.480496406555176,
      12.455760955810547,
      4.6841278076171875,
      4.4156293869018555
    ],
    [
      37.217613220214844,
      39.24407196044922,
      45.281673431396484,
      47.365081787109375,
      52.87527084350586,
      51.20441818237305,
      71.2586669921875,
      71.99552154541016,
      105.3824234008789,
      113.10819244384766,
      77.91509246826172,
      73.11349487304688,
      38.82463455200195,
      33.95562744140625,
      13.139071464538574,
      12.162275314331055,
      4.634218692779541,
      4.37977409362793
    ],
    [
      35.87687683105469,
      36.76033020019531,
      38.53496551513672,
      39.10210418701172,
      43.651390075683594,
      42.84700012207031,
      57.12177658081055,
      57.9537239074707,
      78.29190063476562,
      77.91509246826172,
      78.07389068603516,
      70.65200805664062,
      40.045040130615234,
      35.23584747314453,
      15.267610549926758,
      13.860642433166504,
      5.934467315673828,
      5.399213790893555
    ],
    [
      34.55735397338867,
      34.54466247558594,
      35.87228775024414,
      36.56005859375,
      41.94809341430664,
      40.3989372253418,
      53.35804748535156,
      54.14179229736328,
      72.88821411132812,
      73.11349487304688,
      70.65200805664062,
      67.92230224609375,
      37.6118278503418,
      33.06831741333008,
      14.336560249328613,
      13.019429206848145,
      5.512578964233398,
      5.02364444732666
    ],
    [
      29.827251434326172,
      24.4511661529541,
      20.364765167236328,
      18.083635330200195,
      18.74748992919922,
      18.164222717285156,
      26.474138259887695,
      25.663806915283203,
      39.534996032714844,
      38.82463455200195,
      40.045040130615234,
      37.6118278503418,
      32.83430862426758,
      29.882266998291016,
      14.810297966003418,
      13.513080596923828,
      5.493051052093506,
      4.977378845214844
    ],
    [
      28.53495216369629,
      22.59838104248047,
      18.80084228515625,
      16.325132369995117,
      16.29156494140625,
      15.865716934204102,
      23.239910125732422,
      22.319915771484375,
      34.647186279296875,
      33.95562744140625,
      35.23584747314453,
      33.06831741333008,
      29.882266998291016,
      28.217039108276367,
      14.116650581359863,
      12.930656433105469,
      5.195241451263428,
      4.7301926612854
    ],
    [
      13.302241325378418,
      11.016971588134766,
      7.779300689697266,
      6.8112640380859375,
      6.290095329284668,
      6.029672145843506,
      9.246068954467773,
      8.425485610961914,
      13.480496406555176,
      13.139071464538574,
      15.267610549926758,
      14.336560249328613,
      14.810297966003418,
      14.116650581359863,
      9.741889953613281,
      8.817798614501953,
      4.090982437133789,
      3.680377244949341
    ],
    [
      12.40953540802002,
      10.097246170043945,
      7.321244239807129,
      6.445791244506836,
      5.906682014465332,
      5.668352127075195,
      8.57299518585205,
      7.926269054412842,
      12.455760955810547,
      12.162275314331055,
      13.860642433166504,
      13.019429206848145,
      13.513080596923828,
      12.930656433105469,
      8.817798614501953,
      8.203963279724121,
      3.72627592086792,
      3.372220516204834
    ],
    [
      4.653613090515137,
      5.179280757904053,
      3.2156100273132324,
      3.184370756149292,
      2.9983935356140137,
      2.9607040882110596,
      3.8409504890441895,
      3.5212385654449463,
      4.6841278076171875,
      4.634218692779541,
      5.934467315673828,
      5.512578964233398,
      5.493051052093506,
      5.195241451263428,
      4.090982437133789,
      3.72627592086792,
      2.3513755798339844,
      2.0316884517669678
    ],
    [
      4.4152302742004395,
      4.6790032386779785,
      3.1045165061950684,
      3.039447069168091,
      2.8548636436462402,
      2.820777416229248,
      3.610555410385132,
      3.3543787002563477,
      4.4156293869018555,
      4.37977409362793,
      5.399213790893555,
      5.02364444732666,
      4.977378845214844,
      4.7301926612854,
      3.680377244949341,
      3.372220516204834,
      2.0316884517669678,
      1.8772670030593872
    ]
  ],
  "drr": 10.549932479858398,
  "dynamics": 5.708685874938965,
  "format": 1245190,
  "frames": 18810880,
  "loudness": -24.350685119628906,
  "loudness_range": 18.348392486572266,
  "loudness_range_short": 19.973712921142578,
  "peak": -1.7331398725509644,
  "rms": -24.119770050048828,
  "sample_rate": 44100,
  "sections": 1,
  "seekable": 1,
  "sharpness": 2.81020450592041,
  "space": -4.933731555938721
}