{
  "bands": [
    {
      "high_freq": 148.1999969482422,
      "loudness": -56.93355178833008,
      "loudness_range": 21.410816192626953,
      "mid_mean": -53.69569396972656,
      "mid_to_side_loudness": -16.902835845947266,
      "mid_to_side_loudness_range": 12.693843841552734,
      "side_mean": -66.88261413574219
    },
    {
      "high_freq": 392.3793640136719,
      "loudness": -45.189552307128906,
      "loudness_range": 29.940519332885742,
      "low_freq": 148.1999969482422,
      "mid_mean": -44.88957977294922,
      "mid_to_side_loudness": -11.683140754699707,
      "mid_to_side_loudness_range": 9.657981872558594,
      "side_mean": -56.309532165527344
    },
    {
      "high_freq": 794.6976318359375,
      "loudness": -40.34208679199219,
      "loudness_range": 21.2130184173584,
      "low_freq": 392.3793640136719,
      "mid_mean": -37.71274948120117,
      "mid_to_side_loudness": -8.197632789611816,
      "mid_to_side_loudness_range": 9.594103813171387,
      "side_mean": -47.20857238769531
    },
    {
      "high_freq": 1457.5709228515625,
      "loudness": -51.973628997802734,
      "loudness_range": 27.423831939697266,
      "low_freq": 794.6976318359375,
      "mid_mean": -53.44434356689453,
      "mid_to_side_loudness": -1.7363723516464233,
      "mid_to_side_loudness_range": 9.103926658630371,
      "side_mean": -54.88145446777344
    },
    {
      "high_freq": 2549.74365234375,
      "loudness": -59.69819641113281,
      "loudness_range": 25.11554718017578,
      "low_freq": 1457.5709228515625,
      "mid_mean": -59.29513931274414,
      "mid_to_side_loudness": -2.514955997467041,
      "mid_to_side_loudness_range": 8.046996116638184,
      "side_mean": -61.096309661865234
    },
    {
      "high_freq": 4349.24462890625,
      "loudness": -72.4097671508789,
      "loudness_range": 23.769519805908203,
      "low_freq": 2549.74365234375,
      "mid_mean": -66.09502410888672,
      "mid_to_side_loudness": -1.8197883367538452,
      "mid_to_side_loudness_range": 7.167144298553467,
      "side_mean": -67.13166046142578
    },
    {
      "high_freq": 7314.1640625,
      "loudness": -78.76898193359375,
      "loudness_range": 4.84112548828125,
      "low_freq": 4349.24462890625,
      "mid_mean": -69.33078002929688,
      "mid_to_side_loudness": -0.20710787177085876,
      "mid_to_side_loudness_range": 1.269579291343689,
      "side_mean": -69.35975646972656
    },
    {
      "high_freq": 12199.2666015625,
      "loudness": 0,
      "loudness_range": 0,
      "low_freq": 7314.1640625,
      "mid_mean": -69.34530639648438,
      "mid_to_side_loudness": 0.010163042694330215,
      "mid_to_side_loudness_range": 0.6205542087554932,
      "side_mean": -69.34037017822266
    },
    {
      "loudness": 0,
      "loudness_range": 0,
      "low_freq": 12199.2666015625,
      "mid_mean": -69.16776275634766,
      "mid_to_side_loudness": -0.17425140738487244,
      "mid_to_side_loudness_range": 0.4479690492153168,
      "side_mean": -69.19528198242188
    }
  ],
  "bands_short": [
    {
      "high_freq": 148.1999969482422,
      "loudness": -59.198246002197266,
      "loudness_range": 22.194725036621094,
      "mid_mean": -55.7899055480957,
      "mid_to_side_loudness": -16.890987396240234,
      "mid_to_side_loudness_range": 17.158044815063477,
      "side_mean": -67.82967376708984
    },
    {
      "high_freq": 392.3793640136719,
      "loudness": -46.83111572265625,
      "loudness_range": 32.78694152832031,
      "low_freq": 148.1999969482422,
      "mid_mean": -45.91675567626953,
      "mid_to_side_loudness": -11.840928077697754,
      "mid_to_side_loudness_range": 10.920312881469727,
      "side_mean": -57.01139450073242
    },
    {
      "high_freq": 794.6976318359375,
      "loudness": -41.26949691772461,
      "loudness_range": 22.706050872802734,
      "low_freq": 392.3793640136719,
      "mid_mean": -38.69859313964844,
      "mid_to_side_loudness": -8.57644271850586,
      "mid_to_side_loudness_range": 12.450392723083496,
      "side_mean": -50.19163513183594
    },
    {
      "high_freq": 1457.5709228515625,
      "loudness": -51.35841369628906,
      "loudness_range": 26.40570831298828,
      "low_freq": 794.6976318359375,
      "mid_mean": -53.2227783203125,
      "mid_to_side_loudness": -1.5498918294906616,
      "mid_to_side_loudness_range": 10.113777160644531,
      "side_mean": -54.50271987915039
    },
    {
      "high_freq": 2549.74365234375,
      "loudness": -60.328102111816406,
      "loudness_range": 25.63172149658203,
      "low_freq": 1457.5709228515625,
      "mid_mean": -59.897430419921875,
      "mid_to_side_loudness": -2.4923415184020996,
      "mid_to_side_loudness_range": 9.418445587158203,
      "side_mean": -61.59428405761719
    },
    {
      "high_freq": 4349.24462890625,
      "loudness": -72.81669616699219,
      "loudness_range": 23.374629974365234,
      "low_freq": 2549.74365234375,
      "mid_mean": -66.37263488769531,
      "mid_to_side_loudness": -1.650059461593628,
      "mid_to_side_loudness_range": 7.668811798095703,
      "side_mean": -67.26129913330078
    },
    {
      "high_freq": 7314.1640625,
      "loudness": -78.75745391845703,
      "loudness_range": 4.8949127197265625,
      "low_freq": 4349.24462890625,
      "mid_mean": -69.3026123046875,
      "mid_to_side_loudness": -0.2504129409790039,
      "mid_to_side_loudness_range": 2.4756991863250732,
      "side_mean": -69.3592758178711
    },
    {
      "high_freq": 12199.2666015625,
      "loudness": 0,
      "loudness_range": 0,
      "low_freq": 7314.1640625,
      "mid_mean": -69.34610748291016,
      "mid_to_side_loudness": 0.004350211005657911,
      "mid_to_side_loudness_range": 1.665741205215454,
      "side_mean": -69.34092712402344
    },
    {
      "loudness": 0,
      "loudness_range": 0,
      "low_freq": 12199.2666015625,
      "mid_mean": -69.16368865966797,
      "mid_to_side_loudness": -0.18778109550476074,
      "mid_to_side_loudness_range": 1.2895326614379883,
      "side_mean": -69.19116973876953
    }
  ],
  "channels": 2,
  "covariance": [
    [
      53.12419891357422,
      13.166906356811523,
      59.1757926940918,
      55.1103515625,
      15.927876472473145,
      24.727397918701172,
      41.330963134765625,
      39.3787956237793,
      36.113162994384766,
      35.97379684448242,
      14.103663444519043,
      11.357002258300781,
      1.1285464763641357,
      0.9629644751548767,
      0.6029653549194336,
      0.5439839363098145,
      0.6657359600067139,
      0.6094962954521179
    ],
    [
      13.166906356811523,
      6.008197784423828,
      15.13291072845459,
      14.274596214294434,
      3.7612199783325195,
      5.372162818908691,
      8.548196792602539,
      8.440085411071777,
      8.523323059082031,
      9.211236000061035,
      3.3259527683258057,
      2.5471744537353516,
      0.20386330783367157,
      0.15325632691383362,
      0.1202905997633934,
      0.10760882496833801,
      0.13152199983596802,
      0.12017570436000824
    ],
    [
      59.1757926940918,
      15.13291072845459,
      157.99928283691406,
      119.69931030273438,
      37.36246871948242,
      50.042510986328125,
      66.3790283203125,
      64.87896728515625,
      71.03430938720703,
      66.63798522949219,
      28.98736000061035,
      21.057676315307617,
      1.6143008470535278,
      1.1437196731567383,
      0.3685387074947357,
      0.24559609591960907,
      0.28696611523628235,
      0.18961109220981598
    ],
    [
      55.1103515625,
      14.274596214294434,
      119.69931030273438,
      102.75944519042969,
      26.184053421020508,
      38.40322494506836,
      56.90108108520508,
      55.00893020629883,
      59.02448654174805,
      55.62621307373047,
      22.69180679321289,
      16.862092971801758,
      1.476243495941162,
      1.1263645887374878,
      0.6449527144432068,
      0.5520844459533691,
      0.6806522011756897,
      0.5964447855949402
    ],
    [
      15.927876472473145,
      3.7612199783325195,
      37.36246871948242,
      26.184053421020508,
      65.15904998779297,
      57.90358352661133,
      49.8814697265625,
      46.68283462524414,
      43.90868377685547,
      37.8174934387207,
      27.772499084472656,
      20.071765899658203,
      1.6505773067474365,
      1.4269928932189941,
      0.4248030185699463,
      0.2851470410823822,
      0.22792163491249084,
      0.1797831952571869
    ],
    [
      24.727397918701172,
      5.372162818908691,
      50.042510986328125,
      38.40322494506836,
      57.90358352661133,
      81.15149688720703,
      65.3714370727539,
      59.794837951660156,
      52.77521896362305,
      44.957130432128906,
      30.296920776367188,
      22.422630310058594,
      1.6649833917617798,
      1.5253244638442993,
      0.4546431303024292,
      0.316694438457489,
      0.2688552141189575,
      0.2171446979045868
    ],
    [
      41.330963134765625,
      8.548196792602539,
      66.3790283203125,
      56.90108108520508,
      49.8814697265625,
      65.3714370727539,
      112.42335510253906,
      97.37239074707031,
      68.3489761352539,
      59.105499267578125,
      35.3724365234375,
      26.307907104492188,
      2.1409599781036377,
      2.0885462760925293,
      0.9261123538017273,
      0.7961910367012024,
      0.8977789878845215,
      0.7929742932319641
    ],
    [
      39.3787956237793,
      8.440085411071777,
      64.87896728515625,
      55.00893020629883,
      46.68283462524414,
      59.794837951660156,
      97.37239074707031,
      91.2109603881836,
      62.88634490966797,
      54.9931755065918,
      31.928958892822266,
      23.791587829589844,
      1.9937810897827148,
      1.9704155921936035,
      0.8425268530845642,
      0.7244876027107239,
      0.8167492747306824,
      0.7215268015861511
    ],
    [
      36.113162994384766,
      8.523323059082031,
      71.03430938720703,
      59.02448654174805,
      43.90868377685547,
      52.77521896362305,
      68.3489761352539,
      62.88634490966797,
      66.53119659423828,
      57.42013168334961,
      33.11426544189453,
      24.239946365356445,
      2.0363962650299072,
      1.7357851266860962,
      0.7106212377548218,
      0.580143392086029,
      0.6288722157478333,
      0.5471095442771912
    ],
    [
      35.97379684448242,
      9.211236000061035,
      66.63798522949219,
      55.62621307373047,
      37.8174934387207,
      44.957130432128906,
      59.105499267578125,
      54.9931755065918,
      57.42013168334961,
      53.85928726196289,
      29.068445205688477,
      21.775365829467773,
      1.8708081245422363,
      1.53017258644104,
      0.6177741885185242,
      0.4951125979423523,
      0.5337158441543579,
      0.4637123644351959
    ],
    [
      14.103663444519043,
      3.3259527683258057,
      28.98736000061035,
      22.69180679321289,
      27.772499084472656,
      30.296920776367188,
      35.3724365234375,
      31.928958892822266,
      33.11426544189453,
      29.068445205688477,
      25.308116912841797,
      18.819791793823242,
      1.5960357189178467,
      1.4087380170822144,
      0.41339465975761414,
      0.3123250901699066,
      0.29099759459495544,
      0.24825751781463623
    ],
    [
      11.357002258300781,
      2.5471744537353516,
      21.057676315307617,
      16.862092971801758,
      20.071765899658203,
      22.422630310058594,
      26.307907104492188,
      23.791587829589844,
      24.239946365356445,
      21.775365829467773,
      18.819791793823242,
      15.556754112243652,
      1.3317983150482178,
      1.242506504058838,
      0.33334383368492126,
      0.2457548975944519,
      0.22158335149288177,
      0.19069868326187134
    ],
    [
      1.1285464763641357,
      0.20386330783367157,
      1.6143008470535278,
      1.476243495941162,
      1.6505773067474365,
      1.6649833917617798,
      2.1409599781036377,
      1.9937810897827148,
      2.0363962650299072,
      1.8708081245422363,
      1.5960357189178467,
      1.3317983150482178,
      0.21515721082687378,
      0.1697467416524887,
      0.04552403464913368,
      0.035906609147787094,
      0.03411472961306572,
      0.03106851503252983
    ],
    [
      0.9629644751548767,
      0.15325632691383362,
      1.1437196731567383,
      1.1263645887374878,
      1.4269928932189941,
      1.5253244638442993,
      2.0885462760925293,
      1.9704155921936035,
      1.7357851266860962,
      1.53017258644104,
      1.4087380170822144,
      1.242506504058838,
      0.1697467416524887,
      0.19189514219760895,
      0.04310597851872444,
      0.03496972844004631,
      0.032075267285108566,
      0.029229149222373962
    ],
    [
      0.6029653549194336,
      0.1202905997633934,
      0.3685387074947357,
      0.6449527144432068,
      0.4248030185699463,
      0.4546431303024292,
      0.9261123538017273,
      0.8425268530845642,
      0.7106212377548218,
      0.6177741885185242,
      0.41339465975761414,
      0.33334383368492126,
      0.04552403464913368,
      0.04310597851872444,
      0.024835774675011635,
      0.02223377861082554,
      0.02523132786154747,
      0.023926880210638046
    ],
    [
      0.5439839363098145,
      0.10760882496833801,
      0.24559609591960907,
      0.5520844459533691,
      0.2851470410823822,
      0.316694438457489,
      0.7961910367012024,
      0.7244876027107239,
      0.580143392086029,
      0.4951125979423523,
      0.3123250901699066,
      0.2457548975944519,
      0.035906609147787094,
      0.03496972844004631,
      0.02223377861082554,
      0.021179234609007835,
      0.02461429499089718,
      0.023461826145648956
    ],
    [
      0.6657359600067139,
      0.13152199983596802,
      0.28696611523628235,
      0.6806522011756897,
      0.22792163491249084,
      0.2688552141189575,
      0.8977789878845215,
      0.8167492747306824,
      0.6288722157478333,
      0.5337158441543579,
      0.29099759459495544,
      0.22158335149288177,
      0.03411472961306572,
      0.032075267285108566,
      0.02523132786154747,
      0.02461429499089718,
      0.030802205204963684,
      0.029193254187703133
    ],
    [
      0.6094962954521179,
      0.12017570436000824,
      0.18961109220981598,
      0.5964447855949402,
      0.1797831952571869,
      0.2171446979045868,
      0.7929742932319641,
      0.7215268015861511,
      0.5471095442771912,
      0.4637123644351959,
      0.24825751781463623,
      0.19069868326187134,
      0.03106851503252983,
      0.029229149222373962,
      0.023926880210638046,
      0.023461826145648956,
      0.029193254187703133,
      0.0283118337392807
    ]
  ],
  "covariance_short": [
    [
      50.8200569152832,
      7.11573600769043,
      51.69178009033203,
      45.572696685791016,
      16.053415298461914,
      38.02833938598633,
      39.358890533447266,
      36.148292541503906,
      29.233699798583984,
      30.191022872924805,
      11.44811725616455,
      9.983718872070312,
      1.1865949630737305,
      0.919497013092041,
      0.5558476448059082,
      0.4886690080165863,
      0.5880632996559143,
      0.5378187298774719
    ],
    [
      7.11573600769043,
      3.2199549674987793,
      7.645824909210205,
      7.283528804779053,
      2.288379430770874,
      5.487127780914307,
      5.7778167724609375,
      5.506598949432373,
      4.6835856437683105,
      5.197064399719238,
      1.6847118139266968,
      1.4771171808242798,
      0.16138280928134918,
      0.10823091864585876,
      0.08125396072864532,
      0.07289616018533707,
      0.08952704071998596,
      0.08205126971006393
    ],
    [
      51.69178009033203,
      7.645824909210205,
      162.89669799804688,
      121.55088806152344,
      47.20769500732422,
      69.41345977783203,
      76.70030212402344,
      73.43659973144531,
      71.8218002319336,
      67.3221206665039,
      27.27495765686035,
      20.636564254760742,
      2.1203956604003906,
      1.3923817873001099,
      0.41803473234176636,
      0.28201305866241455,
      0.3110192120075226,
      0.20307034254074097
    ],
    [
      45.572696685791016,
      7.283528804779053,
      121.55088806152344,
      103.06462097167969,
      32.333316802978516,
      57.920066833496094,
      62.0778694152832,
      59.17784881591797,
      57.16324234008789,
      54.074363708496094,
      20.61847496032715,
      16.11557388305664,
      1.7331256866455078,
      1.2328474521636963,
      0.6382690072059631,
      0.5385565161705017,
      0.6556362509727478,
      0.5709512829780579
    ],
    [
      16.053415298461914,
      2.288379430770874,
      47.20769500732422,
      32.333316802978516,
      71.99987030029297,
      59.73326873779297,
      55.36957931518555,
      53.04833221435547,
      46.23429489135742,
      40.60588455200195,
      27.9262752532959,
      21.092086791992188,
      2.292435884475708,
      1.6347583532333374,
      0.493881493806839,
      0.33155912160873413,
      0.26494017243385315,
      0.20043180882930756
    ],
    [
      38.02833938598633,
      5.487127780914307,
      69.41345977783203,
      57.920066833496094,
      59.73326873779297,
      108.97367858886719,
      89.53633880615234,
      83.7169418334961,
      63.88186264038086,
      55.44894027709961,
      32.480125427246094,
      24.741622924804688,
      2.7070930004119873,
      2.1042468547821045,
      1.0398240089416504,
      0.9037160873413086,
      1.0150299072265625,
      0.9246787428855896
    ],
    [
      39.358890533447266,
      5.7778167724609375,
      76.70030212402344,
      62.0778694152832,
      55.36957931518555,
      89.53633880615234,
      114.82150268554688,
      99.9370346069336,
      68.1353759765625,
      59.621726989746094,
      33.498104095458984,
      25.22118377685547,
      2.6350293159484863,
      2.1490988731384277,
      0.9932563900947571,
      0.8421568274497986,
      0.9259141087532043,
      0.8104850053787231
    ],
    [
      36.148292541503906,
      5.506598949432373,
      73.43659973144531,
      59.17784881591797,
      53.04833221435547,
      83.7169418334961,
      99.9370346069336,
      96.53028106689453,
      63.868526458740234,
      56.21942901611328,
      30.12517738342285,
      22.728992462158203,
      2.3859293460845947,
      1.9479118585586548,
      0.9020148515701294,
      0.7711650729179382,
      0.8505162000656128,
      0.7492614984512329
    ],
    [
      29.233699798583984,
      4.6835856437683105,
      71.8218002319336,
      57.16324234008789,
      46.23429489135742,
      63.88186264038086,
      68.1353759765625,
      63.868526458740234,
      65.3782958984375,
      55.66802978515625,
      31.155000686645508,
      23.442644119262695,
      2.523132801055908,
      1.8587641716003418,
      0.7299800515174866,
      0.5881206393241882,
      0.618014931678772,
      0.5294843912124634
    ],
    [
      30.191022872924805,
      5.197064399719238,
      67.3221206665039,
      54.074363708496094,
      40.60588455200195,
      55.44894027709961,
      59.621726989746094,
      56.21942901611328,
      55.66802978515625,
      53.282901763916016,
      27.54981803894043,
      21.31417465209961,
      2.3115973472595215,
      1.6597609519958496,
      0.6404109597206116,
      0.5043158531188965,
      0.5251588225364685,
      0.4518074095249176
    ],
    [
      11.44811725616455,
      1.6847118139266968,
      27.27495765686035,
      20.61847496032715,
      27.9262752532959,
      32.480125427246094,
      33.498104095458984,
      30.12517738342285,
      31.155000686645508,
      27.54981803894043,
      23.53312873840332,
      17.579021453857422,
      2.0926461219787598,
      1.5071829557418823,
      0.4386603534221649,
      0.3252570331096649,
      0.28867584466934204,
      0.24196796119213104
    ],
    [
      9.983718872070312,
      1.4771171808242798,
      20.636564254760742,
      16.11557388305664,
      21.092086791992188,
      24.741622924804688,
      25.22118377685547,
      22.728992462158203,
      23.442644119262695,
      21.31417465209961,
      17.579021453857422,
      15.026679992675781,
      1.7687695026397705,
      1.3199572563171387,
      0.36793234944343567,
      0.267459899187088,
      0.2274051159620285,
      0.1916620433330536
    ],
    [
      1.1865949630737305,
      0.16138280928134918,
      2.1203956604003906,
      1.7331256866455078,
      2.292435884475708,
      2.7070930004119873,
      2.6350293159484863,
      2.3859293460845947,
      2.523132801055908,
      2.3115973472595215,
      2.0926461219787598,
      1.7687695026397705,
      0.4696362316608429,
      0.28081566095352173,
      0.06245122849941254,
      0.04772666469216347,
      0.040815453976392746,
      0.03597446158528328
    ],
    [
      0.919497013092041,
      0.10823091864585876,
      1.3923817873001099,
      1.2328474521636963,
      1.6347583532333374,
      2.1042468547821045,
      2.1490988731384277,
      1.9479118585586548,
      1.8587641716003418,
      1.6597609519958496,
      1.5071829557418823,
      1.3199572563171387,
      0.28081566095352173,
      0.2550086975097656,
      0.05488978326320648,
      0.0429619699716568,
      0.035125479102134705,
      0.03135007247328758
    ],
    [
      0.5558476448059082,
      0.08125396072864532,
      0.41803473234176636,
      0.6382690072059631,
      0.493881493806839,
      1.0398240089416504,
      0.9932563900947571,
      0.9020148515701294,
      0.7299800515174866,
      0.6404109597206116,
      0.4386603534221649,
      0.36793234944343567,
      0.06245122849941254,
      0.05488978326320648,
      0.03141704946756363,
      0.024720290675759315,
      0.0263974592089653,
      0.024768417701125145
    ],
    [
      0.4886690080165863,
      0.07289616018533707,
      0.28201305866241455,
      0.5385565161705017,
      0.33155912160873413,
      0.9037160873413086,
      0.8421568274497986,
      0.7711650729179382,
      0.5881206393241882,
      0.5043158531188965,
      0.3252570331096649,
      0.267459899187088,
      0.04772666469216347,
      0.0429619699716568,
      0.024720290675759315,
      0.025655684992671013,
      0.02531592547893524,
      0.02397122047841549
    ],
    [
      0.5880632996559143,
      0.08952704071998596,
      0.3110192120075226,
      0.6556362509727478,
      0.26494017243385315,
      1.0150299072265625,
      0.9259141087532043,
      0.8505162000656128,
      0.618014931678772,
      0.5251588225364685,
      0.28867584466934204,
      0.2274051159620285,
      0.040815453976392746,
      0.035125479102134705,
      0.0263974592089653,
      0.02531592547893524,
      0.03434610366821289,
      0.02996833249926567
    ],
    [
      0.5378187298774719,
      0.08205126971006393,
      0.20307034254074097,
      0.5709512829780579,
      0.20043180882930756,
      0.9246787428855896,
      0.8104850053787231,
      0.7492614984512329,
      0.5294843912124634,
      0.4518074095249176,
      0.24196796119213104,
      0.1916620433330536,
      0.03597446158528328,
      0.03135007247328758,
      0.024768417701125145,
      0.02397122047841549,
      0.02996833249926567,
      0.03158644586801529
    ]
  ],
  "drr": 9.20666790008545,
  "dynamics": 5.862222194671631,
  "format": 1245190,
  "frames": 4626432,
  "loudness": -32.5404052734375,
  "loudness_range": 17.93333625793457,
  "loudness_range_short": 22.413867950439453,
  "peak": -10.580086708068848,
  "rms": -32.804542541503906,
  "sample_rate": 44100,
  "sections": 1,
  "seekable": 1,
  "sharpness": 3.9693331718444824,
  "space": -9.231843948364258
}