{
  "bands": [
    {
      "high_freq": 148.1999969482422,
      "loudness": -32.33917999267578,
      "loudness_range": 10.51838493347168,
      "mid_mean": -29.005266189575195,
      "mid_to_side_loudness": -10.90535831451416,
      "mid_to_side_loudness_range": 7.592337131500244,
      "side_mean": -40.215694427490234
    },
    {
      "high_freq": 392.3793640136719,
      "loudness": -26.34624481201172,
      "loudness_range": 8.813034057617188,
      "low_freq": 148.1999969482422,
      "mid_mean": -22.741559982299805,
      "mid_to_side_loudness": -16.86522102355957,
      "mid_to_side_loudness_range": 5.919833183288574,
      "side_mean": -39.71654510498047
    },
    {
      "high_freq": 794.6976318359375,
      "loudness": -35.411128997802734,
      "loudness_range": 23.651958465576172,
      "low_freq": 392.3793640136719,
      "mid_mean": -31.9357852935791,
      "mid_to_side_loudness": -15.488334655761719,
      "mid_to_side_loudness_range": 13.534936904907227,
      "side_mean": -47.4421272277832
    },
    {
      "high_freq": 1457.5709228515625,
      "loudness": -41.335609436035156,
      "loudness_range": 23.470375061035156,
      "low_freq": 794.6976318359375,
      "mid_mean": -38.23036575317383,
      "mid_to_side_loudness": -10.426220893859863,
      "mid_to_side_loudness_range": 13.786951065063477,
      "side_mean": -48.665130615234375
    },
    {
      "high_freq": 2549.74365234375,
      "loudness": -40.74635696411133,
      "loudness_range": 28.4451904296875,
      "low_freq": 1457.5709228515625,
      "mid_mean": -37.72031784057617,
      "mid_to_side_loudness": -9.315537452697754,
      "mid_to_side_loudness_range": 11.10291576385498,
      "side_mean": -46.92619323730469
    },
    {
      "high_freq": 4349.24462890625,
      "loudness": -40.61052322387695,
      "loudness_range": 28.731246948242188,
      "low_freq": 2549.74365234375,
      "mid_mean": -37.924068450927734,
      "mid_to_side_loudness": -6.5894293785095215,
      "mid_to_side_loudness_range": 7.207566738128662,
      "side_mean": -44.485103607177734
    },
    {
      "high_freq": 7314.1640625,
      "loudness": -43.98128128051758,
      "loudness_range": 27.426925659179688,
      "low_freq": 4349.24462890625,
      "mid_mean": -42.52812957763672,
      "mid_to_side_loudness": -2.418064832687378,
      "mid_to_side_loudness_range": 7.223236083984375,
      "side_mean": -44.92655944824219
    },
    {
      "high_freq": 12199.2666015625,
      "loudness": -50.966243743896484,
      "loudness_range": 27.107723236083984,
      "low_freq": 7314.1640625,
      "mid_mean": -50.25675964355469,
      "mid_to_side_loudness": -1.608416199684143,
      "mid_to_side_loudness_range": 8.573665618896484,
      "side_mean": -51.770015716552734
    },
    {
      "loudness": -63.79118728637695,
      "loudness_range": 26.298091888427734,
      "low_freq": 12199.2666015625,
      "mid_mean": -61.025630950927734,
      "mid_to_side_loudness": -2.8982114791870117,
      "mid_to_side_loudness_range": 6.354120254516602,
      "side_mean": -63.1162223815918
    }
  ],
  "bands_short": [
    {
      "high_freq": 148.1999969482422,
      "loudness": -38.123992919921875,
      "loudness_range": 15.61855697631836,
      "mid_mean": -35.21637725830078,
      "mid_to_side_loudness": -7.936500549316406,
      "mid_to_side_loudness_range": 11.290277481079102,
      "side_mean": -43.26018524169922
    },
    {
      "high_freq": 392.3793640136719,
      "loudness": -26.143075942993164,
      "loudness_range": 10.594827651977539,
      "low_freq": 148.1999969482422,
      "mid_mean": -22.562789916992188,
      "mid_to_side_loudness": -16.125246047973633,
      "mid_to_side_loudness_range": 6.917235374450684,
      "side_mean": -38.823875427246094
    },
    {
      "high_freq": 794.6976318359375,
      "loudness": -35.753292083740234,
      "loudness_range": 24.86859130859375,
      "low_freq": 392.3793640136719,
      "mid_mean": -32.28174591064453,
      "mid_to_side_loudness": -16.605846405029297,
      "mid_to_side_loudness_range": 15.258415222167969,
      "side_mean": -49.042755126953125
    },
    {
      "high_freq": 1457.5709228515625,
      "loudness": -42.03896713256836,
      "loudness_range": 27.628686904907227,
      "low_freq": 794.6976318359375,
      "mid_mean": -38.88385772705078,
      "mid_to_side_loudness": -12.682713508605957,
      "mid_to_side_loudness_range": 17.061771392822266,
      "side_mean": -51.76505661010742
    },
    {
      "high_freq": 2549.74365234375,
      "loudness": -42.1950569152832,
      "loudness_range": 32.40516662597656,
      "low_freq": 1457.5709228515625,
      "mid_mean": -39.162567138671875,
      "mid_to_side_loudness": -10.326814651489258,
      "mid_to_side_loudness_range": 13.057008743286133,
      "side_mean": -49.866416931152344
    },
    {
      "high_freq": 4349.24462890625,
      "loudness": -42.15757369995117,
      "loudness_range": 32.262779235839844,
      "low_freq": 2549.74365234375,
      "mid_mean": -39.46449661254883,
      "mid_to_side_loudness": -7.057877063751221,
      "mid_to_side_loudness_range": 7.55940055847168,
      "side_mean": -46.68559265136719
    },
    {
      "high_freq": 7314.1640625,
      "loudness": -46.39405822753906,
      "loudness_range": 30.740238189697266,
      "low_freq": 4349.24462890625,
      "mid_mean": -45.297237396240234,
      "mid_to_side_loudness": -2.3038887977600098,
      "mid_to_side_loudness_range": 8.452672004699707,
      "side_mean": -47.64478302001953
    },
    {
      "high_freq": 12199.2666015625,
      "loudness": -53.63895797729492,
      "loudness_range": 30.61071014404297,
      "low_freq": 7314.1640625,
      "mid_mean": -52.970481872558594,
      "mid_to_side_loudness": -1.4130982160568237,
      "mid_to_side_loudness_range": 9.508611679077148,
      "side_mean": -54.27311706542969
    },
    {
      "loudness": -63.33285140991211,
      "loudness_range": 26.771087646484375,
      "low_freq": 12199.2666015625,
      "mid_mean": -62.32111740112305,
      "mid_to_side_loudness": -2.885941982269287,
      "mid_to_side_loudness_range": 5.663636207580566,
      "side_mean": -64.22122955322266
    }
  ],
  "channels": 2,
  "covariance": [
    [
      16.943016052246094,
      9.268865585327148,
      4.6348700523376465,
      3.692002296447754,
      7.128087043762207,
      4.684657096862793,
      2.3734097480773926,
      3.263920307159424,
      2.616008758544922,
      2.402883291244507,
      2.313223123550415,
      2.688001871109009,
      2.7272841930389404,
      3.545881748199463,
      6.21779203414917,
      6.987003803253174,
      2.537916421890259,
      2.2434964179992676
    ],
    [
      9.268865585327148,
      10.700662612915039,
      3.522301197052002,
      3.1791176795959473,
      4.992355823516846,
      3.5737502574920654,
      4.219976902008057,
      4.316177845001221,
      4.474325656890869,
      3.771162748336792,
      4.339271068572998,
      4.002708911895752,
      4.909017086029053,
      5.098985195159912,
      9.200521469116211,
      9.453831672668457,
      4.943562984466553,
      4.150258541107178
    ],
    [
      4.6348700523376465,
      3.522301197052002,
      12.360625267028809,
      11.942486763000488,
      13.910273551940918,
      13.366262435913086,
      14.62675666809082,
      11.685163497924805,
      15.510712623596191,
      11.468354225158691,
      13.970555305480957,
      12.453314781188965,
      12.33568000793457,
      11.922455787658691,
      14.867363929748535,
      14.221476554870605,
      8.782146453857422,
      6.807399272918701
    ],
    [
      3.692002296447754,
      3.1791176795959473,
      11.942486763000488,
      15.483055114746094,
      19.373788833618164,
      20.587722778320312,
      21.329248428344727,
      17.55121421813965,
      22.933475494384766,
      17.67371368408203,
      22.250822067260742,
      19.367643356323242,
      21.142375946044922,
      18.499391555786133,
      24.39455795288086,
      21.637351989746094,
      16.81244468688965,
      12.58257007598877
    ],
    [
      7.128087043762207,
      4.992355823516846,
      13.910273551940918,
      19.373788833618164,
      65.81245422363281,
      58.01665496826172,
      58.46835708618164,
      39.08877944946289,
      66.79698944091797,
      48.717994689941406,
      63.93901443481445,
      53.2873420715332,
      55.27861404418945,
      45.23352813720703,
      58.2193489074707,
      47.52212905883789,
      46.14081573486328,
      33.05044937133789
    ],
    [
      4.684657096862793,
      3.5737502574920654,
      13.366262435913086,
      20.587722778320312,
      58.01665496826172,
      69.44210815429688,
      56.352481842041016,
      47.46872329711914,
      64.49522399902344,
      52.06232452392578,
      61.89618682861328,
      53.6815185546875,
      57.076663970947266,
      46.034706115722656,
      61.75209045410156,
      49.46189880371094,
      47.66164016723633,
      34.064842224121094
    ],
    [
      2.3734097480773926,
      4.219976902008057,
      14.62675666809082,
      21.329248428344727,
      58.46835708618164,
      56.352481842041016,
      73.53983306884766,
      52.345947265625,
      74.51766204833984,
      55.1506462097168,
      69.71403503417969,
      58.58460235595703,
      60.7242317199707,
      50.15797805786133,
      61.99688720703125,
      50.32984161376953,
      50.19249725341797,
      35.81680679321289
    ],
    [
      3.263920307159424,
      4.316177845001221,
      11.685163497924805,
      17.55121421813965,
      39.08877944946289,
      47.46872329711914,
      52.345947265625,
      53.702247619628906,
      52.54487609863281,
      45.25773620605469,
      49.3265495300293,
      44.80478286743164,
      45.471492767333984,
      38.20151138305664,
      49.335914611816406,
      40.03205871582031,
      38.07119369506836,
      27.321514129638672
    ],
    [
      2.616008758544922,
      4.474325656890869,
      15.510712623596191,
      22.933475494384766,
      66.79698944091797,
      64.49522399902344,
      74.51766204833984,
      52.54487609863281,
      98.3236312866211,
      72.17562103271484,
      89.85255432128906,
      75.36007690429688,
      77.0309829711914,
      64.15782928466797,
      76.85084533691406,
      63.12254333496094,
      61.06834411621094,
      44.337066650390625
    ],
    [
      2.402883291244507,
      3.771162748336792,
      11.468354225158691,
      17.67371368408203,
      48.717994689941406,
      52.06232452392578,
      55.1506462097168,
      45.25773620605469,
      72.17562103271484,
      61.05086898803711,
      68.06109619140625,
      60.62345504760742,
      61.793540954589844,
      51.759517669677734,
      63.63451385498047,
      51.58604049682617,
      49.83335494995117,
      36.44300842285156
    ],
    [
      2.313223123550415,
      4.339271068572998,
      13.970555305480957,
      22.250822067260742,
      63.93901443481445,
      61.89618682861328,
      69.71403503417969,
      49.3265495300293,
      89.85255432128906,
      68.06109619140625,
      97.03092956542969,
      83.07466125488281,
      89.83806610107422,
      75.66941833496094,
      87.20974731445312,
      73.1800765991211,
      67.13373565673828,
      50.373573303222656
    ],
    [
      2.688001871109009,
      4.002708911895752,
      12.453314781188965,
      19.367643356323242,
      53.2873420715332,
      53.6815185546875,
      58.58460235595703,
      44.80478286743164,
      75.36007690429688,
      60.62345504760742,
      83.07466125488281,
      75.63591003417969,
      80.29317474365234,
      68.93695831298828,
      79.21272277832031,
      66.57942199707031,
      59.73664855957031,
      45.2474250793457
    ],
    [
      2.7272841930389404,
      4.909017086029053,
      12.33568000793457,
      21.142375946044922,
      55.27861404418945,
      57.076663970947266,
      60.7242317199707,
      45.471492767333984,
      77.0309829711914,
      61.793540954589844,
      89.83806610107422,
      80.29317474365234,
      112.76509094238281,
      94.1316146850586,
      105.38522338867188,
      92.20774841308594,
      72.9909896850586,
      59.37204360961914
    ],
    [
      3.545881748199463,
      5.098985195159912,
      11.922455787658691,
      18.499391555786133,
      45.23352813720703,
      46.034706115722656,
      50.15797805786133,
      38.20151138305664,
      64.15782928466797,
      51.759517669677734,
      75.66941833496094,
      68.93695831298828,
      94.1316146850586,
      82.70110321044922,
      86.2358169555664,
      78.29927825927734,
      57.48037338256836,
      47.966129302978516
    ],
    [
      6.21779203414917,
      9.200521469116211,
      14.867363929748535,
      24.39455795288086,
      58.2193489074707,
      61.75209045410156,
      61.99688720703125,
      49.335914611816406,
      76.85084533691406,
      63.63451385498047,
      87.20974731445312,
      79.21272277832031,
      105.38522338867188,
      86.2358169555664,
      114.55287170410156,
      97.24665832519531,
      80.0274658203125,
      63.384300231933594
    ],
    [
      6.987003803253174,
      9.453831672668457,
      14.221476554870605,
      21.637351989746094,
      47.52212905883789,
      49.46189880371094,
      50.32984161376953,
      40.03205871582031,
      63.12254333496094,
      51.58604049682617,
      73.1800765991211,
      66.57942199707031,
      92.20774841308594,
      78.29927825927734,
      97.24665832519531,
      87.5275650024414,
      64.1023941040039,
      52.8966178894043
    ],
    [
      2.537916421890259,
      4.943562984466553,
      8.782146453857422,
      16.81244468688965,
      46.14081573486328,
      47.66164016723633,
      50.19249725341797,
      38.07119369506836,
      61.06834411621094,
      49.83335494995117,
      67.13373565673828,
      59.73664855957031,
      72.9909896850586,
      57.48037338256836,
      80.0274658203125,
      64.1023941040039,
      64.27766418457031,
      48.39793395996094
    ],
    [
      2.2434964179992676,
      4.150258541107178,
      6.807399272918701,
      12.58257007598877,
      33.05044937133789,
      34.064842224121094,
      35.81680679321289,
      27.321514129638672,
      44.337066650390625,
      36.44300842285156,
      50.373573303222656,
      45.2474250793457,
      59.37204360961914,
      47.966129302978516,
      63.384300231933594,
      52.8966178894043,
      48.39793395996094,
      38.33511734008789
    ]
  ],
  "covariance_short": [
    [
      35.04117965698242,
      20.976375579833984,
      8.996026992797852,
      6.99472188949585,
      8.510623931884766,
      7.940700054168701,
      9.081403732299805,
      10.087191581726074,
      8.847637176513672,
      11.336596488952637,
      9.039889335632324,
      9.204353332519531,
      10.763851165771484,
      11.891594886779785,
      11.786138534545898,
      12.793498992919922,
      6.362362861633301,
      5.376512050628662
    ],
    [
      20.976375579833984,
      20.723222732543945,
      3.3992326259613037,
      3.268479108810425,
      5.533717155456543,
      6.372880935668945,
      7.3884077072143555,
      9.38201904296875,
      7.638821125030518,
      10.086164474487305,
      8.20341682434082,
      7.993288516998291,
      9.99457836151123,
      10.066549301147461,
      11.159066200256348,
      11.110200881958008,
      6.603343963623047,
      5.3974175453186035
    ],
    [
      8.996026992797852,
      3.3992326259613037,
      18.404253005981445,
      14.840202331542969,
      16.31279945373535,
      15.081748962402344,
      14.474665641784668,
      12.620321273803711,
      14.39318561553955,
      15.012188911437988,
      11.94392204284668,
      12.178637504577637,
      8.651908874511719,
      10.557354927062988,
      10.030611038208008,
      10.188036918640137,
      5.758995532989502,
      4.015677452087402
    ],
    [
      6.99472188949585,
      3.268479108810425,
      14.840202331542969,
      17.452945709228516,
      18.097673416137695,
      20.690414428710938,
      17.141712188720703,
      17.72164535522461,
      18.373489379882812,
      19.922964096069336,
      17.118633270263672,
      16.808948516845703,
      15.1803560256958,
      15.230449676513672,
      17.130456924438477,
      15.571463584899902,
      11.391473770141602,
      8.163068771362305
    ],
    [
      8.510623931884766,
      5.533717155456543,
      16.31279945373535,
      18.097673416137695,
      68.85589599609375,
      63.66111755371094,
      61.96897506713867,
      47.776275634765625,
      70.09042358398438,
      60.01548385620117,
      67.66796112060547,
      60.71216583251953,
      57.915855407714844,
      50.90400695800781,
      57.57682418823242,
      48.10820007324219,
      42.53413009643555,
      30.410890579223633
    ],
    [
      7.940700054168701,
      6.372880935668945,
      15.081748962402344,
      20.690414428710938,
      63.66111755371094,
      83.6905517578125,
      64.44528198242188,
      64.87767791748047,
      73.97278594970703,
      73.12479400634766,
      72.03128814697266,
      67.51080322265625,
      68.74234008789062,
      58.44422149658203,
      72.0684814453125,
      58.71311569213867,
      52.22833251953125,
      37.68804168701172
    ],
    [
      9.081403732299805,
      7.3884077072143555,
      14.474665641784668,
      17.141712188720703,
      61.96897506713867,
      64.44528198242188,
      89.88447570800781,
      71.44248962402344,
      84.47760772705078,
      73.52241516113281,
      80.01786804199219,
      72.76671600341797,
      73.35810852050781,
      64.16786193847656,
      70.43818664550781,
      58.70550537109375,
      52.243350982666016,
      37.77406692504883
    ],
    [
      10.087191581726074,
      9.38201904296875,
      12.620321273803711,
      17.72164535522461,
      47.776275634765625,
      64.87767791748047,
      71.44248962402344,
      90.45433807373047,
      68.96643829345703,
      79.48310852050781,
      65.00769805908203,
      65.39016723632812,
      65.0784912109375,
      57.81138610839844,
      70.2242202758789,
      58.11934280395508,
      48.73295593261719,
      35.63374710083008
    ],
    [
      8.847637176513672,
      7.638821125030518,
      14.39318561553955,
      18.373489379882812,
      70.09042358398438,
      73.97278594970703,
      84.47760772705078,
      68.96643829345703,
      115.7123794555664,
      97.3653793334961,
      107.06977081298828,
      97.1754379272461,
      94.62164306640625,
      83.41714477539062,
      89.53033447265625,
      76.60469818115234,
      64.59449768066406,
      47.74345016479492
    ],
    [
      11.336596488952637,
      10.086164474487305,
      15.012188911437988,
      19.922964096069336,
      60.01548385620117,
      73.12479400634766,
      73.52241516113281,
      79.48310852050781,
      97.3653793334961,
      104.32136535644531,
      92.33451080322266,
      90.4281997680664,
      87.18266296386719,
      78.02838897705078,
      91.30217742919922,
      77.25513458251953,
      62.70521926879883,
      46.5693473815918
    ],
    [
      9.039889335632324,
      8.20341682434082,
      11.94392204284668,
      17.118633270263672,
      67.66796112060547,
      72.03128814697266,
      80.01786804199219,
      65.00769805908203,
      107.06977081298828,
      92.33451080322266,
      121.2381591796875,
      109.21041107177734,
      111.4227066040039,
      98.34156799316406,
      104.05512237548828,
      90.39173889160156,
      73.66926574707031,
      56.155906677246094
    ],
    [
      9.204353332519531,
      7.993288516998291,
      12.178637504577637,
      16.808948516845703,
      60.71216583251953,
      67.51080322265625,
      72.76671600341797,
      65.39016723632812,
      97.1754379272461,
      90.4281997680664,
      109.21041107177734,
      106.34564971923828,
      104.98006439208984,
      94.50929260253906,
      99.65716552734375,
      86.81373596191406,
      68.93545532226562,
      52.92058563232422
    ],
    [
      10.763851165771484,
      9.99457836151123,
      8.651908874511719,
      15.1803560256958,
      57.915855407714844,
      68.74234008789062,
      73.35810852050781,
      65.0784912109375,
      94.62164306640625,
      87.18266296386719,
      111.4227066040039,
      104.98006439208984,
      134.89810180664062,
      115.50285339355469,
      125.01496887207031,
      109.04855346679688,
      83.35485076904297,
      66.84810638427734
    ],
    [
      11.891594886779785,
      10.066549301147461,
      10.557354927062988,
      15.230449676513672,
      50.90400695800781,
      58.44422149658203,
      64.16786193847656,
      57.81138610839844,
      83.41714477539062,
      78.02838897705078,
      98.34156799316406,
      94.50929260253906,
      115.50285339355469,
      107.16737365722656,
      104.77587890625,
      95.89756774902344,
      67.16747283935547,
      55.11142349243164
    ],
    [
      11.786138534545898,
      11.159066200256348,
      10.030611038208008,
      17.130456924438477,
      57.57682418823242,
      72.0684814453125,
      70.43818664550781,
      70.2242202758789,
      89.53033447265625,
      91.30217742919922,
      104.05512237548828,
      99.65716552734375,
      125.01496887207031,
      104.77587890625,
      131.15567016601562,
      110.65571594238281,
      87.82598114013672,
      69.0194091796875
    ],
    [
      12.793498992919922,
      11.110200881958008,
      10.188036918640137,
      15.571463584899902,
      48.10820007324219,
      58.71311569213867,
      58.70550537109375,
      58.11934280395508,
      76.60469818115234,
      77.25513458251953,
      90.39173889160156,
      86.81373596191406,
      109.04855346679688,
      95.89756774902344,
      110.65571594238281,
      99.56694030761719,
      70.8749008178711,
      57.700904846191406
    ],
    [
      6.362362861633301,
      6.603343963623047,
      5.758995532989502,
      11.391473770141602,
      42.53413009643555,
      52.22833251953125,
      52.243350982666016,
      48.73295593261719,
      64.59449768066406,
      62.70521926879883,
      73.66926574707031,
      68.93545532226562,
      83.35485076904297,
      67.16747283935547,
      87.82598114013672,
      70.8749008178711,
      66.31034088134766,
      50.35118103027344
    ],
    [
      5.376512050628662,
      5.3974175453186035,
      4.015677452087402,
      8.163068771362305,
      30.410890579223633,
      37.68804168701172,
      37.77406692504883,
      35.63374710083008,
      47.74345016479492,
      46.5693473815918,
      56.155906677246094,
      52.92058563232422,
      66.84810638427734,
      55.11142349243164,
      69.0194091796875,
      57.700904846191406,
      50.35118103027344,
      40.08464813232422
    ]
  ],
  "drr": 11.788018226623535,
  "dynamics": 3.975560188293457,
  "format": 1245190,
  "frames": 13828032,
  "loudness": -19.70164680480957,
  "loudness_range": 11.570828437805176,
  "loudness_range_short": 13.583580017089844,
  "peak": -2.3703200817108154,
  "rms": -20.804126739501953,
  "sample_rate": 44100,
  "sections": 1,
  "seekable": 1,
  "sharpness": 2.3687796592712402,
  "space": -13.51035213470459
}