{
  "bands": [
    {
      "high_freq": 148.1999969482422,
      "loudness": -26.396774291992188,
      "loudness_range": 11.921810150146484,
      "mid_mean": -23.219192504882812,
      "mid_to_side_loudness": -12.514082908630371,
      "mid_to_side_loudness_range": 17.546401977539062,
      "side_mean": -35.27071762084961
    },
    {
      "high_freq": 392.3793640136719,
      "loudness": -24.29481315612793,
      "loudness_range": 12.174598693847656,
      "low_freq": 148.1999969482422,
      "mid_mean": -21.70624351501465,
      "mid_to_side_loudness": -7.123119354248047,
      "mid_to_side_loudness_range": 14.611244201660156,
      "side_mean": -29.172237396240234
    },
    {
      "high_freq": 794.6976318359375,
      "loudness": -30.67937469482422,
      "loudness_range": 21.602880477905273,
      "low_freq": 392.3793640136719,
      "mid_mean": -27.98689079284668,
      "mid_to_side_loudness": -7.725955009460449,
      "mid_to_side_loudness_range": 13.894882202148438,
      "side_mean": -35.7683219909668
    },
    {
      "high_freq": 1457.5709228515625,
      "loudness": -34.09921646118164,
      "loudness_range": 20.71410369873047,
      "low_freq": 794.6976318359375,
      "mid_mean": -31.61900520324707,
      "mid_to_side_loudness": -6.7026190757751465,
      "mid_to_side_loudness_range": 14.65389633178711,
      "side_mean": -38.4775505065918
    },
    {
      "high_freq": 2549.74365234375,
      "loudness": -37.9646110534668,
      "loudness_range": 24.25868797302246,
      "low_freq": 1457.5709228515625,
      "mid_mean": -35.43349075317383,
      "mid_to_side_loudness": -6.99616813659668,
      "mid_to_side_loudness_range": 15.739645957946777,
      "side_mean": -42.42331314086914
    },
    {
      "high_freq": 4349.24462890625,
      "loudness": -41.24662399291992,
      "loudness_range": 21.639984130859375,
      "low_freq": 2549.74365234375,
      "mid_mean": -38.720237731933594,
      "mid_to_side_loudness": -7.316300392150879,
      "mid_to_side_loudness_range": 16.261938095092773,
      "side_mean": -45.99535369873047
    },
    {
      "high_freq": 7314.1640625,
      "loudness": -43.283878326416016,
      "loudness_range": 21.208879470825195,
      "low_freq": 4349.24462890625,
      "mid_mean": -40.78642272949219,
      "mid_to_side_loudness": -6.625805377960205,
      "mid_to_side_loudness_range": 13.528517723083496,
      "side_mean": -47.350067138671875
    },
    {
      "high_freq": 12199.2666015625,
      "loudness": -44.31956100463867,
      "loudness_range": 23.835796356201172,
      "low_freq": 7314.1640625,
      "mid_mean": -41.44074249267578,
      "mid_to_side_loudness": -8.92447280883789,
      "mid_to_side_loudness_range": 16.047040939331055,
      "side_mean": -51.22060012817383
    },
    {
      "loudness": -52.84983825683594,
      "loudness_range": 20.930206298828125,
      "low_freq": 12199.2666015625,
      "mid_mean": -50.17216110229492,
      "mid_to_side_loudness": -8.471185684204102,
      "mid_to_side_loudness_range": 11.528491973876953,
      "side_mean": -57.90898132324219
    }
  ],
  "bands_short": [
    {
      "high_freq": 148.1999969482422,
      "loudness": -30.170133590698242,
      "loudness_range": 19.29446029663086,
      "mid_mean": -26.808990478515625,
      "mid_to_side_loudness": -16.531496047973633,
      "mid_to_side_loudness_range": 20.94527816772461,
      "side_mean": -43.15919876098633
    },
    {
      "high_freq": 392.3793640136719,
      "loudness": -24.938337326049805,
      "loudness_range": 14.690103530883789,
      "low_freq": 148.1999969482422,
      "mid_mean": -22.335079193115234,
      "mid_to_side_loudness": -7.579539775848389,
      "mid_to_side_loudness_range": 15.573033332824707,
      "side_mean": -30.1558837890625
    },
    {
      "high_freq": 794.6976318359375,
      "loudness": -30.693241119384766,
      "loudness_range": 22.303640365600586,
      "low_freq": 392.3793640136719,
      "mid_mean": -28.159162521362305,
      "mid_to_side_loudness": -7.304080009460449,
      "mid_to_side_loudness_range": 15.44643783569336,
      "side_mean": -35.53339767456055
    },
    {
      "high_freq": 1457.5709228515625,
      "loudness": -34.948204040527344,
      "loudness_range": 21.81148910522461,
      "low_freq": 794.6976318359375,
      "mid_mean": -32.65977478027344,
      "mid_to_side_loudness": -6.226537227630615,
      "mid_to_side_loudness_range": 15.60089111328125,
      "side_mean": -39.06331253051758
    },
    {
      "high_freq": 2549.74365234375,
      "loudness": -39.28499984741211,
      "loudness_range": 26.2195987701416,
      "low_freq": 1457.5709228515625,
      "mid_mean": -36.90742492675781,
      "mid_to_side_loudness": -6.40192174911499,
      "mid_to_side_loudness_range": 15.444473266601562,
      "side_mean": -43.322059631347656
    },
    {
      "high_freq": 4349.24462890625,
      "loudness": -43.013065338134766,
      "loudness_range": 24.356807708740234,
      "low_freq": 2549.74365234375,
      "mid_mean": -40.54911422729492,
      "mid_to_side_loudness": -7.092670917510986,
      "mid_to_side_loudness_range": 16.500059127807617,
      "side_mean": -47.708133697509766
    },
    {
      "high_freq": 7314.1640625,
      "loudness": -46.26514434814453,
      "loudness_range": 23.533912658691406,
      "low_freq": 4349.24462890625,
      "mid_mean": -43.78803253173828,
      "mid_to_side_loudness": -6.774661540985107,
      "mid_to_side_loudness_range": 14.69702434539795,
      "side_mean": -51.268280029296875
    },
    {
      "high_freq": 12199.2666015625,
      "loudness": -48.01081085205078,
      "loudness_range": 28.995275497436523,
      "low_freq": 7314.1640625,
      "mid_mean": -45.10190963745117,
      "mid_to_side_loudness": -9.525362014770508,
      "mid_to_side_loudness_range": 17.280763626098633,
      "side_mean": -55.12887954711914
    },
    {
      "loudness": -56.44859313964844,
      "loudness_range": 27.65863800048828,
      "low_freq": 12199.2666015625,
      "mid_mean": -53.349246978759766,
      "mid_to_side_loudness": -9.37749195098877,
      "mid_to_side_loudness_range": 12.060811042785645,
      "side_mean": -61.28248977661133
    }
  ],
  "channels": 2,
  "covariance": [
    [
      23.190773010253906,
      8.403961181640625,
      9.969870567321777,
      7.8388590812683105,
      6.763138294219971,
      6.010742664337158,
      5.873494625091553,
      3.510141134262085,
      4.547181129455566,
      1.9986395835876465,
      0.8862205743789673,
      -1.8302404880523682,
      -3.3082637786865234,
      -4.5416975021362305,
      -3.8724212646484375,
      -2.559661865234375,
      -1.786882996559143,
      -4.355517864227295
    ],
    [
      8.403961181640625,
      29.646879196166992,
      6.107396602630615,
      7.344510555267334,
      2.984834671020508,
      5.700545310974121,
      6.39329719543457,
      7.9191412925720215,
      5.493299961090088,
      8.334539413452148,
      6.431746482849121,
      12.483009338378906,
      6.8380022048950195,
      14.061579704284668,
      5.054893970489502,
      13.557714462280273,
      8.35092544555664,
      11.347090721130371
    ],
    [
      9.969870567321777,
      6.107396602630615,
      24.526935577392578,
      8.060089111328125,
      21.817155838012695,
      10.034272193908691,
      14.970904350280762,
      5.110012054443359,
      18.34969711303711,
      5.014805316925049,
      19.93761444091797,
      3.816066265106201,
      12.801046371459961,
      3.063310384750366,
      20.13759422302246,
      7.5046210289001465,
      16.50862693786621,
      6.003932952880859
    ],
    [
      7.8388590812683105,
      7.344510555267334,
      8.060089111328125,
      19.887189865112305,
      6.065229415893555,
      7.469730854034424,
      5.387106895446777,
      6.1321868896484375,
      3.6355786323547363,
      4.271712779998779,
      4.420633792877197,
      4.019327640533447,
      2.945058584213257,
      3.8388638496398926,
      2.365833044052124,
      8.704316139221191,
      5.647729396820068,
      5.40930700302124
    ],
    [
      6.763138294219971,
      2.984834671020508,
      21.817155838012695,
      6.065229415893555,
      55.05619430541992,
      27.85695457458496,
      36.379642486572266,
      15.60638427734375,
      41.31416702270508,
      14.701245307922363,
      32.50276565551758,
      5.5782999992370605,
      22.143129348754883,
      5.012820720672607,
      31.060579299926758,
      12.375364303588867,
      27.838293075561523,
      11.747716903686523
    ],
    [
      6.010742664337158,
      5.700545310974121,
      10.034272193908691,
      7.469730854034424,
      27.85695457458496,
      24.84807777404785,
      21.336101531982422,
      16.310211181640625,
      22.284912109375,
      13.739688873291016,
      13.916679382324219,
      5.350252628326416,
      7.753347873687744,
      3.1878256797790527,
      9.285906791687012,
      7.313177585601807,
      11.119112014770508,
      6.125792980194092
    ],
    [
      5.873494625091553,
      6.39329719543457,
      14.970904350280762,
      5.387106895446777,
      36.379642486572266,
      21.336101531982422,
      56.425201416015625,
      31.347923278808594,
      43.12112045288086,
      21.00508689880371,
      28.809635162353516,
      8.255517959594727,
      16.934120178222656,
      6.503717422485352,
      22.887489318847656,
      9.356956481933594,
      20.197267532348633,
      9.55372428894043
    ],
    [
      3.510141134262085,
      7.9191412925720215,
      5.110012054443359,
      6.1321868896484375,
      15.60638427734375,
      16.310211181640625,
      31.347923278808594,
      34.99447250366211,
      20.07274055480957,
      17.036514282226562,
      9.070816993713379,
      6.987822532653809,
      4.624898433685303,
      4.932334899902344,
      4.7194695472717285,
      6.356482982635498,
      5.951656341552734,
      5.066790580749512
    ],
    [
      4.547181129455566,
      5.493299961090088,
      18.34969711303711,
      3.6355786323547363,
      41.31416702270508,
      22.284912109375,
      43.12112045288086,
      20.07274055480957,
      66.18877410888672,
      31.41806411743164,
      43.90765380859375,
      11.02461051940918,
      28.688093185424805,
      10.876568794250488,
      35.542327880859375,
      14.162551879882812,
      29.678762435913086,
      14.301030158996582
    ],
    [
      1.9986395835876465,
      8.334539413452148,
      5.014805316925049,
      4.271712779998779,
      14.701245307922363,
      13.739688873291016,
      21.00508689880371,
      17.036514282226562,
      31.41806411743164,
      25.237049102783203,
      16.959501266479492,
      11.074549674987793,
      10.544160842895508,
      9.811084747314453,
      9.544828414916992,
      8.823923110961914,
      9.432812690734863,
      7.975693702697754
    ],
    [
      0.8862205743789673,
      6.431746482849121,
      19.93761444091797,
      4.420633792877197,
      32.50276565551758,
      13.916679382324219,
      28.809635162353516,
      9.070816993713379,
      43.90765380859375,
      16.959501266479492,
      51.58474349975586,
      16.7795352935791,
      40.95631408691406,
      18.7835693359375,
      50.20858383178711,
      24.541366577148438,
      41.60282516479492,
      23.60163688659668
    ],
    [
      -1.8302404880523682,
      12.483009338378906,
      3.816066265106201,
      4.019327640533447,
      5.5782999992370605,
      5.350252628326416,
      8.255517959594727,
      6.987822532653809,
      11.02461051940918,
      11.074549674987793,
      16.7795352935791,
      18.03291893005371,
      16.868459701538086,
      19.619449615478516,
      15.912076950073242,
      19.351329803466797,
      16.822776794433594,
      17.442493438720703
    ],
    [
      -3.3082637786865234,
      6.8380022048950195,
      12.801046371459961,
      2.945058584213257,
      22.143129348754883,
      7.753347873687744,
      16.934120178222656,
      4.624898433685303,
      28.688093185424805,
      10.544160842895508,
      40.95631408691406,
      16.868459701538086,
      50.782108306884766,
      28.84535789489746,
      55.34649658203125,
      35.15614700317383,
      47.32012939453125,
      32.122901916503906
    ],
    [
      -4.5416975021362305,
      14.061579704284668,
      3.063310384750366,
      3.8388638496398926,
      5.012820720672607,
      3.1878256797790527,
      6.503717422485352,
      4.932334899902344,
      10.876568794250488,
      9.811084747314453,
      18.7835693359375,
      19.619449615478516,
      28.84535789489746,
      31.74150276184082,
      26.739171981811523,
      30.895780563354492,
      26.73219871520996,
      27.432903289794922
    ],
    [
      -3.8724212646484375,
      5.054893970489502,
      20.13759422302246,
      2.365833044052124,
      31.060579299926758,
      9.285906791687012,
      22.887489318847656,
      4.7194695472717285,
      35.542327880859375,
      9.544828414916992,
      50.20858383178711,
      15.912076950073242,
      55.34649658203125,
      26.739171981811523,
      71.27328491210938,
      38.4197998046875,
      59.68514633178711,
      36.494422912597656
    ],
    [
      -2.559661865234375,
      13.557714462280273,
      7.5046210289001465,
      8.704316139221191,
      12.375364303588867,
      7.313177585601807,
      9.356956481933594,
      6.356482982635498,
      14.162551879882812,
      8.823923110961914,
      24.541366577148438,
      19.351329803466797,
      35.15614700317383,
      30.895780563354492,
      38.4197998046875,
      51.11543655395508,
      50.354766845703125,
      42.471839904785156
    ],
    [
      -1.786882996559143,
      8.35092544555664,
      16.50862693786621,
      5.647729396820068,
      27.838293075561523,
      11.119112014770508,
      20.197267532348633,
      5.951656341552734,
      29.678762435913086,
      9.432812690734863,
      41.60282516479492,
      16.822776794433594,
      47.32012939453125,
      26.73219871520996,
      59.68514633178711,
      50.354766845703125,
      68.35400390625,
      46.24159622192383
    ],
    [
      -4.355517864227295,
      11.347090721130371,
      6.003932952880859,
      5.40930700302124,
      11.747716903686523,
      6.125792980194092,
      9.55372428894043,
      5.066790580749512,
      14.301030158996582,
      7.975693702697754,
      23.60163688659668,
      17.442493438720703,
      32.122901916503906,
      27.432903289794922,
      36.494422912597656,
      42.471839904785156,
      46.24159622192383,
      39.516319274902344
    ]
  ],
  "covariance_short": [
    [
      48.42385482788086,
      31.997594833374023,
      16.62661361694336,
      16.114845275878906,
      8.853371620178223,
      6.424760818481445,
      7.118949890136719,
      4.275276184082031,
      5.868623733520508,
      3.3703601360321045,
      3.6031758785247803,
      1.7206735610961914,
      2.618882179260254,
      4.83638858795166,
      3.1804006099700928,
      5.127664566040039,
      4.442347049713135,
      3.3000259399414062
    ],
    [
      31.997594833374023,
      65.22898864746094,
      17.771703720092773,
      21.927085876464844,
      9.768332481384277,
      9.259952545166016,
      9.717207908630371,
      10.186861991882324,
      12.316661834716797,
      13.38876724243164,
      14.266884803771973,
      20.912879943847656,
      19.322553634643555,
      29.299226760864258,
      18.167142868041992,
      28.841676712036133,
      18.77989959716797,
      22.671993255615234
    ],
    [
      16.62661361694336,
      17.771703720092773,
      30.408592224121094,
      14.921055793762207,
      21.71199607849121,
      10.475137710571289,
      12.833152770996094,
      5.467055320739746,
      14.582233428955078,
      4.881033420562744,
      18.08734130859375,
      7.561025142669678,
      14.241304397583008,
      9.408122062683105,
      24.878353118896484,
      13.547547340393066,
      19.478500366210938,
      10.403589248657227
    ],
    [
      16.114845275878906,
      21.927085876464844,
      14.921055793762207,
      31.535308837890625,
      9.133458137512207,
      9.491226196289062,
      8.03830337524414,
      8.724205017089844,
      6.600515842437744,
      6.98274564743042,
      9.044072151184082,
      10.210028648376465,
      10.10509204864502,
      16.223207473754883,
      10.950860977172852,
      16.612945556640625,
      12.293222427368164,
      11.981760025024414
    ],
    [
      8.853371620178223,
      9.768332481384277,
      21.71199607849121,
      9.133458137512207,
      62.685386657714844,
      30.348339080810547,
      41.01759338378906,
      21.521215438842773,
      44.808624267578125,
      19.447370529174805,
      37.650657653808594,
      10.91849422454834,
      25.882339477539062,
      10.796563148498535,
      39.77052307128906,
      16.383100509643555,
      32.22831726074219,
      14.600855827331543
    ],
    [
      6.424760818481445,
      9.259952545166016,
      10.475137710571289,
      9.491226196289062,
      30.348339080810547,
      27.666107177734375,
      23.699480056762695,
      19.14647102355957,
      24.517608642578125,
      16.081392288208008,
      16.59203338623047,
      9.194924354553223,
      10.930785179138184,
      8.990249633789062,
      13.271952629089355,
      9.047954559326172,
      13.221697807312012,
      7.3642964363098145
    ],
    [
      7.118949890136719,
      9.717207908630371,
      12.833152770996094,
      8.03830337524414,
      41.01759338378906,
      23.699480056762695,
      65.57036590576172,
      37.35026168823242,
      46.303096771240234,
      25.783973693847656,
      33.13285827636719,
      13.639744758605957,
      21.41846466064453,
      10.628095626831055,
      29.13005828857422,
      13.674571990966797,
      24.783594131469727,
      13.49262809753418
    ],
    [
      4.275276184082031,
      10.186861991882324,
      5.467055320739746,
      8.724205017089844,
      21.521215438842773,
      19.14647102355957,
      37.35026168823242,
      42.73401641845703,
      26.38600730895996,
      21.60295867919922,
      14.317536354064941,
      12.428719520568848,
      10.122457504272461,
      10.324050903320312,
      10.327889442443848,
      9.29460334777832,
      9.700258255004883,
      7.539003849029541
    ],
    [
      5.868623733520508,
      12.316661834716797,
      14.582233428955078,
      6.600515842437744,
      44.808624267578125,
      24.517608642578125,
      46.303096771240234,
      26.38600730895996,
      72.07202911376953,
      37.97138977050781,
      48.612911224365234,
      18.755475997924805,
      34.220951080322266,
      16.776044845581055,
      43.17661666870117,
      21.6925106048584,
      35.6292724609375,
      20.63453483581543
    ],
    [
      3.3703601360321045,
      13.38876724243164,
      4.881033420562744,
      6.98274564743042,
      19.447370529174805,
      16.081392288208008,
      25.783973693847656,
      21.60295867919922,
      37.97138977050781,
      33.46320724487305,
      23.278005599975586,
      18.123634338378906,
      17.731542587280273,
      17.304420471191406,
      16.40945816040039,
      14.690921783447266,
      14.606788635253906,
      12.56783676147461
    ],
    [
      3.6031758785247803,
      14.266884803771973,
      18.08734130859375,
      9.044072151184082,
      37.650657653808594,
      16.59203338623047,
      33.13285827636719,
      14.317536354064941,
      48.612911224365234,
      23.278005599975586,
      64.7405014038086,
      27.924869537353516,
      54.57049560546875,
      30.26601791381836,
      68.23696899414062,
      39.271114349365234,
      54.12620162963867,
      34.107337951660156
    ],
    [
      1.7206735610961914,
      20.912879943847656,
      7.561025142669678,
      10.210028648376465,
      10.91849422454834,
      9.194924354553223,
      13.639744758605957,
      12.428719520568848,
      18.755475997924805,
      18.123634338378906,
      27.924869537353516,
      30.76789665222168,
      29.148962020874023,
      33.61471939086914,
      27.754898071289062,
      30.846296310424805,
      25.376798629760742,
      24.647396087646484
    ],
    [
      2.618882179260254,
      19.322553634643555,
      14.241304397583008,
      10.10509204864502,
      25.882339477539062,
      10.930785179138184,
      21.41846466064453,
      10.122457504272461,
      34.220951080322266,
      17.731542587280273,
      54.57049560546875,
      29.148962020874023,
      69.31609344482422,
      45.40774917602539,
      77.21345520019531,
      54.82899475097656,
      62.66831588745117,
      45.442508697509766
    ],
    [
      4.83638858795166,
      29.299226760864258,
      9.408122062683105,
      16.223207473754883,
      10.796563148498535,
      8.990249633789062,
      10.628095626831055,
      10.324050903320312,
      16.776044845581055,
      17.304420471191406,
      30.26601791381836,
      33.61471939086914,
      45.40774917602539,
      63.37076187133789,
      42.14653778076172,
      56.98785400390625,
      46.61650466918945,
      42.41851806640625
    ],
    [
      3.1804006099700928,
      18.167142868041992,
      24.878353118896484,
      10.950860977172852,
      39.77052307128906,
      13.271952629089355,
      29.13005828857422,
      10.327889442443848,
      43.17661666870117,
      16.40945816040039,
      68.23696899414062,
      27.754898071289062,
      77.21345520019531,
      42.14653778076172,
      106.36798095703125,
      63.6439208984375,
      83.21800994873047,
      54.08282470703125
    ],
    [
      5.127664566040039,
      28.841676712036133,
      13.547547340393066,
      16.612945556640625,
      16.383100509643555,
      9.047954559326172,
      13.674571990966797,
      9.29460334777832,
      21.6925106048584,
      14.690921783447266,
      39.271114349365234,
      30.846296310424805,
      54.82899475097656,
      56.98785400390625,
      63.6439208984375,
      66.3194351196289,
      61.284549713134766,
      52.21189498901367
    ],
    [
      4.442347049713135,
      18.77989959716797,
      19.478500366210938,
      12.293222427368164,
      32.22831726074219,
      13.221697807312012,
      24.783594131469727,
      9.700258255004883,
      35.6292724609375,
      14.606788635253906,
      54.12620162963867,
      25.376798629760742,
      62.66831588745117,
      46.61650466918945,
      83.21800994873047,
      61.284549713134766,
      79.63980102539062,
      54.537139892578125
    ],
    [
      3.3000259399414062,
      22.671993255615234,
      10.403589248657227,
      11.981760025024414,
      14.600855827331543,
      7.3642964363098145,
      13.49262809753418,
      7.539003849029541,
      20.63453483581543,
      12.56783676147461,
      34.107337951660156,
      24.647396087646484,
      45.442508697509766,
      42.41851806640625,
      54.08282470703125,
      52.21189498901367,
      54.537139892578125,
      47.451725006103516
    ]
  ],
  "drr": 14.521114349365234,
  "dynamics": 4.03933048248291,
  "format": 1245190,
  "frames": 7354368,
  "loudness": -16.451284408569336,
  "loudness_range": 11.398154258728027,
  "loudness_range_short": 14.934831619262695,
  "peak": -0.07404415309429169,
  "rms": -17.196990966796875,
  "sample_rate": 44100,
  "sections": 1,
  "seekable": 1,
  "sharpness": 3.3737497329711914,
  "space": -9.078261375427246
}