{
  "bands": [
    {
      "high_freq": 148.1999969482422,
      "loudness": -23.399627685546875,
      "loudness_range": 21.18781280517578,
      "mid_mean": -19.746015548706055,
      "mid_to_side_loudness": -21.254255294799805,
      "mid_to_side_loudness_range": 20.4718074798584,
      "side_mean": -41.907291412353516
    },
    {
      "high_freq": 392.3793640136719,
      "loudness": -21.3098087310791,
      "loudness_range": 10.600439071655273,
      "low_freq": 148.1999969482422,
      "mid_mean": -18.044677734375,
      "mid_to_side_loudness": -11.963301658630371,
      "mid_to_side_loudness_range": 14.790183067321777,
      "side_mean": -30.16336441040039
    },
    {
      "high_freq": 794.6976318359375,
      "loudness": -25.539722442626953,
      "loudness_range": 11.382205963134766,
      "low_freq": 392.3793640136719,
      "mid_mean": -22.50640106201172,
      "mid_to_side_loudness": -9.860095977783203,
      "mid_to_side_loudness_range": 13.67310905456543,
      "side_mean": -32.37049102783203
    },
    {
      "high_freq": 1457.5709228515625,
      "loudness": -30.230615615844727,
      "loudness_range": 16.51494598388672,
      "low_freq": 794.6976318359375,
      "mid_mean": -27.208044052124023,
      "mid_to_side_loudness": -10.035513877868652,
      "mid_to_side_loudness_range": 14.621057510375977,
      "side_mean": -37.263118743896484
    },
    {
      "high_freq": 2549.74365234375,
      "loudness": -31.723480224609375,
      "loudness_range": 15.949750900268555,
      "low_freq": 1457.5709228515625,
      "mid_mean": -28.5930118560791,
      "mid_to_side_loudness": -10.621942520141602,
      "mid_to_side_loudness_range": 13.533771514892578,
      "side_mean": -39.478206634521484
    },
    {
      "high_freq": 4349.24462890625,
      "loudness": -31.07818031311035,
      "loudness_range": 16.584999084472656,
      "low_freq": 2549.74365234375,
      "mid_mean": -27.732975006103516,
      "mid_to_side_loudness": -12.890544891357422,
      "mid_to_side_loudness_range": 14.906524658203125,
      "side_mean": -41.132041931152344
    },
    {
      "high_freq": 7314.1640625,
      "loudness": -32.29121780395508,
      "loudness_range": 13.156059265136719,
      "low_freq": 4349.24462890625,
      "mid_mean": -28.97859001159668,
      "mid_to_side_loudness": -11.578049659729004,
      "mid_to_side_loudness_range": 12.686988830566406,
      "side_mean": -40.77781677246094
    },
    {
      "high_freq": 12199.2666015625,
      "loudness": -34.80314254760742,
      "loudness_range": 13.189428329467773,
      "low_freq": 7314.1640625,
      "mid_mean": -31.484127044677734,
      "mid_to_side_loudness": -11.674591064453125,
      "mid_to_side_loudness_range": 12.301065444946289,
      "side_mean": -43.40943908691406
    },
    {
      "loudness": -44.651424407958984,
      "loudness_range": 17.6837158203125,
      "low_freq": 12199.2666015625,
      "mid_mean": -41.547882080078125,
      "mid_to_side_loudness": -9.1530179977417,
      "mid_to_side_loudness_range": 9.581964492797852,
      "side_mean": -51.4493522644043
    }
  ],
  "bands_short": [
    {
      "high_freq": 148.1999969482422,
      "loudness": -29.13847541809082,
      "loudness_range": 32.10759735107422,
      "mid_mean": -25.599695205688477,
      "mid_to_side_loudness": -19.076892852783203,
      "mid_to_side_loudness_range": 26.490089416503906,
      "side_mean": -45.913150787353516
    },
    {
      "high_freq": 392.3793640136719,
      "loudness": -23.028654098510742,
      "loudness_range": 17.281118392944336,
      "low_freq": 148.1999969482422,
      "mid_mean": -19.976835250854492,
      "mid_to_side_loudness": -11.115941047668457,
      "mid_to_side_loudness_range": 17.95633316040039,
      "side_mean": -31.26119613647461
    },
    {
      "high_freq": 794.6976318359375,
      "loudness": -26.2687931060791,
      "loudness_range": 16.01506805419922,
      "low_freq": 392.3793640136719,
      "mid_mean": -23.364608764648438,
      "mid_to_side_loudness": -9.552751541137695,
      "mid_to_side_loudness_range": 16.48320960998535,
      "side_mean": -33.03379440307617
    },
    {
      "high_freq": 1457.5709228515625,
      "loudness": -31.716474533081055,
      "loudness_range": 20.539873123168945,
      "low_freq": 794.6976318359375,
      "mid_mean": -28.887788772583008,
      "mid_to_side_loudness": -9.40876579284668,
      "mid_to_side_loudness_range": 17.190784454345703,
      "side_mean": -38.475059509277344
    },
    {
      "high_freq": 2549.74365234375,
      "loudness": -33.99900817871094,
      "loudness_range": 21.637042999267578,
      "low_freq": 1457.5709228515625,
      "mid_mean": -31.077491760253906,
      "mid_to_side_loudness": -9.563819885253906,
      "mid_to_side_loudness_range": 15.354456901550293,
      "side_mean": -41.02254867553711
    },
    {
      "high_freq": 4349.24462890625,
      "loudness": -33.703346252441406,
      "loudness_range": 24.86079978942871,
      "low_freq": 2549.74365234375,
      "mid_mean": -30.5445613861084,
      "mid_to_side_loudness": -12.048918724060059,
      "mid_to_side_loudness_range": 17.836198806762695,
      "side_mean": -43.41599655151367
    },
    {
      "high_freq": 7314.1640625,
      "loudness": -37.24831771850586,
      "loudness_range": 25.60767364501953,
      "low_freq": 4349.24462890625,
      "mid_mean": -34.14555740356445,
      "mid_to_side_loudness": -10.56741714477539,
      "mid_to_side_loudness_range": 14.605781555175781,
      "side_mean": -45.07496643066406
    },
    {
      "high_freq": 12199.2666015625,
      "loudness": -38.23677062988281,
      "loudness_range": 24.284067153930664,
      "low_freq": 7314.1640625,
      "mid_mean": -35.10819625854492,
      "mid_to_side_loudness": -11.55130386352539,
      "mid_to_side_loudness_range": 16.818632125854492,
      "side_mean": -47.336830139160156
    },
    {
      "loudness": -47.63141632080078,
      "loudness_range": 23.63544464111328,
      "low_freq": 12199.2666015625,
      "mid_mean": -44.64115524291992,
      "mid_to_side_loudness": -8.681264877319336,
      "mid_to_side_loudness_range": 11.92153263092041,
      "side_mean": -53.89850997924805
    }
  ],
  "channels": 2,
  "covariance": [
    [
      61.74634552001953,
      25.773277282714844,
      20.745464324951172,
      12.258785247802734,
      10.5774564743042,
      6.972615718841553,
      13.15342903137207,
      10.210115432739258,
      15.074097633361816,
      14.542680740356445,
      12.370142936706543,
      12.669482231140137,
      17.251304626464844,
      10.683822631835938,
      9.42951488494873,
      4.826360702514648,
      5.939404010772705,
      5.544212341308594
    ],
    [
      25.773277282714844,
      35.98841094970703,
      15.72677993774414,
      23.1788330078125,
      11.935131072998047,
      14.291638374328613,
      14.431233406066895,
      17.198606491088867,
      15.368429183959961,
      18.91476821899414,
      14.222027778625488,
      20.211042404174805,
      16.234046936035156,
      16.357967376708984,
      12.963555335998535,
      13.326010704040527,
      13.129456520080566,
      15.46208667755127
    ],
    [
      20.745464324951172,
      15.72677993774414,
      22.602426528930664,
      16.515472412109375,
      14.594088554382324,
      10.708724021911621,
      15.831486701965332,
      11.048282623291016,
      18.125333786010742,
      13.807683944702148,
      16.048555374145508,
      12.29124641418457,
      16.6173038482666,
      10.149670600891113,
      12.913836479187012,
      6.758853435516357,
      11.759725570678711,
      8.226480484008789
    ],
    [
      12.258785247802734,
      23.1788330078125,
      16.515472412109375,
      39.52532196044922,
      15.935124397277832,
      22.484952926635742,
      18.486495971679688,
      24.127450942993164,
      18.206453323364258,
      22.452741622924805,
      17.153034210205078,
      23.621883392333984,
      13.648926734924316,
      16.41144371032715,
      14.893038749694824,
      17.017559051513672,
      17.985279083251953,
      21.32016372680664
    ],
    [
      10.5774564743042,
      11.935131072998047,
      14.594088554382324,
      15.935124397277832,
      22.283113479614258,
      16.05805015563965,
      20.521286010742188,
      12.567059516906738,
      19.038963317871094,
      12.42328929901123,
      17.924901962280273,
      12.80974292755127,
      15.120515823364258,
      10.200366020202637,
      14.527616500854492,
      10.108094215393066,
      15.03189754486084,
      12.101627349853516
    ],
    [
      6.972615718841553,
      14.291638374328613,
      10.708724021911621,
      22.484952926635742,
      16.05805015563965,
      35.913204193115234,
      14.4690523147583,
      23.71170425415039,
      11.573920249938965,
      18.631240844726562,
      10.438231468200684,
      18.422529220581055,
      9.310012817382812,
      13.248682022094727,
      10.808311462402344,
      14.757269859313965,
      12.99235725402832,
      16.45406150817871
    ],
    [
      13.15342903137207,
      14.431233406066895,
      15.831486701965332,
      18.486495971679688,
      20.521286010742188,
      14.4690523147583,
      39.3599739074707,
      23.842525482177734,
      27.89631462097168,
      20.27044677734375,
      26.76947593688965,
      20.663894653320312,
      18.228267669677734,
      13.625458717346191,
      18.34981346130371,
      14.638855934143066,
      18.905763626098633,
      16.03106117248535
    ],
    [
      10.210115432739258,
      17.198606491088867,
      11.048282623291016,
      24.127450942993164,
      12.567059516906738,
      23.71170425415039,
      23.842525482177734,
      39.709014892578125,
      16.837406158447266,
      28.344650268554688,
      12.551462173461914,
      24.364871978759766,
      11.763072967529297,
      15.737722396850586,
      13.260305404663086,
      17.21893310546875,
      13.201624870300293,
      17.77300453186035
    ],
    [
      15.074097633361816,
      15.368429183959961,
      18.125333786010742,
      18.206453323364258,
      19.038963317871094,
      11.573920249938965,
      27.89631462097168,
      16.837406158447266,
      39.11722946166992,
      22.556943893432617,
      32.82125473022461,
      21.558040618896484,
      22.61016082763672,
      13.356546401977539,
      20.44890785217285,
      13.006782531738281,
      19.895288467407227,
      15.291168212890625
    ],
    [
      14.542680740356445,
      18.91476821899414,
      13.807683944702148,
      22.452741622924805,
      12.42328929901123,
      18.631240844726562,
      20.27044677734375,
      28.344650268554688,
      22.556943893432617,
      33.40940475463867,
      16.883434295654297,
      25.65874671936035,
      14.809796333312988,
      15.874311447143555,
      13.391594886779785,
      15.0068359375,
      11.883670806884766,
      14.885215759277344
    ],
    [
      12.370142936706543,
      14.222027778625488,
      16.048555374145508,
      17.153034210205078,
      17.924901962280273,
      10.438231468200684,
      26.76947593688965,
      12.551462173461914,
      32.82125473022461,
      16.883434295654297,
      41.19966506958008,
      22.190631866455078,
      22.56638526916504,
      14.521286010742188,
      21.45321273803711,
      13.985536575317383,
      23.7039794921875,
      18.38770866394043
    ],
    [
      12.669482231140137,
      20.211042404174805,
      12.29124641418457,
      23.621883392333984,
      12.80974292755127,
      18.422529220581055,
      20.663894653320312,
      24.364871978759766,
      21.558040618896484,
      25.65874671936035,
      22.190631866455078,
      32.442440032958984,
      16.014833450317383,
      19.314516067504883,
      16.67359733581543,
      20.509605407714844,
      17.58220672607422,
      21.41802406311035
    ],
    [
      17.251304626464844,
      16.234046936035156,
      16.6173038482666,
      13.648926734924316,
      15.120515823364258,
      9.310012817382812,
      18.228267669677734,
      11.763072967529297,
      22.61016082763672,
      14.809796333312988,
      22.56638526916504,
      16.014833450317383,
      29.66586685180664,
      16.0053653717041,
      22.783899307250977,
      13.373819351196289,
      19.70100975036621,
      15.086261749267578
    ],
    [
      10.683822631835938,
      16.357967376708984,
      10.149670600891113,
      16.41144371032715,
      10.200366020202637,
      13.248682022094727,
      13.625458717346191,
      15.737722396850586,
      13.356546401977539,
      15.874311447143555,
      14.521286010742188,
      19.314516067504883,
      16.0053653717041,
      18.908353805541992,
      15.376919746398926,
      18.12169075012207,
      15.825876235961914,
      18.641111373901367
    ],
    [
      9.42951488494873,
      12.963555335998535,
      12.913836479187012,
      14.893038749694824,
      14.527616500854492,
      10.808311462402344,
      18.34981346130371,
      13.260305404663086,
      20.44890785217285,
      13.391594886779785,
      21.45321273803711,
      16.67359733581543,
      22.783899307250977,
      15.376919746398926,
      25.816627502441406,
      17.260900497436523,
      25.01910400390625,
      19.874250411987305
    ],
    [
      4.826360702514648,
      13.326010704040527,
      6.758853435516357,
      17.017559051513672,
      10.108094215393066,
      14.757269859313965,
      14.638855934143066,
      17.21893310546875,
      13.006782531738281,
      15.0068359375,
      13.985536575317383,
      20.509605407714844,
      13.373819351196289,
      18.12169075012207,
      17.260900497436523,
      25.50564193725586,
      19.69143295288086,
      25.93595314025879
    ],
    [
      5.939404010772705,
      13.129456520080566,
      11.759725570678711,
      17.985279083251953,
      15.03189754486084,
      12.99235725402832,
      18.905763626098633,
      13.201624870300293,
      19.895288467407227,
      11.883670806884766,
      23.7039794921875,
      17.58220672607422,
      19.70100975036621,
      15.825876235961914,
      25.01910400390625,
      19.69143295288086,
      36.28355026245117,
      30.845006942749023
    ],
    [
      5.544212341308594,
      15.46208667755127,
      8.226480484008789,
      21.32016372680664,
      12.101627349853516,
      16.45406150817871,
      16.03106117248535,
      17.77300453186035,
      15.291168212890625,
      14.885215759277344,
      18.38770866394043,
      21.41802406311035,
      15.086261749267578,
      18.641111373901367,
      19.874250411987305,
      25.93595314025879,
      30.845006942749023,
      43.78057861328125
    ]
  ],
  "covariance_short": [
    [
      123.7913589477539,
      46.474422454833984,
      28.815095901489258,
      14.40623664855957,
      8.28700065612793,
      9.743885040283203,
      14.794471740722656,
      15.286700248718262,
      14.965253829956055,
      18.60822105407715,
      13.204081535339355,
      20.525636672973633,
      21.443248748779297,
      16.28786277770996,
      11.409667015075684,
      11.982207298278809,
      7.042117118835449,
      8.98257827758789
    ],
    [
      46.474422454833984,
      52.733211517333984,
      20.876394271850586,
      25.550992965698242,
      13.18055248260498,
      16.414478302001953,
      16.10171890258789,
      19.69741439819336,
      17.142333984375,
      21.99118423461914,
      17.104700088500977,
      25.224756240844727,
      21.43926429748535,
      21.089662551879883,
      16.237783432006836,
      18.26009178161621,
      13.982490539550781,
      16.229785919189453
    ],
    [
      28.815095901489258,
      20.876394271850586,
      41.63560485839844,
      24.874364852905273,
      21.39857292175293,
      15.959540367126465,
      21.674373626708984,
      17.50309944152832,
      24.502761840820312,
      20.93570899963379,
      24.86373519897461,
      22.969789505004883,
      24.260204315185547,
      19.2551326751709,
      19.988666534423828,
      16.794004440307617,
      17.96563148498535,
      14.76740837097168
    ],
    [
      14.40623664855957,
      25.550992965698242,
      24.874364852905273,
      51.546871185302734,
      20.354156494140625,
      27.94664764404297,
      22.85506248474121,
      30.45301628112793,
      24.18290138244629,
      29.443477630615234,
      23.552478790283203,
      33.2342529296875,
      19.49941062927246,
      23.416412353515625,
      19.62611961364746,
      24.221755981445312,
      19.315227508544922,
      21.780193328857422
    ],
    [
      8.28700065612793,
      13.18055248260498,
      21.39857292175293,
      20.354156494140625,
      35.69121170043945,
      22.38151741027832,
      28.235986709594727,
      18.86211395263672,
      26.869548797607422,
      17.924671173095703,
      27.90276527404785,
      21.425174713134766,
      20.844942092895508,
      17.303939819335938,
      22.45999526977539,
      19.1417179107666,
      21.328847885131836,
      17.042097091674805
    ],
    [
      9.743885040283203,
      16.414478302001953,
      15.959540367126465,
      27.94664764404297,
      22.38151741027832,
      45.970977783203125,
      19.3045654296875,
      30.440399169921875,
      17.441057205200195,
      24.892391204833984,
      16.470579147338867,
      26.17142105102539,
      14.484034538269043,
      20.535301208496094,
      15.910431861877441,
      23.176067352294922,
      15.935718536376953,
      19.03095817565918
    ],
    [
      14.794471740722656,
      16.10171890258789,
      21.674373626708984,
      22.85506248474121,
      28.235986709594727,
      19.3045654296875,
      57.32415771484375,
      33.61777877807617,
      39.21070098876953,
      27.716150283813477,
      42.14797592163086,
      33.40602111816406,
      26.758647918701172,
      23.536666870117188,
      28.715652465820312,
      25.019832611083984,
      26.363784790039062,
      20.91251564025879
    ],
    [
      15.286700248718262,
      19.69741439819336,
      17.50309944152832,
      30.45301628112793,
      18.86211395263672,
      30.440399169921875,
      33.61777877807617,
      52.70450210571289,
      26.1507625579834,
      37.94966125488281,
      21.811832427978516,
      37.07539367675781,
      20.31064796447754,
      26.813350677490234,
      20.31930923461914,
      27.7696590423584,
      17.778650283813477,
      21.67473793029785
    ],
    [
      14.965253829956055,
      17.142333984375,
      24.502761840820312,
      24.18290138244629,
      26.869548797607422,
      17.441057205200195,
      39.21070098876953,
      26.1507625579834,
      57.55741500854492,
      34.26612091064453,
      51.447574615478516,
      39.452674865722656,
      37.315513610839844,
      31.119443893432617,
      36.53575897216797,
      30.685522079467773,
      31.38866424560547,
      24.71415901184082
    ],
    [
      18.60822105407715,
      21.99118423461914,
      20.93570899963379,
      29.443477630615234,
      17.924671173095703,
      24.892391204833984,
      27.716150283813477,
      37.94966125488281,
      34.26612091064453,
      48.98448181152344,
      26.477252960205078,
      41.96122741699219,
      27.363733291625977,
      32.4066162109375,
      23.348791122436523,
      29.592599868774414,
      19.344995498657227,
      22.32610511779785
    ],
    [
      13.204081535339355,
      17.104700088500977,
      24.86373519897461,
      23.552478790283203,
      27.90276527404785,
      16.470579147338867,
      42.14797592163086,
      21.811832427978516,
      51.447574615478516,
      26.477252960205078,
      76.15097045898438,
      45.49002456665039,
      49.83538055419922,
      38.77804183959961,
      50.615570068359375,
      40.260311126708984,
      45.312076568603516,
      33.22061538696289
    ],
    [
      20.525636672973633,
      25.224756240844727,
      22.969789505004883,
      33.2342529296875,
      21.425174713134766,
      26.17142105102539,
      33.40602111816406,
      37.07539367675781,
      39.452674865722656,
      41.96122741699219,
      45.49002456665039,
      60.68976593017578,
      43.024444580078125,
      49.15204620361328,
      39.3719596862793,
      48.266780853271484,
      33.543643951416016,
      35.146663665771484
    ],
    [
      21.443248748779297,
      21.43926429748535,
      24.260204315185547,
      19.49941062927246,
      20.844942092895508,
      14.484034538269043,
      26.758647918701172,
      20.31064796447754,
      37.315513610839844,
      27.363733291625977,
      49.83538055419922,
      43.024444580078125,
      80.10165405273438,
      61.024356842041016,
      63.60494613647461,
      57.570682525634766,
      52.292293548583984,
      43.286582946777344
    ],
    [
      16.28786277770996,
      21.089662551879883,
      19.2551326751709,
      23.416412353515625,
      17.303939819335938,
      20.535301208496094,
      23.536666870117188,
      26.813350677490234,
      31.119443893432617,
      32.4066162109375,
      38.77804183959961,
      49.15204620361328,
      61.024356842041016,
      70.88641357421875,
      49.354366302490234,
      66.17402648925781,
      42.55807876586914,
      45.85586166381836
    ],
    [
      11.409667015075684,
      16.237783432006836,
      19.988666534423828,
      19.62611961364746,
      22.45999526977539,
      15.910431861877441,
      28.715652465820312,
      20.31930923461914,
      36.53575897216797,
      23.348791122436523,
      50.615570068359375,
      39.3719596862793,
      63.60494613647461,
      49.354366302490234,
      70.65995788574219,
      55.763328552246094,
      56.583213806152344,
      44.92192840576172
    ],
    [
      11.982207298278809,
      18.26009178161621,
      16.794004440307617,
      24.221755981445312,
      19.1417179107666,
      23.176067352294922,
      25.019832611083984,
      27.7696590423584,
      30.685522079467773,
      29.592599868774414,
      40.260311126708984,
      48.266780853271484,
      57.570682525634766,
      66.17402648925781,
      55.763328552246094,
      79.12004089355469,
      49.26797866821289,
      55.36723709106445
    ],
    [
      7.042117118835449,
      13.982490539550781,
      17.96563148498535,
      19.315227508544922,
      21.328847885131836,
      15.935718536376953,
      26.363784790039062,
      17.778650283813477,
      31.38866424560547,
      19.344995498657227,
      45.312076568603516,
      33.543643951416016,
      52.292293548583984,
      42.55807876586914,
      56.583213806152344,
      49.26797866821289,
      62.738250732421875,
      48.99784851074219
    ],
    [
      8.98257827758789,
      16.229785919189453,
      14.76740837097168,
      21.780193328857422,
      17.042097091674805,
      19.03095817565918,
      20.91251564025879,
      21.67473793029785,
      24.71415901184082,
      22.32610511779785,
      33.22061538696289,
      35.146663665771484,
      43.286582946777344,
      45.85586166381836,
      44.92192840576172,
      55.36723709106445,
      48.99784851074219,
      56.283512115478516
    ]
  ],
  "drr": 15.236649513244629,
  "dynamics": 3.7912230491638184,
  "format": 1245190,
  "frames": 11139072,
  "loudness": -12.545062065124512,
  "loudness_range": 9.981256484985352,
  "loudness_range_short": 15.721952438354492,
  "peak": 0.9617937803268433,
  "rms": -13.42629623413086,
  "sample_rate": 44100,
  "sections": 1,
  "seekable": 1,
  "sharpness": 3.949477195739746,
  "space": -12.027441024780273
}