{
  "bands": [
    {
      "high_freq": 148.1999969482422,
      "loudness": -38.68547821044922,
      "loudness_range": 28.061492919921875,
      "mid_mean": -35.3087043762207,
      "mid_to_side_loudness": -10.676872253417969,
      "mid_to_side_loudness_range": 15.151576042175293,
      "side_mean": -46.86441421508789
    },
    {
      "high_freq": 392.3793640136719,
      "loudness": -34.41071319580078,
      "loudness_range": 16.1295108795166,
      "low_freq": 148.1999969482422,
      "mid_mean": -32.3154411315918,
      "mid_to_side_loudness": -4.6374406814575195,
      "mid_to_side_loudness_range": 12.222135543823242,
      "side_mean": -37.343387603759766
    },
    {
      "high_freq": 794.6976318359375,
      "loudness": -35.3536376953125,
      "loudness_range": 17.1986083984375,
      "low_freq": 392.3793640136719,
      "mid_mean": -33.156192779541016,
      "mid_to_side_loudness": -5.021624565124512,
      "mid_to_side_loudness_range": 12.555501937866211,
      "side_mean": -38.04737854003906
    },
    {
      "high_freq": 1457.5709228515625,
      "loudness": -32.066078186035156,
      "loudness_range": 17.47563934326172,
      "low_freq": 794.6976318359375,
      "mid_mean": -29.908594131469727,
      "mid_to_side_loudness": -4.974002838134766,
      "mid_to_side_loudness_range": 12.06804084777832,
      "side_mean": -34.97499084472656
    },
    {
      "high_freq": 2549.74365234375,
      "loudness": -34.12517166137695,
      "loudness_range": 19.069604873657227,
      "low_freq": 1457.5709228515625,
      "mid_mean": -32.065956115722656,
      "mid_to_side_loudness": -4.672215938568115,
      "mid_to_side_loudness_range": 10.94837474822998,
      "side_mean": -36.72748947143555
    },
    {
      "high_freq": 4349.24462890625,
      "loudness": -36.7079963684082,
      "loudness_range": 23.361408233642578,
      "low_freq": 2549.74365234375,
      "mid_mean": -34.70461654663086,
      "mid_to_side_loudness": -4.118452072143555,
      "mid_to_side_loudness_range": 9.356249809265137,
      "side_mean": -38.68074035644531
    },
    {
      "high_freq": 7314.1640625,
      "loudness": -49.1767692565918,
      "loudness_range": 28.827335357666016,
      "low_freq": 4349.24462890625,
      "mid_mean": -47.73589324951172,
      "mid_to_side_loudness": -4.039944648742676,
      "mid_to_side_loudness_range": 8.352071762084961,
      "side_mean": -51.962066650390625
    },
    {
      "high_freq": 12199.2666015625,
      "loudness": -59.42402648925781,
      "loudness_range": 28.67236328125,
      "low_freq": 7314.1640625,
      "mid_mean": -57.080928802490234,
      "mid_to_side_loudness": -2.3284614086151123,
      "mid_to_side_loudness_range": 4.045450210571289,
      "side_mean": -58.863075256347656
    },
    {
      "loudness": -62.246856689453125,
      "loudness_range": 20.648208618164062,
      "low_freq": 12199.2666015625,
      "mid_mean": -59.868839263916016,
      "mid_to_side_loudness": -1.960281252861023,
      "mid_to_side_loudness_range": 3.8430323600769043,
      "side_mean": -61.4467658996582
    }
  ],
  "bands_short": [
    {
      "high_freq": 148.1999969482422,
      "loudness": -39.69384765625,
      "loudness_range": 27.029651641845703,
      "mid_mean": -36.297054290771484,
      "mid_to_side_loudness": -10.645946502685547,
      "mid_to_side_loudness_range": 18.469478607177734,
      "side_mean": -47.951473236083984
    },
    {
      "high_freq": 392.3793640136719,
      "loudness": -34.30563735961914,
      "loudness_range": 16.81719207763672,
      "low_freq": 148.1999969482422,
      "mid_mean": -32.239036560058594,
      "mid_to_side_loudness": -5.08039665222168,
      "mid_to_side_loudness_range": 14.850284576416016,
      "side_mean": -37.71117401123047
    },
    {
      "high_freq": 794.6976318359375,
      "loudness": -35.66786575317383,
      "loudness_range": 18.380226135253906,
      "low_freq": 392.3793640136719,
      "mid_mean": -33.649600982666016,
      "mid_to_side_loudness": -5.026609897613525,
      "mid_to_side_loudness_range": 15.044808387756348,
      "side_mean": -38.52287292480469
    },
    {
      "high_freq": 1457.5709228515625,
      "loudness": -32.32255172729492,
      "loudness_range": 18.207807540893555,
      "low_freq": 794.6976318359375,
      "mid_mean": -30.330801010131836,
      "mid_to_side_loudness": -5.030621528625488,
      "mid_to_side_loudness_range": 14.829757690429688,
      "side_mean": -35.4324951171875
    },
    {
      "high_freq": 2549.74365234375,
      "loudness": -34.352561950683594,
      "loudness_range": 19.776294708251953,
      "low_freq": 1457.5709228515625,
      "mid_mean": -32.477691650390625,
      "mid_to_side_loudness": -4.476265907287598,
      "mid_to_side_loudness_range": 13.405865669250488,
      "side_mean": -37.01551055908203
    },
    {
      "high_freq": 4349.24462890625,
      "loudness": -36.902008056640625,
      "loudness_range": 23.93547821044922,
      "low_freq": 2549.74365234375,
      "mid_mean": -34.961849212646484,
      "mid_to_side_loudness": -4.08073616027832,
      "mid_to_side_loudness_range": 10.945291519165039,
      "side_mean": -39.00089645385742
    },
    {
      "high_freq": 7314.1640625,
      "loudness": -49.31573486328125,
      "loudness_range": 29.955429077148438,
      "low_freq": 4349.24462890625,
      "mid_mean": -47.892024993896484,
      "mid_to_side_loudness": -3.967874050140381,
      "mid_to_side_loudness_range": 9.183693885803223,
      "side_mean": -52.01157760620117
    },
    {
      "high_freq": 12199.2666015625,
      "loudness": -59.572750091552734,
      "loudness_range": 28.90234375,
      "low_freq": 7314.1640625,
      "mid_mean": -57.225730895996094,
      "mid_to_side_loudness": -2.2886455059051514,
      "mid_to_side_loudness_range": 4.7967329025268555,
      "side_mean": -58.97492218017578
    },
    {
      "loudness": -62.410343170166016,
      "loudness_range": 21.047046661376953,
      "low_freq": 12199.2666015625,
      "mid_mean": -60.029876708984375,
      "mid_to_side_loudness": -1.9245572090148926,
      "mid_to_side_loudness_range": 4.404930591583252,
      "side_mean": -61.57032012939453
    }
  ],
  "channels": 2,
  "covariance": [
    [
      99.31184387207031,
      63.956939697265625,
      28.219013214111328,
      25.124021530151367,
      25.597702026367188,
      29.96318244934082,
      15.609017372131348,
      25.997682571411133,
      20.03931427001953,
      34.130489349365234,
      33.69706726074219,
      40.228759765625,
      43.99352264404297,
      50.6042594909668,
      33.05266189575195,
      31.45818519592285,
      22.646041870117188,
      21.198829650878906
    ],
    [
      63.956939697265625,
      59.24552536010742,
      22.357423782348633,
      20.38213539123535,
      21.696727752685547,
      24.427396774291992,
      14.353346824645996,
      22.34829330444336,
      15.367011070251465,
      27.16998863220215,
      26.565759658813477,
      32.89113235473633,
      34.18336486816406,
      40.540443420410156,
      26.043018341064453,
      25.011219024658203,
      17.458253860473633,
      16.75185775756836
    ],
    [
      28.219013214111328,
      22.357423782348633,
      40.78759002685547,
      34.112728118896484,
      22.63456153869629,
      21.881893157958984,
      13.392965316772461,
      20.178537368774414,
      11.384766578674316,
      20.503894805908203,
      20.37260627746582,
      25.178728103637695,
      27.996536254882812,
      32.173133850097656,
      21.957014083862305,
      21.564180374145508,
      14.995058059692383,
      14.637453079223633
    ],
    [
      25.124021530151367,
      20.38213539123535,
      34.112728118896484,
      49.898860931396484,
      24.312076568603516,
      29.203550338745117,
      11.516494750976562,
      19.141616821289062,
      10.862432479858398,
      20.915781021118164,
      16.280885696411133,
      20.356203079223633,
      21.990203857421875,
      26.463590621948242,
      16.008472442626953,
      15.932944297790527,
      10.063932418823242,
      9.89383602142334
    ],
    [
      25.597702026367188,
      21.696727752685547,
      22.63456153869629,
      24.312076568603516,
      38.36513900756836,
      35.73564910888672,
      16.63083839416504,
      21.197431564331055,
      12.425642967224121,
      20.864870071411133,
      19.762630462646484,
      23.313987731933594,
      25.515880584716797,
      27.67709732055664,
      16.848281860351562,
      16.090694427490234,
      10.707184791564941,
      10.042424201965332
    ],
    [
      29.96318244934082,
      24.427396774291992,
      21.881893157958984,
      29.203550338745117,
      35.73564910888672,
      54.64637756347656,
      11.370280265808105,
      20.299896240234375,
      12.71606731414795,
      24.376842498779297,
      16.727081298828125,
      23.3475284576416,
      21.29987335205078,
      26.26032257080078,
      13.712084770202637,
      13.193325996398926,
      6.673276901245117,
      6.616205215454102
    ],
    [
      15.609017372131348,
      14.353346824645996,
      13.392965316772461,
      11.516494750976562,
      16.63083839416504,
      11.370280265808105,
      42.90800476074219,
      35.134700775146484,
      19.813928604125977,
      22.089147567749023,
      31.789976119995117,
      29.4598331451416,
      39.01822280883789,
      36.57096862792969,
      28.438087463378906,
      26.259004592895508,
      20.332063674926758,
      18.021730422973633
    ],
    [
      25.997682571411133,
      22.34829330444336,
      20.178537368774414,
      19.141616821289062,
      21.197431564331055,
      20.299896240234375,
      35.134700775146484,
      47.56730270385742,
      20.67275047302246,
      32.354591369628906,
      41.4136848449707,
      46.9077262878418,
      54.49177932739258,
      57.749420166015625,
      43.66383361816406,
      42.76057815551758,
      26.945589065551758,
      26.571516036987305
    ],
    [
      20.03931427001953,
      15.367011070251465,
      11.384766578674316,
      10.862432479858398,
      12.425642967224121,
      12.71606731414795,
      19.813928604125977,
      20.67275047302246,
      50.21805953979492,
      43.67570877075195,
      36.154197692871094,
      34.579437255859375,
      44.81464385986328,
      41.026878356933594,
      33.92155838012695,
      29.74068260192871,
      28.550479888916016,
      24.202186584472656
    ],
    [
      34.130489349365234,
      27.16998863220215,
      20.503894805908203,
      20.915781021118164,
      20.864870071411133,
      24.376842498779297,
      22.089147567749023,
      32.354591369628906,
      43.67570877075195,
      58.02123260498047,
      43.339393615722656,
      49.36395263671875,
      58.1490364074707,
      60.554107666015625,
      46.79861831665039,
      44.20362854003906,
      32.756046295166016,
      30.59244155883789
    ],
    [
      33.69706726074219,
      26.565759658813477,
      20.37260627746582,
      16.280885696411133,
      19.762630462646484,
      16.727081298828125,
      31.789976119995117,
      41.4136848449707,
      36.154197692871094,
      43.339393615722656,
      66.78136444091797,
      68.26622772216797,
      78.65213775634766,
      80.53099060058594,
      64.372314453125,
      61.17888259887695,
      44.89332580566406,
      42.30546569824219
    ],
    [
      40.228759765625,
      32.89113235473633,
      25.178728103637695,
      20.356203079223633,
      23.313987731933594,
      23.3475284576416,
      29.4598331451416,
      46.9077262878418,
      34.579437255859375,
      49.36395263671875,
      68.26622772216797,
      84.3347396850586,
      87.57313537597656,
      96.10546875,
      75.23706817626953,
      73.8136215209961,
      48.272708892822266,
      47.97646713256836
    ],
    [
      43.99352264404297,
      34.18336486816406,
      27.996536254882812,
      21.990203857421875,
      25.515880584716797,
      21.29987335205078,
      39.01822280883789,
      54.49177932739258,
      44.81464385986328,
      58.1490364074707,
      78.65213775634766,
      87.57313537597656,
      108.74007415771484,
      112.03553771972656,
      88.07357788085938,
      84.83320617675781,
      60.23506546020508,
      57.695003509521484
    ],
    [
      50.6042594909668,
      40.540443420410156,
      32.173133850097656,
      26.463590621948242,
      27.67709732055664,
      26.26032257080078,
      36.57096862792969,
      57.749420166015625,
      41.026878356933594,
      60.554107666015625,
      80.53099060058594,
      96.10546875,
      112.03553771972656,
      128.3876953125,
      98.95692443847656,
      96.63731384277344,
      63.96071243286133,
      63.00748825073242
    ],
    [
      33.05266189575195,
      26.043018341064453,
      21.957014083862305,
      16.008472442626953,
      16.848281860351562,
      13.712084770202637,
      28.438087463378906,
      43.66383361816406,
      33.92155838012695,
      46.79861831665039,
      64.372314453125,
      75.23706817626953,
      88.07357788085938,
      98.95692443847656,
      81.23965454101562,
      78.83543395996094,
      53.80100631713867,
      52.69550704956055
    ],
    [
      31.45818519592285,
      25.011219024658203,
      21.564180374145508,
      15.932944297790527,
      16.090694427490234,
      13.193325996398926,
      26.259004592895508,
      42.76057815551758,
      29.74068260192871,
      44.20362854003906,
      61.17888259887695,
      73.8136215209961,
      84.83320617675781,
      96.63731384277344,
      78.83543395996094,
      77.9173355102539,
      50.82980728149414,
      50.88384246826172
    ],
    [
      22.646041870117188,
      17.458253860473633,
      14.995058059692383,
      10.063932418823242,
      10.707184791564941,
      6.673276901245117,
      20.332063674926758,
      26.945589065551758,
      28.550479888916016,
      32.756046295166016,
      44.89332580566406,
      48.272708892822266,
      60.23506546020508,
      63.96071243286133,
      53.80100631713867,
      50.82980728149414,
      42.22611618041992,
      39.01337814331055
    ],
    [
      21.198829650878906,
      16.75185775756836,
      14.637453079223633,
      9.89383602142334,
      10.042424201965332,
      6.616205215454102,
      18.021730422973633,
      26.571516036987305,
      24.202186584472656,
      30.59244155883789,
      42.30546569824219,
      47.97646713256836,
      57.695003509521484,
      63.00748825073242,
      52.69550704956055,
      50.88384246826172,
      39.01337814331055,
      37.60929489135742
    ]
  ],
  "covariance_short": [
    [
      97.30916595458984,
      60.66920471191406,
      26.776166915893555,
      22.346092224121094,
      21.27413558959961,
      25.99452018737793,
      14.041536331176758,
      23.46394920349121,
      18.143117904663086,
      30.07897186279297,
      27.14548683166504,
      33.90561294555664,
      35.18177032470703,
      40.91156005859375,
      25.86199188232422,
      24.340309143066406,
      17.42460823059082,
      15.896617889404297
    ],
    [
      60.66920471191406,
      60.53253173828125,
      20.84676742553711,
      18.125415802001953,
      19.28274917602539,
      21.34632682800293,
      14.255324363708496,
      21.942594528198242,
      14.264236450195312,
      24.38909149169922,
      23.834758758544922,
      30.89457893371582,
      30.943349838256836,
      36.82700729370117,
      23.456138610839844,
      22.520437240600586,
      15.098397254943848,
      14.461935997009277
    ],
    [
      26.776166915893555,
      20.84676742553711,
      44.84617614746094,
      32.153953552246094,
      23.422943115234375,
      20.656091690063477,
      14.03205394744873,
      19.39469337463379,
      12.817890167236328,
      21.43868637084961,
      20.162935256958008,
      26.02009391784668,
      27.73708724975586,
      31.47486114501953,
      21.52503776550293,
      20.966514587402344,
      14.979110717773438,
      14.350064277648926
    ],
    [
      22.346092224121094,
      18.125415802001953,
      32.153953552246094,
      51.88668441772461,
      24.26878547668457,
      28.76297950744629,
      12.141945838928223,
      18.321327209472656,
      11.923643112182617,
      20.782989501953125,
      15.385321617126465,
      19.96396255493164,
      20.99441146850586,
      24.771753311157227,
      15.337203979492188,
      15.041601181030273,
      10.160916328430176,
      9.62707233428955
    ],
    [
      21.27413558959961,
      19.28274917602539,
      23.422943115234375,
      24.26878547668457,
      42.17099380493164,
      35.05835723876953,
      16.813430786132812,
      20.788009643554688,
      12.982641220092773,
      21.320446014404297,
      18.796655654907227,
      23.615795135498047,
      24.121715545654297,
      26.417261123657227,
      16.28472328186035,
      15.572089195251465,
      10.278817176818848,
      9.70650863647461
    ],
    [
      25.99452018737793,
      21.34632682800293,
      20.656091690063477,
      28.76297950744629,
      35.05835723876953,
      57.829078674316406,
      11.785279273986816,
      20.253347396850586,
      12.516288757324219,
      23.475669860839844,
      15.562271118164062,
      22.868074417114258,
      20.520095825195312,
      25.174238204956055,
      13.271139144897461,
      12.77107048034668,
      6.641790390014648,
      6.474086761474609
    ],
    [
      14.041536331176758,
      14.255324363708496,
      14.03205394744873,
      12.141945838928223,
      16.813430786132812,
      11.785279273986816,
      46.063323974609375,
      33.445865631103516,
      20.27642822265625,
      23.22846794128418,
      30.828752517700195,
      29.280052185058594,
      37.46208190917969,
      35.01239013671875,
      27.375240325927734,
      25.049819946289062,
      19.520116806030273,
      17.20611000061035
    ],
    [
      23.46394920349121,
      21.942594528198242,
      19.39469337463379,
      18.321327209472656,
      20.788009643554688,
      20.253347396850586,
      33.445865631103516,
      49.82917022705078,
      21.153579711914062,
      33.350311279296875,
      38.32050323486328,
      45.6230583190918,
      51.853519439697266,
      55.252540588378906,
      41.44956970214844,
      40.499996185302734,
      25.383882522583008,
      25.026111602783203
    ],
    [
      18.143117904663086,
      14.264236450195312,
      12.817890167236328,
      11.923643112182617,
      12.982641220092773,
      12.516288757324219,
      20.27642822265625,
      21.153579711914062,
      51.918067932128906,
      41.280426025390625,
      36.95200729370117,
      35.857852935791016,
      45.61396789550781,
      42.153324127197266,
      34.638851165771484,
      30.63172721862793,
      29.343631744384766,
      24.90928840637207
    ],
    [
      30.07897186279297,
      24.38909149169922,
      21.43868637084961,
      20.782989501953125,
      21.320446014404297,
      23.475669860839844,
      23.22846794128418,
      33.350311279296875,
      41.280426025390625,
      58.772769927978516,
      45.149566650390625,
      52.5471076965332,
      60.93318176269531,
      63.21623992919922,
      48.81216049194336,
      46.282249450683594,
      34.55543518066406,
      32.21696472167969
    ],
    [
      27.14548683166504,
      23.834758758544922,
      20.162935256958008,
      15.385321617126465,
      18.796655654907227,
      15.562271118164062,
      30.828752517700195,
      38.32050323486328,
      36.95200729370117,
      45.149566650390625,
      68.21149444580078,
      68.21705627441406,
      78.86847686767578,
      80.16712188720703,
      64.11019134521484,
      60.756324768066406,
      44.73773193359375,
      41.899757385253906
    ],
    [
      33.90561294555664,
      30.89457893371582,
      26.02009391784668,
      19.96396255493164,
      23.615795135498047,
      22.868074417114258,
      29.280052185058594,
      45.6230583190918,
      35.857852935791016,
      52.5471076965332,
      68.21705627441406,
      86.43436431884766,
      89.05802154541016,
      96.92022705078125,
      75.3769302368164,
      73.71293640136719,
      48.340877532958984,
      47.820472717285156
    ],
    [
      35.18177032470703,
      30.943349838256836,
      27.73708724975586,
      20.99441146850586,
      24.121715545654297,
      20.520095825195312,
      37.46208190917969,
      51.853519439697266,
      45.61396789550781,
      60.93318176269531,
      78.86847686767578,
      89.05802154541016,
      112.80770874023438,
      114.3512954711914,
      89.23155212402344,
      85.84121704101562,
      60.90618896484375,
      58.20295333862305
    ],
    [
      40.91156005859375,
      36.82700729370117,
      31.47486114501953,
      24.771753311157227,
      26.417261123657227,
      25.174238204956055,
      35.01239013671875,
      55.252540588378906,
      42.153324127197266,
      63.21623992919922,
      80.16712188720703,
      96.92022705078125,
      114.3512954711914,
      130.5706329345703,
      99.15909576416016,
      96.70417022705078,
      64.23298645019531,
      63.204952239990234
    ],
    [
      25.86199188232422,
      23.456138610839844,
      21.52503776550293,
      15.337203979492188,
      16.28472328186035,
      13.271139144897461,
      27.375240325927734,
      41.44956970214844,
      34.638851165771484,
      48.81216049194336,
      64.11019134521484,
      75.3769302368164,
      89.23155212402344,
      99.15909576416016,
      81.59436798095703,
      78.55714416503906,
      53.82941436767578,
      52.46531677246094
    ],
    [
      24.340309143066406,
      22.520437240600586,
      20.966514587402344,
      15.041601181030273,
      15.572089195251465,
      12.77107048034668,
      25.049819946289062,
      40.499996185302734,
      30.63172721862793,
      46.282249450683594,
      60.756324768066406,
      73.71293640136719,
      85.84121704101562,
      96.70417022705078,
      78.55714416503906,
      77.80034637451172,
      50.75641632080078,
      50.73201370239258
    ],
    [
      17.42460823059082,
      15.098397254943848,
      14.979110717773438,
      10.160916328430176,
      10.278817176818848,
      6.641790390014648,
      19.520116806030273,
      25.383882522583008,
      29.343631744384766,
      34.55543518066406,
      44.73773193359375,
      48.340877532958984,
      60.90618896484375,
      64.23298645019531,
      53.82941436767578,
      50.75641632080078,
      42.728538513183594,
      38.97711944580078
    ],
    [
      15.896617889404297,
      14.461935997009277,
      14.350064277648926,
      9.62707233428955,
      9.70650863647461,
      6.474086761474609,
      17.20611000061035,
      25.026111602783203,
      24.90928840637207,
      32.21696472167969,
      41.899757385253906,
      47.820472717285156,
      58.20295333862305,
      63.204952239990234,
      52.46531677246094,
      50.73201370239258,
      38.97711944580078,
      37.896488189697266
    ]
  ],
  "drr": 10.481768608093262,
  "dynamics": 4.195712089538574,
  "format": 1245190,
  "frames": 11395072,
  "loudness": -21.359310150146484,
  "loudness_range": 13.054945945739746,
  "loudness_range_short": 13.664766311645508,
  "peak": -1.9622224569320679,
  "rms": -23.207551956176758,
  "sample_rate": 44100,
  "sections": 1,
  "seekable": 1,
  "sharpness": 1.1779409646987915,
  "space": -5.369080543518066
}