{
  "bands": [
    {
      "high_freq": 148.1999969482422,
      "loudness": -19.40242576599121,
      "loudness_range": 5.07056999206543,
      "mid_mean": -15.901962280273438,
      "mid_to_side_loudness": -13.74409294128418,
      "mid_to_side_loudness_range": 12.428789138793945,
      "side_mean": -30.27938461303711
    },
    {
      "high_freq": 392.3793640136719,
      "loudness": -20.014402389526367,
      "loudness_range": 4.85157585144043,
      "low_freq": 148.1999969482422,
      "mid_mean": -17.51356315612793,
      "mid_to_side_loudness": -5.396082878112793,
      "mid_to_side_loudness_range": 7.386032581329346,
      "side_mean": -23.001338958740234
    },
    {
      "high_freq": 794.6976318359375,
      "loudness": -20.300193786621094,
      "loudness_range": 7.946223258972168,
      "low_freq": 392.3793640136719,
      "mid_mean": -17.580076217651367,
      "mid_to_side_loudness": -6.555975914001465,
      "mid_to_side_loudness_range": 9.79609203338623,
      "side_mean": -24.46261978149414
    },
    {
      "high_freq": 1457.5709228515625,
      "loudness": -21.702411651611328,
      "loudness_range": 12.746831893920898,
      "low_freq": 794.6976318359375,
      "mid_mean": -18.81897735595703,
      "mid_to_side_loudness": -7.728082180023193,
      "mid_to_side_loudness_range": 12.632226943969727,
      "side_mean": -26.979883193969727
    },
    {
      "high_freq": 2549.74365234375,
      "loudness": -21.47850799560547,
      "loudness_range": 9.1312837600708,
      "low_freq": 1457.5709228515625,
      "mid_mean": -19.117969512939453,
      "mid_to_side_loudness": -4.911021709442139,
      "mid_to_side_loudness_range": 9.175887107849121,
      "side_mean": -24.355180740356445
    },
    {
      "high_freq": 4349.24462890625,
      "loudness": -24.995094299316406,
      "loudness_range": 7.679037094116211,
      "low_freq": 2549.74365234375,
      "mid_mean": -22.63474464416504,
      "mid_to_side_loudness": -4.911823749542236,
      "mid_to_side_loudness_range": 8.212590217590332,
      "side_mean": -27.780105590820312
    },
    {
      "high_freq": 7314.1640625,
      "loudness": -30.263113021850586,
      "loudness_range": 10.688560485839844,
      "low_freq": 4349.24462890625,
      "mid_mean": -27.221939086914062,
      "mid_to_side_loudness": -8.620753288269043,
      "mid_to_side_loudness_range": 12.117177963256836,
      "side_mean": -36.50828552246094
    },
    {
      "high_freq": 12199.2666015625,
      "loudness": -32.94970703125,
      "loudness_range": 15.346643447875977,
      "low_freq": 7314.1640625,
      "mid_mean": -29.921283721923828,
      "mid_to_side_loudness": -9.307425498962402,
      "mid_to_side_loudness_range": 12.762272834777832,
      "side_mean": -39.703006744384766
    },
    {
      "loudness": -40.1275634765625,
      "loudness_range": 16.995698928833008,
      "low_freq": 12199.2666015625,
      "mid_mean": -37.77137756347656,
      "mid_to_side_loudness": -4.665943145751953,
      "mid_to_side_loudness_range": 4.722866058349609,
      "side_mean": -42.51396560668945
    }
  ],
  "bands_short": [
    {
      "high_freq": 148.1999969482422,
      "loudness": -21.73936653137207,
      "loudness_range": 10.793022155761719,
      "mid_mean": -18.318504333496094,
      "mid_to_side_loudness": -15.11679744720459,
      "mid_to_side_loudness_range": 19.747970581054688,
      "side_mean": -34.08019256591797
    },
    {
      "high_freq": 392.3793640136719,
      "loudness": -19.465335845947266,
      "loudness_range": 7.948487281799316,
      "low_freq": 148.1999969482422,
      "mid_mean": -16.942188262939453,
      "mid_to_side_loudness": -5.96348762512207,
      "mid_to_side_loudness_range": 11.04260540008545,
      "side_mean": -23.126720428466797
    },
    {
      "high_freq": 794.6976318359375,
      "loudness": -21.125375747680664,
      "loudness_range": 10.856201171875,
      "low_freq": 392.3793640136719,
      "mid_mean": -18.65350341796875,
      "mid_to_side_loudness": -5.938400745391846,
      "mid_to_side_loudness_range": 12.260475158691406,
      "side_mean": -24.94893455505371
    },
    {
      "high_freq": 1457.5709228515625,
      "loudness": -22.094303131103516,
      "loudness_range": 14.78157901763916,
      "low_freq": 794.6976318359375,
      "mid_mean": -19.513076782226562,
      "mid_to_side_loudness": -6.8595194816589355,
      "mid_to_side_loudness_range": 14.097890853881836,
      "side_mean": -26.825849533081055
    },
    {
      "high_freq": 2549.74365234375,
      "loudness": -22.19931411743164,
      "loudness_range": 11.914539337158203,
      "low_freq": 1457.5709228515625,
      "mid_mean": -20.079378128051758,
      "mid_to_side_loudness": -4.499176979064941,
      "mid_to_side_loudness_range": 10.33298397064209,
      "side_mean": -24.79488754272461
    },
    {
      "high_freq": 4349.24462890625,
      "loudness": -25.634288787841797,
      "loudness_range": 11.563697814941406,
      "low_freq": 2549.74365234375,
      "mid_mean": -23.49755859375,
      "mid_to_side_loudness": -4.484354496002197,
      "mid_to_side_loudness_range": 9.561582565307617,
      "side_mean": -28.243677139282227
    },
    {
      "high_freq": 7314.1640625,
      "loudness": -31.67972755432129,
      "loudness_range": 15.520959854125977,
      "low_freq": 4349.24462890625,
      "mid_mean": -28.851119995117188,
      "mid_to_side_loudness": -7.723354339599609,
      "mid_to_side_loudness_range": 12.810441970825195,
      "side_mean": -37.06761169433594
    },
    {
      "high_freq": 12199.2666015625,
      "loudness": -35.1010856628418,
      "loudness_range": 19.739225387573242,
      "low_freq": 7314.1640625,
      "mid_mean": -32.095191955566406,
      "mid_to_side_loudness": -9.410654067993164,
      "mid_to_side_loudness_range": 15.313812255859375,
      "side_mean": -42.131072998046875
    },
    {
      "loudness": -45.76175308227539,
      "loudness_range": 28.683202743530273,
      "low_freq": 12199.2666015625,
      "mid_mean": -43.47065734863281,
      "mid_to_side_loudness": -6.1509809494018555,
      "mid_to_side_loudness_range": 10.214872360229492,
      "side_mean": -50.59267044067383
    }
  ],
  "channels": 2,
  "covariance": [
    [
      6.326412677764893,
      3.7905468940734863,
      1.1804319620132446,
      0.06384589523077011,
      2.8757829666137695,
      1.5539510250091553,
      3.957496166229248,
      2.026209592819214,
      3.627500057220459,
      2.4655818939208984,
      4.077993869781494,
      2.962852954864502,
      3.2783029079437256,
      1.207870364189148,
      2.8365437984466553,
      0.743254542350769,
      0.5923029780387878,
      1.0085999965667725
    ],
    [
      3.7905468940734863,
      11.701967239379883,
      1.6510900259017944,
      2.2011804580688477,
      2.8950870037078857,
      2.2254199981689453,
      3.1948659420013428,
      2.25819730758667,
      4.173649311065674,
      3.5569074153900146,
      4.314908504486084,
      3.499457836151123,
      5.128938674926758,
      3.6154799461364746,
      4.331875324249268,
      2.44185209274292,
      0.33413225412368774,
      -0.04612591862678528
    ],
    [
      1.1804319620132446,
      1.6510900259017944,
      6.842706203460693,
      3.057018995285034,
      2.1017541885375977,
      2.420574426651001,
      0.8842959403991699,
      1.5480228662490845,
      2.425220012664795,
      3.0582523345947266,
      3.7844090461730957,
      3.5242581367492676,
      4.257589340209961,
      1.958106517791748,
      3.854665756225586,
      1.1486823558807373,
      1.3105263710021973,
      0.6646270751953125
    ],
    [
      0.06384589523077011,
      2.2011804580688477,
      3.057018995285034,
      6.566609859466553,
      -0.12182474881410599,
      2.186677932739258,
      -1.2394399642944336,
      0.6661568284034729,
      0.8799667954444885,
      2.6042842864990234,
      1.3968069553375244,
      2.5391063690185547,
      1.9427073001861572,
      1.523815631866455,
      0.4418732225894928,
      0.12542636692523956,
      -0.8826369643211365,
      -1.192932367324829
    ],
    [
      2.8757829666137695,
      2.8950870037078857,
      2.1017541885375977,
      -0.12182474881410599,
      16.543346405029297,
      6.9403910636901855,
      13.66990852355957,
      5.90981388092041,
      10.30862808227539,
      5.616116046905518,
      8.883675575256348,
      6.042557239532471,
      8.604904174804688,
      4.133156776428223,
      9.503393173217773,
      3.957981824874878,
      4.183038234710693,
      5.290487766265869
    ],
    [
      1.5539510250091553,
      2.2254199981689453,
      2.420574426651001,
      2.186677932739258,
      6.9403910636901855,
      8.622572898864746,
      6.648065090179443,
      5.150092124938965,
      6.33820915222168,
      6.606171607971191,
      5.712362289428711,
      6.6506028175354,
      4.7272562980651855,
      4.693727016448975,
      3.8430845737457275,
      3.176542282104492,
      2.8466906547546387,
      3.7511987686157227
    ],
    [
      3.957496166229248,
      3.1948659420013428,
      0.8842959403991699,
      -1.2394399642944336,
      13.66990852355957,
      6.648065090179443,
      31.292280197143555,
      13.349413871765137,
      18.02227783203125,
      8.676568984985352,
      12.308810234069824,
      8.592803001403809,
      11.067331314086914,
      6.473555564880371,
      13.304583549499512,
      6.4139275550842285,
      8.084136009216309,
      9.464583396911621
    ],
    [
      2.026209592819214,
      2.25819730758667,
      1.5480228662490845,
      0.6661568284034729,
      5.90981388092041,
      5.150092124938965,
      13.349413871765137,
      12.553936004638672,
      9.768142700195312,
      8.452484130859375,
      8.123456954956055,
      8.334122657775879,
      7.602269172668457,
      6.801175594329834,
      7.403747081756592,
      6.51417875289917,
      6.739449977874756,
      7.942988872528076
    ],
    [
      3.627500057220459,
      4.173649311065674,
      2.425220012664795,
      0.8799667954444885,
      10.30862808227539,
      6.33820915222168,
      18.02227783203125,
      9.768142700195312,
      21.252490997314453,
      13.068336486816406,
      14.629582405090332,
      13.135934829711914,
      12.888049125671387,
      8.90316390991211,
      12.298707008361816,
      6.793694972991943,
      7.421300888061523,
      8.039353370666504
    ],
    [
      2.4655818939208984,
      3.5569074153900146,
      3.0582523345947266,
      2.6042842864990234,
      5.616116046905518,
      6.606171607971191,
      8.676568984985352,
      8.452484130859375,
      13.068336486816406,
      17.48215103149414,
      11.045846939086914,
      15.49910831451416,
      9.552522659301758,
      11.834781646728516,
      8.821329116821289,
      7.398726463317871,
      5.447070598602295,
      5.8993754386901855
    ],
    [
      4.077993869781494,
      4.314908504486084,
      3.7844090461730957,
      1.3968069553375244,
      8.883675575256348,
      5.712362289428711,
      12.308810234069824,
      8.123456954956055,
      14.629582405090332,
      11.045846939086914,
      16.85323143005371,
      13.531440734863281,
      13.829447746276855,
      9.724105834960938,
      12.389206886291504,
      8.123757362365723,
      8.815603256225586,
      8.990761756896973
    ],
    [
      2.962852954864502,
      3.499457836151123,
      3.5242581367492676,
      2.5391063690185547,
      6.042557239532471,
      6.6506028175354,
      8.592803001403809,
      8.334122657775879,
      13.135934829711914,
      15.49910831451416,
      13.531440734863281,
      19.872989654541016,
      10.675707817077637,
      11.9745512008667,
      7.085529804229736,
      6.901655673980713,
      4.789635181427002,
      6.144003868103027
    ],
    [
      3.2783029079437256,
      5.128938674926758,
      4.257589340209961,
      1.9427073001861572,
      8.604904174804688,
      4.7272562980651855,
      11.067331314086914,
      7.602269172668457,
      12.888049125671387,
      9.552522659301758,
      13.829447746276855,
      10.675707817077637,
      21.705713272094727,
      11.974696159362793,
      20.44902992248535,
      13.98347282409668,
      13.549530982971191,
      13.672027587890625
    ],
    [
      1.207870364189148,
      3.6154799461364746,
      1.958106517791748,
      1.523815631866455,
      4.133156776428223,
      4.693727016448975,
      6.473555564880371,
      6.801175594329834,
      8.90316390991211,
      11.834781646728516,
      9.724105834960938,
      11.9745512008667,
      11.974696159362793,
      19.376493453979492,
      11.905085563659668,
      16.37607192993164,
      9.778543472290039,
      10.83230972290039
    ],
    [
      2.8365437984466553,
      4.331875324249268,
      3.854665756225586,
      0.4418732225894928,
      9.503393173217773,
      3.8430845737457275,
      13.304583549499512,
      7.403747081756592,
      12.298707008361816,
      8.821329116821289,
      12.389206886291504,
      7.085529804229736,
      20.44902992248535,
      11.905085563659668,
      32.55609893798828,
      18.737077713012695,
      22.383628845214844,
      18.986412048339844
    ],
    [
      0.743254542350769,
      2.44185209274292,
      1.1486823558807373,
      0.12542636692523956,
      3.957981824874878,
      3.176542282104492,
      6.4139275550842285,
      6.51417875289917,
      6.793694972991943,
      7.398726463317871,
      8.123757362365723,
      6.901655673980713,
      13.98347282409668,
      16.37607192993164,
      18.737077713012695,
      25.83348274230957,
      23.957305908203125,
      25.477231979370117
    ],
    [
      0.5923029780387878,
      0.33413225412368774,
      1.3105263710021973,
      -0.8826369643211365,
      4.183038234710693,
      2.8466906547546387,
      8.084136009216309,
      6.739449977874756,
      7.421300888061523,
      5.447070598602295,
      8.815603256225586,
      4.789635181427002,
      13.549530982971191,
      9.778543472290039,
      22.383628845214844,
      23.957305908203125,
      37.987422943115234,
      36.6478157043457
    ],
    [
      1.0085999965667725,
      -0.04612591862678528,
      0.6646270751953125,
      -1.192932367324829,
      5.290487766265869,
      3.7511987686157227,
      9.464583396911621,
      7.942988872528076,
      8.039353370666504,
      5.8993754386901855,
      8.990761756896973,
      6.144003868103027,
      13.672027587890625,
      10.83230972290039,
      18.986412048339844,
      25.477231979370117,
      36.6478157043457,
      41.47390365600586
    ]
  ],
  "covariance_short": [
    [
      20.063222885131836,
      4.116866111755371,
      3.029519557952881,
      -0.10923270136117935,
      2.7788782119750977,
      1.281745433807373,
      3.884842872619629,
      2.7454404830932617,
      3.310394048690796,
      2.4500479698181152,
      4.172591686248779,
      3.067125082015991,
      3.3810343742370605,
      2.2107906341552734,
      2.373138189315796,
      1.345540165901184,
      -0.41986972093582153,
      0.03070545196533203
    ],
    [
      4.116866111755371,
      25.92852783203125,
      1.5999232530593872,
      3.2475571632385254,
      3.293761730194092,
      3.5205557346343994,
      2.2197978496551514,
      2.4702494144439697,
      3.7108545303344727,
      4.329501152038574,
      3.877800703048706,
      4.42018985748291,
      4.032062530517578,
      3.555429697036743,
      2.9412076473236084,
      2.0495355129241943,
      -1.1047492027282715,
      -0.9936436414718628
    ],
    [
      3.029519557952881,
      1.5999232530593872,
      12.573454856872559,
      3.956737756729126,
      2.532228708267212,
      2.436387538909912,
      0.44711047410964966,
      1.5602489709854126,
      3.4258768558502197,
      4.053303241729736,
      5.39497709274292,
      5.223367214202881,
      4.583507061004639,
      2.8252313137054443,
      3.5884618759155273,
      2.3859028816223145,
      4.878371238708496,
      4.341932773590088
    ],
    [
      -0.10923270136117935,
      3.2475571632385254,
      3.956737756729126,
      10.035232543945312,
      0.03526239097118378,
      3.2799901962280273,
      -1.686301589012146,
      1.2972261905670166,
      1.0304856300354004,
      3.400590181350708,
      1.7386469841003418,
      3.6228275299072266,
      2.072665214538574,
      2.569185733795166,
      1.0355339050292969,
      2.4700982570648193,
      1.8037433624267578,
      2.122080087661743
    ],
    [
      2.7788782119750977,
      3.293761730194092,
      2.532228708267212,
      0.03526239097118378,
      23.907596588134766,
      8.015336990356445,
      15.431354522705078,
      5.274750232696533,
      12.239009857177734,
      5.441486835479736,
      12.068222999572754,
      6.251843452453613,
      12.50486946105957,
      5.185524940490723,
      13.936796188354492,
      7.189232349395752,
      7.851530075073242,
      8.220033645629883
    ],
    [
      1.281745433807373,
      3.5205557346343994,
      2.436387538909912,
      3.2799901962280273,
      8.015336990356445,
      12.448396682739258,
      5.717692852020264,
      5.579166412353516,
      7.286176681518555,
      7.525138854980469,
      6.685576915740967,
      8.106056213378906,
      5.980855464935303,
      6.036577224731445,
      4.555965900421143,
      5.299011707305908,
      4.042628765106201,
      6.224636554718018
    ],
    [
      3.884842872619629,
      2.2197978496551514,
      0.44711047410964966,
      -1.686301589012146,
      15.431354522705078,
      5.717692852020264,
      35.832733154296875,
      11.487205505371094,
      20.200780868530273,
      8.432087898254395,
      14.45525074005127,
      8.887605667114258,
      13.307548522949219,
      7.376537799835205,
      14.901122093200684,
      7.976496696472168,
      10.224084854125977,
      10.607168197631836
    ],
    [
      2.7454404830932617,
      2.4702494144439697,
      1.5602489709854126,
      1.2972261905670166,
      5.274750232696533,
      5.579166412353516,
      11.487205505371094,
      15.62716293334961,
      10.10655689239502,
      9.8267240524292,
      8.58670425415039,
      9.780975341796875,
      8.195426940917969,
      8.036802291870117,
      7.173117160797119,
      7.27852725982666,
      7.787758827209473,
      9.030616760253906
    ],
    [
      3.310394048690796,
      3.7108545303344727,
      3.4258768558502197,
      1.0304856300354004,
      12.239009857177734,
      7.286176681518555,
      20.200780868530273,
      10.10655689239502,
      28.323495864868164,
      15.76157283782959,
      19.314422607421875,
      16.11468505859375,
      17.434288024902344,
      12.243358612060547,
      15.911137580871582,
      11.767834663391113,
      13.467314720153809,
      14.924372673034668
    ],
    [
      2.4500479698181152,
      4.329501152038574,
      4.053303241729736,
      3.400590181350708,
      5.441486835479736,
      7.525138854980469,
      8.432087898254395,
      9.8267240524292,
      15.76157283782959,
      20.27366065979004,
      13.689957618713379,
      19.069475173950195,
      11.480547904968262,
      12.986420631408691,
      8.342864990234375,
      9.611363410949707,
      8.797785758972168,
      11.05711555480957
    ],
    [
      4.172591686248779,
      3.877800703048706,
      5.39497709274292,
      1.7386469841003418,
      12.068222999572754,
      6.685576915740967,
      14.45525074005127,
      8.58670425415039,
      19.314422607421875,
      13.689957618713379,
      26.06194305419922,
      17.924747467041016,
      20.9531307220459,
      14.312535285949707,
      17.726093292236328,
      14.333942413330078,
      17.19825553894043,
      18.714527130126953
    ],
    [
      3.067125082015991,
      4.42018985748291,
      5.223367214202881,
      3.6228275299072266,
      6.251843452453613,
      8.106056213378906,
      8.887605667114258,
      9.780975341796875,
      16.11468505859375,
      19.069475173950195,
      17.924747467041016,
      25.948564529418945,
      14.174944877624512,
      16.44308853149414,
      8.983055114746094,
      12.09060001373291,
      10.88412857055664,
      14.552719116210938
    ],
    [
      3.3810343742370605,
      4.032062530517578,
      4.583507061004639,
      2.072665214538574,
      12.50486946105957,
      5.980855464935303,
      13.307548522949219,
      8.195426940917969,
      17.434288024902344,
      11.480547904968262,
      20.9531307220459,
      14.174944877624512,
      38.25434494018555,
      21.097963333129883,
      36.45880889892578,
      29.284379959106445,
      36.92076873779297,
      36.33565902709961
    ],
    [
      2.2107906341552734,
      3.555429697036743,
      2.8252313137054443,
      2.569185733795166,
      5.185524940490723,
      6.036577224731445,
      7.376537799835205,
      8.036802291870117,
      12.243358612060547,
      12.986420631408691,
      14.312535285949707,
      16.44308853149414,
      21.097963333129883,
      25.75204849243164,
      17.986804962158203,
      27.402000427246094,
      25.955734252929688,
      33.1387825012207
    ],
    [
      2.373138189315796,
      2.9412076473236084,
      3.5884618759155273,
      1.0355339050292969,
      13.936796188354492,
      4.555965900421143,
      14.901122093200684,
      7.173117160797119,
      15.911137580871582,
      8.342864990234375,
      17.726093292236328,
      8.983055114746094,
      36.45880889892578,
      17.986804962158203,
      54.15413284301758,
      34.66191101074219,
      50.38121032714844,
      43.37882614135742
    ],
    [
      1.345540165901184,
      2.0495355129241943,
      2.3859028816223145,
      2.4700982570648193,
      7.189232349395752,
      5.299011707305908,
      7.976496696472168,
      7.27852725982666,
      11.767834663391113,
      9.611363410949707,
      14.333942413330078,
      12.09060001373291,
      29.284379959106445,
      27.402000427246094,
      34.66191101074219,
      48.22706604003906,
      54.01218795776367,
      63.340484619140625
    ],
    [
      -0.41986972093582153,
      -1.1047492027282715,
      4.878371238708496,
      1.8037433624267578,
      7.851530075073242,
      4.042628765106201,
      10.224084854125977,
      7.787758827209473,
      13.467314720153809,
      8.797785758972168,
      17.19825553894043,
      10.88412857055664,
      36.92076873779297,
      25.955734252929688,
      50.38121032714844,
      54.01218795776367,
      91.47284698486328,
      91.62591552734375
    ],
    [
      0.03070545196533203,
      -0.9936436414718628,
      4.341932773590088,
      2.122080087661743,
      8.220033645629883,
      6.224636554718018,
      10.607168197631836,
      9.030616760253906,
      14.924372673034668,
      11.05711555480957,
      18.714527130126953,
      14.552719116210938,
      36.33565902709961,
      33.1387825012207,
      43.37882614135742,
      63.340484619140625,
      91.62591552734375,
      121.36460876464844
    ]
  ],
  "drr": 14.432089805603027,
  "dynamics": 1.9335216283798218,
  "format": 1245190,
  "frames": 7516160,
  "loudness": -9.125588417053223,
  "loudness_range": 3.6852211952209473,
  "loudness_range_short": 6.094297409057617,
  "peak": 0.3971794545650482,
  "rms": -11.833939552307129,
  "sample_rate": 44100,
  "sections": 1,
  "seekable": 1,
  "sharpness": 1.8840522766113281,
  "space": -7.407740116119385
}