{
  "bands": [
    {
      "high_freq": 148.1999969482422,
      "loudness": -34.74810791015625,
      "loudness_range": 25.376039505004883,
      "mid_mean": -31.724693298339844,
      "mid_to_side_loudness": -10.608419418334961,
      "mid_to_side_loudness_range": 14.401090621948242,
      "side_mean": -42.828521728515625
    },
    {
      "high_freq": 392.3793640136719,
      "loudness": -30.252704620361328,
      "loudness_range": 22.075763702392578,
      "low_freq": 148.1999969482422,
      "mid_mean": -28.32187843322754,
      "mid_to_side_loudness": -3.7712011337280273,
      "mid_to_side_loudness_range": 9.14597225189209,
      "side_mean": -32.192745208740234
    },
    {
      "high_freq": 794.6976318359375,
      "loudness": -29.78154945373535,
      "loudness_range": 21.080718994140625,
      "low_freq": 392.3793640136719,
      "mid_mean": -27.83678436279297,
      "mid_to_side_loudness": -4.220167636871338,
      "mid_to_side_loudness_range": 10.503008842468262,
      "side_mean": -31.877138137817383
    },
    {
      "high_freq": 1457.5709228515625,
      "loudness": -31.8212947845459,
      "loudness_range": 24.024513244628906,
      "low_freq": 794.6976318359375,
      "mid_mean": -30.28660774230957,
      "mid_to_side_loudness": -2.689791679382324,
      "mid_to_side_loudness_range": 8.662853240966797,
      "side_mean": -32.885215759277344
    },
    {
      "high_freq": 2549.74365234375,
      "loudness": -38.4559440612793,
      "loudness_range": 27.28508186340332,
      "low_freq": 1457.5709228515625,
      "mid_mean": -36.61936950683594,
      "mid_to_side_loudness": -3.238386631011963,
      "mid_to_side_loudness_range": 7.390128135681152,
      "side_mean": -39.86619186401367
    },
    {
      "high_freq": 4349.24462890625,
      "loudness": -47.021175384521484,
      "loudness_range": 25.21514892578125,
      "low_freq": 2549.74365234375,
      "mid_mean": -45.30048370361328,
      "mid_to_side_loudness": -2.934311866760254,
      "mid_to_side_loudness_range": 5.515995025634766,
      "side_mean": -48.395355224609375
    },
    {
      "high_freq": 7314.1640625,
      "loudness": -54.93337631225586,
      "loudness_range": 25.027393341064453,
      "low_freq": 4349.24462890625,
      "mid_mean": -53.10063552856445,
      "mid_to_side_loudness": -2.3136770725250244,
      "mid_to_side_loudness_range": 3.5749950408935547,
      "side_mean": -55.18446731567383
    },
    {
      "high_freq": 12199.2666015625,
      "loudness": -61.25825500488281,
      "loudness_range": 20.452224731445312,
      "low_freq": 7314.1640625,
      "mid_mean": -58.721160888671875,
      "mid_to_side_loudness": -2.8938498497009277,
      "mid_to_side_loudness_range": 1.3769562244415283,
      "side_mean": -61.11124801635742
    },
    {
      "loudness": -64.33779907226562,
      "loudness_range": 11.48367691040039,
      "low_freq": 12199.2666015625,
      "mid_mean": -61.79203414916992,
      "mid_to_side_loudness": -2.1407203674316406,
      "mid_to_side_loudness_range": 0.9515378475189209,
      "side_mean": -63.477447509765625
    }
  ],
  "bands_short": [
    {
      "high_freq": 148.1999969482422,
      "loudness": -38.76807403564453,
      "loudness_range": 27.53668975830078,
      "mid_mean": -35.64883804321289,
      "mid_to_side_loudness": -11.956337928771973,
      "mid_to_side_loudness_range": 15.689132690429688,
      "side_mean": -48.50564193725586
    },
    {
      "high_freq": 392.3793640136719,
      "loudness": -30.067340850830078,
      "loudness_range": 21.611513137817383,
      "low_freq": 148.1999969482422,
      "mid_mean": -27.74386215209961,
      "mid_to_side_loudness": -5.639033317565918,
      "mid_to_side_loudness_range": 12.064298629760742,
      "side_mean": -33.466796875
    },
    {
      "high_freq": 794.6976318359375,
      "loudness": -29.540220260620117,
      "loudness_range": 22.356361389160156,
      "low_freq": 392.3793640136719,
      "mid_mean": -27.873783111572266,
      "mid_to_side_loudness": -3.528472423553467,
      "mid_to_side_loudness_range": 11.442136764526367,
      "side_mean": -31.193891525268555
    },
    {
      "high_freq": 1457.5709228515625,
      "loudness": -32.767948150634766,
      "loudness_range": 25.272653579711914,
      "low_freq": 794.6976318359375,
      "mid_mean": -31.358482360839844,
      "mid_to_side_loudness": -2.6032705307006836,
      "mid_to_side_loudness_range": 10.264850616455078,
      "side_mean": -33.85683059692383
    },
    {
      "high_freq": 2549.74365234375,
      "loudness": -39.045108795166016,
      "loudness_range": 27.158777236938477,
      "low_freq": 1457.5709228515625,
      "mid_mean": -37.211402893066406,
      "mid_to_side_loudness": -3.3693361282348633,
      "mid_to_side_loudness_range": 8.868538856506348,
      "side_mean": -40.66131591796875
    },
    {
      "high_freq": 4349.24462890625,
      "loudness": -47.741188049316406,
      "loudness_range": 25.92340850830078,
      "low_freq": 2549.74365234375,
      "mid_mean": -46.1507568359375,
      "mid_to_side_loudness": -2.8245270252227783,
      "mid_to_side_loudness_range": 6.979785442352295,
      "side_mean": -49.08217239379883
    },
    {
      "high_freq": 7314.1640625,
      "loudness": -55.55131149291992,
      "loudness_range": 25.766006469726562,
      "low_freq": 4349.24462890625,
      "mid_mean": -53.723228454589844,
      "mid_to_side_loudness": -2.2368786334991455,
      "mid_to_side_loudness_range": 4.385841369628906,
      "side_mean": -55.71876525878906
    },
    {
      "high_freq": 12199.2666015625,
      "loudness": -61.65249252319336,
      "loudness_range": 20.022037506103516,
      "low_freq": 7314.1640625,
      "mid_mean": -59.095645904541016,
      "mid_to_side_loudness": -2.8835060596466064,
      "mid_to_side_loudness_range": 2.1572792530059814,
      "side_mean": -61.45399856567383
    },
    {
      "loudness": -64.56271362304688,
      "loudness_range": 11.256675720214844,
      "low_freq": 12199.2666015625,
      "mid_mean": -61.99728775024414,
      "mid_to_side_loudness": -2.118785858154297,
      "mid_to_side_loudness_range": 1.544453740119934,
      "side_mean": -63.64796447753906
    }
  ],
  "channels": 2,
  "covariance": [
    [
      75.24833679199219,
      52.84111404418945,
      29.87554359436035,
      31.74470329284668,
      21.33887481689453,
      20.145130157470703,
      21.6328182220459,
      22.833755493164062,
      23.622854232788086,
      23.970178604125977,
      25.57155418395996,
      26.871875762939453,
      28.800771713256836,
      27.8530330657959,
      24.110313415527344,
      21.5601806640625,
      13.504377365112305,
      11.975252151489258
    ],
    [
      52.84111404418945,
      59.80473327636719,
      35.059906005859375,
      38.838741302490234,
      28.806638717651367,
      27.941532135009766,
      28.494844436645508,
      29.264921188354492,
      28.320053100585938,
      29.180889129638672,
      28.997896194458008,
      30.545772552490234,
      21.47763442993164,
      19.666065216064453,
      13.685218811035156,
      12.4365873336792,
      8.810746192932129,
      7.89833402633667
    ],
    [
      29.87554359436035,
      35.059906005859375,
      61.98773193359375,
      60.106727600097656,
      44.86299514770508,
      41.90995407104492,
      41.64152145385742,
      40.68983459472656,
      40.297733306884766,
      41.18669128417969,
      39.23658752441406,
      41.237953186035156,
      22.25921058654785,
      19.530414581298828,
      10.031933784484863,
      9.316533088684082,
      7.381197929382324,
      6.739604949951172
    ],
    [
      31.74470329284668,
      38.838741302490234,
      60.106727600097656,
      70.93909454345703,
      47.25593948364258,
      43.627994537353516,
      43.952945709228516,
      44.256553649902344,
      42.687156677246094,
      42.999420166015625,
      41.068477630615234,
      42.82094955444336,
      21.938983917236328,
      18.586544036865234,
      8.826729774475098,
      8.335209846496582,
      7.028308391571045,
      6.453003406524658
    ],
    [
      21.33887481689453,
      28.806638717651367,
      44.86299514770508,
      47.25593948364258,
      59.035858154296875,
      51.1390266418457,
      43.544673919677734,
      43.291770935058594,
      43.02471923828125,
      41.43518829345703,
      43.664268493652344,
      43.318416595458984,
      21.83335304260254,
      18.590686798095703,
      8.222700119018555,
      7.978923797607422,
      6.8484344482421875,
      6.281863212585449
    ],
    [
      20.145130157470703,
      27.941532135009766,
      41.90995407104492,
      43.627994537353516,
      51.1390266418457,
      59.62266159057617,
      39.359039306640625,
      39.83721160888672,
      35.90218734741211,
      33.949710845947266,
      39.251827239990234,
      39.63765335083008,
      18.471467971801758,
      15.296792984008789,
      5.803200721740723,
      5.890197277069092,
      5.710677146911621,
      5.3758745193481445
    ],
    [
      21.6328182220459,
      28.494844436645508,
      41.64152145385742,
      43.952945709228516,
      43.544673919677734,
      39.359039306640625,
      69.84685516357422,
      62.634490966796875,
      54.276695251464844,
      55.907962799072266,
      52.529178619384766,
      50.296424865722656,
      30.330326080322266,
      27.90787124633789,
      14.360159873962402,
      13.341217041015625,
      9.420184135437012,
      8.342559814453125
    ],
    [
      22.833755493164062,
      29.264921188354492,
      40.68983459472656,
      44.256553649902344,
      43.291770935058594,
      39.83721160888672,
      62.634490966796875,
      67.03665161132812,
      52.81722640991211,
      53.680912017822266,
      49.63480758666992,
      48.09691619873047,
      28.145095825195312,
      25.498577117919922,
      12.48920726776123,
      11.63795280456543,
      8.372621536254883,
      7.482929706573486
    ],
    [
      23.622854232788086,
      28.320053100585938,
      40.297733306884766,
      42.687156677246094,
      43.02471923828125,
      35.90218734741211,
      54.276695251464844,
      52.81722640991211,
      85.59310150146484,
      81.97825622558594,
      72.0559310913086,
      68.79592895507812,
      45.20855712890625,
      40.046138763427734,
      23.121543884277344,
      21.24782371520996,
      13.237639427185059,
      11.557357788085938
    ],
    [
      23.970178604125977,
      29.180889129638672,
      41.18669128417969,
      42.999420166015625,
      41.43518829345703,
      33.949710845947266,
      55.907962799072266,
      53.680912017822266,
      81.97825622558594,
      87.54150390625,
      70.90409851074219,
      67.48550415039062,
      44.941429138183594,
      40.46368408203125,
      23.122671127319336,
      21.110048294067383,
      12.884560585021973,
      11.250621795654297
    ],
    [
      25.57155418395996,
      28.997896194458008,
      39.23658752441406,
      41.068477630615234,
      43.664268493652344,
      39.251827239990234,
      52.529178619384766,
      49.63480758666992,
      72.0559310913086,
      70.90409851074219,
      82.50450134277344,
      77.50254821777344,
      51.38191223144531,
      47.190513610839844,
      28.97885513305664,
      26.350000381469727,
      15.903182029724121,
      13.79526138305664
    ],
    [
      26.871875762939453,
      30.545772552490234,
      41.237953186035156,
      42.82094955444336,
      43.318416595458984,
      39.63765335083008,
      50.296424865722656,
      48.09691619873047,
      68.79592895507812,
      67.48550415039062,
      77.50254821777344,
      79.85993194580078,
      51.95610046386719,
      47.82930374145508,
      29.813331604003906,
      27.023483276367188,
      16.165842056274414,
      14.00973129272461
    ],
    [
      28.800771713256836,
      21.47763442993164,
      22.25921058654785,
      21.938983917236328,
      21.83335304260254,
      18.471467971801758,
      30.330326080322266,
      28.145095825195312,
      45.20855712890625,
      44.941429138183594,
      51.38191223144531,
      51.95610046386719,
      59.09294891357422,
      56.29409408569336,
      41.802642822265625,
      37.06871032714844,
      21.061784744262695,
      18.01566505432129
    ],
    [
      27.8530330657959,
      19.666065216064453,
      19.530414581298828,
      18.586544036865234,
      18.590686798095703,
      15.296792984008789,
      27.90787124633789,
      25.498577117919922,
      40.046138763427734,
      40.46368408203125,
      47.190513610839844,
      47.82930374145508,
      56.29409408569336,
      55.38304138183594,
      41.70882034301758,
      36.941646575927734,
      20.87049674987793,
      17.840423583984375
    ],
    [
      24.110313415527344,
      13.685218811035156,
      10.031933784484863,
      8.826729774475098,
      8.222700119018555,
      5.803200721740723,
      14.360159873962402,
      12.48920726776123,
      23.121543884277344,
      23.122671127319336,
      28.97885513305664,
      29.813331604003906,
      41.802642822265625,
      41.70882034301758,
      40.13438034057617,
      35.75159454345703,
      21.488304138183594,
      18.43238639831543
    ],
    [
      21.5601806640625,
      12.4365873336792,
      9.316533088684082,
      8.335209846496582,
      7.978923797607422,
      5.890197277069092,
      13.341217041015625,
      11.63795280456543,
      21.24782371520996,
      21.110048294067383,
      26.350000381469727,
      27.023483276367188,
      37.06871032714844,
      36.941646575927734,
      35.75159454345703,
      32.048614501953125,
      19.426864624023438,
      16.704389572143555
    ],
    [
      13.504377365112305,
      8.810746192932129,
      7.381197929382324,
      7.028308391571045,
      6.8484344482421875,
      5.710677146911621,
      9.420184135437012,
      8.372621536254883,
      13.237639427185059,
      12.884560585021973,
      15.903182029724121,
      16.165842056274414,
      21.061784744262695,
      20.87049674987793,
      21.488304138183594,
      19.426864624023438,
      13.184422492980957,
      11.418668746948242
    ],
    [
      11.975252151489258,
      7.89833402633667,
      6.739604949951172,
      6.453003406524658,
      6.281863212585449,
      5.3758745193481445,
      8.342559814453125,
      7.482929706573486,
      11.557357788085938,
      11.250621795654297,
      13.79526138305664,
      14.00973129272461,
      18.01566505432129,
      17.840423583984375,
      18.43238639831543,
      16.704389572143555,
      11.418668746948242,
      9.94780158996582
    ]
  ],
  "covariance_short": [
    [
      89.092529296875,
      64.64730072021484,
      34.271202087402344,
      32.445858001708984,
      22.024539947509766,
      20.024574279785156,
      23.663827896118164,
      24.385387420654297,
      25.17820930480957,
      26.614965438842773,
      28.082975387573242,
      29.11148452758789,
      30.617197036743164,
      29.954919815063477,
      25.95330238342285,
      23.13976287841797,
      14.173169136047363,
      12.481287002563477
    ],
    [
      64.64730072021484,
      78.23812866210938,
      40.70207214355469,
      43.382415771484375,
      32.00538635253906,
      30.113100051879883,
      33.17190933227539,
      33.348289489746094,
      30.67127227783203,
      32.50678253173828,
      32.75939178466797,
      34.38164520263672,
      26.261817932128906,
      24.601961135864258,
      18.085786819458008,
      16.265878677368164,
      10.7734956741333,
      9.56216049194336
    ],
    [
      34.271202087402344,
      40.70207214355469,
      59.08283996582031,
      54.405677795410156,
      40.922611236572266,
      39.308223724365234,
      37.97602844238281,
      37.96816635131836,
      35.33391571044922,
      37.35994338989258,
      35.68573760986328,
      37.13294982910156,
      23.084638595581055,
      20.552196502685547,
      12.299513816833496,
      11.130654335021973,
      7.747680187225342,
      6.959473609924316
    ],
    [
      32.445858001708984,
      43.382415771484375,
      54.405677795410156,
      70.11304473876953,
      47.45686340332031,
      45.537940979003906,
      44.46752166748047,
      45.112430572509766,
      42.499786376953125,
      43.06185531616211,
      40.76777648925781,
      41.647918701171875,
      21.395732879638672,
      17.837060928344727,
      9.18978214263916,
      8.645586013793945,
      7.064605236053467,
      6.429473400115967
    ],
    [
      22.024539947509766,
      32.00538635253906,
      40.922611236572266,
      47.45686340332031,
      64.33966827392578,
      55.217994689941406,
      48.321414947509766,
      46.6527099609375,
      46.29304885864258,
      45.71773910522461,
      47.446929931640625,
      47.32518005371094,
      22.234825134277344,
      18.735612869262695,
      7.869723320007324,
      7.5512309074401855,
      6.361453533172607,
      5.780712604522705
    ],
    [
      20.024574279785156,
      30.113100051879883,
      39.308223724365234,
      45.537940979003906,
      55.217994689941406,
      65.06534576416016,
      44.82804489135742,
      44.02199935913086,
      40.801490783691406,
      39.81578063964844,
      44.29804229736328,
      44.339515686035156,
      19.76215934753418,
      16.335201263427734,
      6.051174163818359,
      5.940909385681152,
      5.478699684143066,
      5.088576793670654
    ],
    [
      23.663827896118164,
      33.17190933227539,
      37.97602844238281,
      44.46752166748047,
      48.321414947509766,
      44.82804489135742,
      78.15855407714844,
      67.75557708740234,
      56.8839225769043,
      58.888736724853516,
      55.75191879272461,
      53.94109344482422,
      30.886728286743164,
      28.07430076599121,
      14.213739395141602,
      13.11501407623291,
      9.158682823181152,
      8.074095726013184
    ],
    [
      24.385387420654297,
      33.348289489746094,
      37.96816635131836,
      45.112430572509766,
      46.6527099609375,
      44.02199935913086,
      67.75557708740234,
      73.67031860351562,
      54.903900146484375,
      56.450340270996094,
      52.377540588378906,
      50.65068054199219,
      28.12993812561035,
      25.117218017578125,
      12.255130767822266,
      11.387537956237793,
      8.178885459899902,
      7.293976783752441
    ],
    [
      25.17820930480957,
      30.67127227783203,
      35.33391571044922,
      42.499786376953125,
      46.29304885864258,
      40.801490783691406,
      56.8839225769043,
      54.903900146484375,
      86.71854400634766,
      81.92791748046875,
      70.42913818359375,
      68.07627868652344,
      42.47423553466797,
      37.2775764465332,
      21.102596282958984,
      19.420623779296875,
      12.232254981994629,
      10.673909187316895
    ],
    [
      26.614965438842773,
      32.50678253173828,
      37.35994338989258,
      43.06185531616211,
      45.71773910522461,
      39.81578063964844,
      58.888736724853516,
      56.450340270996094,
      81.92791748046875,
      89.51301574707031,
      70.02007293701172,
      67.19923400878906,
      42.584598541259766,
      38.089786529541016,
      21.525278091430664,
      19.68817901611328,
      12.164636611938477,
      10.61218547821045
    ],
    [
      28.082975387573242,
      32.75939178466797,
      35.68573760986328,
      40.76777648925781,
      47.446929931640625,
      44.29804229736328,
      55.75191879272461,
      52.377540588378906,
      70.42913818359375,
      70.02007293701172,
      84.37052154541016,
      78.62501525878906,
      50.368343353271484,
      46.08689880371094,
      27.696584701538086,
      25.12285041809082,
      15.086114883422852,
      13.093101501464844
    ],
    [
      29.11148452758789,
      34.38164520263672,
      37.13294982910156,
      41.647918701171875,
      47.32518005371094,
      44.339515686035156,
      53.94109344482422,
      50.65068054199219,
      68.07627868652344,
      67.19923400878906,
      78.62501525878906,
      81.92417907714844,
      50.37868881225586,
      46.25062561035156,
      28.212560653686523,
      25.552852630615234,
      15.285758972167969,
      13.269248008728027
    ],
    [
      30.617197036743164,
      26.261817932128906,
      23.084638595581055,
      21.395732879638672,
      22.234825134277344,
      19.76215934753418,
      30.886728286743164,
      28.12993812561035,
      42.47423553466797,
      42.584598541259766,
      50.368343353271484,
      50.37868881225586,
      58.63351058959961,
      55.424137115478516,
      40.43947219848633,
      35.76681900024414,
      20.175233840942383,
      17.323270797729492
    ],
    [
      29.954919815063477,
      24.601961135864258,
      20.552196502685547,
      17.837060928344727,
      18.735612869262695,
      16.335201263427734,
      28.07430076599121,
      25.117218017578125,
      37.2775764465332,
      38.089786529541016,
      46.08689880371094,
      46.25062561035156,
      55.424137115478516,
      54.93758010864258,
      40.322444915771484,
      35.624290466308594,
      19.94141387939453,
      17.109786987304688
    ],
    [
      25.95330238342285,
      18.085786819458008,
      12.299513816833496,
      9.18978214263916,
      7.869723320007324,
      6.051174163818359,
      14.213739395141602,
      12.255130767822266,
      21.102596282958984,
      21.525278091430664,
      27.696584701538086,
      28.212560653686523,
      40.43947219848633,
      40.322444915771484,
      38.721595764160156,
      34.343746185302734,
      20.590805053710938,
      17.745176315307617
    ],
    [
      23.13976287841797,
      16.265878677368164,
      11.130654335021973,
      8.645586013793945,
      7.5512309074401855,
      5.940909385681152,
      13.11501407623291,
      11.387537956237793,
      19.420623779296875,
      19.68817901611328,
      25.12285041809082,
      25.552852630615234,
      35.76681900024414,
      35.624290466308594,
      34.343746185302734,
      30.871084213256836,
      18.61927032470703,
      16.08848762512207
    ],
    [
      14.173169136047363,
      10.7734956741333,
      7.747680187225342,
      7.064605236053467,
      6.361453533172607,
      5.478699684143066,
      9.158682823181152,
      8.178885459899902,
      12.232254981994629,
      12.164636611938477,
      15.086114883422852,
      15.285758972167969,
      20.175233840942383,
      19.94141387939453,
      20.590805053710938,
      18.61927032470703,
      12.86113166809082,
      11.144013404846191
    ],
    [
      12.481287002563477,
      9.56216049194336,
      6.959473609924316,
      6.429473400115967,
      5.780712604522705,
      5.088576793670654,
      8.074095726013184,
      7.293976783752441,
      10.673909187316895,
      10.61218547821045,
      13.093101501464844,
      13.269248008728027,
      17.323270797729492,
      17.109786987304688,
      17.745176315307617,
      16.08848762512207,
      11.144013404846191,
      9.820967674255371
    ]
  ],
  "drr": 10.413548469543457,
  "dynamics": 5.377849578857422,
  "format": 1245190,
  "frames": 17620992,
  "loudness": -19.180368423461914,
  "loudness_range": 16.589988708496094,
  "loudness_range_short": 18.32048797607422,
  "peak": -0.08583711832761765,
  "rms": -19.44356918334961,
  "sample_rate": 44100,
  "sections": 1,
  "seekable": 1,
  "sharpness": 2.5402181148529053,
  "space": -4.2928009033203125
}