{
  "bands": [
    {
      "high_freq": 148.1999969482422,
      "loudness": -17.688335418701172,
      "loudness_range": 9.918330192565918,
      "mid_mean": -14.189702987670898,
      "mid_to_side_loudness": -17.07784080505371,
      "mid_to_side_loudness_range": 20.90445327758789,
      "side_mean": -31.50110626220703
    },
    {
      "high_freq": 392.3793640136719,
      "loudness": -19.47393798828125,
      "loudness_range": 7.778937339782715,
      "low_freq": 148.1999969482422,
      "mid_mean": -16.693506240844727,
      "mid_to_side_loudness": -8.151618957519531,
      "mid_to_side_loudness_range": 13.108133316040039,
      "side_mean": -24.883756637573242
    },
    {
      "high_freq": 794.6976318359375,
      "loudness": -22.054609298706055,
      "loudness_range": 10.8345947265625,
      "low_freq": 392.3793640136719,
      "mid_mean": -20.42630958557129,
      "mid_to_side_loudness": -3.4250593185424805,
      "mid_to_side_loudness_range": 13.416279792785645,
      "side_mean": -23.905384063720703
    },
    {
      "high_freq": 1457.5709228515625,
      "loudness": -25.141721725463867,
      "loudness_range": 15.182537078857422,
      "low_freq": 794.6976318359375,
      "mid_mean": -22.547563552856445,
      "mid_to_side_loudness": -7.122528076171875,
      "mid_to_side_loudness_range": 13.53807258605957,
      "side_mean": -29.629745483398438
    },
    {
      "high_freq": 2549.74365234375,
      "loudness": -25.35517692565918,
      "loudness_range": 14.815303802490234,
      "low_freq": 1457.5709228515625,
      "mid_mean": -22.710168838500977,
      "mid_to_side_loudness": -7.262553691864014,
      "mid_to_side_loudness_range": 12.622922897338867,
      "side_mean": -29.98213768005371
    },
    {
      "high_freq": 4349.24462890625,
      "loudness": -25.827537536621094,
      "loudness_range": 12.970832824707031,
      "low_freq": 2549.74365234375,
      "mid_mean": -23.50372886657715,
      "mid_to_side_loudness": -6.093040943145752,
      "mid_to_side_loudness_range": 14.457099914550781,
      "side_mean": -29.225679397583008
    },
    {
      "high_freq": 7314.1640625,
      "loudness": -29.832107543945312,
      "loudness_range": 16.045366287231445,
      "low_freq": 4349.24462890625,
      "mid_mean": -27.913814544677734,
      "mid_to_side_loudness": -4.651424884796143,
      "mid_to_side_loudness_range": 13.6643705368042,
      "side_mean": -31.73207664489746
    },
    {
      "high_freq": 12199.2666015625,
      "loudness": -30.84895896911621,
      "loudness_range": 13.960590362548828,
      "low_freq": 7314.1640625,
      "mid_mean": -28.94001579284668,
      "mid_to_side_loudness": -5.1190690994262695,
      "mid_to_side_loudness_range": 17.87295150756836,
      "side_mean": -33.34081268310547
    },
    {
      "loudness": -36.668392181396484,
      "loudness_range": 16.027938842773438,
      "low_freq": 12199.2666015625,
      "mid_mean": -35.931610107421875,
      "mid_to_side_loudness": -1.1551144123077393,
      "mid_to_side_loudness_range": 12.560240745544434,
      "side_mean": -35.86190414428711
    }
  ],
  "bands_short": [
    {
      "high_freq": 148.1999969482422,
      "loudness": -20.819272994995117,
      "loudness_range": 18.665058135986328,
      "mid_mean": -17.529619216918945,
      "mid_to_side_loudness": -19.05858612060547,
      "mid_to_side_loudness_range": 34.100189208984375,
      "side_mean": -36.83515167236328
    },
    {
      "high_freq": 392.3793640136719,
      "loudness": -20.346477508544922,
      "loudness_range": 15.504030227661133,
      "low_freq": 148.1999969482422,
      "mid_mean": -17.76739501953125,
      "mid_to_side_loudness": -8.249202728271484,
      "mid_to_side_loudness_range": 19.29602813720703,
      "side_mean": -26.27299690246582
    },
    {
      "high_freq": 794.6976318359375,
      "loudness": -23.537553787231445,
      "loudness_range": 15.138175964355469,
      "low_freq": 392.3793640136719,
      "mid_mean": -22.457944869995117,
      "mid_to_side_loudness": -2.640259265899658,
      "mid_to_side_loudness_range": 17.023681640625,
      "side_mean": -25.19987678527832
    },
    {
      "high_freq": 1457.5709228515625,
      "loudness": -26.097848892211914,
      "loudness_range": 19.991012573242188,
      "low_freq": 794.6976318359375,
      "mid_mean": -23.917402267456055,
      "mid_to_side_loudness": -6.121031761169434,
      "mid_to_side_loudness_range": 16.956369400024414,
      "side_mean": -30.11835289001465
    },
    {
      "high_freq": 2549.74365234375,
      "loudness": -27.01625633239746,
      "loudness_range": 19.420745849609375,
      "low_freq": 1457.5709228515625,
      "mid_mean": -24.748807907104492,
      "mid_to_side_loudness": -6.391132831573486,
      "mid_to_side_loudness_range": 16.381362915039062,
      "side_mean": -31.284109115600586
    },
    {
      "high_freq": 4349.24462890625,
      "loudness": -27.464590072631836,
      "loudness_range": 18.21932601928711,
      "low_freq": 2549.74365234375,
      "mid_mean": -25.635713577270508,
      "mid_to_side_loudness": -5.131900310516357,
      "mid_to_side_loudness_range": 17.774065017700195,
      "side_mean": -30.842592239379883
    },
    {
      "high_freq": 7314.1640625,
      "loudness": -31.70673942565918,
      "loudness_range": 20.683591842651367,
      "low_freq": 4349.24462890625,
      "mid_mean": -30.128854751586914,
      "mid_to_side_loudness": -3.907254695892334,
      "mid_to_side_loudness_range": 15.434484481811523,
      "side_mean": -33.870697021484375
    },
    {
      "high_freq": 12199.2666015625,
      "loudness": -32.72092819213867,
      "loudness_range": 19.428186416625977,
      "low_freq": 7314.1640625,
      "mid_mean": -30.912683486938477,
      "mid_to_side_loudness": -5.008825302124023,
      "mid_to_side_loudness_range": 18.829429626464844,
      "side_mean": -36.11333084106445
    },
    {
      "loudness": -39.90945816040039,
      "loudness_range": 23.361719131469727,
      "low_freq": 12199.2666015625,
      "mid_mean": -38.95234680175781,
      "mid_to_side_loudness": -2.254737377166748,
      "mid_to_side_loudness_range": 17.20768165588379,
      "side_mean": -41.25070571899414
    }
  ],
  "channels": 2,
  "covariance": [
    [
      17.013639450073242,
      8.905349731445312,
      5.347723007202148,
      3.152693033218384,
      2.9503731727600098,
      2.3105008602142334,
      2.3484766483306885,
      1.953652024269104,
      3.5944433212280273,
      1.953161597251892,
      3.5342893600463867,
      3.9894721508026123,
      5.241415500640869,
      7.3823394775390625,
      4.174132823944092,
      6.481171607971191,
      3.247014045715332,
      4.070357799530029
    ],
    [
      8.905349731445312,
      53.79544448852539,
      6.672457218170166,
      11.048685073852539,
      5.76022481918335,
      6.665877342224121,
      3.727200984954834,
      3.153733491897583,
      2.5308408737182617,
      3.602609157562256,
      2.114581346511841,
      7.825592517852783,
      5.122145175933838,
      7.907610893249512,
      5.682137966156006,
      5.605064392089844,
      4.738109588623047,
      4.902538776397705
    ],
    [
      5.347723007202148,
      6.672457218170166,
      12.328633308410645,
      6.318155765533447,
      7.881598949432373,
      4.6552228927612305,
      7.635868549346924,
      4.486032485961914,
      6.545319557189941,
      4.858101844787598,
      7.094509601593018,
      4.824927806854248,
      7.17002010345459,
      3.598008155822754,
      6.992945671081543,
      1.7177444696426392,
      4.677618980407715,
      -0.662712574005127
    ],
    [
      3.152693033218384,
      11.048685073852539,
      6.318155765533447,
      21.61949920654297,
      7.3359503746032715,
      13.63235092163086,
      8.080162048339844,
      11.450335502624512,
      5.034664630889893,
      10.271159172058105,
      5.152157783508301,
      9.57480239868164,
      5.090832710266113,
      6.5676140785217285,
      5.477252960205078,
      6.9797892570495605,
      6.187121391296387,
      6.4186811447143555
    ],
    [
      2.9503731727600098,
      5.76022481918335,
      7.881598949432373,
      7.3359503746032715,
      20.140840530395508,
      12.115396499633789,
      19.096914291381836,
      11.854619026184082,
      11.80661678314209,
      10.26087474822998,
      10.48623275756836,
      7.22157096862793,
      8.175203323364258,
      5.638379096984863,
      8.7061185836792,
      4.149895668029785,
      7.263411998748779,
      2.4656848907470703
    ],
    [
      2.3105008602142334,
      6.665877342224121,
      4.6552228927612305,
      13.63235092163086,
      12.115396499633789,
      25.077733993530273,
      14.227126121520996,
      20.79116439819336,
      10.04029369354248,
      19.354084014892578,
      9.46309757232666,
      18.00837516784668,
      9.59268856048584,
      13.215197563171387,
      7.431168556213379,
      12.781987190246582,
      8.18919849395752,
      9.772378921508789
    ],
    [
      2.3484766483306885,
      3.727200984954834,
      7.635868549346924,
      8.080162048339844,
      19.096914291381836,
      14.227126121520996,
      36.952056884765625,
      21.495725631713867,
      23.963224411010742,
      20.777889251708984,
      19.96369743347168,
      16.126184463500977,
      17.583084106445312,
      15.274256706237793,
      15.461941719055176,
      12.962425231933594,
      14.772183418273926,
      7.766841888427734
    ],
    [
      1.953652024269104,
      3.153733491897583,
      4.486032485961914,
      11.450335502624512,
      11.854619026184082,
      20.79116439819336,
      21.495725631713867,
      26.80662727355957,
      16.482994079589844,
      24.785566329956055,
      14.945624351501465,
      21.650178909301758,
      14.078180313110352,
      17.029687881469727,
      11.379075050354004,
      16.797222137451172,
      11.447097778320312,
      10.671412467956543
    ],
    [
      3.5944433212280273,
      2.5308408737182617,
      6.545319557189941,
      5.034664630889893,
      11.80661678314209,
      10.04029369354248,
      23.963224411010742,
      16.482994079589844,
      34.22378158569336,
      23.173532485961914,
      25.895620346069336,
      18.190322875976562,
      25.183406829833984,
      20.227298736572266,
      20.68058967590332,
      18.76829719543457,
      19.157428741455078,
      12.712652206420898
    ],
    [
      1.953161597251892,
      3.602609157562256,
      4.858101844787598,
      10.271159172058105,
      10.26087474822998,
      19.354084014892578,
      20.777889251708984,
      24.785566329956055,
      23.173532485961914,
      33.125213623046875,
      20.525903701782227,
      28.93927764892578,
      22.63448143005371,
      25.410388946533203,
      18.352924346923828,
      25.727859497070312,
      18.665042877197266,
      17.122108459472656
    ],
    [
      3.5342893600463867,
      2.114581346511841,
      7.094509601593018,
      5.152157783508301,
      10.48623275756836,
      9.46309757232666,
      19.96369743347168,
      14.945624351501465,
      25.895620346069336,
      20.525903701782227,
      26.477313995361328,
      18.612062454223633,
      24.133520126342773,
      18.649551391601562,
      19.226749420166016,
      17.42026710510254,
      16.86008071899414,
      9.324690818786621
    ],
    [
      3.9894721508026123,
      7.825592517852783,
      4.824927806854248,
      9.57480239868164,
      7.22157096862793,
      18.00837516784668,
      16.126184463500977,
      21.650178909301758,
      18.190322875976562,
      28.93927764892578,
      18.612062454223633,
      38.198646545410156,
      23.057666778564453,
      31.79722785949707,
      17.027359008789062,
      31.420591354370117,
      16.64588165283203,
      20.535118103027344
    ],
    [
      5.241415500640869,
      5.122145175933838,
      7.17002010345459,
      5.090832710266113,
      8.175203323364258,
      9.59268856048584,
      17.583084106445312,
      14.078180313110352,
      25.183406829833984,
      22.63448143005371,
      24.133520126342773,
      23.057666778564453,
      35.64040756225586,
      27.984037399291992,
      26.79378890991211,
      24.59345245361328,
      25.074079513549805,
      15.688143730163574
    ],
    [
      7.3823394775390625,
      7.907610893249512,
      3.598008155822754,
      6.5676140785217285,
      5.638379096984863,
      13.215197563171387,
      15.274256706237793,
      17.029687881469727,
      20.227298736572266,
      25.410388946533203,
      18.649551391601562,
      31.79722785949707,
      27.984037399291992,
      48.01368713378906,
      19.497127532958984,
      42.461910247802734,
      20.49432373046875,
      27.340375900268555
    ],
    [
      4.174132823944092,
      5.682137966156006,
      6.992945671081543,
      5.477252960205078,
      8.7061185836792,
      7.431168556213379,
      15.461941719055176,
      11.379075050354004,
      20.68058967590332,
      18.352924346923828,
      19.226749420166016,
      17.027359008789062,
      26.79378890991211,
      19.497127532958984,
      28.076889038085938,
      18.071271896362305,
      25.689943313598633,
      12.552894592285156
    ],
    [
      6.481171607971191,
      5.605064392089844,
      1.7177444696426392,
      6.9797892570495605,
      4.149895668029785,
      12.781987190246582,
      12.962425231933594,
      16.797222137451172,
      18.76829719543457,
      25.727859497070312,
      17.42026710510254,
      31.420591354370117,
      24.59345245361328,
      42.461910247802734,
      18.071271896362305,
      53.68598937988281,
      21.553955078125,
      34.25349426269531
    ],
    [
      3.247014045715332,
      4.738109588623047,
      4.677618980407715,
      6.187121391296387,
      7.263411998748779,
      8.18919849395752,
      14.772183418273926,
      11.447097778320312,
      19.157428741455078,
      18.665042877197266,
      16.86008071899414,
      16.64588165283203,
      25.074079513549805,
      20.49432373046875,
      25.689943313598633,
      21.553955078125,
      30.90892791748047,
      20.255630493164062
    ],
    [
      4.070357799530029,
      4.902538776397705,
      -0.662712574005127,
      6.4186811447143555,
      2.4656848907470703,
      9.772378921508789,
      7.766841888427734,
      10.671412467956543,
      12.712652206420898,
      17.122108459472656,
      9.324690818786621,
      20.535118103027344,
      15.688143730163574,
      27.340375900268555,
      12.552894592285156,
      34.25349426269531,
      20.255630493164062,
      46.06787872314453
    ]
  ],
  "covariance_short": [
    [
      49.65171813964844,
      13.98206901550293,
      15.08509635925293,
      5.776559352874756,
      4.534054756164551,
      4.061746597290039,
      3.7533907890319824,
      2.887096643447876,
      4.347713947296143,
      2.4396841526031494,
      5.881312847137451,
      4.8799729347229,
      8.682125091552734,
      10.381229400634766,
      7.2577290534973145,
      9.711787223815918,
      7.591547966003418,
      9.644362449645996
    ],
    [
      13.98206901550293,
      118.41969299316406,
      9.947089195251465,
      21.114639282226562,
      4.508411884307861,
      7.829172134399414,
      1.2009499073028564,
      6.459848403930664,
      1.6541459560394287,
      6.663736820220947,
      3.013735294342041,
      9.104637145996094,
      2.700592517852783,
      8.947016716003418,
      3.2577311992645264,
      8.626180648803711,
      6.955120086669922,
      10.73891830444336
    ],
    [
      15.08509635925293,
      9.947089195251465,
      37.46673583984375,
      12.946344375610352,
      14.757684707641602,
      7.28564453125,
      10.33265495300293,
      7.0489606857299805,
      11.825272560119629,
      6.098500728607178,
      13.677943229675293,
      5.861641883850098,
      12.698354721069336,
      6.704841613769531,
      11.577325820922852,
      7.777151584625244,
      12.498767852783203,
      9.808333396911621
    ],
    [
      5.776559352874756,
      21.114639282226562,
      12.946344375610352,
      38.39706039428711,
      12.649767875671387,
      18.95037841796875,
      9.553338050842285,
      15.907551765441895,
      6.153533458709717,
      12.216644287109375,
      5.796728134155273,
      10.719078063964844,
      3.915135145187378,
      5.990740776062012,
      6.349928855895996,
      7.55258846282959,
      6.944631576538086,
      8.023720741271973
    ],
    [
      4.534054756164551,
      4.508411884307861,
      14.757684707641602,
      12.649767875671387,
      37.414947509765625,
      19.871246337890625,
      29.556386947631836,
      17.76349639892578,
      21.78357696533203,
      15.33340072631836,
      20.041231155395508,
      13.944644927978516,
      14.8079252243042,
      10.97497272491455,
      15.901870727539062,
      11.026060104370117,
      14.658188819885254,
      10.758334159851074
    ],
    [
      4.061746597290039,
      7.829172134399414,
      7.28564453125,
      18.95037841796875,
      19.871246337890625,
      38.09408950805664,
      19.378515243530273,
      28.06795310974121,
      13.790080070495605,
      24.275115966796875,
      12.858732223510742,
      24.70957374572754,
      12.277402877807617,
      19.479936599731445,
      10.916607856750488,
      19.14154624938965,
      11.507804870605469,
      17.569089889526367
    ],
    [
      3.7533907890319824,
      1.2009499073028564,
      10.33265495300293,
      9.553338050842285,
      29.556386947631836,
      19.378515243530273,
      56.67131805419922,
      31.051851272583008,
      35.82071304321289,
      26.616809844970703,
      29.929052352905273,
      23.567819595336914,
      23.657400131225586,
      20.286617279052734,
      22.380443572998047,
      19.051429748535156,
      21.25178337097168,
      17.556415557861328
    ],
    [
      2.887096643447876,
      6.459848403930664,
      7.0489606857299805,
      15.907551765441895,
      17.76349639892578,
      28.06795310974121,
      31.051851272583008,
      42.43183135986328,
      21.924793243408203,
      32.54703903198242,
      18.62586784362793,
      31.32598876953125,
      17.238826751708984,
      25.360870361328125,
      14.92781925201416,
      24.392980575561523,
      15.690035820007324,
      21.705163955688477
    ],
    [
      4.347713947296143,
      1.6541459560394287,
      11.825272560119629,
      6.153533458709717,
      21.78357696533203,
      13.790080070495605,
      35.82071304321289,
      21.924793243408203,
      54.95833206176758,
      31.15815544128418,
      42.15682601928711,
      26.9017391204834,
      37.265316009521484,
      27.274410247802734,
      32.13589859008789,
      27.361642837524414,
      29.22458267211914,
      27.221153259277344
    ],
    [
      2.4396841526031494,
      6.663736820220947,
      6.098500728607178,
      12.216644287109375,
      15.33340072631836,
      24.275115966796875,
      26.616809844970703,
      32.54703903198242,
      31.15815544128418,
      44.5587043762207,
      26.66645050048828,
      41.01538848876953,
      28.632652282714844,
      37.00933837890625,
      23.63911247253418,
      35.7706298828125,
      23.564462661743164,
      32.325443267822266
    ],
    [
      5.881312847137451,
      3.013735294342041,
      13.677943229675293,
      5.796728134155273,
      20.041231155395508,
      12.858732223510742,
      29.929052352905273,
      18.62586784362793,
      42.15682601928711,
      26.66645050048828,
      48.544212341308594,
      29.104717254638672,
      41.6748161315918,
      29.103376388549805,
      34.4422721862793,
      29.012203216552734,
      29.70534324645996,
      28.051069259643555
    ],
    [
      4.8799729347229,
      9.104637145996094,
      5.861641883850098,
      10.719078063964844,
      13.944644927978516,
      24.70957374572754,
      23.567819595336914,
      31.32598876953125,
      26.9017391204834,
      41.01538848876953,
      29.104717254638672,
      53.835113525390625,
      33.4940071105957,
      48.273860931396484,
      26.55213737487793,
      46.994388580322266,
      26.55722999572754,
      42.55018997192383
    ],
    [
      8.682125091552734,
      2.700592517852783,
      12.698354721069336,
      3.915135145187378,
      14.8079252243042,
      12.277402877807617,
      23.657400131225586,
      17.238826751708984,
      37.265316009521484,
      28.632652282714844,
      41.6748161315918,
      33.4940071105957,
      56.016414642333984,
      42.661869049072266,
      43.75532150268555,
      43.408592224121094,
      40.492008209228516,
      42.45376968383789
    ],
    [
      10.381229400634766,
      8.947016716003418,
      6.704841613769531,
      5.990740776062012,
      10.97497272491455,
      19.479936599731445,
      20.286617279052734,
      25.360870361328125,
      27.274410247802734,
      37.00933837890625,
      29.103376388549805,
      48.273860931396484,
      42.661869049072266,
      69.83292388916016,
      33.073848724365234,
      67.20318603515625,
      36.39303207397461,
      62.97820281982422
    ],
    [
      7.2577290534973145,
      3.2577311992645264,
      11.577325820922852,
      6.349928855895996,
      15.901870727539062,
      10.916607856750488,
      22.380443572998047,
      14.92781925201416,
      32.13589859008789,
      23.63911247253418,
      34.4422721862793,
      26.55213737487793,
      43.75532150268555,
      33.073848724365234,
      49.639102935791016,
      36.555782318115234,
      44.83526611328125,
      38.44034194946289
    ],
    [
      9.711787223815918,
      8.626180648803711,
      7.777151584625244,
      7.55258846282959,
      11.026060104370117,
      19.14154624938965,
      19.051429748535156,
      24.392980575561523,
      27.361642837524414,
      35.7706298828125,
      29.012203216552734,
      46.994388580322266,
      43.408592224121094,
      67.20318603515625,
      36.555782318115234,
      83.2337875366211,
      43.339332580566406,
      79.55641174316406
    ],
    [
      7.591547966003418,
      6.955120086669922,
      12.498767852783203,
      6.944631576538086,
      14.658188819885254,
      11.507804870605469,
      21.25178337097168,
      15.690035820007324,
      29.22458267211914,
      23.564462661743164,
      29.70534324645996,
      26.55722999572754,
      40.492008209228516,
      36.39303207397461,
      44.83526611328125,
      43.339332580566406,
      58.269107818603516,
      54.14717483520508
    ],
    [
      9.644362449645996,
      10.73891830444336,
      9.808333396911621,
      8.023720741271973,
      10.758334159851074,
      17.569089889526367,
      17.556415557861328,
      21.705163955688477,
      27.221153259277344,
      32.325443267822266,
      28.051069259643555,
      42.55018997192383,
      42.45376968383789,
      62.97820281982422,
      38.44034194946289,
      79.55641174316406,
      54.14717483520508,
      105.24615478515625
    ]
  ],
  "drr": 17.552000045776367,
  "dynamics": 2.414271354675293,
  "format": 1245190,
  "frames": 8300480,
  "loudness": -9.17448616027832,
  "loudness_range": 4.807145118713379,
  "loudness_range_short": 9.726818084716797,
  "peak": 0.569130539894104,
  "rms": -10.848654747009277,
  "sample_rate": 44100,
  "sections": 1,
  "seekable": 1,
  "sharpness": 2.995687961578369,
  "space": -7.979045391082764
}