{
  "bands": [
    {
      "high_freq": 148.1999969482422,
      "loudness": -18.189891815185547,
      "loudness_range": 7.6651506423950195,
      "mid_mean": -14.90613842010498,
      "mid_to_side_loudness": -12.267404556274414,
      "mid_to_side_loudness_range": 15.413288116455078,
      "side_mean": -27.306455612182617
    },
    {
      "high_freq": 392.3793640136719,
      "loudness": -20.348434448242188,
      "loudness_range": 6.460081100463867,
      "low_freq": 148.1999969482422,
      "mid_mean": -17.69185447692871,
      "mid_to_side_loudness": -6.4793548583984375,
      "mid_to_side_loudness_range": 8.988822937011719,
      "side_mean": -24.20653533935547
    },
    {
      "high_freq": 794.6976318359375,
      "loudness": -23.133935928344727,
      "loudness_range": 11.621307373046875,
      "low_freq": 392.3793640136719,
      "mid_mean": -20.315025329589844,
      "mid_to_side_loudness": -8.158956527709961,
      "mid_to_side_loudness_range": 12.9611234664917,
      "side_mean": -28.627262115478516
    },
    {
      "high_freq": 1457.5709228515625,
      "loudness": -21.017858505249023,
      "loudness_range": 15.899028778076172,
      "low_freq": 794.6976318359375,
      "mid_mean": -17.966108322143555,
      "mid_to_side_loudness": -9.818502426147461,
      "mid_to_side_loudness_range": 14.485893249511719,
      "side_mean": -28.118999481201172
    },
    {
      "high_freq": 2549.74365234375,
      "loudness": -17.728347778320312,
      "loudness_range": 12.743104934692383,
      "low_freq": 1457.5709228515625,
      "mid_mean": -14.79624080657959,
      "mid_to_side_loudness": -8.417581558227539,
      "mid_to_side_loudness_range": 11.470616340637207,
      "side_mean": -23.21828269958496
    },
    {
      "high_freq": 4349.24462890625,
      "loudness": -18.71393394470215,
      "loudness_range": 11.788844108581543,
      "low_freq": 2549.74365234375,
      "mid_mean": -16.051259994506836,
      "mid_to_side_loudness": -6.529973030090332,
      "mid_to_side_loudness_range": 8.069900512695312,
      "side_mean": -22.11636734008789
    },
    {
      "high_freq": 7314.1640625,
      "loudness": -25.27293586730957,
      "loudness_range": 12.438674926757812,
      "low_freq": 4349.24462890625,
      "mid_mean": -22.383508682250977,
      "mid_to_side_loudness": -7.348944187164307,
      "mid_to_side_loudness_range": 7.231374740600586,
      "side_mean": -29.42241096496582
    },
    {
      "high_freq": 12199.2666015625,
      "loudness": -28.051464080810547,
      "loudness_range": 12.402751922607422,
      "low_freq": 7314.1640625,
      "mid_mean": -25.076318740844727,
      "mid_to_side_loudness": -7.94923734664917,
      "mid_to_side_loudness_range": 8.622306823730469,
      "side_mean": -33.450706481933594
    },
    {
      "loudness": -31.469308853149414,
      "loudness_range": 13.242168426513672,
      "low_freq": 12199.2666015625,
      "mid_mean": -28.91143798828125,
      "mid_to_side_loudness": -5.325788497924805,
      "mid_to_side_loudness_range": 3.8236517906188965,
      "side_mean": -34.43721008300781
    }
  ],
  "bands_short": [
    {
      "high_freq": 148.1999969482422,
      "loudness": -21.18263053894043,
      "loudness_range": 13.01494312286377,
      "mid_mean": -18.0113582611084,
      "mid_to_side_loudness": -12.849356651306152,
      "mid_to_side_loudness_range": 22.171649932861328,
      "side_mean": -31.278789520263672
    },
    {
      "high_freq": 392.3793640136719,
      "loudness": -18.983510971069336,
      "loudness_range": 9.113855361938477,
      "low_freq": 148.1999969482422,
      "mid_mean": -16.18918800354004,
      "mid_to_side_loudness": -8.025185585021973,
      "mid_to_side_loudness_range": 13.062775611877441,
      "side_mean": -24.261085510253906
    },
    {
      "high_freq": 794.6976318359375,
      "loudness": -24.23744010925293,
      "loudness_range": 14.370458602905273,
      "low_freq": 392.3793640136719,
      "mid_mean": -21.665557861328125,
      "mid_to_side_loudness": -7.257686614990234,
      "mid_to_side_loudness_range": 15.376533508300781,
      "side_mean": -29.200809478759766
    },
    {
      "high_freq": 1457.5709228515625,
      "loudness": -21.728900909423828,
      "loudness_range": 18.37130355834961,
      "low_freq": 794.6976318359375,
      "mid_mean": -18.931997299194336,
      "mid_to_side_loudness": -8.543678283691406,
      "mid_to_side_loudness_range": 16.98825454711914,
      "side_mean": -27.94207191467285
    },
    {
      "high_freq": 2549.74365234375,
      "loudness": -18.366029739379883,
      "loudness_range": 14.883539199829102,
      "low_freq": 1457.5709228515625,
      "mid_mean": -15.655379295349121,
      "mid_to_side_loudness": -7.791330337524414,
      "mid_to_side_loudness_range": 13.976652145385742,
      "side_mean": -23.489410400390625
    },
    {
      "high_freq": 4349.24462890625,
      "loudness": -18.867507934570312,
      "loudness_range": 12.144759178161621,
      "low_freq": 2549.74365234375,
      "mid_mean": -16.3291072845459,
      "mid_to_side_loudness": -6.194799423217773,
      "mid_to_side_loudness_range": 9.706565856933594,
      "side_mean": -22.02584457397461
    },
    {
      "high_freq": 7314.1640625,
      "loudness": -25.605331420898438,
      "loudness_range": 14.22488784790039,
      "low_freq": 4349.24462890625,
      "mid_mean": -22.805570602416992,
      "mid_to_side_loudness": -7.321004867553711,
      "mid_to_side_loudness_range": 9.385866165161133,
      "side_mean": -29.6693058013916
    },
    {
      "high_freq": 12199.2666015625,
      "loudness": -29.248476028442383,
      "loudness_range": 15.850175857543945,
      "low_freq": 7314.1640625,
      "mid_mean": -26.21381378173828,
      "mid_to_side_loudness": -8.869878768920898,
      "mid_to_side_loudness_range": 11.547327041625977,
      "side_mean": -35.39584732055664
    },
    {
      "loudness": -33.44392395019531,
      "loudness_range": 19.244731903076172,
      "low_freq": 12199.2666015625,
      "mid_mean": -30.82926368713379,
      "mid_to_side_loudness": -5.808399200439453,
      "mid_to_side_loudness_range": 5.874543190002441,
      "side_mean": -36.76164627075195
    }
  ],
  "channels": 2,
  "covariance": [
    [
      16.196331024169922,
      3.515878915786743,
      6.121178150177002,
      4.699294567108154,
      4.311455726623535,
      10.129715919494629,
      2.9871411323547363,
      10.36208724975586,
      6.160899639129639,
      10.183384895324707,
      7.91281270980835,
      8.110107421875,
      11.472736358642578,
      9.662086486816406,
      8.226505279541016,
      13.772319793701172,
      11.091887474060059,
      11.547252655029297
    ],
    [
      3.515878915786743,
      14.827899932861328,
      3.539649486541748,
      4.553745269775391,
      2.966421604156494,
      2.4921014308929443,
      0.8581336140632629,
      2.9521217346191406,
      2.31596302986145,
      2.825160264968872,
      3.2748944759368896,
      2.2826266288757324,
      4.616791248321533,
      4.886224269866943,
      3.055281400680542,
      6.379533290863037,
      3.428680658340454,
      4.5115065574646
    ],
    [
      6.121178150177002,
      3.539649486541748,
      10.900796890258789,
      5.638456344604492,
      3.8562254905700684,
      4.345645904541016,
      1.4919945001602173,
      5.100135803222656,
      3.880553960800171,
      5.718997478485107,
      5.643662452697754,
      4.888145923614502,
      8.057040214538574,
      6.6605634689331055,
      5.31163215637207,
      10.13349723815918,
      6.832981586456299,
      8.065873146057129
    ],
    [
      4.699294567108154,
      4.553745269775391,
      5.638456344604492,
      10.15449047088623,
      3.1066958904266357,
      4.928129196166992,
      2.3302409648895264,
      4.897471904754639,
      3.9907987117767334,
      4.758993625640869,
      5.3404154777526855,
      4.000355243682861,
      5.6357879638671875,
      5.569105625152588,
      3.613896608352661,
      7.901710510253906,
      4.979703426361084,
      6.295845031738281
    ],
    [
      4.311455726623535,
      2.966421604156494,
      3.8562254905700684,
      3.1066958904266357,
      20.96013832092285,
      10.852851867675781,
      9.749616622924805,
      11.646268844604492,
      8.35708236694336,
      9.295683860778809,
      9.292153358459473,
      9.517672538757324,
      10.095951080322266,
      10.738174438476562,
      9.196781158447266,
      10.628511428833008,
      7.284760475158691,
      8.173612594604492
    ],
    [
      10.129715919494629,
      2.4921014308929443,
      4.345645904541016,
      4.928129196166992,
      10.852851867675781,
      26.48663902282715,
      10.765596389770508,
      23.469024658203125,
      14.894949913024902,
      20.242082595825195,
      14.91482162475586,
      17.200000762939453,
      15.482622146606445,
      16.677698135375977,
      8.52804183959961,
      13.849274635314941,
      7.6581339836120605,
      9.249754905700684
    ],
    [
      2.9871411323547363,
      0.8581336140632629,
      1.4919945001602173,
      2.3302409648895264,
      9.749616622924805,
      10.765596389770508,
      32.094810485839844,
      14.65173625946045,
      18.414213180541992,
      10.287833213806152,
      9.50095272064209,
      11.039490699768066,
      7.5606689453125,
      10.821946144104004,
      4.11325216293335,
      8.064825057983398,
      4.230669975280762,
      5.95123291015625
    ],
    [
      10.36208724975586,
      2.9521217346191406,
      5.100135803222656,
      4.897471904754639,
      11.646268844604492,
      23.469024658203125,
      14.65173625946045,
      29.5073299407959,
      17.329744338989258,
      23.83336067199707,
      17.051959991455078,
      21.627534866333008,
      17.96245574951172,
      20.997961044311523,
      10.959798812866211,
      15.395405769348145,
      9.431846618652344,
      10.816767692565918
    ],
    [
      6.160899639129639,
      2.31596302986145,
      3.880553960800171,
      3.9907987117767334,
      8.35708236694336,
      14.894949913024902,
      18.414213180541992,
      17.329744338989258,
      26.74075698852539,
      15.960886001586914,
      15.590312957763672,
      15.00385856628418,
      11.988592147827148,
      13.74703311920166,
      4.096336364746094,
      9.380043983459473,
      4.135095596313477,
      6.144729137420654
    ],
    [
      10.183384895324707,
      2.825160264968872,
      5.718997478485107,
      4.758993625640869,
      9.295683860778809,
      20.242082595825195,
      10.287833213806152,
      23.83336067199707,
      15.960886001586914,
      28.407203674316406,
      16.76639175415039,
      23.768095016479492,
      17.404144287109375,
      20.39061164855957,
      11.455615997314453,
      14.449345588684082,
      10.622182846069336,
      10.976338386535645
    ],
    [
      7.91281270980835,
      3.2748944759368896,
      5.643662452697754,
      5.3404154777526855,
      9.292153358459473,
      14.91482162475586,
      9.50095272064209,
      17.051959991455078,
      15.590312957763672,
      16.76639175415039,
      20.147729873657227,
      16.092784881591797,
      15.207395553588867,
      15.70345401763916,
      8.023998260498047,
      13.063274383544922,
      7.7574920654296875,
      9.247771263122559
    ],
    [
      8.110107421875,
      2.2826266288757324,
      4.888145923614502,
      4.000355243682861,
      9.517672538757324,
      17.200000762939453,
      11.039490699768066,
      21.627534866333008,
      15.00385856628418,
      23.768095016479492,
      16.092784881591797,
      26.9580135345459,
      15.521602630615234,
      20.321731567382812,
      11.119219779968262,
      12.59854793548584,
      9.892905235290527,
      10.084624290466309
    ],
    [
      11.472736358642578,
      4.616791248321533,
      8.057040214538574,
      5.6357879638671875,
      10.095951080322266,
      15.482622146606445,
      7.5606689453125,
      17.96245574951172,
      11.988592147827148,
      17.404144287109375,
      15.207395553588867,
      15.521602630615234,
      24.96915626525879,
      20.231225967407227,
      16.54712677001953,
      21.979015350341797,
      14.799283027648926,
      16.358877182006836
    ],
    [
      9.662086486816406,
      4.886224269866943,
      6.6605634689331055,
      5.569105625152588,
      10.738174438476562,
      16.677698135375977,
      10.821946144104004,
      20.997961044311523,
      13.74703311920166,
      20.39061164855957,
      15.70345401763916,
      20.321731567382812,
      20.231225967407227,
      26.045576095581055,
      15.5010347366333,
      19.670339584350586,
      13.643264770507812,
      15.043966293334961
    ],
    [
      8.226505279541016,
      3.055281400680542,
      5.31163215637207,
      3.613896608352661,
      9.196781158447266,
      8.52804183959961,
      4.11325216293335,
      10.959798812866211,
      4.096336364746094,
      11.455615997314453,
      8.023998260498047,
      11.119219779968262,
      16.54712677001953,
      15.5010347366333,
      24.494993209838867,
      20.049406051635742,
      19.133878707885742,
      18.301288604736328
    ],
    [
      13.772319793701172,
      6.379533290863037,
      10.13349723815918,
      7.901710510253906,
      10.628511428833008,
      13.849274635314941,
      8.064825057983398,
      15.395405769348145,
      9.380043983459473,
      14.449345588684082,
      13.063274383544922,
      12.59854793548584,
      21.979015350341797,
      19.670339584350586,
      20.049406051635742,
      31.40263557434082,
      22.00078010559082,
      25.317935943603516
    ],
    [
      11.091887474060059,
      3.428680658340454,
      6.832981586456299,
      4.979703426361084,
      7.284760475158691,
      7.6581339836120605,
      4.230669975280762,
      9.431846618652344,
      4.135095596313477,
      10.622182846069336,
      7.7574920654296875,
      9.892905235290527,
      14.799283027648926,
      13.643264770507812,
      19.133878707885742,
      22.00078010559082,
      25.384626388549805,
      23.818199157714844
    ],
    [
      11.547252655029297,
      4.5115065574646,
      8.065873146057129,
      6.295845031738281,
      8.173612594604492,
      9.249754905700684,
      5.95123291015625,
      10.816767692565918,
      6.144729137420654,
      10.976338386535645,
      9.247771263122559,
      10.084624290466309,
      16.358877182006836,
      15.043966293334961,
      18.301288604736328,
      25.317935943603516,
      23.818199157714844,
      27.676523208618164
    ]
  ],
  "covariance_short": [
    [
      29.460268020629883,
      5.213396072387695,
      8.87190055847168,
      4.160722255706787,
      1.4043887853622437,
      6.40826940536499,
      0.28696152567863464,
      6.5732855796813965,
      2.9514575004577637,
      6.15300178527832,
      5.054394245147705,
      3.429781198501587,
      8.58764362335205,
      5.93742561340332,
      7.784757137298584,
      11.667068481445312,
      11.251708030700684,
      10.187896728515625
    ],
    [
      5.213396072387695,
      41.12453079223633,
      6.524587631225586,
      8.18778133392334,
      5.785933017730713,
      3.6867475509643555,
      2.7724366188049316,
      3.769681692123413,
      3.8903274536132812,
      3.9047341346740723,
      4.919216156005859,
      4.203521728515625,
      8.821882247924805,
      8.692473411560059,
      8.461012840270996,
      12.337663650512695,
      9.263775825500488,
      10.95921802520752
    ],
    [
      8.87190055847168,
      6.524587631225586,
      18.028732299804688,
      6.858341217041016,
      6.248771667480469,
      7.925012111663818,
      2.629105567932129,
      6.872842788696289,
      4.829448223114014,
      6.459425926208496,
      6.709295749664307,
      4.691705226898193,
      9.21957015991211,
      7.213254451751709,
      7.410495281219482,
      11.819846153259277,
      10.204809188842773,
      11.302749633789062
    ],
    [
      4.160722255706787,
      8.18778133392334,
      6.858341217041016,
      15.429191589355469,
      3.5198144912719727,
      5.935981750488281,
      2.139411687850952,
      4.9610276222229,
      3.8729045391082764,
      4.458054542541504,
      5.042696952819824,
      3.6131155490875244,
      5.518813133239746,
      5.5860772132873535,
      4.2065582275390625,
      8.034208297729492,
      6.411703586578369,
      7.4391608238220215
    ],
    [
      1.4043887853622437,
      5.785933017730713,
      6.248771667480469,
      3.5198144912719727,
      29.78180503845215,
      12.591100692749023,
      12.421875,
      12.581259727478027,
      10.524470329284668,
      10.519305229187012,
      11.410972595214844,
      10.189701080322266,
      11.859273910522461,
      12.808538436889648,
      11.827500343322754,
      13.306339263916016,
      9.192499160766602,
      11.250003814697266
    ],
    [
      6.40826940536499,
      3.6867475509643555,
      7.925012111663818,
      5.935981750488281,
      12.591100692749023,
      29.755647659301758,
      12.102736473083496,
      22.088533401489258,
      14.946634292602539,
      18.52016830444336,
      14.282610893249512,
      14.845600128173828,
      14.826085090637207,
      16.116533279418945,
      9.090882301330566,
      14.466765403747559,
      10.423733711242676,
      10.243836402893066
    ],
    [
      0.28696152567863464,
      2.7724366188049316,
      2.629105567932129,
      2.139411687850952,
      12.421875,
      12.102736473083496,
      43.59370422363281,
      15.484663963317871,
      25.23514175415039,
      12.183382987976074,
      12.691036224365234,
      12.1278715133667,
      10.56959056854248,
      13.268778800964355,
      7.600501537322998,
      10.171611785888672,
      5.006561279296875,
      7.764476299285889
    ],
    [
      6.5732855796813965,
      3.769681692123413,
      6.872842788696289,
      4.9610276222229,
      12.581259727478027,
      22.088533401489258,
      15.484663963317871,
      30.733726501464844,
      16.910110473632812,
      21.879060745239258,
      16.660799026489258,
      18.695058822631836,
      16.65331268310547,
      19.591278076171875,
      10.99031925201416,
      15.452377319335938,
      10.590582847595215,
      10.720681190490723
    ],
    [
      2.9514575004577637,
      3.8903274536132812,
      4.829448223114014,
      3.8729045391082764,
      10.524470329284668,
      14.946634292602539,
      25.23514175415039,
      16.910110473632812,
      34.98381805419922,
      16.51078987121582,
      17.745574951171875,
      14.623202323913574,
      13.953676223754883,
      15.04042911529541,
      7.329577445983887,
      11.962468147277832,
      6.841181755065918,
      8.784414291381836
    ],
    [
      6.15300178527832,
      3.9047341346740723,
      6.459425926208496,
      4.458054542541504,
      10.519305229187012,
      18.52016830444336,
      12.183382987976074,
      21.879060745239258,
      16.51078987121582,
      28.945207595825195,
      16.54208755493164,
      21.157569885253906,
      15.51004409790039,
      20.011425018310547,
      10.700690269470215,
      14.697664260864258,
      9.996362686157227,
      10.109320640563965
    ],
    [
      5.054394245147705,
      4.919216156005859,
      6.709295749664307,
      5.042696952819824,
      11.410972595214844,
      14.282610893249512,
      12.691036224365234,
      16.660799026489258,
      17.745574951171875,
      16.54208755493164,
      23.694705963134766,
      16.19561767578125,
      17.056623458862305,
      16.742738723754883,
      10.514609336853027,
      14.679121971130371,
      8.813942909240723,
      9.808835983276367
    ],
    [
      3.429781198501587,
      4.203521728515625,
      4.691705226898193,
      3.6131155490875244,
      10.189701080322266,
      14.845600128173828,
      12.1278715133667,
      18.695058822631836,
      14.623202323913574,
      21.157569885253906,
      16.19561767578125,
      25.674978256225586,
      13.98735523223877,
      20.360563278198242,
      10.60676097869873,
      13.333030700683594,
      8.335485458374023,
      9.238435745239258
    ],
    [
      8.58764362335205,
      8.821882247924805,
      9.21957015991211,
      5.518813133239746,
      11.859273910522461,
      14.826085090637207,
      10.56959056854248,
      16.65331268310547,
      13.953676223754883,
      15.51004409790039,
      17.056623458862305,
      13.98735523223877,
      29.778972625732422,
      22.017396926879883,
      22.123085021972656,
      27.74420166015625,
      19.856918334960938,
      20.76677131652832
    ],
    [
      5.93742561340332,
      8.692473411560059,
      7.213254451751709,
      5.5860772132873535,
      12.808538436889648,
      16.116533279418945,
      13.268778800964355,
      19.591278076171875,
      15.04042911529541,
      20.011425018310547,
      16.742738723754883,
      20.360563278198242,
      22.017396926879883,
      30.921384811401367,
      19.103078842163086,
      26.35733985900879,
      16.289100646972656,
      19.817180633544922
    ],
    [
      7.784757137298584,
      8.461012840270996,
      7.410495281219482,
      4.2065582275390625,
      11.827500343322754,
      9.090882301330566,
      7.600501537322998,
      10.99031925201416,
      7.329577445983887,
      10.700690269470215,
      10.514609336853027,
      10.60676097869873,
      22.123085021972656,
      19.103078842163086,
      36.62649917602539,
      30.932401657104492,
      28.59892463684082,
      27.215702056884766
    ],
    [
      11.667068481445312,
      12.337663650512695,
      11.819846153259277,
      8.034208297729492,
      13.306339263916016,
      14.466765403747559,
      10.171611785888672,
      15.452377319335938,
      11.962468147277832,
      14.697664260864258,
      14.679121971130371,
      13.333030700683594,
      27.74420166015625,
      26.35733985900879,
      30.932401657104492,
      50.08635711669922,
      33.31412124633789,
      40.14068603515625
    ],
    [
      11.251708030700684,
      9.263775825500488,
      10.204809188842773,
      6.411703586578369,
      9.192499160766602,
      10.423733711242676,
      5.006561279296875,
      10.590582847595215,
      6.841181755065918,
      9.996362686157227,
      8.813942909240723,
      8.335485458374023,
      19.856918334960938,
      16.289100646972656,
      28.59892463684082,
      33.31412124633789,
      45.10559844970703,
      41.60118865966797
    ],
    [
      10.187896728515625,
      10.95921802520752,
      11.302749633789062,
      7.4391608238220215,
      11.250003814697266,
      10.243836402893066,
      7.764476299285889,
      10.720681190490723,
      8.784414291381836,
      10.109320640563965,
      9.808835983276367,
      9.238435745239258,
      20.76677131652832,
      19.817180633544922,
      27.215702056884766,
      40.14068603515625,
      41.60118865966797,
      52.2020263671875
    ]
  ],
  "drr": 14.649374961853027,
  "dynamics": 2.5150771141052246,
  "format": 1245190,
  "frames": 11870208,
  "loudness": -7.243741512298584,
  "loudness_range": 6.276241302490234,
  "loudness_range_short": 7.954127311706543,
  "peak": -0.00928248930722475,
  "rms": -10.32115650177002,
  "sample_rate": 44100,
  "sections": 1,
  "seekable": 1,
  "sharpness": 1.7883644104003906,
  "space": -8.55219554901123
}