{
  "bands": [
    {
      "high_freq": 148.1999969482422,
      "loudness": -22.683788299560547,
      "loudness_range": 14.640338897705078,
      "mid_mean": -19.23896598815918,
      "mid_to_side_loudness": -14.335650444030762,
      "mid_to_side_loudness_range": 22.278369903564453,
      "side_mean": -34.236019134521484
    },
    {
      "high_freq": 392.3793640136719,
      "loudness": -18.746206283569336,
      "loudness_range": 10.34229850769043,
      "low_freq": 148.1999969482422,
      "mid_mean": -15.743510246276855,
      "mid_to_side_loudness": -8.378583908081055,
      "mid_to_side_loudness_range": 10.68989086151123,
      "side_mean": -24.53995704650879
    },
    {
      "high_freq": 794.6976318359375,
      "loudness": -21.338111877441406,
      "loudness_range": 10.929128646850586,
      "low_freq": 392.3793640136719,
      "mid_mean": -18.754966735839844,
      "mid_to_side_loudness": -6.940683841705322,
      "mid_to_side_loudness_range": 13.442584991455078,
      "side_mean": -25.76516342163086
    },
    {
      "high_freq": 1457.5709228515625,
      "loudness": -24.21941566467285,
      "loudness_range": 16.41472625732422,
      "low_freq": 794.6976318359375,
      "mid_mean": -21.48322296142578,
      "mid_to_side_loudness": -8.071575164794922,
      "mid_to_side_loudness_range": 14.49108600616455,
      "side_mean": -29.573566436767578
    },
    {
      "high_freq": 2549.74365234375,
      "loudness": -24.284786224365234,
      "loudness_range": 13.03483772277832,
      "low_freq": 1457.5709228515625,
      "mid_mean": -21.494422912597656,
      "mid_to_side_loudness": -7.781543731689453,
      "mid_to_side_loudness_range": 12.294472694396973,
      "side_mean": -29.34870147705078
    },
    {
      "high_freq": 4349.24462890625,
      "loudness": -26.224384307861328,
      "loudness_range": 12.882909774780273,
      "low_freq": 2549.74365234375,
      "mid_mean": -23.43138313293457,
      "mid_to_side_loudness": -7.631363391876221,
      "mid_to_side_loudness_range": 12.680221557617188,
      "side_mean": -31.173446655273438
    },
    {
      "high_freq": 7314.1640625,
      "loudness": -29.857555389404297,
      "loudness_range": 13.480123519897461,
      "low_freq": 4349.24462890625,
      "mid_mean": -27.01782989501953,
      "mid_to_side_loudness": -7.743736267089844,
      "mid_to_side_loudness_range": 11.16427230834961,
      "side_mean": -34.80759811401367
    },
    {
      "high_freq": 12199.2666015625,
      "loudness": -33.7348747253418,
      "loudness_range": 12.7476806640625,
      "low_freq": 7314.1640625,
      "mid_mean": -30.97705841064453,
      "mid_to_side_loudness": -6.6943888664245605,
      "mid_to_side_loudness_range": 7.75399112701416,
      "side_mean": -37.71165466308594
    },
    {
      "loudness": -42.75440216064453,
      "loudness_range": 17.35247802734375,
      "low_freq": 12199.2666015625,
      "mid_mean": -40.64620590209961,
      "mid_to_side_loudness": -3.914895534515381,
      "mid_to_side_loudness_range": 5.228253364562988,
      "side_mean": -44.53794479370117
    }
  ],
  "bands_short": [
    {
      "high_freq": 148.1999969482422,
      "loudness": -27.410465240478516,
      "loudness_range": 18.10456657409668,
      "mid_mean": -23.88121223449707,
      "mid_to_side_loudness": -17.0097713470459,
      "mid_to_side_loudness_range": 22.06328773498535,
      "side_mean": -42.10838317871094
    },
    {
      "high_freq": 392.3793640136719,
      "loudness": -18.583538055419922,
      "loudness_range": 12.998806953430176,
      "low_freq": 148.1999969482422,
      "mid_mean": -15.537647247314453,
      "mid_to_side_loudness": -8.859539031982422,
      "mid_to_side_loudness_range": 13.53020191192627,
      "side_mean": -24.900156021118164
    },
    {
      "high_freq": 794.6976318359375,
      "loudness": -21.649642944335938,
      "loudness_range": 12.540329933166504,
      "low_freq": 392.3793640136719,
      "mid_mean": -19.336767196655273,
      "mid_to_side_loudness": -6.195945739746094,
      "mid_to_side_loudness_range": 15.015711784362793,
      "side_mean": -25.566986083984375
    },
    {
      "high_freq": 1457.5709228515625,
      "loudness": -24.363420486450195,
      "loudness_range": 18.236478805541992,
      "low_freq": 794.6976318359375,
      "mid_mean": -21.810401916503906,
      "mid_to_side_loudness": -7.524166584014893,
      "mid_to_side_loudness_range": 16.866641998291016,
      "side_mean": -29.451520919799805
    },
    {
      "high_freq": 2549.74365234375,
      "loudness": -25.161394119262695,
      "loudness_range": 15.842111587524414,
      "low_freq": 1457.5709228515625,
      "mid_mean": -22.564008712768555,
      "mid_to_side_loudness": -7.180537700653076,
      "mid_to_side_loudness_range": 14.52448558807373,
      "side_mean": -29.84976577758789
    },
    {
      "high_freq": 4349.24462890625,
      "loudness": -27.089385986328125,
      "loudness_range": 16.690366744995117,
      "low_freq": 2549.74365234375,
      "mid_mean": -24.536943435668945,
      "mid_to_side_loudness": -6.807549953460693,
      "mid_to_side_loudness_range": 14.163152694702148,
      "side_mean": -31.46784782409668
    },
    {
      "high_freq": 7314.1640625,
      "loudness": -30.707447052001953,
      "loudness_range": 16.528499603271484,
      "low_freq": 4349.24462890625,
      "mid_mean": -28.01711082458496,
      "mid_to_side_loudness": -7.270345211029053,
      "mid_to_side_loudness_range": 12.7244873046875,
      "side_mean": -35.37310028076172
    },
    {
      "high_freq": 12199.2666015625,
      "loudness": -35.030941009521484,
      "loudness_range": 17.4792537689209,
      "low_freq": 7314.1640625,
      "mid_mean": -32.38835525512695,
      "mid_to_side_loudness": -6.349137306213379,
      "mid_to_side_loudness_range": 9.329214096069336,
      "side_mean": -38.81041717529297
    },
    {
      "loudness": -45.013267517089844,
      "loudness_range": 22.040016174316406,
      "low_freq": 12199.2666015625,
      "mid_mean": -43.03422164916992,
      "mid_to_side_loudness": -3.888984203338623,
      "mid_to_side_loudness_range": 6.523256301879883,
      "side_mean": -47.27726745605469
    }
  ],
  "channels": 2,
  "covariance": [
    [
      35.77826690673828,
      12.921991348266602,
      17.52208709716797,
      12.368207931518555,
      3.39383864402771,
      7.007481575012207,
      6.13120174407959,
      10.018962860107422,
      6.531954765319824,
      13.299694061279297,
      6.260826587677002,
      16.10913848876953,
      9.699851989746094,
      19.815248489379883,
      9.980297088623047,
      16.1822452545166,
      18.92440414428711,
      23.650484085083008
    ],
    [
      12.921991348266602,
      31.434345245361328,
      6.499912261962891,
      7.940243244171143,
      4.489321708679199,
      6.494752407073975,
      5.59410285949707,
      6.035177707672119,
      4.673871040344238,
      7.097018718719482,
      6.194825172424316,
      10.053567886352539,
      6.245393753051758,
      10.252776145935059,
      4.8566789627075195,
      6.962228298187256,
      7.528474807739258,
      8.872532844543457
    ],
    [
      17.52208709716797,
      6.499912261962891,
      21.409931182861328,
      11.880236625671387,
      3.5242669582366943,
      5.8466973304748535,
      3.142899990081787,
      8.57822036743164,
      4.2291388511657715,
      10.94143009185791,
      4.412500858306885,
      12.484554290771484,
      9.481925964355469,
      16.80924415588379,
      10.888824462890625,
      15.046489715576172,
      17.871797561645508,
      21.45600128173828
    ],
    [
      12.368207931518555,
      7.940243244171143,
      11.880236625671387,
      18.417667388916016,
      3.68051815032959,
      8.895612716674805,
      4.400193214416504,
      9.58180046081543,
      5.829031467437744,
      13.890439987182617,
      6.090514659881592,
      15.180191993713379,
      9.2152681350708,
      16.882753372192383,
      8.332958221435547,
      13.527695655822754,
      14.67648696899414,
      18.081096649169922
    ],
    [
      3.39383864402771,
      4.489321708679199,
      3.5242669582366943,
      3.68051815032959,
      21.807462692260742,
      6.92628288269043,
      8.551007270812988,
      3.5647897720336914,
      12.310006141662598,
      5.470231056213379,
      13.627574920654297,
      7.957848072052002,
      11.254804611206055,
      8.28541088104248,
      9.73564624786377,
      7.308349609375,
      6.2135701179504395,
      5.706131935119629
    ],
    [
      7.007481575012207,
      6.494752407073975,
      5.8466973304748535,
      8.895612716674805,
      6.92628288269043,
      14.208391189575195,
      4.209217548370361,
      6.69622278213501,
      5.775833606719971,
      9.689614295959473,
      6.816818714141846,
      10.998411178588867,
      8.209158897399902,
      12.336541175842285,
      6.665226936340332,
      10.01005744934082,
      9.635621070861816,
      11.594415664672852
    ],
    [
      6.13120174407959,
      5.59410285949707,
      3.142899990081787,
      4.400193214416504,
      8.551007270812988,
      4.209217548370361,
      38.19522476196289,
      10.67953109741211,
      21.482053756713867,
      9.30145263671875,
      12.822715759277344,
      10.279107093811035,
      12.730568885803223,
      10.592514038085938,
      9.600375175476074,
      8.563814163208008,
      8.132664680480957,
      8.025043487548828
    ],
    [
      10.018962860107422,
      6.035177707672119,
      8.57822036743164,
      9.58180046081543,
      3.5647897720336914,
      6.69622278213501,
      10.67953109741211,
      12.674872398376465,
      7.470617294311523,
      11.3969087600708,
      6.044796943664551,
      12.154425621032715,
      7.989402770996094,
      13.325227737426758,
      7.4137444496154785,
      11.268477439880371,
      11.849296569824219,
      14.972332954406738
    ],
    [
      6.531954765319824,
      4.673871040344238,
      4.2291388511657715,
      5.829031467437744,
      12.310006141662598,
      5.775833606719971,
      21.482053756713867,
      7.470617294311523,
      25.27861785888672,
      11.151986122131348,
      18.153018951416016,
      13.636319160461426,
      15.33369255065918,
      14.063831329345703,
      12.44896125793457,
      11.710254669189453,
      10.070815086364746,
      10.190289497375488
    ],
    [
      13.299694061279297,
      7.097018718719482,
      10.94143009185791,
      13.890439987182617,
      5.470231056213379,
      9.689614295959473,
      9.30145263671875,
      11.3969087600708,
      11.151986122131348,
      18.68748664855957,
      10.247997283935547,
      19.82814598083496,
      12.411778450012207,
      21.157791137695312,
      10.707011222839355,
      16.59091567993164,
      16.169227600097656,
      20.48166275024414
    ],
    [
      6.260826587677002,
      6.194825172424316,
      4.412500858306885,
      6.090514659881592,
      13.627574920654297,
      6.816818714141846,
      12.822715759277344,
      6.044796943664551,
      18.153018951416016,
      10.247997283935547,
      25.162349700927734,
      16.992109298706055,
      18.183061599731445,
      16.207748413085938,
      12.675230026245117,
      12.219350814819336,
      9.657325744628906,
      9.987911224365234
    ],
    [
      16.10913848876953,
      10.053567886352539,
      12.484554290771484,
      15.180191993713379,
      7.957848072052002,
      10.998411178588867,
      10.279107093811035,
      12.154425621032715,
      13.636319160461426,
      19.82814598083496,
      16.992109298706055,
      29.46799087524414,
      18.068235397338867,
      30.26704978942871,
      13.776097297668457,
      21.753616333007812,
      19.019760131835938,
      24.325740814208984
    ],
    [
      9.699851989746094,
      6.245393753051758,
      9.481925964355469,
      9.2152681350708,
      11.254804611206055,
      8.209158897399902,
      12.730568885803223,
      7.989402770996094,
      15.33369255065918,
      12.411778450012207,
      18.183061599731445,
      18.068235397338867,
      25.41020965576172,
      24.872894287109375,
      19.27265739440918,
      19.78654670715332,
      17.374385833740234,
      17.853879928588867
    ],
    [
      19.815248489379883,
      10.252776145935059,
      16.80924415588379,
      16.882753372192383,
      8.28541088104248,
      12.336541175842285,
      10.592514038085938,
      13.325227737426758,
      14.063831329345703,
      21.157791137695312,
      16.207748413085938,
      30.26704978942871,
      24.872894287109375,
      40.58273696899414,
      19.536386489868164,
      28.95760726928711,
      25.8483829498291,
      31.78490447998047
    ],
    [
      9.980297088623047,
      4.8566789627075195,
      10.888824462890625,
      8.332958221435547,
      9.73564624786377,
      6.665226936340332,
      9.600375175476074,
      7.4137444496154785,
      12.44896125793457,
      10.707011222839355,
      12.675230026245117,
      13.776097297668457,
      19.27265739440918,
      19.536386489868164,
      25.278141021728516,
      22.729740142822266,
      21.731735229492188,
      21.353153228759766
    ],
    [
      16.1822452545166,
      6.962228298187256,
      15.046489715576172,
      13.527695655822754,
      7.308349609375,
      10.01005744934082,
      8.563814163208008,
      11.268477439880371,
      11.710254669189453,
      16.59091567993164,
      12.219350814819336,
      21.753616333007812,
      19.78654670715332,
      28.95760726928711,
      22.729740142822266,
      29.43787384033203,
      27.07111167907715,
      31.033946990966797
    ],
    [
      18.92440414428711,
      7.528474807739258,
      17.871797561645508,
      14.67648696899414,
      6.2135701179504395,
      9.635621070861816,
      8.132664680480957,
      11.849296569824219,
      10.070815086364746,
      16.169227600097656,
      9.657325744628906,
      19.019760131835938,
      17.374385833740234,
      25.8483829498291,
      21.731735229492188,
      27.07111167907715,
      35.3128547668457,
      38.687225341796875
    ],
    [
      23.650484085083008,
      8.872532844543457,
      21.45600128173828,
      18.081096649169922,
      5.706131935119629,
      11.594415664672852,
      8.025043487548828,
      14.972332954406738,
      10.190289497375488,
      20.48166275024414,
      9.987911224365234,
      24.325740814208984,
      17.853879928588867,
      31.78490447998047,
      21.353153228759766,
      31.033946990966797,
      38.687225341796875,
      46.64426803588867
    ]
  ],
  "covariance_short": [
    [
      44.698265075683594,
      19.710063934326172,
      16.89019203186035,
      9.313148498535156,
      5.007445812225342,
      6.194387435913086,
      5.759317874908447,
      8.464996337890625,
      7.881560802459717,
      11.80707836151123,
      7.879733085632324,
      13.95032787322998,
      10.041598320007324,
      17.244239807128906,
      10.30752182006836,
      14.6939697265625,
      15.313268661499023,
      20.780412673950195
    ],
    [
      19.710063934326172,
      40.84921646118164,
      12.851641654968262,
      14.073397636413574,
      5.393755912780762,
      8.54381275177002,
      8.04076862335205,
      10.055301666259766,
      7.937197685241699,
      12.872834205627441,
      8.616765022277832,
      15.323394775390625,
      10.038954734802246,
      16.96354103088379,
      8.61410903930664,
      12.933679580688477,
      12.107998847961426,
      16.986011505126953
    ],
    [
      16.89019203186035,
      12.851641654968262,
      28.73843765258789,
      13.3439302444458,
      6.244035720825195,
      7.949394226074219,
      6.951481342315674,
      10.525543212890625,
      8.344776153564453,
      13.350020408630371,
      9.12275505065918,
      15.504402160644531,
      12.6507568359375,
      19.689502716064453,
      12.967451095581055,
      17.586034774780273,
      20.00074577331543,
      26.090763092041016
    ],
    [
      9.313148498535156,
      14.073397636413574,
      13.3439302444458,
      20.630577087402344,
      5.791706562042236,
      10.33033275604248,
      6.518558979034424,
      10.315252304077148,
      8.221582412719727,
      14.577730178833008,
      9.091617584228516,
      16.314666748046875,
      10.82597827911377,
      17.965248107910156,
      9.609837532043457,
      14.586701393127441,
      15.416266441345215,
      20.030025482177734
    ],
    [
      5.007445812225342,
      5.393755912780762,
      6.244035720825195,
      5.791706562042236,
      27.005435943603516,
      7.931517601013184,
      7.840889930725098,
      4.75287389755249,
      13.774166107177734,
      7.055689334869385,
      17.98969078063965,
      10.405017852783203,
      13.504110336303711,
      10.218433380126953,
      11.961299896240234,
      9.196894645690918,
      8.53926944732666,
      9.280021667480469
    ],
    [
      6.194387435913086,
      8.54381275177002,
      7.949394226074219,
      10.33033275604248,
      7.931517601013184,
      17.49459457397461,
      4.873631477355957,
      8.499530792236328,
      6.662084102630615,
      10.941601753234863,
      8.452493667602539,
      12.417236328125,
      9.69194221496582,
      13.325897216796875,
      8.262969017028809,
      11.192793846130371,
      11.773116111755371,
      14.611174583435059
    ],
    [
      5.759317874908447,
      8.04076862335205,
      6.951481342315674,
      6.518558979034424,
      7.840889930725098,
      4.873631477355957,
      46.95429229736328,
      12.75330638885498,
      27.666309356689453,
      11.960244178771973,
      19.429731369018555,
      13.802215576171875,
      18.402587890625,
      14.896183967590332,
      15.376946449279785,
      13.584789276123047,
      13.647943496704102,
      16.064298629760742
    ],
    [
      8.464996337890625,
      10.055301666259766,
      10.525543212890625,
      10.315252304077148,
      4.75287389755249,
      8.499530792236328,
      12.75330638885498,
      16.55670166015625,
      10.195728302001953,
      13.500883102416992,
      9.29023551940918,
      14.599995613098145,
      10.642038345336914,
      15.736918449401855,
      9.836785316467285,
      13.87138557434082,
      14.806249618530273,
      19.212404251098633
    ],
    [
      7.881560802459717,
      7.937197685241699,
      8.344776153564453,
      8.221582412719727,
      13.774166107177734,
      6.662084102630615,
      27.666309356689453,
      10.195728302001953,
      35.01856231689453,
      14.933423042297363,
      25.98881721496582,
      18.073997497558594,
      21.57105827331543,
      18.850345611572266,
      18.631446838378906,
      17.139076232910156,
      16.537988662719727,
      19.486907958984375
    ],
    [
      11.80707836151123,
      12.872834205627441,
      13.350020408630371,
      14.577730178833008,
      7.055689334869385,
      10.941601753234863,
      11.960244178771973,
      13.500883102416992,
      14.933423042297363,
      22.934181213378906,
      14.245902061462402,
      22.76783561706543,
      15.200927734375,
      23.765384674072266,
      13.22940731048584,
      19.450807571411133,
      19.53311538696289,
      26.27723503112793
    ],
    [
      7.879733085632324,
      8.616765022277832,
      9.12275505065918,
      9.091617584228516,
      17.98969078063965,
      8.452493667602539,
      19.429731369018555,
      9.29023551940918,
      25.98881721496582,
      14.245902061462402,
      38.7672119140625,
      23.893489837646484,
      27.07105827331543,
      23.476049423217773,
      20.934988021850586,
      19.741212844848633,
      17.75027847290039,
      21.489089965820312
    ],
    [
      13.95032787322998,
      15.323394775390625,
      15.504402160644531,
      16.314666748046875,
      10.405017852783203,
      12.417236328125,
      13.802215576171875,
      14.599995613098145,
      18.073997497558594,
      22.76783561706543,
      23.893489837646484,
      35.145328521728516,
      23.218259811401367,
      34.8906364440918,
      18.73786163330078,
      27.020538330078125,
      24.931734085083008,
      33.83028030395508
    ],
    [
      10.041598320007324,
      10.038954734802246,
      12.6507568359375,
      10.82597827911377,
      13.504110336303711,
      9.69194221496582,
      18.402587890625,
      10.642038345336914,
      21.57105827331543,
      15.200927734375,
      27.07105827331543,
      23.218259811401367,
      39.54056930541992,
      33.15850067138672,
      30.62516975402832,
      29.862911224365234,
      28.199480056762695,
      31.179763793945312
    ],
    [
      17.244239807128906,
      16.96354103088379,
      19.689502716064453,
      17.965248107910156,
      10.218433380126953,
      13.325897216796875,
      14.896183967590332,
      15.736918449401855,
      18.850345611572266,
      23.765384674072266,
      23.476049423217773,
      34.8906364440918,
      33.15850067138672,
      49.41716003417969,
      27.063337326049805,
      36.976627349853516,
      34.26652526855469,
      43.729156494140625
    ],
    [
      10.30752182006836,
      8.61410903930664,
      12.967451095581055,
      9.609837532043457,
      11.961299896240234,
      8.262969017028809,
      15.376946449279785,
      9.836785316467285,
      18.631446838378906,
      13.22940731048584,
      20.934988021850586,
      18.73786163330078,
      30.62516975402832,
      27.063337326049805,
      40.864383697509766,
      35.08796691894531,
      35.815185546875,
      36.53532028198242
    ],
    [
      14.6939697265625,
      12.933679580688477,
      17.586034774780273,
      14.586701393127441,
      9.196894645690918,
      11.192793846130371,
      13.584789276123047,
      13.87138557434082,
      17.139076232910156,
      19.450807571411133,
      19.741212844848633,
      27.020538330078125,
      29.862911224365234,
      36.976627349853516,
      35.08796691894531,
      42.04043197631836,
      39.560935974121094,
      45.424224853515625
    ],
    [
      15.313268661499023,
      12.107998847961426,
      20.00074577331543,
      15.416266441345215,
      8.53926944732666,
      11.773116111755371,
      13.647943496704102,
      14.806249618530273,
      16.537988662719727,
      19.53311538696289,
      17.75027847290039,
      24.931734085083008,
      28.199480056762695,
      34.26652526855469,
      35.815185546875,
      39.560935974121094,
      54.943275451660156,
      57.1316032409668
    ],
    [
      20.780412673950195,
      16.986011505126953,
      26.090763092041016,
      20.030025482177734,
      9.280021667480469,
      14.611174583435059,
      16.064298629760742,
      19.212404251098633,
      19.486907958984375,
      26.27723503112793,
      21.489089965820312,
      33.83028030395508,
      31.179763793945312,
      43.729156494140625,
      36.53532028198242,
      45.424224853515625,
      57.1316032409668,
      70.1098403930664
    ]
  ],
  "drr": 15.095219612121582,
  "dynamics": 2.6136324405670166,
  "format": 1245190,
  "frames": 12914688,
  "loudness": -9.865646362304688,
  "loudness_range": 6.012077808380127,
  "loudness_range_short": 7.98776912689209,
  "peak": -0.2574522793292999,
  "rms": -12.113985061645508,
  "sample_rate": 44100,
  "sections": 1,
  "seekable": 1,
  "sharpness": 2.1421918869018555,
  "space": -9.213360786437988
}