{
  "bands": [
    {
      "high_freq": 148.1999969482422,
      "loudness": -39.39966583251953,
      "loudness_range": 21.383333206176758,
      "mid_mean": -36.47325134277344,
      "mid_to_side_loudness": -7.459875106811523,
      "mid_to_side_loudness_range": 5.853946208953857,
      "side_mean": -43.92459487915039
    },
    {
      "high_freq": 392.3793640136719,
      "loudness": -25.029129028320312,
      "loudness_range": 14.88232421875,
      "low_freq": 148.1999969482422,
      "mid_mean": -22.32215690612793,
      "mid_to_side_loudness": -6.697432518005371,
      "mid_to_side_loudness_range": 8.051847457885742,
      "side_mean": -29.06666374206543
    },
    {
      "high_freq": 794.6976318359375,
      "loudness": -24.173851013183594,
      "loudness_range": 19.338790893554688,
      "low_freq": 392.3793640136719,
      "mid_mean": -22.177350997924805,
      "mid_to_side_loudness": -4.248477458953857,
      "mid_to_side_loudness_range": 10.162007331848145,
      "side_mean": -26.37321662902832
    },
    {
      "high_freq": 1457.5709228515625,
      "loudness": -27.178665161132812,
      "loudness_range": 19.048559188842773,
      "low_freq": 794.6976318359375,
      "mid_mean": -24.6556453704834,
      "mid_to_side_loudness": -5.806328773498535,
      "mid_to_side_loudness_range": 8.386926651000977,
      "side_mean": -30.527299880981445
    },
    {
      "high_freq": 2549.74365234375,
      "loudness": -31.852998733520508,
      "loudness_range": 18.307579040527344,
      "low_freq": 1457.5709228515625,
      "mid_mean": -29.4130916595459,
      "mid_to_side_loudness": -5.404123306274414,
      "mid_to_side_loudness_range": 8.443948745727539,
      "side_mean": -34.83806228637695
    },
    {
      "high_freq": 4349.24462890625,
      "loudness": -42.9361686706543,
      "loudness_range": 21.64264678955078,
      "low_freq": 2549.74365234375,
      "mid_mean": -40.05205154418945,
      "mid_to_side_loudness": -7.2109785079956055,
      "mid_to_side_loudness_range": 6.740163803100586,
      "side_mean": -47.416412353515625
    },
    {
      "high_freq": 7314.1640625,
      "loudness": -55.33417892456055,
      "loudness_range": 29.956226348876953,
      "low_freq": 4349.24462890625,
      "mid_mean": -52.816898345947266,
      "mid_to_side_loudness": -5.321887016296387,
      "mid_to_side_loudness_range": 7.484550952911377,
      "side_mean": -57.358673095703125
    },
    {
      "high_freq": 12199.2666015625,
      "loudness": -64.90843963623047,
      "loudness_range": 20.168663024902344,
      "low_freq": 7314.1640625,
      "mid_mean": -61.260894775390625,
      "mid_to_side_loudness": -5.290213108062744,
      "mid_to_side_loudness_range": 4.3317060470581055,
      "side_mean": -64.77947998046875
    },
    {
      "loudness": -66.09738159179688,
      "loudness_range": 2.1066818237304688,
      "low_freq": 12199.2666015625,
      "mid_mean": -62.63758850097656,
      "mid_to_side_loudness": -5.086488723754883,
      "mid_to_side_loudness_range": 1.2217602729797363,
      "side_mean": -66.21847534179688
    }
  ],
  "bands_short": [
    {
      "high_freq": 148.1999969482422,
      "loudness": -44.05577087402344,
      "loudness_range": 22.117321014404297,
      "mid_mean": -41.346214294433594,
      "mid_to_side_loudness": -6.501278400421143,
      "mid_to_side_loudness_range": 8.50949478149414,
      "side_mean": -47.88563919067383
    },
    {
      "high_freq": 392.3793640136719,
      "loudness": -26.042020797729492,
      "loudness_range": 17.422462463378906,
      "low_freq": 148.1999969482422,
      "mid_mean": -23.351581573486328,
      "mid_to_side_loudness": -6.920403480529785,
      "mid_to_side_loudness_range": 9.830301284790039,
      "side_mean": -30.313282012939453
    },
    {
      "high_freq": 794.6976318359375,
      "loudness": -24.90972137451172,
      "loudness_range": 21.03053092956543,
      "low_freq": 392.3793640136719,
      "mid_mean": -22.824857711791992,
      "mid_to_side_loudness": -4.791601657867432,
      "mid_to_side_loudness_range": 11.369077682495117,
      "side_mean": -27.592655181884766
    },
    {
      "high_freq": 1457.5709228515625,
      "loudness": -28.287317276000977,
      "loudness_range": 20.909404754638672,
      "low_freq": 794.6976318359375,
      "mid_mean": -25.956178665161133,
      "mid_to_side_loudness": -5.346861839294434,
      "mid_to_side_loudness_range": 10.144039154052734,
      "side_mean": -31.363889694213867
    },
    {
      "high_freq": 2549.74365234375,
      "loudness": -33.670021057128906,
      "loudness_range": 21.40981674194336,
      "low_freq": 1457.5709228515625,
      "mid_mean": -31.248043060302734,
      "mid_to_side_loudness": -5.693300724029541,
      "mid_to_side_loudness_range": 9.734672546386719,
      "side_mean": -36.94465255737305
    },
    {
      "high_freq": 4349.24462890625,
      "loudness": -43.95758819580078,
      "loudness_range": 24.760543823242188,
      "low_freq": 2549.74365234375,
      "mid_mean": -41.12666702270508,
      "mid_to_side_loudness": -7.4707441329956055,
      "mid_to_side_loudness_range": 8.364182472229004,
      "side_mean": -48.8047981262207
    },
    {
      "high_freq": 7314.1640625,
      "loudness": -58.1981315612793,
      "loudness_range": 31.964717864990234,
      "low_freq": 4349.24462890625,
      "mid_mean": -55.195430755615234,
      "mid_to_side_loudness": -5.352935791015625,
      "mid_to_side_loudness_range": 7.810123920440674,
      "side_mean": -59.517616271972656
    },
    {
      "high_freq": 12199.2666015625,
      "loudness": -66.71639251708984,
      "loudness_range": 17.226276397705078,
      "low_freq": 7314.1640625,
      "mid_mean": -62.83748245239258,
      "mid_to_side_loudness": -5.258961200714111,
      "mid_to_side_loudness_range": 4.427006721496582,
      "side_mean": -66.00574493408203
    },
    {
      "loudness": -66.20819091796875,
      "loudness_range": 1.59100341796875,
      "low_freq": 12199.2666015625,
      "mid_mean": -62.72410583496094,
      "mid_to_side_loudness": -5.118983745574951,
      "mid_to_side_loudness_range": 1.7556920051574707,
      "side_mean": -66.29329681396484
    }
  ],
  "channels": 2,
  "covariance": [
    [
      49.282806396484375,
      46.89943313598633,
      14.024184226989746,
      17.5164737701416,
      7.646972179412842,
      8.274026870727539,
      6.205904006958008,
      6.727588653564453,
      6.926239967346191,
      6.910181045532227,
      3.1538474559783936,
      6.842546463012695,
      2.431980609893799,
      0.29062262177467346,
      0.5213178992271423,
      0.25879839062690735,
      0.38724178075790405,
      0.2684605121612549
    ],
    [
      46.89943313598633,
      48.84694290161133,
      13.281424522399902,
      18.718339920043945,
      8.353930473327637,
      8.460000038146973,
      5.4290900230407715,
      5.754683494567871,
      6.772759437561035,
      6.460790634155273,
      3.831596851348877,
      7.439095973968506,
      1.8237491846084595,
      -0.11042454093694687,
      0.11423465609550476,
      0.012327895499765873,
      0.3371741473674774,
      0.2535352110862732
    ],
    [
      14.024184226989746,
      13.281424522399902,
      33.966182708740234,
      31.358606338500977,
      15.932665824890137,
      17.638216018676758,
      9.621983528137207,
      8.965996742248535,
      11.463996887207031,
      9.258928298950195,
      6.808204174041748,
      6.593616962432861,
      3.054924964904785,
      -0.5814747214317322,
      -0.0038146560546010733,
      0.19860213994979858,
      -0.05011185631155968,
      -0.2021028697490692
    ],
    [
      17.5164737701416,
      18.718339920043945,
      31.358606338500977,
      36.636844635009766,
      17.398923873901367,
      18.10770606994629,
      10.12484073638916,
      9.57745361328125,
      12.722330093383789,
      11.242267608642578,
      9.632523536682129,
      10.314482688903809,
      4.638372421264648,
      1.1309489011764526,
      0.2031267285346985,
      0.4912046492099762,
      -0.09577656537294388,
      -0.22661016881465912
    ],
    [
      7.646972179412842,
      8.353930473327637,
      15.932665824890137,
      17.398923873901367,
      49.402687072753906,
      40.83325958251953,
      20.782203674316406,
      21.253767013549805,
      29.180086135864258,
      28.355192184448242,
      26.846471786499023,
      26.349319458007812,
      29.478851318359375,
      25.191762924194336,
      15.548982620239258,
      13.397394180297852,
      0.8807308077812195,
      0.6142715215682983
    ],
    [
      8.274026870727539,
      8.460000038146973,
      17.638216018676758,
      18.10770606994629,
      40.83325958251953,
      46.63108444213867,
      20.173810958862305,
      18.521987915039062,
      29.5513916015625,
      26.395465850830078,
      26.568666458129883,
      25.324138641357422,
      27.500879287719727,
      22.588397979736328,
      15.539924621582031,
      14.272342681884766,
      0.9015032649040222,
      0.6400927305221558
    ],
    [
      6.205904006958008,
      5.4290900230407715,
      9.621983528137207,
      10.12484073638916,
      20.782203674316406,
      20.173810958862305,
      44.02684783935547,
      37.07752990722656,
      26.0969295501709,
      29.51283836364746,
      30.787818908691406,
      31.954694747924805,
      41.83920669555664,
      32.838233947753906,
      20.82559585571289,
      17.523115158081055,
      2.1572513580322266,
      1.678432583808899
    ],
    [
      6.727588653564453,
      5.754683494567871,
      8.965996742248535,
      9.57745361328125,
      21.253767013549805,
      18.521987915039062,
      37.07752990722656,
      40.49662399291992,
      26.832256317138672,
      28.70169448852539,
      30.267494201660156,
      32.783164978027344,
      42.80109786987305,
      34.91913604736328,
      21.51981544494629,
      18.14130401611328,
      2.175698757171631,
      1.7575252056121826
    ],
    [
      6.926239967346191,
      6.772759437561035,
      11.463996887207031,
      12.722330093383789,
      29.180086135864258,
      29.5513916015625,
      26.0969295501709,
      26.832256317138672,
      38.89232635498047,
      37.561763763427734,
      34.5554313659668,
      36.00339889526367,
      43.09947967529297,
      38.214759826660156,
      22.95370101928711,
      19.62183952331543,
      1.8953204154968262,
      1.6320008039474487
    ],
    [
      6.910181045532227,
      6.460790634155273,
      9.258928298950195,
      11.242267608642578,
      28.355192184448242,
      26.395465850830078,
      29.51283836364746,
      28.70169448852539,
      37.561763763427734,
      44.6945915222168,
      34.56345748901367,
      36.88248062133789,
      45.356380462646484,
      40.36403274536133,
      24.612520217895508,
      20.582304000854492,
      2.071948289871216,
      1.7695845365524292
    ],
    [
      3.1538474559783936,
      3.831596851348877,
      6.808204174041748,
      9.632523536682129,
      26.846471786499023,
      26.568666458129883,
      30.787818908691406,
      30.267494201660156,
      34.5554313659668,
      34.56345748901367,
      56.844154357910156,
      52.771724700927734,
      61.70802688598633,
      55.78642272949219,
      31.475427627563477,
      26.65424919128418,
      2.517747640609741,
      2.226663589477539
    ],
    [
      6.842546463012695,
      7.439095973968506,
      6.593616962432861,
      10.314482688903809,
      26.349319458007812,
      25.324138641357422,
      31.954694747924805,
      32.783164978027344,
      36.00339889526367,
      36.88248062133789,
      52.771724700927734,
      56.43403244018555,
      62.86262130737305,
      57.622825622558594,
      32.52452850341797,
      27.574256896972656,
      2.6931660175323486,
      2.3474814891815186
    ],
    [
      2.431980609893799,
      1.8237491846084595,
      3.054924964904785,
      4.638372421264648,
      29.478851318359375,
      27.500879287719727,
      41.83920669555664,
      42.80109786987305,
      43.09947967529297,
      45.356380462646484,
      61.70802688598633,
      62.86262130737305,
      92.2629165649414,
      82.25745391845703,
      47.754554748535156,
      39.3677864074707,
      5.047100067138672,
      3.9456350803375244
    ],
    [
      0.29062262177467346,
      -0.11042454093694687,
      -0.5814747214317322,
      1.1309489011764526,
      25.191762924194336,
      22.588397979736328,
      32.838233947753906,
      34.91913604736328,
      38.214759826660156,
      40.36403274536133,
      55.78642272949219,
      57.622825622558594,
      82.25745391845703,
      78.80625915527344,
      45.5922737121582,
      37.3703498840332,
      4.5870747566223145,
      3.6829729080200195
    ],
    [
      0.5213178992271423,
      0.11423465609550476,
      -0.0038146560546010733,
      0.2031267285346985,
      15.548982620239258,
      15.539924621582031,
      20.82559585571289,
      21.51981544494629,
      22.95370101928711,
      24.612520217895508,
      31.475427627563477,
      32.52452850341797,
      47.754554748535156,
      45.5922737121582,
      37.210365295410156,
      31.37085723876953,
      4.095630645751953,
      3.302776575088501
    ],
    [
      0.25879839062690735,
      0.012327895499765873,
      0.19860213994979858,
      0.4912046492099762,
      13.397394180297852,
      14.272342681884766,
      17.523115158081055,
      18.14130401611328,
      19.62183952331543,
      20.582304000854492,
      26.65424919128418,
      27.574256896972656,
      39.3677864074707,
      37.3703498840332,
      31.37085723876953,
      28.00368309020996,
      3.42226505279541,
      2.818148136138916
    ],
    [
      0.38724178075790405,
      0.3371741473674774,
      -0.05011185631155968,
      -0.09577656537294388,
      0.8807308077812195,
      0.9015032649040222,
      2.1572513580322266,
      2.175698757171631,
      1.8953204154968262,
      2.071948289871216,
      2.517747640609741,
      2.6931660175323486,
      5.047100067138672,
      4.5870747566223145,
      4.095630645751953,
      3.42226505279541,
      1.108518362045288,
      0.7768459916114807
    ],
    [
      0.2684605121612549,
      0.2535352110862732,
      -0.2021028697490692,
      -0.22661016881465912,
      0.6142715215682983,
      0.6400927305221558,
      1.678432583808899,
      1.7575252056121826,
      1.6320008039474487,
      1.7695845365524292,
      2.226663589477539,
      2.3474814891815186,
      3.9456350803375244,
      3.6829729080200195,
      3.302776575088501,
      2.818148136138916,
      0.7768459916114807,
      0.6398175358772278
    ]
  ],
  "covariance_short": [
    [
      58.98532485961914,
      51.28927230834961,
      17.2108097076416,
      20.925216674804688,
      9.596734046936035,
      12.245941162109375,
      9.953445434570312,
      8.149919509887695,
      9.907670021057129,
      11.040971755981445,
      7.968031406402588,
      11.391831398010254,
      6.490353584289551,
      4.306520462036133,
      3.0198519229888916,
      2.215238571166992,
      0.6153955459594727,
      0.5202147960662842
    ],
    [
      51.28927230834961,
      53.46288299560547,
      13.787614822387695,
      18.76685905456543,
      7.618518352508545,
      10.058841705322266,
      7.8235979080200195,
      5.944002628326416,
      8.225386619567871,
      9.185205459594727,
      6.699636936187744,
      9.754907608032227,
      5.370553970336914,
      3.29925799369812,
      2.4449644088745117,
      1.7028614282608032,
      0.7179407477378845,
      0.5718315243721008
    ],
    [
      17.2108097076416,
      13.787614822387695,
      41.32659149169922,
      37.92906188964844,
      24.283838272094727,
      24.71631622314453,
      13.207560539245605,
      13.111527442932129,
      17.745094299316406,
      16.20843505859375,
      13.658134460449219,
      14.240093231201172,
      8.405221939086914,
      5.448201656341553,
      1.156164288520813,
      0.7661110758781433,
      0.04807169362902641,
      -0.05843833461403847
    ],
    [
      20.925216674804688,
      18.76685905456543,
      37.92906188964844,
      47.99205780029297,
      27.1623592376709,
      26.955060958862305,
      15.40378189086914,
      15.119272232055664,
      19.79953384399414,
      19.25551414489746,
      18.935596466064453,
      19.871885299682617,
      11.84743881225586,
      8.179919242858887,
      2.31319522857666,
      1.8152962923049927,
      0.1431005746126175,
      0.033246979117393494
    ],
    [
      9.596734046936035,
      7.618518352508545,
      24.283838272094727,
      27.1623592376709,
      56.70372009277344,
      47.17966079711914,
      25.41462516784668,
      27.14566421508789,
      35.850887298583984,
      35.28474044799805,
      36.536930084228516,
      34.91899108886719,
      33.6529426574707,
      29.97933578491211,
      13.747180938720703,
      12.006623268127441,
      0.9294626116752625,
      0.7009044289588928
    ],
    [
      12.245941162109375,
      10.058841705322266,
      24.71631622314453,
      26.955060958862305,
      47.17966079711914,
      57.258853912353516,
      26.51323127746582,
      25.873287200927734,
      38.02786636352539,
      34.808170318603516,
      35.83412170410156,
      34.15669631958008,
      34.14375686645508,
      29.6474609375,
      14.947707176208496,
      13.960077285766602,
      1.0293035507202148,
      0.8058533072471619
    ],
    [
      9.953445434570312,
      7.8235979080200195,
      13.207560539245605,
      15.40378189086914,
      25.41462516784668,
      26.51323127746582,
      50.38877487182617,
      40.919219970703125,
      34.384002685546875,
      36.48735046386719,
      39.16279983520508,
      39.783348083496094,
      45.26548767089844,
      37.246253967285156,
      18.815881729125977,
      15.628119468688965,
      2.161450147628784,
      1.7129628658294678
    ],
    [
      8.149919509887695,
      5.944002628326416,
      13.111527442932129,
      15.119272232055664,
      27.14566421508789,
      25.873287200927734,
      40.919219970703125,
      46.49222946166992,
      34.94738006591797,
      35.39691925048828,
      40.767669677734375,
      42.43490219116211,
      45.22050094604492,
      38.324249267578125,
      19.036815643310547,
      16.062602996826172,
      2.2601749897003174,
      1.8568012714385986
    ],
    [
      9.907670021057129,
      8.225386619567871,
      17.745094299316406,
      19.79953384399414,
      35.850887298583984,
      38.02786636352539,
      34.384002685546875,
      34.94738006591797,
      53.052093505859375,
      48.843231201171875,
      46.17619705200195,
      46.1752815246582,
      48.12852478027344,
      43.39051818847656,
      21.157245635986328,
      18.228378295898438,
      2.0209975242614746,
      1.7807048559188843
    ],
    [
      11.040971755981445,
      9.185205459594727,
      16.20843505859375,
      19.25551414489746,
      35.28474044799805,
      34.808170318603516,
      36.48735046386719,
      35.39691925048828,
      48.843231201171875,
      57.778968811035156,
      45.84975814819336,
      47.266761779785156,
      49.05160903930664,
      44.14250183105469,
      22.251890182495117,
      18.646940231323242,
      2.2118589878082275,
      1.9213873147964478
    ],
    [
      7.968031406402588,
      6.699636936187744,
      13.658134460449219,
      18.935596466064453,
      36.536930084228516,
      35.83412170410156,
      39.16279983520508,
      40.767669677734375,
      46.17619705200195,
      45.84975814819336,
      70.69540405273438,
      64.78524017333984,
      65.92984771728516,
      58.60050582885742,
      28.169452667236328,
      23.600074768066406,
      2.654999256134033,
      2.378375291824341
    ],
    [
      11.391831398010254,
      9.754907608032227,
      14.240093231201172,
      19.871885299682617,
      34.91899108886719,
      34.15669631958008,
      39.783348083496094,
      42.43490219116211,
      46.1752815246582,
      47.266761779785156,
      64.78524017333984,
      71.34353637695312,
      67.0243911743164,
      59.5575065612793,
      28.253557205200195,
      23.775455474853516,
      2.824852705001831,
      2.4662959575653076
    ],
    [
      6.490353584289551,
      5.370553970336914,
      8.405221939086914,
      11.84743881225586,
      33.6529426574707,
      34.14375686645508,
      45.26548767089844,
      45.22050094604492,
      48.12852478027344,
      49.05160903930664,
      65.92984771728516,
      67.0243911743164,
      90.78385162353516,
      78.26005554199219,
      38.32221221923828,
      31.75052261352539,
      4.6723713874816895,
      3.728224992752075
    ],
    [
      4.306520462036133,
      3.29925799369812,
      5.448201656341553,
      8.179919242858887,
      29.97933578491211,
      29.6474609375,
      37.246253967285156,
      38.324249267578125,
      43.39051818847656,
      44.14250183105469,
      58.60050582885742,
      59.5575065612793,
      78.26005554199219,
      73.65152740478516,
      36.20805358886719,
      30.066967010498047,
      4.2080864906311035,
      3.4699625968933105
    ],
    [
      3.0198519229888916,
      2.4449644088745117,
      1.156164288520813,
      2.31319522857666,
      13.747180938720703,
      14.947707176208496,
      18.815881729125977,
      19.036815643310547,
      21.157245635986328,
      22.251890182495117,
      28.169452667236328,
      28.253557205200195,
      38.32221221923828,
      36.20805358886719,
      27.232532501220703,
      22.947866439819336,
      3.523094415664673,
      2.927661418914795
    ],
    [
      2.215238571166992,
      1.7028614282608032,
      0.7661110758781433,
      1.8152962923049927,
      12.006623268127441,
      13.960077285766602,
      15.628119468688965,
      16.062602996826172,
      18.228378295898438,
      18.646940231323242,
      23.600074768066406,
      23.775455474853516,
      31.75052261352539,
      30.066967010498047,
      22.947866439819336,
      21.095569610595703,
      2.95979380607605,
      2.5355777740478516
    ],
    [
      0.6153955459594727,
      0.7179407477378845,
      0.04807169362902641,
      0.1431005746126175,
      0.9294626116752625,
      1.0293035507202148,
      2.161450147628784,
      2.2601749897003174,
      2.0209975242614746,
      2.2118589878082275,
      2.654999256134033,
      2.824852705001831,
      4.6723713874816895,
      4.2080864906311035,
      3.523094415664673,
      2.95979380607605,
      1.2746973037719727,
      0.8984097838401794
    ],
    [
      0.5202147960662842,
      0.5718315243721008,
      -0.05843833461403847,
      0.033246979117393494,
      0.7009044289588928,
      0.8058533072471619,
      1.7129628658294678,
      1.8568012714385986,
      1.7807048559188843,
      1.9213873147964478,
      2.378375291824341,
      2.4662959575653076,
      3.728224992752075,
      3.4699625968933105,
      2.927661418914795,
      2.5355777740478516,
      0.8984097838401794,
      0.8041536808013916
    ]
  ],
  "drr": 9.321383476257324,
  "dynamics": 4.2536702156066895,
  "format": 1245190,
  "frames": 8669120,
  "loudness": -14.46074104309082,
  "loudness_range": 11.895528793334961,
  "loudness_range_short": 16.213647842407227,
  "peak": 0.22342777252197266,
  "rms": -16.082679748535156,
  "sample_rate": 44100,
  "sections": 1,
  "seekable": 1,
  "sharpness": 4.295533657073975,
  "space": -5.6512451171875
}