{
  "bands": [
    {
      "high_freq": 148.1999969482422,
      "loudness": -21.13960838317871,
      "loudness_range": 6.028892517089844,
      "mid_mean": -17.542829513549805,
      "mid_to_side_loudness": -22.51214027404785,
      "mid_to_side_loudness_range": 14.835159301757812,
      "side_mean": -39.354488372802734
    },
    {
      "high_freq": 392.3793640136719,
      "loudness": -18.857820510864258,
      "loudness_range": 6.472993850708008,
      "low_freq": 148.1999969482422,
      "mid_mean": -16.3964786529541,
      "mid_to_side_loudness": -6.4192118644714355,
      "mid_to_side_loudness_range": 11.80180835723877,
      "side_mean": -22.593183517456055
    },
    {
      "high_freq": 794.6976318359375,
      "loudness": -19.99333953857422,
      "loudness_range": 8.943361282348633,
      "low_freq": 392.3793640136719,
      "mid_mean": -16.842994689941406,
      "mid_to_side_loudness": -10.269554138183594,
      "mid_to_side_loudness_range": 9.821768760681152,
      "side_mean": -26.99998664855957
    },
    {
      "high_freq": 1457.5709228515625,
      "loudness": -24.392885208129883,
      "loudness_range": 7.569070816040039,
      "low_freq": 794.6976318359375,
      "mid_mean": -21.424640655517578,
      "mid_to_side_loudness": -9.51319694519043,
      "mid_to_side_loudness_range": 10.043296813964844,
      "side_mean": -30.854568481445312
    },
    {
      "high_freq": 2549.74365234375,
      "loudness": -22.616302490234375,
      "loudness_range": 8.924787521362305,
      "low_freq": 1457.5709228515625,
      "mid_mean": -19.450767517089844,
      "mid_to_side_loudness": -9.899672508239746,
      "mid_to_side_loudness_range": 9.177061080932617,
      "side_mean": -29.47119140625
    },
    {
      "high_freq": 4349.24462890625,
      "loudness": -21.042505264282227,
      "loudness_range": 7.236873626708984,
      "low_freq": 2549.74365234375,
      "mid_mean": -18.223957061767578,
      "mid_to_side_loudness": -8.055058479309082,
      "mid_to_side_loudness_range": 10.207517623901367,
      "side_mean": -26.15171241760254
    },
    {
      "high_freq": 7314.1640625,
      "loudness": -25.515933990478516,
      "loudness_range": 7.449522018432617,
      "low_freq": 4349.24462890625,
      "mid_mean": -22.420074462890625,
      "mid_to_side_loudness": -9.560037612915039,
      "mid_to_side_loudness_range": 10.505582809448242,
      "side_mean": -32.207237243652344
    },
    {
      "high_freq": 12199.2666015625,
      "loudness": -31.41183853149414,
      "loudness_range": 12.231243133544922,
      "low_freq": 7314.1640625,
      "mid_mean": -27.915029525756836,
      "mid_to_side_loudness": -15.737102508544922,
      "mid_to_side_loudness_range": 8.997978210449219,
      "side_mean": -44.76176452636719
    },
    {
      "loudness": -41.04620361328125,
      "loudness_range": 11.906272888183594,
      "low_freq": 12199.2666015625,
      "mid_mean": -37.63671112060547,
      "mid_to_side_loudness": -13.284132957458496,
      "mid_to_side_loudness_range": 7.014122009277344,
      "side_mean": -52.55290222167969
    }
  ],
  "bands_short": [
    {
      "high_freq": 148.1999969482422,
      "loudness": -24.878013610839844,
      "loudness_range": 14.579853057861328,
      "mid_mean": -21.279924392700195,
      "mid_to_side_loudness": -26.480289459228516,
      "mid_to_side_loudness_range": 20.673686981201172,
      "side_mean": -48.22610855102539
    },
    {
      "high_freq": 392.3793640136719,
      "loudness": -18.71196746826172,
      "loudness_range": 9.168366432189941,
      "low_freq": 148.1999969482422,
      "mid_mean": -16.194808959960938,
      "mid_to_side_loudness": -7.309699535369873,
      "mid_to_side_loudness_range": 15.29722785949707,
      "side_mean": -23.16347885131836
    },
    {
      "high_freq": 794.6976318359375,
      "loudness": -20.45522117614746,
      "loudness_range": 11.100199699401855,
      "low_freq": 392.3793640136719,
      "mid_mean": -17.420595169067383,
      "mid_to_side_loudness": -10.0574312210083,
      "mid_to_side_loudness_range": 13.470651626586914,
      "side_mean": -27.324148178100586
    },
    {
      "high_freq": 1457.5709228515625,
      "loudness": -24.045673370361328,
      "loudness_range": 10.626678466796875,
      "low_freq": 794.6976318359375,
      "mid_mean": -21.129369735717773,
      "mid_to_side_loudness": -9.838525772094727,
      "mid_to_side_loudness_range": 13.580716133117676,
      "side_mean": -30.832340240478516
    },
    {
      "high_freq": 2549.74365234375,
      "loudness": -23.206710815429688,
      "loudness_range": 10.930164337158203,
      "low_freq": 1457.5709228515625,
      "mid_mean": -20.145811080932617,
      "mid_to_side_loudness": -9.770820617675781,
      "mid_to_side_loudness_range": 11.58427619934082,
      "side_mean": -30.00404167175293
    },
    {
      "high_freq": 4349.24462890625,
      "loudness": -21.434724807739258,
      "loudness_range": 9.291584014892578,
      "low_freq": 2549.74365234375,
      "mid_mean": -18.67139434814453,
      "mid_to_side_loudness": -8.256951332092285,
      "mid_to_side_loudness_range": 13.326671600341797,
      "side_mean": -26.83843231201172
    },
    {
      "high_freq": 7314.1640625,
      "loudness": -25.82126808166504,
      "loudness_range": 9.291120529174805,
      "low_freq": 4349.24462890625,
      "mid_mean": -22.80153465270996,
      "mid_to_side_loudness": -9.966282844543457,
      "mid_to_side_loudness_range": 14.2822847366333,
      "side_mean": -32.977787017822266
    },
    {
      "high_freq": 12199.2666015625,
      "loudness": -32.16997528076172,
      "loudness_range": 13.647050857543945,
      "low_freq": 7314.1640625,
      "mid_mean": -28.71174430847168,
      "mid_to_side_loudness": -15.83433723449707,
      "mid_to_side_loudness_range": 11.068038940429688,
      "side_mean": -45.641357421875
    },
    {
      "loudness": -42.267005920410156,
      "loudness_range": 16.02389144897461,
      "low_freq": 12199.2666015625,
      "mid_mean": -38.933162689208984,
      "mid_to_side_loudness": -13.626697540283203,
      "mid_to_side_loudness_range": 9.482109069824219,
      "side_mean": -53.97489929199219
    }
  ],
  "channels": 2,
  "covariance": [
    [
      13.241214752197266,
      5.51881742477417,
      3.0429019927978516,
      8.647087097167969,
      5.589921951293945,
      7.6306915283203125,
      4.094480514526367,
      6.190271854400635,
      2.035027265548706,
      4.041414737701416,
      1.6274712085723877,
      4.373043537139893,
      -0.31944477558135986,
      4.086544513702393,
      -0.15290546417236328,
      6.448449611663818,
      0.7861878275871277,
      8.286118507385254
    ],
    [
      5.51881742477417,
      26.26671600341797,
      2.648965835571289,
      10.51677417755127,
      1.4384878873825073,
      9.225841522216797,
      2.0590248107910156,
      7.587081432342529,
      0.4633733928203583,
      5.328355312347412,
      1.405089020729065,
      6.247656345367432,
      -0.08084648102521896,
      5.976706504821777,
      -0.8052242994308472,
      1.2580151557922363,
      0.36939704418182373,
      2.5635361671447754
    ],
    [
      3.0429019927978516,
      2.648965835571289,
      11.018247604370117,
      7.281971454620361,
      1.0469316244125366,
      3.173327922821045,
      1.4862747192382812,
      3.082465648651123,
      -2.4144105911254883,
      0.5635913610458374,
      -2.2189953327178955,
      0.2209840714931488,
      -1.005861759185791,
      0.8830394148826599,
      0.9536095857620239,
      3.3149573802948,
      1.3844528198242188,
      5.651320934295654
    ],
    [
      8.647087097167969,
      10.51677417755127,
      7.281971454620361,
      30.250364303588867,
      6.734703540802002,
      17.63422203063965,
      5.860748291015625,
      15.973963737487793,
      0.4231359660625458,
      8.960984230041504,
      -0.20267042517662048,
      10.652935028076172,
      0.21830615401268005,
      11.811749458312988,
      2.725865125656128,
      8.469489097595215,
      4.32166051864624,
      10.118658065795898
    ],
    [
      5.589921951293945,
      1.4384878873825073,
      1.0469316244125366,
      6.734703540802002,
      16.753162384033203,
      12.05618953704834,
      9.002863883972168,
      8.152392387390137,
      5.322125434875488,
      4.880844593048096,
      3.680450916290283,
      3.1460933685302734,
      1.2252328395843506,
      2.749821424484253,
      4.122082233428955,
      11.319668769836426,
      4.565553188323975,
      10.602755546569824
    ],
    [
      7.6306915283203125,
      9.225841522216797,
      3.173327922821045,
      17.63422203063965,
      12.05618953704834,
      25.241954803466797,
      6.466653347015381,
      14.290430068969727,
      2.027765989303589,
      8.615354537963867,
      1.1609514951705933,
      9.875039100646973,
      0.016502149403095245,
      10.099315643310547,
      1.0012787580490112,
      7.617493629455566,
      2.3332111835479736,
      7.002884387969971
    ],
    [
      4.094480514526367,
      2.0590248107910156,
      1.4862747192382812,
      5.860748291015625,
      9.002863883972168,
      6.466653347015381,
      16.07073974609375,
      8.561325073242188,
      7.8557939529418945,
      6.022769451141357,
      4.950122356414795,
      3.7588162422180176,
      2.228822946548462,
      3.5863213539123535,
      6.436550140380859,
      9.56383228302002,
      6.596745014190674,
      9.97056770324707
    ],
    [
      6.190271854400635,
      7.587081432342529,
      3.082465648651123,
      15.973963737487793,
      8.152392387390137,
      14.290430068969727,
      8.561325073242188,
      19.025611877441406,
      4.370553016662598,
      10.060813903808594,
      3.6182050704956055,
      10.288883209228516,
      2.2956438064575195,
      10.3772611618042,
      5.111051559448242,
      9.770757675170898,
      5.777607440948486,
      9.201824188232422
    ],
    [
      2.035027265548706,
      0.4633733928203583,
      -2.4144105911254883,
      0.4231359660625458,
      5.322125434875488,
      2.027765989303589,
      7.8557939529418945,
      4.370553016662598,
      15.336503982543945,
      6.973805904388428,
      9.672713279724121,
      3.6714284420013428,
      3.516765594482422,
      1.2171908617019653,
      6.327412128448486,
      7.700867652893066,
      5.514657020568848,
      7.951959609985352
    ],
    [
      4.041414737701416,
      5.328355312347412,
      0.5635913610458374,
      8.960984230041504,
      4.880844593048096,
      8.615354537963867,
      6.022769451141357,
      10.060813903808594,
      6.973805904388428,
      11.768746376037598,
      5.666900634765625,
      9.859045028686523,
      2.5788285732269287,
      8.589896202087402,
      2.765089750289917,
      6.843658447265625,
      3.4622905254364014,
      6.452582836151123
    ],
    [
      1.6274712085723877,
      1.405089020729065,
      -2.2189953327178955,
      -0.20267042517662048,
      3.680450916290283,
      1.1609514951705933,
      4.950122356414795,
      3.6182050704956055,
      9.672713279724121,
      5.666900634765625,
      13.348287582397461,
      6.351949691772461,
      7.160287380218506,
      4.579150676727295,
      7.481542587280273,
      8.523963928222656,
      6.476192474365234,
      8.47783374786377
    ],
    [
      4.373043537139893,
      6.247656345367432,
      0.2209840714931488,
      10.652935028076172,
      3.1460933685302734,
      9.875039100646973,
      3.7588162422180176,
      10.288883209228516,
      3.6714284420013428,
      9.859045028686523,
      6.351949691772461,
      15.663725852966309,
      3.652261257171631,
      13.432456970214844,
      1.894060730934143,
      5.89652156829834,
      2.254115104675293,
      5.047359466552734
    ],
    [
      -0.31944477558135986,
      -0.08084648102521896,
      -1.005861759185791,
      0.21830615401268005,
      1.2252328395843506,
      0.016502149403095245,
      2.228822946548462,
      2.2956438064575195,
      3.516765594482422,
      2.5788285732269287,
      7.160287380218506,
      3.652261257171631,
      11.68316650390625,
      6.514345645904541,
      10.98843765258789,
      9.072279930114746,
      10.652695655822754,
      10.698389053344727
    ],
    [
      4.086544513702393,
      5.976706504821777,
      0.8830394148826599,
      11.811749458312988,
      2.749821424484253,
      10.099315643310547,
      3.5863213539123535,
      10.3772611618042,
      1.2171908617019653,
      8.589896202087402,
      4.579150676727295,
      13.432456970214844,
      6.514345645904541,
      18.958372116088867,
      4.3205742835998535,
      7.55347204208374,
      5.396896839141846,
      6.892924785614014
    ],
    [
      -0.15290546417236328,
      -0.8052242994308472,
      0.9536095857620239,
      2.725865125656128,
      4.122082233428955,
      1.0012787580490112,
      6.436550140380859,
      5.111051559448242,
      6.327412128448486,
      2.765089750289917,
      7.481542587280273,
      1.894060730934143,
      10.98843765258789,
      4.3205742835998535,
      22.759380340576172,
      15.557011604309082,
      19.48630142211914,
      16.73614501953125
    ],
    [
      6.448449611663818,
      1.2580151557922363,
      3.3149573802948,
      8.469489097595215,
      11.319668769836426,
      7.617493629455566,
      9.56383228302002,
      9.770757675170898,
      7.700867652893066,
      6.843658447265625,
      8.523963928222656,
      5.89652156829834,
      9.072279930114746,
      7.55347204208374,
      15.557011604309082,
      24.840999603271484,
      15.53646469116211,
      23.48251724243164
    ],
    [
      0.7861878275871277,
      0.36939704418182373,
      1.3844528198242188,
      4.32166051864624,
      4.565553188323975,
      2.3332111835479736,
      6.596745014190674,
      5.777607440948486,
      5.514657020568848,
      3.4622905254364014,
      6.476192474365234,
      2.254115104675293,
      10.652695655822754,
      5.396896839141846,
      19.48630142211914,
      15.53646469116211,
      23.168603897094727,
      18.80626678466797
    ],
    [
      8.286118507385254,
      2.5635361671447754,
      5.651320934295654,
      10.118658065795898,
      10.602755546569824,
      7.002884387969971,
      9.97056770324707,
      9.201824188232422,
      7.951959609985352,
      6.452582836151123,
      8.47783374786377,
      5.047359466552734,
      10.698389053344727,
      6.892924785614014,
      16.73614501953125,
      23.48251724243164,
      18.80626678466797,
      40.03694534301758
    ]
  ],
  "covariance_short": [
    [
      32.14641189575195,
      13.904239654541016,
      6.255329132080078,
      9.041359901428223,
      3.58561635017395,
      8.480364799499512,
      3.705156087875366,
      7.652122974395752,
      0.6948525905609131,
      4.734928607940674,
      -0.22285597026348114,
      6.538061141967773,
      -2.124878406524658,
      6.044079303741455,
      -3.272217273712158,
      3.857666492462158,
      -1.9970498085021973,
      3.8593413829803467
    ],
    [
      13.904239654541016,
      49.74687194824219,
      9.54790210723877,
      13.524285316467285,
      8.681464195251465,
      12.693833351135254,
      7.422266483306885,
      9.916587829589844,
      2.546860456466675,
      5.416748523712158,
      0.6228497624397278,
      4.061733245849609,
      -1.5337421894073486,
      3.4666543006896973,
      1.643007516860962,
      10.017525672912598,
      4.064891815185547,
      12.653688430786133
    ],
    [
      6.255329132080078,
      9.54790210723877,
      17.263988494873047,
      9.412469863891602,
      4.688836574554443,
      6.132970333099365,
      2.429947853088379,
      5.8058576583862305,
      -0.9920074939727783,
      2.8598337173461914,
      -1.3370376825332642,
      3.573702335357666,
      -1.1846048831939697,
      3.870633602142334,
      0.5456910133361816,
      4.030998229980469,
      1.5406599044799805,
      5.480637550354004
    ],
    [
      9.041359901428223,
      13.524285316467285,
      9.412469863891602,
      37.79900360107422,
      6.988757133483887,
      18.61244773864746,
      5.798555850982666,
      18.494462966918945,
      -0.17650681734085083,
      10.719045639038086,
      0.38231056928634644,
      13.25710678100586,
      1.56266188621521,
      14.181674003601074,
      3.2826802730560303,
      9.045639038085938,
      4.707680702209473,
      8.809596061706543
    ],
    [
      3.58561635017395,
      8.681464195251465,
      4.688836574554443,
      6.988757133483887,
      20.605316162109375,
      12.076730728149414,
      9.00908088684082,
      7.808900833129883,
      3.9686670303344727,
      4.336237907409668,
      2.131880283355713,
      3.8824617862701416,
      1.3277283906936646,
      4.457765579223633,
      3.8883824348449707,
      9.301399230957031,
      5.151280879974365,
      8.530712127685547
    ],
    [
      8.480364799499512,
      12.693833351135254,
      6.132970333099365,
      18.61244773864746,
      12.076730728149414,
      29.685691833496094,
      6.589555263519287,
      16.002357482910156,
      0.9267405271530151,
      9.23805046081543,
      0.14503245055675507,
      11.11749267578125,
      0.5629773139953613,
      12.11316967010498,
      1.439185619354248,
      8.18241024017334,
      2.91015625,
      5.924923896789551
    ],
    [
      3.705156087875366,
      7.422266483306885,
      2.429947853088379,
      5.798555850982666,
      9.00908088684082,
      6.589555263519287,
      23.160701751708984,
      10.677836418151855,
      11.715866088867188,
      7.912380218505859,
      7.180384159088135,
      5.945378303527832,
      3.0393080711364746,
      5.1806535720825195,
      7.749917984008789,
      11.062177658081055,
      8.804362297058105,
      10.648233413696289
    ],
    [
      7.652122974395752,
      9.916587829589844,
      5.8058576583862305,
      18.494462966918945,
      7.808900833129883,
      16.002357482910156,
      10.677836418151855,
      26.27036476135254,
      5.789792537689209,
      14.12460994720459,
      5.078671455383301,
      15.694145202636719,
      4.12522029876709,
      15.249847412109375,
      5.910547256469727,
      11.566936492919922,
      6.9819769859313965,
      9.401652336120605
    ],
    [
      0.6948525905609131,
      2.546860456466675,
      -0.9920074939727783,
      -0.17650681734085083,
      3.9686670303344727,
      0.9267405271530151,
      11.715866088867188,
      5.789792537689209,
      20.783817291259766,
      9.1139497756958,
      12.466462135314941,
      5.759678840637207,
      6.000368118286133,
      3.5930938720703125,
      8.009367942810059,
      9.287076950073242,
      8.240777969360352,
      9.65968132019043
    ],
    [
      4.734928607940674,
      5.416748523712158,
      2.8598337173461914,
      10.719045639038086,
      4.336237907409668,
      9.23805046081543,
      7.912380218505859,
      14.12460994720459,
      9.1139497756958,
      16.806562423706055,
      7.330982685089111,
      14.574440002441406,
      4.509551048278809,
      12.98030948638916,
      3.7738029956817627,
      8.722996711730957,
      4.454261302947998,
      7.234189987182617
    ],
    [
      -0.22285597026348114,
      0.6228497624397278,
      -1.3370376825332642,
      0.38231056928634644,
      2.131880283355713,
      0.14503245055675507,
      7.180384159088135,
      5.078671455383301,
      12.466462135314941,
      7.330982685089111,
      17.33393669128418,
      8.975632667541504,
      9.986920356750488,
      7.014233589172363,
      10.128931999206543,
      10.673125267028809,
      10.224041938781738,
      10.74031925201416
    ],
    [
      6.538061141967773,
      4.061733245849609,
      3.573702335357666,
      13.25710678100586,
      3.8824617862701416,
      11.11749267578125,
      5.945378303527832,
      15.694145202636719,
      5.759678840637207,
      14.574440002441406,
      8.975632667541504,
      24.51847267150879,
      6.502523899078369,
      21.08171844482422,
      3.612095594406128,
      9.05213451385498,
      4.268720626831055,
      6.608140468597412
    ],
    [
      -2.124878406524658,
      -1.5337421894073486,
      -1.1846048831939697,
      1.56266188621521,
      1.3277283906936646,
      0.5629773139953613,
      3.0393080711364746,
      4.12522029876709,
      6.000368118286133,
      4.509551048278809,
      9.986920356750488,
      6.502523899078369,
      17.74083709716797,
      10.58258056640625,
      15.756959915161133,
      13.760255813598633,
      16.82280158996582,
      16.316476821899414
    ],
    [
      6.044079303741455,
      3.4666543006896973,
      3.870633602142334,
      14.181674003601074,
      4.457765579223633,
      12.11316967010498,
      5.1806535720825195,
      15.249847412109375,
      3.5930938720703125,
      12.98030948638916,
      7.014233589172363,
      21.08171844482422,
      10.58258056640625,
      30.08548927307129,
      7.043638229370117,
      12.751104354858398,
      8.941529273986816,
      10.484620094299316
    ],
    [
      -3.272217273712158,
      1.643007516860962,
      0.5456910133361816,
      3.2826802730560303,
      3.8883824348449707,
      1.439185619354248,
      7.749917984008789,
      5.910547256469727,
      8.009367942810059,
      3.7738029956817627,
      10.128931999206543,
      3.612095594406128,
      15.756959915161133,
      7.043638229370117,
      30.341848373413086,
      20.65964698791504,
      28.311460494995117,
      23.22264289855957
    ],
    [
      3.857666492462158,
      10.017525672912598,
      4.030998229980469,
      9.045639038085938,
      9.301399230957031,
      8.18241024017334,
      11.062177658081055,
      11.566936492919922,
      9.287076950073242,
      8.722996711730957,
      10.673125267028809,
      9.05213451385498,
      13.760255813598633,
      12.751104354858398,
      20.65964698791504,
      32.07415771484375,
      22.64090919494629,
      31.17682647705078
    ],
    [
      -1.9970498085021973,
      4.064891815185547,
      1.5406599044799805,
      4.707680702209473,
      5.151280879974365,
      2.91015625,
      8.804362297058105,
      6.9819769859313965,
      8.240777969360352,
      4.454261302947998,
      10.224041938781738,
      4.268720626831055,
      16.82280158996582,
      8.941529273986816,
      28.311460494995117,
      22.64090919494629,
      38.244117736816406,
      30.096296310424805
    ],
    [
      3.8593413829803467,
      12.653688430786133,
      5.480637550354004,
      8.809596061706543,
      8.530712127685547,
      5.924923896789551,
      10.648233413696289,
      9.401652336120605,
      9.65968132019043,
      7.234189987182617,
      10.74031925201416,
      6.608140468597412,
      16.316476821899414,
      10.484620094299316,
      23.22264289855957,
      31.17682647705078,
      30.096296310424805,
      49.96833419799805
    ]
  ],
  "drr": 14.189245223999023,
  "dynamics": 1.2838722467422485,
  "format": 1245190,
  "frames": 8511488,
  "loudness": -8.879318237304688,
  "loudness_range": 2.698319911956787,
  "loudness_range_short": 4.717631816864014,
  "peak": 0.4285413920879364,
  "rms": -12.114983558654785,
  "sample_rate": 44100,
  "sections": 1,
  "seekable": 1,
  "sharpness": 1.5043317079544067,
  "space": -9.359833717346191
}