{
  "bands": [
    {
      "high_freq": 148.1999969482422,
      "loudness": -25.10554313659668,
      "loudness_range": 12.359102249145508,
      "mid_mean": -21.378925323486328,
      "mid_to_side_loudness": -16.3289794921875,
      "mid_to_side_loudness_range": 16.04531478881836,
      "side_mean": -38.65421676635742
    },
    {
      "high_freq": 392.3793640136719,
      "loudness": -21.30811309814453,
      "loudness_range": 8.948043823242188,
      "low_freq": 148.1999969482422,
      "mid_mean": -18.164958953857422,
      "mid_to_side_loudness": -9.742663383483887,
      "mid_to_side_loudness_range": 12.703986167907715,
      "side_mean": -28.222963333129883
    },
    {
      "high_freq": 794.6976318359375,
      "loudness": -23.16143798828125,
      "loudness_range": 14.03506088256836,
      "low_freq": 392.3793640136719,
      "mid_mean": -20.17025375366211,
      "mid_to_side_loudness": -8.14504337310791,
      "mid_to_side_loudness_range": 10.795818328857422,
      "side_mean": -28.59759521484375
    },
    {
      "high_freq": 1457.5709228515625,
      "loudness": -29.87677574157715,
      "loudness_range": 20.204545974731445,
      "low_freq": 794.6976318359375,
      "mid_mean": -27.209203720092773,
      "mid_to_side_loudness": -6.9936370849609375,
      "mid_to_side_loudness_range": 11.932903289794922,
      "side_mean": -34.301727294921875
    },
    {
      "high_freq": 2549.74365234375,
      "loudness": -30.13420867919922,
      "loudness_range": 19.492816925048828,
      "low_freq": 1457.5709228515625,
      "mid_mean": -27.351219177246094,
      "mid_to_side_loudness": -7.4139790534973145,
      "mid_to_side_loudness_range": 11.19466781616211,
      "side_mean": -34.89621353149414
    },
    {
      "high_freq": 4349.24462890625,
      "loudness": -31.028278350830078,
      "loudness_range": 19.35502815246582,
      "low_freq": 2549.74365234375,
      "mid_mean": -28.144514083862305,
      "mid_to_side_loudness": -8.011528015136719,
      "mid_to_side_loudness_range": 12.027816772460938,
      "side_mean": -36.407249450683594
    },
    {
      "high_freq": 7314.1640625,
      "loudness": -36.451297760009766,
      "loudness_range": 15.824115753173828,
      "low_freq": 4349.24462890625,
      "mid_mean": -33.846744537353516,
      "mid_to_side_loudness": -6.074494361877441,
      "mid_to_side_loudness_range": 8.75605583190918,
      "side_mean": -39.935115814208984
    },
    {
      "high_freq": 12199.2666015625,
      "loudness": -38.49409866333008,
      "loudness_range": 15.798137664794922,
      "low_freq": 7314.1640625,
      "mid_mean": -36.47100067138672,
      "mid_to_side_loudness": -3.905811071395874,
      "mid_to_side_loudness_range": 8.220563888549805,
      "side_mean": -40.379722595214844
    },
    {
      "loudness": -44.45958709716797,
      "loudness_range": 18.350692749023438,
      "low_freq": 12199.2666015625,
      "mid_mean": -43.42204666137695,
      "mid_to_side_loudness": -0.8898607492446899,
      "mid_to_side_loudness_range": 4.3082122802734375,
      "side_mean": -44.318843841552734
    }
  ],
  "bands_short": [
    {
      "high_freq": 148.1999969482422,
      "loudness": -29.274160385131836,
      "loudness_range": 17.742338180541992,
      "mid_mean": -25.61103630065918,
      "mid_to_side_loudness": -16.299806594848633,
      "mid_to_side_loudness_range": 21.155607223510742,
      "side_mean": -43.16020202636719
    },
    {
      "high_freq": 392.3793640136719,
      "loudness": -21.165739059448242,
      "loudness_range": 11.404624938964844,
      "low_freq": 148.1999969482422,
      "mid_mean": -18.03351593017578,
      "mid_to_side_loudness": -10.42513656616211,
      "mid_to_side_loudness_range": 14.824422836303711,
      "side_mean": -28.80048179626465
    },
    {
      "high_freq": 794.6976318359375,
      "loudness": -23.86665153503418,
      "loudness_range": 15.612760543823242,
      "low_freq": 392.3793640136719,
      "mid_mean": -21.005407333374023,
      "mid_to_side_loudness": -7.82189416885376,
      "mid_to_side_loudness_range": 13.0249605178833,
      "side_mean": -29.13370132446289
    },
    {
      "high_freq": 1457.5709228515625,
      "loudness": -29.589502334594727,
      "loudness_range": 21.43922233581543,
      "low_freq": 794.6976318359375,
      "mid_mean": -27.04993438720703,
      "mid_to_side_loudness": -6.820504188537598,
      "mid_to_side_loudness_range": 13.863837242126465,
      "side_mean": -33.99974060058594
    },
    {
      "high_freq": 2549.74365234375,
      "loudness": -30.99115753173828,
      "loudness_range": 21.50019073486328,
      "low_freq": 1457.5709228515625,
      "mid_mean": -28.386709213256836,
      "mid_to_side_loudness": -6.822071075439453,
      "mid_to_side_loudness_range": 12.432765007019043,
      "side_mean": -35.35101318359375
    },
    {
      "high_freq": 4349.24462890625,
      "loudness": -31.865018844604492,
      "loudness_range": 21.532285690307617,
      "low_freq": 2549.74365234375,
      "mid_mean": -29.180370330810547,
      "mid_to_side_loudness": -7.148430824279785,
      "mid_to_side_loudness_range": 13.014386177062988,
      "side_mean": -36.62032699584961
    },
    {
      "high_freq": 7314.1640625,
      "loudness": -37.666500091552734,
      "loudness_range": 19.430278778076172,
      "low_freq": 4349.24462890625,
      "mid_mean": -35.265106201171875,
      "mid_to_side_loudness": -5.427412986755371,
      "mid_to_side_loudness_range": 10.030169486999512,
      "side_mean": -40.76258087158203
    },
    {
      "high_freq": 12199.2666015625,
      "loudness": -40.14468002319336,
      "loudness_range": 19.71434211730957,
      "low_freq": 7314.1640625,
      "mid_mean": -38.27423858642578,
      "mid_to_side_loudness": -3.6829135417938232,
      "mid_to_side_loudness_range": 9.845787048339844,
      "side_mean": -41.98320770263672
    },
    {
      "loudness": -47.68400192260742,
      "loudness_range": 23.78702163696289,
      "low_freq": 12199.2666015625,
      "mid_mean": -46.63117980957031,
      "mid_to_side_loudness": -1.0694738626480103,
      "mid_to_side_loudness_range": 6.7204670906066895,
      "side_mean": -47.69639205932617
    }
  ],
  "channels": 2,
  "covariance": [
    [
      26.494720458984375,
      12.674190521240234,
      10.876946449279785,
      5.231170177459717,
      7.672092914581299,
      6.1159987449646,
      9.232696533203125,
      9.846339225769043,
      7.699606418609619,
      7.376241207122803,
      7.531741142272949,
      6.9803595542907715,
      8.112076759338379,
      7.029642581939697,
      7.761993885040283,
      6.845421314239502,
      7.5826239585876465,
      7.253000259399414
    ],
    [
      12.674190521240234,
      21.51596450805664,
      8.822847366333008,
      10.727084159851074,
      10.524737358093262,
      12.585122108459473,
      10.469862937927246,
      11.798192977905273,
      7.675079345703125,
      8.113883972167969,
      7.782398700714111,
      8.389180183410645,
      8.886881828308105,
      8.989641189575195,
      8.090592384338379,
      8.142441749572754,
      7.538908004760742,
      7.4822187423706055
    ],
    [
      10.876946449279785,
      8.822847366333008,
      14.461381912231445,
      9.494832038879395,
      8.87040901184082,
      8.056873321533203,
      8.637646675109863,
      8.55420207977295,
      8.522806167602539,
      7.592741012573242,
      9.899004936218262,
      8.674814224243164,
      9.765801429748535,
      8.30833625793457,
      8.826088905334473,
      7.514105796813965,
      9.13683032989502,
      8.5138521194458
    ],
    [
      5.231170177459717,
      10.727084159851074,
      9.494832038879395,
      21.397789001464844,
      8.298829078674316,
      12.331640243530273,
      8.078768730163574,
      11.03977108001709,
      5.466432571411133,
      8.637845993041992,
      7.558571815490723,
      10.207233428955078,
      8.383273124694824,
      10.563857078552246,
      8.050924301147461,
      9.515790939331055,
      8.440686225891113,
      9.22536563873291
    ],
    [
      7.672092914581299,
      10.524737358093262,
      8.87040901184082,
      8.298829078674316,
      29.234086990356445,
      20.611923217773438,
      25.4539794921875,
      17.713268280029297,
      22.01780891418457,
      14.922463417053223,
      24.106531143188477,
      15.160918235778809,
      18.63549041748047,
      12.357511520385742,
      17.49357032775879,
      11.348254203796387,
      11.924297332763672,
      10.170928001403809
    ],
    [
      6.1159987449646,
      12.585122108459473,
      8.056873321533203,
      12.331640243530273,
      20.611923217773438,
      26.950048446655273,
      20.242298126220703,
      20.904264450073242,
      15.979296684265137,
      15.942008972167969,
      16.24667739868164,
      15.36319351196289,
      14.983251571655273,
      13.638374328613281,
      14.311347007751465,
      12.817597389221191,
      11.80361557006836,
      11.509339332580566
    ],
    [
      9.232696533203125,
      10.469862937927246,
      8.637646675109863,
      8.078768730163574,
      25.4539794921875,
      20.242298126220703,
      52.45574188232422,
      36.40348815917969,
      33.89396286010742,
      25.819438934326172,
      33.249088287353516,
      24.67669105529785,
      27.024364471435547,
      19.798076629638672,
      22.01748275756836,
      15.196924209594727,
      14.141345024108887,
      12.621406555175781
    ],
    [
      9.846339225769043,
      11.798192977905273,
      8.55420207977295,
      11.03977108001709,
      17.713268280029297,
      20.904264450073242,
      36.40348815917969,
      39.14450454711914,
      24.755765914916992,
      26.75660514831543,
      22.82893180847168,
      24.64874267578125,
      20.735830307006836,
      19.70338249206543,
      17.513214111328125,
      15.626486778259277,
      14.026712417602539,
      14.233643531799316
    ],
    [
      7.699606418609619,
      7.675079345703125,
      8.522806167602539,
      5.466432571411133,
      22.01780891418457,
      15.979296684265137,
      33.89396286010742,
      24.755765914916992,
      48.87651062011719,
      33.69160461425781,
      44.00107955932617,
      31.784709930419922,
      30.64291000366211,
      20.725749969482422,
      26.320972442626953,
      16.04207420349121,
      16.33708381652832,
      12.693867683410645
    ],
    [
      7.376241207122803,
      8.113883972167969,
      7.592741012573242,
      8.637845993041992,
      14.922463417053223,
      15.942008972167969,
      25.819438934326172,
      26.75660514831543,
      33.69160461425781,
      34.50351333618164,
      30.12240219116211,
      30.58707618713379,
      22.891014099121094,
      20.411523818969727,
      19.500843048095703,
      15.663960456848145,
      14.363288879394531,
      13.27364444732666
    ],
    [
      7.531741142272949,
      7.782398700714111,
      9.899004936218262,
      7.558571815490723,
      24.106531143188477,
      16.24667739868164,
      33.249088287353516,
      22.82893180847168,
      44.00107955932617,
      30.12240219116211,
      52.06809616088867,
      33.942169189453125,
      32.747894287109375,
      21.542247772216797,
      28.440555572509766,
      16.66581153869629,
      16.637672424316406,
      12.742521286010742
    ],
    [
      6.9803595542907715,
      8.389180183410645,
      8.674814224243164,
      10.207233428955078,
      15.160918235778809,
      15.36319351196289,
      24.67669105529785,
      24.64874267578125,
      31.784709930419922,
      30.58707618713379,
      33.942169189453125,
      34.8026123046875,
      24.866817474365234,
      22.153669357299805,
      21.48544692993164,
      16.94767189025879,
      15.857854843139648,
      14.609864234924316
    ],
    [
      8.112076759338379,
      8.886881828308105,
      9.765801429748535,
      8.383273124694824,
      18.63549041748047,
      14.983251571655273,
      27.024364471435547,
      20.735830307006836,
      30.64291000366211,
      22.891014099121094,
      32.747894287109375,
      24.866817474365234,
      35.44651412963867,
      25.3934268951416,
      29.6629695892334,
      20.69957733154297,
      21.4581356048584,
      17.7927303314209
    ],
    [
      7.029642581939697,
      8.989641189575195,
      8.30833625793457,
      10.563857078552246,
      12.357511520385742,
      13.638374328613281,
      19.798076629638672,
      19.70338249206543,
      20.725749969482422,
      20.411523818969727,
      21.542247772216797,
      22.153669357299805,
      25.3934268951416,
      24.313861846923828,
      21.85662078857422,
      20.262834548950195,
      19.135595321655273,
      18.702760696411133
    ],
    [
      7.761993885040283,
      8.090592384338379,
      8.826088905334473,
      8.050924301147461,
      17.49357032775879,
      14.311347007751465,
      22.01748275756836,
      17.513214111328125,
      26.320972442626953,
      19.500843048095703,
      28.440555572509766,
      21.48544692993164,
      29.6629695892334,
      21.85662078857422,
      33.601253509521484,
      24.45323371887207,
      26.812477111816406,
      22.976255416870117
    ],
    [
      6.845421314239502,
      8.142441749572754,
      7.514105796813965,
      9.515790939331055,
      11.348254203796387,
      12.817597389221191,
      15.196924209594727,
      15.626486778259277,
      16.04207420349121,
      15.663960456848145,
      16.66581153869629,
      16.94767189025879,
      20.69957733154297,
      20.262834548950195,
      24.45323371887207,
      24.869476318359375,
      26.584619522094727,
      26.93381690979004
    ],
    [
      7.5826239585876465,
      7.538908004760742,
      9.13683032989502,
      8.440686225891113,
      11.924297332763672,
      11.80361557006836,
      14.141345024108887,
      14.026712417602539,
      16.33708381652832,
      14.363288879394531,
      16.637672424316406,
      15.857854843139648,
      21.4581356048584,
      19.135595321655273,
      26.812477111816406,
      26.584619522094727,
      39.665462493896484,
      38.8566780090332
    ],
    [
      7.253000259399414,
      7.4822187423706055,
      8.5138521194458,
      9.22536563873291,
      10.170928001403809,
      11.509339332580566,
      12.621406555175781,
      14.233643531799316,
      12.693867683410645,
      13.27364444732666,
      12.742521286010742,
      14.609864234924316,
      17.7927303314209,
      18.702760696411133,
      22.976255416870117,
      26.93381690979004,
      38.8566780090332,
      42.547203063964844
    ]
  ],
  "covariance_short": [
    [
      41.97344207763672,
      15.91818904876709,
      17.280012130737305,
      7.015838146209717,
      10.415655136108398,
      7.9058146476745605,
      11.27154541015625,
      11.105931282043457,
      9.80005931854248,
      8.386817932128906,
      11.053285598754883,
      8.549444198608398,
      13.044271469116211,
      11.5325288772583,
      12.663406372070312,
      12.018239974975586,
      14.871373176574707,
      14.606884002685547
    ],
    [
      15.91818904876709,
      36.69548416137695,
      11.128570556640625,
      9.414966583251953,
      10.742805480957031,
      11.370567321777344,
      12.296719551086426,
      12.35368537902832,
      7.998597621917725,
      6.732089042663574,
      8.264735221862793,
      7.263166904449463,
      9.741708755493164,
      8.975045204162598,
      11.010170936584473,
      10.654208183288574,
      11.77822494506836,
      10.999375343322754
    ],
    [
      17.280012130737305,
      11.128570556640625,
      21.107927322387695,
      10.324016571044922,
      10.783839225769043,
      8.889041900634766,
      10.172367095947266,
      9.800559043884277,
      9.829560279846191,
      8.162190437316895,
      11.163984298706055,
      8.997483253479004,
      11.817798614501953,
      10.204862594604492,
      11.490114212036133,
      10.494917869567871,
      12.356428146362305,
      11.858040809631348
    ],
    [
      7.015838146209717,
      9.414966583251953,
      10.324016571044922,
      24.666059494018555,
      9.267264366149902,
      13.684111595153809,
      9.396902084350586,
      11.634034156799316,
      6.969119548797607,
      9.310901641845703,
      8.222023010253906,
      10.247481346130371,
      9.784956932067871,
      11.857481002807617,
      9.966156005859375,
      11.8034086227417,
      11.333702087402344,
      12.111478805541992
    ],
    [
      10.415655136108398,
      10.742805480957031,
      10.783839225769043,
      9.267264366149902,
      34.67496109008789,
      21.71017074584961,
      25.390094757080078,
      17.30152130126953,
      23.869359970092773,
      14.817209243774414,
      26.509275436401367,
      15.297289848327637,
      21.57376480102539,
      13.952110290527344,
      21.182897567749023,
      14.014450073242188,
      15.385238647460938,
      12.101064682006836
    ],
    [
      7.9058146476745605,
      11.370567321777344,
      8.889041900634766,
      13.684111595153809,
      21.71017074584961,
      30.757625579833984,
      20.441659927368164,
      20.41225242614746,
      16.484027862548828,
      15.273191452026367,
      16.69844627380371,
      14.92682933807373,
      16.788341522216797,
      15.061532974243164,
      17.16243553161621,
      15.643763542175293,
      15.142712593078613,
      14.108570098876953
    ],
    [
      11.27154541015625,
      12.296719551086426,
      10.172367095947266,
      9.396902084350586,
      25.390094757080078,
      20.441659927368164,
      57.655548095703125,
      37.2588005065918,
      36.96443557739258,
      27.186994552612305,
      36.23866271972656,
      24.846343994140625,
      31.12128257751465,
      22.375396728515625,
      27.525421142578125,
      19.382152557373047,
      19.43596076965332,
      15.838726043701172
    ],
    [
      11.105931282043457,
      12.35368537902832,
      9.800559043884277,
      11.634034156799316,
      17.30152130126953,
      20.41225242614746,
      37.2588005065918,
      42.711448669433594,
      25.957597732543945,
      27.822416305541992,
      23.310178756713867,
      24.33089828491211,
      23.12358856201172,
      22.30963134765625,
      21.235464096069336,
      19.78297233581543,
      18.688135147094727,
      18.000802993774414
    ],
    [
      9.80005931854248,
      7.998597621917725,
      9.829560279846191,
      6.969119548797607,
      23.869359970092773,
      16.484027862548828,
      36.96443557739258,
      25.957597732543945,
      56.970603942871094,
      36.90411376953125,
      49.74158477783203,
      34.16505432128906,
      37.73259735107422,
      25.40383529663086,
      33.649906158447266,
      22.048446655273438,
      23.7392578125,
      17.492835998535156
    ],
    [
      8.386817932128906,
      6.732089042663574,
      8.162190437316895,
      9.310901641845703,
      14.817209243774414,
      15.273191452026367,
      27.186994552612305,
      27.822416305541992,
      36.90411376953125,
      38.512298583984375,
      32.8209228515625,
      32.10548400878906,
      27.7876033782959,
      24.56998634338379,
      24.924121856689453,
      21.231693267822266,
      21.45028305053711,
      18.750991821289062
    ],
    [
      11.053285598754883,
      8.264735221862793,
      11.163984298706055,
      8.222023010253906,
      26.509275436401367,
      16.69844627380371,
      36.23866271972656,
      23.310178756713867,
      49.74158477783203,
      32.8209228515625,
      62.50955581665039,
      37.661014556884766,
      42.41828918457031,
      27.11866569519043,
      37.94707489013672,
      23.4482421875,
      25.76620101928711,
      18.567598342895508
    ],
    [
      8.549444198608398,
      7.263166904449463,
      8.997483253479004,
      10.247481346130371,
      15.297289848327637,
      14.92682933807373,
      24.846343994140625,
      24.33089828491211,
      34.16505432128906,
      32.10548400878906,
      37.661014556884766,
      37.818511962890625,
      30.523836135864258,
      26.55492401123047,
      27.50605010986328,
      22.885068893432617,
      23.318418502807617,
      20.437715530395508
    ],
    [
      13.044271469116211,
      9.741708755493164,
      11.817798614501953,
      9.784956932067871,
      21.57376480102539,
      16.788341522216797,
      31.12128257751465,
      23.12358856201172,
      37.73259735107422,
      27.7876033782959,
      42.41828918457031,
      30.523836135864258,
      50.956695556640625,
      35.45896530151367,
      43.9926643371582,
      32.489376068115234,
      35.54442596435547,
      28.985347747802734
    ],
    [
      11.5325288772583,
      8.975045204162598,
      10.204862594604492,
      11.857481002807617,
      13.952110290527344,
      15.061532974243164,
      22.375396728515625,
      22.30963134765625,
      25.40383529663086,
      24.56998634338379,
      27.11866569519043,
      26.55492401123047,
      35.45896530151367,
      34.25025939941406,
      32.32057571411133,
      31.222410202026367,
      31.423648834228516,
      30.26380157470703
    ],
    [
      12.663406372070312,
      11.010170936584473,
      11.490114212036133,
      9.966156005859375,
      21.182897567749023,
      17.16243553161621,
      27.525421142578125,
      21.235464096069336,
      33.649906158447266,
      24.924121856689453,
      37.94707489013672,
      27.50605010986328,
      43.9926643371582,
      32.32057571411133,
      52.41863250732422,
      39.39616775512695,
      43.6422233581543,
      36.405235290527344
    ],
    [
      12.018239974975586,
      10.654208183288574,
      10.494917869567871,
      11.8034086227417,
      14.014450073242188,
      15.643763542175293,
      19.382152557373047,
      19.78297233581543,
      22.048446655273438,
      21.231693267822266,
      23.4482421875,
      22.885068893432617,
      32.489376068115234,
      31.222410202026367,
      39.39616775512695,
      41.37495803833008,
      42.48303985595703,
      42.22768020629883
    ],
    [
      14.871373176574707,
      11.77822494506836,
      12.356428146362305,
      11.333702087402344,
      15.385238647460938,
      15.142712593078613,
      19.43596076965332,
      18.688135147094727,
      23.7392578125,
      21.45028305053711,
      25.76620101928711,
      23.318418502807617,
      35.54442596435547,
      31.423648834228516,
      43.6422233581543,
      42.48303985595703,
      61.25352478027344,
      56.666019439697266
    ],
    [
      14.606884002685547,
      10.999375343322754,
      11.858040809631348,
      12.111478805541992,
      12.101064682006836,
      14.108570098876953,
      15.838726043701172,
      18.000802993774414,
      17.492835998535156,
      18.750991821289062,
      18.567598342895508,
      20.437715530395508,
      28.985347747802734,
      30.26380157470703,
      36.405235290527344,
      42.22768020629883,
      56.666019439697266,
      60.992183685302734
    ]
  ],
  "drr": 15.83165168762207,
  "dynamics": 3.39977765083313,
  "format": 1245190,
  "frames": 15978496,
  "loudness": -12.853963851928711,
  "loudness_range": 9.965290069580078,
  "loudness_range_short": 12.168108940124512,
  "peak": -0.2549664080142975,
  "rms": -14.593443870544434,
  "sample_rate": 44100,
  "sections": 1,
  "seekable": 1,
  "sharpness": 2.2877864837646484,
  "space": -9.501407623291016
}