{
  "bands": [
    {
      "high_freq": 148.1999969482422,
      "loudness": -45.85011672973633,
      "loudness_range": 19.865707397460938,
      "mid_mean": -42.46955871582031,
      "mid_to_side_loudness": -14.142685890197754,
      "mid_to_side_loudness_range": 8.799856185913086,
      "side_mean": -56.96552276611328
    },
    {
      "high_freq": 392.3793640136719,
      "loudness": -27.893293380737305,
      "loudness_range": 18.479570388793945,
      "low_freq": 148.1999969482422,
      "mid_mean": -25.27362632751465,
      "mid_to_side_loudness": -7.450942039489746,
      "mid_to_side_loudness_range": 8.294060707092285,
      "side_mean": -33.011619567871094
    },
    {
      "high_freq": 794.6976318359375,
      "loudness": -26.522615432739258,
      "loudness_range": 15.628253936767578,
      "low_freq": 392.3793640136719,
      "mid_mean": -23.858604431152344,
      "mid_to_side_loudness": -6.543880462646484,
      "mid_to_side_loudness_range": 9.179203987121582,
      "side_mean": -30.751564025878906
    },
    {
      "high_freq": 1457.5709228515625,
      "loudness": -35.3183479309082,
      "loudness_range": 17.618478775024414,
      "low_freq": 794.6976318359375,
      "mid_mean": -32.881500244140625,
      "mid_to_side_loudness": -5.200885772705078,
      "mid_to_side_loudness_range": 5.914499282836914,
      "side_mean": -38.10494613647461
    },
    {
      "high_freq": 2549.74365234375,
      "loudness": -40.12382507324219,
      "loudness_range": 21.397438049316406,
      "low_freq": 1457.5709228515625,
      "mid_mean": -38.55868911743164,
      "mid_to_side_loudness": -2.3465709686279297,
      "mid_to_side_loudness_range": 6.743144989013672,
      "side_mean": -41.154685974121094
    },
    {
      "high_freq": 4349.24462890625,
      "loudness": -54.08244705200195,
      "loudness_range": 26.980438232421875,
      "low_freq": 2549.74365234375,
      "mid_mean": -54.0384635925293,
      "mid_to_side_loudness": -2.0069708824157715,
      "mid_to_side_loudness_range": 7.236959934234619,
      "side_mean": -55.832557678222656
    },
    {
      "high_freq": 7314.1640625,
      "loudness": -68.70291137695312,
      "loudness_range": 20.62848663330078,
      "low_freq": 4349.24462890625,
      "mid_mean": -65.49345397949219,
      "mid_to_side_loudness": 0.9064057469367981,
      "mid_to_side_loudness_range": 3.306366205215454,
      "side_mean": -64.87113952636719
    },
    {
      "high_freq": 12199.2666015625,
      "loudness": -72.21598052978516,
      "loudness_range": 4.028861999511719,
      "low_freq": 7314.1640625,
      "mid_mean": -67.60160827636719,
      "mid_to_side_loudness": -0.08731906116008759,
      "mid_to_side_loudness_range": 0.7234386801719666,
      "side_mean": -67.60830688476562
    },
    {
      "loudness": -71.49987030029297,
      "loudness_range": 2.2279052734375,
      "low_freq": 12199.2666015625,
      "mid_mean": -67.34656524658203,
      "mid_to_side_loudness": -0.15239061415195465,
      "mid_to_side_loudness_range": 0.4425864815711975,
      "side_mean": -67.39508819580078
    }
  ],
  "bands_short": [
    {
      "high_freq": 148.1999969482422,
      "loudness": -49.28373718261719,
      "loudness_range": 20.006572723388672,
      "mid_mean": -45.973731994628906,
      "mid_to_side_loudness": -13.717092514038086,
      "mid_to_side_loudness_range": 14.93450927734375,
      "side_mean": -59.49090576171875
    },
    {
      "high_freq": 392.3793640136719,
      "loudness": -29.108352661132812,
      "loudness_range": 21.198562622070312,
      "low_freq": 148.1999969482422,
      "mid_mean": -26.508241653442383,
      "mid_to_side_loudness": -7.705318927764893,
      "mid_to_side_loudness_range": 12.511990547180176,
      "side_mean": -34.42308807373047
    },
    {
      "high_freq": 794.6976318359375,
      "loudness": -26.967153549194336,
      "loudness_range": 16.948938369750977,
      "low_freq": 392.3793640136719,
      "mid_mean": -24.45549201965332,
      "mid_to_side_loudness": -6.313051223754883,
      "mid_to_side_loudness_range": 11.852753639221191,
      "side_mean": -31.168170928955078
    },
    {
      "high_freq": 1457.5709228515625,
      "loudness": -35.12368392944336,
      "loudness_range": 20.588537216186523,
      "low_freq": 794.6976318359375,
      "mid_mean": -32.89424514770508,
      "mid_to_side_loudness": -5.385478973388672,
      "mid_to_side_loudness_range": 9.261332511901855,
      "side_mean": -38.03940963745117
    },
    {
      "high_freq": 2549.74365234375,
      "loudness": -40.81708908081055,
      "loudness_range": 22.80118179321289,
      "low_freq": 1457.5709228515625,
      "mid_mean": -39.37287521362305,
      "mid_to_side_loudness": -2.386399030685425,
      "mid_to_side_loudness_range": 8.74704647064209,
      "side_mean": -41.976173400878906
    },
    {
      "high_freq": 4349.24462890625,
      "loudness": -54.29814147949219,
      "loudness_range": 27.626514434814453,
      "low_freq": 2549.74365234375,
      "mid_mean": -54.381595611572266,
      "mid_to_side_loudness": -1.8301485776901245,
      "mid_to_side_loudness_range": 8.608304023742676,
      "side_mean": -56.02798080444336
    },
    {
      "high_freq": 7314.1640625,
      "loudness": -68.99325561523438,
      "loudness_range": 20.043254852294922,
      "low_freq": 4349.24462890625,
      "mid_mean": -65.62265014648438,
      "mid_to_side_loudness": 0.7291661500930786,
      "mid_to_side_loudness_range": 4.476841449737549,
      "side_mean": -65.1434097290039
    },
    {
      "high_freq": 12199.2666015625,
      "loudness": -72.30892944335938,
      "loudness_range": 3.8477783203125,
      "low_freq": 7314.1640625,
      "mid_mean": -67.64888763427734,
      "mid_to_side_loudness": -0.06595779210329056,
      "mid_to_side_loudness_range": 1.7422022819519043,
      "side_mean": -67.6575927734375
    },
    {
      "loudness": -71.4778823852539,
      "loudness_range": 2.3564224243164062,
      "low_freq": 12199.2666015625,
      "mid_mean": -67.34089660644531,
      "mid_to_side_loudness": -0.13002605736255646,
      "mid_to_side_loudness_range": 1.2637218236923218,
      "side_mean": -67.3890151977539
    }
  ],
  "channels": 2,
  "covariance": [
    [
      46.500205993652344,
      33.848548889160156,
      22.900224685668945,
      23.1491641998291,
      7.849782466888428,
      10.120985984802246,
      12.55196475982666,
      12.205262184143066,
      18.50373649597168,
      19.294322967529297,
      34.32830810546875,
      33.320648193359375,
      14.24077320098877,
      16.51114845275879,
      2.520415782928467,
      2.640174150466919,
      1.592980980873108,
      1.5059763193130493
    ],
    [
      33.848548889160156,
      36.16694641113281,
      17.053972244262695,
      16.900999069213867,
      1.8139667510986328,
      2.438617706298828,
      6.416893482208252,
      6.523805618286133,
      9.267431259155273,
      9.900031089782715,
      26.736108779907227,
      25.89365577697754,
      10.939247131347656,
      12.74980640411377,
      2.738863468170166,
      2.863945722579956,
      2.1937575340270996,
      2.1286723613739014
    ],
    [
      22.900224685668945,
      17.053972244262695,
      52.71153259277344,
      43.5292854309082,
      10.00865364074707,
      9.571995735168457,
      9.905814170837402,
      9.922154426574707,
      13.810169219970703,
      15.928825378417969,
      20.36351776123047,
      19.71973419189453,
      6.384439468383789,
      7.933320999145508,
      0.1589185893535614,
      0.007735281251370907,
      0.6005160808563232,
      0.6004694104194641
    ],
    [
      23.1491641998291,
      16.900999069213867,
      43.5292854309082,
      46.52256393432617,
      9.790334701538086,
      10.374619483947754,
      9.725480079650879,
      9.527813911437988,
      12.423336029052734,
      15.37366008758545,
      20.352222442626953,
      19.50727081298828,
      5.6336870193481445,
      7.106771945953369,
      0.1935916244983673,
      0.07232704758644104,
      0.6856245398521423,
      0.6814077496528625
    ],
    [
      7.849782466888428,
      1.8139667510986328,
      10.00865364074707,
      9.790334701538086,
      35.06544876098633,
      31.772125244140625,
      23.36773681640625,
      22.410903930664062,
      28.128440856933594,
      27.557323455810547,
      35.70570373535156,
      34.487735748291016,
      15.314659118652344,
      17.09369468688965,
      2.1089744567871094,
      2.0834665298461914,
      1.3071181774139404,
      1.1352596282958984
    ],
    [
      10.120985984802246,
      2.438617706298828,
      9.571995735168457,
      10.374619483947754,
      31.772125244140625,
      40.05400848388672,
      22.557771682739258,
      21.70653533935547,
      27.620676040649414,
      29.432647705078125,
      40.61591720581055,
      38.39664840698242,
      15.162459373474121,
      16.94601058959961,
      2.0162577629089355,
      2.055418014526367,
      1.3197593688964844,
      1.1714892387390137
    ],
    [
      12.55196475982666,
      6.416893482208252,
      9.905814170837402,
      9.725480079650879,
      23.36773681640625,
      22.557771682739258,
      37.96754837036133,
      32.52239990234375,
      37.231483459472656,
      37.16571807861328,
      44.98704147338867,
      41.96394729614258,
      22.439170837402344,
      25.020841598510742,
      3.820344924926758,
      4.15983772277832,
      1.4008983373641968,
      1.1709959506988525
    ],
    [
      12.205262184143066,
      6.523805618286133,
      9.922154426574707,
      9.527813911437988,
      22.410903930664062,
      21.70653533935547,
      32.52239990234375,
      31.50206184387207,
      34.786033630371094,
      34.17201232910156,
      42.01676559448242,
      39.90335464477539,
      20.139198303222656,
      22.619136810302734,
      3.3193929195404053,
      3.639594316482544,
      1.2209663391113281,
      1.0303024053573608
    ],
    [
      18.50373649597168,
      9.267431259155273,
      13.810169219970703,
      12.423336029052734,
      28.128440856933594,
      27.620676040649414,
      37.231483459472656,
      34.786033630371094,
      58.521724700927734,
      53.938011169433594,
      63.21186447143555,
      57.91876220703125,
      29.501937866210938,
      33.60067367553711,
      4.814820766448975,
      5.166110515594482,
      1.6482834815979004,
      1.3812427520751953
    ],
    [
      19.294322967529297,
      9.900031089782715,
      15.928825378417969,
      15.37366008758545,
      27.557323455810547,
      29.432647705078125,
      37.16571807861328,
      34.17201232910156,
      53.938011169433594,
      56.29111862182617,
      63.06646728515625,
      58.28871536254883,
      28.02411460876465,
      31.879207611083984,
      4.635040760040283,
      4.969110488891602,
      1.6560475826263428,
      1.4180164337158203
    ],
    [
      34.32830810546875,
      26.736108779907227,
      20.36351776123047,
      20.352222442626953,
      35.70570373535156,
      40.61591720581055,
      44.98704147338867,
      42.01676559448242,
      63.21186447143555,
      63.06646728515625,
      96.43431091308594,
      87.48684692382812,
      38.19948196411133,
      43.31241226196289,
      7.8786492347717285,
      8.268647193908691,
      4.5799384117126465,
      4.233814239501953
    ],
    [
      33.320648193359375,
      25.89365577697754,
      19.71973419189453,
      19.50727081298828,
      34.487735748291016,
      38.39664840698242,
      41.96394729614258,
      39.90335464477539,
      57.91876220703125,
      58.28871536254883,
      87.48684692382812,
      84.20832061767578,
      36.31112289428711,
      41.249778747558594,
      7.3880720138549805,
      7.743326187133789,
      4.185143947601318,
      3.8754403591156006
    ],
    [
      14.24077320098877,
      10.939247131347656,
      6.384439468383789,
      5.6336870193481445,
      15.314659118652344,
      15.162459373474121,
      22.439170837402344,
      20.139198303222656,
      29.501937866210938,
      28.02411460876465,
      38.19948196411133,
      36.31112289428711,
      23.347434997558594,
      25.744781494140625,
      4.610119342803955,
      4.93675422668457,
      1.8370968103408813,
      1.6359065771102905
    ],
    [
      16.51114845275879,
      12.74980640411377,
      7.933320999145508,
      7.106771945953369,
      17.09369468688965,
      16.94601058959961,
      25.020841598510742,
      22.619136810302734,
      33.60067367553711,
      31.879207611083984,
      43.31241226196289,
      41.249778747558594,
      25.744781494140625,
      29.072452545166016,
      5.04896354675293,
      5.417454242706299,
      2.035407304763794,
      1.813435435295105
    ],
    [
      2.520415782928467,
      2.738863468170166,
      0.1589185893535614,
      0.1935916244983673,
      2.1089744567871094,
      2.0162577629089355,
      3.820344924926758,
      3.3193929195404053,
      4.814820766448975,
      4.635040760040283,
      7.8786492347717285,
      7.3880720138549805,
      4.610119342803955,
      5.04896354675293,
      1.5096409320831299,
      1.6172230243682861,
      0.6091859936714172,
      0.5571256875991821
    ],
    [
      2.640174150466919,
      2.863945722579956,
      0.007735281251370907,
      0.07232704758644104,
      2.0834665298461914,
      2.055418014526367,
      4.15983772277832,
      3.639594316482544,
      5.166110515594482,
      4.969110488891602,
      8.268647193908691,
      7.743326187133789,
      4.93675422668457,
      5.417454242706299,
      1.6172230243682861,
      1.7684543132781982,
      0.6268731951713562,
      0.5693065524101257
    ],
    [
      1.592980980873108,
      2.1937575340270996,
      0.6005160808563232,
      0.6856245398521423,
      1.3071181774139404,
      1.3197593688964844,
      1.4008983373641968,
      1.2209663391113281,
      1.6482834815979004,
      1.6560475826263428,
      4.5799384117126465,
      4.185143947601318,
      1.8370968103408813,
      2.035407304763794,
      0.6091859936714172,
      0.6268731951713562,
      0.4679650366306305,
      0.4445044994354248
    ],
    [
      1.5059763193130493,
      2.1286723613739014,
      0.6004694104194641,
      0.6814077496528625,
      1.1352596282958984,
      1.1714892387390137,
      1.1709959506988525,
      1.0303024053573608,
      1.3812427520751953,
      1.4180164337158203,
      4.233814239501953,
      3.8754403591156006,
      1.6359065771102905,
      1.813435435295105,
      0.5571256875991821,
      0.5693065524101257,
      0.4445044994354248,
      0.42775386571884155
    ]
  ],
  "covariance_short": [
    [
      50.354000091552734,
      25.11231803894043,
      21.3325138092041,
      21.059568405151367,
      9.854228973388672,
      12.346789360046387,
      15.813928604125977,
      14.12655258178711,
      20.915950775146484,
      21.437639236450195,
      36.11021041870117,
      34.70384216308594,
      14.619832038879395,
      16.48813247680664,
      2.6739883422851562,
      2.795147657394409,
      1.9273755550384521,
      1.8173857927322388
    ],
    [
      25.11231803894043,
      27.2661190032959,
      12.612591743469238,
      12.813228607177734,
      3.4761483669281006,
      4.513328552246094,
      7.739819049835205,
      7.082828044891357,
      9.54759407043457,
      9.772514343261719,
      23.061302185058594,
      21.884675979614258,
      9.43606948852539,
      10.679620742797852,
      2.26648211479187,
      2.381253242492676,
      1.856353521347046,
      1.784732460975647
    ],
    [
      21.3325138092041,
      12.612591743469238,
      64.60284423828125,
      50.27530288696289,
      14.514555931091309,
      12.021448135375977,
      14.463825225830078,
      12.571845054626465,
      19.290285110473633,
      19.673471450805664,
      26.27273941040039,
      24.4049072265625,
      8.042258262634277,
      9.263066291809082,
      0.666155993938446,
      0.5499021410942078,
      0.7732335329055786,
      0.7444080710411072
    ],
    [
      21.059568405151367,
      12.813228607177734,
      50.27530288696289,
      58.03965377807617,
      13.395853042602539,
      12.217853546142578,
      14.989888191223145,
      12.303827285766602,
      16.318391799926758,
      18.100011825561523,
      23.893308639526367,
      22.349998474121094,
      7.08119010925293,
      8.131941795349121,
      0.6000734567642212,
      0.5062777400016785,
      0.7870652079582214,
      0.7722724080085754
    ],
    [
      9.854228973388672,
      3.4761483669281006,
      14.514555931091309,
      13.395853042602539,
      39.531063079833984,
      31.86141586303711,
      23.800323486328125,
      22.693634033203125,
      28.379959106445312,
      27.099767684936523,
      34.587646484375,
      33.57155990600586,
      13.533466339111328,
      14.569997787475586,
      1.7482599020004272,
      1.637107014656067,
      1.2804142236709595,
      1.1207302808761597
    ],
    [
      12.346789360046387,
      4.513328552246094,
      12.021448135375977,
      12.217853546142578,
      31.86141586303711,
      42.78040313720703,
      22.799489974975586,
      21.805721282958984,
      26.690629959106445,
      28.593538284301758,
      38.75410461425781,
      36.85481643676758,
      13.023783683776855,
      13.84507942199707,
      1.5402175188064575,
      1.4857574701309204,
      1.23236882686615,
      1.1164796352386475
    ],
    [
      15.813928604125977,
      7.739819049835205,
      14.463825225830078,
      14.989888191223145,
      23.800323486328125,
      22.799489974975586,
      51.70481491088867,
      37.98471450805664,
      41.78046417236328,
      40.5235595703125,
      49.94767379760742,
      45.95005416870117,
      23.38893699645996,
      26.009319305419922,
      3.8176167011260986,
      4.090396881103516,
      1.7508783340454102,
      1.481108546257019
    ],
    [
      14.12655258178711,
      7.082828044891357,
      12.571845054626465,
      12.303827285766602,
      22.693634033203125,
      21.805721282958984,
      37.98471450805664,
      39.919761657714844,
      38.397979736328125,
      37.05510711669922,
      45.82563781738281,
      42.93575668334961,
      20.534774780273438,
      22.792573928833008,
      3.1888818740844727,
      3.4882168769836426,
      1.399056315422058,
      1.1969783306121826
    ],
    [
      20.915950775146484,
      9.54759407043457,
      19.290285110473633,
      16.318391799926758,
      28.379959106445312,
      26.690629959106445,
      41.78046417236328,
      38.397979736328125,
      65.19767761230469,
      58.21312713623047,
      65.45259094238281,
      59.44941711425781,
      28.66276741027832,
      32.263484954833984,
      4.3611836433410645,
      4.678954124450684,
      1.7390377521514893,
      1.4771575927734375
    ],
    [
      21.437639236450195,
      9.772514343261719,
      19.673471450805664,
      18.100011825561523,
      27.099767684936523,
      28.593538284301758,
      40.5235595703125,
      37.05510711669922,
      58.21312713623047,
      62.155670166015625,
      64.55078887939453,
      59.40716552734375,
      27.212730407714844,
      30.5435848236084,
      4.154716968536377,
      4.419012546539307,
      1.7140536308288574,
      1.4794057607650757
    ],
    [
      36.11021041870117,
      23.061302185058594,
      26.27273941040039,
      23.893308639526367,
      34.587646484375,
      38.75410461425781,
      49.94767379760742,
      45.82563781738281,
      65.45259094238281,
      64.55078887939453,
      98.09750366210938,
      87.76514434814453,
      36.450321197509766,
      40.62913513183594,
      7.079494953155518,
      7.398313999176025,
      4.5463128089904785,
      4.221276760101318
    ],
    [
      34.70384216308594,
      21.884675979614258,
      24.4049072265625,
      22.349998474121094,
      33.57155990600586,
      36.85481643676758,
      45.95005416870117,
      42.93575668334961,
      59.44941711425781,
      59.40716552734375,
      87.76514434814453,
      85.15460968017578,
      34.83186721801758,
      38.89683151245117,
      6.619881629943848,
      6.906621932983398,
      4.1767988204956055,
      3.8916914463043213
    ],
    [
      14.619832038879395,
      9.43606948852539,
      8.042258262634277,
      7.08119010925293,
      13.533466339111328,
      13.023783683776855,
      23.38893699645996,
      20.534774780273438,
      28.66276741027832,
      27.212730407714844,
      36.450321197509766,
      34.83186721801758,
      22.461679458618164,
      24.218229293823242,
      4.015613555908203,
      4.284310340881348,
      1.8114641904830933,
      1.6264113187789917
    ],
    [
      16.48813247680664,
      10.679620742797852,
      9.263066291809082,
      8.131941795349121,
      14.569997787475586,
      13.84507942199707,
      26.009319305419922,
      22.792573928833008,
      32.263484954833984,
      30.5435848236084,
      40.62913513183594,
      38.89683151245117,
      24.218229293823242,
      27.54894256591797,
      4.406003475189209,
      4.721838474273682,
      1.9800938367843628,
      1.772049903869629
    ],
    [
      2.6739883422851562,
      2.26648211479187,
      0.666155993938446,
      0.6000734567642212,
      1.7482599020004272,
      1.5402175188064575,
      3.8176167011260986,
      3.1888818740844727,
      4.3611836433410645,
      4.154716968536377,
      7.079494953155518,
      6.619881629943848,
      4.015613555908203,
      4.406003475189209,
      1.3937612771987915,
      1.437431812286377,
      0.6139048337936401,
      0.5614184141159058
    ],
    [
      2.795147657394409,
      2.381253242492676,
      0.5499021410942078,
      0.5062777400016785,
      1.637107014656067,
      1.4857574701309204,
      4.090396881103516,
      3.4882168769836426,
      4.678954124450684,
      4.419012546539307,
      7.398313999176025,
      6.906621932983398,
      4.284310340881348,
      4.721838474273682,
      1.437431812286377,
      1.6018229722976685,
      0.6278911232948303,
      0.5720618367195129
    ],
    [
      1.9273755550384521,
      1.856353521347046,
      0.7732335329055786,
      0.7870652079582214,
      1.2804142236709595,
      1.23236882686615,
      1.7508783340454102,
      1.399056315422058,
      1.7390377521514893,
      1.7140536308288574,
      4.5463128089904785,
      4.1767988204956055,
      1.8114641904830933,
      1.9800938367843628,
      0.6139048337936401,
      0.6278911232948303,
      0.5076789259910583,
      0.46437546610832214
    ],
    [
      1.8173857927322388,
      1.784732460975647,
      0.7444080710411072,
      0.7722724080085754,
      1.1207302808761597,
      1.1164796352386475,
      1.481108546257019,
      1.1969783306121826,
      1.4771575927734375,
      1.4794057607650757,
      4.221276760101318,
      3.8916914463043213,
      1.6264113187789917,
      1.772049903869629,
      0.5614184141159058,
      0.5720618367195129,
      0.46437546610832214,
      0.46145039796829224
    ]
  ],
  "drr": 9.16618537902832,
  "dynamics": 4.079319477081299,
  "format": 1245190,
  "frames": 8712192,
  "loudness": -18.639596939086914,
  "loudness_range": 11.636103630065918,
  "loudness_range_short": 13.443140029907227,
  "peak": -0.43396440148353577,
  "rms": -19.93656349182129,
  "sample_rate": 44100,
  "sections": 1,
  "seekable": 1,
  "sharpness": 2.2644848823547363,
  "space": -6.869621753692627
}