{
  "bands": [
    {
      "high_freq": 148.1999969482422,
      "loudness": -22.096050262451172,
      "loudness_range": 13.586872100830078,
      "mid_mean": -18.728229522705078,
      "mid_to_side_loudness": -14.408177375793457,
      "mid_to_side_loudness_range": 16.439247131347656,
      "side_mean": -33.28996658325195
    },
    {
      "high_freq": 392.3793640136719,
      "loudness": -20.090375900268555,
      "loudness_range": 11.2759370803833,
      "low_freq": 148.1999969482422,
      "mid_mean": -16.987815856933594,
      "mid_to_side_loudness": -9.011146545410156,
      "mid_to_side_loudness_range": 7.368556499481201,
      "side_mean": -25.988460540771484
    },
    {
      "high_freq": 794.6976318359375,
      "loudness": -22.297361373901367,
      "loudness_range": 14.363306045532227,
      "low_freq": 392.3793640136719,
      "mid_mean": -19.799179077148438,
      "mid_to_side_loudness": -5.534598350524902,
      "mid_to_side_loudness_range": 8.302233695983887,
      "side_mean": -25.512191772460938
    },
    {
      "high_freq": 1457.5709228515625,
      "loudness": -29.811431884765625,
      "loudness_range": 12.378690719604492,
      "low_freq": 794.6976318359375,
      "mid_mean": -27.49425506591797,
      "mid_to_side_loudness": -4.710171699523926,
      "mid_to_side_loudness_range": 7.291986465454102,
      "side_mean": -32.28744888305664
    },
    {
      "high_freq": 2549.74365234375,
      "loudness": -31.033920288085938,
      "loudness_range": 16.571561813354492,
      "low_freq": 1457.5709228515625,
      "mid_mean": -29.211395263671875,
      "mid_to_side_loudness": -3.1555063724517822,
      "mid_to_side_loudness_range": 6.231796741485596,
      "side_mean": -32.20165252685547
    },
    {
      "high_freq": 4349.24462890625,
      "loudness": -32.359683990478516,
      "loudness_range": 18.77695655822754,
      "low_freq": 2549.74365234375,
      "mid_mean": -30.301742553710938,
      "mid_to_side_loudness": -4.06103515625,
      "mid_to_side_loudness_range": 8.408411979675293,
      "side_mean": -34.36831283569336
    },
    {
      "high_freq": 7314.1640625,
      "loudness": -34.32185745239258,
      "loudness_range": 20.40349578857422,
      "low_freq": 4349.24462890625,
      "mid_mean": -31.572832107543945,
      "mid_to_side_loudness": -6.785313129425049,
      "mid_to_side_loudness_range": 7.912103176116943,
      "side_mean": -38.6124382019043
    },
    {
      "high_freq": 12199.2666015625,
      "loudness": -33.74645233154297,
      "loudness_range": 16.43173599243164,
      "low_freq": 7314.1640625,
      "mid_mean": -30.828163146972656,
      "mid_to_side_loudness": -7.266722679138184,
      "mid_to_side_loudness_range": 6.4984540939331055,
      "side_mean": -38.37620162963867
    },
    {
      "loudness": -37.278865814208984,
      "loudness_range": 15.579256057739258,
      "low_freq": 12199.2666015625,
      "mid_mean": -34.29475784301758,
      "mid_to_side_loudness": -7.823893070220947,
      "mid_to_side_loudness_range": 6.439296722412109,
      "side_mean": -42.493309020996094
    }
  ],
  "bands_short": [
    {
      "high_freq": 148.1999969482422,
      "loudness": -25.703359603881836,
      "loudness_range": 19.464603424072266,
      "mid_mean": -22.3809814453125,
      "mid_to_side_loudness": -15.566073417663574,
      "mid_to_side_loudness_range": 22.04722785949707,
      "side_mean": -38.23908996582031
    },
    {
      "high_freq": 392.3793640136719,
      "loudness": -19.671722412109375,
      "loudness_range": 12.200604438781738,
      "low_freq": 148.1999969482422,
      "mid_mean": -16.568410873413086,
      "mid_to_side_loudness": -9.275656700134277,
      "mid_to_side_loudness_range": 9.136625289916992,
      "side_mean": -25.980552673339844
    },
    {
      "high_freq": 794.6976318359375,
      "loudness": -22.560976028442383,
      "loudness_range": 15.492716789245605,
      "low_freq": 392.3793640136719,
      "mid_mean": -20.06532096862793,
      "mid_to_side_loudness": -5.864511966705322,
      "mid_to_side_loudness_range": 10.560104370117188,
      "side_mean": -26.177839279174805
    },
    {
      "high_freq": 1457.5709228515625,
      "loudness": -29.790016174316406,
      "loudness_range": 15.280075073242188,
      "low_freq": 794.6976318359375,
      "mid_mean": -27.71013832092285,
      "mid_to_side_loudness": -4.393853187561035,
      "mid_to_side_loudness_range": 10.067045211791992,
      "side_mean": -32.17473602294922
    },
    {
      "high_freq": 2549.74365234375,
      "loudness": -31.724292755126953,
      "loudness_range": 18.897558212280273,
      "low_freq": 1457.5709228515625,
      "mid_mean": -30.08843231201172,
      "mid_to_side_loudness": -2.941545248031616,
      "mid_to_side_loudness_range": 8.4901762008667,
      "side_mean": -32.83027648925781
    },
    {
      "high_freq": 4349.24462890625,
      "loudness": -33.232460021972656,
      "loudness_range": 21.830825805664062,
      "low_freq": 2549.74365234375,
      "mid_mean": -31.383203506469727,
      "mid_to_side_loudness": -3.727285861968994,
      "mid_to_side_loudness_range": 9.201895713806152,
      "side_mean": -34.935508728027344
    },
    {
      "high_freq": 7314.1640625,
      "loudness": -36.29278564453125,
      "loudness_range": 24.204444885253906,
      "low_freq": 4349.24462890625,
      "mid_mean": -33.8514289855957,
      "mid_to_side_loudness": -5.944515228271484,
      "mid_to_side_loudness_range": 9.193159103393555,
      "side_mean": -40.056846618652344
    },
    {
      "high_freq": 12199.2666015625,
      "loudness": -37.5324821472168,
      "loudness_range": 25.81212615966797,
      "low_freq": 7314.1640625,
      "mid_mean": -34.89957809448242,
      "mid_to_side_loudness": -6.638644218444824,
      "mid_to_side_loudness_range": 7.805078506469727,
      "side_mean": -41.88167953491211
    },
    {
      "loudness": -43.2496452331543,
      "loudness_range": 29.425411224365234,
      "low_freq": 12199.2666015625,
      "mid_mean": -40.77265930175781,
      "mid_to_side_loudness": -6.329905033111572,
      "mid_to_side_loudness_range": 8.279608726501465,
      "side_mean": -48.140830993652344
    }
  ],
  "channels": 2,
  "covariance": [
    [
      30.085222244262695,
      14.568855285644531,
      10.345048904418945,
      9.407832145690918,
      10.893562316894531,
      13.744966506958008,
      10.171600341796875,
      13.394852638244629,
      13.002806663513184,
      14.346391677856445,
      11.206208229064941,
      14.625330924987793,
      2.7277615070343018,
      6.604371070861816,
      7.416625499725342,
      9.31436538696289,
      9.32275676727295,
      9.327253341674805
    ],
    [
      14.568855285644531,
      28.682998657226562,
      3.6255781650543213,
      3.5654447078704834,
      5.2779669761657715,
      6.834525108337402,
      4.010985374450684,
      5.65164852142334,
      5.551539421081543,
      6.76296329498291,
      3.7870407104492188,
      5.682412147521973,
      4.682572364807129,
      5.4596171379089355,
      3.299551010131836,
      4.246065616607666,
      2.045433759689331,
      2.6221842765808105
    ],
    [
      10.345048904418945,
      3.6255781650543213,
      20.08665657043457,
      16.481931686401367,
      14.533629417419434,
      15.06013011932373,
      12.40334415435791,
      15.514219284057617,
      17.696651458740234,
      19.11318016052246,
      17.59010887145996,
      19.939189910888672,
      9.591324806213379,
      14.375052452087402,
      12.698140144348145,
      14.217318534851074,
      12.862836837768555,
      12.447813987731934
    ],
    [
      9.407832145690918,
      3.5654447078704834,
      16.481931686401367,
      20.086029052734375,
      14.033016204833984,
      15.1392183303833,
      11.674468994140625,
      15.447185516357422,
      16.80284881591797,
      18.566932678222656,
      16.62055015563965,
      19.687969207763672,
      8.359638214111328,
      13.053237915039062,
      11.056920051574707,
      12.759940147399902,
      11.237455368041992,
      11.012714385986328
    ],
    [
      10.893562316894531,
      5.2779669761657715,
      14.533629417419434,
      14.033016204833984,
      29.80214500427246,
      27.18974494934082,
      20.103734970092773,
      23.400787353515625,
      26.22707176208496,
      28.700756072998047,
      27.311687469482422,
      32.07685852050781,
      19.761070251464844,
      25.92037582397461,
      16.04336929321289,
      18.38279914855957,
      14.53290843963623,
      15.197941780090332
    ],
    [
      13.744966506958008,
      6.834525108337402,
      15.06013011932373,
      15.1392183303833,
      27.18974494934082,
      33.84444046020508,
      21.861434936523438,
      27.311080932617188,
      28.571317672729492,
      31.648696899414062,
      28.874797821044922,
      35.137176513671875,
      18.162153244018555,
      24.723342895507812,
      17.458114624023438,
      19.515993118286133,
      16.434404373168945,
      15.949686050415039
    ],
    [
      10.171600341796875,
      4.010985374450684,
      12.40334415435791,
      11.674468994140625,
      20.103734970092773,
      21.861434936523438,
      25.259275436401367,
      25.96284294128418,
      25.942523956298828,
      26.41822624206543,
      27.01382827758789,
      29.931129455566406,
      18.867626190185547,
      23.054092407226562,
      18.90019416809082,
      19.40949249267578,
      17.657302856445312,
      17.385778427124023
    ],
    [
      13.394852638244629,
      5.65164852142334,
      15.514219284057617,
      15.447185516357422,
      23.400787353515625,
      27.311080932617188,
      25.96284294128418,
      34.262020111083984,
      30.383159637451172,
      33.392311096191406,
      30.831111907958984,
      37.146209716796875,
      18.572473526000977,
      25.569406509399414,
      20.095251083374023,
      21.431385040283203,
      19.3612117767334,
      18.643198013305664
    ],
    [
      13.002806663513184,
      5.551539421081543,
      17.696651458740234,
      16.80284881591797,
      26.22707176208496,
      28.571317672729492,
      25.942523956298828,
      30.383159637451172,
      38.52911376953125,
      37.62059020996094,
      36.381561279296875,
      41.185638427734375,
      24.17426872253418,
      29.630496978759766,
      24.202774047851562,
      25.44390106201172,
      22.197542190551758,
      21.482404708862305
    ],
    [
      14.346391677856445,
      6.76296329498291,
      19.11318016052246,
      18.566932678222656,
      28.700756072998047,
      31.648696899414062,
      26.41822624206543,
      33.392311096191406,
      37.62059020996094,
      44.39583206176758,
      36.65583801269531,
      46.29534149169922,
      24.871843338012695,
      33.1077766418457,
      23.442073822021484,
      25.656309127807617,
      22.05146026611328,
      21.382932662963867
    ],
    [
      11.206208229064941,
      3.7870407104492188,
      17.59010887145996,
      16.62055015563965,
      27.311687469482422,
      28.874797821044922,
      27.01382827758789,
      30.831111907958984,
      36.381561279296875,
      36.65583801269531,
      44.004154205322266,
      44.777679443359375,
      27.2873592376709,
      32.983150482177734,
      26.986297607421875,
      28.15422248840332,
      23.38298225402832,
      22.96424674987793
    ],
    [
      14.625330924987793,
      5.682412147521973,
      19.939189910888672,
      19.687969207763672,
      32.07685852050781,
      35.137176513671875,
      29.931129455566406,
      37.146209716796875,
      41.185638427734375,
      46.29534149169922,
      44.777679443359375,
      56.62366485595703,
      31.95645523071289,
      41.421504974365234,
      28.206315994262695,
      31.068828582763672,
      25.048065185546875,
      24.64634895324707
    ],
    [
      2.7277615070343018,
      4.682572364807129,
      9.591324806213379,
      8.359638214111328,
      19.761070251464844,
      18.162153244018555,
      18.867626190185547,
      18.572473526000977,
      24.17426872253418,
      24.871843338012695,
      27.2873592376709,
      31.95645523071289,
      50.75703430175781,
      46.39912033081055,
      27.382898330688477,
      28.663551330566406,
      22.31257438659668,
      23.193925857543945
    ],
    [
      6.604371070861816,
      5.4596171379089355,
      14.375052452087402,
      13.053237915039062,
      25.92037582397461,
      24.723342895507812,
      23.054092407226562,
      25.569406509399414,
      29.630496978759766,
      33.1077766418457,
      32.983150482177734,
      41.421504974365234,
      46.39912033081055,
      52.39467239379883,
      26.394245147705078,
      30.344663619995117,
      20.772409439086914,
      22.997854232788086
    ],
    [
      7.416625499725342,
      3.299551010131836,
      12.698140144348145,
      11.056920051574707,
      16.04336929321289,
      17.458114624023438,
      18.90019416809082,
      20.095251083374023,
      24.202774047851562,
      23.442073822021484,
      26.986297607421875,
      28.206315994262695,
      27.382898330688477,
      26.394245147705078,
      33.606998443603516,
      31.1192569732666,
      30.706453323364258,
      27.96573257446289
    ],
    [
      9.31436538696289,
      4.246065616607666,
      14.217318534851074,
      12.759940147399902,
      18.38279914855957,
      19.515993118286133,
      19.40949249267578,
      21.431385040283203,
      25.44390106201172,
      25.656309127807617,
      28.15422248840332,
      31.068828582763672,
      28.663551330566406,
      30.344663619995117,
      31.1192569732666,
      34.74485778808594,
      27.935598373413086,
      28.656282424926758
    ],
    [
      9.32275676727295,
      2.045433759689331,
      12.862836837768555,
      11.237455368041992,
      14.53290843963623,
      16.434404373168945,
      17.657302856445312,
      19.3612117767334,
      22.197542190551758,
      22.05146026611328,
      23.38298225402832,
      25.048065185546875,
      22.31257438659668,
      20.772409439086914,
      30.706453323364258,
      27.935598373413086,
      37.45456314086914,
      30.64925765991211
    ],
    [
      9.327253341674805,
      2.6221842765808105,
      12.447813987731934,
      11.012714385986328,
      15.197941780090332,
      15.949686050415039,
      17.385778427124023,
      18.643198013305664,
      21.482404708862305,
      21.382932662963867,
      22.96424674987793,
      24.64634895324707,
      23.193925857543945,
      22.997854232788086,
      27.96573257446289,
      28.656282424926758,
      30.64925765991211,
      31.322608947753906
    ]
  ],
  "covariance_short": [
    [
      52.07591247558594,
      20.590192794799805,
      14.016844749450684,
      11.377463340759277,
      11.220600128173828,
      13.837949752807617,
      9.379274368286133,
      13.13582706451416,
      13.137636184692383,
      14.520772933959961,
      11.823384284973145,
      14.012449264526367,
      4.916136741638184,
      8.410762786865234,
      10.120743751525879,
      12.60589599609375,
      14.452716827392578,
      22.457231521606445
    ],
    [
      20.590192794799805,
      48.72056579589844,
      6.633613109588623,
      8.422201156616211,
      7.161770343780518,
      7.750162601470947,
      6.087003707885742,
      7.509917259216309,
      7.846076965332031,
      8.747065544128418,
      7.322691917419434,
      7.78861665725708,
      8.943782806396484,
      9.374122619628906,
      9.582807540893555,
      9.874744415283203,
      9.365067481994629,
      14.792901039123535
    ],
    [
      14.016844749450684,
      6.633613109588623,
      22.577943801879883,
      17.13619041442871,
      15.142340660095215,
      15.02779769897461,
      13.046699523925781,
      15.7667875289917,
      18.28603744506836,
      18.916332244873047,
      19.074357986450195,
      20.578752517700195,
      11.602327346801758,
      15.475305557250977,
      14.805258750915527,
      17.97421646118164,
      17.015403747558594,
      20.4368953704834
    ],
    [
      11.377463340759277,
      8.422201156616211,
      17.13619041442871,
      24.03572654724121,
      16.006277084350586,
      17.079139709472656,
      13.99785041809082,
      17.502906799316406,
      19.05867576599121,
      20.259374618530273,
      19.66322898864746,
      21.637331008911133,
      10.839340209960938,
      16.1863956451416,
      12.922649383544922,
      16.475717544555664,
      14.273405075073242,
      19.278671264648438
    ],
    [
      11.220600128173828,
      7.161770343780518,
      15.142340660095215,
      16.006277084350586,
      33.58076477050781,
      28.662431716918945,
      22.115711212158203,
      24.371309280395508,
      29.037269592285156,
      30.300138473510742,
      30.45155143737793,
      33.50326919555664,
      23.032350540161133,
      29.599720001220703,
      19.817962646484375,
      24.75335693359375,
      18.809507369995117,
      26.42287826538086
    ],
    [
      13.837949752807617,
      7.750162601470947,
      15.02779769897461,
      17.079139709472656,
      28.662431716918945,
      38.99730682373047,
      23.17096519470215,
      27.51603889465332,
      31.364151000976562,
      33.4733772277832,
      32.118412017822266,
      36.52565383911133,
      20.64203453063965,
      27.88313865661621,
      20.08066177368164,
      25.109174728393555,
      18.86848258972168,
      28.146623611450195
    ],
    [
      9.379274368286133,
      6.087003707885742,
      13.046699523925781,
      13.99785041809082,
      22.115711212158203,
      23.17096519470215,
      34.436553955078125,
      29.76527214050293,
      32.64167785644531,
      30.87948989868164,
      34.830284118652344,
      34.94737243652344,
      27.081016540527344,
      31.511228561401367,
      28.771793365478516,
      31.419963836669922,
      27.590951919555664,
      33.56624984741211
    ],
    [
      13.13582706451416,
      7.509917259216309,
      15.7667875289917,
      17.502906799316406,
      24.371309280395508,
      27.51603889465332,
      29.76527214050293,
      39.977622985839844,
      34.53672409057617,
      36.26387405395508,
      36.230289459228516,
      40.2262077331543,
      22.71402931213379,
      30.899168014526367,
      25.793716430664062,
      30.130340576171875,
      25.498613357543945,
      33.39265441894531
    ],
    [
      13.137636184692383,
      7.846076965332031,
      18.28603744506836,
      19.05867576599121,
      29.037269592285156,
      31.364151000976562,
      32.64167785644531,
      34.53672409057617,
      48.97027587890625,
      43.467529296875,
      45.77458190917969,
      47.59831619262695,
      33.14870834350586,
      39.25093460083008,
      34.58674621582031,
      38.67408752441406,
      33.642154693603516,
      41.74954605102539
    ],
    [
      14.520772933959961,
      8.747065544128418,
      18.916332244873047,
      20.259374618530273,
      30.300138473510742,
      33.4733772277832,
      30.87948989868164,
      36.26387405395508,
      43.467529296875,
      50.33304214477539,
      43.37644577026367,
      50.7299919128418,
      31.021352767944336,
      40.08721160888672,
      30.64676284790039,
      36.26288604736328,
      30.064712524414062,
      39.07225799560547
    ],
    [
      11.823384284973145,
      7.322691917419434,
      19.074357986450195,
      19.66322898864746,
      30.45155143737793,
      32.118412017822266,
      34.830284118652344,
      36.230289459228516,
      45.77458190917969,
      43.37644577026367,
      57.805931091308594,
      54.17936325073242,
      39.17161178588867,
      45.58249282836914,
      40.8924560546875,
      45.64163589477539,
      39.00537872314453,
      46.93764114379883
    ],
    [
      14.012449264526367,
      7.78861665725708,
      20.578752517700195,
      21.637331008911133,
      33.50326919555664,
      36.52565383911133,
      34.94737243652344,
      40.2262077331543,
      47.59831619262695,
      50.7299919128418,
      54.17936325073242,
      65.7575454711914,
      39.847755432128906,
      50.09617233276367,
      38.63536071777344,
      45.51631546020508,
      36.118568420410156,
      45.978546142578125
    ],
    [
      4.916136741638184,
      8.943782806396484,
      11.602327346801758,
      10.839340209960938,
      23.032350540161133,
      20.64203453063965,
      27.081016540527344,
      22.71402931213379,
      33.14870834350586,
      31.021352767944336,
      39.17161178588867,
      39.847755432128906,
      74.37960052490234,
      64.69856262207031,
      55.742835998535156,
      56.122398376464844,
      48.30580139160156,
      49.83981704711914
    ],
    [
      8.410762786865234,
      9.374122619628906,
      15.475305557250977,
      16.1863956451416,
      29.599720001220703,
      27.88313865661621,
      31.511228561401367,
      30.899168014526367,
      39.25093460083008,
      40.08721160888672,
      45.58249282836914,
      50.09617233276367,
      64.69856262207031,
      71.71536254882812,
      49.785369873046875,
      55.91453552246094,
      42.69035720825195,
      50.0919189453125
    ],
    [
      10.120743751525879,
      9.582807540893555,
      14.805258750915527,
      12.922649383544922,
      19.817962646484375,
      20.08066177368164,
      28.771793365478516,
      25.793716430664062,
      34.58674621582031,
      30.64676284790039,
      40.8924560546875,
      38.63536071777344,
      55.742835998535156,
      49.785369873046875,
      80.45826721191406,
      72.53372955322266,
      79.50572967529297,
      71.08785247802734
    ],
    [
      12.60589599609375,
      9.874744415283203,
      17.97421646118164,
      16.475717544555664,
      24.75335693359375,
      25.109174728393555,
      31.419963836669922,
      30.130340576171875,
      38.67408752441406,
      36.26288604736328,
      45.64163589477539,
      45.51631546020508,
      56.122398376464844,
      55.91453552246094,
      72.53372955322266,
      77.51690673828125,
      72.9071044921875,
      72.06987762451172
    ],
    [
      14.452716827392578,
      9.365067481994629,
      17.015403747558594,
      14.273405075073242,
      18.809507369995117,
      18.86848258972168,
      27.590951919555664,
      25.498613357543945,
      33.642154693603516,
      30.064712524414062,
      39.00537872314453,
      36.118568420410156,
      48.30580139160156,
      42.69035720825195,
      79.50572967529297,
      72.9071044921875,
      106.01042175292969,
      88.18519592285156
    ],
    [
      22.457231521606445,
      14.792901039123535,
      20.4368953704834,
      19.278671264648438,
      26.42287826538086,
      28.146623611450195,
      33.56624984741211,
      33.39265441894531,
      41.74954605102539,
      39.07225799560547,
      46.93764114379883,
      45.978546142578125,
      49.83981704711914,
      50.0919189453125,
      71.08785247802734,
      72.06987762451172,
      88.18519592285156,
      93.82637023925781
    ]
  ],
  "drr": 10.992042541503906,
  "dynamics": 3.394483804702759,
  "format": 1245190,
  "frames": 13613056,
  "loudness": -11.690860748291016,
  "loudness_range": 8.720787048339844,
  "loudness_range_short": 11.32716178894043,
  "peak": 0.07397885620594025,
  "rms": -13.090336799621582,
  "sample_rate": 44100,
  "sections": 1,
  "seekable": 1,
  "sharpness": 2.4304792881011963,
  "space": -7.875195026397705
}