{
  "bands": [
    {
      "high_freq": 148.1999969482422,
      "loudness": -15.821545600891113,
      "loudness_range": 8.171156883239746,
      "mid_mean": -13.983741760253906,
      "mid_to_side_loudness": -4.357105255126953,
      "mid_to_side_loudness_range": 15.239213943481445,
      "side_mean": -18.34899139404297
    },
    {
      "high_freq": 392.3793640136719,
      "loudness": -18.60593605041504,
      "loudness_range": 6.243833541870117,
      "low_freq": 148.1999969482422,
      "mid_mean": -16.84056282043457,
      "mid_to_side_loudness": -3.867391586303711,
      "mid_to_side_loudness_range": 13.433979034423828,
      "side_mean": -20.724319458007812
    },
    {
      "high_freq": 794.6976318359375,
      "loudness": -18.382471084594727,
      "loudness_range": 7.537723541259766,
      "low_freq": 392.3793640136719,
      "mid_mean": -16.379907608032227,
      "mid_to_side_loudness": -4.388761043548584,
      "mid_to_side_loudness_range": 11.969362258911133,
      "side_mean": -20.76918601989746
    },
    {
      "high_freq": 1457.5709228515625,
      "loudness": -16.19293975830078,
      "loudness_range": 9.787776947021484,
      "low_freq": 794.6976318359375,
      "mid_mean": -14.202580451965332,
      "mid_to_side_loudness": -4.400679111480713,
      "mid_to_side_loudness_range": 11.695232391357422,
      "side_mean": -18.621505737304688
    },
    {
      "high_freq": 2549.74365234375,
      "loudness": -17.976139068603516,
      "loudness_range": 7.682417869567871,
      "low_freq": 1457.5709228515625,
      "mid_mean": -16.160600662231445,
      "mid_to_side_loudness": -3.5149316787719727,
      "mid_to_side_loudness_range": 9.9962739944458,
      "side_mean": -19.714969635009766
    },
    {
      "high_freq": 4349.24462890625,
      "loudness": -18.183000564575195,
      "loudness_range": 9.175743103027344,
      "low_freq": 2549.74365234375,
      "mid_mean": -15.829733848571777,
      "mid_to_side_loudness": -5.6331787109375,
      "mid_to_side_loudness_range": 12.226743698120117,
      "side_mean": -21.4920597076416
    },
    {
      "high_freq": 7314.1640625,
      "loudness": -20.308340072631836,
      "loudness_range": 8.060352325439453,
      "low_freq": 4349.24462890625,
      "mid_mean": -17.444625854492188,
      "mid_to_side_loudness": -7.894266605377197,
      "mid_to_side_loudness_range": 12.172411918640137,
      "side_mean": -25.36802864074707
    },
    {
      "high_freq": 12199.2666015625,
      "loudness": -21.489070892333984,
      "loudness_range": 9.095611572265625,
      "low_freq": 7314.1640625,
      "mid_mean": -18.789220809936523,
      "mid_to_side_loudness": -6.660372257232666,
      "mid_to_side_loudness_range": 8.91409969329834,
      "side_mean": -25.4691219329834
    },
    {
      "loudness": -27.216779708862305,
      "loudness_range": 8.755863189697266,
      "low_freq": 12199.2666015625,
      "mid_mean": -24.84451675415039,
      "mid_to_side_loudness": -5.131834506988525,
      "mid_to_side_loudness_range": 8.016033172607422,
      "side_mean": -29.978168487548828
    }
  ],
  "bands_short": [
    {
      "high_freq": 148.1999969482422,
      "loudness": -18.17764663696289,
      "loudness_range": 16.26233673095703,
      "mid_mean": -17.154783248901367,
      "mid_to_side_loudness": -2.8526790142059326,
      "mid_to_side_loudness_range": 21.754377365112305,
      "side_mean": -20.674331665039062
    },
    {
      "high_freq": 392.3793640136719,
      "loudness": -18.021413803100586,
      "loudness_range": 10.499732971191406,
      "low_freq": 148.1999969482422,
      "mid_mean": -16.672855377197266,
      "mid_to_side_loudness": -3.128434658050537,
      "mid_to_side_loudness_range": 15.916398048400879,
      "side_mean": -19.871700286865234
    },
    {
      "high_freq": 794.6976318359375,
      "loudness": -19.420732498168945,
      "loudness_range": 10.40153980255127,
      "low_freq": 392.3793640136719,
      "mid_mean": -17.619604110717773,
      "mid_to_side_loudness": -4.224425315856934,
      "mid_to_side_loudness_range": 14.131850242614746,
      "side_mean": -21.83969497680664
    },
    {
      "high_freq": 1457.5709228515625,
      "loudness": -16.707130432128906,
      "loudness_range": 13.095008850097656,
      "low_freq": 794.6976318359375,
      "mid_mean": -14.846409797668457,
      "mid_to_side_loudness": -4.333542823791504,
      "mid_to_side_loudness_range": 13.594810485839844,
      "side_mean": -19.196611404418945
    },
    {
      "high_freq": 2549.74365234375,
      "loudness": -18.741119384765625,
      "loudness_range": 10.958178520202637,
      "low_freq": 1457.5709228515625,
      "mid_mean": -17.0593318939209,
      "mid_to_side_loudness": -3.413773775100708,
      "mid_to_side_loudness_range": 11.642714500427246,
      "side_mean": -20.53096580505371
    },
    {
      "high_freq": 4349.24462890625,
      "loudness": -18.878828048706055,
      "loudness_range": 11.841692924499512,
      "low_freq": 2549.74365234375,
      "mid_mean": -16.69258689880371,
      "mid_to_side_loudness": -5.3353047370910645,
      "mid_to_side_loudness_range": 13.330314636230469,
      "side_mean": -22.051170349121094
    },
    {
      "high_freq": 7314.1640625,
      "loudness": -21.602100372314453,
      "loudness_range": 13.444503784179688,
      "low_freq": 4349.24462890625,
      "mid_mean": -18.97519302368164,
      "mid_to_side_loudness": -7.134946346282959,
      "mid_to_side_loudness_range": 13.904410362243652,
      "side_mean": -26.13197898864746
    },
    {
      "high_freq": 12199.2666015625,
      "loudness": -23.329143524169922,
      "loudness_range": 15.782503128051758,
      "low_freq": 7314.1640625,
      "mid_mean": -20.842214584350586,
      "mid_to_side_loudness": -6.256224632263184,
      "mid_to_side_loudness_range": 12.65018081665039,
      "side_mean": -27.09156608581543
    },
    {
      "loudness": -29.562454223632812,
      "loudness_range": 17.16739273071289,
      "low_freq": 12199.2666015625,
      "mid_mean": -27.4625244140625,
      "mid_to_side_loudness": -4.649876594543457,
      "mid_to_side_loudness_range": 11.189093589782715,
      "side_mean": -32.08680725097656
    }
  ],
  "channels": 2,
  "covariance": [
    [
      16.6827392578125,
      6.917814254760742,
      4.818793296813965,
      0.27714458107948303,
      -2.014007091522217,
      -0.6461330652236938,
      -3.1942505836486816,
      -1.4034277200698853,
      -2.5958569049835205,
      -0.6866917014122009,
      -1.534080982208252,
      0.7392775416374207,
      -0.2770719528198242,
      0.32651790976524353,
      -1.1572694778442383,
      0.06850659847259521,
      -0.7085605263710022,
      0.7862281203269958
    ],
    [
      6.917814254760742,
      24.06052017211914,
      1.2768054008483887,
      7.390085220336914,
      -2.0917880535125732,
      5.060834884643555,
      -1.5655386447906494,
      5.688155174255371,
      -2.8931872844696045,
      4.6414031982421875,
      -2.3030292987823486,
      6.599261283874512,
      0.4310675859451294,
      6.169538497924805,
      0.7160367965698242,
      5.082244396209717,
      0.2193634808063507,
      5.49785041809082
    ],
    [
      4.818793296813965,
      1.2768054008483887,
      8.564653396606445,
      1.513822078704834,
      0.5913102030754089,
      -0.05454772710800171,
      -1.47151780128479,
      -1.1618051528930664,
      0.33989110589027405,
      0.32209542393684387,
      1.1733113527297974,
      1.413238286972046,
      2.141997814178467,
      1.223482370376587,
      1.045428991317749,
      1.1167304515838623,
      0.9295237064361572,
      1.7488582134246826
    ],
    [
      0.27714458107948303,
      7.390085220336914,
      1.513822078704834,
      16.9134464263916,
      2.018845796585083,
      13.696965217590332,
      2.71462082862854,
      13.691807746887207,
      2.9073615074157715,
      12.27060317993164,
      3.8316876888275146,
      15.485227584838867,
      3.2673306465148926,
      13.015588760375977,
      4.216712951660156,
      11.216477394104004,
      2.6909923553466797,
      10.181827545166016
    ],
    [
      -2.014007091522217,
      -2.0917880535125732,
      0.5913102030754089,
      2.018845796585083,
      8.33210563659668,
      4.880765438079834,
      5.0110273361206055,
      3.749727725982666,
      2.798326015472412,
      2.709088087081909,
      4.331570148468018,
      4.0555901527404785,
      2.556689977645874,
      2.727479934692383,
      2.69150972366333,
      3.0533077716827393,
      1.909448504447937,
      2.907418966293335
    ],
    [
      -0.6461330652236938,
      5.060834884643555,
      -0.05454772710800171,
      13.696965217590332,
      4.880765438079834,
      19.778085708618164,
      5.506857872009277,
      17.065082550048828,
      3.6791868209838867,
      14.06872272491455,
      5.20054292678833,
      17.984920501708984,
      3.717822313308716,
      14.762941360473633,
      5.170241355895996,
      13.165732383728027,
      3.3731062412261963,
      11.423806190490723
    ],
    [
      -3.1942505836486816,
      -1.5655386447906494,
      -1.47151780128479,
      2.71462082862854,
      5.0110273361206055,
      5.506857872009277,
      13.949690818786621,
      8.891255378723145,
      4.334033966064453,
      4.527588367462158,
      3.8067784309387207,
      4.5946784019470215,
      1.0070409774780273,
      3.7338762283325195,
      1.418519377708435,
      3.1106226444244385,
      0.5154812335968018,
      2.616586446762085
    ],
    [
      -1.4034277200698853,
      5.688155174255371,
      -1.1618051528930664,
      13.691807746887207,
      3.749727725982666,
      17.065082550048828,
      8.891255378723145,
      22.626413345336914,
      4.876893997192383,
      16.343046188354492,
      4.719032287597656,
      18.573911666870117,
      3.0135912895202637,
      15.362793922424316,
      4.35708475112915,
      12.813395500183105,
      2.7065200805664062,
      11.143858909606934
    ],
    [
      -2.5958569049835205,
      -2.8931872844696045,
      0.33989110589027405,
      2.9073615074157715,
      2.798326015472412,
      3.6791868209838867,
      4.334033966064453,
      4.876893997192383,
      8.242918014526367,
      5.815101146697998,
      5.4873762130737305,
      5.416530132293701,
      3.4556186199188232,
      4.0304670333862305,
      3.2759058475494385,
      3.6613683700561523,
      2.728487730026245,
      3.6359758377075195
    ],
    [
      -0.6866917014122009,
      4.6414031982421875,
      0.32209542393684387,
      12.27060317993164,
      2.709088087081909,
      14.06872272491455,
      4.527588367462158,
      16.343046188354492,
      5.815101146697998,
      17.170209884643555,
      5.803225040435791,
      18.144573211669922,
      4.622991561889648,
      14.819676399230957,
      5.596400737762451,
      12.57447624206543,
      4.218771934509277,
      11.37255573272705
    ],
    [
      -1.534080982208252,
      -2.3030292987823486,
      1.1733113527297974,
      3.8316876888275146,
      4.331570148468018,
      5.20054292678833,
      3.8067784309387207,
      4.719032287597656,
      5.4873762130737305,
      5.803225040435791,
      10.84283447265625,
      9.055133819580078,
      6.411243915557861,
      6.659875392913818,
      5.680746078491211,
      5.660269260406494,
      4.0469255447387695,
      5.3777852058410645
    ],
    [
      0.7392775416374207,
      6.599261283874512,
      1.413238286972046,
      15.485227584838867,
      4.0555901527404785,
      17.984920501708984,
      4.5946784019470215,
      18.573911666870117,
      5.416530132293701,
      18.144573211669922,
      9.055133819580078,
      24.935853958129883,
      6.879485607147217,
      19.645736694335938,
      8.01423168182373,
      16.698776245117188,
      5.810192584991455,
      14.9694242477417
    ],
    [
      -0.2770719528198242,
      0.4310675859451294,
      2.141997814178467,
      3.2673306465148926,
      2.556689977645874,
      3.717822313308716,
      1.0070409774780273,
      3.0135912895202637,
      3.4556186199188232,
      4.622991561889648,
      6.411243915557861,
      6.879485607147217,
      10.312409400939941,
      7.321254730224609,
      9.778444290161133,
      7.100456237792969,
      8.549765586853027,
      7.635324954986572
    ],
    [
      0.32651790976524353,
      6.169538497924805,
      1.223482370376587,
      13.015588760375977,
      2.727479934692383,
      14.762941360473633,
      3.7338762283325195,
      15.362793922424316,
      4.0304670333862305,
      14.819676399230957,
      6.659875392913818,
      19.645736694335938,
      7.321254730224609,
      18.094165802001953,
      8.354214668273926,
      15.536728858947754,
      6.577642917633057,
      14.010181427001953
    ],
    [
      -1.1572694778442383,
      0.7160367965698242,
      1.045428991317749,
      4.216712951660156,
      2.69150972366333,
      5.170241355895996,
      1.418519377708435,
      4.35708475112915,
      3.2759058475494385,
      5.596400737762451,
      5.680746078491211,
      8.01423168182373,
      9.778444290161133,
      8.354214668273926,
      12.192456245422363,
      9.63127326965332,
      10.864541053771973,
      9.885688781738281
    ],
    [
      0.06850659847259521,
      5.082244396209717,
      1.1167304515838623,
      11.216477394104004,
      3.0533077716827393,
      13.165732383728027,
      3.1106226444244385,
      12.813395500183105,
      3.6613683700561523,
      12.57447624206543,
      5.660269260406494,
      16.698776245117188,
      7.100456237792969,
      15.536728858947754,
      9.63127326965332,
      16.999624252319336,
      8.929669380187988,
      16.44391441345215
    ],
    [
      -0.7085605263710022,
      0.2193634808063507,
      0.9295237064361572,
      2.6909923553466797,
      1.909448504447937,
      3.3731062412261963,
      0.5154812335968018,
      2.7065200805664062,
      2.728487730026245,
      4.218771934509277,
      4.0469255447387695,
      5.810192584991455,
      8.549765586853027,
      6.577642917633057,
      10.864541053771973,
      8.929669380187988,
      11.866107940673828,
      10.331178665161133
    ],
    [
      0.7862281203269958,
      5.49785041809082,
      1.7488582134246826,
      10.181827545166016,
      2.907418966293335,
      11.423806190490723,
      2.616586446762085,
      11.143858909606934,
      3.6359758377075195,
      11.37255573272705,
      5.3777852058410645,
      14.9694242477417,
      7.635324954986572,
      14.010181427001953,
      9.885688781738281,
      16.44391441345215,
      10.331178665161133,
      18.027498245239258
    ]
  ],
  "covariance_short": [
    [
      48.915016174316406,
      15.648913383483887,
      9.691590309143066,
      -3.368821144104004,
      -5.4908318519592285,
      -3.6448259353637695,
      -7.259625434875488,
      -4.4326300621032715,
      -4.450755596160889,
      -1.9806782007217407,
      -4.8289265632629395,
      -2.387051820755005,
      -5.999589920043945,
      -3.3717689514160156,
      -6.465599060058594,
      -2.17507266998291,
      -4.576582431793213,
      -0.3601732850074768
    ],
    [
      15.648913383483887,
      45.974098205566406,
      2.402736186981201,
      7.781004905700684,
      -2.468000888824463,
      5.150309085845947,
      -2.80683970451355,
      4.101429462432861,
      -4.065125465393066,
      3.581010341644287,
      -4.412528038024902,
      4.844861030578613,
      -2.371018171310425,
      5.0265655517578125,
      -1.9862163066864014,
      3.9292516708374023,
      -1.6680935621261597,
      4.163171768188477
    ],
    [
      9.691590309143066,
      2.402736186981201,
      18.824352264404297,
      4.287136077880859,
      3.379368543624878,
      2.8236796855926514,
      0.34056296944618225,
      2.839449167251587,
      3.5657742023468018,
      4.719754695892334,
      4.117521286010742,
      4.59481954574585,
      6.213210105895996,
      5.205782413482666,
      5.7242279052734375,
      6.00211763381958,
      6.954168796539307,
      7.392861366271973
    ],
    [
      -3.368821144104004,
      7.781004905700684,
      4.287136077880859,
      23.469993591308594,
      4.384461402893066,
      16.23811149597168,
      5.115854263305664,
      15.608148574829102,
      4.1643452644348145,
      14.316934585571289,
      4.903383255004883,
      16.953292846679688,
      5.591977119445801,
      15.082759857177734,
      6.057787895202637,
      13.160945892333984,
      5.051943778991699,
      11.916781425476074
    ],
    [
      -5.4908318519592285,
      -2.468000888824463,
      3.379368543624878,
      4.384461402893066,
      16.59147834777832,
      8.615612030029297,
      9.149971961975098,
      8.116928100585938,
      6.071348190307617,
      6.415745735168457,
      8.12848949432373,
      8.041840553283691,
      7.908721446990967,
      6.8583502769470215,
      8.989585876464844,
      7.532893657684326,
      8.401071548461914,
      7.106960296630859
    ],
    [
      -3.6448259353637695,
      5.150309085845947,
      2.8236796855926514,
      16.23811149597168,
      8.615612030029297,
      27.061498641967773,
      9.375503540039062,
      22.058713912963867,
      6.809056758880615,
      18.88386344909668,
      8.073856353759766,
      22.153043746948242,
      7.857573509216309,
      18.975595474243164,
      8.980162620544434,
      18.04269790649414,
      7.62177038192749,
      15.981088638305664
    ],
    [
      -7.259625434875488,
      -2.80683970451355,
      0.34056296944618225,
      5.115854263305664,
      9.149971961975098,
      9.375503540039062,
      24.4571590423584,
      16.13224220275879,
      9.92138385772705,
      9.73529052734375,
      9.186732292175293,
      9.58686637878418,
      8.36317253112793,
      8.972620010375977,
      9.984883308410645,
      9.582374572753906,
      9.310256958007812,
      8.633538246154785
    ],
    [
      -4.4326300621032715,
      4.101429462432861,
      2.839449167251587,
      15.608148574829102,
      8.116928100585938,
      22.058713912963867,
      16.13224220275879,
      32.64545440673828,
      10.53505802154541,
      23.517229080200195,
      9.331062316894531,
      24.30419158935547,
      9.97441577911377,
      21.294675827026367,
      11.44871711730957,
      20.837060928344727,
      10.912384033203125,
      19.249914169311523
    ],
    [
      -4.450755596160889,
      -4.065125465393066,
      3.5657742023468018,
      4.1643452644348145,
      6.071348190307617,
      6.809056758880615,
      9.92138385772705,
      10.53505802154541,
      16.571598052978516,
      11.885068893432617,
      11.35396957397461,
      10.611638069152832,
      11.155386924743652,
      9.7698335647583,
      11.13336181640625,
      10.88854694366455,
      11.788495063781738,
      11.752266883850098
    ],
    [
      -1.9806782007217407,
      3.581010341644287,
      4.719754695892334,
      14.316934585571289,
      6.415745735168457,
      18.88386344909668,
      9.73529052734375,
      23.517229080200195,
      11.885068893432617,
      26.746980667114258,
      10.130108833312988,
      24.356874465942383,
      11.078529357910156,
      21.137657165527344,
      11.88666820526123,
      20.541574478149414,
      11.927082061767578,
      19.911907196044922
    ],
    [
      -4.8289265632629395,
      -4.412528038024902,
      4.117521286010742,
      4.903383255004883,
      8.12848949432373,
      8.073856353759766,
      9.186732292175293,
      9.331062316894531,
      11.35396957397461,
      10.130108833312988,
      19.950597763061523,
      14.260128021240234,
      16.67041015625,
      12.587435722351074,
      16.167423248291016,
      13.57239055633545,
      14.918819427490234,
      13.908537864685059
    ],
    [
      -2.387051820755005,
      4.844861030578613,
      4.59481954574585,
      16.953292846679688,
      8.041840553283691,
      22.153043746948242,
      9.58686637878418,
      24.30419158935547,
      10.611638069152832,
      24.356874465942383,
      14.260128021240234,
      31.79326820373535,
      13.179572105407715,
      25.094392776489258,
      13.824535369873047,
      23.774799346923828,
      12.56399917602539,
      22.19938850402832
    ],
    [
      -5.999589920043945,
      -2.371018171310425,
      6.213210105895996,
      5.591977119445801,
      7.908721446990967,
      7.857573509216309,
      8.36317253112793,
      9.97441577911377,
      11.155386924743652,
      11.078529357910156,
      16.67041015625,
      13.179572105407715,
      28.836790084838867,
      17.648263931274414,
      28.569259643554688,
      20.52572250366211,
      27.608884811401367,
      21.88496208190918
    ],
    [
      -3.3717689514160156,
      5.0265655517578125,
      5.205782413482666,
      15.082759857177734,
      6.8583502769470215,
      18.975595474243164,
      8.972620010375977,
      21.294675827026367,
      9.7698335647583,
      21.137657165527344,
      12.587435722351074,
      25.094392776489258,
      17.648263931274414,
      27.394987106323242,
      18.811189651489258,
      26.535633087158203,
      18.066059112548828,
      25.205202102661133
    ],
    [
      -6.465599060058594,
      -1.9862163066864014,
      5.7242279052734375,
      6.057787895202637,
      8.989585876464844,
      8.980162620544434,
      9.984883308410645,
      11.44871711730957,
      11.13336181640625,
      11.88666820526123,
      16.167423248291016,
      13.824535369873047,
      28.569259643554688,
      18.811189651489258,
      34.80655288696289,
      24.790048599243164,
      33.51839065551758,
      25.82297706604004
    ],
    [
      -2.17507266998291,
      3.9292516708374023,
      6.00211763381958,
      13.160945892333984,
      7.532893657684326,
      18.04269790649414,
      9.582374572753906,
      20.837060928344727,
      10.88854694366455,
      20.541574478149414,
      13.57239055633545,
      23.774799346923828,
      20.52572250366211,
      26.535633087158203,
      24.790048599243164,
      33.32789611816406,
      25.274362564086914,
      32.78358840942383
    ],
    [
      -4.576582431793213,
      -1.6680935621261597,
      6.954168796539307,
      5.051943778991699,
      8.401071548461914,
      7.62177038192749,
      9.310256958007812,
      10.912384033203125,
      11.788495063781738,
      11.927082061767578,
      14.918819427490234,
      12.56399917602539,
      27.608884811401367,
      18.066059112548828,
      33.51839065551758,
      25.274362564086914,
      37.4293212890625,
      28.76995277404785
    ],
    [
      -0.3601732850074768,
      4.163171768188477,
      7.392861366271973,
      11.916781425476074,
      7.106960296630859,
      15.981088638305664,
      8.633538246154785,
      19.249914169311523,
      11.752266883850098,
      19.911907196044922,
      13.908537864685059,
      22.19938850402832,
      21.88496208190918,
      25.205202102661133,
      25.82297706604004,
      32.78358840942383,
      28.76995277404785,
      37.67672348022461
    ]
  ],
  "drr": 11.760917663574219,
  "dynamics": 1.6835963726043701,
  "format": 1245190,
  "frames": 12957696,
  "loudness": -5.1952338218688965,
  "loudness_range": 3.6106362342834473,
  "loudness_range_short": 6.304759502410889,
  "peak": 2.0568525791168213,
  "rms": -7.866743564605713,
  "sample_rate": 44100,
  "sections": 1,
  "seekable": 1,
  "sharpness": 2.000728130340576,
  "space": -4.750048637390137
}