{
  "bands": [
    {
      "high_freq": 148.1999969482422,
      "loudness": -22.758275985717773,
      "loudness_range": 8.56593132019043,
      "mid_mean": -19.173227310180664,
      "mid_to_side_loudness": -24.66973876953125,
      "mid_to_side_loudness_range": 24.421506881713867,
      "side_mean": -44.329010009765625
    },
    {
      "high_freq": 392.3793640136719,
      "loudness": -20.494415283203125,
      "loudness_range": 6.00688362121582,
      "low_freq": 148.1999969482422,
      "mid_mean": -17.171171188354492,
      "mid_to_side_loudness": -12.659395217895508,
      "mid_to_side_loudness_range": 14.480953216552734,
      "side_mean": -29.956140518188477
    },
    {
      "high_freq": 794.6976318359375,
      "loudness": -22.42658233642578,
      "loudness_range": 10.519430160522461,
      "low_freq": 392.3793640136719,
      "mid_mean": -19.757461547851562,
      "mid_to_side_loudness": -7.204893589019775,
      "mid_to_side_loudness_range": 12.979183197021484,
      "side_mean": -27.16339874267578
    },
    {
      "high_freq": 1457.5709228515625,
      "loudness": -23.02077293395996,
      "loudness_range": 10.460596084594727,
      "low_freq": 794.6976318359375,
      "mid_mean": -20.802322387695312,
      "mid_to_side_loudness": -5.195371627807617,
      "mid_to_side_loudness_range": 12.148256301879883,
      "side_mean": -26.08466148376465
    },
    {
      "high_freq": 2549.74365234375,
      "loudness": -22.0310115814209,
      "loudness_range": 9.24748420715332,
      "low_freq": 1457.5709228515625,
      "mid_mean": -19.606340408325195,
      "mid_to_side_loudness": -5.670161247253418,
      "mid_to_side_loudness_range": 11.274580955505371,
      "side_mean": -25.47133445739746
    },
    {
      "high_freq": 4349.24462890625,
      "loudness": -22.153316497802734,
      "loudness_range": 10.079010009765625,
      "low_freq": 2549.74365234375,
      "mid_mean": -19.85894775390625,
      "mid_to_side_loudness": -5.235530853271484,
      "mid_to_side_loudness_range": 11.826273918151855,
      "side_mean": -25.304628372192383
    },
    {
      "high_freq": 7314.1640625,
      "loudness": -27.37328338623047,
      "loudness_range": 15.423591613769531,
      "low_freq": 4349.24462890625,
      "mid_mean": -25.44597053527832,
      "mid_to_side_loudness": -3.357372522354126,
      "mid_to_side_loudness_range": 6.8976359367370605,
      "side_mean": -28.920848846435547
    },
    {
      "high_freq": 12199.2666015625,
      "loudness": -31.677217483520508,
      "loudness_range": 15.722251892089844,
      "low_freq": 7314.1640625,
      "mid_mean": -29.9683780670166,
      "mid_to_side_loudness": -2.6956684589385986,
      "mid_to_side_loudness_range": 5.507547855377197,
      "side_mean": -32.754722595214844
    },
    {
      "loudness": -39.13541030883789,
      "loudness_range": 12.82608413696289,
      "low_freq": 12199.2666015625,
      "mid_mean": -37.58525848388672,
      "mid_to_side_loudness": -2.152822256088257,
      "mid_to_side_loudness_range": 4.549447536468506,
      "side_mean": -39.77931594848633
    }
  ],
  "bands_short": [
    {
      "high_freq": 148.1999969482422,
      "loudness": -27.67572021484375,
      "loudness_range": 18.879709243774414,
      "mid_mean": -24.223262786865234,
      "mid_to_side_loudness": -24.236114501953125,
      "mid_to_side_loudness_range": 32.34025573730469,
      "side_mean": -48.934783935546875
    },
    {
      "high_freq": 392.3793640136719,
      "loudness": -20.540958404541016,
      "loudness_range": 10.810017585754395,
      "low_freq": 148.1999969482422,
      "mid_mean": -17.341894149780273,
      "mid_to_side_loudness": -13.155965805053711,
      "mid_to_side_loudness_range": 20.133251190185547,
      "side_mean": -30.728548049926758
    },
    {
      "high_freq": 794.6976318359375,
      "loudness": -22.967599868774414,
      "loudness_range": 13.28447437286377,
      "low_freq": 392.3793640136719,
      "mid_mean": -20.502357482910156,
      "mid_to_side_loudness": -6.959248065948486,
      "mid_to_side_loudness_range": 16.193038940429688,
      "side_mean": -27.676218032836914
    },
    {
      "high_freq": 1457.5709228515625,
      "loudness": -23.391254425048828,
      "loudness_range": 12.992413520812988,
      "low_freq": 794.6976318359375,
      "mid_mean": -21.436777114868164,
      "mid_to_side_loudness": -4.90580940246582,
      "mid_to_side_loudness_range": 15.413557052612305,
      "side_mean": -26.415964126586914
    },
    {
      "high_freq": 2549.74365234375,
      "loudness": -22.758272171020508,
      "loudness_range": 11.964427947998047,
      "low_freq": 1457.5709228515625,
      "mid_mean": -20.5709171295166,
      "mid_to_side_loudness": -5.334009170532227,
      "mid_to_side_loudness_range": 13.701458930969238,
      "side_mean": -26.09067726135254
    },
    {
      "high_freq": 4349.24462890625,
      "loudness": -22.683414459228516,
      "loudness_range": 12.852560043334961,
      "low_freq": 2549.74365234375,
      "mid_mean": -20.557344436645508,
      "mid_to_side_loudness": -4.933543682098389,
      "mid_to_side_loudness_range": 13.299617767333984,
      "side_mean": -25.782575607299805
    },
    {
      "high_freq": 7314.1640625,
      "loudness": -28.864879608154297,
      "loudness_range": 20.3629207611084,
      "low_freq": 4349.24462890625,
      "mid_mean": -27.250843048095703,
      "mid_to_side_loudness": -2.8565573692321777,
      "mid_to_side_loudness_range": 7.389078617095947,
      "side_mean": -30.135723114013672
    },
    {
      "high_freq": 12199.2666015625,
      "loudness": -34.19875717163086,
      "loudness_range": 23.096479415893555,
      "low_freq": 7314.1640625,
      "mid_mean": -32.5137939453125,
      "mid_to_side_loudness": -3.3027405738830566,
      "mid_to_side_loudness_range": 9.473371505737305,
      "side_mean": -35.78679656982422
    },
    {
      "loudness": -44.787330627441406,
      "loudness_range": 27.377660751342773,
      "low_freq": 12199.2666015625,
      "mid_mean": -43.20421600341797,
      "mid_to_side_loudness": -3.4560577869415283,
      "mid_to_side_loudness_range": 10.823919296264648,
      "side_mean": -46.8630256652832
    }
  ],
  "channels": 2,
  "covariance": [
    [
      12.552262306213379,
      -1.3686375617980957,
      2.5351369380950928,
      -1.0125561952590942,
      0.6188940405845642,
      0.14022481441497803,
      0.1449718028306961,
      -0.7392692565917969,
      -2.1097660064697266,
      -1.9471873044967651,
      -2.3212890625,
      -1.4989510774612427,
      -1.360182762145996,
      -1.5254279375076294,
      -0.35698917508125305,
      -0.3792193531990051,
      1.1093478202819824,
      0.5833703279495239
    ],
    [
      -1.3686375617980957,
      61.051002502441406,
      -4.257679462432861,
      15.904074668884277,
      -16.876548767089844,
      0.7090975046157837,
      -11.987293243408203,
      2.4838333129882812,
      1.454508900642395,
      15.679239273071289,
      1.874144434928894,
      18.235004425048828,
      11.04340648651123,
      17.284217834472656,
      3.4413259029388428,
      9.817852973937988,
      -2.2940235137939453,
      3.1450300216674805
    ],
    [
      2.5351369380950928,
      -4.257679462432861,
      7.11646842956543,
      2.6200084686279297,
      4.367761611938477,
      2.2532055377960205,
      1.7904880046844482,
      0.22366051375865936,
      1.4351210594177246,
      -0.9308741092681885,
      1.7092230319976807,
      -0.8716455698013306,
      0.7133108377456665,
      -0.45812246203422546,
      1.2551387548446655,
      -0.247014582157135,
      0.20998741686344147,
      -0.41292256116867065
    ],
    [
      -1.0125561952590942,
      15.904074668884277,
      2.6200084686279297,
      21.81892967224121,
      1.3998481035232544,
      8.047431945800781,
      1.8893741369247437,
      4.60800313949585,
      7.762089252471924,
      8.440104484558105,
      7.302701950073242,
      9.502727508544922,
      8.193243026733398,
      12.430000305175781,
      4.175218105316162,
      7.252256870269775,
      -4.3621439933776855,
      -0.07932985574007034
    ],
    [
      0.6188940405845642,
      -16.876548767089844,
      4.367761611938477,
      1.3998481035232544,
      22.479137420654297,
      6.575793266296387,
      13.999935150146484,
      0.4776959717273712,
      5.830138683319092,
      -4.187214374542236,
      6.208670616149902,
      -3.0683043003082275,
      -0.19621367752552032,
      -1.303566813468933,
      1.6309586763381958,
      -0.9292214512825012,
      -0.19394579529762268,
      -1.131177544593811
    ],
    [
      0.14022481441497803,
      0.7090975046157837,
      2.2532055377960205,
      8.047431945800781,
      6.575793266296387,
      10.459127426147461,
      5.506968021392822,
      4.022578239440918,
      6.3585004806518555,
      4.22507905960083,
      6.338656425476074,
      5.340735912322998,
      5.343637466430664,
      7.3254714012146,
      3.5468945503234863,
      4.104004383087158,
      -1.190530776977539,
      0.44101482629776
    ],
    [
      0.1449718028306961,
      -11.987293243408203,
      1.7904880046844482,
      1.8893741369247437,
      13.999935150146484,
      5.506968021392822,
      19.530996322631836,
      5.225321292877197,
      7.839661598205566,
      1.5563079118728638,
      8.132011413574219,
      2.2071242332458496,
      3.006322145462036,
      4.131746768951416,
      2.852186441421509,
      2.4903013706207275,
      1.2331206798553467,
      1.7242865562438965
    ],
    [
      -0.7392692565917969,
      2.4838333129882812,
      0.22366051375865936,
      4.60800313949585,
      0.4776959717273712,
      4.022578239440918,
      5.225321292877197,
      9.29592514038086,
      5.128292560577393,
      7.724008560180664,
      5.417937755584717,
      7.439289569854736,
      4.038613796234131,
      6.793141841888428,
      1.5470322370529175,
      2.693840503692627,
      0.036260586231946945,
      1.5690054893493652
    ],
    [
      -2.1097660064697266,
      1.454508900642395,
      1.4351210594177246,
      7.762089252471924,
      5.830138683319092,
      6.3585004806518555,
      7.839661598205566,
      5.128292560577393,
      15.674809455871582,
      9.420612335205078,
      13.052757263183594,
      10.446955680847168,
      8.822184562683105,
      11.880195617675781,
      5.046065807342529,
      5.98862886428833,
      0.15905828773975372,
      2.528122663497925
    ],
    [
      -1.9471873044967651,
      15.679239273071289,
      -0.9308741092681885,
      8.440104484558105,
      -4.187214374542236,
      4.22507905960083,
      1.5563079118728638,
      7.724008560180664,
      9.420612335205078,
      19.18165397644043,
      8.806490898132324,
      17.754005432128906,
      9.075289726257324,
      14.534529685974121,
      3.068060874938965,
      6.083338260650635,
      0.5383591055870056,
      3.5052225589752197
    ],
    [
      -2.3212890625,
      1.874144434928894,
      1.7092230319976807,
      7.302701950073242,
      6.208670616149902,
      6.338656425476074,
      8.132011413574219,
      5.417937755584717,
      13.052757263183594,
      8.806490898132324,
      17.03331756591797,
      12.635258674621582,
      11.464466094970703,
      14.816654205322266,
      7.24664831161499,
      8.08030891418457,
      1.6793566942214966,
      4.08736515045166
    ],
    [
      -1.4989510774612427,
      18.235004425048828,
      -0.8716455698013306,
      9.502727508544922,
      -3.0683043003082275,
      5.340735912322998,
      2.2071242332458496,
      7.439289569854736,
      10.446955680847168,
      17.754005432128906,
      12.635258674621582,
      25.08170509338379,
      16.05449867248535,
      23.91583824157715,
      9.577686309814453,
      13.873696327209473,
      3.5441291332244873,
      7.791634559631348
    ],
    [
      -1.360182762145996,
      11.04340648651123,
      0.7133108377456665,
      8.193243026733398,
      -0.19621367752552032,
      5.343637466430664,
      3.006322145462036,
      4.038613796234131,
      8.822184562683105,
      9.075289726257324,
      11.464466094970703,
      16.05449867248535,
      23.804670333862305,
      27.174156188964844,
      19.147985458374023,
      22.085445404052734,
      7.868283271789551,
      11.94435977935791
    ],
    [
      -1.5254279375076294,
      17.284217834472656,
      -0.45812246203422546,
      12.430000305175781,
      -1.303566813468933,
      7.3254714012146,
      4.131746768951416,
      6.793141841888428,
      11.880195617675781,
      14.534529685974121,
      14.816654205322266,
      23.91583824157715,
      27.174156188964844,
      37.84595489501953,
      21.192184448242188,
      27.74728775024414,
      7.637082099914551,
      14.432918548583984
    ],
    [
      -0.35698917508125305,
      3.4413259029388428,
      1.2551387548446655,
      4.175218105316162,
      1.6309586763381958,
      3.5468945503234863,
      2.852186441421509,
      1.5470322370529175,
      5.046065807342529,
      3.068060874938965,
      7.24664831161499,
      9.577686309814453,
      19.147985458374023,
      21.192184448242188,
      26.931819915771484,
      25.115934371948242,
      15.930848121643066,
      16.85903549194336
    ],
    [
      -0.3792193531990051,
      9.817852973937988,
      -0.247014582157135,
      7.252256870269775,
      -0.9292214512825012,
      4.104004383087158,
      2.4903013706207275,
      2.693840503692627,
      5.98862886428833,
      6.083338260650635,
      8.08030891418457,
      13.873696327209473,
      22.085445404052734,
      27.74728775024414,
      25.115934371948242,
      29.733367919921875,
      14.166322708129883,
      18.801416397094727
    ],
    [
      1.1093478202819824,
      -2.2940235137939453,
      0.20998741686344147,
      -4.3621439933776855,
      -0.19394579529762268,
      -1.190530776977539,
      1.2331206798553467,
      0.036260586231946945,
      0.15905828773975372,
      0.5383591055870056,
      1.6793566942214966,
      3.5441291332244873,
      7.868283271789551,
      7.637082099914551,
      15.930848121643066,
      14.166322708129883,
      21.030120849609375,
      19.4859561920166
    ],
    [
      0.5833703279495239,
      3.1450300216674805,
      -0.41292256116867065,
      -0.07932985574007034,
      -1.131177544593811,
      0.44101482629776,
      1.7242865562438965,
      1.5690054893493652,
      2.528122663497925,
      3.5052225589752197,
      4.08736515045166,
      7.791634559631348,
      11.94435977935791,
      14.432918548583984,
      16.85903549194336,
      18.801416397094727,
      19.4859561920166,
      21.77398109436035
    ]
  ],
  "covariance_short": [
    [
      45.727664947509766,
      1.6626123189926147,
      17.398008346557617,
      -2.855402946472168,
      4.80159330368042,
      -0.026663506403565407,
      2.328845977783203,
      -1.3428754806518555,
      -0.8658536076545715,
      -3.95194411277771,
      -1.3209716081619263,
      -2.9744863510131836,
      2.580230712890625,
      0.23999083042144775,
      9.731782913208008,
      10.045866012573242,
      19.616313934326172,
      20.624618530273438
    ],
    [
      1.6626123189926147,
      62.628746032714844,
      -1.7632547616958618,
      19.20085906982422,
      -15.551156044006348,
      2.4907619953155518,
      -9.223639488220215,
      5.9795122146606445,
      6.223823547363281,
      18.497371673583984,
      5.947484970092773,
      20.730365753173828,
      16.928918838500977,
      21.766403198242188,
      8.173580169677734,
      19.31355857849121,
      3.5606095790863037,
      16.694881439208984
    ],
    [
      17.398008346557617,
      -1.7632547616958618,
      18.532835006713867,
      2.376537799835205,
      7.613489151000977,
      2.6501517295837402,
      3.7561182975769043,
      0.1774560809135437,
      3.9194211959838867,
      -0.41806644201278687,
      2.8119125366210938,
      -0.10336816310882568,
      4.546088695526123,
      2.4814581871032715,
      8.294203758239746,
      8.141308784484863,
      13.06337833404541,
      14.094594955444336
    ],
    [
      -2.855402946472168,
      19.20085906982422,
      2.376537799835205,
      30.14432716369629,
      1.4418996572494507,
      9.419967651367188,
      1.7956386804580688,
      4.85593318939209,
      9.404131889343262,
      9.878667831420898,
      8.067394256591797,
      11.439699172973633,
      13.465994834899902,
      15.261942863464355,
      8.774517059326172,
      14.162914276123047,
      0.8720293641090393,
      7.403316497802734
    ],
    [
      4.80159330368042,
      -15.551156044006348,
      7.613489151000977,
      1.4418996572494507,
      33.07052993774414,
      8.775115966796875,
      18.629486083984375,
      1.7600560188293457,
      11.399046897888184,
      -2.5842554569244385,
      10.79094409942627,
      -2.0380139350891113,
      2.6619343757629395,
      -0.15112006664276123,
      5.657639980316162,
      1.3947668075561523,
      8.462759971618652,
      4.993027210235596
    ],
    [
      -0.026663506403565407,
      2.4907619953155518,
      2.6501517295837402,
      9.419967651367188,
      8.775115966796875,
      16.19367218017578,
      7.2921671867370605,
      5.389825344085693,
      9.467766761779785,
      6.382110118865967,
      8.148322105407715,
      7.088860511779785,
      9.360101699829102,
      9.223150253295898,
      7.479891777038574,
      8.887657165527344,
      3.5091562271118164,
      5.480274200439453
    ],
    [
      2.328845977783203,
      -9.223639488220215,
      3.7561182975769043,
      1.7956386804580688,
      18.629486083984375,
      7.2921671867370605,
      29.16109275817871,
      7.365488052368164,
      14.511905670166016,
      4.676340579986572,
      14.062541007995605,
      5.3798828125,
      9.079242706298828,
      8.251835823059082,
      8.731484413146973,
      7.710475444793701,
      10.670409202575684,
      9.962240219116211
    ],
    [
      -1.3428754806518555,
      5.9795122146606445,
      0.1774560809135437,
      4.85593318939209,
      1.7600560188293457,
      5.389825344085693,
      7.365488052368164,
      14.045804023742676,
      8.224102973937988,
      10.04748821258545,
      7.8912434577941895,
      10.060447692871094,
      8.775186538696289,
      10.302031517028809,
      5.117328643798828,
      6.904735088348389,
      3.2114861011505127,
      5.439108848571777
    ],
    [
      -0.8658536076545715,
      6.223823547363281,
      3.9194211959838867,
      9.404131889343262,
      11.399046897888184,
      9.467766761779785,
      14.511905670166016,
      8.224102973937988,
      27.856609344482422,
      14.658568382263184,
      21.16529083251953,
      15.826568603515625,
      19.361539840698242,
      19.09151840209961,
      15.238080978393555,
      16.263132095336914,
      12.91933536529541,
      16.60852813720703
    ],
    [
      -3.95194411277771,
      18.497371673583984,
      -0.41806644201278687,
      9.878667831420898,
      -2.5842554569244385,
      6.382110118865967,
      4.676340579986572,
      10.04748821258545,
      14.658568382263184,
      24.889406204223633,
      12.673552513122559,
      21.731285095214844,
      16.265182495117188,
      19.791231155395508,
      8.71033763885498,
      12.960195541381836,
      5.334039211273193,
      11.552142143249512
    ],
    [
      -1.3209716081619263,
      5.947484970092773,
      2.8119125366210938,
      8.067394256591797,
      10.79094409942627,
      8.148322105407715,
      14.062541007995605,
      7.8912434577941895,
      21.16529083251953,
      12.673552513122559,
      28.48611068725586,
      18.15491485595703,
      23.776561737060547,
      22.93477439880371,
      19.04050636291504,
      19.514406204223633,
      17.065593719482422,
      20.449434280395508
    ],
    [
      -2.9744863510131836,
      20.730365753173828,
      -0.10336816310882568,
      11.439699172973633,
      -2.0380139350891113,
      7.088860511779785,
      5.3798828125,
      10.060447692871094,
      15.826568603515625,
      21.731285095214844,
      18.15491485595703,
      32.016212463378906,
      26.444190979003906,
      31.83526039123535,
      18.216236114501953,
      25.087812423706055,
      14.09512996673584,
      24.209394454956055
    ],
    [
      2.580230712890625,
      16.928918838500977,
      4.546088695526123,
      13.465994834899902,
      2.6619343757629395,
      9.360101699829102,
      9.079242706298828,
      8.775186538696289,
      19.361539840698242,
      16.265182495117188,
      23.776561737060547,
      26.444190979003906,
      52.0131950378418,
      48.80872344970703,
      44.58653259277344,
      52.56884765625,
      40.66425704956055,
      54.311744689941406
    ],
    [
      0.23999083042144775,
      21.766403198242188,
      2.4814581871032715,
      15.261942863464355,
      -0.15112006664276123,
      9.223150253295898,
      8.251835823059082,
      10.302031517028809,
      19.09151840209961,
      19.791231155395508,
      22.93477439880371,
      31.83526039123535,
      48.80872344970703,
      56.8614616394043,
      40.79396057128906,
      53.462921142578125,
      35.21170425415039,
      52.563961029052734
    ],
    [
      9.731782913208008,
      8.173580169677734,
      8.294203758239746,
      8.774517059326172,
      5.657639980316162,
      7.479891777038574,
      8.731484413146973,
      5.117328643798828,
      15.238080978393555,
      8.71033763885498,
      19.04050636291504,
      18.216236114501953,
      44.58653259277344,
      40.79396057128906,
      61.83216857910156,
      62.67329406738281,
      60.83852767944336,
      68.54957580566406
    ],
    [
      10.045866012573242,
      19.31355857849121,
      8.141308784484863,
      14.162914276123047,
      1.3947668075561523,
      8.887657165527344,
      7.710475444793701,
      6.904735088348389,
      16.263132095336914,
      12.960195541381836,
      19.514406204223633,
      25.087812423706055,
      52.56884765625,
      53.462921142578125,
      62.67329406738281,
      79.500244140625,
      62.07646560668945,
      80.55229949951172
    ],
    [
      19.616313934326172,
      3.5606095790863037,
      13.06337833404541,
      0.8720293641090393,
      8.462759971618652,
      3.5091562271118164,
      10.670409202575684,
      3.2114861011505127,
      12.91933536529541,
      5.334039211273193,
      17.065593719482422,
      14.09512996673584,
      40.66425704956055,
      35.21170425415039,
      60.83852767944336,
      62.07646560668945,
      84.90662384033203,
      89.31499481201172
    ],
    [
      20.624618530273438,
      16.694881439208984,
      14.094594955444336,
      7.403316497802734,
      4.993027210235596,
      5.480274200439453,
      9.962240219116211,
      5.439108848571777,
      16.60852813720703,
      11.552142143249512,
      20.449434280395508,
      24.209394454956055,
      54.311744689941406,
      52.563961029052734,
      68.54957580566406,
      80.55229949951172,
      89.31499481201172,
      111.55520629882812
    ]
  ],
  "drr": 14.326311111450195,
  "dynamics": 1.9890183210372925,
  "format": 1245190,
  "frames": 10506240,
  "loudness": -9.946270942687988,
  "loudness_range": 4.340566158294678,
  "loudness_range_short": 7.024624347686768,
  "peak": -0.1778157651424408,
  "rms": -13.052374839782715,
  "sample_rate": 44100,
  "sections": 1,
  "seekable": 1,
  "sharpness": 2.2142343521118164,
  "space": -7.4933366775512695
}