{
  "bands": [
    {
      "high_freq": 148.1999969482422,
      "loudness": -37.6937141418457,
      "loudness_range": 17.441923141479492,
      "mid_mean": -35.178070068359375,
      "mid_to_side_loudness": -5.505235195159912,
      "mid_to_side_loudness_range": 6.9785943031311035,
      "side_mean": -40.70243835449219
    },
    {
      "high_freq": 392.3793640136719,
      "loudness": -26.07639503479004,
      "loudness_range": 12.984169006347656,
      "low_freq": 148.1999969482422,
      "mid_mean": -23.849802017211914,
      "mid_to_side_loudness": -4.674724578857422,
      "mid_to_side_loudness_range": 9.379876136779785,
      "side_mean": -28.58542251586914
    },
    {
      "high_freq": 794.6976318359375,
      "loudness": -21.359664916992188,
      "loudness_range": 16.57171058654785,
      "low_freq": 392.3793640136719,
      "mid_mean": -19.50865936279297,
      "mid_to_side_loudness": -3.614990472793579,
      "mid_to_side_loudness_range": 9.682842254638672,
      "side_mean": -23.25694465637207
    },
    {
      "high_freq": 1457.5709228515625,
      "loudness": -24.8590087890625,
      "loudness_range": 21.189186096191406,
      "low_freq": 794.6976318359375,
      "mid_mean": -22.68547821044922,
      "mid_to_side_loudness": -4.312868595123291,
      "mid_to_side_loudness_range": 7.296999931335449,
      "side_mean": -27.040191650390625
    },
    {
      "high_freq": 2549.74365234375,
      "loudness": -30.145734786987305,
      "loudness_range": 15.91313362121582,
      "low_freq": 1457.5709228515625,
      "mid_mean": -28.072032928466797,
      "mid_to_side_loudness": -4.097330093383789,
      "mid_to_side_loudness_range": 8.309636116027832,
      "side_mean": -32.22944641113281
    },
    {
      "high_freq": 4349.24462890625,
      "loudness": -38.38557434082031,
      "loudness_range": 21.00172233581543,
      "low_freq": 2549.74365234375,
      "mid_mean": -36.128177642822266,
      "mid_to_side_loudness": -4.900074005126953,
      "mid_to_side_loudness_range": 7.716958045959473,
      "side_mean": -40.82121658325195
    },
    {
      "high_freq": 7314.1640625,
      "loudness": -49.77499771118164,
      "loudness_range": 25.675952911376953,
      "low_freq": 4349.24462890625,
      "mid_mean": -48.37664794921875,
      "mid_to_side_loudness": -4.905272483825684,
      "mid_to_side_loudness_range": 7.114555358886719,
      "side_mean": -53.0387077331543
    },
    {
      "high_freq": 12199.2666015625,
      "loudness": -62.058692932128906,
      "loudness_range": 23.283592224121094,
      "low_freq": 7314.1640625,
      "mid_mean": -58.78196716308594,
      "mid_to_side_loudness": -5.325748443603516,
      "mid_to_side_loudness_range": 4.096124649047852,
      "side_mean": -62.65019226074219
    },
    {
      "loudness": -65.8647689819336,
      "loudness_range": 3.632915496826172,
      "low_freq": 12199.2666015625,
      "mid_mean": -62.32183074951172,
      "mid_to_side_loudness": -5.758214950561523,
      "mid_to_side_loudness_range": 1.423238754272461,
      "side_mean": -66.35848999023438
    }
  ],
  "bands_short": [
    {
      "high_freq": 148.1999969482422,
      "loudness": -43.04745864868164,
      "loudness_range": 20.656810760498047,
      "mid_mean": -40.65291976928711,
      "mid_to_side_loudness": -5.2475385665893555,
      "mid_to_side_loudness_range": 9.13194751739502,
      "side_mean": -45.95843505859375
    },
    {
      "high_freq": 392.3793640136719,
      "loudness": -26.73418617248535,
      "loudness_range": 15.303800582885742,
      "low_freq": 148.1999969482422,
      "mid_mean": -24.550243377685547,
      "mid_to_side_loudness": -4.8120222091674805,
      "mid_to_side_loudness_range": 10.666142463684082,
      "side_mean": -29.359912872314453
    },
    {
      "high_freq": 794.6976318359375,
      "loudness": -23.012126922607422,
      "loudness_range": 20.22406005859375,
      "low_freq": 392.3793640136719,
      "mid_mean": -21.181652069091797,
      "mid_to_side_loudness": -3.5642147064208984,
      "mid_to_side_loudness_range": 10.660901069641113,
      "side_mean": -24.823564529418945
    },
    {
      "high_freq": 1457.5709228515625,
      "loudness": -25.69013786315918,
      "loudness_range": 23.138669967651367,
      "low_freq": 794.6976318359375,
      "mid_mean": -23.594539642333984,
      "mid_to_side_loudness": -4.3864030838012695,
      "mid_to_side_loudness_range": 9.257526397705078,
      "side_mean": -28.0159969329834
    },
    {
      "high_freq": 2549.74365234375,
      "loudness": -31.730175018310547,
      "loudness_range": 19.5688533782959,
      "low_freq": 1457.5709228515625,
      "mid_mean": -29.768362045288086,
      "mid_to_side_loudness": -4.052446365356445,
      "mid_to_side_loudness_range": 10.246359825134277,
      "side_mean": -33.839111328125
    },
    {
      "high_freq": 4349.24462890625,
      "loudness": -40.06267166137695,
      "loudness_range": 23.941085815429688,
      "low_freq": 2549.74365234375,
      "mid_mean": -37.782135009765625,
      "mid_to_side_loudness": -5.049777984619141,
      "mid_to_side_loudness_range": 8.639800071716309,
      "side_mean": -42.74594497680664
    },
    {
      "high_freq": 7314.1640625,
      "loudness": -52.711795806884766,
      "loudness_range": 28.875961303710938,
      "low_freq": 4349.24462890625,
      "mid_mean": -51.180030822753906,
      "mid_to_side_loudness": -4.801879405975342,
      "mid_to_side_loudness_range": 8.466497421264648,
      "side_mean": -55.35331726074219
    },
    {
      "high_freq": 12199.2666015625,
      "loudness": -64.28263854980469,
      "loudness_range": 20.557701110839844,
      "low_freq": 7314.1640625,
      "mid_mean": -60.73816680908203,
      "mid_to_side_loudness": -5.589136600494385,
      "mid_to_side_loudness_range": 4.540310859680176,
      "side_mean": -64.51972961425781
    },
    {
      "loudness": -66.073974609375,
      "loudness_range": 1.9517745971679688,
      "low_freq": 12199.2666015625,
      "mid_mean": -62.48469161987305,
      "mid_to_side_loudness": -5.829987049102783,
      "mid_to_side_loudness_range": 1.6134800910949707,
      "side_mean": -66.51394653320312
    }
  ],
  "channels": 2,
  "covariance": [
    [
      35.677371978759766,
      34.77290344238281,
      6.9078264236450195,
      6.800999164581299,
      2.4051034450531006,
      3.642672300338745,
      8.32880973815918,
      7.615001201629639,
      7.818068981170654,
      7.644867897033691,
      10.772614479064941,
      8.777461051940918,
      12.589600563049316,
      13.201750755310059,
      7.339047431945801,
      6.455637454986572,
      0.7305552363395691,
      0.7165828347206116
    ],
    [
      34.77290344238281,
      39.86817932128906,
      7.997074604034424,
      9.771292686462402,
      3.8460617065429688,
      5.775020599365234,
      10.613263130187988,
      9.999150276184082,
      9.133197784423828,
      9.38986587524414,
      12.796175956726074,
      10.86443042755127,
      16.313343048095703,
      16.9896240234375,
      9.894478797912598,
      8.933084487915039,
      0.9019986987113953,
      0.916479766368866
    ],
    [
      6.9078264236450195,
      7.997074604034424,
      24.105161666870117,
      21.687833786010742,
      9.690916061401367,
      12.909737586975098,
      8.67775821685791,
      7.0000834465026855,
      8.991876602172852,
      12.690791130065918,
      10.84096908569336,
      7.146998882293701,
      15.892562866210938,
      12.62967586517334,
      2.1357648372650146,
      1.4029598236083984,
      -0.23839259147644043,
      -0.16179879009723663
    ],
    [
      6.800999164581299,
      9.771292686462402,
      21.687833786010742,
      29.227022171020508,
      9.989115715026855,
      14.576020240783691,
      8.966463088989258,
      7.216535568237305,
      9.229857444763184,
      12.999382972717285,
      10.946417808532715,
      6.805046081542969,
      16.593278884887695,
      13.464690208435059,
      2.8189122676849365,
      2.0164949893951416,
      -0.36890503764152527,
      -0.24122561514377594
    ],
    [
      2.4051034450531006,
      3.8460617065429688,
      9.690916061401367,
      9.989115715026855,
      38.617496490478516,
      30.139360427856445,
      19.144033432006836,
      18.329248428344727,
      23.235891342163086,
      24.12601089477539,
      28.074647903442383,
      29.047428131103516,
      36.66420364379883,
      34.20836639404297,
      17.191923141479492,
      15.117236137390137,
      1.2333810329437256,
      1.2375943660736084
    ],
    [
      3.642672300338745,
      5.775020599365234,
      12.909737586975098,
      14.576020240783691,
      30.139360427856445,
      36.8278923034668,
      18.012128829956055,
      16.90608024597168,
      23.579256057739258,
      26.050806045532227,
      27.39952278137207,
      27.212976455688477,
      34.591453552246094,
      31.607742309570312,
      16.944198608398438,
      14.320734977722168,
      1.1175646781921387,
      1.0584052801132202
    ],
    [
      8.32880973815918,
      10.613263130187988,
      8.67775821685791,
      8.966463088989258,
      19.144033432006836,
      18.012128829956055,
      49.18362808227539,
      45.323604583740234,
      25.296117782592773,
      27.4045352935791,
      31.905277252197266,
      34.421329498291016,
      42.71255874633789,
      43.544212341308594,
      31.523469924926758,
      30.041719436645508,
      3.487199306488037,
      3.638747453689575
    ],
    [
      7.615001201629639,
      9.999150276184082,
      7.0000834465026855,
      7.216535568237305,
      18.329248428344727,
      16.90608024597168,
      45.323604583740234,
      49.50982666015625,
      26.119768142700195,
      27.34359359741211,
      32.20694351196289,
      35.731483459472656,
      42.396949768066406,
      44.46760177612305,
      31.741600036621094,
      30.015649795532227,
      3.6357014179229736,
      3.6747024059295654
    ],
    [
      7.818068981170654,
      9.133197784423828,
      8.991876602172852,
      9.229857444763184,
      23.235891342163086,
      23.579256057739258,
      25.296117782592773,
      26.119768142700195,
      35.366878509521484,
      30.472280502319336,
      33.08842849731445,
      33.49766540527344,
      40.48521041870117,
      38.599273681640625,
      24.14872169494629,
      21.96970558166504,
      2.5390002727508545,
      2.6306707859039307
    ],
    [
      7.644867897033691,
      9.38986587524414,
      12.690791130065918,
      12.999382972717285,
      24.12601089477539,
      26.050806045532227,
      27.4045352935791,
      27.34359359741211,
      30.472280502319336,
      36.890254974365234,
      32.64535903930664,
      33.01078414916992,
      40.30143356323242,
      37.876033782958984,
      22.54555892944336,
      20.357501983642578,
      2.1420235633850098,
      2.3128790855407715
    ],
    [
      10.772614479064941,
      12.796175956726074,
      10.84096908569336,
      10.946417808532715,
      28.074647903442383,
      27.39952278137207,
      31.905277252197266,
      32.20694351196289,
      33.08842849731445,
      32.64535903930664,
      52.66495132446289,
      51.249366760253906,
      57.748104095458984,
      56.878089904785156,
      35.65153503417969,
      31.944150924682617,
      3.9057326316833496,
      3.7781131267547607
    ],
    [
      8.777461051940918,
      10.86443042755127,
      7.146998882293701,
      6.805046081542969,
      29.047428131103516,
      27.212976455688477,
      34.421329498291016,
      35.731483459472656,
      33.49766540527344,
      33.01078414916992,
      51.249366760253906,
      58.70170593261719,
      60.61501693725586,
      61.990779876708984,
      40.28554916381836,
      37.01161575317383,
      4.4946370124816895,
      4.3383917808532715
    ],
    [
      12.589600563049316,
      16.313343048095703,
      15.892562866210938,
      16.593278884887695,
      36.66420364379883,
      34.591453552246094,
      42.71255874633789,
      42.396949768066406,
      40.48521041870117,
      40.30143356323242,
      57.748104095458984,
      60.61501693725586,
      86.63433074951172,
      83.14811706542969,
      50.82987594604492,
      46.8795051574707,
      5.504012584686279,
      5.336871147155762
    ],
    [
      13.201750755310059,
      16.9896240234375,
      12.62967586517334,
      13.464690208435059,
      34.20836639404297,
      31.607742309570312,
      43.544212341308594,
      44.46760177612305,
      38.599273681640625,
      37.876033782958984,
      56.878089904785156,
      61.990779876708984,
      83.14811706542969,
      87.614501953125,
      54.57649230957031,
      50.02727127075195,
      7.057910442352295,
      6.288880348205566
    ],
    [
      7.339047431945801,
      9.894478797912598,
      2.1357648372650146,
      2.8189122676849365,
      17.191923141479492,
      16.944198608398438,
      31.523469924926758,
      31.741600036621094,
      24.14872169494629,
      22.54555892944336,
      35.65153503417969,
      40.28554916381836,
      50.82987594604492,
      54.57649230957031,
      49.389652252197266,
      46.20671081542969,
      6.737178802490234,
      5.97779655456543
    ],
    [
      6.455637454986572,
      8.933084487915039,
      1.4029598236083984,
      2.0164949893951416,
      15.117236137390137,
      14.320734977722168,
      30.041719436645508,
      30.015649795532227,
      21.96970558166504,
      20.357501983642578,
      31.944150924682617,
      37.01161575317383,
      46.8795051574707,
      50.02727127075195,
      46.20671081542969,
      44.76524353027344,
      6.449183464050293,
      5.911042213439941
    ],
    [
      0.7305552363395691,
      0.9019986987113953,
      -0.23839259147644043,
      -0.36890503764152527,
      1.2333810329437256,
      1.1175646781921387,
      3.487199306488037,
      3.6357014179229736,
      2.5390002727508545,
      2.1420235633850098,
      3.9057326316833496,
      4.4946370124816895,
      5.504012584686279,
      7.057910442352295,
      6.737178802490234,
      6.449183464050293,
      1.897497534751892,
      1.5357990264892578
    ],
    [
      0.7165828347206116,
      0.916479766368866,
      -0.16179879009723663,
      -0.24122561514377594,
      1.2375943660736084,
      1.0584052801132202,
      3.638747453689575,
      3.6747024059295654,
      2.6306707859039307,
      2.3128790855407715,
      3.7781131267547607,
      4.3383917808532715,
      5.336871147155762,
      6.288880348205566,
      5.97779655456543,
      5.911042213439941,
      1.5357990264892578,
      1.4364030361175537
    ]
  ],
  "covariance_short": [
    [
      51.969505310058594,
      47.618106842041016,
      8.570469856262207,
      6.245825290679932,
      6.2110114097595215,
      6.243560314178467,
      12.952390670776367,
      13.434935569763184,
      12.819643020629883,
      12.076308250427246,
      14.432137489318848,
      13.55113410949707,
      16.86469841003418,
      18.14021110534668,
      10.567907333374023,
      9.123604774475098,
      0.8498801589012146,
      0.9262999296188354
    ],
    [
      47.618106842041016,
      54.50699996948242,
      8.144097328186035,
      7.261631965637207,
      6.357351779937744,
      7.024174213409424,
      13.508963584899902,
      14.28006362915039,
      13.316753387451172,
      12.85504150390625,
      15.316823959350586,
      14.673752784729004,
      18.981958389282227,
      19.838359832763672,
      11.8549165725708,
      10.306120872497559,
      0.992117702960968,
      1.0710035562515259
    ],
    [
      8.570469856262207,
      8.144097328186035,
      30.960506439208984,
      26.932018280029297,
      15.672341346740723,
      17.701047897338867,
      13.530729293823242,
      12.135398864746094,
      15.451081275939941,
      19.081796646118164,
      17.475725173950195,
      15.024174690246582,
      20.18314552307129,
      16.881446838378906,
      4.878812313079834,
      4.140109539031982,
      0.08005990833044052,
      0.14396971464157104
    ],
    [
      6.245825290679932,
      7.261631965637207,
      26.932018280029297,
      37.06938552856445,
      16.029605865478516,
      19.848609924316406,
      13.537477493286133,
      12.484809875488281,
      15.638566970825195,
      19.08922576904297,
      17.72290802001953,
      15.355409622192383,
      21.457529067993164,
      17.5706844329834,
      5.23163366317749,
      4.471984386444092,
      0.11098755896091461,
      0.2076685130596161
    ],
    [
      6.2110114097595215,
      6.357351779937744,
      15.672341346740723,
      16.029605865478516,
      50.46892547607422,
      41.034515380859375,
      22.429737091064453,
      22.462209701538086,
      32.905006408691406,
      31.526826858520508,
      36.155120849609375,
      38.72386932373047,
      43.40353012084961,
      40.058963775634766,
      16.793081283569336,
      14.82030963897705,
      1.17176353931427,
      1.265278697013855
    ],
    [
      6.243560314178467,
      7.024174213409424,
      17.701047897338867,
      19.848609924316406,
      41.034515380859375,
      48.29071807861328,
      22.966657638549805,
      23.02018928527832,
      33.317745208740234,
      34.02687454223633,
      35.799949645996094,
      37.88603591918945,
      42.627384185791016,
      38.781497955322266,
      16.96156120300293,
      14.886187553405762,
      1.22102952003479,
      1.2919127941131592
    ],
    [
      12.952390670776367,
      13.508963584899902,
      13.530729293823242,
      13.537477493286133,
      22.429737091064453,
      22.966657638549805,
      57.71770477294922,
      51.57971954345703,
      33.81346893310547,
      36.00625228881836,
      42.23503112792969,
      43.517738342285156,
      49.557411193847656,
      48.873451232910156,
      28.35973358154297,
      25.229846954345703,
      3.152299642562866,
      3.4132299423217773
    ],
    [
      13.434935569763184,
      14.28006362915039,
      12.135398864746094,
      12.484809875488281,
      22.462209701538086,
      23.02018928527832,
      51.57971954345703,
      58.432044982910156,
      35.022544860839844,
      36.83003234863281,
      43.87328338623047,
      44.672935485839844,
      51.19723892211914,
      50.59449005126953,
      28.854278564453125,
      25.800148010253906,
      3.4555416107177734,
      3.6138646602630615
    ],
    [
      12.819643020629883,
      13.316753387451172,
      15.451081275939941,
      15.638566970825195,
      32.905006408691406,
      33.317745208740234,
      33.81346893310547,
      35.022544860839844,
      48.975006103515625,
      41.29395294189453,
      45.60343933105469,
      45.78125762939453,
      51.34929275512695,
      47.33198165893555,
      24.843978881835938,
      22.43425178527832,
      2.69339656829834,
      2.830946445465088
    ],
    [
      12.076308250427246,
      12.85504150390625,
      19.081796646118164,
      19.08922576904297,
      31.526826858520508,
      34.02687454223633,
      36.00625228881836,
      36.83003234863281,
      41.29395294189453,
      49.590187072753906,
      44.79670333862305,
      45.61843490600586,
      50.37382125854492,
      46.50396728515625,
      23.508108139038086,
      21.21500015258789,
      2.530975103378296,
      2.728341579437256
    ],
    [
      14.432137489318848,
      15.316823959350586,
      17.475725173950195,
      17.72290802001953,
      36.155120849609375,
      35.799949645996094,
      42.23503112792969,
      43.87328338623047,
      45.60343933105469,
      44.79670333862305,
      66.68155670166016,
      64.13007354736328,
      68.33929443359375,
      65.5228500366211,
      33.880950927734375,
      30.094215393066406,
      3.815993070602417,
      3.8508200645446777
    ],
    [
      13.55113410949707,
      14.673752784729004,
      15.024174690246582,
      15.355409622192383,
      38.72386932373047,
      37.88603591918945,
      43.517738342285156,
      44.672935485839844,
      45.78125762939453,
      45.61843490600586,
      64.13007354736328,
      71.47608947753906,
      71.412353515625,
      69.65455627441406,
      36.81313705444336,
      33.20036315917969,
      4.19094181060791,
      4.215389251708984
    ],
    [
      16.86469841003418,
      18.981958389282227,
      20.18314552307129,
      21.457529067993164,
      43.40353012084961,
      42.627384185791016,
      49.557411193847656,
      51.19723892211914,
      51.34929275512695,
      50.37382125854492,
      68.33929443359375,
      71.412353515625,
      97.43609619140625,
      89.08759307861328,
      47.190948486328125,
      41.901424407958984,
      6.255422592163086,
      5.5748291015625
    ],
    [
      18.14021110534668,
      19.838359832763672,
      16.881446838378906,
      17.5706844329834,
      40.058963775634766,
      38.781497955322266,
      48.873451232910156,
      50.59449005126953,
      47.33198165893555,
      46.50396728515625,
      65.5228500366211,
      69.65455627441406,
      89.08759307861328,
      89.0728988647461,
      46.94747543334961,
      41.511749267578125,
      6.140078544616699,
      5.614682197570801
    ],
    [
      10.567907333374023,
      11.8549165725708,
      4.878812313079834,
      5.23163366317749,
      16.793081283569336,
      16.96156120300293,
      28.35973358154297,
      28.854278564453125,
      24.843978881835938,
      23.508108139038086,
      33.880950927734375,
      36.81313705444336,
      47.190948486328125,
      46.94747543334961,
      38.3410530090332,
      34.4373664855957,
      5.57448673248291,
      5.085234642028809
    ],
    [
      9.123604774475098,
      10.306120872497559,
      4.140109539031982,
      4.471984386444092,
      14.82030963897705,
      14.886187553405762,
      25.229846954345703,
      25.800148010253906,
      22.43425178527832,
      21.21500015258789,
      30.094215393066406,
      33.20036315917969,
      41.901424407958984,
      41.511749267578125,
      34.4373664855957,
      32.81633758544922,
      5.260839939117432,
      4.9389777183532715
    ],
    [
      0.8498801589012146,
      0.992117702960968,
      0.08005990833044052,
      0.11098755896091461,
      1.17176353931427,
      1.22102952003479,
      3.152299642562866,
      3.4555416107177734,
      2.69339656829834,
      2.530975103378296,
      3.815993070602417,
      4.19094181060791,
      6.255422592163086,
      6.140078544616699,
      5.57448673248291,
      5.260839939117432,
      1.9774088859558105,
      1.5762125253677368
    ],
    [
      0.9262999296188354,
      1.0710035562515259,
      0.14396971464157104,
      0.2076685130596161,
      1.265278697013855,
      1.2919127941131592,
      3.4132299423217773,
      3.6138646602630615,
      2.830946445465088,
      2.728341579437256,
      3.8508200645446777,
      4.215389251708984,
      5.5748291015625,
      5.614682197570801,
      5.085234642028809,
      4.9389777183532715,
      1.5762125253677368,
      1.4943464994430542
    ]
  ],
  "drr": 9.235052108764648,
  "dynamics": 4.437736511230469,
  "format": 1245190,
  "frames": 8755136,
  "loudness": -13.013557434082031,
  "loudness_range": 12.60548210144043,
  "loudness_range_short": 16.602970123291016,
  "peak": 0.2638406455516815,
  "rms": -14.669449806213379,
  "sample_rate": 44100,
  "sections": 1,
  "seekable": 1,
  "sharpness": 4.257378578186035,
  "space": -4.197755813598633
}