{
  "bands": [
    {
      "high_freq": 148.1999969482422,
      "loudness": -20.3303279876709,
      "loudness_range": 9.881933212280273,
      "mid_mean": -16.698911666870117,
      "mid_to_side_loudness": -23.535449981689453,
      "mid_to_side_loudness_range": 7.145353317260742,
      "side_mean": -40.446983337402344
    },
    {
      "high_freq": 392.3793640136719,
      "loudness": -21.45964241027832,
      "loudness_range": 10.669140815734863,
      "low_freq": 148.1999969482422,
      "mid_mean": -17.850736618041992,
      "mid_to_side_loudness": -19.210094451904297,
      "mid_to_side_loudness_range": 12.95016860961914,
      "side_mean": -37.17388916015625
    },
    {
      "high_freq": 794.6976318359375,
      "loudness": -26.479042053222656,
      "loudness_range": 25.090736389160156,
      "low_freq": 392.3793640136719,
      "mid_mean": -22.99888038635254,
      "mid_to_side_loudness": -19.287710189819336,
      "mid_to_side_loudness_range": 14.632681846618652,
      "side_mean": -42.43488311767578
    },
    {
      "high_freq": 1457.5709228515625,
      "loudness": -31.215639114379883,
      "loudness_range": 29.761913299560547,
      "low_freq": 794.6976318359375,
      "mid_mean": -27.782011032104492,
      "mid_to_side_loudness": -19.22917366027832,
      "mid_to_side_loudness_range": 15.328603744506836,
      "side_mean": -47.28777313232422
    },
    {
      "high_freq": 2549.74365234375,
      "loudness": -32.389888763427734,
      "loudness_range": 25.697982788085938,
      "low_freq": 1457.5709228515625,
      "mid_mean": -28.861295700073242,
      "mid_to_side_loudness": -18.356769561767578,
      "mid_to_side_loudness_range": 14.529763221740723,
      "side_mean": -47.401371002197266
    },
    {
      "high_freq": 4349.24462890625,
      "loudness": -33.18342590332031,
      "loudness_range": 21.48288917541504,
      "low_freq": 2549.74365234375,
      "mid_mean": -29.655380249023438,
      "mid_to_side_loudness": -19.18729591369629,
      "mid_to_side_loudness_range": 14.053374290466309,
      "side_mean": -49.09311294555664
    },
    {
      "high_freq": 7314.1640625,
      "loudness": -36.316017150878906,
      "loudness_range": 16.117773056030273,
      "low_freq": 4349.24462890625,
      "mid_mean": -32.70747756958008,
      "mid_to_side_loudness": -20.300037384033203,
      "mid_to_side_loudness_range": 13.4484281539917,
      "side_mean": -53.54850387573242
    },
    {
      "high_freq": 12199.2666015625,
      "loudness": -38.41817855834961,
      "loudness_range": 19.294511795043945,
      "low_freq": 7314.1640625,
      "mid_mean": -34.82086181640625,
      "mid_to_side_loudness": -19.098426818847656,
      "mid_to_side_loudness_range": 15.499640464782715,
      "side_mean": -54.41943359375
    },
    {
      "loudness": -47.5676155090332,
      "loudness_range": 19.58755874633789,
      "low_freq": 12199.2666015625,
      "mid_mean": -44.025508880615234,
      "mid_to_side_loudness": -16.346267700195312,
      "mid_to_side_loudness_range": 14.747206687927246,
      "side_mean": -59.93567657470703
    }
  ],
  "bands_short": [
    {
      "high_freq": 148.1999969482422,
      "loudness": -24.822795867919922,
      "loudness_range": 20.93436050415039,
      "mid_mean": -21.198490142822266,
      "mid_to_side_loudness": -22.318178176879883,
      "mid_to_side_loudness_range": 15.830997467041016,
      "side_mean": -43.8725471496582
    },
    {
      "high_freq": 392.3793640136719,
      "loudness": -20.927581787109375,
      "loudness_range": 13.60218334197998,
      "low_freq": 148.1999969482422,
      "mid_mean": -17.3195743560791,
      "mid_to_side_loudness": -20.066598892211914,
      "mid_to_side_loudness_range": 15.576409339904785,
      "side_mean": -37.52843475341797
    },
    {
      "high_freq": 794.6976318359375,
      "loudness": -27.94025993347168,
      "loudness_range": 28.541810989379883,
      "low_freq": 392.3793640136719,
      "mid_mean": -24.51358413696289,
      "mid_to_side_loudness": -18.567546844482422,
      "mid_to_side_loudness_range": 18.718469619750977,
      "side_mean": -43.46131134033203
    },
    {
      "high_freq": 1457.5709228515625,
      "loudness": -33.04032897949219,
      "loudness_range": 33.89088439941406,
      "low_freq": 794.6976318359375,
      "mid_mean": -29.661161422729492,
      "mid_to_side_loudness": -18.060644149780273,
      "mid_to_side_loudness_range": 20.007232666015625,
      "side_mean": -48.530555725097656
    },
    {
      "high_freq": 2549.74365234375,
      "loudness": -34.492496490478516,
      "loudness_range": 29.058969497680664,
      "low_freq": 1457.5709228515625,
      "mid_mean": -31.09238624572754,
      "mid_to_side_loudness": -17.40886116027832,
      "mid_to_side_loudness_range": 19.39740753173828,
      "side_mean": -49.29430389404297
    },
    {
      "high_freq": 4349.24462890625,
      "loudness": -35.43661880493164,
      "loudness_range": 27.103729248046875,
      "low_freq": 2549.74365234375,
      "mid_mean": -31.986061096191406,
      "mid_to_side_loudness": -18.25018882751465,
      "mid_to_side_loudness_range": 19.465396881103516,
      "side_mean": -51.498287200927734
    },
    {
      "high_freq": 7314.1640625,
      "loudness": -39.767147064208984,
      "loudness_range": 23.95871353149414,
      "low_freq": 4349.24462890625,
      "mid_mean": -36.24030685424805,
      "mid_to_side_loudness": -19.00089454650879,
      "mid_to_side_loudness_range": 19.265567779541016,
      "side_mean": -56.03670883178711
    },
    {
      "high_freq": 12199.2666015625,
      "loudness": -42.01621627807617,
      "loudness_range": 25.24899673461914,
      "low_freq": 7314.1640625,
      "mid_mean": -38.56690216064453,
      "mid_to_side_loudness": -18.068584442138672,
      "mid_to_side_loudness_range": 21.200847625732422,
      "side_mean": -57.18315887451172
    },
    {
      "loudness": -51.35628890991211,
      "loudness_range": 24.486000061035156,
      "low_freq": 12199.2666015625,
      "mid_mean": -47.89802932739258,
      "mid_to_side_loudness": -14.667377471923828,
      "mid_to_side_loudness_range": 20.735797882080078,
      "side_mean": -61.884342193603516
    }
  ],
  "channels": 2,
  "covariance": [
    [
      18.64151382446289,
      10.34387493133545,
      5.575698375701904,
      7.398854732513428,
      2.7520933151245117,
      5.036251544952393,
      2.784766435623169,
      5.547900676727295,
      3.0092906951904297,
      4.458676338195801,
      1.7940149307250977,
      5.235285758972168,
      1.6542973518371582,
      4.586893558502197,
      2.1587483882904053,
      4.989193916320801,
      4.453975677490234,
      3.0750460624694824
    ],
    [
      10.34387493133545,
      8.949736595153809,
      4.36408805847168,
      7.0414557456970215,
      -0.2345178872346878,
      3.602593421936035,
      -0.3348524272441864,
      3.8173041343688965,
      1.479137659072876,
      4.694884300231934,
      1.425750970840454,
      6.3446197509765625,
      3.344884157180786,
      7.218686580657959,
      2.5351569652557373,
      6.608945846557617,
      4.0913166999816895,
      5.0203046798706055
    ],
    [
      5.575698375701904,
      4.36408805847168,
      17.501811981201172,
      18.43435287475586,
      21.55179214477539,
      19.198598861694336,
      20.256248474121094,
      20.68806266784668,
      17.762393951416016,
      17.499515533447266,
      15.257978439331055,
      16.46167755126953,
      10.113985061645508,
      13.150484085083008,
      12.52366828918457,
      14.577455520629883,
      13.781728744506836,
      9.662225723266602
    ],
    [
      7.398854732513428,
      7.0414557456970215,
      18.43435287475586,
      38.26445388793945,
      31.913639068603516,
      40.6219367980957,
      33.648902893066406,
      44.98019027709961,
      31.2122802734375,
      42.82634353637695,
      28.084407806396484,
      39.63945007324219,
      20.16904640197754,
      32.5854377746582,
      21.398284912109375,
      35.64451599121094,
      22.886592864990234,
      26.02511978149414
    ],
    [
      2.7520933151245117,
      -0.2345178872346878,
      21.55179214477539,
      31.913639068603516,
      83.14723205566406,
      63.047607421875,
      73.28060913085938,
      59.614112854003906,
      56.005638122558594,
      47.50220489501953,
      48.595272064208984,
      40.47395706176758,
      22.199148178100586,
      22.42188262939453,
      32.92673110961914,
      32.05841064453125,
      31.707778930664062,
      20.76804542541504
    ],
    [
      5.036251544952393,
      3.602593421936035,
      19.198598861694336,
      40.6219367980957,
      63.047607421875,
      69.73088836669922,
      61.16804122924805,
      65.93270874023438,
      49.019710540771484,
      55.24410629272461,
      43.0186653137207,
      47.91170883178711,
      24.380115509033203,
      33.949684143066406,
      31.19011878967285,
      42.42945861816406,
      30.911663055419922,
      30.433292388916016
    ],
    [
      2.784766435623169,
      -0.3348524272441864,
      20.256248474121094,
      33.648902893066406,
      73.28060913085938,
      61.16804122924805,
      99.9626693725586,
      77.9456558227539,
      71.0037612915039,
      57.9755744934082,
      55.22752380371094,
      46.618534088134766,
      25.140371322631836,
      26.926082611083984,
      31.536706924438477,
      34.735774993896484,
      30.992616653442383,
      22.93045425415039
    ],
    [
      5.547900676727295,
      3.8173041343688965,
      20.68806266784668,
      44.98019027709961,
      59.614112854003906,
      65.93270874023438,
      77.9456558227539,
      84.68446350097656,
      60.571685791015625,
      66.75411987304688,
      48.568824768066406,
      56.46597671508789,
      27.689847946166992,
      40.64162063598633,
      32.61225891113281,
      48.3496208190918,
      33.2947883605957,
      34.127967834472656
    ],
    [
      3.0092906951904297,
      1.479137659072876,
      17.762393951416016,
      31.2122802734375,
      56.005638122558594,
      49.019710540771484,
      71.0037612915039,
      60.571685791015625,
      69.94733428955078,
      58.150596618652344,
      54.30489730834961,
      46.6876106262207,
      28.59002113342285,
      29.546894073486328,
      29.784629821777344,
      34.524200439453125,
      28.995508193969727,
      23.338729858398438
    ],
    [
      4.458676338195801,
      4.694884300231934,
      17.499515533447266,
      42.82634353637695,
      47.50220489501953,
      55.24410629272461,
      57.9755744934082,
      66.75411987304688,
      58.150596618652344,
      71.70818328857422,
      48.90706253051758,
      61.41033935546875,
      31.379549026489258,
      46.281105041503906,
      31.08067512512207,
      50.840965270996094,
      31.754043579101562,
      36.74629211425781
    ],
    [
      1.7940149307250977,
      1.425750970840454,
      15.257978439331055,
      28.084407806396484,
      48.595272064208984,
      43.0186653137207,
      55.22752380371094,
      48.568824768066406,
      54.30489730834961,
      48.90706253051758,
      53.221214294433594,
      44.46890640258789,
      29.99118995666504,
      28.66973304748535,
      30.39196014404297,
      32.49577331542969,
      28.362924575805664,
      21.0435733795166
    ],
    [
      5.235285758972168,
      6.3446197509765625,
      16.46167755126953,
      39.63945007324219,
      40.47395706176758,
      47.91170883178711,
      46.618534088134766,
      56.46597671508789,
      46.6876106262207,
      61.41033935546875,
      44.46890640258789,
      60.880916595458984,
      29.738479614257812,
      47.163719177246094,
      28.64378547668457,
      50.01645278930664,
      29.052635192871094,
      35.239295959472656
    ],
    [
      1.6542973518371582,
      3.344884157180786,
      10.113985061645508,
      20.16904640197754,
      22.199148178100586,
      24.380115509033203,
      25.140371322631836,
      27.689847946166992,
      28.59002113342285,
      31.379549026489258,
      29.99118995666504,
      29.738479614257812,
      33.421287536621094,
      31.01525115966797,
      31.535247802734375,
      32.67976760864258,
      29.96955108642578,
      22.567176818847656
    ],
    [
      4.586893558502197,
      7.218686580657959,
      13.150484085083008,
      32.5854377746582,
      22.42188262939453,
      33.949684143066406,
      26.926082611083984,
      40.64162063598633,
      29.546894073486328,
      46.281105041503906,
      28.66973304748535,
      47.163719177246094,
      31.01525115966797,
      55.61105728149414,
      29.417804718017578,
      56.37776184082031,
      30.449007034301758,
      40.934593200683594
    ],
    [
      2.1587483882904053,
      2.5351569652557373,
      12.52366828918457,
      21.398284912109375,
      32.92673110961914,
      31.19011878967285,
      31.536706924438477,
      32.61225891113281,
      29.784629821777344,
      31.08067512512207,
      30.39196014404297,
      28.64378547668457,
      31.535247802734375,
      29.417804718017578,
      40.79969024658203,
      37.2999382019043,
      38.15618896484375,
      25.982057571411133
    ],
    [
      4.989193916320801,
      6.608945846557617,
      14.577455520629883,
      35.64451599121094,
      32.05841064453125,
      42.42945861816406,
      34.735774993896484,
      48.3496208190918,
      34.524200439453125,
      50.840965270996094,
      32.49577331542969,
      50.01645278930664,
      32.67976760864258,
      56.37776184082031,
      37.2999382019043,
      64.52388000488281,
      38.253074645996094,
      47.98126220703125
    ],
    [
      4.453975677490234,
      4.0913166999816895,
      13.781728744506836,
      22.886592864990234,
      31.707778930664062,
      30.911663055419922,
      30.992616653442383,
      33.2947883605957,
      28.995508193969727,
      31.754043579101562,
      28.362924575805664,
      29.052635192871094,
      29.96955108642578,
      30.449007034301758,
      38.15618896484375,
      38.253074645996094,
      41.25734329223633,
      27.984615325927734
    ],
    [
      3.0750460624694824,
      5.0203046798706055,
      9.662225723266602,
      26.02511978149414,
      20.76804542541504,
      30.433292388916016,
      22.93045425415039,
      34.127967834472656,
      23.338729858398438,
      36.74629211425781,
      21.0435733795166,
      35.239295959472656,
      22.567176818847656,
      40.934593200683594,
      25.982057571411133,
      47.98126220703125,
      27.984615325927734,
      39.70651626586914
    ]
  ],
  "covariance_short": [
    [
      57.27717208862305,
      26.657028198242188,
      18.894622802734375,
      16.33374786376953,
      7.633881092071533,
      9.662203788757324,
      9.416569709777832,
      11.120952606201172,
      8.227192878723145,
      7.786281585693359,
      7.661627292633057,
      5.478894233703613,
      6.42840051651001,
      3.476428508758545,
      7.578685760498047,
      6.66383171081543,
      9.152104377746582,
      6.724328994750977
    ],
    [
      26.657028198242188,
      20.618566513061523,
      9.902904510498047,
      8.995311737060547,
      2.065305233001709,
      4.482336044311523,
      1.3071339130401611,
      4.174859046936035,
      1.8069547414779663,
      3.28884220123291,
      2.0580673217773438,
      2.5050108432769775,
      2.346482515335083,
      2.3476109504699707,
      2.978123903274536,
      3.448397397994995,
      4.157571315765381,
      3.741424322128296
    ],
    [
      18.894622802734375,
      9.902904510498047,
      25.39097023010254,
      20.136157989501953,
      17.886655807495117,
      15.843520164489746,
      17.08610725402832,
      16.48398780822754,
      14.49928092956543,
      12.838143348693848,
      12.966105461120605,
      10.787270545959473,
      9.586101531982422,
      7.561765193939209,
      11.245631217956543,
      8.465651512145996,
      11.504809379577637,
      5.164977550506592
    ],
    [
      16.33374786376953,
      8.995311737060547,
      20.136157989501953,
      42.15740966796875,
      32.76702117919922,
      43.774864196777344,
      34.08281707763672,
      46.68290710449219,
      31.55753517150879,
      44.328086853027344,
      29.774845123291016,
      40.40522003173828,
      24.713693618774414,
      32.37506866455078,
      26.47388458251953,
      35.67672348022461,
      25.079336166381836,
      24.43368148803711
    ],
    [
      7.633881092071533,
      2.065305233001709,
      17.886655807495117,
      32.76702117919922,
      98.38846588134766,
      70.3244400024414,
      84.36196899414062,
      67.2959976196289,
      65.697509765625,
      55.16706085205078,
      61.57244110107422,
      49.776336669921875,
      33.65171432495117,
      24.977874755859375,
      46.330421447753906,
      35.20774841308594,
      41.37474822998047,
      17.996070861816406
    ],
    [
      9.662203788757324,
      4.482336044311523,
      15.843520164489746,
      43.774864196777344,
      70.3244400024414,
      84.27360534667969,
      67.77247619628906,
      77.56243133544922,
      56.20792007446289,
      66.22561645507812,
      53.490264892578125,
      59.5057258605957,
      38.04172134399414,
      41.106231689453125,
      47.1218376159668,
      50.20809555053711,
      42.96078872680664,
      31.54604721069336
    ],
    [
      9.416569709777832,
      1.3071339130401611,
      17.08610725402832,
      34.08281707763672,
      84.36196899414062,
      67.77247619628906,
      122.43001556396484,
      87.17179107666016,
      87.6690902709961,
      67.00715637207031,
      73.72055053710938,
      57.078609466552734,
      41.25878143310547,
      29.93283462524414,
      49.53255844116211,
      38.72224426269531,
      42.03219223022461,
      20.229427337646484
    ],
    [
      11.120952606201172,
      4.174859046936035,
      16.48398780822754,
      46.68290710449219,
      67.2959976196289,
      77.56243133544922,
      87.17179107666016,
      101.98731231689453,
      70.19036865234375,
      81.80760955810547,
      60.55351638793945,
      70.70702362060547,
      42.33724594116211,
      49.13325500488281,
      48.70829772949219,
      56.445457458496094,
      45.47653579711914,
      34.28010177612305
    ],
    [
      8.227192878723145,
      1.8069547414779663,
      14.49928092956543,
      31.55753517150879,
      65.697509765625,
      56.20792007446289,
      87.6690902709961,
      70.19036865234375,
      93.56950378417969,
      68.24380493164062,
      76.06034851074219,
      57.114280700683594,
      49.54706573486328,
      34.80039978027344,
      49.7216682434082,
      40.28993225097656,
      41.84269332885742,
      22.422197341918945
    ],
    [
      7.786281585693359,
      3.28884220123291,
      12.838143348693848,
      44.328086853027344,
      55.16706085205078,
      66.22561645507812,
      67.00715637207031,
      81.80760955810547,
      68.24380493164062,
      91.46646881103516,
      60.14306640625,
      79.13349151611328,
      46.39202880859375,
      59.17930603027344,
      44.398868560791016,
      61.489261627197266,
      40.54771041870117,
      38.50236129760742
    ],
    [
      7.661627292633057,
      2.0580673217773438,
      12.966105461120605,
      29.774845123291016,
      61.57244110107422,
      53.490264892578125,
      73.72055053710938,
      60.55351638793945,
      76.06034851074219,
      60.14306640625,
      82.79196166992188,
      57.658817291259766,
      56.488487243652344,
      37.13542175292969,
      56.91087341308594,
      43.48363494873047,
      47.01585388183594,
      24.244009017944336
    ],
    [
      5.478894233703613,
      2.5050108432769775,
      10.787270545959473,
      40.40522003173828,
      49.776336669921875,
      59.5057258605957,
      57.078609466552734,
      70.70702362060547,
      57.114280700683594,
      79.13349151611328,
      57.658817291259766,
      87.93540954589844,
      45.371315002441406,
      67.16816711425781,
      42.582489013671875,
      67.73978424072266,
      37.722103118896484,
      42.35993576049805
    ],
    [
      6.42840051651001,
      2.346482515335083,
      9.586101531982422,
      24.713693618774414,
      33.65171432495117,
      38.04172134399414,
      41.25878143310547,
      42.33724594116211,
      49.54706573486328,
      46.39202880859375,
      56.488487243652344,
      45.371315002441406,
      71.23163604736328,
      46.53358459472656,
      64.17626953125,
      50.1500358581543,
      55.270729064941406,
      30.994121551513672
    ],
    [
      3.476428508758545,
      2.3476109504699707,
      7.561765193939209,
      32.37506866455078,
      24.977874755859375,
      41.106231689453125,
      29.93283462524414,
      49.13325500488281,
      34.80039978027344,
      59.17930603027344,
      37.13542175292969,
      67.16816711425781,
      46.53358459472656,
      71.65296173095703,
      41.214813232421875,
      68.7342300415039,
      36.59059524536133,
      45.807167053222656
    ],
    [
      7.578685760498047,
      2.978123903274536,
      11.245631217956543,
      26.47388458251953,
      46.330421447753906,
      47.1218376159668,
      49.53255844116211,
      48.70829772949219,
      49.7216682434082,
      44.398868560791016,
      56.91087341308594,
      42.582489013671875,
      64.17626953125,
      41.214813232421875,
      81.53965759277344,
      54.558292388916016,
      68.76390075683594,
      33.45231628417969
    ],
    [
      6.66383171081543,
      3.448397397994995,
      8.465651512145996,
      35.67672348022461,
      35.20774841308594,
      50.20809555053711,
      38.72224426269531,
      56.445457458496094,
      40.28993225097656,
      61.489261627197266,
      43.48363494873047,
      67.73978424072266,
      50.1500358581543,
      68.7342300415039,
      54.558292388916016,
      78.58003997802734,
      48.941341400146484,
      53.2653694152832
    ],
    [
      9.152104377746582,
      4.157571315765381,
      11.504809379577637,
      25.079336166381836,
      41.37474822998047,
      42.96078872680664,
      42.03219223022461,
      45.47653579711914,
      41.84269332885742,
      40.54771041870117,
      47.01585388183594,
      37.722103118896484,
      55.270729064941406,
      36.59059524536133,
      68.76390075683594,
      48.941341400146484,
      70.87906646728516,
      31.98609733581543
    ],
    [
      6.724328994750977,
      3.741424322128296,
      5.164977550506592,
      24.43368148803711,
      17.996070861816406,
      31.54604721069336,
      20.229427337646484,
      34.28010177612305,
      22.422197341918945,
      38.50236129760742,
      24.244009017944336,
      42.35993576049805,
      30.994121551513672,
      45.807167053222656,
      33.45231628417969,
      53.2653694152832,
      31.98609733581543,
      43.286048889160156
    ]
  ],
  "drr": 16.57320785522461,
  "dynamics": 3.858727216720581,
  "format": 1245190,
  "frames": 8110080,
  "loudness": -11.539913177490234,
  "loudness_range": 10.344778060913086,
  "loudness_range_short": 15.05496883392334,
  "peak": 0.32839781045913696,
  "rms": -12.615349769592285,
  "sample_rate": 44100,
  "sections": 1,
  "seekable": 1,
  "sharpness": 3.731022357940674,
  "space": -21.177200317382812
}