{
  "bands": [
    {
      "high_freq": 148.1999969482422,
      "loudness": -21.341806411743164,
      "loudness_range": 11.843947410583496,
      "mid_mean": -17.75867462158203,
      "mid_to_side_loudness": -18.831087112426758,
      "mid_to_side_loudness_range": 18.304752349853516,
      "side_mean": -37.640838623046875
    },
    {
      "high_freq": 392.3793640136719,
      "loudness": -24.848905563354492,
      "loudness_range": 13.973512649536133,
      "low_freq": 148.1999969482422,
      "mid_mean": -21.92413902282715,
      "mid_to_side_loudness": -8.16524600982666,
      "mid_to_side_loudness_range": 10.640816688537598,
      "side_mean": -30.279273986816406
    },
    {
      "high_freq": 794.6976318359375,
      "loudness": -28.389738082885742,
      "loudness_range": 24.461864471435547,
      "low_freq": 392.3793640136719,
      "mid_mean": -25.740333557128906,
      "mid_to_side_loudness": -6.506700038909912,
      "mid_to_side_loudness_range": 10.037168502807617,
      "side_mean": -32.44015884399414
    },
    {
      "high_freq": 1457.5709228515625,
      "loudness": -34.65278625488281,
      "loudness_range": 24.826332092285156,
      "low_freq": 794.6976318359375,
      "mid_mean": -32.072933197021484,
      "mid_to_side_loudness": -6.3550238609313965,
      "mid_to_side_loudness_range": 10.865013122558594,
      "side_mean": -38.70120620727539
    },
    {
      "high_freq": 2549.74365234375,
      "loudness": -36.93684387207031,
      "loudness_range": 24.76962661743164,
      "low_freq": 1457.5709228515625,
      "mid_mean": -34.05628967285156,
      "mid_to_side_loudness": -7.6846208572387695,
      "mid_to_side_loudness_range": 9.794084548950195,
      "side_mean": -42.04314041137695
    },
    {
      "high_freq": 4349.24462890625,
      "loudness": -41.481754302978516,
      "loudness_range": 24.159212112426758,
      "low_freq": 2549.74365234375,
      "mid_mean": -38.77678298950195,
      "mid_to_side_loudness": -7.052940845489502,
      "mid_to_side_loudness_range": 10.783587455749512,
      "side_mean": -46.084373474121094
    },
    {
      "high_freq": 7314.1640625,
      "loudness": -44.169952392578125,
      "loudness_range": 20.920148849487305,
      "low_freq": 4349.24462890625,
      "mid_mean": -41.52875900268555,
      "mid_to_side_loudness": -6.59630012512207,
      "mid_to_side_loudness_range": 9.995498657226562,
      "side_mean": -48.484901428222656
    },
    {
      "high_freq": 12199.2666015625,
      "loudness": -43.05623245239258,
      "loudness_range": 17.227279663085938,
      "low_freq": 7314.1640625,
      "mid_mean": -40.459285736083984,
      "mid_to_side_loudness": -6.186936855316162,
      "mid_to_side_loudness_range": 7.798695087432861,
      "side_mean": -46.775203704833984
    },
    {
      "loudness": -46.14949035644531,
      "loudness_range": 16.27446746826172,
      "low_freq": 12199.2666015625,
      "mid_mean": -43.834835052490234,
      "mid_to_side_loudness": -5.053151607513428,
      "mid_to_side_loudness_range": 7.803987503051758,
      "side_mean": -49.44153594970703
    }
  ],
  "bands_short": [
    {
      "high_freq": 148.1999969482422,
      "loudness": -23.98772430419922,
      "loudness_range": 18.835796356201172,
      "mid_mean": -20.426008224487305,
      "mid_to_side_loudness": -18.915180206298828,
      "mid_to_side_loudness_range": 23.62806510925293,
      "side_mean": -41.41047286987305
    },
    {
      "high_freq": 392.3793640136719,
      "loudness": -24.0759220123291,
      "loudness_range": 16.15898323059082,
      "low_freq": 148.1999969482422,
      "mid_mean": -21.066129684448242,
      "mid_to_side_loudness": -9.452427864074707,
      "mid_to_side_loudness_range": 14.820819854736328,
      "side_mean": -30.86177635192871
    },
    {
      "high_freq": 794.6976318359375,
      "loudness": -28.92913055419922,
      "loudness_range": 25.74989891052246,
      "low_freq": 392.3793640136719,
      "mid_mean": -26.468706130981445,
      "mid_to_side_loudness": -6.014068126678467,
      "mid_to_side_loudness_range": 13.10456657409668,
      "side_mean": -32.854164123535156
    },
    {
      "high_freq": 1457.5709228515625,
      "loudness": -35.883121490478516,
      "loudness_range": 26.9904842376709,
      "low_freq": 794.6976318359375,
      "mid_mean": -33.65261459350586,
      "mid_to_side_loudness": -5.379204273223877,
      "mid_to_side_loudness_range": 12.776447296142578,
      "side_mean": -39.323490142822266
    },
    {
      "high_freq": 2549.74365234375,
      "loudness": -39.42705154418945,
      "loudness_range": 28.62044906616211,
      "low_freq": 1457.5709228515625,
      "mid_mean": -36.95170211791992,
      "mid_to_side_loudness": -6.070634365081787,
      "mid_to_side_loudness_range": 10.200014114379883,
      "side_mean": -43.45240783691406
    },
    {
      "high_freq": 4349.24462890625,
      "loudness": -45.08953857421875,
      "loudness_range": 29.219478607177734,
      "low_freq": 2549.74365234375,
      "mid_mean": -42.968292236328125,
      "mid_to_side_loudness": -4.812959671020508,
      "mid_to_side_loudness_range": 9.50418472290039,
      "side_mean": -48.183441162109375
    },
    {
      "high_freq": 7314.1640625,
      "loudness": -48.15888595581055,
      "loudness_range": 26.44928741455078,
      "low_freq": 4349.24462890625,
      "mid_mean": -46.11310958862305,
      "mid_to_side_loudness": -4.382954120635986,
      "mid_to_side_loudness_range": 8.979498863220215,
      "side_mean": -51.275856018066406
    },
    {
      "high_freq": 12199.2666015625,
      "loudness": -47.8760871887207,
      "loudness_range": 25.94296646118164,
      "low_freq": 7314.1640625,
      "mid_mean": -45.88517761230469,
      "mid_to_side_loudness": -3.893808603286743,
      "mid_to_side_loudness_range": 8.528565406799316,
      "side_mean": -50.62223434448242
    },
    {
      "loudness": -51.62809753417969,
      "loudness_range": 25.138290405273438,
      "low_freq": 12199.2666015625,
      "mid_mean": -50.602500915527344,
      "mid_to_side_loudness": -2.905660390853882,
      "mid_to_side_loudness_range": 7.553618907928467,
      "side_mean": -53.3520393371582
    }
  ],
  "channels": 2,
  "covariance": [
    [
      26.7868709564209,
      14.847379684448242,
      14.55478286743164,
      10.094575881958008,
      14.543912887573242,
      13.624857902526855,
      14.785934448242188,
      15.522778511047363,
      15.968403816223145,
      15.061619758605957,
      14.05085277557373,
      12.677391052246094,
      10.782697677612305,
      11.77131175994873,
      9.013906478881836,
      9.035571098327637,
      9.600866317749023,
      11.282371520996094
    ],
    [
      14.847379684448242,
      31.310922622680664,
      15.362817764282227,
      13.92512035369873,
      14.996323585510254,
      13.609557151794434,
      11.286698341369629,
      12.544641494750977,
      14.765996932983398,
      14.346761703491211,
      11.652390480041504,
      10.91759967803955,
      9.223097801208496,
      10.27068042755127,
      7.31210994720459,
      7.855602264404297,
      7.184574604034424,
      10.443012237548828
    ],
    [
      14.55478286743164,
      15.362817764282227,
      29.154312133789062,
      21.193355560302734,
      26.215625762939453,
      24.005550384521484,
      23.892499923706055,
      24.612415313720703,
      23.814573287963867,
      25.106674194335938,
      22.273744583129883,
      23.189748764038086,
      17.200267791748047,
      18.09025764465332,
      13.14584732055664,
      12.2295560836792,
      11.44383430480957,
      12.230993270874023
    ],
    [
      10.094575881958008,
      13.92512035369873,
      21.193355560302734,
      28.89391326904297,
      20.16399574279785,
      20.95963478088379,
      18.058122634887695,
      20.989212036132812,
      19.072668075561523,
      22.383777618408203,
      15.833932876586914,
      19.491134643554688,
      13.122096061706543,
      16.10356330871582,
      10.87294864654541,
      11.62733268737793,
      9.907693862915039,
      11.694472312927246
    ],
    [
      14.543912887573242,
      14.996323585510254,
      26.215625762939453,
      20.16399574279785,
      74.45851135253906,
      60.772342681884766,
      54.86988830566406,
      52.74081802368164,
      51.03413009643555,
      51.72422790527344,
      43.01826477050781,
      47.2456169128418,
      29.65874671936035,
      31.029094696044922,
      21.775949478149414,
      20.180341720581055,
      16.427345275878906,
      14.464179992675781
    ],
    [
      13.624857902526855,
      13.609557151794434,
      24.005550384521484,
      20.95963478088379,
      60.772342681884766,
      61.850685119628906,
      48.04997634887695,
      49.96686935424805,
      45.16145706176758,
      48.769981384277344,
      37.66842269897461,
      43.566104888916016,
      26.12074089050293,
      28.88545036315918,
      19.701404571533203,
      19.45514488220215,
      15.302037239074707,
      14.322916030883789
    ],
    [
      14.785934448242188,
      11.286698341369629,
      23.892499923706055,
      18.058122634887695,
      54.86988830566406,
      48.04997634887695,
      72.67754364013672,
      60.85892105102539,
      59.59038543701172,
      56.322601318359375,
      52.41704559326172,
      51.77572250366211,
      37.3783073425293,
      34.83038330078125,
      26.702531814575195,
      23.008054733276367,
      19.583860397338867,
      16.38014793395996
    ],
    [
      15.522778511047363,
      12.544641494750977,
      24.612415313720703,
      20.989212036132812,
      52.74081802368164,
      49.96686935424805,
      60.85892105102539,
      67.04505157470703,
      51.96512985229492,
      56.77151870727539,
      43.57738494873047,
      48.599464416503906,
      28.59044075012207,
      30.53386688232422,
      21.491907119750977,
      20.367170333862305,
      16.678062438964844,
      14.349569320678711
    ],
    [
      15.968403816223145,
      14.765996932983398,
      23.814573287963867,
      19.072668075561523,
      51.03413009643555,
      45.16145706176758,
      59.59038543701172,
      51.96512985229492,
      71.75711822509766,
      63.64656066894531,
      59.81753921508789,
      56.34373092651367,
      44.26767349243164,
      38.23478317260742,
      31.082382202148438,
      26.286235809326172,
      22.319107055664062,
      18.609712600708008
    ],
    [
      15.061619758605957,
      14.346761703491211,
      25.106674194335938,
      22.383777618408203,
      51.72422790527344,
      48.769981384277344,
      56.322601318359375,
      56.77151870727539,
      63.64656066894531,
      69.99803924560547,
      53.19676971435547,
      57.31924819946289,
      37.8278923034668,
      38.194847106933594,
      27.626386642456055,
      26.086992263793945,
      20.58306884765625,
      17.87180519104004
    ],
    [
      14.05085277557373,
      11.652390480041504,
      22.273744583129883,
      15.833932876586914,
      43.01826477050781,
      37.66842269897461,
      52.41704559326172,
      43.57738494873047,
      59.81753921508789,
      53.19676971435547,
      68.98101806640625,
      58.53884506225586,
      53.73677444458008,
      41.9520263671875,
      38.65946578979492,
      30.630748748779297,
      27.871252059936523,
      21.57940673828125
    ],
    [
      12.677391052246094,
      10.91759967803955,
      23.189748764038086,
      19.491134643554688,
      47.2456169128418,
      43.566104888916016,
      51.77572250366211,
      48.599464416503906,
      56.34373092651367,
      57.31924819946289,
      58.53884506225586,
      64.79911804199219,
      46.3363151550293,
      44.95537185668945,
      34.28169631958008,
      31.818113327026367,
      25.03143310546875,
      22.453092575073242
    ],
    [
      10.782697677612305,
      9.223097801208496,
      17.200267791748047,
      13.122096061706543,
      29.65874671936035,
      26.12074089050293,
      37.3783073425293,
      28.59044075012207,
      44.26767349243164,
      37.8278923034668,
      53.73677444458008,
      46.3363151550293,
      53.485042572021484,
      41.241416931152344,
      39.89984893798828,
      31.755657196044922,
      29.91974449157715,
      23.859533309936523
    ],
    [
      11.77131175994873,
      10.27068042755127,
      18.09025764465332,
      16.10356330871582,
      31.029094696044922,
      28.88545036315918,
      34.83038330078125,
      30.53386688232422,
      38.23478317260742,
      38.194847106933594,
      41.9520263671875,
      44.95537185668945,
      41.241416931152344,
      45.959537506103516,
      32.2390022277832,
      31.852783203125,
      24.95232391357422,
      26.01814079284668
    ],
    [
      9.013906478881836,
      7.31210994720459,
      13.14584732055664,
      10.87294864654541,
      21.775949478149414,
      19.701404571533203,
      26.702531814575195,
      21.491907119750977,
      31.082382202148438,
      27.626386642456055,
      38.65946578979492,
      34.28169631958008,
      39.89984893798828,
      32.2390022277832,
      40.25926971435547,
      31.790863037109375,
      33.99119567871094,
      25.803789138793945
    ],
    [
      9.035571098327637,
      7.855602264404297,
      12.2295560836792,
      11.62733268737793,
      20.180341720581055,
      19.45514488220215,
      23.008054733276367,
      20.367170333862305,
      26.286235809326172,
      26.086992263793945,
      30.630748748779297,
      31.818113327026367,
      31.755657196044922,
      31.852783203125,
      31.790863037109375,
      31.841472625732422,
      27.202266693115234,
      25.000917434692383
    ],
    [
      9.600866317749023,
      7.184574604034424,
      11.44383430480957,
      9.907693862915039,
      16.427345275878906,
      15.302037239074707,
      19.583860397338867,
      16.678062438964844,
      22.319107055664062,
      20.58306884765625,
      27.871252059936523,
      25.03143310546875,
      29.91974449157715,
      24.95232391357422,
      33.99119567871094,
      27.202266693115234,
      37.58127212524414,
      27.811443328857422
    ],
    [
      11.282371520996094,
      10.443012237548828,
      12.230993270874023,
      11.694472312927246,
      14.464179992675781,
      14.322916030883789,
      16.38014793395996,
      14.349569320678711,
      18.609712600708008,
      17.87180519104004,
      21.57940673828125,
      22.453092575073242,
      23.859533309936523,
      26.01814079284668,
      25.803789138793945,
      25.000917434692383,
      27.811443328857422,
      34.52385711669922
    ]
  ],
  "covariance_short": [
    [
      48.97987747192383,
      23.271881103515625,
      21.622760772705078,
      11.083090782165527,
      15.489933013916016,
      15.270574569702148,
      17.466148376464844,
      17.231773376464844,
      20.417245864868164,
      18.134750366210938,
      21.292251586914062,
      19.614458084106445,
      17.195125579833984,
      17.488224029541016,
      15.067238807678223,
      16.25066375732422,
      17.444978713989258,
      15.198345184326172
    ],
    [
      23.271881103515625,
      46.21876525878906,
      21.957685470581055,
      17.789127349853516,
      18.982120513916016,
      17.833969116210938,
      18.808542251586914,
      17.845571517944336,
      21.426313400268555,
      19.3009033203125,
      19.986520767211914,
      18.726959228515625,
      15.439537048339844,
      15.74483585357666,
      12.57852840423584,
      14.04621696472168,
      15.751555442810059,
      13.74154281616211
    ],
    [
      21.622760772705078,
      21.957685470581055,
      37.98427963256836,
      22.37830924987793,
      29.71388053894043,
      26.116798400878906,
      31.24150276184082,
      28.849817276000977,
      32.24186325073242,
      28.989625930786133,
      31.703365325927734,
      28.707279205322266,
      23.2369384765625,
      22.202993392944336,
      17.65020179748535,
      17.87605094909668,
      18.322593688964844,
      14.920742988586426
    ],
    [
      11.083090782165527,
      17.789127349853516,
      22.37830924987793,
      36.028438568115234,
      23.02360725402832,
      23.95808219909668,
      23.099212646484375,
      24.521963119506836,
      25.63905906677246,
      25.931455612182617,
      22.96241569519043,
      24.10065269470215,
      16.531387329101562,
      18.639074325561523,
      13.292799949645996,
      16.061311721801758,
      14.645572662353516,
      12.930845260620117
    ],
    [
      15.489933013916016,
      18.982120513916016,
      29.71388053894043,
      23.02360725402832,
      82.12593078613281,
      61.351234436035156,
      64.88358306884766,
      56.66251754760742,
      62.061405181884766,
      55.75962829589844,
      57.12269592285156,
      54.08789825439453,
      38.4556770324707,
      35.330997467041016,
      27.073156356811523,
      23.841421127319336,
      19.682249069213867,
      15.052963256835938
    ],
    [
      15.270574569702148,
      17.833969116210938,
      26.116798400878906,
      23.95808219909668,
      61.351234436035156,
      64.94705200195312,
      54.61465072631836,
      52.148597717285156,
      53.553382873535156,
      51.99311447143555,
      49.817771911621094,
      49.550628662109375,
      33.777156829833984,
      33.153717041015625,
      24.15139389038086,
      23.141014099121094,
      18.333593368530273,
      15.080023765563965
    ],
    [
      17.466148376464844,
      18.808542251586914,
      31.24150276184082,
      23.099212646484375,
      64.88358306884766,
      54.61465072631836,
      91.73270416259766,
      71.25029754638672,
      75.51127624511719,
      66.3689956665039,
      70.5261459350586,
      62.91875076293945,
      46.96803665161133,
      41.01171112060547,
      34.6765251159668,
      29.295209884643555,
      26.469758987426758,
      19.874412536621094
    ],
    [
      17.231773376464844,
      17.845571517944336,
      28.849817276000977,
      24.521963119506836,
      56.66251754760742,
      52.148597717285156,
      71.25029754638672,
      76.27111053466797,
      64.9892349243164,
      63.43931198120117,
      59.8185920715332,
      58.04938507080078,
      37.79133605957031,
      36.10235595703125,
      27.645648956298828,
      25.2553653717041,
      20.916400909423828,
      16.81745719909668
    ],
    [
      20.417245864868164,
      21.426313400268555,
      32.24186325073242,
      25.63905906677246,
      62.061405181884766,
      53.553382873535156,
      75.51127624511719,
      64.9892349243164,
      96.037353515625,
      78.45758056640625,
      82.52628326416016,
      71.38098907470703,
      59.11909866333008,
      49.057159423828125,
      45.416969299316406,
      36.93326950073242,
      34.86760711669922,
      26.248933792114258
    ],
    [
      18.134750366210938,
      19.3009033203125,
      28.989625930786133,
      25.931455612182617,
      55.75962829589844,
      51.99311447143555,
      66.3689956665039,
      63.43931198120117,
      78.45758056640625,
      80.48021697998047,
      71.03498840332031,
      68.21485900878906,
      49.68135070800781,
      46.07563018798828,
      37.22244644165039,
      33.70695877075195,
      28.469890594482422,
      22.795541763305664
    ],
    [
      21.292251586914062,
      19.986520767211914,
      31.703365325927734,
      22.96241569519043,
      57.12269592285156,
      49.817771911621094,
      70.5261459350586,
      59.8185920715332,
      82.52628326416016,
      71.03498840332031,
      99.96367645263672,
      81.8562240600586,
      77.6197509765625,
      61.48506546020508,
      63.48862075805664,
      49.89393997192383,
      49.48359298706055,
      37.121864318847656
    ],
    [
      19.614458084106445,
      18.726959228515625,
      28.707279205322266,
      24.10065269470215,
      54.08789825439453,
      49.550628662109375,
      62.91875076293945,
      58.04938507080078,
      71.38098907470703,
      68.21485900878906,
      81.8562240600586,
      83.68415832519531,
      65.6407699584961,
      61.14887619018555,
      53.030517578125,
      48.989620208740234,
      43.55963897705078,
      35.6700553894043
    ],
    [
      17.195125579833984,
      15.439537048339844,
      23.2369384765625,
      16.531387329101562,
      38.4556770324707,
      33.777156829833984,
      46.96803665161133,
      37.79133605957031,
      59.11909866333008,
      49.68135070800781,
      77.6197509765625,
      65.6407699584961,
      84.48838806152344,
      65.97517395019531,
      72.26177215576172,
      57.54637908935547,
      59.72916030883789,
      46.2150764465332
    ],
    [
      17.488224029541016,
      15.74483585357666,
      22.202993392944336,
      18.639074325561523,
      35.330997467041016,
      33.153717041015625,
      41.01171112060547,
      36.10235595703125,
      49.057159423828125,
      46.07563018798828,
      61.48506546020508,
      61.14887619018555,
      65.97517395019531,
      71.82557678222656,
      56.935550689697266,
      62.85734939575195,
      58.84882354736328,
      50.071006774902344
    ],
    [
      15.067238807678223,
      12.57852840423584,
      17.65020179748535,
      13.292799949645996,
      27.073156356811523,
      24.15139389038086,
      34.6765251159668,
      27.645648956298828,
      45.416969299316406,
      37.22244644165039,
      63.48862075805664,
      53.030517578125,
      72.26177215576172,
      56.935550689697266,
      79.28717041015625,
      62.36624526977539,
      68.03357696533203,
      53.00541305541992
    ],
    [
      16.25066375732422,
      14.04621696472168,
      17.87605094909668,
      16.061311721801758,
      23.841421127319336,
      23.141014099121094,
      29.295209884643555,
      25.2553653717041,
      36.93326950073242,
      33.70695877075195,
      49.89393997192383,
      48.989620208740234,
      57.54637908935547,
      62.85734939575195,
      62.36624526977539,
      68.71146392822266,
      67.56070709228516,
      58.1021614074707
    ],
    [
      17.444978713989258,
      15.751555442810059,
      18.322593688964844,
      14.645572662353516,
      19.682249069213867,
      18.333593368530273,
      26.469758987426758,
      20.916400909423828,
      34.86760711669922,
      28.469890594482422,
      49.48359298706055,
      43.55963897705078,
      59.72916030883789,
      58.84882354736328,
      68.03357696533203,
      67.56070709228516,
      84.25244903564453,
      68.13310241699219
    ],
    [
      15.198345184326172,
      13.74154281616211,
      14.920742988586426,
      12.930845260620117,
      15.052963256835938,
      15.080023765563965,
      19.874412536621094,
      16.81745719909668,
      26.248933792114258,
      22.795541763305664,
      37.121864318847656,
      35.6700553894043,
      46.2150764465332,
      50.071006774902344,
      53.00541305541992,
      58.1021614074707,
      68.13310241699219,
      60.570465087890625
    ]
  ],
  "drr": 12.51453971862793,
  "dynamics": 4.005604267120361,
  "format": 1245190,
  "frames": 16613376,
  "loudness": -13.912742614746094,
  "loudness_range": 11.234235763549805,
  "loudness_range_short": 16.414072036743164,
  "peak": 1.126866102218628,
  "rms": -14.433944702148438,
  "sample_rate": 44100,
  "sections": 1,
  "seekable": 1,
  "sharpness": 3.710527181625366,
  "space": -10.575284004211426
}