{
  "bands": [
    {
      "high_freq": 148.1999969482422,
      "loudness": -16.963266372680664,
      "loudness_range": 9.981440544128418,
      "mid_mean": -13.518741607666016,
      "mid_to_side_loudness": -24.15567970275879,
      "mid_to_side_loudness_range": 22.34732437133789,
      "side_mean": -38.75294876098633
    },
    {
      "high_freq": 392.3793640136719,
      "loudness": -22.348472595214844,
      "loudness_range": 8.726408004760742,
      "low_freq": 148.1999969482422,
      "mid_mean": -19.492956161499023,
      "mid_to_side_loudness": -8.238386154174805,
      "mid_to_side_loudness_range": 15.192669868469238,
      "side_mean": -27.958343505859375
    },
    {
      "high_freq": 794.6976318359375,
      "loudness": -23.92149543762207,
      "loudness_range": 9.915349960327148,
      "low_freq": 392.3793640136719,
      "mid_mean": -21.936960220336914,
      "mid_to_side_loudness": -5.105871200561523,
      "mid_to_side_loudness_range": 17.361888885498047,
      "side_mean": -27.278295516967773
    },
    {
      "high_freq": 1457.5709228515625,
      "loudness": -27.12462615966797,
      "loudness_range": 12.394865036010742,
      "low_freq": 794.6976318359375,
      "mid_mean": -25.040525436401367,
      "mid_to_side_loudness": -5.1413984298706055,
      "mid_to_side_loudness_range": 15.92318058013916,
      "side_mean": -30.278329849243164
    },
    {
      "high_freq": 2549.74365234375,
      "loudness": -25.27056121826172,
      "loudness_range": 14.525087356567383,
      "low_freq": 1457.5709228515625,
      "mid_mean": -22.873031616210938,
      "mid_to_side_loudness": -6.748732089996338,
      "mid_to_side_loudness_range": 17.905879974365234,
      "side_mean": -29.627986907958984
    },
    {
      "high_freq": 4349.24462890625,
      "loudness": -24.953100204467773,
      "loudness_range": 13.562902450561523,
      "low_freq": 2549.74365234375,
      "mid_mean": -22.618118286132812,
      "mid_to_side_loudness": -7.081315994262695,
      "mid_to_side_loudness_range": 20.349687576293945,
      "side_mean": -29.54097557067871
    },
    {
      "high_freq": 7314.1640625,
      "loudness": -26.552135467529297,
      "loudness_range": 15.193428039550781,
      "low_freq": 4349.24462890625,
      "mid_mean": -24.804096221923828,
      "mid_to_side_loudness": -4.580709457397461,
      "mid_to_side_loudness_range": 17.913156509399414,
      "side_mean": -29.039297103881836
    },
    {
      "high_freq": 12199.2666015625,
      "loudness": -25.779050827026367,
      "loudness_range": 13.802322387695312,
      "low_freq": 7314.1640625,
      "mid_mean": -25.252971649169922,
      "mid_to_side_loudness": -1.4939215183258057,
      "mid_to_side_loudness_range": 18.471588134765625,
      "side_mean": -26.349599838256836
    },
    {
      "loudness": -31.68494415283203,
      "loudness_range": 14.542472839355469,
      "low_freq": 12199.2666015625,
      "mid_mean": -31.147924423217773,
      "mid_to_side_loudness": -0.3829933702945709,
      "mid_to_side_loudness_range": 13.352655410766602,
      "side_mean": -31.051101684570312
    }
  ],
  "bands_short": [
    {
      "high_freq": 148.1999969482422,
      "loudness": -19.619464874267578,
      "loudness_range": 20.900054931640625,
      "mid_mean": -16.37483024597168,
      "mid_to_side_loudness": -25.30027961730957,
      "mid_to_side_loudness_range": 32.74541473388672,
      "side_mean": -45.76902770996094
    },
    {
      "high_freq": 392.3793640136719,
      "loudness": -22.775169372558594,
      "loudness_range": 16.94042205810547,
      "low_freq": 148.1999969482422,
      "mid_mean": -19.915128707885742,
      "mid_to_side_loudness": -8.969182014465332,
      "mid_to_side_loudness_range": 21.573606491088867,
      "side_mean": -29.818147659301758
    },
    {
      "high_freq": 794.6976318359375,
      "loudness": -25.08901596069336,
      "loudness_range": 15.58747673034668,
      "low_freq": 392.3793640136719,
      "mid_mean": -23.54773712158203,
      "mid_to_side_loudness": -4.291394233703613,
      "mid_to_side_loudness_range": 20.495027542114258,
      "side_mean": -28.482709884643555
    },
    {
      "high_freq": 1457.5709228515625,
      "loudness": -28.117366790771484,
      "loudness_range": 17.765718460083008,
      "low_freq": 794.6976318359375,
      "mid_mean": -26.418182373046875,
      "mid_to_side_loudness": -4.456570625305176,
      "mid_to_side_loudness_range": 20.14873695373535,
      "side_mean": -31.37602996826172
    },
    {
      "high_freq": 2549.74365234375,
      "loudness": -26.651939392089844,
      "loudness_range": 19.592315673828125,
      "low_freq": 1457.5709228515625,
      "mid_mean": -24.521984100341797,
      "mid_to_side_loudness": -6.161768913269043,
      "mid_to_side_loudness_range": 20.573081970214844,
      "side_mean": -30.932050704956055
    },
    {
      "high_freq": 4349.24462890625,
      "loudness": -26.086915969848633,
      "loudness_range": 17.974233627319336,
      "low_freq": 2549.74365234375,
      "mid_mean": -24.075944900512695,
      "mid_to_side_loudness": -6.494502544403076,
      "mid_to_side_loudness_range": 22.871532440185547,
      "side_mean": -30.522802352905273
    },
    {
      "high_freq": 7314.1640625,
      "loudness": -27.70574188232422,
      "loudness_range": 19.113645553588867,
      "low_freq": 4349.24462890625,
      "mid_mean": -26.26445960998535,
      "mid_to_side_loudness": -4.119995594024658,
      "mid_to_side_loudness_range": 20.307151794433594,
      "side_mean": -30.055273056030273
    },
    {
      "high_freq": 12199.2666015625,
      "loudness": -26.946836471557617,
      "loudness_range": 17.711999893188477,
      "low_freq": 7314.1640625,
      "mid_mean": -26.56328773498535,
      "mid_to_side_loudness": -1.1841695308685303,
      "mid_to_side_loudness_range": 21.103511810302734,
      "side_mean": -27.879507064819336
    },
    {
      "loudness": -33.23479461669922,
      "loudness_range": 19.111919403076172,
      "low_freq": 12199.2666015625,
      "mid_mean": -32.75032043457031,
      "mid_to_side_loudness": -0.3555523753166199,
      "mid_to_side_loudness_range": 16.038366317749023,
      "side_mean": -32.898399353027344
    }
  ],
  "channels": 2,
  "covariance": [
    [
      27.206653594970703,
      15.675106048583984,
      7.1023783683776855,
      12.106727600097656,
      1.416231393814087,
      8.044751167297363,
      4.498419761657715,
      9.053910255432129,
      6.585028171539307,
      12.556011199951172,
      6.606531143188477,
      11.244382858276367,
      7.715104103088379,
      9.049025535583496,
      5.0942511558532715,
      6.309924125671387,
      5.4541754722595215,
      3.8987069129943848
    ],
    [
      15.675106048583984,
      52.12546157836914,
      8.009166717529297,
      22.676692962646484,
      2.7181828022003174,
      12.980175018310547,
      8.057477951049805,
      16.058151245117188,
      8.891329765319824,
      18.06790542602539,
      8.597675323486328,
      17.17474365234375,
      9.250622749328613,
      13.547711372375488,
      6.2828145027160645,
      12.256109237670898,
      8.540152549743652,
      8.424468040466309
    ],
    [
      7.1023783683776855,
      8.009166717529297,
      16.79530143737793,
      12.19176197052002,
      4.82429838180542,
      10.964339256286621,
      4.114454746246338,
      9.579895973205566,
      2.763333797454834,
      9.063456535339355,
      2.9354987144470215,
      7.407088756561279,
      5.567615509033203,
      7.5325117111206055,
      4.975475311279297,
      5.558621406555176,
      5.7725725173950195,
      1.7347315549850464
    ],
    [
      12.106727600097656,
      22.676692962646484,
      12.19176197052002,
      37.138450622558594,
      4.6781535148620605,
      26.241859436035156,
      9.912781715393066,
      25.347002029418945,
      9.849746704101562,
      27.807634353637695,
      9.167675018310547,
      27.18899917602539,
      11.275361061096191,
      23.572383880615234,
      8.438660621643066,
      21.04350471496582,
      9.57502269744873,
      14.303582191467285
    ],
    [
      1.416231393814087,
      2.7181828022003174,
      4.82429838180542,
      4.6781535148620605,
      16.240406036376953,
      8.099952697753906,
      8.57029914855957,
      5.238942623138428,
      6.595986366271973,
      5.112854957580566,
      5.391538619995117,
      3.9348509311676025,
      3.8907997608184814,
      2.2089598178863525,
      5.575971603393555,
      2.343714952468872,
      5.506134510040283,
      2.4234182834625244
    ],
    [
      8.044751167297363,
      12.980175018310547,
      10.964339256286621,
      26.241859436035156,
      8.099952697753906,
      37.72587585449219,
      8.651813507080078,
      29.84413719177246,
      8.371902465820312,
      31.67078399658203,
      7.420901298522949,
      32.50834274291992,
      11.631770133972168,
      31.561569213867188,
      10.314626693725586,
      29.13413429260254,
      11.928923606872559,
      19.42641258239746
    ],
    [
      4.498419761657715,
      8.057477951049805,
      4.114454746246338,
      9.912781715393066,
      8.57029914855957,
      8.651813507080078,
      23.37673568725586,
      13.93772029876709,
      14.006804466247559,
      12.973484992980957,
      11.441183090209961,
      12.563456535339355,
      11.180487632751465,
      10.89517879486084,
      9.209725379943848,
      10.52448844909668,
      9.252301216125488,
      11.51213550567627
    ],
    [
      9.053910255432129,
      16.058151245117188,
      9.579895973205566,
      25.347002029418945,
      5.238942623138428,
      29.84413719177246,
      13.93772029876709,
      36.978797912597656,
      12.448934555053711,
      35.30232620239258,
      12.213004112243652,
      36.470787048339844,
      16.44039535522461,
      35.143760681152344,
      12.471919059753418,
      32.96412658691406,
      13.202861785888672,
      24.52696990966797
    ],
    [
      6.585028171539307,
      8.891329765319824,
      2.763333797454834,
      9.849746704101562,
      6.595986366271973,
      8.371902465820312,
      14.006804466247559,
      12.448934555053711,
      28.839139938354492,
      20.908044815063477,
      22.31972885131836,
      19.44028091430664,
      19.36919403076172,
      15.850902557373047,
      14.734845161437988,
      14.157322883605957,
      12.853875160217285,
      17.057140350341797
    ],
    [
      12.556011199951172,
      18.06790542602539,
      9.063456535339355,
      27.807634353637695,
      5.112854957580566,
      31.67078399658203,
      12.973484992980957,
      35.30232620239258,
      20.908044815063477,
      48.84360122680664,
      19.32856559753418,
      49.67037582397461,
      23.7860164642334,
      46.09466552734375,
      16.899171829223633,
      41.72503662109375,
      17.09136390686035,
      32.979549407958984
    ],
    [
      6.606531143188477,
      8.597675323486328,
      2.9354987144470215,
      9.167675018310547,
      5.391538619995117,
      7.420901298522949,
      11.441183090209961,
      12.213004112243652,
      22.31972885131836,
      19.32856559753418,
      23.333297729492188,
      20.259246826171875,
      19.693130493164062,
      16.765897750854492,
      14.704174041748047,
      15.279707908630371,
      12.418681144714355,
      17.067049026489258
    ],
    [
      11.244382858276367,
      17.17474365234375,
      7.407088756561279,
      27.18899917602539,
      3.9348509311676025,
      32.50834274291992,
      12.563456535339355,
      36.470787048339844,
      19.44028091430664,
      49.67037582397461,
      20.259246826171875,
      62.70771026611328,
      25.305158615112305,
      56.87354278564453,
      18.02416229248047,
      50.602561950683594,
      17.420684814453125,
      38.98174285888672
    ],
    [
      7.715104103088379,
      9.250622749328613,
      5.567615509033203,
      11.275361061096191,
      3.8907997608184814,
      11.631770133972168,
      11.180487632751465,
      16.44039535522461,
      19.36919403076172,
      23.7860164642334,
      19.693130493164062,
      25.305158615112305,
      26.2764949798584,
      25.362266540527344,
      18.18770980834961,
      23.174604415893555,
      16.346933364868164,
      21.441295623779297
    ],
    [
      9.049025535583496,
      13.547711372375488,
      7.5325117111206055,
      23.572383880615234,
      2.2089598178863525,
      31.561569213867188,
      10.89517879486084,
      35.143760681152344,
      15.850902557373047,
      46.09466552734375,
      16.765897750854492,
      56.87354278564453,
      25.362266540527344,
      63.10246658325195,
      17.756895065307617,
      55.10838317871094,
      18.95399284362793,
      41.92762756347656
    ],
    [
      5.0942511558532715,
      6.2828145027160645,
      4.975475311279297,
      8.438660621643066,
      5.575971603393555,
      10.314626693725586,
      9.209725379943848,
      12.471919059753418,
      14.734845161437988,
      16.899171829223633,
      14.704174041748047,
      18.02416229248047,
      18.18770980834961,
      17.756895065307617,
      19.761974334716797,
      17.61330795288086,
      16.551692962646484,
      18.188255310058594
    ],
    [
      6.309924125671387,
      12.256109237670898,
      5.558621406555176,
      21.04350471496582,
      2.343714952468872,
      29.13413429260254,
      10.52448844909668,
      32.96412658691406,
      14.157322883605957,
      41.72503662109375,
      15.279707908630371,
      50.602561950683594,
      23.174604415893555,
      55.10838317871094,
      17.61330795288086,
      61.63373947143555,
      18.95816993713379,
      46.407554626464844
    ],
    [
      5.4541754722595215,
      8.540152549743652,
      5.7725725173950195,
      9.57502269744873,
      5.506134510040283,
      11.928923606872559,
      9.252301216125488,
      13.202861785888672,
      12.853875160217285,
      17.09136390686035,
      12.418681144714355,
      17.420684814453125,
      16.346933364868164,
      18.95399284362793,
      16.551692962646484,
      18.95816993713379,
      21.294057846069336,
      20.44032096862793
    ],
    [
      3.8987069129943848,
      8.424468040466309,
      1.7347315549850464,
      14.303582191467285,
      2.4234182834625244,
      19.42641258239746,
      11.51213550567627,
      24.52696990966797,
      17.057140350341797,
      32.979549407958984,
      17.067049026489258,
      38.98174285888672,
      21.441295623779297,
      41.92762756347656,
      18.188255310058594,
      46.407554626464844,
      20.44032096862793,
      54.0580940246582
    ]
  ],
  "covariance_short": [
    [
      69.61701202392578,
      26.447383880615234,
      21.01666259765625,
      17.030420303344727,
      6.466400623321533,
      12.990108489990234,
      10.949005126953125,
      13.784149169921875,
      10.884639739990234,
      17.245927810668945,
      10.197599411010742,
      17.609750747680664,
      11.275566101074219,
      15.272543907165527,
      5.781152248382568,
      12.224934577941895,
      7.066298007965088,
      8.715651512145996
    ],
    [
      26.447383880615234,
      107.48344421386719,
      23.749258041381836,
      42.76645278930664,
      7.718075752258301,
      27.80419158935547,
      12.311827659606934,
      27.895971298217773,
      12.13554573059082,
      27.356231689453125,
      11.874800682067871,
      22.533498764038086,
      12.229839324951172,
      18.091920852661133,
      7.542647361755371,
      14.359315872192383,
      11.149633407592773,
      8.47995662689209
    ],
    [
      21.01666259765625,
      23.749258041381836,
      43.50969314575195,
      22.006887435913086,
      15.210031509399414,
      18.16899871826172,
      13.1476469039917,
      16.1487979888916,
      13.13391399383545,
      15.984302520751953,
      12.890782356262207,
      14.802952766418457,
      11.996192932128906,
      13.172754287719727,
      9.93471622467041,
      11.679953575134277,
      11.057671546936035,
      8.635322570800781
    ],
    [
      17.030420303344727,
      42.76645278930664,
      22.006887435913086,
      57.795223236083984,
      12.2980318069458,
      39.57858657836914,
      16.182939529418945,
      36.682029724121094,
      15.718748092651367,
      36.81350326538086,
      14.17214584350586,
      35.2005729675293,
      14.572700500488281,
      29.023353576660156,
      10.642855644226074,
      25.14760971069336,
      12.520100593566895,
      17.950956344604492
    ],
    [
      6.466400623321533,
      7.718075752258301,
      15.210031509399414,
      12.2980318069458,
      38.98227310180664,
      18.40248680114746,
      21.743900299072266,
      14.310615539550781,
      18.115222930908203,
      14.149806022644043,
      15.970437049865723,
      12.354243278503418,
      10.86381721496582,
      9.876782417297363,
      12.60434341430664,
      11.357827186584473,
      10.983698844909668,
      13.045991897583008
    ],
    [
      12.990108489990234,
      27.80419158935547,
      18.16899871826172,
      39.57858657836914,
      18.40248680114746,
      59.23562240600586,
      15.235572814941406,
      44.60211944580078,
      16.00400733947754,
      44.445068359375,
      14.217910766601562,
      44.29381561279297,
      17.652189254760742,
      41.7647590637207,
      14.533957481384277,
      40.91637420654297,
      17.442184448242188,
      29.27332305908203
    ],
    [
      10.949005126953125,
      12.311827659606934,
      13.1476469039917,
      16.182939529418945,
      21.743900299072266,
      15.235572814941406,
      46.41279602050781,
      23.119531631469727,
      30.9150333404541,
      23.213008880615234,
      25.876815795898438,
      21.634702682495117,
      21.894014358520508,
      18.37354850769043,
      16.539499282836914,
      16.2568416595459,
      15.530868530273438,
      19.043264389038086
    ],
    [
      13.784149169921875,
      27.895971298217773,
      16.1487979888916,
      36.682029724121094,
      14.310615539550781,
      44.60211944580078,
      23.119531631469727,
      56.57530975341797,
      21.989351272583008,
      49.46543884277344,
      20.398231506347656,
      49.01506805419922,
      24.720888137817383,
      45.670536041259766,
      17.845121383666992,
      43.19013595581055,
      18.78577423095703,
      33.34556579589844
    ],
    [
      10.884639739990234,
      12.13554573059082,
      13.13391399383545,
      15.718748092651367,
      18.115222930908203,
      16.00400733947754,
      30.9150333404541,
      21.989351272583008,
      52.53101348876953,
      30.716358184814453,
      39.555416107177734,
      29.115985870361328,
      33.18906784057617,
      24.55266761779785,
      24.361141204833984,
      22.206525802612305,
      21.218257904052734,
      25.08915901184082
    ],
    [
      17.245927810668945,
      27.356231689453125,
      15.984302520751953,
      36.81350326538086,
      14.149806022644043,
      44.445068359375,
      23.213008880615234,
      49.46543884277344,
      30.716358184814453,
      65.90184020996094,
      27.913938522338867,
      62.9310302734375,
      31.91368293762207,
      56.75155258178711,
      22.16975212097168,
      52.19382858276367,
      22.923873901367188,
      40.740013122558594
    ],
    [
      10.197599411010742,
      11.874800682067871,
      12.890782356262207,
      14.17214584350586,
      15.970437049865723,
      14.217910766601562,
      25.876815795898438,
      20.398231506347656,
      39.555416107177734,
      27.913938522338867,
      44.50762176513672,
      29.8396053314209,
      35.17729949951172,
      25.994342803955078,
      26.14089012145996,
      24.186426162719727,
      22.32082748413086,
      25.366207122802734
    ],
    [
      17.609750747680664,
      22.533498764038086,
      14.802952766418457,
      35.2005729675293,
      12.354243278503418,
      44.29381561279297,
      21.634702682495117,
      49.01506805419922,
      29.115985870361328,
      62.9310302734375,
      29.8396053314209,
      83.94862365722656,
      35.53997039794922,
      72.5591812133789,
      24.86688232421875,
      65.89318084716797,
      25.48103904724121,
      51.075801849365234
    ],
    [
      11.275566101074219,
      12.229839324951172,
      11.996192932128906,
      14.572700500488281,
      10.86381721496582,
      17.652189254760742,
      21.894014358520508,
      24.720888137817383,
      33.18906784057617,
      31.91368293762207,
      35.17729949951172,
      35.53997039794922,
      45.717864990234375,
      37.90384292602539,
      32.16738510131836,
      36.97065353393555,
      29.294742584228516,
      34.707122802734375
    ],
    [
      15.272543907165527,
      18.091920852661133,
      13.172754287719727,
      29.023353576660156,
      9.876782417297363,
      41.7647590637207,
      18.37354850769043,
      45.670536041259766,
      24.55266761779785,
      56.75155258178711,
      25.994342803955078,
      72.5591812133789,
      37.90384292602539,
      87.81339263916016,
      27.375709533691406,
      79.2342300415039,
      30.290781021118164,
      63.145267486572266
    ],
    [
      5.781152248382568,
      7.542647361755371,
      9.93471622467041,
      10.642855644226074,
      12.60434341430664,
      14.533957481384277,
      16.539499282836914,
      17.845121383666992,
      24.361141204833984,
      22.16975212097168,
      26.14089012145996,
      24.86688232421875,
      32.16738510131836,
      27.375709533691406,
      36.623592376708984,
      30.17296028137207,
      31.35607147216797,
      31.977638244628906
    ],
    [
      12.224934577941895,
      14.359315872192383,
      11.679953575134277,
      25.14760971069336,
      11.357827186584473,
      40.91637420654297,
      16.2568416595459,
      43.19013595581055,
      22.206525802612305,
      52.19382858276367,
      24.186426162719727,
      65.89318084716797,
      36.97065353393555,
      79.2342300415039,
      30.17296028137207,
      94.53836059570312,
      33.95064926147461,
      74.10380554199219
    ],
    [
      7.066298007965088,
      11.149633407592773,
      11.057671546936035,
      12.520100593566895,
      10.983698844909668,
      17.442184448242188,
      15.530868530273438,
      18.78577423095703,
      21.218257904052734,
      22.923873901367188,
      22.32082748413086,
      25.48103904724121,
      29.294742584228516,
      30.290781021118164,
      31.35607147216797,
      33.95064926147461,
      40.52165222167969,
      37.96807861328125
    ],
    [
      8.715651512145996,
      8.47995662689209,
      8.635322570800781,
      17.950956344604492,
      13.045991897583008,
      29.27332305908203,
      19.043264389038086,
      33.34556579589844,
      25.08915901184082,
      40.740013122558594,
      25.366207122802734,
      51.075801849365234,
      34.707122802734375,
      63.145267486572266,
      31.977638244628906,
      74.10380554199219,
      37.96807861328125,
      91.19218444824219
    ]
  ],
  "drr": 16.934816360473633,
  "dynamics": 2.8432083129882812,
  "format": 1245190,
  "frames": 9322432,
  "loudness": -9.571883201599121,
  "loudness_range": 6.057790279388428,
  "loudness_range_short": 10.94572639465332,
  "peak": 0.2736015021800995,
  "rms": -11.043479919433594,
  "sample_rate": 44100,
  "sections": 1,
  "seekable": 1,
  "sharpness": 3.485044002532959,
  "space": -8.50892448425293
}