{
  "bands": [
    {
      "high_freq": 148.1999969482422,
      "loudness": -23.259004592895508,
      "loudness_range": 11.235477447509766,
      "mid_mean": -19.949230194091797,
      "mid_to_side_loudness": -15.206976890563965,
      "mid_to_side_loudness_range": 20.633878707885742,
      "side_mean": -35.41670227050781
    },
    {
      "high_freq": 392.3793640136719,
      "loudness": -20.951448440551758,
      "loudness_range": 9.725473403930664,
      "low_freq": 148.1999969482422,
      "mid_mean": -17.905588150024414,
      "mid_to_side_loudness": -9.207387924194336,
      "mid_to_side_loudness_range": 10.752008438110352,
      "side_mean": -27.270750045776367
    },
    {
      "high_freq": 794.6976318359375,
      "loudness": -21.924850463867188,
      "loudness_range": 13.202140808105469,
      "low_freq": 392.3793640136719,
      "mid_mean": -19.1607723236084,
      "mid_to_side_loudness": -8.326111793518066,
      "mid_to_side_loudness_range": 13.096744537353516,
      "side_mean": -27.451480865478516
    },
    {
      "high_freq": 1457.5709228515625,
      "loudness": -22.990427017211914,
      "loudness_range": 16.116722106933594,
      "low_freq": 794.6976318359375,
      "mid_mean": -20.61480712890625,
      "mid_to_side_loudness": -5.911981582641602,
      "mid_to_side_loudness_range": 11.03621768951416,
      "side_mean": -26.498964309692383
    },
    {
      "high_freq": 2549.74365234375,
      "loudness": -22.648765563964844,
      "loudness_range": 12.078989028930664,
      "low_freq": 1457.5709228515625,
      "mid_mean": -20.204233169555664,
      "mid_to_side_loudness": -5.536513805389404,
      "mid_to_side_loudness_range": 8.759794235229492,
      "side_mean": -25.803693771362305
    },
    {
      "high_freq": 4349.24462890625,
      "loudness": -24.525390625,
      "loudness_range": 11.423595428466797,
      "low_freq": 2549.74365234375,
      "mid_mean": -22.038454055786133,
      "mid_to_side_loudness": -5.758882522583008,
      "mid_to_side_loudness_range": 8.889781951904297,
      "side_mean": -27.887144088745117
    },
    {
      "high_freq": 7314.1640625,
      "loudness": -27.27469253540039,
      "loudness_range": 10.305131912231445,
      "low_freq": 4349.24462890625,
      "mid_mean": -25.088335037231445,
      "mid_to_side_loudness": -4.334475994110107,
      "mid_to_side_loudness_range": 5.66208553314209,
      "side_mean": -29.439374923706055
    },
    {
      "high_freq": 12199.2666015625,
      "loudness": -28.597532272338867,
      "loudness_range": 10.978755950927734,
      "low_freq": 7314.1640625,
      "mid_mean": -26.424169540405273,
      "mid_to_side_loudness": -4.237383842468262,
      "mid_to_side_loudness_range": 6.250188827514648,
      "side_mean": -30.651988983154297
    },
    {
      "loudness": -37.965301513671875,
      "loudness_range": 16.50627326965332,
      "low_freq": 12199.2666015625,
      "mid_mean": -35.19419479370117,
      "mid_to_side_loudness": -6.90706205368042,
      "mid_to_side_loudness_range": 8.702880859375,
      "side_mean": -42.434879302978516
    }
  ],
  "bands_short": [
    {
      "high_freq": 148.1999969482422,
      "loudness": -28.608566284179688,
      "loudness_range": 18.282167434692383,
      "mid_mean": -25.34872817993164,
      "mid_to_side_loudness": -17.058446884155273,
      "mid_to_side_loudness_range": 24.878122329711914,
      "side_mean": -42.71846389770508
    },
    {
      "high_freq": 392.3793640136719,
      "loudness": -20.2822322845459,
      "loudness_range": 11.901474952697754,
      "low_freq": 148.1999969482422,
      "mid_mean": -17.29796600341797,
      "mid_to_side_loudness": -9.833259582519531,
      "mid_to_side_loudness_range": 15.078669548034668,
      "side_mean": -27.255273818969727
    },
    {
      "high_freq": 794.6976318359375,
      "loudness": -22.63840675354004,
      "loudness_range": 15.922747611999512,
      "low_freq": 392.3793640136719,
      "mid_mean": -20.070213317871094,
      "mid_to_side_loudness": -7.835384845733643,
      "mid_to_side_loudness_range": 16.201494216918945,
      "side_mean": -27.914621353149414
    },
    {
      "high_freq": 1457.5709228515625,
      "loudness": -23.536691665649414,
      "loudness_range": 17.768692016601562,
      "low_freq": 794.6976318359375,
      "mid_mean": -21.35577964782715,
      "mid_to_side_loudness": -5.487015247344971,
      "mid_to_side_loudness_range": 13.808432579040527,
      "side_mean": -26.82819175720215
    },
    {
      "high_freq": 2549.74365234375,
      "loudness": -23.49181365966797,
      "loudness_range": 14.997753143310547,
      "low_freq": 1457.5709228515625,
      "mid_mean": -21.33771514892578,
      "mid_to_side_loudness": -5.0120954513549805,
      "mid_to_side_loudness_range": 11.551682472229004,
      "side_mean": -26.361845016479492
    },
    {
      "high_freq": 4349.24462890625,
      "loudness": -25.306659698486328,
      "loudness_range": 15.028924942016602,
      "low_freq": 2549.74365234375,
      "mid_mean": -23.03538703918457,
      "mid_to_side_loudness": -5.3778862953186035,
      "mid_to_side_loudness_range": 11.282245635986328,
      "side_mean": -28.4917049407959
    },
    {
      "high_freq": 7314.1640625,
      "loudness": -28.58055305480957,
      "loudness_range": 14.797292709350586,
      "low_freq": 4349.24462890625,
      "mid_mean": -26.65506362915039,
      "mid_to_side_loudness": -3.6455302238464355,
      "mid_to_side_loudness_range": 7.004991054534912,
      "side_mean": -30.294023513793945
    },
    {
      "high_freq": 12199.2666015625,
      "loudness": -30.648944854736328,
      "loudness_range": 16.322547912597656,
      "low_freq": 7314.1640625,
      "mid_mean": -28.632953643798828,
      "mid_to_side_loudness": -3.904566764831543,
      "mid_to_side_loudness_range": 7.312586784362793,
      "side_mean": -32.5610237121582
    },
    {
      "loudness": -43.05202102661133,
      "loudness_range": 26.362077713012695,
      "low_freq": 12199.2666015625,
      "mid_mean": -40.64263916015625,
      "mid_to_side_loudness": -5.595310211181641,
      "mid_to_side_loudness_range": 9.282308578491211,
      "side_mean": -46.716426849365234
    }
  ],
  "channels": 2,
  "covariance": [
    [
      25.256837844848633,
      9.307397842407227,
      12.639348983764648,
      7.014767169952393,
      8.777606964111328,
      5.713556289672852,
      8.966939926147461,
      7.58369779586792,
      9.442313194274902,
      8.037467002868652,
      9.637253761291504,
      8.348733901977539,
      7.699963569641113,
      7.041919231414795,
      7.932720184326172,
      6.68370246887207,
      11.9662446975708,
      10.385153770446777
    ],
    [
      9.307397842407227,
      45.4797248840332,
      8.39586067199707,
      15.059075355529785,
      -0.7445147037506104,
      -7.499767780303955,
      -3.9765052795410156,
      -6.082128524780273,
      6.2594475746154785,
      4.242384433746338,
      4.740585803985596,
      4.9642014503479,
      2.995143413543701,
      3.948251485824585,
      5.9665656089782715,
      8.164997100830078,
      9.194450378417969,
      7.967121601104736
    ],
    [
      12.639348983764648,
      8.39586067199707,
      17.784942626953125,
      8.288643836975098,
      9.138586044311523,
      4.107419967651367,
      8.472271919250488,
      5.236423492431641,
      11.098991394042969,
      8.234931945800781,
      10.770837783813477,
      7.854151725769043,
      8.190138816833496,
      6.928322792053223,
      8.759631156921387,
      7.340696334838867,
      10.147828102111816,
      8.921602249145508
    ],
    [
      7.014767169952393,
      15.059075355529785,
      8.288643836975098,
      14.036846160888672,
      5.990139007568359,
      3.4889156818389893,
      5.421300411224365,
      4.956318378448486,
      8.232202529907227,
      9.362853050231934,
      7.793207168579102,
      9.399949073791504,
      5.874558925628662,
      6.9154181480407715,
      6.914417743682861,
      7.466469764709473,
      6.309816837310791,
      7.038687705993652
    ],
    [
      8.777606964111328,
      -0.7445147037506104,
      9.138586044311523,
      5.990139007568359,
      27.508665084838867,
      16.624324798583984,
      23.801897048950195,
      17.19913673400879,
      17.108304977416992,
      15.748342514038086,
      16.325237274169922,
      15.731534957885742,
      7.376063823699951,
      6.3740081787109375,
      6.141054630279541,
      3.570537805557251,
      5.611125469207764,
      5.237891674041748
    ],
    [
      5.713556289672852,
      -7.499767780303955,
      4.107419967651367,
      3.4889156818389893,
      16.624324798583984,
      28.572063446044922,
      19.619245529174805,
      25.114871978759766,
      11.045638084411621,
      17.300905227661133,
      10.34592342376709,
      17.38947105407715,
      7.965629577636719,
      8.6487398147583,
      4.573891639709473,
      2.8842403888702393,
      0.2817002832889557,
      2.809894323348999
    ],
    [
      8.966939926147461,
      -3.9765052795410156,
      8.472271919250488,
      5.421300411224365,
      23.801897048950195,
      19.619245529174805,
      34.269561767578125,
      22.471376419067383,
      17.64387321472168,
      18.232938766479492,
      16.62714958190918,
      18.3988094329834,
      8.788013458251953,
      8.18454360961914,
      6.100151062011719,
      3.232703924179077,
      4.241695404052734,
      4.509436130523682
    ],
    [
      7.58369779586792,
      -6.082128524780273,
      5.236423492431641,
      4.956318378448486,
      17.19913673400879,
      25.114871978759766,
      22.471376419067383,
      28.391536712646484,
      12.896354675292969,
      19.691347122192383,
      12.398589134216309,
      20.199766159057617,
      8.444263458251953,
      9.61800765991211,
      4.737014293670654,
      3.150103807449341,
      -1.04949152469635,
      2.0802245140075684
    ],
    [
      9.442313194274902,
      6.2594475746154785,
      11.098991394042969,
      8.232202529907227,
      17.108304977416992,
      11.045638084411621,
      17.64387321472168,
      12.896354675292969,
      22.41819953918457,
      15.831714630126953,
      17.570283889770508,
      15.430134773254395,
      8.780988693237305,
      7.380015850067139,
      7.85301399230957,
      5.340155124664307,
      6.966285705566406,
      6.4658026695251465
    ],
    [
      8.037467002868652,
      4.242384433746338,
      8.234931945800781,
      9.362853050231934,
      15.748342514038086,
      17.300905227661133,
      18.232938766479492,
      19.691347122192383,
      15.831714630126953,
      21.041763305664062,
      14.267556190490723,
      20.336681365966797,
      8.368261337280273,
      9.633793830871582,
      6.39544153213501,
      5.30043363571167,
      2.442817211151123,
      4.487964153289795
    ],
    [
      9.637253761291504,
      4.740585803985596,
      10.770837783813477,
      7.793207168579102,
      16.325237274169922,
      10.34592342376709,
      16.62714958190918,
      12.398589134216309,
      17.570283889770508,
      14.267556190490723,
      20.492698669433594,
      15.54628849029541,
      11.149426460266113,
      9.219213485717773,
      9.075227737426758,
      6.768040180206299,
      7.680905818939209,
      7.8717851638793945
    ],
    [
      8.348733901977539,
      4.9642014503479,
      7.854151725769043,
      9.399949073791504,
      15.731534957885742,
      17.38947105407715,
      18.3988094329834,
      20.199766159057617,
      15.430134773254395,
      20.336681365966797,
      15.54628849029541,
      22.6271915435791,
      9.849701881408691,
      11.253042221069336,
      7.406284809112549,
      6.399450778961182,
      2.6729252338409424,
      5.492045879364014
    ],
    [
      7.699963569641113,
      2.995143413543701,
      8.190138816833496,
      5.874558925628662,
      7.376063823699951,
      7.965629577636719,
      8.788013458251953,
      8.444263458251953,
      8.780988693237305,
      8.368261337280273,
      11.149426460266113,
      9.849701881408691,
      19.27965545654297,
      13.837389945983887,
      16.881240844726562,
      13.967999458312988,
      14.111190795898438,
      15.717182159423828
    ],
    [
      7.041919231414795,
      3.948251485824585,
      6.928322792053223,
      6.9154181480407715,
      6.3740081787109375,
      8.6487398147583,
      8.18454360961914,
      9.61800765991211,
      7.380015850067139,
      9.633793830871582,
      9.219213485717773,
      11.253042221069336,
      13.837389945983887,
      15.003239631652832,
      11.38426399230957,
      12.185812950134277,
      7.778137683868408,
      11.849316596984863
    ],
    [
      7.932720184326172,
      5.9665656089782715,
      8.759631156921387,
      6.914417743682861,
      6.141054630279541,
      4.573891639709473,
      6.100151062011719,
      4.737014293670654,
      7.85301399230957,
      6.39544153213501,
      9.075227737426758,
      7.406284809112549,
      16.881240844726562,
      11.38426399230957,
      23.408029556274414,
      18.13298225402832,
      21.90021324157715,
      21.48260498046875
    ],
    [
      6.68370246887207,
      8.164997100830078,
      7.340696334838867,
      7.466469764709473,
      3.570537805557251,
      2.8842403888702393,
      3.232703924179077,
      3.150103807449341,
      5.340155124664307,
      5.30043363571167,
      6.768040180206299,
      6.399450778961182,
      13.967999458312988,
      12.185812950134277,
      18.13298225402832,
      18.473716735839844,
      16.691452026367188,
      18.758026123046875
    ],
    [
      11.9662446975708,
      9.194450378417969,
      10.147828102111816,
      6.309816837310791,
      5.611125469207764,
      0.2817002832889557,
      4.241695404052734,
      -1.04949152469635,
      6.966285705566406,
      2.442817211151123,
      7.680905818939209,
      2.6729252338409424,
      14.111190795898438,
      7.778137683868408,
      21.90021324157715,
      16.691452026367188,
      41.04085922241211,
      31.679458618164062
    ],
    [
      10.385153770446777,
      7.967121601104736,
      8.921602249145508,
      7.038687705993652,
      5.237891674041748,
      2.809894323348999,
      4.509436130523682,
      2.0802245140075684,
      6.4658026695251465,
      4.487964153289795,
      7.8717851638793945,
      5.492045879364014,
      15.717182159423828,
      11.849316596984863,
      21.48260498046875,
      18.758026123046875,
      31.679458618164062,
      30.129981994628906
    ]
  ],
  "covariance_short": [
    [
      45.89252471923828,
      13.09941291809082,
      23.392677307128906,
      9.08689022064209,
      11.401921272277832,
      5.811770915985107,
      12.516307830810547,
      8.040224075317383,
      14.685525894165039,
      11.3152437210083,
      16.15382957458496,
      12.41196346282959,
      13.664963722229004,
      12.332293510437012,
      12.96116828918457,
      11.88983154296875,
      20.145225524902344,
      17.673032760620117
    ],
    [
      13.09941291809082,
      49.47303771972656,
      8.002264022827148,
      14.45430850982666,
      -2.08842134475708,
      -6.498928070068359,
      -4.629611015319824,
      -7.643939018249512,
      4.01254415512085,
      2.1573660373687744,
      4.892607688903809,
      2.0366766452789307,
      6.226092338562012,
      7.232132911682129,
      9.142369270324707,
      12.812928199768066,
      14.173364639282227,
      13.903698921203613
    ],
    [
      23.392677307128906,
      8.002264022827148,
      26.60500144958496,
      10.238609313964844,
      11.323442459106445,
      6.340061187744141,
      11.316983222961426,
      8.125889778137207,
      13.98298454284668,
      11.101720809936523,
      13.894628524780273,
      11.345342636108398,
      11.292601585388184,
      10.304017066955566,
      11.350760459899902,
      9.753677368164062,
      15.192484855651855,
      12.908890724182129
    ],
    [
      9.08689022064209,
      14.45430850982666,
      10.238609313964844,
      20.62189483642578,
      6.652617931365967,
      4.063231945037842,
      5.032042980194092,
      5.158600807189941,
      10.040694236755371,
      10.485066413879395,
      8.963289260864258,
      10.864774703979492,
      6.591298580169678,
      7.579559803009033,
      7.815588474273682,
      9.000480651855469,
      9.247766494750977,
      9.530030250549316
    ],
    [
      11.401921272277832,
      -2.08842134475708,
      11.323442459106445,
      6.652617931365967,
      38.761905670166016,
      19.322525024414062,
      29.527477264404297,
      19.864931106567383,
      24.567758560180664,
      18.267372131347656,
      24.316844940185547,
      18.763315200805664,
      12.183065414428711,
      10.298322677612305,
      11.183622360229492,
      7.736349105834961,
      12.907864570617676,
      12.096976280212402
    ],
    [
      5.811770915985107,
      -6.498928070068359,
      6.340061187744141,
      4.063231945037842,
      19.322525024414062,
      33.24898910522461,
      22.461668014526367,
      26.52524185180664,
      14.305816650390625,
      18.959766387939453,
      13.402251243591309,
      19.500120162963867,
      11.602093696594238,
      11.31525993347168,
      7.985260963439941,
      5.645145416259766,
      3.1108615398406982,
      7.072742462158203
    ],
    [
      12.516307830810547,
      -4.629611015319824,
      11.316983222961426,
      5.032042980194092,
      29.527477264404297,
      22.461668014526367,
      43.29691696166992,
      25.248708724975586,
      24.42959213256836,
      20.60141372680664,
      23.816341400146484,
      21.550296783447266,
      14.21219253540039,
      12.18917465209961,
      10.746636390686035,
      7.179103851318359,
      11.125266075134277,
      11.454437255859375
    ],
    [
      8.040224075317383,
      -7.643939018249512,
      8.125889778137207,
      5.158600807189941,
      19.864931106567383,
      26.52524185180664,
      25.248708724975586,
      32.750770568847656,
      16.413949966430664,
      21.425657272338867,
      15.9470853805542,
      22.73218536376953,
      12.173405647277832,
      12.356441497802734,
      7.798064708709717,
      5.372828006744385,
      2.2082650661468506,
      5.975949287414551
    ],
    [
      14.685525894165039,
      4.01254415512085,
      13.98298454284668,
      10.040694236755371,
      24.567758560180664,
      14.305816650390625,
      24.42959213256836,
      16.413949966430664,
      34.669822692871094,
      20.438796997070312,
      27.87725257873535,
      20.72720718383789,
      15.197717666625977,
      12.389915466308594,
      14.126283645629883,
      10.592406272888184,
      15.600921630859375,
      14.333357810974121
    ],
    [
      11.3152437210083,
      2.1573660373687744,
      11.101720809936523,
      10.485066413879395,
      18.267372131347656,
      18.959766387939453,
      20.60141372680664,
      21.425657272338867,
      20.438796997070312,
      25.958858489990234,
      18.601226806640625,
      23.937679290771484,
      12.707955360412598,
      13.565518379211426,
      10.054643630981445,
      9.02273941040039,
      7.155249118804932,
      9.536038398742676
    ],
    [
      16.15382957458496,
      4.892607688903809,
      13.894628524780273,
      8.963289260864258,
      24.316844940185547,
      13.402251243591309,
      23.816341400146484,
      15.9470853805542,
      27.87725257873535,
      18.601226806640625,
      33.706077575683594,
      21.692781448364258,
      19.54212188720703,
      15.457717895507812,
      17.688241958618164,
      13.861769676208496,
      20.472612380981445,
      19.217498779296875
    ],
    [
      12.41196346282959,
      2.0366766452789307,
      11.345342636108398,
      10.864774703979492,
      18.763315200805664,
      19.500120162963867,
      21.550296783447266,
      22.73218536376953,
      20.72720718383789,
      23.937679290771484,
      21.692781448364258,
      29.15346336364746,
      16.291810989379883,
      16.931888580322266,
      12.799174308776855,
      11.857377052307129,
      9.890227317810059,
      13.14514446258545
    ],
    [
      13.664963722229004,
      6.226092338562012,
      11.292601585388184,
      6.591298580169678,
      12.183065414428711,
      11.602093696594238,
      14.21219253540039,
      12.173405647277832,
      15.197717666625977,
      12.707955360412598,
      19.54212188720703,
      16.291810989379883,
      33.374332427978516,
      24.025758743286133,
      31.00189971923828,
      26.702110290527344,
      34.171714782714844,
      34.222957611083984
    ],
    [
      12.332293510437012,
      7.232132911682129,
      10.304017066955566,
      7.579559803009033,
      10.298322677612305,
      11.31525993347168,
      12.18917465209961,
      12.356441497802734,
      12.389915466308594,
      13.565518379211426,
      15.457717895507812,
      16.931888580322266,
      24.025758743286133,
      24.497360229492188,
      21.635717391967773,
      22.50351333618164,
      21.424945831298828,
      25.519868850708008
    ],
    [
      12.96116828918457,
      9.142369270324707,
      11.350760459899902,
      7.815588474273682,
      11.183622360229492,
      7.985260963439941,
      10.746636390686035,
      7.798064708709717,
      14.126283645629883,
      10.054643630981445,
      17.688241958618164,
      12.799174308776855,
      31.00189971923828,
      21.635717391967773,
      39.972572326660156,
      33.278804779052734,
      45.26411056518555,
      43.31022644042969
    ],
    [
      11.88983154296875,
      12.812928199768066,
      9.753677368164062,
      9.000480651855469,
      7.736349105834961,
      5.645145416259766,
      7.179103851318359,
      5.372828006744385,
      10.592406272888184,
      9.02273941040039,
      13.861769676208496,
      11.857377052307129,
      26.702110290527344,
      22.50351333618164,
      33.278804779052734,
      34.744537353515625,
      36.98713302612305,
      39.34083938598633
    ],
    [
      20.145225524902344,
      14.173364639282227,
      15.192484855651855,
      9.247766494750977,
      12.907864570617676,
      3.1108615398406982,
      11.125266075134277,
      2.2082650661468506,
      15.600921630859375,
      7.155249118804932,
      20.472612380981445,
      9.890227317810059,
      34.171714782714844,
      21.424945831298828,
      45.26411056518555,
      36.98713302612305,
      81.15721893310547,
      66.16358184814453
    ],
    [
      17.673032760620117,
      13.903698921203613,
      12.908890724182129,
      9.530030250549316,
      12.096976280212402,
      7.072742462158203,
      11.454437255859375,
      5.975949287414551,
      14.333357810974121,
      9.536038398742676,
      19.217498779296875,
      13.14514446258545,
      34.222957611083984,
      25.519868850708008,
      43.31022644042969,
      39.34083938598633,
      66.16358184814453,
      64.76095581054688
    ]
  ],
  "drr": 14.882529258728027,
  "dynamics": 2.7699127197265625,
  "format": 1245190,
  "frames": 9940992,
  "loudness": -10.092754364013672,
  "loudness_range": 5.781752109527588,
  "loudness_range_short": 9.081252098083496,
  "peak": -0.1778157651424408,
  "rms": -12.90257453918457,
  "sample_rate": 44100,
  "sections": 1,
  "seekable": 1,
  "sharpness": 2.3621559143066406,
  "space": -7.348233699798584
}