{
  "bands": [
    {
      "high_freq": 148.1999969482422,
      "loudness": -20.049577713012695,
      "loudness_range": 11.112217903137207,
      "mid_mean": -17.070024490356445,
      "mid_to_side_loudness": -19.923391342163086,
      "mid_to_side_loudness_range": 21.872875213623047,
      "side_mean": -37.23138427734375
    },
    {
      "high_freq": 392.3793640136719,
      "loudness": -19.77330780029297,
      "loudness_range": 9.306923866271973,
      "low_freq": 148.1999969482422,
      "mid_mean": -16.747888565063477,
      "mid_to_side_loudness": -9.496539115905762,
      "mid_to_side_loudness_range": 10.107305526733398,
      "side_mean": -26.15685272216797
    },
    {
      "high_freq": 794.6976318359375,
      "loudness": -20.259973526000977,
      "loudness_range": 10.01121997833252,
      "low_freq": 392.3793640136719,
      "mid_mean": -17.541574478149414,
      "mid_to_side_loudness": -8.335272789001465,
      "mid_to_side_loudness_range": 11.702685356140137,
      "side_mean": -25.804235458374023
    },
    {
      "high_freq": 1457.5709228515625,
      "loudness": -25.147214889526367,
      "loudness_range": 14.083940505981445,
      "low_freq": 794.6976318359375,
      "mid_mean": -22.58642578125,
      "mid_to_side_loudness": -7.24294376373291,
      "mid_to_side_loudness_range": 12.395508766174316,
      "side_mean": -29.942405700683594
    },
    {
      "high_freq": 2549.74365234375,
      "loudness": -27.06702423095703,
      "loudness_range": 10.741827011108398,
      "low_freq": 1457.5709228515625,
      "mid_mean": -24.48262596130371,
      "mid_to_side_loudness": -6.861311912536621,
      "mid_to_side_loudness_range": 9.326443672180176,
      "side_mean": -31.406700134277344
    },
    {
      "high_freq": 4349.24462890625,
      "loudness": -28.617250442504883,
      "loudness_range": 15.074838638305664,
      "low_freq": 2549.74365234375,
      "mid_mean": -25.41384506225586,
      "mid_to_side_loudness": -12.145742416381836,
      "mid_to_side_loudness_range": 13.299890518188477,
      "side_mean": -37.582061767578125
    },
    {
      "high_freq": 7314.1640625,
      "loudness": -34.032894134521484,
      "loudness_range": 12.765979766845703,
      "low_freq": 4349.24462890625,
      "mid_mean": -30.71967124938965,
      "mid_to_side_loudness": -12.825095176696777,
      "mid_to_side_loudness_range": 12.436802864074707,
      "side_mean": -43.572017669677734
    },
    {
      "high_freq": 12199.2666015625,
      "loudness": -35.42045593261719,
      "loudness_range": 12.125711441040039,
      "low_freq": 7314.1640625,
      "mid_mean": -32.272151947021484,
      "mid_to_side_loudness": -11.58482837677002,
      "mid_to_side_loudness_range": 14.819233894348145,
      "side_mean": -44.02180099487305
    },
    {
      "loudness": -42.89329147338867,
      "loudness_range": 14.418914794921875,
      "low_freq": 12199.2666015625,
      "mid_mean": -39.944828033447266,
      "mid_to_side_loudness": -10.139082908630371,
      "mid_to_side_loudness_range": 11.65059757232666,
      "side_mean": -51.836124420166016
    }
  ],
  "bands_short": [
    {
      "high_freq": 148.1999969482422,
      "loudness": -23.51156234741211,
      "loudness_range": 20.48467445373535,
      "mid_mean": -20.40379524230957,
      "mid_to_side_loudness": -21.153791427612305,
      "mid_to_side_loudness_range": 25.162845611572266,
      "side_mean": -41.9752197265625
    },
    {
      "high_freq": 392.3793640136719,
      "loudness": -19.863691329956055,
      "loudness_range": 12.578522682189941,
      "low_freq": 148.1999969482422,
      "mid_mean": -16.93598175048828,
      "mid_to_side_loudness": -9.84716510772705,
      "mid_to_side_loudness_range": 13.645500183105469,
      "side_mean": -26.677400588989258
    },
    {
      "high_freq": 794.6976318359375,
      "loudness": -20.821840286254883,
      "loudness_range": 10.998414993286133,
      "low_freq": 392.3793640136719,
      "mid_mean": -18.181732177734375,
      "mid_to_side_loudness": -8.492137908935547,
      "mid_to_side_loudness_range": 14.863205909729004,
      "side_mean": -26.590330123901367
    },
    {
      "high_freq": 1457.5709228515625,
      "loudness": -24.651819229125977,
      "loudness_range": 15.493776321411133,
      "low_freq": 794.6976318359375,
      "mid_mean": -22.3087158203125,
      "mid_to_side_loudness": -6.871220111846924,
      "mid_to_side_loudness_range": 15.412498474121094,
      "side_mean": -29.24095916748047
    },
    {
      "high_freq": 2549.74365234375,
      "loudness": -27.57432746887207,
      "loudness_range": 12.761205673217773,
      "low_freq": 1457.5709228515625,
      "mid_mean": -25.081207275390625,
      "mid_to_side_loudness": -6.736138820648193,
      "mid_to_side_loudness_range": 12.006325721740723,
      "side_mean": -31.89962387084961
    },
    {
      "high_freq": 4349.24462890625,
      "loudness": -29.150135040283203,
      "loudness_range": 16.85187339782715,
      "low_freq": 2549.74365234375,
      "mid_mean": -26.053638458251953,
      "mid_to_side_loudness": -11.65903091430664,
      "mid_to_side_loudness_range": 15.294480323791504,
      "side_mean": -37.790550231933594
    },
    {
      "high_freq": 7314.1640625,
      "loudness": -35.03618240356445,
      "loudness_range": 15.867097854614258,
      "low_freq": 4349.24462890625,
      "mid_mean": -31.77530288696289,
      "mid_to_side_loudness": -12.725704193115234,
      "mid_to_side_loudness_range": 14.24590015411377,
      "side_mean": -44.63005065917969
    },
    {
      "high_freq": 12199.2666015625,
      "loudness": -36.41877365112305,
      "loudness_range": 13.881515502929688,
      "low_freq": 7314.1640625,
      "mid_mean": -33.29111862182617,
      "mid_to_side_loudness": -12.059784889221191,
      "mid_to_side_loudness_range": 17.41106414794922,
      "side_mean": -45.6844482421875
    },
    {
      "loudness": -45.642513275146484,
      "loudness_range": 19.541671752929688,
      "low_freq": 12199.2666015625,
      "mid_mean": -42.69742965698242,
      "mid_to_side_loudness": -10.309593200683594,
      "mid_to_side_loudness_range": 14.138239860534668,
      "side_mean": -54.36935043334961
    }
  ],
  "channels": 2,
  "covariance": [
    [
      43.52458953857422,
      18.29829216003418,
      17.973379135131836,
      8.426878929138184,
      9.229365348815918,
      7.9559502601623535,
      12.535637855529785,
      9.52132797241211,
      12.495584487915039,
      11.131884574890137,
      18.881750106811523,
      11.688517570495605,
      12.307252883911133,
      5.370504379272461,
      12.259805679321289,
      6.868508815765381,
      12.173758506774902,
      8.563509941101074
    ],
    [
      18.29829216003418,
      34.35997772216797,
      10.855022430419922,
      7.216640472412109,
      1.2519081830978394,
      4.611798286437988,
      2.4212284088134766,
      4.751203536987305,
      3.4639711380004883,
      5.297103404998779,
      8.821296691894531,
      8.193359375,
      9.164154052734375,
      8.347321510314941,
      7.561010360717773,
      7.409343242645264,
      6.177293300628662,
      5.9585700035095215
    ],
    [
      17.973379135131836,
      10.855022430419922,
      17.139022827148438,
      8.901886940002441,
      4.722014427185059,
      4.324471473693848,
      5.343859672546387,
      5.670871257781982,
      7.385717868804932,
      7.428578853607178,
      11.38895034790039,
      7.216121673583984,
      8.236348152160645,
      4.68032693862915,
      9.092823028564453,
      5.198467254638672,
      9.899674415588379,
      7.77290153503418
    ],
    [
      8.426878929138184,
      7.216640472412109,
      8.901886940002441,
      12.37679386138916,
      2.9387898445129395,
      5.309115886688232,
      2.328610897064209,
      5.692458152770996,
      3.9051644802093506,
      6.665431976318359,
      3.6793863773345947,
      4.849618434906006,
      4.961956977844238,
      4.834564208984375,
      4.6788811683654785,
      5.781353950500488,
      4.327005386352539,
      4.510281562805176
    ],
    [
      9.229365348815918,
      1.2519081830978394,
      4.722014427185059,
      2.9387898445129395,
      22.68602752685547,
      10.344297409057617,
      14.228079795837402,
      9.591229438781738,
      11.091200828552246,
      10.40345287322998,
      7.042412281036377,
      6.131769180297852,
      1.3008637428283691,
      -2.1655383110046387,
      4.206371784210205,
      0.2762368619441986,
      1.5175124406814575,
      0.04928354173898697
    ],
    [
      7.9559502601623535,
      4.611798286437988,
      4.324471473693848,
      5.309115886688232,
      10.344297409057617,
      16.614824295043945,
      6.573643684387207,
      10.3322172164917,
      6.302307605743408,
      9.806851387023926,
      2.430941104888916,
      5.900139331817627,
      4.266096115112305,
      4.653624057769775,
      3.8438596725463867,
      6.685415267944336,
      2.5784454345703125,
      3.235314130783081
    ],
    [
      12.535637855529785,
      2.4212284088134766,
      5.343859672546387,
      2.328610897064209,
      14.228079795837402,
      6.573643684387207,
      30.263940811157227,
      12.050299644470215,
      16.166845321655273,
      10.003241539001465,
      16.765344619750977,
      8.603216171264648,
      1.1159392595291138,
      -3.4274566173553467,
      5.384706974029541,
      -0.17948411405086517,
      4.185518741607666,
      1.4082043170928955
    ],
    [
      9.52132797241211,
      4.751203536987305,
      5.670871257781982,
      5.692458152770996,
      9.591229438781738,
      10.3322172164917,
      12.050299644470215,
      16.65104866027832,
      10.232029914855957,
      13.59377670288086,
      6.921004295349121,
      8.709734916687012,
      4.590612888336182,
      4.765323162078857,
      4.561117172241211,
      7.141470909118652,
      4.368363857269287,
      5.815930366516113
    ],
    [
      12.495584487915039,
      3.4639711380004883,
      7.385717868804932,
      3.9051644802093506,
      11.091200828552246,
      6.302307605743408,
      16.166845321655273,
      10.232029914855957,
      22.50397300720215,
      12.838871955871582,
      21.121719360351562,
      12.272079467773438,
      6.43479061126709,
      1.4757201671600342,
      6.077020168304443,
      2.1769089698791504,
      5.3167572021484375,
      2.532104730606079
    ],
    [
      11.131884574890137,
      5.297103404998779,
      7.428578853607178,
      6.665431976318359,
      10.40345287322998,
      9.806851387023926,
      10.003241539001465,
      13.59377670288086,
      12.838871955871582,
      17.73761749267578,
      8.971399307250977,
      11.026359558105469,
      6.156844615936279,
      5.430841445922852,
      6.146518707275391,
      6.8152265548706055,
      5.353583812713623,
      4.969076156616211
    ],
    [
      18.881750106811523,
      8.821296691894531,
      11.38895034790039,
      3.6793863773345947,
      7.042412281036377,
      2.430941104888916,
      16.765344619750977,
      6.921004295349121,
      21.121719360351562,
      8.971399307250977,
      35.509727478027344,
      15.128951072692871,
      12.323291778564453,
      2.227440118789673,
      11.155780792236328,
      1.967391014099121,
      11.43569564819336,
      4.694221496582031
    ],
    [
      11.688517570495605,
      8.193359375,
      7.216121673583984,
      4.849618434906006,
      6.131769180297852,
      5.900139331817627,
      8.603216171264648,
      8.709734916687012,
      12.272079467773438,
      11.026359558105469,
      15.128951072692871,
      15.035737991333008,
      7.6990885734558105,
      7.242509365081787,
      6.906001091003418,
      8.155340194702148,
      6.906601905822754,
      6.567429065704346
    ],
    [
      12.307252883911133,
      9.164154052734375,
      8.236348152160645,
      4.961956977844238,
      1.3008637428283691,
      4.266096115112305,
      1.1159392595291138,
      4.590612888336182,
      6.43479061126709,
      6.156844615936279,
      12.323291778564453,
      7.6990885734558105,
      24.81316375732422,
      15.252252578735352,
      17.57874298095703,
      12.613988876342773,
      16.377092361450195,
      11.290671348571777
    ],
    [
      5.370504379272461,
      8.347321510314941,
      4.68032693862915,
      4.834564208984375,
      -2.1655383110046387,
      4.653624057769775,
      -3.4274566173553467,
      4.765323162078857,
      1.4757201671600342,
      5.430841445922852,
      2.227440118789673,
      7.242509365081787,
      15.252252578735352,
      23.227968215942383,
      10.626684188842773,
      22.129268646240234,
      14.201581954956055,
      19.041656494140625
    ],
    [
      12.259805679321289,
      7.561010360717773,
      9.092823028564453,
      4.6788811683654785,
      4.206371784210205,
      3.8438596725463867,
      5.384706974029541,
      4.561117172241211,
      6.077020168304443,
      6.146518707275391,
      11.155780792236328,
      6.906001091003418,
      17.57874298095703,
      10.626684188842773,
      21.825712203979492,
      13.26964282989502,
      18.242895126342773,
      12.730544090270996
    ],
    [
      6.868508815765381,
      7.409343242645264,
      5.198467254638672,
      5.781353950500488,
      0.2762368619441986,
      6.685415267944336,
      -0.17948411405086517,
      7.141470909118652,
      2.1769089698791504,
      6.8152265548706055,
      1.967391014099121,
      8.155340194702148,
      12.613988876342773,
      22.129268646240234,
      13.26964282989502,
      32.792381286621094,
      18.271059036254883,
      26.942363739013672
    ],
    [
      12.173758506774902,
      6.177293300628662,
      9.899674415588379,
      4.327005386352539,
      1.5175124406814575,
      2.5784454345703125,
      4.185518741607666,
      4.368363857269287,
      5.3167572021484375,
      5.353583812713623,
      11.43569564819336,
      6.906601905822754,
      16.377092361450195,
      14.201581954956055,
      18.242895126342773,
      18.271059036254883,
      31.786161422729492,
      25.642454147338867
    ],
    [
      8.563509941101074,
      5.9585700035095215,
      7.77290153503418,
      4.510281562805176,
      0.04928354173898697,
      3.235314130783081,
      1.4082043170928955,
      5.815930366516113,
      2.532104730606079,
      4.969076156616211,
      4.694221496582031,
      6.567429065704346,
      11.290671348571777,
      19.041656494140625,
      12.730544090270996,
      26.942363739013672,
      25.642454147338867,
      65.28602600097656
    ]
  ],
  "covariance_short": [
    [
      63.817012786865234,
      20.60468864440918,
      26.689424514770508,
      10.563824653625488,
      5.753820896148682,
      9.248856544494629,
      7.160180568695068,
      6.134978771209717,
      9.553701400756836,
      10.877701759338379,
      13.575736045837402,
      11.413275718688965,
      14.202903747558594,
      10.54891586303711,
      13.860462188720703,
      13.824606895446777,
      16.215412139892578,
      14.570693969726562
    ],
    [
      20.60468864440918,
      36.32281494140625,
      13.374887466430664,
      9.620068550109863,
      2.5363855361938477,
      7.328781604766846,
      2.7943472862243652,
      2.6087851524353027,
      4.203317165374756,
      5.896429538726807,
      7.8193464279174805,
      7.237127780914307,
      7.707339763641357,
      7.939621448516846,
      7.069230079650879,
      8.948725700378418,
      8.951138496398926,
      8.891084671020508
    ],
    [
      26.689424514770508,
      13.374887466430664,
      26.785097122192383,
      10.717205047607422,
      4.813710689544678,
      5.892529010772705,
      4.858005523681641,
      3.78694224357605,
      7.840885162353516,
      8.069311141967773,
      12.368169784545898,
      8.684270858764648,
      10.419892311096191,
      7.831933498382568,
      10.882222175598145,
      8.95746898651123,
      13.699182510375977,
      10.79247760772705
    ],
    [
      10.563824653625488,
      9.620068550109863,
      10.717205047607422,
      17.4820499420166,
      2.1759190559387207,
      6.216281890869141,
      1.3031811714172363,
      4.214722633361816,
      3.3155460357666016,
      6.9907426834106445,
      3.942124128341675,
      5.891705513000488,
      5.758873462677002,
      6.768558502197266,
      5.0221662521362305,
      7.580956935882568,
      5.449948310852051,
      6.054505825042725
    ],
    [
      5.753820896148682,
      2.5363855361938477,
      4.813710689544678,
      2.1759190559387207,
      26.695159912109375,
      9.974985122680664,
      15.381996154785156,
      10.932303428649902,
      11.697598457336426,
      10.51408863067627,
      7.489940166473389,
      5.757913112640381,
      0.8324316143989563,
      -2.062439203262329,
      4.7809834480285645,
      -0.07726521044969559,
      0.17000088095664978,
      -2.034438371658325
    ],
    [
      9.248856544494629,
      7.328781604766846,
      5.892529010772705,
      6.216281890869141,
      9.974985122680664,
      21.183523178100586,
      6.586790084838867,
      11.688233375549316,
      6.3975830078125,
      10.09311294555664,
      2.9957289695739746,
      6.619201183319092,
      5.134203910827637,
      5.375794410705566,
      5.140603542327881,
      8.138945579528809,
      3.2895712852478027,
      3.891141176223755
    ],
    [
      7.160180568695068,
      2.7943472862243652,
      4.858005523681641,
      1.3031811714172363,
      15.381996154785156,
      6.586790084838867,
      37.29679489135742,
      13.570429801940918,
      18.554777145385742,
      10.755173683166504,
      17.82832908630371,
      8.748451232910156,
      0.4470880627632141,
      -4.820157527923584,
      6.025454044342041,
      -1.770513653755188,
      3.437601327896118,
      -0.15250582993030548
    ],
    [
      6.134978771209717,
      2.6087851524353027,
      3.78694224357605,
      4.214722633361816,
      10.932303428649902,
      11.688233375549316,
      13.570429801940918,
      21.427120208740234,
      10.050642967224121,
      14.04802417755127,
      5.127054691314697,
      8.535284996032715,
      2.7189128398895264,
      3.9488749504089355,
      3.723069429397583,
      6.868412494659424,
      1.6720924377441406,
      4.6156744956970215
    ],
    [
      9.553701400756836,
      4.203317165374756,
      7.840885162353516,
      3.3155460357666016,
      11.697598457336426,
      6.3975830078125,
      18.554777145385742,
      10.050642967224121,
      27.96742820739746,
      14.478239059448242,
      23.204448699951172,
      13.33610725402832,
      8.346216201782227,
      3.165623426437378,
      8.392621994018555,
      4.219146728515625,
      7.615438938140869,
      4.483834266662598
    ],
    [
      10.877701759338379,
      5.896429538726807,
      8.069311141967773,
      6.9907426834106445,
      10.51408863067627,
      10.09311294555664,
      10.755173683166504,
      14.04802417755127,
      14.478239059448242,
      21.857315063476562,
      8.780427932739258,
      12.537771224975586,
      6.176104545593262,
      6.9980669021606445,
      6.592194080352783,
      8.650450706481934,
      5.255703926086426,
      6.099472522735596
    ],
    [
      13.575736045837402,
      7.8193464279174805,
      12.368169784545898,
      3.942124128341675,
      7.489940166473389,
      2.9957289695739746,
      17.82832908630371,
      5.127054691314697,
      23.204448699951172,
      8.780427932739258,
      41.31767654418945,
      16.067533493041992,
      16.152774810791016,
      3.725064754486084,
      14.753152847290039,
      3.5731747150421143,
      16.52214813232422,
      7.207054138183594
    ],
    [
      11.413275718688965,
      7.237127780914307,
      8.684270858764648,
      5.891705513000488,
      5.757913112640381,
      6.619201183319092,
      8.748451232910156,
      8.535284996032715,
      13.33610725402832,
      12.537771224975586,
      16.067533493041992,
      18.09513282775879,
      9.48635196685791,
      9.871256828308105,
      8.416082382202148,
      11.104673385620117,
      9.786124229431152,
      10.102970123291016
    ],
    [
      14.202903747558594,
      7.707339763641357,
      10.419892311096191,
      5.758873462677002,
      0.8324316143989563,
      5.134203910827637,
      0.4470880627632141,
      2.7189128398895264,
      8.346216201782227,
      6.176104545593262,
      16.152774810791016,
      9.48635196685791,
      35.64082717895508,
      22.20430564880371,
      24.36038589477539,
      20.155609130859375,
      27.227834701538086,
      19.207630157470703
    ],
    [
      10.54891586303711,
      7.939621448516846,
      7.831933498382568,
      6.768558502197266,
      -2.062439203262329,
      5.375794410705566,
      -4.820157527923584,
      3.9488749504089355,
      3.165623426437378,
      6.9980669021606445,
      3.725064754486084,
      9.871256828308105,
      22.20430564880371,
      33.899600982666016,
      14.74820327758789,
      33.406822204589844,
      23.04201316833496,
      31.08885383605957
    ],
    [
      13.860462188720703,
      7.069230079650879,
      10.882222175598145,
      5.0221662521362305,
      4.7809834480285645,
      5.140603542327881,
      6.025454044342041,
      3.723069429397583,
      8.392621994018555,
      6.592194080352783,
      14.753152847290039,
      8.416082382202148,
      24.36038589477539,
      14.74820327758789,
      29.3657169342041,
      19.06559181213379,
      28.524948120117188,
      18.837547302246094
    ],
    [
      13.824606895446777,
      8.948725700378418,
      8.95746898651123,
      7.580956935882568,
      -0.07726521044969559,
      8.138945579528809,
      -1.770513653755188,
      6.868412494659424,
      4.219146728515625,
      8.650450706481934,
      3.5731747150421143,
      11.104673385620117,
      20.155609130859375,
      33.406822204589844,
      19.06559181213379,
      52.77260971069336,
      29.71983528137207,
      45.86561965942383
    ],
    [
      16.215412139892578,
      8.951138496398926,
      13.699182510375977,
      5.449948310852051,
      0.17000088095664978,
      3.2895712852478027,
      3.437601327896118,
      1.6720924377441406,
      7.615438938140869,
      5.255703926086426,
      16.52214813232422,
      9.786124229431152,
      27.227834701538086,
      23.04201316833496,
      28.524948120117188,
      29.71983528137207,
      48.772274017333984,
      39.335296630859375
    ],
    [
      14.570693969726562,
      8.891084671020508,
      10.79247760772705,
      6.054505825042725,
      -2.034438371658325,
      3.891141176223755,
      -0.15250582993030548,
      4.6156744956970215,
      4.483834266662598,
      6.099472522735596,
      7.207054138183594,
      10.102970123291016,
      19.207630157470703,
      31.08885383605957,
      18.837547302246094,
      45.86561965942383,
      39.335296630859375,
      76.39102172851562
    ]
  ],
  "drr": 14.30960750579834,
  "dynamics": 2.5423502922058105,
  "format": 1245190,
  "frames": 8439808,
  "loudness": -10.0900297164917,
  "loudness_range": 5.433959007263184,
  "loudness_range_short": 8.420978546142578,
  "peak": 0.5300104022026062,
  "rms": -12.210488319396973,
  "sample_rate": 44100,
  "sections": 1,
  "seekable": 1,
  "sharpness": 2.0840816497802734,
  "space": -10.32067584991455
}