{
  "bands": [
    {
      "high_freq": 148.1999969482422,
      "loudness": -29.139060974121094,
      "loudness_range": 12.12399673461914,
      "mid_mean": -25.6380672454834,
      "mid_to_side_loudness": -15.278221130371094,
      "mid_to_side_loudness_range": 14.213505744934082,
      "side_mean": -41.57999801635742
    },
    {
      "high_freq": 392.3793640136719,
      "loudness": -25.56982421875,
      "loudness_range": 11.509183883666992,
      "low_freq": 148.1999969482422,
      "mid_mean": -23.095504760742188,
      "mid_to_side_loudness": -5.530567646026611,
      "mid_to_side_loudness_range": 9.145709037780762,
      "side_mean": -28.809614181518555
    },
    {
      "high_freq": 794.6976318359375,
      "loudness": -25.921993255615234,
      "loudness_range": 13.504941940307617,
      "low_freq": 392.3793640136719,
      "mid_mean": -23.808515548706055,
      "mid_to_side_loudness": -3.956533432006836,
      "mid_to_side_loudness_range": 6.910942077636719,
      "side_mean": -27.9057674407959
    },
    {
      "high_freq": 1457.5709228515625,
      "loudness": -27.54595375061035,
      "loudness_range": 15.228256225585938,
      "low_freq": 794.6976318359375,
      "mid_mean": -25.15513038635254,
      "mid_to_side_loudness": -4.578486919403076,
      "mid_to_side_loudness_range": 7.137594699859619,
      "side_mean": -30.108413696289062
    },
    {
      "high_freq": 2549.74365234375,
      "loudness": -27.98514747619629,
      "loudness_range": 15.554216384887695,
      "low_freq": 1457.5709228515625,
      "mid_mean": -25.28940773010254,
      "mid_to_side_loudness": -5.7475199699401855,
      "mid_to_side_loudness_range": 8.69978141784668,
      "side_mean": -31.70491600036621
    },
    {
      "high_freq": 4349.24462890625,
      "loudness": -29.343358993530273,
      "loudness_range": 15.195751190185547,
      "low_freq": 2549.74365234375,
      "mid_mean": -26.619977951049805,
      "mid_to_side_loudness": -6.35381555557251,
      "mid_to_side_loudness_range": 9.588235855102539,
      "side_mean": -33.262699127197266
    },
    {
      "high_freq": 7314.1640625,
      "loudness": -32.394248962402344,
      "loudness_range": 13.093969345092773,
      "low_freq": 4349.24462890625,
      "mid_mean": -29.8386287689209,
      "mid_to_side_loudness": -5.6706624031066895,
      "mid_to_side_loudness_range": 7.608123302459717,
      "side_mean": -35.64651870727539
    },
    {
      "high_freq": 12199.2666015625,
      "loudness": -36.27342987060547,
      "loudness_range": 11.880878448486328,
      "low_freq": 7314.1640625,
      "mid_mean": -33.98271179199219,
      "mid_to_side_loudness": -4.35264253616333,
      "mid_to_side_loudness_range": 6.567011833190918,
      "side_mean": -38.50983428955078
    },
    {
      "loudness": -39.77688217163086,
      "loudness_range": 13.712881088256836,
      "low_freq": 12199.2666015625,
      "mid_mean": -38.17470932006836,
      "mid_to_side_loudness": -2.444063901901245,
      "mid_to_side_loudness_range": 5.0528740882873535,
      "side_mean": -40.62351608276367
    }
  ],
  "bands_short": [
    {
      "high_freq": 148.1999969482422,
      "loudness": -33.13896179199219,
      "loudness_range": 22.792354583740234,
      "mid_mean": -29.912460327148438,
      "mid_to_side_loudness": -14.460118293762207,
      "mid_to_side_loudness_range": 20.826236724853516,
      "side_mean": -45.65707015991211
    },
    {
      "high_freq": 392.3793640136719,
      "loudness": -25.98737335205078,
      "loudness_range": 14.456062316894531,
      "low_freq": 148.1999969482422,
      "mid_mean": -23.6193790435791,
      "mid_to_side_loudness": -5.703631401062012,
      "mid_to_side_loudness_range": 12.596158981323242,
      "side_mean": -29.618263244628906
    },
    {
      "high_freq": 794.6976318359375,
      "loudness": -26.196863174438477,
      "loudness_range": 15.157373428344727,
      "low_freq": 392.3793640136719,
      "mid_mean": -24.244102478027344,
      "mid_to_side_loudness": -3.873400926589966,
      "mid_to_side_loudness_range": 10.248712539672852,
      "side_mean": -28.291841506958008
    },
    {
      "high_freq": 1457.5709228515625,
      "loudness": -27.78657341003418,
      "loudness_range": 16.87665557861328,
      "low_freq": 794.6976318359375,
      "mid_mean": -25.603374481201172,
      "mid_to_side_loudness": -4.323908805847168,
      "mid_to_side_loudness_range": 9.984306335449219,
      "side_mean": -30.335250854492188
    },
    {
      "high_freq": 2549.74365234375,
      "loudness": -28.758073806762695,
      "loudness_range": 18.1174373626709,
      "low_freq": 1457.5709228515625,
      "mid_mean": -26.271379470825195,
      "mid_to_side_loudness": -5.3743696212768555,
      "mid_to_side_loudness_range": 10.862181663513184,
      "side_mean": -32.258750915527344
    },
    {
      "high_freq": 4349.24462890625,
      "loudness": -30.05666160583496,
      "loudness_range": 18.024585723876953,
      "low_freq": 2549.74365234375,
      "mid_mean": -27.51552391052246,
      "mid_to_side_loudness": -5.990329265594482,
      "mid_to_side_loudness_range": 11.320160865783691,
      "side_mean": -33.844852447509766
    },
    {
      "high_freq": 7314.1640625,
      "loudness": -33.63763427734375,
      "loudness_range": 17.9270076751709,
      "low_freq": 4349.24462890625,
      "mid_mean": -31.0910587310791,
      "mid_to_side_loudness": -5.835093975067139,
      "mid_to_side_loudness_range": 10.050825119018555,
      "side_mean": -37.18804168701172
    },
    {
      "high_freq": 12199.2666015625,
      "loudness": -37.86842346191406,
      "loudness_range": 17.585622787475586,
      "low_freq": 7314.1640625,
      "mid_mean": -35.52370834350586,
      "mid_to_side_loudness": -5.044785022735596,
      "mid_to_side_loudness_range": 9.342568397521973,
      "side_mean": -40.840721130371094
    },
    {
      "loudness": -42.688480377197266,
      "loudness_range": 22.270998001098633,
      "low_freq": 12199.2666015625,
      "mid_mean": -40.96380615234375,
      "mid_to_side_loudness": -3.4629526138305664,
      "mid_to_side_loudness_range": 8.225662231445312,
      "side_mean": -44.22190475463867
    }
  ],
  "channels": 2,
  "covariance": [
    [
      27.896686553955078,
      16.76062774658203,
      11.865740776062012,
      10.809776306152344,
      8.605923652648926,
      9.174896240234375,
      7.376532554626465,
      7.990766525268555,
      6.917929172515869,
      7.468577861785889,
      6.668891906738281,
      5.288346767425537,
      5.3240275382995605,
      5.125382423400879,
      4.771268844604492,
      4.950250148773193,
      4.735243797302246,
      3.5077736377716064
    ],
    [
      16.76062774658203,
      27.24222755432129,
      15.318612098693848,
      17.877225875854492,
      13.325714111328125,
      14.15252685546875,
      10.613948822021484,
      11.724305152893066,
      8.840755462646484,
      10.932638168334961,
      8.96577262878418,
      6.821971416473389,
      5.372482776641846,
      3.374641180038452,
      4.356612205505371,
      3.022996664047241,
      3.295753002166748,
      1.9803467988967896
    ],
    [
      11.865740776062012,
      15.318612098693848,
      21.87738609313965,
      19.70167350769043,
      13.577202796936035,
      14.972099304199219,
      11.279654502868652,
      12.238536834716797,
      9.862706184387207,
      12.24817180633545,
      9.233474731445312,
      9.14473819732666,
      7.5496110916137695,
      6.7935991287231445,
      6.214727401733398,
      5.53416633605957,
      3.9873738288879395,
      2.3850860595703125
    ],
    [
      10.809776306152344,
      17.877225875854492,
      19.70167350769043,
      28.542015075683594,
      17.91034507751465,
      20.714765548706055,
      14.942586898803711,
      15.996724128723145,
      13.352486610412598,
      15.596413612365723,
      9.858179092407227,
      9.710230827331543,
      6.897895812988281,
      5.440491199493408,
      6.145780563354492,
      4.32064151763916,
      5.303549289703369,
      3.251297950744629
    ],
    [
      8.605923652648926,
      13.325714111328125,
      13.577202796936035,
      17.91034507751465,
      28.838115692138672,
      27.182846069335938,
      22.340805053710938,
      24.446727752685547,
      20.821369171142578,
      22.31133460998535,
      19.712194442749023,
      17.591106414794922,
      14.71945571899414,
      10.124943733215332,
      11.711834907531738,
      7.369306564331055,
      9.660252571105957,
      5.884794235229492
    ],
    [
      9.174896240234375,
      14.15252685546875,
      14.972099304199219,
      20.714765548706055,
      27.182846069335938,
      32.394683837890625,
      22.065183639526367,
      25.361778259277344,
      19.36089515686035,
      23.984617233276367,
      17.768075942993164,
      17.707759857177734,
      13.381689071655273,
      9.955432891845703,
      10.967228889465332,
      7.250564098358154,
      9.230655670166016,
      5.479954719543457
    ],
    [
      7.376532554626465,
      10.613948822021484,
      11.279654502868652,
      14.942586898803711,
      22.340805053710938,
      22.065183639526367,
      31.564767837524414,
      27.171051025390625,
      26.76743507385254,
      27.418441772460938,
      24.754182815551758,
      20.911367416381836,
      19.067899703979492,
      13.277986526489258,
      15.335461616516113,
      9.11230182647705,
      12.99734878540039,
      7.701007843017578
    ],
    [
      7.990766525268555,
      11.724305152893066,
      12.238536834716797,
      15.996724128723145,
      24.446727752685547,
      25.361778259277344,
      27.171051025390625,
      32.75873565673828,
      24.329330444335938,
      28.771202087402344,
      23.071264266967773,
      22.80731773376465,
      19.81121826171875,
      15.117918014526367,
      15.936763763427734,
      11.184297561645508,
      12.998710632324219,
      7.829555034637451
    ],
    [
      6.917929172515869,
      8.840755462646484,
      9.862706184387207,
      13.352486610412598,
      20.821369171142578,
      19.36089515686035,
      26.76743507385254,
      24.329330444335938,
      34.63031768798828,
      28.50547218322754,
      26.232669830322266,
      19.925996780395508,
      19.124841690063477,
      12.563515663146973,
      16.176332473754883,
      8.738869667053223,
      12.897192001342773,
      6.391082286834717
    ],
    [
      7.468577861785889,
      10.932638168334961,
      12.24817180633545,
      15.596413612365723,
      22.31133460998535,
      23.984617233276367,
      27.418441772460938,
      28.771202087402344,
      28.50547218322754,
      35.68491744995117,
      25.205842971801758,
      23.530241012573242,
      20.33441162109375,
      15.28270149230957,
      16.79271697998047,
      10.518939018249512,
      13.975438117980957,
      7.3045735359191895
    ],
    [
      6.668891906738281,
      8.96577262878418,
      9.233474731445312,
      9.858179092407227,
      19.712194442749023,
      17.768075942993164,
      24.754182815551758,
      23.071264266967773,
      26.232669830322266,
      25.205842971801758,
      32.2183837890625,
      22.975841522216797,
      22.978872299194336,
      15.798154830932617,
      18.483135223388672,
      11.106551170349121,
      14.416035652160645,
      8.898233413696289
    ],
    [
      5.288346767425537,
      6.821971416473389,
      9.14473819732666,
      9.710230827331543,
      17.591106414794922,
      17.707759857177734,
      20.911367416381836,
      22.80731773376465,
      19.925996780395508,
      23.530241012573242,
      22.975841522216797,
      25.148649215698242,
      21.953044891357422,
      19.359785079956055,
      17.483694076538086,
      14.266806602478027,
      14.623071670532227,
      10.319601058959961
    ],
    [
      5.3240275382995605,
      5.372482776641846,
      7.5496110916137695,
      6.897895812988281,
      14.71945571899414,
      13.381689071655273,
      19.067899703979492,
      19.81121826171875,
      19.124841690063477,
      20.33441162109375,
      22.978872299194336,
      21.953044891357422,
      25.417186737060547,
      19.78680419921875,
      20.110877990722656,
      15.872730255126953,
      16.822097778320312,
      12.26806926727295
    ],
    [
      5.125382423400879,
      3.374641180038452,
      6.7935991287231445,
      5.440491199493408,
      10.124943733215332,
      9.955432891845703,
      13.277986526489258,
      15.117918014526367,
      12.563515663146973,
      15.28270149230957,
      15.798154830932617,
      19.359785079956055,
      19.78680419921875,
      21.621261596679688,
      16.851173400878906,
      17.1218204498291,
      14.79066276550293,
      12.138360977172852
    ],
    [
      4.771268844604492,
      4.356612205505371,
      6.214727401733398,
      6.145780563354492,
      11.711834907531738,
      10.967228889465332,
      15.335461616516113,
      15.936763763427734,
      16.176332473754883,
      16.79271697998047,
      18.483135223388672,
      17.483694076538086,
      20.110877990722656,
      16.851173400878906,
      20.4775390625,
      15.618132591247559,
      18.345365524291992,
      13.84908390045166
    ],
    [
      4.950250148773193,
      3.022996664047241,
      5.53416633605957,
      4.32064151763916,
      7.369306564331055,
      7.250564098358154,
      9.11230182647705,
      11.184297561645508,
      8.738869667053223,
      10.518939018249512,
      11.106551170349121,
      14.266806602478027,
      15.872730255126953,
      17.1218204498291,
      15.618132591247559,
      17.690879821777344,
      15.57043743133545,
      14.463689804077148
    ],
    [
      4.735243797302246,
      3.295753002166748,
      3.9873738288879395,
      5.303549289703369,
      9.660252571105957,
      9.230655670166016,
      12.99734878540039,
      12.998710632324219,
      12.897192001342773,
      13.975438117980957,
      14.416035652160645,
      14.623071670532227,
      16.822097778320312,
      14.79066276550293,
      18.345365524291992,
      15.57043743133545,
      26.913803100585938,
      21.797178268432617
    ],
    [
      3.5077736377716064,
      1.9803467988967896,
      2.3850860595703125,
      3.251297950744629,
      5.884794235229492,
      5.479954719543457,
      7.701007843017578,
      7.829555034637451,
      6.391082286834717,
      7.3045735359191895,
      8.898233413696289,
      10.319601058959961,
      12.26806926727295,
      12.138360977172852,
      13.84908390045166,
      14.463689804077148,
      21.797178268432617,
      22.949647903442383
    ]
  ],
  "covariance_short": [
    [
      69.69120025634766,
      35.09183120727539,
      26.768478393554688,
      18.424318313598633,
      15.9813871383667,
      16.447586059570312,
      13.771308898925781,
      13.40821647644043,
      12.903767585754395,
      12.941399574279785,
      12.544724464416504,
      10.433536529541016,
      11.659448623657227,
      10.245899200439453,
      11.203721046447754,
      11.785972595214844,
      14.379977226257324,
      12.698698043823242
    ],
    [
      35.09183120727539,
      55.44223403930664,
      24.18344497680664,
      23.167226791381836,
      17.583221435546875,
      18.463714599609375,
      14.028059959411621,
      14.327099800109863,
      12.23634147644043,
      13.306707382202148,
      12.542228698730469,
      10.186040878295898,
      9.130097389221191,
      6.659696102142334,
      7.3021016120910645,
      5.996487140655518,
      7.168148994445801,
      4.501002788543701
    ],
    [
      26.768478393554688,
      24.18344497680664,
      34.17583084106445,
      23.786298751831055,
      17.00527000427246,
      18.127126693725586,
      13.292881965637207,
      14.71902847290039,
      12.479989051818848,
      14.05621337890625,
      13.525550842285156,
      12.88742446899414,
      13.16465950012207,
      11.845220565795898,
      11.073139190673828,
      11.182165145874023,
      10.974411964416504,
      9.411794662475586
    ],
    [
      18.424318313598633,
      23.167226791381836,
      23.786298751831055,
      34.456085205078125,
      19.521011352539062,
      22.66658592224121,
      16.06356430053711,
      17.71913719177246,
      14.520864486694336,
      16.702939987182617,
      12.496328353881836,
      12.180251121520996,
      10.41640567779541,
      8.72030258178711,
      8.61916732788086,
      7.294162750244141,
      8.612991333007812,
      6.102450370788574
    ],
    [
      15.9813871383667,
      17.583221435546875,
      17.00527000427246,
      19.521011352539062,
      34.46237564086914,
      28.942541122436523,
      26.709796905517578,
      25.66561508178711,
      25.510629653930664,
      25.00259017944336,
      23.965356826782227,
      19.959014892578125,
      19.025949478149414,
      13.867384910583496,
      15.798909187316895,
      10.791193008422852,
      14.687302589416504,
      9.071953773498535
    ],
    [
      16.447586059570312,
      18.463714599609375,
      18.127126693725586,
      22.66658592224121,
      28.942541122436523,
      38.420555114746094,
      25.284849166870117,
      27.024751663208008,
      23.0665225982666,
      25.896099090576172,
      20.758281707763672,
      20.00778579711914,
      16.6612548828125,
      13.487038612365723,
      14.052050590515137,
      10.470417022705078,
      13.413819313049316,
      8.511775970458984
    ],
    [
      13.771308898925781,
      14.028059959411621,
      13.292881965637207,
      16.06356430053711,
      26.709796905517578,
      25.284849166870117,
      42.68361282348633,
      33.44979476928711,
      35.6171989440918,
      31.685991287231445,
      32.47031021118164,
      25.37472915649414,
      26.12501335144043,
      18.94588851928711,
      22.311128616333008,
      14.90558910369873,
      20.584165573120117,
      12.291350364685059
    ],
    [
      13.40821647644043,
      14.327099800109863,
      14.71902847290039,
      17.71913719177246,
      25.66561508178711,
      27.024751663208008,
      33.44979476928711,
      40.45372772216797,
      30.695505142211914,
      32.539329528808594,
      27.353843688964844,
      25.928882598876953,
      23.530092239379883,
      19.996925354003906,
      20.88707733154297,
      16.38923454284668,
      20.430522918701172,
      13.772727966308594
    ],
    [
      12.903767585754395,
      12.23634147644043,
      12.479989051818848,
      14.520864486694336,
      25.510629653930664,
      23.0665225982666,
      35.6171989440918,
      30.695505142211914,
      48.32917022705078,
      35.4222297668457,
      38.32392883300781,
      27.1671199798584,
      30.318408966064453,
      20.40196990966797,
      25.7757511138916,
      16.047243118286133,
      23.194486618041992,
      12.973937034606934
    ],
    [
      12.941399574279785,
      13.306707382202148,
      14.05621337890625,
      16.702939987182617,
      25.00259017944336,
      25.896099090576172,
      31.685991287231445,
      32.539329528808594,
      35.4222297668457,
      41.50821304321289,
      30.538206100463867,
      27.972553253173828,
      26.066322326660156,
      21.58202362060547,
      22.90188217163086,
      17.284461975097656,
      21.90592384338379,
      14.246159553527832
    ],
    [
      12.544724464416504,
      12.542228698730469,
      13.525550842285156,
      12.496328353881836,
      23.965356826782227,
      20.758281707763672,
      32.47031021118164,
      27.353843688964844,
      38.32392883300781,
      30.538206100463867,
      47.44559097290039,
      31.590713500976562,
      36.754886627197266,
      25.81623077392578,
      31.144380569458008,
      21.302082061767578,
      27.155250549316406,
      17.734798431396484
    ],
    [
      10.433536529541016,
      10.186040878295898,
      12.88742446899414,
      12.180251121520996,
      19.959014892578125,
      20.00778579711914,
      25.37472915649414,
      25.928882598876953,
      27.1671199798584,
      27.972553253173828,
      31.590713500976562,
      33.45124053955078,
      30.59706687927246,
      28.832164764404297,
      27.686243057250977,
      24.613948822021484,
      26.919816970825195,
      21.36402702331543
    ],
    [
      11.659448623657227,
      9.130097389221191,
      13.16465950012207,
      10.41640567779541,
      19.025949478149414,
      16.6612548828125,
      26.12501335144043,
      23.530092239379883,
      30.318408966064453,
      26.066322326660156,
      36.754886627197266,
      30.59706687927246,
      43.132469177246094,
      34.56956100463867,
      37.641300201416016,
      32.19416046142578,
      36.31645202636719,
      29.189668655395508
    ],
    [
      10.245899200439453,
      6.659696102142334,
      11.845220565795898,
      8.72030258178711,
      13.867384910583496,
      13.487038612365723,
      18.94588851928711,
      19.996925354003906,
      20.40196990966797,
      21.58202362060547,
      25.81623077392578,
      28.832164764404297,
      34.56956100463867,
      40.12095260620117,
      33.426639556884766,
      37.34467315673828,
      36.41714859008789,
      34.63739776611328
    ],
    [
      11.203721046447754,
      7.3021016120910645,
      11.073139190673828,
      8.61916732788086,
      15.798909187316895,
      14.052050590515137,
      22.311128616333008,
      20.88707733154297,
      25.7757511138916,
      22.90188217163086,
      31.144380569458008,
      27.686243057250977,
      37.641300201416016,
      33.426639556884766,
      42.29046630859375,
      36.11738586425781,
      40.79438018798828,
      35.194881439208984
    ],
    [
      11.785972595214844,
      5.996487140655518,
      11.182165145874023,
      7.294162750244141,
      10.791193008422852,
      10.470417022705078,
      14.90558910369873,
      16.38923454284668,
      16.047243118286133,
      17.284461975097656,
      21.302082061767578,
      24.613948822021484,
      32.19416046142578,
      37.34467315673828,
      36.11738586425781,
      44.49505615234375,
      42.22529602050781,
      43.76655578613281
    ],
    [
      14.379977226257324,
      7.168148994445801,
      10.974411964416504,
      8.612991333007812,
      14.687302589416504,
      13.413819313049316,
      20.584165573120117,
      20.430522918701172,
      23.194486618041992,
      21.90592384338379,
      27.155250549316406,
      26.919816970825195,
      36.31645202636719,
      36.41714859008789,
      40.79438018798828,
      42.22529602050781,
      58.800498962402344,
      52.9218864440918
    ],
    [
      12.698698043823242,
      4.501002788543701,
      9.411794662475586,
      6.102450370788574,
      9.071953773498535,
      8.511775970458984,
      12.291350364685059,
      13.772727966308594,
      12.973937034606934,
      14.246159553527832,
      17.734798431396484,
      21.36402702331543,
      29.189668655395508,
      34.63739776611328,
      35.194881439208984,
      43.76655578613281,
      52.9218864440918,
      60.30518341064453
    ]
  ],
  "drr": 12.917584419250488,
  "dynamics": 3.4013891220092773,
  "format": 1245190,
  "frames": 10637312,
  "loudness": -14.975438117980957,
  "loudness_range": 10.150131225585938,
  "loudness_range_short": 12.23806095123291,
  "peak": -2.2227611541748047,
  "rms": -17.246320724487305,
  "sample_rate": 44100,
  "sections": 1,
  "seekable": 1,
  "sharpness": 2.428748369216919,
  "space": -5.635655403137207
}