{
  "bands": [
    {
      "high_freq": 148.1999969482422,
      "loudness": -17.99067497253418,
      "loudness_range": 7.984405517578125,
      "mid_mean": -14.315847396850586,
      "mid_to_side_loudness": -22.136062622070312,
      "mid_to_side_loudness_range": 12.981785774230957,
      "side_mean": -37.45878601074219
    },
    {
      "high_freq": 392.3793640136719,
      "loudness": -17.110427856445312,
      "loudness_range": 7.183494567871094,
      "low_freq": 148.1999969482422,
      "mid_mean": -13.566726684570312,
      "mid_to_side_loudness": -15.32971477508545,
      "mid_to_side_loudness_range": 8.516441345214844,
      "side_mean": -28.939054489135742
    },
    {
      "high_freq": 794.6976318359375,
      "loudness": -20.64531707763672,
      "loudness_range": 7.989997863769531,
      "low_freq": 392.3793640136719,
      "mid_mean": -17.129295349121094,
      "mid_to_side_loudness": -14.293493270874023,
      "mid_to_side_loudness_range": 8.068443298339844,
      "side_mean": -31.356454849243164
    },
    {
      "high_freq": 1457.5709228515625,
      "loudness": -20.584171295166016,
      "loudness_range": 13.82228946685791,
      "low_freq": 794.6976318359375,
      "mid_mean": -17.073684692382812,
      "mid_to_side_loudness": -14.982831954956055,
      "mid_to_side_loudness_range": 11.852903366088867,
      "side_mean": -32.11565017700195
    },
    {
      "high_freq": 2549.74365234375,
      "loudness": -21.97344970703125,
      "loudness_range": 12.909005165100098,
      "low_freq": 1457.5709228515625,
      "mid_mean": -18.485170364379883,
      "mid_to_side_loudness": -14.495924949645996,
      "mid_to_side_loudness_range": 10.586857795715332,
      "side_mean": -32.965267181396484
    },
    {
      "high_freq": 4349.24462890625,
      "loudness": -24.384145736694336,
      "loudness_range": 12.908876419067383,
      "low_freq": 2549.74365234375,
      "mid_mean": -20.88798713684082,
      "mid_to_side_loudness": -14.913076400756836,
      "mid_to_side_loudness_range": 11.844701766967773,
      "side_mean": -35.853614807128906
    },
    {
      "high_freq": 7314.1640625,
      "loudness": -26.99574089050293,
      "loudness_range": 15.413900375366211,
      "low_freq": 4349.24462890625,
      "mid_mean": -23.4949951171875,
      "mid_to_side_loudness": -14.458748817443848,
      "mid_to_side_loudness_range": 8.9367036819458,
      "side_mean": -37.88972091674805
    },
    {
      "high_freq": 12199.2666015625,
      "loudness": -28.151504516601562,
      "loudness_range": 12.542938232421875,
      "low_freq": 7314.1640625,
      "mid_mean": -24.614492416381836,
      "mid_to_side_loudness": -15.589263916015625,
      "mid_to_side_loudness_range": 9.909804344177246,
      "side_mean": -40.25681686401367
    },
    {
      "loudness": -33.35301208496094,
      "loudness_range": 17.673254013061523,
      "low_freq": 12199.2666015625,
      "mid_mean": -29.811281204223633,
      "mid_to_side_loudness": -15.266585350036621,
      "mid_to_side_loudness_range": 6.70599365234375,
      "side_mean": -45.0184211730957
    }
  ],
  "bands_short": [
    {
      "high_freq": 148.1999969482422,
      "loudness": -21.54581069946289,
      "loudness_range": 16.40363121032715,
      "mid_mean": -17.89982032775879,
      "mid_to_side_loudness": -22.524486541748047,
      "mid_to_side_loudness_range": 21.279741287231445,
      "side_mean": -41.6100959777832
    },
    {
      "high_freq": 392.3793640136719,
      "loudness": -17.051315307617188,
      "loudness_range": 11.162971496582031,
      "low_freq": 148.1999969482422,
      "mid_mean": -13.514653205871582,
      "mid_to_side_loudness": -16.33322525024414,
      "mid_to_side_loudness_range": 12.654439926147461,
      "side_mean": -29.898723602294922
    },
    {
      "high_freq": 794.6976318359375,
      "loudness": -21.40098762512207,
      "loudness_range": 11.857858657836914,
      "low_freq": 392.3793640136719,
      "mid_mean": -17.925477981567383,
      "mid_to_side_loudness": -14.064095497131348,
      "mid_to_side_loudness_range": 10.321554183959961,
      "side_mean": -31.997692108154297
    },
    {
      "high_freq": 1457.5709228515625,
      "loudness": -21.881153106689453,
      "loudness_range": 17.567920684814453,
      "low_freq": 794.6976318359375,
      "mid_mean": -18.43024253845215,
      "mid_to_side_loudness": -14.404365539550781,
      "mid_to_side_loudness_range": 14.084915161132812,
      "side_mean": -32.92485046386719
    },
    {
      "high_freq": 2549.74365234375,
      "loudness": -23.39904022216797,
      "loudness_range": 16.959857940673828,
      "low_freq": 1457.5709228515625,
      "mid_mean": -19.950712203979492,
      "mid_to_side_loudness": -14.034247398376465,
      "mid_to_side_loudness_range": 13.091983795166016,
      "side_mean": -34.05173110961914
    },
    {
      "high_freq": 4349.24462890625,
      "loudness": -25.602218627929688,
      "loudness_range": 16.710182189941406,
      "low_freq": 2549.74365234375,
      "mid_mean": -22.1403865814209,
      "mid_to_side_loudness": -14.634349822998047,
      "mid_to_side_loudness_range": 13.801471710205078,
      "side_mean": -36.944580078125
    },
    {
      "high_freq": 7314.1640625,
      "loudness": -29.062376022338867,
      "loudness_range": 21.6090030670166,
      "low_freq": 4349.24462890625,
      "mid_mean": -25.605384826660156,
      "mid_to_side_loudness": -13.883975982666016,
      "mid_to_side_loudness_range": 11.922483444213867,
      "side_mean": -39.529659271240234
    },
    {
      "high_freq": 12199.2666015625,
      "loudness": -30.03919792175293,
      "loudness_range": 18.472606658935547,
      "low_freq": 7314.1640625,
      "mid_mean": -26.522045135498047,
      "mid_to_side_loudness": -15.347416877746582,
      "mid_to_side_loudness_range": 12.28326416015625,
      "side_mean": -42.17245101928711
    },
    {
      "loudness": -36.830440521240234,
      "loudness_range": 24.883039474487305,
      "low_freq": 12199.2666015625,
      "mid_mean": -33.32343292236328,
      "mid_to_side_loudness": -15.36620044708252,
      "mid_to_side_loudness_range": 11.12830924987793,
      "side_mean": -49.07390213012695
    }
  ],
  "channels": 2,
  "covariance": [
    [
      13.40841007232666,
      9.24891185760498,
      1.8860379457473755,
      3.278012752532959,
      0.47803980112075806,
      2.0177924633026123,
      -1.0296053886413574,
      1.9537380933761597,
      -0.4138492941856384,
      1.2131452560424805,
      -0.252597838640213,
      1.3267443180084229,
      1.2281019687652588,
      2.9933671951293945,
      0.7936369776725769,
      2.581195116043091,
      2.1100237369537354,
      3.5960428714752197
    ],
    [
      9.24891185760498,
      28.524141311645508,
      3.7729480266571045,
      8.45898151397705,
      1.7664318084716797,
      3.984898328781128,
      -1.544144868850708,
      2.394442319869995,
      -0.43988484144210815,
      3.030879020690918,
      1.735716462135315,
      6.705407619476318,
      4.278397083282471,
      8.297816276550293,
      2.357088565826416,
      7.00699520111084,
      2.8891172409057617,
      7.395569801330566
    ],
    [
      1.8860379457473755,
      3.7729480266571045,
      7.3287153244018555,
      6.575552940368652,
      3.243466377258301,
      3.7732391357421875,
      -0.8109280467033386,
      1.4533905982971191,
      1.2277976274490356,
      3.284050941467285,
      4.328800201416016,
      6.56698751449585,
      7.313595771789551,
      8.775055885314941,
      5.390714168548584,
      7.477019786834717,
      6.082786560058594,
      8.399734497070312
    ],
    [
      3.278012752532959,
      8.45898151397705,
      6.575552940368652,
      14.996306419372559,
      4.586060523986816,
      7.558824062347412,
      -0.05467118322849274,
      4.345205783843994,
      2.639711618423462,
      6.958728790283203,
      5.8661980628967285,
      13.625097274780273,
      9.055350303649902,
      14.294560432434082,
      6.2454986572265625,
      13.204596519470215,
      6.591528415679932,
      12.149269104003906
    ],
    [
      0.47803980112075806,
      1.7664318084716797,
      3.243466377258301,
      4.586060523986816,
      8.908180236816406,
      5.065032005310059,
      5.983122825622559,
      2.8508338928222656,
      5.856659889221191,
      3.1113455295562744,
      4.109601020812988,
      4.001099586486816,
      3.4118123054504395,
      3.5319173336029053,
      4.519088268280029,
      4.839609622955322,
      3.4002792835235596,
      4.292295455932617
    ],
    [
      2.0177924633026123,
      3.984898328781128,
      3.7732391357421875,
      7.558824062347412,
      5.065032005310059,
      8.924694061279297,
      3.088710308074951,
      5.3828840255737305,
      3.9850685596466064,
      6.562689781188965,
      4.791642665863037,
      10.274808883666992,
      6.897002220153809,
      9.88348388671875,
      5.5057854652404785,
      9.655843734741211,
      6.06026554107666,
      9.096567153930664
    ],
    [
      -1.0296053886413574,
      -1.544144868850708,
      -0.8109280467033386,
      -0.05467118322849274,
      5.983122825622559,
      3.088710308074951,
      25.01431655883789,
      11.370882987976074,
      15.835676193237305,
      5.850610733032227,
      3.046907424926758,
      0.6182800531387329,
      -2.0632011890411377,
      -3.055049419403076,
      1.7693480253219604,
      -0.19372504949569702,
      0.35196131467819214,
      -0.6911109685897827
    ],
    [
      1.9537380933761597,
      2.394442319869995,
      1.4533905982971191,
      4.345205783843994,
      2.8508338928222656,
      5.3828840255737305,
      11.370882987976074,
      14.805103302001953,
      8.593836784362793,
      10.325325965881348,
      5.240231990814209,
      9.307859420776367,
      5.505500793457031,
      6.997915744781494,
      5.126231670379639,
      7.19574499130249,
      5.7578229904174805,
      6.675753116607666
    ],
    [
      -0.4138492941856384,
      -0.43988484144210815,
      1.2277976274490356,
      2.639711618423462,
      5.856659889221191,
      3.9850685596466064,
      15.835676193237305,
      8.593836784362793,
      20.73954200744629,
      13.144879341125488,
      8.623920440673828,
      8.144513130187988,
      4.238168716430664,
      4.16325569152832,
      4.7164530754089355,
      4.620952129364014,
      4.045158863067627,
      3.8685739040374756
    ],
    [
      1.2131452560424805,
      3.030879020690918,
      3.284050941467285,
      6.958728790283203,
      3.1113455295562744,
      6.562689781188965,
      5.850610733032227,
      10.325325965881348,
      13.144879341125488,
      19.912317276000977,
      10.878838539123535,
      18.566389083862305,
      12.148127555847168,
      16.170015335083008,
      8.400160789489746,
      13.714017868041992,
      9.90195369720459,
      12.745946884155273
    ],
    [
      -0.252597838640213,
      1.735716462135315,
      4.328800201416016,
      5.8661980628967285,
      4.109601020812988,
      4.791642665863037,
      3.046907424926758,
      5.240231990814209,
      8.623920440673828,
      10.878838539123535,
      20.68174171447754,
      21.610456466674805,
      18.397565841674805,
      19.437156677246094,
      12.314126014709473,
      15.28747272491455,
      10.93776798248291,
      12.40854263305664
    ],
    [
      1.3267443180084229,
      6.705407619476318,
      6.56698751449585,
      13.625097274780273,
      4.001099586486816,
      10.274808883666992,
      0.6182800531387329,
      9.307859420776367,
      8.144513130187988,
      18.566389083862305,
      21.610456466674805,
      38.72524642944336,
      25.68818473815918,
      35.89321517944336,
      15.62441635131836,
      28.3553466796875,
      16.003028869628906,
      23.513742446899414
    ],
    [
      1.2281019687652588,
      4.278397083282471,
      7.313595771789551,
      9.055350303649902,
      3.4118123054504395,
      6.897002220153809,
      -2.0632011890411377,
      5.505500793457031,
      4.238168716430664,
      12.148127555847168,
      18.397565841674805,
      25.68818473815918,
      33.69454574584961,
      34.31644058227539,
      22.73493766784668,
      28.57721710205078,
      27.32496452331543,
      30.02454376220703
    ],
    [
      2.9933671951293945,
      8.297816276550293,
      8.775055885314941,
      14.294560432434082,
      3.5319173336029053,
      9.88348388671875,
      -3.055049419403076,
      6.997915744781494,
      4.16325569152832,
      16.170015335083008,
      19.437156677246094,
      35.89321517944336,
      34.31644058227539,
      47.209590911865234,
      22.436403274536133,
      36.8847541809082,
      26.138925552368164,
      35.35308837890625
    ],
    [
      0.7936369776725769,
      2.357088565826416,
      5.390714168548584,
      6.2454986572265625,
      4.519088268280029,
      5.5057854652404785,
      1.7693480253219604,
      5.126231670379639,
      4.7164530754089355,
      8.400160789489746,
      12.314126014709473,
      15.62441635131836,
      22.73493766784668,
      22.436403274536133,
      21.879505157470703,
      23.686399459838867,
      26.13730812072754,
      26.2468204498291
    ],
    [
      2.581195116043091,
      7.00699520111084,
      7.477019786834717,
      13.204596519470215,
      4.839609622955322,
      9.655843734741211,
      -0.19372504949569702,
      7.19574499130249,
      4.620952129364014,
      13.714017868041992,
      15.28747272491455,
      28.3553466796875,
      28.57721710205078,
      36.8847541809082,
      23.686399459838867,
      36.42966842651367,
      29.334562301635742,
      36.63972091674805
    ],
    [
      2.1100237369537354,
      2.8891172409057617,
      6.082786560058594,
      6.591528415679932,
      3.4002792835235596,
      6.06026554107666,
      0.35196131467819214,
      5.7578229904174805,
      4.045158863067627,
      9.90195369720459,
      10.93776798248291,
      16.003028869628906,
      27.32496452331543,
      26.138925552368164,
      26.13730812072754,
      29.334562301635742,
      42.89155960083008,
      41.28281784057617
    ],
    [
      3.5960428714752197,
      7.395569801330566,
      8.399734497070312,
      12.149269104003906,
      4.292295455932617,
      9.096567153930664,
      -0.6911109685897827,
      6.675753116607666,
      3.8685739040374756,
      12.745946884155273,
      12.40854263305664,
      23.513742446899414,
      30.02454376220703,
      35.35308837890625,
      26.2468204498291,
      36.63972091674805,
      41.28281784057617,
      48.24399948120117
    ]
  ],
  "covariance_short": [
    [
      39.26930236816406,
      15.999822616577148,
      10.836841583251953,
      8.282401084899902,
      3.5189642906188965,
      5.452099800109863,
      1.6755623817443848,
      5.409738540649414,
      0.43097928166389465,
      3.236063241958618,
      -0.9595583081245422,
      1.7574759721755981,
      1.3364195823669434,
      1.607203483581543,
      2.6095025539398193,
      4.0639801025390625,
      7.252161979675293,
      10.707674980163574
    ],
    [
      15.999822616577148,
      42.15845489501953,
      8.831221580505371,
      11.173957824707031,
      3.327885866165161,
      6.421196460723877,
      2.310274124145508,
      6.255773544311523,
      3.0208351612091064,
      6.542883396148682,
      4.530200481414795,
      8.714690208435059,
      7.875469207763672,
      10.31873607635498,
      5.5614333152771,
      9.510821342468262,
      9.227972984313965,
      13.744478225708008
    ],
    [
      10.836841583251953,
      8.831221580505371,
      17.661109924316406,
      12.133444786071777,
      7.818159103393555,
      8.689860343933105,
      3.241610527038574,
      5.429365634918213,
      4.205526828765869,
      6.496365547180176,
      5.591953754425049,
      8.023468971252441,
      9.820710182189941,
      10.674988746643066,
      8.630586624145508,
      10.680447578430176,
      11.202773094177246,
      15.255223274230957
    ],
    [
      8.282401084899902,
      11.173957824707031,
      12.133444786071777,
      25.994007110595703,
      9.435623168945312,
      13.754545211791992,
      4.680420398712158,
      8.840520858764648,
      5.675688743591309,
      10.730042457580566,
      8.003238677978516,
      16.62660026550293,
      12.41380786895752,
      17.49420738220215,
      10.019806861877441,
      17.423477172851562,
      12.171916961669922,
      21.739242553710938
    ],
    [
      3.5189642906188965,
      3.327885866165161,
      7.818159103393555,
      9.435623168945312,
      19.58911895751953,
      12.473751068115234,
      12.818814277648926,
      7.1226582527160645,
      12.414449691772461,
      7.84223747253418,
      9.000555992126465,
      7.558465003967285,
      8.28420639038086,
      6.994340896606445,
      10.650571823120117,
      9.654816627502441,
      10.18049430847168,
      12.441152572631836
    ],
    [
      5.452099800109863,
      6.421196460723877,
      8.689860343933105,
      13.754545211791992,
      12.473751068115234,
      19.466827392578125,
      8.118406295776367,
      10.075931549072266,
      8.977886199951172,
      12.372309684753418,
      8.361330032348633,
      14.543886184692383,
      11.165274620056152,
      14.138720512390137,
      10.354121208190918,
      14.784753799438477,
      12.197832107543945,
      17.749073028564453
    ],
    [
      1.6755623817443848,
      2.310274124145508,
      3.241610527038574,
      4.680420398712158,
      12.818814277648926,
      8.118406295776367,
      40.28972625732422,
      18.96856117248535,
      27.705732345581055,
      13.515056610107422,
      11.490025520324707,
      6.723564624786377,
      5.241555690765381,
      3.223283529281616,
      10.124588012695312,
      7.213212490081787,
      10.629456520080566,
      10.18603515625
    ],
    [
      5.409738540649414,
      6.255773544311523,
      5.429365634918213,
      8.840520858764648,
      7.1226582527160645,
      10.075931549072266,
      18.96856117248535,
      23.359947204589844,
      13.815848350524902,
      15.452013969421387,
      8.58053207397461,
      12.834135055541992,
      9.814912796020508,
      11.164670944213867,
      9.7070894241333,
      12.493398666381836,
      12.622599601745605,
      15.748039245605469
    ],
    [
      0.43097928166389465,
      3.0208351612091064,
      4.205526828765869,
      5.675688743591309,
      12.414449691772461,
      8.977886199951172,
      27.705732345581055,
      13.815848350524902,
      36.04157638549805,
      21.60677146911621,
      18.28644561767578,
      14.897335052490234,
      12.967143058776855,
      11.580584526062012,
      13.666014671325684,
      13.132688522338867,
      14.167269706726074,
      16.41168975830078
    ],
    [
      3.236063241958618,
      6.542883396148682,
      6.496365547180176,
      10.730042457580566,
      7.84223747253418,
      12.372309684753418,
      13.515056610107422,
      15.452013969421387,
      21.60677146911621,
      29.19297981262207,
      16.589111328125,
      24.551820755004883,
      18.021703720092773,
      21.861326217651367,
      13.764448165893555,
      20.27242088317871,
      17.08478355407715,
      24.07223129272461
    ],
    [
      -0.9595583081245422,
      4.530200481414795,
      5.591953754425049,
      8.003238677978516,
      9.000555992126465,
      8.361330032348633,
      11.490025520324707,
      8.58053207397461,
      18.28644561767578,
      16.589111328125,
      35.78938293457031,
      31.328556060791016,
      31.92404556274414,
      30.48171615600586,
      23.376371383666992,
      26.086761474609375,
      20.88535499572754,
      24.862018585205078
    ],
    [
      1.7574759721755981,
      8.714690208435059,
      8.023468971252441,
      16.62660026550293,
      7.558465003967285,
      14.543886184692383,
      6.723564624786377,
      12.834135055541992,
      14.897335052490234,
      24.551820755004883,
      31.328556060791016,
      49.30527877807617,
      34.51383590698242,
      45.03507995605469,
      22.27287483215332,
      36.62744903564453,
      21.71179962158203,
      35.21257019042969
    ],
    [
      1.3364195823669434,
      7.875469207763672,
      9.820710182189941,
      12.41380786895752,
      8.28420639038086,
      11.165274620056152,
      5.241555690765381,
      9.814912796020508,
      12.967143058776855,
      18.021703720092773,
      31.92404556274414,
      34.51383590698242,
      51.245418548583984,
      47.21442413330078,
      37.989952087402344,
      42.74551010131836,
      41.909385681152344,
      46.91766357421875
    ],
    [
      1.607203483581543,
      10.31873607635498,
      10.674988746643066,
      17.49420738220215,
      6.994340896606445,
      14.138720512390137,
      3.223283529281616,
      11.164670944213867,
      11.580584526062012,
      21.861326217651367,
      30.48171615600586,
      45.03507995605469,
      47.21442413330078,
      62.169639587402344,
      32.840328216552734,
      49.90218734741211,
      36.99723815917969,
      52.24720764160156
    ],
    [
      2.6095025539398193,
      5.5614333152771,
      8.630586624145508,
      10.019806861877441,
      10.650571823120117,
      10.354121208190918,
      10.124588012695312,
      9.7070894241333,
      13.666014671325684,
      13.764448165893555,
      23.376371383666992,
      22.27287483215332,
      37.989952087402344,
      32.840328216552734,
      41.546756744384766,
      38.3037223815918,
      45.75139236450195,
      44.607704162597656
    ],
    [
      4.0639801025390625,
      9.510821342468262,
      10.680447578430176,
      17.423477172851562,
      9.654816627502441,
      14.784753799438477,
      7.213212490081787,
      12.493398666381836,
      13.132688522338867,
      20.27242088317871,
      26.086761474609375,
      36.62744903564453,
      42.74551010131836,
      49.90218734741211,
      38.3037223815918,
      52.86445617675781,
      45.60856246948242,
      57.76960372924805
    ],
    [
      7.252161979675293,
      9.227972984313965,
      11.202773094177246,
      12.171916961669922,
      10.18049430847168,
      12.197832107543945,
      10.629456520080566,
      12.622599601745605,
      14.167269706726074,
      17.08478355407715,
      20.88535499572754,
      21.71179962158203,
      41.909385681152344,
      36.99723815917969,
      45.75139236450195,
      45.60856246948242,
      70.82886505126953,
      67.03031921386719
    ],
    [
      10.707674980163574,
      13.744478225708008,
      15.255223274230957,
      21.739242553710938,
      12.441152572631836,
      17.749073028564453,
      10.18603515625,
      15.748039245605469,
      16.41168975830078,
      24.07223129272461,
      24.862018585205078,
      35.21257019042969,
      46.91766357421875,
      52.24720764160156,
      44.607704162597656,
      57.76960372924805,
      67.03031921386719,
      83.69442749023438
    ]
  ],
  "drr": 15.563379287719727,
  "dynamics": 2.22282338142395,
  "format": 1245190,
  "frames": 7702528,
  "loudness": -7.703958034515381,
  "loudness_range": 4.382430553436279,
  "loudness_range_short": 8.228848457336426,
  "peak": 1.5275412797927856,
  "rms": -10.107476234436035,
  "sample_rate": 44100,
  "sections": 1,
  "seekable": 1,
  "sharpness": 2.748025894165039,
  "space": -16.003320693969727
}