{
  "bands": [
    {
      "high_freq": 148.1999969482422,
      "loudness": -20.349096298217773,
      "loudness_range": 6.993988037109375,
      "mid_mean": -16.76628303527832,
      "mid_to_side_loudness": -18.161720275878906,
      "mid_to_side_loudness_range": 16.114761352539062,
      "side_mean": -35.58000946044922
    },
    {
      "high_freq": 392.3793640136719,
      "loudness": -18.34033203125,
      "loudness_range": 7.596165657043457,
      "low_freq": 148.1999969482422,
      "mid_mean": -15.307239532470703,
      "mid_to_side_loudness": -8.450396537780762,
      "mid_to_side_loudness_range": 8.37810230255127,
      "side_mean": -23.887908935546875
    },
    {
      "high_freq": 794.6976318359375,
      "loudness": -22.382230758666992,
      "loudness_range": 11.188657760620117,
      "low_freq": 392.3793640136719,
      "mid_mean": -19.37905502319336,
      "mid_to_side_loudness": -8.650575637817383,
      "mid_to_side_loudness_range": 10.033208847045898,
      "side_mean": -27.53274917602539
    },
    {
      "high_freq": 1457.5709228515625,
      "loudness": -23.56610679626465,
      "loudness_range": 11.778350830078125,
      "low_freq": 794.6976318359375,
      "mid_mean": -20.629507064819336,
      "mid_to_side_loudness": -8.362641334533691,
      "mid_to_side_loudness_range": 11.300539016723633,
      "side_mean": -28.611499786376953
    },
    {
      "high_freq": 2549.74365234375,
      "loudness": -20.467599868774414,
      "loudness_range": 10.50011920928955,
      "low_freq": 1457.5709228515625,
      "mid_mean": -17.873586654663086,
      "mid_to_side_loudness": -6.7039995193481445,
      "mid_to_side_loudness_range": 10.198540687561035,
      "side_mean": -24.25397300720215
    },
    {
      "high_freq": 4349.24462890625,
      "loudness": -22.52802848815918,
      "loudness_range": 11.65902328491211,
      "low_freq": 2549.74365234375,
      "mid_mean": -19.721595764160156,
      "mid_to_side_loudness": -7.725338459014893,
      "mid_to_side_loudness_range": 10.236869812011719,
      "side_mean": -26.878652572631836
    },
    {
      "high_freq": 7314.1640625,
      "loudness": -28.101242065429688,
      "loudness_range": 13.218778610229492,
      "low_freq": 4349.24462890625,
      "mid_mean": -25.06731605529785,
      "mid_to_side_loudness": -9.387283325195312,
      "mid_to_side_loudness_range": 8.571944236755371,
      "side_mean": -33.813026428222656
    },
    {
      "high_freq": 12199.2666015625,
      "loudness": -30.280149459838867,
      "loudness_range": 14.35831069946289,
      "low_freq": 7314.1640625,
      "mid_mean": -27.162385940551758,
      "mid_to_side_loudness": -9.632063865661621,
      "mid_to_side_loudness_range": 9.680594444274902,
      "side_mean": -36.533790588378906
    },
    {
      "loudness": -36.82856750488281,
      "loudness_range": 12.996435165405273,
      "low_freq": 12199.2666015625,
      "mid_mean": -33.77755355834961,
      "mid_to_side_loudness": -8.928017616271973,
      "mid_to_side_loudness_range": 9.320318222045898,
      "side_mean": -42.54799270629883
    }
  ],
  "bands_short": [
    {
      "high_freq": 148.1999969482422,
      "loudness": -22.955581665039062,
      "loudness_range": 10.467229843139648,
      "mid_mean": -19.393108367919922,
      "mid_to_side_loudness": -20.854116439819336,
      "mid_to_side_loudness_range": 23.38798713684082,
      "side_mean": -41.25742721557617
    },
    {
      "high_freq": 392.3793640136719,
      "loudness": -18.062156677246094,
      "loudness_range": 9.391409873962402,
      "low_freq": 148.1999969482422,
      "mid_mean": -15.074910163879395,
      "mid_to_side_loudness": -8.902347564697266,
      "mid_to_side_loudness_range": 12.562688827514648,
      "side_mean": -24.166439056396484
    },
    {
      "high_freq": 794.6976318359375,
      "loudness": -23.179658889770508,
      "loudness_range": 13.174583435058594,
      "low_freq": 392.3793640136719,
      "mid_mean": -20.296031951904297,
      "mid_to_side_loudness": -8.360405921936035,
      "mid_to_side_loudness_range": 12.422273635864258,
      "side_mean": -28.187030792236328
    },
    {
      "high_freq": 1457.5709228515625,
      "loudness": -23.62822723388672,
      "loudness_range": 13.922869682312012,
      "low_freq": 794.6976318359375,
      "mid_mean": -20.913026809692383,
      "mid_to_side_loudness": -7.553930282592773,
      "mid_to_side_loudness_range": 13.250479698181152,
      "side_mean": -28.14752769470215
    },
    {
      "high_freq": 2549.74365234375,
      "loudness": -20.98005485534668,
      "loudness_range": 12.923110961914062,
      "low_freq": 1457.5709228515625,
      "mid_mean": -18.501052856445312,
      "mid_to_side_loudness": -6.514554977416992,
      "mid_to_side_loudness_range": 12.020585060119629,
      "side_mean": -24.780254364013672
    },
    {
      "high_freq": 4349.24462890625,
      "loudness": -23.01431655883789,
      "loudness_range": 14.546998977661133,
      "low_freq": 2549.74365234375,
      "mid_mean": -20.33173942565918,
      "mid_to_side_loudness": -7.49896240234375,
      "mid_to_side_loudness_range": 12.641899108886719,
      "side_mean": -27.35050392150879
    },
    {
      "high_freq": 7314.1640625,
      "loudness": -28.930553436279297,
      "loudness_range": 16.65300750732422,
      "low_freq": 4349.24462890625,
      "mid_mean": -26.049177169799805,
      "mid_to_side_loudness": -9.013044357299805,
      "mid_to_side_loudness_range": 11.140532493591309,
      "side_mean": -34.4313850402832
    },
    {
      "high_freq": 12199.2666015625,
      "loudness": -31.488065719604492,
      "loudness_range": 18.132320404052734,
      "low_freq": 7314.1640625,
      "mid_mean": -28.46836280822754,
      "mid_to_side_loudness": -9.434484481811523,
      "mid_to_side_loudness_range": 10.661808967590332,
      "side_mean": -37.79176712036133
    },
    {
      "loudness": -39.33757781982422,
      "loudness_range": 21.204376220703125,
      "low_freq": 12199.2666015625,
      "mid_mean": -36.400474548339844,
      "mid_to_side_loudness": -8.825861930847168,
      "mid_to_side_loudness_range": 11.11935043334961,
      "side_mean": -45.1005973815918
    }
  ],
  "channels": 2,
  "covariance": [
    [
      10.89171028137207,
      8.438395500183105,
      1.7796283960342407,
      4.8940534591674805,
      4.035157203674316,
      1.6447089910507202,
      4.656958103179932,
      3.419711112976074,
      6.45393705368042,
      7.100004196166992,
      6.92712926864624,
      6.075056552886963,
      5.700181007385254,
      4.671558856964111,
      2.903886079788208,
      2.9222793579101562,
      2.974628448486328,
      2.410752773284912
    ],
    [
      8.438395500183105,
      33.119056701660156,
      4.972168445587158,
      10.67605972290039,
      8.784944534301758,
      6.096432209014893,
      8.873698234558105,
      9.695430755615234,
      11.572525978088379,
      17.095714569091797,
      11.92029857635498,
      14.188365936279297,
      12.835077285766602,
      13.629074096679688,
      7.437878131866455,
      11.586174011230469,
      4.263097763061523,
      7.2924909591674805
    ],
    [
      1.7796283960342407,
      4.972168445587158,
      8.370767593383789,
      4.675088882446289,
      4.892226219177246,
      4.076977252960205,
      4.382744789123535,
      4.377121448516846,
      5.631818771362305,
      6.7050700187683105,
      4.974801063537598,
      6.265881061553955,
      5.190775394439697,
      5.69760799407959,
      4.15806770324707,
      4.558940887451172,
      2.4447362422943115,
      1.9933445453643799
    ],
    [
      4.8940534591674805,
      10.67605972290039,
      4.675088882446289,
      14.686518669128418,
      9.646936416625977,
      6.656702518463135,
      7.566652774810791,
      5.489810943603516,
      7.345856666564941,
      6.903139114379883,
      8.099003791809082,
      6.180164813995361,
      8.087684631347656,
      6.597952842712402,
      4.552162170410156,
      5.7866034507751465,
      2.0037639141082764,
      2.9026060104370117
    ],
    [
      4.035157203674316,
      8.784944534301758,
      4.892226219177246,
      9.646936416625977,
      19.430944442749023,
      8.99425220489502,
      13.515371322631836,
      7.071916103363037,
      9.461627006530762,
      8.32256031036377,
      8.786212921142578,
      6.59037971496582,
      8.242920875549316,
      5.287942886352539,
      4.996797561645508,
      3.4158480167388916,
      2.630340576171875,
      1.981272578239441
    ],
    [
      1.6447089910507202,
      6.096432209014893,
      4.076977252960205,
      6.656702518463135,
      8.99425220489502,
      13.184209823608398,
      7.276186943054199,
      9.054826736450195,
      6.24107027053833,
      9.985095977783203,
      5.677699089050293,
      6.513587951660156,
      7.359182834625244,
      5.60740852355957,
      4.681089878082275,
      5.1077561378479,
      4.011364459991455,
      3.8523712158203125
    ],
    [
      4.656958103179932,
      8.873698234558105,
      4.382744789123535,
      7.566652774810791,
      13.515371322631836,
      7.276186943054199,
      21.068971633911133,
      10.449686050415039,
      12.197856903076172,
      10.350354194641113,
      10.010374069213867,
      7.912800312042236,
      7.697561264038086,
      5.219344615936279,
      4.5887250900268555,
      2.451800584793091,
      4.5336198806762695,
      2.6083877086639404
    ],
    [
      3.419711112976074,
      9.695430755615234,
      4.377121448516846,
      5.489810943603516,
      7.071916103363037,
      9.054826736450195,
      10.449686050415039,
      16.302289962768555,
      8.425464630126953,
      15.43847942352295,
      7.544305324554443,
      11.606505393981934,
      9.87239933013916,
      8.555827140808105,
      5.169532775878906,
      5.485381126403809,
      6.074868202209473,
      5.72558069229126
    ],
    [
      6.45393705368042,
      11.572525978088379,
      5.631818771362305,
      7.345856666564941,
      9.461627006530762,
      6.24107027053833,
      12.197856903076172,
      8.425464630126953,
      20.013208389282227,
      15.557197570800781,
      17.012033462524414,
      13.278565406799316,
      13.952961921691895,
      12.235917091369629,
      9.10669994354248,
      9.62283992767334,
      8.136054039001465,
      6.702729225158691
    ],
    [
      7.100004196166992,
      17.095714569091797,
      6.7050700187683105,
      6.903139114379883,
      8.32256031036377,
      9.985095977783203,
      10.350354194641113,
      15.43847942352295,
      15.557197570800781,
      28.03730010986328,
      13.251191139221191,
      21.383403778076172,
      15.085477828979492,
      16.076400756835938,
      8.736970901489258,
      11.708356857299805,
      8.562871932983398,
      10.16236686706543
    ],
    [
      6.92712926864624,
      11.92029857635498,
      4.974801063537598,
      8.099003791809082,
      8.786212921142578,
      5.677699089050293,
      10.010374069213867,
      7.544305324554443,
      17.012033462524414,
      13.251191139221191,
      21.06399917602539,
      13.180924415588379,
      17.679706573486328,
      13.797170639038086,
      9.97946834564209,
      11.396197319030762,
      7.5682525634765625,
      6.268505573272705
    ],
    [
      6.075056552886963,
      14.188365936279297,
      6.265881061553955,
      6.180164813995361,
      6.59037971496582,
      6.513587951660156,
      7.912800312042236,
      11.606505393981934,
      13.278565406799316,
      21.383403778076172,
      13.180924415588379,
      22.739084243774414,
      14.354314804077148,
      18.760242462158203,
      10.024454116821289,
      14.239526748657227,
      7.960740089416504,
      10.370734214782715
    ],
    [
      5.700181007385254,
      12.835077285766602,
      5.190775394439697,
      8.087684631347656,
      8.242920875549316,
      7.359182834625244,
      7.697561264038086,
      9.87239933013916,
      13.952961921691895,
      15.085477828979492,
      17.679706573486328,
      14.354314804077148,
      26.589130401611328,
      20.22736358642578,
      17.678190231323242,
      19.90256690979004,
      11.964354515075684,
      11.60173225402832
    ],
    [
      4.671558856964111,
      13.629074096679688,
      5.69760799407959,
      6.597952842712402,
      5.287942886352539,
      5.60740852355957,
      5.219344615936279,
      8.555827140808105,
      12.235917091369629,
      16.076400756835938,
      13.797170639038086,
      18.760242462158203,
      20.22736358642578,
      28.50102424621582,
      18.945592880249023,
      27.761749267578125,
      12.42481803894043,
      17.118398666381836
    ],
    [
      2.903886079788208,
      7.437878131866455,
      4.15806770324707,
      4.552162170410156,
      4.996797561645508,
      4.681089878082275,
      4.5887250900268555,
      5.169532775878906,
      9.10669994354248,
      8.736970901489258,
      9.97946834564209,
      10.024454116821289,
      17.678190231323242,
      18.945592880249023,
      24.399362564086914,
      25.102519989013672,
      17.563573837280273,
      17.37395668029785
    ],
    [
      2.9222793579101562,
      11.586174011230469,
      4.558940887451172,
      5.7866034507751465,
      3.4158480167388916,
      5.1077561378479,
      2.451800584793091,
      5.485381126403809,
      9.62283992767334,
      11.708356857299805,
      11.396197319030762,
      14.239526748657227,
      19.90256690979004,
      27.761749267578125,
      25.102519989013672,
      37.117618560791016,
      18.110828399658203,
      24.999980926513672
    ],
    [
      2.974628448486328,
      4.263097763061523,
      2.4447362422943115,
      2.0037639141082764,
      2.630340576171875,
      4.011364459991455,
      4.5336198806762695,
      6.074868202209473,
      8.136054039001465,
      8.562871932983398,
      7.5682525634765625,
      7.960740089416504,
      11.964354515075684,
      12.42481803894043,
      17.563573837280273,
      18.110828399658203,
      24.373443603515625,
      22.428102493286133
    ],
    [
      2.410752773284912,
      7.2924909591674805,
      1.9933445453643799,
      2.9026060104370117,
      1.981272578239441,
      3.8523712158203125,
      2.6083877086639404,
      5.72558069229126,
      6.702729225158691,
      10.16236686706543,
      6.268505573272705,
      10.370734214782715,
      11.60173225402832,
      17.118398666381836,
      17.37395668029785,
      24.999980926513672,
      22.428102493286133,
      29.604644775390625
    ]
  ],
  "covariance_short": [
    [
      18.555522918701172,
      2.2412824630737305,
      0.6958869695663452,
      2.2954177856445312,
      2.441563367843628,
      -0.322607159614563,
      2.341848134994507,
      0.7898402810096741,
      2.1411831378936768,
      1.8726000785827637,
      3.18118953704834,
      1.2316750288009644,
      2.4051673412323,
      0.3557945787906647,
      -0.09669116884469986,
      -0.6073840260505676,
      2.574122190475464,
      2.1587729454040527
    ],
    [
      2.2412824630737305,
      43.70830154418945,
      4.938541412353516,
      9.805810928344727,
      5.862603187561035,
      5.314307689666748,
      5.8247904777526855,
      6.227956771850586,
      9.575485229492188,
      16.352048873901367,
      10.081615447998047,
      14.328367233276367,
      13.093462944030762,
      14.255658149719238,
      8.325854301452637,
      13.460952758789062,
      7.341779708862305,
      11.417197227478027
    ],
    [
      0.6958869695663452,
      4.938541412353516,
      14.083174705505371,
      4.979129791259766,
      7.023190975189209,
      5.3125457763671875,
      5.8800201416015625,
      4.826948642730713,
      7.882928371429443,
      8.666861534118652,
      7.586083889007568,
      8.64198112487793,
      7.5461039543151855,
      8.074771881103516,
      6.352266311645508,
      6.87546968460083,
      6.386485576629639,
      5.935494422912598
    ],
    [
      2.2954177856445312,
      9.805810928344727,
      4.979129791259766,
      18.021793365478516,
      9.855072975158691,
      7.761950492858887,
      8.469650268554688,
      6.303557872772217,
      7.894859790802002,
      8.11610221862793,
      9.119453430175781,
      7.491217136383057,
      10.091647148132324,
      7.866337776184082,
      6.066531181335449,
      7.376535892486572,
      4.218683242797852,
      5.565119743347168
    ],
    [
      2.441563367843628,
      5.862603187561035,
      7.023190975189209,
      9.855072975158691,
      26.332809448242188,
      11.159713745117188,
      16.842721939086914,
      8.598550796508789,
      12.259467124938965,
      10.354284286499023,
      12.695451736450195,
      9.049177169799805,
      12.406828880310059,
      7.508432865142822,
      7.833446502685547,
      6.295429706573486,
      6.702237606048584,
      6.453503131866455
    ],
    [
      -0.322607159614563,
      5.314307689666748,
      5.3125457763671875,
      7.761950492858887,
      11.159713745117188,
      17.105989456176758,
      9.157432556152344,
      10.657570838928223,
      7.414344787597656,
      11.71299934387207,
      7.053635597229004,
      9.84601879119873,
      9.635147094726562,
      7.949587345123291,
      6.521861553192139,
      7.712156772613525,
      6.492215156555176,
      7.221264839172363
    ],
    [
      2.341848134994507,
      5.8247904777526855,
      5.8800201416015625,
      8.469650268554688,
      16.842721939086914,
      9.157432556152344,
      28.06196403503418,
      11.940922737121582,
      15.728036880493164,
      11.434818267822266,
      14.037079811096191,
      10.063909530639648,
      11.453160285949707,
      7.900627136230469,
      7.5868024826049805,
      5.148693561553955,
      7.583433151245117,
      6.086997032165527
    ],
    [
      0.7898402810096741,
      6.227956771850586,
      4.826948642730713,
      6.303557872772217,
      8.598550796508789,
      10.657570838928223,
      11.940922737121582,
      18.67777442932129,
      9.181731224060059,
      15.006728172302246,
      8.55610466003418,
      12.275381088256836,
      10.387185096740723,
      8.938066482543945,
      6.040609836578369,
      6.3872971534729,
      7.5792036056518555,
      7.183907985687256
    ],
    [
      2.1411831378936768,
      9.575485229492188,
      7.882928371429443,
      7.894859790802002,
      12.259467124938965,
      7.414344787597656,
      15.728036880493164,
      9.181731224060059,
      26.069059371948242,
      17.823566436767578,
      21.940807342529297,
      16.544248580932617,
      18.866071701049805,
      15.863093376159668,
      13.164198875427246,
      13.246010780334473,
      13.609734535217285,
      12.296442985534668
    ],
    [
      1.8726000785827637,
      16.352048873901367,
      8.666861534118652,
      8.11610221862793,
      10.354284286499023,
      11.71299934387207,
      11.434818267822266,
      15.006728172302246,
      17.823566436767578,
      32.28004455566406,
      16.099842071533203,
      25.254566192626953,
      18.0432186126709,
      19.147869110107422,
      11.179430961608887,
      14.481194496154785,
      11.73211669921875,
      13.550878524780273
    ],
    [
      3.18118953704834,
      10.081615447998047,
      7.586083889007568,
      9.119453430175781,
      12.695451736450195,
      7.053635597229004,
      14.037079811096191,
      8.55610466003418,
      21.940807342529297,
      16.099842071533203,
      30.39113426208496,
      18.505041122436523,
      26.55389976501465,
      19.99485206604004,
      17.24357795715332,
      18.009092330932617,
      16.18183708190918,
      14.826850891113281
    ],
    [
      1.2316750288009644,
      14.328367233276367,
      8.64198112487793,
      7.491217136383057,
      9.049177169799805,
      9.84601879119873,
      10.063909530639648,
      12.275381088256836,
      16.544248580932617,
      25.254566192626953,
      18.505041122436523,
      29.76636505126953,
      19.714801788330078,
      24.01119613647461,
      14.376717567443848,
      19.122982025146484,
      13.694513320922852,
      16.619949340820312
    ],
    [
      2.4051673412323,
      13.093462944030762,
      7.5461039543151855,
      10.091647148132324,
      12.406828880310059,
      9.635147094726562,
      11.453160285949707,
      10.387185096740723,
      18.866071701049805,
      18.0432186126709,
      26.55389976501465,
      19.714801788330078,
      40.21007537841797,
      28.250192642211914,
      29.051158905029297,
      30.44663429260254,
      25.71283531188965,
      24.465253829956055
    ],
    [
      0.3557945787906647,
      14.255658149719238,
      8.074771881103516,
      7.866337776184082,
      7.508432865142822,
      7.949587345123291,
      7.900627136230469,
      8.938066482543945,
      15.863093376159668,
      19.147869110107422,
      19.99485206604004,
      24.01119613647461,
      28.250192642211914,
      37.05217742919922,
      27.429420471191406,
      37.13246154785156,
      24.103084564208984,
      29.868986129760742
    ],
    [
      -0.09669116884469986,
      8.325854301452637,
      6.352266311645508,
      6.066531181335449,
      7.833446502685547,
      6.521861553192139,
      7.5868024826049805,
      6.040609836578369,
      13.164198875427246,
      11.179430961608887,
      17.24357795715332,
      14.376717567443848,
      29.051158905029297,
      27.429420471191406,
      41.507266998291016,
      39.73160934448242,
      37.9106559753418,
      35.56396484375
    ],
    [
      -0.6073840260505676,
      13.460952758789062,
      6.87546968460083,
      7.376535892486572,
      6.295429706573486,
      7.712156772613525,
      5.148693561553955,
      6.3872971534729,
      13.246010780334473,
      14.481194496154785,
      18.009092330932617,
      19.122982025146484,
      30.44663429260254,
      37.13246154785156,
      39.73160934448242,
      54.94276809692383,
      38.01100540161133,
      46.692405700683594
    ],
    [
      2.574122190475464,
      7.341779708862305,
      6.386485576629639,
      4.218683242797852,
      6.702237606048584,
      6.492215156555176,
      7.583433151245117,
      7.5792036056518555,
      13.609734535217285,
      11.73211669921875,
      16.18183708190918,
      13.694513320922852,
      25.71283531188965,
      24.103084564208984,
      37.9106559753418,
      38.01100540161133,
      53.60185241699219,
      47.83280944824219
    ],
    [
      2.1587729454040527,
      11.417197227478027,
      5.935494422912598,
      5.565119743347168,
      6.453503131866455,
      7.221264839172363,
      6.086997032165527,
      7.183907985687256,
      12.296442985534668,
      13.550878524780273,
      14.826850891113281,
      16.619949340820312,
      24.465253829956055,
      29.868986129760742,
      35.56396484375,
      46.692405700683594,
      47.83280944824219,
      57.67865753173828
    ]
  ],
  "drr": 11.543274879455566,
  "dynamics": 2.390132427215576,
  "format": 1245190,
  "frames": 11421696,
  "loudness": -9.08575439453125,
  "loudness_range": 6.095914840698242,
  "loudness_range_short": 7.332272052764893,
  "peak": 0.7739893794059753,
  "rms": -11.622653007507324,
  "sample_rate": 44100,
  "sections": 1,
  "seekable": 1,
  "sharpness": 1.727514386177063,
  "space": -8.636239051818848
}