{
  "bands": [
    {
      "high_freq": 148.1999969482422,
      "loudness": -21.117691040039062,
      "loudness_range": 14.146714210510254,
      "mid_mean": -17.574235916137695,
      "mid_to_side_loudness": -18.37477684020996,
      "mid_to_side_loudness_range": 15.024415969848633,
      "side_mean": -36.189239501953125
    },
    {
      "high_freq": 392.3793640136719,
      "loudness": -19.810359954833984,
      "loudness_range": 8.799158096313477,
      "low_freq": 148.1999969482422,
      "mid_mean": -16.43232536315918,
      "mid_to_side_loudness": -12.255136489868164,
      "mid_to_side_loudness_range": 8.824142456054688,
      "side_mean": -28.82037353515625
    },
    {
      "high_freq": 794.6976318359375,
      "loudness": -24.984479904174805,
      "loudness_range": 15.957555770874023,
      "low_freq": 392.3793640136719,
      "mid_mean": -21.65030288696289,
      "mid_to_side_loudness": -12.023161888122559,
      "mid_to_side_loudness_range": 9.641027450561523,
      "side_mean": -33.748146057128906
    },
    {
      "high_freq": 1457.5709228515625,
      "loudness": -28.163877487182617,
      "loudness_range": 20.963335037231445,
      "low_freq": 794.6976318359375,
      "mid_mean": -24.861188888549805,
      "mid_to_side_loudness": -12.018840789794922,
      "mid_to_side_loudness_range": 10.082246780395508,
      "side_mean": -36.9534912109375
    },
    {
      "high_freq": 2549.74365234375,
      "loudness": -29.987789154052734,
      "loudness_range": 20.141639709472656,
      "low_freq": 1457.5709228515625,
      "mid_mean": -26.680095672607422,
      "mid_to_side_loudness": -11.888084411621094,
      "mid_to_side_loudness_range": 9.038147926330566,
      "side_mean": -38.65948486328125
    },
    {
      "high_freq": 4349.24462890625,
      "loudness": -31.077455520629883,
      "loudness_range": 16.502931594848633,
      "low_freq": 2549.74365234375,
      "mid_mean": -27.685482025146484,
      "mid_to_side_loudness": -12.7716703414917,
      "mid_to_side_loudness_range": 9.089752197265625,
      "side_mean": -40.60519027709961
    },
    {
      "high_freq": 7314.1640625,
      "loudness": -33.91717529296875,
      "loudness_range": 16.276588439941406,
      "low_freq": 4349.24462890625,
      "mid_mean": -30.694026947021484,
      "mid_to_side_loudness": -11.373295783996582,
      "mid_to_side_loudness_range": 11.74708366394043,
      "side_mean": -42.179786682128906
    },
    {
      "high_freq": 12199.2666015625,
      "loudness": -33.881568908691406,
      "loudness_range": 16.384958267211914,
      "low_freq": 7314.1640625,
      "mid_mean": -30.756982803344727,
      "mid_to_side_loudness": -10.655389785766602,
      "mid_to_side_loudness_range": 8.690116882324219,
      "side_mean": -41.30845642089844
    },
    {
      "loudness": -36.31351089477539,
      "loudness_range": 16.333364486694336,
      "low_freq": 12199.2666015625,
      "mid_mean": -33.59687423706055,
      "mid_to_side_loudness": -8.759614944458008,
      "mid_to_side_loudness_range": 11.099573135375977,
      "side_mean": -41.719051361083984
    }
  ],
  "bands_short": [
    {
      "high_freq": 148.1999969482422,
      "loudness": -23.48169708251953,
      "loudness_range": 20.920185089111328,
      "mid_mean": -19.992353439331055,
      "mid_to_side_loudness": -19.27703285217285,
      "mid_to_side_loudness_range": 19.6024112701416,
      "side_mean": -39.89006423950195
    },
    {
      "high_freq": 392.3793640136719,
      "loudness": -20.026348114013672,
      "loudness_range": 11.674860954284668,
      "low_freq": 148.1999969482422,
      "mid_mean": -16.710559844970703,
      "mid_to_side_loudness": -12.47825813293457,
      "mid_to_side_loudness_range": 11.59483814239502,
      "side_mean": -29.344179153442383
    },
    {
      "high_freq": 794.6976318359375,
      "loudness": -26.526575088500977,
      "loudness_range": 19.403026580810547,
      "low_freq": 392.3793640136719,
      "mid_mean": -23.3474063873291,
      "mid_to_side_loudness": -11.468781471252441,
      "mid_to_side_loudness_range": 13.099015235900879,
      "side_mean": -35.0686149597168
    },
    {
      "high_freq": 1457.5709228515625,
      "loudness": -28.92791748046875,
      "loudness_range": 25.413005828857422,
      "low_freq": 794.6976318359375,
      "mid_mean": -25.84215545654297,
      "mid_to_side_loudness": -11.029756546020508,
      "mid_to_side_loudness_range": 13.877830505371094,
      "side_mean": -37.09527587890625
    },
    {
      "high_freq": 2549.74365234375,
      "loudness": -31.704408645629883,
      "loudness_range": 24.46790313720703,
      "low_freq": 1457.5709228515625,
      "mid_mean": -28.61028480529785,
      "mid_to_side_loudness": -10.89156723022461,
      "mid_to_side_loudness_range": 13.619890213012695,
      "side_mean": -39.72945022583008
    },
    {
      "high_freq": 4349.24462890625,
      "loudness": -32.77677536010742,
      "loudness_range": 21.187414169311523,
      "low_freq": 2549.74365234375,
      "mid_mean": -29.567399978637695,
      "mid_to_side_loudness": -11.819571495056152,
      "mid_to_side_loudness_range": 12.792664527893066,
      "side_mean": -41.65668869018555
    },
    {
      "high_freq": 7314.1640625,
      "loudness": -35.99515914916992,
      "loudness_range": 22.602087020874023,
      "low_freq": 4349.24462890625,
      "mid_mean": -33.01376724243164,
      "mid_to_side_loudness": -10.542370796203613,
      "mid_to_side_loudness_range": 14.74585247039795,
      "side_mean": -43.88936233520508
    },
    {
      "high_freq": 12199.2666015625,
      "loudness": -36.30952072143555,
      "loudness_range": 22.30458641052246,
      "low_freq": 7314.1640625,
      "mid_mean": -33.47419738769531,
      "mid_to_side_loudness": -9.839881896972656,
      "mid_to_side_loudness_range": 13.630189895629883,
      "side_mean": -43.467506408691406
    },
    {
      "loudness": -38.79225158691406,
      "loudness_range": 22.512252807617188,
      "low_freq": 12199.2666015625,
      "mid_mean": -36.39764404296875,
      "mid_to_side_loudness": -7.964786052703857,
      "mid_to_side_loudness_range": 15.254340171813965,
      "side_mean": -43.94745635986328
    }
  ],
  "channels": 2,
  "covariance": [
    [
      29.478363037109375,
      8.700225830078125,
      7.389854431152344,
      8.917037963867188,
      15.408380508422852,
      15.339180946350098,
      16.466026306152344,
      14.265801429748535,
      15.387556076049805,
      15.568944931030273,
      10.265892028808594,
      9.330178260803223,
      9.424083709716797,
      10.447389602661133,
      10.144501686096191,
      9.265714645385742,
      10.835075378417969,
      10.283278465270996
    ],
    [
      8.700225830078125,
      19.654203414916992,
      4.162132263183594,
      4.957482814788818,
      4.492609024047852,
      4.808558940887451,
      4.578603267669678,
      4.407024383544922,
      6.915644645690918,
      5.395075798034668,
      5.461431980133057,
      3.4680542945861816,
      4.603006362915039,
      1.737866759300232,
      4.164280414581299,
      1.9064698219299316,
      3.3993101119995117,
      0.9433566927909851
    ],
    [
      7.389854431152344,
      4.162132263183594,
      13.70382022857666,
      9.790450096130371,
      11.700404167175293,
      9.85715103149414,
      10.05297565460205,
      8.264081001281738,
      9.817359924316406,
      8.280611038208008,
      8.225689888000488,
      6.80118989944458,
      6.491611480712891,
      5.652652740478516,
      5.073324680328369,
      4.069355487823486,
      5.292693138122559,
      3.8903095722198486
    ],
    [
      8.917037963867188,
      4.957482814788818,
      9.790450096130371,
      15.785625457763672,
      13.126355171203613,
      15.907751083374023,
      11.632466316223145,
      12.954849243164062,
      13.268799781799316,
      13.808900833129883,
      9.429515838623047,
      10.35421371459961,
      7.88969612121582,
      9.604694366455078,
      7.616922378540039,
      8.200358390808105,
      6.795482158660889,
      6.544054985046387
    ],
    [
      15.408380508422852,
      4.492609024047852,
      11.700404167175293,
      13.126355171203613,
      35.05123519897461,
      31.195068359375,
      34.40970230102539,
      31.092365264892578,
      32.07170104980469,
      28.710180282592773,
      22.065139770507812,
      20.25208854675293,
      18.955310821533203,
      21.26984214782715,
      20.05107307434082,
      18.940959930419922,
      19.746295928955078,
      16.5123291015625
    ],
    [
      15.339180946350098,
      4.808558940887451,
      9.85715103149414,
      15.907751083374023,
      31.195068359375,
      39.2685546875,
      30.687162399291992,
      34.35279846191406,
      30.39822769165039,
      31.784990310668945,
      20.667604446411133,
      22.33635139465332,
      17.14053726196289,
      23.513137817382812,
      19.127120971679688,
      21.485992431640625,
      17.769773483276367,
      18.648521423339844
    ],
    [
      16.466026306152344,
      4.578603267669678,
      10.05297565460205,
      11.632466316223145,
      34.40970230102539,
      30.687162399291992,
      50.95180130004883,
      41.43695831298828,
      38.726924896240234,
      33.945858001708984,
      26.253597259521484,
      24.191160202026367,
      20.72196388244629,
      24.049686431884766,
      23.28399085998535,
      21.9923152923584,
      22.519559860229492,
      19.216352462768555
    ],
    [
      14.265801429748535,
      4.407024383544922,
      8.264081001281738,
      12.954849243164062,
      31.092365264892578,
      34.35279846191406,
      41.43695831298828,
      46.0973014831543,
      36.08586883544922,
      37.16967010498047,
      26.36347198486328,
      27.29203987121582,
      20.355321884155273,
      26.423439025878906,
      22.877544403076172,
      24.003131866455078,
      20.261123657226562,
      19.126089096069336
    ],
    [
      15.387556076049805,
      6.915644645690918,
      9.817359924316406,
      13.268799781799316,
      32.07170104980469,
      30.39822769165039,
      38.726924896240234,
      36.08586883544922,
      51.845542907714844,
      43.09097671508789,
      31.652177810668945,
      28.64223861694336,
      29.09526252746582,
      29.7738094329834,
      29.12335777282715,
      25.73751449584961,
      25.86376953125,
      19.403261184692383
    ],
    [
      15.568944931030273,
      5.395075798034668,
      8.280611038208008,
      13.808900833129883,
      28.710180282592773,
      31.784990310668945,
      33.945858001708984,
      37.16967010498047,
      43.09097671508789,
      46.93743133544922,
      28.090707778930664,
      31.215221405029297,
      25.235061645507812,
      33.067657470703125,
      26.385284423828125,
      27.72271728515625,
      22.430418014526367,
      20.180147171020508
    ],
    [
      10.265892028808594,
      5.461431980133057,
      8.225689888000488,
      9.429515838623047,
      22.065139770507812,
      20.667604446411133,
      26.253597259521484,
      26.36347198486328,
      31.652177810668945,
      28.090707778930664,
      36.19271469116211,
      28.217327117919922,
      30.965681076049805,
      26.63241958618164,
      25.976234436035156,
      21.572601318359375,
      21.42184829711914,
      14.750494003295898
    ],
    [
      9.330178260803223,
      3.4680542945861816,
      6.80118989944458,
      10.35421371459961,
      20.25208854675293,
      22.33635139465332,
      24.191160202026367,
      27.29203987121582,
      28.64223861694336,
      31.215221405029297,
      28.217327117919922,
      32.15022277832031,
      24.440980911254883,
      30.844993591308594,
      22.95965003967285,
      24.063138961791992,
      17.705039978027344,
      15.12994384765625
    ],
    [
      9.424083709716797,
      4.603006362915039,
      6.491611480712891,
      7.88969612121582,
      18.955310821533203,
      17.14053726196289,
      20.72196388244629,
      20.355321884155273,
      29.09526252746582,
      25.235061645507812,
      30.965681076049805,
      24.440980911254883,
      37.17879104614258,
      30.006591796875,
      30.964872360229492,
      24.708641052246094,
      25.8426570892334,
      16.603958129882812
    ],
    [
      10.447389602661133,
      1.737866759300232,
      5.652652740478516,
      9.604694366455078,
      21.26984214782715,
      23.513137817382812,
      24.049686431884766,
      26.423439025878906,
      29.7738094329834,
      33.067657470703125,
      26.63241958618164,
      30.844993591308594,
      30.006591796875,
      41.0919303894043,
      28.308218002319336,
      31.788877487182617,
      23.334646224975586,
      21.21712303161621
    ],
    [
      10.144501686096191,
      4.164280414581299,
      5.073324680328369,
      7.616922378540039,
      20.05107307434082,
      19.127120971679688,
      23.28399085998535,
      22.877544403076172,
      29.12335777282715,
      26.385284423828125,
      25.976234436035156,
      22.95965003967285,
      30.964872360229492,
      28.308218002319336,
      39.31281280517578,
      32.077877044677734,
      34.160892486572266,
      23.022659301757812
    ],
    [
      9.265714645385742,
      1.9064698219299316,
      4.069355487823486,
      8.200358390808105,
      18.940959930419922,
      21.485992431640625,
      21.9923152923584,
      24.003131866455078,
      25.73751449584961,
      27.72271728515625,
      21.572601318359375,
      24.063138961791992,
      24.708641052246094,
      31.788877487182617,
      32.077877044677734,
      38.34151840209961,
      30.599912643432617,
      30.771032333374023
    ],
    [
      10.835075378417969,
      3.3993101119995117,
      5.292693138122559,
      6.795482158660889,
      19.746295928955078,
      17.769773483276367,
      22.519559860229492,
      20.261123657226562,
      25.86376953125,
      22.430418014526367,
      21.42184829711914,
      17.705039978027344,
      25.8426570892334,
      23.334646224975586,
      34.160892486572266,
      30.599912643432617,
      42.34814453125,
      31.778480529785156
    ],
    [
      10.283278465270996,
      0.9433566927909851,
      3.8903095722198486,
      6.544054985046387,
      16.5123291015625,
      18.648521423339844,
      19.216352462768555,
      19.126089096069336,
      19.403261184692383,
      20.180147171020508,
      14.750494003295898,
      15.12994384765625,
      16.603958129882812,
      21.21712303161621,
      23.022659301757812,
      30.771032333374023,
      31.778480529785156,
      42.98672103881836
    ]
  ],
  "covariance_short": [
    [
      52.75389099121094,
      19.39545440673828,
      11.490617752075195,
      11.649974822998047,
      19.32571792602539,
      20.32973289489746,
      21.587203979492188,
      20.150646209716797,
      21.376449584960938,
      20.50014877319336,
      15.368364334106445,
      13.619670867919922,
      14.414819717407227,
      15.601892471313477,
      13.533844947814941,
      14.632528305053711,
      13.660262107849121,
      14.573596000671387
    ],
    [
      19.39545440673828,
      41.20565414428711,
      7.744255542755127,
      8.327803611755371,
      7.689481258392334,
      7.1612396240234375,
      8.087284088134766,
      6.312010288238525,
      9.549805641174316,
      7.814052581787109,
      8.399955749511719,
      5.910390853881836,
      7.330376625061035,
      4.2446465492248535,
      4.67485237121582,
      2.615769624710083,
      4.283750534057617,
      2.716897964477539
    ],
    [
      11.490617752075195,
      7.744255542755127,
      25.848112106323242,
      16.327272415161133,
      18.18893814086914,
      14.618517875671387,
      19.175981521606445,
      13.524812698364258,
      17.356842041015625,
      13.174005508422852,
      15.77043342590332,
      11.449175834655762,
      12.935604095458984,
      10.197275161743164,
      10.5982027053833,
      8.859034538269043,
      9.365649223327637,
      7.287756443023682
    ],
    [
      11.649974822998047,
      8.327803611755371,
      16.327272415161133,
      25.592239379882812,
      17.402481079101562,
      20.358949661254883,
      19.3402042388916,
      18.157869338989258,
      18.81822967529297,
      18.279680252075195,
      15.956835746765137,
      14.669026374816895,
      13.896171569824219,
      13.596911430358887,
      13.00951862335205,
      12.75344467163086,
      10.149785041809082,
      9.808001518249512
    ],
    [
      19.32571792602539,
      7.689481258392334,
      18.18893814086914,
      17.402481079101562,
      50.977237701416016,
      39.55593490600586,
      47.37438201904297,
      36.021568298339844,
      42.69136428833008,
      34.12480163574219,
      33.256168365478516,
      26.308067321777344,
      29.545469284057617,
      28.455371856689453,
      28.036062240600586,
      25.675878524780273,
      24.362958908081055,
      20.68873405456543
    ],
    [
      20.32973289489746,
      7.1612396240234375,
      14.618517875671387,
      20.358949661254883,
      39.55593490600586,
      52.29170227050781,
      40.8632698059082,
      40.97807693481445,
      38.406211853027344,
      38.35734558105469,
      30.59715461730957,
      29.56174087524414,
      27.777957916259766,
      32.61058044433594,
      28.605146408081055,
      30.324262619018555,
      23.1740665435791,
      23.86469841003418
    ],
    [
      21.587203979492188,
      8.087284088134766,
      19.175981521606445,
      19.3402042388916,
      47.37438201904297,
      40.8632698059082,
      75.91185760498047,
      53.10966491699219,
      56.13186264038086,
      44.19994354248047,
      42.71474075317383,
      33.8704833984375,
      35.15848159790039,
      33.754520416259766,
      36.11735153198242,
      31.056852340698242,
      30.847177505493164,
      24.3924503326416
    ],
    [
      20.150646209716797,
      6.312010288238525,
      13.524812698364258,
      18.157869338989258,
      36.021568298339844,
      40.97807693481445,
      53.10966491699219,
      55.8325080871582,
      45.20884704589844,
      44.14645767211914,
      35.92042541503906,
      33.769371032714844,
      30.26483726501465,
      33.45291519165039,
      31.794511795043945,
      30.7726993560791,
      24.887514114379883,
      22.4180850982666
    ],
    [
      21.376449584960938,
      9.549805641174316,
      17.356842041015625,
      18.81822967529297,
      42.69136428833008,
      38.406211853027344,
      56.13186264038086,
      45.20884704589844,
      74.37348937988281,
      54.626277923583984,
      49.073829650878906,
      39.29052734375,
      46.002986907958984,
      41.04245376586914,
      42.737632751464844,
      36.548240661621094,
      34.182518005371094,
      26.897916793823242
    ],
    [
      20.50014877319336,
      7.814052581787109,
      13.174005508422852,
      18.279680252075195,
      34.12480163574219,
      38.35734558105469,
      44.19994354248047,
      44.14645767211914,
      54.626277923583984,
      58.50600051879883,
      39.32938003540039,
      40.46548843383789,
      37.733978271484375,
      43.63970184326172,
      37.06119918823242,
      37.6400146484375,
      29.065275192260742,
      26.422637939453125
    ],
    [
      15.368364334106445,
      8.399955749511719,
      15.77043342590332,
      15.956835746765137,
      33.256168365478516,
      30.59715461730957,
      42.71474075317383,
      35.92042541503906,
      49.073829650878906,
      39.32938003540039,
      59.968238830566406,
      41.49814987182617,
      51.11134338378906,
      40.1014518737793,
      42.984703063964844,
      33.883811950683594,
      33.37030792236328,
      22.860403060913086
    ],
    [
      13.619670867919922,
      5.910390853881836,
      11.449175834655762,
      14.669026374816895,
      26.308067321777344,
      29.56174087524414,
      33.8704833984375,
      33.769371032714844,
      39.29052734375,
      40.46548843383789,
      41.49814987182617,
      44.3027458190918,
      37.87065505981445,
      43.59321212768555,
      35.280311584472656,
      36.00838851928711,
      26.721025466918945,
      23.052637100219727
    ],
    [
      14.414819717407227,
      7.330376625061035,
      12.935604095458984,
      13.896171569824219,
      29.545469284057617,
      27.777957916259766,
      35.15848159790039,
      30.26483726501465,
      46.002986907958984,
      37.733978271484375,
      51.11134338378906,
      37.87065505981445,
      67.04940795898438,
      49.08754348754883,
      56.636348724365234,
      43.42439651489258,
      45.350032806396484,
      30.319377899169922
    ],
    [
      15.601892471313477,
      4.2446465492248535,
      10.197275161743164,
      13.596911430358887,
      28.455371856689453,
      32.61058044433594,
      33.754520416259766,
      33.45291519165039,
      41.04245376586914,
      43.63970184326172,
      40.1014518737793,
      43.59321212768555,
      49.08754348754883,
      61.28944396972656,
      46.91741943359375,
      51.35215377807617,
      38.975685119628906,
      35.70528793334961
    ],
    [
      13.533844947814941,
      4.67485237121582,
      10.5982027053833,
      13.00951862335205,
      28.036062240600586,
      28.605146408081055,
      36.11735153198242,
      31.794511795043945,
      42.737632751464844,
      37.06119918823242,
      42.984703063964844,
      35.280311584472656,
      56.636348724365234,
      46.91741943359375,
      70.67816925048828,
      53.07825469970703,
      57.193199157714844,
      41.12153244018555
    ],
    [
      14.632528305053711,
      2.615769624710083,
      8.859034538269043,
      12.75344467163086,
      25.675878524780273,
      30.324262619018555,
      31.056852340698242,
      30.7726993560791,
      36.548240661621094,
      37.6400146484375,
      33.883811950683594,
      36.00838851928711,
      43.42439651489258,
      51.35215377807617,
      53.07825469970703,
      64.02506256103516,
      48.67927932739258,
      52.553565979003906
    ],
    [
      13.660262107849121,
      4.283750534057617,
      9.365649223327637,
      10.149785041809082,
      24.362958908081055,
      23.1740665435791,
      30.847177505493164,
      24.887514114379883,
      34.182518005371094,
      29.065275192260742,
      33.37030792236328,
      26.721025466918945,
      45.350032806396484,
      38.975685119628906,
      57.193199157714844,
      48.67927932739258,
      68.74918365478516,
      50.671722412109375
    ],
    [
      14.573596000671387,
      2.716897964477539,
      7.287756443023682,
      9.808001518249512,
      20.68873405456543,
      23.86469841003418,
      24.3924503326416,
      22.4180850982666,
      26.897916793823242,
      26.422637939453125,
      22.860403060913086,
      23.052637100219727,
      30.319377899169922,
      35.70528793334961,
      41.12153244018555,
      52.553565979003906,
      50.671722412109375,
      68.8055419921875
    ]
  ],
  "drr": 13.778496742248535,
  "dynamics": 3.3605172634124756,
  "format": 1245190,
  "frames": 13379584,
  "loudness": -11.33578109741211,
  "loudness_range": 8.617256164550781,
  "loudness_range_short": 11.57343864440918,
  "peak": 0.6019648909568787,
  "rms": -12.596171379089355,
  "sample_rate": 44100,
  "sections": 1,
  "seekable": 1,
  "sharpness": 2.867485523223877,
  "space": -13.450843811035156
}