{
  "bands": [
    {
      "high_freq": 148.1999969482422,
      "loudness": -42.85732650756836,
      "loudness_range": 16.839004516601562,
      "mid_mean": -39.247432708740234,
      "mid_to_side_loudness": -17.909929275512695,
      "mid_to_side_loudness_range": 7.381294250488281,
      "side_mean": -57.482852935791016
    },
    {
      "high_freq": 392.3793640136719,
      "loudness": -27.151386260986328,
      "loudness_range": 13.50197982788086,
      "low_freq": 148.1999969482422,
      "mid_mean": -23.784215927124023,
      "mid_to_side_loudness": -11.26339054107666,
      "mid_to_side_loudness_range": 6.2936506271362305,
      "side_mean": -35.29291534423828
    },
    {
      "high_freq": 794.6976318359375,
      "loudness": -24.490209579467773,
      "loudness_range": 14.985319137573242,
      "low_freq": 392.3793640136719,
      "mid_mean": -21.70879554748535,
      "mid_to_side_loudness": -6.590540409088135,
      "mid_to_side_loudness_range": 5.546991348266602,
      "side_mean": -28.493436813354492
    },
    {
      "high_freq": 1457.5709228515625,
      "loudness": -30.195581436157227,
      "loudness_range": 19.72315216064453,
      "low_freq": 794.6976318359375,
      "mid_mean": -30.15496253967285,
      "mid_to_side_loudness": 0.7947916984558105,
      "mid_to_side_loudness_range": 6.949653148651123,
      "side_mean": -29.268054962158203
    },
    {
      "high_freq": 2549.74365234375,
      "loudness": -35.66497039794922,
      "loudness_range": 17.11528968811035,
      "low_freq": 1457.5709228515625,
      "mid_mean": -35.683448791503906,
      "mid_to_side_loudness": 1.0964754819869995,
      "mid_to_side_loudness_range": 5.12594747543335,
      "side_mean": -34.52067184448242
    },
    {
      "high_freq": 4349.24462890625,
      "loudness": -44.934959411621094,
      "loudness_range": 20.401409149169922,
      "low_freq": 2549.74365234375,
      "mid_mean": -45.075321197509766,
      "mid_to_side_loudness": 0.5603445768356323,
      "mid_to_side_loudness_range": 4.732994079589844,
      "side_mean": -44.39631271362305
    },
    {
      "high_freq": 7314.1640625,
      "loudness": -58.626686096191406,
      "loudness_range": 24.43285369873047,
      "low_freq": 4349.24462890625,
      "mid_mean": -58.623836517333984,
      "mid_to_side_loudness": 0.251722127199173,
      "mid_to_side_loudness_range": 3.876976490020752,
      "side_mean": -58.378517150878906
    },
    {
      "high_freq": 12199.2666015625,
      "loudness": -72.81092071533203,
      "loudness_range": 15.156303405761719,
      "low_freq": 7314.1640625,
      "mid_mean": -67.22026824951172,
      "mid_to_side_loudness": -0.43991899490356445,
      "mid_to_side_loudness_range": 2.96875,
      "side_mean": -67.42623901367188
    },
    {
      "loudness": -75.46808624267578,
      "loudness_range": 4.552513122558594,
      "low_freq": 12199.2666015625,
      "mid_mean": -68.6883316040039,
      "mid_to_side_loudness": -0.1604904979467392,
      "mid_to_side_loudness_range": 0.5821917057037354,
      "side_mean": -68.72040557861328
    }
  ],
  "bands_short": [
    {
      "high_freq": 148.1999969482422,
      "loudness": -46.95756530761719,
      "loudness_range": 22.95006561279297,
      "mid_mean": -43.42896270751953,
      "mid_to_side_loudness": -18.24883270263672,
      "mid_to_side_loudness_range": 12.88411808013916,
      "side_mean": -60.879539489746094
    },
    {
      "high_freq": 392.3793640136719,
      "loudness": -28.428630828857422,
      "loudness_range": 17.123262405395508,
      "low_freq": 148.1999969482422,
      "mid_mean": -25.126447677612305,
      "mid_to_side_loudness": -11.383036613464355,
      "mid_to_side_loudness_range": 9.020000457763672,
      "side_mean": -36.637935638427734
    },
    {
      "high_freq": 794.6976318359375,
      "loudness": -25.585350036621094,
      "loudness_range": 17.505884170532227,
      "low_freq": 392.3793640136719,
      "mid_mean": -22.84126091003418,
      "mid_to_side_loudness": -6.724966526031494,
      "mid_to_side_loudness_range": 7.93470573425293,
      "side_mean": -29.671661376953125
    },
    {
      "high_freq": 1457.5709228515625,
      "loudness": -31.023347854614258,
      "loudness_range": 21.931949615478516,
      "low_freq": 794.6976318359375,
      "mid_mean": -31.027820587158203,
      "mid_to_side_loudness": 0.7114689350128174,
      "mid_to_side_loudness_range": 8.906086921691895,
      "side_mean": -30.217403411865234
    },
    {
      "high_freq": 2549.74365234375,
      "loudness": -36.798030853271484,
      "loudness_range": 18.90396499633789,
      "low_freq": 1457.5709228515625,
      "mid_mean": -36.9012336730957,
      "mid_to_side_loudness": 1.081449031829834,
      "mid_to_side_loudness_range": 7.286439895629883,
      "side_mean": -35.77314376831055
    },
    {
      "high_freq": 4349.24462890625,
      "loudness": -46.04341506958008,
      "loudness_range": 23.660289764404297,
      "low_freq": 2549.74365234375,
      "mid_mean": -46.048057556152344,
      "mid_to_side_loudness": 0.5047751069068909,
      "mid_to_side_loudness_range": 6.756992340087891,
      "side_mean": -45.40473175048828
    },
    {
      "high_freq": 7314.1640625,
      "loudness": -60.455528259277344,
      "loudness_range": 26.795806884765625,
      "low_freq": 4349.24462890625,
      "mid_mean": -60.05914306640625,
      "mid_to_side_loudness": 0.5500008463859558,
      "mid_to_side_loudness_range": 5.904682159423828,
      "side_mean": -59.558326721191406
    },
    {
      "high_freq": 12199.2666015625,
      "loudness": -73.70902252197266,
      "loudness_range": 14.900428771972656,
      "low_freq": 7314.1640625,
      "mid_mean": -67.57313537597656,
      "mid_to_side_loudness": -0.4615480303764343,
      "mid_to_side_loudness_range": 3.123095989227295,
      "side_mean": -67.76220703125
    },
    {
      "loudness": -75.56682586669922,
      "loudness_range": 5.222816467285156,
      "low_freq": 12199.2666015625,
      "mid_mean": -68.70153045654297,
      "mid_to_side_loudness": -0.17755109071731567,
      "mid_to_side_loudness_range": 1.3941917419433594,
      "side_mean": -68.73295593261719
    }
  ],
  "channels": 2,
  "covariance": [
    [
      35.05810546875,
      25.085893630981445,
      11.481761932373047,
      14.574609756469727,
      9.939323425292969,
      10.670221328735352,
      14.095407485961914,
      13.98919677734375,
      17.35625457763672,
      15.268193244934082,
      20.735939025878906,
      19.30685043334961,
      18.947826385498047,
      20.332412719726562,
      3.745807647705078,
      3.577056646347046,
      0.7757101655006409,
      0.7328657507896423
    ],
    [
      25.085893630981445,
      26.436420440673828,
      10.110342979431152,
      12.73166275024414,
      9.112939834594727,
      9.622432708740234,
      12.258076667785645,
      12.085260391235352,
      15.756494522094727,
      14.342406272888184,
      19.53553009033203,
      18.16556167602539,
      22.530452728271484,
      23.572973251342773,
      4.760921955108643,
      4.411098957061768,
      1.135079026222229,
      1.0712848901748657
    ],
    [
      11.481761932373047,
      10.110342979431152,
      25.371299743652344,
      22.23758316040039,
      12.26306438446045,
      13.343058586120605,
      8.487527847290039,
      9.78166389465332,
      18.94095230102539,
      17.45415496826172,
      21.9849796295166,
      20.072553634643555,
      17.599382400512695,
      18.174373626708984,
      2.7843616008758545,
      2.5144832134246826,
      0.6670055389404297,
      0.5874009132385254
    ],
    [
      14.574609756469727,
      12.73166275024414,
      22.23758316040039,
      24.721206665039062,
      12.1766939163208,
      13.934657096862793,
      8.062651634216309,
      9.32846736907959,
      19.004247665405273,
      17.966110229492188,
      23.26120376586914,
      21.283464431762695,
      18.918453216552734,
      19.501808166503906,
      2.992924213409424,
      2.725192070007324,
      0.6841801404953003,
      0.6069183349609375
    ],
    [
      9.939323425292969,
      9.112939834594727,
      12.26306438446045,
      12.1766939163208,
      30.293811798095703,
      26.215524673461914,
      27.35799217224121,
      25.58675193786621,
      27.207408905029297,
      25.618911743164062,
      35.837669372558594,
      35.29561996459961,
      32.797271728515625,
      32.93574142456055,
      10.006736755371094,
      8.893221855163574,
      1.9173097610473633,
      1.7996381521224976
    ],
    [
      10.670221328735352,
      9.622432708740234,
      13.343058586120605,
      13.934657096862793,
      26.215524673461914,
      26.91530990600586,
      23.97780418395996,
      22.485740661621094,
      26.148601531982422,
      24.44097900390625,
      33.303077697753906,
      33.387821197509766,
      30.5859375,
      31.08354949951172,
      8.84695053100586,
      7.919665336608887,
      1.754720687866211,
      1.650216817855835
    ],
    [
      14.095407485961914,
      12.258076667785645,
      8.487527847290039,
      8.062651634216309,
      27.35799217224121,
      23.97780418395996,
      56.9762077331543,
      47.01493453979492,
      34.806312561035156,
      30.75383186340332,
      40.93302536010742,
      39.480712890625,
      39.44158172607422,
      40.041099548339844,
      12.90047836303711,
      12.091086387634277,
      2.7372756004333496,
      2.6220972537994385
    ],
    [
      13.98919677734375,
      12.085260391235352,
      9.78166389465332,
      9.32846736907959,
      25.58675193786621,
      22.485740661621094,
      47.01493453979492,
      42.8246955871582,
      32.03706359863281,
      29.532588958740234,
      38.160709381103516,
      36.990360260009766,
      36.262386322021484,
      37.12760925292969,
      10.994983673095703,
      10.183324813842773,
      2.3821704387664795,
      2.31124210357666
    ],
    [
      17.35625457763672,
      15.756494522094727,
      18.94095230102539,
      19.004247665405273,
      27.207408905029297,
      26.148601531982422,
      34.806312561035156,
      32.03706359863281,
      41.385459899902344,
      38.200355529785156,
      46.101749420166016,
      45.61152648925781,
      41.3187370300293,
      42.81151580810547,
      11.356321334838867,
      10.440321922302246,
      2.290703058242798,
      2.177377939224243
    ],
    [
      15.268193244934082,
      14.342406272888184,
      17.45415496826172,
      17.966110229492188,
      25.618911743164062,
      24.44097900390625,
      30.75383186340332,
      29.532588958740234,
      38.200355529785156,
      38.494380950927734,
      44.071327209472656,
      43.572269439697266,
      38.937435150146484,
      40.410064697265625,
      10.15667724609375,
      9.327341079711914,
      2.07734751701355,
      1.9940776824951172
    ],
    [
      20.735939025878906,
      19.53553009033203,
      21.9849796295166,
      23.26120376586914,
      35.837669372558594,
      33.303077697753906,
      40.93302536010742,
      38.160709381103516,
      46.101749420166016,
      44.071327209472656,
      63.16400146484375,
      59.8660774230957,
      53.509578704833984,
      54.71241760253906,
      13.681260108947754,
      12.684647560119629,
      2.680011034011841,
      2.5377519130706787
    ],
    [
      19.30685043334961,
      18.16556167602539,
      20.072553634643555,
      21.283464431762695,
      35.29561996459961,
      33.387821197509766,
      39.480712890625,
      36.990360260009766,
      45.61152648925781,
      43.572269439697266,
      59.8660774230957,
      62.95204544067383,
      54.00307846069336,
      55.40084457397461,
      13.875540733337402,
      12.953934669494629,
      2.7687318325042725,
      2.626378059387207
    ],
    [
      18.947826385498047,
      22.530452728271484,
      17.599382400512695,
      18.918453216552734,
      32.797271728515625,
      30.5859375,
      39.44158172607422,
      36.262386322021484,
      41.3187370300293,
      38.937435150146484,
      53.509578704833984,
      54.00307846069336,
      58.358516693115234,
      58.68009567260742,
      14.847882270812988,
      14.219486236572266,
      3.1042399406433105,
      2.9394001960754395
    ],
    [
      20.332412719726562,
      23.572973251342773,
      18.174373626708984,
      19.501808166503906,
      32.93574142456055,
      31.08354949951172,
      40.041099548339844,
      37.12760925292969,
      42.81151580810547,
      40.410064697265625,
      54.71241760253906,
      55.40084457397461,
      58.68009567260742,
      60.474327087402344,
      14.91628646850586,
      14.206911087036133,
      3.141035318374634,
      2.976200580596924
    ],
    [
      3.745807647705078,
      4.760921955108643,
      2.7843616008758545,
      2.992924213409424,
      10.006736755371094,
      8.84695053100586,
      12.90047836303711,
      10.994983673095703,
      11.356321334838867,
      10.15667724609375,
      13.681260108947754,
      13.875540733337402,
      14.847882270812988,
      14.91628646850586,
      7.116228103637695,
      6.17097282409668,
      1.1253039836883545,
      1.0653202533721924
    ],
    [
      3.577056646347046,
      4.411098957061768,
      2.5144832134246826,
      2.725192070007324,
      8.893221855163574,
      7.919665336608887,
      12.091086387634277,
      10.183324813842773,
      10.440321922302246,
      9.327341079711914,
      12.684647560119629,
      12.953934669494629,
      14.219486236572266,
      14.206911087036133,
      6.17097282409668,
      5.853643894195557,
      1.0515352487564087,
      0.9996068477630615
    ],
    [
      0.7757101655006409,
      1.135079026222229,
      0.6670055389404297,
      0.6841801404953003,
      1.9173097610473633,
      1.754720687866211,
      2.7372756004333496,
      2.3821704387664795,
      2.290703058242798,
      2.07734751701355,
      2.680011034011841,
      2.7687318325042725,
      3.1042399406433105,
      3.141035318374634,
      1.1253039836883545,
      1.0515352487564087,
      0.2583681643009186,
      0.24487105011940002
    ],
    [
      0.7328657507896423,
      1.0712848901748657,
      0.5874009132385254,
      0.6069183349609375,
      1.7996381521224976,
      1.650216817855835,
      2.6220972537994385,
      2.31124210357666,
      2.177377939224243,
      1.9940776824951172,
      2.5377519130706787,
      2.626378059387207,
      2.9394001960754395,
      2.976200580596924,
      1.0653202533721924,
      0.9996068477630615,
      0.24487105011940002,
      0.23497270047664642
    ]
  ],
  "covariance_short": [
    [
      62.205238342285156,
      34.4527702331543,
      17.355573654174805,
      18.96714210510254,
      15.873453140258789,
      15.92396354675293,
      21.964021682739258,
      22.400941848754883,
      24.9688777923584,
      22.883201599121094,
      28.00489044189453,
      24.917007446289062,
      27.564908981323242,
      29.310386657714844,
      6.124512195587158,
      5.8576459884643555,
      1.5358091592788696,
      1.4701851606369019
    ],
    [
      34.4527702331543,
      28.418132781982422,
      11.392528533935547,
      13.18166446685791,
      10.118432998657227,
      10.494004249572754,
      14.525067329406738,
      14.700530052185059,
      17.5478572845459,
      16.46170425415039,
      20.412580490112305,
      18.27440643310547,
      20.37890625,
      21.57347297668457,
      4.661299705505371,
      4.460515022277832,
      1.276881456375122,
      1.2213923931121826
    ],
    [
      17.355573654174805,
      11.392528533935547,
      38.02043914794922,
      30.731088638305664,
      20.837400436401367,
      20.823896408081055,
      15.186200141906738,
      17.71741485595703,
      26.534547805786133,
      24.89461898803711,
      30.76702308654785,
      29.992780685424805,
      24.14507293701172,
      24.780029296875,
      4.5064167976379395,
      4.222946643829346,
      1.217230200767517,
      1.1111559867858887
    ],
    [
      18.96714210510254,
      13.18166446685791,
      30.731088638305664,
      34.78858184814453,
      18.667917251586914,
      19.81246566772461,
      13.106135368347168,
      15.639839172363281,
      24.832002639770508,
      23.359712600708008,
      29.592817306518555,
      28.1121883392334,
      23.28293800354004,
      23.700355529785156,
      4.116745948791504,
      3.858557939529419,
      1.0831423997879028,
      0.9959521293640137
    ],
    [
      15.873453140258789,
      10.118432998657227,
      20.837400436401367,
      18.667917251586914,
      40.704044342041016,
      33.490596771240234,
      31.89729881286621,
      31.525022506713867,
      33.45424270629883,
      32.574832916259766,
      43.418094635009766,
      42.98613739013672,
      37.11260986328125,
      38.034053802490234,
      10.864398002624512,
      9.735319137573242,
      2.5328752994537354,
      2.375044345855713
    ],
    [
      15.92396354675293,
      10.494004249572754,
      20.823896408081055,
      19.81246566772461,
      33.490596771240234,
      35.25673294067383,
      28.3908634185791,
      28.08265495300293,
      31.102205276489258,
      29.762426376342773,
      39.80437088012695,
      39.454803466796875,
      33.47001266479492,
      34.57416915893555,
      9.246753692626953,
      8.282888412475586,
      2.200896739959717,
      2.0737862586975098
    ],
    [
      21.964021682739258,
      14.525067329406738,
      15.186200141906738,
      13.106135368347168,
      31.89729881286621,
      28.3908634185791,
      62.05015182495117,
      50.84299850463867,
      40.188697814941406,
      36.253910064697266,
      45.69544982910156,
      44.58454895019531,
      40.93328857421875,
      42.461273193359375,
      13.074047088623047,
      12.233829498291016,
      3.3338544368743896,
      3.1894114017486572
    ],
    [
      22.400941848754883,
      14.700530052185059,
      17.71741485595703,
      15.639839172363281,
      31.525022506713867,
      28.08265495300293,
      50.84299850463867,
      49.457977294921875,
      37.6224365234375,
      35.59978485107422,
      43.85437774658203,
      42.76483154296875,
      37.86866760253906,
      39.457462310791016,
      11.184615135192871,
      10.305621147155762,
      2.951632022857666,
      2.8685896396636963
    ],
    [
      24.9688777923584,
      17.5478572845459,
      26.534547805786133,
      24.832002639770508,
      33.45424270629883,
      31.102205276489258,
      40.188697814941406,
      37.6224365234375,
      49.525699615478516,
      44.783103942871094,
      53.85273742675781,
      53.07183837890625,
      45.03392028808594,
      47.09531021118164,
      11.970648765563965,
      11.042587280273438,
      2.8854215145111084,
      2.736626148223877
    ],
    [
      22.883201599121094,
      16.46170425415039,
      24.89461898803711,
      23.359712600708008,
      32.574832916259766,
      29.762426376342773,
      36.253910064697266,
      35.59978485107422,
      44.783103942871094,
      46.91133499145508,
      52.2586555480957,
      51.95729446411133,
      43.19906997680664,
      45.20003890991211,
      10.994789123535156,
      10.196816444396973,
      2.6874449253082275,
      2.5806541442871094
    ],
    [
      28.00489044189453,
      20.412580490112305,
      30.76702308654785,
      29.592817306518555,
      43.418094635009766,
      39.80437088012695,
      45.69544982910156,
      43.85437774658203,
      53.85273742675781,
      52.2586555480957,
      71.72442626953125,
      68.67547607421875,
      56.9619026184082,
      59.04441833496094,
      14.382509231567383,
      13.372185707092285,
      3.3653223514556885,
      3.1841986179351807
    ],
    [
      24.917007446289062,
      18.27440643310547,
      29.992780685424805,
      28.1121883392334,
      42.98613739013672,
      39.454803466796875,
      44.58454895019531,
      42.76483154296875,
      53.07183837890625,
      51.95729446411133,
      68.67547607421875,
      72.13367462158203,
      57.28191375732422,
      59.30915069580078,
      14.305818557739258,
      13.419060707092285,
      3.392418384552002,
      3.216453790664673
    ],
    [
      27.564908981323242,
      20.37890625,
      24.14507293701172,
      23.28293800354004,
      37.11260986328125,
      33.47001266479492,
      40.93328857421875,
      37.86866760253906,
      45.03392028808594,
      43.19906997680664,
      56.9619026184082,
      57.28191375732422,
      58.72154235839844,
      59.33392333984375,
      14.755845069885254,
      14.129146575927734,
      3.588289499282837,
      3.4050073623657227
    ],
    [
      29.310386657714844,
      21.57347297668457,
      24.780029296875,
      23.700355529785156,
      38.034053802490234,
      34.57416915893555,
      42.461273193359375,
      39.457462310791016,
      47.09531021118164,
      45.20003890991211,
      59.04441833496094,
      59.30915069580078,
      59.33392333984375,
      63.12209701538086,
      14.959037780761719,
      14.250675201416016,
      3.661594867706299,
      3.474423885345459
    ],
    [
      6.124512195587158,
      4.661299705505371,
      4.5064167976379395,
      4.116745948791504,
      10.864398002624512,
      9.246753692626953,
      13.074047088623047,
      11.184615135192871,
      11.970648765563965,
      10.994789123535156,
      14.382509231567383,
      14.305818557739258,
      14.755845069885254,
      14.959037780761719,
      7.313465595245361,
      6.394741058349609,
      1.377051830291748,
      1.3076691627502441
    ],
    [
      5.8576459884643555,
      4.460515022277832,
      4.222946643829346,
      3.858557939529419,
      9.735319137573242,
      8.282888412475586,
      12.233829498291016,
      10.305621147155762,
      11.042587280273438,
      10.196816444396973,
      13.372185707092285,
      13.419060707092285,
      14.129146575927734,
      14.250675201416016,
      6.394741058349609,
      6.2014923095703125,
      1.2875022888183594,
      1.2255070209503174
    ],
    [
      1.5358091592788696,
      1.276881456375122,
      1.217230200767517,
      1.0831423997879028,
      2.5328752994537354,
      2.200896739959717,
      3.3338544368743896,
      2.951632022857666,
      2.8854215145111084,
      2.6874449253082275,
      3.3653223514556885,
      3.392418384552002,
      3.588289499282837,
      3.661594867706299,
      1.377051830291748,
      1.2875022888183594,
      0.3909589946269989,
      0.36529839038848877
    ],
    [
      1.4701851606369019,
      1.2213923931121826,
      1.1111559867858887,
      0.9959521293640137,
      2.375044345855713,
      2.0737862586975098,
      3.1894114017486572,
      2.8685896396636963,
      2.736626148223877,
      2.5806541442871094,
      3.1841986179351807,
      3.216453790664673,
      3.4050073623657227,
      3.474423885345459,
      1.3076691627502441,
      1.2255070209503174,
      0.36529839038848877,
      0.35915306210517883
    ]
  ],
  "drr": 9.023453712463379,
  "dynamics": 4.451444149017334,
  "format": 1245190,
  "frames": 3758080,
  "loudness": -17.30877685546875,
  "loudness_range": 11.545140266418457,
  "loudness_range_short": 15.098020553588867,
  "peak": -1.110912561416626,
  "rms": -18.645009994506836,
  "sample_rate": 44100,
  "sections": 1,
  "seekable": 1,
  "sharpness": 3.937586545944214,
  "space": -5.84394645690918
}