{
  "bands": [
    {
      "high_freq": 148.1999969482422,
      "loudness": -44.3087272644043,
      "loudness_range": 18.171077728271484,
      "mid_mean": -41.38949203491211,
      "mid_to_side_loudness": -9.490551948547363,
      "mid_to_side_loudness_range": 11.223051071166992,
      "side_mean": -52.01923751831055
    },
    {
      "high_freq": 392.3793640136719,
      "loudness": -41.936283111572266,
      "loudness_range": 26.625812530517578,
      "low_freq": 148.1999969482422,
      "mid_mean": -40.065574645996094,
      "mid_to_side_loudness": -4.415736198425293,
      "mid_to_side_loudness_range": 10.440177917480469,
      "side_mean": -44.32609558105469
    },
    {
      "high_freq": 794.6976318359375,
      "loudness": -36.81346893310547,
      "loudness_range": 29.028528213500977,
      "low_freq": 392.3793640136719,
      "mid_mean": -34.735694885253906,
      "mid_to_side_loudness": -4.856834888458252,
      "mid_to_side_loudness_range": 10.4237642288208,
      "side_mean": -39.396724700927734
    },
    {
      "high_freq": 1457.5709228515625,
      "loudness": -38.01880645751953,
      "loudness_range": 24.683624267578125,
      "low_freq": 794.6976318359375,
      "mid_mean": -35.968746185302734,
      "mid_to_side_loudness": -4.6022539138793945,
      "mid_to_side_loudness_range": 7.625039100646973,
      "side_mean": -40.352962493896484
    },
    {
      "high_freq": 2549.74365234375,
      "loudness": -36.80556869506836,
      "loudness_range": 25.284204483032227,
      "low_freq": 1457.5709228515625,
      "mid_mean": -34.67044448852539,
      "mid_to_side_loudness": -4.8098225593566895,
      "mid_to_side_loudness_range": 7.694725036621094,
      "side_mean": -39.45250701904297
    },
    {
      "high_freq": 4349.24462890625,
      "loudness": -39.28055953979492,
      "loudness_range": 22.761316299438477,
      "low_freq": 2549.74365234375,
      "mid_mean": -36.79000473022461,
      "mid_to_side_loudness": -5.871505260467529,
      "mid_to_side_loudness_range": 8.877267837524414,
      "side_mean": -42.657718658447266
    },
    {
      "high_freq": 7314.1640625,
      "loudness": -45.012691497802734,
      "loudness_range": 22.40786361694336,
      "low_freq": 4349.24462890625,
      "mid_mean": -42.518943786621094,
      "mid_to_side_loudness": -6.630593776702881,
      "mid_to_side_loudness_range": 8.914777755737305,
      "side_mean": -50.527427673339844
    },
    {
      "high_freq": 12199.2666015625,
      "loudness": -49.696773529052734,
      "loudness_range": 19.743377685546875,
      "low_freq": 7314.1640625,
      "mid_mean": -47.7415885925293,
      "mid_to_side_loudness": -6.6889729499816895,
      "mid_to_side_loudness_range": 10.0101900100708,
      "side_mean": -54.97331237792969
    },
    {
      "loudness": -56.41816329956055,
      "loudness_range": 12.447429656982422,
      "low_freq": 12199.2666015625,
      "mid_mean": -55.26564407348633,
      "mid_to_side_loudness": -6.198830604553223,
      "mid_to_side_loudness_range": 7.4437360763549805,
      "side_mean": -60.34525680541992
    }
  ],
  "bands_short": [
    {
      "high_freq": 148.1999969482422,
      "loudness": -46.350006103515625,
      "loudness_range": 19.324356079101562,
      "mid_mean": -43.72492218017578,
      "mid_to_side_loudness": -9.521140098571777,
      "mid_to_side_loudness_range": 18.200050354003906,
      "side_mean": -54.128074645996094
    },
    {
      "high_freq": 392.3793640136719,
      "loudness": -43.00196838378906,
      "loudness_range": 26.14076805114746,
      "low_freq": 148.1999969482422,
      "mid_mean": -41.373451232910156,
      "mid_to_side_loudness": -3.9479522705078125,
      "mid_to_side_loudness_range": 12.115010261535645,
      "side_mean": -45.2532958984375
    },
    {
      "high_freq": 794.6976318359375,
      "loudness": -38.04568862915039,
      "loudness_range": 28.272188186645508,
      "low_freq": 392.3793640136719,
      "mid_mean": -36.30030059814453,
      "mid_to_side_loudness": -4.02625036239624,
      "mid_to_side_loudness_range": 11.49350357055664,
      "side_mean": -40.28452682495117
    },
    {
      "high_freq": 1457.5709228515625,
      "loudness": -38.67533493041992,
      "loudness_range": 26.482559204101562,
      "low_freq": 794.6976318359375,
      "mid_mean": -36.743194580078125,
      "mid_to_side_loudness": -4.094330310821533,
      "mid_to_side_loudness_range": 8.409759521484375,
      "side_mean": -40.7205924987793
    },
    {
      "high_freq": 2549.74365234375,
      "loudness": -37.73447036743164,
      "loudness_range": 26.73781394958496,
      "low_freq": 1457.5709228515625,
      "mid_mean": -35.8390007019043,
      "mid_to_side_loudness": -4.22492790222168,
      "mid_to_side_loudness_range": 8.0720853805542,
      "side_mean": -40.10094451904297
    },
    {
      "high_freq": 4349.24462890625,
      "loudness": -40.169189453125,
      "loudness_range": 25.00562286376953,
      "low_freq": 2549.74365234375,
      "mid_mean": -37.90720748901367,
      "mid_to_side_loudness": -5.295892715454102,
      "mid_to_side_loudness_range": 9.423871040344238,
      "side_mean": -43.21170425415039
    },
    {
      "high_freq": 7314.1640625,
      "loudness": -46.183807373046875,
      "loudness_range": 25.170684814453125,
      "low_freq": 4349.24462890625,
      "mid_mean": -43.8095588684082,
      "mid_to_side_loudness": -5.981462478637695,
      "mid_to_side_loudness_range": 8.888554573059082,
      "side_mean": -51.08362579345703
    },
    {
      "high_freq": 12199.2666015625,
      "loudness": -51.11248016357422,
      "loudness_range": 21.408313751220703,
      "low_freq": 7314.1640625,
      "mid_mean": -50.44719696044922,
      "mid_to_side_loudness": -6.136216163635254,
      "mid_to_side_loudness_range": 9.650477409362793,
      "side_mean": -55.66898727416992
    },
    {
      "loudness": -57.11128616333008,
      "loudness_range": 13.111763000488281,
      "low_freq": 12199.2666015625,
      "mid_mean": -55.83602523803711,
      "mid_to_side_loudness": -6.156240463256836,
      "mid_to_side_loudness_range": 7.717881202697754,
      "side_mean": -60.814945220947266
    }
  ],
  "channels": 2,
  "covariance": [
    [
      43.60769271850586,
      36.07455062866211,
      34.698448181152344,
      30.5123348236084,
      31.063762664794922,
      22.519054412841797,
      18.788991928100586,
      13.628538131713867,
      15.538893699645996,
      12.602834701538086,
      18.9079532623291,
      13.67416763305664,
      21.304807662963867,
      16.820228576660156,
      23.30670928955078,
      13.350861549377441,
      17.469039916992188,
      7.190248489379883
    ],
    [
      36.07455062866211,
      63.668922424316406,
      39.87864303588867,
      34.679115295410156,
      31.949018478393555,
      22.98078155517578,
      16.471649169921875,
      10.593409538269043,
      11.402332305908203,
      7.653005599975586,
      14.717791557312012,
      8.470767974853516,
      16.362707138061523,
      36.053497314453125,
      21.443655014038086,
      27.83805274963379,
      33.94279479980469,
      16.956741333007812
    ],
    [
      34.698448181152344,
      39.87864303588867,
      82.5580062866211,
      58.91195297241211,
      69.25904846191406,
      45.28139114379883,
      31.122304916381836,
      15.395607948303223,
      22.74475860595703,
      6.030324459075928,
      34.12674331665039,
      14.082669258117676,
      22.604764938354492,
      7.964771747589111,
      25.401100158691406,
      3.5994837284088135,
      20.97585678100586,
      0.37884521484375
    ],
    [
      30.5123348236084,
      34.679115295410156,
      58.91195297241211,
      53.32024002075195,
      54.295066833496094,
      41.102725982666016,
      28.919368743896484,
      20.916933059692383,
      23.2446231842041,
      14.744917869567871,
      30.8369083404541,
      20.337984085083008,
      25.20737648010254,
      15.42531681060791,
      26.49917221069336,
      11.483336448669434,
      20.824859619140625,
      6.354576110839844
    ],
    [
      31.063762664794922,
      31.949018478393555,
      69.25904846191406,
      54.295066833496094,
      100.48947143554688,
      79.72010803222656,
      66.58262634277344,
      54.41105270385742,
      56.10002136230469,
      45.541107177734375,
      60.47496032714844,
      47.217525482177734,
      47.329097747802734,
      37.59746551513672,
      47.62015151977539,
      29.02878189086914,
      33.07137680053711,
      17.345373153686523
    ],
    [
      22.519054412841797,
      22.98078155517578,
      45.28139114379883,
      41.102725982666016,
      79.72010803222656,
      73.1593017578125,
      60.935646057128906,
      57.15503692626953,
      53.26567459106445,
      50.77179718017578,
      53.984920501708984,
      49.867713928222656,
      45.73637008666992,
      42.29042434692383,
      44.19908905029297,
      34.245765686035156,
      30.41320037841797,
      21.690277099609375
    ],
    [
      18.788991928100586,
      16.471649169921875,
      31.122304916381836,
      28.919368743896484,
      66.58262634277344,
      60.935646057128906,
      74.02909088134766,
      69.364013671875,
      64.10970306396484,
      65.16771697998047,
      59.61196517944336,
      60.02824783325195,
      53.25718688964844,
      57.86175537109375,
      50.06987762451172,
      47.879276275634766,
      34.48081588745117,
      30.473060607910156
    ],
    [
      13.628538131713867,
      10.593409538269043,
      15.395607948303223,
      20.916933059692383,
      54.41105270385742,
      57.15503692626953,
      69.364013671875,
      72.9214859008789,
      63.422977447509766,
      70.99313354492188,
      56.02412796020508,
      63.519287109375,
      53.61583709716797,
      62.39103698730469,
      48.81830596923828,
      52.49968719482422,
      32.85106658935547,
      33.896968841552734
    ],
    [
      15.538893699645996,
      11.402332305908203,
      22.74475860595703,
      23.2446231842041,
      56.10002136230469,
      53.26567459106445,
      64.10970306396484,
      63.422977447509766,
      72.50872802734375,
      70.94921112060547,
      60.771141052246094,
      64.01345825195312,
      57.389129638671875,
      61.7869987487793,
      53.0322151184082,
      52.823421478271484,
      34.89094543457031,
      33.51812744140625
    ],
    [
      12.602834701538086,
      7.653005599975586,
      6.030324459075928,
      14.744917869567871,
      45.541107177734375,
      50.77179718017578,
      65.16771697998047,
      70.99313354492188,
      70.94921112060547,
      81.0145263671875,
      57.285301208496094,
      68.48516845703125,
      58.52302551269531,
      70.9808349609375,
      54.27528381347656,
      61.449310302734375,
      35.954750061035156,
      39.4822883605957
    ],
    [
      18.9079532623291,
      14.717791557312012,
      34.12674331665039,
      30.8369083404541,
      60.47496032714844,
      53.984920501708984,
      59.61196517944336,
      56.02412796020508,
      60.771141052246094,
      57.285301208496094,
      63.394962310791016,
      59.97465515136719,
      56.0303840637207,
      52.34344482421875,
      48.99058151245117,
      42.962528228759766,
      32.04327392578125,
      27.251413345336914
    ],
    [
      13.67416763305664,
      8.470767974853516,
      14.082669258117676,
      20.337984085083008,
      47.217525482177734,
      49.867713928222656,
      60.02824783325195,
      63.519287109375,
      64.01345825195312,
      68.48516845703125,
      59.97465515136719,
      67.88872528076172,
      58.12513732910156,
      63.70991897583008,
      50.45254898071289,
      53.852752685546875,
      32.52531051635742,
      34.648746490478516
    ],
    [
      21.304807662963867,
      16.362707138061523,
      22.604764938354492,
      25.20737648010254,
      47.329097747802734,
      45.73637008666992,
      53.25718688964844,
      53.61583709716797,
      57.389129638671875,
      58.52302551269531,
      56.0303840637207,
      58.12513732910156,
      65.5616455078125,
      63.139522552490234,
      57.54279708862305,
      53.17992401123047,
      37.46894836425781,
      33.731231689453125
    ],
    [
      16.820228576660156,
      36.053497314453125,
      7.964771747589111,
      15.42531681060791,
      37.59746551513672,
      42.29042434692383,
      57.86175537109375,
      62.39103698730469,
      61.7869987487793,
      70.9808349609375,
      52.34344482421875,
      63.70991897583008,
      63.139522552490234,
      96.99344635009766,
      58.65315628051758,
      80.75540924072266,
      56.512603759765625,
      52.18073272705078
    ],
    [
      23.30670928955078,
      21.443655014038086,
      25.401100158691406,
      26.49917221069336,
      47.62015151977539,
      44.19908905029297,
      50.06987762451172,
      48.81830596923828,
      53.0322151184082,
      54.27528381347656,
      48.99058151245117,
      50.45254898071289,
      57.54279708862305,
      58.65315628051758,
      61.04853057861328,
      53.11058807373047,
      40.49797058105469,
      33.326026916503906
    ],
    [
      13.350861549377441,
      27.83805274963379,
      3.5994837284088135,
      11.483336448669434,
      29.02878189086914,
      34.245765686035156,
      47.879276275634766,
      52.49968719482422,
      52.823421478271484,
      61.449310302734375,
      42.962528228759766,
      53.852752685546875,
      53.17992401123047,
      80.75540924072266,
      53.11058807373047,
      71.27445983886719,
      48.658634185791016,
      46.247676849365234
    ],
    [
      17.469039916992188,
      33.94279479980469,
      20.97585678100586,
      20.824859619140625,
      33.07137680053711,
      30.41320037841797,
      34.48081588745117,
      32.85106658935547,
      34.89094543457031,
      35.954750061035156,
      32.04327392578125,
      32.52531051635742,
      37.46894836425781,
      56.512603759765625,
      40.49797058105469,
      48.658634185791016,
      43.420188903808594,
      32.39549255371094
    ],
    [
      7.190248489379883,
      16.956741333007812,
      0.37884521484375,
      6.354576110839844,
      17.345373153686523,
      21.690277099609375,
      30.473060607910156,
      33.896968841552734,
      33.51812744140625,
      39.4822883605957,
      27.251413345336914,
      34.648746490478516,
      33.731231689453125,
      52.18073272705078,
      33.326026916503906,
      46.247676849365234,
      32.39549255371094,
      32.06110763549805
    ]
  ],
  "covariance_short": [
    [
      57.31374740600586,
      32.79146194458008,
      27.842361450195312,
      27.266855239868164,
      24.220256805419922,
      20.63652229309082,
      15.05273151397705,
      12.359830856323242,
      14.474767684936523,
      13.081802368164062,
      16.01267433166504,
      14.007262229919434,
      19.118194580078125,
      18.148366928100586,
      21.827407836914062,
      14.1331205368042,
      15.581047058105469,
      7.9682207107543945
    ],
    [
      32.79146194458008,
      59.249778747558594,
      29.81947898864746,
      30.227258682250977,
      22.115936279296875,
      19.876264572143555,
      11.807859420776367,
      9.854057312011719,
      10.306618690490723,
      9.177532196044922,
      11.550963401794434,
      9.332926750183105,
      14.692797660827637,
      33.308685302734375,
      38.31452941894531,
      25.60272789001465,
      28.66219139099121,
      15.789862632751465
    ],
    [
      27.842361450195312,
      29.81947898864746,
      75.79507446289062,
      53.45863723754883,
      62.11202621459961,
      45.596717834472656,
      27.423965454101562,
      16.45634651184082,
      19.9606990814209,
      9.440704345703125,
      31.498519897460938,
      17.43747329711914,
      16.751638412475586,
      9.508049011230469,
      20.335023880004883,
      4.057075500488281,
      16.643712997436523,
      1.588832974433899
    ],
    [
      27.266855239868164,
      30.227258682250977,
      53.45863723754883,
      56.27640151977539,
      48.834720611572266,
      42.03662109375,
      25.551671981811523,
      20.755786895751953,
      19.965211868286133,
      15.347514152526855,
      27.480083465576172,
      20.70777702331543,
      20.908323287963867,
      15.90371036529541,
      23.31623077392578,
      11.122117042541504,
      18.66611671447754,
      6.50478458404541
    ],
    [
      24.220256805419922,
      22.115936279296875,
      62.11202621459961,
      48.834720611572266,
      100.57313537597656,
      79.65184783935547,
      67.258056640625,
      57.108985900878906,
      58.86646270751953,
      50.01427459716797,
      63.30352783203125,
      52.061100006103516,
      44.231624603271484,
      39.19154357910156,
      41.12324905395508,
      28.621110916137695,
      28.038305282592773,
      17.24846076965332
    ],
    [
      20.63652229309082,
      19.876264572143555,
      45.596717834472656,
      42.03662109375,
      79.65184783935547,
      78.23416900634766,
      62.042816162109375,
      58.879276275634766,
      54.776344299316406,
      52.5264892578125,
      55.713871002197266,
      51.952266693115234,
      45.01515197753906,
      43.43315124511719,
      42.229679107666016,
      33.50210952758789,
      28.627967834472656,
      20.86363410949707
    ],
    [
      15.05273151397705,
      11.807859420776367,
      27.423965454101562,
      25.551671981811523,
      67.258056640625,
      62.042816162109375,
      83.5115737915039,
      76.36752319335938,
      73.14459228515625,
      73.1275863647461,
      68.16969299316406,
      67.650390625,
      58.542884826660156,
      62.513031005859375,
      52.186973571777344,
      50.53611755371094,
      31.858970642089844,
      30.96058464050293
    ],
    [
      12.359830856323242,
      9.854057312011719,
      16.45634651184082,
      20.755786895751953,
      57.108985900878906,
      58.879276275634766,
      76.36752319335938,
      80.4527816772461,
      71.75636291503906,
      76.78547668457031,
      63.5828742980957,
      69.30732727050781,
      60.05100631713867,
      66.17552185058594,
      52.81006622314453,
      54.532352447509766,
      31.83110809326172,
      33.684104919433594
    ],
    [
      14.474767684936523,
      10.306618690490723,
      19.9606990814209,
      19.965211868286133,
      58.86646270751953,
      54.776344299316406,
      73.14459228515625,
      71.75636291503906,
      86.30638885498047,
      82.11260986328125,
      71.3479232788086,
      72.32830810546875,
      65.03630065917969,
      69.23908996582031,
      57.42365646362305,
      57.65619659423828,
      34.32802963256836,
      35.307594299316406
    ],
    [
      13.081802368164062,
      9.177532196044922,
      9.440704345703125,
      15.347514152526855,
      50.01427459716797,
      52.5264892578125,
      73.1275863647461,
      76.78547668457031,
      82.11260986328125,
      89.4842300415039,
      67.12682342529297,
      75.27518463134766,
      66.73497772216797,
      75.4190902709961,
      59.532012939453125,
      63.88535690307617,
      35.33061599731445,
      39.300228118896484
    ],
    [
      16.01267433166504,
      11.550963401794434,
      31.498519897460938,
      27.480083465576172,
      63.30352783203125,
      55.713871002197266,
      68.16969299316406,
      63.5828742980957,
      71.3479232788086,
      67.12682342529297,
      76.93147277832031,
      70.18856048583984,
      64.45572662353516,
      61.16582489013672,
      53.7119026184082,
      49.187503814697266,
      32.39664840698242,
      29.835771560668945
    ],
    [
      14.007262229919434,
      9.332926750183105,
      17.43747329711914,
      20.70777702331543,
      52.061100006103516,
      51.952266693115234,
      67.650390625,
      69.30732727050781,
      72.32830810546875,
      75.27518463134766,
      70.18856048583984,
      76.31063079833984,
      65.50870513916016,
      69.31603240966797,
      55.638492584228516,
      57.43179702758789,
      33.24798583984375,
      35.37223815917969
    ],
    [
      19.118194580078125,
      14.692797660827637,
      16.751638412475586,
      20.908323287963867,
      44.231624603271484,
      45.01515197753906,
      58.542884826660156,
      60.05100631713867,
      65.03630065917969,
      66.73497772216797,
      64.45572662353516,
      65.50870513916016,
      77.88643646240234,
      73.46100616455078,
      65.72853088378906,
      61.663490295410156,
      39.803218841552734,
      37.71271896362305
    ],
    [
      18.148366928100586,
      33.308685302734375,
      9.508049011230469,
      15.90371036529541,
      39.19154357910156,
      43.43315124511719,
      62.513031005859375,
      66.17552185058594,
      69.23908996582031,
      75.4190902709961,
      61.16582489013672,
      69.31603240966797,
      73.46100616455078,
      101.66963195800781,
      87.00792694091797,
      83.57852935791016,
      55.95180892944336,
      52.37911605834961
    ],
    [
      21.827407836914062,
      38.31452941894531,
      20.335023880004883,
      23.31623077392578,
      41.12324905395508,
      42.229679107666016,
      52.186973571777344,
      52.81006622314453,
      57.42365646362305,
      59.532012939453125,
      53.7119026184082,
      55.638492584228516,
      65.72853088378906,
      87.00792694091797,
      88.64971160888672,
      75.09318542480469,
      58.38081359863281,
      46.89827346801758
    ],
    [
      14.1331205368042,
      25.60272789001465,
      4.057075500488281,
      11.122117042541504,
      28.621110916137695,
      33.50210952758789,
      50.53611755371094,
      54.532352447509766,
      57.65619659423828,
      63.88535690307617,
      49.187503814697266,
      57.43179702758789,
      61.663490295410156,
      83.57852935791016,
      75.09318542480469,
      74.43370819091797,
      48.42332077026367,
      47.113914489746094
    ],
    [
      15.581047058105469,
      28.66219139099121,
      16.643712997436523,
      18.66611671447754,
      28.038305282592773,
      28.627967834472656,
      31.858970642089844,
      31.83110809326172,
      34.32802963256836,
      35.33061599731445,
      32.39664840698242,
      33.24798583984375,
      39.803218841552734,
      55.95180892944336,
      58.38081359863281,
      48.42332077026367,
      42.36825942993164,
      32.52323913574219
    ],
    [
      7.9682207107543945,
      15.789862632751465,
      1.588832974433899,
      6.50478458404541,
      17.24846076965332,
      20.86363410949707,
      30.96058464050293,
      33.684104919433594,
      35.307594299316406,
      39.300228118896484,
      29.835771560668945,
      35.37223815917969,
      37.71271896362305,
      52.37911605834961,
      46.89827346801758,
      47.113914489746094,
      32.52323913574219,
      33.000614166259766
    ]
  ],
  "drr": 16.589677810668945,
  "dynamics": 6.262572288513184,
  "format": 1245190,
  "frames": 4460544,
  "loudness": -24.227279663085938,
  "loudness_range": 21.126487731933594,
  "loudness_range_short": 22.78578758239746,
  "peak": 0.024453671649098396,
  "rms": -24.275667190551758,
  "sample_rate": 44100,
  "sections": 1,
  "seekable": 1,
  "sharpness": 3.2348830699920654,
  "space": -4.842327117919922
}