{
  "bands": [
    {
      "high_freq": 148.1999969482422,
      "loudness": -30.24391746520996,
      "loudness_range": 23.477676391601562,
      "mid_mean": -26.836454391479492,
      "mid_to_side_loudness": -16.677541732788086,
      "mid_to_side_loudness_range": 15.769363403320312,
      "side_mean": -44.65630340576172
    },
    {
      "high_freq": 392.3793640136719,
      "loudness": -27.065763473510742,
      "loudness_range": 15.735198974609375,
      "low_freq": 148.1999969482422,
      "mid_mean": -24.02025032043457,
      "mid_to_side_loudness": -10.233735084533691,
      "mid_to_side_loudness_range": 14.68608283996582,
      "side_mean": -34.36127853393555
    },
    {
      "high_freq": 794.6976318359375,
      "loudness": -27.299545288085938,
      "loudness_range": 20.76966094970703,
      "low_freq": 392.3793640136719,
      "mid_mean": -24.405590057373047,
      "mid_to_side_loudness": -8.720706939697266,
      "mid_to_side_loudness_range": 11.419318199157715,
      "side_mean": -33.42729949951172
    },
    {
      "high_freq": 1457.5709228515625,
      "loudness": -32.999263763427734,
      "loudness_range": 24.818145751953125,
      "low_freq": 794.6976318359375,
      "mid_mean": -30.145200729370117,
      "mid_to_side_loudness": -8.516637802124023,
      "mid_to_side_loudness_range": 10.473630905151367,
      "side_mean": -39.057071685791016
    },
    {
      "high_freq": 2549.74365234375,
      "loudness": -33.48941421508789,
      "loudness_range": 25.838428497314453,
      "low_freq": 1457.5709228515625,
      "mid_mean": -30.599905014038086,
      "mid_to_side_loudness": -8.91223430633545,
      "mid_to_side_loudness_range": 11.832636833190918,
      "side_mean": -40.29310607910156
    },
    {
      "high_freq": 4349.24462890625,
      "loudness": -35.31330490112305,
      "loudness_range": 25.599645614624023,
      "low_freq": 2549.74365234375,
      "mid_mean": -32.524696350097656,
      "mid_to_side_loudness": -10.259123802185059,
      "mid_to_side_loudness_range": 16.484786987304688,
      "side_mean": -43.31740188598633
    },
    {
      "high_freq": 7314.1640625,
      "loudness": -40.23284912109375,
      "loudness_range": 26.76656723022461,
      "low_freq": 4349.24462890625,
      "mid_mean": -37.554080963134766,
      "mid_to_side_loudness": -10.51921272277832,
      "mid_to_side_loudness_range": 18.267253875732422,
      "side_mean": -50.11687469482422
    },
    {
      "high_freq": 12199.2666015625,
      "loudness": -44.45780563354492,
      "loudness_range": 27.75299072265625,
      "low_freq": 7314.1640625,
      "mid_mean": -41.78866958618164,
      "mid_to_side_loudness": -11.011761665344238,
      "mid_to_side_loudness_range": 16.719600677490234,
      "side_mean": -54.33200454711914
    },
    {
      "loudness": -53.771114349365234,
      "loudness_range": 29.81235122680664,
      "low_freq": 12199.2666015625,
      "mid_mean": -51.054481506347656,
      "mid_to_side_loudness": -9.738848686218262,
      "mid_to_side_loudness_range": 13.08584213256836,
      "side_mean": -59.47074890136719
    }
  ],
  "bands_short": [
    {
      "high_freq": 148.1999969482422,
      "loudness": -36.23517608642578,
      "loudness_range": 31.531606674194336,
      "mid_mean": -32.89799499511719,
      "mid_to_side_loudness": -16.63766860961914,
      "mid_to_side_loudness_range": 19.69371795654297,
      "side_mean": -51.213783264160156
    },
    {
      "high_freq": 392.3793640136719,
      "loudness": -28.690996170043945,
      "loudness_range": 22.352550506591797,
      "low_freq": 148.1999969482422,
      "mid_mean": -25.683441162109375,
      "mid_to_side_loudness": -10.801311492919922,
      "mid_to_side_loudness_range": 17.532596588134766,
      "side_mean": -37.09149932861328
    },
    {
      "high_freq": 794.6976318359375,
      "loudness": -28.789953231811523,
      "loudness_range": 25.0054931640625,
      "low_freq": 392.3793640136719,
      "mid_mean": -26.02155113220215,
      "mid_to_side_loudness": -8.756983757019043,
      "mid_to_side_loudness_range": 13.375041007995605,
      "side_mean": -35.29990005493164
    },
    {
      "high_freq": 1457.5709228515625,
      "loudness": -34.46841049194336,
      "loudness_range": 29.780773162841797,
      "low_freq": 794.6976318359375,
      "mid_mean": -31.694229125976562,
      "mid_to_side_loudness": -8.278035163879395,
      "mid_to_side_loudness_range": 11.401590347290039,
      "side_mean": -40.90249252319336
    },
    {
      "high_freq": 2549.74365234375,
      "loudness": -35.59812545776367,
      "loudness_range": 30.172592163085938,
      "low_freq": 1457.5709228515625,
      "mid_mean": -32.92369842529297,
      "mid_to_side_loudness": -8.724784851074219,
      "mid_to_side_loudness_range": 11.967342376708984,
      "side_mean": -42.510711669921875
    },
    {
      "high_freq": 4349.24462890625,
      "loudness": -37.3804817199707,
      "loudness_range": 30.229061126708984,
      "low_freq": 2549.74365234375,
      "mid_mean": -34.807498931884766,
      "mid_to_side_loudness": -9.77492618560791,
      "mid_to_side_loudness_range": 17.263256072998047,
      "side_mean": -45.34175491333008
    },
    {
      "high_freq": 7314.1640625,
      "loudness": -42.59853744506836,
      "loudness_range": 30.987258911132812,
      "low_freq": 4349.24462890625,
      "mid_mean": -40.2811393737793,
      "mid_to_side_loudness": -10.010069847106934,
      "mid_to_side_loudness_range": 17.678733825683594,
      "side_mean": -52.71527862548828
    },
    {
      "high_freq": 12199.2666015625,
      "loudness": -46.829566955566406,
      "loudness_range": 31.15654754638672,
      "low_freq": 7314.1640625,
      "mid_mean": -45.20406723022461,
      "mid_to_side_loudness": -10.66999626159668,
      "mid_to_side_loudness_range": 16.85707664489746,
      "side_mean": -56.730384826660156
    },
    {
      "loudness": -57.403167724609375,
      "loudness_range": 31.897865295410156,
      "low_freq": 12199.2666015625,
      "mid_mean": -53.96721267700195,
      "mid_to_side_loudness": -9.403700828552246,
      "mid_to_side_loudness_range": 13.673127174377441,
      "side_mean": -61.542076110839844
    }
  ],
  "channels": 2,
  "covariance": [
    [
      77.3742904663086,
      51.1583137512207,
      26.01833152770996,
      20.41509437561035,
      18.576658248901367,
      17.27284812927246,
      21.40483856201172,
      17.474210739135742,
      20.947879791259766,
      19.452289581298828,
      22.558170318603516,
      20.70902442932129,
      23.26719093322754,
      30.259347915649414,
      17.657670974731445,
      29.56010627746582,
      24.152843475341797,
      20.678775787353516
    ],
    [
      51.1583137512207,
      53.55113983154297,
      24.650789260864258,
      25.074785232543945,
      20.28670883178711,
      22.681406021118164,
      22.112619400024414,
      23.102293014526367,
      24.0970516204834,
      26.34320831298828,
      25.38200569152832,
      29.087276458740234,
      26.10844612121582,
      38.2596321105957,
      20.1550350189209,
      35.476478576660156,
      27.93380355834961,
      25.629032135009766
    ],
    [
      26.01833152770996,
      24.650789260864258,
      37.34821701049805,
      28.369646072387695,
      28.797761917114258,
      24.704524993896484,
      25.090639114379883,
      22.13229751586914,
      27.719152450561523,
      24.281234741210938,
      28.51077651977539,
      24.431734085083008,
      24.236530303955078,
      31.098535537719727,
      25.565235137939453,
      32.516357421875,
      31.417667388916016,
      21.62840461730957
    ],
    [
      20.41509437561035,
      25.074785232543945,
      28.369646072387695,
      55.39128875732422,
      31.465084075927734,
      48.31241226196289,
      31.58928108215332,
      45.07957077026367,
      28.967811584472656,
      45.70139694213867,
      25.70459747314453,
      42.73090362548828,
      23.807519912719727,
      49.48446273803711,
      17.668941497802734,
      40.2294921875,
      25.50445556640625,
      27.954713821411133
    ],
    [
      18.576658248901367,
      20.28670883178711,
      28.797761917114258,
      31.465084075927734,
      57.456783294677734,
      43.72260284423828,
      47.9398193359375,
      39.679447174072266,
      52.88344192504883,
      42.894779205322266,
      48.71495056152344,
      40.538021087646484,
      39.80450439453125,
      45.96356964111328,
      37.5009651184082,
      43.11195373535156,
      41.113365173339844,
      30.441932678222656
    ],
    [
      17.27284812927246,
      22.681406021118164,
      24.704524993896484,
      48.31241226196289,
      43.72260284423828,
      67.36953735351562,
      41.42471694946289,
      56.90049362182617,
      41.39667510986328,
      60.1842041015625,
      35.38902282714844,
      56.03169631958008,
      33.077613830566406,
      59.856388092041016,
      22.572832107543945,
      46.592803955078125,
      29.326995849609375,
      34.08775329589844
    ],
    [
      21.40483856201172,
      22.112619400024414,
      25.090639114379883,
      31.58928108215332,
      47.9398193359375,
      41.42471694946289,
      68.89797973632812,
      49.09322738647461,
      60.975399017333984,
      46.28192138671875,
      51.24083709716797,
      44.0020866394043,
      40.317115783691406,
      46.27609634399414,
      35.45185852050781,
      41.28459548950195,
      39.640403747558594,
      30.044538497924805
    ],
    [
      17.474210739135742,
      23.102293014526367,
      22.13229751586914,
      45.07957077026367,
      39.679447174072266,
      56.90049362182617,
      49.09322738647461,
      65.7518081665039,
      44.034305572509766,
      60.0064582824707,
      37.80608367919922,
      56.92576217651367,
      33.94914627075195,
      59.534278869628906,
      22.712984085083008,
      44.747703552246094,
      28.364879608154297,
      33.22995376586914
    ],
    [
      20.947879791259766,
      24.0970516204834,
      27.719152450561523,
      28.967811584472656,
      52.88344192504883,
      41.39667510986328,
      60.975399017333984,
      44.034305572509766,
      81.3825454711914,
      53.95127487182617,
      70.30305480957031,
      52.75576400756836,
      58.26537322998047,
      51.40800094604492,
      51.24198913574219,
      50.41119384765625,
      50.895259857177734,
      37.217308044433594
    ],
    [
      19.452289581298828,
      26.34320831298828,
      24.281234741210938,
      45.70139694213867,
      42.894779205322266,
      60.1842041015625,
      46.28192138671875,
      60.0064582824707,
      53.95127487182617,
      72.56779479980469,
      47.0186767578125,
      66.87138366699219,
      43.043678283691406,
      66.16666412353516,
      29.78565216064453,
      52.54362487792969,
      33.69538116455078,
      38.04426574707031
    ],
    [
      22.558170318603516,
      25.38200569152832,
      28.51077651977539,
      25.70459747314453,
      48.71495056152344,
      35.38902282714844,
      51.24083709716797,
      37.80608367919922,
      70.30305480957031,
      47.0186767578125,
      84.27906036376953,
      56.23744201660156,
      72.45613098144531,
      57.14212417602539,
      65.17733764648438,
      59.3440055847168,
      59.97444152832031,
      43.76576614379883
    ],
    [
      20.70902442932129,
      29.087276458740234,
      24.431734085083008,
      42.73090362548828,
      40.538021087646484,
      56.03169631958008,
      44.0020866394043,
      56.92576217651367,
      52.75576400756836,
      66.87138366699219,
      56.23744201660156,
      83.2615966796875,
      54.424869537353516,
      78.32442474365234,
      38.09636306762695,
      63.99454879760742,
      40.83865737915039,
      46.691287994384766
    ],
    [
      23.26719093322754,
      26.10844612121582,
      24.236530303955078,
      23.807519912719727,
      39.80450439453125,
      33.077613830566406,
      40.317115783691406,
      33.94914627075195,
      58.26537322998047,
      43.043678283691406,
      72.45613098144531,
      54.424869537353516,
      91.29381561279297,
      69.38002014160156,
      78.0562515258789,
      72.6243896484375,
      71.7242431640625,
      54.47682571411133
    ],
    [
      30.259347915649414,
      38.2596321105957,
      31.098535537719727,
      49.48446273803711,
      45.96356964111328,
      59.856388092041016,
      46.27609634399414,
      59.534278869628906,
      51.40800094604492,
      66.16666412353516,
      57.14212417602539,
      78.32442474365234,
      69.38002014160156,
      115.176513671875,
      53.056396484375,
      95.4878921508789,
      71.76702117919922,
      67.9122085571289
    ],
    [
      17.657670974731445,
      20.1550350189209,
      25.565235137939453,
      17.668941497802734,
      37.5009651184082,
      22.572832107543945,
      35.45185852050781,
      22.712984085083008,
      51.24198913574219,
      29.78565216064453,
      65.17733764648438,
      38.09636306762695,
      78.0562515258789,
      53.056396484375,
      98.1963882446289,
      72.11287689208984,
      82.56079864501953,
      55.7025146484375
    ],
    [
      29.56010627746582,
      35.476478576660156,
      32.516357421875,
      40.2294921875,
      43.11195373535156,
      46.592803955078125,
      41.28459548950195,
      44.747703552246094,
      50.41119384765625,
      52.54362487792969,
      59.3440055847168,
      63.99454879760742,
      72.6243896484375,
      95.4878921508789,
      72.11287689208984,
      96.87277221679688,
      83.2392807006836,
      71.36054992675781
    ],
    [
      24.152843475341797,
      27.93380355834961,
      31.417667388916016,
      25.50445556640625,
      41.113365173339844,
      29.326995849609375,
      39.640403747558594,
      28.364879608154297,
      50.895259857177734,
      33.69538116455078,
      59.97444152832031,
      40.83865737915039,
      71.7242431640625,
      71.76702117919922,
      82.56079864501953,
      83.2392807006836,
      97.46866607666016,
      67.32010650634766
    ],
    [
      20.678775787353516,
      25.629032135009766,
      21.62840461730957,
      27.954713821411133,
      30.441932678222656,
      34.08775329589844,
      30.044538497924805,
      33.22995376586914,
      37.217308044433594,
      38.04426574707031,
      43.76576614379883,
      46.691287994384766,
      54.47682571411133,
      67.9122085571289,
      55.7025146484375,
      71.36054992675781,
      67.32010650634766,
      60.31241226196289
    ]
  ],
  "covariance_short": [
    [
      126.52619934082031,
      77.16858673095703,
      49.440982818603516,
      42.11704635620117,
      27.77287483215332,
      30.266971588134766,
      32.64961624145508,
      33.9127311706543,
      30.89963722229004,
      32.24209213256836,
      29.66427993774414,
      30.097518920898438,
      32.00937271118164,
      40.010902404785156,
      27.915748596191406,
      34.754493713378906,
      29.648670196533203,
      23.602413177490234
    ],
    [
      77.16858673095703,
      79.93199920654297,
      40.68796157836914,
      43.36503219604492,
      28.13405990600586,
      34.17720413208008,
      32.58675765991211,
      37.775630950927734,
      31.91904640197754,
      37.27061462402344,
      31.141294479370117,
      36.311275482177734,
      31.753774642944336,
      51.319557189941406,
      26.838571548461914,
      41.09929656982422,
      35.16905212402344,
      26.76296615600586
    ],
    [
      49.440982818603516,
      40.68796157836914,
      64.82744598388672,
      48.26972198486328,
      37.94721984863281,
      40.49702835083008,
      36.70598220825195,
      40.52858352661133,
      36.09333419799805,
      40.245975494384766,
      33.05857467651367,
      38.68236541748047,
      30.19995880126953,
      43.96811294555664,
      33.77145004272461,
      39.93669509887695,
      33.82505416870117,
      25.318166732788086
    ],
    [
      42.11704635620117,
      43.36503219604492,
      48.26972198486328,
      82.53851318359375,
      42.845882415771484,
      62.70835876464844,
      45.356937408447266,
      63.40040969848633,
      42.53798294067383,
      60.21677017211914,
      36.94561767578125,
      55.324581146240234,
      36.65194320678711,
      65.42369079589844,
      29.473169326782227,
      49.66019058227539,
      32.00492858886719,
      32.19091796875
    ],
    [
      27.77287483215332,
      28.13405990600586,
      37.94721984863281,
      42.845882415771484,
      81.5426025390625,
      61.543556213378906,
      70.40006256103516,
      58.703407287597656,
      69.95973205566406,
      58.685794830322266,
      64.58250427246094,
      55.81982421875,
      51.948936462402344,
      56.20991134643555,
      54.73106384277344,
      51.21852493286133,
      47.59184265136719,
      32.86256408691406
    ],
    [
      30.266971588134766,
      34.17720413208008,
      40.49702835083008,
      62.70835876464844,
      61.543556213378906,
      95.84416961669922,
      58.94308853149414,
      78.68717193603516,
      58.72966384887695,
      79.00569915771484,
      49.62065124511719,
      72.010009765625,
      47.30686569213867,
      72.92156982421875,
      37.644588470458984,
      54.84040069580078,
      36.04640197753906,
      37.41402053833008
    ],
    [
      32.64961624145508,
      32.58675765991211,
      36.70598220825195,
      45.356937408447266,
      70.40006256103516,
      58.94308853149414,
      103.01238250732422,
      76.15902709960938,
      88.0979232788086,
      69.05756378173828,
      76.14359283447266,
      64.50778198242188,
      60.68363571166992,
      61.97874450683594,
      58.649566650390625,
      54.731407165527344,
      52.31416320800781,
      36.03404998779297
    ],
    [
      33.9127311706543,
      37.775630950927734,
      40.52858352661133,
      63.40040969848633,
      58.703407287597656,
      78.68717193603516,
      76.15902709960938,
      99.42322540283203,
      68.93165588378906,
      85.85822296142578,
      59.244102478027344,
      78.9322280883789,
      53.50588607788086,
      79.22361755371094,
      42.72581481933594,
      59.24714660644531,
      40.13471984863281,
      40.54738235473633
    ],
    [
      30.89963722229004,
      31.91904640197754,
      36.09333419799805,
      42.53798294067383,
      69.95973205566406,
      58.72966384887695,
      88.0979232788086,
      68.93165588378906,
      108.37265014648438,
      77.8562240600586,
      91.66024017333984,
      74.09246826171875,
      76.33839416503906,
      68.98538970947266,
      70.963623046875,
      62.703399658203125,
      59.915771484375,
      41.778892517089844
    ],
    [
      32.24209213256836,
      37.27061462402344,
      40.245975494384766,
      60.21677017211914,
      58.685794830322266,
      79.00569915771484,
      69.05756378173828,
      85.85822296142578,
      77.8562240600586,
      100.1500473022461,
      67.4998779296875,
      89.0642318725586,
      61.89567947387695,
      85.34640502929688,
      48.318321228027344,
      64.85260772705078,
      43.61008071899414,
      43.59364318847656
    ],
    [
      29.66427993774414,
      31.141294479370117,
      33.05857467651367,
      36.94561767578125,
      64.58250427246094,
      49.62065124511719,
      76.14359283447266,
      59.244102478027344,
      91.66024017333984,
      67.4998779296875,
      113.13422393798828,
      79.35128021240234,
      97.52725982666016,
      78.33786010742188,
      91.94908142089844,
      76.42564392089844,
      74.6032485961914,
      51.72527313232422
    ],
    [
      30.097518920898438,
      36.311275482177734,
      38.68236541748047,
      55.324581146240234,
      55.81982421875,
      72.010009765625,
      64.50778198242188,
      78.9322280883789,
      74.09246826171875,
      89.0642318725586,
      79.35128021240234,
      109.6551513671875,
      77.03797912597656,
      101.61344146728516,
      61.11373519897461,
      79.73025512695312,
      52.90414810180664,
      53.640296936035156
    ],
    [
      32.00937271118164,
      31.753774642944336,
      30.19995880126953,
      36.65194320678711,
      51.948936462402344,
      47.30686569213867,
      60.68363571166992,
      53.50588607788086,
      76.33839416503906,
      61.89567947387695,
      97.52725982666016,
      77.03797912597656,
      121.25010681152344,
      94.69892120361328,
      107.092041015625,
      92.36840057373047,
      87.61698150634766,
      65.17288970947266
    ],
    [
      40.010902404785156,
      51.319557189941406,
      43.96811294555664,
      65.42369079589844,
      56.20991134643555,
      72.92156982421875,
      61.97874450683594,
      79.22361755371094,
      68.98538970947266,
      85.34640502929688,
      78.33786010742188,
      101.61344146728516,
      94.69892120361328,
      136.354736328125,
      78.01407623291016,
      107.93746948242188,
      78.78629302978516,
      72.32878112792969
    ],
    [
      27.915748596191406,
      26.838571548461914,
      33.77145004272461,
      29.473169326782227,
      54.73106384277344,
      37.644588470458984,
      58.649566650390625,
      42.72581481933594,
      70.963623046875,
      48.318321228027344,
      91.94908142089844,
      61.11373519897461,
      107.092041015625,
      78.01407623291016,
      135.83856201171875,
      98.2959976196289,
      107.09931182861328,
      70.55396270751953
    ],
    [
      34.754493713378906,
      41.09929656982422,
      39.93669509887695,
      49.66019058227539,
      51.21852493286133,
      54.84040069580078,
      54.731407165527344,
      59.24714660644531,
      62.703399658203125,
      64.85260772705078,
      76.42564392089844,
      79.73025512695312,
      92.36840057373047,
      107.93746948242188,
      98.2959976196289,
      107.50904846191406,
      90.99295043945312,
      75.31256103515625
    ],
    [
      29.648670196533203,
      35.16905212402344,
      33.82505416870117,
      32.00492858886719,
      47.59184265136719,
      36.04640197753906,
      52.31416320800781,
      40.13471984863281,
      59.915771484375,
      43.61008071899414,
      74.6032485961914,
      52.90414810180664,
      87.61698150634766,
      78.78629302978516,
      107.09931182861328,
      90.99295043945312,
      106.50868225097656,
      71.74376678466797
    ],
    [
      23.602413177490234,
      26.76296615600586,
      25.318166732788086,
      32.19091796875,
      32.86256408691406,
      37.41402053833008,
      36.03404998779297,
      40.54738235473633,
      41.778892517089844,
      43.59364318847656,
      51.72527313232422,
      53.640296936035156,
      65.17288970947266,
      72.32878112792969,
      70.55396270751953,
      75.31256103515625,
      71.74376678466797,
      62.4959716796875
    ]
  ],
  "drr": 16.419677734375,
  "dynamics": 4.947298049926758,
  "format": 1245190,
  "frames": 12275712,
  "loudness": -16.184593200683594,
  "loudness_range": 13.500770568847656,
  "loudness_range_short": 20.574094772338867,
  "peak": 0.08191950619220734,
  "rms": -17.215614318847656,
  "sample_rate": 44100,
  "sections": 1,
  "seekable": 1,
  "sharpness": 4.6147780418396,
  "space": -11.717131614685059
}