{
  "bands": [
    {
      "high_freq": 148.1999969482422,
      "loudness": -36.787513732910156,
      "loudness_range": 17.357423782348633,
      "mid_mean": -33.963619232177734,
      "mid_to_side_loudness": -6.920065402984619,
      "mid_to_side_loudness_range": 6.331501007080078,
      "side_mean": -40.933738708496094
    },
    {
      "high_freq": 392.3793640136719,
      "loudness": -24.613937377929688,
      "loudness_range": 12.394128799438477,
      "low_freq": 148.1999969482422,
      "mid_mean": -21.97806167602539,
      "mid_to_side_loudness": -6.029071807861328,
      "mid_to_side_loudness_range": 6.923524379730225,
      "side_mean": -28.09223747253418
    },
    {
      "high_freq": 794.6976318359375,
      "loudness": -20.452905654907227,
      "loudness_range": 15.188880920410156,
      "low_freq": 392.3793640136719,
      "mid_mean": -18.061983108520508,
      "mid_to_side_loudness": -5.258780002593994,
      "mid_to_side_loudness_range": 8.199737548828125,
      "side_mean": -23.34186553955078
    },
    {
      "high_freq": 1457.5709228515625,
      "loudness": -25.030717849731445,
      "loudness_range": 16.486738204956055,
      "low_freq": 794.6976318359375,
      "mid_mean": -22.659318923950195,
      "mid_to_side_loudness": -4.854894161224365,
      "mid_to_side_loudness_range": 7.16766357421875,
      "side_mean": -27.59303855895996
    },
    {
      "high_freq": 2549.74365234375,
      "loudness": -28.93364143371582,
      "loudness_range": 15.53390121459961,
      "low_freq": 1457.5709228515625,
      "mid_mean": -26.23516845703125,
      "mid_to_side_loudness": -6.281148910522461,
      "mid_to_side_loudness_range": 6.578803062438965,
      "side_mean": -32.721099853515625
    },
    {
      "high_freq": 4349.24462890625,
      "loudness": -37.81238555908203,
      "loudness_range": 18.48480796813965,
      "low_freq": 2549.74365234375,
      "mid_mean": -35.075714111328125,
      "mid_to_side_loudness": -6.688634872436523,
      "mid_to_side_loudness_range": 7.458250045776367,
      "side_mean": -41.807220458984375
    },
    {
      "high_freq": 7314.1640625,
      "loudness": -49.164794921875,
      "loudness_range": 25.63195037841797,
      "low_freq": 4349.24462890625,
      "mid_mean": -46.811866760253906,
      "mid_to_side_loudness": -6.961941242218018,
      "mid_to_side_loudness_range": 6.003246307373047,
      "side_mean": -53.88981246948242
    },
    {
      "high_freq": 12199.2666015625,
      "loudness": -61.4715461730957,
      "loudness_range": 23.358966827392578,
      "low_freq": 7314.1640625,
      "mid_mean": -58.197120666503906,
      "mid_to_side_loudness": -5.7935051918029785,
      "mid_to_side_loudness_range": 4.744409561157227,
      "side_mean": -62.50193786621094
    },
    {
      "loudness": -65.29249572753906,
      "loudness_range": 4.13946533203125,
      "low_freq": 12199.2666015625,
      "mid_mean": -61.783485412597656,
      "mid_to_side_loudness": -6.063148021697998,
      "mid_to_side_loudness_range": 0.8804550170898438,
      "side_mean": -66.18602752685547
    }
  ],
  "bands_short": [
    {
      "high_freq": 148.1999969482422,
      "loudness": -42.25994110107422,
      "loudness_range": 19.456933975219727,
      "mid_mean": -39.575191497802734,
      "mid_to_side_loudness": -6.496194362640381,
      "mid_to_side_loudness_range": 8.857629776000977,
      "side_mean": -46.12617492675781
    },
    {
      "high_freq": 392.3793640136719,
      "loudness": -25.262941360473633,
      "loudness_range": 13.853458404541016,
      "low_freq": 148.1999969482422,
      "mid_mean": -22.67001724243164,
      "mid_to_side_loudness": -6.212253093719482,
      "mid_to_side_loudness_range": 8.809294700622559,
      "side_mean": -28.894168853759766
    },
    {
      "high_freq": 794.6976318359375,
      "loudness": -21.702789306640625,
      "loudness_range": 18.097400665283203,
      "low_freq": 392.3793640136719,
      "mid_mean": -19.3712100982666,
      "mid_to_side_loudness": -5.230721950531006,
      "mid_to_side_loudness_range": 9.386465072631836,
      "side_mean": -24.65627670288086
    },
    {
      "high_freq": 1457.5709228515625,
      "loudness": -25.7365665435791,
      "loudness_range": 18.427526473999023,
      "low_freq": 794.6976318359375,
      "mid_mean": -23.428590774536133,
      "mid_to_side_loudness": -5.00588846206665,
      "mid_to_side_loudness_range": 8.969614028930664,
      "side_mean": -28.508310317993164
    },
    {
      "high_freq": 2549.74365234375,
      "loudness": -30.54173469543457,
      "loudness_range": 18.56686782836914,
      "low_freq": 1457.5709228515625,
      "mid_mean": -27.940519332885742,
      "mid_to_side_loudness": -6.137759208679199,
      "mid_to_side_loudness_range": 8.15542984008789,
      "side_mean": -34.220069885253906
    },
    {
      "high_freq": 4349.24462890625,
      "loudness": -39.15821075439453,
      "loudness_range": 20.41473388671875,
      "low_freq": 2549.74365234375,
      "mid_mean": -36.390907287597656,
      "mid_to_side_loudness": -7.071651935577393,
      "mid_to_side_loudness_range": 8.488999366760254,
      "side_mean": -43.4874267578125
    },
    {
      "high_freq": 7314.1640625,
      "loudness": -51.96293640136719,
      "loudness_range": 28.222763061523438,
      "low_freq": 4349.24462890625,
      "mid_mean": -49.85322570800781,
      "mid_to_side_loudness": -6.699563980102539,
      "mid_to_side_loudness_range": 7.382357597351074,
      "side_mean": -56.00904083251953
    },
    {
      "high_freq": 12199.2666015625,
      "loudness": -63.75288772583008,
      "loudness_range": 21.47726821899414,
      "low_freq": 7314.1640625,
      "mid_mean": -60.23405456542969,
      "mid_to_side_loudness": -5.949863433837891,
      "mid_to_side_loudness_range": 5.248108863830566,
      "side_mean": -64.3403549194336
    },
    {
      "loudness": -65.50910186767578,
      "loudness_range": 2.855335235595703,
      "low_freq": 12199.2666015625,
      "mid_mean": -61.96316909790039,
      "mid_to_side_loudness": -6.067663669586182,
      "mid_to_side_loudness_range": 1.5391216278076172,
      "side_mean": -66.31526947021484
    }
  ],
  "channels": 2,
  "covariance": [
    [
      36.6566162109375,
      34.39994430541992,
      12.565275192260742,
      11.928744316101074,
      5.325166702270508,
      5.2484941482543945,
      4.603249549865723,
      5.400382995605469,
      6.6919074058532715,
      7.480416297912598,
      5.928332328796387,
      5.741602897644043,
      8.884413719177246,
      9.482094764709473,
      3.2954788208007812,
      2.6989738941192627,
      0.1625031679868698,
      0.2553153932094574
    ],
    [
      34.39994430541992,
      37.5645637512207,
      12.629103660583496,
      12.957449913024902,
      6.300034046173096,
      6.284230709075928,
      4.379142761230469,
      5.781273365020752,
      6.728161811828613,
      7.271831512451172,
      6.479910373687744,
      5.56696081161499,
      8.851963996887207,
      9.093798637390137,
      3.041109323501587,
      2.6340556144714355,
      0.006853736471384764,
      0.1596732884645462
    ],
    [
      12.565275192260742,
      12.629103660583496,
      21.930679321289062,
      19.619447708129883,
      3.958603858947754,
      5.376607894897461,
      1.4681159257888794,
      0.23205098509788513,
      3.0041470527648926,
      5.647348880767822,
      1.8894404172897339,
      0.18809884786605835,
      2.055558681488037,
      3.0900211334228516,
      -4.320559024810791,
      -4.0536980628967285,
      -1.1407214403152466,
      -0.6973628401756287
    ],
    [
      11.928744316101074,
      12.957449913024902,
      19.619447708129883,
      23.91234588623047,
      3.5532519817352295,
      5.461057662963867,
      -0.13118159770965576,
      -0.30378636717796326,
      1.6576491594314575,
      4.393914699554443,
      2.6760637760162354,
      -0.049714092165231705,
      0.9199512004852295,
      1.5923268795013428,
      -4.7321696281433105,
      -4.428619861602783,
      -1.2902470827102661,
      -0.7829164266586304
    ],
    [
      5.325166702270508,
      6.300034046173096,
      3.958603858947754,
      3.5532519817352295,
      35.047237396240234,
      28.131694793701172,
      15.354766845703125,
      17.551559448242188,
      22.648067474365234,
      20.610546112060547,
      25.339290618896484,
      26.501598358154297,
      33.33808517456055,
      30.822540283203125,
      19.878637313842773,
      18.129098892211914,
      2.0237979888916016,
      1.4064725637435913
    ],
    [
      5.2484941482543945,
      6.284230709075928,
      5.376607894897461,
      5.461057662963867,
      28.131694793701172,
      30.219181060791016,
      13.791333198547363,
      14.98559284210205,
      19.861791610717773,
      18.967283248901367,
      22.141395568847656,
      23.4698429107666,
      27.299888610839844,
      25.645404815673828,
      14.379663467407227,
      13.291362762451172,
      1.3161381483078003,
      0.9343671202659607
    ],
    [
      4.603249549865723,
      4.379142761230469,
      1.4681159257888794,
      -0.13118159770965576,
      15.354766845703125,
      13.791333198547363,
      31.42886734008789,
      30.079021453857422,
      20.548519134521484,
      18.884830474853516,
      24.248367309570312,
      26.623363494873047,
      37.1382942199707,
      36.01059341430664,
      27.702943801879883,
      24.8930606842041,
      3.6520652770996094,
      2.8339593410491943
    ],
    [
      5.400382995605469,
      5.781273365020752,
      0.23205098509788513,
      -0.30378636717796326,
      17.551559448242188,
      14.98559284210205,
      30.079021453857422,
      34.99534606933594,
      22.140592575073242,
      20.217761993408203,
      25.414936065673828,
      28.376684188842773,
      38.490604400634766,
      37.82197952270508,
      30.158117294311523,
      27.475181579589844,
      3.860903263092041,
      2.92714786529541
    ],
    [
      6.6919074058532715,
      6.728161811828613,
      3.0041470527648926,
      1.6576491594314575,
      22.648067474365234,
      19.861791610717773,
      20.548519134521484,
      22.140592575073242,
      33.84021759033203,
      27.903169631958008,
      27.746753692626953,
      29.449350357055664,
      38.46615982055664,
      36.2166748046875,
      26.38128089904785,
      23.732236862182617,
      3.230384349822998,
      2.420811891555786
    ],
    [
      7.480416297912598,
      7.271831512451172,
      5.647348880767822,
      4.393914699554443,
      20.610546112060547,
      18.967283248901367,
      18.884830474853516,
      20.217761993408203,
      27.903169631958008,
      28.444835662841797,
      24.376394271850586,
      26.793617248535156,
      33.60824203491211,
      32.633453369140625,
      21.93387222290039,
      19.76667022705078,
      2.704587459564209,
      2.108567953109741
    ],
    [
      5.928332328796387,
      6.479910373687744,
      1.8894404172897339,
      2.6760637760162354,
      25.339290618896484,
      22.141395568847656,
      24.248367309570312,
      25.414936065673828,
      27.746753692626953,
      24.376394271850586,
      40.16154098510742,
      38.88264083862305,
      50.412567138671875,
      46.034236907958984,
      33.648494720458984,
      29.817365646362305,
      4.168953895568848,
      3.0858559608459473
    ],
    [
      5.741602897644043,
      5.56696081161499,
      0.18809884786605835,
      -0.049714092165231705,
      26.501598358154297,
      23.4698429107666,
      26.623363494873047,
      28.376684188842773,
      29.449350357055664,
      26.793617248535156,
      38.88264083862305,
      45.67048263549805,
      52.95323944091797,
      49.992950439453125,
      36.77421188354492,
      33.27474594116211,
      4.5561699867248535,
      3.4747300148010254
    ],
    [
      8.884413719177246,
      8.851963996887207,
      2.055558681488037,
      0.9199512004852295,
      33.33808517456055,
      27.299888610839844,
      37.1382942199707,
      38.490604400634766,
      38.46615982055664,
      33.60824203491211,
      50.412567138671875,
      52.95323944091797,
      82.8439712524414,
      74.3265609741211,
      54.43716812133789,
      47.8278694152832,
      6.69369649887085,
      4.925085067749023
    ],
    [
      9.482094764709473,
      9.093798637390137,
      3.0900211334228516,
      1.5923268795013428,
      30.822540283203125,
      25.645404815673828,
      36.01059341430664,
      37.82197952270508,
      36.2166748046875,
      32.633453369140625,
      46.034236907958984,
      49.992950439453125,
      74.3265609741211,
      75.89608001708984,
      54.393489837646484,
      47.47154235839844,
      7.775332450866699,
      5.458942413330078
    ],
    [
      3.2954788208007812,
      3.041109323501587,
      -4.320559024810791,
      -4.7321696281433105,
      19.878637313842773,
      14.379663467407227,
      27.702943801879883,
      30.158117294311523,
      26.38128089904785,
      21.93387222290039,
      33.648494720458984,
      36.77421188354492,
      54.43716812133789,
      54.393489837646484,
      53.247982025146484,
      47.62979507446289,
      8.088431358337402,
      5.579682350158691
    ],
    [
      2.6989738941192627,
      2.6340556144714355,
      -4.0536980628967285,
      -4.428619861602783,
      18.129098892211914,
      13.291362762451172,
      24.8930606842041,
      27.475181579589844,
      23.732236862182617,
      19.76667022705078,
      29.817365646362305,
      33.27474594116211,
      47.8278694152832,
      47.47154235839844,
      47.62979507446289,
      44.7877197265625,
      7.267936706542969,
      5.1121015548706055
    ],
    [
      0.1625031679868698,
      0.006853736471384764,
      -1.1407214403152466,
      -1.2902470827102661,
      2.0237979888916016,
      1.3161381483078003,
      3.6520652770996094,
      3.860903263092041,
      3.230384349822998,
      2.704587459564209,
      4.168953895568848,
      4.5561699867248535,
      6.69369649887085,
      7.775332450866699,
      8.088431358337402,
      7.267936706542969,
      2.3956050872802734,
      1.5767240524291992
    ],
    [
      0.2553153932094574,
      0.1596732884645462,
      -0.6973628401756287,
      -0.7829164266586304,
      1.4064725637435913,
      0.9343671202659607,
      2.8339593410491943,
      2.92714786529541,
      2.420811891555786,
      2.108567953109741,
      3.0858559608459473,
      3.4747300148010254,
      4.925085067749023,
      5.458942413330078,
      5.579682350158691,
      5.1121015548706055,
      1.5767240524291992,
      1.1722742319107056
    ]
  ],
  "covariance_short": [
    [
      47.036224365234375,
      41.455238342285156,
      10.820508003234863,
      10.378155708312988,
      8.633517265319824,
      8.434157371520996,
      6.280239582061768,
      8.11949348449707,
      7.615931510925293,
      8.291975021362305,
      8.63553237915039,
      8.586503028869629,
      12.989418029785156,
      10.696516990661621,
      6.762665271759033,
      5.925597667694092,
      0.9615460634231567,
      0.7449437379837036
    ],
    [
      41.455238342285156,
      46.3825569152832,
      10.205180168151855,
      10.850497245788574,
      8.912567138671875,
      8.655315399169922,
      6.062273025512695,
      8.552690505981445,
      7.743709564208984,
      8.294099807739258,
      8.475250244140625,
      7.7911458015441895,
      12.050161361694336,
      9.841352462768555,
      6.22518253326416,
      5.538877964019775,
      0.8848826289176941,
      0.7360062003135681
    ],
    [
      10.820508003234863,
      10.205180168151855,
      27.58110809326172,
      23.789731979370117,
      12.499695777893066,
      13.353562355041504,
      6.543001651763916,
      5.512068748474121,
      9.5722017288208,
      12.025489807128906,
      8.856040000915527,
      6.867069244384766,
      12.217696189880371,
      9.550453186035156,
      0.632408857345581,
      0.5451251268386841,
      -0.5408143997192383,
      -0.2730843722820282
    ],
    [
      10.378155708312988,
      10.850497245788574,
      23.789731979370117,
      30.42301368713379,
      11.741473197937012,
      12.967596054077148,
      4.529384136199951,
      4.892216682434082,
      7.679834365844727,
      10.289983749389648,
      9.56258487701416,
      6.374242782592773,
      10.125487327575684,
      7.761410713195801,
      0.03909160941839218,
      0.1332147717475891,
      -0.5999243855476379,
      -0.29746028780937195
    ],
    [
      8.633517265319824,
      8.912567138671875,
      12.499695777893066,
      11.741473197937012,
      44.19550704956055,
      36.901817321777344,
      19.72235107421875,
      22.3753604888916,
      29.470569610595703,
      26.542444229125977,
      29.399845123291016,
      31.19558334350586,
      39.36777877807617,
      36.30177688598633,
      19.075782775878906,
      17.224092483520508,
      1.6851640939712524,
      1.3796511888504028
    ],
    [
      8.434157371520996,
      8.655315399169922,
      13.353562355041504,
      12.967596054077148,
      36.901817321777344,
      41.76851272583008,
      19.772335052490234,
      20.902313232421875,
      27.99355125427246,
      26.794668197631836,
      28.041175842285156,
      29.721834182739258,
      36.74406051635742,
      33.80254364013672,
      16.32965660095215,
      14.920123100280762,
      1.4780923128128052,
      1.2655272483825684
    ],
    [
      6.280239582061768,
      6.062273025512695,
      6.543001651763916,
      4.529384136199951,
      19.72235107421875,
      19.772335052490234,
      41.58789825439453,
      36.480567932128906,
      27.978315353393555,
      27.126832962036133,
      32.88230514526367,
      34.47699737548828,
      45.57969284057617,
      41.77386474609375,
      26.667346954345703,
      23.491209030151367,
      3.5565688610076904,
      2.8393266201019287
    ],
    [
      8.11949348449707,
      8.552690505981445,
      5.512068748474121,
      4.892216682434082,
      22.3753604888916,
      20.902313232421875,
      36.480567932128906,
      42.15773391723633,
      28.45338249206543,
      27.315584182739258,
      33.05583572387695,
      34.79066467285156,
      46.10114288330078,
      42.68925857543945,
      27.999332427978516,
      24.958681106567383,
      3.697406768798828,
      2.9309487342834473
    ],
    [
      7.615931510925293,
      7.743709564208984,
      9.5722017288208,
      7.679834365844727,
      29.470569610595703,
      27.99355125427246,
      27.978315353393555,
      28.45338249206543,
      45.0662727355957,
      37.126304626464844,
      35.95174789428711,
      37.9553108215332,
      46.53874969482422,
      43.1546516418457,
      26.858381271362305,
      23.95441246032715,
      3.4569785594940186,
      2.732445001602173
    ],
    [
      8.291975021362305,
      8.294099807739258,
      12.025489807128906,
      10.289983749389648,
      26.542444229125977,
      26.794668197631836,
      27.126832962036133,
      27.315584182739258,
      37.126304626464844,
      39.081512451171875,
      32.89542770385742,
      35.16033935546875,
      42.723567962646484,
      39.831764221191406,
      23.5062255859375,
      20.94105339050293,
      3.0531628131866455,
      2.464277744293213
    ],
    [
      8.63553237915039,
      8.475250244140625,
      8.856040000915527,
      9.56258487701416,
      29.399845123291016,
      28.041175842285156,
      32.88230514526367,
      33.05583572387695,
      35.95174789428711,
      32.89542770385742,
      48.84065628051758,
      46.530967712402344,
      57.48940658569336,
      52.16606903076172,
      32.063114166259766,
      28.223207473754883,
      4.012850284576416,
      3.160684108734131
    ],
    [
      8.586503028869629,
      7.7911458015441895,
      6.867069244384766,
      6.374242782592773,
      31.19558334350586,
      29.721834182739258,
      34.47699737548828,
      34.79066467285156,
      37.9553108215332,
      35.16033935546875,
      46.530967712402344,
      53.59600067138672,
      59.34596633911133,
      55.62108612060547,
      34.836639404296875,
      31.00498390197754,
      4.430882930755615,
      3.5241801738739014
    ],
    [
      12.989418029785156,
      12.050161361694336,
      12.217696189880371,
      10.125487327575684,
      39.36777877807617,
      36.74406051635742,
      45.57969284057617,
      46.10114288330078,
      46.53874969482422,
      42.723567962646484,
      57.48940658569336,
      59.34596633911133,
      93.86410522460938,
      81.56283569335938,
      50.215110778808594,
      43.5034065246582,
      7.085447788238525,
      5.219322681427002
    ],
    [
      10.696516990661621,
      9.841352462768555,
      9.550453186035156,
      7.761410713195801,
      36.30177688598633,
      33.80254364013672,
      41.77386474609375,
      42.68925857543945,
      43.1546516418457,
      39.831764221191406,
      52.16606903076172,
      55.62108612060547,
      81.56283569335938,
      77.577392578125,
      47.33641052246094,
      41.180580139160156,
      7.00115442276001,
      5.105749130249023
    ],
    [
      6.762665271759033,
      6.22518253326416,
      0.632408857345581,
      0.03909160941839218,
      19.075782775878906,
      16.32965660095215,
      26.667346954345703,
      27.999332427978516,
      26.858381271362305,
      23.5062255859375,
      32.063114166259766,
      34.836639404296875,
      50.215110778808594,
      47.33641052246094,
      42.873939514160156,
      37.592159271240234,
      6.836736679077148,
      4.954935073852539
    ],
    [
      5.925597667694092,
      5.538877964019775,
      0.5451251268386841,
      0.1332147717475891,
      17.224092483520508,
      14.920123100280762,
      23.491209030151367,
      24.958681106567383,
      23.95441246032715,
      20.94105339050293,
      28.223207473754883,
      31.00498390197754,
      43.5034065246582,
      41.180580139160156,
      37.592159271240234,
      35.39278030395508,
      6.047995090484619,
      4.528428554534912
    ],
    [
      0.9615460634231567,
      0.8848826289176941,
      -0.5408143997192383,
      -0.5999243855476379,
      1.6851640939712524,
      1.4780923128128052,
      3.5565688610076904,
      3.697406768798828,
      3.4569785594940186,
      3.0531628131866455,
      4.012850284576416,
      4.430882930755615,
      7.085447788238525,
      7.00115442276001,
      6.836736679077148,
      6.047995090484619,
      2.49326229095459,
      1.6666423082351685
    ],
    [
      0.7449437379837036,
      0.7360062003135681,
      -0.2730843722820282,
      -0.29746028780937195,
      1.3796511888504028,
      1.2655272483825684,
      2.8393266201019287,
      2.9309487342834473,
      2.732445001602173,
      2.464277744293213,
      3.160684108734131,
      3.5241801738739014,
      5.219322681427002,
      5.105749130249023,
      4.954935073852539,
      4.528428554534912,
      1.6666423082351685,
      1.3107212781906128
    ]
  ],
  "drr": 8.813483238220215,
  "dynamics": 3.973353624343872,
  "format": 1245190,
  "frames": 9442240,
  "loudness": -12.720405578613281,
  "loudness_range": 9.807740211486816,
  "loudness_range_short": 13.957744598388672,
  "peak": 0.4550439119338989,
  "rms": -14.496729850769043,
  "sample_rate": 44100,
  "sections": 1,
  "seekable": 1,
  "sharpness": 4.02199649810791,
  "space": -5.5842156410217285
}