{
  "bands": [
    {
      "high_freq": 148.1999969482422,
      "loudness": -20.394479751586914,
      "loudness_range": 10.702462196350098,
      "mid_mean": -16.773134231567383,
      "mid_to_side_loudness": -19.025653839111328,
      "mid_to_side_loudness_range": 8.476982116699219,
      "side_mean": -36.63212966918945
    },
    {
      "high_freq": 392.3793640136719,
      "loudness": -18.79463768005371,
      "loudness_range": 8.67585277557373,
      "low_freq": 148.1999969482422,
      "mid_mean": -15.607667922973633,
      "mid_to_side_loudness": -10.255516052246094,
      "mid_to_side_loudness_range": 11.90892505645752,
      "side_mean": -26.08405876159668
    },
    {
      "high_freq": 794.6976318359375,
      "loudness": -20.697402954101562,
      "loudness_range": 8.15290641784668,
      "low_freq": 392.3793640136719,
      "mid_mean": -18.112932205200195,
      "mid_to_side_loudness": -6.567363739013672,
      "mid_to_side_loudness_range": 12.19179916381836,
      "side_mean": -24.824060440063477
    },
    {
      "high_freq": 1457.5709228515625,
      "loudness": -22.86767578125,
      "loudness_range": 11.320051193237305,
      "low_freq": 794.6976318359375,
      "mid_mean": -20.165000915527344,
      "mid_to_side_loudness": -7.145493507385254,
      "mid_to_side_loudness_range": 11.672932624816895,
      "side_mean": -27.394163131713867
    },
    {
      "high_freq": 2549.74365234375,
      "loudness": -21.711801528930664,
      "loudness_range": 10.70848274230957,
      "low_freq": 1457.5709228515625,
      "mid_mean": -18.62298583984375,
      "mid_to_side_loudness": -9.076607704162598,
      "mid_to_side_loudness_range": 8.962322235107422,
      "side_mean": -27.84172821044922
    },
    {
      "high_freq": 4349.24462890625,
      "loudness": -24.329118728637695,
      "loudness_range": 9.714742660522461,
      "low_freq": 2549.74365234375,
      "mid_mean": -21.402679443359375,
      "mid_to_side_loudness": -7.713030815124512,
      "mid_to_side_loudness_range": 6.596320152282715,
      "side_mean": -29.038742065429688
    },
    {
      "high_freq": 7314.1640625,
      "loudness": -27.855112075805664,
      "loudness_range": 11.138618469238281,
      "low_freq": 4349.24462890625,
      "mid_mean": -25.045705795288086,
      "mid_to_side_loudness": -7.134039878845215,
      "mid_to_side_loudness_range": 7.273373126983643,
      "side_mean": -32.023651123046875
    },
    {
      "high_freq": 12199.2666015625,
      "loudness": -30.33865737915039,
      "loudness_range": 10.814876556396484,
      "low_freq": 7314.1640625,
      "mid_mean": -27.75419044494629,
      "mid_to_side_loudness": -6.359467029571533,
      "mid_to_side_loudness_range": 9.20041275024414,
      "side_mean": -33.916412353515625
    },
    {
      "loudness": -37.64604949951172,
      "loudness_range": 11.96800422668457,
      "low_freq": 12199.2666015625,
      "mid_mean": -35.3815803527832,
      "mid_to_side_loudness": -4.633513450622559,
      "mid_to_side_loudness_range": 6.402602195739746,
      "side_mean": -39.96222686767578
    }
  ],
  "bands_short": [
    {
      "high_freq": 148.1999969482422,
      "loudness": -25.147899627685547,
      "loudness_range": 26.034923553466797,
      "mid_mean": -21.806640625,
      "mid_to_side_loudness": -17.09248924255371,
      "mid_to_side_loudness_range": 13.645560264587402,
      "side_mean": -40.757720947265625
    },
    {
      "high_freq": 392.3793640136719,
      "loudness": -19.38895606994629,
      "loudness_range": 12.77249526977539,
      "low_freq": 148.1999969482422,
      "mid_mean": -16.229726791381836,
      "mid_to_side_loudness": -11.065191268920898,
      "mid_to_side_loudness_range": 15.714523315429688,
      "side_mean": -27.478979110717773
    },
    {
      "high_freq": 794.6976318359375,
      "loudness": -21.037429809570312,
      "loudness_range": 10.768531799316406,
      "low_freq": 392.3793640136719,
      "mid_mean": -18.6737060546875,
      "mid_to_side_loudness": -6.396949291229248,
      "mid_to_side_loudness_range": 15.538596153259277,
      "side_mean": -25.166671752929688
    },
    {
      "high_freq": 1457.5709228515625,
      "loudness": -23.675445556640625,
      "loudness_range": 15.047863006591797,
      "low_freq": 794.6976318359375,
      "mid_mean": -21.151742935180664,
      "mid_to_side_loudness": -6.946804046630859,
      "mid_to_side_loudness_range": 14.583918571472168,
      "side_mean": -28.217172622680664
    },
    {
      "high_freq": 2549.74365234375,
      "loudness": -22.97393226623535,
      "loudness_range": 16.08834457397461,
      "low_freq": 1457.5709228515625,
      "mid_mean": -20.008594512939453,
      "mid_to_side_loudness": -8.775839805603027,
      "mid_to_side_loudness_range": 12.019981384277344,
      "side_mean": -28.94820785522461
    },
    {
      "high_freq": 4349.24462890625,
      "loudness": -25.35557746887207,
      "loudness_range": 14.025110244750977,
      "low_freq": 2549.74365234375,
      "mid_mean": -22.47572898864746,
      "mid_to_side_loudness": -7.894062519073486,
      "mid_to_side_loudness_range": 9.282583236694336,
      "side_mean": -30.35001564025879
    },
    {
      "high_freq": 7314.1640625,
      "loudness": -29.42562484741211,
      "loudness_range": 16.578628540039062,
      "low_freq": 4349.24462890625,
      "mid_mean": -26.630638122558594,
      "mid_to_side_loudness": -7.715526103973389,
      "mid_to_side_loudness_range": 10.449031829833984,
      "side_mean": -34.33784866333008
    },
    {
      "high_freq": 12199.2666015625,
      "loudness": -32.69274139404297,
      "loudness_range": 18.794429779052734,
      "low_freq": 7314.1640625,
      "mid_mean": -29.979915618896484,
      "mid_to_side_loudness": -7.941113471984863,
      "mid_to_side_loudness_range": 13.714949607849121,
      "side_mean": -38.097412109375
    },
    {
      "loudness": -41.40993881225586,
      "loudness_range": 22.974014282226562,
      "low_freq": 12199.2666015625,
      "mid_mean": -38.870361328125,
      "mid_to_side_loudness": -7.15015172958374,
      "mid_to_side_loudness_range": 13.745118141174316,
      "side_mean": -46.41998291015625
    }
  ],
  "channels": 2,
  "covariance": [
    [
      23.4112548828125,
      18.779064178466797,
      6.636535167694092,
      4.314720630645752,
      4.761031627655029,
      5.749802589416504,
      4.787033557891846,
      3.407494068145752,
      4.222278594970703,
      4.726407051086426,
      2.5836403369903564,
      3.3003838062286377,
      2.413389205932617,
      2.4406983852386475,
      0.5283249020576477,
      0.546997606754303,
      -1.3742427825927734,
      -2.1209769248962402
    ],
    [
      18.779064178466797,
      24.16590690612793,
      5.118929386138916,
      5.02649450302124,
      4.2003703117370605,
      5.496013641357422,
      4.241923809051514,
      2.833775281906128,
      3.5896220207214355,
      4.052340030670166,
      2.120297431945801,
      2.712502956390381,
      1.9355340003967285,
      2.498781681060791,
      0.6388928890228271,
      1.011659026145935,
      -0.5901447534561157,
      -1.331305980682373
    ],
    [
      6.636535167694092,
      5.118929386138916,
      11.559100151062012,
      4.795498847961426,
      5.318939208984375,
      2.690086841583252,
      3.0853400230407715,
      1.5389106273651123,
      3.3972506523132324,
      3.068449020385742,
      2.982707977294922,
      3.1477043628692627,
      2.5296263694763184,
      1.9868513345718384,
      1.1029056310653687,
      -0.4439227879047394,
      -1.7401299476623535,
      -4.044617652893066
    ],
    [
      4.314720630645752,
      5.02649450302124,
      4.795498847961426,
      14.46605110168457,
      4.343410491943359,
      6.027717590332031,
      4.794112205505371,
      5.262048244476318,
      4.57429313659668,
      6.201577186584473,
      3.326331615447998,
      4.067408084869385,
      2.5652291774749756,
      2.0482821464538574,
      1.6771985292434692,
      0.828144907951355,
      -0.10982727259397507,
      -0.9008486270904541
    ],
    [
      4.761031627655029,
      4.2003703117370605,
      5.318939208984375,
      4.343410491943359,
      12.543084144592285,
      5.601663589477539,
      10.312026977539062,
      4.854239463806152,
      8.693418502807617,
      5.978491306304932,
      5.621659278869629,
      4.399085998535156,
      4.166799545288086,
      3.105846643447876,
      3.8863978385925293,
      1.8932840824127197,
      2.1652419567108154,
      -0.23137354850769043
    ],
    [
      5.749802589416504,
      5.496013641357422,
      2.690086841583252,
      6.027717590332031,
      5.601663589477539,
      16.11586570739746,
      6.49506950378418,
      9.812066078186035,
      6.6385393142700195,
      9.677568435668945,
      3.8084330558776855,
      5.16938591003418,
      3.157047986984253,
      2.8867948055267334,
      2.110924243927002,
      1.7775331735610962,
      1.6414345502853394,
      0.9085087180137634
    ],
    [
      4.787033557891846,
      4.241923809051514,
      3.0853400230407715,
      4.794112205505371,
      10.312026977539062,
      6.49506950378418,
      19.879867553710938,
      9.248577117919922,
      14.105456352233887,
      10.69931411743164,
      9.112424850463867,
      7.537765026092529,
      7.217395305633545,
      6.316251277923584,
      5.564218044281006,
      5.160869121551514,
      5.30564022064209,
      3.13710880279541
    ],
    [
      3.407494068145752,
      2.833775281906128,
      1.5389106273651123,
      5.262048244476318,
      4.854239463806152,
      9.812066078186035,
      9.248577117919922,
      13.899340629577637,
      9.156557083129883,
      12.218719482421875,
      6.520603656768799,
      7.718947887420654,
      5.512840270996094,
      5.51289176940918,
      3.804547071456909,
      4.259369850158691,
      3.793384313583374,
      3.293064832687378
    ],
    [
      4.222278594970703,
      3.5896220207214355,
      3.3972506523132324,
      4.57429313659668,
      8.693418502807617,
      6.6385393142700195,
      14.105456352233887,
      9.156557083129883,
      19.15927505493164,
      13.737529754638672,
      12.105518341064453,
      9.390002250671387,
      9.825435638427734,
      7.4942755699157715,
      7.8971638679504395,
      6.301616668701172,
      6.657779216766357,
      5.0287652015686035
    ],
    [
      4.726407051086426,
      4.052340030670166,
      3.068449020385742,
      6.201577186584473,
      5.978491306304932,
      9.677568435668945,
      10.69931411743164,
      12.218719482421875,
      13.737529754638672,
      17.293291091918945,
      10.472908973693848,
      11.687853813171387,
      9.483781814575195,
      9.152059555053711,
      6.478448390960693,
      7.058995246887207,
      5.461606979370117,
      5.023191452026367
    ],
    [
      2.5836403369903564,
      2.120297431945801,
      2.982707977294922,
      3.326331615447998,
      5.621659278869629,
      3.8084330558776855,
      9.112424850463867,
      6.520603656768799,
      12.105518341064453,
      10.472908973693848,
      12.69558048248291,
      10.674851417541504,
      10.766796112060547,
      9.047402381896973,
      7.3110880851745605,
      6.299492835998535,
      4.611846446990967,
      3.3677964210510254
    ],
    [
      3.3003838062286377,
      2.712502956390381,
      3.1477043628692627,
      4.067408084869385,
      4.399085998535156,
      5.16938591003418,
      7.537765026092529,
      7.718947887420654,
      9.390002250671387,
      11.687853813171387,
      10.674851417541504,
      13.873478889465332,
      11.183226585388184,
      12.324519157409668,
      7.049957275390625,
      8.162635803222656,
      4.032161235809326,
      3.703137159347534
    ],
    [
      2.413389205932617,
      1.9355340003967285,
      2.5296263694763184,
      2.5652291774749756,
      4.166799545288086,
      3.157047986984253,
      7.217395305633545,
      5.512840270996094,
      9.825435638427734,
      9.483781814575195,
      10.766796112060547,
      11.183226585388184,
      14.169781684875488,
      12.446050643920898,
      10.85707950592041,
      9.651411056518555,
      6.901569843292236,
      5.84856653213501
    ],
    [
      2.4406983852386475,
      2.498781681060791,
      1.9868513345718384,
      2.0482821464538574,
      3.105846643447876,
      2.8867948055267334,
      6.316251277923584,
      5.51289176940918,
      7.4942755699157715,
      9.152059555053711,
      9.047402381896973,
      12.324519157409668,
      12.446050643920898,
      17.018169403076172,
      9.803568840026855,
      14.775664329528809,
      8.768318176269531,
      10.74990177154541
    ],
    [
      0.5283249020576477,
      0.6388928890228271,
      1.1029056310653687,
      1.6771985292434692,
      3.8863978385925293,
      2.110924243927002,
      5.564218044281006,
      3.804547071456909,
      7.8971638679504395,
      6.478448390960693,
      7.3110880851745605,
      7.049957275390625,
      10.85707950592041,
      9.803568840026855,
      14.090956687927246,
      11.278467178344727,
      11.169031143188477,
      10.113727569580078
    ],
    [
      0.546997606754303,
      1.011659026145935,
      -0.4439227879047394,
      0.828144907951355,
      1.8932840824127197,
      1.7775331735610962,
      5.160869121551514,
      4.259369850158691,
      6.301616668701172,
      7.058995246887207,
      6.299492835998535,
      8.162635803222656,
      9.651411056518555,
      14.775664329528809,
      11.278467178344727,
      18.973554611206055,
      14.195667266845703,
      19.32707405090332
    ],
    [
      -1.3742427825927734,
      -0.5901447534561157,
      -1.7401299476623535,
      -0.10982727259397507,
      2.1652419567108154,
      1.6414345502853394,
      5.30564022064209,
      3.793384313583374,
      6.657779216766357,
      5.461606979370117,
      4.611846446990967,
      4.032161235809326,
      6.901569843292236,
      8.768318176269531,
      11.169031143188477,
      14.195667266845703,
      16.886396408081055,
      18.830402374267578
    ],
    [
      -2.1209769248962402,
      -1.331305980682373,
      -4.044617652893066,
      -0.9008486270904541,
      -0.23137354850769043,
      0.9085087180137634,
      3.13710880279541,
      3.293064832687378,
      5.0287652015686035,
      5.023191452026367,
      3.3677964210510254,
      3.703137159347534,
      5.84856653213501,
      10.74990177154541,
      10.113727569580078,
      19.32707405090332,
      18.830402374267578,
      27.918893814086914
    ]
  ],
  "covariance_short": [
    [
      83.85771942138672,
      61.724609375,
      20.46763801574707,
      10.875497817993164,
      9.738062858581543,
      10.477009773254395,
      10.077253341674805,
      7.737823963165283,
      8.730917930603027,
      8.166513442993164,
      6.494303226470947,
      6.963238716125488,
      6.159301280975342,
      8.870180130004883,
      5.193246841430664,
      10.335951805114746,
      5.749813079833984,
      9.759856224060059
    ],
    [
      61.724609375,
      65.2126235961914,
      19.956090927124023,
      11.563019752502441,
      10.046340942382812,
      10.741686820983887,
      10.754979133605957,
      9.059446334838867,
      10.265764236450195,
      9.98980712890625,
      8.556408882141113,
      9.44235610961914,
      8.157281875610352,
      12.364984512329102,
      7.181992530822754,
      13.795076370239258,
      7.459819316864014,
      12.69704818725586
    ],
    [
      20.46763801574707,
      19.956090927124023,
      25.832229614257812,
      10.4381742477417,
      10.023083686828613,
      6.895659446716309,
      7.627871036529541,
      6.831360816955566,
      8.092822074890137,
      8.163647651672363,
      8.52504825592041,
      10.381382942199707,
      7.764249801635742,
      11.516304969787598,
      6.308385372161865,
      11.350085258483887,
      5.310822010040283,
      10.33183479309082
    ],
    [
      10.875497817993164,
      11.563019752502441,
      10.4381742477417,
      23.6823787689209,
      8.396024703979492,
      11.945014953613281,
      8.554359436035156,
      10.833584785461426,
      7.887003421783447,
      10.67056655883789,
      7.124985694885254,
      10.051728248596191,
      5.626741409301758,
      8.928251266479492,
      4.013797760009766,
      7.18425989151001,
      3.1661949157714844,
      6.09686803817749
    ],
    [
      9.738062858581543,
      10.046340942382812,
      10.023083686828613,
      8.396024703979492,
      23.047348022460938,
      10.044684410095215,
      16.53399085998535,
      9.961647033691406,
      16.26111602783203,
      11.500005722045898,
      12.324289321899414,
      10.94255256652832,
      9.512324333190918,
      10.184745788574219,
      8.439237594604492,
      9.570623397827148,
      9.5745210647583,
      10.622797012329102
    ],
    [
      10.477009773254395,
      10.741686820983887,
      6.895659446716309,
      11.945014953613281,
      10.044684410095215,
      26.321250915527344,
      10.455994606018066,
      16.952802658081055,
      12.482866287231445,
      16.5645694732666,
      9.29313850402832,
      13.635818481445312,
      7.945400238037109,
      11.393207550048828,
      6.04742956161499,
      10.575787544250488,
      7.056872367858887,
      11.740205764770508
    ],
    [
      10.077253341674805,
      10.754979133605957,
      7.627871036529541,
      8.554359436035156,
      16.53399085998535,
      10.455994606018066,
      33.41961669921875,
      15.62979793548584,
      24.927406311035156,
      17.648046493530273,
      18.111255645751953,
      15.856522560119629,
      15.204666137695312,
      15.33942699432373,
      12.51260757446289,
      14.254112243652344,
      14.764223098754883,
      14.760432243347168
    ],
    [
      7.737823963165283,
      9.059446334838867,
      6.831360816955566,
      10.833584785461426,
      9.961647033691406,
      16.952802658081055,
      15.62979793548584,
      24.919809341430664,
      16.96541976928711,
      20.674800872802734,
      13.44796085357666,
      17.2136287689209,
      11.726908683776855,
      15.331353187561035,
      9.16996955871582,
      13.92259407043457,
      10.091656684875488,
      14.495586395263672
    ],
    [
      8.730917930603027,
      10.265764236450195,
      8.092822074890137,
      7.887003421783447,
      16.26111602783203,
      12.482866287231445,
      24.927406311035156,
      16.96541976928711,
      36.50555419921875,
      23.39248275756836,
      25.189767837524414,
      20.505176544189453,
      21.959012985229492,
      19.60590171813965,
      17.968944549560547,
      18.872777938842773,
      18.687782287597656,
      20.534648895263672
    ],
    [
      8.166513442993164,
      9.98980712890625,
      8.163647651672363,
      10.67056655883789,
      11.500005722045898,
      16.5645694732666,
      17.648046493530273,
      20.674800872802734,
      23.39248275756836,
      28.612503051757812,
      19.486719131469727,
      23.078828811645508,
      18.506977081298828,
      21.56402587890625,
      14.590295791625977,
      19.977609634399414,
      15.364872932434082,
      20.910900115966797
    ],
    [
      6.494303226470947,
      8.556408882141113,
      8.52504825592041,
      7.124985694885254,
      12.324289321899414,
      9.29313850402832,
      18.111255645751953,
      13.44796085357666,
      25.189767837524414,
      19.486719131469727,
      27.76053810119629,
      23.31081771850586,
      24.675260543823242,
      23.808595657348633,
      19.45474624633789,
      22.12653350830078,
      17.797618865966797,
      22.0205020904541
    ],
    [
      6.963238716125488,
      9.44235610961914,
      10.381382942199707,
      10.051728248596191,
      10.94255256652832,
      13.635818481445312,
      15.856522560119629,
      17.2136287689209,
      20.505176544189453,
      23.078828811645508,
      23.31081771850586,
      31.68989372253418,
      24.403291702270508,
      32.23152542114258,
      19.085025787353516,
      30.034103393554688,
      18.493682861328125,
      29.1358642578125
    ],
    [
      6.159301280975342,
      8.157281875610352,
      7.764249801635742,
      5.626741409301758,
      9.512324333190918,
      7.945400238037109,
      15.204666137695312,
      11.726908683776855,
      21.959012985229492,
      18.506977081298828,
      24.675260543823242,
      24.403291702270508,
      34.78963851928711,
      31.0513916015625,
      31.57562828063965,
      32.87187576293945,
      29.503156661987305,
      34.05720901489258
    ],
    [
      8.870180130004883,
      12.364984512329102,
      11.516304969787598,
      8.928251266479492,
      10.184745788574219,
      11.393207550048828,
      15.33942699432373,
      15.331353187561035,
      19.60590171813965,
      21.56402587890625,
      23.808595657348633,
      32.23152542114258,
      31.0513916015625,
      46.310455322265625,
      29.154956817626953,
      50.01427459716797,
      32.39675521850586,
      52.33379364013672
    ],
    [
      5.193246841430664,
      7.181992530822754,
      6.308385372161865,
      4.013797760009766,
      8.439237594604492,
      6.04742956161499,
      12.51260757446289,
      9.16996955871582,
      17.968944549560547,
      14.590295791625977,
      19.45474624633789,
      19.085025787353516,
      31.57562828063965,
      29.154956817626953,
      42.741737365722656,
      38.794857025146484,
      41.48408126831055,
      43.18094253540039
    ],
    [
      10.335951805114746,
      13.795076370239258,
      11.350085258483887,
      7.18425989151001,
      9.570623397827148,
      10.575787544250488,
      14.254112243652344,
      13.92259407043457,
      18.872777938842773,
      19.977609634399414,
      22.12653350830078,
      30.034103393554688,
      32.87187576293945,
      50.01427459716797,
      38.794857025146484,
      71.01422882080078,
      47.921661376953125,
      79.38107299804688
    ],
    [
      5.749813079833984,
      7.459819316864014,
      5.310822010040283,
      3.1661949157714844,
      9.5745210647583,
      7.056872367858887,
      14.764223098754883,
      10.091656684875488,
      18.687782287597656,
      15.364872932434082,
      17.797618865966797,
      18.493682861328125,
      29.503156661987305,
      32.39675521850586,
      41.48408126831055,
      47.921661376953125,
      57.33892059326172,
      62.80228042602539
    ],
    [
      9.759856224060059,
      12.69704818725586,
      10.33183479309082,
      6.09686803817749,
      10.622797012329102,
      11.740205764770508,
      14.760432243347168,
      14.495586395263672,
      20.534648895263672,
      20.910900115966797,
      22.0205020904541,
      29.1358642578125,
      34.05720901489258,
      52.33379364013672,
      43.18094253540039,
      79.38107299804688,
      62.80228042602539,
      106.64122009277344
    ]
  ],
  "drr": 15.455697059631348,
  "dynamics": 2.4321515560150146,
  "format": 1245190,
  "frames": 12374016,
  "loudness": -9.195934295654297,
  "loudness_range": 5.456777095794678,
  "loudness_range_short": 9.102880477905273,
  "peak": 0.9541990756988525,
  "rms": -11.551591873168945,
  "sample_rate": 44100,
  "sections": 1,
  "seekable": 1,
  "sharpness": 2.889082670211792,
  "space": -9.312235832214355
}