{
  "bands": [
    {
      "high_freq": 148.1999969482422,
      "loudness": -18.415218353271484,
      "loudness_range": 10.894546508789062,
      "mid_mean": -14.947195053100586,
      "mid_to_side_loudness": -29.515884399414062,
      "mid_to_side_loudness_range": 20.441251754760742,
      "side_mean": -46.286014556884766
    },
    {
      "high_freq": 392.3793640136719,
      "loudness": -19.61777114868164,
      "loudness_range": 10.552720069885254,
      "low_freq": 148.1999969482422,
      "mid_mean": -16.261409759521484,
      "mid_to_side_loudness": -13.225468635559082,
      "mid_to_side_loudness_range": 15.704870223999023,
      "side_mean": -29.620628356933594
    },
    {
      "high_freq": 794.6976318359375,
      "loudness": -21.69545555114746,
      "loudness_range": 10.36646842956543,
      "low_freq": 392.3793640136719,
      "mid_mean": -18.515104293823242,
      "mid_to_side_loudness": -10.334023475646973,
      "mid_to_side_loudness_range": 12.876262664794922,
      "side_mean": -29.05161476135254
    },
    {
      "high_freq": 1457.5709228515625,
      "loudness": -23.6114501953125,
      "loudness_range": 14.320244789123535,
      "low_freq": 794.6976318359375,
      "mid_mean": -20.512601852416992,
      "mid_to_side_loudness": -9.989968299865723,
      "mid_to_side_loudness_range": 12.648872375488281,
      "side_mean": -30.52731704711914
    },
    {
      "high_freq": 2549.74365234375,
      "loudness": -21.390600204467773,
      "loudness_range": 10.501953125,
      "low_freq": 1457.5709228515625,
      "mid_mean": -18.464445114135742,
      "mid_to_side_loudness": -8.022110939025879,
      "mid_to_side_loudness_range": 9.118230819702148,
      "side_mean": -26.525550842285156
    },
    {
      "high_freq": 4349.24462890625,
      "loudness": -21.880821228027344,
      "loudness_range": 8.87663459777832,
      "low_freq": 2549.74365234375,
      "mid_mean": -18.946918487548828,
      "mid_to_side_loudness": -8.12048053741455,
      "mid_to_side_loudness_range": 9.604201316833496,
      "side_mean": -27.126663208007812
    },
    {
      "high_freq": 7314.1640625,
      "loudness": -22.311866760253906,
      "loudness_range": 10.374297142028809,
      "low_freq": 4349.24462890625,
      "mid_mean": -19.3212890625,
      "mid_to_side_loudness": -9.81447696685791,
      "mid_to_side_loudness_range": 12.709379196166992,
      "side_mean": -29.178062438964844
    },
    {
      "high_freq": 12199.2666015625,
      "loudness": -22.916913986206055,
      "loudness_range": 9.857946395874023,
      "low_freq": 7314.1640625,
      "mid_mean": -19.746313095092773,
      "mid_to_side_loudness": -11.04677963256836,
      "mid_to_side_loudness_range": 14.170717239379883,
      "side_mean": -30.78656005859375
    },
    {
      "loudness": -28.829906463623047,
      "loudness_range": 8.754217147827148,
      "low_freq": 12199.2666015625,
      "mid_mean": -25.656417846679688,
      "mid_to_side_loudness": -11.323909759521484,
      "mid_to_side_loudness_range": 15.750747680664062,
      "side_mean": -37.220252990722656
    }
  ],
  "bands_short": [
    {
      "high_freq": 148.1999969482422,
      "loudness": -22.346952438354492,
      "loudness_range": 20.3073673248291,
      "mid_mean": -18.8786563873291,
      "mid_to_side_loudness": -29.345714569091797,
      "mid_to_side_loudness_range": 23.667224884033203,
      "side_mean": -51.457366943359375
    },
    {
      "high_freq": 392.3793640136719,
      "loudness": -20.729867935180664,
      "loudness_range": 18.570899963378906,
      "low_freq": 148.1999969482422,
      "mid_mean": -17.501338958740234,
      "mid_to_side_loudness": -13.561372756958008,
      "mid_to_side_loudness_range": 20.712797164916992,
      "side_mean": -31.388778686523438
    },
    {
      "high_freq": 794.6976318359375,
      "loudness": -23.642126083374023,
      "loudness_range": 14.465530395507812,
      "low_freq": 392.3793640136719,
      "mid_mean": -20.7154598236084,
      "mid_to_side_loudness": -9.430779457092285,
      "mid_to_side_loudness_range": 16.733179092407227,
      "side_mean": -30.41773223876953
    },
    {
      "high_freq": 1457.5709228515625,
      "loudness": -24.070335388183594,
      "loudness_range": 18.080974578857422,
      "low_freq": 794.6976318359375,
      "mid_mean": -21.18035888671875,
      "mid_to_side_loudness": -9.30436897277832,
      "mid_to_side_loudness_range": 16.130329132080078,
      "side_mean": -30.595531463623047
    },
    {
      "high_freq": 2549.74365234375,
      "loudness": -22.79100799560547,
      "loudness_range": 16.044044494628906,
      "low_freq": 1457.5709228515625,
      "mid_mean": -19.986225128173828,
      "mid_to_side_loudness": -7.929981231689453,
      "mid_to_side_loudness_range": 12.27410888671875,
      "side_mean": -27.968294143676758
    },
    {
      "high_freq": 4349.24462890625,
      "loudness": -22.851966857910156,
      "loudness_range": 13.08542251586914,
      "low_freq": 2549.74365234375,
      "mid_mean": -19.986711502075195,
      "mid_to_side_loudness": -8.154473304748535,
      "mid_to_side_loudness_range": 11.89217758178711,
      "side_mean": -28.217742919921875
    },
    {
      "high_freq": 7314.1640625,
      "loudness": -23.608810424804688,
      "loudness_range": 13.886331558227539,
      "low_freq": 4349.24462890625,
      "mid_mean": -20.715572357177734,
      "mid_to_side_loudness": -9.056234359741211,
      "mid_to_side_loudness_range": 13.66126823425293,
      "side_mean": -29.906707763671875
    },
    {
      "high_freq": 12199.2666015625,
      "loudness": -24.67032241821289,
      "loudness_range": 15.464149475097656,
      "low_freq": 7314.1640625,
      "mid_mean": -21.709821701049805,
      "mid_to_side_loudness": -10.005331993103027,
      "mid_to_side_loudness_range": 15.176187515258789,
      "side_mean": -31.980405807495117
    },
    {
      "loudness": -31.77216339111328,
      "loudness_range": 18.418790817260742,
      "low_freq": 12199.2666015625,
      "mid_mean": -28.910202026367188,
      "mid_to_side_loudness": -10.293769836425781,
      "mid_to_side_loudness_range": 17.721134185791016,
      "side_mean": -39.56270980834961
    }
  ],
  "channels": 2,
  "covariance": [
    [
      26.865127563476562,
      7.595773696899414,
      2.727013111114502,
      1.518900990486145,
      -0.03835218772292137,
      1.705668568611145,
      -1.915675163269043,
      -0.7371281981468201,
      1.514217734336853,
      2.7867026329040527,
      2.8166801929473877,
      2.6812076568603516,
      2.708002805709839,
      1.3925302028656006,
      2.195956230163574,
      -0.635798454284668,
      3.0170555114746094,
      0.42507225275039673
    ],
    [
      7.595773696899414,
      17.71246337890625,
      5.444104194641113,
      9.006292343139648,
      1.9151265621185303,
      2.856049060821533,
      0.10399110615253448,
      0.29217830300331116,
      1.550636649131775,
      2.500725746154785,
      3.9108269214630127,
      3.7746763229370117,
      5.50112247467041,
      4.819212436676025,
      2.2967612743377686,
      2.266629219055176,
      3.128711700439453,
      4.0355072021484375
    ],
    [
      2.727013111114502,
      5.444104194641113,
      17.678836822509766,
      10.30184268951416,
      7.150542736053467,
      1.7835320234298706,
      6.884795188903809,
      2.9633734226226807,
      3.7762513160705566,
      2.308865547180176,
      7.53437614440918,
      4.44774866104126,
      8.136810302734375,
      3.9699525833129883,
      5.55457067489624,
      2.061213970184326,
      4.754975318908691,
      2.671238660812378
    ],
    [
      1.518900990486145,
      9.006292343139648,
      10.30184268951416,
      32.689476013183594,
      6.832241058349609,
      18.452964782714844,
      8.552323341369629,
      17.82099723815918,
      8.516336441040039,
      13.805789947509766,
      10.455780982971191,
      15.534428596496582,
      8.139687538146973,
      18.02934455871582,
      4.86899471282959,
      15.248456001281738,
      5.4169487953186035,
      15.091728210449219
    ],
    [
      -0.03835218772292137,
      1.9151265621185303,
      7.150542736053467,
      6.832241058349609,
      13.655712127685547,
      8.985051155090332,
      11.053243637084961,
      8.006333351135254,
      7.001871585845947,
      5.425433158874512,
      5.658966064453125,
      5.434728622436523,
      4.1430792808532715,
      5.185622692108154,
      3.4264419078826904,
      5.0658979415893555,
      2.80588960647583,
      5.733553409576416
    ],
    [
      1.705668568611145,
      2.856049060821533,
      1.7835320234298706,
      18.452964782714844,
      8.985051155090332,
      26.296743392944336,
      10.331307411193848,
      23.70827865600586,
      11.293953895568848,
      18.722949981689453,
      8.30486011505127,
      17.36726951599121,
      4.686402797698975,
      19.065462112426758,
      3.4939677715301514,
      18.259050369262695,
      3.813467502593994,
      17.483434677124023
    ],
    [
      -1.915675163269043,
      0.10399110615253448,
      6.884795188903809,
      8.552323341369629,
      11.053243637084961,
      10.331307411193848,
      24.973861694335938,
      18.300634384155273,
      10.497529029846191,
      8.860468864440918,
      6.938748836517334,
      8.310718536376953,
      4.5946784019470215,
      8.670903205871582,
      4.518282890319824,
      8.082293510437012,
      3.63889217376709,
      6.018788814544678
    ],
    [
      -0.7371281981468201,
      0.29217830300331116,
      2.9633734226226807,
      17.82099723815918,
      8.006333351135254,
      23.70827865600586,
      18.300634384155273,
      35.40932846069336,
      14.7491455078125,
      24.23031234741211,
      10.118368148803711,
      21.228116989135742,
      5.901400089263916,
      21.704694747924805,
      4.928645610809326,
      21.35138511657715,
      5.47594690322876,
      19.356548309326172
    ],
    [
      1.514217734336853,
      1.550636649131775,
      3.7762513160705566,
      8.516336441040039,
      7.001871585845947,
      11.293953895568848,
      10.497529029846191,
      14.7491455078125,
      16.913516998291016,
      16.716699600219727,
      9.608550071716309,
      13.16622257232666,
      6.241703033447266,
      10.734967231750488,
      5.033804416656494,
      9.402244567871094,
      4.342789649963379,
      8.001791954040527
    ],
    [
      2.7867026329040527,
      2.500725746154785,
      2.308865547180176,
      13.805789947509766,
      5.425433158874512,
      18.722949981689453,
      8.860468864440918,
      24.23031234741211,
      16.716699600219727,
      29.82607078552246,
      11.312232971191406,
      25.061037063598633,
      6.248188018798828,
      19.940637588500977,
      5.159186363220215,
      18.3115177154541,
      4.842373847961426,
      16.39336395263672
    ],
    [
      2.8166801929473877,
      3.9108269214630127,
      7.53437614440918,
      10.455780982971191,
      5.658966064453125,
      8.30486011505127,
      6.938748836517334,
      10.118368148803711,
      9.608550071716309,
      11.312232971191406,
      12.317655563354492,
      13.10391902923584,
      9.117532730102539,
      11.878698348999023,
      4.9046220779418945,
      8.914652824401855,
      4.021712303161621,
      8.636469841003418
    ],
    [
      2.6812076568603516,
      3.7746763229370117,
      4.44774866104126,
      15.534428596496582,
      5.434728622436523,
      17.36726951599121,
      8.310718536376953,
      21.228116989135742,
      13.16622257232666,
      25.061037063598633,
      13.10391902923584,
      27.822372436523438,
      8.598411560058594,
      24.718637466430664,
      5.644505023956299,
      21.57973861694336,
      4.897547721862793,
      19.522541046142578
    ],
    [
      2.708002805709839,
      5.50112247467041,
      8.136810302734375,
      8.139687538146973,
      4.1430792808532715,
      4.686402797698975,
      4.5946784019470215,
      5.901400089263916,
      6.241703033447266,
      6.248188018798828,
      9.117532730102539,
      8.598411560058594,
      19.075490951538086,
      15.774136543273926,
      10.48508358001709,
      10.197577476501465,
      6.889444828033447,
      7.6531219482421875
    ],
    [
      1.3925302028656006,
      4.819212436676025,
      3.9699525833129883,
      18.02934455871582,
      5.185622692108154,
      19.065462112426758,
      8.670903205871582,
      21.704694747924805,
      10.734967231750488,
      19.940637588500977,
      11.878698348999023,
      24.718637466430664,
      15.774136543273926,
      37.21630859375,
      9.083243370056152,
      31.250640869140625,
      7.087299346923828,
      27.360864639282227
    ],
    [
      2.195956230163574,
      2.2967612743377686,
      5.55457067489624,
      4.86899471282959,
      3.4264419078826904,
      3.4939677715301514,
      4.518282890319824,
      4.928645610809326,
      5.033804416656494,
      5.159186363220215,
      4.9046220779418945,
      5.644505023956299,
      10.48508358001709,
      9.083243370056152,
      15.248205184936523,
      13.191681861877441,
      9.251521110534668,
      8.386252403259277
    ],
    [
      -0.635798454284668,
      2.266629219055176,
      2.061213970184326,
      15.248456001281738,
      5.0658979415893555,
      18.259050369262695,
      8.082293510437012,
      21.35138511657715,
      9.402244567871094,
      18.3115177154541,
      8.914652824401855,
      21.57973861694336,
      10.197577476501465,
      31.250640869140625,
      13.191681861877441,
      38.36125564575195,
      9.286761283874512,
      33.063568115234375
    ],
    [
      3.0170555114746094,
      3.128711700439453,
      4.754975318908691,
      5.4169487953186035,
      2.80588960647583,
      3.813467502593994,
      3.63889217376709,
      5.47594690322876,
      4.342789649963379,
      4.842373847961426,
      4.021712303161621,
      4.897547721862793,
      6.889444828033447,
      7.087299346923828,
      9.251521110534668,
      9.286761283874512,
      12.078888893127441,
      10.916786193847656
    ],
    [
      0.42507225275039673,
      4.0355072021484375,
      2.671238660812378,
      15.091728210449219,
      5.733553409576416,
      17.483434677124023,
      6.018788814544678,
      19.356548309326172,
      8.001791954040527,
      16.39336395263672,
      8.636469841003418,
      19.522541046142578,
      7.6531219482421875,
      27.360864639282227,
      8.386252403259277,
      33.063568115234375,
      10.916786193847656,
      44.30320739746094
    ]
  ],
  "covariance_short": [
    [
      55.64849090576172,
      25.861034393310547,
      18.246732711791992,
      0.9869851469993591,
      2.2993438243865967,
      2.5297024250030518,
      0.7295535206794739,
      0.4250815808773041,
      8.481313705444336,
      9.243785858154297,
      10.081075668334961,
      10.276062965393066,
      7.748369216918945,
      5.985759735107422,
      5.86710786819458,
      3.19242787361145,
      10.037506103515625,
      9.96055793762207
    ],
    [
      25.861034393310547,
      64.4443359375,
      24.773681640625,
      19.841825485229492,
      7.577101707458496,
      7.014589309692383,
      7.919888496398926,
      5.710843086242676,
      8.717832565307617,
      8.005745887756348,
      13.17049789428711,
      12.86524486541748,
      13.247915267944336,
      10.913139343261719,
      6.420838356018066,
      6.3036208152771,
      8.479155540466309,
      10.867083549499512
    ],
    [
      18.246732711791992,
      24.773681640625,
      41.102394104003906,
      16.66469383239746,
      14.081758499145508,
      1.0578761100769043,
      12.679920196533203,
      1.353044867515564,
      9.37125015258789,
      3.6171317100524902,
      13.787551879882812,
      6.930102825164795,
      11.858443260192871,
      4.397009372711182,
      8.570778846740723,
      2.91341233253479,
      12.267513275146484,
      8.838903427124023
    ],
    [
      0.9869851469993591,
      19.841825485229492,
      16.66469383239746,
      44.640541076660156,
      9.678644180297852,
      17.073753356933594,
      12.357857704162598,
      17.241113662719727,
      11.042754173278809,
      14.125389099121094,
      12.709256172180176,
      16.289522171020508,
      11.663410186767578,
      17.697978973388672,
      7.644167423248291,
      15.68405818939209,
      9.631189346313477,
      18.31452751159668
    ],
    [
      2.2993438243865967,
      7.577101707458496,
      14.081758499145508,
      9.678644180297852,
      29.4862003326416,
      13.24915599822998,
      19.94173240661621,
      11.05439281463623,
      14.2962007522583,
      10.13231086730957,
      11.50733757019043,
      9.032368659973145,
      7.901971340179443,
      7.904346466064453,
      8.139490127563477,
      8.748620986938477,
      9.822088241577148,
      11.501937866210938
    ],
    [
      2.5297024250030518,
      7.014589309692383,
      1.0578761100769043,
      17.073753356933594,
      13.24915599822998,
      32.61353302001953,
      12.436320304870605,
      24.351970672607422,
      14.344322204589844,
      21.912092208862305,
      10.190906524658203,
      19.56104278564453,
      7.498660564422607,
      20.2148494720459,
      6.459379196166992,
      20.243379592895508,
      7.235907554626465,
      20.93063735961914
    ],
    [
      0.7295535206794739,
      7.919888496398926,
      12.679920196533203,
      12.357857704162598,
      19.94173240661621,
      12.436320304870605,
      44.214866638183594,
      24.73414421081543,
      20.175825119018555,
      14.911808013916016,
      13.990867614746094,
      12.441542625427246,
      7.181247711181641,
      10.241199493408203,
      8.533855438232422,
      11.223388671875,
      7.965591907501221,
      12.1393404006958
    ],
    [
      0.4250815808773041,
      5.710843086242676,
      1.353044867515564,
      17.241113662719727,
      11.05439281463623,
      24.351970672607422,
      24.73414421081543,
      41.626224517822266,
      19.1911678314209,
      28.830068588256836,
      13.042436599731445,
      24.599937438964844,
      8.297172546386719,
      23.103788375854492,
      8.389735221862793,
      24.66170883178711,
      8.513994216918945,
      23.94856834411621
    ],
    [
      8.481313705444336,
      8.717832565307617,
      9.37125015258789,
      11.042754173278809,
      14.2962007522583,
      14.344322204589844,
      20.175825119018555,
      19.1911678314209,
      34.48871994018555,
      27.899547576904297,
      20.015270233154297,
      21.752771377563477,
      12.642965316772461,
      15.880611419677734,
      12.248649597167969,
      15.392824172973633,
      13.39967155456543,
      16.980567932128906
    ],
    [
      9.243785858154297,
      8.005745887756348,
      3.6171317100524902,
      14.125389099121094,
      10.13231086730957,
      21.912092208862305,
      14.911808013916016,
      28.830068588256836,
      27.899547576904297,
      44.50089645385742,
      19.033639907836914,
      35.66928482055664,
      11.627803802490234,
      26.593027114868164,
      11.52464485168457,
      25.862279891967773,
      13.634442329406738,
      26.876873016357422
    ],
    [
      10.081075668334961,
      13.17049789428711,
      13.787551879882812,
      12.709256172180176,
      11.50733757019043,
      10.190906524658203,
      13.990867614746094,
      13.042436599731445,
      20.015270233154297,
      19.033639907836914,
      24.846267700195312,
      21.82569694519043,
      17.784690856933594,
      17.57581329345703,
      13.07190227508545,
      14.888416290283203,
      13.441813468933105,
      17.20992660522461
    ],
    [
      10.276062965393066,
      12.86524486541748,
      6.930102825164795,
      16.289522171020508,
      9.032368659973145,
      19.56104278564453,
      12.441542625427246,
      24.599937438964844,
      21.752771377563477,
      35.66928482055664,
      21.82569694519043,
      40.433143615722656,
      15.87958812713623,
      32.61628723144531,
      12.984192848205566,
      30.35948371887207,
      14.328449249267578,
      31.13041877746582
    ],
    [
      7.748369216918945,
      13.247915267944336,
      11.858443260192871,
      11.663410186767578,
      7.901971340179443,
      7.498660564422607,
      7.181247711181641,
      8.297172546386719,
      12.642965316772461,
      11.627803802490234,
      17.784690856933594,
      15.87958812713623,
      32.11410903930664,
      22.808000564575195,
      23.84442710876465,
      19.93575668334961,
      22.02392578125,
      20.530054092407227
    ],
    [
      5.985759735107422,
      10.913139343261719,
      4.397009372711182,
      17.697978973388672,
      7.904346466064453,
      20.2148494720459,
      10.241199493408203,
      23.103788375854492,
      15.880611419677734,
      26.593027114868164,
      17.57581329345703,
      32.61628723144531,
      22.808000564575195,
      46.31538772583008,
      18.876253128051758,
      41.945438385009766,
      19.033843994140625,
      40.30788040161133
    ],
    [
      5.86710786819458,
      6.420838356018066,
      8.570778846740723,
      7.644167423248291,
      8.139490127563477,
      6.459379196166992,
      8.533855438232422,
      8.389735221862793,
      12.248649597167969,
      11.52464485168457,
      13.07190227508545,
      12.984192848205566,
      23.84442710876465,
      18.876253128051758,
      35.51305389404297,
      26.71630096435547,
      32.13214874267578,
      26.919403076171875
    ],
    [
      3.19242787361145,
      6.3036208152771,
      2.91341233253479,
      15.68405818939209,
      8.748620986938477,
      20.243379592895508,
      11.223388671875,
      24.66170883178711,
      15.392824172973633,
      25.862279891967773,
      14.888416290283203,
      30.35948371887207,
      19.93575668334961,
      41.945438385009766,
      26.71630096435547,
      55.87492752075195,
      26.593385696411133,
      52.99595642089844
    ],
    [
      10.037506103515625,
      8.479155540466309,
      12.267513275146484,
      9.631189346313477,
      9.822088241577148,
      7.235907554626465,
      7.965591907501221,
      8.513994216918945,
      13.39967155456543,
      13.634442329406738,
      13.441813468933105,
      14.328449249267578,
      22.02392578125,
      19.033843994140625,
      32.13214874267578,
      26.593385696411133,
      48.15752410888672,
      38.18684768676758
    ],
    [
      9.96055793762207,
      10.867083549499512,
      8.838903427124023,
      18.31452751159668,
      11.501937866210938,
      20.93063735961914,
      12.1393404006958,
      23.94856834411621,
      16.980567932128906,
      26.876873016357422,
      17.20992660522461,
      31.13041877746582,
      20.530054092407227,
      40.30788040161133,
      26.919403076171875,
      52.99595642089844,
      38.18684768676758,
      79.05419158935547
    ]
  ],
  "drr": 14.556050300598145,
  "dynamics": 2.668264627456665,
  "format": 1245190,
  "frames": 10385408,
  "loudness": -8.018156051635742,
  "loudness_range": 5.59480094909668,
  "loudness_range_short": 10.009305953979492,
  "peak": 1.11255943775177,
  "rms": -10.70832633972168,
  "sample_rate": 44100,
  "sections": 1,
  "seekable": 1,
  "sharpness": 2.8963019847869873,
  "space": -10.920989036560059
}