{
  "bands": [
    {
      "high_freq": 148.1999969482422,
      "loudness": -24.81943702697754,
      "loudness_range": 15.067337036132812,
      "mid_mean": -20.966650009155273,
      "mid_to_side_loudness": -13.203943252563477,
      "mid_to_side_loudness_range": 20.641401290893555,
      "side_mean": -37.5794677734375
    },
    {
      "high_freq": 392.3793640136719,
      "loudness": -24.365007400512695,
      "loudness_range": 19.735353469848633,
      "low_freq": 148.1999969482422,
      "mid_mean": -21.151264190673828,
      "mid_to_side_loudness": -7.71497917175293,
      "mid_to_side_loudness_range": 15.052743911743164,
      "side_mean": -29.763978958129883
    },
    {
      "high_freq": 794.6976318359375,
      "loudness": -26.844951629638672,
      "loudness_range": 21.852859497070312,
      "low_freq": 392.3793640136719,
      "mid_mean": -24.081886291503906,
      "mid_to_side_loudness": -6.314969539642334,
      "mid_to_side_loudness_range": 15.232869148254395,
      "side_mean": -31.30867576599121
    },
    {
      "high_freq": 1457.5709228515625,
      "loudness": -31.217403411865234,
      "loudness_range": 20.890544891357422,
      "low_freq": 794.6976318359375,
      "mid_mean": -28.63399887084961,
      "mid_to_side_loudness": -6.12044095993042,
      "mid_to_side_loudness_range": 11.974324226379395,
      "side_mean": -35.15687561035156
    },
    {
      "high_freq": 2549.74365234375,
      "loudness": -31.71039390563965,
      "loudness_range": 20.870845794677734,
      "low_freq": 1457.5709228515625,
      "mid_mean": -29.24382781982422,
      "mid_to_side_loudness": -4.689860820770264,
      "mid_to_side_loudness_range": 9.814047813415527,
      "side_mean": -34.75884246826172
    },
    {
      "high_freq": 4349.24462890625,
      "loudness": -30.88661003112793,
      "loudness_range": 21.82682228088379,
      "low_freq": 2549.74365234375,
      "mid_mean": -28.35038185119629,
      "mid_to_side_loudness": -4.783788681030273,
      "mid_to_side_loudness_range": 9.144222259521484,
      "side_mean": -33.90141677856445
    },
    {
      "high_freq": 7314.1640625,
      "loudness": -35.99048614501953,
      "loudness_range": 22.701786041259766,
      "low_freq": 4349.24462890625,
      "mid_mean": -33.439144134521484,
      "mid_to_side_loudness": -4.825325012207031,
      "mid_to_side_loudness_range": 8.678754806518555,
      "side_mean": -39.290374755859375
    },
    {
      "high_freq": 12199.2666015625,
      "loudness": -38.05220413208008,
      "loudness_range": 21.627716064453125,
      "low_freq": 7314.1640625,
      "mid_mean": -35.7800407409668,
      "mid_to_side_loudness": -4.298055171966553,
      "mid_to_side_loudness_range": 8.35763931274414,
      "side_mean": -40.790809631347656
    },
    {
      "loudness": -46.05226516723633,
      "loudness_range": 27.409046173095703,
      "low_freq": 12199.2666015625,
      "mid_mean": -44.58039855957031,
      "mid_to_side_loudness": -2.0279321670532227,
      "mid_to_side_loudness_range": 7.4926347732543945,
      "side_mean": -46.6196174621582
    }
  ],
  "bands_short": [
    {
      "high_freq": 148.1999969482422,
      "loudness": -26.526750564575195,
      "loudness_range": 15.454429626464844,
      "mid_mean": -22.9276123046875,
      "mid_to_side_loudness": -13.915494918823242,
      "mid_to_side_loudness_range": 19.862794876098633,
      "side_mean": -39.68184280395508
    },
    {
      "high_freq": 392.3793640136719,
      "loudness": -23.982221603393555,
      "loudness_range": 20.408275604248047,
      "low_freq": 148.1999969482422,
      "mid_mean": -20.617921829223633,
      "mid_to_side_loudness": -8.312167167663574,
      "mid_to_side_loudness_range": 17.595945358276367,
      "side_mean": -30.20441436767578
    },
    {
      "high_freq": 794.6976318359375,
      "loudness": -27.292804718017578,
      "loudness_range": 23.120283126831055,
      "low_freq": 392.3793640136719,
      "mid_mean": -24.66127586364746,
      "mid_to_side_loudness": -6.040643692016602,
      "mid_to_side_loudness_range": 16.79379653930664,
      "side_mean": -31.64499855041504
    },
    {
      "high_freq": 1457.5709228515625,
      "loudness": -31.271141052246094,
      "loudness_range": 21.872819900512695,
      "low_freq": 794.6976318359375,
      "mid_mean": -28.82621955871582,
      "mid_to_side_loudness": -5.989883899688721,
      "mid_to_side_loudness_range": 13.924904823303223,
      "side_mean": -35.23434066772461
    },
    {
      "high_freq": 2549.74365234375,
      "loudness": -32.23289489746094,
      "loudness_range": 21.9565486907959,
      "low_freq": 1457.5709228515625,
      "mid_mean": -29.898157119750977,
      "mid_to_side_loudness": -4.436768531799316,
      "mid_to_side_loudness_range": 11.132216453552246,
      "side_mean": -35.128456115722656
    },
    {
      "high_freq": 4349.24462890625,
      "loudness": -31.192174911499023,
      "loudness_range": 22.4157772064209,
      "low_freq": 2549.74365234375,
      "mid_mean": -28.805744171142578,
      "mid_to_side_loudness": -4.491478443145752,
      "mid_to_side_loudness_range": 10.294829368591309,
      "side_mean": -34.08854293823242
    },
    {
      "high_freq": 7314.1640625,
      "loudness": -36.5595703125,
      "loudness_range": 23.667081832885742,
      "low_freq": 4349.24462890625,
      "mid_mean": -34.19924545288086,
      "mid_to_side_loudness": -4.597188949584961,
      "mid_to_side_loudness_range": 9.30534839630127,
      "side_mean": -39.81709671020508
    },
    {
      "high_freq": 12199.2666015625,
      "loudness": -39.56557846069336,
      "loudness_range": 24.909393310546875,
      "low_freq": 7314.1640625,
      "mid_mean": -37.37998962402344,
      "mid_to_side_loudness": -4.150733947753906,
      "mid_to_side_loudness_range": 9.552905082702637,
      "side_mean": -42.557193756103516
    },
    {
      "loudness": -47.84041976928711,
      "loudness_range": 27.966259002685547,
      "low_freq": 12199.2666015625,
      "mid_mean": -46.54905319213867,
      "mid_to_side_loudness": -1.7210289239883423,
      "mid_to_side_loudness_range": 8.399620056152344,
      "side_mean": -48.28220748901367
    }
  ],
  "channels": 2,
  "covariance": [
    [
      39.044525146484375,
      23.70920753479004,
      21.028148651123047,
      12.996790885925293,
      19.591222763061523,
      11.051004409790039,
      17.326555252075195,
      11.741950988769531,
      20.232812881469727,
      13.315825462341309,
      22.150545120239258,
      17.365312576293945,
      20.743389129638672,
      19.333251953125,
      19.27448844909668,
      18.573440551757812,
      25.58892059326172,
      20.623455047607422
    ],
    [
      23.70920753479004,
      45.78641891479492,
      32.614723205566406,
      22.71078109741211,
      27.90862274169922,
      21.145366668701172,
      28.341392517089844,
      22.040863037109375,
      26.944326400756836,
      25.554079055786133,
      25.607908248901367,
      24.326515197753906,
      19.861589431762695,
      21.46124267578125,
      16.05819320678711,
      15.467198371887207,
      35.30876541137695,
      28.65321922302246
    ],
    [
      21.028148651123047,
      32.614723205566406,
      52.06169509887695,
      28.160598754882812,
      33.46122741699219,
      19.058650970458984,
      32.74723434448242,
      23.555862426757812,
      32.59324264526367,
      28.42446517944336,
      31.84299659729004,
      27.144445419311523,
      25.16319465637207,
      26.994443893432617,
      19.831884384155273,
      20.966447830200195,
      46.388675689697266,
      37.37991714477539
    ],
    [
      12.996790885925293,
      22.71078109741211,
      28.160598754882812,
      29.440624237060547,
      23.334346771240234,
      20.11553955078125,
      22.59856605529785,
      20.22802734375,
      21.170753479003906,
      22.13279914855957,
      19.5799617767334,
      19.58820915222168,
      14.999615669250488,
      17.66219711303711,
      10.74191665649414,
      11.289278030395508,
      29.32578468322754,
      24.76083755493164
    ],
    [
      19.591222763061523,
      27.90862274169922,
      33.46122741699219,
      23.334346771240234,
      62.02497482299805,
      33.739925384521484,
      41.988258361816406,
      25.125240325927734,
      35.68196105957031,
      28.173267364501953,
      35.84923553466797,
      29.261247634887695,
      26.374555587768555,
      26.71739959716797,
      22.690542221069336,
      19.857065200805664,
      37.21092224121094,
      29.52145767211914
    ],
    [
      11.051004409790039,
      21.145366668701172,
      19.058650970458984,
      20.11553955078125,
      33.739925384521484,
      37.83754348754883,
      23.56327247619629,
      22.526697158813477,
      17.280864715576172,
      20.486377716064453,
      13.410395622253418,
      15.230216026306152,
      5.84360933303833,
      8.555011749267578,
      4.714548587799072,
      4.225800037384033,
      19.338157653808594,
      16.405242919921875
    ],
    [
      17.326555252075195,
      28.341392517089844,
      32.74723434448242,
      22.59856605529785,
      41.988258361816406,
      23.56327247619629,
      56.81509017944336,
      34.72511672973633,
      39.555389404296875,
      34.238929748535156,
      38.78689193725586,
      34.99318313598633,
      35.320045471191406,
      35.53845977783203,
      29.23529052734375,
      26.764114379882812,
      46.0482177734375,
      37.51459503173828
    ],
    [
      11.741950988769531,
      22.040863037109375,
      23.555862426757812,
      20.22802734375,
      25.125240325927734,
      22.526697158813477,
      34.72511672973633,
      34.8719596862793,
      26.631717681884766,
      28.675148010253906,
      23.422439575195312,
      25.551965713500977,
      19.645954132080078,
      23.056846618652344,
      14.597744941711426,
      15.387588500976562,
      32.58893966674805,
      28.185564041137695
    ],
    [
      20.232812881469727,
      26.944326400756836,
      32.59324264526367,
      21.170753479003906,
      35.68196105957031,
      17.280864715576172,
      39.555389404296875,
      26.631717681884766,
      55.758392333984375,
      38.42643356323242,
      49.02592086791992,
      41.73013687133789,
      40.834957122802734,
      41.04172897338867,
      32.973358154296875,
      28.641616821289062,
      44.895606994628906,
      35.47891616821289
    ],
    [
      13.315825462341309,
      25.554079055786133,
      28.42446517944336,
      22.13279914855957,
      28.173267364501953,
      20.486377716064453,
      34.238929748535156,
      28.675148010253906,
      38.42643356323242,
      40.85601043701172,
      33.65034103393555,
      35.34333419799805,
      26.952701568603516,
      30.439699172973633,
      20.661834716796875,
      19.53923797607422,
      38.11540222167969,
      31.808319091796875
    ],
    [
      22.150545120239258,
      25.607908248901367,
      31.84299659729004,
      19.5799617767334,
      35.84923553466797,
      13.410395622253418,
      38.78689193725586,
      23.422439575195312,
      49.02592086791992,
      33.65034103393555,
      61.951988220214844,
      46.87763595581055,
      51.330482482910156,
      50.4736442565918,
      41.730224609375,
      37.53130340576172,
      49.511173248291016,
      39.24769592285156
    ],
    [
      17.365312576293945,
      24.326515197753906,
      27.144445419311523,
      19.58820915222168,
      29.261247634887695,
      15.230216026306152,
      34.99318313598633,
      25.551965713500977,
      41.73013687133789,
      35.34333419799805,
      46.87763595581055,
      48.03384780883789,
      38.91708755493164,
      43.064388275146484,
      29.904634475708008,
      29.37160873413086,
      42.59295654296875,
      36.13356399536133
    ],
    [
      20.743389129638672,
      19.861589431762695,
      25.16319465637207,
      14.999615669250488,
      26.374555587768555,
      5.84360933303833,
      35.320045471191406,
      19.645954132080078,
      40.834957122802734,
      26.952701568603516,
      51.330482482910156,
      38.91708755493164,
      65.0839614868164,
      51.57481002807617,
      52.87742614746094,
      48.276004791259766,
      50.602630615234375,
      40.56016159057617
    ],
    [
      19.333251953125,
      21.46124267578125,
      26.994443893432617,
      17.66219711303711,
      26.71739959716797,
      8.555011749267578,
      35.53845977783203,
      23.056846618652344,
      41.04172897338867,
      30.439699172973633,
      50.4736442565918,
      43.064388275146484,
      51.57481002807617,
      57.204593658447266,
      40.64546203613281,
      41.964500427246094,
      50.05324172973633,
      43.2446403503418
    ],
    [
      19.27448844909668,
      16.05819320678711,
      19.831884384155273,
      10.74191665649414,
      22.690542221069336,
      4.714548587799072,
      29.23529052734375,
      14.597744941711426,
      32.973358154296875,
      20.661834716796875,
      41.730224609375,
      29.904634475708008,
      52.87742614746094,
      40.64546203613281,
      63.4479866027832,
      49.644195556640625,
      49.995445251464844,
      37.90950393676758
    ],
    [
      18.573440551757812,
      15.467198371887207,
      20.966447830200195,
      11.289278030395508,
      19.857065200805664,
      4.225800037384033,
      26.764114379882812,
      15.387588500976562,
      28.641616821289062,
      19.53923797607422,
      37.53130340576172,
      29.37160873413086,
      48.276004791259766,
      41.964500427246094,
      49.644195556640625,
      52.85377502441406,
      48.63341522216797,
      41.820072174072266
    ],
    [
      25.58892059326172,
      35.30876541137695,
      46.388675689697266,
      29.32578468322754,
      37.21092224121094,
      19.338157653808594,
      46.0482177734375,
      32.58893966674805,
      44.895606994628906,
      38.11540222167969,
      49.511173248291016,
      42.59295654296875,
      50.602630615234375,
      50.05324172973633,
      49.995445251464844,
      48.63341522216797,
      83.806884765625,
      67.22958374023438
    ],
    [
      20.623455047607422,
      28.65321922302246,
      37.37991714477539,
      24.76083755493164,
      29.52145767211914,
      16.405242919921875,
      37.51459503173828,
      28.185564041137695,
      35.47891616821289,
      31.808319091796875,
      39.24769592285156,
      36.13356399536133,
      40.56016159057617,
      43.2446403503418,
      37.90950393676758,
      41.820072174072266,
      67.22958374023438,
      59.406700134277344
    ]
  ],
  "covariance_short": [
    [
      41.80805206298828,
      22.680126190185547,
      22.152080535888672,
      12.307806015014648,
      17.812747955322266,
      11.214960098266602,
      15.665266990661621,
      11.39078426361084,
      19.02864646911621,
      12.966322898864746,
      19.633689880371094,
      15.641459465026855,
      18.43648338317871,
      18.118486404418945,
      18.19661521911621,
      18.979347229003906,
      21.58643913269043,
      17.705312728881836
    ],
    [
      22.680126190185547,
      52.63508605957031,
      30.779266357421875,
      21.28246307373047,
      26.0162296295166,
      20.59697151184082,
      24.56695556640625,
      19.208402633666992,
      25.78640365600586,
      23.229576110839844,
      24.393016815185547,
      22.318204879760742,
      21.075153350830078,
      21.927963256835938,
      16.868118286132812,
      20.57308578491211,
      31.11435317993164,
      25.505538940429688
    ],
    [
      22.152080535888672,
      30.779266357421875,
      53.88690185546875,
      27.05023765563965,
      33.09223175048828,
      19.43203353881836,
      30.467561721801758,
      21.38449478149414,
      32.129024505615234,
      27.92645263671875,
      31.36270523071289,
      27.310623168945312,
      25.699748992919922,
      27.937999725341797,
      20.26471710205078,
      26.535228729248047,
      42.37684631347656,
      34.11933517456055
    ],
    [
      12.307806015014648,
      21.28246307373047,
      27.05023765563965,
      33.65270233154297,
      24.24036407470703,
      21.29448127746582,
      22.627456665039062,
      20.790592193603516,
      21.646751403808594,
      22.538606643676758,
      19.57486915588379,
      19.71540069580078,
      14.738529205322266,
      18.392728805541992,
      11.434128761291504,
      14.5374174118042,
      28.350976943969727,
      23.654434204101562
    ],
    [
      17.812747955322266,
      26.0162296295166,
      33.09223175048828,
      24.24036407470703,
      67.59431457519531,
      35.711265563964844,
      42.4861946105957,
      25.48810386657715,
      36.44758224487305,
      28.68063735961914,
      35.894588470458984,
      29.32423210144043,
      26.77129364013672,
      27.0903377532959,
      24.313005447387695,
      24.212627410888672,
      36.36474609375,
      28.081697463989258
    ],
    [
      11.214960098266602,
      20.59697151184082,
      19.43203353881836,
      21.29448127746582,
      35.711265563964844,
      42.33191680908203,
      24.99680519104004,
      23.056455612182617,
      18.432527542114258,
      20.91010284423828,
      14.647879600524902,
      15.511979103088379,
      7.509149551391602,
      9.885141372680664,
      7.1587982177734375,
      7.495046615600586,
      19.08097267150879,
      15.804022789001465
    ],
    [
      15.665266990661621,
      24.56695556640625,
      30.467561721801758,
      22.627456665039062,
      42.4861946105957,
      24.99680519104004,
      62.000343322753906,
      34.96649169921875,
      41.20717239379883,
      34.43724822998047,
      40.079322814941406,
      34.4460563659668,
      37.619712829589844,
      36.41178894042969,
      33.973148345947266,
      32.9263916015625,
      44.545166015625,
      34.71406173706055
    ],
    [
      11.39078426361084,
      19.208402633666992,
      21.38449478149414,
      20.790592193603516,
      25.48810386657715,
      23.056455612182617,
      34.96649169921875,
      37.65085220336914,
      26.754087448120117,
      28.766210556030273,
      23.33132553100586,
      25.181594848632812,
      20.53943634033203,
      24.251541137695312,
      17.38764190673828,
      20.538372039794922,
      30.408607482910156,
      26.119129180908203
    ],
    [
      19.02864646911621,
      25.78640365600586,
      32.129024505615234,
      21.646751403808594,
      36.44758224487305,
      18.432527542114258,
      41.20717239379883,
      26.754087448120117,
      59.73634719848633,
      40.01420974731445,
      50.48416519165039,
      42.06710433959961,
      44.10560989379883,
      43.704612731933594,
      38.04721450805664,
      37.24925231933594,
      45.585655212402344,
      35.06356430053711
    ],
    [
      12.966322898864746,
      23.229576110839844,
      27.92645263671875,
      22.538606643676758,
      28.68063735961914,
      20.91010284423828,
      34.43724822998047,
      28.766210556030273,
      40.01420974731445,
      43.989688873291016,
      34.871822357177734,
      35.991188049316406,
      29.537378311157227,
      33.586185455322266,
      24.628950119018555,
      27.4025821685791,
      38.412879943847656,
      32.025936126708984
    ],
    [
      19.633689880371094,
      24.393016815185547,
      31.36270523071289,
      19.57486915588379,
      35.894588470458984,
      14.647879600524902,
      40.079322814941406,
      23.33132553100586,
      50.48416519165039,
      34.871822357177734,
      64.51618957519531,
      47.01274871826172,
      53.685890197753906,
      51.703758239746094,
      45.87664031982422,
      45.191410064697266,
      50.144535064697266,
      38.88068389892578
    ],
    [
      15.641459465026855,
      22.318204879760742,
      27.310623168945312,
      19.71540069580078,
      29.32423210144043,
      15.511979103088379,
      34.4460563659668,
      25.181594848632812,
      42.06710433959961,
      35.991188049316406,
      47.01274871826172,
      49.925777435302734,
      40.26837921142578,
      45.35641098022461,
      32.85780715942383,
      37.32122039794922,
      42.92167282104492,
      36.6839714050293
    ],
    [
      18.43648338317871,
      21.075153350830078,
      25.699748992919922,
      14.738529205322266,
      26.77129364013672,
      7.509149551391602,
      37.619712829589844,
      20.53943634033203,
      44.10560989379883,
      29.537378311157227,
      53.685890197753906,
      40.26837921142578,
      72.34426879882812,
      56.75602340698242,
      61.315704345703125,
      58.59286880493164,
      56.113826751708984,
      43.72114181518555
    ],
    [
      18.118486404418945,
      21.927963256835938,
      27.937999725341797,
      18.392728805541992,
      27.0903377532959,
      9.885141372680664,
      36.41178894042969,
      24.251541137695312,
      43.704612731933594,
      33.586185455322266,
      51.703758239746094,
      45.35641098022461,
      56.75602340698242,
      63.90910339355469,
      47.40046310424805,
      54.64751434326172,
      53.53672409057617,
      46.33363723754883
    ],
    [
      18.19661521911621,
      16.868118286132812,
      20.26471710205078,
      11.434128761291504,
      24.313005447387695,
      7.1587982177734375,
      33.973148345947266,
      17.38764190673828,
      38.04721450805664,
      24.628950119018555,
      45.87664031982422,
      32.85780715942383,
      61.315704345703125,
      47.40046310424805,
      79.00232696533203,
      61.896549224853516,
      62.10137939453125,
      45.30411911010742
    ],
    [
      18.979347229003906,
      20.57308578491211,
      26.535228729248047,
      14.5374174118042,
      24.212627410888672,
      7.495046615600586,
      32.9263916015625,
      20.538372039794922,
      37.24925231933594,
      27.4025821685791,
      45.191410064697266,
      37.32122039794922,
      58.59286880493164,
      54.64751434326172,
      61.896549224853516,
      72.75287628173828,
      62.30105972290039,
      53.27931594848633
    ],
    [
      21.58643913269043,
      31.11435317993164,
      42.37684631347656,
      28.350976943969727,
      36.36474609375,
      19.08097267150879,
      44.545166015625,
      30.408607482910156,
      45.585655212402344,
      38.412879943847656,
      50.144535064697266,
      42.92167282104492,
      56.113826751708984,
      53.53672409057617,
      62.10137939453125,
      62.30105972290039,
      87.49932861328125,
      68.2988052368164
    ],
    [
      17.705312728881836,
      25.505538940429688,
      34.11933517456055,
      23.654434204101562,
      28.081697463989258,
      15.804022789001465,
      34.71406173706055,
      26.119129180908203,
      35.06356430053711,
      32.025936126708984,
      38.88068389892578,
      36.6839714050293,
      43.72114181518555,
      46.33363723754883,
      45.30411911010742,
      53.27931594848633,
      68.2988052368164,
      61.49687576293945
    ]
  ],
  "drr": 11.562045097351074,
  "dynamics": 4.3217363357543945,
  "format": 1245190,
  "frames": 11528192,
  "loudness": -13.820241928100586,
  "loudness_range": 17.495067596435547,
  "loudness_range_short": 18.0662841796875,
  "peak": -0.35616442561149597,
  "rms": -15.258504867553711,
  "sample_rate": 44100,
  "sections": 1,
  "seekable": 1,
  "sharpness": 1.8240418434143066,
  "space": -8.552261352539062
}