{
  "bands": [
    {
      "high_freq": 148.1999969482422,
      "loudness": -20.728134155273438,
      "loudness_range": 17.69165802001953,
      "mid_mean": -18.887277603149414,
      "mid_to_side_loudness": -15.785284996032715,
      "mid_to_side_loudness_range": 25.49107551574707,
      "side_mean": -31.795272827148438
    },
    {
      "high_freq": 392.3793640136719,
      "loudness": -23.018390655517578,
      "loudness_range": 18.83720588684082,
      "low_freq": 148.1999969482422,
      "mid_mean": -20.74931526184082,
      "mid_to_side_loudness": -6.309589862823486,
      "mid_to_side_loudness_range": 13.871919631958008,
      "side_mean": -26.202667236328125
    },
    {
      "high_freq": 794.6976318359375,
      "loudness": -27.814924240112305,
      "loudness_range": 23.551511764526367,
      "low_freq": 392.3793640136719,
      "mid_mean": -25.229299545288086,
      "mid_to_side_loudness": -7.651350021362305,
      "mid_to_side_loudness_range": 14.546218872070312,
      "side_mean": -29.558818817138672
    },
    {
      "high_freq": 1457.5709228515625,
      "loudness": -26.828866958618164,
      "loudness_range": 20.731693267822266,
      "low_freq": 794.6976318359375,
      "mid_mean": -24.421472549438477,
      "mid_to_side_loudness": -7.7525787353515625,
      "mid_to_side_loudness_range": 11.793633460998535,
      "side_mean": -30.641191482543945
    },
    {
      "high_freq": 2549.74365234375,
      "loudness": -26.405366897583008,
      "loudness_range": 15.484504699707031,
      "low_freq": 1457.5709228515625,
      "mid_mean": -23.820890426635742,
      "mid_to_side_loudness": -7.98965311050415,
      "mid_to_side_loudness_range": 10.38638687133789,
      "side_mean": -30.469579696655273
    },
    {
      "high_freq": 4349.24462890625,
      "loudness": -29.29534912109375,
      "loudness_range": 11.765251159667969,
      "low_freq": 2549.74365234375,
      "mid_mean": -26.37752342224121,
      "mid_to_side_loudness": -8.521174430847168,
      "mid_to_side_loudness_range": 11.46552848815918,
      "side_mean": -34.258705139160156
    },
    {
      "high_freq": 7314.1640625,
      "loudness": -30.622718811035156,
      "loudness_range": 15.918195724487305,
      "low_freq": 4349.24462890625,
      "mid_mean": -27.95255470275879,
      "mid_to_side_loudness": -7.928349494934082,
      "mid_to_side_loudness_range": 15.5523042678833,
      "side_mean": -36.10124588012695
    },
    {
      "high_freq": 12199.2666015625,
      "loudness": -27.99796485900879,
      "loudness_range": 14.860174179077148,
      "low_freq": 7314.1640625,
      "mid_mean": -24.8305606842041,
      "mid_to_side_loudness": -11.363645553588867,
      "mid_to_side_loudness_range": 18.174537658691406,
      "side_mean": -36.56583023071289
    },
    {
      "loudness": -40.68631362915039,
      "loudness_range": 18.08463478088379,
      "low_freq": 12199.2666015625,
      "mid_mean": -37.90201950073242,
      "mid_to_side_loudness": -10.828457832336426,
      "mid_to_side_loudness_range": 19.57529067993164,
      "side_mean": -50.245269775390625
    }
  ],
  "bands_short": [
    {
      "high_freq": 148.1999969482422,
      "loudness": -25.13397979736328,
      "loudness_range": 20.80438804626465,
      "mid_mean": -22.298582077026367,
      "mid_to_side_loudness": -14.169045448303223,
      "mid_to_side_loudness_range": 25.009973526000977,
      "side_mean": -36.98407745361328
    },
    {
      "high_freq": 392.3793640136719,
      "loudness": -21.325544357299805,
      "loudness_range": 20.137916564941406,
      "low_freq": 148.1999969482422,
      "mid_mean": -18.78233528137207,
      "mid_to_side_loudness": -8.230409622192383,
      "mid_to_side_loudness_range": 18.07219886779785,
      "side_mean": -26.199522018432617
    },
    {
      "high_freq": 794.6976318359375,
      "loudness": -27.894620895385742,
      "loudness_range": 23.977672576904297,
      "low_freq": 392.3793640136719,
      "mid_mean": -25.83761215209961,
      "mid_to_side_loudness": -7.685553550720215,
      "mid_to_side_loudness_range": 17.611339569091797,
      "side_mean": -29.822134017944336
    },
    {
      "high_freq": 1457.5709228515625,
      "loudness": -27.573339462280273,
      "loudness_range": 25.072538375854492,
      "low_freq": 794.6976318359375,
      "mid_mean": -25.238624572753906,
      "mid_to_side_loudness": -7.821682453155518,
      "mid_to_side_loudness_range": 16.255081176757812,
      "side_mean": -29.93018341064453
    },
    {
      "high_freq": 2549.74365234375,
      "loudness": -27.993066787719727,
      "loudness_range": 23.494421005249023,
      "low_freq": 1457.5709228515625,
      "mid_mean": -25.671913146972656,
      "mid_to_side_loudness": -7.841184139251709,
      "mid_to_side_loudness_range": 14.30692195892334,
      "side_mean": -31.252809524536133
    },
    {
      "high_freq": 4349.24462890625,
      "loudness": -31.90234375,
      "loudness_range": 23.900714874267578,
      "low_freq": 2549.74365234375,
      "mid_mean": -29.26383399963379,
      "mid_to_side_loudness": -8.103750228881836,
      "mid_to_side_loudness_range": 14.915751457214355,
      "side_mean": -35.44035339355469
    },
    {
      "high_freq": 7314.1640625,
      "loudness": -34.34613037109375,
      "loudness_range": 26.88125228881836,
      "low_freq": 4349.24462890625,
      "mid_mean": -31.804067611694336,
      "mid_to_side_loudness": -7.498311519622803,
      "mid_to_side_loudness_range": 18.620330810546875,
      "side_mean": -38.917724609375
    },
    {
      "high_freq": 12199.2666015625,
      "loudness": -30.482147216796875,
      "loudness_range": 23.3066349029541,
      "low_freq": 7314.1640625,
      "mid_mean": -27.579130172729492,
      "mid_to_side_loudness": -10.5400972366333,
      "mid_to_side_loudness_range": 19.170970916748047,
      "side_mean": -38.63397216796875
    },
    {
      "loudness": -44.30756759643555,
      "loudness_range": 24.921348571777344,
      "low_freq": 12199.2666015625,
      "mid_mean": -41.83616256713867,
      "mid_to_side_loudness": -9.074331283569336,
      "mid_to_side_loudness_range": 20.2976016998291,
      "side_mean": -53.89596939086914
    }
  ],
  "channels": 2,
  "covariance": [
    [
      84.85614013671875,
      19.036834716796875,
      32.82830810546875,
      36.053321838378906,
      49.58488845825195,
      31.63994026184082,
      44.089210510253906,
      44.6871337890625,
      28.93681526184082,
      31.25191879272461,
      18.74744987487793,
      28.031679153442383,
      22.826406478881836,
      33.122013092041016,
      27.468412399291992,
      47.32307815551758,
      30.67702865600586,
      37.354251861572266
    ],
    [
      19.036834716796875,
      52.48459243774414,
      19.006860733032227,
      37.81049346923828,
      17.742942810058594,
      19.98041343688965,
      20.702957153320312,
      18.178813934326172,
      9.458178520202637,
      11.466105461120605,
      6.752246856689453,
      12.23814582824707,
      6.99689245223999,
      19.204479217529297,
      12.562443733215332,
      23.039634704589844,
      15.136419296264648,
      25.5896053314209
    ],
    [
      32.82830810546875,
      19.006860733032227,
      40.694801330566406,
      44.19346237182617,
      36.71070098876953,
      30.17506980895996,
      34.37791442871094,
      35.44501876831055,
      26.47479820251465,
      25.364526748657227,
      20.08704948425293,
      23.300457000732422,
      20.96603012084961,
      27.329360961914062,
      24.522964477539062,
      33.980831146240234,
      23.491777420043945,
      40.81736373901367
    ],
    [
      36.053321838378906,
      37.81049346923828,
      44.19346237182617,
      74.3204345703125,
      41.766143798828125,
      42.51628494262695,
      40.3680419921875,
      44.78993225097656,
      26.256771087646484,
      30.17514991760254,
      21.29641342163086,
      29.99762725830078,
      22.65311622619629,
      38.40303039550781,
      29.19226837158203,
      44.7750244140625,
      28.672025680541992,
      55.05113220214844
    ],
    [
      49.58488845825195,
      17.742942810058594,
      36.71070098876953,
      41.766143798828125,
      61.10566711425781,
      38.23397445678711,
      47.70394515991211,
      44.95267868041992,
      33.84809875488281,
      32.933380126953125,
      24.124366760253906,
      30.032798767089844,
      24.552297592163086,
      35.35269546508789,
      34.09777069091797,
      46.6756591796875,
      32.250858306884766,
      42.23894500732422
    ],
    [
      31.63994026184082,
      19.98041343688965,
      30.17506980895996,
      42.51628494262695,
      38.23397445678711,
      57.3470573425293,
      35.08311462402344,
      36.47154235839844,
      23.543643951416016,
      25.379201889038086,
      16.522159576416016,
      24.49784278869629,
      16.7315731048584,
      26.847455978393555,
      23.709190368652344,
      34.112918853759766,
      23.140220642089844,
      33.19559097290039
    ],
    [
      44.089210510253906,
      20.702957153320312,
      34.37791442871094,
      40.3680419921875,
      47.70394515991211,
      35.08311462402344,
      55.5284423828125,
      42.72878646850586,
      34.399192810058594,
      28.625703811645508,
      21.34982681274414,
      24.62786865234375,
      21.766864776611328,
      31.632368087768555,
      30.568418502807617,
      41.560264587402344,
      30.398832321166992,
      38.979251861572266
    ],
    [
      44.6871337890625,
      18.178813934326172,
      35.44501876831055,
      44.78993225097656,
      44.95267868041992,
      36.47154235839844,
      42.72878646850586,
      57.61200714111328,
      29.972450256347656,
      34.780975341796875,
      20.479448318481445,
      30.13648796081543,
      22.181852340698242,
      33.74760818481445,
      27.19562530517578,
      43.342960357666016,
      28.625398635864258,
      45.42530059814453
    ],
    [
      28.93681526184082,
      9.458178520202637,
      26.47479820251465,
      26.256771087646484,
      33.84809875488281,
      23.543643951416016,
      34.399192810058594,
      29.972450256347656,
      38.70127868652344,
      27.292131423950195,
      22.549375534057617,
      22.860137939453125,
      20.898197174072266,
      24.74410629272461,
      23.195449829101562,
      27.74583625793457,
      24.61136817932129,
      35.851768493652344
    ],
    [
      31.25191879272461,
      11.466105461120605,
      25.364526748657227,
      30.17514991760254,
      32.933380126953125,
      25.379201889038086,
      28.625703811645508,
      34.780975341796875,
      27.292131423950195,
      35.43094253540039,
      17.75601577758789,
      27.55908203125,
      18.337554931640625,
      27.65440559387207,
      20.695068359375,
      32.507080078125,
      21.59991455078125,
      36.49529266357422
    ],
    [
      18.74744987487793,
      6.752246856689453,
      20.08704948425293,
      21.29641342163086,
      24.124366760253906,
      16.522159576416016,
      21.34982681274414,
      20.479448318481445,
      22.549375534057617,
      17.75601577758789,
      24.155183792114258,
      19.19703483581543,
      24.630138397216797,
      21.348552703857422,
      22.07396697998047,
      22.350265502929688,
      21.1342830657959,
      28.652467727661133
    ],
    [
      28.031679153442383,
      12.23814582824707,
      23.300457000732422,
      29.99762725830078,
      30.032798767089844,
      24.49784278869629,
      24.62786865234375,
      30.13648796081543,
      22.860137939453125,
      27.55908203125,
      19.19703483581543,
      34.49663543701172,
      20.782604217529297,
      33.34156799316406,
      19.319461822509766,
      32.08504104614258,
      18.756315231323242,
      37.542724609375
    ],
    [
      22.826406478881836,
      6.99689245223999,
      20.96603012084961,
      22.65311622619629,
      24.552297592163086,
      16.7315731048584,
      21.766864776611328,
      22.181852340698242,
      20.898197174072266,
      18.337554931640625,
      24.630138397216797,
      20.782604217529297,
      36.903079986572266,
      32.80859375,
      25.510025024414062,
      29.00389289855957,
      23.72515296936035,
      30.193313598632812
    ],
    [
      33.122013092041016,
      19.204479217529297,
      27.329360961914062,
      38.40303039550781,
      35.35269546508789,
      26.847455978393555,
      31.632368087768555,
      33.74760818481445,
      24.74410629272461,
      27.65440559387207,
      21.348552703857422,
      33.34156799316406,
      32.80859375,
      59.3321533203125,
      25.461532592773438,
      43.23596954345703,
      24.715320587158203,
      47.86183547973633
    ],
    [
      27.468412399291992,
      12.562443733215332,
      24.522964477539062,
      29.19226837158203,
      34.09777069091797,
      23.709190368652344,
      30.568418502807617,
      27.19562530517578,
      23.195449829101562,
      20.695068359375,
      22.07396697998047,
      19.319461822509766,
      25.510025024414062,
      25.461532592773438,
      45.58848190307617,
      41.17048263549805,
      29.844886779785156,
      31.31066131591797
    ],
    [
      47.32307815551758,
      23.039634704589844,
      33.980831146240234,
      44.7750244140625,
      46.6756591796875,
      34.112918853759766,
      41.560264587402344,
      43.342960357666016,
      27.74583625793457,
      32.507080078125,
      22.350265502929688,
      32.08504104614258,
      29.00389289855957,
      43.23596954345703,
      41.17048263549805,
      66.8969955444336,
      33.820068359375,
      45.79775619506836
    ],
    [
      30.67702865600586,
      15.136419296264648,
      23.491777420043945,
      28.672025680541992,
      32.250858306884766,
      23.140220642089844,
      30.398832321166992,
      28.625398635864258,
      24.61136817932129,
      21.59991455078125,
      21.1342830657959,
      18.756315231323242,
      23.72515296936035,
      24.715320587158203,
      29.844886779785156,
      33.820068359375,
      43.486167907714844,
      42.75285339355469
    ],
    [
      37.354251861572266,
      25.5896053314209,
      40.81736373901367,
      55.05113220214844,
      42.23894500732422,
      33.19559097290039,
      38.979251861572266,
      45.42530059814453,
      35.851768493652344,
      36.49529266357422,
      28.652467727661133,
      37.542724609375,
      30.193313598632812,
      47.86183547973633,
      31.31066131591797,
      45.79775619506836,
      42.75285339355469,
      107.75165557861328
    ]
  ],
  "covariance_short": [
    [
      72.62467193603516,
      18.99457359313965,
      13.878511428833008,
      13.318862915039062,
      19.594165802001953,
      8.877580642700195,
      22.038066864013672,
      14.7846097946167,
      9.53734302520752,
      5.537440299987793,
      8.616742134094238,
      5.147614002227783,
      11.393638610839844,
      20.66008949279785,
      19.406455993652344,
      21.612010955810547,
      11.2535400390625,
      3.408350706100464
    ],
    [
      18.99457359313965,
      43.69855880737305,
      10.004664421081543,
      24.419050216674805,
      9.94298267364502,
      10.272275924682617,
      13.597969055175781,
      14.336003303527832,
      6.633601188659668,
      8.974424362182617,
      7.482349872589111,
      9.727126121520996,
      9.98802661895752,
      20.7921142578125,
      12.49043083190918,
      15.882463455200195,
      7.367737770080566,
      11.461644172668457
    ],
    [
      13.878511428833008,
      10.004664421081543,
      52.97599792480469,
      46.14227294921875,
      43.22216796875,
      28.751981735229492,
      43.734764099121094,
      30.72814178466797,
      40.352638244628906,
      29.51373291015625,
      35.017940521240234,
      24.743776321411133,
      34.45061492919922,
      36.646976470947266,
      25.995576858520508,
      31.160484313964844,
      14.854002952575684,
      35.24373245239258
    ],
    [
      13.318862915039062,
      24.419050216674805,
      46.14227294921875,
      79.51846313476562,
      41.6363525390625,
      37.711795806884766,
      44.60624313354492,
      39.37773132324219,
      34.87130355834961,
      30.426721572875977,
      33.57735061645508,
      30.263193130493164,
      36.63087844848633,
      50.892887115478516,
      27.6890926361084,
      41.5909423828125,
      17.208412170410156,
      45.398197174072266
    ],
    [
      19.594165802001953,
      9.94298267364502,
      43.22216796875,
      41.6363525390625,
      66.50010681152344,
      31.676395416259766,
      53.870506286621094,
      33.56965255737305,
      47.164947509765625,
      32.85773849487305,
      40.35778045654297,
      28.05817413330078,
      40.00544738769531,
      40.36173629760742,
      30.63897705078125,
      35.27363967895508,
      20.39653205871582,
      37.70636749267578
    ],
    [
      8.877580642700195,
      10.272275924682617,
      28.751981735229492,
      37.711795806884766,
      31.676395416259766,
      51.96411895751953,
      30.64994239807129,
      33.09261703491211,
      24.525318145751953,
      23.457691192626953,
      20.226177215576172,
      18.710634231567383,
      19.654102325439453,
      28.631668090820312,
      17.311553955078125,
      20.57760238647461,
      12.274274826049805,
      21.331249237060547
    ],
    [
      22.038066864013672,
      13.597969055175781,
      43.734764099121094,
      44.60624313354492,
      53.870506286621094,
      30.64994239807129,
      67.65240478515625,
      39.94882583618164,
      51.71227264404297,
      33.11350631713867,
      40.472808837890625,
      27.22530174255371,
      39.75259017944336,
      44.42626953125,
      31.7443790435791,
      37.847389221191406,
      22.456602096557617,
      38.110652923583984
    ],
    [
      14.7846097946167,
      14.336003303527832,
      30.72814178466797,
      39.37773132324219,
      33.56965255737305,
      33.09261703491211,
      39.94882583618164,
      54.027687072753906,
      26.44548797607422,
      29.608047485351562,
      21.851943969726562,
      24.19121551513672,
      22.156959533691406,
      39.06114959716797,
      24.74039077758789,
      31.354801177978516,
      14.57986831665039,
      24.137266159057617
    ],
    [
      9.53734302520752,
      6.633601188659668,
      40.352638244628906,
      34.87130355834961,
      47.164947509765625,
      24.525318145751953,
      51.71227264404297,
      26.44548797607422,
      66.79283142089844,
      38.26504135131836,
      48.5909309387207,
      31.14141082763672,
      45.62191390991211,
      33.5192985534668,
      23.560592651367188,
      29.884723663330078,
      23.490894317626953,
      45.52335739135742
    ],
    [
      5.537440299987793,
      8.974424362182617,
      29.51373291015625,
      30.426721572875977,
      32.85773849487305,
      23.457691192626953,
      33.11350631713867,
      29.608047485351562,
      38.26504135131836,
      51.59733581542969,
      33.72245407104492,
      38.31159973144531,
      33.264068603515625,
      37.92221450805664,
      19.167715072631836,
      30.501955032348633,
      18.19121742248535,
      38.12755584716797
    ],
    [
      8.616742134094238,
      7.482349872589111,
      35.017940521240234,
      33.57735061645508,
      40.35778045654297,
      20.226177215576172,
      40.472808837890625,
      21.851943969726562,
      48.5909309387207,
      33.72245407104492,
      61.8371467590332,
      37.31920623779297,
      60.8012809753418,
      40.594207763671875,
      29.173559188842773,
      34.138702392578125,
      32.86932373046875,
      49.25242614746094
    ],
    [
      5.147614002227783,
      9.727126121520996,
      24.743776321411133,
      30.263193130493164,
      28.05817413330078,
      18.710634231567383,
      27.22530174255371,
      24.19121551513672,
      31.14141082763672,
      38.31159973144531,
      37.31920623779297,
      53.15773010253906,
      38.6575927734375,
      47.94924545288086,
      21.093334197998047,
      34.66340637207031,
      21.979942321777344,
      41.17460250854492
    ],
    [
      11.393638610839844,
      9.98802661895752,
      34.45061492919922,
      36.63087844848633,
      40.00544738769531,
      19.654102325439453,
      39.75259017944336,
      22.156959533691406,
      45.62191390991211,
      33.264068603515625,
      60.8012809753418,
      38.6575927734375,
      87.696533203125,
      59.9255485534668,
      39.2548713684082,
      45.69036865234375,
      45.17914962768555,
      58.06275939941406
    ],
    [
      20.66008949279785,
      20.7921142578125,
      36.646976470947266,
      50.892887115478516,
      40.36173629760742,
      28.631668090820312,
      44.42626953125,
      39.06114959716797,
      33.5192985534668,
      37.92221450805664,
      40.594207763671875,
      47.94924545288086,
      59.9255485534668,
      99.19397735595703,
      44.08586120605469,
      60.57419967651367,
      34.15172576904297,
      50.84199523925781
    ],
    [
      19.406455993652344,
      12.49043083190918,
      25.995576858520508,
      27.6890926361084,
      30.63897705078125,
      17.311553955078125,
      31.7443790435791,
      24.74039077758789,
      23.560592651367188,
      19.167715072631836,
      29.173559188842773,
      21.093334197998047,
      39.2548713684082,
      44.08586120605469,
      82.59530639648438,
      62.198482513427734,
      45.59741973876953,
      29.353322982788086
    ],
    [
      21.612010955810547,
      15.882463455200195,
      31.160484313964844,
      41.5909423828125,
      35.27363967895508,
      20.57760238647461,
      37.847389221191406,
      31.354801177978516,
      29.884723663330078,
      30.501955032348633,
      34.138702392578125,
      34.66340637207031,
      45.69036865234375,
      60.57419967651367,
      62.198482513427734,
      88.7172622680664,
      34.338714599609375,
      48.418270111083984
    ],
    [
      11.2535400390625,
      7.367737770080566,
      14.854002952575684,
      17.208412170410156,
      20.39653205871582,
      12.274274826049805,
      22.456602096557617,
      14.57986831665039,
      23.490894317626953,
      18.19121742248535,
      32.86932373046875,
      21.979942321777344,
      45.17914962768555,
      34.15172576904297,
      45.59741973876953,
      34.338714599609375,
      81.16331481933594,
      49.4069709777832
    ],
    [
      3.408350706100464,
      11.461644172668457,
      35.24373245239258,
      45.398197174072266,
      37.70636749267578,
      21.331249237060547,
      38.110652923583984,
      24.137266159057617,
      45.52335739135742,
      38.12755584716797,
      49.25242614746094,
      41.17460250854492,
      58.06275939941406,
      50.84199523925781,
      29.353322982788086,
      48.418270111083984,
      49.4069709777832,
      103.94474029541016
    ]
  ],
  "drr": 11.314040184020996,
  "dynamics": 4.192819595336914,
  "format": 1245190,
  "frames": 5994496,
  "loudness": -11.255352020263672,
  "loudness_range": 17.70488739013672,
  "loudness_range_short": 19.915977478027344,
  "peak": 0.5422117710113525,
  "rms": -13.500470161437988,
  "sample_rate": 44100,
  "sections": 1,
  "seekable": 1,
  "sharpness": 1.6542637348175049,
  "space": -8.135115623474121
}