{
  "bands": [
    {
      "high_freq": 148.1999969482422,
      "loudness": -42.30085372924805,
      "loudness_range": 21.08172035217285,
      "mid_mean": -40.77927780151367,
      "mid_to_side_loudness": -2.667512893676758,
      "mid_to_side_loudness_range": 10.130319595336914,
      "side_mean": -43.47421646118164
    },
    {
      "high_freq": 392.3793640136719,
      "loudness": -33.72248458862305,
      "loudness_range": 18.48586654663086,
      "low_freq": 148.1999969482422,
      "mid_mean": -33.131351470947266,
      "mid_to_side_loudness": -0.9697726964950562,
      "mid_to_side_loudness_range": 12.378080368041992,
      "side_mean": -34.244903564453125
    },
    {
      "high_freq": 794.6976318359375,
      "loudness": -34.39799499511719,
      "loudness_range": 21.8181095123291,
      "low_freq": 392.3793640136719,
      "mid_mean": -32.68988800048828,
      "mid_to_side_loudness": -3.47196102142334,
      "mid_to_side_loudness_range": 13.61759090423584,
      "side_mean": -36.48186492919922
    },
    {
      "high_freq": 1457.5709228515625,
      "loudness": -31.913087844848633,
      "loudness_range": 25.239654541015625,
      "low_freq": 794.6976318359375,
      "mid_mean": -30.67323112487793,
      "mid_to_side_loudness": -2.189420700073242,
      "mid_to_side_loudness_range": 9.79151725769043,
      "side_mean": -33.098358154296875
    },
    {
      "high_freq": 2549.74365234375,
      "loudness": -34.04278564453125,
      "loudness_range": 24.162437438964844,
      "low_freq": 1457.5709228515625,
      "mid_mean": -32.662353515625,
      "mid_to_side_loudness": -2.4970455169677734,
      "mid_to_side_loudness_range": 10.140585899353027,
      "side_mean": -35.39697265625
    },
    {
      "high_freq": 4349.24462890625,
      "loudness": -37.798954010009766,
      "loudness_range": 24.129573822021484,
      "low_freq": 2549.74365234375,
      "mid_mean": -36.154335021972656,
      "mid_to_side_loudness": -2.92378568649292,
      "mid_to_side_loudness_range": 8.588725090026855,
      "side_mean": -39.27891159057617
    },
    {
      "high_freq": 7314.1640625,
      "loudness": -47.463890075683594,
      "loudness_range": 28.09952735900879,
      "low_freq": 4349.24462890625,
      "mid_mean": -46.06532669067383,
      "mid_to_side_loudness": -3.228388547897339,
      "mid_to_side_loudness_range": 8.24083137512207,
      "side_mean": -50.583709716796875
    },
    {
      "high_freq": 12199.2666015625,
      "loudness": -55.87544631958008,
      "loudness_range": 31.171459197998047,
      "low_freq": 7314.1640625,
      "mid_mean": -54.164161682128906,
      "mid_to_side_loudness": -2.67928409576416,
      "mid_to_side_loudness_range": 6.938762664794922,
      "side_mean": -56.4561882019043
    },
    {
      "loudness": -62.86896896362305,
      "loudness_range": 21.691390991210938,
      "low_freq": 12199.2666015625,
      "mid_mean": -60.545166015625,
      "mid_to_side_loudness": -1.7958110570907593,
      "mid_to_side_loudness_range": 6.433145523071289,
      "side_mean": -62.07914352416992
    }
  ],
  "bands_short": [
    {
      "high_freq": 148.1999969482422,
      "loudness": -43.05061721801758,
      "loudness_range": 20.125396728515625,
      "mid_mean": -41.9500617980957,
      "mid_to_side_loudness": -2.4234650135040283,
      "mid_to_side_loudness_range": 14.951508522033691,
      "side_mean": -44.38162612915039
    },
    {
      "high_freq": 392.3793640136719,
      "loudness": -34.711708068847656,
      "loudness_range": 20.15083122253418,
      "low_freq": 148.1999969482422,
      "mid_mean": -34.093177795410156,
      "mid_to_side_loudness": -1.2054414749145508,
      "mid_to_side_loudness_range": 13.67136001586914,
      "side_mean": -35.394371032714844
    },
    {
      "high_freq": 794.6976318359375,
      "loudness": -34.832027435302734,
      "loudness_range": 21.990705490112305,
      "low_freq": 392.3793640136719,
      "mid_mean": -33.35122299194336,
      "mid_to_side_loudness": -3.407933235168457,
      "mid_to_side_loudness_range": 16.53584861755371,
      "side_mean": -37.077186584472656
    },
    {
      "high_freq": 1457.5709228515625,
      "loudness": -31.588624954223633,
      "loudness_range": 24.728515625,
      "low_freq": 794.6976318359375,
      "mid_mean": -30.531803131103516,
      "mid_to_side_loudness": -2.1666371822357178,
      "mid_to_side_loudness_range": 12.98682689666748,
      "side_mean": -32.933128356933594
    },
    {
      "high_freq": 2549.74365234375,
      "loudness": -34.31614685058594,
      "loudness_range": 24.700401306152344,
      "low_freq": 1457.5709228515625,
      "mid_mean": -33.068702697753906,
      "mid_to_side_loudness": -2.5258219242095947,
      "mid_to_side_loudness_range": 12.631280899047852,
      "side_mean": -35.814247131347656
    },
    {
      "high_freq": 4349.24462890625,
      "loudness": -38.042686462402344,
      "loudness_range": 24.81159019470215,
      "low_freq": 2549.74365234375,
      "mid_mean": -36.54857635498047,
      "mid_to_side_loudness": -2.9193921089172363,
      "mid_to_side_loudness_range": 11.378252029418945,
      "side_mean": -39.720947265625
    },
    {
      "high_freq": 7314.1640625,
      "loudness": -47.7454719543457,
      "loudness_range": 29.270296096801758,
      "low_freq": 4349.24462890625,
      "mid_mean": -46.58210754394531,
      "mid_to_side_loudness": -3.175748825073242,
      "mid_to_side_loudness_range": 10.348896980285645,
      "side_mean": -50.926979064941406
    },
    {
      "high_freq": 12199.2666015625,
      "loudness": -56.22929382324219,
      "loudness_range": 31.491485595703125,
      "low_freq": 7314.1640625,
      "mid_mean": -54.567623138427734,
      "mid_to_side_loudness": -2.5849995613098145,
      "mid_to_side_loudness_range": 8.081765174865723,
      "side_mean": -56.77010726928711
    },
    {
      "loudness": -63.095970153808594,
      "loudness_range": 21.736572265625,
      "low_freq": 12199.2666015625,
      "mid_mean": -60.75505065917969,
      "mid_to_side_loudness": -1.725879430770874,
      "mid_to_side_loudness_range": 6.741779804229736,
      "side_mean": -62.218727111816406
    }
  ],
  "channels": 2,
  "covariance": [
    [
      59.264610290527344,
      52.16746139526367,
      38.64031219482422,
      24.515541076660156,
      39.954925537109375,
      33.370941162109375,
      24.15995216369629,
      30.633745193481445,
      36.17056655883789,
      43.65907669067383,
      25.646928787231445,
      35.1658821105957,
      21.765018463134766,
      37.91949462890625,
      12.93803596496582,
      19.93634033203125,
      14.547540664672852,
      18.994741439819336
    ],
    [
      52.16746139526367,
      58.28342819213867,
      38.29462814331055,
      25.324174880981445,
      39.27493667602539,
      33.950069427490234,
      19.473482131958008,
      25.07181167602539,
      31.339672088623047,
      38.58000183105469,
      24.01789665222168,
      34.190120697021484,
      19.545734405517578,
      35.30751037597656,
      11.458388328552246,
      19.086671829223633,
      12.899770736694336,
      17.610950469970703
    ],
    [
      38.64031219482422,
      38.29462814331055,
      53.88913345336914,
      37.92493438720703,
      34.15058517456055,
      33.34173583984375,
      24.085655212402344,
      29.096792221069336,
      32.05808639526367,
      39.577659606933594,
      20.448572158813477,
      31.975399017333984,
      11.194870948791504,
      27.153533935546875,
      3.3357551097869873,
      11.639005661010742,
      7.221820831298828,
      13.58519458770752
    ],
    [
      24.515541076660156,
      25.324174880981445,
      37.92493438720703,
      44.95908737182617,
      22.040363311767578,
      27.68309783935547,
      11.987947463989258,
      16.116649627685547,
      19.903240203857422,
      24.455835342407227,
      11.589458465576172,
      19.16214370727539,
      5.973850727081299,
      16.797361373901367,
      3.475571393966675,
      8.562074661254883,
      5.784878253936768,
      9.142255783081055
    ],
    [
      39.954925537109375,
      39.27493667602539,
      34.15058517456055,
      22.040363311767578,
      69.91790008544922,
      53.69557189941406,
      15.765155792236328,
      19.331710815429688,
      40.51121520996094,
      44.76304244995117,
      30.03119468688965,
      36.96573257446289,
      29.19826889038086,
      41.94358825683594,
      19.21097183227539,
      23.98211097717285,
      17.308143615722656,
      17.594358444213867
    ],
    [
      33.370941162109375,
      33.950069427490234,
      33.34173583984375,
      27.68309783935547,
      53.69557189941406,
      63.878963470458984,
      12.8611478805542,
      16.09084129333496,
      33.211177825927734,
      38.12490463256836,
      22.0836181640625,
      29.73674774169922,
      15.743349075317383,
      29.429288864135742,
      6.754334926605225,
      11.67570686340332,
      8.560770034790039,
      10.793034553527832
    ],
    [
      24.15995216369629,
      19.473482131958008,
      24.085655212402344,
      11.987947463989258,
      15.765155792236328,
      12.8611478805542,
      74.46400451660156,
      69.34127044677734,
      40.545654296875,
      44.445926666259766,
      31.136272430419922,
      38.793235778808594,
      18.87628746032715,
      28.782941818237305,
      -1.3827805519104004,
      6.927891731262207,
      9.379658699035645,
      17.657997131347656
    ],
    [
      30.633745193481445,
      25.07181167602539,
      29.096792221069336,
      16.116649627685547,
      19.331710815429688,
      16.09084129333496,
      69.34127044677734,
      82.87152862548828,
      43.51057815551758,
      52.504150390625,
      35.54151916503906,
      47.25273513793945,
      27.31747817993164,
      43.11107635498047,
      6.796637535095215,
      16.148319244384766,
      15.687719345092773,
      24.50194549560547
    ],
    [
      36.17056655883789,
      31.339672088623047,
      32.05808639526367,
      19.903240203857422,
      40.51121520996094,
      33.211177825927734,
      40.545654296875,
      43.51057815551758,
      68.71121215820312,
      69.29781341552734,
      44.81364822387695,
      54.28165054321289,
      42.14244079589844,
      51.66215133666992,
      17.197772979736328,
      24.16830825805664,
      21.90157127380371,
      26.646419525146484
    ],
    [
      43.65907669067383,
      38.58000183105469,
      39.577659606933594,
      24.455835342407227,
      44.76304244995117,
      38.12490463256836,
      44.445926666259766,
      52.504150390625,
      69.29781341552734,
      87.46240997314453,
      51.595943450927734,
      67.8238525390625,
      50.0981330871582,
      66.8575668334961,
      24.912643432617188,
      35.629783630371094,
      29.50217628479004,
      35.83194351196289
    ],
    [
      25.646928787231445,
      24.01789665222168,
      20.448572158813477,
      11.589458465576172,
      30.03119468688965,
      22.0836181640625,
      31.136272430419922,
      35.54151916503906,
      44.81364822387695,
      51.595943450927734,
      62.976905822753906,
      67.87655639648438,
      63.10942459106445,
      69.8681640625,
      51.142513275146484,
      53.54535675048828,
      39.76387405395508,
      37.977848052978516
    ],
    [
      35.1658821105957,
      34.190120697021484,
      31.975399017333984,
      19.16214370727539,
      36.96573257446289,
      29.73674774169922,
      38.793235778808594,
      47.25273513793945,
      54.28165054321289,
      67.8238525390625,
      67.87655639648438,
      86.04794311523438,
      68.65650939941406,
      82.59193420410156,
      52.43952560424805,
      59.994232177734375,
      43.667789459228516,
      45.376426696777344
    ],
    [
      21.765018463134766,
      19.545734405517578,
      11.194870948791504,
      5.973850727081299,
      29.19826889038086,
      15.743349075317383,
      18.87628746032715,
      27.31747817993164,
      42.14244079589844,
      50.0981330871582,
      63.10942459106445,
      68.65650939941406,
      99.1568832397461,
      98.82833099365234,
      89.88467407226562,
      86.24560546875,
      61.1891975402832,
      51.28315734863281
    ],
    [
      37.91949462890625,
      35.30751037597656,
      27.153533935546875,
      16.797361373901367,
      41.94358825683594,
      29.429288864135742,
      28.782941818237305,
      43.11107635498047,
      51.66215133666992,
      66.8575668334961,
      69.8681640625,
      82.59193420410156,
      98.82833099365234,
      125.52729034423828,
      98.49899291992188,
      98.02629852294922,
      67.81232452392578,
      61.257198333740234
    ],
    [
      12.93803596496582,
      11.458388328552246,
      3.3357551097869873,
      3.475571393966675,
      19.21097183227539,
      6.754334926605225,
      -1.3827805519104004,
      6.796637535095215,
      17.197772979736328,
      24.912643432617188,
      51.142513275146484,
      52.43952560424805,
      89.88467407226562,
      98.49899291992188,
      115.76264190673828,
      103.2335205078125,
      68.42691802978516,
      51.02280807495117
    ],
    [
      19.93634033203125,
      19.086671829223633,
      11.639005661010742,
      8.562074661254883,
      23.98211097717285,
      11.67570686340332,
      6.927891731262207,
      16.148319244384766,
      24.16830825805664,
      35.629783630371094,
      53.54535675048828,
      59.994232177734375,
      86.24560546875,
      98.02629852294922,
      103.2335205078125,
      97.87734985351562,
      64.62771606445312,
      52.18586349487305
    ],
    [
      14.547540664672852,
      12.899770736694336,
      7.221820831298828,
      5.784878253936768,
      17.308143615722656,
      8.560770034790039,
      9.379658699035645,
      15.687719345092773,
      21.90157127380371,
      29.50217628479004,
      39.76387405395508,
      43.667789459228516,
      61.1891975402832,
      67.81232452392578,
      68.42691802978516,
      64.62771606445312,
      48.50331497192383,
      39.64915466308594
    ],
    [
      18.994741439819336,
      17.610950469970703,
      13.58519458770752,
      9.142255783081055,
      17.594358444213867,
      10.793034553527832,
      17.657997131347656,
      24.50194549560547,
      26.646419525146484,
      35.83194351196289,
      37.977848052978516,
      45.376426696777344,
      51.28315734863281,
      61.257198333740234,
      51.02280807495117,
      52.18586349487305,
      39.64915466308594,
      36.75056457519531
    ]
  ],
  "covariance_short": [
    [
      56.181758880615234,
      42.12516784667969,
      39.229854583740234,
      25.10302734375,
      31.671279907226562,
      24.018278121948242,
      22.18112564086914,
      27.1091365814209,
      31.587722778320312,
      37.9896354675293,
      22.006389617919922,
      30.52619743347168,
      19.599853515625,
      33.444053649902344,
      11.25766372680664,
      17.07069969177246,
      12.565741539001465,
      16.12699317932129
    ],
    [
      42.12516784667969,
      56.3338623046875,
      37.87711715698242,
      25.388927459716797,
      34.26913833618164,
      26.361400604248047,
      16.342540740966797,
      20.75973892211914,
      26.96832275390625,
      33.52713394165039,
      21.615434646606445,
      31.25627326965332,
      17.733816146850586,
      31.6831111907959,
      10.580796241760254,
      17.455595016479492,
      11.65796947479248,
      15.641209602355957
    ],
    [
      39.229854583740234,
      37.87711715698242,
      61.78023910522461,
      42.517269134521484,
      35.0191650390625,
      32.60858917236328,
      25.949691772460938,
      30.798242568969727,
      35.163726806640625,
      42.65475082397461,
      22.75435447692871,
      35.34832763671875,
      14.220168113708496,
      30.923046112060547,
      4.462265491485596,
      12.738529205322266,
      8.53317928314209,
      14.88339900970459
    ],
    [
      25.10302734375,
      25.388927459716797,
      42.517269134521484,
      49.69546127319336,
      23.280174255371094,
      29.189563751220703,
      14.236205101013184,
      18.870405197143555,
      22.527677536010742,
      27.669294357299805,
      14.48593807220459,
      23.089183807373047,
      9.5985746383667,
      20.658456802368164,
      5.336791038513184,
      10.42168140411377,
      7.448055267333984,
      10.69644832611084
    ],
    [
      31.671279907226562,
      34.26913833618164,
      35.0191650390625,
      23.280174255371094,
      68.52720642089844,
      47.930641174316406,
      14.547700881958008,
      16.572216033935547,
      34.01864242553711,
      38.427818298339844,
      26.938316345214844,
      35.09912872314453,
      23.48971176147461,
      34.495723724365234,
      13.863245010375977,
      20.15211296081543,
      11.952046394348145,
      13.981877326965332
    ],
    [
      24.018278121948242,
      26.361400604248047,
      32.60858917236328,
      29.189563751220703,
      47.930641174316406,
      63.48474884033203,
      9.510815620422363,
      12.025504112243652,
      25.72594451904297,
      30.591703414916992,
      16.90290641784668,
      24.994285583496094,
      10.621858596801758,
      21.6765079498291,
      3.0795400142669678,
      8.511786460876465,
      4.918460845947266,
      7.626025199890137
    ],
    [
      22.18112564086914,
      16.342540740966797,
      25.949691772460938,
      14.236205101013184,
      14.547700881958008,
      9.510815620422363,
      74.98095703125,
      64.886474609375,
      43.015960693359375,
      47.01753234863281,
      32.722591400146484,
      38.783233642578125,
      25.883020401000977,
      32.16164779663086,
      5.687034606933594,
      11.236580848693848,
      14.75915241241455,
      19.948345184326172
    ],
    [
      27.1091365814209,
      20.75973892211914,
      30.798242568969727,
      18.870405197143555,
      16.572216033935547,
      12.025504112243652,
      64.886474609375,
      80.65082550048828,
      44.343658447265625,
      53.49530029296875,
      35.78523635864258,
      45.98603820800781,
      31.214500427246094,
      42.51395797729492,
      9.820134162902832,
      17.639331817626953,
      18.365962982177734,
      25.05263900756836
    ],
    [
      31.587722778320312,
      26.96832275390625,
      35.163726806640625,
      22.527677536010742,
      34.01864242553711,
      25.72594451904297,
      43.015960693359375,
      44.343658447265625,
      72.11784362792969,
      68.44386291503906,
      44.94641876220703,
      54.52197265625,
      43.820125579833984,
      52.022029876708984,
      19.02959632873535,
      25.43300437927246,
      22.694536209106445,
      26.832853317260742
    ],
    [
      37.9896354675293,
      33.52713394165039,
      42.65475082397461,
      27.669294357299805,
      38.427818298339844,
      30.591703414916992,
      47.01753234863281,
      53.49530029296875,
      68.44386291503906,
      90.24381256103516,
      52.17718505859375,
      68.52540588378906,
      52.000511169433594,
      67.2835693359375,
      26.98471450805664,
      37.02740478515625,
      30.18099594116211,
      35.890140533447266
    ],
    [
      22.006389617919922,
      21.615434646606445,
      22.75435447692871,
      14.48593807220459,
      26.938316345214844,
      16.90290641784668,
      32.722591400146484,
      35.78523635864258,
      44.94641876220703,
      52.17718505859375,
      67.48274993896484,
      69.35604858398438,
      66.4785385131836,
      71.57974243164062,
      54.05724334716797,
      55.663516998291016,
      40.48462677001953,
      38.3657112121582
    ],
    [
      30.52619743347168,
      31.25627326965332,
      35.34832763671875,
      23.089183807373047,
      35.09912872314453,
      24.994285583496094,
      38.783233642578125,
      45.98603820800781,
      54.52197265625,
      68.52540588378906,
      69.35604858398438,
      91.35143280029297,
      71.99391174316406,
      84.74246978759766,
      55.11919403076172,
      62.16569137573242,
      44.3210563659668,
      45.75370407104492
    ],
    [
      19.599853515625,
      17.733816146850586,
      14.220168113708496,
      9.5985746383667,
      23.48971176147461,
      10.621858596801758,
      25.883020401000977,
      31.214500427246094,
      43.820125579833984,
      52.000511169433594,
      66.4785385131836,
      71.99391174316406,
      106.3882064819336,
      103.07549285888672,
      94.4214096069336,
      89.59819030761719,
      62.372005462646484,
      52.10231399536133
    ],
    [
      33.444053649902344,
      31.6831111907959,
      30.923046112060547,
      20.658456802368164,
      34.495723724365234,
      21.6765079498291,
      32.16164779663086,
      42.51395797729492,
      52.022029876708984,
      67.2835693359375,
      71.57974243164062,
      84.74246978759766,
      103.07549285888672,
      128.62088012695312,
      100.21495819091797,
      99.21224212646484,
      67.69718933105469,
      61.173988342285156
    ],
    [
      11.25766372680664,
      10.580796241760254,
      4.462265491485596,
      5.336791038513184,
      13.863245010375977,
      3.0795400142669678,
      5.687034606933594,
      9.820134162902832,
      19.02959632873535,
      26.98471450805664,
      54.05724334716797,
      55.11919403076172,
      94.4214096069336,
      100.21495819091797,
      117.3827133178711,
      103.80219268798828,
      68.07492065429688,
      51.03008270263672
    ],
    [
      17.07069969177246,
      17.455595016479492,
      12.738529205322266,
      10.42168140411377,
      20.15211296081543,
      8.511786460876465,
      11.236580848693848,
      17.639331817626953,
      25.43300437927246,
      37.02740478515625,
      55.663516998291016,
      62.16569137573242,
      89.59819030761719,
      99.21224212646484,
      103.80219268798828,
      98.9095687866211,
      64.0783920288086,
      52.12226867675781
    ],
    [
      12.565741539001465,
      11.65796947479248,
      8.53317928314209,
      7.448055267333984,
      11.952046394348145,
      4.918460845947266,
      14.75915241241455,
      18.365962982177734,
      22.694536209106445,
      30.18099594116211,
      40.48462677001953,
      44.3210563659668,
      62.372005462646484,
      67.69718933105469,
      68.07492065429688,
      64.0783920288086,
      48.39092254638672,
      39.4288330078125
    ],
    [
      16.12699317932129,
      15.641209602355957,
      14.88339900970459,
      10.69644832611084,
      13.981877326965332,
      7.626025199890137,
      19.948345184326172,
      25.05263900756836,
      26.832853317260742,
      35.890140533447266,
      38.3657112121582,
      45.75370407104492,
      52.10231399536133,
      61.173988342285156,
      51.03008270263672,
      52.12226867675781,
      39.4288330078125,
      36.97361755371094
    ]
  ],
  "drr": 6.68435525894165,
  "dynamics": 5.408707141876221,
  "format": 1245190,
  "frames": 8470528,
  "loudness": -20.62803840637207,
  "loudness_range": 17.908512115478516,
  "loudness_range_short": 18.463064193725586,
  "peak": -2.5958008766174316,
  "rms": -21.491352081298828,
  "sample_rate": 44100,
  "sections": 1,
  "seekable": 1,
  "sharpness": 1.4780969619750977,
  "space": -2.3970940113067627
}