{
  "bands": [
    {
      "high_freq": 148.1999969482422,
      "loudness": -25.278963088989258,
      "loudness_range": 7.318113327026367,
      "mid_mean": -21.67304801940918,
      "mid_to_side_loudness": -16.933639526367188,
      "mid_to_side_loudness_range": 11.037348747253418,
      "side_mean": -39.05917739868164
    },
    {
      "high_freq": 392.3793640136719,
      "loudness": -22.05234146118164,
      "loudness_range": 5.458906173706055,
      "low_freq": 148.1999969482422,
      "mid_mean": -18.576101303100586,
      "mid_to_side_loudness": -13.320230484008789,
      "mid_to_side_loudness_range": 7.113321304321289,
      "side_mean": -32.02946472167969
    },
    {
      "high_freq": 794.6976318359375,
      "loudness": -24.422557830810547,
      "loudness_range": 7.342155456542969,
      "low_freq": 392.3793640136719,
      "mid_mean": -21.091516494750977,
      "mid_to_side_loudness": -10.847467422485352,
      "mid_to_side_loudness_range": 7.562973499298096,
      "side_mean": -32.13677978515625
    },
    {
      "high_freq": 1457.5709228515625,
      "loudness": -27.893268585205078,
      "loudness_range": 12.312301635742188,
      "low_freq": 794.6976318359375,
      "mid_mean": -24.69084930419922,
      "mid_to_side_loudness": -9.561323165893555,
      "mid_to_side_loudness_range": 10.068570137023926,
      "side_mean": -34.340965270996094
    },
    {
      "high_freq": 2549.74365234375,
      "loudness": -26.53765869140625,
      "loudness_range": 13.148557662963867,
      "low_freq": 1457.5709228515625,
      "mid_mean": -23.384140014648438,
      "mid_to_side_loudness": -8.813770294189453,
      "mid_to_side_loudness_range": 8.905803680419922,
      "side_mean": -32.374324798583984
    },
    {
      "high_freq": 4349.24462890625,
      "loudness": -26.776342391967773,
      "loudness_range": 12.89244270324707,
      "low_freq": 2549.74365234375,
      "mid_mean": -23.672565460205078,
      "mid_to_side_loudness": -8.362258911132812,
      "mid_to_side_loudness_range": 7.697383880615234,
      "side_mean": -32.322383880615234
    },
    {
      "high_freq": 7314.1640625,
      "loudness": -27.94335174560547,
      "loudness_range": 13.363723754882812,
      "low_freq": 4349.24462890625,
      "mid_mean": -25.031673431396484,
      "mid_to_side_loudness": -7.018431186676025,
      "mid_to_side_loudness_range": 5.913342475891113,
      "side_mean": -32.23152542114258
    },
    {
      "high_freq": 12199.2666015625,
      "loudness": -30.448583602905273,
      "loudness_range": 14.707670211791992,
      "low_freq": 7314.1640625,
      "mid_mean": -28.162466049194336,
      "mid_to_side_loudness": -4.5459370613098145,
      "mid_to_side_loudness_range": 6.69651460647583,
      "side_mean": -32.81346893310547
    },
    {
      "loudness": -34.89952087402344,
      "loudness_range": 18.45366096496582,
      "low_freq": 12199.2666015625,
      "mid_mean": -33.82918930053711,
      "mid_to_side_loudness": -1.0633174180984497,
      "mid_to_side_loudness_range": 5.201076507568359,
      "side_mean": -34.88368606567383
    }
  ],
  "bands_short": [
    {
      "high_freq": 148.1999969482422,
      "loudness": -30.63155174255371,
      "loudness_range": 16.741870880126953,
      "mid_mean": -27.102602005004883,
      "mid_to_side_loudness": -16.860212326049805,
      "mid_to_side_loudness_range": 18.241304397583008,
      "side_mean": -44.48447036743164
    },
    {
      "high_freq": 392.3793640136719,
      "loudness": -22.446258544921875,
      "loudness_range": 10.945940017700195,
      "low_freq": 148.1999969482422,
      "mid_mean": -18.96649169921875,
      "mid_to_side_loudness": -14.22915267944336,
      "mid_to_side_loudness_range": 11.470752716064453,
      "side_mean": -33.39249038696289
    },
    {
      "high_freq": 794.6976318359375,
      "loudness": -24.894824981689453,
      "loudness_range": 12.614269256591797,
      "low_freq": 392.3793640136719,
      "mid_mean": -21.625638961791992,
      "mid_to_side_loudness": -10.4988431930542,
      "mid_to_side_loudness_range": 10.72732162475586,
      "side_mean": -32.44779968261719
    },
    {
      "high_freq": 1457.5709228515625,
      "loudness": -28.955047607421875,
      "loudness_range": 15.935020446777344,
      "low_freq": 794.6976318359375,
      "mid_mean": -25.89527702331543,
      "mid_to_side_loudness": -9.048194885253906,
      "mid_to_side_loudness_range": 11.825480461120605,
      "side_mean": -35.0594596862793
    },
    {
      "high_freq": 2549.74365234375,
      "loudness": -27.963754653930664,
      "loudness_range": 17.19991683959961,
      "low_freq": 1457.5709228515625,
      "mid_mean": -24.993757247924805,
      "mid_to_side_loudness": -8.011996269226074,
      "mid_to_side_loudness_range": 11.237966537475586,
      "side_mean": -33.16663360595703
    },
    {
      "high_freq": 4349.24462890625,
      "loudness": -28.09226417541504,
      "loudness_range": 17.22216033935547,
      "low_freq": 2549.74365234375,
      "mid_mean": -25.141382217407227,
      "mid_to_side_loudness": -7.730986595153809,
      "mid_to_side_loudness_range": 10.028569221496582,
      "side_mean": -33.15725326538086
    },
    {
      "high_freq": 7314.1640625,
      "loudness": -29.874813079833984,
      "loudness_range": 20.122669219970703,
      "low_freq": 4349.24462890625,
      "mid_mean": -27.118438720703125,
      "mid_to_side_loudness": -6.567113399505615,
      "mid_to_side_loudness_range": 8.407390594482422,
      "side_mean": -33.962711334228516
    },
    {
      "high_freq": 12199.2666015625,
      "loudness": -32.83661651611328,
      "loudness_range": 22.267309188842773,
      "low_freq": 7314.1640625,
      "mid_mean": -30.628067016601562,
      "mid_to_side_loudness": -4.4350738525390625,
      "mid_to_side_loudness_range": 8.516679763793945,
      "side_mean": -35.300048828125
    },
    {
      "loudness": -38.90520477294922,
      "loudness_range": 27.83901023864746,
      "low_freq": 12199.2666015625,
      "mid_mean": -37.7559928894043,
      "mid_to_side_loudness": -1.5997134447097778,
      "mid_to_side_loudness_range": 7.221493721008301,
      "side_mean": -39.356231689453125
    }
  ],
  "channels": 2,
  "covariance": [
    [
      9.820940971374512,
      5.683387279510498,
      2.334507942199707,
      1.054309606552124,
      2.0573925971984863,
      1.5960782766342163,
      1.1486071348190308,
      1.0399404764175415,
      1.5441265106201172,
      0.5091691613197327,
      1.865153431892395,
      0.9746392965316772,
      0.7180016040802002,
      0.5900682210922241,
      1.0086265802383423,
      0.8158889412879944,
      1.2780393362045288,
      0.757648766040802
    ],
    [
      5.683387279510498,
      16.086389541625977,
      3.0439555644989014,
      4.624118804931641,
      3.5090343952178955,
      2.581425189971924,
      3.122054100036621,
      2.2645909786224365,
      3.9658925533294678,
      2.5888497829437256,
      3.943113088607788,
      4.076986312866211,
      4.020798683166504,
      4.422087669372559,
      4.42169713973999,
      4.638950824737549,
      4.317550182342529,
      4.734266757965088
    ],
    [
      2.334507942199707,
      3.0439555644989014,
      6.5381927490234375,
      5.468277454376221,
      3.9261233806610107,
      3.9026119709014893,
      2.6402382850646973,
      2.2414488792419434,
      2.9883930683135986,
      2.1097874641418457,
      3.459965944290161,
      2.469871997833252,
      4.1016316413879395,
      4.182255744934082,
      3.3668439388275146,
      4.152710437774658,
      3.209224224090576,
      4.175539016723633
    ],
    [
      1.054309606552124,
      4.624118804931641,
      5.468277454376221,
      11.501280784606934,
      5.739710330963135,
      6.438377380371094,
      3.801851987838745,
      3.9231066703796387,
      4.767013072967529,
      4.300358772277832,
      5.253549098968506,
      5.209059238433838,
      7.6910200119018555,
      8.598063468933105,
      6.094134330749512,
      8.3695707321167,
      6.2018280029296875,
      8.546317100524902
    ],
    [
      2.0573925971984863,
      3.5090343952178955,
      3.9261233806610107,
      5.739710330963135,
      12.230132102966309,
      8.34995174407959,
      9.357980728149414,
      6.915441036224365,
      9.772401809692383,
      6.39194917678833,
      8.86276912689209,
      6.642929553985596,
      9.216328620910645,
      8.594035148620605,
      7.9708356857299805,
      8.701577186584473,
      6.303523063659668,
      7.8325605392456055
    ],
    [
      1.5960782766342163,
      2.581425189971924,
      3.9026119709014893,
      6.438377380371094,
      8.34995174407959,
      12.32126522064209,
      8.591222763061523,
      9.563570976257324,
      8.825523376464844,
      8.571354866027832,
      8.789125442504883,
      9.594460487365723,
      8.753579139709473,
      10.685133934020996,
      7.618727684020996,
      10.032812118530273,
      7.133038520812988,
      9.00006103515625
    ],
    [
      1.1486071348190308,
      3.122054100036621,
      2.6402382850646973,
      3.801851987838745,
      9.357980728149414,
      8.591222763061523,
      21.523120880126953,
      15.602478981018066,
      16.781063079833984,
      13.706984519958496,
      13.218778610229492,
      14.270719528198242,
      11.766493797302246,
      12.32508373260498,
      10.37295150756836,
      12.246743202209473,
      8.974808692932129,
      11.503259658813477
    ],
    [
      1.0399404764175415,
      2.2645909786224365,
      2.2414488792419434,
      3.9231066703796387,
      6.915441036224365,
      9.563570976257324,
      15.602478981018066,
      20.641212463378906,
      13.312787055969238,
      15.6431884765625,
      11.200385093688965,
      15.708627700805664,
      9.437725067138672,
      13.548269271850586,
      8.68934154510498,
      12.524932861328125,
      8.419865608215332,
      11.225170135498047
    ],
    [
      1.5441265106201172,
      3.9658925533294678,
      2.9883930683135986,
      4.767013072967529,
      9.772401809692383,
      8.825523376464844,
      16.781063079833984,
      13.312787055969238,
      25.35250473022461,
      17.48218536376953,
      20.438936233520508,
      18.89285659790039,
      17.66910743713379,
      17.936330795288086,
      16.556026458740234,
      18.104019165039062,
      14.001387596130371,
      16.899690628051758
    ],
    [
      0.5091691613197327,
      2.5888497829437256,
      2.1097874641418457,
      4.300358772277832,
      6.39194917678833,
      8.571354866027832,
      13.706984519958496,
      15.6431884765625,
      17.48218536376953,
      18.961782455444336,
      15.367355346679688,
      20.169353485107422,
      13.424543380737305,
      17.00429916381836,
      12.6487455368042,
      16.550045013427734,
      11.889226913452148,
      15.377835273742676
    ],
    [
      1.865153431892395,
      3.943113088607788,
      3.459965944290161,
      5.253549098968506,
      8.86276912689209,
      8.789125442504883,
      13.218778610229492,
      11.200385093688965,
      20.438936233520508,
      15.367355346679688,
      23.180025100708008,
      20.44435691833496,
      20.024141311645508,
      20.55746078491211,
      19.018735885620117,
      21.817590713500977,
      17.80508804321289,
      21.426469802856445
    ],
    [
      0.9746392965316772,
      4.076986312866211,
      2.469871997833252,
      5.209059238433838,
      6.642929553985596,
      9.594460487365723,
      14.270719528198242,
      15.708627700805664,
      18.89285659790039,
      20.169353485107422,
      20.44435691833496,
      27.219907760620117,
      18.243505477905273,
      23.195802688598633,
      18.111705780029297,
      24.21660041809082,
      19.252653121948242,
      24.361373901367188
    ],
    [
      0.7180016040802002,
      4.020798683166504,
      4.1016316413879395,
      7.6910200119018555,
      9.216328620910645,
      8.753579139709473,
      11.766493797302246,
      9.437725067138672,
      17.66910743713379,
      13.424543380737305,
      20.024141311645508,
      18.243505477905273,
      24.470388412475586,
      23.189189910888672,
      22.069255828857422,
      24.410837173461914,
      19.760242462158203,
      23.792516708374023
    ],
    [
      0.5900682210922241,
      4.422087669372559,
      4.182255744934082,
      8.598063468933105,
      8.594035148620605,
      10.685133934020996,
      12.32508373260498,
      13.548269271850586,
      17.936330795288086,
      17.00429916381836,
      20.55746078491211,
      23.195802688598633,
      23.189189910888672,
      28.292280197143555,
      21.857749938964844,
      28.509822845458984,
      22.16516876220703,
      27.969955444335938
    ],
    [
      1.0086265802383423,
      4.42169713973999,
      3.3668439388275146,
      6.094134330749512,
      7.9708356857299805,
      7.618727684020996,
      10.37295150756836,
      8.68934154510498,
      16.556026458740234,
      12.6487455368042,
      19.018735885620117,
      18.111705780029297,
      22.069255828857422,
      21.857749938964844,
      27.65461540222168,
      27.374351501464844,
      25.695859909057617,
      28.078441619873047
    ],
    [
      0.8158889412879944,
      4.638950824737549,
      4.152710437774658,
      8.3695707321167,
      8.701577186584473,
      10.032812118530273,
      12.246743202209473,
      12.524932861328125,
      18.104019165039062,
      16.550045013427734,
      21.817590713500977,
      24.21660041809082,
      24.410837173461914,
      28.509822845458984,
      27.374351501464844,
      35.08119583129883,
      30.793001174926758,
      37.343528747558594
    ],
    [
      1.2780393362045288,
      4.317550182342529,
      3.209224224090576,
      6.2018280029296875,
      6.303523063659668,
      7.133038520812988,
      8.974808692932129,
      8.419865608215332,
      14.001387596130371,
      11.889226913452148,
      17.80508804321289,
      19.252653121948242,
      19.760242462158203,
      22.16516876220703,
      25.695859909057617,
      30.793001174926758,
      34.249549865722656,
      38.47146224975586
    ],
    [
      0.757648766040802,
      4.734266757965088,
      4.175539016723633,
      8.546317100524902,
      7.8325605392456055,
      9.00006103515625,
      11.503259658813477,
      11.225170135498047,
      16.899690628051758,
      15.377835273742676,
      21.426469802856445,
      24.361373901367188,
      23.792516708374023,
      27.969955444335938,
      28.078441619873047,
      37.343528747558594,
      38.47146224975586,
      48.04326248168945
    ]
  ],
  "covariance_short": [
    [
      33.311885833740234,
      12.208569526672363,
      11.044900894165039,
      4.319431304931641,
      3.053959369659424,
      2.461000680923462,
      2.445791244506836,
      2.5908236503601074,
      3.0045318603515625,
      1.8555190563201904,
      4.090606212615967,
      3.2706780433654785,
      3.987128496170044,
      4.264510154724121,
      4.834606647491455,
      5.626351356506348,
      9.261003494262695,
      10.080432891845703
    ],
    [
      12.208569526672363,
      30.89260482788086,
      6.5089216232299805,
      7.7271223068237305,
      3.6376543045043945,
      3.7963831424713135,
      4.682722091674805,
      3.56815242767334,
      4.4903340339660645,
      3.701680898666382,
      4.4698872566223145,
      4.980403900146484,
      3.751021146774292,
      5.06902551651001,
      4.969056129455566,
      6.2354912757873535,
      8.195313453674316,
      9.400018692016602
    ],
    [
      11.044900894165039,
      6.5089216232299805,
      16.412994384765625,
      9.46430492401123,
      6.079478740692139,
      5.419993877410889,
      4.587242126464844,
      3.5524823665618896,
      4.862138748168945,
      3.2454993724823,
      6.087557315826416,
      4.502651214599609,
      7.105338096618652,
      6.961877346038818,
      7.153894424438477,
      8.1640043258667,
      9.87488079071045,
      11.573525428771973
    ],
    [
      4.319431304931641,
      7.7271223068237305,
      9.46430492401123,
      18.446762084960938,
      7.682589054107666,
      8.781368255615234,
      7.172363758087158,
      5.855209827423096,
      7.448185443878174,
      6.1107611656188965,
      8.078873634338379,
      7.359012126922607,
      10.484792709350586,
      11.211546897888184,
      10.329188346862793,
      12.458817481994629,
      13.153486251831055,
      15.709098815917969
    ],
    [
      3.053959369659424,
      3.6376543045043945,
      6.079478740692139,
      7.682589054107666,
      21.941762924194336,
      14.058921813964844,
      15.050162315368652,
      9.51340389251709,
      15.447735786437988,
      8.8980712890625,
      13.944696426391602,
      9.024909019470215,
      15.001873970031738,
      12.399928092956543,
      14.182061195373535,
      13.52667236328125,
      13.624943733215332,
      15.218256950378418
    ],
    [
      2.461000680923462,
      3.7963831424713135,
      5.419993877410889,
      8.781368255615234,
      14.058921813964844,
      20.481000900268555,
      12.505285263061523,
      12.046148300170898,
      12.574453353881836,
      11.026430130004883,
      12.004619598388672,
      11.943309783935547,
      13.574212074279785,
      14.59591007232666,
      12.316994667053223,
      14.58008098602295,
      13.69189167022705,
      16.155160903930664
    ],
    [
      2.445791244506836,
      4.682722091674805,
      4.587242126464844,
      7.172363758087158,
      15.050162315368652,
      12.505285263061523,
      35.213043212890625,
      21.651710510253906,
      28.728147506713867,
      19.721853256225586,
      25.0856990814209,
      21.024873733520508,
      23.22801399230957,
      21.393814086914062,
      21.04849624633789,
      22.09316062927246,
      21.101232528686523,
      24.174421310424805
    ],
    [
      2.5908236503601074,
      3.56815242767334,
      3.5524823665618896,
      5.855209827423096,
      9.51340389251709,
      12.046148300170898,
      21.651710510253906,
      25.942472457885742,
      19.822755813598633,
      19.831470489501953,
      17.877155303955078,
      20.458036422729492,
      16.87401580810547,
      20.273521423339844,
      15.954852104187012,
      20.29681968688965,
      17.64905548095703,
      21.539615631103516
    ],
    [
      3.0045318603515625,
      4.4903340339660645,
      4.862138748168945,
      7.448185443878174,
      15.447735786437988,
      12.574453353881836,
      28.728147506713867,
      19.822755813598633,
      42.613365173339844,
      26.203092575073242,
      36.747581481933594,
      28.976764678955078,
      33.844993591308594,
      30.39437484741211,
      31.609189987182617,
      31.86455535888672,
      30.72614288330078,
      34.32073211669922
    ],
    [
      1.8555190563201904,
      3.701680898666382,
      3.2454993724823,
      6.1107611656188965,
      8.8980712890625,
      11.026430130004883,
      19.721853256225586,
      19.831470489501953,
      26.203092575073242,
      26.235580444335938,
      24.153400421142578,
      26.82872200012207,
      23.162137985229492,
      25.975927352905273,
      22.3076171875,
      26.966169357299805,
      24.563047409057617,
      29.278335571289062
    ],
    [
      4.090606212615967,
      4.4698872566223145,
      6.087557315826416,
      8.078873634338379,
      13.944696426391602,
      12.004619598388672,
      25.0856990814209,
      17.877155303955078,
      36.747581481933594,
      24.153400421142578,
      43.43478775024414,
      32.63968276977539,
      40.318115234375,
      36.680572509765625,
      38.010799407958984,
      39.434505462646484,
      38.57804489135742,
      43.71302032470703
    ],
    [
      3.2706780433654785,
      4.980403900146484,
      4.502651214599609,
      7.359012126922607,
      9.024909019470215,
      11.943309783935547,
      21.024873733520508,
      20.458036422729492,
      28.976764678955078,
      26.82872200012207,
      32.63968276977539,
      36.9263801574707,
      32.022552490234375,
      35.96974182128906,
      31.486988067626953,
      38.877262115478516,
      36.97212219238281,
      44.351261138916016
    ],
    [
      3.987128496170044,
      3.751021146774292,
      7.105338096618652,
      10.484792709350586,
      15.001873970031738,
      13.574212074279785,
      23.22801399230957,
      16.87401580810547,
      33.844993591308594,
      23.162137985229492,
      40.318115234375,
      32.022552490234375,
      51.33414840698242,
      43.16865158081055,
      48.39060592651367,
      47.82853698730469,
      47.384422302246094,
      51.8099250793457
    ],
    [
      4.264510154724121,
      5.06902551651001,
      6.961877346038818,
      11.211546897888184,
      12.399928092956543,
      14.59591007232666,
      21.393814086914062,
      20.273521423339844,
      30.39437484741211,
      25.975927352905273,
      36.680572509765625,
      35.96974182128906,
      43.16865158081055,
      47.442543029785156,
      42.464561462402344,
      50.266544342041016,
      47.54241180419922,
      55.91079330444336
    ],
    [
      4.834606647491455,
      4.969056129455566,
      7.153894424438477,
      10.329188346862793,
      14.182061195373535,
      12.316994667053223,
      21.04849624633789,
      15.954852104187012,
      31.609189987182617,
      22.3076171875,
      38.010799407958984,
      31.486988067626953,
      48.39060592651367,
      42.464561462402344,
      61.398067474365234,
      56.33842468261719,
      62.1074333190918,
      64.4529037475586
    ],
    [
      5.626351356506348,
      6.2354912757873535,
      8.1640043258667,
      12.458817481994629,
      13.52667236328125,
      14.58008098602295,
      22.09316062927246,
      20.29681968688965,
      31.86455535888672,
      26.966169357299805,
      39.434505462646484,
      38.877262115478516,
      47.82853698730469,
      50.266544342041016,
      56.33842468261719,
      66.77687072753906,
      67.5663833618164,
      77.86607360839844
    ],
    [
      9.261003494262695,
      8.195313453674316,
      9.87488079071045,
      13.153486251831055,
      13.624943733215332,
      13.69189167022705,
      21.101232528686523,
      17.64905548095703,
      30.72614288330078,
      24.563047409057617,
      38.57804489135742,
      36.97212219238281,
      47.384422302246094,
      47.54241180419922,
      62.1074333190918,
      67.5663833618164,
      87.76111602783203,
      93.27005767822266
    ],
    [
      10.080432891845703,
      9.400018692016602,
      11.573525428771973,
      15.709098815917969,
      15.218256950378418,
      16.155160903930664,
      24.174421310424805,
      21.539615631103516,
      34.32073211669922,
      29.278335571289062,
      43.71302032470703,
      44.351261138916016,
      51.8099250793457,
      55.91079330444336,
      64.4529037475586,
      77.86607360839844,
      93.27005767822266,
      112.54119873046875
    ]
  ],
  "drr": 16.457395553588867,
  "dynamics": 2.320528984069824,
  "format": 1245190,
  "frames": 10889216,
  "loudness": -12.563199996948242,
  "loudness_range": 5.195722579956055,
  "loudness_range_short": 9.214691162109375,
  "peak": 0.3439016044139862,
  "rms": -15.554333686828613,
  "sample_rate": 44100,
  "sections": 1,
  "seekable": 1,
  "sharpness": 2.9653143882751465,
  "space": -10.127782821655273
}