{
  "bands": [
    {
      "high_freq": 148.1999969482422,
      "loudness": -22.079721450805664,
      "loudness_range": 12.661401748657227,
      "mid_mean": -18.521324157714844,
      "mid_to_side_loudness": -23.70724105834961,
      "mid_to_side_loudness_range": 36.36421203613281,
      "side_mean": -44.9296989440918
    },
    {
      "high_freq": 392.3793640136719,
      "loudness": -20.65130043029785,
      "loudness_range": 8.009611129760742,
      "low_freq": 148.1999969482422,
      "mid_mean": -17.89441680908203,
      "mid_to_side_loudness": -7.540450572967529,
      "mid_to_side_loudness_range": 12.211889266967773,
      "side_mean": -25.577796936035156
    },
    {
      "high_freq": 794.6976318359375,
      "loudness": -22.770885467529297,
      "loudness_range": 11.019128799438477,
      "low_freq": 392.3793640136719,
      "mid_mean": -20.216825485229492,
      "mid_to_side_loudness": -5.933341979980469,
      "mid_to_side_loudness_range": 7.737974643707275,
      "side_mean": -26.07634735107422
    },
    {
      "high_freq": 1457.5709228515625,
      "loudness": -28.693294525146484,
      "loudness_range": 13.223165512084961,
      "low_freq": 794.6976318359375,
      "mid_mean": -26.10683250427246,
      "mid_to_side_loudness": -6.031693458557129,
      "mid_to_side_loudness_range": 7.965324401855469,
      "side_mean": -32.147586822509766
    },
    {
      "high_freq": 2549.74365234375,
      "loudness": -29.504440307617188,
      "loudness_range": 14.009584426879883,
      "low_freq": 1457.5709228515625,
      "mid_mean": -27.050113677978516,
      "mid_to_side_loudness": -5.613758563995361,
      "mid_to_side_loudness_range": 8.490585327148438,
      "side_mean": -32.651580810546875
    },
    {
      "high_freq": 4349.24462890625,
      "loudness": -30.960107803344727,
      "loudness_range": 12.394615173339844,
      "low_freq": 2549.74365234375,
      "mid_mean": -28.41526222229004,
      "mid_to_side_loudness": -6.4121785163879395,
      "mid_to_side_loudness_range": 8.421707153320312,
      "side_mean": -34.8017692565918
    },
    {
      "high_freq": 7314.1640625,
      "loudness": -30.07753562927246,
      "loudness_range": 10.722888946533203,
      "low_freq": 4349.24462890625,
      "mid_mean": -27.12494659423828,
      "mid_to_side_loudness": -7.867581844329834,
      "mid_to_side_loudness_range": 8.002338409423828,
      "side_mean": -35.13605880737305
    },
    {
      "high_freq": 12199.2666015625,
      "loudness": -29.43976593017578,
      "loudness_range": 10.737482070922852,
      "low_freq": 7314.1640625,
      "mid_mean": -26.552827835083008,
      "mid_to_side_loudness": -7.418272495269775,
      "mid_to_side_loudness_range": 7.061017036437988,
      "side_mean": -34.01485824584961
    },
    {
      "loudness": -31.32167625427246,
      "loudness_range": 13.644149780273438,
      "low_freq": 12199.2666015625,
      "mid_mean": -28.552154541015625,
      "mid_to_side_loudness": -6.780534267425537,
      "mid_to_side_loudness_range": 3.259397029876709,
      "side_mean": -34.86460876464844
    }
  ],
  "bands_short": [
    {
      "high_freq": 148.1999969482422,
      "loudness": -25.191089630126953,
      "loudness_range": 20.818172454833984,
      "mid_mean": -21.820852279663086,
      "mid_to_side_loudness": -24.511783599853516,
      "mid_to_side_loudness_range": 41.41667556762695,
      "side_mean": -50.49375534057617
    },
    {
      "high_freq": 392.3793640136719,
      "loudness": -21.369020462036133,
      "loudness_range": 13.769268035888672,
      "low_freq": 148.1999969482422,
      "mid_mean": -18.789134979248047,
      "mid_to_side_loudness": -7.315304279327393,
      "mid_to_side_loudness_range": 15.164210319519043,
      "side_mean": -26.301942825317383
    },
    {
      "high_freq": 794.6976318359375,
      "loudness": -22.7442569732666,
      "loudness_range": 12.345968246459961,
      "low_freq": 392.3793640136719,
      "mid_mean": -20.28985595703125,
      "mid_to_side_loudness": -5.8855390548706055,
      "mid_to_side_loudness_range": 10.33436107635498,
      "side_mean": -26.112436294555664
    },
    {
      "high_freq": 1457.5709228515625,
      "loudness": -28.84513282775879,
      "loudness_range": 14.433935165405273,
      "low_freq": 794.6976318359375,
      "mid_mean": -26.40239715576172,
      "mid_to_side_loudness": -5.8690924644470215,
      "mid_to_side_loudness_range": 10.366918563842773,
      "side_mean": -32.26049041748047
    },
    {
      "high_freq": 2549.74365234375,
      "loudness": -29.921215057373047,
      "loudness_range": 14.998538970947266,
      "low_freq": 1457.5709228515625,
      "mid_mean": -27.574325561523438,
      "mid_to_side_loudness": -5.50036096572876,
      "mid_to_side_loudness_range": 10.04702377319336,
      "side_mean": -33.06998062133789
    },
    {
      "high_freq": 4349.24462890625,
      "loudness": -31.82174301147461,
      "loudness_range": 15.672792434692383,
      "low_freq": 2549.74365234375,
      "mid_mean": -29.46502113342285,
      "mid_to_side_loudness": -5.872543811798096,
      "mid_to_side_loudness_range": 10.293549537658691,
      "side_mean": -35.273983001708984
    },
    {
      "high_freq": 7314.1640625,
      "loudness": -32.67881393432617,
      "loudness_range": 18.322677612304688,
      "low_freq": 4349.24462890625,
      "mid_mean": -29.93257713317871,
      "mid_to_side_loudness": -7.171945095062256,
      "mid_to_side_loudness_range": 9.993208885192871,
      "side_mean": -37.21714782714844
    },
    {
      "high_freq": 12199.2666015625,
      "loudness": -32.54177474975586,
      "loudness_range": 20.5888614654541,
      "low_freq": 7314.1640625,
      "mid_mean": -29.826274871826172,
      "mid_to_side_loudness": -7.328372478485107,
      "mid_to_side_loudness_range": 10.707477569580078,
      "side_mean": -37.21429443359375
    },
    {
      "loudness": -37.332237243652344,
      "loudness_range": 28.08312225341797,
      "low_freq": 12199.2666015625,
      "mid_mean": -34.696250915527344,
      "mid_to_side_loudness": -6.96373987197876,
      "mid_to_side_loudness_range": 8.137603759765625,
      "side_mean": -41.43251419067383
    }
  ],
  "channels": 2,
  "covariance": [
    [
      33.5587272644043,
      -13.12380599975586,
      12.561528205871582,
      3.488508462905884,
      12.285985946655273,
      11.488784790039062,
      10.474352836608887,
      10.251944541931152,
      14.374185562133789,
      12.354168891906738,
      14.50068473815918,
      12.473779678344727,
      2.6589195728302,
      1.0130215883255005,
      -0.3983668386936188,
      -1.730251431465149,
      -2.7365565299987793,
      -3.061016798019409
    ],
    [
      -13.12380599975586,
      64.23966217041016,
      1.146836757659912,
      4.331819534301758,
      -8.834175109863281,
      -9.849071502685547,
      -4.36458683013916,
      -6.091473579406738,
      -5.1922101974487305,
      -7.276421546936035,
      -5.456420421600342,
      -7.396921157836914,
      -1.4928207397460938,
      -2.2567813396453857,
      2.785534381866455,
      1.3213571310043335,
      0.6229346394538879,
      -3.852933883666992
    ],
    [
      12.561528205871582,
      1.146836757659912,
      14.913561820983887,
      5.788469314575195,
      9.743834495544434,
      7.409746170043945,
      9.23808765411377,
      7.477659225463867,
      10.882989883422852,
      9.232712745666504,
      9.566749572753906,
      6.928099632263184,
      2.621574640274048,
      0.8201439380645752,
      0.34781521558761597,
      -1.6234140396118164,
      -2.129072666168213,
      -2.946009397506714
    ],
    [
      3.488508462905884,
      4.331819534301758,
      5.788469314575195,
      14.35323715209961,
      7.068046569824219,
      7.934833526611328,
      6.144871234893799,
      7.637219429016113,
      7.504076957702637,
      10.88969898223877,
      5.815365314483643,
      9.179616928100586,
      3.8661465644836426,
      6.024096965789795,
      5.644705295562744,
      6.92319393157959,
      5.533385753631592,
      4.252061367034912
    ],
    [
      12.285985946655273,
      -8.834175109863281,
      9.743834495544434,
      7.068046569824219,
      20.507020950317383,
      16.93376922607422,
      12.761557579040527,
      13.382513999938965,
      15.966826438903809,
      17.55180549621582,
      14.193059921264648,
      15.040755271911621,
      6.640425205230713,
      6.900812149047852,
      4.970674991607666,
      4.594907283782959,
      4.483516216278076,
      4.934620380401611
    ],
    [
      11.488784790039062,
      -9.849071502685547,
      7.409746170043945,
      7.934833526611328,
      16.93376922607422,
      21.689435958862305,
      9.6198148727417,
      14.064940452575684,
      13.325897216796875,
      18.683082580566406,
      12.841238975524902,
      17.68156623840332,
      6.0694804191589355,
      8.491405487060547,
      5.343913555145264,
      6.644930362701416,
      5.725411415100098,
      6.531041145324707
    ],
    [
      10.474352836608887,
      -4.36458683013916,
      9.23808765411377,
      6.144871234893799,
      12.761557579040527,
      9.6198148727417,
      21.13578987121582,
      17.85930824279785,
      17.928234100341797,
      16.140560150146484,
      15.386244773864746,
      13.37016773223877,
      7.077733039855957,
      5.321473598480225,
      2.681696653366089,
      0.5185417532920837,
      1.223711609840393,
      1.7892765998840332
    ],
    [
      10.251944541931152,
      -6.091473579406738,
      7.477659225463867,
      7.637219429016113,
      13.382513999938965,
      14.064940452575684,
      17.85930824279785,
      22.910146713256836,
      17.353286743164062,
      20.661531448364258,
      15.121126174926758,
      17.713024139404297,
      7.4489641189575195,
      8.376341819763184,
      3.837493419647217,
      3.6165809631347656,
      3.6047561168670654,
      4.720125675201416
    ],
    [
      14.374185562133789,
      -5.1922101974487305,
      10.882989883422852,
      7.504076957702637,
      15.966826438903809,
      13.325897216796875,
      17.928234100341797,
      17.353286743164062,
      24.73760986328125,
      22.498746871948242,
      21.054454803466797,
      18.875673294067383,
      9.645476341247559,
      7.838289737701416,
      4.67396879196167,
      1.9664615392684937,
      2.7791748046875,
      3.2274343967437744
    ],
    [
      12.354168891906738,
      -7.276421546936035,
      9.232712745666504,
      10.88969898223877,
      17.55180549621582,
      18.683082580566406,
      16.140560150146484,
      20.661531448364258,
      22.498746871948242,
      30.03915786743164,
      19.438011169433594,
      25.23566246032715,
      9.48937702178955,
      12.279946327209473,
      6.815113067626953,
      7.435551643371582,
      5.669185161590576,
      6.939418792724609
    ],
    [
      14.50068473815918,
      -5.456420421600342,
      9.566749572753906,
      5.815365314483643,
      14.193059921264648,
      12.841238975524902,
      15.386244773864746,
      15.121126174926758,
      21.054454803466797,
      19.438011169433594,
      26.014541625976562,
      22.04646873474121,
      13.242491722106934,
      10.273249626159668,
      7.047021389007568,
      3.914065361022949,
      5.186511993408203,
      5.547401428222656
    ],
    [
      12.473779678344727,
      -7.396921157836914,
      6.928099632263184,
      9.179616928100586,
      15.040755271911621,
      17.68156623840332,
      13.37016773223877,
      17.713024139404297,
      18.875673294067383,
      25.23566246032715,
      22.04646873474121,
      29.722158432006836,
      11.502883911132812,
      14.996623039245605,
      8.114168167114258,
      9.646592140197754,
      7.8036041259765625,
      9.049720764160156
    ],
    [
      2.6589195728302,
      -1.4928207397460938,
      2.621574640274048,
      3.8661465644836426,
      6.640425205230713,
      6.0694804191589355,
      7.077733039855957,
      7.4489641189575195,
      9.645476341247559,
      9.48937702178955,
      13.242491722106934,
      11.502883911132812,
      16.88113021850586,
      12.369577407836914,
      12.408302307128906,
      9.955592155456543,
      11.645782470703125,
      11.075526237487793
    ],
    [
      1.0130215883255005,
      -2.2567813396453857,
      0.8201439380645752,
      6.024096965789795,
      6.900812149047852,
      8.491405487060547,
      5.321473598480225,
      8.376341819763184,
      7.838289737701416,
      12.279946327209473,
      10.273249626159668,
      14.996623039245605,
      12.369577407836914,
      16.85716438293457,
      11.714975357055664,
      14.436241149902344,
      12.917376518249512,
      13.394721031188965
    ],
    [
      -0.3983668386936188,
      2.785534381866455,
      0.34781521558761597,
      5.644705295562744,
      4.970674991607666,
      5.343913555145264,
      2.681696653366089,
      3.837493419647217,
      4.67396879196167,
      6.815113067626953,
      7.047021389007568,
      8.114168167114258,
      12.408302307128906,
      11.714975357055664,
      18.020971298217773,
      15.887829780578613,
      16.00873374938965,
      12.935927391052246
    ],
    [
      -1.730251431465149,
      1.3213571310043335,
      -1.6234140396118164,
      6.92319393157959,
      4.594907283782959,
      6.644930362701416,
      0.5185417532920837,
      3.6165809631347656,
      1.9664615392684937,
      7.435551643371582,
      3.914065361022949,
      9.646592140197754,
      9.955592155456543,
      14.436241149902344,
      15.887829780578613,
      21.539138793945312,
      18.452587127685547,
      16.34445571899414
    ],
    [
      -2.7365565299987793,
      0.6229346394538879,
      -2.129072666168213,
      5.533385753631592,
      4.483516216278076,
      5.725411415100098,
      1.223711609840393,
      3.6047561168670654,
      2.7791748046875,
      5.669185161590576,
      5.186511993408203,
      7.8036041259765625,
      11.645782470703125,
      12.917376518249512,
      16.00873374938965,
      18.452587127685547,
      25.861473083496094,
      22.719160079956055
    ],
    [
      -3.061016798019409,
      -3.852933883666992,
      -2.946009397506714,
      4.252061367034912,
      4.934620380401611,
      6.531041145324707,
      1.7892765998840332,
      4.720125675201416,
      3.2274343967437744,
      6.939418792724609,
      5.547401428222656,
      9.049720764160156,
      11.075526237487793,
      13.394721031188965,
      12.935927391052246,
      16.34445571899414,
      22.719160079956055,
      25.842437744140625
    ]
  ],
  "covariance_short": [
    [
      58.031272888183594,
      -21.764516830444336,
      10.381444931030273,
      1.2510665655136108,
      12.15890121459961,
      11.736898422241211,
      10.789777755737305,
      10.856861114501953,
      14.897948265075684,
      13.4222412109375,
      15.41090202331543,
      12.553191184997559,
      2.555433988571167,
      1.3030537366867065,
      -0.17256169021129608,
      -2.881300926208496,
      -0.8674517273902893,
      -1.711918592453003
    ],
    [
      -21.764516830444336,
      78.11454772949219,
      1.2636958360671997,
      8.734776496887207,
      -8.895215034484863,
      -7.801846981048584,
      -7.290803909301758,
      -7.953249454498291,
      -8.588861465454102,
      -7.952520370483398,
      -9.091534614562988,
      -7.783160209655762,
      -1.9383200407028198,
      -0.8548411130905151,
      3.043276786804199,
      5.5391526222229,
      0.1520892083644867,
      0.5695171356201172
    ],
    [
      10.381444931030273,
      1.2636958360671997,
      25.353723526000977,
      6.472321510314941,
      11.87610912322998,
      8.706047058105469,
      11.641186714172363,
      8.760965347290039,
      12.061921119689941,
      9.926128387451172,
      11.597495079040527,
      7.911966800689697,
      5.695751667022705,
      4.30508279800415,
      6.185829162597656,
      4.304299354553223,
      7.124977111816406,
      5.80490779876709
    ],
    [
      1.2510665655136108,
      8.734776496887207,
      6.472321510314941,
      18.19663429260254,
      6.12973165512085,
      7.608148097991943,
      4.718319416046143,
      6.219175338745117,
      6.0937089920043945,
      9.491498947143555,
      4.752116680145264,
      8.351221084594727,
      4.102324485778809,
      6.720571041107178,
      6.464432239532471,
      9.804609298706055,
      6.882831573486328,
      8.277377128601074
    ],
    [
      12.15890121459961,
      -8.895215034484863,
      11.87610912322998,
      6.12973165512085,
      24.913877487182617,
      18.288732528686523,
      14.464017868041992,
      13.953422546386719,
      17.122764587402344,
      17.61479377746582,
      18.068689346313477,
      17.609113693237305,
      11.180093765258789,
      11.812686920166016,
      10.499650955200195,
      10.428771018981934,
      13.263339042663574,
      13.935420036315918
    ],
    [
      11.736898422241211,
      -7.801846981048584,
      8.706047058105469,
      7.608148097991943,
      18.288732528686523,
      25.67123794555664,
      11.340522766113281,
      15.672210693359375,
      14.518505096435547,
      19.351951599121094,
      15.94487476348877,
      19.8858642578125,
      9.7883939743042,
      13.089536666870117,
      9.0028715133667,
      11.79061222076416,
      12.725495338439941,
      15.35625171661377
    ],
    [
      10.789777755737305,
      -7.290803909301758,
      11.641186714172363,
      4.718319416046143,
      14.464017868041992,
      11.340522766113281,
      26.066020965576172,
      18.71394157409668,
      19.75775146484375,
      17.08474349975586,
      18.99040985107422,
      15.539555549621582,
      12.232575416564941,
      10.364581108093262,
      9.097884178161621,
      6.176267147064209,
      10.137018203735352,
      8.82249641418457
    ],
    [
      10.856861114501953,
      -7.953249454498291,
      8.760965347290039,
      6.219175338745117,
      13.953422546386719,
      15.672210693359375,
      18.71394157409668,
      26.190715789794922,
      18.459367752075195,
      21.105409622192383,
      18.38006019592285,
      19.82718849182129,
      12.4769926071167,
      13.726147651672363,
      9.124975204467773,
      9.48324966430664,
      11.85797119140625,
      12.72470474243164
    ],
    [
      14.897948265075684,
      -8.588861465454102,
      12.061921119689941,
      6.0937089920043945,
      17.122764587402344,
      14.518505096435547,
      19.75775146484375,
      18.459367752075195,
      29.640941619873047,
      23.926597595214844,
      26.820676803588867,
      22.671804428100586,
      17.451356887817383,
      14.801857948303223,
      11.771848678588867,
      8.355844497680664,
      12.71167278289795,
      10.573270797729492
    ],
    [
      13.4222412109375,
      -7.952520370483398,
      9.926128387451172,
      9.491498947143555,
      17.61479377746582,
      19.351951599121094,
      17.08474349975586,
      21.105409622192383,
      23.926597595214844,
      32.74766159057617,
      23.801742553710938,
      28.59874153137207,
      16.339872360229492,
      19.89410972595215,
      13.238170623779297,
      15.59000301361084,
      15.55434513092041,
      17.34002685546875
    ],
    [
      15.41090202331543,
      -9.091534614562988,
      11.597495079040527,
      4.752116680145264,
      18.068689346313477,
      15.94487476348877,
      18.99040985107422,
      18.38006019592285,
      26.820676803588867,
      23.801742553710938,
      37.1502571105957,
      29.278596878051758,
      26.534748077392578,
      21.793983459472656,
      19.491199493408203,
      14.346606254577637,
      21.16168975830078,
      18.1243953704834
    ],
    [
      12.553191184997559,
      -7.783160209655762,
      7.911966800689697,
      8.351221084594727,
      17.609113693237305,
      19.8858642578125,
      15.539555549621582,
      19.82718849182129,
      22.671804428100586,
      28.59874153137207,
      29.278596878051758,
      38.337745666503906,
      22.59273910522461,
      27.429588317871094,
      18.69894027709961,
      22.67887306213379,
      23.178390502929688,
      25.2635498046875
    ],
    [
      2.555433988571167,
      -1.9383200407028198,
      5.695751667022705,
      4.102324485778809,
      11.180093765258789,
      9.7883939743042,
      12.232575416564941,
      12.4769926071167,
      17.451356887817383,
      16.339872360229492,
      26.534748077392578,
      22.59273910522461,
      42.239253997802734,
      33.478294372558594,
      36.934974670410156,
      31.08784294128418,
      42.33094787597656,
      39.19132614135742
    ],
    [
      1.3030537366867065,
      -0.8548411130905151,
      4.30508279800415,
      6.720571041107178,
      11.812686920166016,
      13.089536666870117,
      10.364581108093262,
      13.726147651672363,
      14.801857948303223,
      19.89410972595215,
      21.793983459472656,
      27.429588317871094,
      33.478294372558594,
      39.89382553100586,
      32.342864990234375,
      38.30137634277344,
      41.82554626464844,
      45.03606033325195
    ],
    [
      -0.17256169021129608,
      3.043276786804199,
      6.185829162597656,
      6.464432239532471,
      10.499650955200195,
      9.0028715133667,
      9.097884178161621,
      9.124975204467773,
      11.771848678588867,
      13.238170623779297,
      19.491199493408203,
      18.69894027709961,
      36.934974670410156,
      32.342864990234375,
      49.77194595336914,
      43.739105224609375,
      53.21010971069336,
      50.543067932128906
    ],
    [
      -2.881300926208496,
      5.5391526222229,
      4.304299354553223,
      9.804609298706055,
      10.428771018981934,
      11.79061222076416,
      6.176267147064209,
      9.48324966430664,
      8.355844497680664,
      15.59000301361084,
      14.346606254577637,
      22.67887306213379,
      31.08784294128418,
      38.30137634277344,
      43.739105224609375,
      56.38401412963867,
      53.89612579345703,
      60.614471435546875
    ],
    [
      -0.8674517273902893,
      0.1520892083644867,
      7.124977111816406,
      6.882831573486328,
      13.263339042663574,
      12.725495338439941,
      10.137018203735352,
      11.85797119140625,
      12.71167278289795,
      15.55434513092041,
      21.16168975830078,
      23.178390502929688,
      42.33094787597656,
      41.82554626464844,
      53.21010971069336,
      53.89612579345703,
      82.04513549804688,
      82.89746856689453
    ],
    [
      -1.711918592453003,
      0.5695171356201172,
      5.80490779876709,
      8.277377128601074,
      13.935420036315918,
      15.35625171661377,
      8.82249641418457,
      12.72470474243164,
      10.573270797729492,
      17.34002685546875,
      18.1243953704834,
      25.2635498046875,
      39.19132614135742,
      45.03606033325195,
      50.543067932128906,
      60.614471435546875,
      82.89746856689453,
      95.65788269042969
    ]
  ],
  "drr": 10.485441207885742,
  "dynamics": 2.654474973678589,
  "format": 1245190,
  "frames": 10866688,
  "loudness": -11.766971588134766,
  "loudness_range": 6.763890266418457,
  "loudness_range_short": 9.41403579711914,
  "peak": 0.3113250136375427,
  "rms": -13.803492546081543,
  "sample_rate": 44100,
  "sections": 1,
  "seekable": 1,
  "sharpness": 2.3749523162841797,
  "space": -7.755780220031738
}