{
  "bands": [
    {
      "high_freq": 148.1999969482422,
      "loudness": -47.052547454833984,
      "loudness_range": 25.701045989990234,
      "mid_mean": -44.251190185546875,
      "mid_to_side_loudness": -6.983409404754639,
      "mid_to_side_loudness_range": 8.269253730773926,
      "side_mean": -51.50312042236328
    },
    {
      "high_freq": 392.3793640136719,
      "loudness": -33.46172332763672,
      "loudness_range": 21.02267837524414,
      "low_freq": 148.1999969482422,
      "mid_mean": -31.282201766967773,
      "mid_to_side_loudness": -5.251284599304199,
      "mid_to_side_loudness_range": 12.332406997680664,
      "side_mean": -36.35918045043945
    },
    {
      "high_freq": 794.6976318359375,
      "loudness": -28.718652725219727,
      "loudness_range": 16.91438865661621,
      "low_freq": 392.3793640136719,
      "mid_mean": -26.179153442382812,
      "mid_to_side_loudness": -6.08596134185791,
      "mid_to_side_loudness_range": 10.347500801086426,
      "side_mean": -32.330081939697266
    },
    {
      "high_freq": 1457.5709228515625,
      "loudness": -32.264068603515625,
      "loudness_range": 19.19453239440918,
      "low_freq": 794.6976318359375,
      "mid_mean": -29.60835838317871,
      "mid_to_side_loudness": -6.776173114776611,
      "mid_to_side_loudness_range": 11.865300178527832,
      "side_mean": -36.51953887939453
    },
    {
      "high_freq": 2549.74365234375,
      "loudness": -35.968780517578125,
      "loudness_range": 21.30259132385254,
      "low_freq": 1457.5709228515625,
      "mid_mean": -32.84831237792969,
      "mid_to_side_loudness": -10.473682403564453,
      "mid_to_side_loudness_range": 13.438591003417969,
      "side_mean": -43.45026779174805
    },
    {
      "high_freq": 4349.24462890625,
      "loudness": -38.57357406616211,
      "loudness_range": 22.86887550354004,
      "low_freq": 2549.74365234375,
      "mid_mean": -35.12670135498047,
      "mid_to_side_loudness": -13.40843677520752,
      "mid_to_side_loudness_range": 13.201459884643555,
      "side_mean": -49.224853515625
    },
    {
      "high_freq": 7314.1640625,
      "loudness": -48.89714050292969,
      "loudness_range": 23.162254333496094,
      "low_freq": 4349.24462890625,
      "mid_mean": -45.48836135864258,
      "mid_to_side_loudness": -14.522462844848633,
      "mid_to_side_loudness_range": 13.296070098876953,
      "side_mean": -59.424503326416016
    },
    {
      "high_freq": 12199.2666015625,
      "loudness": -60.21488571166992,
      "loudness_range": 25.986072540283203,
      "low_freq": 7314.1640625,
      "mid_mean": -56.57220458984375,
      "mid_to_side_loudness": -14.866003036499023,
      "mid_to_side_loudness_range": 13.572704315185547,
      "side_mean": -66.45104217529297
    },
    {
      "loudness": -64.51852416992188,
      "loudness_range": 25.209735870361328,
      "low_freq": 12199.2666015625,
      "mid_mean": -60.04782485961914,
      "mid_to_side_loudness": -17.39019775390625,
      "mid_to_side_loudness_range": 15.948430061340332,
      "side_mean": -68.87399291992188
    }
  ],
  "bands_short": [
    {
      "high_freq": 148.1999969482422,
      "loudness": -52.305908203125,
      "loudness_range": 29.43039321899414,
      "mid_mean": -50.10445022583008,
      "mid_to_side_loudness": -6.615100383758545,
      "mid_to_side_loudness_range": 10.136374473571777,
      "side_mean": -56.029083251953125
    },
    {
      "high_freq": 392.3793640136719,
      "loudness": -34.770912170410156,
      "loudness_range": 23.87382698059082,
      "low_freq": 148.1999969482422,
      "mid_mean": -32.7161750793457,
      "mid_to_side_loudness": -5.5413970947265625,
      "mid_to_side_loudness_range": 15.09947395324707,
      "side_mean": -38.07211685180664
    },
    {
      "high_freq": 794.6976318359375,
      "loudness": -29.672487258911133,
      "loudness_range": 19.71026039123535,
      "low_freq": 392.3793640136719,
      "mid_mean": -27.232128143310547,
      "mid_to_side_loudness": -6.462547302246094,
      "mid_to_side_loudness_range": 13.729326248168945,
      "side_mean": -33.72334289550781
    },
    {
      "high_freq": 1457.5709228515625,
      "loudness": -33.2720947265625,
      "loudness_range": 22.812583923339844,
      "low_freq": 794.6976318359375,
      "mid_mean": -30.79393768310547,
      "mid_to_side_loudness": -6.617454528808594,
      "mid_to_side_loudness_range": 14.626842498779297,
      "side_mean": -37.73606872558594
    },
    {
      "high_freq": 2549.74365234375,
      "loudness": -37.53996276855469,
      "loudness_range": 24.371702194213867,
      "low_freq": 1457.5709228515625,
      "mid_mean": -34.60826873779297,
      "mid_to_side_loudness": -9.840673446655273,
      "mid_to_side_loudness_range": 16.30944061279297,
      "side_mean": -44.62604904174805
    },
    {
      "high_freq": 4349.24462890625,
      "loudness": -40.910377502441406,
      "loudness_range": 27.98029136657715,
      "low_freq": 2549.74365234375,
      "mid_mean": -37.792076110839844,
      "mid_to_side_loudness": -11.811016082763672,
      "mid_to_side_loudness_range": 16.78445816040039,
      "side_mean": -50.59222412109375
    },
    {
      "high_freq": 7314.1640625,
      "loudness": -51.027320861816406,
      "loudness_range": 28.063720703125,
      "low_freq": 4349.24462890625,
      "mid_mean": -48.210750579833984,
      "mid_to_side_loudness": -12.740155220031738,
      "mid_to_side_loudness_range": 17.315603256225586,
      "side_mean": -60.163055419921875
    },
    {
      "high_freq": 12199.2666015625,
      "loudness": -61.95029830932617,
      "loudness_range": 29.684242248535156,
      "low_freq": 7314.1640625,
      "mid_mean": -58.9636116027832,
      "mid_to_side_loudness": -12.701079368591309,
      "mid_to_side_loudness_range": 16.589637756347656,
      "side_mean": -66.84214782714844
    },
    {
      "loudness": -65.45962524414062,
      "loudness_range": 28.910655975341797,
      "low_freq": 12199.2666015625,
      "mid_mean": -62.06135177612305,
      "mid_to_side_loudness": -14.81023120880127,
      "mid_to_side_loudness_range": 19.206029891967773,
      "side_mean": -69.03557586669922
    }
  ],
  "channels": 2,
  "covariance": [
    [
      86.0823974609375,
      68.42285919189453,
      45.3513298034668,
      47.320411682128906,
      28.803537368774414,
      37.24941635131836,
      28.917144775390625,
      31.307859420776367,
      34.73228073120117,
      48.764617919921875,
      37.78594970703125,
      37.877540588378906,
      38.678138732910156,
      37.22871398925781,
      41.746822357177734,
      23.371070861816406,
      36.22186279296875,
      8.211725234985352
    ],
    [
      68.42285919189453,
      66.1612319946289,
      41.006752014160156,
      43.12385177612305,
      27.73931884765625,
      35.44039535522461,
      29.31769371032715,
      32.7244758605957,
      32.070289611816406,
      44.85406494140625,
      34.675132751464844,
      36.772178649902344,
      35.880027770996094,
      37.674102783203125,
      40.75338363647461,
      22.360153198242188,
      34.96657943725586,
      8.022385597229004
    ],
    [
      45.3513298034668,
      41.006752014160156,
      49.325660705566406,
      44.67228317260742,
      28.178409576416016,
      31.400516510009766,
      28.37112808227539,
      30.226163864135742,
      28.90440559387207,
      38.81788635253906,
      29.753381729125977,
      33.47294998168945,
      30.008987426757812,
      27.960302352905273,
      30.330392837524414,
      16.123886108398438,
      26.711761474609375,
      5.678987979888916
    ],
    [
      47.320411682128906,
      43.12385177612305,
      44.67228317260742,
      60.94603729248047,
      28.738630294799805,
      32.88483428955078,
      28.488861083984375,
      29.453887939453125,
      28.05616569519043,
      42.122528076171875,
      31.502710342407227,
      34.289913177490234,
      29.801013946533203,
      29.37073516845703,
      32.371803283691406,
      17.71782684326172,
      28.306467056274414,
      6.290291786193848
    ],
    [
      28.803537368774414,
      27.73931884765625,
      28.178409576416016,
      28.738630294799805,
      40.23917770385742,
      34.634300231933594,
      29.277877807617188,
      30.615154266357422,
      32.22884750366211,
      35.64627456665039,
      31.494857788085938,
      33.64215850830078,
      30.61679458618164,
      26.73900032043457,
      30.62662124633789,
      15.957033157348633,
      26.450851440429688,
      5.195093154907227
    ],
    [
      37.24941635131836,
      35.44039535522461,
      31.400516510009766,
      32.88483428955078,
      34.634300231933594,
      43.921329498291016,
      31.393577575683594,
      36.6213264465332,
      32.017818450927734,
      40.125572204589844,
      31.496726989746094,
      36.782379150390625,
      30.57663917541504,
      31.017032623291016,
      31.24336051940918,
      18.99219512939453,
      27.413909912109375,
      6.384247303009033
    ],
    [
      28.917144775390625,
      29.31769371032715,
      28.37112808227539,
      28.488861083984375,
      29.277877807617188,
      31.393577575683594,
      48.454566955566406,
      42.233985900878906,
      35.86389923095703,
      41.11256408691406,
      41.015567779541016,
      44.526893615722656,
      40.296478271484375,
      36.68423080444336,
      43.43923568725586,
      23.224105834960938,
      37.64897918701172,
      8.118714332580566
    ],
    [
      31.307859420776367,
      32.7244758605957,
      30.226163864135742,
      29.453887939453125,
      30.615154266357422,
      36.6213264465332,
      42.233985900878906,
      54.2320671081543,
      33.58071517944336,
      43.909446716308594,
      32.986515045166016,
      43.97001647949219,
      34.857025146484375,
      36.15861511230469,
      36.58221435546875,
      22.404447555541992,
      32.28878402709961,
      7.65836238861084
    ],
    [
      34.73228073120117,
      32.070289611816406,
      28.90440559387207,
      28.05616569519043,
      32.22884750366211,
      32.017818450927734,
      35.86389923095703,
      33.58071517944336,
      52.10711669921875,
      44.02158737182617,
      46.022430419921875,
      42.129005432128906,
      48.97250747680664,
      38.153167724609375,
      48.05060958862305,
      22.839038848876953,
      42.876808166503906,
      8.187361717224121
    ],
    [
      48.764617919921875,
      44.85406494140625,
      38.81788635253906,
      42.122528076171875,
      35.64627456665039,
      40.125572204589844,
      41.11256408691406,
      43.909446716308594,
      44.02158737182617,
      58.05837631225586,
      44.04620361328125,
      47.85041046142578,
      45.811126708984375,
      42.64229965209961,
      48.00053024291992,
      26.379358291625977,
      41.335968017578125,
      8.883970260620117
    ],
    [
      37.78594970703125,
      34.675132751464844,
      29.753381729125977,
      31.502710342407227,
      31.494857788085938,
      31.496726989746094,
      41.015567779541016,
      32.986515045166016,
      46.022430419921875,
      44.04620361328125,
      61.77487564086914,
      45.24855041503906,
      53.763328552246094,
      40.20870590209961,
      57.317161560058594,
      25.89988899230957,
      50.207427978515625,
      9.399277687072754
    ],
    [
      37.877540588378906,
      36.772178649902344,
      33.47294998168945,
      34.289913177490234,
      33.64215850830078,
      36.782379150390625,
      44.526893615722656,
      43.97001647949219,
      42.129005432128906,
      47.85041046142578,
      45.24855041503906,
      54.23630142211914,
      43.520870208740234,
      42.40465545654297,
      48.01249313354492,
      26.397979736328125,
      42.09453201293945,
      9.271076202392578
    ],
    [
      38.678138732910156,
      35.880027770996094,
      30.008987426757812,
      29.801013946533203,
      30.61679458618164,
      30.57663917541504,
      40.296478271484375,
      34.857025146484375,
      48.97250747680664,
      45.811126708984375,
      53.763328552246094,
      43.520870208740234,
      63.97587585449219,
      43.87427520751953,
      59.16971969604492,
      26.535051345825195,
      52.27055740356445,
      9.795154571533203
    ],
    [
      37.22871398925781,
      37.674102783203125,
      27.960302352905273,
      29.37073516845703,
      26.73900032043457,
      31.017032623291016,
      36.68423080444336,
      36.15861511230469,
      38.153167724609375,
      42.64229965209961,
      40.20870590209961,
      42.40465545654297,
      43.87427520751953,
      43.38597869873047,
      46.10828399658203,
      25.452125549316406,
      40.82966613769531,
      9.150697708129883
    ],
    [
      41.746822357177734,
      40.75338363647461,
      30.330392837524414,
      32.371803283691406,
      30.62662124633789,
      31.24336051940918,
      43.43923568725586,
      36.58221435546875,
      48.05060958862305,
      48.00053024291992,
      57.317161560058594,
      48.01249313354492,
      59.16971969604492,
      46.10828399658203,
      67.97480010986328,
      29.63792610168457,
      58.207183837890625,
      10.864274024963379
    ],
    [
      23.371070861816406,
      22.360153198242188,
      16.123886108398438,
      17.71782684326172,
      15.957033157348633,
      18.99219512939453,
      23.224105834960938,
      22.404447555541992,
      22.839038848876953,
      26.379358291625977,
      25.89988899230957,
      26.397979736328125,
      26.535051345825195,
      25.452125549316406,
      29.63792610168457,
      17.97373390197754,
      26.535585403442383,
      6.823171138763428
    ],
    [
      36.22186279296875,
      34.96657943725586,
      26.711761474609375,
      28.306467056274414,
      26.450851440429688,
      27.413909912109375,
      37.64897918701172,
      32.28878402709961,
      42.876808166503906,
      41.335968017578125,
      50.207427978515625,
      42.09453201293945,
      52.27055740356445,
      40.82966613769531,
      58.207183837890625,
      26.535585403442383,
      53.38622283935547,
      10.266050338745117
    ],
    [
      8.211725234985352,
      8.022385597229004,
      5.678987979888916,
      6.290291786193848,
      5.195093154907227,
      6.384247303009033,
      8.118714332580566,
      7.65836238861084,
      8.187361717224121,
      8.883970260620117,
      9.399277687072754,
      9.271076202392578,
      9.795154571533203,
      9.150697708129883,
      10.864274024963379,
      6.823171138763428,
      10.266050338745117,
      3.1946709156036377
    ]
  ],
  "covariance_short": [
    [
      113.0789566040039,
      89.7083511352539,
      56.944786071777344,
      56.11213302612305,
      34.97496795654297,
      47.155052185058594,
      37.4289436340332,
      42.52143096923828,
      43.963287353515625,
      53.774627685546875,
      46.4695930480957,
      51.0989990234375,
      48.23353576660156,
      43.71931076049805,
      48.854576110839844,
      23.991483688354492,
      39.64945983886719,
      8.208512306213379
    ],
    [
      89.7083511352539,
      80.49966430664062,
      49.02872848510742,
      49.74311828613281,
      29.88304328918457,
      40.09327697753906,
      33.074546813964844,
      37.366153717041016,
      37.545166015625,
      46.16655731201172,
      39.83595275878906,
      43.29377365112305,
      41.59538269042969,
      37.6441764831543,
      40.93653869628906,
      20.799102783203125,
      33.422691345214844,
      7.269615650177002
    ],
    [
      56.944786071777344,
      49.02872848510742,
      67.9665298461914,
      57.403648376464844,
      32.37602996826172,
      38.90279006958008,
      33.31706237792969,
      36.46537399291992,
      35.91346740722656,
      45.02326965332031,
      37.83811950683594,
      38.71300506591797,
      37.70145797729492,
      32.137245178222656,
      34.780418395996094,
      17.09694480895996,
      28.858158111572266,
      5.816924571990967
    ],
    [
      56.11213302612305,
      49.74311828613281,
      57.403648376464844,
      77.72876739501953,
      32.352874755859375,
      42.409156799316406,
      32.850608825683594,
      36.74466323852539,
      34.8909797668457,
      47.85159683227539,
      37.838966369628906,
      40.55961227416992,
      36.584651947021484,
      34.03337097167969,
      34.95954132080078,
      18.474220275878906,
      29.267141342163086,
      6.408885955810547
    ],
    [
      34.97496795654297,
      29.88304328918457,
      32.37602996826172,
      32.352874755859375,
      49.756065368652344,
      41.57278060913086,
      34.52777862548828,
      35.110904693603516,
      38.25050354003906,
      39.21413803100586,
      38.41898727416992,
      38.25874328613281,
      36.44577407836914,
      29.336864471435547,
      31.631837844848633,
      15.170902252197266,
      25.146697998046875,
      4.658318996429443
    ],
    [
      47.155052185058594,
      40.09327697753906,
      38.90279006958008,
      42.409156799316406,
      41.57278060913086,
      59.00967788696289,
      36.399559020996094,
      42.27332305908203,
      38.149932861328125,
      45.01369094848633,
      39.371341705322266,
      42.14912414550781,
      37.496402740478516,
      33.74330520629883,
      33.468563079833984,
      18.04952621459961,
      26.914403915405273,
      5.84010124206543
    ],
    [
      37.4289436340332,
      33.074546813964844,
      33.31706237792969,
      32.850608825683594,
      34.52777862548828,
      36.399559020996094,
      64.57723236083984,
      52.19193649291992,
      48.42381286621094,
      49.70793151855469,
      56.70915603637695,
      52.53789520263672,
      55.30632400512695,
      42.2276725769043,
      51.555641174316406,
      24.14082908630371,
      41.48906707763672,
      8.021342277526855
    ],
    [
      42.52143096923828,
      37.366153717041016,
      36.46537399291992,
      36.74466323852539,
      35.110904693603516,
      42.27332305908203,
      52.19193649291992,
      68.85330963134766,
      41.721343994140625,
      53.09451675415039,
      43.56252670288086,
      52.1601676940918,
      42.882171630859375,
      40.20705032348633,
      40.1110954284668,
      22.68925666809082,
      32.1681022644043,
      7.221342086791992
    ],
    [
      43.963287353515625,
      37.545166015625,
      35.91346740722656,
      34.8909797668457,
      38.25050354003906,
      38.149932861328125,
      48.42381286621094,
      41.721343994140625,
      72.92771911621094,
      52.90226364135742,
      69.02806091308594,
      50.82242965698242,
      72.14077758789062,
      44.69295883178711,
      62.976810455322266,
      24.59844207763672,
      52.09919738769531,
      8.498915672302246
    ],
    [
      53.774627685546875,
      46.16655731201172,
      45.02326965332031,
      47.85159683227539,
      39.21413803100586,
      45.01369094848633,
      49.70793151855469,
      53.09451675415039,
      52.90226364135742,
      67.377197265625,
      53.95286560058594,
      54.99557113647461,
      54.873435974121094,
      46.83538055419922,
      50.58822250366211,
      25.81479263305664,
      40.33787536621094,
      8.25960636138916
    ],
    [
      46.4695930480957,
      39.83595275878906,
      37.83811950683594,
      37.838966369628906,
      38.41898727416992,
      39.371341705322266,
      56.70915603637695,
      43.56252670288086,
      69.02806091308594,
      53.95286560058594,
      93.776611328125,
      58.302188873291016,
      83.54232788085938,
      50.237701416015625,
      77.71712493896484,
      29.428525924682617,
      64.39125061035156,
      10.45900821685791
    ],
    [
      51.0989990234375,
      43.29377365112305,
      38.71300506591797,
      40.55961227416992,
      38.25874328613281,
      42.14912414550781,
      52.53789520263672,
      52.1601676940918,
      50.82242965698242,
      54.99557113647461,
      58.302188873291016,
      71.24784851074219,
      54.691009521484375,
      50.03005599975586,
      55.59587478637695,
      27.399478912353516,
      44.196678161621094,
      8.950814247131348
    ],
    [
      48.23353576660156,
      41.59538269042969,
      37.70145797729492,
      36.584651947021484,
      36.44577407836914,
      37.496402740478516,
      55.30632400512695,
      42.882171630859375,
      72.14077758789062,
      54.873435974121094,
      83.54232788085938,
      54.691009521484375,
      98.07908630371094,
      53.52397155761719,
      82.33000183105469,
      29.991588592529297,
      68.76177215576172,
      10.892428398132324
    ],
    [
      43.71931076049805,
      37.6441764831543,
      32.137245178222656,
      34.03337097167969,
      29.336864471435547,
      33.74330520629883,
      42.2276725769043,
      40.20705032348633,
      44.69295883178711,
      46.83538055419922,
      50.237701416015625,
      50.03005599975586,
      53.52397155761719,
      47.237152099609375,
      50.06389617919922,
      24.99913787841797,
      40.66460037231445,
      8.481852531433105
    ],
    [
      48.854576110839844,
      40.93653869628906,
      34.780418395996094,
      34.95954132080078,
      31.631837844848633,
      33.468563079833984,
      51.555641174316406,
      40.1110954284668,
      62.976810455322266,
      50.58822250366211,
      77.71712493896484,
      55.59587478637695,
      82.33000183105469,
      50.06389617919922,
      83.90201568603516,
      30.980144500732422,
      69.4261245727539,
      11.537269592285156
    ],
    [
      23.991483688354492,
      20.799102783203125,
      17.09694480895996,
      18.474220275878906,
      15.170902252197266,
      18.04952621459961,
      24.14082908630371,
      22.68925666809082,
      24.59844207763672,
      25.81479263305664,
      29.428525924682617,
      27.399478912353516,
      29.991588592529297,
      24.99913787841797,
      30.980144500732422,
      17.436677932739258,
      25.926095962524414,
      6.366603374481201
    ],
    [
      39.64945983886719,
      33.422691345214844,
      28.858158111572266,
      29.267141342163086,
      25.146697998046875,
      26.914403915405273,
      41.48906707763672,
      32.1681022644043,
      52.09919738769531,
      40.33787536621094,
      64.39125061035156,
      44.196678161621094,
      68.76177215576172,
      40.66460037231445,
      69.4261245727539,
      25.926095962524414,
      62.883636474609375,
      10.623831748962402
    ],
    [
      8.208512306213379,
      7.269615650177002,
      5.816924571990967,
      6.408885955810547,
      4.658318996429443,
      5.84010124206543,
      8.021342277526855,
      7.221342086791992,
      8.498915672302246,
      8.25960636138916,
      10.45900821685791,
      8.950814247131348,
      10.892428398132324,
      8.481852531433105,
      11.537269592285156,
      6.366603374481201,
      10.623831748962402,
      3.2306997776031494
    ]
  ],
  "drr": 10.814027786254883,
  "dynamics": 5.228641986846924,
  "format": 1245190,
  "frames": 7305216,
  "loudness": -20.96034812927246,
  "loudness_range": 15.232818603515625,
  "loudness_range_short": 18.016334533691406,
  "peak": -0.01752849668264389,
  "rms": -21.411060333251953,
  "sample_rate": 44100,
  "sections": 1,
  "seekable": 1,
  "sharpness": 3.0856902599334717,
  "space": -6.876429080963135
}