{
  "bands": [
    {
      "high_freq": 148.1999969482422,
      "loudness": -32.9942512512207,
      "loudness_range": 22.32131004333496,
      "mid_mean": -29.604429244995117,
      "mid_to_side_loudness": -14.332493782043457,
      "mid_to_side_loudness_range": 16.990049362182617,
      "side_mean": -44.25767135620117
    },
    {
      "high_freq": 392.3793640136719,
      "loudness": -25.5402774810791,
      "loudness_range": 12.640678405761719,
      "low_freq": 148.1999969482422,
      "mid_mean": -22.393674850463867,
      "mid_to_side_loudness": -10.073878288269043,
      "mid_to_side_loudness_range": 13.744794845581055,
      "side_mean": -33.13276672363281
    },
    {
      "high_freq": 794.6976318359375,
      "loudness": -27.199247360229492,
      "loudness_range": 16.87338638305664,
      "low_freq": 392.3793640136719,
      "mid_mean": -24.483346939086914,
      "mid_to_side_loudness": -8.549298286437988,
      "mid_to_side_loudness_range": 19.251358032226562,
      "side_mean": -33.78633117675781
    },
    {
      "high_freq": 1457.5709228515625,
      "loudness": -31.626386642456055,
      "loudness_range": 27.25244903564453,
      "low_freq": 794.6976318359375,
      "mid_mean": -29.561100006103516,
      "mid_to_side_loudness": -7.338497161865234,
      "mid_to_side_loudness_range": 24.59611701965332,
      "side_mean": -37.842369079589844
    },
    {
      "high_freq": 2549.74365234375,
      "loudness": -35.867347717285156,
      "loudness_range": 31.173763275146484,
      "low_freq": 1457.5709228515625,
      "mid_mean": -33.64170837402344,
      "mid_to_side_loudness": -7.38361930847168,
      "mid_to_side_loudness_range": 20.990509033203125,
      "side_mean": -41.88296890258789
    },
    {
      "high_freq": 4349.24462890625,
      "loudness": -38.4587516784668,
      "loudness_range": 30.194198608398438,
      "low_freq": 2549.74365234375,
      "mid_mean": -35.85157775878906,
      "mid_to_side_loudness": -8.404014587402344,
      "mid_to_side_loudness_range": 15.700769424438477,
      "side_mean": -44.71247100830078
    },
    {
      "high_freq": 7314.1640625,
      "loudness": -41.8805046081543,
      "loudness_range": 27.34105682373047,
      "low_freq": 4349.24462890625,
      "mid_mean": -39.38489532470703,
      "mid_to_side_loudness": -6.839082717895508,
      "mid_to_side_loudness_range": 10.076998710632324,
      "side_mean": -47.27549743652344
    },
    {
      "high_freq": 12199.2666015625,
      "loudness": -41.50480651855469,
      "loudness_range": 23.676847457885742,
      "low_freq": 7314.1640625,
      "mid_mean": -39.33349609375,
      "mid_to_side_loudness": -4.427975177764893,
      "mid_to_side_loudness_range": 5.477405071258545,
      "side_mean": -44.164127349853516
    },
    {
      "loudness": -47.39073181152344,
      "loudness_range": 21.724700927734375,
      "low_freq": 12199.2666015625,
      "mid_mean": -47.49588394165039,
      "mid_to_side_loudness": -0.8694637417793274,
      "mid_to_side_loudness_range": 2.9749722480773926,
      "side_mean": -48.81264114379883
    }
  ],
  "bands_short": [
    {
      "high_freq": 148.1999969482422,
      "loudness": -36.328338623046875,
      "loudness_range": 26.895694732666016,
      "mid_mean": -33.01496887207031,
      "mid_to_side_loudness": -13.9878511428833,
      "mid_to_side_loudness_range": 19.169681549072266,
      "side_mean": -47.36043930053711
    },
    {
      "high_freq": 392.3793640136719,
      "loudness": -26.8585147857666,
      "loudness_range": 14.981468200683594,
      "low_freq": 148.1999969482422,
      "mid_mean": -23.78607749938965,
      "mid_to_side_loudness": -9.781706809997559,
      "mid_to_side_loudness_range": 14.711578369140625,
      "side_mean": -34.26612854003906
    },
    {
      "high_freq": 794.6976318359375,
      "loudness": -27.891464233398438,
      "loudness_range": 18.684762954711914,
      "low_freq": 392.3793640136719,
      "mid_mean": -25.318023681640625,
      "mid_to_side_loudness": -7.932246208190918,
      "mid_to_side_loudness_range": 19.47781753540039,
      "side_mean": -34.00890350341797
    },
    {
      "high_freq": 1457.5709228515625,
      "loudness": -32.997886657714844,
      "loudness_range": 29.792739868164062,
      "low_freq": 794.6976318359375,
      "mid_mean": -31.27668571472168,
      "mid_to_side_loudness": -6.259500980377197,
      "mid_to_side_loudness_range": 25.630416870117188,
      "side_mean": -38.543094635009766
    },
    {
      "high_freq": 2549.74365234375,
      "loudness": -38.21800994873047,
      "loudness_range": 34.03025817871094,
      "low_freq": 1457.5709228515625,
      "mid_mean": -36.33201599121094,
      "mid_to_side_loudness": -6.361213684082031,
      "mid_to_side_loudness_range": 21.755516052246094,
      "side_mean": -43.571475982666016
    },
    {
      "high_freq": 4349.24462890625,
      "loudness": -40.7315559387207,
      "loudness_range": 32.734954833984375,
      "low_freq": 2549.74365234375,
      "mid_mean": -38.507625579833984,
      "mid_to_side_loudness": -7.585302352905273,
      "mid_to_side_loudness_range": 16.86056137084961,
      "side_mean": -46.82005310058594
    },
    {
      "high_freq": 7314.1640625,
      "loudness": -45.64727020263672,
      "loudness_range": 34.967010498046875,
      "low_freq": 4349.24462890625,
      "mid_mean": -43.868221282958984,
      "mid_to_side_loudness": -5.920705795288086,
      "mid_to_side_loudness_range": 11.676050186157227,
      "side_mean": -51.5263786315918
    },
    {
      "high_freq": 12199.2666015625,
      "loudness": -44.616180419921875,
      "loudness_range": 30.8280029296875,
      "low_freq": 7314.1640625,
      "mid_mean": -43.75056457519531,
      "mid_to_side_loudness": -4.060175895690918,
      "mid_to_side_loudness_range": 5.584034442901611,
      "side_mean": -50.72231674194336
    },
    {
      "loudness": -51.67566680908203,
      "loudness_range": 31.17000961303711,
      "low_freq": 12199.2666015625,
      "mid_mean": -53.22050476074219,
      "mid_to_side_loudness": -0.9145261645317078,
      "mid_to_side_loudness_range": 3.141099691390991,
      "side_mean": -54.054664611816406
    }
  ],
  "channels": 2,
  "covariance": [
    [
      63.88933563232422,
      36.21876907348633,
      5.723570346832275,
      12.47835922241211,
      1.3317111730575562,
      12.46969223022461,
      0.5590261816978455,
      12.041077613830566,
      -5.034186363220215,
      7.493404865264893,
      -7.572629928588867,
      -0.22526684403419495,
      -9.801956176757812,
      -2.0702741146087646,
      -9.783570289611816,
      -9.200599670410156,
      2.5111448764801025,
      4.638428211212158
    ],
    [
      36.21876907348633,
      45.940303802490234,
      4.3205485343933105,
      11.230260848999023,
      4.172302722930908,
      10.89518928527832,
      9.485021591186523,
      14.294431686401367,
      6.9506378173828125,
      17.277103424072266,
      0.458690881729126,
      9.266490936279297,
      -4.169524192810059,
      -2.720090389251709,
      -3.571108818054199,
      -4.46926736831665,
      -3.647918939590454,
      -4.614346504211426
    ],
    [
      5.723570346832275,
      4.3205485343933105,
      23.41099739074707,
      14.459113121032715,
      12.907805442810059,
      11.13294506072998,
      11.355690002441406,
      10.975459098815918,
      19.02212905883789,
      17.94010353088379,
      18.591033935546875,
      17.567768096923828,
      22.184904098510742,
      21.39299201965332,
      20.51552963256836,
      19.33644676208496,
      17.139371871948242,
      17.624719619750977
    ],
    [
      12.47835922241211,
      11.230260848999023,
      14.459113121032715,
      32.430702209472656,
      5.411786079406738,
      17.415393829345703,
      2.5365183353424072,
      19.63100814819336,
      6.231478691101074,
      20.449626922607422,
      4.434051990509033,
      14.401834487915039,
      10.239828109741211,
      13.685966491699219,
      7.530832767486572,
      6.648955345153809,
      8.813263893127441,
      10.168639183044434
    ],
    [
      1.3317111730575562,
      4.172302722930908,
      12.907805442810059,
      5.411786079406738,
      43.69393539428711,
      17.505023956298828,
      45.051429748535156,
      17.838294982910156,
      51.66688919067383,
      32.26287078857422,
      47.515159606933594,
      37.205718994140625,
      28.72365379333496,
      27.321271896362305,
      28.39814567565918,
      26.865251541137695,
      24.639728546142578,
      25.386804580688477
    ],
    [
      12.46969223022461,
      10.89518928527832,
      11.13294506072998,
      17.415393829345703,
      17.505023956298828,
      38.61463165283203,
      11.244987487792969,
      31.594593048095703,
      13.329852104187012,
      30.66897201538086,
      10.49804401397705,
      23.513408660888672,
      15.00158405303955,
      17.245376586914062,
      11.10783863067627,
      9.339031219482422,
      7.967312335968018,
      7.004949569702148
    ],
    [
      0.5590261816978455,
      9.485021591186523,
      11.355690002441406,
      2.5365183353424072,
      45.051429748535156,
      11.244987487792969,
      86.64278411865234,
      28.271236419677734,
      79.21161651611328,
      41.6993408203125,
      71.78626251220703,
      51.41508483886719,
      40.27680206298828,
      36.1776237487793,
      39.363502502441406,
      37.029205322265625,
      33.36206817626953,
      32.757328033447266
    ],
    [
      12.041077613830566,
      14.294431686401367,
      10.975459098815918,
      19.63100814819336,
      17.838294982910156,
      31.594593048095703,
      28.271236419677734,
      52.03842544555664,
      24.750642776489258,
      41.94730758666992,
      17.42125701904297,
      32.167415618896484,
      17.521080017089844,
      20.6663875579834,
      12.028563499450684,
      10.395901679992676,
      7.571935653686523,
      6.310155868530273
    ],
    [
      -5.034186363220215,
      6.9506378173828125,
      19.02212905883789,
      6.231478691101074,
      51.66688919067383,
      13.329852104187012,
      79.21161651611328,
      24.750642776489258,
      114.90669250488281,
      61.359066009521484,
      100.45269775390625,
      73.88810729980469,
      64.02748107910156,
      57.2307014465332,
      59.9847526550293,
      56.268558502197266,
      49.45604705810547,
      48.58544158935547
    ],
    [
      7.493404865264893,
      17.277103424072266,
      17.94010353088379,
      20.449626922607422,
      32.26287078857422,
      30.66897201538086,
      41.6993408203125,
      41.94730758666992,
      61.359066009521484,
      68.08926391601562,
      49.678077697753906,
      57.51618194580078,
      38.997230529785156,
      37.904361724853516,
      32.84928512573242,
      29.9570255279541,
      21.532249450683594,
      20.690900802612305
    ],
    [
      -7.572629928588867,
      0.458690881729126,
      18.591033935546875,
      4.434051990509033,
      47.515159606933594,
      10.49804401397705,
      71.78626251220703,
      17.42125701904297,
      100.45269775390625,
      49.678077697753906,
      113.01402282714844,
      77.0322265625,
      78.4920654296875,
      69.35503387451172,
      70.59184265136719,
      65.6724853515625,
      59.69036102294922,
      58.93114471435547
    ],
    [
      -0.22526684403419495,
      9.266490936279297,
      17.567768096923828,
      14.401834487915039,
      37.205718994140625,
      23.513408660888672,
      51.41508483886719,
      32.167415618896484,
      73.88810729980469,
      57.51618194580078,
      77.0322265625,
      73.2761459350586,
      62.015995025634766,
      58.30946731567383,
      52.711029052734375,
      48.29438018798828,
      39.40234375,
      37.79100036621094
    ],
    [
      -9.801956176757812,
      -4.169524192810059,
      22.184904098510742,
      10.239828109741211,
      28.72365379333496,
      15.00158405303955,
      40.27680206298828,
      17.521080017089844,
      64.02748107910156,
      38.997230529785156,
      78.4920654296875,
      62.015995025634766,
      95.22733306884766,
      82.70904541015625,
      78.32221221923828,
      73.90872192382812,
      66.43203735351562,
      62.88081359863281
    ],
    [
      -2.0702741146087646,
      -2.720090389251709,
      21.39299201965332,
      13.685966491699219,
      27.321271896362305,
      17.245376586914062,
      36.1776237487793,
      20.6663875579834,
      57.2307014465332,
      37.904361724853516,
      69.35503387451172,
      58.30946731567383,
      82.70904541015625,
      89.1756591796875,
      66.20243072509766,
      62.16779327392578,
      67.53545379638672,
      64.90726470947266
    ],
    [
      -9.783570289611816,
      -3.571108818054199,
      20.51552963256836,
      7.530832767486572,
      28.39814567565918,
      11.10783863067627,
      39.363502502441406,
      12.028563499450684,
      59.9847526550293,
      32.84928512573242,
      70.59184265136719,
      52.711029052734375,
      78.32221221923828,
      66.20243072509766,
      78.29949951171875,
      73.77706909179688,
      62.140018463134766,
      58.025333404541016
    ],
    [
      -9.200599670410156,
      -4.46926736831665,
      19.33644676208496,
      6.648955345153809,
      26.865251541137695,
      9.339031219482422,
      37.029205322265625,
      10.395901679992676,
      56.268558502197266,
      29.9570255279541,
      65.6724853515625,
      48.29438018798828,
      73.90872192382812,
      62.16779327392578,
      73.77706909179688,
      71.87451171875,
      60.528419494628906,
      57.032047271728516
    ],
    [
      2.5111448764801025,
      -3.647918939590454,
      17.139371871948242,
      8.813263893127441,
      24.639728546142578,
      7.967312335968018,
      33.36206817626953,
      7.571935653686523,
      49.45604705810547,
      21.532249450683594,
      59.69036102294922,
      39.40234375,
      66.43203735351562,
      67.53545379638672,
      62.140018463134766,
      60.528419494628906,
      75.85633087158203,
      71.49613189697266
    ],
    [
      4.638428211212158,
      -4.614346504211426,
      17.624719619750977,
      10.168639183044434,
      25.386804580688477,
      7.004949569702148,
      32.757328033447266,
      6.310155868530273,
      48.58544158935547,
      20.690900802612305,
      58.93114471435547,
      37.79100036621094,
      62.88081359863281,
      64.90726470947266,
      58.025333404541016,
      57.032047271728516,
      71.49613189697266,
      75.96406555175781
    ]
  ],
  "covariance_short": [
    [
      82.2200927734375,
      47.573577880859375,
      15.028470993041992,
      15.413768768310547,
      5.160857200622559,
      14.543334007263184,
      3.9393842220306396,
      13.606133460998535,
      1.2602766752243042,
      12.191864967346191,
      -3.388310194015503,
      5.771458625793457,
      2.449209451675415,
      11.259028434753418,
      -2.561645030975342,
      4.642062664031982,
      7.415732383728027,
      7.074102401733398
    ],
    [
      47.573577880859375,
      62.56455993652344,
      9.437152862548828,
      12.945926666259766,
      5.49678373336792,
      11.17243766784668,
      9.187560081481934,
      13.778375625610352,
      8.41225528717041,
      17.757169723510742,
      0.802763819694519,
      9.513175964355469,
      0.4982318580150604,
      3.0032105445861816,
      -1.4900907278060913,
      -2.5922458171844482,
      0.16204139590263367,
      0.0857754796743393
    ],
    [
      15.028470993041992,
      9.437152862548828,
      31.083799362182617,
      19.92656707763672,
      13.562118530273438,
      14.101301193237305,
      12.028275489807129,
      13.556941032409668,
      15.735615730285645,
      19.186452865600586,
      14.429360389709473,
      17.633745193481445,
      17.905136108398438,
      19.512901306152344,
      17.102497100830078,
      19.850778579711914,
      16.573936462402344,
      15.878610610961914
    ],
    [
      15.413768768310547,
      12.945926666259766,
      19.92656707763672,
      40.12397003173828,
      8.095407485961914,
      20.68611717224121,
      5.925097942352295,
      21.909130096435547,
      10.15366268157959,
      25.233793258666992,
      6.746675491333008,
      19.176090240478516,
      13.58040714263916,
      19.63941192626953,
      9.87195110321045,
      10.067610740661621,
      8.69546890258789,
      8.371874809265137
    ],
    [
      5.160857200622559,
      5.49678373336792,
      13.562118530273438,
      8.095407485961914,
      49.73136520385742,
      20.97193145751953,
      49.09980010986328,
      21.697908401489258,
      55.57293701171875,
      37.10087585449219,
      49.414710998535156,
      40.835960388183594,
      33.511314392089844,
      34.23646545410156,
      31.237600326538086,
      36.45829391479492,
      28.57120704650879,
      27.35751724243164
    ],
    [
      14.543334007263184,
      11.17243766784668,
      14.101301193237305,
      20.68611717224121,
      20.97193145751953,
      42.133827209472656,
      15.761075019836426,
      32.293212890625,
      18.38668441772461,
      35.146202087402344,
      12.879419326782227,
      29.231067657470703,
      14.670411109924316,
      22.110767364501953,
      7.613554000854492,
      5.744616508483887,
      4.630146503448486,
      3.7209413051605225
    ],
    [
      3.9393842220306396,
      9.187560081481934,
      12.028275489807129,
      5.925097942352295,
      49.09980010986328,
      15.761075019836426,
      104.50997924804688,
      38.81446838378906,
      93.08775329589844,
      53.357688903808594,
      82.72212982177734,
      61.50159454345703,
      53.71797180175781,
      48.399173736572266,
      54.03872299194336,
      56.068111419677734,
      48.64171600341797,
      46.07358932495117
    ],
    [
      13.606133460998535,
      13.778375625610352,
      13.556941032409668,
      21.909130096435547,
      21.697908401489258,
      32.293212890625,
      38.81446838378906,
      59.151161193847656,
      33.885921478271484,
      48.78535842895508,
      24.433597564697266,
      40.9420051574707,
      23.735301971435547,
      26.98134422302246,
      15.124088287353516,
      7.638078689575195,
      7.133902549743652,
      6.594559192657471
    ],
    [
      1.2602766752243042,
      8.41225528717041,
      15.735615730285645,
      10.15366268157959,
      55.57293701171875,
      18.38668441772461,
      93.08775329589844,
      33.885921478271484,
      134.9718780517578,
      76.38814544677734,
      115.81121826171875,
      87.42851257324219,
      82.82391357421875,
      74.78402709960938,
      77.5335464477539,
      80.7796859741211,
      67.77957153320312,
      65.01595306396484
    ],
    [
      12.191864967346191,
      17.757169723510742,
      19.186452865600586,
      25.233793258666992,
      37.10087585449219,
      35.146202087402344,
      53.357688903808594,
      48.78535842895508,
      76.38814544677734,
      80.35734558105469,
      59.226707458496094,
      68.08673095703125,
      48.31893539428711,
      50.59104919433594,
      38.69828796386719,
      34.349281311035156,
      28.020536422729492,
      27.280920028686523
    ],
    [
      -3.388310194015503,
      0.802763819694519,
      14.429360389709473,
      6.746675491333008,
      49.414710998535156,
      12.879419326782227,
      82.72212982177734,
      24.433597564697266,
      115.81121826171875,
      59.226707458496094,
      134.97427368164062,
      91.82682800292969,
      104.32928466796875,
      89.02384185791016,
      95.50988006591797,
      99.78791046142578,
      85.75675964355469,
      81.99070739746094
    ],
    [
      5.771458625793457,
      9.513175964355469,
      17.633745193481445,
      19.176090240478516,
      40.835960388183594,
      29.231067657470703,
      61.50159454345703,
      40.9420051574707,
      87.42851257324219,
      68.08673095703125,
      91.82682800292969,
      90.11334991455078,
      81.33952331542969,
      76.97642517089844,
      67.7409896850586,
      64.80460357666016,
      55.35433578491211,
      52.86424255371094
    ],
    [
      2.449209451675415,
      0.4982318580150604,
      17.905136108398438,
      13.58040714263916,
      33.511314392089844,
      14.670411109924316,
      53.71797180175781,
      23.735301971435547,
      82.82391357421875,
      48.31893539428711,
      104.32928466796875,
      81.33952331542969,
      137.81781005859375,
      115.18876647949219,
      113.79930877685547,
      117.78999328613281,
      105.21348571777344,
      100.82540130615234
    ],
    [
      11.259028434753418,
      3.0032105445861816,
      19.512901306152344,
      19.63941192626953,
      34.23646545410156,
      22.110767364501953,
      48.399173736572266,
      26.98134422302246,
      74.78402709960938,
      50.59104919433594,
      89.02384185791016,
      76.97642517089844,
      115.18876647949219,
      126.79979705810547,
      90.8035888671875,
      114.01536560058594,
      100.87522888183594,
      96.29586791992188
    ],
    [
      -2.561645030975342,
      -1.4900907278060913,
      17.102497100830078,
      9.87195110321045,
      31.237600326538086,
      7.613554000854492,
      54.03872299194336,
      15.124088287353516,
      77.5335464477539,
      38.69828796386719,
      95.50988006591797,
      67.7409896850586,
      113.79930877685547,
      90.8035888671875,
      133.0038299560547,
      122.72633361816406,
      111.35758209228516,
      107.22865295410156
    ],
    [
      4.642062664031982,
      -2.5922458171844482,
      19.850778579711914,
      10.067610740661621,
      36.45829391479492,
      5.744616508483887,
      56.068111419677734,
      7.638078689575195,
      80.7796859741211,
      34.349281311035156,
      99.78791046142578,
      64.80460357666016,
      117.78999328613281,
      114.01536560058594,
      122.72633361816406,
      149.16580200195312,
      131.38726806640625,
      126.39784240722656
    ],
    [
      7.415732383728027,
      0.16204139590263367,
      16.573936462402344,
      8.69546890258789,
      28.57120704650879,
      4.630146503448486,
      48.64171600341797,
      7.133902549743652,
      67.77957153320312,
      28.020536422729492,
      85.75675964355469,
      55.35433578491211,
      105.21348571777344,
      100.87522888183594,
      111.35758209228516,
      131.38726806640625,
      125.88258361816406,
      120.58619689941406
    ],
    [
      7.074102401733398,
      0.0857754796743393,
      15.878610610961914,
      8.371874809265137,
      27.35751724243164,
      3.7209413051605225,
      46.07358932495117,
      6.594559192657471,
      65.01595306396484,
      27.280920028686523,
      81.99070739746094,
      52.86424255371094,
      100.82540130615234,
      96.29586791992188,
      107.22865295410156,
      126.39784240722656,
      120.58619689941406,
      116.37201690673828
    ]
  ],
  "drr": 15.409379959106445,
  "dynamics": 4.89686918258667,
  "format": 1245190,
  "frames": 6830080,
  "loudness": -15.799368858337402,
  "loudness_range": 14.073951721191406,
  "loudness_range_short": 17.55290985107422,
  "peak": -0.3107690215110779,
  "rms": -16.624130249023438,
  "sample_rate": 44100,
  "sections": 1,
  "seekable": 1,
  "sharpness": 3.7994444370269775,
  "space": -10.088199615478516
}