{
  "bands": [
    {
      "high_freq": 148.1999969482422,
      "loudness": -22.260906219482422,
      "loudness_range": 8.402778625488281,
      "mid_mean": -18.636404037475586,
      "mid_to_side_loudness": -23.79142189025879,
      "mid_to_side_loudness_range": 16.401020050048828,
      "side_mean": -42.271236419677734
    },
    {
      "high_freq": 392.3793640136719,
      "loudness": -20.791318893432617,
      "loudness_range": 7.469734191894531,
      "low_freq": 148.1999969482422,
      "mid_mean": -17.74623680114746,
      "mid_to_side_loudness": -10.15846061706543,
      "mid_to_side_loudness_range": 11.936738014221191,
      "side_mean": -27.49974250793457
    },
    {
      "high_freq": 794.6976318359375,
      "loudness": -20.747705459594727,
      "loudness_range": 8.003950119018555,
      "low_freq": 392.3793640136719,
      "mid_mean": -17.49728775024414,
      "mid_to_side_loudness": -11.193411827087402,
      "mid_to_side_loudness_range": 9.604294776916504,
      "side_mean": -28.65393829345703
    },
    {
      "high_freq": 1457.5709228515625,
      "loudness": -20.527694702148438,
      "loudness_range": 7.3808746337890625,
      "low_freq": 794.6976318359375,
      "mid_mean": -17.521732330322266,
      "mid_to_side_loudness": -8.633880615234375,
      "mid_to_side_loudness_range": 8.335073471069336,
      "side_mean": -26.017234802246094
    },
    {
      "high_freq": 2549.74365234375,
      "loudness": -19.66226577758789,
      "loudness_range": 7.939377784729004,
      "low_freq": 1457.5709228515625,
      "mid_mean": -16.948150634765625,
      "mid_to_side_loudness": -7.245213031768799,
      "mid_to_side_loudness_range": 8.977659225463867,
      "side_mean": -23.71807289123535
    },
    {
      "high_freq": 4349.24462890625,
      "loudness": -22.70924949645996,
      "loudness_range": 9.197948455810547,
      "low_freq": 2549.74365234375,
      "mid_mean": -19.75176239013672,
      "mid_to_side_loudness": -8.520529747009277,
      "mid_to_side_loudness_range": 9.497029304504395,
      "side_mean": -28.070201873779297
    },
    {
      "high_freq": 7314.1640625,
      "loudness": -25.700014114379883,
      "loudness_range": 12.254680633544922,
      "low_freq": 4349.24462890625,
      "mid_mean": -22.337976455688477,
      "mid_to_side_loudness": -12.657849311828613,
      "mid_to_side_loudness_range": 12.597137451171875,
      "side_mean": -35.095359802246094
    },
    {
      "high_freq": 12199.2666015625,
      "loudness": -30.22884178161621,
      "loudness_range": 12.664016723632812,
      "low_freq": 7314.1640625,
      "mid_mean": -26.599105834960938,
      "mid_to_side_loudness": -18.92303466796875,
      "mid_to_side_loudness_range": 10.569833755493164,
      "side_mean": -45.97752380371094
    },
    {
      "loudness": -39.69827651977539,
      "loudness_range": 15.83503532409668,
      "low_freq": 12199.2666015625,
      "mid_mean": -36.10506057739258,
      "mid_to_side_loudness": -18.42510223388672,
      "mid_to_side_loudness_range": 14.794574737548828,
      "side_mean": -55.63948440551758
    }
  ],
  "bands_short": [
    {
      "high_freq": 148.1999969482422,
      "loudness": -25.41719627380371,
      "loudness_range": 18.425811767578125,
      "mid_mean": -21.828298568725586,
      "mid_to_side_loudness": -25.7179012298584,
      "mid_to_side_loudness_range": 23.469646453857422,
      "side_mean": -47.484920501708984
    },
    {
      "high_freq": 392.3793640136719,
      "loudness": -21.245792388916016,
      "loudness_range": 10.247735977172852,
      "low_freq": 148.1999969482422,
      "mid_mean": -18.255125045776367,
      "mid_to_side_loudness": -10.382308959960938,
      "mid_to_side_loudness_range": 14.98181438446045,
      "side_mean": -28.337621688842773
    },
    {
      "high_freq": 794.6976318359375,
      "loudness": -21.25345230102539,
      "loudness_range": 9.885302543640137,
      "low_freq": 392.3793640136719,
      "mid_mean": -18.103179931640625,
      "mid_to_side_loudness": -10.605902671813965,
      "mid_to_side_loudness_range": 11.776192665100098,
      "side_mean": -28.71366310119629
    },
    {
      "high_freq": 1457.5709228515625,
      "loudness": -20.663938522338867,
      "loudness_range": 9.713690757751465,
      "low_freq": 794.6976318359375,
      "mid_mean": -17.721012115478516,
      "mid_to_side_loudness": -8.740218162536621,
      "mid_to_side_loudness_range": 11.006858825683594,
      "side_mean": -26.431671142578125
    },
    {
      "high_freq": 2549.74365234375,
      "loudness": -20.21516990661621,
      "loudness_range": 10.572052955627441,
      "low_freq": 1457.5709228515625,
      "mid_mean": -17.57550621032715,
      "mid_to_side_loudness": -7.325738906860352,
      "mid_to_side_loudness_range": 11.16312313079834,
      "side_mean": -24.530029296875
    },
    {
      "high_freq": 4349.24462890625,
      "loudness": -23.402626037597656,
      "loudness_range": 11.590396881103516,
      "low_freq": 2549.74365234375,
      "mid_mean": -20.525033950805664,
      "mid_to_side_loudness": -8.674935340881348,
      "mid_to_side_loudness_range": 12.193489074707031,
      "side_mean": -29.06620216369629
    },
    {
      "high_freq": 7314.1640625,
      "loudness": -26.557458877563477,
      "loudness_range": 15.704071044921875,
      "low_freq": 4349.24462890625,
      "mid_mean": -23.280059814453125,
      "mid_to_side_loudness": -13.060758590698242,
      "mid_to_side_loudness_range": 15.137702941894531,
      "side_mean": -36.38752746582031
    },
    {
      "high_freq": 12199.2666015625,
      "loudness": -31.512746810913086,
      "loudness_range": 16.677263259887695,
      "low_freq": 7314.1640625,
      "mid_mean": -27.968351364135742,
      "mid_to_side_loudness": -18.564687728881836,
      "mid_to_side_loudness_range": 12.028956413269043,
      "side_mean": -47.17044448852539
    },
    {
      "loudness": -43.60606002807617,
      "loudness_range": 25.691198348999023,
      "low_freq": 12199.2666015625,
      "mid_mean": -40.165191650390625,
      "mid_to_side_loudness": -18.00693130493164,
      "mid_to_side_loudness_range": 16.096818923950195,
      "side_mean": -58.639564514160156
    }
  ],
  "channels": 2,
  "covariance": [
    [
      13.17016887664795,
      5.512622833251953,
      -0.21690432727336884,
      -0.403401643037796,
      -1.4484167098999023,
      0.5902537107467651,
      -0.7796050310134888,
      0.3215920925140381,
      -1.062766194343567,
      0.1413445621728897,
      -0.5603768229484558,
      0.9868938326835632,
      0.15370677411556244,
      1.7904589176177979,
      -0.403982549905777,
      0.03245191276073456,
      1.0841656923294067,
      5.2481369972229
    ],
    [
      5.512622833251953,
      30.466190338134766,
      0.34153619408607483,
      8.282914161682129,
      -0.055518828332424164,
      5.143014907836914,
      -0.6529830098152161,
      -0.06010496988892555,
      0.6145156025886536,
      2.38539457321167,
      2.7672436237335205,
      6.069913864135742,
      3.0303266048431396,
      6.057979583740234,
      0.8454554080963135,
      3.038999319076538,
      -0.4421362578868866,
      5.387451171875
    ],
    [
      -0.21690432727336884,
      0.34153619408607483,
      12.229844093322754,
      6.652451515197754,
      2.4389536380767822,
      2.504040002822876,
      2.153024911880493,
      1.028712511062622,
      2.82690691947937,
      1.0153533220291138,
      2.2599403858184814,
      1.2741779088974,
      1.4332462549209595,
      1.4912315607070923,
      2.404923677444458,
      1.6363489627838135,
      2.3408122062683105,
      5.865884780883789
    ],
    [
      -0.403401643037796,
      8.282914161682129,
      6.652451515197754,
      20.80032730102539,
      2.6672630310058594,
      7.929272174835205,
      2.042879104614258,
      2.651198148727417,
      3.812483787536621,
      3.97521710395813,
      4.809000492095947,
      8.055317878723145,
      4.485343933105469,
      8.140122413635254,
      4.038323879241943,
      4.088750839233398,
      3.8042919635772705,
      6.604687213897705
    ],
    [
      -1.4484167098999023,
      -0.055518828332424164,
      2.4389536380767822,
      2.6672630310058594,
      11.440223693847656,
      5.227168083190918,
      5.784826278686523,
      2.3928213119506836,
      5.458888530731201,
      1.9865269660949707,
      3.877777338027954,
      2.883934497833252,
      2.413398027420044,
      3.454359769821167,
      2.608302354812622,
      3.1195695400238037,
      1.7084274291992188,
      2.5223331451416016
    ],
    [
      0.5902537107467651,
      5.143014907836914,
      2.504040002822876,
      7.929272174835205,
      5.227168083190918,
      11.88256549835205,
      4.908488750457764,
      5.505894660949707,
      6.014204025268555,
      5.983558654785156,
      5.164799213409424,
      8.897096633911133,
      4.881312847137451,
      9.288152694702148,
      2.9346349239349365,
      5.054011344909668,
      2.1481943130493164,
      4.889665603637695
    ],
    [
      -0.7796050310134888,
      -0.6529830098152161,
      2.153024911880493,
      2.042879104614258,
      5.784826278686523,
      4.908488750457764,
      11.541098594665527,
      5.490116596221924,
      7.750646591186523,
      2.940141439437866,
      3.4838767051696777,
      3.956244707107544,
      2.6053059101104736,
      4.761418342590332,
      1.6989127397537231,
      3.0813605785369873,
      1.6210087537765503,
      3.6225686073303223
    ],
    [
      0.3215920925140381,
      -0.06010496988892555,
      1.028712511062622,
      2.651198148727417,
      2.3928213119506836,
      5.505894660949707,
      5.490116596221924,
      10.28561782836914,
      5.603334903717041,
      7.200056076049805,
      3.7551560401916504,
      7.738147258758545,
      4.5118536949157715,
      8.162704467773438,
      3.277796745300293,
      5.154236316680908,
      2.3656527996063232,
      3.453129291534424
    ],
    [
      -1.062766194343567,
      0.6145156025886536,
      2.82690691947937,
      3.812483787536621,
      5.458888530731201,
      6.014204025268555,
      7.750646591186523,
      5.603334903717041,
      12.031195640563965,
      5.38852071762085,
      7.339802265167236,
      6.581579685211182,
      5.868148326873779,
      7.98905611038208,
      4.160249710083008,
      5.693148612976074,
      3.4632163047790527,
      5.153103828430176
    ],
    [
      0.1413445621728897,
      2.38539457321167,
      1.0153533220291138,
      3.97521710395813,
      1.9865269660949707,
      5.983558654785156,
      2.940141439437866,
      7.200056076049805,
      5.38852071762085,
      11.668266296386719,
      4.939977645874023,
      10.932969093322754,
      5.823596954345703,
      11.061577796936035,
      4.118438720703125,
      5.961343765258789,
      4.062187194824219,
      3.8462512493133545
    ],
    [
      -0.5603768229484558,
      2.7672436237335205,
      2.2599403858184814,
      4.809000492095947,
      3.877777338027954,
      5.164799213409424,
      3.4838767051696777,
      3.7551560401916504,
      7.339802265167236,
      4.939977645874023,
      12.988807678222656,
      8.371543884277344,
      11.27499771118164,
      11.182690620422363,
      8.403141021728516,
      9.199148178100586,
      5.578741550445557,
      6.706902027130127
    ],
    [
      0.9868938326835632,
      6.069913864135742,
      1.2741779088974,
      8.055317878723145,
      2.883934497833252,
      8.897096633911133,
      3.956244707107544,
      7.738147258758545,
      6.581579685211182,
      10.932969093322754,
      8.371543884277344,
      19.389612197875977,
      9.2369966506958,
      20.3353214263916,
      6.8127522468566895,
      9.766927719116211,
      5.960193157196045,
      6.328895568847656
    ],
    [
      0.15370677411556244,
      3.0303266048431396,
      1.4332462549209595,
      4.485343933105469,
      2.413398027420044,
      4.881312847137451,
      2.6053059101104736,
      4.5118536949157715,
      5.868148326873779,
      5.823596954345703,
      11.27499771118164,
      9.2369966506958,
      20.484195709228516,
      14.78098201751709,
      17.35986328125,
      16.829687118530273,
      14.66307258605957,
      16.49802589416504
    ],
    [
      1.7904589176177979,
      6.057979583740234,
      1.4912315607070923,
      8.140122413635254,
      3.454359769821167,
      9.288152694702148,
      4.761418342590332,
      8.162704467773438,
      7.98905611038208,
      11.061577796936035,
      11.182690620422363,
      20.3353214263916,
      14.78098201751709,
      29.266761779785156,
      11.020981788635254,
      15.34062385559082,
      9.760297775268555,
      11.76201057434082
    ],
    [
      -0.403982549905777,
      0.8454554080963135,
      2.404923677444458,
      4.038323879241943,
      2.608302354812622,
      2.9346349239349365,
      1.6989127397537231,
      3.277796745300293,
      4.160249710083008,
      4.118438720703125,
      8.403141021728516,
      6.8127522468566895,
      17.35986328125,
      11.020981788635254,
      21.49109649658203,
      18.69666290283203,
      19.316936492919922,
      18.519622802734375
    ],
    [
      0.03245191276073456,
      3.038999319076538,
      1.6363489627838135,
      4.088750839233398,
      3.1195695400238037,
      5.054011344909668,
      3.0813605785369873,
      5.154236316680908,
      5.693148612976074,
      5.961343765258789,
      9.199148178100586,
      9.766927719116211,
      16.829687118530273,
      15.34062385559082,
      18.69666290283203,
      22.52433204650879,
      18.032997131347656,
      20.464752197265625
    ],
    [
      1.0841656923294067,
      -0.4421362578868866,
      2.3408122062683105,
      3.8042919635772705,
      1.7084274291992188,
      2.1481943130493164,
      1.6210087537765503,
      2.3656527996063232,
      3.4632163047790527,
      4.062187194824219,
      5.578741550445557,
      5.960193157196045,
      14.66307258605957,
      9.760297775268555,
      19.316936492919922,
      18.032997131347656,
      33.08919906616211,
      35.788482666015625
    ],
    [
      5.2481369972229,
      5.387451171875,
      5.865884780883789,
      6.604687213897705,
      2.5223331451416016,
      4.889665603637695,
      3.6225686073303223,
      3.453129291534424,
      5.153103828430176,
      3.8462512493133545,
      6.706902027130127,
      6.328895568847656,
      16.49802589416504,
      11.76201057434082,
      18.519622802734375,
      20.464752197265625,
      35.788482666015625,
      65.35309600830078
    ]
  ],
  "covariance_short": [
    [
      46.31336212158203,
      16.86380386352539,
      2.2348432540893555,
      0.6572425961494446,
      -1.701137661933899,
      0.9022908806800842,
      -1.1077841520309448,
      2.6303822994232178,
      -0.6784119606018066,
      4.619683265686035,
      0.375622034072876,
      7.089350700378418,
      3.984239339828491,
      8.712631225585938,
      3.3874194622039795,
      4.104316234588623,
      10.02249526977539,
      11.672245979309082
    ],
    [
      16.86380386352539,
      53.80616760253906,
      1.3774662017822266,
      7.174093723297119,
      0.4336718022823334,
      6.47989559173584,
      0.24867725372314453,
      3.5505428314208984,
      2.795741081237793,
      6.118529319763184,
      7.033886909484863,
      11.702371597290039,
      8.334952354431152,
      12.153721809387207,
      3.7368972301483154,
      7.948400020599365,
      2.1561832427978516,
      6.821488857269287
    ],
    [
      2.2348432540893555,
      1.3774662017822266,
      19.658628463745117,
      8.98157024383545,
      4.1447367668151855,
      4.442038536071777,
      2.5518150329589844,
      3.1219730377197266,
      4.257072925567627,
      3.6539828777313232,
      4.394599437713623,
      5.141148090362549,
      4.507086277008057,
      5.322957992553711,
      4.844588756561279,
      4.810059547424316,
      8.41299057006836,
      8.03598403930664
    ],
    [
      0.6572425961494446,
      7.174093723297119,
      8.98157024383545,
      27.741567611694336,
      3.7592861652374268,
      10.566118240356445,
      1.7594658136367798,
      4.828732967376709,
      4.616861343383789,
      7.939425468444824,
      7.147953033447266,
      12.303853034973145,
      7.545217037200928,
      10.638639450073242,
      5.919088840484619,
      6.276572227478027,
      6.572578430175781,
      6.203777313232422
    ],
    [
      -1.701137661933899,
      0.4336718022823334,
      4.1447367668151855,
      3.7592861652374268,
      17.01175308227539,
      6.851077556610107,
      7.448808193206787,
      3.9231162071228027,
      8.14188003540039,
      4.378296375274658,
      7.131428241729736,
      5.481796741485596,
      4.905804634094238,
      6.2580389976501465,
      5.348705768585205,
      7.103681564331055,
      4.884913444519043,
      3.619232654571533
    ],
    [
      0.9022908806800842,
      6.47989559173584,
      4.442038536071777,
      10.566118240356445,
      6.851077556610107,
      17.259315490722656,
      5.523199081420898,
      8.041312217712402,
      8.091118812561035,
      10.03113842010498,
      7.898794174194336,
      12.00765323638916,
      6.733058929443359,
      11.445345878601074,
      3.933861494064331,
      7.782905101776123,
      2.4812095165252686,
      4.173056602478027
    ],
    [
      -1.1077841520309448,
      0.24867725372314453,
      2.5518150329589844,
      1.7594658136367798,
      7.448808193206787,
      5.523199081420898,
      17.51325225830078,
      7.833834171295166,
      10.199312210083008,
      5.97052526473999,
      6.001255989074707,
      7.254509449005127,
      3.977001190185547,
      7.447636127471924,
      3.298994541168213,
      5.511834144592285,
      4.263759613037109,
      4.055296421051025
    ],
    [
      2.6303822994232178,
      3.5505428314208984,
      3.1219730377197266,
      4.828732967376709,
      3.9231162071228027,
      8.041312217712402,
      7.833834171295166,
      16.096113204956055,
      8.540338516235352,
      12.884650230407715,
      6.142144680023193,
      13.745924949645996,
      6.921920299530029,
      12.830679893493652,
      5.188872337341309,
      7.9029011726379395,
      5.968820095062256,
      5.375637054443359
    ],
    [
      -0.6784119606018066,
      2.795741081237793,
      4.257072925567627,
      4.616861343383789,
      8.14188003540039,
      8.091118812561035,
      10.199312210083008,
      8.540338516235352,
      18.74201011657715,
      10.322676658630371,
      12.111491203308105,
      12.1256685256958,
      9.598416328430176,
      13.481086730957031,
      7.835524559020996,
      10.27987003326416,
      7.66486120223999,
      6.205152988433838
    ],
    [
      4.619683265686035,
      6.118529319763184,
      3.6539828777313232,
      7.939425468444824,
      4.378296375274658,
      10.03113842010498,
      5.97052526473999,
      12.884650230407715,
      10.322676658630371,
      22.337984085083008,
      9.210793495178223,
      21.55089569091797,
      10.187403678894043,
      19.917713165283203,
      7.684841632843018,
      10.356096267700195,
      10.044828414916992,
      7.5918965339660645
    ],
    [
      0.375622034072876,
      7.033886909484863,
      4.394599437713623,
      7.147953033447266,
      7.131428241729736,
      7.898794174194336,
      6.001255989074707,
      6.142144680023193,
      12.111491203308105,
      9.210793495178223,
      22.176607131958008,
      16.024477005004883,
      19.63414192199707,
      19.79570198059082,
      15.86329460144043,
      16.69933319091797,
      14.874011039733887,
      10.0691499710083
    ],
    [
      7.089350700378418,
      11.702371597290039,
      5.141148090362549,
      12.303853034973145,
      5.481796741485596,
      12.00765323638916,
      7.254509449005127,
      13.745924949645996,
      12.1256685256958,
      21.55089569091797,
      16.024477005004883,
      35.877220153808594,
      17.544740676879883,
      34.5684814453125,
      13.692841529846191,
      16.91320037841797,
      16.642057418823242,
      12.259779930114746
    ],
    [
      3.984239339828491,
      8.334952354431152,
      4.507086277008057,
      7.545217037200928,
      4.905804634094238,
      6.733058929443359,
      3.977001190185547,
      6.921920299530029,
      9.598416328430176,
      10.187403678894043,
      19.63414192199707,
      17.544740676879883,
      35.261539459228516,
      26.543781280517578,
      30.341554641723633,
      27.831327438354492,
      33.82565689086914,
      24.66885757446289
    ],
    [
      8.712631225585938,
      12.153721809387207,
      5.322957992553711,
      10.638639450073242,
      6.2580389976501465,
      11.445345878601074,
      7.447636127471924,
      12.830679893493652,
      13.481086730957031,
      19.917713165283203,
      19.79570198059082,
      34.5684814453125,
      26.543781280517578,
      48.374900817871094,
      21.466459274291992,
      25.326330184936523,
      24.993947982788086,
      19.811628341674805
    ],
    [
      3.3874194622039795,
      3.7368972301483154,
      4.844588756561279,
      5.919088840484619,
      5.348705768585205,
      3.933861494064331,
      3.298994541168213,
      5.188872337341309,
      7.835524559020996,
      7.684841632843018,
      15.86329460144043,
      13.692841529846191,
      30.341554641723633,
      21.466459274291992,
      38.686431884765625,
      30.671409606933594,
      44.80246353149414,
      30.579200744628906
    ],
    [
      4.104316234588623,
      7.948400020599365,
      4.810059547424316,
      6.276572227478027,
      7.103681564331055,
      7.782905101776123,
      5.511834144592285,
      7.9029011726379395,
      10.27987003326416,
      10.356096267700195,
      16.69933319091797,
      16.91320037841797,
      27.831327438354492,
      25.326330184936523,
      30.671409606933594,
      36.96955490112305,
      36.133243560791016,
      30.444595336914062
    ],
    [
      10.02249526977539,
      2.1561832427978516,
      8.41299057006836,
      6.572578430175781,
      4.884913444519043,
      2.4812095165252686,
      4.263759613037109,
      5.968820095062256,
      7.66486120223999,
      10.044828414916992,
      14.874011039733887,
      16.642057418823242,
      33.82565689086914,
      24.993947982788086,
      44.80246353149414,
      36.133243560791016,
      80.4941177368164,
      59.941680908203125
    ],
    [
      11.672245979309082,
      6.821488857269287,
      8.03598403930664,
      6.203777313232422,
      3.619232654571533,
      4.173056602478027,
      4.055296421051025,
      5.375637054443359,
      6.205152988433838,
      7.5918965339660645,
      10.0691499710083,
      12.259779930114746,
      24.66885757446289,
      19.811628341674805,
      30.579200744628906,
      30.444595336914062,
      59.941680908203125,
      70.6600112915039
    ]
  ],
  "drr": 13.653141021728516,
  "dynamics": 1.6643965244293213,
  "format": 1245190,
  "frames": 9639936,
  "loudness": -9.018228530883789,
  "loudness_range": 3.3814005851745605,
  "loudness_range_short": 5.237672805786133,
  "peak": 0.5875085592269897,
  "rms": -12.27470874786377,
  "sample_rate": 44100,
  "sections": 1,
  "seekable": 1,
  "sharpness": 1.6758514642715454,
  "space": -9.965462684631348
}