{
  "bands": [
    {
      "high_freq": 148.1999969482422,
      "loudness": -51.07838821411133,
      "loudness_range": 23.060741424560547,
      "mid_mean": -48.963409423828125,
      "mid_to_side_loudness": -4.6294097900390625,
      "mid_to_side_loudness_range": 11.563713073730469,
      "side_mean": -53.270362854003906
    },
    {
      "high_freq": 392.3793640136719,
      "loudness": -31.868684768676758,
      "loudness_range": 18.072351455688477,
      "low_freq": 148.1999969482422,
      "mid_mean": -31.417572021484375,
      "mid_to_side_loudness": -0.366983026266098,
      "mid_to_side_loudness_range": 11.156816482543945,
      "side_mean": -31.807703018188477
    },
    {
      "high_freq": 794.6976318359375,
      "loudness": -27.694555282592773,
      "loudness_range": 16.26656150817871,
      "low_freq": 392.3793640136719,
      "mid_mean": -25.820289611816406,
      "mid_to_side_loudness": -4.315333366394043,
      "mid_to_side_loudness_range": 15.887898445129395,
      "side_mean": -30.4538516998291
    },
    {
      "high_freq": 1457.5709228515625,
      "loudness": -26.004261016845703,
      "loudness_range": 15.614469528198242,
      "low_freq": 794.6976318359375,
      "mid_mean": -24.851829528808594,
      "mid_to_side_loudness": -2.40108585357666,
      "mid_to_side_loudness_range": 12.552047729492188,
      "side_mean": -27.099702835083008
    },
    {
      "high_freq": 2549.74365234375,
      "loudness": -37.51418685913086,
      "loudness_range": 24.898225784301758,
      "low_freq": 1457.5709228515625,
      "mid_mean": -36.06632995605469,
      "mid_to_side_loudness": -2.005124807357788,
      "mid_to_side_loudness_range": 6.848557949066162,
      "side_mean": -38.293880462646484
    },
    {
      "high_freq": 4349.24462890625,
      "loudness": -38.82415771484375,
      "loudness_range": 18.655126571655273,
      "low_freq": 2549.74365234375,
      "mid_mean": -37.716609954833984,
      "mid_to_side_loudness": -1.3096967935562134,
      "mid_to_side_loudness_range": 6.323117256164551,
      "side_mean": -38.80722427368164
    },
    {
      "high_freq": 7314.1640625,
      "loudness": -48.530738830566406,
      "loudness_range": 16.32849884033203,
      "low_freq": 4349.24462890625,
      "mid_mean": -47.51081848144531,
      "mid_to_side_loudness": -1.2540833950042725,
      "mid_to_side_loudness_range": 5.869383811950684,
      "side_mean": -48.74546813964844
    },
    {
      "high_freq": 12199.2666015625,
      "loudness": -55.979095458984375,
      "loudness_range": 19.636566162109375,
      "low_freq": 7314.1640625,
      "mid_mean": -54.56119918823242,
      "mid_to_side_loudness": -1.3420352935791016,
      "mid_to_side_loudness_range": 4.807248115539551,
      "side_mean": -55.75568389892578
    },
    {
      "loudness": -65.71128845214844,
      "loudness_range": 14.755516052246094,
      "low_freq": 12199.2666015625,
      "mid_mean": -62.92778015136719,
      "mid_to_side_loudness": -1.5536922216415405,
      "mid_to_side_loudness_range": 2.0719823837280273,
      "side_mean": -64.02667236328125
    }
  ],
  "bands_short": [
    {
      "high_freq": 148.1999969482422,
      "loudness": -53.72118377685547,
      "loudness_range": 20.94788360595703,
      "mid_mean": -51.87377166748047,
      "mid_to_side_loudness": -4.502950668334961,
      "mid_to_side_loudness_range": 15.524142265319824,
      "side_mean": -55.901344299316406
    },
    {
      "high_freq": 392.3793640136719,
      "loudness": -32.24604415893555,
      "loudness_range": 19.060617446899414,
      "low_freq": 148.1999969482422,
      "mid_mean": -31.9962100982666,
      "mid_to_side_loudness": -0.06308724731206894,
      "mid_to_side_loudness_range": 12.978494644165039,
      "side_mean": -32.19768524169922
    },
    {
      "high_freq": 794.6976318359375,
      "loudness": -28.83699607849121,
      "loudness_range": 17.205347061157227,
      "low_freq": 392.3793640136719,
      "mid_mean": -27.102710723876953,
      "mid_to_side_loudness": -4.135708808898926,
      "mid_to_side_loudness_range": 17.60131072998047,
      "side_mean": -31.69923210144043
    },
    {
      "high_freq": 1457.5709228515625,
      "loudness": -25.952117919921875,
      "loudness_range": 17.2447452545166,
      "low_freq": 794.6976318359375,
      "mid_mean": -24.810367584228516,
      "mid_to_side_loudness": -2.6133413314819336,
      "mid_to_side_loudness_range": 15.43770980834961,
      "side_mean": -27.36814308166504
    },
    {
      "high_freq": 2549.74365234375,
      "loudness": -37.4457893371582,
      "loudness_range": 25.386547088623047,
      "low_freq": 1457.5709228515625,
      "mid_mean": -36.315338134765625,
      "mid_to_side_loudness": -1.6940367221832275,
      "mid_to_side_loudness_range": 9.946579933166504,
      "side_mean": -38.29402160644531
    },
    {
      "high_freq": 4349.24462890625,
      "loudness": -38.63429641723633,
      "loudness_range": 19.340667724609375,
      "low_freq": 2549.74365234375,
      "mid_mean": -37.72904586791992,
      "mid_to_side_loudness": -1.1399962902069092,
      "mid_to_side_loudness_range": 8.562721252441406,
      "side_mean": -38.855892181396484
    },
    {
      "high_freq": 7314.1640625,
      "loudness": -48.650814056396484,
      "loudness_range": 17.42343521118164,
      "low_freq": 4349.24462890625,
      "mid_mean": -48.2471809387207,
      "mid_to_side_loudness": -1.1255048513412476,
      "mid_to_side_loudness_range": 7.727171897888184,
      "side_mean": -49.36480712890625
    },
    {
      "high_freq": 12199.2666015625,
      "loudness": -56.728965759277344,
      "loudness_range": 21.72386932373047,
      "low_freq": 7314.1640625,
      "mid_mean": -55.272579193115234,
      "mid_to_side_loudness": -1.2691676616668701,
      "mid_to_side_loudness_range": 6.454313278198242,
      "side_mean": -56.3885383605957
    },
    {
      "loudness": -66.06312561035156,
      "loudness_range": 13.478885650634766,
      "low_freq": 12199.2666015625,
      "mid_mean": -63.22294998168945,
      "mid_to_side_loudness": -1.5606799125671387,
      "mid_to_side_loudness_range": 2.4872334003448486,
      "side_mean": -64.32007598876953
    }
  ],
  "channels": 2,
  "covariance": [
    [
      58.27161407470703,
      78.92477416992188,
      1.4328526258468628,
      -0.212189182639122,
      0.5145490765571594,
      -10.012243270874023,
      -4.6993207931518555,
      -15.191386222839355,
      -5.67232084274292,
      -8.279799461364746,
      -6.815246105194092,
      -7.297638893127441,
      -4.6219892501831055,
      -7.2148661613464355,
      -1.1605876684188843,
      -2.962096691131592,
      0.7829651832580566,
      1.0367732048034668
    ],
    [
      78.92477416992188,
      115.6025161743164,
      2.554741144180298,
      0.03202689811587334,
      1.5617125034332275,
      -13.109644889831543,
      -9.472661972045898,
      -24.924978256225586,
      -5.57564115524292,
      -10.407106399536133,
      -10.155189514160156,
      -10.379045486450195,
      -8.384459495544434,
      -12.134746551513672,
      -2.0974740982055664,
      -4.654021739959717,
      1.3913335800170898,
      1.742815613746643
    ],
    [
      1.4328526258468628,
      2.554741144180298,
      45.86589050292969,
      37.00802993774414,
      5.233999729156494,
      3.945277690887451,
      6.369688034057617,
      10.518123626708984,
      7.4070539474487305,
      10.317598342895508,
      10.012862205505371,
      9.396897315979004,
      8.986846923828125,
      9.991869926452637,
      10.312616348266602,
      10.35603141784668,
      4.03530216217041,
      3.6711044311523438
    ],
    [
      -0.212189182639122,
      0.03202689811587334,
      37.00802993774414,
      51.54273223876953,
      3.5646140575408936,
      5.069754123687744,
      8.201299667358398,
      14.483641624450684,
      6.885914325714111,
      10.556957244873047,
      10.178580284118652,
      9.480052947998047,
      10.428121566772461,
      11.610671043395996,
      10.42880630493164,
      10.57232666015625,
      3.7398035526275635,
      3.5114076137542725
    ],
    [
      0.5145490765571594,
      1.5617125034332275,
      5.233999729156494,
      3.5646140575408936,
      44.22287368774414,
      30.377405166625977,
      3.078622817993164,
      4.104150772094727,
      16.91375160217285,
      17.55008888244629,
      10.17223834991455,
      9.903451919555664,
      8.835521697998047,
      12.127439498901367,
      8.062397956848145,
      7.8871283531188965,
      3.03547739982605,
      2.561997175216675
    ],
    [
      -10.012243270874023,
      -13.109644889831543,
      3.945277690887451,
      5.069754123687744,
      30.377405166625977,
      49.68454360961914,
      0.9089903831481934,
      10.4472017288208,
      21.095277786254883,
      25.245962142944336,
      16.762653350830078,
      17.533056259155273,
      13.246354103088379,
      18.843229293823242,
      9.155710220336914,
      10.64293384552002,
      2.6070921421051025,
      1.8817698955535889
    ],
    [
      -4.6993207931518555,
      -9.472661972045898,
      6.369688034057617,
      8.201299667358398,
      3.078622817993164,
      0.9089903831481934,
      33.855316162109375,
      30.983745574951172,
      -18.079612731933594,
      -12.572193145751953,
      -3.709568738937378,
      -3.990471601486206,
      3.6721031665802,
      5.52305269241333,
      2.966386556625366,
      3.8407139778137207,
      -2.965930700302124,
      -2.5697858333587646
    ],
    [
      -15.191386222839355,
      -24.924978256225586,
      10.518123626708984,
      14.483641624450684,
      4.104150772094727,
      10.4472017288208,
      30.983745574951172,
      53.71955490112305,
      -16.138164520263672,
      -9.453125,
      0.25021475553512573,
      2.781625270843506,
      8.51194953918457,
      14.804165840148926,
      4.16928243637085,
      7.536332607269287,
      -4.463311195373535,
      -3.65240740776062
    ],
    [
      -5.67232084274292,
      -5.57564115524292,
      7.4070539474487305,
      6.885914325714111,
      16.91375160217285,
      21.095277786254883,
      -18.079612731933594,
      -16.138164520263672,
      93.78659057617188,
      81.99790954589844,
      42.69105911254883,
      42.01403045654297,
      32.65294647216797,
      31.107656478881836,
      23.479293823242188,
      20.356794357299805,
      17.64962387084961,
      14.91374683380127
    ],
    [
      -8.279799461364746,
      -10.407106399536133,
      10.317598342895508,
      10.556957244873047,
      17.55008888244629,
      25.245962142944336,
      -12.572193145751953,
      -9.453125,
      81.99790954589844,
      83.07354736328125,
      43.77315139770508,
      42.47200012207031,
      36.64836120605469,
      37.44951248168945,
      26.6600341796875,
      24.978300094604492,
      17.481603622436523,
      15.072870254516602
    ],
    [
      -6.815246105194092,
      -10.155189514160156,
      10.012862205505371,
      10.178580284118652,
      10.17223834991455,
      16.762653350830078,
      -3.709568738937378,
      0.25021475553512573,
      42.69105911254883,
      43.77315139770508,
      57.488243103027344,
      51.25691604614258,
      32.62962341308594,
      33.870941162109375,
      32.577842712402344,
      29.635643005371094,
      21.581268310546875,
      19.21213150024414
    ],
    [
      -7.297638893127441,
      -10.379045486450195,
      9.396897315979004,
      9.480052947998047,
      9.903451919555664,
      17.533056259155273,
      -3.990471601486206,
      2.781625270843506,
      42.01403045654297,
      42.47200012207031,
      51.25691604614258,
      53.81147003173828,
      30.81036949157715,
      32.98759841918945,
      30.42862892150879,
      28.463947296142578,
      19.993793487548828,
      17.833415985107422
    ],
    [
      -4.6219892501831055,
      -8.384459495544434,
      8.986846923828125,
      10.428121566772461,
      8.835521697998047,
      13.246354103088379,
      3.6721031665802,
      8.51194953918457,
      32.65294647216797,
      36.64836120605469,
      32.62962341308594,
      30.81036949157715,
      40.744693756103516,
      39.33747482299805,
      27.96350860595703,
      27.375089645385742,
      15.484650611877441,
      14.165767669677734
    ],
    [
      -7.2148661613464355,
      -12.134746551513672,
      9.991869926452637,
      11.610671043395996,
      12.127439498901367,
      18.843229293823242,
      5.52305269241333,
      14.804165840148926,
      31.107656478881836,
      37.44951248168945,
      33.870941162109375,
      32.98759841918945,
      39.33747482299805,
      44.77432632446289,
      29.32951545715332,
      30.313749313354492,
      15.24336051940918,
      14.190849304199219
    ],
    [
      -1.1605876684188843,
      -2.0974740982055664,
      10.312616348266602,
      10.42880630493164,
      8.062397956848145,
      9.155710220336914,
      2.966386556625366,
      4.16928243637085,
      23.479293823242188,
      26.6600341796875,
      32.577842712402344,
      30.42862892150879,
      27.96350860595703,
      29.32951545715332,
      37.661529541015625,
      35.51228713989258,
      20.814489364624023,
      19.949953079223633
    ],
    [
      -2.962096691131592,
      -4.654021739959717,
      10.35603141784668,
      10.57232666015625,
      7.8871283531188965,
      10.64293384552002,
      3.8407139778137207,
      7.536332607269287,
      20.356794357299805,
      24.978300094604492,
      29.635643005371094,
      28.463947296142578,
      27.375089645385742,
      30.313749313354492,
      35.51228713989258,
      36.336814880371094,
      19.45958137512207,
      19.06777000427246
    ],
    [
      0.7829651832580566,
      1.3913335800170898,
      4.03530216217041,
      3.7398035526275635,
      3.03547739982605,
      2.6070921421051025,
      -2.965930700302124,
      -4.463311195373535,
      17.64962387084961,
      17.481603622436523,
      21.581268310546875,
      19.993793487548828,
      15.484650611877441,
      15.24336051940918,
      20.814489364624023,
      19.45958137512207,
      17.981884002685547,
      17.22319984436035
    ],
    [
      1.0367732048034668,
      1.742815613746643,
      3.6711044311523438,
      3.5114076137542725,
      2.561997175216675,
      1.8817698955535889,
      -2.5697858333587646,
      -3.65240740776062,
      14.91374683380127,
      15.072870254516602,
      19.21213150024414,
      17.833415985107422,
      14.165767669677734,
      14.190849304199219,
      19.949953079223633,
      19.06777000427246,
      17.22319984436035,
      16.87855339050293
    ]
  ],
  "covariance_short": [
    [
      41.33027648925781,
      48.487144470214844,
      3.258105993270874,
      3.5551021099090576,
      1.0170611143112183,
      -6.154157638549805,
      -2.2297537326812744,
      -7.385216236114502,
      -8.12983512878418,
      -9.485742568969727,
      -5.823954105377197,
      -6.037574768066406,
      -3.8831112384796143,
      -5.019950866699219,
      0.16501113772392273,
      0.021596811711788177,
      0.9267252087593079,
      1.4992294311523438
    ],
    [
      48.487144470214844,
      80.16036987304688,
      8.264068603515625,
      10.780373573303223,
      4.312137603759766,
      -5.436832427978516,
      -7.404500961303711,
      -16.350915908813477,
      -2.1996657848358154,
      -6.4998698234558105,
      -4.3618645668029785,
      -4.606899261474609,
      -6.074580192565918,
      -7.890542984008789,
      -0.7163527011871338,
      -1.4381108283996582,
      1.7855130434036255,
      2.2339212894439697
    ],
    [
      3.258105993270874,
      8.264068603515625,
      54.553749084472656,
      40.23126983642578,
      8.910181045532227,
      7.738209247589111,
      5.411101818084717,
      9.514864921569824,
      7.501660346984863,
      10.091458320617676,
      9.01048469543457,
      8.605337142944336,
      11.003886222839355,
      10.925938606262207,
      11.689019203186035,
      11.13443660736084,
      4.229106426239014,
      3.801264762878418
    ],
    [
      3.5551021099090576,
      10.780373573303223,
      40.23126983642578,
      58.31814956665039,
      8.440802574157715,
      10.816110610961914,
      7.177542686462402,
      14.160320281982422,
      6.292379856109619,
      9.147263526916504,
      7.217805862426758,
      6.784978866577148,
      11.638113021850586,
      11.467097282409668,
      11.226557731628418,
      10.484347343444824,
      3.1911637783050537,
      2.884838819503784
    ],
    [
      1.0170611143112183,
      4.312137603759766,
      8.910181045532227,
      8.440802574157715,
      46.38499069213867,
      29.243093490600586,
      1.4042928218841553,
      2.424628496170044,
      19.47637176513672,
      19.512924194335938,
      16.188013076782227,
      14.046900749206543,
      13.36188793182373,
      13.790092468261719,
      13.820666313171387,
      12.318939208984375,
      6.837957382202148,
      6.060158729553223
    ],
    [
      -6.154157638549805,
      -5.436832427978516,
      7.738209247589111,
      10.816110610961914,
      29.243093490600586,
      52.914039611816406,
      -0.8965389728546143,
      7.284235954284668,
      24.08951759338379,
      26.341489791870117,
      19.77538299560547,
      19.524534225463867,
      18.844104766845703,
      20.12502098083496,
      16.125755310058594,
      15.332789421081543,
      6.780556678771973,
      5.68948221206665
    ],
    [
      -2.2297537326812744,
      -7.404500961303711,
      5.411101818084717,
      7.177542686462402,
      1.4042928218841553,
      -0.8965389728546143,
      39.9311408996582,
      33.41984176635742,
      -13.786888122558594,
      -8.5751314163208,
      -7.553137302398682,
      -6.743637561798096,
      5.761017799377441,
      7.526674747467041,
      3.656575918197632,
      5.014955520629883,
      -3.224029541015625,
      -2.763150215148926
    ],
    [
      -7.385216236114502,
      -16.350915908813477,
      9.514864921569824,
      14.160320281982422,
      2.424628496170044,
      7.284235954284668,
      33.41984176635742,
      58.91945266723633,
      -12.592320442199707,
      -4.582355499267578,
      -4.38374662399292,
      -2.152935743331909,
      13.318611145019531,
      17.815753936767578,
      6.905924320220947,
      9.821894645690918,
      -3.6896674633026123,
      -2.8955655097961426
    ],
    [
      -8.12983512878418,
      -2.1996657848358154,
      7.501660346984863,
      6.292379856109619,
      19.47637176513672,
      24.08951759338379,
      -13.786888122558594,
      -12.592320442199707,
      95.12841033935547,
      78.50525665283203,
      43.79103469848633,
      41.1649055480957,
      36.16067886352539,
      33.3502311706543,
      26.81450080871582,
      23.118209838867188,
      18.40536880493164,
      15.723817825317383
    ],
    [
      -9.485742568969727,
      -6.4998698234558105,
      10.091458320617676,
      9.147263526916504,
      19.512924194335938,
      26.341489791870117,
      -8.5751314163208,
      -4.582355499267578,
      78.50525665283203,
      81.40400695800781,
      41.62984085083008,
      40.01188659667969,
      40.44243621826172,
      38.82789611816406,
      29.48796844482422,
      26.97344398498535,
      17.640228271484375,
      15.394536972045898
    ],
    [
      -5.823954105377197,
      -4.3618645668029785,
      9.01048469543457,
      7.217805862426758,
      16.188013076782227,
      19.77538299560547,
      -7.553137302398682,
      -4.38374662399292,
      43.79103469848633,
      41.62984085083008,
      58.437103271484375,
      49.31639099121094,
      32.38169479370117,
      31.2235050201416,
      32.8343505859375,
      28.639421463012695,
      21.00773811340332,
      18.509532928466797
    ],
    [
      -6.037574768066406,
      -4.606899261474609,
      8.605337142944336,
      6.784978866577148,
      14.046900749206543,
      19.524534225463867,
      -6.743637561798096,
      -2.152935743331909,
      41.1649055480957,
      40.01188659667969,
      49.31639099121094,
      52.684844970703125,
      31.451065063476562,
      31.10460090637207,
      31.21730613708496,
      27.979936599731445,
      19.33851432800293,
      17.162363052368164
    ],
    [
      -3.8831112384796143,
      -6.074580192565918,
      11.003886222839355,
      11.638113021850586,
      13.36188793182373,
      18.844104766845703,
      5.761017799377441,
      13.318611145019531,
      36.16067886352539,
      40.44243621826172,
      32.38169479370117,
      31.451065063476562,
      52.578460693359375,
      48.03064727783203,
      34.9317512512207,
      33.314579010009766,
      17.007970809936523,
      15.510305404663086
    ],
    [
      -5.019950866699219,
      -7.890542984008789,
      10.925938606262207,
      11.467097282409668,
      13.790092468261719,
      20.12502098083496,
      7.526674747467041,
      17.815753936767578,
      33.3502311706543,
      38.82789611816406,
      31.2235050201416,
      31.10460090637207,
      48.03064727783203,
      52.758358001708984,
      35.265228271484375,
      34.88143539428711,
      16.323272705078125,
      15.15541934967041
    ],
    [
      0.16501113772392273,
      -0.7163527011871338,
      11.689019203186035,
      11.226557731628418,
      13.820666313171387,
      16.125755310058594,
      3.656575918197632,
      6.905924320220947,
      26.81450080871582,
      29.48796844482422,
      32.8343505859375,
      31.21730613708496,
      34.9317512512207,
      35.265228271484375,
      43.529293060302734,
      39.414222717285156,
      20.192142486572266,
      18.99564552307129
    ],
    [
      0.021596811711788177,
      -1.4381108283996582,
      11.13443660736084,
      10.484347343444824,
      12.318939208984375,
      15.332789421081543,
      5.014955520629883,
      9.821894645690918,
      23.118209838867188,
      26.97344398498535,
      28.639421463012695,
      27.979936599731445,
      33.314579010009766,
      34.88143539428711,
      39.414222717285156,
      40.41918182373047,
      18.439773559570312,
      17.795108795166016
    ],
    [
      0.9267252087593079,
      1.7855130434036255,
      4.229106426239014,
      3.1911637783050537,
      6.837957382202148,
      6.780556678771973,
      -3.224029541015625,
      -3.6896674633026123,
      18.40536880493164,
      17.640228271484375,
      21.00773811340332,
      19.33851432800293,
      17.007970809936523,
      16.323272705078125,
      20.192142486572266,
      18.439773559570312,
      16.315631866455078,
      15.181350708007812
    ],
    [
      1.4992294311523438,
      2.2339212894439697,
      3.801264762878418,
      2.884838819503784,
      6.060158729553223,
      5.68948221206665,
      -2.763150215148926,
      -2.8955655097961426,
      15.723817825317383,
      15.394536972045898,
      18.509532928466797,
      17.162363052368164,
      15.510305404663086,
      15.15541934967041,
      18.99564552307129,
      17.795108795166016,
      15.181350708007812,
      14.773146629333496
    ]
  ],
  "drr": 8.816221237182617,
  "dynamics": 3.2858612537384033,
  "format": 1245190,
  "frames": 7768064,
  "loudness": -17.33072853088379,
  "loudness_range": 8.999343872070312,
  "loudness_range_short": 10.378195762634277,
  "peak": -2.5587105751037598,
  "rms": -19.665124893188477,
  "sample_rate": 44100,
  "sections": 1,
  "seekable": 1,
  "sharpness": 1.8772225379943848,
  "space": -2.2781355381011963
}