{
  "bands": [
    {
      "high_freq": 148.1999969482422,
      "loudness": -22.387603759765625,
      "loudness_range": 8.552963256835938,
      "mid_mean": -19.274690628051758,
      "mid_to_side_loudness": -9.031977653503418,
      "mid_to_side_loudness_range": 7.78462028503418,
      "side_mean": -28.457447052001953
    },
    {
      "high_freq": 392.3793640136719,
      "loudness": -19.29564666748047,
      "loudness_range": 8.561439514160156,
      "low_freq": 148.1999969482422,
      "mid_mean": -15.806437492370605,
      "mid_to_side_loudness": -13.322400093078613,
      "mid_to_side_loudness_range": 6.84351921081543,
      "side_mean": -29.2884521484375
    },
    {
      "high_freq": 794.6976318359375,
      "loudness": -22.618253707885742,
      "loudness_range": 11.225248336791992,
      "low_freq": 392.3793640136719,
      "mid_mean": -19.126062393188477,
      "mid_to_side_loudness": -14.367449760437012,
      "mid_to_side_loudness_range": 9.818483352661133,
      "side_mean": -33.62148666381836
    },
    {
      "high_freq": 1457.5709228515625,
      "loudness": -27.649776458740234,
      "loudness_range": 11.124225616455078,
      "low_freq": 794.6976318359375,
      "mid_mean": -24.10289192199707,
      "mid_to_side_loudness": -15.183072090148926,
      "mid_to_side_loudness_range": 7.851297378540039,
      "side_mean": -39.37969970703125
    },
    {
      "high_freq": 2549.74365234375,
      "loudness": -27.998788833618164,
      "loudness_range": 9.61909294128418,
      "low_freq": 1457.5709228515625,
      "mid_mean": -24.47102165222168,
      "mid_to_side_loudness": -14.558734893798828,
      "mid_to_side_loudness_range": 7.07574462890625,
      "side_mean": -39.137420654296875
    },
    {
      "high_freq": 4349.24462890625,
      "loudness": -33.36811447143555,
      "loudness_range": 9.642526626586914,
      "low_freq": 2549.74365234375,
      "mid_mean": -29.778566360473633,
      "mid_to_side_loudness": -16.27669334411621,
      "mid_to_side_loudness_range": 7.324485778808594,
      "side_mean": -46.230499267578125
    },
    {
      "high_freq": 7314.1640625,
      "loudness": -35.1533203125,
      "loudness_range": 11.729045867919922,
      "low_freq": 4349.24462890625,
      "mid_mean": -31.53913688659668,
      "mid_to_side_loudness": -18.180273056030273,
      "mid_to_side_loudness_range": 8.15572738647461,
      "side_mean": -50.27388000488281
    },
    {
      "high_freq": 12199.2666015625,
      "loudness": -36.212100982666016,
      "loudness_range": 12.96273422241211,
      "low_freq": 7314.1640625,
      "mid_mean": -32.57560348510742,
      "mid_to_side_loudness": -19.871110916137695,
      "mid_to_side_loudness_range": 8.342363357543945,
      "side_mean": -52.924983978271484
    },
    {
      "loudness": -41.693599700927734,
      "loudness_range": 15.169170379638672,
      "low_freq": 12199.2666015625,
      "mid_mean": -38.06740951538086,
      "mid_to_side_loudness": -19.532268524169922,
      "mid_to_side_loudness_range": 10.05138874053955,
      "side_mean": -57.72802734375
    }
  ],
  "bands_short": [
    {
      "high_freq": 148.1999969482422,
      "loudness": -26.100900650024414,
      "loudness_range": 16.9140567779541,
      "mid_mean": -23.086589813232422,
      "mid_to_side_loudness": -9.712268829345703,
      "mid_to_side_loudness_range": 14.021109580993652,
      "side_mean": -32.95204162597656
    },
    {
      "high_freq": 392.3793640136719,
      "loudness": -19.590988159179688,
      "loudness_range": 11.010129928588867,
      "low_freq": 148.1999969482422,
      "mid_mean": -16.268184661865234,
      "mid_to_side_loudness": -11.313644409179688,
      "mid_to_side_loudness_range": 11.324209213256836,
      "side_mean": -27.79277992248535
    },
    {
      "high_freq": 794.6976318359375,
      "loudness": -23.354888916015625,
      "loudness_range": 14.88989543914795,
      "low_freq": 392.3793640136719,
      "mid_mean": -19.970317840576172,
      "mid_to_side_loudness": -13.693086624145508,
      "mid_to_side_loudness_range": 16.04320526123047,
      "side_mean": -33.85544204711914
    },
    {
      "high_freq": 1457.5709228515625,
      "loudness": -28.450782775878906,
      "loudness_range": 14.630008697509766,
      "low_freq": 794.6976318359375,
      "mid_mean": -24.9908447265625,
      "mid_to_side_loudness": -14.272619247436523,
      "mid_to_side_loudness_range": 14.527568817138672,
      "side_mean": -39.4628791809082
    },
    {
      "high_freq": 2549.74365234375,
      "loudness": -29.174604415893555,
      "loudness_range": 13.82084846496582,
      "low_freq": 1457.5709228515625,
      "mid_mean": -25.762714385986328,
      "mid_to_side_loudness": -13.660299301147461,
      "mid_to_side_loudness_range": 13.540895462036133,
      "side_mean": -39.604759216308594
    },
    {
      "high_freq": 4349.24462890625,
      "loudness": -35.057891845703125,
      "loudness_range": 15.330997467041016,
      "low_freq": 2549.74365234375,
      "mid_mean": -31.57594108581543,
      "mid_to_side_loudness": -14.844480514526367,
      "mid_to_side_loudness_range": 14.372993469238281,
      "side_mean": -46.67660140991211
    },
    {
      "high_freq": 7314.1640625,
      "loudness": -37.938140869140625,
      "loudness_range": 19.691715240478516,
      "low_freq": 4349.24462890625,
      "mid_mean": -34.398353576660156,
      "mid_to_side_loudness": -15.916646957397461,
      "mid_to_side_loudness_range": 16.17042350769043,
      "side_mean": -51.06682205200195
    },
    {
      "high_freq": 12199.2666015625,
      "loudness": -40.77764129638672,
      "loudness_range": 24.679996490478516,
      "low_freq": 7314.1640625,
      "mid_mean": -37.228206634521484,
      "mid_to_side_loudness": -16.323116302490234,
      "mid_to_side_loudness_range": 20.189085006713867,
      "side_mean": -54.49996566772461
    },
    {
      "loudness": -48.9432258605957,
      "loudness_range": 31.14122772216797,
      "low_freq": 12199.2666015625,
      "mid_mean": -45.865562438964844,
      "mid_to_side_loudness": -14.840417861938477,
      "mid_to_side_loudness_range": 21.902849197387695,
      "side_mean": -60.624122619628906
    }
  ],
  "channels": 2,
  "covariance": [
    [
      13.240276336669922,
      8.789249420166016,
      0.8517505526542664,
      -0.34724509716033936,
      -1.0772563219070435,
      -1.2874670028686523,
      -0.06077276170253754,
      -1.912237286567688,
      0.5743506550788879,
      -1.1171451807022095,
      1.400115728378296,
      -1.1880794763565063,
      2.356229305267334,
      -0.3458995819091797,
      2.00719952583313,
      -0.7470273375511169,
      3.1406164169311523,
      1.0256201028823853
    ],
    [
      8.789249420166016,
      14.18609619140625,
      1.1918671131134033,
      1.5385684967041016,
      0.5915618538856506,
      0.7199576497077942,
      0.9316760301589966,
      1.046785593032837,
      0.7315926551818848,
      0.45838895440101624,
      0.6342695951461792,
      0.7303415536880493,
      1.1626911163330078,
      1.1942561864852905,
      0.2539188861846924,
      -0.617765486240387,
      0.35597124695777893,
      -1.2430051565170288
    ],
    [
      0.8517505526542664,
      1.1918671131134033,
      10.190220832824707,
      7.21864128112793,
      6.539453506469727,
      3.2759695053100586,
      5.290340423583984,
      2.490722179412842,
      4.791975975036621,
      2.1964776515960693,
      5.163687705993652,
      2.682948589324951,
      4.583045482635498,
      2.55802583694458,
      4.706865310668945,
      2.7443745136260986,
      3.8637404441833496,
      2.200003147125244
    ],
    [
      -0.34724509716033936,
      1.5385684967041016,
      7.21864128112793,
      10.949588775634766,
      4.562575340270996,
      4.882497787475586,
      3.866828203201294,
      4.425202369689941,
      3.131657838821411,
      3.7914624214172363,
      2.992356300354004,
      4.011676788330078,
      1.8671234846115112,
      3.2544872760772705,
      1.6806070804595947,
      2.66445255279541,
      0.49796319007873535,
      0.8944008946418762
    ],
    [
      -1.0772563219070435,
      0.5915618538856506,
      6.539453506469727,
      4.562575340270996,
      15.767448425292969,
      8.883626937866211,
      11.89924144744873,
      8.602514266967773,
      9.43361759185791,
      6.200736999511719,
      6.922847747802734,
      4.775422096252441,
      6.080599784851074,
      4.768807411193848,
      5.349957466125488,
      4.363406181335449,
      3.8319287300109863,
      2.367737054824829
    ],
    [
      -1.2874670028686523,
      0.7199576497077942,
      3.2759695053100586,
      4.882497787475586,
      8.883626937866211,
      14.387004852294922,
      7.757052898406982,
      9.5730619430542,
      6.060628414154053,
      7.968998432159424,
      3.536306619644165,
      5.947245121002197,
      2.6103568077087402,
      4.958101272583008,
      2.513254404067993,
      4.135394096374512,
      1.4030128717422485,
      1.3720698356628418
    ],
    [
      -0.06077276170253754,
      0.9316760301589966,
      5.290340423583984,
      3.866828203201294,
      11.89924144744873,
      7.757052898406982,
      15.189423561096191,
      10.0911865234375,
      10.552852630615234,
      7.268428325653076,
      8.150583267211914,
      5.979779243469238,
      7.482790946960449,
      6.234498023986816,
      6.930964469909668,
      6.01043701171875,
      5.731997013092041,
      3.868652105331421
    ],
    [
      -1.912237286567688,
      1.046785593032837,
      2.490722179412842,
      4.425202369689941,
      8.602514266967773,
      9.5730619430542,
      10.0911865234375,
      13.786759376525879,
      7.16384220123291,
      8.93623161315918,
      4.196468353271484,
      7.183341026306152,
      3.4759416580200195,
      6.658194541931152,
      3.0965676307678223,
      5.517388343811035,
      2.0026657581329346,
      2.205598831176758
    ],
    [
      0.5743506550788879,
      0.7315926551818848,
      4.791975975036621,
      3.131657838821411,
      9.43361759185791,
      6.060628414154053,
      10.552852630615234,
      7.16384220123291,
      13.067683219909668,
      8.501618385314941,
      10.189549446105957,
      6.922206878662109,
      9.811763763427734,
      7.754983901977539,
      8.989616394042969,
      7.727036476135254,
      8.337462425231934,
      6.702964782714844
    ],
    [
      -1.1171451807022095,
      0.45838895440101624,
      2.1964776515960693,
      3.7914624214172363,
      6.200736999511719,
      7.968998432159424,
      7.268428325653076,
      8.93623161315918,
      8.501618385314941,
      11.594513893127441,
      5.500338077545166,
      8.03112506866455,
      4.8312907218933105,
      7.816896438598633,
      4.026768207550049,
      6.626631736755371,
      3.183229923248291,
      4.26092004776001
    ],
    [
      1.400115728378296,
      0.6342695951461792,
      5.163687705993652,
      2.992356300354004,
      6.922847747802734,
      3.536306619644165,
      8.150583267211914,
      4.196468353271484,
      10.189549446105957,
      5.500338077545166,
      13.072405815124512,
      7.466761589050293,
      12.88790512084961,
      8.778604507446289,
      12.4667387008667,
      9.683917045593262,
      12.708391189575195,
      9.987220764160156
    ],
    [
      -1.1880794763565063,
      0.7303415536880493,
      2.682948589324951,
      4.011676788330078,
      4.775422096252441,
      5.947245121002197,
      5.979779243469238,
      7.183341026306152,
      6.922206878662109,
      8.03112506866455,
      7.466761589050293,
      10.89173412322998,
      6.50972843170166,
      9.800149917602539,
      5.462676048278809,
      8.608878135681152,
      4.917997360229492,
      6.149932861328125
    ],
    [
      2.356229305267334,
      1.1626911163330078,
      4.583045482635498,
      1.8671234846115112,
      6.080599784851074,
      2.6103568077087402,
      7.482790946960449,
      3.4759416580200195,
      9.811763763427734,
      4.8312907218933105,
      12.88790512084961,
      6.50972843170166,
      18.811933517456055,
      11.927157402038574,
      17.668657302856445,
      12.93423080444336,
      18.89225959777832,
      14.595586776733398
    ],
    [
      -0.3458995819091797,
      1.1942561864852905,
      2.55802583694458,
      3.2544872760772705,
      4.768807411193848,
      4.958101272583008,
      6.234498023986816,
      6.658194541931152,
      7.754983901977539,
      7.816896438598633,
      8.778604507446289,
      9.800149917602539,
      11.927157402038574,
      21.324344635009766,
      10.079191207885742,
      19.331268310546875,
      9.990497589111328,
      15.93210506439209
    ],
    [
      2.00719952583313,
      0.2539188861846924,
      4.706865310668945,
      1.6806070804595947,
      5.349957466125488,
      2.513254404067993,
      6.930964469909668,
      3.0965676307678223,
      8.989616394042969,
      4.026768207550049,
      12.4667387008667,
      5.462676048278809,
      17.668657302856445,
      10.079191207885742,
      22.57870101928711,
      15.638792037963867,
      23.243148803710938,
      17.250883102416992
    ],
    [
      -0.7470273375511169,
      -0.617765486240387,
      2.7443745136260986,
      2.66445255279541,
      4.363406181335449,
      4.135394096374512,
      6.01043701171875,
      5.517388343811035,
      7.727036476135254,
      6.626631736755371,
      9.683917045593262,
      8.608878135681152,
      12.93423080444336,
      19.331268310546875,
      15.638792037963867,
      23.796419143676758,
      15.359953880310059,
      21.44491958618164
    ],
    [
      3.1406164169311523,
      0.35597124695777893,
      3.8637404441833496,
      0.49796319007873535,
      3.8319287300109863,
      1.4030128717422485,
      5.731997013092041,
      2.0026657581329346,
      8.337462425231934,
      3.183229923248291,
      12.708391189575195,
      4.917997360229492,
      18.89225959777832,
      9.990497589111328,
      23.243148803710938,
      15.359953880310059,
      29.523136138916016,
      21.495025634765625
    ],
    [
      1.0256201028823853,
      -1.2430051565170288,
      2.200003147125244,
      0.8944008946418762,
      2.367737054824829,
      1.3720698356628418,
      3.868652105331421,
      2.205598831176758,
      6.702964782714844,
      4.26092004776001,
      9.987220764160156,
      6.149932861328125,
      14.595586776733398,
      15.93210506439209,
      17.250883102416992,
      21.44491958618164,
      21.495025634765625,
      27.939014434814453
    ]
  ],
  "covariance_short": [
    [
      39.70547103881836,
      23.30002784729004,
      2.3040859699249268,
      0.3183067739009857,
      -2.1490676403045654,
      -2.8908915519714355,
      0.40554624795913696,
      -2.381187915802002,
      3.6502017974853516,
      -0.5322429537773132,
      6.8027215003967285,
      -0.7968806624412537,
      8.874946594238281,
      1.0510303974151611,
      11.100756645202637,
      4.001499652862549,
      14.085305213928223,
      7.3274431228637695
    ],
    [
      23.30002784729004,
      34.45714569091797,
      1.4997589588165283,
      3.0872678756713867,
      -1.1887598037719727,
      -0.2771884799003601,
      -0.5513412356376648,
      0.0571284182369709,
      1.6827902793884277,
      1.8382562398910522,
      3.6136040687561035,
      1.8281561136245728,
      3.705444574356079,
      3.1679985523223877,
      3.135903835296631,
      3.063145160675049,
      3.0285470485687256,
      2.3007559776306152
    ],
    [
      2.3040859699249268,
      1.4997589588165283,
      20.379711151123047,
      9.853165626525879,
      13.021560668945312,
      4.858104705810547,
      12.064866065979004,
      4.285002708435059,
      11.785910606384277,
      3.1912598609924316,
      12.978020668029785,
      3.7068543434143066,
      12.796432495117188,
      4.523949146270752,
      14.896263122558594,
      6.934383869171143,
      19.199731826782227,
      7.649884223937988
    ],
    [
      0.3183067739009857,
      3.0872678756713867,
      9.853165626525879,
      16.099233627319336,
      5.80518913269043,
      5.154786586761475,
      5.462900161743164,
      4.873166084289551,
      5.114585876464844,
      3.200568437576294,
      5.3940653800964355,
      3.4125101566314697,
      5.026934623718262,
      4.067888259887695,
      5.503608226776123,
      4.351437091827393,
      6.640796184539795,
      2.62038254737854
    ],
    [
      -2.1490676403045654,
      -1.1887598037719727,
      13.021560668945312,
      5.80518913269043,
      29.86141586303711,
      10.339360237121582,
      21.96831703186035,
      9.176270484924316,
      18.532123565673828,
      6.987098217010498,
      16.256065368652344,
      5.819590091705322,
      15.49909496307373,
      6.716851711273193,
      16.886655807495117,
      8.045833587646484,
      20.90378189086914,
      7.325033187866211
    ],
    [
      -2.8908915519714355,
      -0.2771884799003601,
      4.858104705810547,
      5.154786586761475,
      10.339360237121582,
      19.41360855102539,
      8.96251106262207,
      10.539783477783203,
      7.742834091186523,
      8.25586223602295,
      5.416065216064453,
      6.757989883422852,
      4.3331298828125,
      6.167352199554443,
      4.212575435638428,
      5.846959114074707,
      5.326756954193115,
      3.1690306663513184
    ],
    [
      0.40554624795913696,
      -0.5513412356376648,
      12.064866065979004,
      5.462900161743164,
      21.96831703186035,
      8.96251106262207,
      28.533899307250977,
      11.38425064086914,
      21.036828994750977,
      8.616958618164062,
      18.753286361694336,
      7.34232759475708,
      18.46179962158203,
      8.419482231140137,
      20.033123016357422,
      10.519287109375,
      24.64350128173828,
      10.129331588745117
    ],
    [
      -2.381187915802002,
      0.0571284182369709,
      4.285002708435059,
      4.873166084289551,
      9.176270484924316,
      10.539783477783203,
      11.38425064086914,
      18.100738525390625,
      9.243725776672363,
      10.028735160827637,
      6.185559272766113,
      8.223464965820312,
      5.528409481048584,
      8.166519165039062,
      5.378753662109375,
      7.560604572296143,
      6.218386173248291,
      4.1377716064453125
    ],
    [
      3.6502017974853516,
      1.6827902793884277,
      11.785910606384277,
      5.114585876464844,
      18.532123565673828,
      7.742834091186523,
      21.036828994750977,
      9.243725776672363,
      27.299285888671875,
      10.460147857666016,
      23.41053581237793,
      8.999032020568848,
      24.21120834350586,
      11.368718147277832,
      25.175050735473633,
      14.265885353088379,
      30.164485931396484,
      14.493693351745605
    ],
    [
      -0.5322429537773132,
      1.8382562398910522,
      3.1912598609924316,
      3.200568437576294,
      6.987098217010498,
      8.25586223602295,
      8.616958618164062,
      10.028735160827637,
      10.460147857666016,
      15.875041007995605,
      7.41916561126709,
      10.008955955505371,
      6.730717182159424,
      10.161178588867188,
      5.329404354095459,
      8.808374404907227,
      5.652740955352783,
      5.251459121704102
    ],
    [
      6.8027215003967285,
      3.6136040687561035,
      12.978020668029785,
      5.3940653800964355,
      16.256065368652344,
      5.416065216064453,
      18.753286361694336,
      6.185559272766113,
      23.41053581237793,
      7.41916561126709,
      31.716035842895508,
      10.137590408325195,
      32.972530364990234,
      13.992952346801758,
      35.043540954589844,
      19.166282653808594,
      41.91409683227539,
      21.177824020385742
    ],
    [
      -0.7968806624412537,
      1.8281561136245728,
      3.7068543434143066,
      3.4125101566314697,
      5.819590091705322,
      6.757989883422852,
      7.34232759475708,
      8.223464965820312,
      8.999032020568848,
      10.008955955505371,
      10.137590408325195,
      15.120808601379395,
      9.451970100402832,
      13.523337364196777,
      7.527383804321289,
      12.598666191101074,
      7.564561367034912,
      7.709007263183594
    ],
    [
      8.874946594238281,
      3.705444574356079,
      12.796432495117188,
      5.026934623718262,
      15.49909496307373,
      4.3331298828125,
      18.46179962158203,
      5.528409481048584,
      24.21120834350586,
      6.730717182159424,
      32.972530364990234,
      9.451970100402832,
      47.775352478027344,
      18.862905502319336,
      49.11894607543945,
      25.59326171875,
      57.94846725463867,
      29.366737365722656
    ],
    [
      1.0510303974151611,
      3.1679985523223877,
      4.523949146270752,
      4.067888259887695,
      6.716851711273193,
      6.167352199554443,
      8.419482231140137,
      8.166519165039062,
      11.368718147277832,
      10.161178588867188,
      13.992952346801758,
      13.523337364196777,
      18.862905502319336,
      28.811304092407227,
      16.2341251373291,
      26.009239196777344,
      16.984941482543945,
      18.40312385559082
    ],
    [
      11.100756645202637,
      3.135903835296631,
      14.896263122558594,
      5.503608226776123,
      16.886655807495117,
      4.212575435638428,
      20.033123016357422,
      5.378753662109375,
      25.175050735473633,
      5.329404354095459,
      35.043540954589844,
      7.527383804321289,
      49.11894607543945,
      16.2341251373291,
      70.15446472167969,
      30.78964614868164,
      79.67135620117188,
      37.32830810546875
    ],
    [
      4.001499652862549,
      3.063145160675049,
      6.934383869171143,
      4.351437091827393,
      8.045833587646484,
      5.846959114074707,
      10.519287109375,
      7.560604572296143,
      14.265885353088379,
      8.808374404907227,
      19.166282653808594,
      12.598666191101074,
      25.59326171875,
      26.009239196777344,
      30.78964614868164,
      34.569820404052734,
      33.93852615356445,
      28.553546905517578
    ],
    [
      14.085305213928223,
      3.0285470485687256,
      19.199731826782227,
      6.640796184539795,
      20.90378189086914,
      5.326756954193115,
      24.64350128173828,
      6.218386173248291,
      30.164485931396484,
      5.652740955352783,
      41.91409683227539,
      7.564561367034912,
      57.94846725463867,
      16.984941482543945,
      79.67135620117188,
      33.93852615356445,
      111.52871704101562,
      49.626033782958984
    ],
    [
      7.3274431228637695,
      2.3007559776306152,
      7.649884223937988,
      2.62038254737854,
      7.325033187866211,
      3.1690306663513184,
      10.129331588745117,
      4.1377716064453125,
      14.493693351745605,
      5.251459121704102,
      21.177824020385742,
      7.709007263183594,
      29.366737365722656,
      18.40312385559082,
      37.32830810546875,
      28.553546905517578,
      49.626033782958984,
      37.12517166137695
    ]
  ],
  "drr": 12.085046768188477,
  "dynamics": 2.3136959075927734,
  "format": 1245190,
  "frames": 10080256,
  "loudness": -11.781353950500488,
  "loudness_range": 4.810360908508301,
  "loudness_range_short": 8.840255737304688,
  "peak": 0.31079551577568054,
  "rms": -13.688483238220215,
  "sample_rate": 44100,
  "sections": 1,
  "seekable": 1,
  "sharpness": 2.9609243869781494,
  "space": -12.269293785095215
}