{
  "bands": [
    {
      "high_freq": 148.1999969482422,
      "loudness": -47.17450714111328,
      "loudness_range": 30.134273529052734,
      "mid_mean": -47.64353942871094,
      "mid_to_side_loudness": -2.716888666152954,
      "mid_to_side_loudness_range": 7.997344017028809,
      "side_mean": -51.1013298034668
    },
    {
      "high_freq": 392.3793640136719,
      "loudness": -41.80131912231445,
      "loudness_range": 25.43136978149414,
      "low_freq": 148.1999969482422,
      "mid_mean": -40.71931457519531,
      "mid_to_side_loudness": -2.03113055229187,
      "mid_to_side_loudness_range": 6.984165191650391,
      "side_mean": -43.10503005981445
    },
    {
      "high_freq": 794.6976318359375,
      "loudness": -41.91350173950195,
      "loudness_range": 25.981212615966797,
      "low_freq": 392.3793640136719,
      "mid_mean": -41.28377914428711,
      "mid_to_side_loudness": -1.933996319770813,
      "mid_to_side_loudness_range": 7.2391791343688965,
      "side_mean": -43.43534851074219
    },
    {
      "high_freq": 1457.5709228515625,
      "loudness": -41.9957160949707,
      "loudness_range": 25.671497344970703,
      "low_freq": 794.6976318359375,
      "mid_mean": -41.5548095703125,
      "mid_to_side_loudness": -1.7642996311187744,
      "mid_to_side_loudness_range": 5.953709125518799,
      "side_mean": -43.40106201171875
    },
    {
      "high_freq": 2549.74365234375,
      "loudness": -48.64765548706055,
      "loudness_range": 32.09334945678711,
      "low_freq": 1457.5709228515625,
      "mid_mean": -51.755496978759766,
      "mid_to_side_loudness": -2.132499933242798,
      "mid_to_side_loudness_range": 5.232697486877441,
      "side_mean": -53.4613151550293
    },
    {
      "high_freq": 4349.24462890625,
      "loudness": -54.883792877197266,
      "loudness_range": 35.582672119140625,
      "low_freq": 2549.74365234375,
      "mid_mean": -56.99794006347656,
      "mid_to_side_loudness": -2.204314947128296,
      "mid_to_side_loudness_range": 4.809499740600586,
      "side_mean": -58.590919494628906
    },
    {
      "high_freq": 7314.1640625,
      "loudness": -60.099708557128906,
      "loudness_range": 36.030845642089844,
      "low_freq": 4349.24462890625,
      "mid_mean": -63.07151412963867,
      "mid_to_side_loudness": -1.8612408638000488,
      "mid_to_side_loudness_range": 3.4346108436584473,
      "side_mean": -63.91324234008789
    },
    {
      "high_freq": 12199.2666015625,
      "loudness": -57.84317398071289,
      "loudness_range": 36.00007247924805,
      "low_freq": 7314.1640625,
      "mid_mean": -65.08135223388672,
      "mid_to_side_loudness": -1.998773455619812,
      "mid_to_side_loudness_range": 3.07293701171875,
      "side_mean": -65.69944763183594
    },
    {
      "loudness": -63.231075286865234,
      "loudness_range": 29.6468505859375,
      "low_freq": 12199.2666015625,
      "mid_mean": -67.53083038330078,
      "mid_to_side_loudness": -2.2597105503082275,
      "mid_to_side_loudness_range": 2.740419387817383,
      "side_mean": -68.09730529785156
    }
  ],
  "bands_short": [
    {
      "high_freq": 148.1999969482422,
      "loudness": -49.21131134033203,
      "loudness_range": 30.63690185546875,
      "mid_mean": -51.59737777709961,
      "mid_to_side_loudness": -2.891010284423828,
      "mid_to_side_loudness_range": 14.584896087646484,
      "side_mean": -53.74839401245117
    },
    {
      "high_freq": 392.3793640136719,
      "loudness": -42.31508255004883,
      "loudness_range": 25.541006088256836,
      "low_freq": 148.1999969482422,
      "mid_mean": -41.81658935546875,
      "mid_to_side_loudness": -1.9331965446472168,
      "mid_to_side_loudness_range": 10.089771270751953,
      "side_mean": -43.742523193359375
    },
    {
      "high_freq": 794.6976318359375,
      "loudness": -42.07106018066406,
      "loudness_range": 26.73668670654297,
      "low_freq": 392.3793640136719,
      "mid_mean": -41.45747756958008,
      "mid_to_side_loudness": -1.7876884937286377,
      "mid_to_side_loudness_range": 10.168608665466309,
      "side_mean": -43.59419250488281
    },
    {
      "high_freq": 1457.5709228515625,
      "loudness": -42.02939987182617,
      "loudness_range": 26.159589767456055,
      "low_freq": 794.6976318359375,
      "mid_mean": -41.78485107421875,
      "mid_to_side_loudness": -1.6573693752288818,
      "mid_to_side_loudness_range": 9.898874282836914,
      "side_mean": -43.71644592285156
    },
    {
      "high_freq": 2549.74365234375,
      "loudness": -49.168785095214844,
      "loudness_range": 32.17926788330078,
      "low_freq": 1457.5709228515625,
      "mid_mean": -52.298702239990234,
      "mid_to_side_loudness": -2.086153030395508,
      "mid_to_side_loudness_range": 8.349366188049316,
      "side_mean": -53.97563934326172
    },
    {
      "high_freq": 4349.24462890625,
      "loudness": -55.34365463256836,
      "loudness_range": 36.14065933227539,
      "low_freq": 2549.74365234375,
      "mid_mean": -57.46147155761719,
      "mid_to_side_loudness": -2.0729763507843018,
      "mid_to_side_loudness_range": 7.371548652648926,
      "side_mean": -58.945194244384766
    },
    {
      "high_freq": 7314.1640625,
      "loudness": -60.786643981933594,
      "loudness_range": 35.39209747314453,
      "low_freq": 4349.24462890625,
      "mid_mean": -63.39705276489258,
      "mid_to_side_loudness": -1.7979780435562134,
      "mid_to_side_loudness_range": 5.284671783447266,
      "side_mean": -64.19937896728516
    },
    {
      "high_freq": 12199.2666015625,
      "loudness": -59.58131408691406,
      "loudness_range": 34.284996032714844,
      "low_freq": 7314.1640625,
      "mid_mean": -65.53814697265625,
      "mid_to_side_loudness": -1.9615830183029175,
      "mid_to_side_loudness_range": 4.566204071044922,
      "side_mean": -66.13015747070312
    },
    {
      "loudness": -64.38871765136719,
      "loudness_range": 29.175262451171875,
      "low_freq": 12199.2666015625,
      "mid_mean": -67.85782623291016,
      "mid_to_side_loudness": -2.200869560241699,
      "mid_to_side_loudness_range": 3.824460029602051,
      "side_mean": -68.3558120727539
    }
  ],
  "channels": 2,
  "covariance": [
    [
      120.0723648071289,
      115.90904235839844,
      59.90484619140625,
      60.62543487548828,
      37.7656135559082,
      41.279884338378906,
      18.1760196685791,
      18.593448638916016,
      52.7885856628418,
      52.653873443603516,
      55.89452362060547,
      52.475975036621094,
      53.388607025146484,
      49.793113708496094,
      48.61665344238281,
      44.5401496887207,
      29.725130081176758,
      24.220252990722656
    ],
    [
      115.90904235839844,
      133.14076232910156,
      58.37636947631836,
      59.45638656616211,
      37.71748352050781,
      40.737552642822266,
      17.656946182250977,
      18.64911460876465,
      68.61489868164062,
      66.62835693359375,
      65.34012603759766,
      60.20722579956055,
      54.18307876586914,
      50.16761779785156,
      47.34538269042969,
      43.1949348449707,
      27.982250213623047,
      22.721935272216797
    ],
    [
      59.90484619140625,
      58.37636947631836,
      76.7216796875,
      74.14469909667969,
      59.764312744140625,
      62.892669677734375,
      42.613216400146484,
      41.873722076416016,
      72.65895080566406,
      71.5758056640625,
      69.48819732666016,
      65.05699157714844,
      63.40903854370117,
      58.58851623535156,
      57.222816467285156,
      52.810489654541016,
      34.87122344970703,
      28.148670196533203
    ],
    [
      60.62543487548828,
      59.45638656616211,
      74.14469909667969,
      84.69667053222656,
      64.5552978515625,
      66.94847106933594,
      46.519832611083984,
      45.70949172973633,
      79.752197265625,
      78.7921371459961,
      75.57201385498047,
      70.53589630126953,
      67.59480285644531,
      62.15692138671875,
      59.988616943359375,
      55.26691818237305,
      36.20533752441406,
      29.168031692504883
    ],
    [
      37.7656135559082,
      37.71748352050781,
      59.764312744140625,
      64.5552978515625,
      85.58380126953125,
      81.24542236328125,
      58.459861755371094,
      58.72177505493164,
      94.00648498535156,
      91.3127212524414,
      84.20085906982422,
      77.8000717163086,
      68.24514770507812,
      62.49329376220703,
      58.26576232910156,
      53.223140716552734,
      34.25430679321289,
      27.30300521850586
    ],
    [
      41.279884338378906,
      40.737552642822266,
      62.892669677734375,
      66.94847106933594,
      81.24542236328125,
      87.83587646484375,
      56.25709533691406,
      56.69624328613281,
      94.43627166748047,
      92.43646240234375,
      84.87596893310547,
      78.5380859375,
      67.96318817138672,
      62.35472869873047,
      57.3739013671875,
      52.317630767822266,
      33.328880310058594,
      26.49313735961914
    ],
    [
      18.1760196685791,
      17.656946182250977,
      42.613216400146484,
      46.519832611083984,
      58.459861755371094,
      56.25709533691406,
      90.90499877929688,
      85.91064453125,
      77.50260925292969,
      74.28822326660156,
      75.300537109375,
      69.44810485839844,
      56.46672821044922,
      51.61280059814453,
      49.0612678527832,
      45.30672836303711,
      30.028018951416016,
      24.027008056640625
    ],
    [
      18.593448638916016,
      18.64911460876465,
      41.873722076416016,
      45.70949172973633,
      58.72177505493164,
      56.69624328613281,
      85.91064453125,
      89.72846221923828,
      79.91455841064453,
      76.77069091796875,
      77.14181518554688,
      71.10433197021484,
      56.83322525024414,
      52.114322662353516,
      49.093353271484375,
      45.596343994140625,
      29.71882438659668,
      23.72336196899414
    ],
    [
      52.7885856628418,
      68.61489868164062,
      72.65895080566406,
      79.752197265625,
      94.00648498535156,
      94.43627166748047,
      77.50260925292969,
      79.91455841064453,
      166.4817352294922,
      160.14865112304688,
      141.1090087890625,
      130.34768676757812,
      105.65674591064453,
      96.09900665283203,
      84.42510986328125,
      76.63027954101562,
      47.36663055419922,
      37.55653381347656
    ],
    [
      52.653873443603516,
      66.62835693359375,
      71.5758056640625,
      78.7921371459961,
      91.3127212524414,
      92.43646240234375,
      74.28822326660156,
      76.77069091796875,
      160.14865112304688,
      157.37388610839844,
      138.79310607910156,
      129.08094787597656,
      105.82693481445312,
      96.52297973632812,
      85.0175552368164,
      77.43740844726562,
      47.7468376159668,
      37.946407318115234
    ],
    [
      55.89452362060547,
      65.34012603759766,
      69.48819732666016,
      75.57201385498047,
      84.20085906982422,
      84.87596893310547,
      75.300537109375,
      77.14181518554688,
      141.1090087890625,
      138.79310607910156,
      141.5383758544922,
      132.3958282470703,
      107.11935424804688,
      98.1292724609375,
      87.65470886230469,
      80.16265106201172,
      49.761741638183594,
      39.87740707397461
    ],
    [
      52.475975036621094,
      60.20722579956055,
      65.05699157714844,
      70.53589630126953,
      77.8000717163086,
      78.5380859375,
      69.44810485839844,
      71.10433197021484,
      130.34768676757812,
      129.08094787597656,
      132.3958282470703,
      126.1474838256836,
      103.13903045654297,
      94.73544311523438,
      84.83879852294922,
      77.81629180908203,
      48.333763122558594,
      38.85262680053711
    ],
    [
      53.388607025146484,
      54.18307876586914,
      63.40903854370117,
      67.59480285644531,
      68.24514770507812,
      67.96318817138672,
      56.46672821044922,
      56.83322525024414,
      105.65674591064453,
      105.82693481445312,
      107.11935424804688,
      103.13903045654297,
      99.18804168701172,
      91.25010681152344,
      85.5553970336914,
      78.80371856689453,
      50.41509246826172,
      40.71303939819336
    ],
    [
      49.793113708496094,
      50.16761779785156,
      58.58851623535156,
      62.15692138671875,
      62.49329376220703,
      62.35472869873047,
      51.61280059814453,
      52.114322662353516,
      96.09900665283203,
      96.52297973632812,
      98.1292724609375,
      94.73544311523438,
      91.25010681152344,
      84.51093292236328,
      79.22415161132812,
      73.23931121826172,
      46.778987884521484,
      37.86438751220703
    ],
    [
      48.61665344238281,
      47.34538269042969,
      57.222816467285156,
      59.988616943359375,
      58.26576232910156,
      57.3739013671875,
      49.0612678527832,
      49.093353271484375,
      84.42510986328125,
      85.0175552368164,
      87.65470886230469,
      84.83879852294922,
      85.5553970336914,
      79.22415161132812,
      78.85154724121094,
      73.15605926513672,
      47.953582763671875,
      38.97645568847656
    ],
    [
      44.5401496887207,
      43.1949348449707,
      52.810489654541016,
      55.26691818237305,
      53.223140716552734,
      52.317630767822266,
      45.30672836303711,
      45.596343994140625,
      76.63027954101562,
      77.43740844726562,
      80.16265106201172,
      77.81629180908203,
      78.80371856689453,
      73.23931121826172,
      73.15605926513672,
      68.45101928710938,
      44.7028923034668,
      36.489410400390625
    ],
    [
      29.725130081176758,
      27.982250213623047,
      34.87122344970703,
      36.20533752441406,
      34.25430679321289,
      33.328880310058594,
      30.028018951416016,
      29.71882438659668,
      47.36663055419922,
      47.7468376159668,
      49.761741638183594,
      48.333763122558594,
      50.41509246826172,
      46.778987884521484,
      47.953582763671875,
      44.7028923034668,
      31.201860427856445,
      25.652605056762695
    ],
    [
      24.220252990722656,
      22.721935272216797,
      28.148670196533203,
      29.168031692504883,
      27.30300521850586,
      26.49313735961914,
      24.027008056640625,
      23.72336196899414,
      37.55653381347656,
      37.946407318115234,
      39.87740707397461,
      38.85262680053711,
      40.71303939819336,
      37.86438751220703,
      38.97645568847656,
      36.489410400390625,
      25.652605056762695,
      21.41204071044922
    ]
  ],
  "covariance_short": [
    [
      132.7600860595703,
      118.72857666015625,
      64.83939361572266,
      61.7169075012207,
      32.845760345458984,
      36.931331634521484,
      14.161977767944336,
      14.5822114944458,
      64.45602416992188,
      61.970924377441406,
      59.69907760620117,
      55.229164123535156,
      49.682979583740234,
      45.73563003540039,
      41.35624313354492,
      37.02769088745117,
      23.449785232543945,
      18.813316345214844
    ],
    [
      118.72857666015625,
      124.734375,
      64.02771759033203,
      62.4627685546875,
      33.215240478515625,
      36.48729705810547,
      14.368839263916016,
      15.060611724853516,
      61.00009536743164,
      58.783050537109375,
      56.266395568847656,
      51.710453033447266,
      44.838680267333984,
      41.46904754638672,
      37.259437561035156,
      33.575138092041016,
      20.894689559936523,
      16.82754135131836
    ],
    [
      64.83939361572266,
      64.02771759033203,
      87.90545654296875,
      75.83368682861328,
      59.263916015625,
      61.24541091918945,
      40.17939376831055,
      41.67044448852539,
      71.56451416015625,
      69.06890106201172,
      68.67938232421875,
      64.70014190673828,
      60.73535919189453,
      56.043453216552734,
      52.205047607421875,
      47.61836242675781,
      30.806135177612305,
      24.856950759887695
    ],
    [
      61.7169075012207,
      62.4627685546875,
      75.83368682861328,
      85.66333770751953,
      60.290557861328125,
      62.483375549316406,
      41.883827209472656,
      43.04500961303711,
      72.62135314941406,
      71.10798645019531,
      70.61155700683594,
      66.44639587402344,
      61.40418243408203,
      56.65509033203125,
      52.17726135253906,
      47.73455810546875,
      30.435026168823242,
      24.61139678955078
    ],
    [
      32.845760345458984,
      33.215240478515625,
      59.263916015625,
      60.290557861328125,
      87.4249496459961,
      79.68092346191406,
      58.70781326293945,
      60.51901626586914,
      92.4596176147461,
      89.18838500976562,
      83.02008056640625,
      76.98976135253906,
      66.16718292236328,
      60.68656921386719,
      54.37481689453125,
      49.606468200683594,
      30.858854293823242,
      24.596715927124023
    ],
    [
      36.931331634521484,
      36.48729705810547,
      61.24541091918945,
      62.483375549316406,
      79.68092346191406,
      90.51737976074219,
      56.2310905456543,
      59.10997772216797,
      93.98016357421875,
      91.51114654541016,
      84.10078430175781,
      78.25406646728516,
      66.59307098388672,
      61.196434020996094,
      54.4324836730957,
      49.608360290527344,
      30.587905883789062,
      24.396753311157227
    ],
    [
      14.161977767944336,
      14.368839263916016,
      40.17939376831055,
      41.883827209472656,
      58.70781326293945,
      56.2310905456543,
      92.68775177001953,
      83.58456420898438,
      76.9207534790039,
      73.63725280761719,
      75.29589080810547,
      69.61227416992188,
      55.660118103027344,
      50.89956283569336,
      46.41154861450195,
      42.674720764160156,
      27.24651527404785,
      21.974365234375
    ],
    [
      14.5822114944458,
      15.060611724853516,
      41.67044448852539,
      43.04500961303711,
      60.51901626586914,
      59.10997772216797,
      83.58456420898438,
      95.41431427001953,
      81.96688079833984,
      78.61151123046875,
      78.51060485839844,
      72.58888244628906,
      57.2899284362793,
      52.79313659667969,
      47.20112609863281,
      43.55085372924805,
      27.119394302368164,
      21.81678009033203
    ],
    [
      64.45602416992188,
      61.00009536743164,
      71.56451416015625,
      72.62135314941406,
      92.4596176147461,
      93.98016357421875,
      76.9207534790039,
      81.96688079833984,
      165.11756896972656,
      155.41807556152344,
      136.56736755371094,
      126.7063217163086,
      101.63577270507812,
      92.3115234375,
      77.94741821289062,
      70.29898071289062,
      42.081932067871094,
      33.39348602294922
    ],
    [
      61.970924377441406,
      58.783050537109375,
      69.06890106201172,
      71.10798645019531,
      89.18838500976562,
      91.51114654541016,
      73.63725280761719,
      78.61151123046875,
      155.41807556152344,
      153.2805633544922,
      132.68621826171875,
      124.22753143310547,
      100.34496307373047,
      91.6033935546875,
      77.21558380126953,
      70.10265350341797,
      41.65522766113281,
      33.32326889038086
    ],
    [
      59.69907760620117,
      56.266395568847656,
      68.67938232421875,
      70.61155700683594,
      83.02008056640625,
      84.10078430175781,
      75.29589080810547,
      78.51060485839844,
      136.56736755371094,
      132.68621826171875,
      138.56520080566406,
      128.6791229248047,
      102.2034912109375,
      93.64037322998047,
      80.8388442993164,
      73.33405303955078,
      44.472835540771484,
      35.69281005859375
    ],
    [
      55.229164123535156,
      51.710453033447266,
      64.70014190673828,
      66.44639587402344,
      76.98976135253906,
      78.25406646728516,
      69.61227416992188,
      72.58888244628906,
      126.7063217163086,
      124.22753143310547,
      128.6791229248047,
      124.1423568725586,
      98.50245666503906,
      90.72915649414062,
      78.11277770996094,
      71.37146759033203,
      42.89794158935547,
      34.63296127319336
    ],
    [
      49.682979583740234,
      44.838680267333984,
      60.73535919189453,
      61.40418243408203,
      66.16718292236328,
      66.59307098388672,
      55.660118103027344,
      57.2899284362793,
      101.63577270507812,
      100.34496307373047,
      102.2034912109375,
      98.50245666503906,
      94.46249389648438,
      86.47229766845703,
      78.31999969482422,
      71.57096862792969,
      44.957679748535156,
      36.34579849243164
    ],
    [
      45.73563003540039,
      41.46904754638672,
      56.043453216552734,
      56.65509033203125,
      60.68656921386719,
      61.196434020996094,
      50.89956283569336,
      52.79313659667969,
      92.3115234375,
      91.6033935546875,
      93.64037322998047,
      90.72915649414062,
      86.47229766845703,
      80.64356994628906,
      72.34378051757812,
      66.74698638916016,
      41.380348205566406,
      33.702308654785156
    ],
    [
      41.35624313354492,
      37.259437561035156,
      52.205047607421875,
      52.17726135253906,
      54.37481689453125,
      54.4324836730957,
      46.41154861450195,
      47.20112609863281,
      77.94741821289062,
      77.21558380126953,
      80.8388442993164,
      78.11277770996094,
      78.31999969482422,
      72.34378051757812,
      70.87348937988281,
      64.93553161621094,
      42.5128288269043,
      34.533023834228516
    ],
    [
      37.02769088745117,
      33.575138092041016,
      47.61836242675781,
      47.73455810546875,
      49.606468200683594,
      49.608360290527344,
      42.674720764160156,
      43.55085372924805,
      70.29898071289062,
      70.10265350341797,
      73.33405303955078,
      71.37146759033203,
      71.57096862792969,
      66.74698638916016,
      64.93553161621094,
      60.98368453979492,
      38.921478271484375,
      32.121707916259766
    ],
    [
      23.449785232543945,
      20.894689559936523,
      30.806135177612305,
      30.435026168823242,
      30.858854293823242,
      30.587905883789062,
      27.24651527404785,
      27.119394302368164,
      42.081932067871094,
      41.65522766113281,
      44.472835540771484,
      42.89794158935547,
      44.957679748535156,
      41.380348205566406,
      42.5128288269043,
      38.921478271484375,
      28.081117630004883,
      22.877473831176758
    ],
    [
      18.813316345214844,
      16.82754135131836,
      24.856950759887695,
      24.61139678955078,
      24.596715927124023,
      24.396753311157227,
      21.974365234375,
      21.81678009033203,
      33.39348602294922,
      33.32326889038086,
      35.69281005859375,
      34.63296127319336,
      36.34579849243164,
      33.702308654785156,
      34.533023834228516,
      32.121707916259766,
      22.877473831176758,
      19.33722496032715
    ]
  ],
  "drr": 10.276920318603516,
  "dynamics": 6.574760913848877,
  "format": 1245190,
  "frames": 6072320,
  "loudness": -31.447574615478516,
  "loudness_range": 21.788108825683594,
  "loudness_range_short": 22.92988395690918,
  "peak": -3.7726521492004395,
  "rms": -28.265722274780273,
  "sample_rate": 44100,
  "sections": 1,
  "seekable": 1,
  "sharpness": 1.9818073511123657,
  "space": -1.994044542312622
}