{
  "bands": [
    {
      "high_freq": 148.1999969482422,
      "loudness": -20.1190242767334,
      "loudness_range": 11.55351448059082,
      "mid_mean": -16.484861373901367,
      "mid_to_side_loudness": -21.483991622924805,
      "mid_to_side_loudness_range": 14.07861042022705,
      "side_mean": -39.03361892700195
    },
    {
      "high_freq": 392.3793640136719,
      "loudness": -19.73647117614746,
      "loudness_range": 8.48060131072998,
      "low_freq": 148.1999969482422,
      "mid_mean": -16.350013732910156,
      "mid_to_side_loudness": -13.31466007232666,
      "mid_to_side_loudness_range": 13.67668342590332,
      "side_mean": -29.798494338989258
    },
    {
      "high_freq": 794.6976318359375,
      "loudness": -22.36944007873535,
      "loudness_range": 14.941821098327637,
      "low_freq": 392.3793640136719,
      "mid_mean": -19.614805221557617,
      "mid_to_side_loudness": -7.996622562408447,
      "mid_to_side_loudness_range": 11.707856178283691,
      "side_mean": -27.36375617980957
    },
    {
      "high_freq": 1457.5709228515625,
      "loudness": -24.822324752807617,
      "loudness_range": 17.55809211730957,
      "low_freq": 794.6976318359375,
      "mid_mean": -22.178340911865234,
      "mid_to_side_loudness": -7.530307769775391,
      "mid_to_side_loudness_range": 13.444113731384277,
      "side_mean": -29.31938934326172
    },
    {
      "high_freq": 2549.74365234375,
      "loudness": -25.129695892333984,
      "loudness_range": 16.309206008911133,
      "low_freq": 1457.5709228515625,
      "mid_mean": -22.463226318359375,
      "mid_to_side_loudness": -7.2737274169921875,
      "mid_to_side_loudness_range": 10.945589065551758,
      "side_mean": -30.015188217163086
    },
    {
      "high_freq": 4349.24462890625,
      "loudness": -28.381874084472656,
      "loudness_range": 18.341184616088867,
      "low_freq": 2549.74365234375,
      "mid_mean": -25.637454986572266,
      "mid_to_side_loudness": -6.451961994171143,
      "mid_to_side_loudness_range": 9.473889350891113,
      "side_mean": -32.705116271972656
    },
    {
      "high_freq": 7314.1640625,
      "loudness": -30.36177635192871,
      "loudness_range": 17.389558792114258,
      "low_freq": 4349.24462890625,
      "mid_mean": -27.909215927124023,
      "mid_to_side_loudness": -6.018821716308594,
      "mid_to_side_loudness_range": 10.813516616821289,
      "side_mean": -33.963401794433594
    },
    {
      "high_freq": 12199.2666015625,
      "loudness": -31.261375427246094,
      "loudness_range": 15.268468856811523,
      "low_freq": 7314.1640625,
      "mid_mean": -28.73866081237793,
      "mid_to_side_loudness": -6.181825160980225,
      "mid_to_side_loudness_range": 9.88150691986084,
      "side_mean": -34.95313262939453
    },
    {
      "loudness": -39.07253646850586,
      "loudness_range": 12.739618301391602,
      "low_freq": 12199.2666015625,
      "mid_mean": -36.661983489990234,
      "mid_to_side_loudness": -5.220326900482178,
      "mid_to_side_loudness_range": 7.558874130249023,
      "side_mean": -41.88800048828125
    }
  ],
  "bands_short": [
    {
      "high_freq": 148.1999969482422,
      "loudness": -27.33201789855957,
      "loudness_range": 30.040271759033203,
      "mid_mean": -23.795270919799805,
      "mid_to_side_loudness": -17.351518630981445,
      "mid_to_side_loudness_range": 23.78692626953125,
      "side_mean": -43.5445671081543
    },
    {
      "high_freq": 392.3793640136719,
      "loudness": -20.40335464477539,
      "loudness_range": 15.854854583740234,
      "low_freq": 148.1999969482422,
      "mid_mean": -17.125551223754883,
      "mid_to_side_loudness": -13.133702278137207,
      "mid_to_side_loudness_range": 18.165019989013672,
      "side_mean": -30.62746810913086
    },
    {
      "high_freq": 794.6976318359375,
      "loudness": -23.04429817199707,
      "loudness_range": 18.22634506225586,
      "low_freq": 392.3793640136719,
      "mid_mean": -20.48103904724121,
      "mid_to_side_loudness": -7.931293487548828,
      "mid_to_side_loudness_range": 15.266215324401855,
      "side_mean": -28.20073890686035
    },
    {
      "high_freq": 1457.5709228515625,
      "loudness": -25.886600494384766,
      "loudness_range": 20.81254005432129,
      "low_freq": 794.6976318359375,
      "mid_mean": -23.409351348876953,
      "mid_to_side_loudness": -7.1686248779296875,
      "mid_to_side_loudness_range": 16.178028106689453,
      "side_mean": -30.52975845336914
    },
    {
      "high_freq": 2549.74365234375,
      "loudness": -26.661149978637695,
      "loudness_range": 21.98899269104004,
      "low_freq": 1457.5709228515625,
      "mid_mean": -24.181859970092773,
      "mid_to_side_loudness": -6.936453819274902,
      "mid_to_side_loudness_range": 13.694022178649902,
      "side_mean": -31.19099235534668
    },
    {
      "high_freq": 4349.24462890625,
      "loudness": -29.052091598510742,
      "loudness_range": 21.369251251220703,
      "low_freq": 2549.74365234375,
      "mid_mean": -26.521364212036133,
      "mid_to_side_loudness": -6.423732280731201,
      "mid_to_side_loudness_range": 12.092220306396484,
      "side_mean": -33.389949798583984
    },
    {
      "high_freq": 7314.1640625,
      "loudness": -31.91790771484375,
      "loudness_range": 22.202354431152344,
      "low_freq": 4349.24462890625,
      "mid_mean": -29.524818420410156,
      "mid_to_side_loudness": -6.147440433502197,
      "mid_to_side_loudness_range": 13.399884223937988,
      "side_mean": -36.35404586791992
    },
    {
      "high_freq": 12199.2666015625,
      "loudness": -34.55703353881836,
      "loudness_range": 24.838016510009766,
      "low_freq": 7314.1640625,
      "mid_mean": -32.073402404785156,
      "mid_to_side_loudness": -6.6881327629089355,
      "mid_to_side_loudness_range": 13.644414901733398,
      "side_mean": -39.572269439697266
    },
    {
      "loudness": -44.289188385009766,
      "loudness_range": 28.99518394470215,
      "low_freq": 12199.2666015625,
      "mid_mean": -41.80716323852539,
      "mid_to_side_loudness": -6.137402057647705,
      "mid_to_side_loudness_range": 11.677454948425293,
      "side_mean": -48.14400100708008
    }
  ],
  "channels": 2,
  "covariance": [
    [
      23.945711135864258,
      13.638818740844727,
      9.285038948059082,
      3.710458278656006,
      4.555016994476318,
      3.0749592781066895,
      5.788802623748779,
      5.909528732299805,
      6.80006742477417,
      7.337846755981445,
      9.233321189880371,
      9.018064498901367,
      8.932394981384277,
      5.313148021697998,
      6.157132148742676,
      2.683142900466919,
      4.426117420196533,
      1.8339815139770508
    ],
    [
      13.638818740844727,
      22.75826072692871,
      8.193716049194336,
      6.859716415405273,
      6.251740455627441,
      5.649561405181885,
      8.968879699707031,
      9.640714645385742,
      10.745994567871094,
      10.70154857635498,
      14.247174263000488,
      14.193456649780273,
      14.132018089294434,
      8.557069778442383,
      10.380491256713867,
      6.220412254333496,
      8.788487434387207,
      5.737114429473877
    ],
    [
      9.285038948059082,
      8.193716049194336,
      13.072967529296875,
      10.254753112792969,
      6.0165510177612305,
      4.015258312225342,
      6.8537092208862305,
      6.472623348236084,
      8.834259033203125,
      8.74751091003418,
      11.206598281860352,
      10.664321899414062,
      11.143441200256348,
      6.600285053253174,
      9.261054039001465,
      4.808940410614014,
      7.55922269821167,
      3.955427408218384
    ],
    [
      3.710458278656006,
      6.859716415405273,
      10.254753112792969,
      29.804683685302734,
      11.88991928100586,
      11.681077003479004,
      11.131999015808105,
      10.730484008789062,
      10.830924987792969,
      9.448972702026367,
      13.751168251037598,
      13.48471736907959,
      13.569856643676758,
      8.69892692565918,
      11.708394050598145,
      7.407369136810303,
      9.94979476928711,
      6.215550899505615
    ],
    [
      4.555016994476318,
      6.251740455627441,
      6.0165510177612305,
      11.88991928100586,
      33.97117233276367,
      26.93488121032715,
      19.504772186279297,
      13.141637802124023,
      16.86250877380371,
      14.853368759155273,
      16.46297836303711,
      15.032093048095703,
      14.152477264404297,
      8.66680908203125,
      10.720884323120117,
      5.151625156402588,
      8.672642707824707,
      3.8521957397460938
    ],
    [
      3.0749592781066895,
      5.649561405181885,
      4.015258312225342,
      11.681077003479004,
      26.93488121032715,
      37.78326416015625,
      18.304418563842773,
      20.61724853515625,
      16.249731063842773,
      21.2795467376709,
      15.827951431274414,
      19.843509674072266,
      13.327597618103027,
      13.184286117553711,
      10.34414005279541,
      8.392822265625,
      8.178847312927246,
      6.032683372497559
    ],
    [
      5.788802623748779,
      8.968879699707031,
      6.8537092208862305,
      11.131999015808105,
      19.504772186279297,
      18.304418563842773,
      40.47472381591797,
      31.764644622802734,
      24.36376190185547,
      24.47990608215332,
      25.208030700683594,
      24.428762435913086,
      19.24037742614746,
      13.710820198059082,
      13.033823013305664,
      8.379237174987793,
      11.957491874694824,
      7.116017818450928
    ],
    [
      5.909528732299805,
      9.640714645385742,
      6.472623348236084,
      10.730484008789062,
      13.141637802124023,
      20.61724853515625,
      31.764644622802734,
      46.791656494140625,
      24.94479751586914,
      33.899784088134766,
      26.463743209838867,
      32.0435791015625,
      19.771425247192383,
      19.859291076660156,
      13.271873474121094,
      12.0094633102417,
      11.63160228729248,
      9.30516529083252
    ],
    [
      6.80006742477417,
      10.745994567871094,
      8.834259033203125,
      10.830924987792969,
      16.86250877380371,
      16.249731063842773,
      24.36376190185547,
      24.94479751586914,
      41.9419059753418,
      35.778602600097656,
      34.28372573852539,
      31.32833480834961,
      25.498613357543945,
      16.50111961364746,
      17.99212646484375,
      9.73404598236084,
      15.274608612060547,
      8.678096771240234
    ],
    [
      7.337846755981445,
      10.70154857635498,
      8.74751091003418,
      9.448972702026367,
      14.853368759155273,
      21.2795467376709,
      24.47990608215332,
      33.899784088134766,
      35.778602600097656,
      52.83111572265625,
      36.98558044433594,
      40.940208435058594,
      26.134422302246094,
      23.23811149597168,
      18.19382095336914,
      13.219254493713379,
      14.32717227935791,
      9.69321060180664
    ],
    [
      9.233321189880371,
      14.247174263000488,
      11.206598281860352,
      13.751168251037598,
      16.46297836303711,
      15.827951431274414,
      25.208030700683594,
      26.463743209838867,
      34.28372573852539,
      36.98558044433594,
      48.58407211303711,
      38.97907257080078,
      34.847740173339844,
      21.90595245361328,
      24.385398864746094,
      13.346297264099121,
      18.928190231323242,
      10.707529067993164
    ],
    [
      9.018064498901367,
      14.193456649780273,
      10.664321899414062,
      13.48471736907959,
      15.032093048095703,
      19.843509674072266,
      24.428762435913086,
      32.0435791015625,
      31.32833480834961,
      40.940208435058594,
      38.97907257080078,
      48.25465393066406,
      35.02103805541992,
      30.199230194091797,
      26.484535217285156,
      20.424945831298828,
      21.127519607543945,
      15.69282341003418
    ],
    [
      8.932394981384277,
      14.132018089294434,
      11.143441200256348,
      13.569856643676758,
      14.152477264404297,
      13.327597618103027,
      19.24037742614746,
      19.771425247192383,
      25.498613357543945,
      26.134422302246094,
      34.847740173339844,
      35.02103805541992,
      43.11268615722656,
      26.969484329223633,
      34.633121490478516,
      20.350936889648438,
      24.951913833618164,
      15.042093276977539
    ],
    [
      5.313148021697998,
      8.557069778442383,
      6.600285053253174,
      8.69892692565918,
      8.66680908203125,
      13.184286117553711,
      13.710820198059082,
      19.859291076660156,
      16.50111961364746,
      23.23811149597168,
      21.90595245361328,
      30.199230194091797,
      26.969484329223633,
      28.44032096862793,
      23.13414764404297,
      22.601991653442383,
      17.68329429626465,
      16.366783142089844
    ],
    [
      6.157132148742676,
      10.380491256713867,
      9.261054039001465,
      11.708394050598145,
      10.720884323120117,
      10.34414005279541,
      13.033823013305664,
      13.271873474121094,
      17.99212646484375,
      18.19382095336914,
      24.385398864746094,
      26.484535217285156,
      34.633121490478516,
      23.13414764404297,
      34.088172912597656,
      20.647483825683594,
      25.8262939453125,
      16.45769691467285
    ],
    [
      2.683142900466919,
      6.220412254333496,
      4.808940410614014,
      7.407369136810303,
      5.151625156402588,
      8.392822265625,
      8.379237174987793,
      12.0094633102417,
      9.73404598236084,
      13.219254493713379,
      13.346297264099121,
      20.424945831298828,
      20.350936889648438,
      22.601991653442383,
      20.647483825683594,
      22.73531150817871,
      17.19300079345703,
      17.993635177612305
    ],
    [
      4.426117420196533,
      8.788487434387207,
      7.55922269821167,
      9.94979476928711,
      8.672642707824707,
      8.178847312927246,
      11.957491874694824,
      11.63160228729248,
      15.274608612060547,
      14.32717227935791,
      18.928190231323242,
      21.127519607543945,
      24.951913833618164,
      17.68329429626465,
      25.8262939453125,
      17.19300079345703,
      25.687192916870117,
      17.776880264282227
    ],
    [
      1.8339815139770508,
      5.737114429473877,
      3.955427408218384,
      6.215550899505615,
      3.8521957397460938,
      6.032683372497559,
      7.116017818450928,
      9.30516529083252,
      8.678096771240234,
      9.69321060180664,
      10.707529067993164,
      15.69282341003418,
      15.042093276977539,
      16.366783142089844,
      16.45769691467285,
      17.993635177612305,
      17.776880264282227,
      19.1918888092041
    ]
  ],
  "covariance_short": [
    [
      105.24519348144531,
      47.20878219604492,
      40.771820068359375,
      9.901485443115234,
      12.46446704864502,
      7.140946388244629,
      10.753131866455078,
      7.729816913604736,
      8.456746101379395,
      8.795379638671875,
      10.85299015045166,
      10.535252571105957,
      13.200764656066895,
      14.641905784606934,
      15.614046096801758,
      20.444765090942383,
      21.347370147705078,
      24.20452308654785
    ],
    [
      47.20878219604492,
      58.21258544921875,
      22.599773406982422,
      11.486038208007812,
      9.556492805480957,
      8.569488525390625,
      9.964447975158691,
      10.764410972595215,
      11.901141166687012,
      12.374130249023438,
      13.773188591003418,
      13.37985897064209,
      13.980186462402344,
      14.349004745483398,
      13.681790351867676,
      16.374229431152344,
      18.467212677001953,
      19.957124710083008
    ],
    [
      40.771820068359375,
      22.599773406982422,
      37.75600051879883,
      17.124277114868164,
      13.442481994628906,
      8.172654151916504,
      11.65346622467041,
      9.19140338897705,
      13.832335472106934,
      12.213700294494629,
      15.060441970825195,
      13.088083267211914,
      14.992090225219727,
      13.144014358520508,
      16.16886329650879,
      15.219358444213867,
      21.538198471069336,
      20.261295318603516
    ],
    [
      9.901485443115234,
      11.486038208007812,
      17.124277114868164,
      36.26306915283203,
      15.497859954833984,
      15.813811302185059,
      12.400559425354004,
      13.112377166748047,
      14.285745620727539,
      12.286530494689941,
      13.658371925354004,
      12.066399574279785,
      11.29664421081543,
      10.015162467956543,
      11.24717903137207,
      10.535463333129883,
      18.573219299316406,
      16.190143585205078
    ],
    [
      12.46446704864502,
      9.556492805480957,
      13.442481994628906,
      15.497859954833984,
      47.96412658691406,
      34.38840103149414,
      24.8631649017334,
      18.731822967529297,
      25.892004013061523,
      20.70387840270996,
      21.964448928833008,
      19.22410774230957,
      18.824262619018555,
      15.554046630859375,
      17.063852310180664,
      12.945305824279785,
      20.645614624023438,
      15.122016906738281
    ],
    [
      7.140946388244629,
      8.569488525390625,
      8.172654151916504,
      15.813811302185059,
      34.38840103149414,
      50.90147399902344,
      21.441707611083984,
      26.349103927612305,
      23.39173126220703,
      27.89982032775879,
      20.083017349243164,
      24.03067970275879,
      16.389631271362305,
      20.414323806762695,
      13.972628593444824,
      16.076295852661133,
      17.673311233520508,
      16.517940521240234
    ],
    [
      10.753131866455078,
      9.964447975158691,
      11.65346622467041,
      12.400559425354004,
      24.8631649017334,
      21.441707611083984,
      56.41484069824219,
      42.29593276977539,
      38.158935546875,
      32.348751068115234,
      31.066192626953125,
      28.66454315185547,
      22.678373336791992,
      21.972610473632812,
      15.898669242858887,
      15.320155143737793,
      20.846630096435547,
      16.460710525512695
    ],
    [
      7.729816913604736,
      10.764410972595215,
      9.19140338897705,
      13.112377166748047,
      18.731822967529297,
      26.349103927612305,
      42.29593276977539,
      62.90264129638672,
      36.608421325683594,
      44.570457458496094,
      31.34606170654297,
      38.33885192871094,
      22.611562728881836,
      29.898218154907227,
      14.787737846374512,
      19.533851623535156,
      17.377023696899414,
      17.727317810058594
    ],
    [
      8.456746101379395,
      11.901141166687012,
      13.832335472106934,
      14.285745620727539,
      25.892004013061523,
      23.39173126220703,
      38.158935546875,
      36.608421325683594,
      67.54673767089844,
      52.33667755126953,
      50.750732421875,
      42.62061309814453,
      36.18391036987305,
      30.097963333129883,
      26.48613929748535,
      20.3824520111084,
      27.583951950073242,
      19.571151733398438
    ],
    [
      8.795379638671875,
      12.374130249023438,
      12.213700294494629,
      12.286530494689941,
      20.70387840270996,
      27.89982032775879,
      32.348751068115234,
      44.570457458496094,
      52.33667755126953,
      69.51593780517578,
      46.09387969970703,
      52.79780578613281,
      32.518035888671875,
      37.7836799621582,
      22.789087295532227,
      24.560922622680664,
      23.146085739135742,
      20.941028594970703
    ],
    [
      10.85299015045166,
      13.773188591003418,
      15.060441970825195,
      13.658371925354004,
      21.964448928833008,
      20.083017349243164,
      31.066192626953125,
      31.34606170654297,
      50.750732421875,
      46.09387969970703,
      63.93586349487305,
      48.64550018310547,
      46.757293701171875,
      36.181400299072266,
      36.398658752441406,
      26.393756866455078,
      33.275691986083984,
      23.566734313964844
    ],
    [
      10.535252571105957,
      13.37985897064209,
      13.088083267211914,
      12.066399574279785,
      19.22410774230957,
      24.03067970275879,
      28.66454315185547,
      38.33885192871094,
      42.62061309814453,
      52.79780578613281,
      48.64550018310547,
      62.86703109741211,
      42.28501510620117,
      47.775875091552734,
      33.728172302246094,
      35.44144058227539,
      30.40976905822754,
      29.24089813232422
    ],
    [
      13.200764656066895,
      13.980186462402344,
      14.992090225219727,
      11.29664421081543,
      18.824262619018555,
      16.389631271362305,
      22.678373336791992,
      22.611562728881836,
      36.18391036987305,
      32.518035888671875,
      46.757293701171875,
      42.28501510620117,
      65.37626647949219,
      46.252601623535156,
      58.384429931640625,
      43.29648971557617,
      50.243099212646484,
      37.2064094543457
    ],
    [
      14.641905784606934,
      14.349004745483398,
      13.144014358520508,
      10.015162467956543,
      15.554046630859375,
      20.414323806762695,
      21.972610473632812,
      29.898218154907227,
      30.097963333129883,
      37.7836799621582,
      36.181400299072266,
      47.775875091552734,
      46.252601623535156,
      63.92340850830078,
      48.75973892211914,
      59.46207046508789,
      47.86781692504883,
      51.23371887207031
    ],
    [
      15.614046096801758,
      13.681790351867676,
      16.16886329650879,
      11.24717903137207,
      17.063852310180664,
      13.972628593444824,
      15.898669242858887,
      14.787737846374512,
      26.48613929748535,
      22.789087295532227,
      36.398658752441406,
      33.728172302246094,
      58.384429931640625,
      48.75973892211914,
      80.63282012939453,
      59.152191162109375,
      70.91802978515625,
      56.501441955566406
    ],
    [
      20.444765090942383,
      16.374229431152344,
      15.219358444213867,
      10.535463333129883,
      12.945305824279785,
      16.076295852661133,
      15.320155143737793,
      19.533851623535156,
      20.3824520111084,
      24.560922622680664,
      26.393756866455078,
      35.44144058227539,
      43.29648971557617,
      59.46207046508789,
      59.152191162109375,
      78.92700958251953,
      65.01053619384766,
      72.94768524169922
    ],
    [
      21.347370147705078,
      18.467212677001953,
      21.538198471069336,
      18.573219299316406,
      20.645614624023438,
      17.673311233520508,
      20.846630096435547,
      17.377023696899414,
      27.583951950073242,
      23.146085739135742,
      33.275691986083984,
      30.40976905822754,
      50.243099212646484,
      47.86781692504883,
      70.91802978515625,
      65.01053619384766,
      92.01687622070312,
      75.97453308105469
    ],
    [
      24.20452308654785,
      19.957124710083008,
      20.261295318603516,
      16.190143585205078,
      15.122016906738281,
      16.517940521240234,
      16.460710525512695,
      17.727317810058594,
      19.571151733398438,
      20.941028594970703,
      23.566734313964844,
      29.24089813232422,
      37.2064094543457,
      51.23371887207031,
      56.501441955566406,
      72.94768524169922,
      75.97453308105469,
      86.97638702392578
    ]
  ],
  "drr": 14.583710670471191,
  "dynamics": 3.0380349159240723,
  "format": 1245190,
  "frames": 11960320,
  "loudness": -10.053287506103516,
  "loudness_range": 7.339808464050293,
  "loudness_range_short": 12.456915855407715,
  "peak": 0.8590885996818542,
  "rms": -11.89863109588623,
  "sample_rate": 44100,
  "sections": 1,
  "seekable": 1,
  "sharpness": 3.411184549331665,
  "space": -9.703516960144043
}