{
  "bands": [
    {
      "high_freq": 148.1999969482422,
      "loudness": -16.367210388183594,
      "loudness_range": 4.784121513366699,
      "mid_mean": -12.72990608215332,
      "mid_to_side_loudness": -24.162006378173828,
      "mid_to_side_loudness_range": 23.73794937133789,
      "side_mean": -38.42884063720703
    },
    {
      "high_freq": 392.3793640136719,
      "loudness": -21.726011276245117,
      "loudness_range": 7.344034194946289,
      "low_freq": 148.1999969482422,
      "mid_mean": -18.473495483398438,
      "mid_to_side_loudness": -10.533946990966797,
      "mid_to_side_loudness_range": 9.772055625915527,
      "side_mean": -29.174907684326172
    },
    {
      "high_freq": 794.6976318359375,
      "loudness": -21.926029205322266,
      "loudness_range": 8.479740142822266,
      "low_freq": 392.3793640136719,
      "mid_mean": -19.263351440429688,
      "mid_to_side_loudness": -6.166598320007324,
      "mid_to_side_loudness_range": 7.306214332580566,
      "side_mean": -25.46151351928711
    },
    {
      "high_freq": 1457.5709228515625,
      "loudness": -23.520038604736328,
      "loudness_range": 9.568252563476562,
      "low_freq": 794.6976318359375,
      "mid_mean": -20.894441604614258,
      "mid_to_side_loudness": -6.0482378005981445,
      "mid_to_side_loudness_range": 7.167868614196777,
      "side_mean": -27.015134811401367
    },
    {
      "high_freq": 2549.74365234375,
      "loudness": -20.251867294311523,
      "loudness_range": 10.99280834197998,
      "low_freq": 1457.5709228515625,
      "mid_mean": -17.702917098999023,
      "mid_to_side_loudness": -5.575201034545898,
      "mid_to_side_loudness_range": 6.545293807983398,
      "side_mean": -23.262155532836914
    },
    {
      "high_freq": 4349.24462890625,
      "loudness": -17.515043258666992,
      "loudness_range": 9.611478805541992,
      "low_freq": 2549.74365234375,
      "mid_mean": -14.820439338684082,
      "mid_to_side_loudness": -6.409257888793945,
      "mid_to_side_loudness_range": 5.607426166534424,
      "side_mean": -20.957605361938477
    },
    {
      "high_freq": 7314.1640625,
      "loudness": -17.85162353515625,
      "loudness_range": 11.450397491455078,
      "low_freq": 4349.24462890625,
      "mid_mean": -15.140375137329102,
      "mid_to_side_loudness": -7.100090980529785,
      "mid_to_side_loudness_range": 9.607492446899414,
      "side_mean": -21.928524017333984
    },
    {
      "high_freq": 12199.2666015625,
      "loudness": -17.035737991333008,
      "loudness_range": 9.837331771850586,
      "low_freq": 7314.1640625,
      "mid_mean": -14.360549926757812,
      "mid_to_side_loudness": -6.567244052886963,
      "mid_to_side_loudness_range": 9.500297546386719,
      "side_mean": -20.940500259399414
    },
    {
      "loudness": -22.60518455505371,
      "loudness_range": 8.542089462280273,
      "low_freq": 12199.2666015625,
      "mid_mean": -20.43661117553711,
      "mid_to_side_loudness": -4.28108549118042,
      "mid_to_side_loudness_range": 6.106935024261475,
      "side_mean": -24.51344871520996
    }
  ],
  "bands_short": [
    {
      "high_freq": 148.1999969482422,
      "loudness": -18.164226531982422,
      "loudness_range": 10.826580047607422,
      "mid_mean": -14.57172679901123,
      "mid_to_side_loudness": -26.174297332763672,
      "mid_to_side_loudness_range": 30.906688690185547,
      "side_mean": -42.49396514892578
    },
    {
      "high_freq": 392.3793640136719,
      "loudness": -20.674236297607422,
      "loudness_range": 11.814011573791504,
      "low_freq": 148.1999969482422,
      "mid_mean": -17.348291397094727,
      "mid_to_side_loudness": -12.31621265411377,
      "mid_to_side_loudness_range": 15.027265548706055,
      "side_mean": -29.87425994873047
    },
    {
      "high_freq": 794.6976318359375,
      "loudness": -22.1191463470459,
      "loudness_range": 10.799726486206055,
      "low_freq": 392.3793640136719,
      "mid_mean": -19.578445434570312,
      "mid_to_side_loudness": -6.061783313751221,
      "mid_to_side_loudness_range": 10.077988624572754,
      "side_mean": -25.71927261352539
    },
    {
      "high_freq": 1457.5709228515625,
      "loudness": -24.130359649658203,
      "loudness_range": 12.667160034179688,
      "low_freq": 794.6976318359375,
      "mid_mean": -21.631616592407227,
      "mid_to_side_loudness": -5.953149318695068,
      "mid_to_side_loudness_range": 10.182088851928711,
      "side_mean": -27.61685562133789
    },
    {
      "high_freq": 2549.74365234375,
      "loudness": -21.05072784423828,
      "loudness_range": 14.03874397277832,
      "low_freq": 1457.5709228515625,
      "mid_mean": -18.61758041381836,
      "mid_to_side_loudness": -5.445053577423096,
      "mid_to_side_loudness_range": 8.593576431274414,
      "side_mean": -24.015718460083008
    },
    {
      "high_freq": 4349.24462890625,
      "loudness": -17.816740036010742,
      "loudness_range": 12.23051929473877,
      "low_freq": 2549.74365234375,
      "mid_mean": -15.198452949523926,
      "mid_to_side_loudness": -6.203202247619629,
      "mid_to_side_loudness_range": 7.662715911865234,
      "side_mean": -21.227426528930664
    },
    {
      "high_freq": 7314.1640625,
      "loudness": -18.448081970214844,
      "loudness_range": 14.85672378540039,
      "low_freq": 4349.24462890625,
      "mid_mean": -15.811683654785156,
      "mid_to_side_loudness": -6.813644886016846,
      "mid_to_side_loudness_range": 11.159603118896484,
      "side_mean": -22.499670028686523
    },
    {
      "high_freq": 12199.2666015625,
      "loudness": -18.00506591796875,
      "loudness_range": 14.208202362060547,
      "low_freq": 7314.1640625,
      "mid_mean": -15.519454002380371,
      "mid_to_side_loudness": -6.113338947296143,
      "mid_to_side_loudness_range": 11.293293952941895,
      "side_mean": -21.616666793823242
    },
    {
      "loudness": -24.114416122436523,
      "loudness_range": 15.58012580871582,
      "low_freq": 12199.2666015625,
      "mid_mean": -22.01593780517578,
      "mid_to_side_loudness": -4.223212242126465,
      "mid_to_side_loudness_range": 7.430733680725098,
      "side_mean": -26.03683853149414
    }
  ],
  "channels": 2,
  "covariance": [
    [
      13.473584175109863,
      7.192469596862793,
      4.444243907928467,
      5.583700656890869,
      1.4875388145446777,
      3.188645124435425,
      3.4948694705963135,
      4.2524895668029785,
      4.148802757263184,
      5.569631576538086,
      5.4156413078308105,
      6.3244147300720215,
      4.270744323730469,
      2.93192195892334,
      3.8793528079986572,
      2.8743364810943604,
      1.5450196266174316,
      0.7778934240341187
    ],
    [
      7.192469596862793,
      57.923316955566406,
      11.019343376159668,
      16.382551193237305,
      0.5756683349609375,
      3.168755531311035,
      3.255427598953247,
      4.425245761871338,
      9.125313758850098,
      5.381007194519043,
      12.703421592712402,
      12.211756706237793,
      13.654513359069824,
      11.295899391174316,
      11.24601936340332,
      5.848142623901367,
      1.8130218982696533,
      -2.5420963764190674
    ],
    [
      4.444243907928467,
      11.019343376159668,
      13.845197677612305,
      9.602932929992676,
      4.207828998565674,
      4.986149787902832,
      5.100701332092285,
      6.062610149383545,
      8.196752548217773,
      7.207637310028076,
      8.652132987976074,
      7.585803031921387,
      9.785012245178223,
      6.403623580932617,
      10.090325355529785,
      4.892873764038086,
      6.417446613311768,
      2.26469087600708
    ],
    [
      5.583700656890869,
      16.382551193237305,
      9.602932929992676,
      19.922983169555664,
      5.533021926879883,
      8.912172317504883,
      5.445010662078857,
      8.400399208068848,
      9.994749069213867,
      8.832880020141602,
      8.79042911529541,
      8.707062721252441,
      10.310543060302734,
      10.812808990478516,
      8.350715637207031,
      6.291451930999756,
      4.404976844787598,
      0.6335057616233826
    ],
    [
      1.4875388145446777,
      0.5756683349609375,
      4.207828998565674,
      5.533021926879883,
      12.520550727844238,
      11.823078155517578,
      6.330060958862305,
      7.89232873916626,
      7.631887912750244,
      7.528039932250977,
      7.0488739013671875,
      6.712474822998047,
      6.110345363616943,
      6.255065441131592,
      4.271327495574951,
      3.6971817016601562,
      3.6669912338256836,
      2.9161767959594727
    ],
    [
      3.188645124435425,
      3.168755531311035,
      4.986149787902832,
      8.912172317504883,
      11.823078155517578,
      19.06972312927246,
      8.322328567504883,
      12.85235595703125,
      10.633033752441406,
      11.100289344787598,
      9.302542686462402,
      10.847838401794434,
      8.110848426818848,
      11.5922212600708,
      5.020334720611572,
      5.661239147186279,
      3.5146098136901855,
      2.262845516204834
    ],
    [
      3.4948694705963135,
      3.255427598953247,
      5.100701332092285,
      5.445010662078857,
      6.330060958862305,
      8.322328567504883,
      14.96115779876709,
      12.442182540893555,
      11.99448013305664,
      10.282546043395996,
      10.253713607788086,
      9.135564804077148,
      8.805484771728516,
      7.55497932434082,
      7.210498809814453,
      5.038808345794678,
      5.074978828430176,
      2.6552133560180664
    ],
    [
      4.2524895668029785,
      4.425245761871338,
      6.062610149383545,
      8.400399208068848,
      7.89232873916626,
      12.85235595703125,
      12.442182540893555,
      17.88974952697754,
      13.179221153259277,
      12.800849914550781,
      11.825145721435547,
      12.687851905822754,
      11.011807441711426,
      13.42541790008545,
      8.151213645935059,
      7.933551788330078,
      5.7946343421936035,
      3.3927807807922363
    ],
    [
      4.148802757263184,
      9.125313758850098,
      8.196752548217773,
      9.994749069213867,
      7.631887912750244,
      10.633033752441406,
      11.99448013305664,
      13.179221153259277,
      20.37879180908203,
      14.07664966583252,
      15.50195598602295,
      12.85665225982666,
      14.779653549194336,
      12.444883346557617,
      11.585305213928223,
      7.525123596191406,
      7.305561542510986,
      2.893805980682373
    ],
    [
      5.569631576538086,
      5.381007194519043,
      7.207637310028076,
      8.832880020141602,
      7.528039932250977,
      11.100289344787598,
      10.282546043395996,
      12.800849914550781,
      14.07664966583252,
      16.035476684570312,
      11.973061561584473,
      12.123353004455566,
      10.88009262084961,
      11.888751029968262,
      8.605426788330078,
      7.14711332321167,
      6.130980014801025,
      3.614048957824707
    ],
    [
      5.4156413078308105,
      12.703421592712402,
      8.652132987976074,
      8.79042911529541,
      7.0488739013671875,
      9.302542686462402,
      10.253713607788086,
      11.825145721435547,
      15.50195598602295,
      11.973061561584473,
      19.749608993530273,
      16.076744079589844,
      16.23189353942871,
      13.222023010253906,
      12.528510093688965,
      8.524720191955566,
      7.701308250427246,
      3.9839706420898438
    ],
    [
      6.3244147300720215,
      12.211756706237793,
      7.585803031921387,
      8.707062721252441,
      6.712474822998047,
      10.847838401794434,
      9.135564804077148,
      12.687851905822754,
      12.85665225982666,
      12.123353004455566,
      16.076744079589844,
      20.931238174438477,
      14.614541053771973,
      16.882104873657227,
      10.923003196716309,
      10.336671829223633,
      6.384513854980469,
      4.343325614929199
    ],
    [
      4.270744323730469,
      13.654513359069824,
      9.785012245178223,
      10.310543060302734,
      6.110345363616943,
      8.110848426818848,
      8.805484771728516,
      11.011807441711426,
      14.779653549194336,
      10.88009262084961,
      16.23189353942871,
      14.614541053771973,
      23.878650665283203,
      20.658058166503906,
      16.253154754638672,
      11.828600883483887,
      9.576325416564941,
      4.603219985961914
    ],
    [
      2.93192195892334,
      11.295899391174316,
      6.403623580932617,
      10.812808990478516,
      6.255065441131592,
      11.5922212600708,
      7.55497932434082,
      13.42541790008545,
      12.444883346557617,
      11.888751029968262,
      13.222023010253906,
      16.882104873657227,
      20.658058166503906,
      33.80501174926758,
      13.932679176330566,
      18.12712287902832,
      8.98669719696045,
      6.62698221206665
    ],
    [
      3.8793528079986572,
      11.24601936340332,
      10.090325355529785,
      8.350715637207031,
      4.271327495574951,
      5.020334720611572,
      7.210498809814453,
      8.151213645935059,
      11.585305213928223,
      8.605426788330078,
      12.528510093688965,
      10.923003196716309,
      16.253154754638672,
      13.932679176330566,
      19.417734146118164,
      13.060100555419922,
      11.992438316345215,
      6.269886493682861
    ],
    [
      2.8743364810943604,
      5.848142623901367,
      4.892873764038086,
      6.291451930999756,
      3.6971817016601562,
      5.661239147186279,
      5.038808345794678,
      7.933551788330078,
      7.525123596191406,
      7.14711332321167,
      8.524720191955566,
      10.336671829223633,
      11.828600883483887,
      18.12712287902832,
      13.060100555419922,
      20.02529525756836,
      10.355968475341797,
      10.096613883972168
    ],
    [
      1.5450196266174316,
      1.8130218982696533,
      6.417446613311768,
      4.404976844787598,
      3.6669912338256836,
      3.5146098136901855,
      5.074978828430176,
      5.7946343421936035,
      7.305561542510986,
      6.130980014801025,
      7.701308250427246,
      6.384513854980469,
      9.576325416564941,
      8.98669719696045,
      11.992438316345215,
      10.355968475341797,
      15.25090217590332,
      12.126045227050781
    ],
    [
      0.7778934240341187,
      -2.5420963764190674,
      2.26469087600708,
      0.6335057616233826,
      2.9161767959594727,
      2.262845516204834,
      2.6552133560180664,
      3.3927807807922363,
      2.893805980682373,
      3.614048957824707,
      3.9839706420898438,
      4.343325614929199,
      4.603219985961914,
      6.62698221206665,
      6.269886493682861,
      10.096613883972168,
      12.126045227050781,
      17.258813858032227
    ]
  ],
  "covariance_short": [
    [
      24.27330207824707,
      3.7642786502838135,
      1.5352376699447632,
      3.6372251510620117,
      2.8628435134887695,
      4.910217761993408,
      3.223191738128662,
      4.498393535614014,
      2.751142978668213,
      4.99613618850708,
      2.5961287021636963,
      5.570707321166992,
      1.3845560550689697,
      2.786405324935913,
      0.5403812527656555,
      1.9362645149230957,
      -0.8194224238395691,
      -0.1605522483587265
    ],
    [
      3.7642786502838135,
      74.23565673828125,
      5.3333916664123535,
      17.100936889648438,
      1.0888807773590088,
      3.6488494873046875,
      3.595191240310669,
      4.994350433349609,
      7.461523056030273,
      5.427905559539795,
      8.941301345825195,
      9.507562637329102,
      10.230942726135254,
      12.1796293258667,
      7.849976539611816,
      5.536147117614746,
      1.016754388809204,
      -1.4622520208358765
    ],
    [
      1.5352376699447632,
      5.3333916664123535,
      27.871192932128906,
      11.429878234863281,
      5.764644622802734,
      5.039838790893555,
      8.399077415466309,
      8.201277732849121,
      9.888580322265625,
      9.510811805725098,
      9.60232925415039,
      8.572423934936523,
      9.264212608337402,
      5.446660041809082,
      11.544480323791504,
      5.784307956695557,
      10.749479293823242,
      7.574920654296875
    ],
    [
      3.6372251510620117,
      17.100936889648438,
      11.429878234863281,
      25.686134338378906,
      6.007184982299805,
      8.721114158630371,
      6.974762439727783,
      9.556633949279785,
      9.391534805297852,
      8.70219898223877,
      8.29912281036377,
      8.847638130187988,
      10.340063095092773,
      11.868708610534668,
      8.086012840270996,
      5.4243645668029785,
      3.6021182537078857,
      0.594565749168396
    ],
    [
      2.8628435134887695,
      1.0888807773590088,
      5.764644622802734,
      6.007184982299805,
      19.86347198486328,
      14.93278694152832,
      8.130260467529297,
      9.29395580291748,
      10.99804973602295,
      9.86687183380127,
      9.73157024383545,
      8.983166694641113,
      9.251167297363281,
      8.298224449157715,
      6.932897090911865,
      6.018770694732666,
      7.453690052032471,
      6.54250431060791
    ],
    [
      4.910217761993408,
      3.6488494873046875,
      5.039838790893555,
      8.721114158630371,
      14.93278694152832,
      23.8155574798584,
      9.139948844909668,
      13.579089164733887,
      12.803850173950195,
      12.593273162841797,
      10.779356956481934,
      11.806342124938965,
      9.569937705993652,
      11.814583778381348,
      6.236079692840576,
      6.352688312530518,
      4.812028884887695,
      3.6277525424957275
    ],
    [
      3.223191738128662,
      3.595191240310669,
      8.399077415466309,
      6.974762439727783,
      8.130260467529297,
      9.139948844909668,
      24.52080726623535,
      18.3663330078125,
      16.248071670532227,
      13.291338920593262,
      13.471431732177734,
      11.369368553161621,
      12.243563652038574,
      10.50137996673584,
      11.051300048828125,
      6.665396690368652,
      9.426458358764648,
      5.9504828453063965
    ],
    [
      4.498393535614014,
      4.994350433349609,
      8.201277732849121,
      9.556633949279785,
      9.29395580291748,
      13.579089164733887,
      18.3663330078125,
      25.58404541015625,
      16.306772232055664,
      14.691510200500488,
      14.229127883911133,
      14.729280471801758,
      13.33524227142334,
      15.366427421569824,
      11.437358856201172,
      9.364349365234375,
      8.971724510192871,
      6.084612846374512
    ],
    [
      2.751142978668213,
      7.461523056030273,
      9.888580322265625,
      9.391534805297852,
      10.99804973602295,
      12.803850173950195,
      16.248071670532227,
      16.306772232055664,
      28.967479705810547,
      19.849077224731445,
      20.076217651367188,
      16.193519592285156,
      18.78791618347168,
      15.802879333496094,
      16.38274574279785,
      10.051465034484863,
      12.771718978881836,
      8.321999549865723
    ],
    [
      4.99613618850708,
      5.427905559539795,
      9.510811805725098,
      8.70219898223877,
      9.86687183380127,
      12.593273162841797,
      13.291338920593262,
      14.691510200500488,
      19.849077224731445,
      22.800901412963867,
      15.384461402893066,
      15.636045455932617,
      14.000594139099121,
      14.406005859375,
      12.644810676574707,
      9.731887817382812,
      10.395263671875,
      7.593021869659424
    ],
    [
      2.5961287021636963,
      8.941301345825195,
      9.60232925415039,
      8.29912281036377,
      9.73157024383545,
      10.779356956481934,
      13.471431732177734,
      14.229127883911133,
      20.076217651367188,
      15.384461402893066,
      25.030929565429688,
      19.331682205200195,
      19.87237548828125,
      16.091793060302734,
      16.609418869018555,
      11.27643871307373,
      13.775697708129883,
      10.353702545166016
    ],
    [
      5.570707321166992,
      9.507562637329102,
      8.572423934936523,
      8.847638130187988,
      8.983166694641113,
      11.806342124938965,
      11.369368553161621,
      14.729280471801758,
      16.193519592285156,
      15.636045455932617,
      19.331682205200195,
      25.788293838500977,
      17.150325775146484,
      19.716157913208008,
      14.103309631347656,
      13.251927375793457,
      10.458843231201172,
      8.712701797485352
    ],
    [
      1.3845560550689697,
      10.230942726135254,
      9.264212608337402,
      10.340063095092773,
      9.251167297363281,
      9.569937705993652,
      12.243563652038574,
      13.33524227142334,
      18.78791618347168,
      14.000594139099121,
      19.87237548828125,
      17.150325775146484,
      32.1824836730957,
      28.134511947631836,
      24.456403732299805,
      17.42767906188965,
      18.761049270629883,
      13.219442367553711
    ],
    [
      2.786405324935913,
      12.1796293258667,
      5.446660041809082,
      11.868708610534668,
      8.298224449157715,
      11.814583778381348,
      10.50137996673584,
      15.366427421569824,
      15.802879333496094,
      14.406005859375,
      16.091793060302734,
      19.716157913208008,
      28.134511947631836,
      42.374820709228516,
      21.44113540649414,
      24.560169219970703,
      15.724676132202148,
      13.716970443725586
    ],
    [
      0.5403812527656555,
      7.849976539611816,
      11.544480323791504,
      8.086012840270996,
      6.932897090911865,
      6.236079692840576,
      11.051300048828125,
      11.437358856201172,
      16.38274574279785,
      12.644810676574707,
      16.609418869018555,
      14.103309631347656,
      24.456403732299805,
      21.44113540649414,
      33.6803092956543,
      21.227705001831055,
      24.67410659790039,
      17.33749771118164
    ],
    [
      1.9362645149230957,
      5.536147117614746,
      5.784307956695557,
      5.4243645668029785,
      6.018770694732666,
      6.352688312530518,
      6.665396690368652,
      9.364349365234375,
      10.051465034484863,
      9.731887817382812,
      11.27643871307373,
      13.251927375793457,
      17.42767906188965,
      24.560169219970703,
      21.227705001831055,
      28.647111892700195,
      18.847909927368164,
      20.45720863342285
    ],
    [
      -0.8194224238395691,
      1.016754388809204,
      10.749479293823242,
      3.6021182537078857,
      7.453690052032471,
      4.812028884887695,
      9.426458358764648,
      8.971724510192871,
      12.771718978881836,
      10.395263671875,
      13.775697708129883,
      10.458843231201172,
      18.761049270629883,
      15.724676132202148,
      24.67410659790039,
      18.847909927368164,
      35.69247055053711,
      30.96500015258789
    ],
    [
      -0.1605522483587265,
      -1.4622520208358765,
      7.574920654296875,
      0.594565749168396,
      6.54250431060791,
      3.6277525424957275,
      5.9504828453063965,
      6.084612846374512,
      8.321999549865723,
      7.593021869659424,
      10.353702545166016,
      8.712701797485352,
      13.219442367553711,
      13.716970443725586,
      17.33749771118164,
      20.45720863342285,
      30.96500015258789,
      38.20740509033203
    ]
  ],
  "drr": 12.019153594970703,
  "dynamics": 2.5625765323638916,
  "format": 1245190,
  "frames": 11028480,
  "loudness": -5.854950904846191,
  "loudness_range": 5.206553936004639,
  "loudness_range_short": 7.807137489318848,
  "peak": 1.8297005891799927,
  "rms": -9.354962348937988,
  "sample_rate": 44100,
  "sections": 1,
  "seekable": 1,
  "sharpness": 1.9256494045257568,
  "space": -7.395989894866943
}