{
  "bands": [
    {
      "high_freq": 148.1999969482422,
      "loudness": -19.36142921447754,
      "loudness_range": 6.2113800048828125,
      "mid_mean": -15.854528427124023,
      "mid_to_side_loudness": -14.969505310058594,
      "mid_to_side_loudness_range": 11.28341293334961,
      "side_mean": -30.76416778564453
    },
    {
      "high_freq": 392.3793640136719,
      "loudness": -19.640729904174805,
      "loudness_range": 6.514715194702148,
      "low_freq": 148.1999969482422,
      "mid_mean": -16.605934143066406,
      "mid_to_side_loudness": -8.244722366333008,
      "mid_to_side_loudness_range": 6.871817111968994,
      "side_mean": -24.90509605407715
    },
    {
      "high_freq": 794.6976318359375,
      "loudness": -22.254608154296875,
      "loudness_range": 10.246526718139648,
      "low_freq": 392.3793640136719,
      "mid_mean": -19.00633430480957,
      "mid_to_side_loudness": -10.849906921386719,
      "mid_to_side_loudness_range": 11.189891815185547,
      "side_mean": -29.894994735717773
    },
    {
      "high_freq": 1457.5709228515625,
      "loudness": -21.313371658325195,
      "loudness_range": 15.752281188964844,
      "low_freq": 794.6976318359375,
      "mid_mean": -18.001972198486328,
      "mid_to_side_loudness": -12.723877906799316,
      "mid_to_side_loudness_range": 14.942115783691406,
      "side_mean": -30.778247833251953
    },
    {
      "high_freq": 2549.74365234375,
      "loudness": -18.6397762298584,
      "loudness_range": 14.35644817352295,
      "low_freq": 1457.5709228515625,
      "mid_mean": -15.336812019348145,
      "mid_to_side_loudness": -11.504149436950684,
      "mid_to_side_loudness_range": 11.741755485534668,
      "side_mean": -26.902420043945312
    },
    {
      "high_freq": 4349.24462890625,
      "loudness": -21.77433967590332,
      "loudness_range": 10.952152252197266,
      "low_freq": 2549.74365234375,
      "mid_mean": -18.482791900634766,
      "mid_to_side_loudness": -10.89002799987793,
      "mid_to_side_loudness_range": 8.909900665283203,
      "side_mean": -29.255186080932617
    },
    {
      "high_freq": 7314.1640625,
      "loudness": -23.430761337280273,
      "loudness_range": 8.74848747253418,
      "low_freq": 4349.24462890625,
      "mid_mean": -20.20802116394043,
      "mid_to_side_loudness": -10.008906364440918,
      "mid_to_side_loudness_range": 5.284170627593994,
      "side_mean": -30.039186477661133
    },
    {
      "high_freq": 12199.2666015625,
      "loudness": -26.205808639526367,
      "loudness_range": 8.571887969970703,
      "low_freq": 7314.1640625,
      "mid_mean": -22.980146408081055,
      "mid_to_side_loudness": -9.964773178100586,
      "mid_to_side_loudness_range": 6.013735294342041,
      "side_mean": -32.65797805786133
    },
    {
      "loudness": -29.690183639526367,
      "loudness_range": 8.359174728393555,
      "low_freq": 12199.2666015625,
      "mid_mean": -26.747314453125,
      "mid_to_side_loudness": -7.627504348754883,
      "mid_to_side_loudness_range": 4.762219429016113,
      "side_mean": -34.01642990112305
    }
  ],
  "bands_short": [
    {
      "high_freq": 148.1999969482422,
      "loudness": -23.322629928588867,
      "loudness_range": 14.033193588256836,
      "mid_mean": -19.865209579467773,
      "mid_to_side_loudness": -15.830229759216309,
      "mid_to_side_loudness_range": 17.972265243530273,
      "side_mean": -35.74046325683594
    },
    {
      "high_freq": 392.3793640136719,
      "loudness": -18.5860595703125,
      "loudness_range": 8.6947660446167,
      "low_freq": 148.1999969482422,
      "mid_mean": -15.535700798034668,
      "mid_to_side_loudness": -9.092411041259766,
      "mid_to_side_loudness_range": 9.691047668457031,
      "side_mean": -24.615388870239258
    },
    {
      "high_freq": 794.6976318359375,
      "loudness": -22.807329177856445,
      "loudness_range": 13.061317443847656,
      "low_freq": 392.3793640136719,
      "mid_mean": -19.67774772644043,
      "mid_to_side_loudness": -10.340054512023926,
      "mid_to_side_loudness_range": 13.274855613708496,
      "side_mean": -30.084325790405273
    },
    {
      "high_freq": 1457.5709228515625,
      "loudness": -22.234512329101562,
      "loudness_range": 18.82040786743164,
      "low_freq": 794.6976318359375,
      "mid_mean": -19.09321403503418,
      "mid_to_side_loudness": -11.783775329589844,
      "mid_to_side_loudness_range": 17.713172912597656,
      "side_mean": -30.964265823364258
    },
    {
      "high_freq": 2549.74365234375,
      "loudness": -19.454307556152344,
      "loudness_range": 17.71155548095703,
      "low_freq": 1457.5709228515625,
      "mid_mean": -16.242860794067383,
      "mid_to_side_loudness": -11.099218368530273,
      "mid_to_side_loudness_range": 13.802860260009766,
      "side_mean": -27.443994522094727
    },
    {
      "high_freq": 4349.24462890625,
      "loudness": -22.34575843811035,
      "loudness_range": 13.770461082458496,
      "low_freq": 2549.74365234375,
      "mid_mean": -19.12336540222168,
      "mid_to_side_loudness": -10.622748374938965,
      "mid_to_side_loudness_range": 11.173473358154297,
      "side_mean": -29.717872619628906
    },
    {
      "high_freq": 7314.1640625,
      "loudness": -24.298826217651367,
      "loudness_range": 13.021965026855469,
      "low_freq": 4349.24462890625,
      "mid_mean": -21.08358383178711,
      "mid_to_side_loudness": -10.094895362854004,
      "mid_to_side_loudness_range": 8.21929931640625,
      "side_mean": -31.080774307250977
    },
    {
      "high_freq": 12199.2666015625,
      "loudness": -27.52467155456543,
      "loudness_range": 13.890134811401367,
      "low_freq": 7314.1640625,
      "mid_mean": -24.273088455200195,
      "mid_to_side_loudness": -10.804197311401367,
      "mid_to_side_loudness_range": 10.297144889831543,
      "side_mean": -34.94691848754883
    },
    {
      "loudness": -32.803924560546875,
      "loudness_range": 19.192020416259766,
      "low_freq": 12199.2666015625,
      "mid_mean": -29.78610610961914,
      "mid_to_side_loudness": -8.867605209350586,
      "mid_to_side_loudness_range": 9.104293823242188,
      "side_mean": -38.302249908447266
    }
  ],
  "channels": 2,
  "covariance": [
    [
      12.2735595703125,
      3.169494152069092,
      6.654274940490723,
      5.045073509216309,
      5.968396186828613,
      7.109933853149414,
      6.108050346374512,
      5.292464256286621,
      5.9174346923828125,
      6.859911918640137,
      5.936412811279297,
      6.363875865936279,
      3.744274139404297,
      4.9442949295043945,
      3.2921719551086426,
      1.6485075950622559,
      2.6249871253967285,
      0.4407106041908264
    ],
    [
      3.169494152069092,
      9.456547737121582,
      2.0119400024414062,
      1.744907021522522,
      1.3719738721847534,
      1.9502969980239868,
      0.9529340267181396,
      1.4393666982650757,
      1.2822661399841309,
      1.6044129133224487,
      1.5614548921585083,
      2.9548752307891846,
      1.2168740034103394,
      2.804811954498291,
      1.4802948236465454,
      0.4336773753166199,
      2.4592397212982178,
      0.9104536771774292
    ],
    [
      6.654274940490723,
      2.0119400024414062,
      9.557313919067383,
      5.496166229248047,
      5.113674640655518,
      6.308887958526611,
      2.6554481983184814,
      4.604217052459717,
      3.8076717853546143,
      6.618422985076904,
      5.3439154624938965,
      7.006763458251953,
      4.616300106048584,
      6.07722282409668,
      4.598781585693359,
      2.868678092956543,
      3.811915874481201,
      1.8578869104385376
    ],
    [
      5.045073509216309,
      1.744907021522522,
      5.496166229248047,
      7.213639736175537,
      3.954500198364258,
      5.902582168579102,
      3.512674570083618,
      4.695908069610596,
      4.642673015594482,
      6.71078634262085,
      4.6006855964660645,
      6.320780277252197,
      4.081004619598389,
      5.285114765167236,
      3.299029588699341,
      2.560577154159546,
      2.6209146976470947,
      1.5861685276031494
    ],
    [
      5.968396186828613,
      1.3719738721847534,
      5.113674640655518,
      3.954500198364258,
      17.925371170043945,
      8.199174880981445,
      9.867825508117676,
      5.59603214263916,
      10.585750579833984,
      7.618384838104248,
      8.907729148864746,
      6.7102813720703125,
      4.862854480743408,
      4.3638434410095215,
      3.7053377628326416,
      1.6794347763061523,
      2.0804331302642822,
      -0.03668607771396637
    ],
    [
      7.109933853149414,
      1.9502969980239868,
      6.308887958526611,
      5.902582168579102,
      8.199174880981445,
      14.03778076171875,
      7.869632720947266,
      9.311946868896484,
      8.911768913269043,
      12.009357452392578,
      8.981501579284668,
      9.956923484802246,
      7.643667221069336,
      6.91845178604126,
      5.800032615661621,
      3.719416618347168,
      3.222386360168457,
      1.2347792387008667
    ],
    [
      6.108050346374512,
      0.9529340267181396,
      2.6554481983184814,
      3.512674570083618,
      9.867825508117676,
      7.869632720947266,
      35.510704040527344,
      9.161508560180664,
      22.67790985107422,
      11.495866775512695,
      11.253347396850586,
      7.715631484985352,
      6.548515319824219,
      5.231963157653809,
      2.4393444061279297,
      2.943434715270996,
      -0.45804229378700256,
      -0.02152158133685589
    ],
    [
      5.292464256286621,
      1.4393666982650757,
      4.604217052459717,
      4.695908069610596,
      5.59603214263916,
      9.311946868896484,
      9.161508560180664,
      10.426342964172363,
      10.182767868041992,
      12.912395477294922,
      8.856369018554688,
      10.45187759399414,
      7.780135154724121,
      7.422606945037842,
      5.169175148010254,
      4.741602897644043,
      2.42760968208313,
      2.144277334213257
    ],
    [
      5.9174346923828125,
      1.2822661399841309,
      3.8076717853546143,
      4.642673015594482,
      10.585750579833984,
      8.911768913269043,
      22.67790985107422,
      10.182767868041992,
      29.422924041748047,
      15.937996864318848,
      15.84616756439209,
      11.275074005126953,
      8.578594207763672,
      7.210358619689941,
      4.769993782043457,
      4.820476055145264,
      0.03494420275092125,
      0.8945856690406799
    ],
    [
      6.859911918640137,
      1.6044129133224487,
      6.618422985076904,
      6.71078634262085,
      7.618384838104248,
      12.009357452392578,
      11.495866775512695,
      12.912395477294922,
      15.937996864318848,
      21.859609603881836,
      13.487196922302246,
      17.32525062561035,
      11.76913833618164,
      11.861164093017578,
      7.820987701416016,
      7.8510518074035645,
      3.1692428588867188,
      3.5385847091674805
    ],
    [
      5.936412811279297,
      1.5614548921585083,
      5.3439154624938965,
      4.6006855964660645,
      8.907729148864746,
      8.981501579284668,
      11.253347396850586,
      8.856369018554688,
      15.84616756439209,
      13.487196922302246,
      18.29908561706543,
      12.156203269958496,
      10.3465576171875,
      8.512084007263184,
      7.271161079406738,
      5.300704002380371,
      2.730638265609741,
      1.4849281311035156
    ],
    [
      6.363875865936279,
      2.9548752307891846,
      7.006763458251953,
      6.320780277252197,
      6.7102813720703125,
      9.956923484802246,
      7.715631484985352,
      10.45187759399414,
      11.275074005126953,
      17.32525062561035,
      12.156203269958496,
      18.503917694091797,
      11.533679008483887,
      14.256906509399414,
      8.751134872436523,
      9.222890853881836,
      5.620418071746826,
      5.048196315765381
    ],
    [
      3.744274139404297,
      1.2168740034103394,
      4.616300106048584,
      4.081004619598389,
      4.862854480743408,
      7.643667221069336,
      6.548515319824219,
      7.780135154724121,
      8.578594207763672,
      11.76913833618164,
      10.3465576171875,
      11.533679008483887,
      13.58745288848877,
      11.055282592773438,
      9.704361915588379,
      9.07371997833252,
      6.542520999908447,
      6.067103862762451
    ],
    [
      4.9442949295043945,
      2.804811954498291,
      6.07722282409668,
      5.285114765167236,
      4.3638434410095215,
      6.91845178604126,
      5.231963157653809,
      7.422606945037842,
      7.210358619689941,
      11.861164093017578,
      8.512084007263184,
      14.256906509399414,
      11.055282592773438,
      15.473798751831055,
      9.129864692687988,
      11.18795108795166,
      7.984663963317871,
      7.817584991455078
    ],
    [
      3.2921719551086426,
      1.4802948236465454,
      4.598781585693359,
      3.299029588699341,
      3.7053377628326416,
      5.800032615661621,
      2.4393444061279297,
      5.169175148010254,
      4.769993782043457,
      7.820987701416016,
      7.271161079406738,
      8.751134872436523,
      9.704361915588379,
      9.129864692687988,
      11.86032772064209,
      7.976606369018555,
      9.511651992797852,
      6.0366926193237305
    ],
    [
      1.6485075950622559,
      0.4336773753166199,
      2.868678092956543,
      2.560577154159546,
      1.6794347763061523,
      3.719416618347168,
      2.943434715270996,
      4.741602897644043,
      4.820476055145264,
      7.8510518074035645,
      5.300704002380371,
      9.222890853881836,
      9.07371997833252,
      11.18795108795166,
      7.976606369018555,
      12.325600624084473,
      7.339806079864502,
      9.600156784057617
    ],
    [
      2.6249871253967285,
      2.4592397212982178,
      3.811915874481201,
      2.6209146976470947,
      2.0804331302642822,
      3.222386360168457,
      -0.45804229378700256,
      2.42760968208313,
      0.03494420275092125,
      3.1692428588867188,
      2.730638265609741,
      5.620418071746826,
      6.542520999908447,
      7.984663963317871,
      9.511651992797852,
      7.339806079864502,
      14.328630447387695,
      10.115636825561523
    ],
    [
      0.4407106041908264,
      0.9104536771774292,
      1.8578869104385376,
      1.5861685276031494,
      -0.03668607771396637,
      1.2347792387008667,
      -0.02152158133685589,
      2.144277334213257,
      0.8945856690406799,
      3.5385847091674805,
      1.4849281311035156,
      5.048196315765381,
      6.067103862762451,
      7.817584991455078,
      6.0366926193237305,
      9.600156784057617,
      10.115636825561523,
      13.095417976379395
    ]
  ],
  "covariance_short": [
    [
      29.731992721557617,
      6.5947136878967285,
      9.485307693481445,
      6.958590507507324,
      7.812684535980225,
      9.465998649597168,
      8.5850248336792,
      8.070110321044922,
      8.953311920166016,
      10.670662879943848,
      9.014482498168945,
      11.461610794067383,
      8.164575576782227,
      9.6487398147583,
      6.838414192199707,
      7.815948963165283,
      8.537989616394043,
      8.099648475646973
    ],
    [
      6.5947136878967285,
      20.29390525817871,
      3.3161158561706543,
      3.332066774368286,
      2.5507075786590576,
      4.465742588043213,
      3.355856418609619,
      4.070052623748779,
      3.304570198059082,
      4.938628673553467,
      3.834920883178711,
      6.021662712097168,
      4.0298638343811035,
      4.996735572814941,
      3.424985408782959,
      2.9144577980041504,
      3.9849629402160645,
      2.9229769706726074
    ],
    [
      9.485307693481445,
      3.3161158561706543,
      15.004476547241211,
      6.357994079589844,
      6.816076278686523,
      7.485508918762207,
      4.882429122924805,
      5.9931206703186035,
      5.480421543121338,
      7.728837013244629,
      6.755095958709717,
      8.961126327514648,
      6.115078449249268,
      7.920552730560303,
      5.905200481414795,
      6.112706184387207,
      6.60077428817749,
      6.056243896484375
    ],
    [
      6.958590507507324,
      3.332066774368286,
      6.357994079589844,
      10.526375770568848,
      5.040761470794678,
      6.411640167236328,
      4.48634672164917,
      5.3758649826049805,
      5.610666751861572,
      7.182919502258301,
      5.273815631866455,
      7.5365471839904785,
      4.459590435028076,
      6.2496185302734375,
      3.705528497695923,
      3.829110860824585,
      3.7754223346710205,
      3.528640031814575
    ],
    [
      7.812684535980225,
      2.5507075786590576,
      6.816076278686523,
      5.040761470794678,
      24.707035064697266,
      9.196650505065918,
      12.896710395812988,
      7.362434387207031,
      13.754732131958008,
      9.858081817626953,
      13.258243560791016,
      10.339493751525879,
      9.094475746154785,
      8.91324520111084,
      8.287195205688477,
      7.9181084632873535,
      8.740565299987793,
      7.978683948516846
    ],
    [
      9.465998649597168,
      4.465742588043213,
      7.485508918762207,
      6.411640167236328,
      9.196650505065918,
      17.343059539794922,
      9.224157333374023,
      10.543615341186523,
      10.29306411743164,
      13.355504989624023,
      10.35884952545166,
      12.797876358032227,
      9.292887687683105,
      9.644171714782715,
      7.410879611968994,
      7.360874176025391,
      6.334506988525391,
      5.355851173400879
    ],
    [
      8.5850248336792,
      3.355856418609619,
      4.882429122924805,
      4.48634672164917,
      12.896710395812988,
      9.224157333374023,
      49.667640686035156,
      11.48214340209961,
      32.541046142578125,
      15.146656036376953,
      19.20872688293457,
      12.854625701904297,
      12.254984855651855,
      10.867609977722168,
      8.133234024047852,
      9.73532772064209,
      6.131442546844482,
      7.531560897827148
    ],
    [
      8.070110321044922,
      4.070052623748779,
      5.9931206703186035,
      5.3758649826049805,
      7.362434387207031,
      10.543615341186523,
      11.48214340209961,
      14.176477432250977,
      12.60416316986084,
      15.279276847839355,
      10.933487892150879,
      14.131505966186523,
      10.209558486938477,
      11.037927627563477,
      7.492247104644775,
      9.00613021850586,
      5.811148643493652,
      6.248556137084961
    ],
    [
      8.953311920166016,
      3.304570198059082,
      5.480421543121338,
      5.610666751861572,
      13.754732131958008,
      10.29306411743164,
      32.541046142578125,
      12.60416316986084,
      41.99652099609375,
      21.025867462158203,
      23.517391204833984,
      17.582015991210938,
      14.992069244384766,
      13.98816204071045,
      10.367560386657715,
      12.53579330444336,
      6.679103851318359,
      8.532912254333496
    ],
    [
      10.670662879943848,
      4.938628673553467,
      7.728837013244629,
      7.182919502258301,
      9.858081817626953,
      13.355504989624023,
      15.146656036376953,
      15.279276847839355,
      21.025867462158203,
      27.616924285888672,
      17.405698776245117,
      23.28911018371582,
      15.489447593688965,
      17.918825149536133,
      10.933756828308105,
      14.57030200958252,
      7.622095108032227,
      8.851319313049316
    ],
    [
      9.014482498168945,
      3.834920883178711,
      6.755095958709717,
      5.273815631866455,
      13.258243560791016,
      10.35884952545166,
      19.20872688293457,
      10.933487892150879,
      23.517391204833984,
      17.405698776245117,
      28.14877700805664,
      18.56393814086914,
      17.706972122192383,
      15.836458206176758,
      13.917475700378418,
      14.602663040161133,
      10.895049095153809,
      10.725278854370117
    ],
    [
      11.461610794067383,
      6.021662712097168,
      8.961126327514648,
      7.5365471839904785,
      10.339493751525879,
      12.797876358032227,
      12.854625701904297,
      14.131505966186523,
      17.582015991210938,
      23.28911018371582,
      18.56393814086914,
      27.930830001831055,
      18.203603744506836,
      23.030344009399414,
      14.215089797973633,
      19.775915145874023,
      12.899453163146973,
      14.90131664276123
    ],
    [
      8.164575576782227,
      4.0298638343811035,
      6.115078449249268,
      4.459590435028076,
      9.094475746154785,
      9.292887687683105,
      12.254984855651855,
      10.209558486938477,
      14.992069244384766,
      15.489447593688965,
      17.706972122192383,
      18.203603744506836,
      25.027006149291992,
      21.020986557006836,
      20.197298049926758,
      23.014095306396484,
      19.681983947753906,
      21.327556610107422
    ],
    [
      9.6487398147583,
      4.996735572814941,
      7.920552730560303,
      6.2496185302734375,
      8.91324520111084,
      9.644171714782715,
      10.867609977722168,
      11.037927627563477,
      13.98816204071045,
      17.918825149536133,
      15.836458206176758,
      23.030344009399414,
      21.020986557006836,
      28.80629539489746,
      18.131427764892578,
      28.148853302001953,
      20.469751358032227,
      26.131704330444336
    ],
    [
      6.838414192199707,
      3.424985408782959,
      5.905200481414795,
      3.705528497695923,
      8.287195205688477,
      7.410879611968994,
      8.133234024047852,
      7.492247104644775,
      10.367560386657715,
      10.933756828308105,
      13.917475700378418,
      14.215089797973633,
      20.197298049926758,
      18.131427764892578,
      26.409786224365234,
      23.688581466674805,
      27.65603256225586,
      25.08998680114746
    ],
    [
      7.815948963165283,
      2.9144577980041504,
      6.112706184387207,
      3.829110860824585,
      7.9181084632873535,
      7.360874176025391,
      9.73532772064209,
      9.00613021850586,
      12.53579330444336,
      14.57030200958252,
      14.602663040161133,
      19.775915145874023,
      23.014095306396484,
      28.148853302001953,
      23.688581466674805,
      38.935001373291016,
      29.858722686767578,
      39.64849090576172
    ],
    [
      8.537989616394043,
      3.9849629402160645,
      6.60077428817749,
      3.7754223346710205,
      8.740565299987793,
      6.334506988525391,
      6.131442546844482,
      5.811148643493652,
      6.679103851318359,
      7.622095108032227,
      10.895049095153809,
      12.899453163146973,
      19.681983947753906,
      20.469751358032227,
      27.65603256225586,
      29.858722686767578,
      43.767879486083984,
      42.685420989990234
    ],
    [
      8.099648475646973,
      2.9229769706726074,
      6.056243896484375,
      3.528640031814575,
      7.978683948516846,
      5.355851173400879,
      7.531560897827148,
      6.248556137084961,
      8.532912254333496,
      8.851319313049316,
      10.725278854370117,
      14.90131664276123,
      21.327556610107422,
      26.131704330444336,
      25.08998680114746,
      39.64849090576172,
      42.685420989990234,
      57.96585464477539
    ]
  ],
  "drr": 15.295538902282715,
  "dynamics": 2.5163445472717285,
  "format": 1245190,
  "frames": 14430208,
  "loudness": -7.795315742492676,
  "loudness_range": 6.092221260070801,
  "loudness_range_short": 8.195356369018555,
  "peak": -0.0021208373364061117,
  "rms": -10.735075950622559,
  "sample_rate": 44100,
  "sections": 1,
  "seekable": 1,
  "sharpness": 1.9975465536117554,
  "space": -11.376714706420898
}