{
  "bands": [
    {
      "high_freq": 148.1999969482422,
      "loudness": -20.6782283782959,
      "loudness_range": 10.629880905151367,
      "mid_mean": -16.993051528930664,
      "mid_to_side_loudness": -24.263671875,
      "mid_to_side_loudness_range": 14.904752731323242,
      "side_mean": -42.221656799316406
    },
    {
      "high_freq": 392.3793640136719,
      "loudness": -21.19332504272461,
      "loudness_range": 10.57675552368164,
      "low_freq": 148.1999969482422,
      "mid_mean": -17.58195686340332,
      "mid_to_side_loudness": -19.287817001342773,
      "mid_to_side_loudness_range": 13.025264739990234,
      "side_mean": -37.07848358154297
    },
    {
      "high_freq": 794.6976318359375,
      "loudness": -21.575916290283203,
      "loudness_range": 11.095551490783691,
      "low_freq": 392.3793640136719,
      "mid_mean": -18.163557052612305,
      "mid_to_side_loudness": -14.43054485321045,
      "mid_to_side_loudness_range": 15.066513061523438,
      "side_mean": -32.85956954956055
    },
    {
      "high_freq": 1457.5709228515625,
      "loudness": -25.89678382873535,
      "loudness_range": 14.986623764038086,
      "low_freq": 794.6976318359375,
      "mid_mean": -22.805208206176758,
      "mid_to_side_loudness": -10.804292678833008,
      "mid_to_side_loudness_range": 15.795623779296875,
      "side_mean": -33.73102951049805
    },
    {
      "high_freq": 2549.74365234375,
      "loudness": -27.952852249145508,
      "loudness_range": 17.593904495239258,
      "low_freq": 1457.5709228515625,
      "mid_mean": -25.209320068359375,
      "mid_to_side_loudness": -8.99118709564209,
      "mid_to_side_loudness_range": 16.468990325927734,
      "side_mean": -34.12187957763672
    },
    {
      "high_freq": 4349.24462890625,
      "loudness": -28.22791290283203,
      "loudness_range": 17.396202087402344,
      "low_freq": 2549.74365234375,
      "mid_mean": -25.23345375061035,
      "mid_to_side_loudness": -10.594887733459473,
      "mid_to_side_loudness_range": 17.574247360229492,
      "side_mean": -36.16216278076172
    },
    {
      "high_freq": 7314.1640625,
      "loudness": -29.74223518371582,
      "loudness_range": 16.276641845703125,
      "low_freq": 4349.24462890625,
      "mid_mean": -26.421043395996094,
      "mid_to_side_loudness": -13.789175987243652,
      "mid_to_side_loudness_range": 20.655719757080078,
      "side_mean": -40.95421600341797
    },
    {
      "high_freq": 12199.2666015625,
      "loudness": -31.248598098754883,
      "loudness_range": 14.680561065673828,
      "low_freq": 7314.1640625,
      "mid_mean": -27.808225631713867,
      "mid_to_side_loudness": -15.549781799316406,
      "mid_to_side_loudness_range": 22.411523818969727,
      "side_mean": -45.27798843383789
    },
    {
      "loudness": -34.46812438964844,
      "loudness_range": 13.670204162597656,
      "low_freq": 12199.2666015625,
      "mid_mean": -30.948665618896484,
      "mid_to_side_loudness": -16.913272857666016,
      "mid_to_side_loudness_range": 24.08905792236328,
      "side_mean": -50.20387649536133
    }
  ],
  "bands_short": [
    {
      "high_freq": 148.1999969482422,
      "loudness": -26.764432907104492,
      "loudness_range": 29.750732421875,
      "mid_mean": -23.208351135253906,
      "mid_to_side_loudness": -22.912710189819336,
      "mid_to_side_loudness_range": 15.09096908569336,
      "side_mean": -48.47977828979492
    },
    {
      "high_freq": 392.3793640136719,
      "loudness": -22.849143981933594,
      "loudness_range": 18.308881759643555,
      "low_freq": 148.1999969482422,
      "mid_mean": -19.28935432434082,
      "mid_to_side_loudness": -18.65338897705078,
      "mid_to_side_loudness_range": 17.164186477661133,
      "side_mean": -38.11662673950195
    },
    {
      "high_freq": 794.6976318359375,
      "loudness": -22.987747192382812,
      "loudness_range": 16.004470825195312,
      "low_freq": 392.3793640136719,
      "mid_mean": -19.679433822631836,
      "mid_to_side_loudness": -14.036884307861328,
      "mid_to_side_loudness_range": 18.156314849853516,
      "side_mean": -33.95050811767578
    },
    {
      "high_freq": 1457.5709228515625,
      "loudness": -26.837228775024414,
      "loudness_range": 18.874082565307617,
      "low_freq": 794.6976318359375,
      "mid_mean": -23.843597412109375,
      "mid_to_side_loudness": -10.95111083984375,
      "mid_to_side_loudness_range": 18.849998474121094,
      "side_mean": -34.862491607666016
    },
    {
      "high_freq": 2549.74365234375,
      "loudness": -29.808176040649414,
      "loudness_range": 23.012149810791016,
      "low_freq": 1457.5709228515625,
      "mid_mean": -27.382408142089844,
      "mid_to_side_loudness": -8.30058765411377,
      "mid_to_side_loudness_range": 19.36878204345703,
      "side_mean": -35.76658248901367
    },
    {
      "high_freq": 4349.24462890625,
      "loudness": -29.860383987426758,
      "loudness_range": 21.723608016967773,
      "low_freq": 2549.74365234375,
      "mid_mean": -27.159067153930664,
      "mid_to_side_loudness": -9.530577659606934,
      "mid_to_side_loudness_range": 19.56378746032715,
      "side_mean": -37.144615173339844
    },
    {
      "high_freq": 7314.1640625,
      "loudness": -32.41304016113281,
      "loudness_range": 24.315580368041992,
      "low_freq": 4349.24462890625,
      "mid_mean": -29.440698623657227,
      "mid_to_side_loudness": -11.8270902633667,
      "mid_to_side_loudness_range": 21.398174285888672,
      "side_mean": -42.20772171020508
    },
    {
      "high_freq": 12199.2666015625,
      "loudness": -34.733516693115234,
      "loudness_range": 25.839710235595703,
      "low_freq": 7314.1640625,
      "mid_mean": -31.50063133239746,
      "mid_to_side_loudness": -13.39436149597168,
      "mid_to_side_loudness_range": 22.711130142211914,
      "side_mean": -47.26898956298828
    },
    {
      "loudness": -41.443580627441406,
      "loudness_range": 31.26604652404785,
      "low_freq": 12199.2666015625,
      "mid_mean": -38.07062911987305,
      "mid_to_side_loudness": -13.59945011138916,
      "mid_to_side_loudness_range": 23.498010635375977,
      "side_mean": -53.94699478149414
    }
  ],
  "channels": 2,
  "covariance": [
    [
      17.860023498535156,
      15.971056938171387,
      8.294109344482422,
      3.721834659576416,
      4.117550849914551,
      1.9642810821533203,
      4.756650447845459,
      4.247774124145508,
      6.127458095550537,
      4.450154781341553,
      5.4002203941345215,
      3.488438606262207,
      4.441836833953857,
      4.200967311859131,
      1.8708057403564453,
      4.54974365234375,
      -5.320712089538574,
      2.845841407775879
    ],
    [
      15.971056938171387,
      17.834505081176758,
      7.186689853668213,
      4.7392497062683105,
      2.776993989944458,
      1.9359381198883057,
      3.137549877166748,
      3.758262872695923,
      4.786240577697754,
      4.707266807556152,
      4.689558506011963,
      4.032269477844238,
      3.911566972732544,
      4.4926862716674805,
      1.1062352657318115,
      4.566771984100342,
      -6.085188388824463,
      2.800820827484131
    ],
    [
      8.294109344482422,
      7.186689853668213,
      18.907176971435547,
      8.20472240447998,
      10.3551607131958,
      5.4445481300354,
      5.434197902679443,
      4.4680304527282715,
      11.373331069946289,
      4.036696910858154,
      7.774389266967773,
      0.5241317749023438,
      8.547462463378906,
      3.6887316703796387,
      7.308021545410156,
      15.602910041809082,
      -0.7916012406349182,
      10.730978965759277
    ],
    [
      3.721834659576416,
      4.7392497062683105,
      8.20472240447998,
      16.851694107055664,
      3.210313320159912,
      7.268509864807129,
      2.0909953117370605,
      8.280534744262695,
      8.007511138916016,
      11.793283462524414,
      7.072396278381348,
      12.347212791442871,
      4.359950065612793,
      10.662434577941895,
      3.348421096801758,
      13.723526000976562,
      -0.11665978282690048,
      10.519286155700684
    ],
    [
      4.117550849914551,
      2.776993989944458,
      10.3551607131958,
      3.210313320159912,
      19.500690460205078,
      7.36777925491333,
      11.01513671875,
      5.184584617614746,
      12.826815605163574,
      5.984406471252441,
      10.680437088012695,
      4.144423484802246,
      8.151119232177734,
      6.170723915100098,
      8.727204322814941,
      13.176839828491211,
      2.9570932388305664,
      7.799660682678223
    ],
    [
      1.9642810821533203,
      1.9359381198883057,
      5.4445481300354,
      7.268509864807129,
      7.36777925491333,
      23.348892211914062,
      8.242941856384277,
      18.739072799682617,
      14.202534675598145,
      23.60931396484375,
      10.275602340698242,
      19.98488998413086,
      5.606473445892334,
      16.73874282836914,
      4.114482879638672,
      19.41577911376953,
      0.16338060796260834,
      12.1790771484375
    ],
    [
      4.756650447845459,
      3.137549877166748,
      5.434197902679443,
      2.0909953117370605,
      11.01513671875,
      8.242941856384277,
      28.19397735595703,
      24.72121810913086,
      21.411209106445312,
      21.612735748291016,
      16.469223022460938,
      17.813581466674805,
      7.703555583953857,
      16.493940353393555,
      5.605395793914795,
      16.010786056518555,
      0.4267619550228119,
      8.20982551574707
    ],
    [
      4.247774124145508,
      3.758262872695923,
      4.4680304527282715,
      8.280534744262695,
      5.184584617614746,
      18.739072799682617,
      24.72121810913086,
      51.459815979003906,
      28.41490364074707,
      51.718990325927734,
      21.240076065063477,
      46.726844787597656,
      8.855979919433594,
      37.7578239440918,
      4.567165374755859,
      33.17903137207031,
      -1.866589069366455,
      17.725940704345703
    ],
    [
      6.127458095550537,
      4.786240577697754,
      11.373331069946289,
      8.007511138916016,
      12.826815605163574,
      14.202534675598145,
      21.411209106445312,
      28.41490364074707,
      39.260555267333984,
      40.121368408203125,
      28.53788948059082,
      34.41977310180664,
      17.061010360717773,
      32.870994567871094,
      12.19618034362793,
      35.05689239501953,
      -0.020098065957427025,
      17.907981872558594
    ],
    [
      4.450154781341553,
      4.707266807556152,
      4.036696910858154,
      11.793283462524414,
      5.984406471252441,
      23.60931396484375,
      21.612735748291016,
      51.718990325927734,
      40.121368408203125,
      80.60840606689453,
      31.165061950683594,
      68.79113006591797,
      14.01950454711914,
      54.7999153137207,
      6.2513508796691895,
      44.219051361083984,
      -4.507710933685303,
      21.793270111083984
    ],
    [
      5.4002203941345215,
      4.689558506011963,
      7.774389266967773,
      7.072396278381348,
      10.680437088012695,
      10.275602340698242,
      16.469223022460938,
      21.240076065063477,
      28.53788948059082,
      31.165061950683594,
      34.87831115722656,
      37.74126052856445,
      23.73155975341797,
      39.2304801940918,
      17.557281494140625,
      35.88001251220703,
      1.1594593524932861,
      17.988094329833984
    ],
    [
      3.488438606262207,
      4.032269477844238,
      0.5241317749023438,
      12.347212791442871,
      4.144423484802246,
      19.98488998413086,
      17.813581466674805,
      46.726844787597656,
      34.41977310180664,
      68.79113006591797,
      37.74126052856445,
      82.04772186279297,
      19.010986328125,
      66.01544189453125,
      10.303372383117676,
      49.441856384277344,
      -2.6741018295288086,
      24.734039306640625
    ],
    [
      4.441836833953857,
      3.911566972732544,
      8.547462463378906,
      4.359950065612793,
      8.151119232177734,
      5.606473445892334,
      7.703555583953857,
      8.855979919433594,
      17.061010360717773,
      14.01950454711914,
      23.73155975341797,
      19.010986328125,
      28.83918571472168,
      31.615665435791016,
      23.70644187927246,
      33.78306579589844,
      5.388454914093018,
      20.130643844604492
    ],
    [
      4.200967311859131,
      4.4926862716674805,
      3.6887316703796387,
      10.662434577941895,
      6.170723915100098,
      16.73874282836914,
      16.493940353393555,
      37.7578239440918,
      32.870994567871094,
      54.7999153137207,
      39.2304801940918,
      66.01544189453125,
      31.615665435791016,
      74.324462890625,
      21.835697174072266,
      61.855533599853516,
      2.499119520187378,
      33.74571990966797
    ],
    [
      1.8708057403564453,
      1.1062352657318115,
      7.308021545410156,
      3.348421096801758,
      8.727204322814941,
      4.114482879638672,
      5.605395793914795,
      4.567165374755859,
      12.19618034362793,
      6.2513508796691895,
      17.557281494140625,
      10.303372383117676,
      23.70644187927246,
      21.835697174072266,
      25.44609832763672,
      27.44293785095215,
      11.412633895874023,
      18.997055053710938
    ],
    [
      4.54974365234375,
      4.566771984100342,
      15.602910041809082,
      13.723526000976562,
      13.176839828491211,
      19.41577911376953,
      16.010786056518555,
      33.17903137207031,
      35.05689239501953,
      44.219051361083984,
      35.88001251220703,
      49.441856384277344,
      33.78306579589844,
      61.855533599853516,
      27.44293785095215,
      78.07493591308594,
      5.345357894897461,
      47.73945236206055
    ],
    [
      -5.320712089538574,
      -6.085188388824463,
      -0.7916012406349182,
      -0.11665978282690048,
      2.9570932388305664,
      0.16338060796260834,
      0.4267619550228119,
      -1.866589069366455,
      -0.020098065957427025,
      -4.507710933685303,
      1.1594593524932861,
      -2.6741018295288086,
      5.388454914093018,
      2.499119520187378,
      11.412633895874023,
      5.345357894897461,
      22.16276741027832,
      13.376250267028809
    ],
    [
      2.845841407775879,
      2.800820827484131,
      10.730978965759277,
      10.519286155700684,
      7.799660682678223,
      12.1790771484375,
      8.20982551574707,
      17.725940704345703,
      17.907981872558594,
      21.793270111083984,
      17.988094329833984,
      24.734039306640625,
      20.130643844604492,
      33.74571990966797,
      18.997055053710938,
      47.73945236206055,
      13.376250267028809,
      52.854801177978516
    ]
  ],
  "covariance_short": [
    [
      91.41608428955078,
      77.1412124633789,
      32.85874557495117,
      10.125603675842285,
      13.154409408569336,
      3.8838369846343994,
      9.331016540527344,
      8.792078018188477,
      13.194433212280273,
      14.099750518798828,
      14.788804054260254,
      11.436264991760254,
      20.259315490722656,
      14.355823516845703,
      18.207347869873047,
      18.06235122680664,
      17.703155517578125,
      20.421724319458008
    ],
    [
      77.1412124633789,
      90.68924713134766,
      35.46406936645508,
      14.446680068969727,
      14.951581001281738,
      7.782681941986084,
      8.38904094696045,
      12.263429641723633,
      17.97109031677246,
      18.56154441833496,
      13.954413414001465,
      12.000930786132812,
      18.369802474975586,
      14.927070617675781,
      16.153413772583008,
      30.67887306213379,
      14.572808265686035,
      25.439123153686523
    ],
    [
      32.85874557495117,
      35.46406936645508,
      39.93971252441406,
      13.05126953125,
      20.748430252075195,
      6.47023868560791,
      9.773399353027344,
      5.9502034187316895,
      18.12771987915039,
      8.999238967895508,
      16.334062576293945,
      5.64224100112915,
      19.527820587158203,
      10.254207611083984,
      19.08121109008789,
      22.42487335205078,
      16.633852005004883,
      18.90039825439453
    ],
    [
      10.125603675842285,
      14.446680068969727,
      13.05126953125,
      21.545181274414062,
      5.480602264404297,
      9.044897079467773,
      4.449728488922119,
      11.036543846130371,
      11.98400592803955,
      16.103395462036133,
      11.032033920288086,
      15.625279426574707,
      9.357447624206543,
      14.074970245361328,
      6.960505962371826,
      16.57237434387207,
      6.154842376708984,
      12.060388565063477
    ],
    [
      13.154409408569336,
      14.951581001281738,
      20.748430252075195,
      5.480602264404297,
      36.0198974609375,
      12.217966079711914,
      16.877399444580078,
      6.679340839385986,
      23.624479293823242,
      10.884833335876465,
      20.790218353271484,
      7.5703325271606445,
      18.95889663696289,
      11.137063026428223,
      19.58357048034668,
      20.619178771972656,
      17.255516052246094,
      14.86906909942627
    ],
    [
      3.8838369846343994,
      7.782681941986084,
      6.47023868560791,
      9.044897079467773,
      12.217966079711914,
      28.985010147094727,
      9.693565368652344,
      18.9434814453125,
      18.64996337890625,
      24.988603591918945,
      14.09205436706543,
      20.993764877319336,
      11.309938430786133,
      19.45937156677246,
      9.147322654724121,
      22.4602108001709,
      8.382553100585938,
      14.612726211547852
    ],
    [
      9.331016540527344,
      8.38904094696045,
      9.773399353027344,
      4.449728488922119,
      16.877399444580078,
      9.693565368652344,
      44.37726593017578,
      32.252952575683594,
      33.67211151123047,
      27.62127113342285,
      27.695152282714844,
      22.64278793334961,
      19.763538360595703,
      22.411306381225586,
      15.996278762817383,
      20.966060638427734,
      15.22504711151123,
      13.582856178283691
    ],
    [
      8.792078018188477,
      12.263429641723633,
      5.9502034187316895,
      11.036543846130371,
      6.679340839385986,
      18.9434814453125,
      32.252952575683594,
      63.138282775878906,
      37.35707092285156,
      59.97174835205078,
      27.81546974182129,
      50.499507904052734,
      17.310930252075195,
      43.156227111816406,
      10.444036483764648,
      37.08726119995117,
      7.452366352081299,
      20.78245735168457
    ],
    [
      13.194433212280273,
      17.97109031677246,
      18.12771987915039,
      11.98400592803955,
      23.624479293823242,
      18.64996337890625,
      33.67211151123047,
      37.35707092285156,
      68.78424072265625,
      55.66414260864258,
      49.26433181762695,
      45.936363220214844,
      37.413387298583984,
      44.11884307861328,
      31.175081253051758,
      46.5161018371582,
      24.121623992919922,
      28.987396240234375
    ],
    [
      14.099750518798828,
      18.56154441833496,
      8.999238967895508,
      16.103395462036133,
      10.884833335876465,
      24.988603591918945,
      27.62127113342285,
      59.97174835205078,
      55.66414260864258,
      98.9892349243164,
      41.41879653930664,
      76.27333068847656,
      27.850418090820312,
      64.32958221435547,
      16.976776123046875,
      54.60840606689453,
      9.723952293395996,
      31.67270278930664
    ],
    [
      14.788804054260254,
      13.954413414001465,
      16.334062576293945,
      11.032033920288086,
      20.790218353271484,
      14.09205436706543,
      27.695152282714844,
      27.81546974182129,
      49.26433181762695,
      41.41879653930664,
      61.50577926635742,
      47.72447967529297,
      50.15889358520508,
      49.82139205932617,
      43.48678207397461,
      49.115718841552734,
      33.91984558105469,
      34.92111587524414
    ],
    [
      11.436264991760254,
      12.000930786132812,
      5.64224100112915,
      15.625279426574707,
      7.5703325271606445,
      20.993764877319336,
      22.64278793334961,
      50.499507904052734,
      45.936363220214844,
      76.27333068847656,
      47.72447967529297,
      88.84675598144531,
      32.16419219970703,
      71.71456909179688,
      21.361780166625977,
      57.873817443847656,
      13.486085891723633,
      35.7857666015625
    ],
    [
      20.259315490722656,
      18.369802474975586,
      19.527820587158203,
      9.357447624206543,
      18.95889663696289,
      11.309938430786133,
      19.763538360595703,
      17.310930252075195,
      37.413387298583984,
      27.850418090820312,
      50.15889358520508,
      32.16419219970703,
      73.33531188964844,
      51.271244049072266,
      69.65638732910156,
      58.46037673950195,
      64.43218994140625,
      51.37980270385742
    ],
    [
      14.355823516845703,
      14.927070617675781,
      10.254207611083984,
      14.074970245361328,
      11.137063026428223,
      19.45937156677246,
      22.411306381225586,
      43.156227111816406,
      44.11884307861328,
      64.32958221435547,
      49.82139205932617,
      71.71456909179688,
      51.271244049072266,
      88.09294891357422,
      41.01072692871094,
      77.01705932617188,
      32.12456512451172,
      53.5632438659668
    ],
    [
      18.207347869873047,
      16.153413772583008,
      19.08121109008789,
      6.960505962371826,
      19.58357048034668,
      9.147322654724121,
      15.996278762817383,
      10.444036483764648,
      31.175081253051758,
      16.976776123046875,
      43.48678207397461,
      21.361780166625977,
      69.65638732910156,
      41.01072692871094,
      81.77100372314453,
      55.20624542236328,
      79.34122467041016,
      53.333518981933594
    ],
    [
      18.06235122680664,
      30.67887306213379,
      22.42487335205078,
      16.57237434387207,
      20.619178771972656,
      22.4602108001709,
      20.966060638427734,
      37.08726119995117,
      46.5161018371582,
      54.60840606689453,
      49.115718841552734,
      57.873817443847656,
      58.46037673950195,
      77.01705932617188,
      55.20624542236328,
      100.0050277709961,
      45.32273864746094,
      69.60187530517578
    ],
    [
      17.703155517578125,
      14.572808265686035,
      16.633852005004883,
      6.154842376708984,
      17.255516052246094,
      8.382553100585938,
      15.22504711151123,
      7.452366352081299,
      24.121623992919922,
      9.723952293395996,
      33.91984558105469,
      13.486085891723633,
      64.43218994140625,
      32.12456512451172,
      79.34122467041016,
      45.32273864746094,
      111.81586456298828,
      63.000328063964844
    ],
    [
      20.421724319458008,
      25.439123153686523,
      18.90039825439453,
      12.060388565063477,
      14.86906909942627,
      14.612726211547852,
      13.582856178283691,
      20.78245735168457,
      28.987396240234375,
      31.67270278930664,
      34.92111587524414,
      35.7857666015625,
      51.37980270385742,
      53.5632438659668,
      53.333518981933594,
      69.60187530517578,
      63.000328063964844,
      81.55516815185547
    ]
  ],
  "drr": 16.977054595947266,
  "dynamics": 3.3855817317962646,
  "format": 1245190,
  "frames": 10365888,
  "loudness": -10.711729049682617,
  "loudness_range": 6.7112884521484375,
  "loudness_range_short": 13.950302124023438,
  "peak": 0.5417516231536865,
  "rms": -12.60808277130127,
  "sample_rate": 44100,
  "sections": 1,
  "seekable": 1,
  "sharpness": 3.929892063140869,
  "space": -14.175337791442871
}