{
  "bands": [
    {
      "high_freq": 148.1999969482422,
      "loudness": -30.604572296142578,
      "loudness_range": 12.014913558959961,
      "mid_mean": -27.060142517089844,
      "mid_to_side_loudness": -14.829486846923828,
      "mid_to_side_loudness_range": 6.4119672775268555,
      "side_mean": -42.003196716308594
    },
    {
      "high_freq": 392.3793640136719,
      "loudness": -23.964765548706055,
      "loudness_range": 9.962701797485352,
      "low_freq": 148.1999969482422,
      "mid_mean": -20.30503273010254,
      "mid_to_side_loudness": -19.35042381286621,
      "mid_to_side_loudness_range": 7.763643264770508,
      "side_mean": -39.997562408447266
    },
    {
      "high_freq": 794.6976318359375,
      "loudness": -31.318307876586914,
      "loudness_range": 21.631250381469727,
      "low_freq": 392.3793640136719,
      "mid_mean": -27.704790115356445,
      "mid_to_side_loudness": -20.83701515197754,
      "mid_to_side_loudness_range": 13.39491081237793,
      "side_mean": -48.84309768676758
    },
    {
      "high_freq": 1457.5709228515625,
      "loudness": -37.2133674621582,
      "loudness_range": 21.64761734008789,
      "low_freq": 794.6976318359375,
      "mid_mean": -33.63497543334961,
      "mid_to_side_loudness": -18.313493728637695,
      "mid_to_side_loudness_range": 15.418380737304688,
      "side_mean": -52.26905822753906
    },
    {
      "high_freq": 2549.74365234375,
      "loudness": -39.10723114013672,
      "loudness_range": 26.286815643310547,
      "low_freq": 1457.5709228515625,
      "mid_mean": -35.579490661621094,
      "mid_to_side_loudness": -15.049129486083984,
      "mid_to_side_loudness_range": 7.950966835021973,
      "side_mean": -51.03046798706055
    },
    {
      "high_freq": 4349.24462890625,
      "loudness": -40.36662673950195,
      "loudness_range": 25.694978713989258,
      "low_freq": 2549.74365234375,
      "mid_mean": -37.08621597290039,
      "mid_to_side_loudness": -10.345952987670898,
      "mid_to_side_loudness_range": 4.611235618591309,
      "side_mean": -47.50086975097656
    },
    {
      "high_freq": 7314.1640625,
      "loudness": -45.387638092041016,
      "loudness_range": 29.409481048583984,
      "low_freq": 4349.24462890625,
      "mid_mean": -43.35587692260742,
      "mid_to_side_loudness": -3.68209171295166,
      "mid_to_side_loudness_range": 5.73930549621582,
      "side_mean": -47.32606887817383
    },
    {
      "high_freq": 12199.2666015625,
      "loudness": -52.015953063964844,
      "loudness_range": 29.793540954589844,
      "low_freq": 7314.1640625,
      "mid_mean": -51.18313980102539,
      "mid_to_side_loudness": 0.15964016318321228,
      "mid_to_side_loudness_range": 5.012916564941406,
      "side_mean": -51.067230224609375
    },
    {
      "loudness": -62.56740951538086,
      "loudness_range": 27.864238739013672,
      "low_freq": 12199.2666015625,
      "mid_mean": -60.041866302490234,
      "mid_to_side_loudness": 0.4059782326221466,
      "mid_to_side_loudness_range": 3.4865646362304688,
      "side_mean": -59.78688430786133
    }
  ],
  "bands_short": [
    {
      "high_freq": 148.1999969482422,
      "loudness": -35.276145935058594,
      "loudness_range": 19.2756404876709,
      "mid_mean": -31.81248664855957,
      "mid_to_side_loudness": -13.608078956604004,
      "mid_to_side_loudness_range": 9.357874870300293,
      "side_mean": -45.49284744262695
    },
    {
      "high_freq": 392.3793640136719,
      "loudness": -24.528615951538086,
      "loudness_range": 13.334117889404297,
      "low_freq": 148.1999969482422,
      "mid_mean": -20.908483505249023,
      "mid_to_side_loudness": -18.497432708740234,
      "mid_to_side_loudness_range": 9.354001998901367,
      "side_mean": -39.77557373046875
    },
    {
      "high_freq": 794.6976318359375,
      "loudness": -30.98080062866211,
      "loudness_range": 23.408355712890625,
      "low_freq": 392.3793640136719,
      "mid_mean": -27.3746280670166,
      "mid_to_side_loudness": -20.960779190063477,
      "mid_to_side_loudness_range": 14.70448112487793,
      "side_mean": -48.91410446166992
    },
    {
      "high_freq": 1457.5709228515625,
      "loudness": -39.593299865722656,
      "loudness_range": 27.653608322143555,
      "low_freq": 794.6976318359375,
      "mid_mean": -36.119258880615234,
      "mid_to_side_loudness": -18.015640258789062,
      "mid_to_side_loudness_range": 17.088348388671875,
      "side_mean": -54.11040115356445
    },
    {
      "high_freq": 2549.74365234375,
      "loudness": -41.57204818725586,
      "loudness_range": 32.3934211730957,
      "low_freq": 1457.5709228515625,
      "mid_mean": -38.13045120239258,
      "mid_to_side_loudness": -15.312121391296387,
      "mid_to_side_loudness_range": 9.72530460357666,
      "side_mean": -53.61467742919922
    },
    {
      "high_freq": 4349.24462890625,
      "loudness": -42.47142028808594,
      "loudness_range": 30.622739791870117,
      "low_freq": 2549.74365234375,
      "mid_mean": -39.21519470214844,
      "mid_to_side_loudness": -10.5427827835083,
      "mid_to_side_loudness_range": 5.439055442810059,
      "side_mean": -50.2020263671875
    },
    {
      "high_freq": 7314.1640625,
      "loudness": -48.0976448059082,
      "loudness_range": 34.97713088989258,
      "low_freq": 4349.24462890625,
      "mid_mean": -46.11741638183594,
      "mid_to_side_loudness": -3.843567132949829,
      "mid_to_side_loudness_range": 6.33067512512207,
      "side_mean": -49.7762336730957
    },
    {
      "high_freq": 12199.2666015625,
      "loudness": -54.146278381347656,
      "loudness_range": 35.45810317993164,
      "low_freq": 7314.1640625,
      "mid_mean": -52.868038177490234,
      "mid_to_side_loudness": -0.06175117567181587,
      "mid_to_side_loudness_range": 4.952237129211426,
      "side_mean": -52.944252014160156
    },
    {
      "loudness": -61.68068313598633,
      "loudness_range": 30.327434539794922,
      "low_freq": 12199.2666015625,
      "mid_mean": -60.683319091796875,
      "mid_to_side_loudness": -0.02384885400533676,
      "mid_to_side_loudness_range": 3.7303547859191895,
      "side_mean": -60.758888244628906
    }
  ],
  "channels": 2,
  "covariance": [
    [
      19.23398780822754,
      14.144113540649414,
      0.6619055271148682,
      -0.0668291300535202,
      -1.8104262351989746,
      -1.382577896118164,
      -1.561812162399292,
      -0.3309671878814697,
      -3.0142464637756348,
      0.2663210928440094,
      -1.6027016639709473,
      -0.8867219090461731,
      -0.6522219181060791,
      1.7516390085220337,
      0.37829241156578064,
      1.0305203199386597,
      -1.0598359107971191,
      -0.644073486328125
    ],
    [
      14.144113540649414,
      14.562724113464355,
      -0.12071032077074051,
      1.4163646697998047,
      4.149465560913086,
      7.629254341125488,
      5.914928913116455,
      8.469000816345215,
      8.159070014953613,
      9.996628761291504,
      9.749626159667969,
      9.023573875427246,
      13.387989044189453,
      13.391568183898926,
      15.097887992858887,
      14.05473804473877,
      11.186822891235352,
      11.335628509521484
    ],
    [
      0.6619055271148682,
      -0.12071032077074051,
      15.590048789978027,
      13.64893627166748,
      12.490036964416504,
      11.62084674835205,
      9.687970161437988,
      10.156875610351562,
      7.885494709014893,
      8.85933780670166,
      8.394664764404297,
      8.90239143371582,
      7.875960826873779,
      9.359452247619629,
      7.7636895179748535,
      7.950423240661621,
      5.526233673095703,
      5.446750640869141
    ],
    [
      -0.0668291300535202,
      1.4163646697998047,
      13.64893627166748,
      19.378799438476562,
      18.121070861816406,
      25.275875091552734,
      18.5882568359375,
      22.786483764648438,
      21.056638717651367,
      22.06304359436035,
      22.216144561767578,
      21.018386840820312,
      26.290328979492188,
      25.027935028076172,
      26.825754165649414,
      24.96360969543457,
      21.193988800048828,
      20.8741512298584
    ],
    [
      -1.8104262351989746,
      4.149465560913086,
      12.490036964416504,
      18.121070861816406,
      53.374610900878906,
      56.33403396606445,
      43.23440933227539,
      43.05579376220703,
      50.0426139831543,
      44.032257080078125,
      48.777862548828125,
      44.43537139892578,
      55.71760559082031,
      49.74153137207031,
      56.769317626953125,
      51.61262130737305,
      45.69050979614258,
      44.802825927734375
    ],
    [
      -1.382577896118164,
      7.629254341125488,
      11.62084674835205,
      25.275875091552734,
      56.33403396606445,
      77.85852813720703,
      54.33131790161133,
      62.66144943237305,
      67.1754379272461,
      64.17355346679688,
      68.96517944335938,
      62.498844146728516,
      84.1094741821289,
      74.99515533447266,
      87.62281036376953,
      79.18841552734375,
      71.07933807373047,
      69.80089569091797
    ],
    [
      -1.561812162399292,
      5.914928913116455,
      9.687970161437988,
      18.5882568359375,
      43.23440933227539,
      54.33131790161133,
      58.60206985473633,
      58.44050598144531,
      62.09139633178711,
      53.923133850097656,
      61.138187408447266,
      54.546199798583984,
      71.11959838867188,
      61.848060607910156,
      71.70844268798828,
      64.72959899902344,
      58.452152252197266,
      57.611534118652344
    ],
    [
      -0.3309671878814697,
      8.469000816345215,
      10.156875610351562,
      22.786483764648438,
      43.05579376220703,
      62.66144943237305,
      58.44050598144531,
      81.88984680175781,
      64.44789123535156,
      66.65555572509766,
      65.18193817138672,
      59.97420120239258,
      78.29939270019531,
      71.4118423461914,
      81.41259002685547,
      74.40350341796875,
      65.41795349121094,
      64.66436767578125
    ],
    [
      -3.0142464637756348,
      8.159070014953613,
      7.885494709014893,
      21.056638717651367,
      50.0426139831543,
      67.1754379272461,
      62.09139633178711,
      64.44789123535156,
      88.14437103271484,
      76.68606567382812,
      84.0326919555664,
      73.96896362304688,
      98.06877899169922,
      84.52983856201172,
      97.9334716796875,
      88.47811889648438,
      79.24286651611328,
      78.50534057617188
    ],
    [
      0.2663210928440094,
      9.996628761291504,
      8.85933780670166,
      22.06304359436035,
      44.032257080078125,
      64.17355346679688,
      53.923133850097656,
      66.65555572509766,
      76.68606567382812,
      79.69123077392578,
      74.24700164794922,
      67.98810577392578,
      88.54200744628906,
      81.82889556884766,
      91.5465087890625,
      84.14767456054688,
      72.01728820800781,
      71.71356201171875
    ],
    [
      -1.6027016639709473,
      9.749626159667969,
      8.394664764404297,
      22.216144561767578,
      48.777862548828125,
      68.96517944335938,
      61.138187408447266,
      65.18193817138672,
      84.0326919555664,
      74.24700164794922,
      91.94934844970703,
      80.42839813232422,
      106.29360961914062,
      91.52244567871094,
      104.78340911865234,
      95.34551239013672,
      83.87813568115234,
      83.48153686523438
    ],
    [
      -0.8867219090461731,
      9.023573875427246,
      8.90239143371582,
      21.018386840820312,
      44.43537139892578,
      62.498844146728516,
      54.546199798583984,
      59.97420120239258,
      73.96896362304688,
      67.98810577392578,
      80.42839813232422,
      73.70850372314453,
      94.18310546875,
      82.87687683105469,
      92.72282409667969,
      85.18470764160156,
      73.5699691772461,
      73.49767303466797
    ],
    [
      -0.6522219181060791,
      13.387989044189453,
      7.875960826873779,
      26.290328979492188,
      55.71760559082031,
      84.1094741821289,
      71.11959838867188,
      78.29939270019531,
      98.06877899169922,
      88.54200744628906,
      106.29360961914062,
      94.18310546875,
      138.29019165039062,
      117.94305419921875,
      137.9158935546875,
      124.64427185058594,
      108.4458999633789,
      107.9912109375
    ],
    [
      1.7516390085220337,
      13.391568183898926,
      9.359452247619629,
      25.027935028076172,
      49.74153137207031,
      74.99515533447266,
      61.848060607910156,
      71.4118423461914,
      84.52983856201172,
      81.82889556884766,
      91.52244567871094,
      82.87687683105469,
      117.94305419921875,
      106.8495101928711,
      119.74710845947266,
      109.77536010742188,
      92.03036499023438,
      92.09221649169922
    ],
    [
      0.37829241156578064,
      15.097887992858887,
      7.7636895179748535,
      26.825754165649414,
      56.769317626953125,
      87.62281036376953,
      71.70844268798828,
      81.41259002685547,
      97.9334716796875,
      91.5465087890625,
      104.78340911865234,
      92.72282409667969,
      137.9158935546875,
      119.74710845947266,
      146.51048278808594,
      131.27407836914062,
      115.4478988647461,
      114.14227294921875
    ],
    [
      1.0305203199386597,
      14.05473804473877,
      7.950423240661621,
      24.96360969543457,
      51.61262130737305,
      79.18841552734375,
      64.72959899902344,
      74.40350341796875,
      88.47811889648438,
      84.14767456054688,
      95.34551239013672,
      85.18470764160156,
      124.64427185058594,
      109.77536010742188,
      131.27407836914062,
      119.03610229492188,
      102.23516082763672,
      101.77091979980469
    ],
    [
      -1.0598359107971191,
      11.186822891235352,
      5.526233673095703,
      21.193988800048828,
      45.69050979614258,
      71.07933807373047,
      58.452152252197266,
      65.41795349121094,
      79.24286651611328,
      72.01728820800781,
      83.87813568115234,
      73.5699691772461,
      108.4458999633789,
      92.03036499023438,
      115.4478988647461,
      102.23516082763672,
      95.14459228515625,
      93.2735595703125
    ],
    [
      -0.644073486328125,
      11.335628509521484,
      5.446750640869141,
      20.8741512298584,
      44.802825927734375,
      69.80089569091797,
      57.611534118652344,
      64.66436767578125,
      78.50534057617188,
      71.71356201171875,
      83.48153686523438,
      73.49767303466797,
      107.9912109375,
      92.09221649169922,
      114.14227294921875,
      101.77091979980469,
      93.2735595703125,
      92.1539535522461
    ]
  ],
  "covariance_short": [
    [
      47.004058837890625,
      37.435550689697266,
      6.323178291320801,
      6.404160022735596,
      2.083664894104004,
      6.292545795440674,
      3.4416544437408447,
      5.760478973388672,
      5.60892391204834,
      6.684113025665283,
      7.373326301574707,
      8.312933921813965,
      11.677153587341309,
      10.450834274291992,
      11.188232421875,
      10.873481750488281,
      8.095882415771484,
      8.285143852233887
    ],
    [
      37.435550689697266,
      37.85194396972656,
      1.517538070678711,
      4.134307861328125,
      5.946323871612549,
      12.308012962341309,
      9.812418937683105,
      13.4162015914917,
      16.933801651000977,
      16.21910285949707,
      18.996017456054688,
      18.213054656982422,
      25.689897537231445,
      22.713388442993164,
      24.981029510498047,
      23.420042037963867,
      18.810195922851562,
      18.52252197265625
    ],
    [
      6.323178291320801,
      1.517538070678711,
      27.626272201538086,
      20.59262466430664,
      15.564373016357422,
      15.389897346496582,
      11.82198429107666,
      10.165848731994629,
      6.047759056091309,
      8.037555694580078,
      5.656479835510254,
      8.665580749511719,
      4.231243133544922,
      5.0842742919921875,
      1.853789210319519,
      2.5111658573150635,
      1.0737134218215942,
      0.8589784502983093
    ],
    [
      6.404160022735596,
      4.134307861328125,
      20.59262466430664,
      25.148351669311523,
      17.460559844970703,
      26.172168731689453,
      18.27442741394043,
      22.49765968322754,
      18.74015235900879,
      21.24883270263672,
      19.13044548034668,
      21.666221618652344,
      22.663131713867188,
      21.031681060791016,
      19.600021362304688,
      18.733863830566406,
      15.02853775024414,
      14.423639297485352
    ],
    [
      2.083664894104004,
      5.946323871612549,
      15.564373016357422,
      17.460559844970703,
      63.71900939941406,
      61.69062805175781,
      52.170005798339844,
      47.41214370727539,
      57.618011474609375,
      50.390869140625,
      53.5728759765625,
      50.23994827270508,
      54.769676208496094,
      49.55242919921875,
      50.25157928466797,
      47.24423599243164,
      38.83769989013672,
      37.264163970947266
    ],
    [
      6.292545795440674,
      12.308012962341309,
      15.389897346496582,
      26.172168731689453,
      61.69062805175781,
      84.30780029296875,
      61.33368682861328,
      68.97280883789062,
      75.90059661865234,
      72.64562225341797,
      76.0096206665039,
      73.72774505615234,
      86.71012115478516,
      77.6524658203125,
      80.63368225097656,
      75.4350814819336,
      62.496490478515625,
      60.27666091918945
    ],
    [
      3.4416544437408447,
      9.812418937683105,
      11.82198429107666,
      18.27442741394043,
      52.170005798339844,
      61.33368682861328,
      88.23974609375,
      78.08645629882812,
      85.36968231201172,
      74.95172882080078,
      80.90653991699219,
      74.97506713867188,
      86.86367797851562,
      78.76654815673828,
      78.8763656616211,
      74.99071502685547,
      59.20192337036133,
      58.2907829284668
    ],
    [
      5.760478973388672,
      13.4162015914917,
      10.165848731994629,
      22.49765968322754,
      47.41214370727539,
      68.97280883789062,
      78.08645629882812,
      99.36568450927734,
      84.27947998046875,
      84.2839126586914,
      84.17103576660156,
      83.17495727539062,
      96.53547668457031,
      87.8082275390625,
      88.85284423828125,
      84.37097930908203,
      67.37616729736328,
      66.076171875
    ],
    [
      5.60892391204834,
      16.933801651000977,
      6.047759056091309,
      18.74015235900879,
      57.618011474609375,
      75.90059661865234,
      85.36968231201172,
      84.27947998046875,
      129.88941955566406,
      111.02909088134766,
      119.24464416503906,
      107.7925033569336,
      128.84085083007812,
      115.61029052734375,
      117.9764175415039,
      111.44357299804688,
      89.0834732055664,
      87.27017974853516
    ],
    [
      6.684113025665283,
      16.21910285949707,
      8.037555694580078,
      21.24883270263672,
      50.390869140625,
      72.64562225341797,
      74.95172882080078,
      84.2839126586914,
      111.02909088134766,
      109.27458953857422,
      104.76446533203125,
      102.91524505615234,
      118.2125244140625,
      107.7846908569336,
      107.23841857910156,
      102.42433166503906,
      79.771484375,
      78.60008239746094
    ],
    [
      7.373326301574707,
      18.996017456054688,
      5.656479835510254,
      19.13044548034668,
      53.5728759765625,
      76.0096206665039,
      80.90653991699219,
      84.17103576660156,
      119.24464416503906,
      104.76446533203125,
      128.60462951660156,
      114.8035888671875,
      137.875,
      123.19447326660156,
      126.4122543334961,
      119.26678466796875,
      95.22433471679688,
      93.33872985839844
    ],
    [
      8.312933921813965,
      18.213054656982422,
      8.665580749511719,
      21.666221618652344,
      50.23994827270508,
      73.72774505615234,
      74.97506713867188,
      83.17495727539062,
      107.7925033569336,
      102.91524505615234,
      114.8035888671875,
      113.66914367675781,
      130.27171325683594,
      118.60134887695312,
      117.65495300292969,
      112.6629867553711,
      86.2812271118164,
      85.06002044677734
    ],
    [
      11.677153587341309,
      25.689897537231445,
      4.231243133544922,
      22.663131713867188,
      54.769676208496094,
      86.71012115478516,
      86.86367797851562,
      96.53547668457031,
      128.84085083007812,
      118.2125244140625,
      137.875,
      130.27171325683594,
      176.687255859375,
      156.3485870361328,
      162.85797119140625,
      152.84878540039062,
      120.27754974365234,
      118.15020751953125
    ],
    [
      10.450834274291992,
      22.713388442993164,
      5.0842742919921875,
      21.031681060791016,
      49.55242919921875,
      77.6524658203125,
      78.76654815673828,
      87.8082275390625,
      115.61029052734375,
      107.7846908569336,
      123.19447326660156,
      118.60134887695312,
      156.3485870361328,
      140.90538024902344,
      142.90020751953125,
      135.7732391357422,
      104.04778289794922,
      102.78170776367188
    ],
    [
      11.188232421875,
      24.981029510498047,
      1.853789210319519,
      19.600021362304688,
      50.25157928466797,
      80.63368225097656,
      78.8763656616211,
      88.85284423828125,
      117.9764175415039,
      107.23841857910156,
      126.4122543334961,
      117.65495300292969,
      162.85797119140625,
      142.90020751953125,
      158.1175537109375,
      147.0079803466797,
      117.96190643310547,
      115.44664001464844
    ],
    [
      10.873481750488281,
      23.420042037963867,
      2.5111658573150635,
      18.733863830566406,
      47.24423599243164,
      75.4350814819336,
      74.99071502685547,
      84.37097930908203,
      111.44357299804688,
      102.42433166503906,
      119.26678466796875,
      112.6629867553711,
      152.84878540039062,
      135.7732391357422,
      147.0079803466797,
      138.42599487304688,
      108.10208892822266,
      106.56656646728516
    ],
    [
      8.095882415771484,
      18.810195922851562,
      1.0737134218215942,
      15.02853775024414,
      38.83769989013672,
      62.496490478515625,
      59.20192337036133,
      67.37616729736328,
      89.0834732055664,
      79.771484375,
      95.22433471679688,
      86.2812271118164,
      120.27754974365234,
      104.04778289794922,
      117.96190643310547,
      108.10208892822266,
      92.82052612304688,
      90.19087219238281
    ],
    [
      8.285143852233887,
      18.52252197265625,
      0.8589784502983093,
      14.423639297485352,
      37.264163970947266,
      60.27666091918945,
      58.2907829284668,
      66.076171875,
      87.27017974853516,
      78.60008239746094,
      93.33872985839844,
      85.06002044677734,
      118.15020751953125,
      102.78170776367188,
      115.44664001464844,
      106.56656646728516,
      90.19087219238281,
      88.65119171142578
    ]
  ],
  "drr": 11.133634567260742,
  "dynamics": 3.677412271499634,
  "format": 1245190,
  "frames": 10302400,
  "loudness": -17.198705673217773,
  "loudness_range": 10.161177635192871,
  "loudness_range_short": 13.064837455749512,
  "peak": -1.592456579208374,
  "rms": -18.656904220581055,
  "sample_rate": 44100,
  "sections": 1,
  "seekable": 1,
  "sharpness": 2.890124797821045,
  "space": -17.00977897644043
}