{
  "bands": [
    {
      "high_freq": 148.1999969482422,
      "loudness": -18.935583114624023,
      "loudness_range": 10.441325187683105,
      "mid_mean": -15.320685386657715,
      "mid_to_side_loudness": -20.981155395507812,
      "mid_to_side_loudness_range": 15.912635803222656,
      "side_mean": -36.693214416503906
    },
    {
      "high_freq": 392.3793640136719,
      "loudness": -19.764041900634766,
      "loudness_range": 7.346874237060547,
      "low_freq": 148.1999969482422,
      "mid_mean": -16.3052978515625,
      "mid_to_side_loudness": -15.180322647094727,
      "mid_to_side_loudness_range": 15.217878341674805,
      "side_mean": -31.493438720703125
    },
    {
      "high_freq": 794.6976318359375,
      "loudness": -24.0043888092041,
      "loudness_range": 14.991315841674805,
      "low_freq": 392.3793640136719,
      "mid_mean": -20.70784568786621,
      "mid_to_side_loudness": -12.602076530456543,
      "mid_to_side_loudness_range": 13.844654083251953,
      "side_mean": -32.3134765625
    },
    {
      "high_freq": 1457.5709228515625,
      "loudness": -24.54397201538086,
      "loudness_range": 18.691883087158203,
      "low_freq": 794.6976318359375,
      "mid_mean": -21.4200439453125,
      "mid_to_side_loudness": -11.362899780273438,
      "mid_to_side_loudness_range": 15.760993957519531,
      "side_mean": -31.711179733276367
    },
    {
      "high_freq": 2549.74365234375,
      "loudness": -19.71768569946289,
      "loudness_range": 8.99101448059082,
      "low_freq": 1457.5709228515625,
      "mid_mean": -16.36492919921875,
      "mid_to_side_loudness": -13.856739044189453,
      "mid_to_side_loudness_range": 20.688587188720703,
      "side_mean": -29.718578338623047
    },
    {
      "high_freq": 4349.24462890625,
      "loudness": -22.769954681396484,
      "loudness_range": 11.233207702636719,
      "low_freq": 2549.74365234375,
      "mid_mean": -19.467205047607422,
      "mid_to_side_loudness": -12.653185844421387,
      "mid_to_side_loudness_range": 17.949010848999023,
      "side_mean": -31.010541915893555
    },
    {
      "high_freq": 7314.1640625,
      "loudness": -27.261293411254883,
      "loudness_range": 10.932840347290039,
      "low_freq": 4349.24462890625,
      "mid_mean": -23.884021759033203,
      "mid_to_side_loudness": -12.934080123901367,
      "mid_to_side_loudness_range": 14.250495910644531,
      "side_mean": -36.437705993652344
    },
    {
      "high_freq": 12199.2666015625,
      "loudness": -28.49639320373535,
      "loudness_range": 15.320829391479492,
      "low_freq": 7314.1640625,
      "mid_mean": -25.16311264038086,
      "mid_to_side_loudness": -12.057511329650879,
      "mid_to_side_loudness_range": 11.340349197387695,
      "side_mean": -37.018035888671875
    },
    {
      "loudness": -37.77664566040039,
      "loudness_range": 14.888248443603516,
      "low_freq": 12199.2666015625,
      "mid_mean": -34.469417572021484,
      "mid_to_side_loudness": -11.977733612060547,
      "mid_to_side_loudness_range": 13.31764030456543,
      "side_mean": -46.52533721923828
    }
  ],
  "bands_short": [
    {
      "high_freq": 148.1999969482422,
      "loudness": -25.017793655395508,
      "loudness_range": 26.174684524536133,
      "mid_mean": -21.516502380371094,
      "mid_to_side_loudness": -19.645423889160156,
      "mid_to_side_loudness_range": 24.833192825317383,
      "side_mean": -42.24626159667969
    },
    {
      "high_freq": 392.3793640136719,
      "loudness": -20.36897087097168,
      "loudness_range": 17.093782424926758,
      "low_freq": 148.1999969482422,
      "mid_mean": -17.020971298217773,
      "mid_to_side_loudness": -15.37987995147705,
      "mid_to_side_loudness_range": 19.80816650390625,
      "side_mean": -32.44212341308594
    },
    {
      "high_freq": 794.6976318359375,
      "loudness": -23.93343734741211,
      "loudness_range": 15.398914337158203,
      "low_freq": 392.3793640136719,
      "mid_mean": -20.83526039123535,
      "mid_to_side_loudness": -12.14295482635498,
      "mid_to_side_loudness_range": 17.697011947631836,
      "side_mean": -32.20505905151367
    },
    {
      "high_freq": 1457.5709228515625,
      "loudness": -25.880779266357422,
      "loudness_range": 23.495058059692383,
      "low_freq": 794.6976318359375,
      "mid_mean": -22.925617218017578,
      "mid_to_side_loudness": -11.588330268859863,
      "mid_to_side_loudness_range": 21.272705078125,
      "side_mean": -32.61339569091797
    },
    {
      "high_freq": 2549.74365234375,
      "loudness": -21.278850555419922,
      "loudness_range": 16.410722732543945,
      "low_freq": 1457.5709228515625,
      "mid_mean": -18.021398544311523,
      "mid_to_side_loudness": -13.057406425476074,
      "mid_to_side_loudness_range": 21.479999542236328,
      "side_mean": -31.150638580322266
    },
    {
      "high_freq": 4349.24462890625,
      "loudness": -24.43340301513672,
      "loudness_range": 18.226699829101562,
      "low_freq": 2549.74365234375,
      "mid_mean": -21.256622314453125,
      "mid_to_side_loudness": -11.294180870056152,
      "mid_to_side_loudness_range": 17.352052688598633,
      "side_mean": -31.889713287353516
    },
    {
      "high_freq": 7314.1640625,
      "loudness": -29.685470581054688,
      "loudness_range": 21.824357986450195,
      "low_freq": 4349.24462890625,
      "mid_mean": -26.525102615356445,
      "mid_to_side_loudness": -10.400995254516602,
      "mid_to_side_loudness_range": 15.071040153503418,
      "side_mean": -37.40203094482422
    },
    {
      "high_freq": 12199.2666015625,
      "loudness": -31.471641540527344,
      "loudness_range": 22.673295974731445,
      "low_freq": 7314.1640625,
      "mid_mean": -28.2950496673584,
      "mid_to_side_loudness": -10.096033096313477,
      "mid_to_side_loudness_range": 15.063490867614746,
      "side_mean": -39.25094985961914
    },
    {
      "loudness": -41.4597282409668,
      "loudness_range": 25.609737396240234,
      "low_freq": 12199.2666015625,
      "mid_mean": -38.15321350097656,
      "mid_to_side_loudness": -9.869622230529785,
      "mid_to_side_loudness_range": 17.48697853088379,
      "side_mean": -50.08323669433594
    }
  ],
  "channels": 2,
  "covariance": [
    [
      23.05254554748535,
      13.52576732635498,
      6.2007246017456055,
      3.284555673599243,
      2.3692626953125,
      2.588308334350586,
      1.68880295753479,
      3.2805404663085938,
      0.2926603853702545,
      2.6709084510803223,
      0.14225098490715027,
      0.34651273488998413,
      1.0649553537368774,
      1.1099023818969727,
      -1.434515357017517,
      -1.1244560480117798,
      -1.8960380554199219,
      -2.9302353858947754
    ],
    [
      13.52576732635498,
      29.65768051147461,
      2.71351957321167,
      5.345299243927002,
      7.646498680114746,
      9.673140525817871,
      7.716281414031982,
      11.719585418701172,
      3.7734503746032715,
      10.955103874206543,
      4.129826068878174,
      9.70353889465332,
      2.940117597579956,
      9.838468551635742,
      1.1477551460266113,
      7.669740200042725,
      3.9802751541137695,
      9.646954536437988
    ],
    [
      6.2007246017456055,
      2.71351957321167,
      10.19836711883545,
      4.858322620391846,
      2.5384469032287598,
      -0.5534773468971252,
      2.6946399211883545,
      1.291653037071228,
      1.0736879110336304,
      1.4373211860656738,
      2.389007806777954,
      -0.7631012797355652,
      2.842139482498169,
      0.4615597128868103,
      0.5783676505088806,
      -0.7230104804039001,
      -0.6549121141433716,
      -1.4163190126419067
    ],
    [
      3.284555673599243,
      5.345299243927002,
      4.858322620391846,
      25.168899536132812,
      14.897476196289062,
      19.7542724609375,
      16.850914001464844,
      24.30795669555664,
      4.730055332183838,
      20.852506637573242,
      9.433745384216309,
      20.830886840820312,
      8.273857116699219,
      19.276628494262695,
      7.898139476776123,
      17.64073944091797,
      8.51456069946289,
      17.126850128173828
    ],
    [
      2.3692626953125,
      7.646498680114746,
      2.5384469032287598,
      14.897476196289062,
      32.440704345703125,
      30.087186813354492,
      26.33076286315918,
      29.198060989379883,
      8.979452133178711,
      29.75175666809082,
      12.498106002807617,
      26.032901763916016,
      8.9768648147583,
      22.51138687133789,
      11.189236640930176,
      22.428009033203125,
      12.266287803649902,
      19.801164627075195
    ],
    [
      2.588308334350586,
      9.673140525817871,
      -0.5534773468971252,
      19.7542724609375,
      30.087186813354492,
      56.045345306396484,
      29.33517837524414,
      48.95598220825195,
      10.410651206970215,
      41.59122085571289,
      14.437417030334473,
      40.882484436035156,
      10.815306663513184,
      31.93943977355957,
      12.563158988952637,
      29.73378562927246,
      14.724084854125977,
      25.839452743530273
    ],
    [
      1.68880295753479,
      7.716281414031982,
      2.6946399211883545,
      16.850914001464844,
      26.33076286315918,
      29.33517837524414,
      39.9532585144043,
      42.7701301574707,
      11.492705345153809,
      35.649112701416016,
      16.020368576049805,
      29.91032600402832,
      11.005719184875488,
      24.75103759765625,
      11.208820343017578,
      23.156843185424805,
      12.476258277893066,
      23.344402313232422
    ],
    [
      3.2805404663085938,
      11.719585418701172,
      1.291653037071228,
      24.30795669555664,
      29.198060989379883,
      48.95598220825195,
      42.7701301574707,
      78.7213363647461,
      12.308635711669922,
      52.90308380126953,
      17.504589080810547,
      48.941158294677734,
      13.420886993408203,
      35.75358581542969,
      13.898614883422852,
      31.14314842224121,
      16.647563934326172,
      32.06749725341797
    ],
    [
      0.2926603853702545,
      3.7734503746032715,
      1.0736879110336304,
      4.730055332183838,
      8.979452133178711,
      10.410651206970215,
      11.492705345153809,
      12.308635711669922,
      10.109548568725586,
      15.044389724731445,
      9.244388580322266,
      12.552175521850586,
      5.50486421585083,
      9.28107738494873,
      4.710821628570557,
      7.824934959411621,
      4.855435371398926,
      7.084024906158447
    ],
    [
      2.6709084510803223,
      10.955103874206543,
      1.4373211860656738,
      20.852506637573242,
      29.75175666809082,
      41.59122085571289,
      35.649112701416016,
      52.90308380126953,
      15.044389724731445,
      66.79374694824219,
      21.793899536132812,
      53.795963287353516,
      16.493932723999023,
      40.849647521972656,
      18.336109161376953,
      35.947513580322266,
      20.055522918701172,
      34.37942886352539
    ],
    [
      0.14225098490715027,
      4.129826068878174,
      2.389007806777954,
      9.433745384216309,
      12.498106002807617,
      14.437417030334473,
      16.020368576049805,
      17.504589080810547,
      9.244388580322266,
      21.793899536132812,
      16.660057067871094,
      22.695627212524414,
      10.577347755432129,
      19.033151626586914,
      9.731292724609375,
      17.30513572692871,
      9.396682739257812,
      16.529014587402344
    ],
    [
      0.34651273488998413,
      9.70353889465332,
      -0.7631012797355652,
      20.830886840820312,
      26.032901763916016,
      40.882484436035156,
      29.91032600402832,
      48.941158294677734,
      12.552175521850586,
      53.795963287353516,
      22.695627212524414,
      62.337039947509766,
      15.621474266052246,
      42.52199935913086,
      18.567596435546875,
      38.395973205566406,
      20.19325065612793,
      34.933013916015625
    ],
    [
      1.0649553537368774,
      2.940117597579956,
      2.842139482498169,
      8.273857116699219,
      8.9768648147583,
      10.815306663513184,
      11.005719184875488,
      13.420886993408203,
      5.50486421585083,
      16.493932723999023,
      10.577347755432129,
      15.621474266052246,
      14.005242347717285,
      19.782821655273438,
      14.008373260498047,
      18.555294036865234,
      13.029038429260254,
      16.00128173828125
    ],
    [
      1.1099023818969727,
      9.838468551635742,
      0.4615597128868103,
      19.276628494262695,
      22.51138687133789,
      31.93943977355957,
      24.75103759765625,
      35.75358581542969,
      9.28107738494873,
      40.849647521972656,
      19.033151626586914,
      42.52199935913086,
      19.782821655273438,
      50.308956146240234,
      23.098417282104492,
      44.43724822998047,
      23.415496826171875,
      39.23677444458008
    ],
    [
      -1.434515357017517,
      1.1477551460266113,
      0.5783676505088806,
      7.898139476776123,
      11.189236640930176,
      12.563158988952637,
      11.208820343017578,
      13.898614883422852,
      4.710821628570557,
      18.336109161376953,
      9.731292724609375,
      18.567596435546875,
      14.008373260498047,
      23.098417282104492,
      23.741762161254883,
      29.38060760498047,
      21.747774124145508,
      21.66925621032715
    ],
    [
      -1.1244560480117798,
      7.669740200042725,
      -0.7230104804039001,
      17.64073944091797,
      22.428009033203125,
      29.73378562927246,
      23.156843185424805,
      31.14314842224121,
      7.824934959411621,
      35.947513580322266,
      17.30513572692871,
      38.395973205566406,
      18.555294036865234,
      44.43724822998047,
      29.38060760498047,
      53.227020263671875,
      28.826839447021484,
      43.33452224731445
    ],
    [
      -1.8960380554199219,
      3.9802751541137695,
      -0.6549121141433716,
      8.51456069946289,
      12.266287803649902,
      14.724084854125977,
      12.476258277893066,
      16.647563934326172,
      4.855435371398926,
      20.055522918701172,
      9.396682739257812,
      20.19325065612793,
      13.029038429260254,
      23.415496826171875,
      21.747774124145508,
      28.826839447021484,
      25.493764877319336,
      26.77642250061035
    ],
    [
      -2.9302353858947754,
      9.646954536437988,
      -1.4163190126419067,
      17.126850128173828,
      19.801164627075195,
      25.839452743530273,
      23.344402313232422,
      32.06749725341797,
      7.084024906158447,
      34.37942886352539,
      16.529014587402344,
      34.933013916015625,
      16.00128173828125,
      39.23677444458008,
      21.66925621032715,
      43.33452224731445,
      26.77642250061035,
      51.071773529052734
    ]
  ],
  "covariance_short": [
    [
      84.46580505371094,
      60.97246551513672,
      20.882190704345703,
      2.8430986404418945,
      -2.7931878566741943,
      -0.00106879195664078,
      -0.6271798610687256,
      2.5515763759613037,
      4.8787760734558105,
      7.96240234375,
      0.17557373642921448,
      5.029904842376709,
      -0.06682216376066208,
      -0.08632567524909973,
      -5.665191650390625,
      -7.711938858032227,
      -5.301994323730469,
      -6.950021266937256
    ],
    [
      60.97246551513672,
      96.48538970947266,
      10.772900581359863,
      5.840646266937256,
      0.7976941466331482,
      5.855706691741943,
      5.165664196014404,
      12.155842781066895,
      7.871521949768066,
      15.109814643859863,
      3.3431639671325684,
      12.069746017456055,
      2.5174951553344727,
      7.931697845458984,
      -3.2684004306793213,
      1.156816005706787,
      0.3752782940864563,
      4.463160037994385
    ],
    [
      20.882190704345703,
      10.772900581359863,
      37.26896667480469,
      11.798262596130371,
      3.0803802013397217,
      0.3896423876285553,
      4.504843711853027,
      1.8892368078231812,
      8.93205738067627,
      5.504966735839844,
      7.711972713470459,
      2.513849973678589,
      7.66265344619751,
      2.175039529800415,
      3.994337797164917,
      0.7863603234291077,
      3.452822208404541,
      3.544114112854004
    ],
    [
      2.8430986404418945,
      5.840646266937256,
      11.798262596130371,
      28.727466583251953,
      8.620882034301758,
      18.724592208862305,
      15.682963371276855,
      20.27276611328125,
      8.669621467590332,
      18.333011627197266,
      11.820511817932129,
      16.776962280273438,
      11.990779876708984,
      15.592365264892578,
      8.25849723815918,
      13.704415321350098,
      11.401859283447266,
      16.846424102783203
    ],
    [
      -2.7931878566741943,
      0.7976941466331482,
      3.0803802013397217,
      8.620882034301758,
      38.24302291870117,
      24.624248504638672,
      23.92723274230957,
      21.059864044189453,
      11.41362476348877,
      23.87790870666504,
      15.153548240661621,
      19.521387100219727,
      11.313185691833496,
      14.568016052246094,
      7.622289657592773,
      13.60987377166748,
      9.750459671020508,
      14.512565612792969
    ],
    [
      -0.00106879195664078,
      5.855706691741943,
      0.3896423876285553,
      18.724592208862305,
      24.624248504638672,
      52.640220642089844,
      30.90805435180664,
      45.70743942260742,
      15.887864112854004,
      38.86643600463867,
      20.144550323486328,
      36.58860778808594,
      15.370551109313965,
      27.55266761779785,
      10.940671920776367,
      22.670644760131836,
      16.154926300048828,
      22.019681930541992
    ],
    [
      -0.6271798610687256,
      5.165664196014404,
      4.504843711853027,
      15.682963371276855,
      23.92723274230957,
      30.90805435180664,
      64.37174987792969,
      54.00393295288086,
      23.530982971191406,
      49.088104248046875,
      29.63357162475586,
      38.54481506347656,
      21.919353485107422,
      29.48820686340332,
      16.020450592041016,
      24.805299758911133,
      20.882068634033203,
      31.343528747558594
    ],
    [
      2.5515763759613037,
      12.155842781066895,
      1.8892368078231812,
      20.27276611328125,
      21.059864044189453,
      45.70743942260742,
      54.00393295288086,
      96.71485137939453,
      22.89515495300293,
      61.20418167114258,
      28.374588012695312,
      54.413169860839844,
      22.648977279663086,
      37.93695068359375,
      14.339164733886719,
      28.20456886291504,
      19.603437423706055,
      32.23646545410156
    ],
    [
      4.8787760734558105,
      7.871521949768066,
      8.93205738067627,
      8.669621467590332,
      11.41362476348877,
      15.887864112854004,
      23.530982971191406,
      22.89515495300293,
      40.30784606933594,
      32.856346130371094,
      27.973596572875977,
      27.40703773498535,
      14.497554779052734,
      16.913528442382812,
      8.818704605102539,
      11.961572647094727,
      11.176140785217285,
      12.377998352050781
    ],
    [
      7.96240234375,
      15.109814643859863,
      5.504966735839844,
      18.333011627197266,
      23.87790870666504,
      38.86643600463867,
      49.088104248046875,
      61.20418167114258,
      32.856346130371094,
      90.49832916259766,
      38.63421630859375,
      64.36177825927734,
      29.922252655029297,
      44.36515808105469,
      18.36762046813965,
      31.403329849243164,
      23.09056282043457,
      34.362239837646484
    ],
    [
      0.17557373642921448,
      3.3431639671325684,
      7.711972713470459,
      11.820511817932129,
      15.153548240661621,
      20.144550323486328,
      29.63357162475586,
      28.374588012695312,
      27.973596572875977,
      38.63421630859375,
      46.953956604003906,
      41.56123352050781,
      29.993032455444336,
      30.82921600341797,
      19.669761657714844,
      23.95801544189453,
      21.211442947387695,
      24.439762115478516
    ],
    [
      5.029904842376709,
      12.069746017456055,
      2.513849973678589,
      16.776962280273438,
      19.521387100219727,
      36.58860778808594,
      38.54481506347656,
      54.413169860839844,
      27.40703773498535,
      64.36177825927734,
      41.56123352050781,
      80.12187957763672,
      30.4495849609375,
      47.74951171875,
      18.639921188354492,
      34.15464782714844,
      21.844783782958984,
      32.48237991333008
    ],
    [
      -0.06682216376066208,
      2.5174951553344727,
      7.66265344619751,
      11.990779876708984,
      11.313185691833496,
      15.370551109313965,
      21.919353485107422,
      22.648977279663086,
      14.497554779052734,
      29.922252655029297,
      29.993032455444336,
      30.4495849609375,
      62.3242301940918,
      45.752567291259766,
      48.71734619140625,
      44.10303497314453,
      48.481536865234375,
      38.619598388671875
    ],
    [
      -0.08632567524909973,
      7.931697845458984,
      2.175039529800415,
      15.592365264892578,
      14.568016052246094,
      27.55266761779785,
      29.48820686340332,
      37.93695068359375,
      16.913528442382812,
      44.36515808105469,
      30.82921600341797,
      47.74951171875,
      45.752567291259766,
      67.79850769042969,
      39.617210388183594,
      54.44347381591797,
      43.00811767578125,
      49.82554626464844
    ],
    [
      -5.665191650390625,
      -3.2684004306793213,
      3.994337797164917,
      8.25849723815918,
      7.622289657592773,
      10.940671920776367,
      16.020450592041016,
      14.339164733886719,
      8.818704605102539,
      18.36762046813965,
      19.669761657714844,
      18.639921188354492,
      48.71734619140625,
      39.617210388183594,
      65.97666931152344,
      55.504249572753906,
      61.2906494140625,
      43.11875534057617
    ],
    [
      -7.711938858032227,
      1.156816005706787,
      0.7863603234291077,
      13.704415321350098,
      13.60987377166748,
      22.670644760131836,
      24.805299758911133,
      28.20456886291504,
      11.961572647094727,
      31.403329849243164,
      23.95801544189453,
      34.15464782714844,
      44.10303497314453,
      54.44347381591797,
      55.504249572753906,
      76.62384033203125,
      56.234527587890625,
      63.166805267333984
    ],
    [
      -5.301994323730469,
      0.3752782940864563,
      3.452822208404541,
      11.401859283447266,
      9.750459671020508,
      16.154926300048828,
      20.882068634033203,
      19.603437423706055,
      11.176140785217285,
      23.09056282043457,
      21.211442947387695,
      21.844783782958984,
      48.481536865234375,
      43.00811767578125,
      61.2906494140625,
      56.234527587890625,
      79.00628662109375,
      53.52427291870117
    ],
    [
      -6.950021266937256,
      4.463160037994385,
      3.544114112854004,
      16.846424102783203,
      14.512565612792969,
      22.019681930541992,
      31.343528747558594,
      32.23646545410156,
      12.377998352050781,
      34.362239837646484,
      24.439762115478516,
      32.48237991333008,
      38.619598388671875,
      49.82554626464844,
      43.11875534057617,
      63.166805267333984,
      53.52427291870117,
      86.71813201904297
    ]
  ],
  "drr": 16.243505477905273,
  "dynamics": 2.491032361984253,
  "format": 1245190,
  "frames": 9962432,
  "loudness": -8.736198425292969,
  "loudness_range": 4.760679244995117,
  "loudness_range_short": 9.507807731628418,
  "peak": 0.7150553464889526,
  "rms": -11.281723022460938,
  "sample_rate": 44100,
  "sections": 1,
  "seekable": 1,
  "sharpness": 3.436974048614502,
  "space": -13.297455787658691
}