{
  "bands": [
    {
      "high_freq": 148.1999969482422,
      "loudness": -31.235986709594727,
      "loudness_range": 17.75572395324707,
      "mid_mean": -28.050724029541016,
      "mid_to_side_loudness": -11.411511421203613,
      "mid_to_side_loudness_range": 16.435230255126953,
      "side_mean": -39.829261779785156
    },
    {
      "high_freq": 392.3793640136719,
      "loudness": -23.658109664916992,
      "loudness_range": 9.505109786987305,
      "low_freq": 148.1999969482422,
      "mid_mean": -21.519908905029297,
      "mid_to_side_loudness": -4.9110212326049805,
      "mid_to_side_loudness_range": 13.127742767333984,
      "side_mean": -26.648784637451172
    },
    {
      "high_freq": 794.6976318359375,
      "loudness": -27.081880569458008,
      "loudness_range": 22.255413055419922,
      "low_freq": 392.3793640136719,
      "mid_mean": -24.640365600585938,
      "mid_to_side_loudness": -7.76051139831543,
      "mid_to_side_loudness_range": 18.966466903686523,
      "side_mean": -32.735748291015625
    },
    {
      "high_freq": 1457.5709228515625,
      "loudness": -30.90876007080078,
      "loudness_range": 28.835731506347656,
      "low_freq": 794.6976318359375,
      "mid_mean": -28.906137466430664,
      "mid_to_side_loudness": -7.652687072753906,
      "mid_to_side_loudness_range": 23.935287475585938,
      "side_mean": -36.93178939819336
    },
    {
      "high_freq": 2549.74365234375,
      "loudness": -35.054012298583984,
      "loudness_range": 26.489099502563477,
      "low_freq": 1457.5709228515625,
      "mid_mean": -32.674530029296875,
      "mid_to_side_loudness": -8.560500144958496,
      "mid_to_side_loudness_range": 22.661497116088867,
      "side_mean": -41.600852966308594
    },
    {
      "high_freq": 4349.24462890625,
      "loudness": -37.417518615722656,
      "loudness_range": 23.182065963745117,
      "low_freq": 2549.74365234375,
      "mid_mean": -34.69910430908203,
      "mid_to_side_loudness": -8.84118366241455,
      "mid_to_side_loudness_range": 17.73584747314453,
      "side_mean": -43.84083557128906
    },
    {
      "high_freq": 7314.1640625,
      "loudness": -41.96732711791992,
      "loudness_range": 16.32724952697754,
      "low_freq": 4349.24462890625,
      "mid_mean": -38.80061340332031,
      "mid_to_side_loudness": -9.269442558288574,
      "mid_to_side_loudness_range": 8.620845794677734,
      "side_mean": -48.28248596191406
    },
    {
      "high_freq": 12199.2666015625,
      "loudness": -44.17748260498047,
      "loudness_range": 19.54013442993164,
      "low_freq": 7314.1640625,
      "mid_mean": -41.22743606567383,
      "mid_to_side_loudness": -7.309886455535889,
      "mid_to_side_loudness_range": 5.420991897583008,
      "side_mean": -48.68541717529297
    },
    {
      "loudness": -53.632179260253906,
      "loudness_range": 21.219402313232422,
      "low_freq": 12199.2666015625,
      "mid_mean": -51.62519454956055,
      "mid_to_side_loudness": -4.22269344329834,
      "mid_to_side_loudness_range": 3.6761155128479004,
      "side_mean": -55.5713005065918
    }
  ],
  "bands_short": [
    {
      "high_freq": 148.1999969482422,
      "loudness": -34.884117126464844,
      "loudness_range": 23.530651092529297,
      "mid_mean": -31.62889862060547,
      "mid_to_side_loudness": -12.260566711425781,
      "mid_to_side_loudness_range": 17.989164352416992,
      "side_mean": -44.2689094543457
    },
    {
      "high_freq": 392.3793640136719,
      "loudness": -24.49244499206543,
      "loudness_range": 11.564367294311523,
      "low_freq": 148.1999969482422,
      "mid_mean": -22.529586791992188,
      "mid_to_side_loudness": -4.661947250366211,
      "mid_to_side_loudness_range": 15.66795539855957,
      "side_mean": -27.514583587646484
    },
    {
      "high_freq": 794.6976318359375,
      "loudness": -27.47508430480957,
      "loudness_range": 23.385360717773438,
      "low_freq": 392.3793640136719,
      "mid_mean": -25.33485984802246,
      "mid_to_side_loudness": -6.735727310180664,
      "mid_to_side_loudness_range": 19.964521408081055,
      "side_mean": -32.367008209228516
    },
    {
      "high_freq": 1457.5709228515625,
      "loudness": -31.948333740234375,
      "loudness_range": 31.90457534790039,
      "low_freq": 794.6976318359375,
      "mid_mean": -30.172693252563477,
      "mid_to_side_loudness": -6.85430908203125,
      "mid_to_side_loudness_range": 24.53893280029297,
      "side_mean": -37.58810806274414
    },
    {
      "high_freq": 2549.74365234375,
      "loudness": -36.850345611572266,
      "loudness_range": 30.721704483032227,
      "low_freq": 1457.5709228515625,
      "mid_mean": -34.71278762817383,
      "mid_to_side_loudness": -7.801742076873779,
      "mid_to_side_loudness_range": 23.759803771972656,
      "side_mean": -43.15801239013672
    },
    {
      "high_freq": 4349.24462890625,
      "loudness": -39.75764846801758,
      "loudness_range": 29.14307975769043,
      "low_freq": 2549.74365234375,
      "mid_mean": -37.225486755371094,
      "mid_to_side_loudness": -8.480792045593262,
      "mid_to_side_loudness_range": 19.46855926513672,
      "side_mean": -46.10905838012695
    },
    {
      "high_freq": 7314.1640625,
      "loudness": -46.51900100708008,
      "loudness_range": 25.920215606689453,
      "low_freq": 4349.24462890625,
      "mid_mean": -43.54544448852539,
      "mid_to_side_loudness": -8.438549041748047,
      "mid_to_side_loudness_range": 11.154836654663086,
      "side_mean": -52.34149169921875
    },
    {
      "high_freq": 12199.2666015625,
      "loudness": -48.05598831176758,
      "loudness_range": 28.13220977783203,
      "low_freq": 7314.1640625,
      "mid_mean": -45.4906120300293,
      "mid_to_side_loudness": -6.7944254875183105,
      "mid_to_side_loudness_range": 7.291575908660889,
      "side_mean": -52.5380859375
    },
    {
      "loudness": -57.52975082397461,
      "loudness_range": 27.711563110351562,
      "low_freq": 12199.2666015625,
      "mid_mean": -55.06052017211914,
      "mid_to_side_loudness": -3.6557538509368896,
      "mid_to_side_loudness_range": 4.805820941925049,
      "side_mean": -58.259037017822266
    }
  ],
  "channels": 2,
  "covariance": [
    [
      41.84636306762695,
      27.183204650878906,
      2.807082414627075,
      7.460441589355469,
      -1.7766283750534058,
      2.719804048538208,
      -2.305577278137207,
      1.8925130367279053,
      -3.2317075729370117,
      1.6150928735733032,
      -1.0180041790008545,
      -1.5723114013671875,
      -1.5132321119308472,
      -2.1209702491760254,
      -3.1159815788269043,
      -3.4955203533172607,
      -4.055960178375244,
      -3.840047597885132
    ],
    [
      27.183204650878906,
      40.66048049926758,
      0.09027016907930374,
      3.0369696617126465,
      -3.554633378982544,
      0.07607113569974899,
      -0.9380714893341064,
      -0.47060447931289673,
      -1.3454660177230835,
      -1.8027921915054321,
      -2.3073158264160156,
      -1.6212048530578613,
      -3.710263729095459,
      -3.1936450004577637,
      -4.887001991271973,
      -4.547137260437012,
      -5.390699863433838,
      -5.087852478027344
    ],
    [
      2.807082414627075,
      0.09027016907930374,
      15.79092025756836,
      8.271900177001953,
      18.31956672668457,
      9.415731430053711,
      15.178230285644531,
      8.399065971374512,
      13.880960464477539,
      7.618644714355469,
      12.88506031036377,
      6.554415225982666,
      5.571539402008057,
      4.196738243103027,
      9.729044914245605,
      8.959220886230469,
      8.757757186889648,
      7.945995807647705
    ],
    [
      7.460441589355469,
      3.0369696617126465,
      8.271900177001953,
      21.31654167175293,
      12.116771697998047,
      15.721388816833496,
      12.168678283691406,
      18.07514762878418,
      9.127022743225098,
      15.988103866577148,
      8.197518348693848,
      11.293795585632324,
      3.85953950881958,
      5.301456928253174,
      4.894261360168457,
      5.706769943237305,
      2.838569402694702,
      3.790538787841797
    ],
    [
      -1.7766283750534058,
      -3.554633378982544,
      18.31956672668457,
      12.116771697998047,
      62.105533599853516,
      33.86359786987305,
      59.118896484375,
      30.099985122680664,
      53.366859436035156,
      26.093503952026367,
      43.371341705322266,
      22.956832885742188,
      14.441498756408691,
      12.2263765335083,
      26.555177688598633,
      26.19991683959961,
      24.3922119140625,
      23.766647338867188
    ],
    [
      2.719804048538208,
      0.07607113569974899,
      9.415731430053711,
      15.721388816833496,
      33.86359786987305,
      47.91355895996094,
      31.875009536743164,
      41.850093841552734,
      28.97222137451172,
      38.245399475097656,
      22.128799438476562,
      28.42595100402832,
      7.878046989440918,
      11.413067817687988,
      8.650633811950684,
      10.667043685913086,
      6.4683518409729,
      8.176131248474121
    ],
    [
      -2.305577278137207,
      -0.9380714893341064,
      15.178230285644531,
      12.168678283691406,
      59.118896484375,
      31.875009536743164,
      97.23084259033203,
      46.655555725097656,
      73.80779266357422,
      33.61715316772461,
      55.14567947387695,
      28.882375717163086,
      13.288591384887695,
      12.174931526184082,
      27.58300018310547,
      28.566810607910156,
      25.310081481933594,
      24.855426788330078
    ],
    [
      1.8925130367279053,
      -0.47060447931289673,
      8.399065971374512,
      18.07514762878418,
      30.099985122680664,
      41.850093841552734,
      46.655555725097656,
      68.66913604736328,
      33.60543441772461,
      50.722564697265625,
      21.358409881591797,
      36.55516052246094,
      6.294519901275635,
      13.392651557922363,
      3.9105145931243896,
      7.627862930297852,
      0.9540887475013733,
      3.549783945083618
    ],
    [
      -3.2317075729370117,
      -1.3454660177230835,
      13.880960464477539,
      9.127022743225098,
      53.366859436035156,
      28.97222137451172,
      73.80779266357422,
      33.60543441772461,
      82.61798095703125,
      32.82524108886719,
      62.98054504394531,
      31.2138614654541,
      21.02939224243164,
      16.105060577392578,
      32.10547637939453,
      31.45749855041504,
      29.5324764251709,
      28.49839973449707
    ],
    [
      1.6150928735733032,
      -1.8027921915054321,
      7.618644714355469,
      15.988103866577148,
      26.093503952026367,
      38.245399475097656,
      33.61715316772461,
      50.722564697265625,
      32.82524108886719,
      51.40800476074219,
      24.526203155517578,
      37.14609146118164,
      11.919394493103027,
      17.110633850097656,
      8.108973503112793,
      10.484609603881836,
      4.9937286376953125,
      6.900182723999023
    ],
    [
      -1.0180041790008545,
      -2.3073158264160156,
      12.88506031036377,
      8.197518348693848,
      43.371341705322266,
      22.128799438476562,
      55.14567947387695,
      21.358409881591797,
      62.98054504394531,
      24.526203155517578,
      64.2765884399414,
      30.59376335144043,
      29.2359561920166,
      22.49412727355957,
      38.888912200927734,
      36.881710052490234,
      35.448204040527344,
      34.02546691894531
    ],
    [
      -1.5723114013671875,
      -1.6212048530578613,
      6.554415225982666,
      11.293795585632324,
      22.956832885742188,
      28.42595100402832,
      28.882375717163086,
      36.55516052246094,
      31.2138614654541,
      37.14609146118164,
      30.59376335144043,
      39.28689193725586,
      18.967439651489258,
      23.16718101501465,
      17.07324981689453,
      18.854280471801758,
      14.48621940612793,
      15.484943389892578
    ],
    [
      -1.5132321119308472,
      -3.710263729095459,
      5.571539402008057,
      3.85953950881958,
      14.441498756408691,
      7.878046989440918,
      13.288591384887695,
      6.294519901275635,
      21.02939224243164,
      11.919394493103027,
      29.2359561920166,
      18.967439651489258,
      35.14862823486328,
      28.21858787536621,
      35.5272216796875,
      32.26234817504883,
      32.049560546875,
      30.408023834228516
    ],
    [
      -2.1209702491760254,
      -3.1936450004577637,
      4.196738243103027,
      5.301456928253174,
      12.2263765335083,
      11.413067817687988,
      12.174931526184082,
      13.392651557922363,
      16.105060577392578,
      17.110633850097656,
      22.49412727355957,
      23.16718101501465,
      28.21858787536621,
      29.665376663208008,
      27.584239959716797,
      28.726884841918945,
      26.58260726928711,
      26.14281463623047
    ],
    [
      -3.1159815788269043,
      -4.887001991271973,
      9.729044914245605,
      4.894261360168457,
      26.555177688598633,
      8.650633811950684,
      27.58300018310547,
      3.9105145931243896,
      32.10547637939453,
      8.108973503112793,
      38.888912200927734,
      17.07324981689453,
      35.5272216796875,
      27.584239959716797,
      47.32273864746094,
      43.48198699951172,
      43.75776290893555,
      41.42281723022461
    ],
    [
      -3.4955203533172607,
      -4.547137260437012,
      8.959220886230469,
      5.706769943237305,
      26.19991683959961,
      10.667043685913086,
      28.566810607910156,
      7.627862930297852,
      31.45749855041504,
      10.484609603881836,
      36.881710052490234,
      18.854280471801758,
      32.26234817504883,
      28.726884841918945,
      43.48198699951172,
      43.99422836303711,
      42.235496520996094,
      41.059104919433594
    ],
    [
      -4.055960178375244,
      -5.390699863433838,
      8.757757186889648,
      2.838569402694702,
      24.3922119140625,
      6.4683518409729,
      25.310081481933594,
      0.9540887475013733,
      29.5324764251709,
      4.9937286376953125,
      35.448204040527344,
      14.48621940612793,
      32.049560546875,
      26.58260726928711,
      43.75776290893555,
      42.235496520996094,
      53.492706298828125,
      49.00434112548828
    ],
    [
      -3.840047597885132,
      -5.087852478027344,
      7.945995807647705,
      3.790538787841797,
      23.766647338867188,
      8.176131248474121,
      24.855426788330078,
      3.549783945083618,
      28.49839973449707,
      6.900182723999023,
      34.02546691894531,
      15.484943389892578,
      30.408023834228516,
      26.14281463623047,
      41.42281723022461,
      41.059104919433594,
      49.00434112548828,
      46.3531494140625
    ]
  ],
  "covariance_short": [
    [
      67.35924530029297,
      37.91622543334961,
      10.141805648803711,
      13.647029876708984,
      6.423547744750977,
      9.697224617004395,
      1.863970160484314,
      2.4466819763183594,
      1.1496834754943848,
      6.579002380371094,
      4.280310153961182,
      5.3792195320129395,
      6.232913017272949,
      6.706981182098389,
      3.565957546234131,
      3.238074541091919,
      1.3633519411087036,
      1.7904696464538574
    ],
    [
      37.91622543334961,
      44.147491455078125,
      6.979115962982178,
      10.917488098144531,
      2.1477789878845215,
      6.945716857910156,
      0.8963437676429749,
      3.0779733657836914,
      1.2159981727600098,
      5.288666248321533,
      1.5254179239273071,
      5.670601844787598,
      3.5959672927856445,
      3.8224337100982666,
      0.07648557424545288,
      0.05034356564283371,
      -1.2313624620437622,
      -0.7353640794754028
    ],
    [
      10.141805648803711,
      6.979115962982178,
      24.742591857910156,
      11.856364250183105,
      20.836145401000977,
      10.822676658630371,
      18.411386489868164,
      11.017735481262207,
      15.731623649597168,
      11.522489547729492,
      16.820045471191406,
      10.790437698364258,
      11.431469917297363,
      8.976263046264648,
      16.03871726989746,
      14.495795249938965,
      13.320389747619629,
      11.169355392456055
    ],
    [
      13.647029876708984,
      10.917488098144531,
      11.856364250183105,
      27.977163314819336,
      15.096916198730469,
      19.76089096069336,
      16.800678253173828,
      20.083393096923828,
      14.1731538772583,
      19.81212615966797,
      13.045621871948242,
      15.657219886779785,
      7.518782138824463,
      9.313446044921875,
      8.12366008758545,
      8.91506576538086,
      4.6563825607299805,
      5.647881507873535
    ],
    [
      6.423547744750977,
      2.1477789878845215,
      20.836145401000977,
      15.096916198730469,
      66.76487731933594,
      38.0493278503418,
      60.12632751464844,
      35.69539260864258,
      54.4119987487793,
      33.55633544921875,
      47.604705810546875,
      31.520694732666016,
      22.252687454223633,
      19.52901840209961,
      33.993831634521484,
      32.75395965576172,
      27.40984535217285,
      24.99061393737793
    ],
    [
      9.697224617004395,
      6.945716857910156,
      10.822676658630371,
      19.76089096069336,
      38.0493278503418,
      57.79990005493164,
      32.99922180175781,
      45.319950103759766,
      29.218772888183594,
      43.99327850341797,
      22.52214813232422,
      34.046546936035156,
      8.894828796386719,
      15.386528015136719,
      5.985324382781982,
      9.346553802490234,
      1.8264124393463135,
      4.92697811126709
    ],
    [
      1.863970160484314,
      0.8963437676429749,
      18.411386489868164,
      16.800678253173828,
      60.12632751464844,
      32.99922180175781,
      114.87276458740234,
      58.01426315307617,
      87.55529022216797,
      46.66136169433594,
      70.4388198852539,
      42.657371520996094,
      29.5419979095459,
      25.63263511657715,
      45.75932693481445,
      44.12444305419922,
      38.44496154785156,
      34.13105010986328
    ],
    [
      2.4466819763183594,
      3.0779733657836914,
      11.017735481262207,
      20.083393096923828,
      35.69539260864258,
      45.319950103759766,
      58.01426315307617,
      79.85453033447266,
      45.28279495239258,
      61.90861129760742,
      30.288244247436523,
      45.73085403442383,
      11.7996826171875,
      20.819942474365234,
      6.108426094055176,
      10.366897583007812,
      1.296120285987854,
      4.3270792961120605
    ],
    [
      1.1496834754943848,
      1.2159981727600098,
      15.731623649597168,
      14.1731538772583,
      54.4119987487793,
      29.218772888183594,
      87.55529022216797,
      45.28279495239258,
      106.4270248413086,
      48.621429443359375,
      86.55913543701172,
      50.04999923706055,
      46.53383255004883,
      36.510467529296875,
      56.78427505493164,
      52.609378814697266,
      47.55736541748047,
      41.8769645690918
    ],
    [
      6.579002380371094,
      5.288666248321533,
      11.522489547729492,
      19.81212615966797,
      33.55633544921875,
      43.99327850341797,
      46.66136169433594,
      61.90861129760742,
      48.621429443359375,
      68.14105987548828,
      37.97389221191406,
      51.70134735107422,
      22.620529174804688,
      29.46407699584961,
      14.532228469848633,
      17.314760208129883,
      8.194954872131348,
      10.244977951049805
    ],
    [
      4.280310153961182,
      1.5254179239273071,
      16.820045471191406,
      13.045621871948242,
      47.604705810546875,
      22.52214813232422,
      70.4388198852539,
      30.288244247436523,
      86.55913543701172,
      37.97389221191406,
      99.05410766601562,
      52.61822509765625,
      63.44499206542969,
      48.93391036987305,
      74.0409164428711,
      67.3468246459961,
      62.161075592041016,
      54.60317611694336
    ],
    [
      5.3792195320129395,
      5.670601844787598,
      10.790437698364258,
      15.657219886779785,
      31.520694732666016,
      34.046546936035156,
      42.657371520996094,
      45.73085403442383,
      50.04999923706055,
      51.70134735107422,
      52.61822509765625,
      59.69111251831055,
      39.955345153808594,
      43.54682922363281,
      34.52589797973633,
      35.86052322387695,
      26.53361701965332,
      25.867284774780273
    ],
    [
      6.232913017272949,
      3.5959672927856445,
      11.431469917297363,
      7.518782138824463,
      22.252687454223633,
      8.894828796386719,
      29.5419979095459,
      11.7996826171875,
      46.53383255004883,
      22.620529174804688,
      63.44499206542969,
      39.955345153808594,
      77.30752563476562,
      60.77003479003906,
      76.8851089477539,
      68.8042984008789,
      63.10639190673828,
      55.30348587036133
    ],
    [
      6.706981182098389,
      3.8224337100982666,
      8.976263046264648,
      9.313446044921875,
      19.52901840209961,
      15.386528015136719,
      25.63263511657715,
      20.819942474365234,
      36.510467529296875,
      29.46407699584961,
      48.93391036987305,
      43.54682922363281,
      60.77003479003906,
      63.72716522216797,
      57.399295806884766,
      61.066932678222656,
      51.474884033203125,
      46.688507080078125
    ],
    [
      3.565957546234131,
      0.07648557424545288,
      16.03871726989746,
      8.12366008758545,
      33.993831634521484,
      5.985324382781982,
      45.75932693481445,
      6.108426094055176,
      56.78427505493164,
      14.532228469848633,
      74.0409164428711,
      34.52589797973633,
      76.8851089477539,
      57.399295806884766,
      99.91340637207031,
      88.4004135131836,
      83.87544250488281,
      72.91754913330078
    ],
    [
      3.238074541091919,
      0.05034356564283371,
      14.495795249938965,
      8.91506576538086,
      32.75395965576172,
      9.346553802490234,
      44.12444305419922,
      10.366897583007812,
      52.609378814697266,
      17.314760208129883,
      67.3468246459961,
      35.86052322387695,
      68.8042984008789,
      61.066932678222656,
      88.4004135131836,
      87.76212310791016,
      79.49248504638672,
      70.49278259277344
    ],
    [
      1.3633519411087036,
      -1.2313624620437622,
      13.320389747619629,
      4.6563825607299805,
      27.40984535217285,
      1.8264124393463135,
      38.44496154785156,
      1.296120285987854,
      47.55736541748047,
      8.194954872131348,
      62.161075592041016,
      26.53361701965332,
      63.10639190673828,
      51.474884033203125,
      83.87544250488281,
      79.49248504638672,
      82.62427520751953,
      71.0318603515625
    ],
    [
      1.7904696464538574,
      -0.7353640794754028,
      11.169355392456055,
      5.647881507873535,
      24.99061393737793,
      4.92697811126709,
      34.13105010986328,
      4.3270792961120605,
      41.8769645690918,
      10.244977951049805,
      54.60317611694336,
      25.867284774780273,
      55.30348587036133,
      46.688507080078125,
      72.91754913330078,
      70.49278259277344,
      71.0318603515625,
      63.012508392333984
    ]
  ],
  "drr": 13.858196258544922,
  "dynamics": 4.620173454284668,
  "format": 1245190,
  "frames": 8224768,
  "loudness": -15.37856674194336,
  "loudness_range": 13.744897842407227,
  "loudness_range_short": 16.61193084716797,
  "peak": -0.004635342862457037,
  "rms": -15.985981941223145,
  "sample_rate": 44100,
  "sections": 1,
  "seekable": 1,
  "sharpness": 3.1799659729003906,
  "space": -7.240881443023682
}