{
  "bands": [
    {
      "high_freq": 148.1999969482422,
      "loudness": -39.94917678833008,
      "loudness_range": 17.83770179748535,
      "mid_mean": -37.38882064819336,
      "mid_to_side_loudness": -5.773012161254883,
      "mid_to_side_loudness_range": 7.220149040222168,
      "side_mean": -43.15493392944336
    },
    {
      "high_freq": 392.3793640136719,
      "loudness": -28.65259552001953,
      "loudness_range": 15.648138046264648,
      "low_freq": 148.1999969482422,
      "mid_mean": -26.270416259765625,
      "mid_to_side_loudness": -5.209824562072754,
      "mid_to_side_loudness_range": 8.907166481018066,
      "side_mean": -31.513513565063477
    },
    {
      "high_freq": 794.6976318359375,
      "loudness": -22.747922897338867,
      "loudness_range": 17.940723419189453,
      "low_freq": 392.3793640136719,
      "mid_mean": -20.773534774780273,
      "mid_to_side_loudness": -4.136477947235107,
      "mid_to_side_loudness_range": 10.43952465057373,
      "side_mean": -24.965801239013672
    },
    {
      "high_freq": 1457.5709228515625,
      "loudness": -26.145736694335938,
      "loudness_range": 19.41292953491211,
      "low_freq": 794.6976318359375,
      "mid_mean": -23.92166519165039,
      "mid_to_side_loudness": -4.641452312469482,
      "mid_to_side_loudness_range": 7.131480693817139,
      "side_mean": -28.599624633789062
    },
    {
      "high_freq": 2549.74365234375,
      "loudness": -32.58439636230469,
      "loudness_range": 15.710338592529297,
      "low_freq": 1457.5709228515625,
      "mid_mean": -30.2745304107666,
      "mid_to_side_loudness": -5.11525297164917,
      "mid_to_side_loudness_range": 9.006902694702148,
      "side_mean": -35.34064865112305
    },
    {
      "high_freq": 4349.24462890625,
      "loudness": -40.60769271850586,
      "loudness_range": 18.57697868347168,
      "low_freq": 2549.74365234375,
      "mid_mean": -38.343955993652344,
      "mid_to_side_loudness": -4.883937358856201,
      "mid_to_side_loudness_range": 7.771763801574707,
      "side_mean": -43.177276611328125
    },
    {
      "high_freq": 7314.1640625,
      "loudness": -52.40964889526367,
      "loudness_range": 26.340728759765625,
      "low_freq": 4349.24462890625,
      "mid_mean": -50.729061126708984,
      "mid_to_side_loudness": -5.145751476287842,
      "mid_to_side_loudness_range": 6.93098783493042,
      "side_mean": -55.29735565185547
    },
    {
      "high_freq": 12199.2666015625,
      "loudness": -63.49897003173828,
      "loudness_range": 21.9581298828125,
      "low_freq": 7314.1640625,
      "mid_mean": -60.00014114379883,
      "mid_to_side_loudness": -5.4433064460754395,
      "mid_to_side_loudness_range": 4.462211608886719,
      "side_mean": -63.66764831542969
    },
    {
      "loudness": -66.99272918701172,
      "loudness_range": 3.0619277954101562,
      "low_freq": 12199.2666015625,
      "mid_mean": -63.22422790527344,
      "mid_to_side_loudness": -5.782956600189209,
      "mid_to_side_loudness_range": 1.1608963012695312,
      "side_mean": -66.97582244873047
    }
  ],
  "bands_short": [
    {
      "high_freq": 148.1999969482422,
      "loudness": -45.08937454223633,
      "loudness_range": 22.83954620361328,
      "mid_mean": -42.67584228515625,
      "mid_to_side_loudness": -5.404448509216309,
      "mid_to_side_loudness_range": 9.875831604003906,
      "side_mean": -48.104270935058594
    },
    {
      "high_freq": 392.3793640136719,
      "loudness": -30.732526779174805,
      "loudness_range": 23.610702514648438,
      "low_freq": 148.1999969482422,
      "mid_mean": -28.446855545043945,
      "mid_to_side_loudness": -5.2642998695373535,
      "mid_to_side_loudness_range": 10.52937126159668,
      "side_mean": -33.74601745605469
    },
    {
      "high_freq": 794.6976318359375,
      "loudness": -24.582246780395508,
      "loudness_range": 22.90948486328125,
      "low_freq": 392.3793640136719,
      "mid_mean": -22.692333221435547,
      "mid_to_side_loudness": -4.1049723625183105,
      "mid_to_side_loudness_range": 11.824028015136719,
      "side_mean": -26.8807430267334
    },
    {
      "high_freq": 1457.5709228515625,
      "loudness": -27.765722274780273,
      "loudness_range": 24.810768127441406,
      "low_freq": 794.6976318359375,
      "mid_mean": -25.533376693725586,
      "mid_to_side_loudness": -4.817989826202393,
      "mid_to_side_loudness_range": 9.67626953125,
      "side_mean": -30.378084182739258
    },
    {
      "high_freq": 2549.74365234375,
      "loudness": -34.79698181152344,
      "loudness_range": 21.443317413330078,
      "low_freq": 1457.5709228515625,
      "mid_mean": -32.642093658447266,
      "mid_to_side_loudness": -5.026562690734863,
      "mid_to_side_loudness_range": 10.66108226776123,
      "side_mean": -37.64051055908203
    },
    {
      "high_freq": 4349.24462890625,
      "loudness": -42.82283020019531,
      "loudness_range": 22.79364776611328,
      "low_freq": 2549.74365234375,
      "mid_mean": -40.5780029296875,
      "mid_to_side_loudness": -5.056253910064697,
      "mid_to_side_loudness_range": 9.443144798278809,
      "side_mean": -45.71979522705078
    },
    {
      "high_freq": 7314.1640625,
      "loudness": -56.26557540893555,
      "loudness_range": 30.39765167236328,
      "low_freq": 4349.24462890625,
      "mid_mean": -53.813262939453125,
      "mid_to_side_loudness": -5.074110984802246,
      "mid_to_side_loudness_range": 7.609187602996826,
      "side_mean": -58.05869674682617
    },
    {
      "high_freq": 12199.2666015625,
      "loudness": -66.01475524902344,
      "loudness_range": 20.647491455078125,
      "low_freq": 7314.1640625,
      "mid_mean": -62.10640335083008,
      "mid_to_side_loudness": -5.70228385925293,
      "mid_to_side_loudness_range": 4.77518367767334,
      "side_mean": -65.5379867553711
    },
    {
      "loudness": -67.17290496826172,
      "loudness_range": 2.0427017211914062,
      "low_freq": 12199.2666015625,
      "mid_mean": -63.34674835205078,
      "mid_to_side_loudness": -5.848670482635498,
      "mid_to_side_loudness_range": 1.5428142547607422,
      "side_mean": -67.0815658569336
    }
  ],
  "channels": 2,
  "covariance": [
    [
      36.46622085571289,
      36.985435485839844,
      14.87243938446045,
      16.21721839904785,
      5.08300256729126,
      7.699882984161377,
      0.7113533616065979,
      1.6881637573242188,
      9.094971656799316,
      9.695108413696289,
      6.074716091156006,
      4.66281270980835,
      4.887630939483643,
      4.060949325561523,
      1.3923133611679077,
      0.7038801908493042,
      0.3145848214626312,
      0.19226013123989105
    ],
    [
      36.985435485839844,
      43.45702362060547,
      14.912490844726562,
      19.027000427246094,
      6.735474586486816,
      9.436317443847656,
      0.9582806825637817,
      2.6706016063690186,
      9.263988494873047,
      10.009202003479004,
      6.345266819000244,
      5.142903804779053,
      4.881555080413818,
      4.452373027801514,
      1.4520906209945679,
      0.8711791038513184,
      0.2804775536060333,
      0.16718851029872894
    ],
    [
      14.87243938446045,
      14.912490844726562,
      32.84162902832031,
      29.537145614624023,
      7.297423362731934,
      11.839424133300781,
      2.8628740310668945,
      1.5023294687271118,
      5.5305962562561035,
      10.8059663772583,
      1.7120333909988403,
      0.3116462528705597,
      2.3311827182769775,
      -0.46851515769958496,
      -2.062404155731201,
      -2.28472638130188,
      -0.18345852196216583,
      -0.2538599669933319
    ],
    [
      16.21721839904785,
      19.027000427246094,
      29.537145614624023,
      35.42939758300781,
      8.230140686035156,
      12.748444557189941,
      4.341740131378174,
      3.796410322189331,
      6.240099906921387,
      12.063786506652832,
      2.7267463207244873,
      1.2653577327728271,
      3.054530620574951,
      0.49250179529190063,
      -2.0225038528442383,
      -2.164321184158325,
      -0.17133480310440063,
      -0.2509729266166687
    ],
    [
      5.08300256729126,
      6.735474586486816,
      7.297423362731934,
      8.230140686035156,
      46.78465270996094,
      37.428321838378906,
      21.32050323486328,
      19.895872116088867,
      23.292680740356445,
      20.465173721313477,
      25.272390365600586,
      27.834762573242188,
      37.363677978515625,
      33.09231185913086,
      20.642059326171875,
      17.513444900512695,
      1.5058902502059937,
      1.5203877687454224
    ],
    [
      7.699882984161377,
      9.436317443847656,
      11.839424133300781,
      12.748444557189941,
      37.428321838378906,
      42.755855560302734,
      21.331064224243164,
      20.536611557006836,
      23.309816360473633,
      23.915674209594727,
      22.889362335205078,
      23.661197662353516,
      30.655025482177734,
      25.80470085144043,
      17.805185317993164,
      15.172077178955078,
      1.2554980516433716,
      1.1991839408874512
    ],
    [
      0.7113533616065979,
      0.9582806825637817,
      2.8628740310668945,
      4.341740131378174,
      21.32050323486328,
      21.331064224243164,
      48.76804733276367,
      43.64543533325195,
      24.31317710876465,
      21.78179168701172,
      28.760011672973633,
      31.486204147338867,
      43.42947006225586,
      40.2603759765625,
      31.120277404785156,
      29.26056671142578,
      2.981783628463745,
      2.746500253677368
    ],
    [
      1.6881637573242188,
      2.6706016063690186,
      1.5023294687271118,
      3.796410322189331,
      19.895872116088867,
      20.536611557006836,
      43.64543533325195,
      47.54576110839844,
      24.021509170532227,
      20.751766204833984,
      27.505563735961914,
      30.5714054107666,
      40.8730354309082,
      38.85664749145508,
      30.325098037719727,
      28.657196044921875,
      2.706064224243164,
      2.449472665786743
    ],
    [
      9.094971656799316,
      9.263988494873047,
      5.5305962562561035,
      6.240099906921387,
      23.292680740356445,
      23.309816360473633,
      24.31317710876465,
      24.021509170532227,
      36.26563262939453,
      29.56833839416504,
      26.804250717163086,
      26.535816192626953,
      37.150089263916016,
      33.25884246826172,
      22.58172035217285,
      20.022216796875,
      2.0266857147216797,
      1.8682864904403687
    ],
    [
      9.695108413696289,
      10.009202003479004,
      10.8059663772583,
      12.063786506652832,
      20.465173721313477,
      23.915674209594727,
      21.78179168701172,
      20.751766204833984,
      29.56833839416504,
      33.859092712402344,
      24.371585845947266,
      24.31732749938965,
      32.25239181518555,
      28.284767150878906,
      18.133052825927734,
      15.705084800720215,
      1.8542046546936035,
      1.6820741891860962
    ],
    [
      6.074716091156006,
      6.345266819000244,
      1.7120333909988403,
      2.7267463207244873,
      25.272390365600586,
      22.889362335205078,
      28.760011672973633,
      27.505563735961914,
      26.804250717163086,
      24.371585845947266,
      42.05559158325195,
      41.1900520324707,
      49.26530456542969,
      46.40701675415039,
      30.61276626586914,
      26.424726486206055,
      2.915527582168579,
      2.56850266456604
    ],
    [
      4.66281270980835,
      5.142903804779053,
      0.3116462528705597,
      1.2653577327728271,
      27.834762573242188,
      23.661197662353516,
      31.486204147338867,
      30.5714054107666,
      26.535816192626953,
      24.31732749938965,
      41.1900520324707,
      48.39213180541992,
      53.997840881347656,
      52.45537567138672,
      34.05442428588867,
      29.932668685913086,
      3.1409900188446045,
      2.835355281829834
    ],
    [
      4.887630939483643,
      4.881555080413818,
      2.3311827182769775,
      3.054530620574951,
      37.363677978515625,
      30.655025482177734,
      43.42947006225586,
      40.8730354309082,
      37.150089263916016,
      32.25239181518555,
      49.26530456542969,
      53.997840881347656,
      86.59136199951172,
      79.60131072998047,
      52.3931999206543,
      44.979331970214844,
      5.982571601867676,
      4.564002990722656
    ],
    [
      4.060949325561523,
      4.452373027801514,
      -0.46851515769958496,
      0.49250179529190063,
      33.09231185913086,
      25.80470085144043,
      40.2603759765625,
      38.85664749145508,
      33.25884246826172,
      28.284767150878906,
      46.40701675415039,
      52.45537567138672,
      79.60131072998047,
      78.39278411865234,
      50.726741790771484,
      43.86260986328125,
      5.558100700378418,
      4.357085704803467
    ],
    [
      1.3923133611679077,
      1.4520906209945679,
      -2.062404155731201,
      -2.0225038528442383,
      20.642059326171875,
      17.805185317993164,
      31.120277404785156,
      30.325098037719727,
      22.58172035217285,
      18.133052825927734,
      30.61276626586914,
      34.05442428588867,
      52.3931999206543,
      50.726741790771484,
      44.85842514038086,
      40.33304977416992,
      5.206491947174072,
      4.132557392120361
    ],
    [
      0.7038801908493042,
      0.8711791038513184,
      -2.28472638130188,
      -2.164321184158325,
      17.513444900512695,
      15.172077178955078,
      29.26056671142578,
      28.657196044921875,
      20.022216796875,
      15.705084800720215,
      26.424726486206055,
      29.932668685913086,
      44.979331970214844,
      43.86260986328125,
      40.33304977416992,
      37.798152923583984,
      4.655545234680176,
      3.825315475463867
    ],
    [
      0.3145848214626312,
      0.2804775536060333,
      -0.18345852196216583,
      -0.17133480310440063,
      1.5058902502059937,
      1.2554980516433716,
      2.981783628463745,
      2.706064224243164,
      2.0266857147216797,
      1.8542046546936035,
      2.915527582168579,
      3.1409900188446045,
      5.982571601867676,
      5.558100700378418,
      5.206491947174072,
      4.655545234680176,
      1.277478575706482,
      0.8865619897842407
    ],
    [
      0.19226013123989105,
      0.16718851029872894,
      -0.2538599669933319,
      -0.2509729266166687,
      1.5203877687454224,
      1.1991839408874512,
      2.746500253677368,
      2.449472665786743,
      1.8682864904403687,
      1.6820741891860962,
      2.56850266456604,
      2.835355281829834,
      4.564002990722656,
      4.357085704803467,
      4.132557392120361,
      3.825315475463867,
      0.8865619897842407,
      0.7255279421806335
    ]
  ],
  "covariance_short": [
    [
      64.204345703125,
      57.68183517456055,
      33.466957092285156,
      32.05695724487305,
      12.775240898132324,
      16.362590789794922,
      9.20323371887207,
      10.441301345825195,
      18.3587703704834,
      19.05718994140625,
      14.18832015991211,
      13.844765663146973,
      12.677644729614258,
      11.3955717086792,
      5.526652812957764,
      4.516017436981201,
      0.7467401027679443,
      0.6609228253364563
    ],
    [
      57.68183517456055,
      63.20028305053711,
      32.27510070800781,
      33.2635612487793,
      13.330690383911133,
      17.141653060913086,
      8.299026489257812,
      10.084253311157227,
      17.398042678833008,
      18.120012283325195,
      12.972622871398926,
      12.813230514526367,
      11.404778480529785,
      10.338581085205078,
      5.101630210876465,
      4.2923502922058105,
      0.6264209151268005,
      0.5745726823806763
    ],
    [
      33.466957092285156,
      32.27510070800781,
      69.12427520751953,
      62.62928009033203,
      20.609251022338867,
      26.75991439819336,
      16.533924102783203,
      15.066582679748535,
      22.466562271118164,
      29.569854736328125,
      18.126266479492188,
      17.258554458618164,
      15.1046724319458,
      11.537012100219727,
      4.054768085479736,
      3.3191068172454834,
      0.36992618441581726,
      0.29214930534362793
    ],
    [
      32.05695724487305,
      33.2635612487793,
      62.62928009033203,
      72.27961730957031,
      22.109703063964844,
      28.48296546936035,
      18.723188400268555,
      17.937334060668945,
      24.01871109008789,
      31.2684268951416,
      20.345022201538086,
      19.366392135620117,
      17.555992126464844,
      13.701894760131836,
      4.80429744720459,
      4.017498970031738,
      0.5106975436210632,
      0.41008445620536804
    ],
    [
      12.775240898132324,
      13.330690383911133,
      20.609251022338867,
      22.109703063964844,
      64.3646011352539,
      53.78969192504883,
      30.25474739074707,
      29.380592346191406,
      35.498111724853516,
      31.334060668945312,
      33.777523040771484,
      37.27743148803711,
      44.06410598754883,
      38.74424743652344,
      19.96330451965332,
      17.14275360107422,
      1.3135956525802612,
      1.3759429454803467
    ],
    [
      16.362590789794922,
      17.141653060913086,
      26.75991439819336,
      28.48296546936035,
      53.78969192504883,
      64.8724365234375,
      32.07938766479492,
      31.889238357543945,
      38.210628509521484,
      37.934234619140625,
      34.24361038208008,
      35.891075134277344,
      40.84926223754883,
      34.901268005371094,
      19.621122360229492,
      16.907695770263672,
      1.4375649690628052,
      1.462406873703003
    ],
    [
      9.20323371887207,
      8.299026489257812,
      16.533924102783203,
      18.723188400268555,
      30.25474739074707,
      32.07938766479492,
      66.7718276977539,
      58.25179672241211,
      39.13497543334961,
      38.07804870605469,
      44.00013732910156,
      46.170955657958984,
      54.833892822265625,
      49.06259536743164,
      30.527544021606445,
      26.992408752441406,
      3.3366212844848633,
      3.1610326766967773
    ],
    [
      10.441301345825195,
      10.084253311157227,
      15.066582679748535,
      17.937334060668945,
      29.380592346191406,
      31.889238357543945,
      58.25179672241211,
      64.45490264892578,
      38.72294616699219,
      37.5738639831543,
      42.94762420654297,
      44.42249298095703,
      52.440494537353516,
      47.603782653808594,
      30.358495712280273,
      26.936647415161133,
      3.288409471511841,
      3.054971694946289
    ],
    [
      18.3587703704834,
      17.398042678833008,
      22.466562271118164,
      24.01871109008789,
      35.498111724853516,
      38.210628509521484,
      39.13497543334961,
      38.72294616699219,
      58.677059173583984,
      49.36085510253906,
      43.6554069519043,
      44.31617736816406,
      50.91754150390625,
      44.437950134277344,
      26.335235595703125,
      22.734289169311523,
      2.714402437210083,
      2.540112257003784
    ],
    [
      19.05718994140625,
      18.120012283325195,
      29.569854736328125,
      31.2684268951416,
      31.334060668945312,
      37.934234619140625,
      38.07804870605469,
      37.5738639831543,
      49.36085510253906,
      56.867774963378906,
      41.12897872924805,
      42.14512634277344,
      46.06084442138672,
      40.127071380615234,
      22.353958129882812,
      19.265941619873047,
      2.5902726650238037,
      2.4065237045288086
    ],
    [
      14.18832015991211,
      12.972622871398926,
      18.126266479492188,
      20.345022201538086,
      33.777523040771484,
      34.24361038208008,
      44.00013732910156,
      42.94762420654297,
      43.6554069519043,
      41.12897872924805,
      59.03947067260742,
      56.204803466796875,
      59.423805236816406,
      53.97042465209961,
      30.212522506713867,
      25.763160705566406,
      3.35025954246521,
      3.079479217529297
    ],
    [
      13.844765663146973,
      12.813230514526367,
      17.258554458618164,
      19.366392135620117,
      37.27743148803711,
      35.891075134277344,
      46.170955657958984,
      44.42249298095703,
      44.31617736816406,
      42.14512634277344,
      56.204803466796875,
      65.48635864257812,
      64.83600616455078,
      59.473426818847656,
      32.919471740722656,
      28.462364196777344,
      3.5339033603668213,
      3.2671945095062256
    ],
    [
      12.677644729614258,
      11.404778480529785,
      15.1046724319458,
      17.555992126464844,
      44.06410598754883,
      40.84926223754883,
      54.833892822265625,
      52.440494537353516,
      50.91754150390625,
      46.06084442138672,
      59.423805236816406,
      64.83600616455078,
      92.10514068603516,
      80.91183471679688,
      46.381553649902344,
      39.19327163696289,
      5.80573034286499,
      4.701815128326416
    ],
    [
      11.3955717086792,
      10.338581085205078,
      11.537012100219727,
      13.701894760131836,
      38.74424743652344,
      34.901268005371094,
      49.06259536743164,
      47.603782653808594,
      44.437950134277344,
      40.127071380615234,
      53.97042465209961,
      59.473426818847656,
      80.91183471679688,
      76.96353149414062,
      43.51560592651367,
      36.912925720214844,
      5.387919902801514,
      4.465061187744141
    ],
    [
      5.526652812957764,
      5.101630210876465,
      4.054768085479736,
      4.80429744720459,
      19.96330451965332,
      19.621122360229492,
      30.527544021606445,
      30.358495712280273,
      26.335235595703125,
      22.353958129882812,
      30.212522506713867,
      32.919471740722656,
      46.381553649902344,
      43.51560592651367,
      36.10796356201172,
      31.531330108642578,
      4.8182454109191895,
      4.0395073890686035
    ],
    [
      4.516017436981201,
      4.2923502922058105,
      3.3191068172454834,
      4.017498970031738,
      17.14275360107422,
      16.907695770263672,
      26.992408752441406,
      26.936647415161133,
      22.734289169311523,
      19.265941619873047,
      25.763160705566406,
      28.462364196777344,
      39.19327163696289,
      36.912925720214844,
      31.531330108642578,
      29.509166717529297,
      4.299349784851074,
      3.7191996574401855
    ],
    [
      0.7467401027679443,
      0.6264209151268005,
      0.36992618441581726,
      0.5106975436210632,
      1.3135956525802612,
      1.4375649690628052,
      3.3366212844848633,
      3.288409471511841,
      2.714402437210083,
      2.5902726650238037,
      3.35025954246521,
      3.5339033603668213,
      5.80573034286499,
      5.387919902801514,
      4.8182454109191895,
      4.299349784851074,
      1.568605661392212,
      1.1380481719970703
    ],
    [
      0.6609228253364563,
      0.5745726823806763,
      0.29214930534362793,
      0.41008445620536804,
      1.3759429454803467,
      1.462406873703003,
      3.1610326766967773,
      3.054971694946289,
      2.540112257003784,
      2.4065237045288086,
      3.079479217529297,
      3.2671945095062256,
      4.701815128326416,
      4.465061187744141,
      4.0395073890686035,
      3.7191996574401855,
      1.1380481719970703,
      0.9938774704933167
    ]
  ],
  "drr": 9.043570518493652,
  "dynamics": 4.251400947570801,
  "format": 1245190,
  "frames": 8732608,
  "loudness": -14.393178939819336,
  "loudness_range": 11.071462631225586,
  "loudness_range_short": 17.987361907958984,
  "peak": 0.5731250643730164,
  "rms": -16.047916412353516,
  "sample_rate": 44100,
  "sections": 1,
  "seekable": 1,
  "sharpness": 5.425195693969727,
  "space": -4.8026347160339355
}