{
  "bands": [
    {
      "high_freq": 148.1999969482422,
      "loudness": -18.37762451171875,
      "loudness_range": 13.631312370300293,
      "mid_mean": -14.746455192565918,
      "mid_to_side_loudness": -28.948339462280273,
      "mid_to_side_loudness_range": 20.853891372680664,
      "side_mean": -45.35657501220703
    },
    {
      "high_freq": 392.3793640136719,
      "loudness": -21.611806869506836,
      "loudness_range": 10.543222427368164,
      "low_freq": 148.1999969482422,
      "mid_mean": -18.125329971313477,
      "mid_to_side_loudness": -17.52912712097168,
      "mid_to_side_loudness_range": 13.639058113098145,
      "side_mean": -35.71610641479492
    },
    {
      "high_freq": 794.6976318359375,
      "loudness": -27.917200088500977,
      "loudness_range": 11.288894653320312,
      "low_freq": 392.3793640136719,
      "mid_mean": -24.633350372314453,
      "mid_to_side_loudness": -12.286450386047363,
      "mid_to_side_loudness_range": 11.781975746154785,
      "side_mean": -36.633827209472656
    },
    {
      "high_freq": 1457.5709228515625,
      "loudness": -28.842737197875977,
      "loudness_range": 13.75135612487793,
      "low_freq": 794.6976318359375,
      "mid_mean": -25.818758010864258,
      "mid_to_side_loudness": -10.160207748413086,
      "mid_to_side_loudness_range": 13.142597198486328,
      "side_mean": -35.41226577758789
    },
    {
      "high_freq": 2549.74365234375,
      "loudness": -28.194833755493164,
      "loudness_range": 13.740808486938477,
      "low_freq": 1457.5709228515625,
      "mid_mean": -25.314064025878906,
      "mid_to_side_loudness": -9.516358375549316,
      "mid_to_side_loudness_range": 12.579506874084473,
      "side_mean": -33.81351852416992
    },
    {
      "high_freq": 4349.24462890625,
      "loudness": -27.701841354370117,
      "loudness_range": 18.56034278869629,
      "low_freq": 2549.74365234375,
      "mid_mean": -24.844301223754883,
      "mid_to_side_loudness": -8.906777381896973,
      "mid_to_side_loudness_range": 14.200775146484375,
      "side_mean": -33.744354248046875
    },
    {
      "high_freq": 7314.1640625,
      "loudness": -26.294790267944336,
      "loudness_range": 11.833688735961914,
      "low_freq": 4349.24462890625,
      "mid_mean": -23.4739990234375,
      "mid_to_side_loudness": -9.196279525756836,
      "mid_to_side_loudness_range": 12.762127876281738,
      "side_mean": -34.25434494018555
    },
    {
      "high_freq": 12199.2666015625,
      "loudness": -27.277679443359375,
      "loudness_range": 9.681995391845703,
      "low_freq": 7314.1640625,
      "mid_mean": -24.578866958618164,
      "mid_to_side_loudness": -8.197542190551758,
      "mid_to_side_loudness_range": 11.729615211486816,
      "side_mean": -34.81156539916992
    },
    {
      "loudness": -29.082901000976562,
      "loudness_range": 11.5982666015625,
      "low_freq": 12199.2666015625,
      "mid_mean": -26.025115966796875,
      "mid_to_side_loudness": -9.743143081665039,
      "mid_to_side_loudness_range": 8.300861358642578,
      "side_mean": -35.76469421386719
    }
  ],
  "bands_short": [
    {
      "high_freq": 148.1999969482422,
      "loudness": -21.739248275756836,
      "loudness_range": 21.351892471313477,
      "mid_mean": -18.153932571411133,
      "mid_to_side_loudness": -30.40574073791504,
      "mid_to_side_loudness_range": 30.123802185058594,
      "side_mean": -51.857383728027344
    },
    {
      "high_freq": 392.3793640136719,
      "loudness": -21.29423713684082,
      "loudness_range": 16.587867736816406,
      "low_freq": 148.1999969482422,
      "mid_mean": -17.80988311767578,
      "mid_to_side_loudness": -18.74268913269043,
      "mid_to_side_loudness_range": 16.72833251953125,
      "side_mean": -36.86212158203125
    },
    {
      "high_freq": 794.6976318359375,
      "loudness": -28.44175910949707,
      "loudness_range": 14.082427978515625,
      "low_freq": 392.3793640136719,
      "mid_mean": -25.19464111328125,
      "mid_to_side_loudness": -12.589957237243652,
      "mid_to_side_loudness_range": 15.240245819091797,
      "side_mean": -37.71806716918945
    },
    {
      "high_freq": 1457.5709228515625,
      "loudness": -30.054603576660156,
      "loudness_range": 16.689565658569336,
      "low_freq": 794.6976318359375,
      "mid_mean": -27.11760139465332,
      "mid_to_side_loudness": -10.213787078857422,
      "mid_to_side_loudness_range": 15.471661567687988,
      "side_mean": -36.98633575439453
    },
    {
      "high_freq": 2549.74365234375,
      "loudness": -29.676366806030273,
      "loudness_range": 18.35574722290039,
      "low_freq": 1457.5709228515625,
      "mid_mean": -26.860544204711914,
      "mid_to_side_loudness": -9.339766502380371,
      "mid_to_side_loudness_range": 14.549241065979004,
      "side_mean": -35.31605529785156
    },
    {
      "high_freq": 4349.24462890625,
      "loudness": -28.9299259185791,
      "loudness_range": 20.92774200439453,
      "low_freq": 2549.74365234375,
      "mid_mean": -26.362628936767578,
      "mid_to_side_loudness": -8.780569076538086,
      "mid_to_side_loudness_range": 14.334467887878418,
      "side_mean": -34.913368225097656
    },
    {
      "high_freq": 7314.1640625,
      "loudness": -28.968143463134766,
      "loudness_range": 20.438940048217773,
      "low_freq": 4349.24462890625,
      "mid_mean": -26.07017707824707,
      "mid_to_side_loudness": -9.307371139526367,
      "mid_to_side_loudness_range": 13.288178443908691,
      "side_mean": -36.700260162353516
    },
    {
      "high_freq": 12199.2666015625,
      "loudness": -31.73157501220703,
      "loudness_range": 25.268522262573242,
      "low_freq": 7314.1640625,
      "mid_mean": -28.852622985839844,
      "mid_to_side_loudness": -8.705263137817383,
      "mid_to_side_loudness_range": 13.363082885742188,
      "side_mean": -39.973594665527344
    },
    {
      "loudness": -43.15705490112305,
      "loudness_range": 42.28580093383789,
      "low_freq": 12199.2666015625,
      "mid_mean": -39.9607048034668,
      "mid_to_side_loudness": -10.92357063293457,
      "mid_to_side_loudness_range": 13.461353302001953,
      "side_mean": -50.8270263671875
    }
  ],
  "channels": 2,
  "covariance": [
    [
      34.91531753540039,
      14.20767593383789,
      10.657207489013672,
      10.873756408691406,
      10.788100242614746,
      8.797728538513184,
      10.540060997009277,
      4.62095308303833,
      17.141197204589844,
      3.718648672103882,
      19.419858932495117,
      10.474708557128906,
      13.196396827697754,
      17.819202423095703,
      10.981640815734863,
      15.803020477294922,
      5.530780792236328,
      14.644350051879883
    ],
    [
      14.20767593383789,
      36.53248596191406,
      7.554688453674316,
      9.790778160095215,
      6.551548004150391,
      5.724022388458252,
      4.53227424621582,
      3.805497407913208,
      7.02634859085083,
      6.306811809539795,
      6.91099739074707,
      7.822041034698486,
      4.9183220863342285,
      6.6483235359191895,
      6.199471950531006,
      6.703913688659668,
      6.366311550140381,
      6.033615589141846
    ],
    [
      10.657207489013672,
      7.554688453674316,
      18.686904907226562,
      12.710986137390137,
      11.9891939163208,
      10.981331825256348,
      10.417547225952148,
      7.793475151062012,
      14.570255279541016,
      6.172735691070557,
      17.085556030273438,
      10.94424057006836,
      12.957021713256836,
      13.908271789550781,
      9.38422966003418,
      9.671287536621094,
      3.194899797439575,
      5.7505998611450195
    ],
    [
      10.873756408691406,
      9.790778160095215,
      12.710986137390137,
      31.80545997619629,
      16.612136840820312,
      26.7923526763916,
      17.11075782775879,
      24.058507919311523,
      20.999967575073242,
      19.94668960571289,
      18.27358627319336,
      21.695310592651367,
      16.31791114807129,
      20.30013084411621,
      13.405861854553223,
      19.78278350830078,
      4.844948768615723,
      10.50063419342041
    ],
    [
      10.788100242614746,
      6.551548004150391,
      11.9891939163208,
      16.612136840820312,
      20.399009704589844,
      20.24620819091797,
      16.819988250732422,
      13.388810157775879,
      20.873811721801758,
      12.318611145019531,
      21.425125122070312,
      16.20069122314453,
      13.879661560058594,
      16.456085205078125,
      12.457247734069824,
      14.092232704162598,
      5.891906261444092,
      9.83056640625
    ],
    [
      8.797728538513184,
      5.724022388458252,
      10.981331825256348,
      26.7923526763916,
      20.24620819091797,
      37.75684356689453,
      20.915748596191406,
      29.116044998168945,
      24.491064071655273,
      21.5864315032959,
      15.752725601196289,
      22.510469436645508,
      9.883224487304688,
      16.860170364379883,
      11.99638557434082,
      14.756608963012695,
      6.307562828063965,
      8.933538436889648
    ],
    [
      10.540060997009277,
      4.53227424621582,
      10.417547225952148,
      17.11075782775879,
      16.819988250732422,
      20.915748596191406,
      25.793169021606445,
      24.61644744873047,
      24.45123291015625,
      17.259347915649414,
      20.427207946777344,
      18.013870239257812,
      11.775577545166016,
      17.253089904785156,
      9.877837181091309,
      13.865232467651367,
      4.289139270782471,
      7.068299770355225
    ],
    [
      4.62095308303833,
      3.805497407913208,
      7.793475151062012,
      24.058507919311523,
      13.388810157775879,
      29.116044998168945,
      24.61644744873047,
      45.823116302490234,
      20.90601348876953,
      26.50572395324707,
      8.531954765319824,
      20.015291213989258,
      8.067753791809082,
      12.901325225830078,
      6.3330464363098145,
      13.728967666625977,
      2.727935791015625,
      3.5389881134033203
    ],
    [
      17.141197204589844,
      7.02634859085083,
      14.570255279541016,
      20.999967575073242,
      20.873811721801758,
      24.491064071655273,
      24.45123291015625,
      20.90601348876953,
      35.780242919921875,
      19.08596420288086,
      29.629398345947266,
      22.313232421875,
      16.8813533782959,
      23.936992645263672,
      14.070456504821777,
      18.579166412353516,
      5.8340911865234375,
      11.040190696716309
    ],
    [
      3.718648672103882,
      6.306811809539795,
      6.172735691070557,
      19.94668960571289,
      12.318611145019531,
      21.5864315032959,
      17.259347915649414,
      26.50572395324707,
      19.08596420288086,
      29.258813858032227,
      13.66054916381836,
      22.261978149414062,
      10.59018611907959,
      15.878898620605469,
      10.196069717407227,
      15.004130363464355,
      4.754986763000488,
      6.379133701324463
    ],
    [
      19.419858932495117,
      6.91099739074707,
      17.085556030273438,
      18.27358627319336,
      21.425125122070312,
      15.752725601196289,
      20.427207946777344,
      8.531954765319824,
      29.629398345947266,
      13.66054916381836,
      48.31898498535156,
      30.313024520874023,
      30.953784942626953,
      42.809173583984375,
      22.330543518066406,
      30.574222564697266,
      7.215323448181152,
      18.474103927612305
    ],
    [
      10.474708557128906,
      7.822041034698486,
      10.94424057006836,
      21.695310592651367,
      16.20069122314453,
      22.510469436645508,
      18.013870239257812,
      20.015291213989258,
      22.313232421875,
      22.261978149414062,
      30.313024520874023,
      33.38630676269531,
      19.8326416015625,
      33.66402816772461,
      15.970626831054688,
      24.296890258789062,
      5.280839920043945,
      11.372654914855957
    ],
    [
      13.196396827697754,
      4.9183220863342285,
      12.957021713256836,
      16.31791114807129,
      13.879661560058594,
      9.883224487304688,
      11.775577545166016,
      8.067753791809082,
      16.8813533782959,
      10.59018611907959,
      30.953784942626953,
      19.8326416015625,
      45.55618667602539,
      35.18209457397461,
      32.22886276245117,
      40.78351593017578,
      10.485902786254883,
      26.82599639892578
    ],
    [
      17.819202423095703,
      6.6483235359191895,
      13.908271789550781,
      20.30013084411621,
      16.456085205078125,
      16.860170364379883,
      17.253089904785156,
      12.901325225830078,
      23.936992645263672,
      15.878898620605469,
      42.809173583984375,
      33.66402816772461,
      35.18209457397461,
      55.84672927856445,
      26.724105834960938,
      42.802955627441406,
      9.260890007019043,
      21.533308029174805
    ],
    [
      10.981640815734863,
      6.199471950531006,
      9.38422966003418,
      13.405861854553223,
      12.457247734069824,
      11.99638557434082,
      9.877837181091309,
      6.3330464363098145,
      14.070456504821777,
      10.196069717407227,
      22.330543518066406,
      15.970626831054688,
      32.22886276245117,
      26.724105834960938,
      40.75162124633789,
      33.83436965942383,
      18.21742820739746,
      31.068044662475586
    ],
    [
      15.803020477294922,
      6.703913688659668,
      9.671287536621094,
      19.78278350830078,
      14.092232704162598,
      14.756608963012695,
      13.865232467651367,
      13.728967666625977,
      18.579166412353516,
      15.004130363464355,
      30.574222564697266,
      24.296890258789062,
      40.78351593017578,
      42.802955627441406,
      33.83436965942383,
      52.13578796386719,
      15.90240478515625,
      28.698022842407227
    ],
    [
      5.530780792236328,
      6.366311550140381,
      3.194899797439575,
      4.844948768615723,
      5.891906261444092,
      6.307562828063965,
      4.289139270782471,
      2.727935791015625,
      5.8340911865234375,
      4.754986763000488,
      7.215323448181152,
      5.280839920043945,
      10.485902786254883,
      9.260890007019043,
      18.21742820739746,
      15.90240478515625,
      32.17051696777344,
      21.958404541015625
    ],
    [
      14.644350051879883,
      6.033615589141846,
      5.7505998611450195,
      10.50063419342041,
      9.83056640625,
      8.933538436889648,
      7.068299770355225,
      3.5389881134033203,
      11.040190696716309,
      6.379133701324463,
      18.474103927612305,
      11.372654914855957,
      26.82599639892578,
      21.533308029174805,
      31.068044662475586,
      28.698022842407227,
      21.958404541015625,
      41.78060531616211
    ]
  ],
  "covariance_short": [
    [
      64.72391510009766,
      18.98853874206543,
      19.93682098388672,
      15.091015815734863,
      10.548066139221191,
      8.096506118774414,
      10.289381980895996,
      5.632894515991211,
      16.19770622253418,
      5.289611339569092,
      18.672317504882812,
      10.310720443725586,
      16.88077735900879,
      19.109779357910156,
      16.83116912841797,
      22.349340438842773,
      41.151153564453125,
      39.53078079223633
    ],
    [
      18.98853874206543,
      62.893165588378906,
      11.642233848571777,
      11.546590805053711,
      5.848360061645508,
      5.10433292388916,
      3.9492335319519043,
      4.2665815353393555,
      3.1020400524139404,
      9.028532981872559,
      2.1376545429229736,
      7.265808582305908,
      2.1497318744659424,
      1.3520137071609497,
      5.247094631195068,
      0.8164559006690979,
      1.6763601303100586,
      12.011849403381348
    ],
    [
      19.93682098388672,
      11.642233848571777,
      37.5549201965332,
      21.685489654541016,
      16.664630889892578,
      15.011238098144531,
      15.353805541992188,
      13.684651374816895,
      21.004920959472656,
      13.768216133117676,
      24.516185760498047,
      18.153194427490234,
      22.651809692382812,
      23.515533447265625,
      21.793224334716797,
      25.474998474121094,
      39.005611419677734,
      38.727561950683594
    ],
    [
      15.091015815734863,
      11.546590805053711,
      21.685489654541016,
      44.56439208984375,
      17.401288986206055,
      27.64372444152832,
      18.33992576599121,
      26.177091598510742,
      22.07028579711914,
      22.797008514404297,
      22.455774307250977,
      24.257686614990234,
      20.966388702392578,
      24.16159439086914,
      19.789777755737305,
      26.514907836914062,
      33.05088424682617,
      39.4006233215332
    ],
    [
      10.548066139221191,
      5.848360061645508,
      16.664630889892578,
      17.401288986206055,
      31.790088653564453,
      25.17674446105957,
      23.081478118896484,
      17.561939239501953,
      27.309551239013672,
      17.495895385742188,
      29.23053550720215,
      21.81232261657715,
      20.22916030883789,
      21.08062744140625,
      19.67485237121582,
      22.88024139404297,
      28.775394439697266,
      28.956268310546875
    ],
    [
      8.096506118774414,
      5.10433292388916,
      15.011238098144531,
      27.64372444152832,
      25.17674446105957,
      46.772682189941406,
      25.036226272583008,
      34.25809860229492,
      28.575040817260742,
      26.83503532409668,
      25.09282684326172,
      27.57851791381836,
      15.420345306396484,
      22.073612213134766,
      17.9188289642334,
      23.868635177612305,
      31.941951751708984,
      40.2635498046875
    ],
    [
      10.289381980895996,
      3.9492335319519043,
      15.353805541992188,
      18.33992576599121,
      23.081478118896484,
      25.036226272583008,
      38.538448333740234,
      33.510215759277344,
      32.304542541503906,
      25.184017181396484,
      29.444597244262695,
      25.75701141357422,
      18.757871627807617,
      22.844209671020508,
      17.34964942932129,
      24.12727165222168,
      30.237520217895508,
      33.743499755859375
    ],
    [
      5.632894515991211,
      4.2665815353393555,
      13.684651374816895,
      26.177091598510742,
      17.561939239501953,
      34.25809860229492,
      33.510215759277344,
      58.779457092285156,
      28.361494064331055,
      34.31316375732422,
      17.497774124145508,
      26.442941665649414,
      13.940752983093262,
      18.909313201904297,
      13.69228458404541,
      20.81803321838379,
      27.980384826660156,
      39.37199783325195
    ],
    [
      16.19770622253418,
      3.1020400524139404,
      21.004920959472656,
      22.07028579711914,
      27.309551239013672,
      28.575040817260742,
      32.304542541503906,
      28.361494064331055,
      49.42543029785156,
      31.45522117614746,
      42.14988708496094,
      32.27775573730469,
      27.807558059692383,
      32.15031814575195,
      25.92441177368164,
      33.31418991088867,
      45.216392517089844,
      45.4840202331543
    ],
    [
      5.289611339569092,
      9.028532981872559,
      13.768216133117676,
      22.797008514404297,
      17.495895385742188,
      26.83503532409668,
      25.184017181396484,
      34.31316375732422,
      31.45522117614746,
      43.74094772338867,
      24.898962020874023,
      32.499359130859375,
      19.16773796081543,
      25.166746139526367,
      20.199596405029297,
      26.207626342773438,
      23.379262924194336,
      33.42451095581055
    ],
    [
      18.672317504882812,
      2.1376545429229736,
      24.516185760498047,
      22.455774307250977,
      29.23053550720215,
      25.09282684326172,
      29.444597244262695,
      17.497774124145508,
      42.14988708496094,
      24.898962020874023,
      65.28961181640625,
      43.34503936767578,
      44.63669967651367,
      51.04538345336914,
      37.38336944580078,
      51.41036605834961,
      61.48154067993164,
      58.64134979248047
    ],
    [
      10.310720443725586,
      7.265808582305908,
      18.153194427490234,
      24.257686614990234,
      21.81232261657715,
      27.57851791381836,
      25.75701141357422,
      26.442941665649414,
      32.27775573730469,
      32.499359130859375,
      43.34503936767578,
      47.434566497802734,
      31.667827606201172,
      43.69656753540039,
      29.617435455322266,
      42.71249771118164,
      41.23219299316406,
      49.70927810668945
    ],
    [
      16.88077735900879,
      2.1497318744659424,
      22.651809692382812,
      20.966388702392578,
      20.22916030883789,
      15.420345306396484,
      18.757871627807617,
      13.940752983093262,
      27.807558059692383,
      19.16773796081543,
      44.63669967651367,
      31.667827606201172,
      67.62094116210938,
      56.5932731628418,
      61.020442962646484,
      65.84493255615234,
      78.0216293334961,
      74.83604431152344
    ],
    [
      19.109779357910156,
      1.3520137071609497,
      23.515533447265625,
      24.16159439086914,
      21.08062744140625,
      22.073612213134766,
      22.844209671020508,
      18.909313201904297,
      32.15031814575195,
      25.166746139526367,
      51.04538345336914,
      43.69656753540039,
      56.5932731628418,
      73.44593811035156,
      55.24668502807617,
      78.8170166015625,
      83.23179626464844,
      91.38159942626953
    ],
    [
      16.83116912841797,
      5.247094631195068,
      21.793224334716797,
      19.789777755737305,
      19.67485237121582,
      17.9188289642334,
      17.34964942932129,
      13.69228458404541,
      25.92441177368164,
      20.199596405029297,
      37.38336944580078,
      29.617435455322266,
      61.020442962646484,
      55.24668502807617,
      80.48757934570312,
      73.97461700439453,
      92.4120864868164,
      91.23041534423828
    ],
    [
      22.349340438842773,
      0.8164559006690979,
      25.474998474121094,
      26.514907836914062,
      22.88024139404297,
      23.868635177612305,
      24.12727165222168,
      20.81803321838379,
      33.31418991088867,
      26.207626342773438,
      51.41036605834961,
      42.71249771118164,
      65.84493255615234,
      78.8170166015625,
      73.97461700439453,
      103.42446899414062,
      109.29206848144531,
      120.62727355957031
    ],
    [
      41.151153564453125,
      1.6763601303100586,
      39.005611419677734,
      33.05088424682617,
      28.775394439697266,
      31.941951751708984,
      30.237520217895508,
      27.980384826660156,
      45.216392517089844,
      23.379262924194336,
      61.48154067993164,
      41.23219299316406,
      78.0216293334961,
      83.23179626464844,
      92.4120864868164,
      109.29206848144531,
      171.226318359375,
      170.3383026123047
    ],
    [
      39.53078079223633,
      12.011849403381348,
      38.727561950683594,
      39.4006233215332,
      28.956268310546875,
      40.2635498046875,
      33.743499755859375,
      39.37199783325195,
      45.4840202331543,
      33.42451095581055,
      58.64134979248047,
      49.70927810668945,
      74.83604431152344,
      91.38159942626953,
      91.23041534423828,
      120.62727355957031,
      170.3383026123047,
      198.0281524658203
    ]
  ],
  "drr": 18.02126121520996,
  "dynamics": 3.94789457321167,
  "format": 1245190,
  "frames": 12566464,
  "loudness": -10.834507942199707,
  "loudness_range": 10.8114652633667,
  "loudness_range_short": 14.025314331054688,
  "peak": 1.0202851295471191,
  "rms": -12.341652870178223,
  "sample_rate": 44100,
  "sections": 1,
  "seekable": 1,
  "sharpness": 3.7184205055236816,
  "space": -14.56867504119873
}