{
  "bands": [
    {
      "high_freq": 148.1999969482422,
      "loudness": -26.044273376464844,
      "loudness_range": 10.719741821289062,
      "mid_mean": -22.585521697998047,
      "mid_to_side_loudness": -13.650562286376953,
      "mid_to_side_loudness_range": 8.211587905883789,
      "side_mean": -36.375125885009766
    },
    {
      "high_freq": 392.3793640136719,
      "loudness": -22.047813415527344,
      "loudness_range": 7.47425651550293,
      "low_freq": 148.1999969482422,
      "mid_mean": -18.968721389770508,
      "mid_to_side_loudness": -8.816689491271973,
      "mid_to_side_loudness_range": 5.757731914520264,
      "side_mean": -27.818031311035156
    },
    {
      "high_freq": 794.6976318359375,
      "loudness": -26.49433708190918,
      "loudness_range": 15.386560440063477,
      "low_freq": 392.3793640136719,
      "mid_mean": -23.552047729492188,
      "mid_to_side_loudness": -8.209349632263184,
      "mid_to_side_loudness_range": 9.739648818969727,
      "side_mean": -31.758041381835938
    },
    {
      "high_freq": 1457.5709228515625,
      "loudness": -31.59673500061035,
      "loudness_range": 21.1961727142334,
      "low_freq": 794.6976318359375,
      "mid_mean": -28.711090087890625,
      "mid_to_side_loudness": -8.652626991271973,
      "mid_to_side_loudness_range": 14.147688865661621,
      "side_mean": -37.40839767456055
    },
    {
      "high_freq": 2549.74365234375,
      "loudness": -32.68903350830078,
      "loudness_range": 22.716415405273438,
      "low_freq": 1457.5709228515625,
      "mid_mean": -30.08926010131836,
      "mid_to_side_loudness": -7.024647235870361,
      "mid_to_side_loudness_range": 13.643108367919922,
      "side_mean": -37.57832336425781
    },
    {
      "high_freq": 4349.24462890625,
      "loudness": -29.963926315307617,
      "loudness_range": 19.72723960876465,
      "low_freq": 2549.74365234375,
      "mid_mean": -27.79122543334961,
      "mid_to_side_loudness": -4.562317848205566,
      "mid_to_side_loudness_range": 8.1011962890625,
      "side_mean": -32.87395095825195
    },
    {
      "high_freq": 7314.1640625,
      "loudness": -32.17912292480469,
      "loudness_range": 16.979188919067383,
      "low_freq": 4349.24462890625,
      "mid_mean": -30.63507843017578,
      "mid_to_side_loudness": -2.450976610183716,
      "mid_to_side_loudness_range": 4.793227672576904,
      "side_mean": -33.07253646850586
    },
    {
      "high_freq": 12199.2666015625,
      "loudness": -34.256195068359375,
      "loudness_range": 16.190364837646484,
      "low_freq": 7314.1640625,
      "mid_mean": -32.930580139160156,
      "mid_to_side_loudness": -1.9860665798187256,
      "mid_to_side_loudness_range": 5.500417709350586,
      "side_mean": -35.09061050415039
    },
    {
      "loudness": -40.62360763549805,
      "loudness_range": 16.383670806884766,
      "low_freq": 12199.2666015625,
      "mid_mean": -39.7651481628418,
      "mid_to_side_loudness": -0.8093312978744507,
      "mid_to_side_loudness_range": 4.197571277618408,
      "side_mean": -40.56211853027344
    }
  ],
  "bands_short": [
    {
      "high_freq": 148.1999969482422,
      "loudness": -32.31072998046875,
      "loudness_range": 18.547252655029297,
      "mid_mean": -29.013086318969727,
      "mid_to_side_loudness": -13.81139087677002,
      "mid_to_side_loudness_range": 17.713088989257812,
      "side_mean": -42.95448684692383
    },
    {
      "high_freq": 392.3793640136719,
      "loudness": -22.585521697998047,
      "loudness_range": 12.969768524169922,
      "low_freq": 148.1999969482422,
      "mid_mean": -19.486600875854492,
      "mid_to_side_loudness": -10.119958877563477,
      "mid_to_side_loudness_range": 11.964686393737793,
      "side_mean": -29.63808250427246
    },
    {
      "high_freq": 794.6976318359375,
      "loudness": -26.52823829650879,
      "loudness_range": 15.788034439086914,
      "low_freq": 392.3793640136719,
      "mid_mean": -23.698246002197266,
      "mid_to_side_loudness": -8.590468406677246,
      "mid_to_side_loudness_range": 13.178796768188477,
      "side_mean": -32.2358283996582
    },
    {
      "high_freq": 1457.5709228515625,
      "loudness": -32.45688247680664,
      "loudness_range": 25.345932006835938,
      "low_freq": 794.6976318359375,
      "mid_mean": -29.736404418945312,
      "mid_to_side_loudness": -8.784771919250488,
      "mid_to_side_loudness_range": 16.556900024414062,
      "side_mean": -38.5999641418457
    },
    {
      "high_freq": 2549.74365234375,
      "loudness": -33.79645919799805,
      "loudness_range": 25.641414642333984,
      "low_freq": 1457.5709228515625,
      "mid_mean": -31.448867797851562,
      "mid_to_side_loudness": -7.249133110046387,
      "mid_to_side_loudness_range": 15.754300117492676,
      "side_mean": -38.88789749145508
    },
    {
      "high_freq": 4349.24462890625,
      "loudness": -29.94796371459961,
      "loudness_range": 21.162046432495117,
      "low_freq": 2549.74365234375,
      "mid_mean": -28.213504791259766,
      "mid_to_side_loudness": -5.161462306976318,
      "mid_to_side_loudness_range": 10.361761093139648,
      "side_mean": -33.460540771484375
    },
    {
      "high_freq": 7314.1640625,
      "loudness": -32.65913009643555,
      "loudness_range": 21.10409927368164,
      "low_freq": 4349.24462890625,
      "mid_mean": -31.52181625366211,
      "mid_to_side_loudness": -3.444289207458496,
      "mid_to_side_loudness_range": 7.818159103393555,
      "side_mean": -34.142704010009766
    },
    {
      "high_freq": 12199.2666015625,
      "loudness": -35.96967697143555,
      "loudness_range": 21.975685119628906,
      "low_freq": 7314.1640625,
      "mid_mean": -34.919677734375,
      "mid_to_side_loudness": -3.219762086868286,
      "mid_to_side_loudness_range": 7.721959114074707,
      "side_mean": -37.69626235961914
    },
    {
      "loudness": -45.3484992980957,
      "loudness_range": 27.20257568359375,
      "low_freq": 12199.2666015625,
      "mid_mean": -46.42852783203125,
      "mid_to_side_loudness": -2.4199280738830566,
      "mid_to_side_loudness_range": 7.665435314178467,
      "side_mean": -48.863651275634766
    }
  ],
  "channels": 2,
  "covariance": [
    [
      18.432947158813477,
      13.9314546585083,
      9.14074993133545,
      7.194107532501221,
      5.540397644042969,
      5.346681118011475,
      5.378242492675781,
      4.443368911743164,
      5.0555033683776855,
      5.743961334228516,
      5.384953498840332,
      5.43637228012085,
      3.147679328918457,
      3.7415740489959717,
      0.21596848964691162,
      0.37251198291778564,
      -2.6026623249053955,
      -2.5170187950134277
    ],
    [
      13.9314546585083,
      17.96465492248535,
      9.109514236450195,
      8.437725067138672,
      8.655166625976562,
      8.279194831848145,
      9.062469482421875,
      7.957821846008301,
      7.688238143920898,
      9.082822799682617,
      7.184645175933838,
      7.833213806152344,
      5.036522388458252,
      6.212510585784912,
      1.438742756843567,
      2.3584206104278564,
      -0.5267731547355652,
      0.04333740845322609
    ],
    [
      9.14074993133545,
      9.109514236450195,
      11.348984718322754,
      10.268568992614746,
      9.071763038635254,
      8.155290603637695,
      8.316368103027344,
      7.9250569343566895,
      10.16818618774414,
      9.466387748718262,
      9.303662300109863,
      8.760677337646484,
      7.787331581115723,
      8.44511604309082,
      5.432188987731934,
      6.208316326141357,
      3.0764808654785156,
      3.7038333415985107
    ],
    [
      7.194107532501221,
      8.437725067138672,
      10.268568992614746,
      14.024983406066895,
      9.623930931091309,
      9.710390090942383,
      9.389613151550293,
      9.587573051452637,
      11.148788452148438,
      10.707334518432617,
      10.042901992797852,
      10.023110389709473,
      8.551000595092773,
      9.214038848876953,
      6.150572299957275,
      7.355513095855713,
      4.088630676269531,
      4.937605857849121
    ],
    [
      5.540397644042969,
      8.655166625976562,
      9.071763038635254,
      9.623930931091309,
      32.55581283569336,
      24.12754249572754,
      29.358230590820312,
      19.322725296020508,
      24.467281341552734,
      18.787670135498047,
      21.346715927124023,
      17.914142608642578,
      15.05186939239502,
      16.10248374938965,
      11.520281791687012,
      12.539041519165039,
      10.498466491699219,
      10.922382354736328
    ],
    [
      5.346681118011475,
      8.279194831848145,
      8.155290603637695,
      9.710390090942383,
      24.12754249572754,
      28.558732986450195,
      19.480886459350586,
      20.773860931396484,
      18.945560455322266,
      20.668567657470703,
      17.212085723876953,
      19.793405532836914,
      13.945342063903809,
      16.272117614746094,
      9.49951171875,
      11.603164672851562,
      7.387545585632324,
      8.063596725463867
    ],
    [
      5.378242492675781,
      9.062469482421875,
      8.316368103027344,
      9.389613151550293,
      29.358230590820312,
      19.480886459350586,
      58.39573669433594,
      34.64490509033203,
      40.370052337646484,
      31.5115966796875,
      34.82582092285156,
      29.96239471435547,
      24.289648056030273,
      24.539257049560547,
      17.104230880737305,
      17.07186508178711,
      13.450684547424316,
      13.024418830871582
    ],
    [
      4.443368911743164,
      7.957821846008301,
      7.9250569343566895,
      9.587573051452637,
      19.322725296020508,
      20.773860931396484,
      34.64490509033203,
      36.92876434326172,
      29.317806243896484,
      34.10945510864258,
      26.62930679321289,
      30.747886657714844,
      21.132991790771484,
      23.612396240234375,
      13.143401145935059,
      14.492655754089355,
      8.651795387268066,
      8.66315746307373
    ],
    [
      5.0555033683776855,
      7.688238143920898,
      10.16818618774414,
      11.148788452148438,
      24.467281341552734,
      18.945560455322266,
      40.370052337646484,
      29.317806243896484,
      67.73394775390625,
      47.3848876953125,
      50.076107025146484,
      47.05588150024414,
      38.24090576171875,
      39.280433654785156,
      26.02128028869629,
      26.197555541992188,
      11.557860374450684,
      12.885591506958008
    ],
    [
      5.743961334228516,
      9.082822799682617,
      9.466387748718262,
      10.707334518432617,
      18.787670135498047,
      20.668567657470703,
      31.5115966796875,
      34.10945510864258,
      47.3848876953125,
      58.12407684326172,
      41.671878814697266,
      52.8983268737793,
      35.88430404663086,
      41.46173095703125,
      22.209627151489258,
      25.067049026489258,
      8.739219665527344,
      10.596512794494629
    ],
    [
      5.384953498840332,
      7.184645175933838,
      9.303662300109863,
      10.042901992797852,
      21.346715927124023,
      17.212085723876953,
      34.82582092285156,
      26.62930679321289,
      50.076107025146484,
      41.671878814697266,
      54.628334045410156,
      50.51441955566406,
      40.94330978393555,
      43.41443634033203,
      28.838340759277344,
      30.828645706176758,
      14.429442405700684,
      16.99436378479004
    ],
    [
      5.43637228012085,
      7.833213806152344,
      8.760677337646484,
      10.023110389709473,
      17.914142608642578,
      19.793405532836914,
      29.96239471435547,
      30.747886657714844,
      47.05588150024414,
      52.8983268737793,
      50.51441955566406,
      66.90925598144531,
      46.52821350097656,
      53.60151290893555,
      29.41828155517578,
      34.86176681518555,
      13.4037446975708,
      16.96133041381836
    ],
    [
      3.147679328918457,
      5.036522388458252,
      7.787331581115723,
      8.551000595092773,
      15.05186939239502,
      13.945342063903809,
      24.289648056030273,
      21.132991790771484,
      38.24090576171875,
      35.88430404663086,
      40.94330978393555,
      46.52821350097656,
      44.22743606567383,
      44.98714828491211,
      33.06850814819336,
      34.5597038269043,
      20.395809173583984,
      22.32091522216797
    ],
    [
      3.7415740489959717,
      6.212510585784912,
      8.44511604309082,
      9.214038848876953,
      16.10248374938965,
      16.272117614746094,
      24.539257049560547,
      23.612396240234375,
      39.280433654785156,
      41.46173095703125,
      43.41443634033203,
      53.60151290893555,
      44.98714828491211,
      54.62263870239258,
      33.40579605102539,
      39.08779525756836,
      19.45777702331543,
      23.549251556396484
    ],
    [
      0.21596848964691162,
      1.438742756843567,
      5.432188987731934,
      6.150572299957275,
      11.520281791687012,
      9.49951171875,
      17.104230880737305,
      13.143401145935059,
      26.02128028869629,
      22.209627151489258,
      28.838340759277344,
      29.41828155517578,
      33.06850814819336,
      33.40579605102539,
      40.385276794433594,
      36.37713623046875,
      30.90406608581543,
      31.597578048706055
    ],
    [
      0.37251198291778564,
      2.3584206104278564,
      6.208316326141357,
      7.355513095855713,
      12.539041519165039,
      11.603164672851562,
      17.07186508178711,
      14.492655754089355,
      26.197555541992188,
      25.067049026489258,
      30.828645706176758,
      34.86176681518555,
      34.5597038269043,
      39.08779525756836,
      36.37713623046875,
      42.063018798828125,
      30.59484100341797,
      34.54539108276367
    ],
    [
      -2.6026623249053955,
      -0.5267731547355652,
      3.0764808654785156,
      4.088630676269531,
      10.498466491699219,
      7.387545585632324,
      13.450684547424316,
      8.651795387268066,
      11.557860374450684,
      8.739219665527344,
      14.429442405700684,
      13.4037446975708,
      20.395809173583984,
      19.45777702331543,
      30.90406608581543,
      30.59484100341797,
      41.5811882019043,
      40.34052658081055
    ],
    [
      -2.5170187950134277,
      0.04333740845322609,
      3.7038333415985107,
      4.937605857849121,
      10.922382354736328,
      8.063596725463867,
      13.024418830871582,
      8.66315746307373,
      12.885591506958008,
      10.596512794494629,
      16.99436378479004,
      16.96133041381836,
      22.32091522216797,
      23.549251556396484,
      31.597578048706055,
      34.54539108276367,
      40.34052658081055,
      44.90092086791992
    ]
  ],
  "covariance_short": [
    [
      45.27248001098633,
      20.791515350341797,
      17.57876205444336,
      11.545308113098145,
      7.911579608917236,
      8.370518684387207,
      2.924328565597534,
      6.1858811378479,
      4.5706892013549805,
      8.732558250427246,
      7.04487943649292,
      10.470321655273438,
      8.443363189697266,
      10.743019104003906,
      5.789421081542969,
      8.911604881286621,
      2.894941806793213,
      6.1442341804504395
    ],
    [
      20.791515350341797,
      34.10089874267578,
      14.265933990478516,
      17.454998016357422,
      9.134446144104004,
      13.003188133239746,
      7.504992485046387,
      10.597138404846191,
      7.594998836517334,
      10.197798728942871,
      7.566829204559326,
      10.457174301147461,
      9.055431365966797,
      12.427589416503906,
      7.849251747131348,
      11.856132507324219,
      10.145313262939453,
      14.075676918029785
    ],
    [
      17.57876205444336,
      14.265933990478516,
      22.874656677246094,
      17.75066566467285,
      11.786798477172852,
      10.903412818908691,
      11.210469245910645,
      12.056371688842773,
      11.900321006774902,
      12.256442070007324,
      10.369610786437988,
      10.390562057495117,
      10.23160171508789,
      11.079694747924805,
      9.21190071105957,
      11.35195541381836,
      14.420817375183105,
      17.2576961517334
    ],
    [
      11.545308113098145,
      17.454998016357422,
      17.75066566467285,
      31.591848373413086,
      13.795496940612793,
      20.56891632080078,
      13.905908584594727,
      17.05883026123047,
      12.923027038574219,
      13.11645221710205,
      9.748798370361328,
      10.055400848388672,
      9.415843963623047,
      10.456936836242676,
      8.850716590881348,
      10.997649192810059,
      16.951108932495117,
      19.72327995300293
    ],
    [
      7.911579608917236,
      9.134446144104004,
      11.786798477172852,
      13.795496940612793,
      35.232330322265625,
      23.82904052734375,
      29.170684814453125,
      21.198488235473633,
      22.37852668762207,
      14.741500854492188,
      18.226613998413086,
      12.292586326599121,
      12.730533599853516,
      11.211746215820312,
      10.758681297302246,
      10.392904281616211,
      20.447113037109375,
      21.25696563720703
    ],
    [
      8.370518684387207,
      13.003188133239746,
      10.903412818908691,
      20.56891632080078,
      23.82904052734375,
      37.382999420166016,
      20.81117820739746,
      26.379011154174805,
      18.808948516845703,
      19.788305282592773,
      15.064061164855957,
      17.126707077026367,
      12.831574440002441,
      14.319379806518555,
      11.141688346862793,
      13.085857391357422,
      19.362987518310547,
      21.762500762939453
    ],
    [
      2.924328565597534,
      7.504992485046387,
      11.210469245910645,
      13.905908584594727,
      29.170684814453125,
      20.81117820739746,
      79.78438568115234,
      49.81011199951172,
      49.4804573059082,
      36.7244758605957,
      36.89454650878906,
      27.595943450927734,
      23.987369537353516,
      18.980281829833984,
      19.45599365234375,
      14.967863082885742,
      41.87893295288086,
      38.999549865722656
    ],
    [
      6.1858811378479,
      10.597138404846191,
      12.056371688842773,
      17.05883026123047,
      21.198488235473633,
      26.379011154174805,
      49.81011199951172,
      59.399051666259766,
      40.59127426147461,
      45.36046600341797,
      31.476707458496094,
      36.21038055419922,
      25.82660675048828,
      26.61460304260254,
      20.832496643066406,
      21.71457862854004,
      40.62860870361328,
      41.95820617675781
    ],
    [
      4.5706892013549805,
      7.594998836517334,
      11.900321006774902,
      12.923027038574219,
      22.37852668762207,
      18.808948516845703,
      49.4804573059082,
      40.59127426147461,
      86.40168762207031,
      62.07609558105469,
      58.1852912902832,
      52.036224365234375,
      44.9057731628418,
      42.580318450927734,
      34.839263916015625,
      34.27846908569336,
      41.02191162109375,
      42.45478057861328
    ],
    [
      8.732558250427246,
      10.197798728942871,
      12.256442070007324,
      13.11645221710205,
      14.741500854492188,
      19.788305282592773,
      36.7244758605957,
      45.36046600341797,
      62.07609558105469,
      80.00288391113281,
      51.38913345336914,
      66.09113311767578,
      48.90388488769531,
      53.9091682434082,
      37.97634506225586,
      43.12004852294922,
      46.12344741821289,
      52.39829635620117
    ],
    [
      7.04487943649292,
      7.566829204559326,
      10.369610786437988,
      9.748798370361328,
      18.226613998413086,
      15.064061164855957,
      36.89454650878906,
      31.476707458496094,
      58.1852912902832,
      51.38913345336914,
      68.55020141601562,
      60.747623443603516,
      51.80602264404297,
      50.59484100341797,
      40.957454681396484,
      40.569095611572266,
      34.55962371826172,
      37.67351531982422
    ],
    [
      10.470321655273438,
      10.457174301147461,
      10.390562057495117,
      10.055400848388672,
      12.292586326599121,
      17.126707077026367,
      27.595943450927734,
      36.21038055419922,
      52.036224365234375,
      66.09113311767578,
      60.747623443603516,
      87.1474609375,
      61.777565002441406,
      72.7702407836914,
      48.401187896728516,
      58.5120964050293,
      39.965431213378906,
      50.269168853759766
    ],
    [
      8.443363189697266,
      9.055431365966797,
      10.23160171508789,
      9.415843963623047,
      12.730533599853516,
      12.831574440002441,
      23.987369537353516,
      25.82660675048828,
      44.9057731628418,
      48.90388488769531,
      51.80602264404297,
      61.777565002441406,
      64.89204406738281,
      62.99057388305664,
      54.3515739440918,
      57.65553283691406,
      48.62907028198242,
      54.382362365722656
    ],
    [
      10.743019104003906,
      12.427589416503906,
      11.079694747924805,
      10.456936836242676,
      11.211746215820312,
      14.319379806518555,
      18.980281829833984,
      26.61460304260254,
      42.580318450927734,
      53.9091682434082,
      50.59484100341797,
      72.7702407836914,
      62.99057388305664,
      85.90229797363281,
      52.51791000366211,
      70.82351684570312,
      43.948707580566406,
      57.350921630859375
    ],
    [
      5.789421081542969,
      7.849251747131348,
      9.21190071105957,
      8.850716590881348,
      10.758681297302246,
      11.141688346862793,
      19.45599365234375,
      20.832496643066406,
      34.839263916015625,
      37.97634506225586,
      40.957454681396484,
      48.401187896728516,
      54.3515739440918,
      52.51791000366211,
      66.53423309326172,
      62.02855682373047,
      61.651580810546875,
      63.92190170288086
    ],
    [
      8.911604881286621,
      11.856132507324219,
      11.35195541381836,
      10.997649192810059,
      10.392904281616211,
      13.085857391357422,
      14.967863082885742,
      21.71457862854004,
      34.27846908569336,
      43.12004852294922,
      40.569095611572266,
      58.5120964050293,
      57.65553283691406,
      70.82351684570312,
      62.02855682373047,
      81.3387451171875,
      60.797645568847656,
      73.35494232177734
    ],
    [
      2.894941806793213,
      10.145313262939453,
      14.420817375183105,
      16.951108932495117,
      20.447113037109375,
      19.362987518310547,
      41.87893295288086,
      40.62860870361328,
      41.02191162109375,
      46.12344741821289,
      34.55962371826172,
      39.965431213378906,
      48.62907028198242,
      43.948707580566406,
      61.651580810546875,
      60.797645568847656,
      116.25054931640625,
      116.76824188232422
    ],
    [
      6.1442341804504395,
      14.075676918029785,
      17.2576961517334,
      19.72327995300293,
      21.25696563720703,
      21.762500762939453,
      38.999549865722656,
      41.95820617675781,
      42.45478057861328,
      52.39829635620117,
      37.67351531982422,
      50.269168853759766,
      54.382362365722656,
      57.350921630859375,
      63.92190170288086,
      73.35494232177734,
      116.76824188232422,
      130.8361358642578
    ]
  ],
  "drr": 12.816015243530273,
  "dynamics": 2.922347068786621,
  "format": 1245190,
  "frames": 7600128,
  "loudness": -13.96223258972168,
  "loudness_range": 7.436985969543457,
  "loudness_range_short": 10.681306838989258,
  "peak": -1.1217563152313232,
  "rms": -16.249055862426758,
  "sample_rate": 44100,
  "sections": 1,
  "seekable": 1,
  "sharpness": 3.0562291145324707,
  "space": -8.279939651489258
}