{
  "bands": [
    {
      "high_freq": 148.1999969482422,
      "loudness": -46.24762725830078,
      "loudness_range": 30.871898651123047,
      "mid_mean": -43.41033935546875,
      "mid_to_side_loudness": -7.409924030303955,
      "mid_to_side_loudness_range": 10.186145782470703,
      "side_mean": -50.72946548461914
    },
    {
      "high_freq": 392.3793640136719,
      "loudness": -39.573890686035156,
      "loudness_range": 28.0430908203125,
      "low_freq": 148.1999969482422,
      "mid_mean": -37.42243957519531,
      "mid_to_side_loudness": -4.074687480926514,
      "mid_to_side_loudness_range": 7.797123908996582,
      "side_mean": -41.708740234375
    },
    {
      "high_freq": 794.6976318359375,
      "loudness": -39.4238395690918,
      "loudness_range": 28.99073600769043,
      "low_freq": 392.3793640136719,
      "mid_mean": -37.21546936035156,
      "mid_to_side_loudness": -4.330181121826172,
      "mid_to_side_loudness_range": 8.373387336730957,
      "side_mean": -41.685123443603516
    },
    {
      "high_freq": 1457.5709228515625,
      "loudness": -43.27839279174805,
      "loudness_range": 31.495908737182617,
      "low_freq": 794.6976318359375,
      "mid_mean": -42.07074737548828,
      "mid_to_side_loudness": -2.0246005058288574,
      "mid_to_side_loudness_range": 7.635622978210449,
      "side_mean": -44.14921951293945
    },
    {
      "high_freq": 2549.74365234375,
      "loudness": -51.00838851928711,
      "loudness_range": 34.009220123291016,
      "low_freq": 1457.5709228515625,
      "mid_mean": -50.29536056518555,
      "mid_to_side_loudness": -1.503133773803711,
      "mid_to_side_loudness_range": 7.620327949523926,
      "side_mean": -51.606300354003906
    },
    {
      "high_freq": 4349.24462890625,
      "loudness": -60.81744384765625,
      "loudness_range": 28.461292266845703,
      "low_freq": 2549.74365234375,
      "mid_mean": -58.05348205566406,
      "mid_to_side_loudness": -2.5370826721191406,
      "mid_to_side_loudness_range": 4.32869291305542,
      "side_mean": -59.99888229370117
    },
    {
      "high_freq": 7314.1640625,
      "loudness": -64.01078796386719,
      "loudness_range": 17.275360107421875,
      "low_freq": 4349.24462890625,
      "mid_mean": -61.17605972290039,
      "mid_to_side_loudness": -2.713348388671875,
      "mid_to_side_loudness_range": 1.546372890472412,
      "side_mean": -63.26031494140625
    },
    {
      "high_freq": 12199.2666015625,
      "loudness": -64.48469543457031,
      "loudness_range": 8.23421859741211,
      "low_freq": 7314.1640625,
      "mid_mean": -61.928077697753906,
      "mid_to_side_loudness": -2.3829474449157715,
      "mid_to_side_loudness_range": 0.5598559379577637,
      "side_mean": -63.79718780517578
    },
    {
      "loudness": -63.68640899658203,
      "loudness_range": 3.3561363220214844,
      "low_freq": 12199.2666015625,
      "mid_mean": -61.412193298339844,
      "mid_to_side_loudness": -2.0758090019226074,
      "mid_to_side_loudness_range": 0.3868523836135864,
      "side_mean": -63.12712860107422
    }
  ],
  "bands_short": [
    {
      "high_freq": 148.1999969482422,
      "loudness": -49.96010971069336,
      "loudness_range": 30.211166381835938,
      "mid_mean": -46.96112060546875,
      "mid_to_side_loudness": -9.439801216125488,
      "mid_to_side_loudness_range": 12.959261894226074,
      "side_mean": -55.93817901611328
    },
    {
      "high_freq": 392.3793640136719,
      "loudness": -39.968955993652344,
      "loudness_range": 29.771989822387695,
      "low_freq": 148.1999969482422,
      "mid_mean": -37.850093841552734,
      "mid_to_side_loudness": -4.340439319610596,
      "mid_to_side_loudness_range": 10.251472473144531,
      "side_mean": -42.431793212890625
    },
    {
      "high_freq": 794.6976318359375,
      "loudness": -39.060943603515625,
      "loudness_range": 28.39315414428711,
      "low_freq": 392.3793640136719,
      "mid_mean": -36.83338928222656,
      "mid_to_side_loudness": -4.428862571716309,
      "mid_to_side_loudness_range": 8.50078296661377,
      "side_mean": -41.404693603515625
    },
    {
      "high_freq": 1457.5709228515625,
      "loudness": -43.947879791259766,
      "loudness_range": 32.025634765625,
      "low_freq": 794.6976318359375,
      "mid_mean": -42.92207717895508,
      "mid_to_side_loudness": -1.9853445291519165,
      "mid_to_side_loudness_range": 8.8953218460083,
      "side_mean": -44.89282989501953
    },
    {
      "high_freq": 2549.74365234375,
      "loudness": -52.187530517578125,
      "loudness_range": 34.900238037109375,
      "low_freq": 1457.5709228515625,
      "mid_mean": -51.23591232299805,
      "mid_to_side_loudness": -1.4684118032455444,
      "mid_to_side_loudness_range": 8.99307918548584,
      "side_mean": -52.48798370361328
    },
    {
      "high_freq": 4349.24462890625,
      "loudness": -61.35090255737305,
      "loudness_range": 28.461578369140625,
      "low_freq": 2549.74365234375,
      "mid_mean": -58.58427810668945,
      "mid_to_side_loudness": -2.488518238067627,
      "mid_to_side_loudness_range": 5.651400566101074,
      "side_mean": -60.45743179321289
    },
    {
      "high_freq": 7314.1640625,
      "loudness": -64.28668212890625,
      "loudness_range": 17.011211395263672,
      "low_freq": 4349.24462890625,
      "mid_mean": -61.45269012451172,
      "mid_to_side_loudness": -2.647796392440796,
      "mid_to_side_loudness_range": 2.4631166458129883,
      "side_mean": -63.4591064453125
    },
    {
      "high_freq": 12199.2666015625,
      "loudness": -64.54817962646484,
      "loudness_range": 8.340309143066406,
      "low_freq": 7314.1640625,
      "mid_mean": -61.98902130126953,
      "mid_to_side_loudness": -2.3770911693573,
      "mid_to_side_loudness_range": 1.4923394918441772,
      "side_mean": -63.84730911254883
    },
    {
      "loudness": -63.685577392578125,
      "loudness_range": 3.334991455078125,
      "low_freq": 12199.2666015625,
      "mid_mean": -61.41704177856445,
      "mid_to_side_loudness": -2.075629472732544,
      "mid_to_side_loudness_range": 1.1424318552017212,
      "side_mean": -63.13118362426758
    }
  ],
  "channels": 2,
  "covariance": [
    [
      104.76007843017578,
      83.66263580322266,
      65.98148345947266,
      67.89973449707031,
      60.87694549560547,
      58.49801254272461,
      65.55909729003906,
      68.12116241455078,
      70.27230072021484,
      71.26203155517578,
      52.721988677978516,
      50.114505767822266,
      26.968141555786133,
      23.436195373535156,
      9.221888542175293,
      8.583029747009277,
      3.8693418502807617,
      3.7476577758789062
    ],
    [
      83.66263580322266,
      75.89186096191406,
      56.32389450073242,
      59.1628532409668,
      54.10988235473633,
      52.58713150024414,
      61.07073974609375,
      62.57556915283203,
      65.23534393310547,
      66.03341674804688,
      49.048160552978516,
      46.40868377685547,
      24.46866226196289,
      21.21029281616211,
      8.662890434265137,
      8.071600914001465,
      3.876408815383911,
      3.713146686553955
    ],
    [
      65.98148345947266,
      56.32389450073242,
      91.72209167480469,
      85.17390441894531,
      72.2136001586914,
      70.86936950683594,
      70.0645523071289,
      71.5465087890625,
      70.92597961425781,
      68.7760238647461,
      53.80775451660156,
      51.58759689331055,
      25.218751907348633,
      21.96392250061035,
      7.440515041351318,
      6.820571422576904,
      3.0581438541412354,
      2.973583936691284
    ],
    [
      67.89973449707031,
      59.1628532409668,
      85.17390441894531,
      88.99162292480469,
      72.04485321044922,
      71.44205474853516,
      71.79457092285156,
      73.91156005859375,
      75.14970397949219,
      73.34429168701172,
      55.72959518432617,
      53.491939544677734,
      26.052146911621094,
      22.589231491088867,
      7.656017780303955,
      7.015605926513672,
      3.1668882369995117,
      3.0617964267730713
    ],
    [
      60.87694549560547,
      54.10988235473633,
      72.2136001586914,
      72.04485321044922,
      94.29930114746094,
      86.51641845703125,
      83.69390869140625,
      84.52256774902344,
      75.89701080322266,
      75.8001480102539,
      61.44864273071289,
      59.048004150390625,
      29.617565155029297,
      25.779949188232422,
      9.10861873626709,
      8.29483699798584,
      3.6478636264801025,
      3.495809316635132
    ],
    [
      58.49801254272461,
      52.58713150024414,
      70.86936950683594,
      71.44205474853516,
      86.51641845703125,
      92.21118927001953,
      81.71336364746094,
      81.59286499023438,
      76.45245361328125,
      75.30171966552734,
      60.82168960571289,
      58.491573333740234,
      29.402801513671875,
      25.64165687561035,
      9.219642639160156,
      8.383743286132812,
      3.7189555168151855,
      3.5512502193450928
    ],
    [
      65.55909729003906,
      61.07073974609375,
      70.0645523071289,
      71.79457092285156,
      83.69390869140625,
      81.71336364746094,
      117.7148208618164,
      112.77363586425781,
      100.72870635986328,
      101.05624389648438,
      77.80072021484375,
      72.99312591552734,
      38.46898651123047,
      32.97163009643555,
      12.096559524536133,
      10.99876880645752,
      4.557043075561523,
      4.35546875
    ],
    [
      68.12116241455078,
      62.57556915283203,
      71.5465087890625,
      73.91156005859375,
      84.52256774902344,
      81.59286499023438,
      112.77363586425781,
      118.88134765625,
      102.92430877685547,
      102.93141174316406,
      79.19187927246094,
      74.60914611816406,
      38.9311637878418,
      33.365386962890625,
      12.302924156188965,
      11.211508750915527,
      4.664721965789795,
      4.472044467926025
    ],
    [
      70.27230072021484,
      65.23534393310547,
      70.92597961425781,
      75.14970397949219,
      75.89701080322266,
      76.45245361328125,
      100.72870635986328,
      102.92430877685547,
      135.54347229003906,
      133.69082641601562,
      91.4234619140625,
      86.44066619873047,
      46.684593200683594,
      39.70810317993164,
      14.787857055664062,
      13.515247344970703,
      5.132431983947754,
      4.8617963790893555
    ],
    [
      71.26203155517578,
      66.03341674804688,
      68.7760238647461,
      73.34429168701172,
      75.8001480102539,
      75.30171966552734,
      101.05624389648438,
      102.93141174316406,
      133.69082641601562,
      138.22193908691406,
      91.36920166015625,
      86.39181518554688,
      46.27476119995117,
      39.435306549072266,
      14.436012268066406,
      13.229857444763184,
      5.008960723876953,
      4.761185646057129
    ],
    [
      52.721988677978516,
      49.048160552978516,
      53.80775451660156,
      55.72959518432617,
      61.44864273071289,
      60.82168960571289,
      77.80072021484375,
      79.19187927246094,
      91.4234619140625,
      91.36920166015625,
      84.79278564453125,
      79.76005554199219,
      44.389652252197266,
      38.20940399169922,
      14.634263038635254,
      13.319687843322754,
      5.075617790222168,
      4.749995708465576
    ],
    [
      50.114505767822266,
      46.40868377685547,
      51.58759689331055,
      53.491939544677734,
      59.048004150390625,
      58.491573333740234,
      72.99312591552734,
      74.60914611816406,
      86.44066619873047,
      86.39181518554688,
      79.76005554199219,
      76.84385681152344,
      42.37010192871094,
      36.581138610839844,
      14.016554832458496,
      12.757390975952148,
      4.866462230682373,
      4.553460121154785
    ],
    [
      26.968141555786133,
      24.46866226196289,
      25.218751907348633,
      26.052146911621094,
      29.617565155029297,
      29.402801513671875,
      38.46898651123047,
      38.9311637878418,
      46.684593200683594,
      46.27476119995117,
      44.389652252197266,
      42.37010192871094,
      30.1839656829834,
      26.554664611816406,
      11.66555118560791,
      10.648784637451172,
      3.953977584838867,
      3.6482181549072266
    ],
    [
      23.436195373535156,
      21.21029281616211,
      21.96392250061035,
      22.589231491088867,
      25.779949188232422,
      25.64165687561035,
      32.97163009643555,
      33.365386962890625,
      39.70810317993164,
      39.435306549072266,
      38.20940399169922,
      36.581138610839844,
      26.554664611816406,
      23.831897735595703,
      10.766966819763184,
      9.858346939086914,
      3.682443618774414,
      3.3950788974761963
    ],
    [
      9.221888542175293,
      8.662890434265137,
      7.440515041351318,
      7.656017780303955,
      9.10861873626709,
      9.219642639160156,
      12.096559524536133,
      12.302924156188965,
      14.787857055664062,
      14.436012268066406,
      14.634263038635254,
      14.016554832458496,
      11.66555118560791,
      10.766966819763184,
      6.613649845123291,
      6.1226983070373535,
      2.4614930152893066,
      2.2400972843170166
    ],
    [
      8.583029747009277,
      8.071600914001465,
      6.820571422576904,
      7.015605926513672,
      8.29483699798584,
      8.383743286132812,
      10.99876880645752,
      11.211508750915527,
      13.515247344970703,
      13.229857444763184,
      13.319687843322754,
      12.757390975952148,
      10.648784637451172,
      9.858346939086914,
      6.1226983070373535,
      5.707576274871826,
      2.3105552196502686,
      2.1093201637268066
    ],
    [
      3.8693418502807617,
      3.876408815383911,
      3.0581438541412354,
      3.1668882369995117,
      3.6478636264801025,
      3.7189555168151855,
      4.557043075561523,
      4.664721965789795,
      5.132431983947754,
      5.008960723876953,
      5.075617790222168,
      4.866462230682373,
      3.953977584838867,
      3.682443618774414,
      2.4614930152893066,
      2.3105552196502686,
      1.1148920059204102,
      1.0171610116958618
    ],
    [
      3.7476577758789062,
      3.713146686553955,
      2.973583936691284,
      3.0617964267730713,
      3.495809316635132,
      3.5512502193450928,
      4.35546875,
      4.472044467926025,
      4.8617963790893555,
      4.761185646057129,
      4.749995708465576,
      4.553460121154785,
      3.6482181549072266,
      3.3950788974761963,
      2.2400972843170166,
      2.1093201637268066,
      1.0171610116958618,
      0.9432680606842041
    ]
  ],
  "covariance_short": [
    [
      100.53740692138672,
      73.51566314697266,
      71.83036041259766,
      67.68374633789062,
      54.13704299926758,
      53.2311897277832,
      58.99661636352539,
      61.094058990478516,
      61.06052017211914,
      62.4936637878418,
      45.552391052246094,
      43.64373779296875,
      22.643661499023438,
      19.960416793823242,
      7.802929878234863,
      7.240975856781006,
      3.292658805847168,
      3.1489408016204834
    ],
    [
      73.51566314697266,
      66.3858871459961,
      59.36154556274414,
      56.870052337646484,
      47.62805938720703,
      47.386016845703125,
      51.90774917602539,
      53.05886459350586,
      52.596439361572266,
      53.55973815917969,
      40.22817611694336,
      38.82097244262695,
      19.6823673248291,
      17.379249572753906,
      6.768599510192871,
      6.269193649291992,
      2.970036506652832,
      2.836078643798828
    ],
    [
      71.83036041259766,
      59.36154556274414,
      103.1191177368164,
      88.8888168334961,
      73.40550231933594,
      72.2965316772461,
      77.321533203125,
      79.10643768310547,
      76.55902862548828,
      75.97286987304688,
      57.729461669921875,
      54.991546630859375,
      26.481319427490234,
      23.338054656982422,
      8.548832893371582,
      7.9035468101501465,
      3.5464351177215576,
      3.435861587524414
    ],
    [
      67.68374633789062,
      56.870052337646484,
      88.8888168334961,
      91.53366088867188,
      71.28111267089844,
      71.35273742675781,
      76.89599609375,
      78.4249038696289,
      77.78899383544922,
      77.09396362304688,
      56.807430267333984,
      54.21632766723633,
      25.74300765991211,
      22.57038116455078,
      8.254592895507812,
      7.615310192108154,
      3.4610586166381836,
      3.3380255699157715
    ],
    [
      54.13704299926758,
      47.62805938720703,
      73.40550231933594,
      71.28111267089844,
      93.15372467041016,
      86.85631561279297,
      83.01885223388672,
      82.95498657226562,
      75.19982147216797,
      73.9673843383789,
      58.32535934448242,
      55.652828216552734,
      26.619598388671875,
      23.44843292236328,
      8.167256355285645,
      7.429421424865723,
      3.2948408126831055,
      3.147890567779541
    ],
    [
      53.2311897277832,
      47.386016845703125,
      72.2965316772461,
      71.35273742675781,
      86.85631561279297,
      94.61559295654297,
      82.41997528076172,
      82.22962951660156,
      77.29125213623047,
      75.32964324951172,
      59.19456481933594,
      56.67289352416992,
      27.319616317749023,
      24.16008949279785,
      8.5580415725708,
      7.791112422943115,
      3.4397785663604736,
      3.2839181423187256
    ],
    [
      58.99661636352539,
      51.90774917602539,
      77.321533203125,
      76.89599609375,
      83.01885223388672,
      82.41997528076172,
      120.58954620361328,
      114.49369812011719,
      101.43797302246094,
      102.14988708496094,
      76.51367950439453,
      71.82959747314453,
      36.60307312011719,
      31.802032470703125,
      11.878981590270996,
      10.791024208068848,
      4.419280052185059,
      4.227646827697754
    ],
    [
      61.094058990478516,
      53.05886459350586,
      79.10643768310547,
      78.4249038696289,
      82.95498657226562,
      82.22962951660156,
      114.49369812011719,
      122.06969451904297,
      103.03919982910156,
      103.70413208007812,
      77.61920928955078,
      73.13219451904297,
      36.81752395629883,
      31.97532844543457,
      11.983146667480469,
      10.934528350830078,
      4.51548433303833,
      4.329349994659424
    ],
    [
      61.06052017211914,
      52.596439361572266,
      76.55902862548828,
      77.78899383544922,
      75.19982147216797,
      77.29125213623047,
      101.43797302246094,
      103.03919982910156,
      131.76968383789062,
      129.19017028808594,
      87.4145278930664,
      82.94258117675781,
      43.68465805053711,
      37.780582427978516,
      14.502311706542969,
      13.286212921142578,
      5.045470714569092,
      4.803963661193848
    ],
    [
      62.4936637878418,
      53.55973815917969,
      75.97286987304688,
      77.09396362304688,
      73.9673843383789,
      75.32964324951172,
      102.14988708496094,
      103.70413208007812,
      129.19017028808594,
      135.2554931640625,
      87.49110412597656,
      82.98651885986328,
      43.66279220581055,
      37.844482421875,
      14.365234375,
      13.206184387207031,
      5.020327568054199,
      4.799333095550537
    ],
    [
      45.552391052246094,
      40.22817611694336,
      57.729461669921875,
      56.807430267333984,
      58.32535934448242,
      59.19456481933594,
      76.51367950439453,
      77.61920928955078,
      87.4145278930664,
      87.49110412597656,
      80.98719024658203,
      75.45452117919922,
      40.97135543823242,
      35.733524322509766,
      14.089882850646973,
      12.84301471710205,
      4.884905815124512,
      4.58546781539917
    ],
    [
      43.64373779296875,
      38.82097244262695,
      54.991546630859375,
      54.21632766723633,
      55.652828216552734,
      56.67289352416992,
      71.82959747314453,
      73.13219451904297,
      82.94258117675781,
      82.98651885986328,
      75.45452117919922,
      73.40065002441406,
      39.0316162109375,
      34.104976654052734,
      13.447772979736328,
      12.267695426940918,
      4.6748528480529785,
      4.3922648429870605
    ],
    [
      22.643661499023438,
      19.6823673248291,
      26.481319427490234,
      25.74300765991211,
      26.619598388671875,
      27.319616317749023,
      36.60307312011719,
      36.81752395629883,
      43.68465805053711,
      43.66279220581055,
      40.97135543823242,
      39.0316162109375,
      28.305252075195312,
      24.977033615112305,
      11.253658294677734,
      10.29388427734375,
      3.863445997238159,
      3.5769739151000977
    ],
    [
      19.960416793823242,
      17.379249572753906,
      23.338054656982422,
      22.57038116455078,
      23.44843292236328,
      24.16008949279785,
      31.802032470703125,
      31.97532844543457,
      37.780582427978516,
      37.844482421875,
      35.733524322509766,
      34.104976654052734,
      24.977033615112305,
      22.766542434692383,
      10.42028522491455,
      9.55942153930664,
      3.6052868366241455,
      3.339876413345337
    ],
    [
      7.802929878234863,
      6.768599510192871,
      8.548832893371582,
      8.254592895507812,
      8.167256355285645,
      8.5580415725708,
      11.878981590270996,
      11.983146667480469,
      14.502311706542969,
      14.365234375,
      14.089882850646973,
      13.447772979736328,
      11.253658294677734,
      10.42028522491455,
      6.587485313415527,
      6.030665397644043,
      2.457669496536255,
      2.2497410774230957
    ],
    [
      7.240975856781006,
      6.269193649291992,
      7.9035468101501465,
      7.615310192108154,
      7.429421424865723,
      7.791112422943115,
      10.791024208068848,
      10.934528350830078,
      13.286212921142578,
      13.206184387207031,
      12.84301471710205,
      12.267695426940918,
      10.29388427734375,
      9.55942153930664,
      6.030665397644043,
      5.68628454208374,
      2.307098627090454,
      2.1178972721099854
    ],
    [
      3.292658805847168,
      2.970036506652832,
      3.5464351177215576,
      3.4610586166381836,
      3.2948408126831055,
      3.4397785663604736,
      4.419280052185059,
      4.51548433303833,
      5.045470714569092,
      5.020327568054199,
      4.884905815124512,
      4.6748528480529785,
      3.863445997238159,
      3.6052868366241455,
      2.457669496536255,
      2.307098627090454,
      1.2225967645645142,
      1.0739079713821411
    ],
    [
      3.1489408016204834,
      2.836078643798828,
      3.435861587524414,
      3.3380255699157715,
      3.147890567779541,
      3.2839181423187256,
      4.227646827697754,
      4.329349994659424,
      4.803963661193848,
      4.799333095550537,
      4.58546781539917,
      4.3922648429870605,
      3.5769739151000977,
      3.339876413345337,
      2.2497410774230957,
      2.1178972721099854,
      1.0739079713821411,
      1.0403804779052734
    ]
  ],
  "drr": 10.268219947814941,
  "dynamics": 7.024206638336182,
  "format": 1245190,
  "frames": 15050752,
  "loudness": -27.79585075378418,
  "loudness_range": 26.529399871826172,
  "loudness_range_short": 27.7288818359375,
  "peak": -1.7194894552230835,
  "rms": -26.058412551879883,
  "sample_rate": 44100,
  "sections": 1,
  "seekable": 1,
  "sharpness": 2.6345367431640625,
  "space": -4.2340087890625
}