{
  "bands": [
    {
      "high_freq": 148.1999969482422,
      "loudness": -24.691017150878906,
      "loudness_range": 12.142181396484375,
      "mid_mean": -21.478483200073242,
      "mid_to_side_loudness": -10.847640991210938,
      "mid_to_side_loudness_range": 11.188004493713379,
      "side_mean": -32.348331451416016
    },
    {
      "high_freq": 392.3793640136719,
      "loudness": -19.18734359741211,
      "loudness_range": 9.418307304382324,
      "low_freq": 148.1999969482422,
      "mid_mean": -15.837654113769531,
      "mid_to_side_loudness": -11.817543029785156,
      "mid_to_side_loudness_range": 7.944224834442139,
      "side_mean": -27.712718963623047
    },
    {
      "high_freq": 794.6976318359375,
      "loudness": -25.839258193969727,
      "loudness_range": 12.402458190917969,
      "low_freq": 392.3793640136719,
      "mid_mean": -22.45418930053711,
      "mid_to_side_loudness": -12.17961311340332,
      "mid_to_side_loudness_range": 8.024835586547852,
      "side_mean": -34.61688232421875
    },
    {
      "high_freq": 1457.5709228515625,
      "loudness": -33.44131088256836,
      "loudness_range": 11.663848876953125,
      "low_freq": 794.6976318359375,
      "mid_mean": -30.086259841918945,
      "mid_to_side_loudness": -11.603620529174805,
      "mid_to_side_loudness_range": 8.1031494140625,
      "side_mean": -41.80205154418945
    },
    {
      "high_freq": 2549.74365234375,
      "loudness": -32.97657775878906,
      "loudness_range": 12.488004684448242,
      "low_freq": 1457.5709228515625,
      "mid_mean": -29.55371856689453,
      "mid_to_side_loudness": -12.70612621307373,
      "mid_to_side_loudness_range": 8.14299201965332,
      "side_mean": -42.3213996887207
    },
    {
      "high_freq": 4349.24462890625,
      "loudness": -33.17460632324219,
      "loudness_range": 13.866926193237305,
      "low_freq": 2549.74365234375,
      "mid_mean": -29.70659637451172,
      "mid_to_side_loudness": -14.537163734436035,
      "mid_to_side_loudness_range": 10.886214256286621,
      "side_mean": -44.5207633972168
    },
    {
      "high_freq": 7314.1640625,
      "loudness": -36.47869873046875,
      "loudness_range": 16.853391647338867,
      "low_freq": 4349.24462890625,
      "mid_mean": -32.91826629638672,
      "mid_to_side_loudness": -17.118289947509766,
      "mid_to_side_loudness_range": 13.001596450805664,
      "side_mean": -51.221649169921875
    },
    {
      "high_freq": 12199.2666015625,
      "loudness": -37.96345138549805,
      "loudness_range": 18.248069763183594,
      "low_freq": 7314.1640625,
      "mid_mean": -34.374977111816406,
      "mid_to_side_loudness": -21.82418441772461,
      "mid_to_side_loudness_range": 18.423049926757812,
      "side_mean": -57.1658935546875
    },
    {
      "loudness": -44.118045806884766,
      "loudness_range": 19.886001586914062,
      "low_freq": 12199.2666015625,
      "mid_mean": -40.53004837036133,
      "mid_to_side_loudness": -24.568418502807617,
      "mid_to_side_loudness_range": 29.566438674926758,
      "side_mean": -64.53909301757812
    }
  ],
  "bands_short": [
    {
      "high_freq": 148.1999969482422,
      "loudness": -27.002519607543945,
      "loudness_range": 16.974088668823242,
      "mid_mean": -24.04598045349121,
      "mid_to_side_loudness": -11.273045539855957,
      "mid_to_side_loudness_range": 19.826784133911133,
      "side_mean": -35.44577407836914
    },
    {
      "high_freq": 392.3793640136719,
      "loudness": -19.6763916015625,
      "loudness_range": 11.92434310913086,
      "low_freq": 148.1999969482422,
      "mid_mean": -16.45494842529297,
      "mid_to_side_loudness": -11.350172996520996,
      "mid_to_side_loudness_range": 12.390783309936523,
      "side_mean": -27.869991302490234
    },
    {
      "high_freq": 794.6976318359375,
      "loudness": -26.270463943481445,
      "loudness_range": 15.227415084838867,
      "low_freq": 392.3793640136719,
      "mid_mean": -23.056468963623047,
      "mid_to_side_loudness": -11.77755069732666,
      "mid_to_side_loudness_range": 14.085702896118164,
      "side_mean": -34.806217193603516
    },
    {
      "high_freq": 1457.5709228515625,
      "loudness": -33.56730651855469,
      "loudness_range": 14.901876449584961,
      "low_freq": 794.6976318359375,
      "mid_mean": -30.369230270385742,
      "mid_to_side_loudness": -11.343466758728027,
      "mid_to_side_loudness_range": 14.545219421386719,
      "side_mean": -41.86163330078125
    },
    {
      "high_freq": 2549.74365234375,
      "loudness": -34.30546951293945,
      "loudness_range": 16.946796417236328,
      "low_freq": 1457.5709228515625,
      "mid_mean": -31.083484649658203,
      "mid_to_side_loudness": -11.463231086730957,
      "mid_to_side_loudness_range": 14.554109573364258,
      "side_mean": -42.85762405395508
    },
    {
      "high_freq": 4349.24462890625,
      "loudness": -35.290199279785156,
      "loudness_range": 19.9417667388916,
      "low_freq": 2549.74365234375,
      "mid_mean": -32.06856918334961,
      "mid_to_side_loudness": -12.357735633850098,
      "mid_to_side_loudness_range": 17.694185256958008,
      "side_mean": -45.125545501708984
    },
    {
      "high_freq": 7314.1640625,
      "loudness": -39.83943176269531,
      "loudness_range": 24.646160125732422,
      "low_freq": 4349.24462890625,
      "mid_mean": -36.5905647277832,
      "mid_to_side_loudness": -13.51175308227539,
      "mid_to_side_loudness_range": 20.55274200439453,
      "side_mean": -52.132530212402344
    },
    {
      "high_freq": 12199.2666015625,
      "loudness": -43.2348518371582,
      "loudness_range": 29.080251693725586,
      "low_freq": 7314.1640625,
      "mid_mean": -40.09629821777344,
      "mid_to_side_loudness": -15.672834396362305,
      "mid_to_side_loudness_range": 25.367572784423828,
      "side_mean": -58.342811584472656
    },
    {
      "loudness": -52.25270080566406,
      "loudness_range": 34.11888122558594,
      "low_freq": 12199.2666015625,
      "mid_mean": -49.32440185546875,
      "mid_to_side_loudness": -14.919462203979492,
      "mid_to_side_loudness_range": 28.272825241088867,
      "side_mean": -65.21368408203125
    }
  ],
  "channels": 2,
  "covariance": [
    [
      22.241844177246094,
      14.74488353729248,
      9.90271282196045,
      7.511423587799072,
      6.1455559730529785,
      4.308043479919434,
      7.786642551422119,
      6.620373725891113,
      10.489324569702148,
      8.462515830993652,
      10.158520698547363,
      7.905984401702881,
      10.842939376831055,
      9.690089225769043,
      11.143351554870605,
      8.641427040100098,
      10.779071807861328,
      3.317610025405884
    ],
    [
      14.74488353729248,
      21.750288009643555,
      6.520493984222412,
      6.672515392303467,
      6.2323455810546875,
      5.374672889709473,
      6.945799827575684,
      6.837371826171875,
      8.96152400970459,
      8.458727836608887,
      7.358105182647705,
      7.042911052703857,
      7.885291576385498,
      8.7227144241333,
      7.487392425537109,
      8.029539108276367,
      7.3259782791137695,
      3.3890762329101562
    ],
    [
      9.90271282196045,
      6.520493984222412,
      15.563384056091309,
      11.081957817077637,
      7.328927040100098,
      4.793819427490234,
      8.855581283569336,
      6.739343643188477,
      9.752510070800781,
      7.448444366455078,
      9.18925666809082,
      6.661706447601318,
      8.433228492736816,
      7.434754848480225,
      8.1429443359375,
      6.0093817710876465,
      6.393493175506592,
      1.0326058864593506
    ],
    [
      7.511423587799072,
      6.672515392303467,
      11.081957817077637,
      15.198396682739258,
      5.2168097496032715,
      4.682356357574463,
      6.882112979888916,
      6.198601245880127,
      7.52264928817749,
      7.532718181610107,
      6.1495466232299805,
      6.474204063415527,
      5.820739269256592,
      8.390100479125977,
      4.962430953979492,
      7.514150619506836,
      3.4984099864959717,
      2.5618419647216797
    ],
    [
      6.1455559730529785,
      6.2323455810546875,
      7.328927040100098,
      5.2168097496032715,
      20.720462799072266,
      14.160276412963867,
      14.343753814697266,
      10.988019943237305,
      13.868969917297363,
      9.795857429504395,
      12.904765129089355,
      8.882250785827637,
      11.236361503601074,
      10.764461517333984,
      9.789129257202148,
      6.984585285186768,
      8.369453430175781,
      1.8238916397094727
    ],
    [
      4.308043479919434,
      5.374672889709473,
      4.793819427490234,
      4.682356357574463,
      14.160276412963867,
      15.15344524383545,
      10.574600219726562,
      10.06729507446289,
      9.651495933532715,
      8.775150299072266,
      7.424088954925537,
      7.228227138519287,
      6.291172981262207,
      9.3087797164917,
      5.224168300628662,
      6.640578269958496,
      4.108485221862793,
      2.3913512229919434
    ],
    [
      7.786642551422119,
      6.945799827575684,
      8.855581283569336,
      6.882112979888916,
      14.343753814697266,
      10.574600219726562,
      20.213077545166016,
      14.68097972869873,
      17.94708251953125,
      13.391182899475098,
      16.752574920654297,
      12.440926551818848,
      16.167388916015625,
      13.279810905456543,
      15.42786693572998,
      10.6177396774292,
      14.194570541381836,
      3.6915502548217773
    ],
    [
      6.620373725891113,
      6.837371826171875,
      6.739343643188477,
      6.198601245880127,
      10.988019943237305,
      10.06729507446289,
      14.68097972869873,
      16.793493270874023,
      12.884781837463379,
      12.449610710144043,
      10.955004692077637,
      10.995820045471191,
      9.923965454101562,
      11.88292121887207,
      8.821358680725098,
      9.927480697631836,
      7.85575008392334,
      4.378590106964111
    ],
    [
      10.489324569702148,
      8.96152400970459,
      9.752510070800781,
      7.52264928817749,
      13.868969917297363,
      9.651495933532715,
      17.94708251953125,
      12.884781837463379,
      24.497854232788086,
      17.47711944580078,
      21.035324096679688,
      15.73784065246582,
      20.470958709716797,
      16.44464683532715,
      19.885324478149414,
      13.671310424804688,
      18.808757781982422,
      5.155247211456299
    ],
    [
      8.462515830993652,
      8.458727836608887,
      7.448444366455078,
      7.532718181610107,
      9.795857429504395,
      8.775150299072266,
      13.391182899475098,
      12.449610710144043,
      17.47711944580078,
      18.264930725097656,
      13.166393280029297,
      14.356189727783203,
      12.470133781433105,
      14.9720458984375,
      11.208805084228516,
      13.057870864868164,
      9.509969711303711,
      5.8806023597717285
    ],
    [
      10.158520698547363,
      7.358105182647705,
      9.18925666809082,
      6.1495466232299805,
      12.904765129089355,
      7.424088954925537,
      16.752574920654297,
      10.955004692077637,
      21.035324096679688,
      13.166393280029297,
      29.24163818359375,
      17.683507919311523,
      27.362993240356445,
      18.063003540039062,
      27.515357971191406,
      15.418780326843262,
      26.880996704101562,
      6.027972221374512
    ],
    [
      7.905984401702881,
      7.042911052703857,
      6.661706447601318,
      6.474204063415527,
      8.882250785827637,
      7.228227138519287,
      12.440926551818848,
      10.995820045471191,
      15.73784065246582,
      14.356189727783203,
      17.683507919311523,
      19.415231704711914,
      15.553990364074707,
      18.377548217773438,
      15.165827751159668,
      16.971574783325195,
      13.964203834533691,
      8.683272361755371
    ],
    [
      10.842939376831055,
      7.885291576385498,
      8.433228492736816,
      5.820739269256592,
      11.236361503601074,
      6.291172981262207,
      16.167388916015625,
      9.923965454101562,
      20.470958709716797,
      12.470133781433105,
      27.362993240356445,
      15.553990364074707,
      36.384193420410156,
      21.200515747070312,
      35.8265495300293,
      18.06642723083496,
      35.738319396972656,
      7.4114298820495605
    ],
    [
      9.690089225769043,
      8.7227144241333,
      7.434754848480225,
      8.390100479125977,
      10.764461517333984,
      9.3087797164917,
      13.279810905456543,
      11.88292121887207,
      16.44464683532715,
      14.9720458984375,
      18.063003540039062,
      18.377548217773438,
      21.200515747070312,
      38.897396087646484,
      19.82375717163086,
      31.156736373901367,
      19.032712936401367,
      15.038655281066895
    ],
    [
      11.143351554870605,
      7.487392425537109,
      8.1429443359375,
      4.962430953979492,
      9.789129257202148,
      5.224168300628662,
      15.42786693572998,
      8.821358680725098,
      19.885324478149414,
      11.208805084228516,
      27.515357971191406,
      15.165827751159668,
      35.8265495300293,
      19.82375717163086,
      44.84347915649414,
      20.57939338684082,
      43.58671188354492,
      8.336400985717773
    ],
    [
      8.641427040100098,
      8.029539108276367,
      6.0093817710876465,
      7.514150619506836,
      6.984585285186768,
      6.640578269958496,
      10.6177396774292,
      9.927480697631836,
      13.671310424804688,
      13.057870864868164,
      15.418780326843262,
      16.971574783325195,
      18.06642723083496,
      31.156736373901367,
      20.57939338684082,
      31.252552032470703,
      18.971378326416016,
      15.861180305480957
    ],
    [
      10.779071807861328,
      7.3259782791137695,
      6.393493175506592,
      3.4984099864959717,
      8.369453430175781,
      4.108485221862793,
      14.194570541381836,
      7.85575008392334,
      18.808757781982422,
      9.509969711303711,
      26.880996704101562,
      13.964203834533691,
      35.738319396972656,
      19.032712936401367,
      43.58671188354492,
      18.971378326416016,
      50.394901275634766,
      9.347861289978027
    ],
    [
      3.317610025405884,
      3.3890762329101562,
      1.0326058864593506,
      2.5618419647216797,
      1.8238916397094727,
      2.3913512229919434,
      3.6915502548217773,
      4.378590106964111,
      5.155247211456299,
      5.8806023597717285,
      6.027972221374512,
      8.683272361755371,
      7.4114298820495605,
      15.038655281066895,
      8.336400985717773,
      15.861180305480957,
      9.347861289978027,
      12.218198776245117
    ]
  ],
  "covariance_short": [
    [
      40.69384002685547,
      17.41799545288086,
      13.586211204528809,
      7.928588390350342,
      7.961209297180176,
      5.290486812591553,
      10.675657272338867,
      7.1710920333862305,
      13.78061294555664,
      9.31053352355957,
      13.566743850708008,
      9.276787757873535,
      14.27529239654541,
      10.91948413848877,
      15.210688591003418,
      9.021096229553223,
      21.950986862182617,
      2.3746654987335205
    ],
    [
      17.41799545288086,
      41.54703903198242,
      7.44493293762207,
      7.3688273429870605,
      7.206092357635498,
      6.033113956451416,
      7.473710536956787,
      6.641521453857422,
      9.673888206481934,
      9.33067798614502,
      6.879695415496826,
      7.676656723022461,
      6.439753532409668,
      9.889020919799805,
      5.8443145751953125,
      8.569269180297852,
      9.654218673706055,
      3.3071277141571045
    ],
    [
      13.586211204528809,
      7.44493293762207,
      23.573720932006836,
      12.03734302520752,
      12.39385986328125,
      5.749035358428955,
      14.590919494628906,
      7.516717910766602,
      14.886722564697266,
      8.32617473602295,
      15.077256202697754,
      7.698945045471191,
      14.473189353942871,
      8.176349639892578,
      15.342965126037598,
      6.1625261306762695,
      20.49884796142578,
      0.1411392241716385
    ],
    [
      7.928588390350342,
      7.3688273429870605,
      12.03734302520752,
      19.760663986206055,
      5.746427059173584,
      5.206728458404541,
      8.046619415283203,
      6.751114845275879,
      8.092397689819336,
      8.626457214355469,
      7.226166725158691,
      8.121073722839355,
      6.275768280029297,
      9.692200660705566,
      5.301702499389648,
      8.509096145629883,
      9.372333526611328,
      2.8746256828308105
    ],
    [
      7.961209297180176,
      7.206092357635498,
      12.39385986328125,
      5.746427059173584,
      32.28090286254883,
      14.757266998291016,
      23.625431060791016,
      11.639286994934082,
      24.484560012817383,
      11.15692138671875,
      23.91602325439453,
      10.040139198303223,
      23.010744094848633,
      11.967021942138672,
      22.81318473815918,
      7.605810165405273,
      26.960657119750977,
      0.6853055953979492
    ],
    [
      5.290486812591553,
      6.033113956451416,
      5.749035358428955,
      5.206728458404541,
      14.757266998291016,
      20.03042984008789,
      11.604254722595215,
      10.613612174987793,
      11.087522506713867,
      10.121827125549316,
      8.599786758422852,
      8.937216758728027,
      6.872683048248291,
      11.161983489990234,
      5.503739356994629,
      8.103109359741211,
      9.264272689819336,
      2.952481985092163
    ],
    [
      10.675657272338867,
      7.473710536956787,
      14.590919494628906,
      8.046619415283203,
      23.625431060791016,
      11.604254722595215,
      34.64910125732422,
      15.333779335021973,
      29.83917999267578,
      14.669038772583008,
      30.537004470825195,
      13.753588676452637,
      30.792125701904297,
      14.202990531921387,
      31.521499633789062,
      10.82557201385498,
      36.16971969604492,
      1.6219241619110107
    ],
    [
      7.1710920333862305,
      6.641521453857422,
      7.516717910766602,
      6.751114845275879,
      11.639286994934082,
      10.613612174987793,
      15.333779335021973,
      20.854639053344727,
      13.865367889404297,
      14.037149429321289,
      11.731945037841797,
      13.356624603271484,
      10.323112487792969,
      14.310026168823242,
      8.826047897338867,
      12.009936332702637,
      12.702383995056152,
      4.922993183135986
    ],
    [
      13.78061294555664,
      9.673888206481934,
      14.886722564697266,
      8.092397689819336,
      24.484560012817383,
      11.087522506713867,
      29.83917999267578,
      13.865367889404297,
      41.79584884643555,
      19.06983757019043,
      38.30475997924805,
      17.217727661132812,
      39.30587387084961,
      17.509416580200195,
      40.71378707885742,
      14.3826265335083,
      44.13046646118164,
      2.7337472438812256
    ],
    [
      9.31053352355957,
      9.33067798614502,
      8.32617473602295,
      8.626457214355469,
      11.15692138671875,
      10.121827125549316,
      14.669038772583008,
      14.037149429321289,
      19.06983757019043,
      24.13669204711914,
      14.875370979309082,
      18.25641632080078,
      13.364456176757812,
      19.35948944091797,
      11.298081398010254,
      16.790456771850586,
      15.051774978637695,
      6.926468372344971
    ],
    [
      13.566743850708008,
      6.879695415496826,
      15.077256202697754,
      7.226166725158691,
      23.91602325439453,
      8.599786758422852,
      30.537004470825195,
      11.731945037841797,
      38.30475997924805,
      14.875370979309082,
      53.51152038574219,
      18.6156063079834,
      53.67318344116211,
      18.81256675720215,
      56.768341064453125,
      15.705708503723145,
      60.6744270324707,
      2.053427219390869
    ],
    [
      9.276787757873535,
      7.676656723022461,
      7.698945045471191,
      8.121073722839355,
      10.040139198303223,
      8.937216758728027,
      13.753588676452637,
      13.356624603271484,
      17.217727661132812,
      18.25641632080078,
      18.6156063079834,
      26.993789672851562,
      16.018381118774414,
      25.053457260131836,
      13.609146118164062,
      22.881534576416016,
      18.345806121826172,
      10.381412506103516
    ],
    [
      14.27529239654541,
      6.439753532409668,
      14.473189353942871,
      6.275768280029297,
      23.010744094848633,
      6.872683048248291,
      30.792125701904297,
      10.323112487792969,
      39.30587387084961,
      13.364456176757812,
      53.67318344116211,
      16.018381118774414,
      73.37657928466797,
      21.367141723632812,
      75.90110778808594,
      17.57084083557129,
      79.86968994140625,
      2.059561014175415
    ],
    [
      10.91948413848877,
      9.889020919799805,
      8.176349639892578,
      9.692200660705566,
      11.967021942138672,
      11.161983489990234,
      14.202990531921387,
      14.310026168823242,
      17.509416580200195,
      19.35948944091797,
      18.81256675720215,
      25.053457260131836,
      21.367141723632812,
      48.2568473815918,
      17.30449104309082,
      38.603431701660156,
      29.16080665588379,
      17.35185432434082
    ],
    [
      15.210688591003418,
      5.8443145751953125,
      15.342965126037598,
      5.301702499389648,
      22.81318473815918,
      5.503739356994629,
      31.521499633789062,
      8.826047897338867,
      40.71378707885742,
      11.298081398010254,
      56.768341064453125,
      13.609146118164062,
      75.90110778808594,
      17.30449104309082,
      101.29378509521484,
      17.109609603881836,
      100.66041564941406,
      0.19208477437496185
    ],
    [
      9.021096229553223,
      8.569269180297852,
      6.1625261306762695,
      8.509096145629883,
      7.605810165405273,
      8.103109359741211,
      10.82557201385498,
      12.009936332702637,
      14.3826265335083,
      16.790456771850586,
      15.705708503723145,
      22.881534576416016,
      17.57084083557129,
      38.603431701660156,
      17.109609603881836,
      40.62500762939453,
      24.04596710205078,
      19.010406494140625
    ],
    [
      21.950986862182617,
      9.654218673706055,
      20.49884796142578,
      9.372333526611328,
      26.960657119750977,
      9.264272689819336,
      36.16971969604492,
      12.702383995056152,
      44.13046646118164,
      15.051774978637695,
      60.6744270324707,
      18.345806121826172,
      79.86968994140625,
      29.16080665588379,
      100.66041564941406,
      24.04596710205078,
      128.28021240234375,
      2.0999770164489746
    ],
    [
      2.3746654987335205,
      3.3071277141571045,
      0.1411392241716385,
      2.8746256828308105,
      0.6853055953979492,
      2.952481985092163,
      1.6219241619110107,
      4.922993183135986,
      2.7337472438812256,
      6.926468372344971,
      2.053427219390869,
      10.381412506103516,
      2.059561014175415,
      17.35185432434082,
      0.19208477437496185,
      19.010406494140625,
      2.0999770164489746,
      15.371404647827148
    ]
  ],
  "drr": 11.98737907409668,
  "dynamics": 2.9503965377807617,
  "format": 1245190,
  "frames": 10698752,
  "loudness": -13.004830360412598,
  "loudness_range": 6.472559928894043,
  "loudness_range_short": 10.163277626037598,
  "peak": 0.2233702540397644,
  "rms": -14.781031608581543,
  "sample_rate": 44100,
  "sections": 1,
  "seekable": 1,
  "sharpness": 2.641892194747925,
  "space": -11.65587043762207
}