{
  "bands": [
    {
      "high_freq": 148.1999969482422,
      "loudness": -26.09907341003418,
      "loudness_range": 16.408443450927734,
      "mid_mean": -22.469547271728516,
      "mid_to_side_loudness": -17.5621280670166,
      "mid_to_side_loudness_range": 20.89801025390625,
      "side_mean": -40.450042724609375
    },
    {
      "high_freq": 392.3793640136719,
      "loudness": -25.724931716918945,
      "loudness_range": 8.95059585571289,
      "low_freq": 148.1999969482422,
      "mid_mean": -22.644695281982422,
      "mid_to_side_loudness": -9.950275421142578,
      "mid_to_side_loudness_range": 13.522069931030273,
      "side_mean": -32.653785705566406
    },
    {
      "high_freq": 794.6976318359375,
      "loudness": -25.937938690185547,
      "loudness_range": 17.54342269897461,
      "low_freq": 392.3793640136719,
      "mid_mean": -22.906261444091797,
      "mid_to_side_loudness": -10.463343620300293,
      "mid_to_side_loudness_range": 17.35669708251953,
      "side_mean": -33.51142883300781
    },
    {
      "high_freq": 1457.5709228515625,
      "loudness": -33.00067138671875,
      "loudness_range": 27.050399780273438,
      "low_freq": 794.6976318359375,
      "mid_mean": -30.41489601135254,
      "mid_to_side_loudness": -8.069454193115234,
      "mid_to_side_loudness_range": 19.030675888061523,
      "side_mean": -38.62208938598633
    },
    {
      "high_freq": 2549.74365234375,
      "loudness": -36.504676818847656,
      "loudness_range": 28.03876495361328,
      "low_freq": 1457.5709228515625,
      "mid_mean": -33.99638748168945,
      "mid_to_side_loudness": -7.578699111938477,
      "mid_to_side_loudness_range": 17.65241241455078,
      "side_mean": -41.9216423034668
    },
    {
      "high_freq": 4349.24462890625,
      "loudness": -40.21022415161133,
      "loudness_range": 25.461637496948242,
      "low_freq": 2549.74365234375,
      "mid_mean": -37.71780014038086,
      "mid_to_side_loudness": -6.870180130004883,
      "mid_to_side_loudness_range": 14.714775085449219,
      "side_mean": -44.93049240112305
    },
    {
      "high_freq": 7314.1640625,
      "loudness": -43.1255989074707,
      "loudness_range": 20.961944580078125,
      "low_freq": 4349.24462890625,
      "mid_mean": -41.66792297363281,
      "mid_to_side_loudness": -2.689943790435791,
      "mid_to_side_loudness_range": 9.878297805786133,
      "side_mean": -44.28059387207031
    },
    {
      "high_freq": 12199.2666015625,
      "loudness": -46.905372619628906,
      "loudness_range": 23.084022521972656,
      "low_freq": 7314.1640625,
      "mid_mean": -45.397518157958984,
      "mid_to_side_loudness": -2.9649744033813477,
      "mid_to_side_loudness_range": 9.416889190673828,
      "side_mean": -48.48070526123047
    },
    {
      "loudness": -51.340938568115234,
      "loudness_range": 23.18575668334961,
      "low_freq": 12199.2666015625,
      "mid_mean": -49.812198638916016,
      "mid_to_side_loudness": -3.80222487449646,
      "mid_to_side_loudness_range": 11.669790267944336,
      "side_mean": -53.468170166015625
    }
  ],
  "bands_short": [
    {
      "high_freq": 148.1999969482422,
      "loudness": -29.92059898376465,
      "loudness_range": 22.388124465942383,
      "mid_mean": -26.32635498046875,
      "mid_to_side_loudness": -18.46884536743164,
      "mid_to_side_loudness_range": 26.55663299560547,
      "side_mean": -45.56321716308594
    },
    {
      "high_freq": 392.3793640136719,
      "loudness": -25.750972747802734,
      "loudness_range": 11.684503555297852,
      "low_freq": 148.1999969482422,
      "mid_mean": -22.702953338623047,
      "mid_to_side_loudness": -10.479227066040039,
      "mid_to_side_loudness_range": 15.728151321411133,
      "side_mean": -33.22891616821289
    },
    {
      "high_freq": 794.6976318359375,
      "loudness": -26.944345474243164,
      "loudness_range": 19.21017074584961,
      "low_freq": 392.3793640136719,
      "mid_mean": -24.02684211730957,
      "mid_to_side_loudness": -10.268889427185059,
      "mid_to_side_loudness_range": 19.31104278564453,
      "side_mean": -34.39242172241211
    },
    {
      "high_freq": 1457.5709228515625,
      "loudness": -33.17463302612305,
      "loudness_range": 29.225990295410156,
      "low_freq": 794.6976318359375,
      "mid_mean": -30.63032341003418,
      "mid_to_side_loudness": -8.177108764648438,
      "mid_to_side_loudness_range": 20.8387393951416,
      "side_mean": -39.16755294799805
    },
    {
      "high_freq": 2549.74365234375,
      "loudness": -37.9442253112793,
      "loudness_range": 30.83888053894043,
      "low_freq": 1457.5709228515625,
      "mid_mean": -35.681766510009766,
      "mid_to_side_loudness": -6.922061920166016,
      "mid_to_side_loudness_range": 19.567983627319336,
      "side_mean": -43.06416320800781
    },
    {
      "high_freq": 4349.24462890625,
      "loudness": -41.35963821411133,
      "loudness_range": 28.03683853149414,
      "low_freq": 2549.74365234375,
      "mid_mean": -39.05009460449219,
      "mid_to_side_loudness": -6.589874267578125,
      "mid_to_side_loudness_range": 16.047622680664062,
      "side_mean": -46.259639739990234
    },
    {
      "high_freq": 7314.1640625,
      "loudness": -45.38875198364258,
      "loudness_range": 26.175920486450195,
      "low_freq": 4349.24462890625,
      "mid_mean": -43.96174621582031,
      "mid_to_side_loudness": -3.1722159385681152,
      "mid_to_side_loudness_range": 13.038296699523926,
      "side_mean": -47.28373718261719
    },
    {
      "high_freq": 12199.2666015625,
      "loudness": -50.982479095458984,
      "loudness_range": 29.274585723876953,
      "low_freq": 7314.1640625,
      "mid_mean": -49.66972351074219,
      "mid_to_side_loudness": -4.0489726066589355,
      "mid_to_side_loudness_range": 12.801721572875977,
      "side_mean": -53.58617401123047
    },
    {
      "loudness": -55.95529556274414,
      "loudness_range": 30.07587432861328,
      "low_freq": 12199.2666015625,
      "mid_mean": -53.47769546508789,
      "mid_to_side_loudness": -5.161519527435303,
      "mid_to_side_loudness_range": 14.513687133789062,
      "side_mean": -58.19382095336914
    }
  ],
  "channels": 2,
  "covariance": [
    [
      38.2498893737793,
      19.200843811035156,
      9.815973281860352,
      8.415475845336914,
      13.063982963562012,
      13.955950736999512,
      20.886728286743164,
      15.929242134094238,
      23.529193878173828,
      20.546871185302734,
      22.149280548095703,
      21.341135025024414,
      21.661558151245117,
      22.330114364624023,
      17.82664680480957,
      22.673358917236328,
      18.819486618041992,
      21.088029861450195
    ],
    [
      19.200843811035156,
      41.45745086669922,
      9.88109016418457,
      21.32806396484375,
      13.214783668518066,
      22.80561065673828,
      20.872455596923828,
      22.478540420532227,
      19.062334060668945,
      22.268301010131836,
      17.885759353637695,
      22.23707389831543,
      13.962114334106445,
      16.326963424682617,
      9.442859649658203,
      15.741531372070312,
      10.410001754760742,
      13.606958389282227
    ],
    [
      9.815973281860352,
      9.88109016418457,
      10.607376098632812,
      10.284488677978516,
      7.904140472412109,
      10.430794715881348,
      9.429574012756348,
      8.47592544555664,
      11.192754745483398,
      10.837869644165039,
      11.760784149169922,
      12.561906814575195,
      10.222199440002441,
      10.829276084899902,
      10.455636024475098,
      13.335878372192383,
      11.90180492401123,
      12.368037223815918
    ],
    [
      8.415475845336914,
      21.32806396484375,
      10.284488677978516,
      30.664684295654297,
      9.569148063659668,
      24.808841705322266,
      11.876014709472656,
      18.1184139251709,
      8.557255744934082,
      16.56908416748047,
      9.448673248291016,
      17.92578125,
      6.275337219238281,
      10.615559577941895,
      4.167871475219727,
      12.45003604888916,
      5.183614253997803,
      10.778388023376465
    ],
    [
      13.063982963562012,
      13.214783668518066,
      7.904140472412109,
      9.569148063659668,
      38.65351104736328,
      26.16414451599121,
      43.452178955078125,
      25.55339241027832,
      41.70852279663086,
      27.469228744506836,
      42.40415954589844,
      30.04781150817871,
      26.488731384277344,
      20.870607376098633,
      23.278730392456055,
      20.404722213745117,
      25.845890045166016,
      19.08180809020996
    ],
    [
      13.955950736999512,
      22.80561065673828,
      10.430794715881348,
      24.808841705322266,
      26.16414451599121,
      51.610626220703125,
      32.85667037963867,
      39.32276916503906,
      29.339258193969727,
      37.80685806274414,
      29.726102828979492,
      38.857242584228516,
      22.865398406982422,
      26.239782333374023,
      19.587303161621094,
      28.249753952026367,
      18.444316864013672,
      24.046302795410156
    ],
    [
      20.886728286743164,
      20.872455596923828,
      9.429574012756348,
      11.876014709472656,
      43.452178955078125,
      32.85667037963867,
      91.04739379882812,
      49.13910675048828,
      68.9706039428711,
      43.45950698852539,
      69.2894287109375,
      48.10173797607422,
      45.71086120605469,
      35.14780044555664,
      36.77522659301758,
      33.71117401123047,
      38.873897552490234,
      30.64238166809082
    ],
    [
      15.929242134094238,
      22.478540420532227,
      8.47592544555664,
      18.1184139251709,
      25.55339241027832,
      39.32276916503906,
      49.13910675048828,
      55.96580505371094,
      37.97073745727539,
      40.933223724365234,
      38.348175048828125,
      42.29566955566406,
      32.1370735168457,
      35.247047424316406,
      25.787376403808594,
      31.594560623168945,
      23.24252700805664,
      27.204835891723633
    ],
    [
      23.529193878173828,
      19.062334060668945,
      11.192754745483398,
      8.557255744934082,
      41.70852279663086,
      29.339258193969727,
      68.9706039428711,
      37.97073745727539,
      99.26354217529297,
      54.78897476196289,
      84.28329467773438,
      53.557247161865234,
      54.090370178222656,
      38.003292083740234,
      44.258033752441406,
      35.1956672668457,
      47.06336212158203,
      33.06184768676758
    ],
    [
      20.546871185302734,
      22.268301010131836,
      10.837869644165039,
      16.56908416748047,
      27.469228744506836,
      37.80685806274414,
      43.45950698852539,
      40.933223724365234,
      54.78897476196289,
      56.48374557495117,
      49.8214225769043,
      50.43626022338867,
      39.8046875,
      38.9455680847168,
      32.49586486816406,
      36.1363525390625,
      30.49074935913086,
      32.11000061035156
    ],
    [
      22.149280548095703,
      17.885759353637695,
      11.760784149169922,
      9.448673248291016,
      42.40415954589844,
      29.726102828979492,
      69.2894287109375,
      38.348175048828125,
      84.28329467773438,
      49.8214225769043,
      87.73992156982422,
      56.326656341552734,
      54.9671745300293,
      39.84250259399414,
      46.586700439453125,
      38.44524383544922,
      48.193721771240234,
      35.360382080078125
    ],
    [
      21.341135025024414,
      22.23707389831543,
      12.561906814575195,
      17.92578125,
      30.04781150817871,
      38.857242584228516,
      48.10173797607422,
      42.29566955566406,
      53.557247161865234,
      50.43626022338867,
      56.326656341552734,
      59.0200080871582,
      46.42098617553711,
      45.18357467651367,
      40.986236572265625,
      45.463138580322266,
      37.622894287109375,
      40.12346649169922
    ],
    [
      21.661558151245117,
      13.962114334106445,
      10.222199440002441,
      6.275337219238281,
      26.488731384277344,
      22.865398406982422,
      45.71086120605469,
      32.1370735168457,
      54.090370178222656,
      39.8046875,
      54.9671745300293,
      46.42098617553711,
      56.77067184448242,
      49.52980041503906,
      49.25691604614258,
      48.89218521118164,
      46.870113372802734,
      44.565650939941406
    ],
    [
      22.330114364624023,
      16.326963424682617,
      10.829276084899902,
      10.615559577941895,
      20.870607376098633,
      26.239782333374023,
      35.14780044555664,
      35.247047424316406,
      38.003292083740234,
      38.9455680847168,
      39.84250259399414,
      45.18357467651367,
      49.52980041503906,
      58.6396484375,
      43.949039459228516,
      53.74225616455078,
      38.68868637084961,
      47.65428924560547
    ],
    [
      17.82664680480957,
      9.442859649658203,
      10.455636024475098,
      4.167871475219727,
      23.278730392456055,
      19.587303161621094,
      36.77522659301758,
      25.787376403808594,
      44.258033752441406,
      32.49586486816406,
      46.586700439453125,
      40.986236572265625,
      49.25691604614258,
      43.949039459228516,
      60.042945861816406,
      58.37688446044922,
      55.43918228149414,
      53.25868225097656
    ],
    [
      22.673358917236328,
      15.741531372070312,
      13.335878372192383,
      12.45003604888916,
      20.404722213745117,
      28.249753952026367,
      33.71117401123047,
      31.594560623168945,
      35.1956672668457,
      36.1363525390625,
      38.44524383544922,
      45.463138580322266,
      48.89218521118164,
      53.74225616455078,
      58.37688446044922,
      74.40003204345703,
      52.83782958984375,
      65.6373291015625
    ],
    [
      18.819486618041992,
      10.410001754760742,
      11.90180492401123,
      5.183614253997803,
      25.845890045166016,
      18.444316864013672,
      38.873897552490234,
      23.24252700805664,
      47.06336212158203,
      30.49074935913086,
      48.193721771240234,
      37.622894287109375,
      46.870113372802734,
      38.68868637084961,
      55.43918228149414,
      52.83782958984375,
      64.360595703125,
      55.296199798583984
    ],
    [
      21.088029861450195,
      13.606958389282227,
      12.368037223815918,
      10.778388023376465,
      19.08180809020996,
      24.046302795410156,
      30.64238166809082,
      27.204835891723633,
      33.06184768676758,
      32.11000061035156,
      35.360382080078125,
      40.12346649169922,
      44.565650939941406,
      47.65428924560547,
      53.25868225097656,
      65.6373291015625,
      55.296199798583984,
      67.01729583740234
    ]
  ],
  "covariance_short": [
    [
      62.75845718383789,
      22.945884704589844,
      15.682404518127441,
      11.145225524902344,
      14.704898834228516,
      13.246435165405273,
      23.03569793701172,
      17.412931442260742,
      28.325876235961914,
      23.643531799316406,
      25.078981399536133,
      23.236923217773438,
      26.96468162536621,
      29.553245544433594,
      26.392480850219727,
      28.14548683166504,
      22.488277435302734,
      22.387367248535156
    ],
    [
      22.945884704589844,
      52.05533218383789,
      11.53095531463623,
      20.461387634277344,
      13.293439865112305,
      19.051095962524414,
      19.196762084960938,
      20.243894577026367,
      21.92348289489746,
      22.91750144958496,
      20.015243530273438,
      22.71441078186035,
      18.178478240966797,
      21.24824333190918,
      19.802845001220703,
      23.05772590637207,
      15.441401481628418,
      16.772680282592773
    ],
    [
      15.682404518127441,
      11.53095531463623,
      18.2996826171875,
      13.488431930541992,
      10.746402740478516,
      12.328638076782227,
      12.315007209777832,
      12.715163230895996,
      14.444892883300781,
      14.818694114685059,
      14.285802841186523,
      16.75101089477539,
      16.173860549926758,
      18.861351013183594,
      20.445262908935547,
      21.747377395629883,
      17.111431121826172,
      17.808238983154297
    ],
    [
      11.145225524902344,
      20.461387634277344,
      13.488431930541992,
      37.21662902832031,
      13.023735046386719,
      29.54647445678711,
      14.17436695098877,
      23.32941246032715,
      13.171014785766602,
      21.7131404876709,
      12.974016189575195,
      23.92340660095215,
      12.82264232635498,
      20.28551483154297,
      17.179147720336914,
      24.564208984375,
      11.032320976257324,
      17.006254196166992
    ],
    [
      14.704898834228516,
      13.293439865112305,
      10.746402740478516,
      13.023735046386719,
      44.82388687133789,
      28.187511444091797,
      44.797462463378906,
      29.410181045532227,
      46.28792190551758,
      31.542024612426758,
      45.998558044433594,
      35.596107482910156,
      33.34858703613281,
      26.750736236572266,
      33.33433151245117,
      26.853288650512695,
      31.207996368408203,
      20.39299964904785
    ],
    [
      13.246435165405273,
      19.051095962524414,
      12.328638076782227,
      29.54647445678711,
      28.187511444091797,
      56.9776611328125,
      31.82387351989746,
      42.65877151489258,
      30.38027000427246,
      40.213443756103516,
      29.933013916015625,
      42.11492156982422,
      26.151020050048828,
      33.153621673583984,
      25.898059844970703,
      33.6214599609375,
      18.685203552246094,
      23.496837615966797
    ],
    [
      23.03569793701172,
      19.196762084960938,
      12.315007209777832,
      14.17436695098877,
      44.797462463378906,
      31.82387351989746,
      101.39057922363281,
      56.7852668762207,
      78.13233947753906,
      49.347164154052734,
      77.70955657958984,
      55.145206451416016,
      56.79731369018555,
      43.58547592163086,
      49.267974853515625,
      40.768001556396484,
      48.39247131347656,
      31.67377471923828
    ],
    [
      17.412931442260742,
      20.243894577026367,
      12.715163230895996,
      23.32941246032715,
      29.410181045532227,
      42.65877151489258,
      56.7852668762207,
      69.84429168701172,
      46.01646423339844,
      49.53218460083008,
      46.439083099365234,
      52.426673889160156,
      43.6869010925293,
      48.407188415527344,
      36.7283935546875,
      42.3115119934082,
      29.5078067779541,
      30.639812469482422
    ],
    [
      28.325876235961914,
      21.92348289489746,
      14.444892883300781,
      13.171014785766602,
      46.28792190551758,
      30.38027000427246,
      78.13233947753906,
      46.01646423339844,
      115.11478424072266,
      65.59282684326172,
      95.99238586425781,
      65.6995620727539,
      68.60546875,
      49.4651985168457,
      60.6152458190918,
      45.28248596191406,
      59.777400970458984,
      36.5926399230957
    ],
    [
      23.643531799316406,
      22.91750144958496,
      14.818694114685059,
      21.7131404876709,
      31.542024612426758,
      40.213443756103516,
      49.347164154052734,
      49.53218460083008,
      65.59282684326172,
      69.89411163330078,
      58.41860580444336,
      61.50164031982422,
      52.134178161621094,
      52.59648132324219,
      44.866912841796875,
      47.060054779052734,
      37.99872970581055,
      35.65966033935547
    ],
    [
      25.078981399536133,
      20.015243530273438,
      14.285802841186523,
      12.974016189575195,
      45.998558044433594,
      29.933013916015625,
      77.70955657958984,
      46.439083099365234,
      95.99238586425781,
      58.41860580444336,
      104.49159240722656,
      69.13206481933594,
      70.16785430908203,
      50.74753952026367,
      63.93326187133789,
      48.904727935791016,
      61.8105354309082,
      38.992919921875
    ],
    [
      23.236923217773438,
      22.71441078186035,
      16.75101089477539,
      23.92340660095215,
      35.596107482910156,
      42.11492156982422,
      55.145206451416016,
      52.426673889160156,
      65.6995620727539,
      61.50164031982422,
      69.13206481933594,
      76.24280548095703,
      61.13991165161133,
      60.312110900878906,
      58.21197509765625,
      59.96095275878906,
      48.84101867675781,
      45.95268630981445
    ],
    [
      26.96468162536621,
      18.178478240966797,
      16.173860549926758,
      12.82264232635498,
      33.34858703613281,
      26.151020050048828,
      56.79731369018555,
      43.6869010925293,
      68.60546875,
      52.134178161621094,
      70.16785430908203,
      61.13991165161133,
      81.37715148925781,
      70.73762512207031,
      71.44349670410156,
      66.22799682617188,
      64.04306030273438,
      54.23100280761719
    ],
    [
      29.553245544433594,
      21.24824333190918,
      18.861351013183594,
      20.28551483154297,
      26.750736236572266,
      33.153621673583984,
      43.58547592163086,
      48.407188415527344,
      49.4651985168457,
      52.59648132324219,
      50.74753952026367,
      60.312110900878906,
      70.73762512207031,
      84.98884582519531,
      64.05474853515625,
      74.41285705566406,
      51.71120834350586,
      59.16948699951172
    ],
    [
      26.392480850219727,
      19.802845001220703,
      20.445262908935547,
      17.179147720336914,
      33.33433151245117,
      25.898059844970703,
      49.267974853515625,
      36.7283935546875,
      60.6152458190918,
      44.866912841796875,
      63.93326187133789,
      58.21197509765625,
      71.44349670410156,
      64.05474853515625,
      95.21208953857422,
      84.69131469726562,
      83.71688079833984,
      70.6470718383789
    ],
    [
      28.14548683166504,
      23.05772590637207,
      21.747377395629883,
      24.564208984375,
      26.853288650512695,
      33.6214599609375,
      40.768001556396484,
      42.3115119934082,
      45.28248596191406,
      47.060054779052734,
      48.904727935791016,
      59.96095275878906,
      66.22799682617188,
      74.41285705566406,
      84.69131469726562,
      97.50251770019531,
      70.69403839111328,
      79.85797882080078
    ],
    [
      22.488277435302734,
      15.441401481628418,
      17.111431121826172,
      11.032320976257324,
      31.207996368408203,
      18.685203552246094,
      48.39247131347656,
      29.5078067779541,
      59.777400970458984,
      37.99872970581055,
      61.8105354309082,
      48.84101867675781,
      64.04306030273438,
      51.71120834350586,
      83.71688079833984,
      70.69403839111328,
      88.35054779052734,
      67.31096649169922
    ],
    [
      22.387367248535156,
      16.772680282592773,
      17.808238983154297,
      17.006254196166992,
      20.39299964904785,
      23.496837615966797,
      31.67377471923828,
      30.639812469482422,
      36.5926399230957,
      35.65966033935547,
      38.992919921875,
      45.95268630981445,
      54.23100280761719,
      59.16948699951172,
      70.6470718383789,
      79.85797882080078,
      67.31096649169922,
      76.36517333984375
    ]
  ],
  "drr": 14.122858047485352,
  "dynamics": 4.117692470550537,
  "format": 1245190,
  "frames": 18829312,
  "loudness": -15.692201614379883,
  "loudness_range": 11.534065246582031,
  "loudness_range_short": 14.084796905517578,
  "peak": -0.1456792801618576,
  "rms": -16.525081634521484,
  "sample_rate": 44100,
  "sections": 1,
  "seekable": 1,
  "sharpness": 2.992283582687378,
  "space": -11.200483322143555
}