{
  "bands": [
    {
      "high_freq": 148.1999969482422,
      "loudness": -23.493314743041992,
      "loudness_range": 12.339530944824219,
      "mid_mean": -20.029361724853516,
      "mid_to_side_loudness": -12.876106262207031,
      "mid_to_side_loudness_range": 7.673547744750977,
      "side_mean": -32.911277770996094
    },
    {
      "high_freq": 392.3793640136719,
      "loudness": -25.200572967529297,
      "loudness_range": 11.342205047607422,
      "low_freq": 148.1999969482422,
      "mid_mean": -21.743391036987305,
      "mid_to_side_loudness": -12.751547813415527,
      "mid_to_side_loudness_range": 7.550789833068848,
      "side_mean": -34.52000427246094
    },
    {
      "high_freq": 794.6976318359375,
      "loudness": -32.26399230957031,
      "loudness_range": 9.928241729736328,
      "low_freq": 392.3793640136719,
      "mid_mean": -30.23155403137207,
      "mid_to_side_loudness": -3.670016050338745,
      "mid_to_side_loudness_range": 6.30341100692749,
      "side_mean": -33.900657653808594
    },
    {
      "high_freq": 1457.5709228515625,
      "loudness": -33.13309860229492,
      "loudness_range": 12.983367919921875,
      "low_freq": 794.6976318359375,
      "mid_mean": -32.39714431762695,
      "mid_to_side_loudness": -0.44324246048927307,
      "mid_to_side_loudness_range": 6.274982929229736,
      "side_mean": -32.72687530517578
    },
    {
      "high_freq": 2549.74365234375,
      "loudness": -26.82908058166504,
      "loudness_range": 12.175052642822266,
      "low_freq": 1457.5709228515625,
      "mid_mean": -26.70963478088379,
      "mid_to_side_loudness": 0.8499894142150879,
      "mid_to_side_loudness_range": 6.007491588592529,
      "side_mean": -25.848424911499023
    },
    {
      "high_freq": 4349.24462890625,
      "loudness": -27.50042724609375,
      "loudness_range": 9.392822265625,
      "low_freq": 2549.74365234375,
      "mid_mean": -26.7185001373291,
      "mid_to_side_loudness": -0.28375041484832764,
      "mid_to_side_loudness_range": 4.398932933807373,
      "side_mean": -27.02680778503418
    },
    {
      "high_freq": 7314.1640625,
      "loudness": -28.20503044128418,
      "loudness_range": 9.948394775390625,
      "low_freq": 4349.24462890625,
      "mid_mean": -26.6551513671875,
      "mid_to_side_loudness": -2.017085552215576,
      "mid_to_side_loudness_range": 3.081090211868286,
      "side_mean": -28.67603302001953
    },
    {
      "high_freq": 12199.2666015625,
      "loudness": -40.080360412597656,
      "loudness_range": 13.805233001708984,
      "low_freq": 7314.1640625,
      "mid_mean": -40.18302917480469,
      "mid_to_side_loudness": 1.2461519241333008,
      "mid_to_side_loudness_range": 4.348260879516602,
      "side_mean": -38.85490798950195
    },
    {
      "loudness": -56.77767562866211,
      "loudness_range": 11.14852523803711,
      "low_freq": 12199.2666015625,
      "mid_mean": -55.936649322509766,
      "mid_to_side_loudness": 0.1271192580461502,
      "mid_to_side_loudness_range": 2.0474443435668945,
      "side_mean": -55.808773040771484
    }
  ],
  "bands_short": [
    {
      "high_freq": 148.1999969482422,
      "loudness": -27.586336135864258,
      "loudness_range": 18.02527618408203,
      "mid_mean": -24.21245002746582,
      "mid_to_side_loudness": -12.417597770690918,
      "mid_to_side_loudness_range": 11.117561340332031,
      "side_mean": -36.73398208618164
    },
    {
      "high_freq": 392.3793640136719,
      "loudness": -23.50344467163086,
      "loudness_range": 14.107824325561523,
      "low_freq": 148.1999969482422,
      "mid_mean": -20.05636978149414,
      "mid_to_side_loudness": -13.154260635375977,
      "mid_to_side_loudness_range": 9.406136512756348,
      "side_mean": -33.254703521728516
    },
    {
      "high_freq": 794.6976318359375,
      "loudness": -32.7225456237793,
      "loudness_range": 12.075822830200195,
      "low_freq": 392.3793640136719,
      "mid_mean": -30.705570220947266,
      "mid_to_side_loudness": -4.002292156219482,
      "mid_to_side_loudness_range": 8.724489212036133,
      "side_mean": -34.715572357177734
    },
    {
      "high_freq": 1457.5709228515625,
      "loudness": -33.390499114990234,
      "loudness_range": 14.531946182250977,
      "low_freq": 794.6976318359375,
      "mid_mean": -32.67594909667969,
      "mid_to_side_loudness": -0.6110514402389526,
      "mid_to_side_loudness_range": 8.465797424316406,
      "side_mean": -33.20774841308594
    },
    {
      "high_freq": 2549.74365234375,
      "loudness": -27.194303512573242,
      "loudness_range": 12.503461837768555,
      "low_freq": 1457.5709228515625,
      "mid_mean": -27.18294906616211,
      "mid_to_side_loudness": 0.8220024108886719,
      "mid_to_side_loudness_range": 7.438748836517334,
      "side_mean": -26.317237854003906
    },
    {
      "high_freq": 4349.24462890625,
      "loudness": -27.8083553314209,
      "loudness_range": 9.942432403564453,
      "low_freq": 2549.74365234375,
      "mid_mean": -27.201915740966797,
      "mid_to_side_loudness": -0.015870898962020874,
      "mid_to_side_loudness_range": 5.490543365478516,
      "side_mean": -27.237497329711914
    },
    {
      "high_freq": 7314.1640625,
      "loudness": -28.314252853393555,
      "loudness_range": 11.364660263061523,
      "low_freq": 4349.24462890625,
      "mid_mean": -26.770734786987305,
      "mid_to_side_loudness": -2.1005704402923584,
      "mid_to_side_loudness_range": 4.760160446166992,
      "side_mean": -28.877628326416016
    },
    {
      "high_freq": 12199.2666015625,
      "loudness": -40.739341735839844,
      "loudness_range": 16.60329818725586,
      "low_freq": 7314.1640625,
      "mid_mean": -40.80424499511719,
      "mid_to_side_loudness": 1.1333311796188354,
      "mid_to_side_loudness_range": 5.092511177062988,
      "side_mean": -39.568965911865234
    },
    {
      "loudness": -57.612220764160156,
      "loudness_range": 13.379005432128906,
      "low_freq": 12199.2666015625,
      "mid_mean": -56.71173858642578,
      "mid_to_side_loudness": 0.07063841074705124,
      "mid_to_side_loudness_range": 2.889435291290283,
      "side_mean": -56.6339225769043
    }
  ],
  "channels": 2,
  "covariance": [
    [
      21.266677856445312,
      16.599342346191406,
      4.680919170379639,
      6.1050310134887695,
      -1.1427762508392334,
      0.22224892675876617,
      -0.12332566827535629,
      -3.290402889251709,
      -0.0433344803750515,
      -2.3471100330352783,
      -3.279472827911377,
      -2.3912270069122314,
      -4.177478790283203,
      -3.6183834075927734,
      -4.97674036026001,
      -6.914175987243652,
      -2.459599494934082,
      -2.5654380321502686
    ],
    [
      16.599342346191406,
      19.25620460510254,
      7.286405563354492,
      6.329003810882568,
      3.24985408782959,
      4.494426727294922,
      4.825655937194824,
      3.6272597312927246,
      1.6667866706848145,
      1.454521894454956,
      1.885345697402954,
      0.9780455827713013,
      1.209087610244751,
      0.7658297419548035,
      0.7883450388908386,
      0.5233746767044067,
      0.09488262981176376,
      0.39121174812316895
    ],
    [
      4.680919170379639,
      7.286405563354492,
      16.146259307861328,
      11.185578346252441,
      6.437469482421875,
      7.982174873352051,
      6.657476425170898,
      7.21397590637207,
      0.38169440627098083,
      1.0345799922943115,
      3.3414173126220703,
      1.6242132186889648,
      3.583667039871216,
      3.3224682807922363,
      4.519243240356445,
      4.856666088104248,
      1.9143825769424438,
      2.0666518211364746
    ],
    [
      6.1050310134887695,
      6.329003810882568,
      11.185578346252441,
      13.044083595275879,
      4.832265853881836,
      5.996881484985352,
      5.750796318054199,
      5.290517330169678,
      -0.22131390869617462,
      0.7033668756484985,
      1.4756673574447632,
      0.9922968149185181,
      2.177825689315796,
      1.8688688278198242,
      2.4921014308929443,
      2.816166400909424,
      1.055464506149292,
      1.175681710243225
    ],
    [
      -1.1427762508392334,
      3.24985408782959,
      6.437469482421875,
      4.832265853881836,
      16.126056671142578,
      15.236998558044434,
      7.986363410949707,
      10.472007751464844,
      1.069312334060669,
      3.1163828372955322,
      6.592334747314453,
      5.631134033203125,
      7.927190780639648,
      7.189586162567139,
      8.14865779876709,
      9.593961715698242,
      4.103996276855469,
      4.44857120513916
    ],
    [
      0.22224892675876617,
      4.494426727294922,
      7.982174873352051,
      5.996881484985352,
      15.236998558044434,
      19.393922805786133,
      10.62463092803955,
      13.382698059082031,
      2.4045846462249756,
      4.944215774536133,
      7.5179619789123535,
      6.846206188201904,
      8.252202033996582,
      7.682370185852051,
      8.7382173538208,
      10.709508895874023,
      4.689157009124756,
      5.1292009353637695
    ],
    [
      -0.12332566827535629,
      4.825655937194824,
      6.657476425170898,
      5.750796318054199,
      7.986363410949707,
      10.62463092803955,
      24.6270694732666,
      23.189666748046875,
      8.83224105834961,
      12.845154762268066,
      13.042147636413574,
      11.207260131835938,
      11.479690551757812,
      10.616971015930176,
      11.8436918258667,
      14.097744941711426,
      6.009980201721191,
      6.916751384735107
    ],
    [
      -3.290402889251709,
      3.6272597312927246,
      7.21397590637207,
      5.290517330169678,
      10.472007751464844,
      13.382698059082031,
      23.189666748046875,
      28.291650772094727,
      7.553316593170166,
      12.971430778503418,
      13.035222053527832,
      10.516677856445312,
      12.01627254486084,
      10.62380313873291,
      13.397079467773438,
      17.208168029785156,
      6.760219573974609,
      7.859125137329102
    ],
    [
      -0.0433344803750515,
      1.6667866706848145,
      0.38169440627098083,
      -0.22131390869617462,
      1.069312334060669,
      2.4045846462249756,
      8.83224105834961,
      7.553316593170166,
      17.6468563079834,
      16.957843780517578,
      12.910381317138672,
      10.984271049499512,
      9.219611167907715,
      8.836179733276367,
      11.020416259765625,
      10.11623477935791,
      5.95244026184082,
      6.602256774902344
    ],
    [
      -2.3471100330352783,
      1.454521894454956,
      1.0345799922943115,
      0.7033668756484985,
      3.1163828372955322,
      4.944215774536133,
      12.845154762268066,
      12.971430778503418,
      16.957843780517578,
      20.57794952392578,
      15.289055824279785,
      13.119598388671875,
      11.547232627868652,
      10.485907554626465,
      13.440481185913086,
      14.220993995666504,
      6.833168029785156,
      7.84411096572876
    ],
    [
      -3.279472827911377,
      1.885345697402954,
      3.3414173126220703,
      1.4756673574447632,
      6.592334747314453,
      7.5179619789123535,
      13.042147636413574,
      13.035222053527832,
      12.910381317138672,
      15.289055824279785,
      21.454254150390625,
      17.05506134033203,
      17.71746826171875,
      16.520048141479492,
      17.872880935668945,
      18.22869873046875,
      10.13430118560791,
      10.9559907913208
    ],
    [
      -2.3912270069122314,
      0.9780455827713013,
      1.6242132186889648,
      0.9922968149185181,
      5.631134033203125,
      6.846206188201904,
      11.207260131835938,
      10.516677856445312,
      10.984271049499512,
      13.119598388671875,
      17.05506134033203,
      15.427042961120605,
      14.480979919433594,
      13.901477813720703,
      14.375083923339844,
      14.644450187683105,
      8.373258590698242,
      9.032242774963379
    ],
    [
      -4.177478790283203,
      1.209087610244751,
      3.583667039871216,
      2.177825689315796,
      7.927190780639648,
      8.252202033996582,
      11.479690551757812,
      12.01627254486084,
      9.219611167907715,
      11.547232627868652,
      17.71746826171875,
      14.480979919433594,
      20.247730255126953,
      18.51335334777832,
      19.8154296875,
      20.711212158203125,
      11.525472640991211,
      12.208268165588379
    ],
    [
      -3.6183834075927734,
      0.7658297419548035,
      3.3224682807922363,
      1.8688688278198242,
      7.189586162567139,
      7.682370185852051,
      10.616971015930176,
      10.62380313873291,
      8.836179733276367,
      10.485907554626465,
      16.520048141479492,
      13.901477813720703,
      18.51335334777832,
      18.123992919921875,
      19.316404342651367,
      19.923351287841797,
      11.767009735107422,
      12.415655136108398
    ],
    [
      -4.97674036026001,
      0.7883450388908386,
      4.519243240356445,
      2.4921014308929443,
      8.14865779876709,
      8.7382173538208,
      11.8436918258667,
      13.397079467773438,
      11.020416259765625,
      13.440481185913086,
      17.872880935668945,
      14.375083923339844,
      19.8154296875,
      19.316404342651367,
      26.119972229003906,
      26.333608627319336,
      15.550387382507324,
      16.627134323120117
    ],
    [
      -6.914175987243652,
      0.5233746767044067,
      4.856666088104248,
      2.816166400909424,
      9.593961715698242,
      10.709508895874023,
      14.097744941711426,
      17.208168029785156,
      10.11623477935791,
      14.220993995666504,
      18.22869873046875,
      14.644450187683105,
      20.711212158203125,
      19.923351287841797,
      26.333608627319336,
      30.546981811523438,
      15.850629806518555,
      17.174396514892578
    ],
    [
      -2.459599494934082,
      0.09488262981176376,
      1.9143825769424438,
      1.055464506149292,
      4.103996276855469,
      4.689157009124756,
      6.009980201721191,
      6.760219573974609,
      5.95244026184082,
      6.833168029785156,
      10.13430118560791,
      8.373258590698242,
      11.525472640991211,
      11.767009735107422,
      15.550387382507324,
      15.850629806518555,
      12.890923500061035,
      13.358591079711914
    ],
    [
      -2.5654380321502686,
      0.39121174812316895,
      2.0666518211364746,
      1.175681710243225,
      4.44857120513916,
      5.1292009353637695,
      6.916751384735107,
      7.859125137329102,
      6.602256774902344,
      7.84411096572876,
      10.9559907913208,
      9.032242774963379,
      12.208268165588379,
      12.415655136108398,
      16.627134323120117,
      17.174396514892578,
      13.358591079711914,
      14.266921997070312
    ]
  ],
  "covariance_short": [
    [
      40.85851287841797,
      32.927268981933594,
      15.268025398254395,
      13.354286193847656,
      -2.191704273223877,
      0.37712323665618896,
      0.24983057379722595,
      -3.8952925205230713,
      -0.2730891704559326,
      -2.6196017265319824,
      -4.625143527984619,
      -3.6870296001434326,
      -5.457886219024658,
      -4.8567280769348145,
      -6.251398086547852,
      -8.101031303405762,
      -2.725311279296875,
      -2.722508668899536
    ],
    [
      32.927268981933594,
      41.32976150512695,
      15.59804916381836,
      14.286724090576172,
      2.993403673171997,
      5.4783124923706055,
      5.554288387298584,
      3.8090951442718506,
      1.319769263267517,
      0.9856109023094177,
      0.7484717965126038,
      0.03110693208873272,
      0.22454288601875305,
      -0.40830451250076294,
      -0.21456925570964813,
      -0.12365258485078812,
      -0.030450919643044472,
      0.24567578732967377
    ],
    [
      15.268025398254395,
      15.59804916381836,
      27.56913185119629,
      19.438474655151367,
      5.210236549377441,
      8.667569160461426,
      6.961550235748291,
      6.248851776123047,
      0.8877440690994263,
      0.0832361951470375,
      1.0823071002960205,
      0.4488609731197357,
      1.5568095445632935,
      1.6558278799057007,
      2.6035163402557373,
      1.860566258430481,
      2.0338940620422363,
      2.1569907665252686
    ],
    [
      13.354286193847656,
      14.286724090576172,
      19.438474655151367,
      21.958147048950195,
      4.996366024017334,
      7.4919962882995605,
      7.680675506591797,
      6.860866069793701,
      0.5640614032745361,
      0.8443431854248047,
      1.4473410844802856,
      1.1142890453338623,
      2.058194160461426,
      1.6207910776138306,
      2.4522640705108643,
      2.4110910892486572,
      1.5234198570251465,
      1.7670968770980835
    ],
    [
      -2.191704273223877,
      2.993403673171997,
      5.210236549377441,
      4.996366024017334,
      21.065656661987305,
      17.17230987548828,
      8.943489074707031,
      11.90529727935791,
      1.9547169208526611,
      3.4189882278442383,
      7.03245210647583,
      6.148426055908203,
      9.093441009521484,
      8.10243034362793,
      9.627663612365723,
      11.482156753540039,
      5.162022590637207,
      5.508612632751465
    ],
    [
      0.37712323665618896,
      5.4783124923706055,
      8.667569160461426,
      7.4919962882995605,
      17.17230987548828,
      24.33823013305664,
      10.949237823486328,
      14.313907623291016,
      2.865773916244507,
      4.628014087677002,
      7.027077674865723,
      6.8283257484436035,
      8.806597709655762,
      7.963261127471924,
      9.190600395202637,
      11.473008155822754,
      5.588069438934326,
      6.024755477905273
    ],
    [
      0.24983057379722595,
      5.554288387298584,
      6.961550235748291,
      7.680675506591797,
      8.943489074707031,
      10.949237823486328,
      29.747920989990234,
      26.38275718688965,
      10.431180953979492,
      14.168004035949707,
      13.083199501037598,
      11.788056373596191,
      12.21544075012207,
      10.953719139099121,
      12.392657279968262,
      14.76093578338623,
      6.84979772567749,
      7.735217094421387
    ],
    [
      -3.8952925205230713,
      3.8090951442718506,
      6.248851776123047,
      6.860866069793701,
      11.90529727935791,
      14.313907623291016,
      26.38275718688965,
      33.40782928466797,
      9.295336723327637,
      14.462767601013184,
      13.316526412963867,
      11.394245147705078,
      13.023407936096191,
      10.953936576843262,
      14.028122901916504,
      18.01265525817871,
      7.701325416564941,
      8.766590118408203
    ],
    [
      -0.2730891704559326,
      1.319769263267517,
      0.8877440690994263,
      0.5640614032745361,
      1.9547169208526611,
      2.865773916244507,
      10.431180953979492,
      9.295336723327637,
      21.735443115234375,
      18.443092346191406,
      14.160749435424805,
      12.316941261291504,
      10.669120788574219,
      10.398089408874512,
      11.56937313079834,
      10.446759223937988,
      7.184332847595215,
      7.735139846801758
    ],
    [
      -2.6196017265319824,
      0.9856109023094177,
      0.0832361951470375,
      0.8443431854248047,
      3.4189882278442383,
      4.628014087677002,
      14.168004035949707,
      14.462767601013184,
      18.443092346191406,
      23.751317977905273,
      15.715651512145996,
      13.888681411743164,
      12.433911323547363,
      11.179186820983887,
      13.447322845458984,
      13.801094055175781,
      7.684491157531738,
      8.474397659301758
    ],
    [
      -4.625143527984619,
      0.7484717965126038,
      1.0823071002960205,
      1.4473410844802856,
      7.03245210647583,
      7.027077674865723,
      13.083199501037598,
      13.316526412963867,
      14.160749435424805,
      15.715651512145996,
      22.72908592224121,
      17.896394729614258,
      18.224105834960938,
      16.936033248901367,
      18.16199493408203,
      18.34261703491211,
      10.820396423339844,
      11.52888298034668
    ],
    [
      -3.6870296001434326,
      0.03110693208873272,
      0.4488609731197357,
      1.1142890453338623,
      6.148426055908203,
      6.8283257484436035,
      11.788056373596191,
      11.394245147705078,
      12.316941261291504,
      13.888681411743164,
      17.896394729614258,
      17.09375,
      15.149703025817871,
      14.578110694885254,
      14.863778114318848,
      15.117908477783203,
      9.246694564819336,
      9.840062141418457
    ],
    [
      -5.457886219024658,
      0.22454288601875305,
      1.5568095445632935,
      2.058194160461426,
      9.093441009521484,
      8.806597709655762,
      12.21544075012207,
      13.023407936096191,
      10.669120788574219,
      12.433911323547363,
      18.224105834960938,
      15.149703025817871,
      23.444782257080078,
      20.129287719726562,
      22.164907455444336,
      22.92429542541504,
      13.259915351867676,
      13.952800750732422
    ],
    [
      -4.8567280769348145,
      -0.40830451250076294,
      1.6558278799057007,
      1.6207910776138306,
      8.10243034362793,
      7.963261127471924,
      10.953719139099121,
      10.953936576843262,
      10.398089408874512,
      11.179186820983887,
      16.936033248901367,
      14.578110694885254,
      20.129287719726562,
      20.50050926208496,
      21.561046600341797,
      22.047948837280273,
      13.665336608886719,
      14.335064888000488
    ],
    [
      -6.251398086547852,
      -0.21456925570964813,
      2.6035163402557373,
      2.4522640705108643,
      9.627663612365723,
      9.190600395202637,
      12.392657279968262,
      14.028122901916504,
      11.56937313079834,
      13.447322845458984,
      18.16199493408203,
      14.863778114318848,
      22.164907455444336,
      21.561046600341797,
      31.420024871826172,
      31.597618103027344,
      19.57915687561035,
      20.661890029907227
    ],
    [
      -8.101031303405762,
      -0.12365258485078812,
      1.860566258430481,
      2.4110910892486572,
      11.482156753540039,
      11.473008155822754,
      14.76093578338623,
      18.01265525817871,
      10.446759223937988,
      13.801094055175781,
      18.34261703491211,
      15.117908477783203,
      22.92429542541504,
      22.047948837280273,
      31.597618103027344,
      36.36259078979492,
      19.992687225341797,
      21.318904876708984
    ],
    [
      -2.725311279296875,
      -0.030450919643044472,
      2.0338940620422363,
      1.5234198570251465,
      5.162022590637207,
      5.588069438934326,
      6.84979772567749,
      7.701325416564941,
      7.184332847595215,
      7.684491157531738,
      10.820396423339844,
      9.246694564819336,
      13.259915351867676,
      13.665336608886719,
      19.57915687561035,
      19.992687225341797,
      17.914878845214844,
      18.20952606201172
    ],
    [
      -2.722508668899536,
      0.24567578732967377,
      2.1569907665252686,
      1.7670968770980835,
      5.508612632751465,
      6.024755477905273,
      7.735217094421387,
      8.766590118408203,
      7.735139846801758,
      8.474397659301758,
      11.52888298034668,
      9.840062141418457,
      13.952800750732422,
      14.335064888000488,
      20.661890029907227,
      21.318904876708984,
      18.20952606201172,
      19.387451171875
    ]
  ],
  "drr": 14.031194686889648,
  "dynamics": 2.2658629417419434,
  "format": 1245190,
  "frames": 5273600,
  "loudness": -14.151593208312988,
  "loudness_range": 5.413378715515137,
  "loudness_range_short": 7.25663948059082,
  "peak": -1.0601998567581177,
  "rms": -16.480375289916992,
  "sample_rate": 44100,
  "sections": 1,
  "seekable": 1,
  "sharpness": 1.7384597063064575,
  "space": -5.252923488616943
}