{
  "bands": [
    {
      "high_freq": 148.1999969482422,
      "loudness": -40.43537902832031,
      "loudness_range": 19.946170806884766,
      "mid_mean": -39.16340255737305,
      "mid_to_side_loudness": -1.3976091146469116,
      "mid_to_side_loudness_range": 4.438647747039795,
      "side_mean": -40.56789779663086
    },
    {
      "high_freq": 392.3793640136719,
      "loudness": -38.277992248535156,
      "loudness_range": 17.997222900390625,
      "low_freq": 148.1999969482422,
      "mid_mean": -37.359840393066406,
      "mid_to_side_loudness": -0.6292624473571777,
      "mid_to_side_loudness_range": 3.827425479888916,
      "side_mean": -37.92498779296875
    },
    {
      "high_freq": 794.6976318359375,
      "loudness": -44.0789680480957,
      "loudness_range": 24.04904556274414,
      "low_freq": 392.3793640136719,
      "mid_mean": -43.206119537353516,
      "mid_to_side_loudness": -0.6688246726989746,
      "mid_to_side_loudness_range": 6.723369598388672,
      "side_mean": -43.87442398071289
    },
    {
      "high_freq": 1457.5709228515625,
      "loudness": -50.92082977294922,
      "loudness_range": 29.44141387939453,
      "low_freq": 794.6976318359375,
      "mid_mean": -50.42070388793945,
      "mid_to_side_loudness": -0.01790931448340416,
      "mid_to_side_loudness_range": 4.451662540435791,
      "side_mean": -50.404754638671875
    },
    {
      "high_freq": 2549.74365234375,
      "loudness": -57.78279113769531,
      "loudness_range": 31.51205062866211,
      "low_freq": 1457.5709228515625,
      "mid_mean": -56.2933464050293,
      "mid_to_side_loudness": -0.4511634111404419,
      "mid_to_side_loudness_range": 2.613006114959717,
      "side_mean": -56.66015625
    },
    {
      "high_freq": 4349.24462890625,
      "loudness": -59.48046112060547,
      "loudness_range": 24.473495483398438,
      "low_freq": 2549.74365234375,
      "mid_mean": -58.11281967163086,
      "mid_to_side_loudness": -0.024169163778424263,
      "mid_to_side_loudness_range": 1.3542574644088745,
      "side_mean": -58.121498107910156
    },
    {
      "high_freq": 7314.1640625,
      "loudness": -57.844329833984375,
      "loudness_range": 22.0062255859375,
      "low_freq": 4349.24462890625,
      "mid_mean": -56.879554748535156,
      "mid_to_side_loudness": 0.17209136486053467,
      "mid_to_side_loudness_range": 1.1645421981811523,
      "side_mean": -56.70961380004883
    },
    {
      "high_freq": 12199.2666015625,
      "loudness": -58.323848724365234,
      "loudness_range": 21.40595245361328,
      "low_freq": 7314.1640625,
      "mid_mean": -57.27525329589844,
      "mid_to_side_loudness": -0.04669786989688873,
      "mid_to_side_loudness_range": 0.828914999961853,
      "side_mean": -57.29814147949219
    },
    {
      "loudness": -58.75130081176758,
      "loudness_range": 19.17306900024414,
      "low_freq": 12199.2666015625,
      "mid_mean": -57.758270263671875,
      "mid_to_side_loudness": 0.04895348101854324,
      "mid_to_side_loudness_range": 0.6464660167694092,
      "side_mean": -57.690673828125
    }
  ],
  "bands_short": [
    {
      "high_freq": 148.1999969482422,
      "loudness": -43.74790954589844,
      "loudness_range": 24.00042152404785,
      "mid_mean": -43.01484298706055,
      "mid_to_side_loudness": -0.43985500931739807,
      "mid_to_side_loudness_range": 8.766456604003906,
      "side_mean": -43.520347595214844
    },
    {
      "high_freq": 392.3793640136719,
      "loudness": -37.996681213378906,
      "loudness_range": 18.580129623413086,
      "low_freq": 148.1999969482422,
      "mid_mean": -36.91324234008789,
      "mid_to_side_loudness": -1.1115742921829224,
      "mid_to_side_loudness_range": 6.047356605529785,
      "side_mean": -38.012027740478516
    },
    {
      "high_freq": 794.6976318359375,
      "loudness": -45.08759689331055,
      "loudness_range": 25.07081413269043,
      "low_freq": 392.3793640136719,
      "mid_mean": -44.203304290771484,
      "mid_to_side_loudness": -0.7973942756652832,
      "mid_to_side_loudness_range": 8.243314743041992,
      "side_mean": -45.000301361083984
    },
    {
      "high_freq": 1457.5709228515625,
      "loudness": -51.679649353027344,
      "loudness_range": 29.986400604248047,
      "low_freq": 794.6976318359375,
      "mid_mean": -51.18284606933594,
      "mid_to_side_loudness": -0.01019355934113264,
      "mid_to_side_loudness_range": 5.84111213684082,
      "side_mean": -51.17746353149414
    },
    {
      "high_freq": 2549.74365234375,
      "loudness": -58.95161056518555,
      "loudness_range": 31.74887466430664,
      "low_freq": 1457.5709228515625,
      "mid_mean": -57.29225158691406,
      "mid_to_side_loudness": -0.46536895632743835,
      "mid_to_side_loudness_range": 4.174899101257324,
      "side_mean": -57.67725372314453
    },
    {
      "high_freq": 4349.24462890625,
      "loudness": -60.133827209472656,
      "loudness_range": 24.71060562133789,
      "low_freq": 2549.74365234375,
      "mid_mean": -58.66402053833008,
      "mid_to_side_loudness": -0.048569049686193466,
      "mid_to_side_loudness_range": 2.806431770324707,
      "side_mean": -58.7122688293457
    },
    {
      "high_freq": 7314.1640625,
      "loudness": -58.32126235961914,
      "loudness_range": 22.144149780273438,
      "low_freq": 4349.24462890625,
      "mid_mean": -57.3172721862793,
      "mid_to_side_loudness": 0.20071730017662048,
      "mid_to_side_loudness_range": 2.3253302574157715,
      "side_mean": -57.13642883300781
    },
    {
      "high_freq": 12199.2666015625,
      "loudness": -58.85512161254883,
      "loudness_range": 21.163143157958984,
      "low_freq": 7314.1640625,
      "mid_mean": -57.754520416259766,
      "mid_to_side_loudness": -0.041335854679346085,
      "mid_to_side_loudness_range": 1.838294267654419,
      "side_mean": -57.785335540771484
    },
    {
      "loudness": -59.37375259399414,
      "loudness_range": 19.712730407714844,
      "low_freq": 12199.2666015625,
      "mid_mean": -58.310157775878906,
      "mid_to_side_loudness": 0.06404996663331985,
      "mid_to_side_loudness_range": 1.4992587566375732,
      "side_mean": -58.24192428588867
    }
  ],
  "channels": 2,
  "covariance": [
    [
      44.89350509643555,
      41.9200553894043,
      20.229578018188477,
      20.063512802124023,
      12.229375839233398,
      11.959961891174316,
      3.7129526138305664,
      4.3579325675964355,
      -2.097808361053467,
      -2.0855586528778076,
      -4.458965301513672,
      -4.479122638702393,
      -4.164844512939453,
      -3.975343704223633,
      -3.229679822921753,
      -3.057419538497925,
      -1.5139267444610596,
      -1.6310036182403564
    ],
    [
      41.9200553894043,
      42.06185531616211,
      20.093420028686523,
      19.90827178955078,
      12.779316902160645,
      12.90660572052002,
      5.563234329223633,
      6.286082744598389,
      0.41259995102882385,
      0.4896673262119293,
      -2.453578472137451,
      -2.460251808166504,
      -2.8672289848327637,
      -2.732085704803467,
      -2.1640701293945312,
      -1.999631404876709,
      -0.8620649576187134,
      -0.9735862612724304
    ],
    [
      20.229578018188477,
      20.093420028686523,
      39.60904312133789,
      37.3656005859375,
      30.426725387573242,
      29.643966674804688,
      23.859575271606445,
      23.697406768798828,
      16.921188354492188,
      16.023500442504883,
      7.026021480560303,
      6.8123650550842285,
      4.659536838531494,
      4.830900192260742,
      3.563363790512085,
      3.795358657836914,
      3.758220672607422,
      3.759981155395508
    ],
    [
      20.063512802124023,
      19.90827178955078,
      37.3656005859375,
      37.66176223754883,
      27.96660614013672,
      26.907329559326172,
      20.400529861450195,
      20.30681800842285,
      13.98214054107666,
      13.249181747436523,
      4.8102641105651855,
      4.647922515869141,
      2.512779951095581,
      2.726677179336548,
      1.6690807342529297,
      1.889802098274231,
      2.284752607345581,
      2.2630198001861572
    ],
    [
      12.229375839233398,
      12.779316902160645,
      30.426725387573242,
      27.96660614013672,
      62.34371566772461,
      61.991153717041016,
      53.053131103515625,
      53.26638412475586,
      53.23963928222656,
      53.051937103271484,
      29.386980056762695,
      29.405794143676758,
      18.822412490844727,
      19.090566635131836,
      14.554168701171875,
      14.651267051696777,
      9.964542388916016,
      10.041841506958008
    ],
    [
      11.959961891174316,
      12.90660572052002,
      29.643966674804688,
      26.907329559326172,
      61.991153717041016,
      67.06221008300781,
      57.196044921875,
      57.91641616821289,
      55.89244842529297,
      55.72816467285156,
      32.3320198059082,
      32.30680465698242,
      21.016864776611328,
      21.24278450012207,
      16.44162940979004,
      16.505399703979492,
      11.248666763305664,
      11.363844871520996
    ],
    [
      3.7129526138305664,
      5.563234329223633,
      23.859575271606445,
      20.400529861450195,
      53.053131103515625,
      57.196044921875,
      92.18115234375,
      92.1410140991211,
      77.95773315429688,
      78.1270980834961,
      52.96675491333008,
      52.627201080322266,
      35.83893585205078,
      36.062965393066406,
      28.253320693969727,
      28.312923431396484,
      19.16995620727539,
      19.322154998779297
    ],
    [
      4.3579325675964355,
      6.286082744598389,
      23.697406768798828,
      20.30681800842285,
      53.26638412475586,
      57.91641616821289,
      92.1410140991211,
      94.5670166015625,
      77.68190002441406,
      78.00299835205078,
      52.41171646118164,
      52.16707992553711,
      35.18385314941406,
      35.41218185424805,
      27.860607147216797,
      27.91522789001465,
      18.90680503845215,
      19.061622619628906
    ],
    [
      -2.097808361053467,
      0.41259995102882385,
      16.921188354492188,
      13.98214054107666,
      53.23963928222656,
      55.89244842529297,
      77.95773315429688,
      77.68190002441406,
      91.02661895751953,
      90.615234375,
      61.609222412109375,
      61.605323791503906,
      44.788455963134766,
      44.876102447509766,
      35.8668212890625,
      35.86774444580078,
      24.15376091003418,
      24.310752868652344
    ],
    [
      -2.0855586528778076,
      0.4896673262119293,
      16.023500442504883,
      13.249181747436523,
      53.051937103271484,
      55.72816467285156,
      78.1270980834961,
      78.00299835205078,
      90.615234375,
      91.05406951904297,
      61.72260665893555,
      61.72935485839844,
      44.594337463378906,
      44.67156219482422,
      35.64651870727539,
      35.641380310058594,
      23.957351684570312,
      24.111236572265625
    ],
    [
      -4.458965301513672,
      -2.453578472137451,
      7.026021480560303,
      4.8102641105651855,
      29.386980056762695,
      32.3320198059082,
      52.96675491333008,
      52.41171646118164,
      61.609222412109375,
      61.72260665893555,
      56.74913024902344,
      56.34812927246094,
      47.1121711730957,
      46.909481048583984,
      39.91815948486328,
      39.86560821533203,
      29.803482055664062,
      30.078182220458984
    ],
    [
      -4.479122638702393,
      -2.460251808166504,
      6.8123650550842285,
      4.647922515869141,
      29.405794143676758,
      32.30680465698242,
      52.627201080322266,
      52.16707992553711,
      61.605323791503906,
      61.72935485839844,
      56.34812927246094,
      56.131473541259766,
      46.6749153137207,
      46.481529235839844,
      39.461448669433594,
      39.40372085571289,
      29.29637336730957,
      29.559823989868164
    ],
    [
      -4.164844512939453,
      -2.8672289848327637,
      4.659536838531494,
      2.512779951095581,
      18.822412490844727,
      21.016864776611328,
      35.83893585205078,
      35.18385314941406,
      44.788455963134766,
      44.594337463378906,
      47.1121711730957,
      46.6749153137207,
      48.60224914550781,
      48.207332611083984,
      44.568702697753906,
      44.563446044921875,
      36.26263427734375,
      36.6650505065918
    ],
    [
      -3.975343704223633,
      -2.732085704803467,
      4.830900192260742,
      2.726677179336548,
      19.090566635131836,
      21.24278450012207,
      36.062965393066406,
      35.41218185424805,
      44.876102447509766,
      44.67156219482422,
      46.909481048583984,
      46.481529235839844,
      48.207332611083984,
      47.967159271240234,
      44.155784606933594,
      44.159690856933594,
      35.83884048461914,
      36.23149871826172
    ],
    [
      -3.229679822921753,
      -2.1640701293945312,
      3.563363790512085,
      1.6690807342529297,
      14.554168701171875,
      16.44162940979004,
      28.253320693969727,
      27.860607147216797,
      35.8668212890625,
      35.64651870727539,
      39.91815948486328,
      39.461448669433594,
      44.568702697753906,
      44.155784606933594,
      44.075286865234375,
      44.08169174194336,
      37.509273529052734,
      37.94719696044922
    ],
    [
      -3.057419538497925,
      -1.999631404876709,
      3.795358657836914,
      1.889802098274231,
      14.651267051696777,
      16.505399703979492,
      28.312923431396484,
      27.91522789001465,
      35.86774444580078,
      35.641380310058594,
      39.86560821533203,
      39.40372085571289,
      44.563446044921875,
      44.159690856933594,
      44.08169174194336,
      44.158504486083984,
      37.64619827270508,
      38.08060073852539
    ],
    [
      -1.5139267444610596,
      -0.8620649576187134,
      3.758220672607422,
      2.284752607345581,
      9.964542388916016,
      11.248666763305664,
      19.16995620727539,
      18.90680503845215,
      24.15376091003418,
      23.957351684570312,
      29.803482055664062,
      29.29637336730957,
      36.26263427734375,
      35.83884048461914,
      37.509273529052734,
      37.64619827270508,
      35.17402267456055,
      35.56619644165039
    ],
    [
      -1.6310036182403564,
      -0.9735862612724304,
      3.759981155395508,
      2.2630198001861572,
      10.041841506958008,
      11.363844871520996,
      19.322154998779297,
      19.061622619628906,
      24.310752868652344,
      24.111236572265625,
      30.078182220458984,
      29.559823989868164,
      36.6650505065918,
      36.23149871826172,
      37.94719696044922,
      38.08060073852539,
      35.56619644165039,
      36.00104904174805
    ]
  ],
  "covariance_short": [
    [
      70.71691131591797,
      62.17068099975586,
      27.857074737548828,
      28.653329849243164,
      13.51175308227539,
      13.374393463134766,
      5.301979064941406,
      6.061403274536133,
      -1.979733943939209,
      -1.8781211376190186,
      -4.613957405090332,
      -4.629930019378662,
      -3.9051685333251953,
      -3.8140196800231934,
      -2.3406431674957275,
      -2.161376714706421,
      0.28669553995132446,
      0.1702297329902649
    ],
    [
      62.17068099975586,
      63.03314208984375,
      24.442426681518555,
      25.718114852905273,
      13.198504447937012,
      13.255023002624512,
      6.416439056396484,
      7.110471248626709,
      0.6142330765724182,
      0.8137136697769165,
      -1.987913966178894,
      -1.9815915822982788,
      -1.5539780855178833,
      -1.5205079317092896,
      -0.1795012503862381,
      -0.006166332401335239,
      1.6404446363449097,
      1.5664702653884888
    ],
    [
      27.857074737548828,
      24.442426681518555,
      41.05274200439453,
      38.829345703125,
      30.693552017211914,
      29.719799041748047,
      23.88579559326172,
      23.646549224853516,
      15.17021656036377,
      14.273317337036133,
      6.534859657287598,
      6.289773464202881,
      5.0930070877075195,
      5.283392429351807,
      4.333987712860107,
      4.626434803009033,
      4.9274749755859375,
      4.95294713973999
    ],
    [
      28.653329849243164,
      25.718114852905273,
      38.829345703125,
      41.64731979370117,
      29.858684539794922,
      28.763811111450195,
      22.525646209716797,
      22.446409225463867,
      13.885405540466309,
      13.074979782104492,
      5.328266143798828,
      5.1366286277771,
      3.63277268409729,
      3.8550667762756348,
      2.971099376678467,
      3.2550458908081055,
      3.842897891998291,
      3.854538917541504
    ],
    [
      13.51175308227539,
      13.198504447937012,
      30.693552017211914,
      29.858684539794922,
      66.37606811523438,
      64.45938110351562,
      55.44146728515625,
      54.87614822387695,
      52.40177536010742,
      51.878204345703125,
      29.05026626586914,
      28.820775985717773,
      18.504924774169922,
      18.72527313232422,
      13.797475814819336,
      13.953303337097168,
      9.674046516418457,
      9.695632934570312
    ],
    [
      13.374393463134766,
      13.255023002624512,
      29.719799041748047,
      28.763811111450195,
      64.45938110351562,
      71.08729553222656,
      58.15835952758789,
      58.0664176940918,
      54.685264587402344,
      54.12355041503906,
      31.697208404541016,
      31.468265533447266,
      20.46404266357422,
      20.642539978027344,
      15.329008102416992,
      15.450963020324707,
      10.632889747619629,
      10.703315734863281
    ],
    [
      5.301979064941406,
      6.416439056396484,
      23.88579559326172,
      22.525646209716797,
      55.44146728515625,
      58.15835952758789,
      93.73522186279297,
      92.98307800292969,
      75.24357604980469,
      75.18864440917969,
      48.583351135253906,
      48.10003662109375,
      33.138545989990234,
      33.43728256225586,
      24.783863067626953,
      24.892696380615234,
      16.70299530029297,
      16.80655860900879
    ],
    [
      6.061403274536133,
      7.110471248626709,
      23.646549224853516,
      22.446409225463867,
      54.87614822387695,
      58.0664176940918,
      92.98307800292969,
      96.23247528076172,
      74.73577880859375,
      74.8255615234375,
      48.223594665527344,
      47.825286865234375,
      32.57947540283203,
      32.870460510253906,
      24.553253173828125,
      24.653759002685547,
      16.61100959777832,
      16.723621368408203
    ],
    [
      -1.979733943939209,
      0.6142330765724182,
      15.17021656036377,
      13.885405540466309,
      52.40177536010742,
      54.685264587402344,
      75.24357604980469,
      74.73577880859375,
      87.27510070800781,
      86.10047149658203,
      57.69746398925781,
      57.41889953613281,
      41.21907424926758,
      41.38331604003906,
      31.529930114746094,
      31.520767211914062,
      20.88307762145996,
      21.016740798950195
    ],
    [
      -1.8781211376190186,
      0.8137136697769165,
      14.273317337036133,
      13.074979782104492,
      51.878204345703125,
      54.12355041503906,
      75.18864440917969,
      74.8255615234375,
      86.10047149658203,
      86.76409912109375,
      57.602020263671875,
      57.33136749267578,
      40.921878814697266,
      41.070556640625,
      31.268856048583984,
      31.261886596679688,
      20.701276779174805,
      20.824636459350586
    ],
    [
      -4.613957405090332,
      -1.987913966178894,
      6.534859657287598,
      5.328266143798828,
      29.05026626586914,
      31.697208404541016,
      48.583351135253906,
      48.223594665527344,
      57.69746398925781,
      57.602020263671875,
      54.99855041503906,
      54.19014358520508,
      45.53144836425781,
      45.42837905883789,
      37.533206939697266,
      37.487548828125,
      28.128726959228516,
      28.435150146484375
    ],
    [
      -4.629930019378662,
      -1.9815915822982788,
      6.289773464202881,
      5.1366286277771,
      28.820775985717773,
      31.468265533447266,
      48.10003662109375,
      47.825286865234375,
      57.41889953613281,
      57.33136749267578,
      54.19014358520508,
      54.073848724365234,
      44.970489501953125,
      44.87187194824219,
      36.962032318115234,
      36.906639099121094,
      27.51243019104004,
      27.80203628540039
    ],
    [
      -3.9051685333251953,
      -1.5539780855178833,
      5.0930070877075195,
      3.63277268409729,
      18.504924774169922,
      20.46404266357422,
      33.138545989990234,
      32.57947540283203,
      41.21907424926758,
      40.921878814697266,
      45.53144836425781,
      44.970489501953125,
      47.822811126708984,
      47.339927673339844,
      42.93362808227539,
      42.943519592285156,
      35.12483596801758,
      35.57889175415039
    ],
    [
      -3.8140196800231934,
      -1.5205079317092896,
      5.283392429351807,
      3.8550667762756348,
      18.72527313232422,
      20.642539978027344,
      33.43728256225586,
      32.870460510253906,
      41.38331604003906,
      41.070556640625,
      45.42837905883789,
      44.87187194824219,
      47.339927673339844,
      47.388877868652344,
      42.60411071777344,
      42.62800979614258,
      34.74921798706055,
      35.191219329833984
    ],
    [
      -2.3406431674957275,
      -0.1795012503862381,
      4.333987712860107,
      2.971099376678467,
      13.797475814819336,
      15.329008102416992,
      24.783863067626953,
      24.553253173828125,
      31.529930114746094,
      31.268856048583984,
      37.533206939697266,
      36.962032318115234,
      42.93362808227539,
      42.60411071777344,
      42.89034652709961,
      42.822723388671875,
      36.95888137817383,
      37.44718933105469
    ],
    [
      -2.161376714706421,
      -0.006166332401335239,
      4.626434803009033,
      3.2550458908081055,
      13.953303337097168,
      15.450963020324707,
      24.892696380615234,
      24.653759002685547,
      31.520767211914062,
      31.261886596679688,
      37.487548828125,
      36.906639099121094,
      42.943519592285156,
      42.62800979614258,
      42.822723388671875,
      43.071903228759766,
      37.12635040283203,
      37.610618591308594
    ],
    [
      0.28669553995132446,
      1.6404446363449097,
      4.9274749755859375,
      3.842897891998291,
      9.674046516418457,
      10.632889747619629,
      16.70299530029297,
      16.61100959777832,
      20.88307762145996,
      20.701276779174805,
      28.128726959228516,
      27.51243019104004,
      35.12483596801758,
      34.74921798706055,
      36.95888137817383,
      37.12635040283203,
      35.9978141784668,
      36.3527946472168
    ],
    [
      0.1702297329902649,
      1.5664702653884888,
      4.95294713973999,
      3.854538917541504,
      9.695632934570312,
      10.703315734863281,
      16.80655860900879,
      16.723621368408203,
      21.016740798950195,
      20.824636459350586,
      28.435150146484375,
      27.80203628540039,
      35.57889175415039,
      35.191219329833984,
      37.44718933105469,
      37.610618591308594,
      36.3527946472168,
      36.91415023803711
    ]
  ],
  "drr": 12.909811019897461,
  "dynamics": 4.954150676727295,
  "format": 1245190,
  "frames": 13633536,
  "loudness": -29.304452896118164,
  "loudness_range": 14.433116912841797,
  "loudness_range_short": 17.151517868041992,
  "peak": -4.871261119842529,
  "rms": -29.247648239135742,
  "sample_rate": 44100,
  "sections": 1,
  "seekable": 1,
  "sharpness": 3.4564433097839355,
  "space": -0.7427597641944885
}