{
  "bands": [
    {
      "high_freq": 148.1999969482422,
      "loudness": -51.33567810058594,
      "loudness_range": 28.673702239990234,
      "mid_mean": -51.13758850097656,
      "mid_to_side_loudness": 0.6853979825973511,
      "mid_to_side_loudness_range": 10.62701416015625,
      "side_mean": -50.22107696533203
    },
    {
      "high_freq": 392.3793640136719,
      "loudness": -42.68694305419922,
      "loudness_range": 17.259002685546875,
      "low_freq": 148.1999969482422,
      "mid_mean": -42.77826690673828,
      "mid_to_side_loudness": 0.878757119178772,
      "mid_to_side_loudness_range": 8.187572479248047,
      "side_mean": -41.8272590637207
    },
    {
      "high_freq": 794.6976318359375,
      "loudness": -43.992919921875,
      "loudness_range": 15.521278381347656,
      "low_freq": 392.3793640136719,
      "mid_mean": -43.63207244873047,
      "mid_to_side_loudness": 0.13707765936851501,
      "mid_to_side_loudness_range": 8.457769393920898,
      "side_mean": -43.473663330078125
    },
    {
      "high_freq": 1457.5709228515625,
      "loudness": -48.021812438964844,
      "loudness_range": 17.35354232788086,
      "low_freq": 794.6976318359375,
      "mid_mean": -47.47942352294922,
      "mid_to_side_loudness": -0.1389651745557785,
      "mid_to_side_loudness_range": 8.333325386047363,
      "side_mean": -47.627540588378906
    },
    {
      "high_freq": 2549.74365234375,
      "loudness": -47.92393493652344,
      "loudness_range": 16.546062469482422,
      "low_freq": 1457.5709228515625,
      "mid_mean": -47.30760192871094,
      "mid_to_side_loudness": -0.07455980777740479,
      "mid_to_side_loudness_range": 4.879563808441162,
      "side_mean": -47.37351608276367
    },
    {
      "high_freq": 4349.24462890625,
      "loudness": -50.32875442504883,
      "loudness_range": 20.974929809570312,
      "low_freq": 2549.74365234375,
      "mid_mean": -50.27975845336914,
      "mid_to_side_loudness": 0.21976158022880554,
      "mid_to_side_loudness_range": 3.9955296516418457,
      "side_mean": -50.0587272644043
    },
    {
      "high_freq": 7314.1640625,
      "loudness": -65.6120834350586,
      "loudness_range": 22.090232849121094,
      "low_freq": 4349.24462890625,
      "mid_mean": -63.085960388183594,
      "mid_to_side_loudness": 0.03857100382447243,
      "mid_to_side_loudness_range": 3.5203299522399902,
      "side_mean": -63.03915786743164
    },
    {
      "high_freq": 12199.2666015625,
      "loudness": -72.925537109375,
      "loudness_range": 21.014278411865234,
      "low_freq": 7314.1640625,
      "mid_mean": -67.1644515991211,
      "mid_to_side_loudness": -0.049703896045684814,
      "mid_to_side_loudness_range": 1.7234127521514893,
      "side_mean": -67.1965560913086
    },
    {
      "loudness": -77.56658935546875,
      "loudness_range": 18.533050537109375,
      "low_freq": 12199.2666015625,
      "mid_mean": -68.99515533447266,
      "mid_to_side_loudness": -0.020842384546995163,
      "mid_to_side_loudness_range": 1.4157260656356812,
      "side_mean": -69.00852966308594
    }
  ],
  "bands_short": [
    {
      "high_freq": 148.1999969482422,
      "loudness": -56.68255615234375,
      "loudness_range": 28.801124572753906,
      "mid_mean": -55.342437744140625,
      "mid_to_side_loudness": -1.3281371593475342,
      "mid_to_side_loudness_range": 13.220817565917969,
      "side_mean": -56.11745071411133
    },
    {
      "high_freq": 392.3793640136719,
      "loudness": -43.31989669799805,
      "loudness_range": 19.488582611083984,
      "low_freq": 148.1999969482422,
      "mid_mean": -43.92512893676758,
      "mid_to_side_loudness": 1.3276523351669312,
      "mid_to_side_loudness_range": 11.276922225952148,
      "side_mean": -42.453250885009766
    },
    {
      "high_freq": 794.6976318359375,
      "loudness": -44.360069274902344,
      "loudness_range": 19.59095001220703,
      "low_freq": 392.3793640136719,
      "mid_mean": -44.099609375,
      "mid_to_side_loudness": -0.04793417826294899,
      "mid_to_side_loudness_range": 11.721965789794922,
      "side_mean": -44.16178894042969
    },
    {
      "high_freq": 1457.5709228515625,
      "loudness": -48.773677825927734,
      "loudness_range": 19.04779815673828,
      "low_freq": 794.6976318359375,
      "mid_mean": -48.424163818359375,
      "mid_to_side_loudness": -0.12261750549077988,
      "mid_to_side_loudness_range": 10.655731201171875,
      "side_mean": -48.55400466918945
    },
    {
      "high_freq": 2549.74365234375,
      "loudness": -49.46168899536133,
      "loudness_range": 20.640094757080078,
      "low_freq": 1457.5709228515625,
      "mid_mean": -49.010986328125,
      "mid_to_side_loudness": -0.030842849984765053,
      "mid_to_side_loudness_range": 7.711154937744141,
      "side_mean": -49.03578567504883
    },
    {
      "high_freq": 4349.24462890625,
      "loudness": -51.70870590209961,
      "loudness_range": 24.51049041748047,
      "low_freq": 2549.74365234375,
      "mid_mean": -51.715084075927734,
      "mid_to_side_loudness": 0.09098099172115326,
      "mid_to_side_loudness_range": 6.055446624755859,
      "side_mean": -51.627464294433594
    },
    {
      "high_freq": 7314.1640625,
      "loudness": -66.70125579833984,
      "loudness_range": 24.41824722290039,
      "low_freq": 4349.24462890625,
      "mid_mean": -63.95181655883789,
      "mid_to_side_loudness": 0.019514871761202812,
      "mid_to_side_loudness_range": 5.09915828704834,
      "side_mean": -63.914451599121094
    },
    {
      "high_freq": 12199.2666015625,
      "loudness": -73.09361267089844,
      "loudness_range": 22.011791229248047,
      "low_freq": 7314.1640625,
      "mid_mean": -67.55213928222656,
      "mid_to_side_loudness": -0.04282227158546448,
      "mid_to_side_loudness_range": 2.7112374305725098,
      "side_mean": -67.58287811279297
    },
    {
      "loudness": -77.24726867675781,
      "loudness_range": 19.34259033203125,
      "low_freq": 12199.2666015625,
      "mid_mean": -69.13050842285156,
      "mid_to_side_loudness": 0.017326822504401207,
      "mid_to_side_loudness_range": 3.089242696762085,
      "side_mean": -69.1390151977539
    }
  ],
  "channels": 2,
  "covariance": [
    [
      75.11652374267578,
      82.6017837524414,
      25.037456512451172,
      25.055591583251953,
      11.10325813293457,
      9.276261329650879,
      4.081088542938232,
      4.103420257568359,
      0.025662055239081383,
      1.358727216720581,
      3.8710360527038574,
      4.875002384185791,
      -3.5467703342437744,
      -3.4805774688720703,
      -2.6956214904785156,
      -2.4739840030670166,
      -1.321831464767456,
      -1.206213116645813
    ],
    [
      82.6017837524414,
      100.33966064453125,
      29.420019149780273,
      29.851757049560547,
      12.776262283325195,
      10.723289489746094,
      4.586073875427246,
      4.253941535949707,
      2.1126708984375,
      2.951066493988037,
      6.7696075439453125,
      8.218156814575195,
      -2.9440383911132812,
      -2.958009719848633,
      -2.4740045070648193,
      -2.208723545074463,
      -1.3203046321868896,
      -1.1457051038742065
    ],
    [
      25.037456512451172,
      29.420019149780273,
      42.137550354003906,
      36.70458221435547,
      17.837902069091797,
      16.564876556396484,
      13.860727310180664,
      14.659664154052734,
      11.02204418182373,
      11.438820838928223,
      10.58333683013916,
      9.593446731567383,
      3.110286235809326,
      3.6027705669403076,
      0.7130824327468872,
      0.7710384726524353,
      0.1791844516992569,
      0.2529081404209137
    ],
    [
      25.055591583251953,
      29.851757049560547,
      36.70458221435547,
      41.81637191772461,
      17.207860946655273,
      16.05220603942871,
      13.317068099975586,
      14.533735275268555,
      9.861513137817383,
      10.056947708129883,
      9.165541648864746,
      8.442998886108398,
      2.228005886077881,
      2.656508684158325,
      0.3043040633201599,
      0.3245885968208313,
      -0.06511235982179642,
      0.00039071726496331394
    ],
    [
      11.10325813293457,
      12.776262283325195,
      17.837902069091797,
      17.207860946655273,
      32.49639129638672,
      29.248327255249023,
      18.712133407592773,
      19.298519134521484,
      19.55061149597168,
      19.954050064086914,
      18.77470588684082,
      19.048397064208984,
      12.455694198608398,
      13.245553016662598,
      6.560784816741943,
      6.535867214202881,
      2.4860970973968506,
      2.459745168685913
    ],
    [
      9.276261329650879,
      10.723289489746094,
      16.564876556396484,
      16.05220603942871,
      29.248327255249023,
      35.040809631347656,
      18.95412826538086,
      20.146516799926758,
      20.193397521972656,
      20.559711456298828,
      20.337848663330078,
      20.436906814575195,
      13.620758056640625,
      14.402865409851074,
      7.302713394165039,
      7.274476051330566,
      2.776974678039551,
      2.7723093032836914
    ],
    [
      4.081088542938232,
      4.586073875427246,
      13.860727310180664,
      13.317068099975586,
      18.712133407592773,
      18.95412826538086,
      37.5469970703125,
      30.989755630493164,
      24.766738891601562,
      24.339948654174805,
      27.747068405151367,
      28.13881492614746,
      21.083690643310547,
      21.241165161132812,
      11.411846160888672,
      11.23360538482666,
      5.604860305786133,
      5.477053165435791
    ],
    [
      4.103420257568359,
      4.253941535949707,
      14.659664154052734,
      14.533735275268555,
      19.298519134521484,
      20.146516799926758,
      30.989755630493164,
      32.42683410644531,
      24.15093994140625,
      24.145729064941406,
      29.940147399902344,
      30.387439727783203,
      21.157211303710938,
      21.60335350036621,
      12.000347137451172,
      11.827150344848633,
      5.481245040893555,
      5.352665424346924
    ],
    [
      0.025662055239081383,
      2.1126708984375,
      11.02204418182373,
      9.861513137817383,
      19.55061149597168,
      20.193397521972656,
      24.766738891601562,
      24.15093994140625,
      34.055721282958984,
      32.446556091308594,
      30.258041381835938,
      30.591115951538086,
      22.242137908935547,
      22.399898529052734,
      11.436920166015625,
      11.451088905334473,
      5.127471923828125,
      5.088913917541504
    ],
    [
      1.358727216720581,
      2.951066493988037,
      11.438820838928223,
      10.056947708129883,
      19.954050064086914,
      20.559711456298828,
      24.339948654174805,
      24.145729064941406,
      32.446556091308594,
      34.04216003417969,
      29.541776657104492,
      29.957435607910156,
      22.08989906311035,
      22.332534790039062,
      11.497220993041992,
      11.485249519348145,
      5.110794544219971,
      5.087577819824219
    ],
    [
      3.8710360527038574,
      6.7696075439453125,
      10.58333683013916,
      9.165541648864746,
      18.77470588684082,
      20.337848663330078,
      27.747068405151367,
      29.940147399902344,
      30.258041381835938,
      29.541776657104492,
      57.0032844543457,
      56.53748321533203,
      33.67510223388672,
      34.377628326416016,
      19.24486541748047,
      18.93985366821289,
      8.04780101776123,
      7.894646167755127
    ],
    [
      4.875002384185791,
      8.218156814575195,
      9.593446731567383,
      8.442998886108398,
      19.048397064208984,
      20.436906814575195,
      28.13881492614746,
      30.387439727783203,
      30.591115951538086,
      29.957435607910156,
      56.53748321533203,
      58.16223907470703,
      34.24163055419922,
      34.981842041015625,
      19.715673446655273,
      19.388446807861328,
      8.304710388183594,
      8.13322639465332
    ],
    [
      -3.5467703342437744,
      -2.9440383911132812,
      3.110286235809326,
      2.228005886077881,
      12.455694198608398,
      13.620758056640625,
      21.083690643310547,
      21.157211303710938,
      22.242137908935547,
      22.08989906311035,
      33.67510223388672,
      34.24163055419922,
      28.53742027282715,
      28.624000549316406,
      16.2947998046875,
      16.04998207092285,
      7.56109094619751,
      7.429566383361816
    ],
    [
      -3.4805774688720703,
      -2.958009719848633,
      3.6027705669403076,
      2.656508684158325,
      13.245553016662598,
      14.402865409851074,
      21.241165161132812,
      21.60335350036621,
      22.399898529052734,
      22.332534790039062,
      34.377628326416016,
      34.981842041015625,
      28.624000549316406,
      29.63811683654785,
      16.7369327545166,
      16.46556854248047,
      7.780533313751221,
      7.636651515960693
    ],
    [
      -2.6956214904785156,
      -2.4740045070648193,
      0.7130824327468872,
      0.3043040633201599,
      6.560784816741943,
      7.302713394165039,
      11.411846160888672,
      12.000347137451172,
      11.436920166015625,
      11.497220993041992,
      19.24486541748047,
      19.715673446655273,
      16.2947998046875,
      16.7369327545166,
      11.21917724609375,
      10.937653541564941,
      5.268291473388672,
      5.154789447784424
    ],
    [
      -2.4739840030670166,
      -2.208723545074463,
      0.7710384726524353,
      0.3245885968208313,
      6.535867214202881,
      7.274476051330566,
      11.23360538482666,
      11.827150344848633,
      11.451088905334473,
      11.485249519348145,
      18.93985366821289,
      19.388446807861328,
      16.04998207092285,
      16.46556854248047,
      10.937653541564941,
      10.824092864990234,
      5.136703014373779,
      5.031705856323242
    ],
    [
      -1.321831464767456,
      -1.3203046321868896,
      0.1791844516992569,
      -0.06511235982179642,
      2.4860970973968506,
      2.776974678039551,
      5.604860305786133,
      5.481245040893555,
      5.127471923828125,
      5.110794544219971,
      8.04780101776123,
      8.304710388183594,
      7.56109094619751,
      7.780533313751221,
      5.268291473388672,
      5.136703014373779,
      2.9237818717956543,
      2.840776205062866
    ],
    [
      -1.206213116645813,
      -1.1457051038742065,
      0.2529081404209137,
      0.00039071726496331394,
      2.459745168685913,
      2.7723093032836914,
      5.477053165435791,
      5.352665424346924,
      5.088913917541504,
      5.087577819824219,
      7.894646167755127,
      8.13322639465332,
      7.429566383361816,
      7.636651515960693,
      5.154789447784424,
      5.031705856323242,
      2.840776205062866,
      2.788536310195923
    ]
  ],
  "covariance_short": [
    [
      73.6523666381836,
      77.70498657226562,
      30.319536209106445,
      28.940937042236328,
      13.915384292602539,
      11.429084777832031,
      7.487771987915039,
      7.051525592803955,
      1.9430248737335205,
      3.232149839401245,
      3.325110912322998,
      3.9008991718292236,
      -1.9679104089736938,
      -2.0077362060546875,
      -1.5471186637878418,
      -1.421982765197754,
      -0.9628940224647522,
      -0.9109432697296143
    ],
    [
      77.70498657226562,
      95.21803283691406,
      35.91619110107422,
      35.45123291015625,
      16.541950225830078,
      13.676846504211426,
      9.235692977905273,
      8.58635139465332,
      3.333012104034424,
      4.557157516479492,
      5.55194091796875,
      6.320688724517822,
      -1.1583802700042725,
      -1.0830492973327637,
      -1.1296664476394653,
      -1.0054470300674438,
      -0.7724713087081909,
      -0.6810703277587891
    ],
    [
      30.319536209106445,
      35.91619110107422,
      51.99814987182617,
      43.2099494934082,
      23.001062393188477,
      22.167255401611328,
      16.461353302001953,
      17.115833282470703,
      13.402729988098145,
      13.797368049621582,
      12.330663681030273,
      11.603202819824219,
      2.9649994373321533,
      3.2631731033325195,
      0.22655892372131348,
      0.21602655947208405,
      -0.03212848678231239,
      0.016053691506385803
    ],
    [
      28.940937042236328,
      35.45123291015625,
      43.2099494934082,
      53.22700119018555,
      22.58432960510254,
      22.672565460205078,
      16.722103118896484,
      17.823471069335938,
      13.52042007446289,
      13.576218605041504,
      11.91263484954834,
      11.455367088317871,
      2.5885708332061768,
      2.864201545715332,
      0.17333641648292542,
      0.09351271390914917,
      -0.14543746411800385,
      -0.0985858142375946
    ],
    [
      13.915384292602539,
      16.541950225830078,
      23.001062393188477,
      22.58432960510254,
      47.806331634521484,
      40.43050003051758,
      25.83987045288086,
      26.219493865966797,
      27.226238250732422,
      28.24298667907715,
      26.142276763916016,
      26.19795036315918,
      14.39918327331543,
      15.014869689941406,
      7.210116863250732,
      7.119088649749756,
      2.68644380569458,
      2.676180601119995
    ],
    [
      11.429084777832031,
      13.676846504211426,
      22.167255401611328,
      22.672565460205078,
      40.43050003051758,
      50.61176681518555,
      27.211511611938477,
      28.26616668701172,
      29.32328224182129,
      29.97550392150879,
      28.95375633239746,
      28.887426376342773,
      16.392683029174805,
      16.952274322509766,
      8.224799156188965,
      8.151013374328613,
      3.0494296550750732,
      3.045994997024536
    ],
    [
      7.487771987915039,
      9.235692977905273,
      16.461353302001953,
      16.722103118896484,
      25.83987045288086,
      27.211511611938477,
      49.23505401611328,
      40.24939727783203,
      35.30555725097656,
      35.25495147705078,
      38.81311798095703,
      39.40380096435547,
      24.511499404907227,
      24.676334381103516,
      12.452847480773926,
      12.203021049499512,
      5.8567938804626465,
      5.747437953948975
    ],
    [
      7.051525592803955,
      8.58635139465332,
      17.115833282470703,
      17.823471069335938,
      26.219493865966797,
      28.26616668701172,
      40.24939727783203,
      44.66160202026367,
      34.274200439453125,
      34.42007064819336,
      40.52653121948242,
      41.025081634521484,
      24.587514877319336,
      24.947420120239258,
      13.027155876159668,
      12.805907249450684,
      5.7247138023376465,
      5.625705242156982
    ],
    [
      1.9430248737335205,
      3.333012104034424,
      13.402729988098145,
      13.52042007446289,
      27.226238250732422,
      29.32328224182129,
      35.30555725097656,
      34.274200439453125,
      51.71393585205078,
      48.0699577331543,
      44.789520263671875,
      45.43056869506836,
      28.217126846313477,
      28.214773178100586,
      13.763057708740234,
      13.708462715148926,
      5.978697299957275,
      5.932409286499023
    ],
    [
      3.232149839401245,
      4.557157516479492,
      13.797368049621582,
      13.576218605041504,
      28.24298667907715,
      29.97550392150879,
      35.25495147705078,
      34.42007064819336,
      48.0699577331543,
      51.97386932373047,
      43.851234436035156,
      44.58957290649414,
      28.015304565429688,
      28.090152740478516,
      13.802013397216797,
      13.726092338562012,
      5.968713760375977,
      5.924712181091309
    ],
    [
      3.325110912322998,
      5.55194091796875,
      12.330663681030273,
      11.91263484954834,
      26.142276763916016,
      28.95375633239746,
      38.81311798095703,
      40.52653121948242,
      44.789520263671875,
      43.851234436035156,
      72.88590240478516,
      71.73043060302734,
      39.292457580566406,
      40.14133071899414,
      21.296138763427734,
      20.992656707763672,
      8.794581413269043,
      8.681779861450195
    ],
    [
      3.9008991718292236,
      6.320688724517822,
      11.603202819824219,
      11.455367088317871,
      26.19795036315918,
      28.887426376342773,
      39.40380096435547,
      41.025081634521484,
      45.43056869506836,
      44.58957290649414,
      71.73043060302734,
      74.80689239501953,
      40.08394241333008,
      40.952354431152344,
      21.8742618560791,
      21.549087524414062,
      9.08175277709961,
      8.946746826171875
    ],
    [
      -1.9679104089736938,
      -1.1583802700042725,
      2.9649994373321533,
      2.5885708332061768,
      14.39918327331543,
      16.392683029174805,
      24.511499404907227,
      24.587514877319336,
      28.217126846313477,
      28.015304565429688,
      39.292457580566406,
      40.08394241333008,
      31.529985427856445,
      31.229562759399414,
      17.09079933166504,
      16.826026916503906,
      7.835732460021973,
      7.7385358810424805
    ],
    [
      -2.0077362060546875,
      -1.0830492973327637,
      3.2631731033325195,
      2.864201545715332,
      15.014869689941406,
      16.952274322509766,
      24.676334381103516,
      24.947420120239258,
      28.214773178100586,
      28.090152740478516,
      40.14133071899414,
      40.952354431152344,
      31.229562759399414,
      32.69170379638672,
      17.520166397094727,
      17.23061180114746,
      8.030465126037598,
      7.928929328918457
    ],
    [
      -1.5471186637878418,
      -1.1296664476394653,
      0.22655892372131348,
      0.17333641648292542,
      7.210116863250732,
      8.224799156188965,
      12.452847480773926,
      13.027155876159668,
      13.763057708740234,
      13.802013397216797,
      21.296138763427734,
      21.8742618560791,
      17.09079933166504,
      17.520166397094727,
      12.009844779968262,
      11.628976821899414,
      5.5672454833984375,
      5.4785895347595215
    ],
    [
      -1.421982765197754,
      -1.0054470300674438,
      0.21602655947208405,
      0.09351271390914917,
      7.119088649749756,
      8.151013374328613,
      12.203021049499512,
      12.805907249450684,
      13.708462715148926,
      13.726092338562012,
      20.992656707763672,
      21.549087524414062,
      16.826026916503906,
      17.23061180114746,
      11.628976821899414,
      11.611626625061035,
      5.419532775878906,
      5.337008953094482
    ],
    [
      -0.9628940224647522,
      -0.7724713087081909,
      -0.03212848678231239,
      -0.14543746411800385,
      2.68644380569458,
      3.0494296550750732,
      5.8567938804626465,
      5.7247138023376465,
      5.978697299957275,
      5.968713760375977,
      8.794581413269043,
      9.08175277709961,
      7.835732460021973,
      8.030465126037598,
      5.5672454833984375,
      5.419532775878906,
      3.2592320442199707,
      3.169132947921753
    ],
    [
      -0.9109432697296143,
      -0.6810703277587891,
      0.016053691506385803,
      -0.0985858142375946,
      2.676180601119995,
      3.045994997024536,
      5.747437953948975,
      5.625705242156982,
      5.932409286499023,
      5.924712181091309,
      8.681779861450195,
      8.946746826171875,
      7.7385358810424805,
      7.928929328918457,
      5.4785895347595215,
      5.337008953094482,
      3.169132947921753,
      3.1490111351013184
    ]
  ],
  "drr": 11.545620918273926,
  "dynamics": 4.324952125549316,
  "format": 1245190,
  "frames": 12511168,
  "loudness": -33.10298156738281,
  "loudness_range": 12.685760498046875,
  "loudness_range_short": 15.485712051391602,
  "peak": -13.268052101135254,
  "rms": -33.98988723754883,
  "sample_rate": 44100,
  "sections": 1,
  "seekable": 1,
  "sharpness": 3.0181658267974854,
  "space": 0.5124292969703674
}