{
  "bands": [
    {
      "high_freq": 148.1999969482422,
      "loudness": -26.1983699798584,
      "loudness_range": 7.705774307250977,
      "mid_mean": -22.715702056884766,
      "mid_to_side_loudness": -21.72395896911621,
      "mid_to_side_loudness_range": 14.512232780456543,
      "side_mean": -45.90932083129883
    },
    {
      "high_freq": 392.3793640136719,
      "loudness": -28.538911819458008,
      "loudness_range": 9.201221466064453,
      "low_freq": 148.1999969482422,
      "mid_mean": -25.007076263427734,
      "mid_to_side_loudness": -17.288433074951172,
      "mid_to_side_loudness_range": 16.588825225830078,
      "side_mean": -44.01749801635742
    },
    {
      "high_freq": 794.6976318359375,
      "loudness": -28.082412719726562,
      "loudness_range": 15.476354598999023,
      "low_freq": 392.3793640136719,
      "mid_mean": -25.124238967895508,
      "mid_to_side_loudness": -8.642067909240723,
      "mid_to_side_loudness_range": 7.877627849578857,
      "side_mean": -34.09413528442383
    },
    {
      "high_freq": 1457.5709228515625,
      "loudness": -30.84966468811035,
      "loudness_range": 19.183971405029297,
      "low_freq": 794.6976318359375,
      "mid_mean": -27.980693817138672,
      "mid_to_side_loudness": -7.8153557777404785,
      "mid_to_side_loudness_range": 8.042567253112793,
      "side_mean": -36.18183135986328
    },
    {
      "high_freq": 2549.74365234375,
      "loudness": -35.489627838134766,
      "loudness_range": 14.139270782470703,
      "low_freq": 1457.5709228515625,
      "mid_mean": -32.55115509033203,
      "mid_to_side_loudness": -8.815899848937988,
      "mid_to_side_loudness_range": 8.251704216003418,
      "side_mean": -41.7822265625
    },
    {
      "high_freq": 4349.24462890625,
      "loudness": -38.87114715576172,
      "loudness_range": 11.525228500366211,
      "low_freq": 2549.74365234375,
      "mid_mean": -35.97750473022461,
      "mid_to_side_loudness": -8.253442764282227,
      "mid_to_side_loudness_range": 4.035361289978027,
      "side_mean": -44.69483184814453
    },
    {
      "high_freq": 7314.1640625,
      "loudness": -39.78153610229492,
      "loudness_range": 7.925910949707031,
      "low_freq": 4349.24462890625,
      "mid_mean": -36.73507308959961,
      "mid_to_side_loudness": -9.074994087219238,
      "mid_to_side_loudness_range": 3.7120437622070312,
      "side_mean": -46.242027282714844
    },
    {
      "high_freq": 12199.2666015625,
      "loudness": -40.68964767456055,
      "loudness_range": 6.52252197265625,
      "low_freq": 7314.1640625,
      "mid_mean": -37.64434814453125,
      "mid_to_side_loudness": -8.48779010772705,
      "mid_to_side_loudness_range": 5.391071796417236,
      "side_mean": -46.875892639160156
    },
    {
      "loudness": -49.050315856933594,
      "loudness_range": 7.140796661376953,
      "low_freq": 12199.2666015625,
      "mid_mean": -46.45086669921875,
      "mid_to_side_loudness": -6.9728803634643555,
      "mid_to_side_loudness_range": 7.369787693023682,
      "side_mean": -55.47019958496094
    }
  ],
  "bands_short": [
    {
      "high_freq": 148.1999969482422,
      "loudness": -30.061294555664062,
      "loudness_range": 16.825775146484375,
      "mid_mean": -26.70564079284668,
      "mid_to_side_loudness": -21.99968910217285,
      "mid_to_side_loudness_range": 17.588516235351562,
      "side_mean": -52.04931640625
    },
    {
      "high_freq": 392.3793640136719,
      "loudness": -26.714874267578125,
      "loudness_range": 10.540182113647461,
      "low_freq": 148.1999969482422,
      "mid_mean": -23.2420711517334,
      "mid_to_side_loudness": -18.62994956970215,
      "mid_to_side_loudness_range": 16.403488159179688,
      "side_mean": -43.425174713134766
    },
    {
      "high_freq": 794.6976318359375,
      "loudness": -29.584117889404297,
      "loudness_range": 18.804229736328125,
      "low_freq": 392.3793640136719,
      "mid_mean": -26.814069747924805,
      "mid_to_side_loudness": -8.810332298278809,
      "mid_to_side_loudness_range": 11.176525115966797,
      "side_mean": -35.833778381347656
    },
    {
      "high_freq": 1457.5709228515625,
      "loudness": -31.517942428588867,
      "loudness_range": 22.723804473876953,
      "low_freq": 794.6976318359375,
      "mid_mean": -28.874330520629883,
      "mid_to_side_loudness": -7.652100563049316,
      "mid_to_side_loudness_range": 12.206332206726074,
      "side_mean": -36.85828399658203
    },
    {
      "high_freq": 2549.74365234375,
      "loudness": -36.93966293334961,
      "loudness_range": 17.96293067932129,
      "low_freq": 1457.5709228515625,
      "mid_mean": -34.076019287109375,
      "mid_to_side_loudness": -8.540821075439453,
      "mid_to_side_loudness_range": 11.117391586303711,
      "side_mean": -43.07248306274414
    },
    {
      "high_freq": 4349.24462890625,
      "loudness": -40.217674255371094,
      "loudness_range": 15.854642868041992,
      "low_freq": 2549.74365234375,
      "mid_mean": -37.38980484008789,
      "mid_to_side_loudness": -7.855268955230713,
      "mid_to_side_loudness_range": 6.459669589996338,
      "side_mean": -45.711544036865234
    },
    {
      "high_freq": 7314.1640625,
      "loudness": -40.98676681518555,
      "loudness_range": 13.479316711425781,
      "low_freq": 4349.24462890625,
      "mid_mean": -37.95195007324219,
      "mid_to_side_loudness": -8.997514724731445,
      "mid_to_side_loudness_range": 5.0706071853637695,
      "side_mean": -47.82725524902344
    },
    {
      "high_freq": 12199.2666015625,
      "loudness": -42.042293548583984,
      "loudness_range": 12.729228973388672,
      "low_freq": 7314.1640625,
      "mid_mean": -39.084449768066406,
      "mid_to_side_loudness": -8.342826843261719,
      "mid_to_side_loudness_range": 5.999166965484619,
      "side_mean": -50.426639556884766
    },
    {
      "loudness": -51.44148635864258,
      "loudness_range": 16.618831634521484,
      "low_freq": 12199.2666015625,
      "mid_mean": -51.02178955078125,
      "mid_to_side_loudness": -6.7696027755737305,
      "mid_to_side_loudness_range": 8.530302047729492,
      "side_mean": -57.28721237182617
    }
  ],
  "channels": 2,
  "covariance": [
    [
      19.392574310302734,
      14.974915504455566,
      8.692679405212402,
      1.5483944416046143,
      7.113071918487549,
      6.490682125091553,
      10.825820922851562,
      10.145316123962402,
      10.971739768981934,
      9.845479011535645,
      11.073960304260254,
      10.418379783630371,
      11.041581153869629,
      11.05056381225586,
      10.879898071289062,
      10.943424224853516,
      11.537801742553711,
      9.2854642868042
    ],
    [
      14.974915504455566,
      18.024837493896484,
      8.09182357788086,
      5.86592435836792,
      8.758296966552734,
      8.153135299682617,
      11.356342315673828,
      12.106779098510742,
      12.404335975646973,
      11.470062255859375,
      10.653517723083496,
      12.022476196289062,
      11.52508544921875,
      12.63766860961914,
      9.928572654724121,
      13.172531127929688,
      13.73705768585205,
      10.750516891479492
    ],
    [
      8.692679405212402,
      8.09182357788086,
      18.55352020263672,
      8.799371719360352,
      7.139978885650635,
      6.500654220581055,
      7.4967265129089355,
      6.577763557434082,
      10.636706352233887,
      9.8590669631958,
      13.015280723571777,
      12.451669692993164,
      10.865375518798828,
      10.80943775177002,
      10.421687126159668,
      10.397256851196289,
      10.774290084838867,
      8.559513092041016
    ],
    [
      1.5483944416046143,
      5.86592435836792,
      8.799371719360352,
      29.319643020629883,
      5.652024745941162,
      6.4453864097595215,
      -1.0639252662658691,
      -1.0633357763290405,
      7.5458550453186035,
      9.30034351348877,
      3.638073444366455,
      5.854337215423584,
      4.4818034172058105,
      5.287489414215088,
      2.6646482944488525,
      7.695979595184326,
      7.348611354827881,
      6.798235893249512
    ],
    [
      7.113071918487549,
      8.758296966552734,
      7.139978885650635,
      5.652024745941162,
      35.50771713256836,
      39.52070617675781,
      -4.921668529510498,
      -4.7322516441345215,
      12.109681129455566,
      13.720048904418945,
      11.30755615234375,
      13.475733757019043,
      10.871542930603027,
      13.135912895202637,
      6.793984413146973,
      11.109552383422852,
      11.313335418701172,
      8.71287727355957
    ],
    [
      6.490682125091553,
      8.153135299682617,
      6.500654220581055,
      6.4453864097595215,
      39.52070617675781,
      49.6582145690918,
      -8.715526580810547,
      -8.640568733215332,
      12.236359596252441,
      15.269723892211914,
      11.751533508300781,
      15.118520736694336,
      10.7760591506958,
      13.610556602478027,
      6.213700294494629,
      11.078375816345215,
      11.242167472839355,
      8.4013671875
    ],
    [
      10.825820922851562,
      11.356342315673828,
      7.4967265129089355,
      -1.0639252662658691,
      -4.921668529510498,
      -8.715526580810547,
      51.66048812866211,
      53.02293014526367,
      14.580121994018555,
      13.088783264160156,
      11.315215110778809,
      11.265995025634766,
      9.418769836425781,
      9.799873352050781,
      10.229438781738281,
      11.346302032470703,
      12.044672966003418,
      10.424440383911133
    ],
    [
      10.145316123962402,
      12.106779098510742,
      6.577763557434082,
      -1.0633357763290405,
      -4.7322516441345215,
      -8.640568733215332,
      53.02293014526367,
      61.19512939453125,
      15.966313362121582,
      14.840802192687988,
      10.75583553314209,
      11.954936981201172,
      10.208223342895508,
      10.521268844604492,
      10.10842514038086,
      12.153430938720703,
      12.943611145019531,
      11.015129089355469
    ],
    [
      10.971739768981934,
      12.404335975646973,
      10.636706352233887,
      7.5458550453186035,
      12.109681129455566,
      12.236359596252441,
      14.580121994018555,
      15.966313362121582,
      32.50880432128906,
      31.686939239501953,
      15.924005508422852,
      17.384552001953125,
      13.338085174560547,
      14.335236549377441,
      10.971083641052246,
      13.721872329711914,
      14.280948638916016,
      11.124987602233887
    ],
    [
      9.845479011535645,
      11.470062255859375,
      9.8590669631958,
      9.30034351348877,
      13.720048904418945,
      15.269723892211914,
      13.088783264160156,
      14.840802192687988,
      31.686939239501953,
      38.92534255981445,
      15.056180953979492,
      18.29553985595703,
      12.056312561035156,
      13.74205207824707,
      9.567230224609375,
      13.402461051940918,
      14.005648612976074,
      10.520463943481445
    ],
    [
      11.073960304260254,
      10.653517723083496,
      13.015280723571777,
      3.638073444366455,
      11.30755615234375,
      11.751533508300781,
      11.315215110778809,
      10.75583553314209,
      15.924005508422852,
      15.056180953979492,
      23.644601821899414,
      23.783411026000977,
      15.153403282165527,
      14.767492294311523,
      12.435751914978027,
      12.771130561828613,
      12.721449851989746,
      10.410326957702637
    ],
    [
      10.418379783630371,
      12.022476196289062,
      12.451669692993164,
      5.854337215423584,
      13.475733757019043,
      15.118520736694336,
      11.265995025634766,
      11.954936981201172,
      17.384552001953125,
      18.29553985595703,
      23.783411026000977,
      28.114992141723633,
      15.941393852233887,
      16.507427215576172,
      11.924164772033691,
      14.740110397338867,
      14.456297874450684,
      11.67968463897705
    ],
    [
      11.041581153869629,
      11.52508544921875,
      10.865375518798828,
      4.4818034172058105,
      10.871542930603027,
      10.7760591506958,
      9.418769836425781,
      10.208223342895508,
      13.338085174560547,
      12.056312561035156,
      15.153403282165527,
      15.941393852233887,
      17.996925354003906,
      16.617605209350586,
      13.424358367919922,
      14.855889320373535,
      14.942299842834473,
      12.04536247253418
    ],
    [
      11.05056381225586,
      12.63766860961914,
      10.80943775177002,
      5.287489414215088,
      13.135912895202637,
      13.610556602478027,
      9.799873352050781,
      10.521268844604492,
      14.335236549377441,
      13.74205207824707,
      14.767492294311523,
      16.507427215576172,
      16.617605209350586,
      18.62517738342285,
      12.445898056030273,
      16.342966079711914,
      16.41293716430664,
      13.417490005493164
    ],
    [
      10.879898071289062,
      9.928572654724121,
      10.421687126159668,
      2.6646482944488525,
      6.793984413146973,
      6.213700294494629,
      10.229438781738281,
      10.10842514038086,
      10.971083641052246,
      9.567230224609375,
      12.435751914978027,
      11.924164772033691,
      13.424358367919922,
      12.445898056030273,
      14.34355354309082,
      13.139609336853027,
      13.676530838012695,
      11.30538558959961
    ],
    [
      10.943424224853516,
      13.172531127929688,
      10.397256851196289,
      7.695979595184326,
      11.109552383422852,
      11.078375816345215,
      11.346302032470703,
      12.153430938720703,
      13.721872329711914,
      13.402461051940918,
      12.771130561828613,
      14.740110397338867,
      14.855889320373535,
      16.342966079711914,
      13.139609336853027,
      19.27106475830078,
      19.139062881469727,
      15.758337020874023
    ],
    [
      11.537801742553711,
      13.73705768585205,
      10.774290084838867,
      7.348611354827881,
      11.313335418701172,
      11.242167472839355,
      12.044672966003418,
      12.943611145019531,
      14.280948638916016,
      14.005648612976074,
      12.721449851989746,
      14.456297874450684,
      14.942299842834473,
      16.41293716430664,
      13.676530838012695,
      19.139062881469727,
      20.732555389404297,
      16.271087646484375
    ],
    [
      9.2854642868042,
      10.750516891479492,
      8.559513092041016,
      6.798235893249512,
      8.71287727355957,
      8.4013671875,
      10.424440383911133,
      11.015129089355469,
      11.124987602233887,
      10.520463943481445,
      10.410326957702637,
      11.67968463897705,
      12.04536247253418,
      13.417490005493164,
      11.30538558959961,
      15.758337020874023,
      16.271087646484375,
      37.01821517944336
    ]
  ],
  "covariance_short": [
    [
      46.23550796508789,
      28.098508834838867,
      13.159679412841797,
      4.054419040679932,
      4.808074951171875,
      3.5084586143493652,
      7.589707851409912,
      7.017784595489502,
      8.622224807739258,
      7.270659446716309,
      9.975302696228027,
      9.913102149963379,
      9.928583145141602,
      11.776015281677246,
      10.56708812713623,
      12.020442962646484,
      12.696069717407227,
      10.118083000183105
    ],
    [
      28.098508834838867,
      66.5862045288086,
      12.143606185913086,
      11.347713470458984,
      9.990649223327637,
      8.34581184387207,
      10.832834243774414,
      10.540911674499512,
      10.243285179138184,
      11.204672813415527,
      10.09388542175293,
      12.304947853088379,
      10.8594970703125,
      21.008047103881836,
      10.626676559448242,
      54.34724426269531,
      53.42391586303711,
      36.91269302368164
    ],
    [
      13.159679412841797,
      12.143606185913086,
      23.53378677368164,
      10.891252517700195,
      7.463557243347168,
      6.103201389312744,
      11.003702163696289,
      9.470745086669922,
      11.99755859375,
      11.520225524902344,
      13.108404159545898,
      12.966421127319336,
      12.449135780334473,
      12.466351509094238,
      11.485610961914062,
      11.849838256835938,
      12.001737594604492,
      9.188455581665039
    ],
    [
      4.054419040679932,
      11.347713470458984,
      10.891252517700195,
      26.425682067871094,
      9.452266693115234,
      8.662789344787598,
      4.646533012390137,
      3.68621826171875,
      8.541535377502441,
      10.134870529174805,
      6.169933319091797,
      8.348326683044434,
      6.533642768859863,
      10.77982234954834,
      5.196479320526123,
      11.262419700622559,
      11.355666160583496,
      7.926380157470703
    ],
    [
      4.808074951171875,
      9.990649223327637,
      7.463557243347168,
      9.452266693115234,
      54.133121490478516,
      52.49067306518555,
      -5.920782566070557,
      -8.153929710388184,
      12.918357849121094,
      14.658756256103516,
      12.245586395263672,
      14.156758308410645,
      10.876376152038574,
      16.39646339416504,
      6.579041481018066,
      12.495194435119629,
      12.368582725524902,
      8.671582221984863
    ],
    [
      3.5084586143493652,
      8.34581184387207,
      6.103201389312744,
      8.662789344787598,
      52.49067306518555,
      65.1022720336914,
      -10.788259506225586,
      -12.376989364624023,
      12.020263671875,
      14.954687118530273,
      11.352825164794922,
      13.968242645263672,
      9.966897010803223,
      15.021798133850098,
      5.1107707023620605,
      10.461386680603027,
      9.89413070678711,
      6.589216232299805
    ],
    [
      7.589707851409912,
      10.832834243774414,
      11.003702163696289,
      4.646533012390137,
      -5.920782566070557,
      -10.788259506225586,
      68.56539154052734,
      62.811641693115234,
      21.020959854125977,
      19.913612365722656,
      13.973437309265137,
      14.404611587524414,
      10.496221542358398,
      11.72761058807373,
      11.947861671447754,
      14.015785217285156,
      16.0643310546875,
      13.597527503967285
    ],
    [
      7.017784595489502,
      10.540911674499512,
      9.470745086669922,
      3.68621826171875,
      -8.153929710388184,
      -12.376989364624023,
      62.811641693115234,
      73.49207305908203,
      19.487133026123047,
      19.742198944091797,
      12.582731246948242,
      14.009601593017578,
      9.84459400177002,
      11.19477653503418,
      11.045378684997559,
      13.259902954101562,
      14.823643684387207,
      12.578076362609863
    ],
    [
      8.622224807739258,
      10.243285179138184,
      11.99755859375,
      8.541535377502441,
      12.918357849121094,
      12.020263671875,
      21.020959854125977,
      19.487133026123047,
      44.557861328125,
      38.9855842590332,
      20.516761779785156,
      20.71113395690918,
      14.235111236572266,
      15.955479621887207,
      12.172852516174316,
      14.474987030029297,
      15.388712882995605,
      11.797178268432617
    ],
    [
      7.270659446716309,
      11.204672813415527,
      11.520225524902344,
      10.134870529174805,
      14.658756256103516,
      14.954687118530273,
      19.913612365722656,
      19.742198944091797,
      38.9855842590332,
      48.49624252319336,
      18.98160743713379,
      21.3038330078125,
      13.122806549072266,
      16.522912979125977,
      11.068686485290527,
      15.195026397705078,
      15.734199523925781,
      11.798463821411133
    ],
    [
      9.975302696228027,
      10.09388542175293,
      13.108404159545898,
      6.169933319091797,
      12.245586395263672,
      11.352825164794922,
      13.973437309265137,
      12.582731246948242,
      20.516761779785156,
      18.98160743713379,
      34.79356002807617,
      31.345977783203125,
      21.631134033203125,
      20.902202606201172,
      17.344823837280273,
      17.81416893005371,
      19.06346893310547,
      15.699529647827148
    ],
    [
      9.913102149963379,
      12.304947853088379,
      12.966421127319336,
      8.348326683044434,
      14.156758308410645,
      13.968242645263672,
      14.404611587524414,
      14.009601593017578,
      20.71113395690918,
      21.3038330078125,
      31.345977783203125,
      35.0870361328125,
      20.542274475097656,
      21.756366729736328,
      15.77234172821045,
      18.69516372680664,
      19.02090072631836,
      15.264190673828125
    ],
    [
      9.928583145141602,
      10.8594970703125,
      12.449135780334473,
      6.533642768859863,
      10.876376152038574,
      9.966897010803223,
      10.496221542358398,
      9.84459400177002,
      14.235111236572266,
      13.122806549072266,
      21.631134033203125,
      20.542274475097656,
      28.756328582763672,
      25.948467254638672,
      22.345123291015625,
      22.36254119873047,
      24.894081115722656,
      20.36771011352539
    ],
    [
      11.776015281677246,
      21.008047103881836,
      12.466351509094238,
      10.77982234954834,
      16.39646339416504,
      15.021798133850098,
      11.72761058807373,
      11.19477653503418,
      15.955479621887207,
      16.522912979125977,
      20.902202606201172,
      21.756366729736328,
      25.948467254638672,
      36.44721984863281,
      20.71315574645996,
      32.17918014526367,
      33.80569076538086,
      26.650094985961914
    ],
    [
      10.56708812713623,
      10.626676559448242,
      11.485610961914062,
      5.196479320526123,
      6.579041481018066,
      5.1107707023620605,
      11.947861671447754,
      11.045378684997559,
      12.172852516174316,
      11.068686485290527,
      17.344823837280273,
      15.77234172821045,
      22.345123291015625,
      20.71315574645996,
      25.74714469909668,
      23.49652862548828,
      27.57460594177246,
      22.77651023864746
    ],
    [
      12.020442962646484,
      54.34724426269531,
      11.849838256835938,
      11.262419700622559,
      12.495194435119629,
      10.461386680603027,
      14.015785217285156,
      13.259902954101562,
      14.474987030029297,
      15.195026397705078,
      17.81416893005371,
      18.69516372680664,
      22.36254119873047,
      32.17918014526367,
      23.49652862548828,
      70.03752899169922,
      70.8911361694336,
      52.07269287109375
    ],
    [
      12.696069717407227,
      53.42391586303711,
      12.001737594604492,
      11.355666160583496,
      12.368582725524902,
      9.89413070678711,
      16.0643310546875,
      14.823643684387207,
      15.388712882995605,
      15.734199523925781,
      19.06346893310547,
      19.02090072631836,
      24.894081115722656,
      33.80569076538086,
      27.57460594177246,
      70.8911361694336,
      77.38172149658203,
      56.899169921875
    ],
    [
      10.118083000183105,
      36.91269302368164,
      9.188455581665039,
      7.926380157470703,
      8.671582221984863,
      6.589216232299805,
      13.597527503967285,
      12.578076362609863,
      11.797178268432617,
      11.798463821411133,
      15.699529647827148,
      15.264190673828125,
      20.36771011352539,
      26.650094985961914,
      22.77651023864746,
      52.07269287109375,
      56.899169921875,
      44.36625671386719
    ]
  ],
  "drr": 10.730339050292969,
  "dynamics": 2.2917494773864746,
  "format": 1245190,
  "frames": 10706944,
  "loudness": -16.689159393310547,
  "loudness_range": 5.41847038269043,
  "loudness_range_short": 7.271018981933594,
  "peak": -3.7481155395507812,
  "rms": -19.22016143798828,
  "sample_rate": 44100,
  "sections": 1,
  "seekable": 1,
  "sharpness": 1.9516700506210327,
  "space": -11.270811080932617
}