{
  "bands": [
    {
      "high_freq": 148.1999969482422,
      "loudness": -24.603050231933594,
      "loudness_range": 15.51854133605957,
      "mid_mean": -22.542444229125977,
      "mid_to_side_loudness": -5.031365394592285,
      "mid_to_side_loudness_range": 13.979602813720703,
      "side_mean": -27.57677459716797
    },
    {
      "high_freq": 392.3793640136719,
      "loudness": -21.41326141357422,
      "loudness_range": 9.69558334350586,
      "low_freq": 148.1999969482422,
      "mid_mean": -19.4697208404541,
      "mid_to_side_loudness": -3.813685655593872,
      "mid_to_side_loudness_range": 10.030426025390625,
      "side_mean": -23.388185501098633
    },
    {
      "high_freq": 794.6976318359375,
      "loudness": -23.0235595703125,
      "loudness_range": 15.223859786987305,
      "low_freq": 392.3793640136719,
      "mid_mean": -21.19935417175293,
      "mid_to_side_loudness": -3.331876754760742,
      "mid_to_side_loudness_range": 8.778077125549316,
      "side_mean": -24.561559677124023
    },
    {
      "high_freq": 1457.5709228515625,
      "loudness": -26.064029693603516,
      "loudness_range": 18.58738899230957,
      "low_freq": 794.6976318359375,
      "mid_mean": -24.434307098388672,
      "mid_to_side_loudness": -2.822150707244873,
      "mid_to_side_loudness_range": 8.587650299072266,
      "side_mean": -27.2305908203125
    },
    {
      "high_freq": 2549.74365234375,
      "loudness": -27.43301010131836,
      "loudness_range": 23.39642333984375,
      "low_freq": 1457.5709228515625,
      "mid_mean": -25.78700828552246,
      "mid_to_side_loudness": -2.6594181060791016,
      "mid_to_side_loudness_range": 6.806058883666992,
      "side_mean": -28.333723068237305
    },
    {
      "high_freq": 4349.24462890625,
      "loudness": -33.63243865966797,
      "loudness_range": 22.73233985900879,
      "low_freq": 2549.74365234375,
      "mid_mean": -31.86261749267578,
      "mid_to_side_loudness": -3.00934100151062,
      "mid_to_side_loudness_range": 6.1396355628967285,
      "side_mean": -34.836334228515625
    },
    {
      "high_freq": 7314.1640625,
      "loudness": -42.204105377197266,
      "loudness_range": 22.357786178588867,
      "low_freq": 4349.24462890625,
      "mid_mean": -40.389732360839844,
      "mid_to_side_loudness": -3.665452241897583,
      "mid_to_side_loudness_range": 9.197190284729004,
      "side_mean": -44.22672653198242
    },
    {
      "high_freq": 12199.2666015625,
      "loudness": -52.020442962646484,
      "loudness_range": 20.950786590576172,
      "low_freq": 7314.1640625,
      "mid_mean": -50.46925354003906,
      "mid_to_side_loudness": -4.934080123901367,
      "mid_to_side_loudness_range": 13.246063232421875,
      "side_mean": -55.094913482666016
    },
    {
      "loudness": -59.66220474243164,
      "loudness_range": 18.35418701171875,
      "low_freq": 12199.2666015625,
      "mid_mean": -57.36878967285156,
      "mid_to_side_loudness": -4.1089768409729,
      "mid_to_side_loudness_range": 11.769201278686523,
      "side_mean": -60.947025299072266
    }
  ],
  "bands_short": [
    {
      "high_freq": 148.1999969482422,
      "loudness": -26.602558135986328,
      "loudness_range": 18.688430786132812,
      "mid_mean": -24.948972702026367,
      "mid_to_side_loudness": -4.721390247344971,
      "mid_to_side_loudness_range": 19.638160705566406,
      "side_mean": -29.823816299438477
    },
    {
      "high_freq": 392.3793640136719,
      "loudness": -21.555572509765625,
      "loudness_range": 11.19790267944336,
      "low_freq": 148.1999969482422,
      "mid_mean": -19.749631881713867,
      "mid_to_side_loudness": -3.8578553199768066,
      "mid_to_side_loudness_range": 12.625333786010742,
      "side_mean": -23.67763900756836
    },
    {
      "high_freq": 794.6976318359375,
      "loudness": -22.784194946289062,
      "loudness_range": 14.714594841003418,
      "low_freq": 392.3793640136719,
      "mid_mean": -21.053800582885742,
      "mid_to_side_loudness": -3.4182932376861572,
      "mid_to_side_loudness_range": 10.95116138458252,
      "side_mean": -24.504863739013672
    },
    {
      "high_freq": 1457.5709228515625,
      "loudness": -25.851348876953125,
      "loudness_range": 19.354684829711914,
      "low_freq": 794.6976318359375,
      "mid_mean": -24.393457412719727,
      "mid_to_side_loudness": -2.7587547302246094,
      "mid_to_side_loudness_range": 11.475309371948242,
      "side_mean": -27.16094970703125
    },
    {
      "high_freq": 2549.74365234375,
      "loudness": -27.7231388092041,
      "loudness_range": 24.053016662597656,
      "low_freq": 1457.5709228515625,
      "mid_mean": -26.23468017578125,
      "mid_to_side_loudness": -2.5291600227355957,
      "mid_to_side_loudness_range": 9.474282264709473,
      "side_mean": -28.702463150024414
    },
    {
      "high_freq": 4349.24462890625,
      "loudness": -33.862483978271484,
      "loudness_range": 23.4388370513916,
      "low_freq": 2549.74365234375,
      "mid_mean": -32.2164306640625,
      "mid_to_side_loudness": -2.7964320182800293,
      "mid_to_side_loudness_range": 8.024628639221191,
      "side_mean": -35.02130126953125
    },
    {
      "high_freq": 7314.1640625,
      "loudness": -42.7197151184082,
      "loudness_range": 23.8431339263916,
      "low_freq": 4349.24462890625,
      "mid_mean": -41.086063385009766,
      "mid_to_side_loudness": -3.1208415031433105,
      "mid_to_side_loudness_range": 9.221715927124023,
      "side_mean": -44.420196533203125
    },
    {
      "high_freq": 12199.2666015625,
      "loudness": -53.09934616088867,
      "loudness_range": 23.02886199951172,
      "low_freq": 7314.1640625,
      "mid_mean": -51.68782043457031,
      "mid_to_side_loudness": -3.6235275268554688,
      "mid_to_side_loudness_range": 10.868277549743652,
      "side_mean": -55.25864028930664
    },
    {
      "loudness": -60.66823196411133,
      "loudness_range": 19.386455535888672,
      "low_freq": 12199.2666015625,
      "mid_mean": -58.506500244140625,
      "mid_to_side_loudness": -2.678631544113159,
      "mid_to_side_loudness_range": 7.373969554901123,
      "side_mean": -61.056297302246094
    }
  ],
  "channels": 2,
  "covariance": [
    [
      36.79767608642578,
      23.115612030029297,
      11.105544090270996,
      9.671919822692871,
      10.940783500671387,
      12.746630668640137,
      11.44886589050293,
      12.978399276733398,
      15.634288787841797,
      17.566022872924805,
      20.525909423828125,
      22.083526611328125,
      19.32180404663086,
      22.223419189453125,
      20.19692039489746,
      20.173351287841797,
      14.115379333496094,
      13.27156925201416
    ],
    [
      23.115612030029297,
      33.42262649536133,
      7.718477249145508,
      10.756097793579102,
      12.026488304138184,
      15.09289264678955,
      12.099133491516113,
      15.523715019226074,
      18.098262786865234,
      20.058189392089844,
      20.02968406677246,
      23.42054557800293,
      16.87821388244629,
      23.587491989135742,
      12.79173755645752,
      20.675434112548828,
      9.210036277770996,
      15.041345596313477
    ],
    [
      11.105544090270996,
      7.718477249145508,
      15.617622375488281,
      10.366593360900879,
      6.539371967315674,
      7.5963215827941895,
      8.428943634033203,
      8.933758735656738,
      9.228370666503906,
      10.485921859741211,
      12.958235740661621,
      13.347046852111816,
      13.195816993713379,
      14.401263236999512,
      13.549579620361328,
      12.776453018188477,
      10.166507720947266,
      8.622762680053711
    ],
    [
      9.671919822692871,
      10.756097793579102,
      10.366593360900879,
      19.100326538085938,
      13.206843376159668,
      18.0162296295166,
      14.731032371520996,
      19.21880531311035,
      19.21921157836914,
      22.63789939880371,
      21.044654846191406,
      24.524356842041016,
      16.243074417114258,
      23.673980712890625,
      10.751632690429688,
      18.062366485595703,
      7.737625598907471,
      13.170769691467285
    ],
    [
      10.940783500671387,
      12.026488304138184,
      6.539371967315674,
      13.206843376159668,
      28.621150970458984,
      27.47904396057129,
      23.936906814575195,
      28.38434600830078,
      31.94718360900879,
      33.57476043701172,
      30.848474502563477,
      35.276344299316406,
      25.548513412475586,
      35.067447662353516,
      17.03754997253418,
      26.477685928344727,
      13.456993103027344,
      19.57937240600586
    ],
    [
      12.746630668640137,
      15.09289264678955,
      7.5963215827941895,
      18.0162296295166,
      27.47904396057129,
      36.89696502685547,
      27.527482986450195,
      36.050960540771484,
      38.432220458984375,
      42.147300720214844,
      37.48056411743164,
      44.21407699584961,
      27.217330932617188,
      40.899513244628906,
      15.82608699798584,
      29.626819610595703,
      11.900525093078613,
      21.893022537231445
    ],
    [
      11.44886589050293,
      12.099133491516113,
      8.428943634033203,
      14.731032371520996,
      23.936906814575195,
      27.527482986450195,
      41.06826400756836,
      42.504817962646484,
      41.7358512878418,
      42.73575210571289,
      38.985015869140625,
      42.99559020996094,
      30.439071655273438,
      40.51296615600586,
      22.038883209228516,
      30.41581153869629,
      17.962369918823242,
      22.039716720581055
    ],
    [
      12.978399276733398,
      15.523715019226074,
      8.933758735656738,
      19.21880531311035,
      28.38434600830078,
      36.050960540771484,
      42.504817962646484,
      55.3356819152832,
      49.403568267822266,
      53.05132293701172,
      46.65483093261719,
      54.968841552734375,
      33.60332489013672,
      49.78351974487305,
      20.300840377807617,
      35.847686767578125,
      16.075515747070312,
      26.59113121032715
    ],
    [
      15.634288787841797,
      18.098262786865234,
      9.228370666503906,
      19.21921157836914,
      31.94718360900879,
      38.432220458984375,
      41.7358512878418,
      49.403568267822266,
      64.99827575683594,
      62.6473503112793,
      53.73324203491211,
      58.622379302978516,
      39.15034866333008,
      53.99336242675781,
      24.50212860107422,
      37.87315368652344,
      19.663589477539062,
      27.610437393188477
    ],
    [
      17.566022872924805,
      20.058189392089844,
      10.485921859741211,
      22.63789939880371,
      33.57476043701172,
      42.147300720214844,
      42.73575210571289,
      53.05132293701172,
      62.6473503112793,
      69.64372253417969,
      56.426761627197266,
      65.03153991699219,
      40.59646987915039,
      59.441078186035156,
      24.950374603271484,
      41.99948501586914,
      18.603477478027344,
      30.280216217041016
    ],
    [
      20.525909423828125,
      20.02968406677246,
      12.958235740661621,
      21.044654846191406,
      30.848474502563477,
      37.48056411743164,
      38.985015869140625,
      46.65483093261719,
      53.73324203491211,
      56.426761627197266,
      62.0258674621582,
      66.194580078125,
      49.675445556640625,
      63.426334381103516,
      36.7834587097168,
      48.95310974121094,
      28.3931941986084,
      35.31282043457031
    ],
    [
      22.083526611328125,
      23.42054557800293,
      13.347046852111816,
      24.524356842041016,
      35.276344299316406,
      44.21407699584961,
      42.99559020996094,
      54.968841552734375,
      58.622379302978516,
      65.03153991699219,
      66.194580078125,
      78.14221954345703,
      51.609615325927734,
      72.51789093017578,
      35.42677688598633,
      55.4970588684082,
      26.693187713623047,
      40.52505874633789
    ],
    [
      19.32180404663086,
      16.87821388244629,
      13.195816993713379,
      16.243074417114258,
      25.548513412475586,
      27.217330932617188,
      30.439071655273438,
      33.60332489013672,
      39.15034866333008,
      40.59646987915039,
      49.675445556640625,
      51.609615325927734,
      58.34430694580078,
      59.847652435302734,
      47.85253143310547,
      50.213924407958984,
      37.81912612915039,
      36.53108215332031
    ],
    [
      22.223419189453125,
      23.587491989135742,
      14.401263236999512,
      23.673980712890625,
      35.067447662353516,
      40.899513244628906,
      40.51296615600586,
      49.78351974487305,
      53.99336242675781,
      59.441078186035156,
      63.426334381103516,
      72.51789093017578,
      59.847652435302734,
      79.58525085449219,
      44.52413558959961,
      62.91619873046875,
      33.813743591308594,
      46.40287399291992
    ],
    [
      20.19692039489746,
      12.79173755645752,
      13.549579620361328,
      10.751632690429688,
      17.03754997253418,
      15.82608699798584,
      22.038883209228516,
      20.300840377807617,
      24.50212860107422,
      24.950374603271484,
      36.7834587097168,
      35.42677688598633,
      47.85253143310547,
      44.52413558959961,
      65.38178253173828,
      50.20234680175781,
      46.609439849853516,
      32.00872039794922
    ],
    [
      20.173351287841797,
      20.675434112548828,
      12.776453018188477,
      18.062366485595703,
      26.477685928344727,
      29.626819610595703,
      30.41581153869629,
      35.847686767578125,
      37.87315368652344,
      41.99948501586914,
      48.95310974121094,
      55.4970588684082,
      50.213924407958984,
      62.91619873046875,
      50.20234680175781,
      61.06017303466797,
      35.671058654785156,
      42.25288009643555
    ],
    [
      14.115379333496094,
      9.210036277770996,
      10.166507720947266,
      7.737625598907471,
      13.456993103027344,
      11.900525093078613,
      17.962369918823242,
      16.075515747070312,
      19.663589477539062,
      18.603477478027344,
      28.3931941986084,
      26.693187713623047,
      37.81912612915039,
      33.813743591308594,
      46.609439849853516,
      35.671058654785156,
      39.343788146972656,
      25.949987411499023
    ],
    [
      13.27156925201416,
      15.041345596313477,
      8.622762680053711,
      13.170769691467285,
      19.57937240600586,
      21.893022537231445,
      22.039716720581055,
      26.59113121032715,
      27.610437393188477,
      30.280216217041016,
      35.31282043457031,
      40.52505874633789,
      36.53108215332031,
      46.40287399291992,
      32.00872039794922,
      42.25288009643555,
      25.949987411499023,
      33.51290512084961
    ]
  ],
  "covariance_short": [
    [
      52.958866119384766,
      27.6518611907959,
      14.83320140838623,
      10.816691398620605,
      10.977293014526367,
      12.891485214233398,
      11.719863891601562,
      12.68044662475586,
      16.555978775024414,
      18.427684783935547,
      21.155359268188477,
      22.41023063659668,
      22.29697036743164,
      22.893903732299805,
      22.898197174072266,
      21.011037826538086,
      15.7030668258667,
      13.428561210632324
    ],
    [
      27.6518611907959,
      50.237022399902344,
      9.727874755859375,
      12.898457527160645,
      11.531349182128906,
      14.76092529296875,
      11.908821105957031,
      14.843896865844727,
      18.63253402709961,
      20.568927764892578,
      20.12329864501953,
      23.19422149658203,
      18.3167667388916,
      24.050086975097656,
      15.954665184020996,
      21.59914779663086,
      11.794678688049316,
      15.532618522644043
    ],
    [
      14.83320140838623,
      9.727874755859375,
      21.24555015563965,
      11.840335845947266,
      8.63379192352295,
      8.837809562683105,
      9.770325660705566,
      9.833921432495117,
      10.753798484802246,
      12.294082641601562,
      15.18195629119873,
      15.350556373596191,
      15.831596374511719,
      15.844554901123047,
      16.17026138305664,
      14.063130378723145,
      11.04122543334961,
      8.965841293334961
    ],
    [
      10.816691398620605,
      12.898457527160645,
      11.840335845947266,
      22.632184982299805,
      12.898903846740723,
      17.45543670654297,
      15.229737281799316,
      19.632410049438477,
      19.920862197875977,
      23.150121688842773,
      22.01593589782715,
      25.292978286743164,
      18.169822692871094,
      24.292131423950195,
      13.193642616271973,
      18.44226837158203,
      9.631383895874023,
      13.16115951538086
    ],
    [
      10.977293014526367,
      11.531349182128906,
      8.63379192352295,
      12.898903846740723,
      27.579456329345703,
      23.31489372253418,
      22.37525177001953,
      25.5723934173584,
      29.124826431274414,
      29.72292709350586,
      29.088153839111328,
      31.70673179626465,
      26.958507537841797,
      32.502201080322266,
      20.38974952697754,
      24.840097427368164,
      15.91067123413086,
      18.216445922851562
    ],
    [
      12.891485214233398,
      14.76092529296875,
      8.837809562683105,
      17.45543670654297,
      23.31489372253418,
      35.060768127441406,
      24.876924514770508,
      32.429317474365234,
      34.72167205810547,
      38.00619888305664,
      34.803802490234375,
      40.103092193603516,
      27.574291229248047,
      37.93226623535156,
      18.825895309448242,
      27.825769424438477,
      14.4169921875,
      20.452001571655273
    ],
    [
      11.719863891601562,
      11.908821105957031,
      9.770325660705566,
      15.229737281799316,
      22.37525177001953,
      24.876924514770508,
      45.818809509277344,
      42.57520294189453,
      43.555580139160156,
      43.6641845703125,
      41.34552764892578,
      44.13188934326172,
      35.6484375,
      42.14567947387695,
      28.43321990966797,
      31.568649291992188,
      22.240066528320312,
      22.64139175415039
    ],
    [
      12.68044662475586,
      14.843896865844727,
      9.833921432495117,
      19.632410049438477,
      25.5723934173584,
      32.429317474365234,
      42.57520294189453,
      57.66685485839844,
      49.850746154785156,
      53.11332321166992,
      47.50770950317383,
      54.439090728759766,
      37.609195709228516,
      49.87733840942383,
      26.255409240722656,
      36.21152114868164,
      20.71297836303711,
      26.58761215209961
    ],
    [
      16.555978775024414,
      18.63253402709961,
      10.753798484802246,
      19.920862197875977,
      29.124826431274414,
      34.72167205810547,
      43.555580139160156,
      49.850746154785156,
      69.16099548339844,
      63.545772552490234,
      55.69968795776367,
      58.999061584472656,
      44.60941696166992,
      54.96546173095703,
      31.19695472717285,
      38.576759338378906,
      24.49258804321289,
      27.85988998413086
    ],
    [
      18.427684783935547,
      20.568927764892578,
      12.294082641601562,
      23.150121688842773,
      29.72292709350586,
      38.00619888305664,
      43.6641845703125,
      53.11332321166992,
      63.545772552490234,
      72.20681762695312,
      57.65458679199219,
      64.5503158569336,
      45.42146301269531,
      59.7625617980957,
      31.0733699798584,
      42.410709381103516,
      23.61134910583496,
      30.342443466186523
    ],
    [
      21.155359268188477,
      20.12329864501953,
      15.18195629119873,
      22.01593589782715,
      29.088153839111328,
      34.803802490234375,
      41.34552764892578,
      47.50770950317383,
      55.69968795776367,
      57.65458679199219,
      66.15403747558594,
      67.00491333007812,
      55.28887176513672,
      64.49298858642578,
      43.57023620605469,
      49.69147491455078,
      33.16073226928711,
      35.52683639526367
    ],
    [
      22.41023063659668,
      23.19422149658203,
      15.350556373596191,
      25.292978286743164,
      31.70673179626465,
      40.103092193603516,
      44.13188934326172,
      54.439090728759766,
      58.999061584472656,
      64.5503158569336,
      67.00491333007812,
      78.59894561767578,
      56.2456169128418,
      72.28975677490234,
      42.01045227050781,
      55.502742767333984,
      31.989582061767578,
      40.230045318603516
    ],
    [
      22.29697036743164,
      18.3167667388916,
      15.831596374511719,
      18.169822692871094,
      26.958507537841797,
      27.574291229248047,
      35.6484375,
      37.609195709228516,
      44.60941696166992,
      45.42146301269531,
      55.28887176513672,
      56.2456169128418,
      67.0048599243164,
      64.77947998046875,
      56.34374237060547,
      53.71094512939453,
      42.66599655151367,
      38.44101333618164
    ],
    [
      22.893903732299805,
      24.050086975097656,
      15.844554901123047,
      24.292131423950195,
      32.502201080322266,
      37.93226623535156,
      42.14567947387695,
      49.87733840942383,
      54.96546173095703,
      59.7625617980957,
      64.49298858642578,
      72.28975677490234,
      64.77947998046875,
      81.44903564453125,
      51.206295013427734,
      63.640316009521484,
      38.80452346801758,
      46.5700569152832
    ],
    [
      22.898197174072266,
      15.954665184020996,
      16.17026138305664,
      13.193642616271973,
      20.38974952697754,
      18.825895309448242,
      28.43321990966797,
      26.255409240722656,
      31.19695472717285,
      31.0733699798584,
      43.57023620605469,
      42.01045227050781,
      56.34374237060547,
      51.206295013427734,
      72.16964721679688,
      54.87959671020508,
      49.57864761352539,
      35.14897918701172
    ],
    [
      21.011037826538086,
      21.59914779663086,
      14.063130378723145,
      18.44226837158203,
      24.840097427368164,
      27.825769424438477,
      31.568649291992188,
      36.21152114868164,
      38.576759338378906,
      42.410709381103516,
      49.69147491455078,
      55.502742767333984,
      53.71094512939453,
      63.640316009521484,
      54.87959671020508,
      62.461875915527344,
      38.4428596496582,
      42.682559967041016
    ],
    [
      15.7030668258667,
      11.794678688049316,
      11.04122543334961,
      9.631383895874023,
      15.91067123413086,
      14.4169921875,
      22.240066528320312,
      20.71297836303711,
      24.49258804321289,
      23.61134910583496,
      33.16073226928711,
      31.989582061767578,
      42.66599655151367,
      38.80452346801758,
      49.57864761352539,
      38.4428596496582,
      41.572975158691406,
      28.514446258544922
    ],
    [
      13.428561210632324,
      15.532618522644043,
      8.965841293334961,
      13.16115951538086,
      18.216445922851562,
      20.452001571655273,
      22.64139175415039,
      26.58761215209961,
      27.85988998413086,
      30.342443466186523,
      35.52683639526367,
      40.230045318603516,
      38.44101333618164,
      46.5700569152832,
      35.14897918701172,
      42.682559967041016,
      28.514446258544922,
      34.16551971435547
    ]
  ],
  "drr": 10.23343276977539,
  "dynamics": 3.873339891433716,
  "format": 1245190,
  "frames": 11456512,
  "loudness": -12.479734420776367,
  "loudness_range": 10.850951194763184,
  "loudness_range_short": 11.517372131347656,
  "peak": 0.08733464032411575,
  "rms": -13.80348014831543,
  "sample_rate": 44100,
  "sections": 1,
  "seekable": 1,
  "sharpness": 1.3616724014282227,
  "space": -3.727163314819336
}