{
  "bands": [
    {
      "high_freq": 148.1999969482422,
      "loudness": -20.85634422302246,
      "loudness_range": 5.966487884521484,
      "mid_mean": -17.66335105895996,
      "mid_to_side_loudness": -11.738504409790039,
      "mid_to_side_loudness_range": 13.920440673828125,
      "side_mean": -29.39665412902832
    },
    {
      "high_freq": 392.3793640136719,
      "loudness": -18.227855682373047,
      "loudness_range": 8.978148460388184,
      "low_freq": 148.1999969482422,
      "mid_mean": -16.294687271118164,
      "mid_to_side_loudness": -4.416447639465332,
      "mid_to_side_loudness_range": 11.541539192199707,
      "side_mean": -20.408540725708008
    },
    {
      "high_freq": 794.6976318359375,
      "loudness": -19.536231994628906,
      "loudness_range": 9.179813385009766,
      "low_freq": 392.3793640136719,
      "mid_mean": -18.330095291137695,
      "mid_to_side_loudness": -1.7974069118499756,
      "mid_to_side_loudness_range": 10.484419822692871,
      "side_mean": -20.21949005126953
    },
    {
      "high_freq": 1457.5709228515625,
      "loudness": -20.1783447265625,
      "loudness_range": 13.608043670654297,
      "low_freq": 794.6976318359375,
      "mid_mean": -18.425186157226562,
      "mid_to_side_loudness": -3.421334981918335,
      "mid_to_side_loudness_range": 11.533848762512207,
      "side_mean": -21.97453498840332
    },
    {
      "high_freq": 2549.74365234375,
      "loudness": -19.889772415161133,
      "loudness_range": 11.177934646606445,
      "low_freq": 1457.5709228515625,
      "mid_mean": -17.969255447387695,
      "mid_to_side_loudness": -3.382988691329956,
      "mid_to_side_loudness_range": 8.410443305969238,
      "side_mean": -21.51875114440918
    },
    {
      "high_freq": 4349.24462890625,
      "loudness": -21.51181983947754,
      "loudness_range": 9.61046028137207,
      "low_freq": 2549.74365234375,
      "mid_mean": -19.49818229675293,
      "mid_to_side_loudness": -3.8314664363861084,
      "mid_to_side_loudness_range": 9.200188636779785,
      "side_mean": -23.507375717163086
    },
    {
      "high_freq": 7314.1640625,
      "loudness": -23.568326950073242,
      "loudness_range": 8.14869499206543,
      "low_freq": 4349.24462890625,
      "mid_mean": -21.552085876464844,
      "mid_to_side_loudness": -3.9361345767974854,
      "mid_to_side_loudness_range": 8.774781227111816,
      "side_mean": -25.442363739013672
    },
    {
      "high_freq": 12199.2666015625,
      "loudness": -24.408344268798828,
      "loudness_range": 8.958255767822266,
      "low_freq": 7314.1640625,
      "mid_mean": -22.316810607910156,
      "mid_to_side_loudness": -4.110482215881348,
      "mid_to_side_loudness_range": 8.249699592590332,
      "side_mean": -26.393253326416016
    },
    {
      "loudness": -32.021183013916016,
      "loudness_range": 6.228797912597656,
      "low_freq": 12199.2666015625,
      "mid_mean": -30.123802185058594,
      "mid_to_side_loudness": -3.4097702503204346,
      "mid_to_side_loudness_range": 6.523642063140869,
      "side_mean": -33.401859283447266
    }
  ],
  "bands_short": [
    {
      "high_freq": 148.1999969482422,
      "loudness": -24.816516876220703,
      "loudness_range": 16.290246963500977,
      "mid_mean": -22.12906265258789,
      "mid_to_side_loudness": -11.195330619812012,
      "mid_to_side_loudness_range": 25.256404876708984,
      "side_mean": -33.51174545288086
    },
    {
      "high_freq": 392.3793640136719,
      "loudness": -18.342592239379883,
      "loudness_range": 11.607399940490723,
      "low_freq": 148.1999969482422,
      "mid_mean": -16.577529907226562,
      "mid_to_side_loudness": -4.459944725036621,
      "mid_to_side_loudness_range": 15.487274169921875,
      "side_mean": -20.86136245727539
    },
    {
      "high_freq": 794.6976318359375,
      "loudness": -20.164962768554688,
      "loudness_range": 11.89639949798584,
      "low_freq": 392.3793640136719,
      "mid_mean": -19.472797393798828,
      "mid_to_side_loudness": -1.2917981147766113,
      "mid_to_side_loudness_range": 14.442924499511719,
      "side_mean": -20.83434295654297
    },
    {
      "high_freq": 1457.5709228515625,
      "loudness": -20.60504150390625,
      "loudness_range": 16.11363983154297,
      "low_freq": 794.6976318359375,
      "mid_mean": -19.214759826660156,
      "mid_to_side_loudness": -2.976046085357666,
      "mid_to_side_loudness_range": 14.258047103881836,
      "side_mean": -22.34545135498047
    },
    {
      "high_freq": 2549.74365234375,
      "loudness": -20.83499526977539,
      "loudness_range": 13.860026359558105,
      "low_freq": 1457.5709228515625,
      "mid_mean": -19.174388885498047,
      "mid_to_side_loudness": -3.1102476119995117,
      "mid_to_side_loudness_range": 11.208151817321777,
      "side_mean": -22.486783981323242
    },
    {
      "high_freq": 4349.24462890625,
      "loudness": -22.121150970458984,
      "loudness_range": 13.246152877807617,
      "low_freq": 2549.74365234375,
      "mid_mean": -20.453763961791992,
      "mid_to_side_loudness": -3.1941983699798584,
      "mid_to_side_loudness_range": 11.274561882019043,
      "side_mean": -23.799137115478516
    },
    {
      "high_freq": 7314.1640625,
      "loudness": -24.44826316833496,
      "loudness_range": 12.149673461914062,
      "low_freq": 4349.24462890625,
      "mid_mean": -22.8946590423584,
      "mid_to_side_loudness": -2.9692435264587402,
      "mid_to_side_loudness_range": 10.524593353271484,
      "side_mean": -25.90216636657715
    },
    {
      "high_freq": 12199.2666015625,
      "loudness": -25.740413665771484,
      "loudness_range": 13.33393669128418,
      "low_freq": 7314.1640625,
      "mid_mean": -24.23776626586914,
      "mid_to_side_loudness": -2.938143014907837,
      "mid_to_side_loudness_range": 10.281126022338867,
      "side_mean": -27.169525146484375
    },
    {
      "loudness": -33.66072463989258,
      "loudness_range": 14.428413391113281,
      "low_freq": 12199.2666015625,
      "mid_mean": -32.25259017944336,
      "mid_to_side_loudness": -2.507965564727783,
      "mid_to_side_loudness_range": 9.201690673828125,
      "side_mean": -34.63424301147461
    }
  ],
  "channels": 2,
  "covariance": [
    [
      16.863832473754883,
      3.2296087741851807,
      5.215331077575684,
      4.769968509674072,
      2.557245969772339,
      3.47906494140625,
      5.171841144561768,
      5.979251384735107,
      4.542788028717041,
      4.9534010887146,
      4.352431297302246,
      5.069542407989502,
      6.017999649047852,
      4.639937877655029,
      7.070615768432617,
      6.022870063781738,
      6.546458721160889,
      6.711524486541748
    ],
    [
      3.2296087741851807,
      17.286319732666016,
      2.6341874599456787,
      5.52498722076416,
      5.780562400817871,
      3.501723289489746,
      7.92076301574707,
      5.426064491271973,
      6.8187947273254395,
      6.0591888427734375,
      5.1460185050964355,
      4.929523944854736,
      4.189560413360596,
      3.4941742420196533,
      4.524106025695801,
      4.469571590423584,
      4.336236000061035,
      4.135335922241211
    ],
    [
      5.215331077575684,
      2.6341874599456787,
      17.56896209716797,
      4.261569499969482,
      3.2177581787109375,
      3.230752468109131,
      0.6996204257011414,
      2.758845806121826,
      -0.3369590640068054,
      0.35555529594421387,
      1.0309441089630127,
      0.11238238215446472,
      1.2747589349746704,
      0.557197093963623,
      1.8896220922470093,
      0.53692227602005,
      1.9149872064590454,
      1.0072296857833862
    ],
    [
      4.769968509674072,
      5.52498722076416,
      4.261569499969482,
      10.43208122253418,
      5.765431880950928,
      6.065245151519775,
      7.1512675285339355,
      6.6108479499816895,
      5.71859073638916,
      5.720676898956299,
      4.182640552520752,
      4.842852592468262,
      4.460251808166504,
      3.8963747024536133,
      5.363880634307861,
      4.995991230010986,
      5.1675028800964355,
      5.172116279602051
    ],
    [
      2.557245969772339,
      5.780562400817871,
      3.2177581787109375,
      5.765431880950928,
      20.55953025817871,
      8.952351570129395,
      15.760933876037598,
      9.506684303283691,
      10.993295669555664,
      7.1747517585754395,
      9.199411392211914,
      5.92284631729126,
      5.239623546600342,
      3.780055522918701,
      5.800652027130127,
      4.707409381866455,
      4.612128257751465,
      5.460339546203613
    ],
    [
      3.47906494140625,
      3.501723289489746,
      3.230752468109131,
      6.065245151519775,
      8.952351570129395,
      10.829233169555664,
      9.029098510742188,
      8.68539810180664,
      7.29262113571167,
      7.224613189697266,
      4.82050085067749,
      5.501783847808838,
      3.967074394226074,
      3.8206417560577393,
      4.690420150756836,
      4.493199825286865,
      4.388062953948975,
      4.868685245513916
    ],
    [
      5.171841144561768,
      7.92076301574707,
      0.6996204257011414,
      7.1512675285339355,
      15.760933876037598,
      9.029098510742188,
      32.60374069213867,
      16.91411018371582,
      18.562156677246094,
      12.433292388916016,
      12.49992561340332,
      10.604044914245605,
      8.332193374633789,
      6.532440662384033,
      8.889883041381836,
      8.196305274963379,
      8.364282608032227,
      9.103835105895996
    ],
    [
      5.979251384735107,
      5.426064491271973,
      2.758845806121826,
      6.6108479499816895,
      9.506684303283691,
      8.68539810180664,
      16.91411018371582,
      17.90207862854004,
      12.326996803283691,
      12.231477737426758,
      9.010414123535156,
      10.34361457824707,
      7.891103267669678,
      7.250925540924072,
      8.493922233581543,
      8.379944801330566,
      8.16462230682373,
      8.842864990234375
    ],
    [
      4.542788028717041,
      6.8187947273254395,
      -0.3369590640068054,
      5.71859073638916,
      10.993295669555664,
      7.29262113571167,
      18.562156677246094,
      12.326996803283691,
      23.20982551574707,
      15.81202507019043,
      12.718897819519043,
      12.767172813415527,
      9.706178665161133,
      9.553285598754883,
      9.250227928161621,
      9.549704551696777,
      8.443578720092773,
      9.41838550567627
    ],
    [
      4.9534010887146,
      6.0591888427734375,
      0.35555529594421387,
      5.720676898956299,
      7.1747517585754395,
      7.224613189697266,
      12.433292388916016,
      12.231477737426758,
      15.81202507019043,
      17.901809692382812,
      10.081278800964355,
      13.568267822265625,
      8.897027015686035,
      10.637158393859863,
      8.22531795501709,
      10.08375072479248,
      7.883342742919922,
      9.520763397216797
    ],
    [
      4.352431297302246,
      5.1460185050964355,
      1.0309441089630127,
      4.182640552520752,
      9.199411392211914,
      4.82050085067749,
      12.49992561340332,
      9.010414123535156,
      12.718897819519043,
      10.081278800964355,
      18.337268829345703,
      11.88255500793457,
      11.9840669631958,
      9.39090347290039,
      10.487715721130371,
      8.893402099609375,
      8.355167388916016,
      8.589466094970703
    ],
    [
      5.069542407989502,
      4.929523944854736,
      0.11238238215446472,
      4.842852592468262,
      5.92284631729126,
      5.501783847808838,
      10.604044914245605,
      10.34361457824707,
      12.767172813415527,
      13.568267822265625,
      11.88255500793457,
      18.22806167602539,
      9.561725616455078,
      13.907567024230957,
      8.463278770446777,
      11.716669082641602,
      7.954505443572998,
      9.899370193481445
    ],
    [
      6.017999649047852,
      4.189560413360596,
      1.2747589349746704,
      4.460251808166504,
      5.239623546600342,
      3.967074394226074,
      8.332193374633789,
      7.891103267669678,
      9.706178665161133,
      8.897027015686035,
      11.9840669631958,
      9.561725616455078,
      17.41988754272461,
      9.564373016357422,
      15.394055366516113,
      9.436317443847656,
      11.613097190856934,
      8.805787086486816
    ],
    [
      4.639937877655029,
      3.4941742420196533,
      0.557197093963623,
      3.8963747024536133,
      3.780055522918701,
      3.8206417560577393,
      6.532440662384033,
      7.250925540924072,
      9.553285598754883,
      10.637158393859863,
      9.39090347290039,
      13.907567024230957,
      9.564373016357422,
      17.049673080444336,
      8.38394832611084,
      13.493402481079102,
      7.562309741973877,
      10.514431953430176
    ],
    [
      7.070615768432617,
      4.524106025695801,
      1.8896220922470093,
      5.363880634307861,
      5.800652027130127,
      4.690420150756836,
      8.889883041381836,
      8.493922233581543,
      9.250227928161621,
      8.22531795501709,
      10.487715721130371,
      8.463278770446777,
      15.394055366516113,
      8.38394832611084,
      18.62240982055664,
      9.974105834960938,
      15.020371437072754,
      9.639091491699219
    ],
    [
      6.022870063781738,
      4.469571590423584,
      0.53692227602005,
      4.995991230010986,
      4.707409381866455,
      4.493199825286865,
      8.196305274963379,
      8.379944801330566,
      9.549704551696777,
      10.08375072479248,
      8.893402099609375,
      11.716669082641602,
      9.436317443847656,
      13.493402481079102,
      9.974105834960938,
      15.644502639770508,
      9.243797302246094,
      12.506488800048828
    ],
    [
      6.546458721160889,
      4.336236000061035,
      1.9149872064590454,
      5.1675028800964355,
      4.612128257751465,
      4.388062953948975,
      8.364282608032227,
      8.16462230682373,
      8.443578720092773,
      7.883342742919922,
      8.355167388916016,
      7.954505443572998,
      11.613097190856934,
      7.562309741973877,
      15.020371437072754,
      9.243797302246094,
      15.460800170898438,
      10.023903846740723
    ],
    [
      6.711524486541748,
      4.135335922241211,
      1.0072296857833862,
      5.172116279602051,
      5.460339546203613,
      4.868685245513916,
      9.103835105895996,
      8.842864990234375,
      9.41838550567627,
      9.520763397216797,
      8.589466094970703,
      9.899370193481445,
      8.805787086486816,
      10.514431953430176,
      9.639091491699219,
      12.506488800048828,
      10.023903846740723,
      14.511723518371582
    ]
  ],
  "covariance_short": [
    [
      46.57563018798828,
      2.8987579345703125,
      9.916569709777832,
      5.14509391784668,
      2.3048083782196045,
      3.5768985748291016,
      4.877148628234863,
      5.6733598709106445,
      4.876047134399414,
      5.258555889129639,
      4.277304649353027,
      5.136277198791504,
      5.308297634124756,
      5.371673583984375,
      4.529242992401123,
      5.568357944488525,
      4.123971462249756,
      5.991836071014404
    ],
    [
      2.8987579345703125,
      32.897560119628906,
      1.6192348003387451,
      5.961121559143066,
      5.366976737976074,
      3.4802637100219727,
      7.487418174743652,
      4.888179302215576,
      6.261684417724609,
      4.886301040649414,
      4.96589994430542,
      4.21494722366333,
      4.476372241973877,
      3.698099374771118,
      4.657413959503174,
      4.354177474975586,
      4.344440460205078,
      3.6078851222991943
    ],
    [
      9.916569709777832,
      1.6192348003387451,
      28.52180290222168,
      6.192443370819092,
      5.456406116485596,
      4.990543365478516,
      2.793450117111206,
      4.545759677886963,
      2.9211621284484863,
      2.7927141189575195,
      3.3499748706817627,
      2.0545506477355957,
      4.4770307540893555,
      2.5143439769744873,
      5.426853179931641,
      3.2798314094543457,
      6.602970123291016,
      4.9894208908081055
    ],
    [
      5.14509391784668,
      5.961121559143066,
      6.192443370819092,
      15.278843879699707,
      7.236605644226074,
      7.989461421966553,
      8.398478507995605,
      8.363516807556152,
      6.720034122467041,
      6.937265396118164,
      4.989413738250732,
      5.3001708984375,
      5.032576560974121,
      5.090372562408447,
      6.210330963134766,
      6.040809631347656,
      6.709174633026123,
      6.412829399108887
    ],
    [
      2.3048083782196045,
      5.366976737976074,
      5.456406116485596,
      7.236605644226074,
      32.657859802246094,
      12.089850425720215,
      20.1153507232666,
      12.808369636535645,
      14.933348655700684,
      9.972217559814453,
      14.382532119750977,
      8.423843383789062,
      8.87828540802002,
      6.538567066192627,
      9.94030475616455,
      8.087728500366211,
      9.128479957580566,
      8.936068534851074
    ],
    [
      3.5768985748291016,
      3.4802637100219727,
      4.990543365478516,
      7.989461421966553,
      12.089850425720215,
      17.40523338317871,
      11.4490966796875,
      11.909651756286621,
      9.518423080444336,
      9.515957832336426,
      6.920479774475098,
      6.896833896636963,
      5.39507532119751,
      5.363232135772705,
      6.577608108520508,
      6.068455696105957,
      6.741811275482178,
      6.489438056945801
    ],
    [
      4.877148628234863,
      7.487418174743652,
      2.793450117111206,
      8.398478507995605,
      20.1153507232666,
      11.4490966796875,
      42.21384811401367,
      20.808313369750977,
      24.032562255859375,
      16.000341415405273,
      18.193408966064453,
      13.002710342407227,
      13.066869735717773,
      9.691953659057617,
      13.701155662536621,
      11.600000381469727,
      12.856526374816895,
      12.603693008422852
    ],
    [
      5.6733598709106445,
      4.888179302215576,
      4.545759677886963,
      8.363516807556152,
      12.808369636535645,
      11.909651756286621,
      20.808313369750977,
      25.408193588256836,
      15.749428749084473,
      16.04338836669922,
      12.396919250488281,
      12.566774368286133,
      9.986686706542969,
      9.804165840148926,
      10.542424201965332,
      10.307379722595215,
      10.330552101135254,
      10.813070297241211
    ],
    [
      4.876047134399414,
      6.261684417724609,
      2.9211621284484863,
      6.720034122467041,
      14.933348655700684,
      9.518423080444336,
      24.032562255859375,
      15.749428749084473,
      33.21322250366211,
      19.96041488647461,
      19.262104034423828,
      15.342281341552734,
      15.208797454833984,
      12.851061820983887,
      14.61868667602539,
      13.341875076293945,
      13.570653915405273,
      13.540761947631836
    ],
    [
      5.258555889129639,
      4.886301040649414,
      2.7927141189575195,
      6.937265396118164,
      9.972217559814453,
      9.515957832336426,
      16.000341415405273,
      16.04338836669922,
      19.96041488647461,
      23.9143123626709,
      13.901097297668457,
      16.138376235961914,
      11.932206153869629,
      13.579793930053711,
      11.437909126281738,
      12.890278816223145,
      11.212591171264648,
      12.488471984863281
    ],
    [
      4.277304649353027,
      4.96589994430542,
      3.3499748706817627,
      4.989413738250732,
      14.382532119750977,
      6.920479774475098,
      18.193408966064453,
      12.396919250488281,
      19.262104034423828,
      13.901097297668457,
      30.34835433959961,
      17.507862091064453,
      20.653383255004883,
      14.200937271118164,
      19.145795822143555,
      14.339738845825195,
      16.29877471923828,
      13.936357498168945
    ],
    [
      5.136277198791504,
      4.21494722366333,
      2.0545506477355957,
      5.3001708984375,
      8.423843383789062,
      6.896833896636963,
      13.002710342407227,
      12.566774368286133,
      15.342281341552734,
      16.138376235961914,
      17.507862091064453,
      22.88102149963379,
      13.47609806060791,
      17.56354522705078,
      12.527432441711426,
      15.707356452941895,
      11.899434089660645,
      13.997406959533691
    ],
    [
      5.308297634124756,
      4.476372241973877,
      4.4770307540893555,
      5.032576560974121,
      8.87828540802002,
      5.39507532119751,
      13.066869735717773,
      9.986686706542969,
      15.208797454833984,
      11.932206153869629,
      20.653383255004883,
      13.47609806060791,
      29.538602828979492,
      15.82416820526123,
      27.2275447845459,
      15.860746383666992,
      23.421131134033203,
      15.754150390625
    ],
    [
      5.371673583984375,
      3.698099374771118,
      2.5143439769744873,
      5.090372562408447,
      6.538567066192627,
      5.363232135772705,
      9.691953659057617,
      9.804165840148926,
      12.851061820983887,
      13.579793930053711,
      14.200937271118164,
      17.56354522705078,
      15.82416820526123,
      23.12449073791504,
      14.67624568939209,
      19.75438690185547,
      14.004246711730957,
      17.05095863342285
    ],
    [
      4.529242992401123,
      4.657413959503174,
      5.426853179931641,
      6.210330963134766,
      9.94030475616455,
      6.577608108520508,
      13.701155662536621,
      10.542424201965332,
      14.61868667602539,
      11.437909126281738,
      19.145795822143555,
      12.527432441711426,
      27.2275447845459,
      14.67624568939209,
      34.15097427368164,
      18.115325927734375,
      30.077421188354492,
      18.737760543823242
    ],
    [
      5.568357944488525,
      4.354177474975586,
      3.2798314094543457,
      6.040809631347656,
      8.087728500366211,
      6.068455696105957,
      11.600000381469727,
      10.307379722595215,
      13.341875076293945,
      12.890278816223145,
      14.339738845825195,
      15.707356452941895,
      15.860746383666992,
      19.75438690185547,
      18.115325927734375,
      24.104190826416016,
      17.70282745361328,
      21.006271362304688
    ],
    [
      4.123971462249756,
      4.344440460205078,
      6.602970123291016,
      6.709174633026123,
      9.128479957580566,
      6.741811275482178,
      12.856526374816895,
      10.330552101135254,
      13.570653915405273,
      11.212591171264648,
      16.29877471923828,
      11.899434089660645,
      23.421131134033203,
      14.004246711730957,
      30.077421188354492,
      17.70282745361328,
      33.99190902709961,
      22.147878646850586
    ],
    [
      5.991836071014404,
      3.6078851222991943,
      4.9894208908081055,
      6.412829399108887,
      8.936068534851074,
      6.489438056945801,
      12.603693008422852,
      10.813070297241211,
      13.540761947631836,
      12.488471984863281,
      13.936357498168945,
      13.997406959533691,
      15.754150390625,
      17.05095863342285,
      18.737760543823242,
      21.006271362304688,
      22.147878646850586,
      26.841157913208008
    ]
  ],
  "drr": 14.58647632598877,
  "dynamics": 2.413634777069092,
  "format": 1245190,
  "frames": 11405312,
  "loudness": -7.422723293304443,
  "loudness_range": 5.271449089050293,
  "loudness_range_short": 7.962498664855957,
  "peak": 0,
  "rms": -10.463652610778809,
  "sample_rate": 44100,
  "sections": 1,
  "seekable": 1,
  "sharpness": 2.207078218460083,
  "space": -4.612800121307373
}