{
  "bands": [
    {
      "high_freq": 148.1999969482422,
      "loudness": -23.3369197845459,
      "loudness_range": 15.04913330078125,
      "mid_mean": -19.743009567260742,
      "mid_to_side_loudness": -19.671913146972656,
      "mid_to_side_loudness_range": 15.97997760772705,
      "side_mean": -39.4243049621582
    },
    {
      "high_freq": 392.3793640136719,
      "loudness": -22.6444034576416,
      "loudness_range": 11.458446502685547,
      "low_freq": 148.1999969482422,
      "mid_mean": -19.494373321533203,
      "mid_to_side_loudness": -9.502821922302246,
      "mid_to_side_loudness_range": 9.309696197509766,
      "side_mean": -29.07085418701172
    },
    {
      "high_freq": 794.6976318359375,
      "loudness": -28.7130069732666,
      "loudness_range": 19.42783546447754,
      "low_freq": 392.3793640136719,
      "mid_mean": -25.881736755371094,
      "mid_to_side_loudness": -7.389142990112305,
      "mid_to_side_loudness_range": 9.31091594696045,
      "side_mean": -33.23781204223633
    },
    {
      "high_freq": 1457.5709228515625,
      "loudness": -31.701993942260742,
      "loudness_range": 23.164064407348633,
      "low_freq": 794.6976318359375,
      "mid_mean": -28.92758560180664,
      "mid_to_side_loudness": -7.11206579208374,
      "mid_to_side_loudness_range": 8.627809524536133,
      "side_mean": -35.839149475097656
    },
    {
      "high_freq": 2549.74365234375,
      "loudness": -33.11327362060547,
      "loudness_range": 20.700109481811523,
      "low_freq": 1457.5709228515625,
      "mid_mean": -30.355838775634766,
      "mid_to_side_loudness": -7.045971393585205,
      "mid_to_side_loudness_range": 8.20278549194336,
      "side_mean": -37.28580093383789
    },
    {
      "high_freq": 4349.24462890625,
      "loudness": -33.831321716308594,
      "loudness_range": 17.24863052368164,
      "low_freq": 2549.74365234375,
      "mid_mean": -31.203689575195312,
      "mid_to_side_loudness": -6.40696382522583,
      "mid_to_side_loudness_range": 8.89672565460205,
      "side_mean": -37.53142547607422
    },
    {
      "high_freq": 7314.1640625,
      "loudness": -35.36909866333008,
      "loudness_range": 17.295814514160156,
      "low_freq": 4349.24462890625,
      "mid_mean": -32.71647262573242,
      "mid_to_side_loudness": -6.451524257659912,
      "mid_to_side_loudness_range": 7.696490287780762,
      "side_mean": -39.11333084106445
    },
    {
      "high_freq": 12199.2666015625,
      "loudness": -37.144866943359375,
      "loudness_range": 16.97292709350586,
      "low_freq": 7314.1640625,
      "mid_mean": -34.66742706298828,
      "mid_to_side_loudness": -5.199962615966797,
      "mid_to_side_loudness_range": 4.869002342224121,
      "side_mean": -39.805904388427734
    },
    {
      "loudness": -41.856956481933594,
      "loudness_range": 17.914749145507812,
      "low_freq": 12199.2666015625,
      "mid_mean": -39.367088317871094,
      "mid_to_side_loudness": -5.561586856842041,
      "mid_to_side_loudness_range": 6.629166126251221,
      "side_mean": -44.82563018798828
    }
  ],
  "bands_short": [
    {
      "high_freq": 148.1999969482422,
      "loudness": -26.797887802124023,
      "loudness_range": 21.98292350769043,
      "mid_mean": -23.218252182006836,
      "mid_to_side_loudness": -22.11973762512207,
      "mid_to_side_loudness_range": 21.696678161621094,
      "side_mean": -45.601463317871094
    },
    {
      "high_freq": 392.3793640136719,
      "loudness": -23.320402145385742,
      "loudness_range": 16.199426651000977,
      "low_freq": 148.1999969482422,
      "mid_mean": -20.270456314086914,
      "mid_to_side_loudness": -10.099934577941895,
      "mid_to_side_loudness_range": 14.869688034057617,
      "side_mean": -30.422639846801758
    },
    {
      "high_freq": 794.6976318359375,
      "loudness": -28.79473114013672,
      "loudness_range": 21.755537033081055,
      "low_freq": 392.3793640136719,
      "mid_mean": -26.271881103515625,
      "mid_to_side_loudness": -6.715550899505615,
      "mid_to_side_loudness_range": 12.84045696258545,
      "side_mean": -33.09441375732422
    },
    {
      "high_freq": 1457.5709228515625,
      "loudness": -33.364479064941406,
      "loudness_range": 26.75648307800293,
      "low_freq": 794.6976318359375,
      "mid_mean": -30.890283584594727,
      "mid_to_side_loudness": -6.311806678771973,
      "mid_to_side_loudness_range": 11.97799015045166,
      "side_mean": -37.274139404296875
    },
    {
      "high_freq": 2549.74365234375,
      "loudness": -35.56586456298828,
      "loudness_range": 26.138202667236328,
      "low_freq": 1457.5709228515625,
      "mid_mean": -33.07451248168945,
      "mid_to_side_loudness": -6.177062511444092,
      "mid_to_side_loudness_range": 10.60734748840332,
      "side_mean": -39.402889251708984
    },
    {
      "high_freq": 4349.24462890625,
      "loudness": -37.04257583618164,
      "loudness_range": 25.782651901245117,
      "low_freq": 2549.74365234375,
      "mid_mean": -34.8600959777832,
      "mid_to_side_loudness": -4.683821201324463,
      "mid_to_side_loudness_range": 8.578641891479492,
      "side_mean": -39.857975006103516
    },
    {
      "high_freq": 7314.1640625,
      "loudness": -39.197425842285156,
      "loudness_range": 27.42509651184082,
      "low_freq": 4349.24462890625,
      "mid_mean": -37.09066390991211,
      "mid_to_side_loudness": -4.523849010467529,
      "mid_to_side_loudness_range": 7.996932029724121,
      "side_mean": -41.8497428894043
    },
    {
      "high_freq": 12199.2666015625,
      "loudness": -40.51206970214844,
      "loudness_range": 25.256481170654297,
      "low_freq": 7314.1640625,
      "mid_mean": -38.49347686767578,
      "mid_to_side_loudness": -4.0068278312683105,
      "mid_to_side_loudness_range": 7.035283088684082,
      "side_mean": -42.822418212890625
    },
    {
      "loudness": -45.51742172241211,
      "loudness_range": 26.502073287963867,
      "low_freq": 12199.2666015625,
      "mid_mean": -44.0230712890625,
      "mid_to_side_loudness": -3.9034643173217773,
      "mid_to_side_loudness_range": 8.356393814086914,
      "side_mean": -48.372440338134766
    }
  ],
  "channels": 2,
  "covariance": [
    [
      34.23322677612305,
      17.577062606811523,
      13.132902145385742,
      11.090082168579102,
      14.138647079467773,
      14.655303001403809,
      17.08207893371582,
      15.293742179870605,
      16.097440719604492,
      11.409831047058105,
      13.409187316894531,
      7.639958381652832,
      11.59873104095459,
      8.741300582885742,
      12.86563777923584,
      12.802741050720215,
      15.351791381835938,
      14.380331993103027
    ],
    [
      17.577062606811523,
      29.560720443725586,
      12.176594734191895,
      13.999086380004883,
      14.622447967529297,
      16.187538146972656,
      16.5401668548584,
      15.204353332519531,
      16.40277099609375,
      15.672039985656738,
      14.6380615234375,
      14.268501281738281,
      14.575122833251953,
      15.206409454345703,
      14.936599731445312,
      15.5390625,
      14.180545806884766,
      14.920690536499023
    ],
    [
      13.132902145385742,
      12.176594734191895,
      20.455453872680664,
      17.498714447021484,
      18.817522048950195,
      18.747098922729492,
      19.694414138793945,
      17.62589454650879,
      20.37999725341797,
      19.075214385986328,
      18.10032081604004,
      18.15934944152832,
      17.809871673583984,
      18.526065826416016,
      17.956636428833008,
      17.804031372070312,
      15.78178882598877,
      16.31063461303711
    ],
    [
      11.090082168579102,
      13.999086380004883,
      17.498714447021484,
      25.728267669677734,
      20.664934158325195,
      23.367000579833984,
      19.80059242248535,
      19.10508155822754,
      19.892486572265625,
      20.883663177490234,
      16.746488571166992,
      19.89601707458496,
      16.78264045715332,
      19.891721725463867,
      17.871261596679688,
      18.766517639160156,
      15.70183277130127,
      17.91960906982422
    ],
    [
      14.138647079467773,
      14.622447967529297,
      18.817522048950195,
      20.664934158325195,
      44.38022994995117,
      40.916133880615234,
      35.17426300048828,
      32.928077697753906,
      31.59241485595703,
      32.701751708984375,
      25.776634216308594,
      29.70429229736328,
      24.686595916748047,
      28.798601150512695,
      25.70557975769043,
      26.58928871154785,
      22.737815856933594,
      24.866697311401367
    ],
    [
      14.655303001403809,
      16.187538146972656,
      18.747098922729492,
      23.367000579833984,
      40.916133880615234,
      50.028873443603516,
      35.57224655151367,
      37.0521125793457,
      31.43115234375,
      34.37318801879883,
      25.018339157104492,
      30.92748260498047,
      24.216304779052734,
      30.124099731445312,
      26.77349090576172,
      29.241479873657227,
      24.85892677307129,
      29.047698974609375
    ],
    [
      17.08207893371582,
      16.5401668548584,
      19.694414138793945,
      19.80059242248535,
      35.17426300048828,
      35.57224655151367,
      62.671024322509766,
      55.77809143066406,
      39.69851303100586,
      41.0321159362793,
      31.040172576904297,
      36.33610534667969,
      27.822893142700195,
      32.71593475341797,
      30.14661407470703,
      31.615278244018555,
      27.479774475097656,
      29.457605361938477
    ],
    [
      15.293742179870605,
      15.204353332519531,
      17.62589454650879,
      19.10508155822754,
      32.928077697753906,
      37.0521125793457,
      55.77809143066406,
      60.191837310791016,
      37.05900192260742,
      40.79372024536133,
      28.24980926513672,
      35.57655334472656,
      25.723106384277344,
      32.146400451660156,
      28.388591766357422,
      30.846881866455078,
      26.25632095336914,
      29.299787521362305
    ],
    [
      16.097440719604492,
      16.40277099609375,
      20.37999725341797,
      19.892486572265625,
      31.59241485595703,
      31.43115234375,
      39.69851303100586,
      37.05900192260742,
      53.18854522705078,
      49.88919448852539,
      37.021934509277344,
      40.47233200073242,
      33.32781219482422,
      35.66790008544922,
      31.73746109008789,
      31.091806411743164,
      25.77437400817871,
      26.508935928344727
    ],
    [
      11.409831047058105,
      15.672039985656738,
      19.075214385986328,
      20.883663177490234,
      32.701751708984375,
      34.37318801879883,
      41.0321159362793,
      40.79372024536133,
      49.88919448852539,
      56.38440704345703,
      36.88623046875,
      46.407501220703125,
      34.60991668701172,
      40.78731155395508,
      33.08897399902344,
      33.7200927734375,
      26.012041091918945,
      28.171741485595703
    ],
    [
      13.409187316894531,
      14.6380615234375,
      18.10032081604004,
      16.746488571166992,
      25.776634216308594,
      25.018339157104492,
      31.040172576904297,
      28.24980926513672,
      37.021934509277344,
      36.88623046875,
      38.04619598388672,
      38.9460563659668,
      35.4176139831543,
      35.49275207519531,
      30.547609329223633,
      28.78666877746582,
      22.429462432861328,
      22.291431427001953
    ],
    [
      7.639958381652832,
      14.268501281738281,
      18.15934944152832,
      19.89601707458496,
      29.70429229736328,
      30.92748260498047,
      36.33610534667969,
      35.57655334472656,
      40.47233200073242,
      46.407501220703125,
      38.9460563659668,
      51.49515914916992,
      37.54904556274414,
      45.506011962890625,
      34.12284851074219,
      35.11027908325195,
      24.485567092895508,
      26.876842498779297
    ],
    [
      11.59873104095459,
      14.575122833251953,
      17.809871673583984,
      16.78264045715332,
      24.686595916748047,
      24.216304779052734,
      27.822893142700195,
      25.723106384277344,
      33.32781219482422,
      34.60991668701172,
      35.4176139831543,
      37.54904556274414,
      39.08539962768555,
      38.70154571533203,
      33.06739044189453,
      31.036745071411133,
      24.2139892578125,
      23.345516204833984
    ],
    [
      8.741300582885742,
      15.206409454345703,
      18.526065826416016,
      19.891721725463867,
      28.798601150512695,
      30.124099731445312,
      32.71593475341797,
      32.146400451660156,
      35.66790008544922,
      40.78731155395508,
      35.49275207519531,
      45.506011962890625,
      38.70154571533203,
      47.17546463012695,
      36.24900817871094,
      37.84074401855469,
      27.140336990356445,
      29.172832489013672
    ],
    [
      12.86563777923584,
      14.936599731445312,
      17.956636428833008,
      17.871261596679688,
      25.70557975769043,
      26.77349090576172,
      30.14661407470703,
      28.388591766357422,
      31.73746109008789,
      33.08897399902344,
      30.547609329223633,
      34.12284851074219,
      33.06739044189453,
      36.24900817871094,
      34.698787689208984,
      34.40474319458008,
      29.444183349609375,
      29.630237579345703
    ],
    [
      12.802741050720215,
      15.5390625,
      17.804031372070312,
      18.766517639160156,
      26.58928871154785,
      29.241479873657227,
      31.615278244018555,
      30.846881866455078,
      31.091806411743164,
      33.7200927734375,
      28.78666877746582,
      35.11027908325195,
      31.036745071411133,
      37.84074401855469,
      34.40474319458008,
      37.83224105834961,
      30.998804092407227,
      33.87334060668945
    ],
    [
      15.351791381835938,
      14.180545806884766,
      15.78178882598877,
      15.70183277130127,
      22.737815856933594,
      24.85892677307129,
      27.479774475097656,
      26.25632095336914,
      25.77437400817871,
      26.012041091918945,
      22.429462432861328,
      24.485567092895508,
      24.2139892578125,
      27.140336990356445,
      29.444183349609375,
      30.998804092407227,
      33.145450592041016,
      33.058528900146484
    ],
    [
      14.380331993103027,
      14.920690536499023,
      16.31063461303711,
      17.91960906982422,
      24.866697311401367,
      29.047698974609375,
      29.457605361938477,
      29.299787521362305,
      26.508935928344727,
      28.171741485595703,
      22.291431427001953,
      26.876842498779297,
      23.345516204833984,
      29.172832489013672,
      29.630237579345703,
      33.87334060668945,
      33.058528900146484,
      38.68488311767578
    ]
  ],
  "covariance_short": [
    [
      57.43999481201172,
      27.592226028442383,
      23.842514038085938,
      14.422650337219238,
      18.56342315673828,
      17.76458740234375,
      20.10291862487793,
      18.693248748779297,
      19.892805099487305,
      17.749235153198242,
      19.387556076049805,
      15.142176628112793,
      19.57766342163086,
      16.1003360748291,
      21.5538330078125,
      20.54987144470215,
      24.560543060302734,
      25.006065368652344
    ],
    [
      27.592226028442383,
      48.955474853515625,
      18.89513397216797,
      17.786914825439453,
      19.09052848815918,
      18.597448348999023,
      23.977325439453125,
      21.317392349243164,
      25.443946838378906,
      24.175283432006836,
      27.135509490966797,
      24.668502807617188,
      27.586267471313477,
      25.23874855041504,
      26.353181838989258,
      24.995162963867188,
      25.940189361572266,
      25.154048919677734
    ],
    [
      23.842514038085938,
      18.89513397216797,
      36.70944595336914,
      23.77692222595215,
      27.486438751220703,
      23.524072647094727,
      28.72393226623535,
      24.682458877563477,
      30.90410041809082,
      27.507293701171875,
      31.175451278686523,
      27.18224334716797,
      31.324800491333008,
      27.17745018005371,
      30.35091209411621,
      28.199434280395508,
      30.25700569152832,
      29.58098793029785
    ],
    [
      14.422650337219238,
      17.786914825439453,
      23.77692222595215,
      38.86015701293945,
      27.330839157104492,
      28.620956420898438,
      27.193702697753906,
      25.192012786865234,
      27.57254409790039,
      27.9222412109375,
      27.172714233398438,
      28.57052993774414,
      27.266979217529297,
      28.198280334472656,
      26.476089477539062,
      27.51244354248047,
      26.363304138183594,
      29.606285095214844
    ],
    [
      18.56342315673828,
      19.09052848815918,
      27.486438751220703,
      27.330839157104492,
      61.04233932495117,
      47.224918365478516,
      45.89030838012695,
      40.14300537109375,
      44.871944427490234,
      41.04205322265625,
      41.30066680908203,
      39.11846160888672,
      39.98699951171875,
      37.99406433105469,
      38.41936492919922,
      37.395633697509766,
      36.949581146240234,
      39.047489166259766
    ],
    [
      17.76458740234375,
      18.597448348999023,
      23.524072647094727,
      28.620956420898438,
      47.224918365478516,
      57.016700744628906,
      42.35504150390625,
      41.70948028564453,
      39.81098556518555,
      40.780296325683594,
      36.417884826660156,
      37.93362808227539,
      35.04287338256836,
      36.61939239501953,
      35.13398361206055,
      36.95925521850586,
      35.63661193847656,
      40.562095642089844
    ],
    [
      20.10291862487793,
      23.977325439453125,
      28.72393226623535,
      27.193702697753906,
      45.89030838012695,
      42.35504150390625,
      84.27247619628906,
      68.28828430175781,
      59.81138229370117,
      55.30616760253906,
      53.97452163696289,
      51.97172546386719,
      47.65451431274414,
      46.21119689941406,
      47.28923034667969,
      45.740028381347656,
      45.34615707397461,
      45.934635162353516
    ],
    [
      18.693248748779297,
      21.317392349243164,
      24.682458877563477,
      25.192012786865234,
      40.14300537109375,
      41.70948028564453,
      68.28828430175781,
      72.43594360351562,
      51.642860412597656,
      52.29732894897461,
      46.03505325317383,
      47.829952239990234,
      41.089168548583984,
      42.78871536254883,
      41.33720016479492,
      42.22599792480469,
      40.678253173828125,
      43.47982406616211
    ],
    [
      19.892805099487305,
      25.443946838378906,
      30.90410041809082,
      27.57254409790039,
      44.871944427490234,
      39.81098556518555,
      59.81138229370117,
      51.642860412597656,
      84.73712921142578,
      71.4213638305664,
      66.4695816040039,
      60.91661071777344,
      59.52443313598633,
      54.15342712402344,
      54.8914909362793,
      50.29746627807617,
      49.33940505981445,
      47.59803009033203
    ],
    [
      17.749235153198242,
      24.175283432006836,
      27.507293701171875,
      27.9222412109375,
      41.04205322265625,
      40.780296325683594,
      55.30616760253906,
      52.29732894897461,
      71.4213638305664,
      76.67247772216797,
      61.79556655883789,
      64.36817932128906,
      56.80012130737305,
      57.24327850341797,
      51.97174835205078,
      51.03227233886719,
      45.89739990234375,
      47.27079772949219
    ],
    [
      19.387556076049805,
      27.135509490966797,
      31.175451278686523,
      27.172714233398438,
      41.30066680908203,
      36.417884826660156,
      53.97452163696289,
      46.03505325317383,
      66.4695816040039,
      61.79556655883789,
      81.29302215576172,
      69.99812316894531,
      75.34529113769531,
      66.3041000366211,
      65.7585220336914,
      59.22248458862305,
      57.35651779174805,
      52.93899154663086
    ],
    [
      15.142176628112793,
      24.668502807617188,
      27.18224334716797,
      28.57052993774414,
      39.11846160888672,
      37.93362808227539,
      51.97172546386719,
      47.829952239990234,
      60.91661071777344,
      64.36817932128906,
      69.99812316894531,
      77.23304748535156,
      68.06551361083984,
      69.42634582519531,
      59.84197235107422,
      59.08108139038086,
      51.24760818481445,
      51.76236343383789
    ],
    [
      19.57766342163086,
      27.586267471313477,
      31.324800491333008,
      27.266979217529297,
      39.98699951171875,
      35.04287338256836,
      47.65451431274414,
      41.089168548583984,
      59.52443313598633,
      56.80012130737305,
      75.34529113769531,
      68.06551361083984,
      87.95492553710938,
      74.64247131347656,
      75.24000549316406,
      67.4324951171875,
      64.93812561035156,
      58.199703216552734
    ],
    [
      16.1003360748291,
      25.23874855041504,
      27.17745018005371,
      28.198280334472656,
      37.99406433105469,
      36.61939239501953,
      46.21119689941406,
      42.78871536254883,
      54.15342712402344,
      57.24327850341797,
      66.3041000366211,
      69.42634582519531,
      74.64247131347656,
      78.25016784667969,
      67.22481536865234,
      67.59235382080078,
      58.52898406982422,
      57.70610809326172
    ],
    [
      21.5538330078125,
      26.353181838989258,
      30.35091209411621,
      26.476089477539062,
      38.41936492919922,
      35.13398361206055,
      47.28923034667969,
      41.33720016479492,
      54.8914909362793,
      51.97174835205078,
      65.7585220336914,
      59.84197235107422,
      75.24000549316406,
      67.22481536865234,
      80.39559936523438,
      70.7375717163086,
      74.04826354980469,
      65.75850677490234
    ],
    [
      20.54987144470215,
      24.995162963867188,
      28.199434280395508,
      27.51244354248047,
      37.395633697509766,
      36.95925521850586,
      45.740028381347656,
      42.22599792480469,
      50.29746627807617,
      51.03227233886719,
      59.22248458862305,
      59.08108139038086,
      67.4324951171875,
      67.59235382080078,
      70.7375717163086,
      74.50534057617188,
      69.68199920654297,
      69.04623413085938
    ],
    [
      24.560543060302734,
      25.940189361572266,
      30.25700569152832,
      26.363304138183594,
      36.949581146240234,
      35.63661193847656,
      45.34615707397461,
      40.678253173828125,
      49.33940505981445,
      45.89739990234375,
      57.35651779174805,
      51.24760818481445,
      64.93812561035156,
      58.52898406982422,
      74.04826354980469,
      69.68199920654297,
      91.46260070800781,
      81.30168914794922
    ],
    [
      25.006065368652344,
      25.154048919677734,
      29.58098793029785,
      29.606285095214844,
      39.047489166259766,
      40.562095642089844,
      45.934635162353516,
      43.47982406616211,
      47.59803009033203,
      47.27079772949219,
      52.93899154663086,
      51.76236343383789,
      58.199703216552734,
      57.70610809326172,
      65.75850677490234,
      69.04623413085938,
      81.30168914794922,
      90.53015899658203
    ]
  ],
  "drr": 13.455682754516602,
  "dynamics": 3.9035494327545166,
  "format": 1245190,
  "frames": 16969728,
  "loudness": -13.841889381408691,
  "loudness_range": 10.418086051940918,
  "loudness_range_short": 14.658819198608398,
  "peak": 0.7508772015571594,
  "rms": -14.57805061340332,
  "sample_rate": 44100,
  "sections": 1,
  "seekable": 1,
  "sharpness": 3.6708834171295166,
  "space": -9.761012077331543
}