{
  "bands": [
    {
      "high_freq": 148.1999969482422,
      "loudness": -36.77707290649414,
      "loudness_range": 31.015398025512695,
      "mid_mean": -35.706974029541016,
      "mid_to_side_loudness": -0.9670038819313049,
      "mid_to_side_loudness_range": 4.386427879333496,
      "side_mean": -36.656246185302734
    },
    {
      "high_freq": 392.3793640136719,
      "loudness": -27.429899215698242,
      "loudness_range": 10.864555358886719,
      "low_freq": 148.1999969482422,
      "mid_mean": -26.672208786010742,
      "mid_to_side_loudness": -0.3757075369358063,
      "mid_to_side_loudness_range": 3.8660199642181396,
      "side_mean": -27.027921676635742
    },
    {
      "high_freq": 794.6976318359375,
      "loudness": -27.859195709228516,
      "loudness_range": 12.877580642700195,
      "low_freq": 392.3793640136719,
      "mid_mean": -26.907625198364258,
      "mid_to_side_loudness": -0.6042518615722656,
      "mid_to_side_loudness_range": 2.9663002490997314,
      "side_mean": -27.50633430480957
    },
    {
      "high_freq": 1457.5709228515625,
      "loudness": -30.85198402404785,
      "loudness_range": 17.81936264038086,
      "low_freq": 794.6976318359375,
      "mid_mean": -29.917509078979492,
      "mid_to_side_loudness": -0.5587860941886902,
      "mid_to_side_loudness_range": 1.3583101034164429,
      "side_mean": -30.462125778198242
    },
    {
      "high_freq": 2549.74365234375,
      "loudness": -27.67880630493164,
      "loudness_range": 20.957021713256836,
      "low_freq": 1457.5709228515625,
      "mid_mean": -26.848445892333984,
      "mid_to_side_loudness": -0.6244344115257263,
      "mid_to_side_loudness_range": 0.8927814960479736,
      "side_mean": -27.443294525146484
    },
    {
      "high_freq": 4349.24462890625,
      "loudness": -27.03731346130371,
      "loudness_range": 18.659008026123047,
      "low_freq": 2549.74365234375,
      "mid_mean": -26.1639461517334,
      "mid_to_side_loudness": -0.6497405171394348,
      "mid_to_side_loudness_range": 0.8440357446670532,
      "side_mean": -26.796436309814453
    },
    {
      "high_freq": 7314.1640625,
      "loudness": -28.468215942382812,
      "loudness_range": 17.985836029052734,
      "low_freq": 4349.24462890625,
      "mid_mean": -27.5989990234375,
      "mid_to_side_loudness": -0.5395262837409973,
      "mid_to_side_loudness_range": 0.750277042388916,
      "side_mean": -28.125925064086914
    },
    {
      "high_freq": 12199.2666015625,
      "loudness": -33.381813049316406,
      "loudness_range": 20.20948028564453,
      "low_freq": 7314.1640625,
      "mid_mean": -32.619075775146484,
      "mid_to_side_loudness": -0.3338606059551239,
      "mid_to_side_loudness_range": 0.6194997429847717,
      "side_mean": -32.9377326965332
    },
    {
      "loudness": -42.69009017944336,
      "loudness_range": 16.16690444946289,
      "low_freq": 12199.2666015625,
      "mid_mean": -41.96977233886719,
      "mid_to_side_loudness": -0.045719683170318604,
      "mid_to_side_loudness_range": 0.6879261136054993,
      "side_mean": -41.996070861816406
    }
  ],
  "bands_short": [
    {
      "high_freq": 148.1999969482422,
      "loudness": -41.01683044433594,
      "loudness_range": 33.73008346557617,
      "mid_mean": -40.29473876953125,
      "mid_to_side_loudness": -0.6486249566078186,
      "mid_to_side_loudness_range": 10.889567375183105,
      "side_mean": -41.02212142944336
    },
    {
      "high_freq": 392.3793640136719,
      "loudness": -28.739171981811523,
      "loudness_range": 17.96792221069336,
      "low_freq": 148.1999969482422,
      "mid_mean": -28.167877197265625,
      "mid_to_side_loudness": -0.43407395482063293,
      "mid_to_side_loudness_range": 7.136071681976318,
      "side_mean": -28.62549591064453
    },
    {
      "high_freq": 794.6976318359375,
      "loudness": -28.53362464904785,
      "loudness_range": 16.827672958374023,
      "low_freq": 392.3793640136719,
      "mid_mean": -27.69548988342285,
      "mid_to_side_loudness": -0.5609928965568542,
      "mid_to_side_loudness_range": 5.192326545715332,
      "side_mean": -28.237857818603516
    },
    {
      "high_freq": 1457.5709228515625,
      "loudness": -32.20185852050781,
      "loudness_range": 22.145523071289062,
      "low_freq": 794.6976318359375,
      "mid_mean": -31.363449096679688,
      "mid_to_side_loudness": -0.5959704518318176,
      "mid_to_side_loudness_range": 3.2397994995117188,
      "side_mean": -31.936180114746094
    },
    {
      "high_freq": 2549.74365234375,
      "loudness": -29.38644027709961,
      "loudness_range": 25.105377197265625,
      "low_freq": 1457.5709228515625,
      "mid_mean": -28.56336212158203,
      "mid_to_side_loudness": -0.5848326086997986,
      "mid_to_side_loudness_range": 2.082148790359497,
      "side_mean": -29.152196884155273
    },
    {
      "high_freq": 4349.24462890625,
      "loudness": -28.22317886352539,
      "loudness_range": 21.47535514831543,
      "low_freq": 2549.74365234375,
      "mid_mean": -27.338836669921875,
      "mid_to_side_loudness": -0.6798812747001648,
      "mid_to_side_loudness_range": 1.988356590270996,
      "side_mean": -28.015724182128906
    },
    {
      "high_freq": 7314.1640625,
      "loudness": -29.389575958251953,
      "loudness_range": 20.579715728759766,
      "low_freq": 4349.24462890625,
      "mid_mean": -28.606792449951172,
      "mid_to_side_loudness": -0.5315405130386353,
      "mid_to_side_loudness_range": 1.8176943063735962,
      "side_mean": -29.13521385192871
    },
    {
      "high_freq": 12199.2666015625,
      "loudness": -34.44295120239258,
      "loudness_range": 22.89276695251465,
      "low_freq": 7314.1640625,
      "mid_mean": -33.78293228149414,
      "mid_to_side_loudness": -0.3538273572921753,
      "mid_to_side_loudness_range": 1.3955845832824707,
      "side_mean": -34.1425666809082
    },
    {
      "loudness": -43.80319595336914,
      "loudness_range": 18.146465301513672,
      "low_freq": 12199.2666015625,
      "mid_mean": -43.08637237548828,
      "mid_to_side_loudness": -0.054522279649972916,
      "mid_to_side_loudness_range": 1.5466644763946533,
      "side_mean": -43.12813949584961
    }
  ],
  "channels": 2,
  "covariance": [
    [
      99.39373779296875,
      95.48362731933594,
      26.34739875793457,
      28.365449905395508,
      15.734694480895996,
      16.104446411132812,
      17.076303482055664,
      17.378477096557617,
      17.195999145507812,
      17.095813751220703,
      15.64359188079834,
      15.405537605285645,
      14.943672180175781,
      15.023866653442383,
      17.018550872802734,
      17.164180755615234,
      17.111515045166016,
      17.535844802856445
    ],
    [
      95.48362731933594,
      94.0462875366211,
      24.694597244262695,
      27.055500030517578,
      14.48413372039795,
      14.891447067260742,
      15.51421070098877,
      15.819541931152344,
      15.435969352722168,
      15.367806434631348,
      14.054238319396973,
      13.815689086914062,
      12.634160041809082,
      12.692692756652832,
      14.122952461242676,
      14.282937049865723,
      14.5582857131958,
      14.975709915161133
    ],
    [
      26.34739875793457,
      24.694597244262695,
      20.92824363708496,
      20.123308181762695,
      9.902435302734375,
      10.020759582519531,
      9.49582576751709,
      9.462396621704102,
      6.547119617462158,
      6.364133834838867,
      7.376855373382568,
      7.36956262588501,
      5.4291090965271,
      5.494535446166992,
      7.969705581665039,
      8.036602973937988,
      6.168371200561523,
      6.2705817222595215
    ],
    [
      28.365449905395508,
      27.055500030517578,
      20.123308181762695,
      21.023759841918945,
      9.920270919799805,
      9.921488761901855,
      8.740068435668945,
      8.745150566101074,
      6.003984451293945,
      5.855836391448975,
      6.649206161499023,
      6.632941722869873,
      4.47286319732666,
      4.5249433517456055,
      6.538140296936035,
      6.599081039428711,
      5.920775890350342,
      6.045693397521973
    ],
    [
      15.734694480895996,
      14.48413372039795,
      9.902435302734375,
      9.920270919799805,
      23.088010787963867,
      22.602313995361328,
      25.561193466186523,
      25.23301124572754,
      27.79568862915039,
      27.542234420776367,
      26.594614028930664,
      26.480012893676758,
      22.32657241821289,
      22.43058204650879,
      26.31368637084961,
      26.115097045898438,
      18.708328247070312,
      18.838991165161133
    ],
    [
      16.104446411132812,
      14.891447067260742,
      10.020759582519531,
      9.921488761901855,
      22.602313995361328,
      23.144287109375,
      25.524532318115234,
      25.1800594329834,
      27.57098960876465,
      27.28025245666504,
      26.443662643432617,
      26.29901695251465,
      22.47362518310547,
      22.53413963317871,
      26.180124282836914,
      26.00627899169922,
      18.345550537109375,
      18.48145866394043
    ],
    [
      17.076303482055664,
      15.51421070098877,
      9.49582576751709,
      8.740068435668945,
      25.561193466186523,
      25.524532318115234,
      41.52101135253906,
      40.74580383300781,
      43.027183532714844,
      42.57948684692383,
      40.06290054321289,
      40.03444290161133,
      34.15823745727539,
      34.2993049621582,
      38.65717697143555,
      38.33378982543945,
      25.863798141479492,
      25.955944061279297
    ],
    [
      17.378477096557617,
      15.819541931152344,
      9.462396621704102,
      8.745150566101074,
      25.23301124572754,
      25.1800594329834,
      40.74580383300781,
      40.226966857910156,
      42.35048294067383,
      41.928993225097656,
      39.34498596191406,
      39.28986740112305,
      33.716373443603516,
      33.842960357666016,
      38.0557861328125,
      37.7348518371582,
      25.440710067749023,
      25.527318954467773
    ],
    [
      17.195999145507812,
      15.435969352722168,
      6.547119617462158,
      6.003984451293945,
      27.79568862915039,
      27.57098960876465,
      43.027183532714844,
      42.35048294067383,
      56.94700622558594,
      56.3631591796875,
      50.304988861083984,
      50.241554260253906,
      45.39549255371094,
      45.61885070800781,
      46.47541046142578,
      46.02480697631836,
      31.169404983520508,
      31.253952026367188
    ],
    [
      17.095813751220703,
      15.367806434631348,
      6.364133834838867,
      5.855836391448975,
      27.542234420776367,
      27.28025245666504,
      42.57948684692383,
      41.928993225097656,
      56.3631591796875,
      56.168575286865234,
      49.77871322631836,
      49.720672607421875,
      44.918758392333984,
      45.1434440612793,
      46.033912658691406,
      45.582801818847656,
      30.972501754760742,
      31.05613136291504
    ],
    [
      15.64359188079834,
      14.054238319396973,
      7.376855373382568,
      6.649206161499023,
      26.594614028930664,
      26.443662643432617,
      40.06290054321289,
      39.34498596191406,
      50.304988861083984,
      49.77871322631836,
      48.46504592895508,
      48.36813735961914,
      40.842445373535156,
      41.030662536621094,
      44.667964935302734,
      44.24774169921875,
      29.912094116210938,
      30.018693923950195
    ],
    [
      15.405537605285645,
      13.815689086914062,
      7.36956262588501,
      6.632941722869873,
      26.480012893676758,
      26.29901695251465,
      40.03444290161133,
      39.28986740112305,
      50.241554260253906,
      49.720672607421875,
      48.36813735961914,
      48.36475372314453,
      40.688602447509766,
      40.88311767578125,
      44.46419906616211,
      44.05229568481445,
      29.703001022338867,
      29.8129940032959
    ],
    [
      14.943672180175781,
      12.634160041809082,
      5.4291090965271,
      4.47286319732666,
      22.32657241821289,
      22.47362518310547,
      34.15823745727539,
      33.716373443603516,
      45.39549255371094,
      44.918758392333984,
      40.842445373535156,
      40.688602447509766,
      43.8556022644043,
      44.06901550292969,
      42.93521499633789,
      42.55986785888672,
      28.507150650024414,
      28.58441925048828
    ],
    [
      15.023866653442383,
      12.692692756652832,
      5.494535446166992,
      4.5249433517456055,
      22.43058204650879,
      22.53413963317871,
      34.2993049621582,
      33.842960357666016,
      45.61885070800781,
      45.1434440612793,
      41.030662536621094,
      40.88311767578125,
      44.06901550292969,
      44.34864807128906,
      43.16958236694336,
      42.794036865234375,
      28.674346923828125,
      28.754528045654297
    ],
    [
      17.018550872802734,
      14.122952461242676,
      7.969705581665039,
      6.538140296936035,
      26.31368637084961,
      26.180124282836914,
      38.65717697143555,
      38.0557861328125,
      46.47541046142578,
      46.033912658691406,
      44.667964935302734,
      44.46419906616211,
      42.93521499633789,
      43.16958236694336,
      52.96206283569336,
      52.52021789550781,
      36.445472717285156,
      36.623321533203125
    ],
    [
      17.164180755615234,
      14.282937049865723,
      8.036602973937988,
      6.599081039428711,
      26.115097045898438,
      26.00627899169922,
      38.33378982543945,
      37.7348518371582,
      46.02480697631836,
      45.582801818847656,
      44.24774169921875,
      44.05229568481445,
      42.55986785888672,
      42.794036865234375,
      52.52021789550781,
      52.12360763549805,
      36.156097412109375,
      36.34356689453125
    ],
    [
      17.111515045166016,
      14.5582857131958,
      6.168371200561523,
      5.920775890350342,
      18.708328247070312,
      18.345550537109375,
      25.863798141479492,
      25.440710067749023,
      31.169404983520508,
      30.972501754760742,
      29.912094116210938,
      29.703001022338867,
      28.507150650024414,
      28.674346923828125,
      36.445472717285156,
      36.156097412109375,
      29.071260452270508,
      29.255403518676758
    ],
    [
      17.535844802856445,
      14.975709915161133,
      6.2705817222595215,
      6.045693397521973,
      18.838991165161133,
      18.48145866394043,
      25.955944061279297,
      25.527318954467773,
      31.253952026367188,
      31.05613136291504,
      30.018693923950195,
      29.8129940032959,
      28.58441925048828,
      28.754528045654297,
      36.623321533203125,
      36.34356689453125,
      29.255403518676758,
      29.495943069458008
    ]
  ],
  "covariance_short": [
    [
      127.99803924560547,
      114.94001770019531,
      44.975196838378906,
      43.080848693847656,
      29.518436431884766,
      30.034772872924805,
      33.62093734741211,
      33.769569396972656,
      34.65800857543945,
      34.45225143432617,
      30.70967674255371,
      30.354501724243164,
      27.89792251586914,
      28.011362075805664,
      33.51649475097656,
      33.540287017822266,
      29.925806045532227,
      30.39082908630371
    ],
    [
      114.94001770019531,
      116.55183410644531,
      41.658409118652344,
      40.586883544921875,
      28.15127182006836,
      28.615137100219727,
      33.31817626953125,
      33.49165344238281,
      34.27701950073242,
      34.12251281738281,
      30.3865966796875,
      30.045846939086914,
      26.991039276123047,
      27.139080047607422,
      31.69240379333496,
      31.72319984436035,
      27.601703643798828,
      28.109407424926758
    ],
    [
      44.975196838378906,
      41.658409118652344,
      47.61762619018555,
      41.60703659057617,
      19.013032913208008,
      18.511634826660156,
      17.890289306640625,
      17.815595626831055,
      13.258191108703613,
      13.028728485107422,
      11.499608039855957,
      11.660886764526367,
      8.986908912658691,
      8.994900703430176,
      12.510258674621582,
      12.790443420410156,
      10.940023422241211,
      11.095905303955078
    ],
    [
      43.080848693847656,
      40.586883544921875,
      41.60703659057617,
      45.49824523925781,
      18.069984436035156,
      17.601638793945312,
      16.069311141967773,
      15.995526313781738,
      11.149045944213867,
      10.854315757751465,
      9.380167961120605,
      9.546243667602539,
      6.5260748863220215,
      6.533674240112305,
      9.6163911819458,
      9.905189514160156,
      9.446269989013672,
      9.630784034729004
    ],
    [
      29.518436431884766,
      28.15127182006836,
      19.013032913208008,
      18.069984436035156,
      37.80039596557617,
      36.11246871948242,
      38.587703704833984,
      38.17640686035156,
      41.071895599365234,
      40.843421936035156,
      35.7457389831543,
      35.96665954589844,
      29.901111602783203,
      30.032442092895508,
      31.136228561401367,
      31.037033081054688,
      19.591291427612305,
      19.632579803466797
    ],
    [
      30.034772872924805,
      28.615137100219727,
      18.511634826660156,
      17.601638793945312,
      36.11246871948242,
      38.31953811645508,
      38.2178955078125,
      37.7720947265625,
      40.651554107666016,
      40.4110107421875,
      35.65517807006836,
      35.84670639038086,
      30.354482650756836,
      30.494457244873047,
      31.612058639526367,
      31.47432518005371,
      19.63459014892578,
      19.706050872802734
    ],
    [
      33.62093734741211,
      33.31817626953125,
      17.890289306640625,
      16.069311141967773,
      38.587703704833984,
      38.2178955078125,
      63.88436508178711,
      62.0679817199707,
      62.02056121826172,
      61.51626968383789,
      52.848968505859375,
      53.27540588378906,
      43.64728546142578,
      43.8439826965332,
      44.47224426269531,
      44.241519927978516,
      25.79589080810547,
      25.785547256469727
    ],
    [
      33.769569396972656,
      33.49165344238281,
      17.815595626831055,
      15.995526313781738,
      38.17640686035156,
      37.7720947265625,
      62.0679817199707,
      62.5792350769043,
      61.573448181152344,
      61.138607025146484,
      52.390541076660156,
      52.74690628051758,
      43.360267639160156,
      43.49155807495117,
      43.911155700683594,
      43.572818756103516,
      25.352333068847656,
      25.32838249206543
    ],
    [
      34.65800857543945,
      34.27701950073242,
      13.258191108703613,
      11.149045944213867,
      41.071895599365234,
      40.651554107666016,
      62.02056121826172,
      61.573448181152344,
      81.25157928466797,
      79.88416290283203,
      68.08715057373047,
      68.39253234863281,
      57.239131927490234,
      57.48314666748047,
      54.18495178222656,
      53.703651428222656,
      30.976688385009766,
      30.925792694091797
    ],
    [
      34.45225143432617,
      34.12251281738281,
      13.028728485107422,
      10.854315757751465,
      40.843421936035156,
      40.4110107421875,
      61.51626968383789,
      61.138607025146484,
      79.88416290283203,
      80.13571166992188,
      67.63229370117188,
      67.89156341552734,
      56.986419677734375,
      57.23612976074219,
      54.07219696044922,
      53.582069396972656,
      30.98942756652832,
      30.94279670715332
    ],
    [
      30.70967674255371,
      30.3865966796875,
      11.499608039855957,
      9.380167961120605,
      35.7457389831543,
      35.65517807006836,
      52.848968505859375,
      52.390541076660156,
      68.08715057373047,
      67.63229370117188,
      63.98909378051758,
      63.65122604370117,
      52.39557647705078,
      52.58831787109375,
      51.6213493347168,
      51.14531326293945,
      29.92388916015625,
      29.91887855529785
    ],
    [
      30.354501724243164,
      30.045846939086914,
      11.660886764526367,
      9.546243667602539,
      35.96665954589844,
      35.84670639038086,
      53.27540588378906,
      52.74690628051758,
      68.39253234863281,
      67.89156341552734,
      63.65122604370117,
      64.58784484863281,
      52.487953186035156,
      52.68792724609375,
      51.631614685058594,
      51.168460845947266,
      29.802873611450195,
      29.80869483947754
    ],
    [
      27.89792251586914,
      26.991039276123047,
      8.986908912658691,
      6.5260748863220215,
      29.901111602783203,
      30.354482650756836,
      43.64728546142578,
      43.360267639160156,
      57.239131927490234,
      56.986419677734375,
      52.39557647705078,
      52.487953186035156,
      57.17472839355469,
      56.840328216552734,
      54.0661506652832,
      53.77545928955078,
      32.66285705566406,
      32.711822509765625
    ],
    [
      28.011362075805664,
      27.139080047607422,
      8.994900703430176,
      6.533674240112305,
      30.032442092895508,
      30.494457244873047,
      43.8439826965332,
      43.49155807495117,
      57.48314666748047,
      57.23612976074219,
      52.58831787109375,
      52.68792724609375,
      56.840328216552734,
      57.67686080932617,
      54.440757751464844,
      54.11310958862305,
      32.8433952331543,
      32.89751434326172
    ],
    [
      33.51649475097656,
      31.69240379333496,
      12.510258674621582,
      9.6163911819458,
      31.136228561401367,
      31.612058639526367,
      44.47224426269531,
      43.911155700683594,
      54.18495178222656,
      54.07219696044922,
      51.6213493347168,
      51.631614685058594,
      54.0661506652832,
      54.440757751464844,
      64.69886779785156,
      63.92348861694336,
      41.68503952026367,
      41.850738525390625
    ],
    [
      33.540287017822266,
      31.72319984436035,
      12.790443420410156,
      9.905189514160156,
      31.037033081054688,
      31.47432518005371,
      44.241519927978516,
      43.572818756103516,
      53.703651428222656,
      53.582069396972656,
      51.14531326293945,
      51.168460845947266,
      53.77545928955078,
      54.11310958862305,
      63.92348861694336,
      64.23661041259766,
      41.629146575927734,
      41.801673889160156
    ],
    [
      29.925806045532227,
      27.601703643798828,
      10.940023422241211,
      9.446269989013672,
      19.591291427612305,
      19.63459014892578,
      25.79589080810547,
      25.352333068847656,
      30.976688385009766,
      30.98942756652832,
      29.92388916015625,
      29.802873611450195,
      32.66285705566406,
      32.8433952331543,
      41.68503952026367,
      41.629146575927734,
      34.009456634521484,
      34.08751678466797
    ],
    [
      30.39082908630371,
      28.109407424926758,
      11.095905303955078,
      9.630784034729004,
      19.632579803466797,
      19.706050872802734,
      25.785547256469727,
      25.32838249206543,
      30.925792694091797,
      30.94279670715332,
      29.91887855529785,
      29.80869483947754,
      32.711822509765625,
      32.89751434326172,
      41.850738525390625,
      41.801673889160156,
      34.08751678466797,
      34.485111236572266
    ]
  ],
  "drr": 14.22590446472168,
  "dynamics": 4.330944061279297,
  "format": 1245190,
  "frames": 6418432,
  "loudness": -15.254857063293457,
  "loudness_range": 12.03088665008545,
  "loudness_range_short": 15.90111255645752,
  "peak": 0.17770037055015564,
  "rms": -18.048749923706055,
  "sample_rate": 44100,
  "sections": 1,
  "seekable": 1,
  "sharpness": 3.2841103076934814,
  "space": -0.5233441591262817
}