{
  "bands": [
    {
      "high_freq": 148.1999969482422,
      "loudness": -28.81415367126465,
      "loudness_range": 20.266834259033203,
      "mid_mean": -25.224647521972656,
      "mid_to_side_loudness": -17.987272262573242,
      "mid_to_side_loudness_range": 17.152851104736328,
      "side_mean": -44.26869583129883
    },
    {
      "high_freq": 392.3793640136719,
      "loudness": -29.95172882080078,
      "loudness_range": 18.104751586914062,
      "low_freq": 148.1999969482422,
      "mid_mean": -26.79477882385254,
      "mid_to_side_loudness": -10.237407684326172,
      "mid_to_side_loudness_range": 11.383283615112305,
      "side_mean": -36.937076568603516
    },
    {
      "high_freq": 794.6976318359375,
      "loudness": -29.77507781982422,
      "loudness_range": 22.02324676513672,
      "low_freq": 392.3793640136719,
      "mid_mean": -27.780866622924805,
      "mid_to_side_loudness": -4.436642646789551,
      "mid_to_side_loudness_range": 9.82808780670166,
      "side_mean": -32.15745162963867
    },
    {
      "high_freq": 1457.5709228515625,
      "loudness": -31.60820770263672,
      "loudness_range": 28.6370792388916,
      "low_freq": 794.6976318359375,
      "mid_mean": -28.700960159301758,
      "mid_to_side_loudness": -7.479959011077881,
      "mid_to_side_loudness_range": 8.19104290008545,
      "side_mean": -36.44219207763672
    },
    {
      "high_freq": 2549.74365234375,
      "loudness": -36.675472259521484,
      "loudness_range": 24.388652801513672,
      "low_freq": 1457.5709228515625,
      "mid_mean": -34.10599899291992,
      "mid_to_side_loudness": -6.997610092163086,
      "mid_to_side_loudness_range": 10.077580451965332,
      "side_mean": -41.13193130493164
    },
    {
      "high_freq": 4349.24462890625,
      "loudness": -40.754634857177734,
      "loudness_range": 22.75023078918457,
      "low_freq": 2549.74365234375,
      "mid_mean": -38.2202033996582,
      "mid_to_side_loudness": -6.895343780517578,
      "mid_to_side_loudness_range": 6.509884834289551,
      "side_mean": -45.57304763793945
    },
    {
      "high_freq": 7314.1640625,
      "loudness": -44.47856903076172,
      "loudness_range": 21.24364471435547,
      "low_freq": 4349.24462890625,
      "mid_mean": -41.81003952026367,
      "mid_to_side_loudness": -6.8215765953063965,
      "mid_to_side_loudness_range": 7.969387054443359,
      "side_mean": -51.436771392822266
    },
    {
      "high_freq": 12199.2666015625,
      "loudness": -50.353851318359375,
      "loudness_range": 21.140735626220703,
      "low_freq": 7314.1640625,
      "mid_mean": -50.5654296875,
      "mid_to_side_loudness": -6.3465352058410645,
      "mid_to_side_loudness_range": 5.114225387573242,
      "side_mean": -56.195865631103516
    },
    {
      "loudness": -53.978912353515625,
      "loudness_range": 22.41314697265625,
      "low_freq": 12199.2666015625,
      "mid_mean": -55.23911666870117,
      "mid_to_side_loudness": -5.929868698120117,
      "mid_to_side_loudness_range": 4.302268981933594,
      "side_mean": -59.991851806640625
    }
  ],
  "bands_short": [
    {
      "high_freq": 148.1999969482422,
      "loudness": -32.57219696044922,
      "loudness_range": 25.963546752929688,
      "mid_mean": -29.120864868164062,
      "mid_to_side_loudness": -17.38094139099121,
      "mid_to_side_loudness_range": 22.34311866760254,
      "side_mean": -47.585357666015625
    },
    {
      "high_freq": 392.3793640136719,
      "loudness": -29.08270835876465,
      "loudness_range": 18.156967163085938,
      "low_freq": 148.1999969482422,
      "mid_mean": -25.860198974609375,
      "mid_to_side_loudness": -11.441446304321289,
      "mid_to_side_loudness_range": 14.053617477416992,
      "side_mean": -37.266746520996094
    },
    {
      "high_freq": 794.6976318359375,
      "loudness": -31.095109939575195,
      "loudness_range": 25.439279556274414,
      "low_freq": 392.3793640136719,
      "mid_mean": -28.981891632080078,
      "mid_to_side_loudness": -5.106070041656494,
      "mid_to_side_loudness_range": 12.50937271118164,
      "side_mean": -34.18284606933594
    },
    {
      "high_freq": 1457.5709228515625,
      "loudness": -32.409210205078125,
      "loudness_range": 28.68250846862793,
      "low_freq": 794.6976318359375,
      "mid_mean": -29.80037498474121,
      "mid_to_side_loudness": -6.8671674728393555,
      "mid_to_side_loudness_range": 11.029191017150879,
      "side_mean": -36.958621978759766
    },
    {
      "high_freq": 2549.74365234375,
      "loudness": -38.29413986206055,
      "loudness_range": 26.52715301513672,
      "low_freq": 1457.5709228515625,
      "mid_mean": -35.82542037963867,
      "mid_to_side_loudness": -6.94957971572876,
      "mid_to_side_loudness_range": 12.131065368652344,
      "side_mean": -42.84648132324219
    },
    {
      "high_freq": 4349.24462890625,
      "loudness": -41.76230239868164,
      "loudness_range": 25.783227920532227,
      "low_freq": 2549.74365234375,
      "mid_mean": -39.33945083618164,
      "mid_to_side_loudness": -6.4534525871276855,
      "mid_to_side_loudness_range": 8.511853218078613,
      "side_mean": -46.29609298706055
    },
    {
      "high_freq": 7314.1640625,
      "loudness": -47.011959075927734,
      "loudness_range": 26.3162841796875,
      "low_freq": 4349.24462890625,
      "mid_mean": -44.79431915283203,
      "mid_to_side_loudness": -5.7614216804504395,
      "mid_to_side_loudness_range": 8.989821434020996,
      "side_mean": -52.956581115722656
    },
    {
      "high_freq": 12199.2666015625,
      "loudness": -52.79806137084961,
      "loudness_range": 25.69833755493164,
      "low_freq": 7314.1640625,
      "mid_mean": -53.19983673095703,
      "mid_to_side_loudness": -5.704552173614502,
      "mid_to_side_loudness_range": 6.826451778411865,
      "side_mean": -58.06016540527344
    },
    {
      "loudness": -59.6818962097168,
      "loudness_range": 31.487751007080078,
      "low_freq": 12199.2666015625,
      "mid_mean": -59.75435256958008,
      "mid_to_side_loudness": -5.493662357330322,
      "mid_to_side_loudness_range": 5.311952590942383,
      "side_mean": -63.48970031738281
    }
  ],
  "channels": 2,
  "covariance": [
    [
      54.11815643310547,
      27.339975357055664,
      21.728090286254883,
      17.96869468688965,
      22.97333335876465,
      21.124622344970703,
      20.929826736450195,
      19.672077178955078,
      21.819772720336914,
      19.82158088684082,
      24.336515426635742,
      25.731292724609375,
      19.519691467285156,
      31.880403518676758,
      35.99367904663086,
      29.033252716064453,
      37.42933654785156,
      28.204059600830078
    ],
    [
      27.339975357055664,
      36.29409408569336,
      23.312660217285156,
      24.014423370361328,
      18.86870002746582,
      17.522979736328125,
      24.285064697265625,
      22.815021514892578,
      25.014623641967773,
      24.76022720336914,
      25.066036224365234,
      26.443281173706055,
      17.744585037231445,
      29.75618553161621,
      27.279441833496094,
      22.684289932250977,
      22.705734252929688,
      17.859899520874023
    ],
    [
      21.728090286254883,
      23.312660217285156,
      43.720035552978516,
      39.155555725097656,
      25.947294235229492,
      26.058162689208984,
      29.180177688598633,
      28.139673233032227,
      25.718006134033203,
      26.074050903320312,
      26.634721755981445,
      27.87006950378418,
      19.64100456237793,
      35.93407440185547,
      34.060611724853516,
      27.32552146911621,
      29.156890869140625,
      22.530675888061523
    ],
    [
      17.96869468688965,
      24.014423370361328,
      39.155555725097656,
      54.05583953857422,
      23.670297622680664,
      25.17650604248047,
      29.640806198120117,
      27.97654151916504,
      24.513784408569336,
      24.662038803100586,
      23.11154556274414,
      24.00560760498047,
      15.06505012512207,
      29.55255126953125,
      25.71792984008789,
      20.815210342407227,
      19.900362014770508,
      15.45105266571045
    ],
    [
      22.97333335876465,
      18.86870002746582,
      25.947294235229492,
      23.670297622680664,
      61.43246078491211,
      60.49256134033203,
      40.6734733581543,
      39.35944747924805,
      40.941036224365234,
      34.195465087890625,
      41.105552673339844,
      46.67300033569336,
      30.67435073852539,
      47.124114990234375,
      41.554283142089844,
      34.66054153442383,
      33.312294006347656,
      25.280658721923828
    ],
    [
      21.124622344970703,
      17.522979736328125,
      26.058162689208984,
      25.17650604248047,
      60.49256134033203,
      73.79777526855469,
      38.24818420410156,
      38.88005828857422,
      40.229026794433594,
      32.32857131958008,
      39.53634262084961,
      45.54364013671875,
      28.771135330200195,
      47.244564056396484,
      40.827877044677734,
      33.93605422973633,
      33.47892379760742,
      25.317930221557617
    ],
    [
      20.929826736450195,
      24.285064697265625,
      29.180177688598633,
      29.640806198120117,
      40.6734733581543,
      38.24818420410156,
      90.59606170654297,
      80.100341796875,
      55.35502624511719,
      60.0762825012207,
      49.594295501708984,
      56.92008590698242,
      40.370582580566406,
      58.9653205871582,
      48.03105926513672,
      42.696109771728516,
      35.46574401855469,
      27.998437881469727
    ],
    [
      19.672077178955078,
      22.815021514892578,
      28.139673233032227,
      27.97654151916504,
      39.35944747924805,
      38.88005828857422,
      80.100341796875,
      79.16546630859375,
      50.901451110839844,
      55.68315887451172,
      47.504615783691406,
      53.92948913574219,
      37.3370361328125,
      55.494422912597656,
      45.60373306274414,
      40.296424865722656,
      33.30715560913086,
      26.189918518066406
    ],
    [
      21.819772720336914,
      25.014623641967773,
      25.718006134033203,
      24.513784408569336,
      40.941036224365234,
      40.229026794433594,
      55.35502624511719,
      50.901451110839844,
      75.81920623779297,
      71.52635192871094,
      57.03764343261719,
      63.62006378173828,
      41.68247604370117,
      64.40254974365234,
      54.20539855957031,
      46.8336181640625,
      37.51957321166992,
      30.03702163696289
    ],
    [
      19.82158088684082,
      24.76022720336914,
      26.074050903320312,
      24.662038803100586,
      34.195465087890625,
      32.32857131958008,
      60.0762825012207,
      55.68315887451172,
      71.52635192871094,
      79.89543151855469,
      57.176265716552734,
      64.11820983886719,
      42.36638259887695,
      63.44297409057617,
      52.80127716064453,
      46.12031936645508,
      35.89822769165039,
      29.185535430908203
    ],
    [
      24.336515426635742,
      25.066036224365234,
      26.634721755981445,
      23.11154556274414,
      41.105552673339844,
      39.53634262084961,
      49.594295501708984,
      47.504615783691406,
      57.03764343261719,
      57.176265716552734,
      71.45167541503906,
      70.09374237060547,
      53.38339614868164,
      64.1849136352539,
      58.713069915771484,
      50.841590881347656,
      47.382911682128906,
      38.22974395751953
    ],
    [
      25.731292724609375,
      26.443281173706055,
      27.87006950378418,
      24.00560760498047,
      46.67300033569336,
      45.54364013671875,
      56.92008590698242,
      53.92948913574219,
      63.62006378173828,
      64.11820983886719,
      70.09374237060547,
      78.72856140136719,
      52.77497863769531,
      70.10359191894531,
      61.742698669433594,
      53.70956039428711,
      47.68339538574219,
      38.10563659667969
    ],
    [
      19.519691467285156,
      17.744585037231445,
      19.64100456237793,
      15.06505012512207,
      30.67435073852539,
      28.771135330200195,
      40.370582580566406,
      37.3370361328125,
      41.68247604370117,
      42.36638259887695,
      53.38339614868164,
      52.77497863769531,
      60.02787399291992,
      55.095184326171875,
      55.89134216308594,
      49.56214141845703,
      51.25590896606445,
      41.554603576660156
    ],
    [
      31.880403518676758,
      29.75618553161621,
      35.93407440185547,
      29.55255126953125,
      47.124114990234375,
      47.244564056396484,
      58.9653205871582,
      55.494422912597656,
      64.40254974365234,
      63.44297409057617,
      64.1849136352539,
      70.10359191894531,
      55.095184326171875,
      93.59739685058594,
      91.25286865234375,
      74.28335571289062,
      73.53675842285156,
      55.80423355102539
    ],
    [
      35.99367904663086,
      27.279441833496094,
      34.060611724853516,
      25.71792984008789,
      41.554283142089844,
      40.827877044677734,
      48.03105926513672,
      45.60373306274414,
      54.20539855957031,
      52.80127716064453,
      58.713069915771484,
      61.742698669433594,
      55.89134216308594,
      91.25286865234375,
      104.6879653930664,
      83.10538482666016,
      93.01465606689453,
      69.87454223632812
    ],
    [
      29.033252716064453,
      22.684289932250977,
      27.32552146911621,
      20.815210342407227,
      34.66054153442383,
      33.93605422973633,
      42.696109771728516,
      40.296424865722656,
      46.8336181640625,
      46.12031936645508,
      50.841590881347656,
      53.70956039428711,
      49.56214141845703,
      74.28335571289062,
      83.10538482666016,
      68.210205078125,
      74.02962493896484,
      56.43996810913086
    ],
    [
      37.42933654785156,
      22.705734252929688,
      29.156890869140625,
      19.900362014770508,
      33.312294006347656,
      33.47892379760742,
      35.46574401855469,
      33.30715560913086,
      37.51957321166992,
      35.89822769165039,
      47.382911682128906,
      47.68339538574219,
      51.25590896606445,
      73.53675842285156,
      93.01465606689453,
      74.02962493896484,
      104.79180145263672,
      80.49574279785156
    ],
    [
      28.204059600830078,
      17.859899520874023,
      22.530675888061523,
      15.45105266571045,
      25.280658721923828,
      25.317930221557617,
      27.998437881469727,
      26.189918518066406,
      30.03702163696289,
      29.185535430908203,
      38.22974395751953,
      38.10563659667969,
      41.554603576660156,
      55.80423355102539,
      69.87454223632812,
      56.43996810913086,
      80.49574279785156,
      63.22391128540039
    ]
  ],
  "covariance_short": [
    [
      88.68794250488281,
      37.84968566894531,
      28.61760139465332,
      18.81222915649414,
      26.787702560424805,
      27.70824432373047,
      19.9063720703125,
      18.979001998901367,
      23.175085067749023,
      22.015758514404297,
      28.216337203979492,
      29.237586975097656,
      25.90758514404297,
      34.956382751464844,
      37.348594665527344,
      29.154117584228516,
      29.63703155517578,
      21.18014907836914
    ],
    [
      37.84968566894531,
      48.86441421508789,
      25.799057006835938,
      24.063947677612305,
      22.16691017150879,
      22.738554000854492,
      23.51032829284668,
      22.81556510925293,
      25.818267822265625,
      25.563793182373047,
      26.13274574279785,
      28.888364791870117,
      19.280921936035156,
      31.462743759155273,
      28.60027503967285,
      22.872196197509766,
      18.269229888916016,
      12.8151273727417
    ],
    [
      28.61760139465332,
      25.799057006835938,
      44.05910110473633,
      35.30018997192383,
      29.045076370239258,
      29.777191162109375,
      29.27920913696289,
      27.39472198486328,
      28.187089920043945,
      27.711088180541992,
      28.830652236938477,
      30.462757110595703,
      22.578018188476562,
      34.27265167236328,
      32.08047103881836,
      25.560279846191406,
      22.7761287689209,
      16.270193099975586
    ],
    [
      18.81222915649414,
      24.063947677612305,
      35.30018997192383,
      54.06574630737305,
      26.089088439941406,
      30.263879776000977,
      30.372451782226562,
      27.82392120361328,
      27.60040283203125,
      26.345035552978516,
      24.38866424560547,
      27.25084114074707,
      16.955039978027344,
      26.70173454284668,
      21.69363784790039,
      17.625085830688477,
      13.557818412780762,
      9.687408447265625
    ],
    [
      26.787702560424805,
      22.16691017150879,
      29.045076370239258,
      26.089088439941406,
      73.0768051147461,
      71.48274993896484,
      46.7048454284668,
      43.326263427734375,
      48.557621002197266,
      42.73588562011719,
      48.75347900390625,
      52.7156867980957,
      38.9643440246582,
      50.42700958251953,
      41.785560607910156,
      33.93238067626953,
      25.416790008544922,
      18.017353057861328
    ],
    [
      27.70824432373047,
      22.738554000854492,
      29.777191162109375,
      30.263879776000977,
      71.48274993896484,
      93.79933166503906,
      46.45180892944336,
      46.138790130615234,
      48.02241897583008,
      40.539424896240234,
      49.82538986206055,
      53.66769790649414,
      39.182579040527344,
      52.32248306274414,
      42.92290496826172,
      34.65351867675781,
      26.661123275756836,
      18.733509063720703
    ],
    [
      19.9063720703125,
      23.51032829284668,
      29.27920913696289,
      30.372451782226562,
      46.7048454284668,
      46.45180892944336,
      95.99492645263672,
      81.51131439208984,
      60.68778991699219,
      62.27885437011719,
      57.54949951171875,
      64.76837158203125,
      48.285362243652344,
      59.11674118041992,
      46.62118911743164,
      40.361515045166016,
      27.494943618774414,
      20.312374114990234
    ],
    [
      18.979001998901367,
      22.81556510925293,
      27.39472198486328,
      27.82392120361328,
      43.326263427734375,
      46.138790130615234,
      81.51131439208984,
      85.14892578125,
      55.30913162231445,
      57.73503112792969,
      55.28736114501953,
      61.09938430786133,
      44.38965606689453,
      56.08844757080078,
      44.89252471923828,
      38.500911712646484,
      25.826522827148438,
      19.019733428955078
    ],
    [
      23.175085067749023,
      25.818267822265625,
      28.187089920043945,
      27.60040283203125,
      48.557621002197266,
      48.02241897583008,
      60.68778991699219,
      55.30913162231445,
      88.6773452758789,
      78.74638366699219,
      67.67694091796875,
      72.5509262084961,
      52.69080352783203,
      66.53544616699219,
      54.6743049621582,
      45.72060775756836,
      29.522695541381836,
      21.833337783813477
    ],
    [
      22.015758514404297,
      25.563793182373047,
      27.711088180541992,
      26.345035552978516,
      42.73588562011719,
      40.539424896240234,
      62.27885437011719,
      57.73503112792969,
      78.74638366699219,
      88.4521484375,
      65.67378234863281,
      72.38356018066406,
      51.81977462768555,
      64.55863189697266,
      52.518489837646484,
      44.774147033691406,
      28.331201553344727,
      21.12940788269043
    ],
    [
      28.216337203979492,
      26.13274574279785,
      28.830652236938477,
      24.38866424560547,
      48.75347900390625,
      49.82538986206055,
      57.54949951171875,
      55.28736114501953,
      67.67694091796875,
      65.67378234863281,
      83.8636474609375,
      78.21617126464844,
      68.5530776977539,
      71.7938003540039,
      65.22587585449219,
      54.273746490478516,
      42.98653793334961,
      31.99696159362793
    ],
    [
      29.237586975097656,
      28.888364791870117,
      30.462757110595703,
      27.25084114074707,
      52.7156867980957,
      53.66769790649414,
      64.76837158203125,
      61.09938430786133,
      72.5509262084961,
      72.38356018066406,
      78.21617126464844,
      88.5,
      64.9044418334961,
      75.78094482421875,
      65.9164810180664,
      55.06386184692383,
      39.99335479736328,
      29.288036346435547
    ],
    [
      25.90758514404297,
      19.280921936035156,
      22.578018188476562,
      16.955039978027344,
      38.9643440246582,
      39.182579040527344,
      48.285362243652344,
      44.38965606689453,
      52.69080352783203,
      51.81977462768555,
      68.5530776977539,
      64.9044418334961,
      86.94396209716797,
      72.2026138305664,
      76.07486724853516,
      62.6722297668457,
      59.26776885986328,
      44.41409683227539
    ],
    [
      34.956382751464844,
      31.462743759155273,
      34.27265167236328,
      26.70173454284668,
      50.42700958251953,
      52.32248306274414,
      59.11674118041992,
      56.08844757080078,
      66.53544616699219,
      64.55863189697266,
      71.7938003540039,
      75.78094482421875,
      72.2026138305664,
      96.44805908203125,
      92.86476135253906,
      74.28910827636719,
      62.99136734008789,
      45.23347091674805
    ],
    [
      37.348594665527344,
      28.60027503967285,
      32.08047103881836,
      21.69363784790039,
      41.785560607910156,
      42.92290496826172,
      46.62118911743164,
      44.89252471923828,
      54.6743049621582,
      52.518489837646484,
      65.22587585449219,
      65.9164810180664,
      76.07486724853516,
      92.86476135253906,
      110.75862884521484,
      86.10266876220703,
      85.77411651611328,
      61.622615814208984
    ],
    [
      29.154117584228516,
      22.872196197509766,
      25.560279846191406,
      17.625085830688477,
      33.93238067626953,
      34.65351867675781,
      40.361515045166016,
      38.500911712646484,
      45.72060775756836,
      44.774147033691406,
      54.273746490478516,
      55.06386184692383,
      62.6722297668457,
      74.28910827636719,
      86.10266876220703,
      70.16324615478516,
      67.97843170166016,
      49.61237335205078
    ],
    [
      29.63703155517578,
      18.269229888916016,
      22.7761287689209,
      13.557818412780762,
      25.416790008544922,
      26.661123275756836,
      27.494943618774414,
      25.826522827148438,
      29.522695541381836,
      28.331201553344727,
      42.98653793334961,
      39.99335479736328,
      59.26776885986328,
      62.99136734008789,
      85.77411651611328,
      67.97843170166016,
      96.22447204589844,
      72.29610443115234
    ],
    [
      21.18014907836914,
      12.8151273727417,
      16.270193099975586,
      9.687408447265625,
      18.017353057861328,
      18.733509063720703,
      20.312374114990234,
      19.019733428955078,
      21.833337783813477,
      21.12940788269043,
      31.99696159362793,
      29.288036346435547,
      44.41409683227539,
      45.23347091674805,
      61.622615814208984,
      49.61237335205078,
      72.29610443115234,
      56.42930603027344
    ]
  ],
  "drr": 9.127288818359375,
  "dynamics": 5.053884983062744,
  "format": 1245190,
  "frames": 11159552,
  "loudness": -17.209535598754883,
  "loudness_range": 15.407766342163086,
  "loudness_range_short": 18.02187728881836,
  "peak": -0.03131316602230072,
  "rms": -17.811304092407227,
  "sample_rate": 44100,
  "sections": 1,
  "seekable": 1,
  "sharpness": 3.3033456802368164,
  "space": -8.726479530334473
}