{
  "bands": [
    {
      "high_freq": 148.1999969482422,
      "loudness": -22.173160552978516,
      "loudness_range": 21.39883041381836,
      "mid_mean": -18.629867553710938,
      "mid_to_side_loudness": -21.441993713378906,
      "mid_to_side_loudness_range": 21.13402557373047,
      "side_mean": -40.75001907348633
    },
    {
      "high_freq": 392.3793640136719,
      "loudness": -16.97362518310547,
      "loudness_range": 6.758823394775391,
      "low_freq": 148.1999969482422,
      "mid_mean": -13.820158958435059,
      "mid_to_side_loudness": -9.6769380569458,
      "mid_to_side_loudness_range": 8.634801864624023,
      "side_mean": -23.556936264038086
    },
    {
      "high_freq": 794.6976318359375,
      "loudness": -19.64606475830078,
      "loudness_range": 8.724772453308105,
      "low_freq": 392.3793640136719,
      "mid_mean": -16.869874954223633,
      "mid_to_side_loudness": -6.942065715789795,
      "mid_to_side_loudness_range": 8.217314720153809,
      "side_mean": -23.871252059936523
    },
    {
      "high_freq": 1457.5709228515625,
      "loudness": -22.264490127563477,
      "loudness_range": 9.877965927124023,
      "low_freq": 794.6976318359375,
      "mid_mean": -19.53314971923828,
      "mid_to_side_loudness": -6.7537994384765625,
      "mid_to_side_loudness_range": 8.132125854492188,
      "side_mean": -26.326980590820312
    },
    {
      "high_freq": 2549.74365234375,
      "loudness": -21.92829704284668,
      "loudness_range": 9.252731323242188,
      "low_freq": 1457.5709228515625,
      "mid_mean": -19.13216781616211,
      "mid_to_side_loudness": -6.897960186004639,
      "mid_to_side_loudness_range": 6.873696327209473,
      "side_mean": -26.059484481811523
    },
    {
      "high_freq": 4349.24462890625,
      "loudness": -25.02927589416504,
      "loudness_range": 8.318243026733398,
      "low_freq": 2549.74365234375,
      "mid_mean": -21.965747833251953,
      "mid_to_side_loudness": -8.590530395507812,
      "mid_to_side_loudness_range": 7.831172943115234,
      "side_mean": -30.707138061523438
    },
    {
      "high_freq": 7314.1640625,
      "loudness": -25.301206588745117,
      "loudness_range": 7.40062141418457,
      "low_freq": 4349.24462890625,
      "mid_mean": -21.918399810791016,
      "mid_to_side_loudness": -12.096460342407227,
      "mid_to_side_loudness_range": 9.466743469238281,
      "side_mean": -34.22494125366211
    },
    {
      "high_freq": 12199.2666015625,
      "loudness": -26.768962860107422,
      "loudness_range": 8.703187942504883,
      "low_freq": 7314.1640625,
      "mid_mean": -23.337024688720703,
      "mid_to_side_loudness": -12.940254211425781,
      "mid_to_side_loudness_range": 6.8797407150268555,
      "side_mean": -36.63274383544922
    },
    {
      "loudness": -32.29700469970703,
      "loudness_range": 8.695135116577148,
      "low_freq": 12199.2666015625,
      "mid_mean": -28.96437644958496,
      "mid_to_side_loudness": -11.153115272521973,
      "mid_to_side_loudness_range": 7.07948112487793,
      "side_mean": -40.69015121459961
    }
  ],
  "bands_short": [
    {
      "high_freq": 148.1999969482422,
      "loudness": -29.609996795654297,
      "loudness_range": 31.573219299316406,
      "mid_mean": -26.17477798461914,
      "mid_to_side_loudness": -19.67554473876953,
      "mid_to_side_loudness_range": 23.16094207763672,
      "side_mean": -46.7921257019043
    },
    {
      "high_freq": 392.3793640136719,
      "loudness": -16.959461212158203,
      "loudness_range": 10.523225784301758,
      "low_freq": 148.1999969482422,
      "mid_mean": -13.864920616149902,
      "mid_to_side_loudness": -10.15896987915039,
      "mid_to_side_loudness_range": 13.145137786865234,
      "side_mean": -24.086517333984375
    },
    {
      "high_freq": 794.6976318359375,
      "loudness": -20.241710662841797,
      "loudness_range": 11.319293975830078,
      "low_freq": 392.3793640136719,
      "mid_mean": -17.58244514465332,
      "mid_to_side_loudness": -6.874108791351318,
      "mid_to_side_loudness_range": 10.739019393920898,
      "side_mean": -24.495677947998047
    },
    {
      "high_freq": 1457.5709228515625,
      "loudness": -22.67705535888672,
      "loudness_range": 12.971439361572266,
      "low_freq": 794.6976318359375,
      "mid_mean": -19.999055862426758,
      "mid_to_side_loudness": -6.937814712524414,
      "mid_to_side_loudness_range": 10.559463500976562,
      "side_mean": -27.00596046447754
    },
    {
      "high_freq": 2549.74365234375,
      "loudness": -22.78118133544922,
      "loudness_range": 12.910907745361328,
      "low_freq": 1457.5709228515625,
      "mid_mean": -20.03067970275879,
      "mid_to_side_loudness": -7.197441577911377,
      "mid_to_side_loudness_range": 9.787651062011719,
      "side_mean": -27.248294830322266
    },
    {
      "high_freq": 4349.24462890625,
      "loudness": -25.722387313842773,
      "loudness_range": 12.078044891357422,
      "low_freq": 2549.74365234375,
      "mid_mean": -22.727840423583984,
      "mid_to_side_loudness": -8.738934516906738,
      "mid_to_side_loudness_range": 10.340593338012695,
      "side_mean": -31.555572509765625
    },
    {
      "high_freq": 7314.1640625,
      "loudness": -26.57217025756836,
      "loudness_range": 13.529356002807617,
      "low_freq": 4349.24462890625,
      "mid_mean": -23.254840850830078,
      "mid_to_side_loudness": -11.945657730102539,
      "mid_to_side_loudness_range": 11.48093032836914,
      "side_mean": -35.402801513671875
    },
    {
      "high_freq": 12199.2666015625,
      "loudness": -29.08163070678711,
      "loudness_range": 17.88219451904297,
      "low_freq": 7314.1640625,
      "mid_mean": -25.68067169189453,
      "mid_to_side_loudness": -13.034759521484375,
      "mid_to_side_loudness_range": 9.415102005004883,
      "side_mean": -39.03961944580078
    },
    {
      "loudness": -35.66562271118164,
      "loudness_range": 21.167194366455078,
      "low_freq": 12199.2666015625,
      "mid_mean": -32.33439636230469,
      "mid_to_side_loudness": -11.789730072021484,
      "mid_to_side_loudness_range": 9.863656997680664,
      "side_mean": -44.82298278808594
    }
  ],
  "channels": 2,
  "covariance": [
    [
      63.11213684082031,
      20.164968490600586,
      6.349013328552246,
      2.3609819412231445,
      3.6346747875213623,
      6.278664588928223,
      1.9560840129852295,
      4.53623628616333,
      3.420835256576538,
      2.9763083457946777,
      1.8656100034713745,
      2.1166810989379883,
      0.30239084362983704,
      -0.5437511801719666,
      0.9613213539123535,
      1.4977339506149292,
      0.3763737678527832,
      0.6493915319442749
    ],
    [
      20.164968490600586,
      15.798622131347656,
      6.070696830749512,
      5.512623310089111,
      5.6084771156311035,
      7.214083194732666,
      4.64949369430542,
      6.140087604522705,
      5.238218784332275,
      5.184966564178467,
      4.6941022872924805,
      6.182899475097656,
      4.8007307052612305,
      5.468425750732422,
      4.992241382598877,
      6.431419849395752,
      5.868024826049805,
      7.439199447631836
    ],
    [
      6.349013328552246,
      6.070696830749512,
      11.625290870666504,
      7.18747091293335,
      6.1109490394592285,
      5.672677516937256,
      4.072633266448975,
      3.685619354248047,
      4.619746685028076,
      4.225700855255127,
      4.258111953735352,
      3.8578057289123535,
      5.376107692718506,
      4.36850118637085,
      6.019801616668701,
      6.5033159255981445,
      4.529655933380127,
      5.270432949066162
    ],
    [
      2.3609819412231445,
      5.512623310089111,
      7.18747091293335,
      12.475719451904297,
      8.225529670715332,
      10.23552417755127,
      5.803513526916504,
      7.1814398765563965,
      7.070563316345215,
      7.285557270050049,
      6.020962715148926,
      7.370090961456299,
      6.245147228240967,
      6.767923355102539,
      5.483795642852783,
      7.6584858894348145,
      5.363160133361816,
      7.087278842926025
    ],
    [
      3.6346747875213623,
      5.6084771156311035,
      6.1109490394592285,
      8.225529670715332,
      14.317584991455078,
      13.1411771774292,
      9.37862491607666,
      9.957033157348633,
      9.989150047302246,
      9.900910377502441,
      7.222803592681885,
      9.680631637573242,
      7.07338809967041,
      8.51540756225586,
      5.900676727294922,
      8.282214164733887,
      6.136894702911377,
      8.210508346557617
    ],
    [
      6.278664588928223,
      7.214083194732666,
      5.672677516937256,
      10.23552417755127,
      13.1411771774292,
      22.228452682495117,
      8.981575012207031,
      13.319282531738281,
      10.010237693786621,
      12.744325637817383,
      6.878872871398926,
      11.907212257385254,
      5.856582164764404,
      9.293128967285156,
      4.399803161621094,
      7.904469013214111,
      5.4230170249938965,
      8.723652839660645
    ],
    [
      1.9560840129852295,
      4.64949369430542,
      4.072633266448975,
      5.803513526916504,
      9.37862491607666,
      8.981575012207031,
      16.43163299560547,
      11.69512939453125,
      10.694586753845215,
      9.976192474365234,
      8.435544967651367,
      11.477089881896973,
      5.2217278480529785,
      8.657683372497559,
      3.742199420928955,
      6.230462074279785,
      4.719191074371338,
      6.063693046569824
    ],
    [
      4.53623628616333,
      6.140087604522705,
      3.685619354248047,
      7.1814398765563965,
      9.957033157348633,
      13.319282531738281,
      11.69512939453125,
      16.59433937072754,
      10.51312255859375,
      12.714896202087402,
      8.446737289428711,
      13.400483131408691,
      5.321347236633301,
      9.702131271362305,
      3.929001808166504,
      7.3048200607299805,
      5.003649711608887,
      7.1142964363098145
    ],
    [
      3.420835256576538,
      5.238218784332275,
      4.619746685028076,
      7.070563316345215,
      9.989150047302246,
      10.010237693786621,
      10.694586753845215,
      10.51312255859375,
      14.678359031677246,
      11.354541778564453,
      10.180432319641113,
      12.848586082458496,
      6.682547569274902,
      10.308046340942383,
      5.1692280769348145,
      8.484350204467773,
      5.429814338684082,
      7.991119861602783
    ],
    [
      2.9763083457946777,
      5.184966564178467,
      4.225700855255127,
      7.285557270050049,
      9.900910377502441,
      12.744325637817383,
      9.976192474365234,
      12.714896202087402,
      11.354541778564453,
      15.071085929870605,
      8.189423561096191,
      14.817525863647461,
      5.252633571624756,
      10.828038215637207,
      3.9239180088043213,
      7.838587284088135,
      5.613768100738525,
      7.942878246307373
    ],
    [
      1.8656100034713745,
      4.6941022872924805,
      4.258111953735352,
      6.020962715148926,
      7.222803592681885,
      6.878872871398926,
      8.435544967651367,
      8.446737289428711,
      10.180432319641113,
      8.189423561096191,
      11.85405445098877,
      11.730579376220703,
      8.89044189453125,
      11.056310653686523,
      6.631547451019287,
      9.61380672454834,
      6.130486011505127,
      9.092966079711914
    ],
    [
      2.1166810989379883,
      6.182899475097656,
      3.8578057289123535,
      7.370090961456299,
      9.680631637573242,
      11.907212257385254,
      11.477089881896973,
      13.400483131408691,
      12.848586082458496,
      14.817525863647461,
      11.730579376220703,
      21.011138916015625,
      6.910699844360352,
      15.841896057128906,
      4.653494834899902,
      10.848038673400879,
      7.660782814025879,
      12.38899040222168
    ],
    [
      0.30239084362983704,
      4.8007307052612305,
      5.376107692718506,
      6.245147228240967,
      7.07338809967041,
      5.856582164764404,
      5.2217278480529785,
      5.321347236633301,
      6.682547569274902,
      5.252633571624756,
      8.89044189453125,
      6.910699844360352,
      14.833669662475586,
      11.95222282409668,
      12.018455505371094,
      13.509124755859375,
      8.607873916625977,
      11.992334365844727
    ],
    [
      -0.5437511801719666,
      5.468425750732422,
      4.36850118637085,
      6.767923355102539,
      8.51540756225586,
      9.293128967285156,
      8.657683372497559,
      9.702131271362305,
      10.308046340942383,
      10.828038215637207,
      11.056310653686523,
      15.841896057128906,
      11.95222282409668,
      19.169954299926758,
      8.817975997924805,
      14.830488204956055,
      8.83546257019043,
      15.13512897491455
    ],
    [
      0.9613213539123535,
      4.992241382598877,
      6.019801616668701,
      5.483795642852783,
      5.900676727294922,
      4.399803161621094,
      3.742199420928955,
      3.929001808166504,
      5.1692280769348145,
      3.9239180088043213,
      6.631547451019287,
      4.653494834899902,
      12.018455505371094,
      8.817975997924805,
      16.541561126708984,
      14.281048774719238,
      10.49323558807373,
      12.060593605041504
    ],
    [
      1.4977339506149292,
      6.431419849395752,
      6.5033159255981445,
      7.6584858894348145,
      8.282214164733887,
      7.904469013214111,
      6.230462074279785,
      7.3048200607299805,
      8.484350204467773,
      7.838587284088135,
      9.61380672454834,
      10.848038673400879,
      13.509124755859375,
      14.830488204956055,
      14.281048774719238,
      21.151945114135742,
      12.981131553649902,
      20.58519172668457
    ],
    [
      0.3763737678527832,
      5.868024826049805,
      4.529655933380127,
      5.363160133361816,
      6.136894702911377,
      5.4230170249938965,
      4.719191074371338,
      5.003649711608887,
      5.429814338684082,
      5.613768100738525,
      6.130486011505127,
      7.660782814025879,
      8.607873916625977,
      8.83546257019043,
      10.49323558807373,
      12.981131553649902,
      18.214494705200195,
      19.561235427856445
    ],
    [
      0.6493915319442749,
      7.439199447631836,
      5.270432949066162,
      7.087278842926025,
      8.210508346557617,
      8.723652839660645,
      6.063693046569824,
      7.1142964363098145,
      7.991119861602783,
      7.942878246307373,
      9.092966079711914,
      12.38899040222168,
      11.992334365844727,
      15.13512897491455,
      12.060593605041504,
      20.58519172668457,
      19.561235427856445,
      32.8462028503418
    ]
  ],
  "covariance_short": [
    [
      141.3099822998047,
      64.35808563232422,
      24.794729232788086,
      1.5155936479568481,
      4.754931926727295,
      6.694935321807861,
      2.534930467605591,
      3.9974570274353027,
      5.000299453735352,
      8.766300201416016,
      2.4958364963531494,
      5.3617448806762695,
      1.4723026752471924,
      1.1882802248001099,
      4.851001262664795,
      4.871028900146484,
      9.449593544006348,
      10.404742240905762
    ],
    [
      64.35808563232422,
      49.03003692626953,
      16.08574867248535,
      5.1789960861206055,
      6.8380632400512695,
      8.032390594482422,
      5.687869071960449,
      7.5419602394104,
      6.7938947677612305,
      9.420268058776855,
      6.513731956481934,
      8.630940437316895,
      7.383151054382324,
      7.3628435134887695,
      10.150032043457031,
      10.277067184448242,
      14.453912734985352,
      15.4540376663208
    ],
    [
      24.794729232788086,
      16.08574867248535,
      20.291868209838867,
      7.788650989532471,
      7.282936096191406,
      6.358056545257568,
      4.833673477172852,
      5.121754169464111,
      5.8938517570495605,
      6.347104549407959,
      5.385225296020508,
      4.700023174285889,
      6.128908634185791,
      5.205659866333008,
      7.674046993255615,
      7.5942840576171875,
      6.95482873916626,
      8.208611488342285
    ],
    [
      1.5155936479568481,
      5.1789960861206055,
      7.788650989532471,
      16.964271545410156,
      9.61453628540039,
      12.020325660705566,
      7.136789798736572,
      9.298090934753418,
      8.028636932373047,
      9.450769424438477,
      6.821599960327148,
      7.926987648010254,
      6.826697826385498,
      7.449705600738525,
      6.186288833618164,
      7.43314790725708,
      4.969747066497803,
      6.644442558288574
    ],
    [
      4.754931926727295,
      6.8380632400512695,
      7.282936096191406,
      9.61453628540039,
      21.833173751831055,
      17.134477615356445,
      13.946320533752441,
      14.169872283935547,
      13.781301498413086,
      14.575640678405762,
      9.951212882995605,
      12.017452239990234,
      8.775627136230469,
      10.379022598266602,
      7.606919765472412,
      9.379096984863281,
      7.236119747161865,
      9.092575073242188
    ],
    [
      6.694935321807861,
      8.032390594482422,
      6.358056545257568,
      12.020325660705566,
      17.134477615356445,
      28.40170669555664,
      12.801300048828125,
      18.3083553314209,
      12.625678062438965,
      17.500070571899414,
      9.128569602966309,
      14.381848335266113,
      7.2419352531433105,
      10.983238220214844,
      5.452891826629639,
      8.330750465393066,
      5.899848937988281,
      8.285781860351562
    ],
    [
      2.534930467605591,
      5.687869071960449,
      4.833673477172852,
      7.136789798736572,
      13.946320533752441,
      12.801300048828125,
      25.828807830810547,
      18.195804595947266,
      16.670164108276367,
      16.855417251586914,
      13.009623527526855,
      16.648401260375977,
      8.84511947631836,
      13.173657417297363,
      7.057458400726318,
      9.913897514343262,
      7.850107669830322,
      8.826143264770508
    ],
    [
      3.9974570274353027,
      7.5419602394104,
      5.121754169464111,
      9.298090934753418,
      14.169872283935547,
      18.3083553314209,
      18.195804595947266,
      26.780921936035156,
      15.343327522277832,
      20.34349250793457,
      12.35267162322998,
      18.8559627532959,
      8.910837173461914,
      14.857275009155273,
      7.523670196533203,
      11.433019638061523,
      8.9937105178833,
      11.15839958190918
    ],
    [
      5.000299453735352,
      6.7938947677612305,
      5.8938517570495605,
      8.028636932373047,
      13.781301498413086,
      12.625678062438965,
      16.670164108276367,
      15.343327522277832,
      24.886035919189453,
      19.653039932250977,
      17.051860809326172,
      19.279216766357422,
      11.998274803161621,
      16.58879280090332,
      9.283299446105957,
      12.858524322509766,
      8.96298599243164,
      11.372312545776367
    ],
    [
      8.766300201416016,
      9.420268058776855,
      6.347104549407959,
      9.450769424438477,
      14.575640678405762,
      17.500070571899414,
      16.855417251586914,
      20.34349250793457,
      19.653039932250977,
      28.454172134399414,
      13.946026802062988,
      22.943260192871094,
      9.165956497192383,
      16.936180114746094,
      7.302646636962891,
      12.418997764587402,
      9.497037887573242,
      12.819664001464844
    ],
    [
      2.4958364963531494,
      6.513731956481934,
      5.385225296020508,
      6.821599960327148,
      9.951212882995605,
      9.128569602966309,
      13.009623527526855,
      12.35267162322998,
      17.051860809326172,
      13.946026802062988,
      22.694047927856445,
      20.227787017822266,
      18.217140197753906,
      21.172412872314453,
      16.065155029296875,
      19.149959564208984,
      15.546438217163086,
      17.96790885925293
    ],
    [
      5.3617448806762695,
      8.630940437316895,
      4.700023174285889,
      7.926987648010254,
      12.017452239990234,
      14.381848335266113,
      16.648401260375977,
      18.8559627532959,
      19.279216766357422,
      22.943260192871094,
      20.227787017822266,
      32.55836868286133,
      12.913732528686523,
      25.106849670410156,
      9.545489311218262,
      17.73106575012207,
      12.189765930175781,
      17.946273803710938
    ],
    [
      1.4723026752471924,
      7.383151054382324,
      6.128908634185791,
      6.826697826385498,
      8.775627136230469,
      7.2419352531433105,
      8.84511947631836,
      8.910837173461914,
      11.998274803161621,
      9.165956497192383,
      18.217140197753906,
      12.913732528686523,
      29.964338302612305,
      23.171672821044922,
      29.212066650390625,
      28.221567153930664,
      25.91939926147461,
      26.349802017211914
    ],
    [
      1.1882802248001099,
      7.3628435134887695,
      5.205659866333008,
      7.449705600738525,
      10.379022598266602,
      10.983238220214844,
      13.173657417297363,
      14.857275009155273,
      16.58879280090332,
      16.936180114746094,
      21.172412872314453,
      25.106849670410156,
      23.171672821044922,
      33.29969787597656,
      20.23982048034668,
      28.314516067504883,
      20.135530471801758,
      26.39545440673828
    ],
    [
      4.851001262664795,
      10.150032043457031,
      7.674046993255615,
      6.186288833618164,
      7.606919765472412,
      5.452891826629639,
      7.057458400726318,
      7.523670196533203,
      9.283299446105957,
      7.302646636962891,
      16.065155029296875,
      9.545489311218262,
      29.212066650390625,
      20.23982048034668,
      43.6738395690918,
      36.66859817504883,
      39.53662109375,
      36.75200653076172
    ],
    [
      4.871028900146484,
      10.277067184448242,
      7.5942840576171875,
      7.43314790725708,
      9.379096984863281,
      8.330750465393066,
      9.913897514343262,
      11.433019638061523,
      12.858524322509766,
      12.418997764587402,
      19.149959564208984,
      17.73106575012207,
      28.221567153930664,
      28.314516067504883,
      36.66859817504883,
      44.16357421875,
      37.166255950927734,
      44.01615524291992
    ],
    [
      9.449593544006348,
      14.453912734985352,
      6.95482873916626,
      4.969747066497803,
      7.236119747161865,
      5.899848937988281,
      7.850107669830322,
      8.9937105178833,
      8.96298599243164,
      9.497037887573242,
      15.546438217163086,
      12.189765930175781,
      25.91939926147461,
      20.135530471801758,
      39.53662109375,
      37.166255950927734,
      56.299564361572266,
      52.45767593383789
    ],
    [
      10.404742240905762,
      15.4540376663208,
      8.208611488342285,
      6.644442558288574,
      9.092575073242188,
      8.285781860351562,
      8.826143264770508,
      11.15839958190918,
      11.372312545776367,
      12.819664001464844,
      17.96790885925293,
      17.946273803710938,
      26.349802017211914,
      26.39545440673828,
      36.75200653076172,
      44.01615524291992,
      52.45767593383789,
      65.5498046875
    ]
  ],
  "drr": 13.699198722839355,
  "dynamics": 1.9396435022354126,
  "format": 1245190,
  "frames": 11735040,
  "loudness": -8.219497680664062,
  "loudness_range": 3.9046287536621094,
  "loudness_range_short": 6.977625846862793,
  "peak": 0.7710611820220947,
  "rms": -10.83843994140625,
  "sample_rate": 44100,
  "sections": 1,
  "seekable": 1,
  "sharpness": 2.242799997329712,
  "space": -9.275267601013184
}