{
  "bands": [
    {
      "high_freq": 148.1999969482422,
      "loudness": -19.162363052368164,
      "loudness_range": 12.815396308898926,
      "mid_mean": -16.182302474975586,
      "mid_to_side_loudness": -10.66314697265625,
      "mid_to_side_loudness_range": 23.83551788330078,
      "side_mean": -27.428293228149414
    },
    {
      "high_freq": 392.3793640136719,
      "loudness": -18.05316925048828,
      "loudness_range": 5.857213973999023,
      "low_freq": 148.1999969482422,
      "mid_mean": -15.789013862609863,
      "mid_to_side_loudness": -4.894125461578369,
      "mid_to_side_loudness_range": 9.028776168823242,
      "side_mean": -20.630352020263672
    },
    {
      "high_freq": 794.6976318359375,
      "loudness": -22.714311599731445,
      "loudness_range": 10.560964584350586,
      "low_freq": 392.3793640136719,
      "mid_mean": -19.641220092773438,
      "mid_to_side_loudness": -8.229887008666992,
      "mid_to_side_loudness_range": 12.238171577453613,
      "side_mean": -28.31852912902832
    },
    {
      "high_freq": 1457.5709228515625,
      "loudness": -23.490962982177734,
      "loudness_range": 15.550899505615234,
      "low_freq": 794.6976318359375,
      "mid_mean": -20.33013343811035,
      "mid_to_side_loudness": -9.609593391418457,
      "mid_to_side_loudness_range": 16.998090744018555,
      "side_mean": -30.494482040405273
    },
    {
      "high_freq": 2549.74365234375,
      "loudness": -21.591291427612305,
      "loudness_range": 15.02277660369873,
      "low_freq": 1457.5709228515625,
      "mid_mean": -18.44613265991211,
      "mid_to_side_loudness": -10.590253829956055,
      "mid_to_side_loudness_range": 16.958093643188477,
      "side_mean": -29.929174423217773
    },
    {
      "high_freq": 4349.24462890625,
      "loudness": -23.92045783996582,
      "loudness_range": 13.421920776367188,
      "low_freq": 2549.74365234375,
      "mid_mean": -20.725008010864258,
      "mid_to_side_loudness": -9.985329627990723,
      "mid_to_side_loudness_range": 15.403173446655273,
      "side_mean": -31.34890365600586
    },
    {
      "high_freq": 7314.1640625,
      "loudness": -30.521007537841797,
      "loudness_range": 11.91537094116211,
      "low_freq": 4349.24462890625,
      "mid_mean": -27.311681747436523,
      "mid_to_side_loudness": -10.074882507324219,
      "mid_to_side_loudness_range": 14.525411605834961,
      "side_mean": -37.880985260009766
    },
    {
      "high_freq": 12199.2666015625,
      "loudness": -28.953493118286133,
      "loudness_range": 12.056669235229492,
      "low_freq": 7314.1640625,
      "mid_mean": -25.50973129272461,
      "mid_to_side_loudness": -13.56036376953125,
      "mid_to_side_loudness_range": 21.074954986572266,
      "side_mean": -40.24105453491211
    },
    {
      "loudness": -35.67584228515625,
      "loudness_range": 14.188549041748047,
      "low_freq": 12199.2666015625,
      "mid_mean": -32.34843826293945,
      "mid_to_side_loudness": -12.352803230285645,
      "mid_to_side_loudness_range": 20.69883918762207,
      "side_mean": -45.71538162231445
    }
  ],
  "bands_short": [
    {
      "high_freq": 148.1999969482422,
      "loudness": -21.42028045654297,
      "loudness_range": 16.612682342529297,
      "mid_mean": -18.198984146118164,
      "mid_to_side_loudness": -12.710821151733398,
      "mid_to_side_loudness_range": 29.801822662353516,
      "side_mean": -32.456214904785156
    },
    {
      "high_freq": 392.3793640136719,
      "loudness": -17.68792724609375,
      "loudness_range": 7.317890167236328,
      "low_freq": 148.1999969482422,
      "mid_mean": -15.524648666381836,
      "mid_to_side_loudness": -4.989330768585205,
      "mid_to_side_loudness_range": 11.77196979522705,
      "side_mean": -20.462966918945312
    },
    {
      "high_freq": 794.6976318359375,
      "loudness": -22.61333656311035,
      "loudness_range": 12.772417068481445,
      "low_freq": 392.3793640136719,
      "mid_mean": -19.78958511352539,
      "mid_to_side_loudness": -7.370931148529053,
      "mid_to_side_loudness_range": 13.562131881713867,
      "side_mean": -27.5994815826416
    },
    {
      "high_freq": 1457.5709228515625,
      "loudness": -24.22856330871582,
      "loudness_range": 18.433055877685547,
      "low_freq": 794.6976318359375,
      "mid_mean": -21.41193199157715,
      "mid_to_side_loudness": -8.683723449707031,
      "mid_to_side_loudness_range": 19.38471221923828,
      "side_mean": -30.66878318786621
    },
    {
      "high_freq": 2549.74365234375,
      "loudness": -22.777982711791992,
      "loudness_range": 19.030441284179688,
      "low_freq": 1457.5709228515625,
      "mid_mean": -19.85331153869629,
      "mid_to_side_loudness": -9.49166202545166,
      "mid_to_side_loudness_range": 19.024328231811523,
      "side_mean": -30.25348472595215
    },
    {
      "high_freq": 4349.24462890625,
      "loudness": -24.784265518188477,
      "loudness_range": 16.34532356262207,
      "low_freq": 2549.74365234375,
      "mid_mean": -21.71211051940918,
      "mid_to_side_loudness": -9.318546295166016,
      "mid_to_side_loudness_range": 17.10841941833496,
      "side_mean": -31.842309951782227
    },
    {
      "high_freq": 7314.1640625,
      "loudness": -31.326557159423828,
      "loudness_range": 15.52219009399414,
      "low_freq": 4349.24462890625,
      "mid_mean": -28.195144653320312,
      "mid_to_side_loudness": -9.955286979675293,
      "mid_to_side_loudness_range": 16.901180267333984,
      "side_mean": -39.01466369628906
    },
    {
      "high_freq": 12199.2666015625,
      "loudness": -30.465513229370117,
      "loudness_range": 14.721576690673828,
      "low_freq": 7314.1640625,
      "mid_mean": -27.04738998413086,
      "mid_to_side_loudness": -13.8060941696167,
      "mid_to_side_loudness_range": 23.417943954467773,
      "side_mean": -42.685821533203125
    },
    {
      "loudness": -37.67422866821289,
      "loudness_range": 19.600568771362305,
      "low_freq": 12199.2666015625,
      "mid_mean": -34.407470703125,
      "mid_to_side_loudness": -13.607839584350586,
      "mid_to_side_loudness_range": 23.777191162109375,
      "side_mean": -50.308467864990234
    }
  ],
  "channels": 2,
  "covariance": [
    [
      37.63186264038086,
      5.674938678741455,
      8.870262145996094,
      2.2542145252227783,
      11.440910339355469,
      11.677342414855957,
      8.79496955871582,
      12.250320434570312,
      9.291596412658691,
      17.74681854248047,
      12.820457458496094,
      21.70479393005371,
      15.484683990478516,
      23.314434051513672,
      8.10400676727295,
      28.63497543334961,
      13.466659545898438,
      35.563934326171875
    ],
    [
      5.674938678741455,
      26.67544937133789,
      4.133703231811523,
      4.0162858963012695,
      7.961340427398682,
      5.2661051750183105,
      3.4533920288085938,
      5.634216785430908,
      0.5245720744132996,
      6.803890228271484,
      2.6911492347717285,
      6.676616191864014,
      5.403853893280029,
      7.143510818481445,
      2.7294726371765137,
      10.211054801940918,
      4.523387432098389,
      12.853941917419434
    ],
    [
      8.870262145996094,
      4.133703231811523,
      9.058167457580566,
      4.06991720199585,
      5.065610885620117,
      6.969038009643555,
      2.271249294281006,
      6.528853893280029,
      2.565934419631958,
      8.45094108581543,
      5.417138576507568,
      9.710206985473633,
      6.343332767486572,
      10.447932243347168,
      3.2219018936157227,
      11.632857322692871,
      4.584376335144043,
      13.407917976379395
    ],
    [
      2.2542145252227783,
      4.0162858963012695,
      4.06991720199585,
      8.730416297912598,
      4.779278755187988,
      5.646296977996826,
      2.6661953926086426,
      4.870137691497803,
      1.946470022201538,
      5.99153995513916,
      3.5304059982299805,
      6.075534820556641,
      3.791447162628174,
      6.654072284698486,
      2.0123517513275146,
      7.511793613433838,
      3.0908186435699463,
      8.689464569091797
    ],
    [
      11.440910339355469,
      7.961340427398682,
      5.065610885620117,
      4.779278755187988,
      23.036495208740234,
      10.693795204162598,
      15.811105728149414,
      10.301376342773438,
      15.195242881774902,
      14.366744041442871,
      13.041583061218262,
      14.930963516235352,
      13.641117095947266,
      14.222360610961914,
      5.9579854011535645,
      17.24485969543457,
      7.464148998260498,
      20.345666885375977
    ],
    [
      11.677342414855957,
      5.2661051750183105,
      6.969038009643555,
      5.646296977996826,
      10.693795204162598,
      15.494462013244629,
      5.273429870605469,
      11.632550239562988,
      5.712671279907227,
      14.859498977661133,
      9.336069107055664,
      16.686511993408203,
      9.691096305847168,
      16.347558975219727,
      4.804084300994873,
      17.64605712890625,
      7.386735439300537,
      20.251588821411133
    ],
    [
      8.79496955871582,
      3.4533920288085938,
      2.271249294281006,
      2.6661953926086426,
      15.811105728149414,
      5.273429870605469,
      38.64548110961914,
      8.796971321105957,
      28.126543045043945,
      10.87468433380127,
      14.364057540893555,
      10.005680084228516,
      13.931896209716797,
      10.090993881225586,
      2.803107976913452,
      11.51932430267334,
      3.716273546218872,
      12.248652458190918
    ],
    [
      12.250320434570312,
      5.634216785430908,
      6.528853893280029,
      4.870137691497803,
      10.301376342773438,
      11.632550239562988,
      8.796971321105957,
      15.096376419067383,
      7.55831241607666,
      16.352638244628906,
      9.377979278564453,
      17.912357330322266,
      10.922405242919922,
      17.911705017089844,
      4.774166584014893,
      19.102739334106445,
      7.400625228881836,
      21.602718353271484
    ],
    [
      9.291596412658691,
      0.5245720744132996,
      2.565934419631958,
      1.946470022201538,
      15.195242881774902,
      5.712671279907227,
      28.126543045043945,
      7.55831241607666,
      40.452056884765625,
      11.947698593139648,
      21.47256851196289,
      11.90211296081543,
      15.445892333984375,
      11.661236763000488,
      5.660152435302734,
      13.178648948669434,
      7.192098617553711,
      15.929619789123535
    ],
    [
      17.74681854248047,
      6.803890228271484,
      8.45094108581543,
      5.99153995513916,
      14.366744041442871,
      14.859498977661133,
      10.87468433380127,
      16.352638244628906,
      11.947698593139648,
      26.766908645629883,
      14.650090217590332,
      27.46977424621582,
      15.688380241394043,
      27.267274856567383,
      6.986802577972412,
      28.113937377929688,
      10.869044303894043,
      31.62948226928711
    ],
    [
      12.820457458496094,
      2.6911492347717285,
      5.417138576507568,
      3.5304059982299805,
      13.041583061218262,
      9.336069107055664,
      14.364057540893555,
      9.377979278564453,
      21.47256851196289,
      14.650090217590332,
      29.472362518310547,
      17.817771911621094,
      19.26551628112793,
      16.914365768432617,
      8.314884185791016,
      18.35558319091797,
      9.600428581237793,
      21.31572723388672
    ],
    [
      21.70479393005371,
      6.676616191864014,
      9.710206985473633,
      6.075534820556641,
      14.930963516235352,
      16.686511993408203,
      10.005680084228516,
      17.912357330322266,
      11.90211296081543,
      27.46977424621582,
      17.817771911621094,
      36.24543380737305,
      17.99213218688965,
      34.008914947509766,
      7.120747089385986,
      34.392730712890625,
      11.605263710021973,
      38.35169982910156
    ],
    [
      15.484683990478516,
      5.403853893280029,
      6.343332767486572,
      3.791447162628174,
      13.641117095947266,
      9.691096305847168,
      13.931896209716797,
      10.922405242919922,
      15.445892333984375,
      15.688380241394043,
      19.26551628112793,
      17.99213218688965,
      25.186080932617188,
      19.8494815826416,
      12.905206680297852,
      23.207794189453125,
      13.922167778015137,
      26.126855850219727
    ],
    [
      23.314434051513672,
      7.143510818481445,
      10.447932243347168,
      6.654072284698486,
      14.222360610961914,
      16.347558975219727,
      10.090993881225586,
      17.911705017089844,
      11.661236763000488,
      27.267274856567383,
      16.914365768432617,
      34.008914947509766,
      19.8494815826416,
      40.36077117919922,
      8.379167556762695,
      39.358917236328125,
      12.508784294128418,
      42.98340606689453
    ],
    [
      8.10400676727295,
      2.7294726371765137,
      3.2219018936157227,
      2.0123517513275146,
      5.9579854011535645,
      4.804084300994873,
      2.803107976913452,
      4.774166584014893,
      5.660152435302734,
      6.986802577972412,
      8.314884185791016,
      7.120747089385986,
      12.905206680297852,
      8.379167556762695,
      20.620378494262695,
      13.157674789428711,
      20.005016326904297,
      16.34947395324707
    ],
    [
      28.63497543334961,
      10.211054801940918,
      11.632857322692871,
      7.511793613433838,
      17.24485969543457,
      17.64605712890625,
      11.51932430267334,
      19.102739334106445,
      13.178648948669434,
      28.113937377929688,
      18.35558319091797,
      34.392730712890625,
      23.207794189453125,
      39.358917236328125,
      13.157674789428711,
      49.4973258972168,
      20.617786407470703,
      57.027854919433594
    ],
    [
      13.466659545898438,
      4.523387432098389,
      4.584376335144043,
      3.0908186435699463,
      7.464148998260498,
      7.386735439300537,
      3.716273546218872,
      7.400625228881836,
      7.192098617553711,
      10.869044303894043,
      9.600428581237793,
      11.605263710021973,
      13.922167778015137,
      12.508784294128418,
      20.005016326904297,
      20.617786407470703,
      28.002168655395508,
      28.249914169311523
    ],
    [
      35.563934326171875,
      12.853941917419434,
      13.407917976379395,
      8.689464569091797,
      20.345666885375977,
      20.251588821411133,
      12.248652458190918,
      21.602718353271484,
      15.929619789123535,
      31.62948226928711,
      21.31572723388672,
      38.35169982910156,
      26.126855850219727,
      42.98340606689453,
      16.34947395324707,
      57.027854919433594,
      28.249914169311523,
      74.04886627197266
    ]
  ],
  "covariance_short": [
    [
      51.786155700683594,
      6.0324201583862305,
      9.919995307922363,
      0.9725417494773865,
      10.51046085357666,
      11.045164108276367,
      8.512393951416016,
      11.768678665161133,
      10.218109130859375,
      17.784032821655273,
      14.048830032348633,
      22.718175888061523,
      13.2866792678833,
      24.080514907836914,
      6.809478759765625,
      25.293134689331055,
      10.948692321777344,
      31.107786178588867
    ],
    [
      6.0324201583862305,
      43.52849578857422,
      5.63267183303833,
      6.304643154144287,
      5.873946666717529,
      4.1851325035095215,
      3.476241111755371,
      5.633292198181152,
      -0.2622010409832001,
      5.40474796295166,
      3.685728073120117,
      8.292535781860352,
      5.315669536590576,
      8.194880485534668,
      2.131574869155884,
      9.634474754333496,
      4.225035190582275,
      12.570317268371582
    ],
    [
      9.919995307922363,
      5.63267183303833,
      13.545256614685059,
      4.596228122711182,
      7.561487674713135,
      8.359733581542969,
      4.189466953277588,
      7.793710231781006,
      3.974517822265625,
      9.72973346710205,
      6.762811183929443,
      11.962178230285645,
      7.638082504272461,
      13.736533164978027,
      3.428011178970337,
      13.884661674499512,
      4.623996257781982,
      17.410846710205078
    ],
    [
      0.9725417494773865,
      6.304643154144287,
      4.596228122711182,
      11.482955932617188,
      5.674363613128662,
      6.201644420623779,
      3.31523060798645,
      5.32664155960083,
      2.1581900119781494,
      5.575893402099609,
      3.3742966651916504,
      6.01843786239624,
      3.8501391410827637,
      6.837069988250732,
      2.3206586837768555,
      7.956005096435547,
      3.426774501800537,
      11.018521308898926
    ],
    [
      10.51046085357666,
      5.873946666717529,
      7.561487674713135,
      5.674363613128662,
      29.1544132232666,
      13.36778450012207,
      17.706857681274414,
      11.424238204956055,
      18.46636199951172,
      15.143627166748047,
      16.925031661987305,
      16.750648498535156,
      15.545949935913086,
      17.06003189086914,
      9.248194694519043,
      18.49160385131836,
      9.747395515441895,
      22.883771896362305
    ],
    [
      11.045164108276367,
      4.1851325035095215,
      8.359733581542969,
      6.201644420623779,
      13.36778450012207,
      20.36083221435547,
      7.849958896636963,
      12.695958137512207,
      8.867501258850098,
      16.553476333618164,
      10.542916297912598,
      18.646320343017578,
      10.648252487182617,
      19.5413875579834,
      6.289865970611572,
      19.090648651123047,
      8.463456153869629,
      23.80406951904297
    ],
    [
      8.512393951416016,
      3.476241111755371,
      4.189466953277588,
      3.31523060798645,
      17.706857681274414,
      7.849958896636963,
      51.91033172607422,
      10.647725105285645,
      38.65594482421875,
      13.016727447509766,
      22.535364151000977,
      14.018540382385254,
      20.000364303588867,
      14.739948272705078,
      10.011597633361816,
      16.747854232788086,
      9.292171478271484,
      20.1286678314209
    ],
    [
      11.768678665161133,
      5.633292198181152,
      7.793710231781006,
      5.32664155960083,
      11.424238204956055,
      12.695958137512207,
      10.647725105285645,
      18.795879364013672,
      9.134592056274414,
      17.416486740112305,
      10.454099655151367,
      19.325302124023438,
      11.642254829406738,
      20.80560302734375,
      5.971062660217285,
      20.699949264526367,
      8.176385879516602,
      24.166322708129883
    ],
    [
      10.218109130859375,
      -0.2622010409832001,
      3.974517822265625,
      2.1581900119781494,
      18.46636199951172,
      8.867501258850098,
      38.65594482421875,
      9.134592056274414,
      54.33818435668945,
      14.533084869384766,
      29.89811134338379,
      16.347383499145508,
      23.221656799316406,
      16.851987838745117,
      11.363709449768066,
      17.6879825592041,
      11.23729419708252,
      21.07549476623535
    ],
    [
      17.784032821655273,
      5.40474796295166,
      9.72973346710205,
      5.575893402099609,
      15.143627166748047,
      16.553476333618164,
      13.016727447509766,
      17.416486740112305,
      14.533084869384766,
      30.168256759643555,
      16.395383834838867,
      29.3978328704834,
      16.39894676208496,
      30.733732223510742,
      8.398055076599121,
      28.814300537109375,
      12.085223197937012,
      33.62386703491211
    ],
    [
      14.048830032348633,
      3.685728073120117,
      6.762811183929443,
      3.3742966651916504,
      16.925031661987305,
      10.542916297912598,
      22.535364151000977,
      10.454099655151367,
      29.89811134338379,
      16.395383834838867,
      41.61266326904297,
      21.990163803100586,
      28.419612884521484,
      22.182790756225586,
      16.052364349365234,
      23.752214431762695,
      15.956974983215332,
      27.14735984802246
    ],
    [
      22.718175888061523,
      8.292535781860352,
      11.962178230285645,
      6.01843786239624,
      16.750648498535156,
      18.646320343017578,
      14.018540382385254,
      19.325302124023438,
      16.347383499145508,
      29.3978328704834,
      21.990163803100586,
      42.24622344970703,
      21.066072463989258,
      40.09840393066406,
      9.848050117492676,
      37.29642105102539,
      14.079204559326172,
      41.93870544433594
    ],
    [
      13.2866792678833,
      5.315669536590576,
      7.638082504272461,
      3.8501391410827637,
      15.545949935913086,
      10.648252487182617,
      20.000364303588867,
      11.642254829406738,
      23.221656799316406,
      16.39894676208496,
      28.419612884521484,
      21.066072463989258,
      38.90221405029297,
      26.232439041137695,
      23.98175811767578,
      32.19778823852539,
      24.651033401489258,
      36.89085388183594
    ],
    [
      24.080514907836914,
      8.194880485534668,
      13.736533164978027,
      6.837069988250732,
      17.06003189086914,
      19.5413875579834,
      14.739948272705078,
      20.80560302734375,
      16.851987838745117,
      30.733732223510742,
      22.182790756225586,
      40.09840393066406,
      26.232439041137695,
      53.534122467041016,
      13.362146377563477,
      50.64429473876953,
      17.382240295410156,
      55.887691497802734
    ],
    [
      6.809478759765625,
      2.131574869155884,
      3.428011178970337,
      2.3206586837768555,
      9.248194694519043,
      6.289865970611572,
      10.011597633361816,
      5.971062660217285,
      11.363709449768066,
      8.398055076599121,
      16.052364349365234,
      9.848050117492676,
      23.98175811767578,
      13.362146377563477,
      38.56277084350586,
      23.375667572021484,
      37.1324577331543,
      30.63243293762207
    ],
    [
      25.293134689331055,
      9.634474754333496,
      13.884661674499512,
      7.956005096435547,
      18.49160385131836,
      19.090648651123047,
      16.747854232788086,
      20.699949264526367,
      17.6879825592041,
      28.814300537109375,
      23.752214431762695,
      37.29642105102539,
      32.19778823852539,
      50.64429473876953,
      23.375667572021484,
      68.84099578857422,
      32.92136001586914,
      78.78421020507812
    ],
    [
      10.948692321777344,
      4.225035190582275,
      4.623996257781982,
      3.426774501800537,
      9.747395515441895,
      8.463456153869629,
      9.292171478271484,
      8.176385879516602,
      11.23729419708252,
      12.085223197937012,
      15.956974983215332,
      14.079204559326172,
      24.651033401489258,
      17.382240295410156,
      37.1324577331543,
      32.92136001586914,
      53.98521041870117,
      48.03594207763672
    ],
    [
      31.107786178588867,
      12.570317268371582,
      17.410846710205078,
      11.018521308898926,
      22.883771896362305,
      23.80406951904297,
      20.1286678314209,
      24.166322708129883,
      21.07549476623535,
      33.62386703491211,
      27.14735984802246,
      41.93870544433594,
      36.89085388183594,
      55.887691497802734,
      30.63243293762207,
      78.78421020507812,
      48.03594207763672,
      109.9932632446289
    ]
  ],
  "drr": 13.65078067779541,
  "dynamics": 2.600724220275879,
  "format": 1245190,
  "frames": 10700800,
  "loudness": -8.58494758605957,
  "loudness_range": 6.578775405883789,
  "loudness_range_short": 8.362091064453125,
  "peak": -0.0021208373364061117,
  "rms": -10.969420433044434,
  "sample_rate": 44100,
  "sections": 1,
  "seekable": 1,
  "sharpness": 1.7353615760803223,
  "space": -8.64687442779541
}