{
  "bands": [
    {
      "high_freq": 148.1999969482422,
      "loudness": -19.955671310424805,
      "loudness_range": 12.601282119750977,
      "mid_mean": -16.578699111938477,
      "mid_to_side_loudness": -15.131223678588867,
      "mid_to_side_loudness_range": 22.82843017578125,
      "side_mean": -32.23780059814453
    },
    {
      "high_freq": 392.3793640136719,
      "loudness": -22.3781795501709,
      "loudness_range": 12.134376525878906,
      "low_freq": 148.1999969482422,
      "mid_mean": -19.47744369506836,
      "mid_to_side_loudness": -9.350408554077148,
      "mid_to_side_loudness_range": 16.391054153442383,
      "side_mean": -28.931949615478516
    },
    {
      "high_freq": 794.6976318359375,
      "loudness": -23.863954544067383,
      "loudness_range": 17.22080421447754,
      "low_freq": 392.3793640136719,
      "mid_mean": -21.455711364746094,
      "mid_to_side_loudness": -6.6951069831848145,
      "mid_to_side_loudness_range": 15.103464126586914,
      "side_mean": -27.71318817138672
    },
    {
      "high_freq": 1457.5709228515625,
      "loudness": -26.146780014038086,
      "loudness_range": 19.805057525634766,
      "low_freq": 794.6976318359375,
      "mid_mean": -23.44615364074707,
      "mid_to_side_loudness": -7.588122844696045,
      "mid_to_side_loudness_range": 13.736833572387695,
      "side_mean": -30.759309768676758
    },
    {
      "high_freq": 2549.74365234375,
      "loudness": -26.302513122558594,
      "loudness_range": 17.47624969482422,
      "low_freq": 1457.5709228515625,
      "mid_mean": -23.482275009155273,
      "mid_to_side_loudness": -8.085124969482422,
      "mid_to_side_loudness_range": 13.473886489868164,
      "side_mean": -31.560754776000977
    },
    {
      "high_freq": 4349.24462890625,
      "loudness": -26.555421829223633,
      "loudness_range": 14.982233047485352,
      "low_freq": 2549.74365234375,
      "mid_mean": -23.909074783325195,
      "mid_to_side_loudness": -7.203390598297119,
      "mid_to_side_loudness_range": 11.775752067565918,
      "side_mean": -30.92475128173828
    },
    {
      "high_freq": 7314.1640625,
      "loudness": -28.548965454101562,
      "loudness_range": 13.47430419921875,
      "low_freq": 4349.24462890625,
      "mid_mean": -26.08442497253418,
      "mid_to_side_loudness": -6.02208948135376,
      "mid_to_side_loudness_range": 10.440740585327148,
      "side_mean": -32.00755310058594
    },
    {
      "high_freq": 12199.2666015625,
      "loudness": -29.61916732788086,
      "loudness_range": 13.297712326049805,
      "low_freq": 7314.1640625,
      "mid_mean": -28.065156936645508,
      "mid_to_side_loudness": -2.9732158184051514,
      "mid_to_side_loudness_range": 10.349250793457031,
      "side_mean": -30.757314682006836
    },
    {
      "loudness": -33.543243408203125,
      "loudness_range": 13.78874397277832,
      "low_freq": 12199.2666015625,
      "mid_mean": -32.7728271484375,
      "mid_to_side_loudness": -0.8640523552894592,
      "mid_to_side_loudness_range": 8.320648193359375,
      "side_mean": -33.284889221191406
    }
  ],
  "bands_short": [
    {
      "high_freq": 148.1999969482422,
      "loudness": -23.384910583496094,
      "loudness_range": 20.430641174316406,
      "mid_mean": -20.291593551635742,
      "mid_to_side_loudness": -14.637075424194336,
      "mid_to_side_loudness_range": 29.2111759185791,
      "side_mean": -37.14003372192383
    },
    {
      "high_freq": 392.3793640136719,
      "loudness": -22.739177703857422,
      "loudness_range": 18.725187301635742,
      "low_freq": 148.1999969482422,
      "mid_mean": -20.082881927490234,
      "mid_to_side_loudness": -9.020522117614746,
      "mid_to_side_loudness_range": 20.65546417236328,
      "side_mean": -28.816598892211914
    },
    {
      "high_freq": 794.6976318359375,
      "loudness": -25.093942642211914,
      "loudness_range": 20.675491333007812,
      "low_freq": 392.3793640136719,
      "mid_mean": -23.022289276123047,
      "mid_to_side_loudness": -6.261507511138916,
      "mid_to_side_loudness_range": 17.06143569946289,
      "side_mean": -28.63058090209961
    },
    {
      "high_freq": 1457.5709228515625,
      "loudness": -26.358213424682617,
      "loudness_range": 24.693946838378906,
      "low_freq": 794.6976318359375,
      "mid_mean": -24.228729248046875,
      "mid_to_side_loudness": -6.591651439666748,
      "mid_to_side_loudness_range": 16.73505973815918,
      "side_mean": -30.31157875061035
    },
    {
      "high_freq": 2549.74365234375,
      "loudness": -27.778032302856445,
      "loudness_range": 25.604642868041992,
      "low_freq": 1457.5709228515625,
      "mid_mean": -25.415321350097656,
      "mid_to_side_loudness": -6.723058700561523,
      "mid_to_side_loudness_range": 15.476337432861328,
      "side_mean": -32.10347366333008
    },
    {
      "high_freq": 4349.24462890625,
      "loudness": -28.22822380065918,
      "loudness_range": 22.0046443939209,
      "low_freq": 2549.74365234375,
      "mid_mean": -25.948930740356445,
      "mid_to_side_loudness": -6.207489490509033,
      "mid_to_side_loudness_range": 15.301618576049805,
      "side_mean": -31.590700149536133
    },
    {
      "high_freq": 7314.1640625,
      "loudness": -30.513166427612305,
      "loudness_range": 21.71042251586914,
      "low_freq": 4349.24462890625,
      "mid_mean": -28.454557418823242,
      "mid_to_side_loudness": -5.119795322418213,
      "mid_to_side_loudness_range": 14.115264892578125,
      "side_mean": -32.996360778808594
    },
    {
      "high_freq": 12199.2666015625,
      "loudness": -31.325239181518555,
      "loudness_range": 21.199705123901367,
      "low_freq": 7314.1640625,
      "mid_mean": -29.966270446777344,
      "mid_to_side_loudness": -2.772304058074951,
      "mid_to_side_loudness_range": 12.450523376464844,
      "side_mean": -32.30410385131836
    },
    {
      "loudness": -35.60047149658203,
      "loudness_range": 22.371488571166992,
      "low_freq": 12199.2666015625,
      "mid_mean": -34.97359085083008,
      "mid_to_side_loudness": -0.9292067885398865,
      "mid_to_side_loudness_range": 10.141877174377441,
      "side_mean": -35.194271087646484
    }
  ],
  "channels": 2,
  "covariance": [
    [
      24.026023864746094,
      8.181402206420898,
      8.533965110778809,
      4.310147762298584,
      3.6968719959259033,
      1.5208649635314941,
      4.917056083679199,
      2.948824405670166,
      8.885311126708984,
      5.855047702789307,
      9.060373306274414,
      5.504293918609619,
      9.796191215515137,
      8.313158988952637,
      6.16127872467041,
      6.426822662353516,
      4.863697528839111,
      6.392908096313477
    ],
    [
      8.181402206420898,
      69.10175323486328,
      10.308231353759766,
      33.09903335571289,
      21.580705642700195,
      32.43661117553711,
      28.094097137451172,
      39.466068267822266,
      25.292129516601562,
      39.000328063964844,
      18.843929290771484,
      33.23738479614258,
      14.925501823425293,
      25.718080520629883,
      16.601293563842773,
      19.61936378479004,
      17.257070541381836,
      18.0933780670166
    ],
    [
      8.533965110778809,
      10.308231353759766,
      22.2896728515625,
      18.286466598510742,
      14.815719604492188,
      15.826155662536621,
      14.70910930633545,
      17.85466766357422,
      13.636855125427246,
      16.742198944091797,
      15.380593299865723,
      14.409809112548828,
      12.910384178161621,
      12.35576057434082,
      11.081998825073242,
      10.037312507629395,
      9.80481243133545,
      8.161218643188477
    ],
    [
      4.310147762298584,
      33.09903335571289,
      18.286466598510742,
      54.85095977783203,
      24.728700637817383,
      41.88850784301758,
      28.490751266479492,
      44.85872268676758,
      25.398479461669922,
      44.7304801940918,
      22.903419494628906,
      34.93877029418945,
      16.255048751831055,
      25.700284957885742,
      17.24098014831543,
      21.24959373474121,
      17.613065719604492,
      19.71015739440918
    ],
    [
      3.6968719959259033,
      21.580705642700195,
      14.815719604492188,
      24.728700637817383,
      38.41596984863281,
      38.880516052246094,
      34.42499542236328,
      38.469871520996094,
      27.4554443359375,
      34.20354080200195,
      23.173479080200195,
      26.958763122558594,
      16.06856346130371,
      18.393848419189453,
      17.97693634033203,
      16.778202056884766,
      16.40021324157715,
      13.302545547485352
    ],
    [
      1.5208649635314941,
      32.43661117553711,
      15.826155662536621,
      41.88850784301758,
      38.880516052246094,
      70.40284729003906,
      39.18952560424805,
      61.954681396484375,
      30.848588943481445,
      52.80079650878906,
      24.867202758789062,
      40.269683837890625,
      16.81791114807129,
      28.117389678955078,
      19.395769119262695,
      25.30125617980957,
      21.523773193359375,
      22.257003784179688
    ],
    [
      4.917056083679199,
      28.094097137451172,
      14.70910930633545,
      28.490751266479492,
      34.42499542236328,
      39.18952560424805,
      46.846580505371094,
      47.37125015258789,
      33.52793502807617,
      41.50906753540039,
      27.854101181030273,
      34.52976989746094,
      18.89093780517578,
      24.13043785095215,
      20.065038681030273,
      21.579832077026367,
      19.40963363647461,
      19.22548484802246
    ],
    [
      2.948824405670166,
      39.466068267822266,
      17.85466766357422,
      44.85872268676758,
      38.469871520996094,
      61.954681396484375,
      47.37125015258789,
      76.16290283203125,
      36.73664474487305,
      61.57752990722656,
      30.76975440979004,
      49.8619270324707,
      22.04239845275879,
      35.931949615478516,
      23.89105796813965,
      32.241302490234375,
      26.854799270629883,
      30.175918579101562
    ],
    [
      8.885311126708984,
      25.292129516601562,
      13.636855125427246,
      25.398479461669922,
      27.4554443359375,
      30.848588943481445,
      33.52793502807617,
      36.73664474487305,
      37.4092903137207,
      39.35654830932617,
      28.101633071899414,
      31.459096908569336,
      21.078168869018555,
      23.97299575805664,
      20.25935935974121,
      20.427043914794922,
      18.165285110473633,
      17.913745880126953
    ],
    [
      5.855047702789307,
      39.000328063964844,
      16.742198944091797,
      44.7304801940918,
      34.20354080200195,
      52.80079650878906,
      41.50906753540039,
      61.57752990722656,
      39.35654830932617,
      67.16606140136719,
      31.7667236328125,
      52.848636627197266,
      23.930932998657227,
      39.04878234863281,
      24.38434410095215,
      32.842689514160156,
      25.94233512878418,
      31.103763580322266
    ],
    [
      9.060373306274414,
      18.843929290771484,
      15.380593299865723,
      22.903419494628906,
      23.173479080200195,
      24.867202758789062,
      27.854101181030273,
      30.76975440979004,
      28.101633071899414,
      31.7667236328125,
      29.4089412689209,
      28.442035675048828,
      22.984222412109375,
      23.59775733947754,
      20.645065307617188,
      20.343643188476562,
      18.162696838378906,
      18.187915802001953
    ],
    [
      5.504293918609619,
      33.23738479614258,
      14.409809112548828,
      34.93877029418945,
      26.958763122558594,
      40.269683837890625,
      34.52976989746094,
      49.8619270324707,
      31.459096908569336,
      52.848636627197266,
      28.442035675048828,
      51.42910385131836,
      22.308895111083984,
      38.601505279541016,
      22.94504737854004,
      32.863616943359375,
      25.534177780151367,
      30.977495193481445
    ],
    [
      9.796191215515137,
      14.925501823425293,
      12.910384178161621,
      16.255048751831055,
      16.06856346130371,
      16.81791114807129,
      18.89093780517578,
      22.04239845275879,
      21.078168869018555,
      23.930932998657227,
      22.984222412109375,
      22.308895111083984,
      25.180618286132812,
      23.400907516479492,
      20.8775577545166,
      20.566423416137695,
      17.47021484375,
      17.878068923950195
    ],
    [
      8.313158988952637,
      25.718080520629883,
      12.35576057434082,
      25.700284957885742,
      18.393848419189453,
      28.117389678955078,
      24.13043785095215,
      35.931949615478516,
      23.97299575805664,
      39.04878234863281,
      23.59775733947754,
      38.601505279541016,
      23.400907516479492,
      39.67558288574219,
      21.589309692382812,
      34.01093673706055,
      23.884592056274414,
      31.9739933013916
    ],
    [
      6.16127872467041,
      16.601293563842773,
      11.081998825073242,
      17.24098014831543,
      17.97693634033203,
      19.395769119262695,
      20.065038681030273,
      23.89105796813965,
      20.25935935974121,
      24.38434410095215,
      20.645065307617188,
      22.94504737854004,
      20.8775577545166,
      21.589309692382812,
      23.64113426208496,
      20.912357330322266,
      19.850872039794922,
      17.008577346801758
    ],
    [
      6.426822662353516,
      19.61936378479004,
      10.037312507629395,
      21.24959373474121,
      16.778202056884766,
      25.30125617980957,
      21.579832077026367,
      32.241302490234375,
      20.427043914794922,
      32.842689514160156,
      20.343643188476562,
      32.863616943359375,
      20.566423416137695,
      34.01093673706055,
      20.912357330322266,
      37.30716323852539,
      23.253158569335938,
      32.562313079833984
    ],
    [
      4.863697528839111,
      17.257070541381836,
      9.80481243133545,
      17.613065719604492,
      16.40021324157715,
      21.523773193359375,
      19.40963363647461,
      26.854799270629883,
      18.165285110473633,
      25.94233512878418,
      18.162696838378906,
      25.534177780151367,
      17.47021484375,
      23.884592056274414,
      19.850872039794922,
      23.253158569335938,
      24.226133346557617,
      23.836702346801758
    ],
    [
      6.392908096313477,
      18.0933780670166,
      8.161218643188477,
      19.71015739440918,
      13.302545547485352,
      22.257003784179688,
      19.22548484802246,
      30.175918579101562,
      17.913745880126953,
      31.103763580322266,
      18.187915802001953,
      30.977495193481445,
      17.878068923950195,
      31.9739933013916,
      17.008577346801758,
      32.562313079833984,
      23.836702346801758,
      39.91901397705078
    ]
  ],
  "covariance_short": [
    [
      54.771419525146484,
      21.466447830200195,
      18.79898452758789,
      8.62659740447998,
      5.600440979003906,
      4.7523956298828125,
      8.654410362243652,
      7.695759296417236,
      12.191189765930176,
      8.554994583129883,
      13.270461082458496,
      9.294981956481934,
      16.046817779541016,
      13.369382858276367,
      12.291661262512207,
      12.760845184326172,
      13.06472396850586,
      13.173027038574219
    ],
    [
      21.466447830200195,
      133.92559814453125,
      24.377010345458984,
      41.971397399902344,
      24.28019905090332,
      31.915361404418945,
      37.71025085449219,
      46.28791046142578,
      39.62345504760742,
      48.54269790649414,
      30.817258834838867,
      41.938270568847656,
      27.268369674682617,
      36.044342041015625,
      26.887176513671875,
      29.885913848876953,
      30.276294708251953,
      32.58207321166992
    ],
    [
      18.79898452758789,
      24.377010345458984,
      50.20759201049805,
      24.078218460083008,
      23.00051498413086,
      18.570661544799805,
      21.208023071289062,
      18.91071128845215,
      24.948266983032227,
      20.00202751159668,
      26.575326919555664,
      19.160654067993164,
      25.28171730041504,
      19.25318145751953,
      21.026113510131836,
      17.224266052246094,
      21.620019912719727,
      17.671844482421875
    ],
    [
      8.62659740447998,
      41.971397399902344,
      24.078218460083008,
      60.10660171508789,
      28.953487396240234,
      42.40840530395508,
      32.71425247192383,
      42.72096252441406,
      33.48917770385742,
      43.46128463745117,
      28.590574264526367,
      37.695491790771484,
      21.15131378173828,
      27.399770736694336,
      21.511720657348633,
      24.007047653198242,
      22.60756492614746,
      21.992691040039062
    ],
    [
      5.600440979003906,
      24.28019905090332,
      23.00051498413086,
      28.953487396240234,
      58.090457916259766,
      46.73276138305664,
      47.70635223388672,
      44.425254821777344,
      43.26854705810547,
      43.916622161865234,
      37.70446014404297,
      38.65216827392578,
      28.08545684814453,
      28.845016479492188,
      27.932828903198242,
      27.899215698242188,
      27.59793472290039,
      26.449613571166992
    ],
    [
      4.7523956298828125,
      31.915361404418945,
      18.570661544799805,
      42.40840530395508,
      46.73276138305664,
      81.80510711669922,
      49.17957305908203,
      67.42005157470703,
      43.69744873046875,
      60.67074966430664,
      35.25168991088867,
      50.84258270263672,
      25.095909118652344,
      35.410282135009766,
      26.33715057373047,
      32.67918395996094,
      29.819791793823242,
      30.845619201660156
    ],
    [
      8.654410362243652,
      37.71025085449219,
      21.208023071289062,
      32.71425247192383,
      47.70635223388672,
      49.17957305908203,
      80.72599029541016,
      60.712196350097656,
      58.81758117675781,
      56.76146697998047,
      48.82386779785156,
      50.53593826293945,
      36.76642990112305,
      38.9952278137207,
      36.384437561035156,
      37.466548919677734,
      37.040374755859375,
      36.61057662963867
    ],
    [
      7.695759296417236,
      46.28791046142578,
      18.91071128845215,
      42.72096252441406,
      44.425254821777344,
      67.42005157470703,
      60.712196350097656,
      95.84464263916016,
      52.61037826538086,
      71.82780456542969,
      42.73094940185547,
      61.989349365234375,
      31.89902114868164,
      45.18478012084961,
      32.068138122558594,
      41.689579010009766,
      37.28841781616211,
      40.946990966796875
    ],
    [
      12.191189765930176,
      39.62345504760742,
      24.948266983032227,
      33.48917770385742,
      43.26854705810547,
      43.69744873046875,
      58.81758117675781,
      52.61037826538086,
      77.01541900634766,
      60.55445098876953,
      56.71284866333008,
      52.896949768066406,
      45.2125358581543,
      43.227779388427734,
      42.460697174072266,
      40.66569137573242,
      39.44009017944336,
      37.326866149902344
    ],
    [
      8.554994583129883,
      48.54269790649414,
      20.00202751159668,
      43.46128463745117,
      43.916622161865234,
      60.67074966430664,
      56.76146697998047,
      71.82780456542969,
      60.55445098876953,
      88.1911849975586,
      48.13237762451172,
      69.80870819091797,
      38.14482498168945,
      52.484825134277344,
      37.58357238769531,
      46.459808349609375,
      40.436767578125,
      43.53176498413086
    ],
    [
      13.270461082458496,
      30.817258834838867,
      26.575326919555664,
      28.590574264526367,
      37.70446014404297,
      35.25168991088867,
      48.82386779785156,
      42.73094940185547,
      56.71284866333008,
      48.13237762451172,
      63.824066162109375,
      49.44828414916992,
      51.55058670043945,
      42.2426872253418,
      45.96390151977539,
      40.05300521850586,
      41.04541015625,
      37.07366180419922
    ],
    [
      9.294981956481934,
      41.938270568847656,
      19.160654067993164,
      37.695491790771484,
      38.65216827392578,
      50.84258270263672,
      50.53593826293945,
      61.989349365234375,
      52.896949768066406,
      69.80870819091797,
      49.44828414916992,
      76.70728302001953,
      41.117855072021484,
      58.074363708496094,
      40.79104995727539,
      52.616817474365234,
      45.352352142333984,
      49.90431213378906
    ],
    [
      16.046817779541016,
      27.268369674682617,
      25.28171730041504,
      21.15131378173828,
      28.08545684814453,
      25.095909118652344,
      36.76642990112305,
      31.89902114868164,
      45.2125358581543,
      38.14482498168945,
      51.55058670043945,
      41.117855072021484,
      61.480098724365234,
      44.45515060424805,
      50.56913375854492,
      42.86149215698242,
      44.51104736328125,
      38.779022216796875
    ],
    [
      13.369382858276367,
      36.044342041015625,
      19.25318145751953,
      27.399770736694336,
      28.845016479492188,
      35.410282135009766,
      38.9952278137207,
      45.18478012084961,
      43.227779388427734,
      52.484825134277344,
      42.2426872253418,
      58.074363708496094,
      44.45515060424805,
      65.57168579101562,
      42.8823356628418,
      58.45106506347656,
      46.96528244018555,
      54.87160110473633
    ],
    [
      12.291661262512207,
      26.887176513671875,
      21.026113510131836,
      21.511720657348633,
      27.932828903198242,
      26.33715057373047,
      36.384437561035156,
      32.068138122558594,
      42.460697174072266,
      37.58357238769531,
      45.96390151977539,
      40.79104995727539,
      50.56913375854492,
      42.8823356628418,
      56.366519927978516,
      45.88093948364258,
      48.81920623779297,
      41.89814376831055
    ],
    [
      12.760845184326172,
      29.885913848876953,
      17.224266052246094,
      24.007047653198242,
      27.899215698242188,
      32.67918395996094,
      37.466548919677734,
      41.689579010009766,
      40.66569137573242,
      46.459808349609375,
      40.05300521850586,
      52.616817474365234,
      42.86149215698242,
      58.45106506347656,
      45.88093948364258,
      68.83589935302734,
      49.55545425415039,
      60.38671875
    ],
    [
      13.06472396850586,
      30.276294708251953,
      21.620019912719727,
      22.60756492614746,
      27.59793472290039,
      29.819791793823242,
      37.040374755859375,
      37.28841781616211,
      39.44009017944336,
      40.436767578125,
      41.04541015625,
      45.352352142333984,
      44.51104736328125,
      46.96528244018555,
      48.81920623779297,
      49.55545425415039,
      60.94127655029297,
      54.177677154541016
    ],
    [
      13.173027038574219,
      32.58207321166992,
      17.671844482421875,
      21.992691040039062,
      26.449613571166992,
      30.845619201660156,
      36.61057662963867,
      40.946990966796875,
      37.326866149902344,
      43.53176498413086,
      37.07366180419922,
      49.90431213378906,
      38.779022216796875,
      54.87160110473633,
      41.89814376831055,
      60.38671875,
      54.177677154541016,
      74.00310516357422
    ]
  ],
  "drr": 15.470155715942383,
  "dynamics": 3.6479907035827637,
  "format": 1245190,
  "frames": 11234240,
  "loudness": -10.605550765991211,
  "loudness_range": 7.626413822174072,
  "loudness_range_short": 14.16283893585205,
  "peak": 0.4316454529762268,
  "rms": -12.017420768737793,
  "sample_rate": 44100,
  "sections": 1,
  "seekable": 1,
  "sharpness": 4.083494663238525,
  "space": -8.16197681427002
}