{
  "bands": [
    {
      "high_freq": 148.1999969482422,
      "loudness": -23.108808517456055,
      "loudness_range": 7.203693389892578,
      "mid_mean": -19.465702056884766,
      "mid_to_side_loudness": -18.792606353759766,
      "mid_to_side_loudness_range": 11.740873336791992,
      "side_mean": -39.07686996459961
    },
    {
      "high_freq": 392.3793640136719,
      "loudness": -23.560190200805664,
      "loudness_range": 6.669050216674805,
      "low_freq": 148.1999969482422,
      "mid_mean": -20.18634796142578,
      "mid_to_side_loudness": -11.349913597106934,
      "mid_to_side_loudness_range": 7.468392372131348,
      "side_mean": -31.791484832763672
    },
    {
      "high_freq": 794.6976318359375,
      "loudness": -24.496503829956055,
      "loudness_range": 10.354639053344727,
      "low_freq": 392.3793640136719,
      "mid_mean": -21.14559555053711,
      "mid_to_side_loudness": -9.670708656311035,
      "mid_to_side_loudness_range": 8.032297134399414,
      "side_mean": -31.155269622802734
    },
    {
      "high_freq": 1457.5709228515625,
      "loudness": -21.989526748657227,
      "loudness_range": 10.5125732421875,
      "low_freq": 794.6976318359375,
      "mid_mean": -18.852310180664062,
      "mid_to_side_loudness": -9.688722610473633,
      "mid_to_side_loudness_range": 10.405221939086914,
      "side_mean": -28.55260467529297
    },
    {
      "high_freq": 2549.74365234375,
      "loudness": -22.69744300842285,
      "loudness_range": 11.86334228515625,
      "low_freq": 1457.5709228515625,
      "mid_mean": -19.585649490356445,
      "mid_to_side_loudness": -9.127913475036621,
      "mid_to_side_loudness_range": 8.923644065856934,
      "side_mean": -28.74211311340332
    },
    {
      "high_freq": 4349.24462890625,
      "loudness": -26.18206214904785,
      "loudness_range": 11.044380187988281,
      "low_freq": 2549.74365234375,
      "mid_mean": -23.226625442504883,
      "mid_to_side_loudness": -7.766769886016846,
      "mid_to_side_loudness_range": 7.624818801879883,
      "side_mean": -31.020124435424805
    },
    {
      "high_freq": 7314.1640625,
      "loudness": -28.808332443237305,
      "loudness_range": 13.969894409179688,
      "low_freq": 4349.24462890625,
      "mid_mean": -26.11043930053711,
      "mid_to_side_loudness": -6.117077350616455,
      "mid_to_side_loudness_range": 6.640018463134766,
      "side_mean": -32.26332473754883
    },
    {
      "high_freq": 12199.2666015625,
      "loudness": -31.12633514404297,
      "loudness_range": 12.925434112548828,
      "low_freq": 7314.1640625,
      "mid_mean": -28.870744705200195,
      "mid_to_side_loudness": -4.245108604431152,
      "mid_to_side_loudness_range": 6.31945276260376,
      "side_mean": -33.20120620727539
    },
    {
      "loudness": -37.775177001953125,
      "loudness_range": 10.709711074829102,
      "low_freq": 12199.2666015625,
      "mid_mean": -36.55801010131836,
      "mid_to_side_loudness": -1.2888869047164917,
      "mid_to_side_loudness_range": 4.443323135375977,
      "side_mean": -37.8546028137207
    }
  ],
  "bands_short": [
    {
      "high_freq": 148.1999969482422,
      "loudness": -27.56385612487793,
      "loudness_range": 14.250822067260742,
      "mid_mean": -23.952489852905273,
      "mid_to_side_loudness": -18.984760284423828,
      "mid_to_side_loudness_range": 18.807153701782227,
      "side_mean": -43.90624237060547
    },
    {
      "high_freq": 392.3793640136719,
      "loudness": -23.784584045410156,
      "loudness_range": 12.860810279846191,
      "low_freq": 148.1999969482422,
      "mid_mean": -20.442672729492188,
      "mid_to_side_loudness": -11.913575172424316,
      "mid_to_side_loudness_range": 11.66227912902832,
      "side_mean": -32.59968566894531
    },
    {
      "high_freq": 794.6976318359375,
      "loudness": -25.491756439208984,
      "loudness_range": 13.767839431762695,
      "low_freq": 392.3793640136719,
      "mid_mean": -22.282167434692383,
      "mid_to_side_loudness": -9.210095405578613,
      "mid_to_side_loudness_range": 11.384562492370605,
      "side_mean": -31.846656799316406
    },
    {
      "high_freq": 1457.5709228515625,
      "loudness": -22.59160804748535,
      "loudness_range": 15.308964729309082,
      "low_freq": 794.6976318359375,
      "mid_mean": -19.619142532348633,
      "mid_to_side_loudness": -9.169200897216797,
      "mid_to_side_loudness_range": 13.181142807006836,
      "side_mean": -28.814773559570312
    },
    {
      "high_freq": 2549.74365234375,
      "loudness": -23.633543014526367,
      "loudness_range": 15.469646453857422,
      "low_freq": 1457.5709228515625,
      "mid_mean": -20.748199462890625,
      "mid_to_side_loudness": -8.277297973632812,
      "mid_to_side_loudness_range": 12.246323585510254,
      "side_mean": -29.095911026000977
    },
    {
      "high_freq": 4349.24462890625,
      "loudness": -26.87921142578125,
      "loudness_range": 14.355278015136719,
      "low_freq": 2549.74365234375,
      "mid_mean": -24.09354019165039,
      "mid_to_side_loudness": -7.167456150054932,
      "mid_to_side_loudness_range": 9.754382133483887,
      "side_mean": -31.329912185668945
    },
    {
      "high_freq": 7314.1640625,
      "loudness": -29.73954200744629,
      "loudness_range": 17.723215103149414,
      "low_freq": 4349.24462890625,
      "mid_mean": -27.2001895904541,
      "mid_to_side_loudness": -5.654136657714844,
      "mid_to_side_loudness_range": 8.028440475463867,
      "side_mean": -32.95546340942383
    },
    {
      "high_freq": 12199.2666015625,
      "loudness": -32.20317459106445,
      "loudness_range": 16.8398380279541,
      "low_freq": 7314.1640625,
      "mid_mean": -30.0813045501709,
      "mid_to_side_loudness": -3.966238498687744,
      "mid_to_side_loudness_range": 8.041813850402832,
      "side_mean": -34.20560073852539
    },
    {
      "loudness": -39.92447280883789,
      "loudness_range": 17.668405532836914,
      "low_freq": 12199.2666015625,
      "mid_mean": -38.74587631225586,
      "mid_to_side_loudness": -1.3779113292694092,
      "mid_to_side_loudness_range": 6.111212730407715,
      "side_mean": -40.178932189941406
    }
  ],
  "channels": 2,
  "covariance": [
    [
      8.296658515930176,
      3.591256618499756,
      3.011453628540039,
      1.5442413091659546,
      1.1101621389389038,
      0.5078573226928711,
      0.5473765730857849,
      0.2693350613117218,
      1.668171763420105,
      0.7943036556243896,
      1.8690075874328613,
      1.0835192203521729,
      2.371406078338623,
      1.9603114128112793,
      2.598799705505371,
      2.7196147441864014,
      3.438971519470215,
      3.68304705619812
    ],
    [
      3.591256618499756,
      12.851154327392578,
      5.886165618896484,
      6.5852766036987305,
      2.1360018253326416,
      2.6897685527801514,
      2.850987195968628,
      1.8135802745819092,
      3.652848958969116,
      2.317775011062622,
      3.394996166229248,
      2.5875191688537598,
      5.0293474197387695,
      4.697932243347168,
      4.571013927459717,
      4.855795860290527,
      3.9201509952545166,
      4.176589488983154
    ],
    [
      3.011453628540039,
      5.886165618896484,
      10.07386589050293,
      8.8885498046875,
      4.715301036834717,
      4.399844646453857,
      2.191250801086426,
      2.0679523944854736,
      4.851912021636963,
      3.6140573024749756,
      5.922873020172119,
      4.091420650482178,
      7.703666687011719,
      6.208462715148926,
      6.7409892082214355,
      6.427789688110352,
      5.019906997680664,
      5.271642684936523
    ],
    [
      1.5442413091659546,
      6.5852766036987305,
      8.8885498046875,
      13.006500244140625,
      4.175070762634277,
      5.474203586578369,
      2.114516258239746,
      2.6986331939697266,
      4.406151294708252,
      3.752023220062256,
      5.154151439666748,
      4.148609161376953,
      7.875895023345947,
      7.031927585601807,
      6.706389904022217,
      6.939263820648193,
      4.565695762634277,
      5.327547550201416
    ],
    [
      1.1101621389389038,
      2.1360018253326416,
      4.715301036834717,
      4.175070762634277,
      17.283203125,
      12.518781661987305,
      9.506303787231445,
      7.260508060455322,
      10.826203346252441,
      7.41358757019043,
      11.367865562438965,
      7.406492710113525,
      13.7261381149292,
      10.211738586425781,
      12.403879165649414,
      9.168895721435547,
      6.351789951324463,
      5.6020331382751465
    ],
    [
      0.5078573226928711,
      2.6897685527801514,
      4.399844646453857,
      5.474203586578369,
      12.518781661987305,
      16.558448791503906,
      11.209129333496094,
      10.883071899414062,
      11.722253799438477,
      9.626710891723633,
      11.89278507232666,
      9.259119033813477,
      15.363773345947266,
      12.614985466003418,
      13.939455032348633,
      11.542586326599121,
      8.084267616271973,
      7.417097568511963
    ],
    [
      0.5473765730857849,
      2.850987195968628,
      2.191250801086426,
      2.114516258239746,
      9.506303787231445,
      11.209129333496094,
      19.41782569885254,
      14.13556957244873,
      15.193199157714844,
      10.130980491638184,
      13.333168983459473,
      9.2660551071167,
      15.364635467529297,
      12.180974006652832,
      14.265985488891602,
      11.045280456542969,
      8.317988395690918,
      7.227650165557861
    ],
    [
      0.2693350613117218,
      1.8135802745819092,
      2.0679523944854736,
      2.6986331939697266,
      7.260508060455322,
      10.883071899414062,
      14.13556957244873,
      18.303579330444336,
      12.152588844299316,
      13.321205139160156,
      11.632253646850586,
      12.206825256347656,
      14.470982551574707,
      13.830391883850098,
      12.520834922790527,
      11.2327241897583,
      6.409276485443115,
      5.825075149536133
    ],
    [
      1.668171763420105,
      3.652848958969116,
      4.851912021636963,
      4.406151294708252,
      10.826203346252441,
      11.722253799438477,
      15.193199157714844,
      12.152588844299316,
      20.085681915283203,
      13.725415229797363,
      16.642009735107422,
      11.926953315734863,
      18.379207611083984,
      14.526588439941406,
      16.32294273376465,
      12.825733184814453,
      8.904336929321289,
      7.698421955108643
    ],
    [
      0.7943036556243896,
      2.317775011062622,
      3.6140573024749756,
      3.752023220062256,
      7.41358757019043,
      9.626710891723633,
      10.130980491638184,
      13.321205139160156,
      13.725415229797363,
      15.556100845336914,
      12.66519546508789,
      13.540042877197266,
      15.000856399536133,
      14.343381881713867,
      12.797724723815918,
      11.277547836303711,
      5.919428825378418,
      5.213484287261963
    ],
    [
      1.8690075874328613,
      3.394996166229248,
      5.922873020172119,
      5.154151439666748,
      11.367865562438965,
      11.89278507232666,
      13.333168983459473,
      11.632253646850586,
      16.642009735107422,
      12.66519546508789,
      17.79458236694336,
      13.121331214904785,
      19.685630798339844,
      15.867792129516602,
      17.63661003112793,
      13.837422370910645,
      9.415119171142578,
      8.2387113571167
    ],
    [
      1.0835192203521729,
      2.5875191688537598,
      4.091420650482178,
      4.148609161376953,
      7.406492710113525,
      9.259119033813477,
      9.2660551071167,
      12.206825256347656,
      11.926953315734863,
      13.540042877197266,
      13.121331214904785,
      14.449231147766113,
      15.847283363342285,
      15.750038146972656,
      13.814142227172852,
      12.44510269165039,
      6.443488121032715,
      5.737431526184082
    ],
    [
      2.371406078338623,
      5.0293474197387695,
      7.703666687011719,
      7.875895023345947,
      13.7261381149292,
      15.363773345947266,
      15.364635467529297,
      14.470982551574707,
      18.379207611083984,
      15.000856399536133,
      19.685630798339844,
      15.847283363342285,
      28.52154541015625,
      23.506559371948242,
      24.614063262939453,
      20.47187042236328,
      13.814109802246094,
      12.409137725830078
    ],
    [
      1.9603114128112793,
      4.697932243347168,
      6.208462715148926,
      7.031927585601807,
      10.211738586425781,
      12.614985466003418,
      12.180974006652832,
      13.830391883850098,
      14.526588439941406,
      14.343381881713867,
      15.867792129516602,
      15.750038146972656,
      23.506559371948242,
      23.238744735717773,
      20.424333572387695,
      19.389331817626953,
      11.166260719299316,
      10.693392753601074
    ],
    [
      2.598799705505371,
      4.571013927459717,
      6.7409892082214355,
      6.706389904022217,
      12.403879165649414,
      13.939455032348633,
      14.265985488891602,
      12.520834922790527,
      16.32294273376465,
      12.797724723815918,
      17.63661003112793,
      13.814142227172852,
      24.614063262939453,
      20.424333572387695,
      27.074180603027344,
      20.64777183532715,
      16.07235336303711,
      13.44576358795166
    ],
    [
      2.7196147441864014,
      4.855795860290527,
      6.427789688110352,
      6.939263820648193,
      9.168895721435547,
      11.542586326599121,
      11.045280456542969,
      11.2327241897583,
      12.825733184814453,
      11.277547836303711,
      13.837422370910645,
      12.44510269165039,
      20.47187042236328,
      19.389331817626953,
      20.64777183532715,
      20.146249771118164,
      14.900412559509277,
      14.621039390563965
    ],
    [
      3.438971519470215,
      3.9201509952545166,
      5.019906997680664,
      4.565695762634277,
      6.351789951324463,
      8.084267616271973,
      8.317988395690918,
      6.409276485443115,
      8.904336929321289,
      5.919428825378418,
      9.415119171142578,
      6.443488121032715,
      13.814109802246094,
      11.166260719299316,
      16.07235336303711,
      14.900412559509277,
      18.10338592529297,
      16.34675407409668
    ],
    [
      3.68304705619812,
      4.176589488983154,
      5.271642684936523,
      5.327547550201416,
      5.6020331382751465,
      7.417097568511963,
      7.227650165557861,
      5.825075149536133,
      7.698421955108643,
      5.213484287261963,
      8.2387113571167,
      5.737431526184082,
      12.409137725830078,
      10.693392753601074,
      13.44576358795166,
      14.621039390563965,
      16.34675407409668,
      17.896316528320312
    ]
  ],
  "covariance_short": [
    [
      23.3636417388916,
      5.16628360748291,
      12.479893684387207,
      3.249436616897583,
      4.170759677886963,
      2.1282663345336914,
      3.152496099472046,
      1.2355365753173828,
      4.523991584777832,
      2.003096342086792,
      5.498370170593262,
      2.92465877532959,
      5.4881367683410645,
      3.9268343448638916,
      4.760661602020264,
      4.5720977783203125,
      7.570892810821533,
      7.982763290405273
    ],
    [
      5.16628360748291,
      28.338712692260742,
      9.296799659729004,
      9.350152015686035,
      5.9845967292785645,
      6.167173385620117,
      6.478370666503906,
      3.6425135135650635,
      8.035503387451172,
      4.7458882331848145,
      7.603884696960449,
      5.387129783630371,
      9.422412872314453,
      8.601645469665527,
      8.934174537658691,
      9.688703536987305,
      10.642075538635254,
      11.395045280456543
    ],
    [
      12.479893684387207,
      9.296799659729004,
      22.187686920166016,
      11.923877716064453,
      8.954619407653809,
      6.657166004180908,
      4.932992935180664,
      3.0548174381256104,
      7.999680995941162,
      5.075136661529541,
      9.792259216308594,
      6.520883083343506,
      10.776466369628906,
      9.086503982543945,
      8.494803428649902,
      9.384957313537598,
      10.530364990234375,
      11.939542770385742
    ],
    [
      3.249436616897583,
      9.350152015686035,
      11.923877716064453,
      18.493925094604492,
      6.467370510101318,
      7.072539806365967,
      3.543684959411621,
      2.900399684906006,
      6.041521072387695,
      4.462326526641846,
      6.691392421722412,
      5.620609760284424,
      9.127098083496094,
      8.982775688171387,
      7.422905921936035,
      8.770965576171875,
      7.534359931945801,
      9.280734062194824
    ],
    [
      4.170759677886963,
      5.9845967292785645,
      8.954619407653809,
      6.467370510101318,
      27.631614685058594,
      16.575653076171875,
      14.682519912719727,
      8.754471778869629,
      16.95090103149414,
      9.618592262268066,
      18.16567611694336,
      10.79466724395752,
      20.516448974609375,
      14.401782035827637,
      17.890029907226562,
      13.24728775024414,
      12.205428123474121,
      10.48874282836914
    ],
    [
      2.1282663345336914,
      6.167173385620117,
      6.657166004180908,
      7.072539806365967,
      16.575653076171875,
      22.095989227294922,
      13.922813415527344,
      11.196320533752441,
      14.803271293640137,
      10.740686416625977,
      15.642404556274414,
      11.27513599395752,
      19.226806640625,
      15.338142395019531,
      16.605257034301758,
      13.589824676513672,
      10.473624229431152,
      9.345871925354004
    ],
    [
      3.152496099472046,
      6.478370666503906,
      4.932992935180664,
      3.543684959411621,
      14.682519912719727,
      13.922813415527344,
      32.984737396240234,
      17.25371742248535,
      24.573801040649414,
      13.746437072753906,
      21.184322357177734,
      13.45254135131836,
      22.208274841308594,
      16.98487663269043,
      19.465476989746094,
      14.964082717895508,
      12.818252563476562,
      10.926448822021484
    ],
    [
      1.2355365753173828,
      3.6425135135650635,
      3.0548174381256104,
      2.900399684906006,
      8.754471778869629,
      11.196320533752441,
      17.25371742248535,
      20.854103088378906,
      14.658360481262207,
      14.305307388305664,
      13.95255184173584,
      13.456635475158691,
      16.854026794433594,
      15.575071334838867,
      13.942761421203613,
      12.293113708496094,
      7.446240425109863,
      6.4779815673828125
    ],
    [
      4.523991584777832,
      8.035503387451172,
      7.999680995941162,
      6.041521072387695,
      16.95090103149414,
      14.803271293640137,
      24.573801040649414,
      14.658360481262207,
      35.0516242980957,
      18.374155044555664,
      27.45985984802246,
      17.471210479736328,
      27.60438346862793,
      20.81766128540039,
      22.905704498291016,
      17.660049438476562,
      14.381789207458496,
      12.6663236618042
    ],
    [
      2.003096342086792,
      4.7458882331848145,
      5.075136661529541,
      4.462326526641846,
      9.618592262268066,
      10.740686416625977,
      13.746437072753906,
      14.305307388305664,
      18.374155044555664,
      18.852182388305664,
      16.70516014099121,
      16.134305953979492,
      18.90160369873047,
      17.507091522216797,
      15.315144538879395,
      13.532689094543457,
      8.32104206085205,
      7.419411659240723
    ],
    [
      5.498370170593262,
      7.603884696960449,
      9.792259216308594,
      6.691392421722412,
      18.16567611694336,
      15.642404556274414,
      21.184322357177734,
      13.95255184173584,
      27.45985984802246,
      16.70516014099121,
      30.72654914855957,
      19.35030174255371,
      30.823204040527344,
      23.3319034576416,
      25.74677085876465,
      19.781063079833984,
      15.830094337463379,
      14.110469818115234
    ],
    [
      2.92465877532959,
      5.387129783630371,
      6.520883083343506,
      5.620609760284424,
      10.79466724395752,
      11.27513599395752,
      13.45254135131836,
      13.456635475158691,
      17.471210479736328,
      16.134305953979492,
      19.35030174255371,
      19.091299057006836,
      22.050735473632812,
      20.730968475341797,
      18.297107696533203,
      16.35529136657715,
      10.226457595825195,
      9.672513961791992
    ],
    [
      5.4881367683410645,
      9.422412872314453,
      10.776466369628906,
      9.127098083496094,
      20.516448974609375,
      19.226806640625,
      22.208274841308594,
      16.854026794433594,
      27.60438346862793,
      18.90160369873047,
      30.823204040527344,
      22.050735473632812,
      42.91727828979492,
      32.823760986328125,
      35.60209274291992,
      28.628387451171875,
      22.156465530395508,
      19.560529708862305
    ],
    [
      3.9268343448638916,
      8.601645469665527,
      9.086503982543945,
      8.982775688171387,
      14.401782035827637,
      15.338142395019531,
      16.98487663269043,
      15.575071334838867,
      20.81766128540039,
      17.507091522216797,
      23.3319034576416,
      20.730968475341797,
      32.823760986328125,
      31.64592170715332,
      27.5689754486084,
      25.981731414794922,
      17.7292537689209,
      17.819255828857422
    ],
    [
      4.760661602020264,
      8.934174537658691,
      8.494803428649902,
      7.422905921936035,
      17.890029907226562,
      16.605257034301758,
      19.465476989746094,
      13.942761421203613,
      22.905704498291016,
      15.315144538879395,
      25.74677085876465,
      18.297107696533203,
      35.60209274291992,
      27.5689754486084,
      39.95047378540039,
      29.940176010131836,
      27.894933700561523,
      23.79646110534668
    ],
    [
      4.5720977783203125,
      9.688703536987305,
      9.384957313537598,
      8.770965576171875,
      13.24728775024414,
      13.589824676513672,
      14.964082717895508,
      12.293113708496094,
      17.660049438476562,
      13.532689094543457,
      19.781063079833984,
      16.35529136657715,
      28.628387451171875,
      25.981731414794922,
      29.940176010131836,
      30.117525100708008,
      26.250112533569336,
      26.733678817749023
    ],
    [
      7.570892810821533,
      10.642075538635254,
      10.530364990234375,
      7.534359931945801,
      12.205428123474121,
      10.473624229431152,
      12.818252563476562,
      7.446240425109863,
      14.381789207458496,
      8.32104206085205,
      15.830094337463379,
      10.226457595825195,
      22.156465530395508,
      17.7292537689209,
      27.894933700561523,
      26.250112533569336,
      38.91383361816406,
      36.2665901184082
    ],
    [
      7.982763290405273,
      11.395045280456543,
      11.939542770385742,
      9.280734062194824,
      10.48874282836914,
      9.345871925354004,
      10.926448822021484,
      6.4779815673828125,
      12.6663236618042,
      7.419411659240723,
      14.110469818115234,
      9.672513961791992,
      19.560529708862305,
      17.819255828857422,
      23.79646110534668,
      26.733678817749023,
      36.2665901184082,
      41.55788803100586
    ]
  ],
  "drr": 15.735220909118652,
  "dynamics": 2.48673152923584,
  "format": 1245190,
  "frames": 10569728,
  "loudness": -11.277956008911133,
  "loudness_range": 6.183566093444824,
  "loudness_range_short": 10.025869369506836,
  "peak": 0.2644282281398773,
  "rms": -14.141797065734863,
  "sample_rate": 44100,
  "sections": 1,
  "seekable": 1,
  "sharpness": 2.6154227256774902,
  "space": -9.59036922454834
}