{
  "bands": [
    {
      "high_freq": 148.1999969482422,
      "loudness": -26.009824752807617,
      "loudness_range": 16.601600646972656,
      "mid_mean": -22.588796615600586,
      "mid_to_side_loudness": -29.07831573486328,
      "mid_to_side_loudness_range": 39.749000549316406,
      "side_mean": -54.637611389160156
    },
    {
      "high_freq": 392.3793640136719,
      "loudness": -28.079076766967773,
      "loudness_range": 9.528295516967773,
      "low_freq": 148.1999969482422,
      "mid_mean": -25.433202743530273,
      "mid_to_side_loudness": -7.025998592376709,
      "mid_to_side_loudness_range": 14.258285522460938,
      "side_mean": -32.72565841674805
    },
    {
      "high_freq": 794.6976318359375,
      "loudness": -27.77748680114746,
      "loudness_range": 10.744461059570312,
      "low_freq": 392.3793640136719,
      "mid_mean": -25.014162063598633,
      "mid_to_side_loudness": -7.395699501037598,
      "mid_to_side_loudness_range": 11.668540000915527,
      "side_mean": -32.47731018066406
    },
    {
      "high_freq": 1457.5709228515625,
      "loudness": -29.170185089111328,
      "loudness_range": 13.175714492797852,
      "low_freq": 794.6976318359375,
      "mid_mean": -26.169002532958984,
      "mid_to_side_loudness": -8.38917350769043,
      "mid_to_side_loudness_range": 11.212865829467773,
      "side_mean": -34.554237365722656
    },
    {
      "high_freq": 2549.74365234375,
      "loudness": -30.091815948486328,
      "loudness_range": 10.151161193847656,
      "low_freq": 1457.5709228515625,
      "mid_mean": -27.05550193786621,
      "mid_to_side_loudness": -8.647180557250977,
      "mid_to_side_loudness_range": 11.619529724121094,
      "side_mean": -35.82035446166992
    },
    {
      "high_freq": 4349.24462890625,
      "loudness": -31.330516815185547,
      "loudness_range": 12.360252380371094,
      "low_freq": 2549.74365234375,
      "mid_mean": -28.185176849365234,
      "mid_to_side_loudness": -9.271350860595703,
      "mid_to_side_loudness_range": 11.355073928833008,
      "side_mean": -37.70562744140625
    },
    {
      "high_freq": 7314.1640625,
      "loudness": -37.055423736572266,
      "loudness_range": 13.408916473388672,
      "low_freq": 4349.24462890625,
      "mid_mean": -33.9575309753418,
      "mid_to_side_loudness": -8.935545921325684,
      "mid_to_side_loudness_range": 11.212183952331543,
      "side_mean": -43.15492630004883
    },
    {
      "high_freq": 12199.2666015625,
      "loudness": -43.943824768066406,
      "loudness_range": 15.387504577636719,
      "low_freq": 7314.1640625,
      "mid_mean": -40.93364715576172,
      "mid_to_side_loudness": -7.623367786407471,
      "mid_to_side_loudness_range": 7.987215995788574,
      "side_mean": -48.968406677246094
    },
    {
      "loudness": -56.101524353027344,
      "loudness_range": 17.7708740234375,
      "low_freq": 12199.2666015625,
      "mid_mean": -53.537418365478516,
      "mid_to_side_loudness": -4.991899013519287,
      "mid_to_side_loudness_range": 4.626030445098877,
      "side_mean": -58.18243408203125
    }
  ],
  "bands_short": [
    {
      "high_freq": 148.1999969482422,
      "loudness": -34.54155731201172,
      "loudness_range": 39.635406494140625,
      "mid_mean": -32.13114929199219,
      "mid_to_side_loudness": -17.791540145874023,
      "mid_to_side_loudness_range": 42.344642639160156,
      "side_mean": -60.354881286621094
    },
    {
      "high_freq": 392.3793640136719,
      "loudness": -28.118776321411133,
      "loudness_range": 14.544994354248047,
      "low_freq": 148.1999969482422,
      "mid_mean": -25.543384552001953,
      "mid_to_side_loudness": -7.57575798034668,
      "mid_to_side_loudness_range": 20.06928825378418,
      "side_mean": -33.91305160522461
    },
    {
      "high_freq": 794.6976318359375,
      "loudness": -28.757678985595703,
      "loudness_range": 14.044313430786133,
      "low_freq": 392.3793640136719,
      "mid_mean": -26.26211166381836,
      "mid_to_side_loudness": -6.903653144836426,
      "mid_to_side_loudness_range": 15.85953140258789,
      "side_mean": -33.413639068603516
    },
    {
      "high_freq": 1457.5709228515625,
      "loudness": -29.21456527709961,
      "loudness_range": 15.645740509033203,
      "low_freq": 794.6976318359375,
      "mid_mean": -26.392534255981445,
      "mid_to_side_loudness": -8.180811882019043,
      "mid_to_side_loudness_range": 14.970898628234863,
      "side_mean": -34.63420867919922
    },
    {
      "high_freq": 2549.74365234375,
      "loudness": -30.712827682495117,
      "loudness_range": 12.71489143371582,
      "low_freq": 1457.5709228515625,
      "mid_mean": -27.860504150390625,
      "mid_to_side_loudness": -8.09699821472168,
      "mid_to_side_loudness_range": 14.537713050842285,
      "side_mean": -36.22935104370117
    },
    {
      "high_freq": 4349.24462890625,
      "loudness": -31.943042755126953,
      "loudness_range": 14.77041244506836,
      "low_freq": 2549.74365234375,
      "mid_mean": -28.933948516845703,
      "mid_to_side_loudness": -8.607864379882812,
      "mid_to_side_loudness_range": 13.57832145690918,
      "side_mean": -38.00724792480469
    },
    {
      "high_freq": 7314.1640625,
      "loudness": -37.66960144042969,
      "loudness_range": 16.201522827148438,
      "low_freq": 4349.24462890625,
      "mid_mean": -34.7390022277832,
      "mid_to_side_loudness": -8.177149772644043,
      "mid_to_side_loudness_range": 13.004642486572266,
      "side_mean": -43.37904357910156
    },
    {
      "high_freq": 12199.2666015625,
      "loudness": -44.69837188720703,
      "loudness_range": 18.193470001220703,
      "low_freq": 7314.1640625,
      "mid_mean": -41.8332405090332,
      "mid_to_side_loudness": -7.0077104568481445,
      "mid_to_side_loudness_range": 9.461509704589844,
      "side_mean": -49.5423698425293
    },
    {
      "loudness": -57.3118782043457,
      "loudness_range": 22.97738265991211,
      "low_freq": 12199.2666015625,
      "mid_mean": -54.676856994628906,
      "mid_to_side_loudness": -4.59478235244751,
      "mid_to_side_loudness_range": 5.841788291931152,
      "side_mean": -58.92268371582031
    }
  ],
  "channels": 2,
  "covariance": [
    [
      48.33171844482422,
      -6.491695880889893,
      7.828686237335205,
      -3.9355814456939697,
      6.495671272277832,
      4.616826057434082,
      6.664525985717773,
      3.1741068363189697,
      3.6945340633392334,
      4.444982051849365,
      3.2451424598693848,
      5.302639961242676,
      3.262821912765503,
      3.4592933654785156,
      1.987959623336792,
      1.5672540664672852,
      4.653185844421387,
      3.8887991905212402
    ],
    [
      -6.491695880889893,
      67.46613311767578,
      9.279873847961426,
      16.550657272338867,
      -0.006436253897845745,
      1.2203035354614258,
      -0.6250885128974915,
      -2.822406530380249,
      0.3825397193431854,
      -3.083416223526001,
      -3.2041192054748535,
      -3.3921444416046143,
      1.0860681533813477,
      0.9478431344032288,
      -2.238402843475342,
      1.3856409788131714,
      6.653847694396973,
      3.3605775833129883
    ],
    [
      7.828686237335205,
      9.279873847961426,
      18.174802780151367,
      14.463981628417969,
      12.448553085327148,
      11.616876602172852,
      10.895515441894531,
      8.962886810302734,
      8.737591743469238,
      6.500340938568115,
      8.356694221496582,
      6.426669120788574,
      6.205280780792236,
      4.6341986656188965,
      5.053131580352783,
      4.970566749572754,
      4.917797565460205,
      3.5871076583862305
    ],
    [
      -3.9355814456939697,
      16.550657272338867,
      14.463981628417969,
      41.245052337646484,
      13.828243255615234,
      25.264102935791016,
      14.170866966247559,
      21.924100875854492,
      8.490471839904785,
      12.267573356628418,
      7.633885860443115,
      10.478747367858887,
      1.141959309577942,
      4.456561088562012,
      0.0298849418759346,
      4.382964134216309,
      -1.7209281921386719,
      -1.8123910427093506
    ],
    [
      6.495671272277832,
      -0.006436253897845745,
      12.448553085327148,
      13.828243255615234,
      19.976165771484375,
      17.206707000732422,
      16.469533920288086,
      14.95080280303955,
      13.705596923828125,
      12.158982276916504,
      13.882848739624023,
      11.94614315032959,
      10.326820373535156,
      8.227083206176758,
      8.356913566589355,
      8.473803520202637,
      7.558688163757324,
      6.097205638885498
    ],
    [
      4.616826057434082,
      1.2203035354614258,
      11.616876602172852,
      25.264102935791016,
      17.206707000732422,
      34.34720230102539,
      21.867137908935547,
      30.262819290161133,
      12.83051586151123,
      20.971435546875,
      13.030689239501953,
      19.0761661529541,
      7.419769287109375,
      11.597495079040527,
      4.2769951820373535,
      9.1505126953125,
      5.79738187789917,
      5.665344715118408
    ],
    [
      6.664525985717773,
      -0.6250885128974915,
      10.895515441894531,
      14.170866966247559,
      16.469533920288086,
      21.867137908935547,
      26.791980743408203,
      23.46533966064453,
      15.772364616394043,
      17.286117553710938,
      18.128767013549805,
      18.276559829711914,
      13.3389892578125,
      13.351786613464355,
      11.731935501098633,
      13.245360374450684,
      13.640779495239258,
      12.107344627380371
    ],
    [
      3.1741068363189697,
      -2.822406530380249,
      8.962886810302734,
      21.924100875854492,
      14.95080280303955,
      30.262819290161133,
      23.46533966064453,
      36.28358840942383,
      12.334778785705566,
      23.66117286682129,
      14.283632278442383,
      22.185115814208984,
      8.172554969787598,
      13.95977783203125,
      5.687326431274414,
      11.128044128417969,
      7.043615818023682,
      7.534482002258301
    ],
    [
      3.6945340633392334,
      0.3825397193431854,
      8.737591743469238,
      8.490471839904785,
      13.705596923828125,
      12.83051586151123,
      15.772364616394043,
      12.334778785705566,
      19.62312126159668,
      12.651097297668457,
      17.343875885009766,
      13.04766845703125,
      18.608755111694336,
      13.972766876220703,
      16.815048217773438,
      15.617687225341797,
      18.283037185668945,
      14.474369049072266
    ],
    [
      4.444982051849365,
      -3.083416223526001,
      6.500340938568115,
      12.267573356628418,
      12.158982276916504,
      20.971435546875,
      17.286117553710938,
      23.66117286682129,
      12.651097297668457,
      21.932584762573242,
      11.83047103881836,
      18.879989624023438,
      9.849466323852539,
      14.124195098876953,
      7.349199295043945,
      11.67025375366211,
      9.394255638122559,
      8.7195405960083
    ],
    [
      3.2451424598693848,
      -3.2041192054748535,
      8.356694221496582,
      7.633885860443115,
      13.882848739624023,
      13.030689239501953,
      18.128767013549805,
      14.283632278442383,
      17.343875885009766,
      11.83047103881836,
      23.052705764770508,
      14.372864723205566,
      21.234615325927734,
      14.051587104797363,
      21.75851821899414,
      17.806236267089844,
      19.425094604492188,
      15.769134521484375
    ],
    [
      5.302639961242676,
      -3.3921444416046143,
      6.426669120788574,
      10.478747367858887,
      11.94614315032959,
      19.0761661529541,
      18.276559829711914,
      22.185115814208984,
      13.04766845703125,
      18.879989624023438,
      14.372864723205566,
      19.935176849365234,
      12.021955490112305,
      15.347864151000977,
      10.346492767333984,
      13.894538879394531,
      11.647550582885742,
      10.503730773925781
    ],
    [
      3.262821912765503,
      1.0860681533813477,
      6.205280780792236,
      1.141959309577942,
      10.326820373535156,
      7.419769287109375,
      13.3389892578125,
      8.172554969787598,
      18.608755111694336,
      9.849466323852539,
      21.234615325927734,
      12.021955490112305,
      29.260038375854492,
      17.360355377197266,
      27.12881851196289,
      21.684263229370117,
      28.172279357910156,
      22.44119644165039
    ],
    [
      3.4592933654785156,
      0.9478431344032288,
      4.6341986656188965,
      4.456561088562012,
      8.227083206176758,
      11.597495079040527,
      13.351786613464355,
      13.95977783203125,
      13.972766876220703,
      14.124195098876953,
      14.051587104797363,
      15.347864151000977,
      17.360355377197266,
      17.63493537902832,
      15.194395065307617,
      17.165023803710938,
      18.141969680786133,
      15.182345390319824
    ],
    [
      1.987959623336792,
      -2.238402843475342,
      5.053131580352783,
      0.0298849418759346,
      8.356913566589355,
      4.2769951820373535,
      11.731935501098633,
      5.687326431274414,
      16.815048217773438,
      7.349199295043945,
      21.75851821899414,
      10.346492767333984,
      27.12881851196289,
      15.194395065307617,
      33.6506233215332,
      23.95111083984375,
      30.363649368286133,
      23.827707290649414
    ],
    [
      1.5672540664672852,
      1.3856409788131714,
      4.970566749572754,
      4.382964134216309,
      8.473803520202637,
      9.1505126953125,
      13.245360374450684,
      11.128044128417969,
      15.617687225341797,
      11.67025375366211,
      17.806236267089844,
      13.894538879394531,
      21.684263229370117,
      17.165023803710938,
      23.95111083984375,
      24.0499324798584,
      26.037620544433594,
      20.71222686767578
    ],
    [
      4.653185844421387,
      6.653847694396973,
      4.917797565460205,
      -1.7209281921386719,
      7.558688163757324,
      5.79738187789917,
      13.640779495239258,
      7.043615818023682,
      18.283037185668945,
      9.394255638122559,
      19.425094604492188,
      11.647550582885742,
      28.172279357910156,
      18.141969680786133,
      30.363649368286133,
      26.037620544433594,
      41.66242218017578,
      32.702476501464844
    ],
    [
      3.8887991905212402,
      3.3605775833129883,
      3.5871076583862305,
      -1.8123910427093506,
      6.097205638885498,
      5.665344715118408,
      12.107344627380371,
      7.534482002258301,
      14.474369049072266,
      8.7195405960083,
      15.769134521484375,
      10.503730773925781,
      22.44119644165039,
      15.182345390319824,
      23.827707290649414,
      20.71222686767578,
      32.702476501464844,
      26.40787696838379
    ]
  ],
  "covariance_short": [
    [
      262.2372741699219,
      6.660252094268799,
      43.4094123840332,
      -1.6636738777160645,
      11.547036170959473,
      7.922844409942627,
      8.825998306274414,
      2.211505174636841,
      5.807784557342529,
      3.5406124591827393,
      3.3799731731414795,
      6.156202793121338,
      3.4534361362457275,
      4.717928409576416,
      -0.5329447388648987,
      1.5305230617523193,
      6.782600402832031,
      5.4092302322387695
    ],
    [
      6.660252094268799,
      26.231220245361328,
      7.740090847015381,
      13.137613296508789,
      5.075386047363281,
      9.168242454528809,
      5.3069024085998535,
      6.274291515350342,
      2.6782915592193604,
      4.643787384033203,
      0.35004931688308716,
      4.448946475982666,
      -0.9398702383041382,
      2.802537202835083,
      -3.069074869155884,
      1.9809094667434692,
      4.14628791809082,
      2.9013240337371826
    ],
    [
      43.4094123840332,
      7.740090847015381,
      34.599403381347656,
      18.541717529296875,
      17.38219451904297,
      13.411227226257324,
      14.160524368286133,
      8.912286758422852,
      12.396008491516113,
      6.760891437530518,
      11.545120239257812,
      6.760843753814697,
      9.94806957244873,
      6.148848056793213,
      8.121164321899414,
      7.520199775695801,
      8.82369327545166,
      6.32879114151001
    ],
    [
      -1.6636738777160645,
      13.137613296508789,
      18.541717529296875,
      56.65242385864258,
      15.7042875289917,
      27.283823013305664,
      14.915310859680176,
      23.04563331604004,
      8.322155952453613,
      12.729639053344727,
      7.575818061828613,
      10.672784805297852,
      -0.856058657169342,
      3.813436269760132,
      -1.7819792032241821,
      4.24080228805542,
      -2.243424415588379,
      -2.0368552207946777
    ],
    [
      11.547036170959473,
      5.075386047363281,
      17.38219451904297,
      15.7042875289917,
      30.11621856689453,
      18.37401008605957,
      20.2868709564209,
      15.633944511413574,
      17.0407657623291,
      12.390893936157227,
      17.012161254882812,
      12.226798057556152,
      13.463188171386719,
      9.100020408630371,
      11.286736488342285,
      10.427156448364258,
      11.449186325073242,
      8.54694938659668
    ],
    [
      7.922844409942627,
      9.168242454528809,
      13.411227226257324,
      27.283823013305664,
      18.37401008605957,
      41.29642105102539,
      22.62724494934082,
      30.638582229614258,
      13.582742691040039,
      21.595661163330078,
      14.045975685119629,
      20.047239303588867,
      7.505844593048096,
      11.892425537109375,
      5.008516788482666,
      10.707672119140625,
      7.8296217918396,
      7.017592906951904
    ],
    [
      8.825998306274414,
      5.3069024085998535,
      14.160524368286133,
      14.915310859680176,
      20.2868709564209,
      22.62724494934082,
      35.8311767578125,
      23.23421859741211,
      21.32818031311035,
      17.959651947021484,
      23.805437088012695,
      19.21172523498535,
      20.575611114501953,
      15.959638595581055,
      18.766992568969727,
      17.8914794921875,
      20.668420791625977,
      16.812408447265625
    ],
    [
      2.211505174636841,
      6.274291515350342,
      8.912286758422852,
      23.04563331604004,
      15.633944511413574,
      30.638582229614258,
      23.23421859741211,
      41.19083786010742,
      13.799717903137207,
      24.46321678161621,
      15.19771957397461,
      22.980125427246094,
      9.322531700134277,
      15.146462440490723,
      6.73185396194458,
      13.463790893554688,
      9.072871208190918,
      8.624427795410156
    ],
    [
      5.807784557342529,
      2.6782915592193604,
      12.396008491516113,
      8.322155952453613,
      17.0407657623291,
      13.582742691040039,
      21.32818031311035,
      13.799717903137207,
      28.971284866333008,
      14.097077369689941,
      22.113325119018555,
      13.802254676818848,
      25.374746322631836,
      16.54629135131836,
      23.866199493408203,
      20.09762191772461,
      24.927278518676758,
      18.865001678466797
    ],
    [
      3.5406124591827393,
      4.643787384033203,
      6.760891437530518,
      12.729639053344727,
      12.390893936157227,
      21.595661163330078,
      17.959651947021484,
      24.46321678161621,
      14.097077369689941,
      26.01004981994629,
      12.611605644226074,
      20.198503494262695,
      10.109823226928711,
      15.19200611114502,
      7.874051570892334,
      13.96611499786377,
      11.042525291442871,
      9.439226150512695
    ],
    [
      3.3799731731414795,
      0.35004931688308716,
      11.545120239257812,
      7.575818061828613,
      17.012161254882812,
      14.045975685119629,
      23.805437088012695,
      15.19771957397461,
      22.113325119018555,
      12.611605644226074,
      31.86747932434082,
      15.699742317199707,
      29.176616668701172,
      16.55229377746582,
      29.34674644470215,
      21.671985626220703,
      26.89633560180664,
      20.6472225189209
    ],
    [
      6.156202793121338,
      4.448946475982666,
      6.760843753814697,
      10.672784805297852,
      12.226798057556152,
      20.047239303588867,
      19.21172523498535,
      22.980125427246094,
      13.802254676818848,
      20.198503494262695,
      15.699742317199707,
      23.415760040283203,
      12.692086219787598,
      16.660106658935547,
      11.217540740966797,
      16.5538272857666,
      13.940142631530762,
      11.714823722839355
    ],
    [
      3.4534361362457275,
      -0.9398702383041382,
      9.94806957244873,
      -0.856058657169342,
      13.463188171386719,
      7.505844593048096,
      20.575611114501953,
      9.322531700134277,
      25.374746322631836,
      10.109823226928711,
      29.176616668701172,
      12.692086219787598,
      41.07868194580078,
      20.852712631225586,
      37.35158920288086,
      26.917335510253906,
      37.033573150634766,
      28.32419204711914
    ],
    [
      4.717928409576416,
      2.802537202835083,
      6.148848056793213,
      3.813436269760132,
      9.100020408630371,
      11.892425537109375,
      15.959638595581055,
      15.146462440490723,
      16.54629135131836,
      15.19200611114502,
      16.55229377746582,
      16.660106658935547,
      20.852712631225586,
      21.1917667388916,
      18.19667625427246,
      20.47247886657715,
      21.555152893066406,
      17.21702766418457
    ],
    [
      -0.5329447388648987,
      -3.069074869155884,
      8.121164321899414,
      -1.7819792032241821,
      11.286736488342285,
      5.008516788482666,
      18.766992568969727,
      6.73185396194458,
      23.866199493408203,
      7.874051570892334,
      29.34674644470215,
      11.217540740966797,
      37.35158920288086,
      18.19667625427246,
      46.7555046081543,
      30.766084671020508,
      40.115657806396484,
      30.37366485595703
    ],
    [
      1.5305230617523193,
      1.9809094667434692,
      7.520199775695801,
      4.24080228805542,
      10.427156448364258,
      10.707672119140625,
      17.8914794921875,
      13.463790893554688,
      20.09762191772461,
      13.96611499786377,
      21.671985626220703,
      16.5538272857666,
      26.917335510253906,
      20.47247886657715,
      30.766084671020508,
      31.52093505859375,
      33.071353912353516,
      25.32785987854004
    ],
    [
      6.782600402832031,
      4.14628791809082,
      8.82369327545166,
      -2.243424415588379,
      11.449186325073242,
      7.8296217918396,
      20.668420791625977,
      9.072871208190918,
      24.927278518676758,
      11.042525291442871,
      26.89633560180664,
      13.940142631530762,
      37.033573150634766,
      21.555152893066406,
      40.115657806396484,
      33.071353912353516,
      50.91985321044922,
      38.951942443847656
    ],
    [
      5.4092302322387695,
      2.9013240337371826,
      6.32879114151001,
      -2.0368552207946777,
      8.54694938659668,
      7.017592906951904,
      16.812408447265625,
      8.624427795410156,
      18.865001678466797,
      9.439226150512695,
      20.6472225189209,
      11.714823722839355,
      28.32419204711914,
      17.21702766418457,
      30.37366485595703,
      25.32785987854004,
      38.951942443847656,
      30.734315872192383
    ]
  ],
  "drr": 10.21263599395752,
  "dynamics": 3.0182440280914307,
  "format": 1245190,
  "frames": 10350592,
  "loudness": -15.99933910369873,
  "loudness_range": 6.446751594543457,
  "loudness_range_short": 11.683967590332031,
  "peak": -0.06572400033473969,
  "rms": -17.326889038085938,
  "sample_rate": 44100,
  "sections": 1,
  "seekable": 1,
  "sharpness": 3.066925287246704,
  "space": -9.19888973236084
}