{
  "bands": [
    {
      "high_freq": 148.1999969482422,
      "loudness": -32.83222579956055,
      "loudness_range": 15.61813735961914,
      "mid_mean": -29.21778106689453,
      "mid_to_side_loudness": -19.206172943115234,
      "mid_to_side_loudness_range": 9.481330871582031,
      "side_mean": -48.86590576171875
    },
    {
      "high_freq": 392.3793640136719,
      "loudness": -33.18501281738281,
      "loudness_range": 15.651287078857422,
      "low_freq": 148.1999969482422,
      "mid_mean": -30.306991577148438,
      "mid_to_side_loudness": -9.306745529174805,
      "mid_to_side_loudness_range": 16.779863357543945,
      "side_mean": -39.460514068603516
    },
    {
      "high_freq": 794.6976318359375,
      "loudness": -35.30717468261719,
      "loudness_range": 26.38297462463379,
      "low_freq": 392.3793640136719,
      "mid_mean": -33.44660186767578,
      "mid_to_side_loudness": -4.334624290466309,
      "mid_to_side_loudness_range": 13.069363594055176,
      "side_mean": -37.37840270996094
    },
    {
      "high_freq": 1457.5709228515625,
      "loudness": -38.09296417236328,
      "loudness_range": 32.58483123779297,
      "low_freq": 794.6976318359375,
      "mid_mean": -36.06022644042969,
      "mid_to_side_loudness": -5.167308330535889,
      "mid_to_side_loudness_range": 9.362504005432129,
      "side_mean": -40.80418014526367
    },
    {
      "high_freq": 2549.74365234375,
      "loudness": -44.090904235839844,
      "loudness_range": 32.332374572753906,
      "low_freq": 1457.5709228515625,
      "mid_mean": -42.090572357177734,
      "mid_to_side_loudness": -5.940001487731934,
      "mid_to_side_loudness_range": 9.421296119689941,
      "side_mean": -48.22200393676758
    },
    {
      "high_freq": 4349.24462890625,
      "loudness": -50.90903091430664,
      "loudness_range": 26.859066009521484,
      "low_freq": 2549.74365234375,
      "mid_mean": -48.613609313964844,
      "mid_to_side_loudness": -5.486581802368164,
      "mid_to_side_loudness_range": 9.102630615234375,
      "side_mean": -54.394779205322266
    },
    {
      "high_freq": 7314.1640625,
      "loudness": -53.99154281616211,
      "loudness_range": 19.429882049560547,
      "low_freq": 4349.24462890625,
      "mid_mean": -51.98017120361328,
      "mid_to_side_loudness": -7.134244918823242,
      "mid_to_side_loudness_range": 7.778888702392578,
      "side_mean": -58.454612731933594
    },
    {
      "high_freq": 12199.2666015625,
      "loudness": -59.64340591430664,
      "loudness_range": 14.978073120117188,
      "low_freq": 7314.1640625,
      "mid_mean": -57.20998764038086,
      "mid_to_side_loudness": -6.043235778808594,
      "mid_to_side_loudness_range": 5.375072956085205,
      "side_mean": -62.283782958984375
    },
    {
      "loudness": -67.00411987304688,
      "loudness_range": 16.733356475830078,
      "low_freq": 12199.2666015625,
      "mid_mean": -63.314476013183594,
      "mid_to_side_loudness": -3.8813273906707764,
      "mid_to_side_loudness_range": 4.689065456390381,
      "side_mean": -65.81414794921875
    }
  ],
  "bands_short": [
    {
      "high_freq": 148.1999969482422,
      "loudness": -34.021697998046875,
      "loudness_range": 18.205265045166016,
      "mid_mean": -30.439817428588867,
      "mid_to_side_loudness": -19.272647857666016,
      "mid_to_side_loudness_range": 12.983521461486816,
      "side_mean": -50.77534866333008
    },
    {
      "high_freq": 392.3793640136719,
      "loudness": -33.25591278076172,
      "loudness_range": 16.431007385253906,
      "low_freq": 148.1999969482422,
      "mid_mean": -30.27927589416504,
      "mid_to_side_loudness": -10.493000984191895,
      "mid_to_side_loudness_range": 19.011533737182617,
      "side_mean": -40.69388961791992
    },
    {
      "high_freq": 794.6976318359375,
      "loudness": -36.32597732543945,
      "loudness_range": 27.575273513793945,
      "low_freq": 392.3793640136719,
      "mid_mean": -34.726539611816406,
      "mid_to_side_loudness": -4.050175189971924,
      "mid_to_side_loudness_range": 14.905380249023438,
      "side_mean": -38.34955978393555
    },
    {
      "high_freq": 1457.5709228515625,
      "loudness": -38.677616119384766,
      "loudness_range": 31.54278564453125,
      "low_freq": 794.6976318359375,
      "mid_mean": -36.836788177490234,
      "mid_to_side_loudness": -4.92990255355835,
      "mid_to_side_loudness_range": 12.675516128540039,
      "side_mean": -41.467857360839844
    },
    {
      "high_freq": 2549.74365234375,
      "loudness": -45.72935485839844,
      "loudness_range": 33.91371154785156,
      "low_freq": 1457.5709228515625,
      "mid_mean": -43.920806884765625,
      "mid_to_side_loudness": -5.57254695892334,
      "mid_to_side_loudness_range": 11.092074394226074,
      "side_mean": -50.35926818847656
    },
    {
      "high_freq": 4349.24462890625,
      "loudness": -52.29053497314453,
      "loudness_range": 27.18627166748047,
      "low_freq": 2549.74365234375,
      "mid_mean": -50.808292388916016,
      "mid_to_side_loudness": -5.519324779510498,
      "mid_to_side_loudness_range": 10.504121780395508,
      "side_mean": -55.703975677490234
    },
    {
      "high_freq": 7314.1640625,
      "loudness": -55.23832702636719,
      "loudness_range": 18.399608612060547,
      "low_freq": 4349.24462890625,
      "mid_mean": -53.1994514465332,
      "mid_to_side_loudness": -6.939958095550537,
      "mid_to_side_loudness_range": 9.199474334716797,
      "side_mean": -59.37746047973633
    },
    {
      "high_freq": 12199.2666015625,
      "loudness": -61.13943862915039,
      "loudness_range": 16.26386260986328,
      "low_freq": 7314.1640625,
      "mid_mean": -58.5024299621582,
      "mid_to_side_loudness": -5.97822904586792,
      "mid_to_side_loudness_range": 6.446733474731445,
      "side_mean": -63.27921676635742
    },
    {
      "loudness": -69.23400115966797,
      "loudness_range": 17.45563507080078,
      "low_freq": 12199.2666015625,
      "mid_mean": -64.70677185058594,
      "mid_to_side_loudness": -3.659649133682251,
      "mid_to_side_loudness_range": 4.436166286468506,
      "side_mean": -66.72966766357422
    }
  ],
  "channels": 2,
  "covariance": [
    [
      32.391563415527344,
      26.1090030670166,
      19.793237686157227,
      5.939570903778076,
      11.768548011779785,
      13.881299018859863,
      12.95255184173584,
      12.679258346557617,
      10.756814002990723,
      11.68239974975586,
      12.393620491027832,
      14.081233978271484,
      10.737955093383789,
      10.566926956176758,
      9.36508846282959,
      7.2735700607299805,
      6.717176914215088,
      4.181831359863281
    ],
    [
      26.1090030670166,
      33.86509704589844,
      16.376482009887695,
      7.438448905944824,
      12.364293098449707,
      14.750603675842285,
      15.043440818786621,
      13.866143226623535,
      12.302258491516113,
      14.28938102722168,
      14.62828540802002,
      17.220375061035156,
      14.789488792419434,
      13.350086212158203,
      11.832537651062012,
      8.67730712890625,
      7.118933200836182,
      4.2596330642700195
    ],
    [
      19.793237686157227,
      16.376482009887695,
      31.98714828491211,
      24.63063621520996,
      17.938610076904297,
      18.919841766357422,
      19.158620834350586,
      17.551958084106445,
      15.929668426513672,
      17.605844497680664,
      14.965060234069824,
      15.534013748168945,
      12.15219497680664,
      11.711630821228027,
      10.16333293914795,
      7.083230495452881,
      6.919892311096191,
      4.023129940032959
    ],
    [
      5.939570903778076,
      7.438448905944824,
      24.63063621520996,
      51.589080810546875,
      22.734962463378906,
      19.521987915039062,
      24.67683219909668,
      20.583330154418945,
      21.606477737426758,
      24.847179412841797,
      17.256221771240234,
      17.037973403930664,
      13.576837539672852,
      12.566524505615234,
      9.872910499572754,
      6.446657180786133,
      5.042159080505371,
      2.265864133834839
    ],
    [
      11.768548011779785,
      12.364293098449707,
      17.938610076904297,
      22.734962463378906,
      81.16918182373047,
      75.46741485595703,
      60.393367767333984,
      54.81614685058594,
      77.56078338623047,
      78.75125885009766,
      61.86759948730469,
      68.7477035522461,
      35.78155517578125,
      37.819847106933594,
      19.931114196777344,
      17.236583709716797,
      8.534653663635254,
      5.408840656280518
    ],
    [
      13.881299018859863,
      14.750603675842285,
      18.919841766357422,
      19.521987915039062,
      75.46741485595703,
      92.92896270751953,
      63.20521926879883,
      60.602943420410156,
      82.00973510742188,
      81.23725128173828,
      65.76187896728516,
      73.07183837890625,
      38.38609313964844,
      40.9527473449707,
      19.873516082763672,
      17.13888168334961,
      7.923669338226318,
      4.819113731384277
    ],
    [
      12.95255184173584,
      15.043440818786621,
      19.158620834350586,
      24.67683219909668,
      60.393367767333984,
      63.20521926879883,
      114.00739288330078,
      100.8228988647461,
      101.80137634277344,
      97.72876739501953,
      77.28118896484375,
      83.46694946289062,
      46.46564865112305,
      48.53445816040039,
      28.47859001159668,
      25.620895385742188,
      9.658245086669922,
      5.518253326416016
    ],
    [
      12.679258346557617,
      13.866143226623535,
      17.551958084106445,
      20.583330154418945,
      54.81614685058594,
      60.602943420410156,
      100.8228988647461,
      104.76874542236328,
      97.92449188232422,
      93.34211730957031,
      73.4122314453125,
      79.06841278076172,
      43.35974884033203,
      45.772544860839844,
      26.22879409790039,
      23.935964584350586,
      8.489872932434082,
      5.013308525085449
    ],
    [
      10.756814002990723,
      12.302258491516113,
      15.929668426513672,
      21.606477737426758,
      77.56078338623047,
      82.00973510742188,
      101.80137634277344,
      97.92449188232422,
      129.71731567382812,
      117.90644073486328,
      88.19330596923828,
      98.66761016845703,
      52.561824798583984,
      56.1818733215332,
      30.137714385986328,
      27.808406829833984,
      10.458793640136719,
      6.575350761413574
    ],
    [
      11.68239974975586,
      14.28938102722168,
      17.605844497680664,
      24.847179412841797,
      78.75125885009766,
      81.23725128173828,
      97.72876739501953,
      93.34211730957031,
      117.90644073486328,
      120.86478424072266,
      86.26970672607422,
      96.00952911376953,
      51.84925842285156,
      54.515785217285156,
      29.78921890258789,
      26.516950607299805,
      10.945833206176758,
      6.748812198638916
    ],
    [
      12.393620491027832,
      14.62828540802002,
      14.965060234069824,
      17.256221771240234,
      61.86759948730469,
      65.76187896728516,
      77.28118896484375,
      73.4122314453125,
      88.19330596923828,
      86.26970672607422,
      81.58435821533203,
      83.27914428710938,
      50.669132232666016,
      51.533451080322266,
      31.25951385498047,
      27.910720825195312,
      12.965418815612793,
      8.610276222229004
    ],
    [
      14.081233978271484,
      17.220375061035156,
      15.534013748168945,
      17.037973403930664,
      68.7477035522461,
      73.07183837890625,
      83.46694946289062,
      79.06841278076172,
      98.66761016845703,
      96.00952911376953,
      83.27914428710938,
      98.74202728271484,
      59.79618453979492,
      58.74659729003906,
      36.81183624267578,
      31.592533111572266,
      15.404194831848145,
      10.231244087219238
    ],
    [
      10.737955093383789,
      14.789488792419434,
      12.15219497680664,
      13.576837539672852,
      35.78155517578125,
      38.38609313964844,
      46.46564865112305,
      43.35974884033203,
      52.561824798583984,
      51.84925842285156,
      50.669132232666016,
      59.79618453979492,
      53.5301513671875,
      46.35646057128906,
      37.2521858215332,
      29.374126434326172,
      18.544471740722656,
      11.889518737792969
    ],
    [
      10.566926956176758,
      13.350086212158203,
      11.711630821228027,
      12.566524505615234,
      37.819847106933594,
      40.9527473449707,
      48.53445816040039,
      45.772544860839844,
      56.1818733215332,
      54.515785217285156,
      51.533451080322266,
      58.74659729003906,
      46.35646057128906,
      45.909996032714844,
      31.97022819519043,
      27.80170249938965,
      16.202138900756836,
      11.26016902923584
    ],
    [
      9.36508846282959,
      11.832537651062012,
      10.16333293914795,
      9.872910499572754,
      19.931114196777344,
      19.873516082763672,
      28.47859001159668,
      26.22879409790039,
      30.137714385986328,
      29.78921890258789,
      31.25951385498047,
      36.81183624267578,
      37.2521858215332,
      31.97022819519043,
      32.05905532836914,
      25.76460075378418,
      20.233827590942383,
      13.932384490966797
    ],
    [
      7.2735700607299805,
      8.67730712890625,
      7.083230495452881,
      6.446657180786133,
      17.236583709716797,
      17.13888168334961,
      25.620895385742188,
      23.935964584350586,
      27.808406829833984,
      26.516950607299805,
      27.910720825195312,
      31.592533111572266,
      29.374126434326172,
      27.80170249938965,
      25.76460075378418,
      23.251157760620117,
      16.276613235473633,
      12.188512802124023
    ],
    [
      6.717176914215088,
      7.118933200836182,
      6.919892311096191,
      5.042159080505371,
      8.534653663635254,
      7.923669338226318,
      9.658245086669922,
      8.489872932434082,
      10.458793640136719,
      10.945833206176758,
      12.965418815612793,
      15.404194831848145,
      18.544471740722656,
      16.202138900756836,
      20.233827590942383,
      16.276613235473633,
      21.76260757446289,
      16.097023010253906
    ],
    [
      4.181831359863281,
      4.2596330642700195,
      4.023129940032959,
      2.265864133834839,
      5.408840656280518,
      4.819113731384277,
      5.518253326416016,
      5.013308525085449,
      6.575350761413574,
      6.748812198638916,
      8.610276222229004,
      10.231244087219238,
      11.889518737792969,
      11.26016902923584,
      13.932384490966797,
      12.188512802124023,
      16.097023010253906,
      12.886270523071289
    ]
  ],
  "covariance_short": [
    [
      42.84968566894531,
      31.67104721069336,
      26.726795196533203,
      6.987931251525879,
      13.295686721801758,
      12.02841854095459,
      12.649687767028809,
      13.033464431762695,
      9.348725318908691,
      11.94347858428955,
      12.182427406311035,
      12.783827781677246,
      8.877440452575684,
      8.865431785583496,
      7.897994518280029,
      6.206989765167236,
      4.635341644287109,
      2.9577081203460693
    ],
    [
      31.67104721069336,
      54.32661056518555,
      21.42389678955078,
      7.156948566436768,
      11.563838005065918,
      10.840108871459961,
      13.53557300567627,
      12.200440406799316,
      8.834074974060059,
      25.51338005065918,
      25.296306610107422,
      22.388757705688477,
      21.76689338684082,
      16.797616958618164,
      16.403841018676758,
      10.952937126159668,
      8.181498527526855,
      5.021005630493164
    ],
    [
      26.726795196533203,
      21.42389678955078,
      36.290443420410156,
      22.573373794555664,
      22.00272560119629,
      20.2600040435791,
      22.246292114257812,
      21.436077117919922,
      19.74188232421875,
      21.442764282226562,
      17.817441940307617,
      17.94110107421875,
      12.980183601379395,
      12.938865661621094,
      11.172954559326172,
      8.594038009643555,
      6.983579158782959,
      4.529374599456787
    ],
    [
      6.987931251525879,
      7.156948566436768,
      22.573373794555664,
      54.265010833740234,
      30.164518356323242,
      30.892208099365234,
      27.559123992919922,
      23.50933074951172,
      25.54949378967285,
      28.247289657592773,
      19.223386764526367,
      18.4090633392334,
      13.277193069458008,
      12.569687843322754,
      9.270416259765625,
      6.211822032928467,
      4.380810737609863,
      2.2056376934051514
    ],
    [
      13.295686721801758,
      11.563838005065918,
      22.00272560119629,
      30.164518356323242,
      87.19144439697266,
      75.81298065185547,
      59.499732971191406,
      54.92525100708008,
      76.81175231933594,
      77.43355560302734,
      59.129844665527344,
      65.1831283569336,
      31.948667526245117,
      35.420982360839844,
      18.28667640686035,
      15.906803131103516,
      8.695981979370117,
      5.7182207107543945
    ],
    [
      12.02841854095459,
      10.840108871459961,
      20.2600040435791,
      30.892208099365234,
      75.81298065185547,
      93.55270385742188,
      55.660614013671875,
      54.61263656616211,
      73.57591247558594,
      73.63347625732422,
      59.061302185058594,
      64.18738555908203,
      30.473875045776367,
      33.81398391723633,
      16.008150100708008,
      13.773923873901367,
      7.264472007751465,
      4.755767822265625
    ],
    [
      12.649687767028809,
      13.53557300567627,
      22.246292114257812,
      27.559123992919922,
      59.499732971191406,
      55.660614013671875,
      112.8683853149414,
      100.3451156616211,
      98.7856674194336,
      94.91064453125,
      74.08103942871094,
      79.13743591308594,
      44.671077728271484,
      48.01087951660156,
      26.362943649291992,
      23.665935516357422,
      10.140986442565918,
      6.423722267150879
    ],
    [
      13.033464431762695,
      12.200440406799316,
      21.436077117919922,
      23.50933074951172,
      54.92525100708008,
      54.61263656616211,
      100.3451156616211,
      113.2870864868164,
      102.08782196044922,
      97.14672088623047,
      74.46935272216797,
      79.57535552978516,
      44.05592727661133,
      47.75064468383789,
      25.117277145385742,
      22.978153228759766,
      9.253762245178223,
      5.902024269104004
    ],
    [
      9.348725318908691,
      8.834074974060059,
      19.74188232421875,
      25.54949378967285,
      76.81175231933594,
      73.57591247558594,
      98.7856674194336,
      102.08782196044922,
      132.6226806640625,
      118.91104125976562,
      85.50323486328125,
      95.01715087890625,
      48.58564758300781,
      54.040340423583984,
      27.07109260559082,
      25.076492309570312,
      10.903919219970703,
      7.398746013641357
    ],
    [
      11.94347858428955,
      25.51338005065918,
      21.442764282226562,
      28.247289657592773,
      77.43355560302734,
      73.63347625732422,
      94.91064453125,
      97.14672088623047,
      118.91104125976562,
      134.1539306640625,
      95.98629760742188,
      99.8510513305664,
      59.23698806762695,
      58.93696212768555,
      34.808536529541016,
      28.437278747558594,
      14.591854095458984,
      9.445103645324707
    ],
    [
      12.182427406311035,
      25.296306610107422,
      17.817441940307617,
      19.223386764526367,
      59.129844665527344,
      59.061302185058594,
      74.08103942871094,
      74.46935272216797,
      85.50323486328125,
      95.98629760742188,
      91.12983703613281,
      86.69969940185547,
      59.09787368774414,
      55.56787109375,
      37.236595153808594,
      30.347957611083984,
      17.048049926757812,
      11.421045303344727
    ],
    [
      12.783827781677246,
      22.388757705688477,
      17.94110107421875,
      18.4090633392334,
      65.1831283569336,
      64.18738555908203,
      79.13743591308594,
      79.57535552978516,
      95.01715087890625,
      99.8510513305664,
      86.69969940185547,
      93.65496063232422,
      54.312931060791016,
      55.26271438598633,
      32.90217208862305,
      28.575870513916016,
      14.673798561096191,
      10.18198299407959
    ],
    [
      8.877440452575684,
      21.76689338684082,
      12.980183601379395,
      13.277193069458008,
      31.948667526245117,
      30.473875045776367,
      44.671077728271484,
      44.05592727661133,
      48.58564758300781,
      59.23698806762695,
      59.09787368774414,
      54.312931060791016,
      51.09230422973633,
      43.634342193603516,
      36.03730010986328,
      28.191577911376953,
      18.994325637817383,
      12.753159523010254
    ],
    [
      8.865431785583496,
      16.797616958618164,
      12.938865661621094,
      12.569687843322754,
      35.420982360839844,
      33.81398391723633,
      48.01087951660156,
      47.75064468383789,
      54.040340423583984,
      58.93696212768555,
      55.56787109375,
      55.26271438598633,
      43.634342193603516,
      44.926063537597656,
      30.4802303314209,
      26.56430435180664,
      16.24106788635254,
      11.583186149597168
    ],
    [
      7.897994518280029,
      16.403841018676758,
      11.172954559326172,
      9.270416259765625,
      18.28667640686035,
      16.008150100708008,
      26.362943649291992,
      25.117277145385742,
      27.07109260559082,
      34.808536529541016,
      37.236595153808594,
      32.90217208862305,
      36.03730010986328,
      30.4802303314209,
      32.83258056640625,
      25.850528717041016,
      21.170883178710938,
      14.970632553100586
    ],
    [
      6.206989765167236,
      10.952937126159668,
      8.594038009643555,
      6.211822032928467,
      15.906803131103516,
      13.773923873901367,
      23.665935516357422,
      22.978153228759766,
      25.076492309570312,
      28.437278747558594,
      30.347957611083984,
      28.575870513916016,
      28.191577911376953,
      26.56430435180664,
      25.850528717041016,
      23.217853546142578,
      16.9908504486084,
      12.8409423828125
    ],
    [
      4.635341644287109,
      8.181498527526855,
      6.983579158782959,
      4.380810737609863,
      8.695981979370117,
      7.264472007751465,
      10.140986442565918,
      9.253762245178223,
      10.903919219970703,
      14.591854095458984,
      17.048049926757812,
      14.673798561096191,
      18.994325637817383,
      16.24106788635254,
      21.170883178710938,
      16.9908504486084,
      20.80252456665039,
      15.718088150024414
    ],
    [
      2.9577081203460693,
      5.021005630493164,
      4.529374599456787,
      2.2056376934051514,
      5.7182207107543945,
      4.755767822265625,
      6.423722267150879,
      5.902024269104004,
      7.398746013641357,
      9.445103645324707,
      11.421045303344727,
      10.18198299407959,
      12.753159523010254,
      11.583186149597168,
      14.970632553100586,
      12.8409423828125,
      15.718088150024414,
      12.689434051513672
    ]
  ],
  "drr": 7.80418586730957,
  "dynamics": 5.207321643829346,
  "format": 1245190,
  "frames": 11589632,
  "loudness": -21.871305465698242,
  "loudness_range": 15.3650541305542,
  "loudness_range_short": 17.642526626586914,
  "peak": -0.14626789093017578,
  "rms": -21.77207374572754,
  "sample_rate": 44100,
  "sections": 1,
  "seekable": 1,
  "sharpness": 3.3964202404022217,
  "space": -8.237920761108398
}