{
  "bands": [
    {
      "high_freq": 148.1999969482422,
      "loudness": -26.96753692626953,
      "loudness_range": 25.9921875,
      "mid_mean": -23.579198837280273,
      "mid_to_side_loudness": -18.378753662109375,
      "mid_to_side_loudness_range": 30.281787872314453,
      "side_mean": -44.637474060058594
    },
    {
      "high_freq": 392.3793640136719,
      "loudness": -25.626874923706055,
      "loudness_range": 15.509008407592773,
      "low_freq": 148.1999969482422,
      "mid_mean": -23.75595474243164,
      "mid_to_side_loudness": -4.135587692260742,
      "mid_to_side_loudness_range": 15.16684341430664,
      "side_mean": -28.1594181060791
    },
    {
      "high_freq": 794.6976318359375,
      "loudness": -28.33368492126465,
      "loudness_range": 17.183969497680664,
      "low_freq": 392.3793640136719,
      "mid_mean": -26.473703384399414,
      "mid_to_side_loudness": -3.7997608184814453,
      "mid_to_side_loudness_range": 11.21982479095459,
      "side_mean": -30.300661087036133
    },
    {
      "high_freq": 1457.5709228515625,
      "loudness": -34.018516540527344,
      "loudness_range": 26.82248878479004,
      "low_freq": 794.6976318359375,
      "mid_mean": -31.79814338684082,
      "mid_to_side_loudness": -5.7000555992126465,
      "mid_to_side_loudness_range": 11.70050048828125,
      "side_mean": -37.727657318115234
    },
    {
      "high_freq": 2549.74365234375,
      "loudness": -36.67066192626953,
      "loudness_range": 28.79937171936035,
      "low_freq": 1457.5709228515625,
      "mid_mean": -34.004398345947266,
      "mid_to_side_loudness": -7.329288959503174,
      "mid_to_side_loudness_range": 10.96147632598877,
      "side_mean": -41.673255920410156
    },
    {
      "high_freq": 4349.24462890625,
      "loudness": -42.69342803955078,
      "loudness_range": 24.048463821411133,
      "low_freq": 2549.74365234375,
      "mid_mean": -40.023780822753906,
      "mid_to_side_loudness": -8.710672378540039,
      "mid_to_side_loudness_range": 13.683055877685547,
      "side_mean": -49.42642593383789
    },
    {
      "high_freq": 7314.1640625,
      "loudness": -44.8433837890625,
      "loudness_range": 26.903791427612305,
      "low_freq": 4349.24462890625,
      "mid_mean": -41.58877182006836,
      "mid_to_side_loudness": -11.877949714660645,
      "mid_to_side_loudness_range": 14.86204719543457,
      "side_mean": -54.29444122314453
    },
    {
      "high_freq": 12199.2666015625,
      "loudness": -46.211875915527344,
      "loudness_range": 27.23772430419922,
      "low_freq": 7314.1640625,
      "mid_mean": -42.728431701660156,
      "mid_to_side_loudness": -13.965816497802734,
      "mid_to_side_loudness_range": 14.214902877807617,
      "side_mean": -57.274723052978516
    },
    {
      "loudness": -52.667884826660156,
      "loudness_range": 15.122627258300781,
      "low_freq": 12199.2666015625,
      "mid_mean": -49.600013732910156,
      "mid_to_side_loudness": -13.143424034118652,
      "mid_to_side_loudness_range": 11.3970365524292,
      "side_mean": -62.08702087402344
    }
  ],
  "bands_short": [
    {
      "high_freq": 148.1999969482422,
      "loudness": -29.31123924255371,
      "loudness_range": 30.517772674560547,
      "mid_mean": -25.89631462097168,
      "mid_to_side_loudness": -20.15229606628418,
      "mid_to_side_loudness_range": 35.405582427978516,
      "side_mean": -50.119258880615234
    },
    {
      "high_freq": 392.3793640136719,
      "loudness": -25.990478515625,
      "loudness_range": 17.24327278137207,
      "low_freq": 148.1999969482422,
      "mid_mean": -24.14995002746582,
      "mid_to_side_loudness": -4.392727375030518,
      "mid_to_side_loudness_range": 16.943845748901367,
      "side_mean": -28.854522705078125
    },
    {
      "high_freq": 794.6976318359375,
      "loudness": -29.15423011779785,
      "loudness_range": 18.931859970092773,
      "low_freq": 392.3793640136719,
      "mid_mean": -27.448740005493164,
      "mid_to_side_loudness": -3.8096718788146973,
      "mid_to_side_loudness_range": 13.152175903320312,
      "side_mean": -31.2772274017334
    },
    {
      "high_freq": 1457.5709228515625,
      "loudness": -34.30345153808594,
      "loudness_range": 27.87468147277832,
      "low_freq": 794.6976318359375,
      "mid_mean": -32.3471565246582,
      "mid_to_side_loudness": -4.964426517486572,
      "mid_to_side_loudness_range": 13.858786582946777,
      "side_mean": -37.65342712402344
    },
    {
      "high_freq": 2549.74365234375,
      "loudness": -37.94914627075195,
      "loudness_range": 30.822355270385742,
      "low_freq": 1457.5709228515625,
      "mid_mean": -35.628517150878906,
      "mid_to_side_loudness": -7.018630027770996,
      "mid_to_side_loudness_range": 12.755515098571777,
      "side_mean": -42.99485397338867
    },
    {
      "high_freq": 4349.24462890625,
      "loudness": -45.2689094543457,
      "loudness_range": 29.555511474609375,
      "low_freq": 2549.74365234375,
      "mid_mean": -42.74296569824219,
      "mid_to_side_loudness": -7.525754928588867,
      "mid_to_side_loudness_range": 14.388575553894043,
      "side_mean": -51.192745208740234
    },
    {
      "high_freq": 7314.1640625,
      "loudness": -49.08833694458008,
      "loudness_range": 30.440120697021484,
      "low_freq": 4349.24462890625,
      "mid_mean": -46.031795501708984,
      "mid_to_side_loudness": -9.93419361114502,
      "mid_to_side_loudness_range": 14.93928337097168,
      "side_mean": -56.32394790649414
    },
    {
      "high_freq": 12199.2666015625,
      "loudness": -49.60701370239258,
      "loudness_range": 28.136051177978516,
      "low_freq": 7314.1640625,
      "mid_mean": -46.22551727294922,
      "mid_to_side_loudness": -13.020805358886719,
      "mid_to_side_loudness_range": 16.406808853149414,
      "side_mean": -59.34176254272461
    },
    {
      "loudness": -55.020408630371094,
      "loudness_range": 16.318832397460938,
      "low_freq": 12199.2666015625,
      "mid_mean": -51.99058151245117,
      "mid_to_side_loudness": -12.65351676940918,
      "mid_to_side_loudness_range": 13.16312026977539,
      "side_mean": -63.41794967651367
    }
  ],
  "channels": 2,
  "covariance": [
    [
      91.78984832763672,
      32.934226989746094,
      19.836605072021484,
      13.556665420532227,
      20.65243148803711,
      20.353031158447266,
      25.85137939453125,
      23.278934478759766,
      22.500844955444336,
      27.194746017456055,
      27.49427032470703,
      26.183990478515625,
      24.08070182800293,
      21.1009464263916,
      24.719200134277344,
      17.59541893005371,
      11.178696632385254,
      4.247431755065918
    ],
    [
      32.934226989746094,
      68.83572387695312,
      25.19198989868164,
      18.12920379638672,
      26.833894729614258,
      27.610061645507812,
      35.89501953125,
      31.624618530273438,
      34.56426239013672,
      35.06180953979492,
      35.07832717895508,
      40.618003845214844,
      34.22922897338867,
      35.68248748779297,
      36.45889663696289,
      28.188913345336914,
      14.7489595413208,
      7.954382419586182
    ],
    [
      19.836605072021484,
      25.19198989868164,
      42.31741714477539,
      19.09135627746582,
      28.15117835998535,
      21.817232131958008,
      34.50147247314453,
      24.644559860229492,
      35.6909294128418,
      31.207935333251953,
      32.43096160888672,
      35.150543212890625,
      25.47629165649414,
      25.845462799072266,
      27.83339500427246,
      20.476566314697266,
      17.35997200012207,
      6.285102367401123
    ],
    [
      13.556665420532227,
      18.12920379638672,
      19.09135627746582,
      20.687530517578125,
      14.661113739013672,
      15.613024711608887,
      21.54412841796875,
      19.705305099487305,
      21.238224029541016,
      21.786155700683594,
      17.313114166259766,
      22.617733001708984,
      12.488909721374512,
      15.960437774658203,
      12.306781768798828,
      12.078123092651367,
      8.111821174621582,
      4.537328243255615
    ],
    [
      20.65243148803711,
      26.833894729614258,
      28.15117835998535,
      14.661113739013672,
      38.86667251586914,
      29.050060272216797,
      40.40306091308594,
      31.134151458740234,
      40.438228607177734,
      35.73298645019531,
      34.253414154052734,
      34.98455047607422,
      27.98590850830078,
      27.667560577392578,
      30.044818878173828,
      22.77118682861328,
      19.086015701293945,
      6.800776481628418
    ],
    [
      20.353031158447266,
      27.610061645507812,
      21.817232131958008,
      15.613024711608887,
      29.050060272216797,
      34.940757751464844,
      32.16596984863281,
      30.26927375793457,
      30.759180068969727,
      31.940814971923828,
      24.689678192138672,
      32.82041549682617,
      20.180503845214844,
      24.282072067260742,
      19.56853485107422,
      18.94182777404785,
      14.468281745910645,
      7.517116069793701
    ],
    [
      25.85137939453125,
      35.89501953125,
      34.50147247314453,
      21.54412841796875,
      40.40306091308594,
      32.16596984863281,
      88.6147689819336,
      66.22093963623047,
      78.02095031738281,
      68.13632202148438,
      52.043941497802734,
      46.79060363769531,
      36.92703628540039,
      30.9486141204834,
      35.398101806640625,
      25.991897583007812,
      18.722030639648438,
      6.938772201538086
    ],
    [
      23.278934478759766,
      31.624618530273438,
      24.644559860229492,
      19.705305099487305,
      31.134151458740234,
      30.26927375793457,
      66.22093963623047,
      63.50740432739258,
      56.386474609375,
      56.28886795043945,
      35.7446403503418,
      38.745758056640625,
      26.41353988647461,
      25.52890968322754,
      24.044845581054688,
      20.92304229736328,
      11.66759967803955,
      6.323229789733887
    ],
    [
      22.500844955444336,
      34.56426239013672,
      35.6909294128418,
      21.238224029541016,
      40.438228607177734,
      30.759180068969727,
      78.02095031738281,
      56.386474609375,
      97.09307098388672,
      78.0200424194336,
      60.40627670288086,
      50.04787826538086,
      41.64405059814453,
      33.58573913574219,
      37.78999710083008,
      28.378284454345703,
      21.8958740234375,
      8.353577613830566
    ],
    [
      27.194746017456055,
      35.06180953979492,
      31.207935333251953,
      21.786155700683594,
      35.73298645019531,
      31.940814971923828,
      68.13632202148438,
      56.28886795043945,
      78.0200424194336,
      77.55815887451172,
      48.18643569946289,
      47.51714324951172,
      32.571693420410156,
      30.248973846435547,
      28.950883865356445,
      24.63440704345703,
      15.935932159423828,
      8.276844024658203
    ],
    [
      27.49427032470703,
      35.07832717895508,
      32.43096160888672,
      17.313114166259766,
      34.253414154052734,
      24.689678192138672,
      52.043941497802734,
      35.7446403503418,
      60.40627670288086,
      48.18643569946289,
      77.37462615966797,
      54.73171615600586,
      65.17262268066406,
      48.52872085571289,
      59.43968200683594,
      40.189517974853516,
      32.24028778076172,
      13.639808654785156
    ],
    [
      26.183990478515625,
      40.618003845214844,
      35.150543212890625,
      22.617733001708984,
      34.98455047607422,
      32.82041549682617,
      46.79060363769531,
      38.745758056640625,
      50.04787826538086,
      47.51714324951172,
      54.73171615600586,
      62.30247497558594,
      43.264312744140625,
      45.79011917114258,
      41.13943099975586,
      34.09230422973633,
      25.461605072021484,
      11.39695930480957
    ],
    [
      24.08070182800293,
      34.22922897338867,
      25.47629165649414,
      12.488909721374512,
      27.98590850830078,
      20.180503845214844,
      36.92703628540039,
      26.41353988647461,
      41.64405059814453,
      32.571693420410156,
      65.17262268066406,
      43.264312744140625,
      85.3469009399414,
      57.3420524597168,
      76.08687591552734,
      51.87254333496094,
      42.036529541015625,
      19.44482421875
    ],
    [
      21.1009464263916,
      35.68248748779297,
      25.845462799072266,
      15.960437774658203,
      27.667560577392578,
      24.282072067260742,
      30.9486141204834,
      25.52890968322754,
      33.58573913574219,
      30.248973846435547,
      48.52872085571289,
      45.79011917114258,
      57.3420524597168,
      57.82490158081055,
      53.25278854370117,
      46.506099700927734,
      33.830474853515625,
      17.994327545166016
    ],
    [
      24.719200134277344,
      36.45889663696289,
      27.83339500427246,
      12.306781768798828,
      30.044818878173828,
      19.56853485107422,
      35.398101806640625,
      24.044845581054688,
      37.78999710083008,
      28.950883865356445,
      59.43968200683594,
      41.13943099975586,
      76.08687591552734,
      53.25278854370117,
      81.29051208496094,
      51.8651123046875,
      42.62443161010742,
      18.176671981811523
    ],
    [
      17.59541893005371,
      28.188913345336914,
      20.476566314697266,
      12.078123092651367,
      22.77118682861328,
      18.94182777404785,
      25.991897583007812,
      20.92304229736328,
      28.378284454345703,
      24.63440704345703,
      40.189517974853516,
      34.09230422973633,
      51.87254333496094,
      46.506099700927734,
      51.8651123046875,
      44.148529052734375,
      34.56713104248047,
      18.983734130859375
    ],
    [
      11.178696632385254,
      14.7489595413208,
      17.35997200012207,
      8.111821174621582,
      19.086015701293945,
      14.468281745910645,
      18.722030639648438,
      11.66759967803955,
      21.8958740234375,
      15.935932159423828,
      32.24028778076172,
      25.461605072021484,
      42.036529541015625,
      33.830474853515625,
      42.62443161010742,
      34.56713104248047,
      40.74095153808594,
      18.66521453857422
    ],
    [
      4.247431755065918,
      7.954382419586182,
      6.285102367401123,
      4.537328243255615,
      6.800776481628418,
      7.517116069793701,
      6.938772201538086,
      6.323229789733887,
      8.353577613830566,
      8.276844024658203,
      13.639808654785156,
      11.39695930480957,
      19.44482421875,
      17.994327545166016,
      18.176671981811523,
      18.983734130859375,
      18.66521453857422,
      14.534832954406738
    ]
  ],
  "covariance_short": [
    [
      126.9294204711914,
      27.62723159790039,
      20.97353172302246,
      14.078706741333008,
      20.89104461669922,
      20.701791763305664,
      21.446836471557617,
      20.15521240234375,
      20.031064987182617,
      22.893016815185547,
      33.36007308959961,
      27.366897583007812,
      32.10068130493164,
      25.066665649414062,
      33.192020416259766,
      21.876502990722656,
      14.72514820098877,
      4.75797176361084
    ],
    [
      27.62723159790039,
      61.560569763183594,
      24.807857513427734,
      21.122514724731445,
      24.659297943115234,
      25.852933883666992,
      27.622060775756836,
      25.724010467529297,
      28.974342346191406,
      29.119897842407227,
      32.88372039794922,
      46.24814987182617,
      31.795856475830078,
      38.861446380615234,
      31.83270263671875,
      30.757648468017578,
      23.027936935424805,
      10.853055000305176
    ],
    [
      20.97353172302246,
      24.807857513427734,
      49.49837112426758,
      22.565006256103516,
      31.70293426513672,
      24.425451278686523,
      37.920013427734375,
      26.726125717163086,
      40.35572814941406,
      34.793724060058594,
      41.144142150878906,
      39.02756881713867,
      31.90726089477539,
      28.914663314819336,
      33.02259063720703,
      22.291156768798828,
      16.10265350341797,
      4.955546855926514
    ],
    [
      14.078706741333008,
      21.122514724731445,
      22.565006256103516,
      28.846527099609375,
      18.01045036315918,
      19.588102340698242,
      24.200908660888672,
      22.527650833129883,
      24.55722999572754,
      24.590593338012695,
      23.15047264099121,
      26.66469383239746,
      15.730515480041504,
      18.943134307861328,
      14.486725807189941,
      13.40371036529541,
      6.749688625335693,
      3.4869887828826904
    ],
    [
      20.89104461669922,
      24.659297943115234,
      31.70293426513672,
      18.01045036315918,
      47.07443618774414,
      32.5664176940918,
      45.17042922973633,
      35.95743942260742,
      45.878807067871094,
      39.29850387573242,
      42.44327163696289,
      39.351932525634766,
      35.11795425415039,
      30.86294937133789,
      34.599979400634766,
      24.772409439086914,
      18.34549903869629,
      5.151788234710693
    ],
    [
      20.701791763305664,
      25.852933883666992,
      24.425451278686523,
      19.588102340698242,
      32.5664176940918,
      41.397544860839844,
      36.35829162597656,
      35.75694274902344,
      35.17734146118164,
      35.63358688354492,
      30.69518280029297,
      36.31255340576172,
      24.685562133789062,
      26.50676727294922,
      21.627145767211914,
      19.493297576904297,
      12.614936828613281,
      5.823950290679932
    ],
    [
      21.446836471557617,
      27.622060775756836,
      37.920013427734375,
      24.200908660888672,
      45.17042922973633,
      36.35829162597656,
      96.6360092163086,
      69.1891098022461,
      86.99295806884766,
      73.51349639892578,
      63.12098693847656,
      52.513877868652344,
      43.75811004638672,
      35.06928634643555,
      40.18819046020508,
      28.793188095092773,
      19.560741424560547,
      6.09273099899292
    ],
    [
      20.15521240234375,
      25.724010467529297,
      26.726125717163086,
      22.527650833129883,
      35.95743942260742,
      35.75694274902344,
      69.1891098022461,
      70.14421844482422,
      61.947479248046875,
      59.97911834716797,
      44.196990966796875,
      43.523616790771484,
      30.856704711914062,
      28.833484649658203,
      26.115455627441406,
      22.80569839477539,
      11.96823501586914,
      6.229691982269287
    ],
    [
      20.031064987182617,
      28.974342346191406,
      40.35572814941406,
      24.55722999572754,
      45.878807067871094,
      35.17734146118164,
      86.99295806884766,
      61.947479248046875,
      117.49897003173828,
      89.74386596679688,
      79.40113830566406,
      60.99936294555664,
      53.47673034667969,
      41.06818389892578,
      46.390262603759766,
      33.55197525024414,
      24.35848045349121,
      8.215173721313477
    ],
    [
      22.893016815185547,
      29.119897842407227,
      34.793724060058594,
      24.590593338012695,
      39.29850387573242,
      35.63358688354492,
      73.51349639892578,
      59.97911834716797,
      89.74386596679688,
      88.40174865722656,
      61.35476303100586,
      55.889827728271484,
      38.56977081298828,
      34.94488525390625,
      32.216819763183594,
      27.230661392211914,
      16.928709030151367,
      7.946303367614746
    ],
    [
      33.36007308959961,
      32.88372039794922,
      41.144142150878906,
      23.15047264099121,
      42.44327163696289,
      30.69518280029297,
      63.12098693847656,
      44.196990966796875,
      79.40113830566406,
      61.35476303100586,
      102.25157165527344,
      71.66824340820312,
      83.86773681640625,
      61.41979217529297,
      74.40118408203125,
      49.33772659301758,
      36.19800567626953,
      13.165138244628906
    ],
    [
      27.366897583007812,
      46.24814987182617,
      39.02756881713867,
      26.66469383239746,
      39.351932525634766,
      36.31255340576172,
      52.513877868652344,
      43.523616790771484,
      60.99936294555664,
      55.889827728271484,
      71.66824340820312,
      80.79280853271484,
      56.81459426879883,
      59.190834045410156,
      49.615665435791016,
      43.256805419921875,
      34.038516998291016,
      14.095346450805664
    ],
    [
      32.10068130493164,
      31.795856475830078,
      31.90726089477539,
      15.730515480041504,
      35.11795425415039,
      24.685562133789062,
      43.75811004638672,
      30.856704711914062,
      53.47673034667969,
      38.56977081298828,
      83.86773681640625,
      56.81459426879883,
      105.77449035644531,
      70.7853012084961,
      93.76242065429688,
      62.37535858154297,
      47.156856536865234,
      19.297809600830078
    ],
    [
      25.066665649414062,
      38.861446380615234,
      28.914663314819336,
      18.943134307861328,
      30.86294937133789,
      26.50676727294922,
      35.06928634643555,
      28.833484649658203,
      41.06818389892578,
      34.94488525390625,
      61.41979217529297,
      59.190834045410156,
      70.7853012084961,
      66.83321380615234,
      61.811824798583984,
      52.06342315673828,
      38.45167541503906,
      17.8614501953125
    ],
    [
      33.192020416259766,
      31.83270263671875,
      33.02259063720703,
      14.486725807189941,
      34.599979400634766,
      21.627145767211914,
      40.18819046020508,
      26.115455627441406,
      46.390262603759766,
      32.216819763183594,
      74.40118408203125,
      49.615665435791016,
      93.76242065429688,
      61.811824798583984,
      100.71538543701172,
      61.31192398071289,
      48.47606658935547,
      17.928224563598633
    ],
    [
      21.876502990722656,
      30.757648468017578,
      22.291156768798828,
      13.40371036529541,
      24.772409439086914,
      19.493297576904297,
      28.793188095092773,
      22.80569839477539,
      33.55197525024414,
      27.230661392211914,
      49.33772659301758,
      43.256805419921875,
      62.37535858154297,
      52.06342315673828,
      61.31192398071289,
      49.64750671386719,
      38.148902893066406,
      18.765905380249023
    ],
    [
      14.72514820098877,
      23.027936935424805,
      16.10265350341797,
      6.749688625335693,
      18.34549903869629,
      12.614936828613281,
      19.560741424560547,
      11.96823501586914,
      24.35848045349121,
      16.928709030151367,
      36.19800567626953,
      34.038516998291016,
      47.156856536865234,
      38.45167541503906,
      48.47606658935547,
      38.148902893066406,
      45.64079284667969,
      18.70932960510254
    ],
    [
      4.75797176361084,
      10.853055000305176,
      4.955546855926514,
      3.4869887828826904,
      5.151788234710693,
      5.823950290679932,
      6.09273099899292,
      6.229691982269287,
      8.215173721313477,
      7.946303367614746,
      13.165138244628906,
      14.095346450805664,
      19.297809600830078,
      17.8614501953125,
      17.928224563598633,
      18.765905380249023,
      18.70932960510254,
      15.226153373718262
    ]
  ],
  "drr": 13.8466215133667,
  "dynamics": 4.731654167175293,
  "format": 1245190,
  "frames": 11024384,
  "loudness": -15.906716346740723,
  "loudness_range": 14.722153663635254,
  "loudness_range_short": 17.184282302856445,
  "peak": -0.24651648104190826,
  "rms": -16.031171798706055,
  "sample_rate": 44100,
  "sections": 1,
  "seekable": 1,
  "sharpness": 2.7978737354278564,
  "space": -7.954797744750977
}