{
  "bands": [
    {
      "high_freq": 148.1999969482422,
      "loudness": -30.624103546142578,
      "loudness_range": 18.034780502319336,
      "mid_mean": -27.019100189208984,
      "mid_to_side_loudness": -18.72688102722168,
      "mid_to_side_loudness_range": 11.473895072937012,
      "side_mean": -46.040550231933594
    },
    {
      "high_freq": 392.3793640136719,
      "loudness": -33.7024040222168,
      "loudness_range": 16.676483154296875,
      "low_freq": 148.1999969482422,
      "mid_mean": -30.62391471862793,
      "mid_to_side_loudness": -10.13272476196289,
      "mid_to_side_loudness_range": 13.524328231811523,
      "side_mean": -40.89322280883789
    },
    {
      "high_freq": 794.6976318359375,
      "loudness": -32.92686080932617,
      "loudness_range": 22.128843307495117,
      "low_freq": 392.3793640136719,
      "mid_mean": -31.159404754638672,
      "mid_to_side_loudness": -3.424650192260742,
      "mid_to_side_loudness_range": 9.14794635772705,
      "side_mean": -34.41874694824219
    },
    {
      "high_freq": 1457.5709228515625,
      "loudness": -39.03572082519531,
      "loudness_range": 27.95397186279297,
      "low_freq": 794.6976318359375,
      "mid_mean": -37.84427261352539,
      "mid_to_side_loudness": -2.1335344314575195,
      "mid_to_side_loudness_range": 9.216413497924805,
      "side_mean": -40.07113265991211
    },
    {
      "high_freq": 2549.74365234375,
      "loudness": -41.74595642089844,
      "loudness_range": 28.888809204101562,
      "low_freq": 1457.5709228515625,
      "mid_mean": -40.05149459838867,
      "mid_to_side_loudness": -3.9753804206848145,
      "mid_to_side_loudness_range": 9.413431167602539,
      "side_mean": -44.50183868408203
    },
    {
      "high_freq": 4349.24462890625,
      "loudness": -47.27614974975586,
      "loudness_range": 31.713027954101562,
      "low_freq": 2549.74365234375,
      "mid_mean": -45.440818786621094,
      "mid_to_side_loudness": -3.7948739528656006,
      "mid_to_side_loudness_range": 8.216632843017578,
      "side_mean": -50.324378967285156
    },
    {
      "high_freq": 7314.1640625,
      "loudness": -55.33120346069336,
      "loudness_range": 24.639495849609375,
      "low_freq": 4349.24462890625,
      "mid_mean": -54.27658462524414,
      "mid_to_side_loudness": -2.7001521587371826,
      "mid_to_side_loudness_range": 5.372274875640869,
      "side_mean": -56.70408630371094
    },
    {
      "high_freq": 12199.2666015625,
      "loudness": -60.51594924926758,
      "loudness_range": 21.27450942993164,
      "low_freq": 7314.1640625,
      "mid_mean": -58.969200134277344,
      "mid_to_side_loudness": -1.9062926769256592,
      "mid_to_side_loudness_range": 4.034509658813477,
      "side_mean": -60.52978515625
    },
    {
      "loudness": -60.71998596191406,
      "loudness_range": 29.75722885131836,
      "low_freq": 12199.2666015625,
      "mid_mean": -62.366973876953125,
      "mid_to_side_loudness": -2.0834169387817383,
      "mid_to_side_loudness_range": 3.5179383754730225,
      "side_mean": -63.361976623535156
    }
  ],
  "bands_short": [
    {
      "high_freq": 148.1999969482422,
      "loudness": -32.4892692565918,
      "loudness_range": 22.088157653808594,
      "mid_mean": -28.947473526000977,
      "mid_to_side_loudness": -18.57122039794922,
      "mid_to_side_loudness_range": 17.067630767822266,
      "side_mean": -47.98827362060547
    },
    {
      "high_freq": 392.3793640136719,
      "loudness": -33.05886459350586,
      "loudness_range": 17.424591064453125,
      "low_freq": 148.1999969482422,
      "mid_mean": -29.926061630249023,
      "mid_to_side_loudness": -11.051040649414062,
      "mid_to_side_loudness_range": 15.176321029663086,
      "side_mean": -41.15985870361328
    },
    {
      "high_freq": 794.6976318359375,
      "loudness": -33.93510437011719,
      "loudness_range": 23.245397567749023,
      "low_freq": 392.3793640136719,
      "mid_mean": -32.45541000366211,
      "mid_to_side_loudness": -3.171154260635376,
      "mid_to_side_loudness_range": 11.555710792541504,
      "side_mean": -35.323307037353516
    },
    {
      "high_freq": 1457.5709228515625,
      "loudness": -39.312992095947266,
      "loudness_range": 28.78477668762207,
      "low_freq": 794.6976318359375,
      "mid_mean": -38.168601989746094,
      "mid_to_side_loudness": -2.390925645828247,
      "mid_to_side_loudness_range": 10.224327087402344,
      "side_mean": -40.53256607055664
    },
    {
      "high_freq": 2549.74365234375,
      "loudness": -43.12591552734375,
      "loudness_range": 30.566415786743164,
      "low_freq": 1457.5709228515625,
      "mid_mean": -41.7525634765625,
      "mid_to_side_loudness": -3.8174970149993896,
      "mid_to_side_loudness_range": 11.490412712097168,
      "side_mean": -45.9993782043457
    },
    {
      "high_freq": 4349.24462890625,
      "loudness": -49.24321746826172,
      "loudness_range": 33.58283996582031,
      "low_freq": 2549.74365234375,
      "mid_mean": -47.48081970214844,
      "mid_to_side_loudness": -3.4954676628112793,
      "mid_to_side_loudness_range": 9.891623497009277,
      "side_mean": -51.81012725830078
    },
    {
      "high_freq": 7314.1640625,
      "loudness": -57.45131301879883,
      "loudness_range": 26.489849090576172,
      "low_freq": 4349.24462890625,
      "mid_mean": -56.29646301269531,
      "mid_to_side_loudness": -2.1797187328338623,
      "mid_to_side_loudness_range": 7.100614547729492,
      "side_mean": -58.17753601074219
    },
    {
      "high_freq": 12199.2666015625,
      "loudness": -64.0641098022461,
      "loudness_range": 23.97323989868164,
      "low_freq": 7314.1640625,
      "mid_mean": -61.72556686401367,
      "mid_to_side_loudness": -1.529533863067627,
      "mid_to_side_loudness_range": 4.737776756286621,
      "side_mean": -62.78701400756836
    },
    {
      "loudness": -65.40592956542969,
      "loudness_range": 34.59819030761719,
      "low_freq": 12199.2666015625,
      "mid_mean": -66.74149322509766,
      "mid_to_side_loudness": -1.875385046005249,
      "mid_to_side_loudness_range": 3.9027633666992188,
      "side_mean": -67.21984100341797
    }
  ],
  "channels": 2,
  "covariance": [
    [
      40.308692932128906,
      32.3995475769043,
      20.534894943237305,
      11.979312896728516,
      7.924037933349609,
      9.422359466552734,
      9.504047393798828,
      9.756842613220215,
      8.125362396240234,
      8.330867767333984,
      6.565895080566406,
      11.620109558105469,
      4.819609642028809,
      4.572000026702881,
      6.341529369354248,
      6.878546237945557,
      5.51462984085083,
      5.778496742248535
    ],
    [
      32.3995475769043,
      40.92099380493164,
      22.316007614135742,
      13.76339054107666,
      9.867246627807617,
      10.845555305480957,
      10.545948028564453,
      10.36227798461914,
      8.967820167541504,
      9.6869535446167,
      8.712111473083496,
      14.475109100341797,
      7.54117488861084,
      7.145002841949463,
      6.276739597320557,
      6.240592002868652,
      2.9382007122039795,
      3.0306639671325684
    ],
    [
      20.534894943237305,
      22.316007614135742,
      34.16402053833008,
      29.703556060791016,
      15.750181198120117,
      18.55475425720215,
      19.05760383605957,
      20.756452560424805,
      20.023359298706055,
      21.701879501342773,
      19.078508377075195,
      23.948192596435547,
      15.833210945129395,
      14.87053108215332,
      9.415300369262695,
      8.51453685760498,
      6.252712726593018,
      5.900204181671143
    ],
    [
      11.979312896728516,
      13.76339054107666,
      29.703556060791016,
      49.46596908569336,
      21.058448791503906,
      25.032554626464844,
      26.447786331176758,
      27.881370544433594,
      28.30129623413086,
      30.83561134338379,
      28.643016815185547,
      30.432825088500977,
      21.071311950683594,
      20.149072647094727,
      10.756593704223633,
      9.092358589172363,
      5.653732776641846,
      5.159845352172852
    ],
    [
      7.924037933349609,
      9.867246627807617,
      15.750181198120117,
      21.058448791503906,
      60.754146575927734,
      58.288429260253906,
      48.5404167175293,
      48.69612121582031,
      59.11595916748047,
      60.518890380859375,
      60.15272903442383,
      64.26042175292969,
      40.85920715332031,
      37.585777282714844,
      18.20315933227539,
      15.61485767364502,
      5.216119766235352,
      5.073155403137207
    ],
    [
      9.422359466552734,
      10.845555305480957,
      18.55475425720215,
      25.032554626464844,
      58.288429260253906,
      68.82637023925781,
      53.0422477722168,
      52.483619689941406,
      66.51358032226562,
      67.62176513671875,
      65.87377166748047,
      68.98808288574219,
      41.02922821044922,
      38.80188751220703,
      17.153507232666016,
      14.892882347106934,
      4.435715198516846,
      4.373636722564697
    ],
    [
      9.504047393798828,
      10.545948028564453,
      19.05760383605957,
      26.447786331176758,
      48.5404167175293,
      53.0422477722168,
      93.14463806152344,
      83.89727783203125,
      80.5715560913086,
      82.89537048339844,
      81.2740478515625,
      84.08196258544922,
      53.976539611816406,
      51.29274368286133,
      23.446550369262695,
      20.13092041015625,
      6.507561206817627,
      6.37179708480835
    ],
    [
      9.756842613220215,
      10.36227798461914,
      20.756452560424805,
      27.881370544433594,
      48.69612121582031,
      52.483619689941406,
      83.89727783203125,
      90.3073959350586,
      78.75929260253906,
      81.25350952148438,
      82.89602661132812,
      86.1207504272461,
      54.627357482910156,
      51.855899810791016,
      23.3634033203125,
      20.7135066986084,
      7.612334251403809,
      7.309038162231445
    ],
    [
      8.125362396240234,
      8.967820167541504,
      20.023359298706055,
      28.30129623413086,
      59.11595916748047,
      66.51358032226562,
      80.5715560913086,
      78.75929260253906,
      108.36892700195312,
      95.39421844482422,
      96.08712768554688,
      97.95794677734375,
      59.487464904785156,
      56.038108825683594,
      26.164642333984375,
      21.825275421142578,
      7.765310287475586,
      7.5449676513671875
    ],
    [
      8.330867767333984,
      9.6869535446167,
      21.701879501342773,
      30.83561134338379,
      60.518890380859375,
      67.62176513671875,
      82.89537048339844,
      81.25350952148438,
      95.39421844482422,
      101.98539733886719,
      91.93463134765625,
      95.43276977539062,
      58.906715393066406,
      57.061737060546875,
      27.000015258789062,
      22.902362823486328,
      9.693696975708008,
      9.112764358520508
    ],
    [
      6.565895080566406,
      8.712111473083496,
      19.078508377075195,
      28.643016815185547,
      60.15272903442383,
      65.87377166748047,
      81.2740478515625,
      82.89602661132812,
      96.08712768554688,
      91.93463134765625,
      111.84441375732422,
      105.6131362915039,
      69.16028594970703,
      64.81453704833984,
      31.912626266479492,
      26.802791595458984,
      14.828951835632324,
      13.568155288696289
    ],
    [
      11.620109558105469,
      14.475109100341797,
      23.948192596435547,
      30.432825088500977,
      64.26042175292969,
      68.98808288574219,
      84.08196258544922,
      86.1207504272461,
      97.95794677734375,
      95.43276977539062,
      105.6131362915039,
      125.07086181640625,
      81.56387329101562,
      75.20820617675781,
      42.453983306884766,
      36.93875503540039,
      22.18603515625,
      20.120269775390625
    ],
    [
      4.819609642028809,
      7.54117488861084,
      15.833210945129395,
      21.071311950683594,
      40.85920715332031,
      41.02922821044922,
      53.976539611816406,
      54.627357482910156,
      59.487464904785156,
      58.906715393066406,
      69.16028594970703,
      81.56387329101562,
      75.25972747802734,
      67.26664733886719,
      47.81308364868164,
      40.2463264465332,
      33.85530471801758,
      30.23090934753418
    ],
    [
      4.572000026702881,
      7.145002841949463,
      14.87053108215332,
      20.149072647094727,
      37.585777282714844,
      38.80188751220703,
      51.29274368286133,
      51.855899810791016,
      56.038108825683594,
      57.061737060546875,
      64.81453704833984,
      75.20820617675781,
      67.26664733886719,
      62.92958068847656,
      42.56081008911133,
      36.0048942565918,
      29.47418212890625,
      26.455162048339844
    ],
    [
      6.341529369354248,
      6.276739597320557,
      9.415300369262695,
      10.756593704223633,
      18.20315933227539,
      17.153507232666016,
      23.446550369262695,
      23.3634033203125,
      26.164642333984375,
      27.000015258789062,
      31.912626266479492,
      42.453983306884766,
      47.81308364868164,
      42.56081008911133,
      47.83405303955078,
      41.11865997314453,
      49.08918762207031,
      44.29807662963867
    ],
    [
      6.878546237945557,
      6.240592002868652,
      8.51453685760498,
      9.092358589172363,
      15.61485767364502,
      14.892882347106934,
      20.13092041015625,
      20.7135066986084,
      21.825275421142578,
      22.902362823486328,
      26.802791595458984,
      36.93875503540039,
      40.2463264465332,
      36.0048942565918,
      41.11865997314453,
      36.98139953613281,
      42.78911209106445,
      38.9301643371582
    ],
    [
      5.51462984085083,
      2.9382007122039795,
      6.252712726593018,
      5.653732776641846,
      5.216119766235352,
      4.435715198516846,
      6.507561206817627,
      7.612334251403809,
      7.765310287475586,
      9.693696975708008,
      14.828951835632324,
      22.18603515625,
      33.85530471801758,
      29.47418212890625,
      49.08918762207031,
      42.78911209106445,
      75.26766967773438,
      67.84855651855469
    ],
    [
      5.778496742248535,
      3.0306639671325684,
      5.900204181671143,
      5.159845352172852,
      5.073155403137207,
      4.373636722564697,
      6.37179708480835,
      7.309038162231445,
      7.5449676513671875,
      9.112764358520508,
      13.568155288696289,
      20.120269775390625,
      30.23090934753418,
      26.455162048339844,
      44.29807662963867,
      38.9301643371582,
      67.84855651855469,
      61.56887435913086
    ]
  ],
  "covariance_short": [
    [
      59.728675842285156,
      40.58395004272461,
      30.412567138671875,
      15.115111351013184,
      8.326480865478516,
      10.670853614807129,
      11.62865924835205,
      10.002483367919922,
      9.098031044006348,
      9.382688522338867,
      7.748936653137207,
      11.560941696166992,
      6.510312557220459,
      7.110164165496826,
      10.358617782592773,
      11.040962219238281,
      6.19522762298584,
      6.385958194732666
    ],
    [
      40.58395004272461,
      56.095062255859375,
      29.993289947509766,
      18.489702224731445,
      11.538366317749023,
      13.4773588180542,
      12.486116409301758,
      11.623193740844727,
      10.980714797973633,
      11.627832412719727,
      10.932806968688965,
      16.86871337890625,
      10.367722511291504,
      9.96004581451416,
      9.138090133666992,
      9.069429397583008,
      3.7386910915374756,
      3.756268262863159
    ],
    [
      30.412567138671875,
      29.993289947509766,
      39.71364212036133,
      28.974390029907227,
      17.545963287353516,
      19.038915634155273,
      21.007177352905273,
      20.99637794494629,
      19.92047882080078,
      21.612125396728516,
      19.8040714263916,
      23.832414627075195,
      17.688039779663086,
      16.36980438232422,
      13.080531120300293,
      12.611743927001953,
      6.899796009063721,
      6.7712554931640625
    ],
    [
      15.115111351013184,
      18.489702224731445,
      28.974390029907227,
      47.837032318115234,
      22.731435775756836,
      26.90659523010254,
      27.410165786743164,
      28.185970306396484,
      28.404394149780273,
      30.710424423217773,
      28.65038299560547,
      30.423126220703125,
      21.227230072021484,
      20.0213565826416,
      10.95870304107666,
      10.106011390686035,
      3.2462072372436523,
      3.0442278385162354
    ],
    [
      8.326480865478516,
      11.538366317749023,
      17.545963287353516,
      22.731435775756836,
      66.94356536865234,
      61.30702209472656,
      50.051910400390625,
      51.94369125366211,
      62.28226852416992,
      61.91854476928711,
      64.79737854003906,
      68.56982421875,
      45.16718292236328,
      41.02537155151367,
      19.633378982543945,
      17.4561710357666,
      5.161993503570557,
      4.948596954345703
    ],
    [
      10.670853614807129,
      13.4773588180542,
      19.038915634155273,
      26.90659523010254,
      61.30702209472656,
      75.40898895263672,
      54.78285217285156,
      55.85393524169922,
      70.64825439453125,
      69.7919921875,
      71.130126953125,
      73.68292999267578,
      45.137733459472656,
      42.227272033691406,
      18.38259506225586,
      16.571592330932617,
      4.415050029754639,
      4.253993034362793
    ],
    [
      11.62865924835205,
      12.486116409301758,
      21.007177352905273,
      27.410165786743164,
      50.051910400390625,
      54.78285217285156,
      97.93653869628906,
      88.38452911376953,
      84.78237915039062,
      87.40048217773438,
      87.2423095703125,
      85.9732894897461,
      57.27219009399414,
      53.61606216430664,
      27.156742095947266,
      23.79022216796875,
      7.982491970062256,
      7.536128044128418
    ],
    [
      10.002483367919922,
      11.623193740844727,
      20.99637794494629,
      28.185970306396484,
      51.94369125366211,
      55.85393524169922,
      88.38452911376953,
      96.60218811035156,
      85.22425079345703,
      86.56180572509766,
      89.27247619628906,
      88.54901123046875,
      58.63180160522461,
      54.97914505004883,
      25.959598541259766,
      23.24371337890625,
      6.854520797729492,
      6.460711479187012
    ],
    [
      9.098031044006348,
      10.980714797973633,
      19.92047882080078,
      28.404394149780273,
      62.28226852416992,
      70.64825439453125,
      84.78237915039062,
      85.22425079345703,
      119.59183502197266,
      102.16374969482422,
      106.00023651123047,
      105.26809692382812,
      67.66358184814453,
      63.425819396972656,
      30.85379409790039,
      26.564626693725586,
      10.453015327453613,
      9.758042335510254
    ],
    [
      9.382688522338867,
      11.627832412719727,
      21.612125396728516,
      30.710424423217773,
      61.91854476928711,
      69.7919921875,
      87.40048217773438,
      86.56180572509766,
      102.16374969482422,
      109.07151794433594,
      99.93152618408203,
      99.78489685058594,
      64.04598999023438,
      61.26332473754883,
      29.961925506591797,
      26.12057876586914,
      9.912113189697266,
      9.203731536865234
    ],
    [
      7.748936653137207,
      10.932806968688965,
      19.8040714263916,
      28.65038299560547,
      64.79737854003906,
      71.130126953125,
      87.2423095703125,
      89.27247619628906,
      106.00023651123047,
      99.93152618408203,
      121.5224380493164,
      112.84587860107422,
      77.4151840209961,
      72.20698547363281,
      36.692264556884766,
      31.740760803222656,
      16.023418426513672,
      14.628084182739258
    ],
    [
      11.560941696166992,
      16.86871337890625,
      23.832414627075195,
      30.423126220703125,
      68.56982421875,
      73.68292999267578,
      85.9732894897461,
      88.54901123046875,
      105.26809692382812,
      99.78489685058594,
      112.84587860107422,
      127.95600891113281,
      84.38191223144531,
      78.01622009277344,
      41.34966278076172,
      36.64741516113281,
      17.026365280151367,
      15.552521705627441
    ],
    [
      6.510312557220459,
      10.367722511291504,
      17.688039779663086,
      21.227230072021484,
      45.16718292236328,
      45.137733459472656,
      57.27219009399414,
      58.63180160522461,
      67.66358184814453,
      64.04598999023438,
      77.4151840209961,
      84.38191223144531,
      78.5915756225586,
      68.86007690429688,
      47.036109924316406,
      40.778228759765625,
      25.704601287841797,
      23.185956954956055
    ],
    [
      7.110164165496826,
      9.96004581451416,
      16.36980438232422,
      20.0213565826416,
      41.02537155151367,
      42.227272033691406,
      53.61606216430664,
      54.97914505004883,
      63.425819396972656,
      61.26332473754883,
      72.20698547363281,
      78.01622009277344,
      68.86007690429688,
      65.16131591796875,
      41.9473876953125,
      36.938087463378906,
      22.523218154907227,
      20.626359939575195
    ],
    [
      10.358617782592773,
      9.138090133666992,
      13.080531120300293,
      10.95870304107666,
      19.633378982543945,
      18.38259506225586,
      27.156742095947266,
      25.959598541259766,
      30.85379409790039,
      29.961925506591797,
      36.692264556884766,
      41.34966278076172,
      47.036109924316406,
      41.9473876953125,
      45.57126235961914,
      40.23752975463867,
      33.959938049316406,
      31.14908218383789
    ],
    [
      11.040962219238281,
      9.069429397583008,
      12.611743927001953,
      10.106011390686035,
      17.4561710357666,
      16.571592330932617,
      23.79022216796875,
      23.24371337890625,
      26.564626693725586,
      26.12057876586914,
      31.740760803222656,
      36.64741516113281,
      40.778228759765625,
      36.938087463378906,
      40.23752975463867,
      37.6325569152832,
      30.558319091796875,
      28.415266036987305
    ],
    [
      6.19522762298584,
      3.7386910915374756,
      6.899796009063721,
      3.2462072372436523,
      5.161993503570557,
      4.415050029754639,
      7.982491970062256,
      6.854520797729492,
      10.453015327453613,
      9.912113189697266,
      16.023418426513672,
      17.026365280151367,
      25.704601287841797,
      22.523218154907227,
      33.959938049316406,
      30.558319091796875,
      44.45145797729492,
      40.91598892211914
    ],
    [
      6.385958194732666,
      3.756268262863159,
      6.7712554931640625,
      3.0442278385162354,
      4.948596954345703,
      4.253993034362793,
      7.536128044128418,
      6.460711479187012,
      9.758042335510254,
      9.203731536865234,
      14.628084182739258,
      15.552521705627441,
      23.185956954956055,
      20.626359939575195,
      31.14908218383789,
      28.415266036987305,
      40.91598892211914,
      38.12054443359375
    ]
  ],
  "drr": 7.542951583862305,
  "dynamics": 4.7684149742126465,
  "format": 1245190,
  "frames": 11577344,
  "loudness": -20.980403900146484,
  "loudness_range": 13.757518768310547,
  "loudness_range_short": 16.44515609741211,
  "peak": -1.540810227394104,
  "rms": -21.183687210083008,
  "sample_rate": 44100,
  "sections": 1,
  "seekable": 1,
  "sharpness": 3.1893746852874756,
  "space": -7.98734188079834
}