{
  "bands": [
    {
      "high_freq": 148.1999969482422,
      "loudness": -33.39037322998047,
      "loudness_range": 24.406187057495117,
      "mid_mean": -30.286537170410156,
      "mid_to_side_loudness": -15.17716121673584,
      "mid_to_side_loudness_range": 17.7896728515625,
      "side_mean": -45.96031188964844
    },
    {
      "high_freq": 392.3793640136719,
      "loudness": -23.828065872192383,
      "loudness_range": 16.103145599365234,
      "low_freq": 148.1999969482422,
      "mid_mean": -20.609132766723633,
      "mid_to_side_loudness": -12.234077453613281,
      "mid_to_side_loudness_range": 16.45193099975586,
      "side_mean": -32.945045471191406
    },
    {
      "high_freq": 794.6976318359375,
      "loudness": -30.90560531616211,
      "loudness_range": 18.506608963012695,
      "low_freq": 392.3793640136719,
      "mid_mean": -27.580760955810547,
      "mid_to_side_loudness": -13.152703285217285,
      "mid_to_side_loudness_range": 16.824542999267578,
      "side_mean": -40.819541931152344
    },
    {
      "high_freq": 1457.5709228515625,
      "loudness": -34.29441833496094,
      "loudness_range": 19.563472747802734,
      "low_freq": 794.6976318359375,
      "mid_mean": -30.941543579101562,
      "mid_to_side_loudness": -12.747191429138184,
      "mid_to_side_loudness_range": 13.35634708404541,
      "side_mean": -43.87098693847656
    },
    {
      "high_freq": 2549.74365234375,
      "loudness": -39.16297912597656,
      "loudness_range": 21.683183670043945,
      "low_freq": 1457.5709228515625,
      "mid_mean": -35.82181167602539,
      "mid_to_side_loudness": -12.69305419921875,
      "mid_to_side_loudness_range": 14.233181953430176,
      "side_mean": -48.64855194091797
    },
    {
      "high_freq": 4349.24462890625,
      "loudness": -42.18659973144531,
      "loudness_range": 20.88334083557129,
      "low_freq": 2549.74365234375,
      "mid_mean": -38.83399200439453,
      "mid_to_side_loudness": -13.7499418258667,
      "mid_to_side_loudness_range": 15.10783576965332,
      "side_mean": -53.2043342590332
    },
    {
      "high_freq": 7314.1640625,
      "loudness": -50.886878967285156,
      "loudness_range": 29.523544311523438,
      "low_freq": 4349.24462890625,
      "mid_mean": -47.74406814575195,
      "mid_to_side_loudness": -13.119318008422852,
      "mid_to_side_loudness_range": 17.027708053588867,
      "side_mean": -60.24164962768555
    },
    {
      "high_freq": 12199.2666015625,
      "loudness": -51.280147552490234,
      "loudness_range": 33.4267463684082,
      "low_freq": 7314.1640625,
      "mid_mean": -50.46714782714844,
      "mid_to_side_loudness": -12.990791320800781,
      "mid_to_side_loudness_range": 16.405202865600586,
      "side_mean": -61.4103889465332
    },
    {
      "loudness": -58.80968475341797,
      "loudness_range": 25.757644653320312,
      "low_freq": 12199.2666015625,
      "mid_mean": -55.385536193847656,
      "mid_to_side_loudness": -11.1237154006958,
      "mid_to_side_loudness_range": 13.173391342163086,
      "side_mean": -64.32259368896484
    }
  ],
  "bands_short": [
    {
      "high_freq": 148.1999969482422,
      "loudness": -39.417152404785156,
      "loudness_range": 34.45027542114258,
      "mid_mean": -36.54807662963867,
      "mid_to_side_loudness": -14.821864128112793,
      "mid_to_side_loudness_range": 19.826679229736328,
      "side_mean": -52.09597396850586
    },
    {
      "high_freq": 392.3793640136719,
      "loudness": -24.37174415588379,
      "loudness_range": 16.858638763427734,
      "low_freq": 148.1999969482422,
      "mid_mean": -21.186025619506836,
      "mid_to_side_loudness": -12.535539627075195,
      "mid_to_side_loudness_range": 18.108509063720703,
      "side_mean": -33.91999435424805
    },
    {
      "high_freq": 794.6976318359375,
      "loudness": -32.004913330078125,
      "loudness_range": 21.951580047607422,
      "low_freq": 392.3793640136719,
      "mid_mean": -28.80323600769043,
      "mid_to_side_loudness": -12.585859298706055,
      "mid_to_side_loudness_range": 18.102462768554688,
      "side_mean": -41.52191925048828
    },
    {
      "high_freq": 1457.5709228515625,
      "loudness": -34.69268798828125,
      "loudness_range": 23.826608657836914,
      "low_freq": 794.6976318359375,
      "mid_mean": -31.405256271362305,
      "mid_to_side_loudness": -12.480265617370605,
      "mid_to_side_loudness_range": 14.752493858337402,
      "side_mean": -44.258365631103516
    },
    {
      "high_freq": 2549.74365234375,
      "loudness": -40.85375213623047,
      "loudness_range": 24.645584106445312,
      "low_freq": 1457.5709228515625,
      "mid_mean": -37.63767623901367,
      "mid_to_side_loudness": -11.992124557495117,
      "mid_to_side_loudness_range": 15.022294998168945,
      "side_mean": -50.44834899902344
    },
    {
      "high_freq": 4349.24462890625,
      "loudness": -43.902801513671875,
      "loudness_range": 24.668487548828125,
      "low_freq": 2549.74365234375,
      "mid_mean": -40.66941452026367,
      "mid_to_side_loudness": -13.025100708007812,
      "mid_to_side_loudness_range": 16.366374969482422,
      "side_mean": -54.31719970703125
    },
    {
      "high_freq": 7314.1640625,
      "loudness": -52.9848747253418,
      "loudness_range": 29.19622039794922,
      "low_freq": 4349.24462890625,
      "mid_mean": -50.746826171875,
      "mid_to_side_loudness": -11.9630126953125,
      "mid_to_side_loudness_range": 17.627262115478516,
      "side_mean": -61.0123291015625
    },
    {
      "high_freq": 12199.2666015625,
      "loudness": -54.17071533203125,
      "loudness_range": 35.86206817626953,
      "low_freq": 7314.1640625,
      "mid_mean": -52.36026382446289,
      "mid_to_side_loudness": -12.33679485321045,
      "mid_to_side_loudness_range": 16.40117645263672,
      "side_mean": -62.32822036743164
    },
    {
      "loudness": -59.98246383666992,
      "loudness_range": 23.715843200683594,
      "low_freq": 12199.2666015625,
      "mid_mean": -56.476531982421875,
      "mid_to_side_loudness": -10.691580772399902,
      "mid_to_side_loudness_range": 13.11723804473877,
      "side_mean": -64.77304077148438
    }
  ],
  "channels": 2,
  "covariance": [
    [
      77.48739624023438,
      68.20860290527344,
      9.095440864562988,
      23.73033332824707,
      7.711134910583496,
      18.62923812866211,
      1.7073674201965332,
      8.61294174194336,
      -2.2954742908477783,
      4.579705238342285,
      -6.37077522277832,
      4.636617660522461,
      -6.248628616333008,
      8.106605529785156,
      -5.528219223022461,
      2.651536226272583,
      -2.883660078048706,
      3.682793378829956
    ],
    [
      68.20860290527344,
      101.7884521484375,
      18.677154541015625,
      47.4903450012207,
      15.603358268737793,
      39.79064178466797,
      12.045255661010742,
      28.53845977783203,
      7.264829158782959,
      24.347566604614258,
      -2.565385580062866,
      19.638866424560547,
      -4.8587164878845215,
      21.724613189697266,
      -9.346385955810547,
      9.162775039672852,
      -4.4441423416137695,
      7.326934337615967
    ],
    [
      9.095440864562988,
      18.677154541015625,
      29.516332626342773,
      31.829442977905273,
      22.54659652709961,
      22.14441680908203,
      17.450393676757812,
      16.911561965942383,
      18.18895721435547,
      17.654117584228516,
      15.230609893798828,
      15.59764575958252,
      21.58043670654297,
      17.98713493347168,
      34.58969497680664,
      21.57329559326172,
      22.61690902709961,
      12.550470352172852
    ],
    [
      23.73033332824707,
      47.4903450012207,
      31.829442977905273,
      65.74486541748047,
      21.386991500854492,
      43.0943717956543,
      21.468711853027344,
      33.543670654296875,
      20.03614616394043,
      34.01653289794922,
      12.5393705368042,
      27.97144889831543,
      12.335643768310547,
      27.095598220825195,
      12.93028450012207,
      20.008241653442383,
      8.86926555633545,
      12.127997398376465
    ],
    [
      7.711134910583496,
      15.603358268737793,
      22.54659652709961,
      21.386991500854492,
      40.07121658325195,
      27.646394729614258,
      30.025657653808594,
      21.060161590576172,
      32.042755126953125,
      23.200950622558594,
      26.583595275878906,
      20.70469856262207,
      30.837791442871094,
      20.786436080932617,
      42.184898376464844,
      26.59699821472168,
      29.25574493408203,
      15.324193000793457
    ],
    [
      18.62923812866211,
      39.79064178466797,
      22.14441680908203,
      43.0943717956543,
      27.646394729614258,
      44.73392105102539,
      24.792116165161133,
      32.827667236328125,
      23.1866455078125,
      33.131160736083984,
      13.253437042236328,
      25.72831916809082,
      10.218138694763184,
      22.74100112915039,
      7.345556259155273,
      14.35215950012207,
      6.07538366317749,
      9.035857200622559
    ],
    [
      1.7073674201965332,
      12.045255661010742,
      17.450393676757812,
      21.468711853027344,
      30.025657653808594,
      24.792116165161133,
      46.4430046081543,
      36.0958251953125,
      39.9409294128418,
      33.71820068359375,
      30.920059204101562,
      28.552814483642578,
      24.157155990600586,
      19.596818923950195,
      24.745561599731445,
      17.324039459228516,
      18.12331199645996,
      9.910215377807617
    ],
    [
      8.61294174194336,
      28.53845977783203,
      16.911561965942383,
      33.543670654296875,
      21.060161590576172,
      32.827667236328125,
      36.0958251953125,
      43.68879318237305,
      29.973915100097656,
      39.02561950683594,
      18.99341583251953,
      30.761547088623047,
      10.353326797485352,
      21.177152633666992,
      2.067014694213867,
      9.065099716186523,
      2.6660115718841553,
      5.444459438323975
    ],
    [
      -2.2954742908477783,
      7.264829158782959,
      18.18895721435547,
      20.03614616394043,
      32.042755126953125,
      23.1866455078125,
      39.9409294128418,
      29.973915100097656,
      52.47125244140625,
      38.04106140136719,
      42.41637420654297,
      33.788909912109375,
      39.71267318725586,
      26.89754295349121,
      40.302162170410156,
      27.459768295288086,
      28.366497039794922,
      15.568008422851562
    ],
    [
      4.579705238342285,
      24.347566604614258,
      17.654117584228516,
      34.01653289794922,
      23.200950622558594,
      33.131160736083984,
      33.71820068359375,
      39.02561950683594,
      38.04106140136719,
      45.35903549194336,
      25.670743942260742,
      35.879188537597656,
      18.546844482421875,
      25.988006591796875,
      10.692496299743652,
      15.70975399017334,
      8.152301788330078,
      9.041282653808594
    ],
    [
      -6.37077522277832,
      -2.565385580062866,
      15.230609893798828,
      12.5393705368042,
      26.583595275878906,
      13.253437042236328,
      30.920059204101562,
      18.99341583251953,
      42.41637420654297,
      25.670743942260742,
      50.937618255615234,
      32.377479553222656,
      49.00617980957031,
      27.87192153930664,
      52.16958236694336,
      32.43003845214844,
      36.45844268798828,
      18.39080047607422
    ],
    [
      4.636617660522461,
      19.638866424560547,
      15.59764575958252,
      27.97144889831543,
      20.70469856262207,
      25.72831916809082,
      28.552814483642578,
      30.761547088623047,
      33.788909912109375,
      35.879188537597656,
      32.377479553222656,
      44.91626739501953,
      25.189064025878906,
      30.600732803344727,
      28.975902557373047,
      23.955554962158203,
      21.116619110107422,
      14.053664207458496
    ],
    [
      -6.248628616333008,
      -4.8587164878845215,
      21.58043670654297,
      12.335643768310547,
      30.837791442871094,
      10.218138694763184,
      24.157155990600586,
      10.353326797485352,
      39.71267318725586,
      18.546844482421875,
      49.00617980957031,
      25.189064025878906,
      91.69619750976562,
      49.44229507446289,
      100.42800903320312,
      58.20369338989258,
      68.31315612792969,
      33.225982666015625
    ],
    [
      8.106605529785156,
      21.724613189697266,
      17.98713493347168,
      27.095598220825195,
      20.786436080932617,
      22.74100112915039,
      19.596818923950195,
      21.177152633666992,
      26.89754295349121,
      25.988006591796875,
      27.87192153930664,
      30.600732803344727,
      49.44229507446289,
      43.58313751220703,
      52.15336227416992,
      38.50400161743164,
      36.58320236206055,
      22.634809494018555
    ],
    [
      -5.528219223022461,
      -9.346385955810547,
      34.58969497680664,
      12.93028450012207,
      42.184898376464844,
      7.345556259155273,
      24.745561599731445,
      2.067014694213867,
      40.302162170410156,
      10.692496299743652,
      52.16958236694336,
      28.975902557373047,
      100.42800903320312,
      52.15336227416992,
      154.62693786621094,
      81.38876342773438,
      103.65699768066406,
      46.796810150146484
    ],
    [
      2.651536226272583,
      9.162775039672852,
      21.57329559326172,
      20.008241653442383,
      26.59699821472168,
      14.35215950012207,
      17.324039459228516,
      9.065099716186523,
      27.459768295288086,
      15.70975399017334,
      32.43003845214844,
      23.955554962158203,
      58.20369338989258,
      38.50400161743164,
      81.38876342773438,
      53.448646545410156,
      55.84223937988281,
      30.505775451660156
    ],
    [
      -2.883660078048706,
      -4.4441423416137695,
      22.61690902709961,
      8.86926555633545,
      29.25574493408203,
      6.07538366317749,
      18.12331199645996,
      2.6660115718841553,
      28.366497039794922,
      8.152301788330078,
      36.45844268798828,
      21.116619110107422,
      68.31315612792969,
      36.58320236206055,
      103.65699768066406,
      55.84223937988281,
      75.4765853881836,
      35.4195556640625
    ],
    [
      3.682793378829956,
      7.326934337615967,
      12.550470352172852,
      12.127997398376465,
      15.324193000793457,
      9.035857200622559,
      9.910215377807617,
      5.444459438323975,
      15.568008422851562,
      9.041282653808594,
      18.39080047607422,
      14.053664207458496,
      33.225982666015625,
      22.634809494018555,
      46.796810150146484,
      30.505775451660156,
      35.4195556640625,
      21.096168518066406
    ]
  ],
  "covariance_short": [
    [
      145.62478637695312,
      120.08618927001953,
      20.423606872558594,
      41.357200622558594,
      19.146703720092773,
      31.60964012145996,
      14.601598739624023,
      23.25632095336914,
      5.93373966217041,
      14.83719539642334,
      -2.180999517440796,
      12.795747756958008,
      3.6773128509521484,
      15.203783988952637,
      3.02018404006958,
      7.7249908447265625,
      4.445761680603027,
      7.930819988250732
    ],
    [
      120.08618927001953,
      148.04208374023438,
      26.783639907836914,
      58.73994445800781,
      23.241296768188477,
      46.73039245605469,
      22.76801109313965,
      40.4664421081543,
      13.384897232055664,
      39.52758026123047,
      -0.07056156545877457,
      31.220104217529297,
      13.167313575744629,
      27.96283531188965,
      6.003452777862549,
      13.953951835632324,
      6.389573097229004,
      11.02983283996582
    ],
    [
      20.423606872558594,
      26.783639907836914,
      34.391822814941406,
      33.423423767089844,
      29.196517944335938,
      26.662328720092773,
      22.414875030517578,
      21.13509750366211,
      20.47285270690918,
      20.099746704101562,
      15.429506301879883,
      16.743154525756836,
      21.431961059570312,
      15.528748512268066,
      31.50956916809082,
      18.385887145996094,
      19.11919403076172,
      10.195455551147461
    ],
    [
      41.357200622558594,
      58.73994445800781,
      33.423423767089844,
      70.67829132080078,
      27.512001037597656,
      46.81429672241211,
      28.54399871826172,
      40.70730209350586,
      24.0931339263916,
      38.20465850830078,
      14.579092025756836,
      30.91352081298828,
      16.994590759277344,
      27.195022583007812,
      15.115477561950684,
      20.43096923828125,
      9.834723472595215,
      12.25727653503418
    ],
    [
      19.146703720092773,
      23.241296768188477,
      29.196517944335938,
      27.512001037597656,
      57.360618591308594,
      37.97489547729492,
      40.84834289550781,
      29.586612701416016,
      39.282447814941406,
      29.498674392700195,
      31.43557357788086,
      25.348814010620117,
      34.8579216003418,
      21.181928634643555,
      46.40373992919922,
      27.6290340423584,
      29.047609329223633,
      14.328606605529785
    ],
    [
      31.60964012145996,
      46.73039245605469,
      26.662328720092773,
      46.81429672241211,
      37.97489547729492,
      55.221981048583984,
      33.854942321777344,
      40.79032897949219,
      29.987056732177734,
      38.466182708740234,
      18.27897071838379,
      30.03483009338379,
      18.542207717895508,
      25.462547302246094,
      14.516518592834473,
      17.659664154052734,
      9.585916519165039,
      10.177371978759766
    ],
    [
      14.601598739624023,
      22.76801109313965,
      22.414875030517578,
      28.54399871826172,
      40.84834289550781,
      33.854942321777344,
      69.34178924560547,
      53.324951171875,
      55.066078186035156,
      47.40309143066406,
      43.21445846557617,
      39.92386245727539,
      36.24836349487305,
      25.673458099365234,
      30.477840423583984,
      20.736547470092773,
      20.1126766204834,
      11.0361909866333
    ],
    [
      23.25632095336914,
      40.4664421081543,
      21.13509750366211,
      40.70730209350586,
      29.586612701416016,
      40.79032897949219,
      53.324951171875,
      63.44534683227539,
      43.53887176513672,
      52.58740234375,
      29.301267623901367,
      41.563682556152344,
      24.56296730041504,
      28.363054275512695,
      9.303513526916504,
      13.40941333770752,
      6.475429534912109,
      7.677491188049316
    ],
    [
      5.93373966217041,
      13.384897232055664,
      20.47285270690918,
      24.0931339263916,
      39.282447814941406,
      29.987056732177734,
      55.066078186035156,
      43.53887176513672,
      70.5562515258789,
      51.321861267089844,
      55.30451202392578,
      44.7984619140625,
      51.977474212646484,
      33.099674224853516,
      44.908790588378906,
      29.860740661621094,
      29.374101638793945,
      15.850602149963379
    ],
    [
      14.83719539642334,
      39.52758026123047,
      20.099746704101562,
      38.20465850830078,
      29.498674392700195,
      38.466182708740234,
      47.40309143066406,
      52.58740234375,
      51.321861267089844,
      69.03341674804688,
      35.43842315673828,
      53.631980895996094,
      42.3615837097168,
      36.57981491088867,
      26.73232650756836,
      22.949983596801758,
      18.506563186645508,
      13.050076484680176
    ],
    [
      -2.180999517440796,
      -0.07056156545877457,
      15.429506301879883,
      14.579092025756836,
      31.43557357788086,
      18.27897071838379,
      43.21445846557617,
      29.301267623901367,
      55.30451202392578,
      35.43842315673828,
      68.51409149169922,
      43.626468658447266,
      61.69337463378906,
      33.42937088012695,
      57.38862228393555,
      35.12670135498047,
      37.77464294433594,
      18.967201232910156
    ],
    [
      12.795747756958008,
      31.220104217529297,
      16.743154525756836,
      30.91352081298828,
      25.348814010620117,
      30.03483009338379,
      39.92386245727539,
      41.563682556152344,
      44.7984619140625,
      53.631980895996094,
      43.626468658447266,
      54.737388610839844,
      46.66269302368164,
      36.02925109863281,
      33.888641357421875,
      26.973461151123047,
      23.06172752380371,
      15.060980796813965
    ],
    [
      3.6773128509521484,
      13.167313575744629,
      21.431961059570312,
      16.994590759277344,
      34.8579216003418,
      18.542207717895508,
      36.24836349487305,
      24.56296730041504,
      51.977474212646484,
      42.3615837097168,
      61.69337463378906,
      46.66269302368164,
      108.67560577392578,
      57.668582916259766,
      106.52937316894531,
      60.04256057739258,
      70.71609497070312,
      34.238773345947266
    ],
    [
      15.203783988952637,
      27.96283531188965,
      15.528748512268066,
      27.195022583007812,
      21.181928634643555,
      25.462547302246094,
      25.673458099365234,
      28.363054275512695,
      33.099674224853516,
      36.57981491088867,
      33.42937088012695,
      36.02925109863281,
      57.668582916259766,
      45.8293571472168,
      48.9943733215332,
      36.83146667480469,
      33.184364318847656,
      21.120325088500977
    ],
    [
      3.02018404006958,
      6.003452777862549,
      31.50956916809082,
      15.115477561950684,
      46.40373992919922,
      14.516518592834473,
      30.477840423583984,
      9.303513526916504,
      44.908790588378906,
      26.73232650756836,
      57.38862228393555,
      33.888641357421875,
      106.52937316894531,
      48.9943733215332,
      146.9569549560547,
      77.23419189453125,
      94.87435913085938,
      43.417049407958984
    ],
    [
      7.7249908447265625,
      13.953951835632324,
      18.385887145996094,
      20.43096923828125,
      27.6290340423584,
      17.659664154052734,
      20.736547470092773,
      13.40941333770752,
      29.860740661621094,
      22.949983596801758,
      35.12670135498047,
      26.973461151123047,
      60.04256057739258,
      36.83146667480469,
      77.23419189453125,
      51.19003677368164,
      50.90904998779297,
      28.279521942138672
    ],
    [
      4.445761680603027,
      6.389573097229004,
      19.11919403076172,
      9.834723472595215,
      29.047609329223633,
      9.585916519165039,
      20.1126766204834,
      6.475429534912109,
      29.374101638793945,
      18.506563186645508,
      37.77464294433594,
      23.06172752380371,
      70.71609497070312,
      33.184364318847656,
      94.87435913085938,
      50.90904998779297,
      68.39781188964844,
      32.51089096069336
    ],
    [
      7.930819988250732,
      11.02983283996582,
      10.195455551147461,
      12.25727653503418,
      14.328606605529785,
      10.177371978759766,
      11.0361909866333,
      7.677491188049316,
      15.850602149963379,
      13.050076484680176,
      18.967201232910156,
      15.060980796813965,
      34.238773345947266,
      21.120325088500977,
      43.417049407958984,
      28.279521942138672,
      32.51089096069336,
      20.112516403198242
    ]
  ],
  "drr": 14.180892944335938,
  "dynamics": 4.481287479400635,
  "format": 1245190,
  "frames": 8867840,
  "loudness": -17.19922637939453,
  "loudness_range": 13.17055606842041,
  "loudness_range_short": 15.637788772583008,
  "peak": -0.12062991410493851,
  "rms": -18.00019645690918,
  "sample_rate": 44100,
  "sections": 1,
  "seekable": 1,
  "sharpness": 3.0550551414489746,
  "space": -13.237239837646484
}