{
  "bands": [
    {
      "high_freq": 148.1999969482422,
      "loudness": -21.978612899780273,
      "loudness_range": 14.903122901916504,
      "mid_mean": -18.856128692626953,
      "mid_to_side_loudness": -12.247989654541016,
      "mid_to_side_loudness_range": 19.560712814331055,
      "side_mean": -32.02265167236328
    },
    {
      "high_freq": 392.3793640136719,
      "loudness": -21.902494430541992,
      "loudness_range": 9.154632568359375,
      "low_freq": 148.1999969482422,
      "mid_mean": -19.2663516998291,
      "mid_to_side_loudness": -6.943180561065674,
      "mid_to_side_loudness_range": 11.516539573669434,
      "side_mean": -26.1274356842041
    },
    {
      "high_freq": 794.6976318359375,
      "loudness": -20.598777770996094,
      "loudness_range": 12.516592979431152,
      "low_freq": 392.3793640136719,
      "mid_mean": -18.004308700561523,
      "mid_to_side_loudness": -7.476278305053711,
      "mid_to_side_loudness_range": 15.708218574523926,
      "side_mean": -25.561687469482422
    },
    {
      "high_freq": 1457.5709228515625,
      "loudness": -22.812969207763672,
      "loudness_range": 14.20201587677002,
      "low_freq": 794.6976318359375,
      "mid_mean": -20.322004318237305,
      "mid_to_side_loudness": -6.395069599151611,
      "mid_to_side_loudness_range": 12.932849884033203,
      "side_mean": -26.684310913085938
    },
    {
      "high_freq": 2549.74365234375,
      "loudness": -22.470277786254883,
      "loudness_range": 10.71702766418457,
      "low_freq": 1457.5709228515625,
      "mid_mean": -20.022592544555664,
      "mid_to_side_loudness": -6.607397556304932,
      "mid_to_side_loudness_range": 14.941808700561523,
      "side_mean": -26.726280212402344
    },
    {
      "high_freq": 4349.24462890625,
      "loudness": -21.832378387451172,
      "loudness_range": 9.425729751586914,
      "low_freq": 2549.74365234375,
      "mid_mean": -19.183441162109375,
      "mid_to_side_loudness": -7.1139235496521,
      "mid_to_side_loudness_range": 12.32874584197998,
      "side_mean": -26.380996704101562
    },
    {
      "high_freq": 7314.1640625,
      "loudness": -25.65094566345215,
      "loudness_range": 8.637231826782227,
      "low_freq": 4349.24462890625,
      "mid_mean": -22.806772232055664,
      "mid_to_side_loudness": -7.810563564300537,
      "mid_to_side_loudness_range": 10.807777404785156,
      "side_mean": -30.668941497802734
    },
    {
      "high_freq": 12199.2666015625,
      "loudness": -28.18862533569336,
      "loudness_range": 6.974302291870117,
      "low_freq": 7314.1640625,
      "mid_mean": -25.16818618774414,
      "mid_to_side_loudness": -8.884018898010254,
      "mid_to_side_loudness_range": 11.405130386352539,
      "side_mean": -33.95815658569336
    },
    {
      "loudness": -32.55726623535156,
      "loudness_range": 9.020723342895508,
      "low_freq": 12199.2666015625,
      "mid_mean": -29.579803466796875,
      "mid_to_side_loudness": -8.899297714233398,
      "mid_to_side_loudness_range": 10.728182792663574,
      "side_mean": -38.27185821533203
    }
  ],
  "bands_short": [
    {
      "high_freq": 148.1999969482422,
      "loudness": -26.555328369140625,
      "loudness_range": 25.4522705078125,
      "mid_mean": -24.0031795501709,
      "mid_to_side_loudness": -12.713739395141602,
      "mid_to_side_loudness_range": 30.02552032470703,
      "side_mean": -37.965110778808594
    },
    {
      "high_freq": 392.3793640136719,
      "loudness": -21.67955780029297,
      "loudness_range": 11.837137222290039,
      "low_freq": 148.1999969482422,
      "mid_mean": -19.21649742126465,
      "mid_to_side_loudness": -7.037324905395508,
      "mid_to_side_loudness_range": 15.769998550415039,
      "side_mean": -25.96556282043457
    },
    {
      "high_freq": 794.6976318359375,
      "loudness": -22.262014389038086,
      "loudness_range": 17.78502655029297,
      "low_freq": 392.3793640136719,
      "mid_mean": -20.096725463867188,
      "mid_to_side_loudness": -6.602627754211426,
      "mid_to_side_loudness_range": 19.34905242919922,
      "side_mean": -26.6346435546875
    },
    {
      "high_freq": 1457.5709228515625,
      "loudness": -22.88212776184082,
      "loudness_range": 15.807056427001953,
      "low_freq": 794.6976318359375,
      "mid_mean": -20.609426498413086,
      "mid_to_side_loudness": -6.263648986816406,
      "mid_to_side_loudness_range": 16.62902069091797,
      "side_mean": -26.714614868164062
    },
    {
      "high_freq": 2549.74365234375,
      "loudness": -23.200605392456055,
      "loudness_range": 14.074846267700195,
      "low_freq": 1457.5709228515625,
      "mid_mean": -20.928749084472656,
      "mid_to_side_loudness": -6.386289119720459,
      "mid_to_side_loudness_range": 17.34906005859375,
      "side_mean": -27.384845733642578
    },
    {
      "high_freq": 4349.24462890625,
      "loudness": -22.45687484741211,
      "loudness_range": 13.096593856811523,
      "low_freq": 2549.74365234375,
      "mid_mean": -19.942386627197266,
      "mid_to_side_loudness": -6.924877643585205,
      "mid_to_side_loudness_range": 14.83394718170166,
      "side_mean": -26.900772094726562
    },
    {
      "high_freq": 7314.1640625,
      "loudness": -26.740463256835938,
      "loudness_range": 13.395818710327148,
      "low_freq": 4349.24462890625,
      "mid_mean": -24.018726348876953,
      "mid_to_side_loudness": -7.780245780944824,
      "mid_to_side_loudness_range": 14.257259368896484,
      "side_mean": -31.810056686401367
    },
    {
      "high_freq": 12199.2666015625,
      "loudness": -30.61982536315918,
      "loudness_range": 17.19892120361328,
      "low_freq": 7314.1640625,
      "mid_mean": -27.820308685302734,
      "mid_to_side_loudness": -8.655945777893066,
      "mid_to_side_loudness_range": 14.335230827331543,
      "side_mean": -36.38493347167969
    },
    {
      "loudness": -36.300804138183594,
      "loudness_range": 21.846126556396484,
      "low_freq": 12199.2666015625,
      "mid_mean": -33.508358001708984,
      "mid_to_side_loudness": -8.746926307678223,
      "mid_to_side_loudness_range": 13.926551818847656,
      "side_mean": -42.21054458618164
    }
  ],
  "channels": 2,
  "covariance": [
    [
      39.548980712890625,
      4.9822001457214355,
      4.246709823608398,
      6.405375957489014,
      6.338501453399658,
      5.173326015472412,
      4.209919452667236,
      6.288958549499512,
      5.05528450012207,
      6.649964809417725,
      5.309350490570068,
      7.498608112335205,
      3.772237777709961,
      5.8262619972229,
      7.190706729888916,
      6.875527858734131,
      10.298531532287598,
      11.075922966003418
    ],
    [
      4.9822001457214355,
      31.240751266479492,
      5.893502235412598,
      10.875435829162598,
      5.4620680809021,
      5.0212578773498535,
      2.153076171875,
      5.741868495941162,
      1.8403820991516113,
      8.125630378723145,
      3.2485222816467285,
      9.57734203338623,
      1.9864883422851562,
      7.431990146636963,
      2.358325242996216,
      5.765988349914551,
      2.77903413772583,
      7.218132972717285
    ],
    [
      4.246709823608398,
      5.893502235412598,
      12.228901863098145,
      6.255896091461182,
      6.607614517211914,
      6.766651153564453,
      1.7384799718856812,
      4.496515274047852,
      3.9464542865753174,
      7.50325870513916,
      5.616397857666016,
      8.449082374572754,
      4.5550150871276855,
      6.186662673950195,
      4.313512802124023,
      3.034410238265991,
      3.506047010421753,
      2.290815830230713
    ],
    [
      6.405375957489014,
      10.875435829162598,
      6.255896091461182,
      22.400863647460938,
      6.15929651260376,
      12.799248695373535,
      3.960402250289917,
      11.736954689025879,
      2.444429874420166,
      10.558290481567383,
      3.99318790435791,
      11.823163986206055,
      2.2520763874053955,
      10.171967506408691,
      3.7745919227600098,
      8.593733787536621,
      4.16091251373291,
      7.552317142486572
    ],
    [
      6.338501453399658,
      5.4620680809021,
      6.607614517211914,
      6.15929651260376,
      27.853050231933594,
      12.02127456665039,
      16.465707778930664,
      7.673890590667725,
      9.29064655303955,
      6.05501127243042,
      8.544370651245117,
      5.853967666625977,
      1.457558035850525,
      2.427198648452759,
      4.981571674346924,
      3.9651577472686768,
      5.778112888336182,
      2.8947906494140625
    ],
    [
      5.173326015472412,
      5.0212578773498535,
      6.766651153564453,
      12.799248695373535,
      12.02127456665039,
      26.06241798400879,
      10.511495590209961,
      18.761062622070312,
      6.4554972648620605,
      19.653413772583008,
      9.085864067077637,
      19.26498794555664,
      5.218411445617676,
      12.239605903625488,
      4.897980213165283,
      5.585097312927246,
      4.292947292327881,
      1.5605076551437378
    ],
    [
      4.209919452667236,
      2.153076171875,
      1.7384799718856812,
      3.960402250289917,
      16.465707778930664,
      10.511495590209961,
      25.510059356689453,
      15.028214454650879,
      9.353178024291992,
      11.010804176330566,
      9.145002365112305,
      10.059101104736328,
      3.233103036880493,
      5.492510795593262,
      4.172274589538574,
      2.9372527599334717,
      4.190930366516113,
      0.9901342391967773
    ],
    [
      6.288958549499512,
      5.741868495941162,
      4.496515274047852,
      11.736954689025879,
      7.673890590667725,
      18.761062622070312,
      15.028214454650879,
      26.537220001220703,
      7.049553394317627,
      23.711681365966797,
      9.633605003356934,
      23.189008712768555,
      6.214173316955566,
      14.539800643920898,
      4.095059394836426,
      5.833852291107178,
      2.7516846656799316,
      1.9221540689468384
    ],
    [
      5.05528450012207,
      1.8403820991516113,
      3.9464542865753174,
      2.444429874420166,
      9.29064655303955,
      6.4554972648620605,
      9.353178024291992,
      7.049553394317627,
      17.441007614135742,
      12.042447090148926,
      11.601673126220703,
      9.865260124206543,
      5.549960613250732,
      4.8713765144348145,
      5.09274435043335,
      2.0675580501556396,
      4.1746087074279785,
      0.6877171993255615
    ],
    [
      6.649964809417725,
      8.125630378723145,
      7.50325870513916,
      10.558290481567383,
      6.05501127243042,
      19.653413772583008,
      11.010804176330566,
      23.711681365966797,
      12.042447090148926,
      35.476741790771484,
      14.017415046691895,
      33.71154022216797,
      9.271652221679688,
      20.18213653564453,
      5.714742660522461,
      5.047501087188721,
      3.3455629348754883,
      0.3279404044151306
    ],
    [
      5.309350490570068,
      3.2485222816467285,
      5.616397857666016,
      3.99318790435791,
      8.544370651245117,
      9.085864067077637,
      9.145002365112305,
      9.633605003356934,
      11.601673126220703,
      14.017415046691895,
      13.906050682067871,
      14.907417297363281,
      8.381280899047852,
      8.4129638671875,
      5.969637870788574,
      2.553281307220459,
      4.32375431060791,
      0.7005152702331543
    ],
    [
      7.498608112335205,
      9.57734203338623,
      8.449082374572754,
      11.823163986206055,
      5.853967666625977,
      19.26498794555664,
      10.059101104736328,
      23.189008712768555,
      9.865260124206543,
      33.71154022216797,
      14.907417297363281,
      37.66409683227539,
      10.34488296508789,
      23.119504928588867,
      6.147547245025635,
      6.8473615646362305,
      4.371166706085205,
      1.5766721963882446
    ],
    [
      3.772237777709961,
      1.9864883422851562,
      4.5550150871276855,
      2.2520763874053955,
      1.457558035850525,
      5.218411445617676,
      3.233103036880493,
      6.214173316955566,
      5.549960613250732,
      9.271652221679688,
      8.381280899047852,
      10.34488296508789,
      11.092069625854492,
      7.9779486656188965,
      6.797831058502197,
      2.903217315673828,
      4.281966686248779,
      2.324038505554199
    ],
    [
      5.8262619972229,
      7.431990146636963,
      6.186662673950195,
      10.171967506408691,
      2.427198648452759,
      12.239605903625488,
      5.492510795593262,
      14.539800643920898,
      4.8713765144348145,
      20.18213653564453,
      8.4129638671875,
      23.119504928588867,
      7.9779486656188965,
      20.584836959838867,
      6.355531692504883,
      10.453180313110352,
      6.277766227722168,
      6.863310813903809
    ],
    [
      7.190706729888916,
      2.358325242996216,
      4.313512802124023,
      3.7745919227600098,
      4.981571674346924,
      4.897980213165283,
      4.172274589538574,
      4.095059394836426,
      5.09274435043335,
      5.714742660522461,
      5.969637870788574,
      6.147547245025635,
      6.797831058502197,
      6.355531692504883,
      11.130722045898438,
      6.281460285186768,
      11.019804954528809,
      7.071131229400635
    ],
    [
      6.875527858734131,
      5.765988349914551,
      3.034410238265991,
      8.593733787536621,
      3.9651577472686768,
      5.585097312927246,
      2.9372527599334717,
      5.833852291107178,
      2.0675580501556396,
      5.047501087188721,
      2.553281307220459,
      6.8473615646362305,
      2.903217315673828,
      10.453180313110352,
      6.281460285186768,
      15.381290435791016,
      8.814894676208496,
      14.465667724609375
    ],
    [
      10.298531532287598,
      2.77903413772583,
      3.506047010421753,
      4.16091251373291,
      5.778112888336182,
      4.292947292327881,
      4.190930366516113,
      2.7516846656799316,
      4.1746087074279785,
      3.3455629348754883,
      4.32375431060791,
      4.371166706085205,
      4.281966686248779,
      6.277766227722168,
      11.019804954528809,
      8.814894676208496,
      16.425430297851562,
      11.550276756286621
    ],
    [
      11.075922966003418,
      7.218132972717285,
      2.290815830230713,
      7.552317142486572,
      2.8947906494140625,
      1.5605076551437378,
      0.9901342391967773,
      1.9221540689468384,
      0.6877171993255615,
      0.3279404044151306,
      0.7005152702331543,
      1.5766721963882446,
      2.324038505554199,
      6.863310813903809,
      7.071131229400635,
      14.465667724609375,
      11.550276756286621,
      22.044109344482422
    ]
  ],
  "covariance_short": [
    [
      97.3082504272461,
      10.4013090133667,
      13.76284122467041,
      5.733745574951172,
      10.523919105529785,
      7.0903801918029785,
      5.863733768463135,
      7.429542064666748,
      7.997089862823486,
      9.800623893737793,
      9.519292831420898,
      10.531457901000977,
      10.871281623840332,
      10.369287490844727,
      19.22563362121582,
      13.262035369873047,
      23.25655746459961,
      18.65620231628418
    ],
    [
      10.4013090133667,
      46.368961334228516,
      6.089903831481934,
      13.319572448730469,
      5.526686668395996,
      3.2392778396606445,
      2.9031050205230713,
      5.517882823944092,
      1.015089988708496,
      5.97371244430542,
      1.6186548471450806,
      6.552984237670898,
      1.4433621168136597,
      5.733720302581787,
      5.730808734893799,
      7.390615940093994,
      6.677282333374023,
      8.74924373626709
    ],
    [
      13.76284122467041,
      6.089903831481934,
      22.22316551208496,
      9.23935604095459,
      11.175609588623047,
      9.176163673400879,
      2.5402042865753174,
      6.60060977935791,
      5.619075298309326,
      9.61452579498291,
      8.860235214233398,
      11.579795837402344,
      9.771171569824219,
      11.374473571777344,
      12.09716510772705,
      11.082291603088379,
      13.085421562194824,
      11.906207084655762
    ],
    [
      5.733745574951172,
      13.319572448730469,
      9.23935604095459,
      30.4256534576416,
      10.204461097717285,
      15.607361793518066,
      4.06085205078125,
      13.252408027648926,
      3.33089542388916,
      13.9197998046875,
      6.219438076019287,
      14.653450012207031,
      4.726994037628174,
      12.438721656799316,
      8.036883354187012,
      11.596199035644531,
      8.682424545288086,
      11.155523300170898
    ],
    [
      10.523919105529785,
      5.526686668395996,
      11.175609588623047,
      10.204461097717285,
      45.85702896118164,
      16.512784957885742,
      21.289709091186523,
      12.769606590270996,
      13.710389137268066,
      10.722837448120117,
      16.11049461364746,
      11.288055419921875,
      8.64639949798584,
      8.035550117492676,
      14.300240516662598,
      11.108917236328125,
      17.785627365112305,
      12.297425270080566
    ],
    [
      7.0903801918029785,
      3.2392778396606445,
      9.176163673400879,
      15.607361793518066,
      16.512784957885742,
      35.408119201660156,
      11.093282699584961,
      21.673343658447266,
      8.369368553161621,
      22.962692260742188,
      12.7476167678833,
      23.114370346069336,
      9.81942367553711,
      17.77644920349121,
      11.169511795043945,
      14.220052719116211,
      11.473920822143555,
      12.51158332824707
    ],
    [
      5.863733768463135,
      2.9031050205230713,
      2.5402042865753174,
      4.06085205078125,
      21.289709091186523,
      11.093282699584961,
      33.707977294921875,
      17.176578521728516,
      13.249160766601562,
      12.494163513183594,
      13.707930564880371,
      11.627655982971191,
      7.715010643005371,
      8.013335227966309,
      8.3103666305542,
      6.943329334259033,
      9.065531730651855,
      5.953791618347168
    ],
    [
      7.429542064666748,
      5.517882823944092,
      6.60060977935791,
      13.252408027648926,
      12.769606590270996,
      21.673343658447266,
      17.176578521728516,
      34.76787567138672,
      10.118057250976562,
      27.503429412841797,
      13.282942771911621,
      27.248889923095703,
      9.918366432189941,
      20.96023178100586,
      9.631752014160156,
      15.168810844421387,
      7.4012370109558105,
      10.183895111083984
    ],
    [
      7.997089862823486,
      1.015089988708496,
      5.619075298309326,
      3.33089542388916,
      13.710389137268066,
      8.369368553161621,
      13.249160766601562,
      10.118057250976562,
      27.316164016723633,
      16.667583465576172,
      19.400035858154297,
      15.674428939819336,
      12.542994499206543,
      11.14859676361084,
      12.474021911621094,
      9.429078102111816,
      11.712311744689941,
      8.667396545410156
    ],
    [
      9.800623893737793,
      5.97371244430542,
      9.61452579498291,
      13.9197998046875,
      10.722837448120117,
      22.962692260742188,
      12.494163513183594,
      27.503429412841797,
      16.667583465576172,
      43.62812042236328,
      19.60207748413086,
      40.604976654052734,
      15.560394287109375,
      30.884414672851562,
      13.485552787780762,
      19.554847717285156,
      10.50432300567627,
      13.659235954284668
    ],
    [
      9.519292831420898,
      1.6186548471450806,
      8.860235214233398,
      6.219438076019287,
      16.11049461364746,
      12.7476167678833,
      13.707930564880371,
      13.282942771911621,
      19.400035858154297,
      19.60207748413086,
      26.007034301757812,
      22.464765548706055,
      18.95676040649414,
      17.893774032592773,
      17.235862731933594,
      14.3140230178833,
      15.895374298095703,
      13.122882843017578
    ],
    [
      10.531457901000977,
      6.552984237670898,
      11.579795837402344,
      14.653450012207031,
      11.288055419921875,
      23.114370346069336,
      11.627655982971191,
      27.248889923095703,
      15.674428939819336,
      40.604976654052734,
      22.464765548706055,
      47.40753173828125,
      18.457258224487305,
      36.05772399902344,
      15.8592529296875,
      23.38612174987793,
      12.88676643371582,
      17.8559513092041
    ],
    [
      10.871281623840332,
      1.4433621168136597,
      9.771171569824219,
      4.726994037628174,
      8.64639949798584,
      9.81942367553711,
      7.715010643005371,
      9.918366432189941,
      12.542994499206543,
      15.560394287109375,
      18.95676040649414,
      18.457258224487305,
      27.727479934692383,
      20.26224708557129,
      26.388925552368164,
      18.871923446655273,
      24.58160972595215,
      19.656251907348633
    ],
    [
      10.369287490844727,
      5.733720302581787,
      11.374473571777344,
      12.438721656799316,
      8.035550117492676,
      17.77644920349121,
      8.013335227966309,
      20.96023178100586,
      11.14859676361084,
      30.884414672851562,
      17.893774032592773,
      36.05772399902344,
      20.26224708557129,
      38.224876403808594,
      20.307662963867188,
      29.14763832092285,
      18.630035400390625,
      25.595243453979492
    ],
    [
      19.22563362121582,
      5.730808734893799,
      12.09716510772705,
      8.036883354187012,
      14.300240516662598,
      11.169511795043945,
      8.3103666305542,
      9.631752014160156,
      12.474021911621094,
      13.485552787780762,
      17.235862731933594,
      15.8592529296875,
      26.388925552368164,
      20.307662963867188,
      44.18566131591797,
      29.059009552001953,
      46.27587127685547,
      34.759071350097656
    ],
    [
      13.262035369873047,
      7.390615940093994,
      11.082291603088379,
      11.596199035644531,
      11.108917236328125,
      14.220052719116211,
      6.943329334259033,
      15.168810844421387,
      9.429078102111816,
      19.554847717285156,
      14.3140230178833,
      23.38612174987793,
      18.871923446655273,
      29.14763832092285,
      29.059009552001953,
      42.19603729248047,
      33.088016510009766,
      42.01287841796875
    ],
    [
      23.25655746459961,
      6.677282333374023,
      13.085421562194824,
      8.682424545288086,
      17.785627365112305,
      11.473920822143555,
      9.065531730651855,
      7.4012370109558105,
      11.712311744689941,
      10.50432300567627,
      15.895374298095703,
      12.88676643371582,
      24.58160972595215,
      18.630035400390625,
      46.27587127685547,
      33.088016510009766,
      64.40262603759766,
      46.17306900024414
    ],
    [
      18.65620231628418,
      8.74924373626709,
      11.906207084655762,
      11.155523300170898,
      12.297425270080566,
      12.51158332824707,
      5.953791618347168,
      10.183895111083984,
      8.667396545410156,
      13.659235954284668,
      13.122882843017578,
      17.8559513092041,
      19.656251907348633,
      25.595243453979492,
      34.759071350097656,
      42.01287841796875,
      46.17306900024414,
      58.62725067138672
    ]
  ],
  "drr": 14.234696388244629,
  "dynamics": 2.700784683227539,
  "format": 1245190,
  "frames": 11487232,
  "loudness": -9.419158935546875,
  "loudness_range": 6.088943958282471,
  "loudness_range_short": 9.310104370117188,
  "peak": 0.1129862442612648,
  "rms": -12.002740859985352,
  "sample_rate": 44100,
  "sections": 1,
  "seekable": 1,
  "sharpness": 2.752619981765747,
  "space": -7.615237236022949
}