{
  "bands": [
    {
      "high_freq": 148.1999969482422,
      "loudness": -57.65665054321289,
      "loudness_range": 21.64544677734375,
      "mid_mean": -53.94306945800781,
      "mid_to_side_loudness": -16.83308219909668,
      "mid_to_side_loudness_range": 11.245271682739258,
      "side_mean": -66.91741943359375
    },
    {
      "high_freq": 392.3793640136719,
      "loudness": -45.0722770690918,
      "loudness_range": 25.899532318115234,
      "low_freq": 148.1999969482422,
      "mid_mean": -42.298458099365234,
      "mid_to_side_loudness": -11.031063079833984,
      "mid_to_side_loudness_range": 8.879364013671875,
      "side_mean": -54.166015625
    },
    {
      "high_freq": 794.6976318359375,
      "loudness": -46.82063674926758,
      "loudness_range": 26.362316131591797,
      "low_freq": 392.3793640136719,
      "mid_mean": -44.499412536621094,
      "mid_to_side_loudness": -6.689090728759766,
      "mid_to_side_loudness_range": 7.863364219665527,
      "side_mean": -52.31280517578125
    },
    {
      "high_freq": 1457.5709228515625,
      "loudness": -56.10944747924805,
      "loudness_range": 29.167251586914062,
      "low_freq": 794.6976318359375,
      "mid_mean": -56.29629898071289,
      "mid_to_side_loudness": -0.9923409819602966,
      "mid_to_side_loudness_range": 9.291680335998535,
      "side_mean": -57.117313385009766
    },
    {
      "high_freq": 2549.74365234375,
      "loudness": -65.47642517089844,
      "loudness_range": 33.381378173828125,
      "low_freq": 1457.5709228515625,
      "mid_mean": -62.710182189941406,
      "mid_to_side_loudness": -2.340346574783325,
      "mid_to_side_loudness_range": 6.541534423828125,
      "side_mean": -64.17900085449219
    },
    {
      "high_freq": 4349.24462890625,
      "loudness": -73.1849594116211,
      "loudness_range": 24.710590362548828,
      "low_freq": 2549.74365234375,
      "mid_mean": -67.92700958251953,
      "mid_to_side_loudness": 0.32210662961006165,
      "mid_to_side_loudness_range": 4.123554229736328,
      "side_mean": -67.700927734375
    },
    {
      "high_freq": 7314.1640625,
      "loudness": -77.5623550415039,
      "loudness_range": 3.1668243408203125,
      "low_freq": 4349.24462890625,
      "mid_mean": -68.96434020996094,
      "mid_to_side_loudness": -0.05779438465833664,
      "mid_to_side_loudness_range": 0.8006422519683838,
      "side_mean": -68.97711181640625
    },
    {
      "high_freq": 12199.2666015625,
      "loudness": -76.57440185546875,
      "loudness_range": 0.7151336669921875,
      "low_freq": 7314.1640625,
      "mid_mean": -68.9807357788086,
      "mid_to_side_loudness": 0.11425033211708069,
      "mid_to_side_loudness_range": 0.5522809028625488,
      "side_mean": -68.9644546508789
    },
    {
      "loudness": -75.2068099975586,
      "loudness_range": 0.5878219604492188,
      "low_freq": 12199.2666015625,
      "mid_mean": -68.68724060058594,
      "mid_to_side_loudness": -0.029797865077853203,
      "mid_to_side_loudness_range": 0.4270015358924866,
      "side_mean": -68.69389343261719
    }
  ],
  "bands_short": [
    {
      "high_freq": 148.1999969482422,
      "loudness": -60.203887939453125,
      "loudness_range": 21.620922088623047,
      "mid_mean": -56.366886138916016,
      "mid_to_side_loudness": -16.059858322143555,
      "mid_to_side_loudness_range": 14.6975736618042,
      "side_mean": -67.61912536621094
    },
    {
      "high_freq": 392.3793640136719,
      "loudness": -46.254512786865234,
      "loudness_range": 27.252595901489258,
      "low_freq": 148.1999969482422,
      "mid_mean": -43.659706115722656,
      "mid_to_side_loudness": -11.088850975036621,
      "mid_to_side_loudness_range": 10.919328689575195,
      "side_mean": -55.00730514526367
    },
    {
      "high_freq": 794.6976318359375,
      "loudness": -46.861534118652344,
      "loudness_range": 25.568763732910156,
      "low_freq": 392.3793640136719,
      "mid_mean": -44.53793716430664,
      "mid_to_side_loudness": -7.164472579956055,
      "mid_to_side_loudness_range": 9.351802825927734,
      "side_mean": -52.81298828125
    },
    {
      "high_freq": 1457.5709228515625,
      "loudness": -56.39419937133789,
      "loudness_range": 29.800628662109375,
      "low_freq": 794.6976318359375,
      "mid_mean": -56.55739974975586,
      "mid_to_side_loudness": -1.029329776763916,
      "mid_to_side_loudness_range": 10.48952865600586,
      "side_mean": -57.4193229675293
    },
    {
      "high_freq": 2549.74365234375,
      "loudness": -65.93390655517578,
      "loudness_range": 32.65367889404297,
      "low_freq": 1457.5709228515625,
      "mid_mean": -63.110450744628906,
      "mid_to_side_loudness": -2.304399013519287,
      "mid_to_side_loudness_range": 8.489046096801758,
      "side_mean": -64.50945281982422
    },
    {
      "high_freq": 4349.24462890625,
      "loudness": -73.51333618164062,
      "loudness_range": 25.054214477539062,
      "low_freq": 2549.74365234375,
      "mid_mean": -67.89324951171875,
      "mid_to_side_loudness": 0.4402906596660614,
      "mid_to_side_loudness_range": 5.636924743652344,
      "side_mean": -67.61544036865234
    },
    {
      "high_freq": 7314.1640625,
      "loudness": -77.61653900146484,
      "loudness_range": 3.564788818359375,
      "low_freq": 4349.24462890625,
      "mid_mean": -68.99478149414062,
      "mid_to_side_loudness": -0.07945215702056885,
      "mid_to_side_loudness_range": 2.257434844970703,
      "side_mean": -69.01754760742188
    },
    {
      "high_freq": 12199.2666015625,
      "loudness": -76.6314697265625,
      "loudness_range": 1.1045989990234375,
      "low_freq": 7314.1640625,
      "mid_mean": -69.00657653808594,
      "mid_to_side_loudness": 0.1228785291314125,
      "mid_to_side_loudness_range": 1.6394248008728027,
      "side_mean": -68.98465728759766
    },
    {
      "loudness": -75.19220733642578,
      "loudness_range": 0.9359664916992188,
      "low_freq": 12199.2666015625,
      "mid_mean": -68.68375396728516,
      "mid_to_side_loudness": -0.039665788412094116,
      "mid_to_side_loudness_range": 1.266177773475647,
      "side_mean": -68.69104766845703
    }
  ],
  "channels": 2,
  "covariance": [
    [
      49.21528244018555,
      16.658098220825195,
      37.79420852661133,
      45.350830078125,
      31.50141716003418,
      40.02164840698242,
      34.50517654418945,
      34.75663375854492,
      32.861366271972656,
      29.22995948791504,
      11.525053024291992,
      12.738736152648926,
      2.959153175354004,
      2.9716341495513916,
      0.9448102712631226,
      0.8537132143974304,
      0.43319448828697205,
      0.39951881766319275
    ],
    [
      16.658098220825195,
      7.7188520431518555,
      13.161038398742676,
      14.379437446594238,
      12.646734237670898,
      14.182284355163574,
      13.927151679992676,
      14.15770435333252,
      13.706122398376465,
      12.681473731994629,
      5.545328617095947,
      6.162619590759277,
      1.48212468624115,
      1.4671461582183838,
      0.4160463213920593,
      0.3587641716003418,
      0.1264655739068985,
      0.11557529121637344
    ],
    [
      37.79420852661133,
      13.161038398742676,
      83.1829833984375,
      71.19547271728516,
      41.23895263671875,
      49.510257720947266,
      35.23415756225586,
      33.01347732543945,
      36.222373962402344,
      29.30968475341797,
      11.566637992858887,
      12.788846969604492,
      2.103269338607788,
      2.14467453956604,
      0.5317744612693787,
      0.5081923007965088,
      0.20643489062786102,
      0.16378962993621826
    ],
    [
      45.350830078125,
      14.379437446594238,
      71.19547271728516,
      82.51664733886719,
      48.90460968017578,
      62.691986083984375,
      47.621681213378906,
      45.59035110473633,
      42.858028411865234,
      34.56795883178711,
      13.636070251464844,
      15.340121269226074,
      2.894681215286255,
      2.975229024887085,
      0.8924688100814819,
      0.8203118443489075,
      0.49407145380973816,
      0.4324619472026825
    ],
    [
      31.50141716003418,
      12.646734237670898,
      41.23895263671875,
      48.90460968017578,
      82.50154113769531,
      76.09626770019531,
      68.54744720458984,
      68.8705062866211,
      60.471214294433594,
      52.74658966064453,
      25.41608428955078,
      28.560617446899414,
      7.601043224334717,
      7.321666717529297,
      1.7813383340835571,
      1.4728803634643555,
      0.4435446560382843,
      0.3664233684539795
    ],
    [
      40.02164840698242,
      14.182284355163574,
      49.510257720947266,
      62.691986083984375,
      76.09626770019531,
      92.90483093261719,
      78.2872314453125,
      77.0649642944336,
      65.87187957763672,
      56.939308166503906,
      25.595918655395508,
      28.841346740722656,
      7.487025260925293,
      7.274733066558838,
      1.9056808948516846,
      1.623962640762329,
      0.7149465084075928,
      0.6260434985160828
    ],
    [
      34.50517654418945,
      13.927151679992676,
      35.23415756225586,
      47.621681213378906,
      68.54744720458984,
      78.2872314453125,
      98.94053649902344,
      93.49889373779297,
      70.3473129272461,
      63.539920806884766,
      28.8305606842041,
      32.92569351196289,
      8.866888999938965,
      8.369926452636719,
      2.1242380142211914,
      1.739696979522705,
      0.6588915586471558,
      0.5746490955352783
    ],
    [
      34.75663375854492,
      14.15770435333252,
      33.01347732543945,
      45.59035110473633,
      68.8705062866211,
      77.0649642944336,
      93.49889373779297,
      95.26100158691406,
      70.15495300292969,
      63.55713653564453,
      29.44289779663086,
      33.4970588684082,
      9.167799949645996,
      8.696807861328125,
      2.200774669647217,
      1.8143573999404907,
      0.6552222967147827,
      0.573869526386261
    ],
    [
      32.861366271972656,
      13.706122398376465,
      36.222373962402344,
      42.858028411865234,
      60.471214294433594,
      65.87187957763672,
      70.3473129272461,
      70.15495300292969,
      75.0638656616211,
      66.3900146484375,
      32.63304901123047,
      36.444068908691406,
      10.36432933807373,
      10.019699096679688,
      2.649155616760254,
      2.13804030418396,
      0.6161147952079773,
      0.5462801456451416
    ],
    [
      29.22995948791504,
      12.681473731994629,
      29.30968475341797,
      34.56795883178711,
      52.74658966064453,
      56.939308166503906,
      63.539920806884766,
      63.55713653564453,
      66.3900146484375,
      61.47865676879883,
      30.557655334472656,
      34.12603759765625,
      9.899840354919434,
      9.574884414672852,
      2.5381295680999756,
      2.0440542697906494,
      0.5637933015823364,
      0.5048646926879883
    ],
    [
      11.525053024291992,
      5.545328617095947,
      11.566637992858887,
      13.636070251464844,
      25.41608428955078,
      25.595918655395508,
      28.8305606842041,
      29.44289779663086,
      32.63304901123047,
      30.557655334472656,
      20.810230255126953,
      23.067550659179688,
      7.759222030639648,
      7.953707695007324,
      2.162381172180176,
      1.7003999948501587,
      0.35014477372169495,
      0.31468117237091064
    ],
    [
      12.738736152648926,
      6.162619590759277,
      12.788846969604492,
      15.340121269226074,
      28.560617446899414,
      28.841346740722656,
      32.92569351196289,
      33.4970588684082,
      36.444068908691406,
      34.12603759765625,
      23.067550659179688,
      26.387609481811523,
      8.695210456848145,
      9.100688934326172,
      2.4979493618011475,
      1.9508577585220337,
      0.38540077209472656,
      0.34829333424568176
    ],
    [
      2.959153175354004,
      1.48212468624115,
      2.103269338607788,
      2.894681215286255,
      7.601043224334717,
      7.487025260925293,
      8.866888999938965,
      9.167799949645996,
      10.36432933807373,
      9.899840354919434,
      7.759222030639648,
      8.695210456848145,
      4.017272472381592,
      4.044166088104248,
      1.1775641441345215,
      0.9286236763000488,
      0.17654003202915192,
      0.16312603652477264
    ],
    [
      2.9716341495513916,
      1.4671461582183838,
      2.14467453956604,
      2.975229024887085,
      7.321666717529297,
      7.274733066558838,
      8.369926452636719,
      8.696807861328125,
      10.019699096679688,
      9.574884414672852,
      7.953707695007324,
      9.100688934326172,
      4.044166088104248,
      4.561703681945801,
      1.3828496932983398,
      1.0895459651947021,
      0.17850223183631897,
      0.16753609478473663
    ],
    [
      0.9448102712631226,
      0.4160463213920593,
      0.5317744612693787,
      0.8924688100814819,
      1.7813383340835571,
      1.9056808948516846,
      2.1242380142211914,
      2.200774669647217,
      2.649155616760254,
      2.5381295680999756,
      2.162381172180176,
      2.4979493618011475,
      1.1775641441345215,
      1.3828496932983398,
      0.5164170861244202,
      0.41153907775878906,
      0.06923104077577591,
      0.0682956650853157
    ],
    [
      0.8537132143974304,
      0.3587641716003418,
      0.5081923007965088,
      0.8203118443489075,
      1.4728803634643555,
      1.623962640762329,
      1.739696979522705,
      1.8143573999404907,
      2.13804030418396,
      2.0440542697906494,
      1.7003999948501587,
      1.9508577585220337,
      0.9286236763000488,
      1.0895459651947021,
      0.41153907775878906,
      0.35148605704307556,
      0.06573004275560379,
      0.06886862218379974
    ],
    [
      0.43319448828697205,
      0.1264655739068985,
      0.20643489062786102,
      0.49407145380973816,
      0.4435446560382843,
      0.7149465084075928,
      0.6588915586471558,
      0.6552222967147827,
      0.6161147952079773,
      0.5637933015823364,
      0.35014477372169495,
      0.38540077209472656,
      0.17654003202915192,
      0.17850223183631897,
      0.06923104077577591,
      0.06573004275560379,
      0.030992912128567696,
      0.03148448467254639
    ],
    [
      0.39951881766319275,
      0.11557529121637344,
      0.16378962993621826,
      0.4324619472026825,
      0.3664233684539795,
      0.6260434985160828,
      0.5746490955352783,
      0.573869526386261,
      0.5462801456451416,
      0.5048646926879883,
      0.31468117237091064,
      0.34829333424568176,
      0.16312603652477264,
      0.16753609478473663,
      0.0682956650853157,
      0.06886862218379974,
      0.03148448467254639,
      0.03487052395939827
    ]
  ],
  "covariance_short": [
    [
      44.7693977355957,
      11.526312828063965,
      35.970088958740234,
      37.64545440673828,
      26.829824447631836,
      33.15761184692383,
      30.56340980529785,
      30.671714782714844,
      26.541444778442383,
      24.142745971679688,
      9.797101020812988,
      11.16059398651123,
      2.5935370922088623,
      2.479544162750244,
      0.6802602410316467,
      0.6363229155540466,
      0.3749171495437622,
      0.33684390783309937
    ],
    [
      11.526312828063965,
      5.200350761413574,
      9.246039390563965,
      9.3392333984375,
      9.046862602233887,
      10.171878814697266,
      10.950122833251953,
      11.023191452026367,
      10.092945098876953,
      9.53001594543457,
      4.46663236618042,
      5.11435079574585,
      1.284374475479126,
      1.2030929327011108,
      0.2887367904186249,
      0.25906166434288025,
      0.10186818242073059,
      0.09006388485431671
    ],
    [
      35.970088958740234,
      9.246039390563965,
      93.665771484375,
      77.53555297851562,
      45.434852600097656,
      54.177486419677734,
      38.2230339050293,
      35.48539352416992,
      36.727142333984375,
      29.770078659057617,
      11.984131813049316,
      13.700547218322754,
      2.125769853591919,
      2.099806785583496,
      0.4968811273574829,
      0.47710657119750977,
      0.24449922144412994,
      0.17887116968631744
    ],
    [
      37.64545440673828,
      9.3392333984375,
      77.53555297851562,
      83.67393493652344,
      50.113677978515625,
      61.139793395996094,
      45.122047424316406,
      42.829349517822266,
      39.733612060546875,
      31.837717056274414,
      13.315406799316406,
      15.44063663482666,
      2.5572171211242676,
      2.5488109588623047,
      0.7003679871559143,
      0.6712509393692017,
      0.47905680537223816,
      0.4110756516456604
    ],
    [
      26.829824447631836,
      9.046862602233887,
      45.434852600097656,
      50.113677978515625,
      81.46131896972656,
      74.42935180664062,
      65.62245178222656,
      65.21235656738281,
      56.86066436767578,
      49.0416374206543,
      25.063335418701172,
      28.652910232543945,
      6.8011322021484375,
      6.384171009063721,
      1.2544349431991577,
      1.0900038480758667,
      0.41894692182540894,
      0.3344660997390747
    ],
    [
      33.15761184692383,
      10.171878814697266,
      54.177486419677734,
      61.139793395996094,
      74.42935180664062,
      92.81649017333984,
      76.56570434570312,
      75.10212707519531,
      62.724266052246094,
      53.73271560668945,
      25.880638122558594,
      29.76097869873047,
      6.833237648010254,
      6.455725193023682,
      1.425702691078186,
      1.2943370342254639,
      0.707586944103241,
      0.6150737404823303
    ],
    [
      30.56340980529785,
      10.950122833251953,
      38.2230339050293,
      45.122047424316406,
      65.62245178222656,
      76.56570434570312,
      100.19742584228516,
      92.16895294189453,
      67.42234802246094,
      60.621028900146484,
      28.608713150024414,
      33.28298568725586,
      8.010736465454102,
      7.37804651260376,
      1.6128346920013428,
      1.4084240198135376,
      0.6666936874389648,
      0.5799520015716553
    ],
    [
      30.671714782714844,
      11.023191452026367,
      35.48539352416992,
      42.829349517822266,
      65.21235656738281,
      75.10212707519531,
      92.16895294189453,
      94.69049072265625,
      67.26959228515625,
      60.49361038208008,
      29.279895782470703,
      33.9481086730957,
      8.293289184570312,
      7.692019939422607,
      1.6594469547271729,
      1.4622598886489868,
      0.661545991897583,
      0.5779314637184143
    ],
    [
      26.541444778442383,
      10.092945098876953,
      36.727142333984375,
      39.733612060546875,
      56.86066436767578,
      62.724266052246094,
      67.42234802246094,
      67.26959228515625,
      70.75624084472656,
      61.57868957519531,
      31.164276123046875,
      35.56694793701172,
      8.987737655639648,
      8.480181694030762,
      1.8708250522613525,
      1.636040449142456,
      0.5988101363182068,
      0.5300447940826416
    ],
    [
      24.142745971679688,
      9.53001594543457,
      29.770078659057617,
      31.837717056274414,
      49.0416374206543,
      53.73271560668945,
      60.621028900146484,
      60.49361038208008,
      61.57868957519531,
      57.738887786865234,
      29.129608154296875,
      33.07268142700195,
      8.64108943939209,
      8.139185905456543,
      1.8122072219848633,
      1.566817045211792,
      0.5442603230476379,
      0.48524540662765503
    ],
    [
      9.797101020812988,
      4.46663236618042,
      11.984131813049316,
      13.315406799316406,
      25.063335418701172,
      25.880638122558594,
      28.608713150024414,
      29.279895782470703,
      31.164276123046875,
      29.129608154296875,
      20.478452682495117,
      22.777267456054688,
      6.836650848388672,
      6.733846664428711,
      1.5063426494598389,
      1.2749371528625488,
      0.3518226146697998,
      0.3181382417678833
    ],
    [
      11.16059398651123,
      5.11435079574585,
      13.700547218322754,
      15.44063663482666,
      28.652910232543945,
      29.76097869873047,
      33.28298568725586,
      33.9481086730957,
      35.56694793701172,
      33.07268142700195,
      22.777267456054688,
      26.641433715820312,
      7.721844673156738,
      7.702461242675781,
      1.7135881185531616,
      1.4417543411254883,
      0.39390748739242554,
      0.3574092984199524
    ],
    [
      2.5935370922088623,
      1.284374475479126,
      2.125769853591919,
      2.5572171211242676,
      6.8011322021484375,
      6.833237648010254,
      8.010736465454102,
      8.293289184570312,
      8.987737655639648,
      8.64108943939209,
      6.836650848388672,
      7.721844673156738,
      3.5501325130462646,
      3.4014482498168945,
      0.8487691879272461,
      0.7157776951789856,
      0.17543812096118927,
      0.16206909716129303
    ],
    [
      2.479544162750244,
      1.2030929327011108,
      2.099806785583496,
      2.5488109588623047,
      6.384171009063721,
      6.455725193023682,
      7.37804651260376,
      7.692019939422607,
      8.480181694030762,
      8.139185905456543,
      6.733846664428711,
      7.702461242675781,
      3.4014482498168945,
      3.6465964317321777,
      0.9310388565063477,
      0.7825627326965332,
      0.17528992891311646,
      0.16425587236881256
    ],
    [
      0.6802602410316467,
      0.2887367904186249,
      0.4968811273574829,
      0.7003679871559143,
      1.2544349431991577,
      1.425702691078186,
      1.6128346920013428,
      1.6594469547271729,
      1.8708250522613525,
      1.8122072219848633,
      1.5063426494598389,
      1.7135881185531616,
      0.8487691879272461,
      0.9310388565063477,
      0.38404086232185364,
      0.3124285042285919,
      0.0711054876446724,
      0.0689547210931778
    ],
    [
      0.6363229155540466,
      0.25906166434288025,
      0.47710657119750977,
      0.6712509393692017,
      1.0900038480758667,
      1.2943370342254639,
      1.4084240198135376,
      1.4622598886489868,
      1.636040449142456,
      1.566817045211792,
      1.2749371528625488,
      1.4417543411254883,
      0.7157776951789856,
      0.7825627326965332,
      0.3124285042285919,
      0.2903747856616974,
      0.07017651945352554,
      0.06978610903024673
    ],
    [
      0.3749171495437622,
      0.10186818242073059,
      0.24449922144412994,
      0.47905680537223816,
      0.41894692182540894,
      0.707586944103241,
      0.6666936874389648,
      0.661545991897583,
      0.5988101363182068,
      0.5442603230476379,
      0.3518226146697998,
      0.39390748739242554,
      0.17543812096118927,
      0.17528992891311646,
      0.0711054876446724,
      0.07017651945352554,
      0.04314948245882988,
      0.03751052916049957
    ],
    [
      0.33684390783309937,
      0.09006388485431671,
      0.17887116968631744,
      0.4110756516456604,
      0.3344660997390747,
      0.6150737404823303,
      0.5799520015716553,
      0.5779314637184143,
      0.5300447940826416,
      0.48524540662765503,
      0.3181382417678833,
      0.3574092984199524,
      0.16206909716129303,
      0.16425587236881256,
      0.0689547210931778,
      0.06978610903024673,
      0.03751052916049957,
      0.04596001282334328
    ]
  ],
  "drr": 9.457867622375488,
  "dynamics": 6.777815818786621,
  "format": 1245190,
  "frames": 12924928,
  "loudness": -35.95376968383789,
  "loudness_range": 25.811077117919922,
  "loudness_range_short": 26.70265769958496,
  "peak": -4.006361961364746,
  "rms": -33.166290283203125,
  "sample_rate": 44100,
  "sections": 1,
  "seekable": 1,
  "sharpness": 3.180422782897949,
  "space": -8.574692726135254
}