{
  "bands": [
    {
      "high_freq": 148.1999969482422,
      "loudness": -29.32770538330078,
      "loudness_range": 30.89455795288086,
      "mid_mean": -25.811206817626953,
      "mid_to_side_loudness": -20.911867141723633,
      "mid_to_side_loudness_range": 17.027549743652344,
      "side_mean": -47.3592643737793
    },
    {
      "high_freq": 392.3793640136719,
      "loudness": -28.922897338867188,
      "loudness_range": 23.212512969970703,
      "low_freq": 148.1999969482422,
      "mid_mean": -25.425094604492188,
      "mid_to_side_loudness": -17.543699264526367,
      "mid_to_side_loudness_range": 16.770469665527344,
      "side_mean": -42.69716262817383
    },
    {
      "high_freq": 794.6976318359375,
      "loudness": -27.02690315246582,
      "loudness_range": 16.5935001373291,
      "low_freq": 392.3793640136719,
      "mid_mean": -23.9925594329834,
      "mid_to_side_loudness": -14.12188720703125,
      "mid_to_side_loudness_range": 23.568931579589844,
      "side_mean": -37.11609649658203
    },
    {
      "high_freq": 1457.5709228515625,
      "loudness": -27.159412384033203,
      "loudness_range": 19.123559951782227,
      "low_freq": 794.6976318359375,
      "mid_mean": -24.180601119995117,
      "mid_to_side_loudness": -13.440471649169922,
      "mid_to_side_loudness_range": 23.634248733520508,
      "side_mean": -36.98576736450195
    },
    {
      "high_freq": 2549.74365234375,
      "loudness": -27.15574836730957,
      "loudness_range": 17.447851181030273,
      "low_freq": 1457.5709228515625,
      "mid_mean": -24.039499282836914,
      "mid_to_side_loudness": -11.824963569641113,
      "mid_to_side_loudness_range": 18.414260864257812,
      "side_mean": -35.82164764404297
    },
    {
      "high_freq": 4349.24462890625,
      "loudness": -28.371511459350586,
      "loudness_range": 12.93159294128418,
      "low_freq": 2549.74365234375,
      "mid_mean": -25.45134925842285,
      "mid_to_side_loudness": -9.220925331115723,
      "mid_to_side_loudness_range": 14.220718383789062,
      "side_mean": -34.69493865966797
    },
    {
      "high_freq": 7314.1640625,
      "loudness": -32.58918762207031,
      "loudness_range": 13.150888442993164,
      "low_freq": 4349.24462890625,
      "mid_mean": -30.800342559814453,
      "mid_to_side_loudness": -4.118922710418701,
      "mid_to_side_loudness_range": 13.490683555603027,
      "side_mean": -34.69478225708008
    },
    {
      "high_freq": 12199.2666015625,
      "loudness": -34.235389709472656,
      "loudness_range": 13.078327178955078,
      "low_freq": 7314.1640625,
      "mid_mean": -34.12548065185547,
      "mid_to_side_loudness": 0.01808413304388523,
      "mid_to_side_loudness_range": 13.205351829528809,
      "side_mean": -33.89937210083008
    },
    {
      "loudness": -38.47221755981445,
      "loudness_range": 17.47965431213379,
      "low_freq": 12199.2666015625,
      "mid_mean": -41.193145751953125,
      "mid_to_side_loudness": 3.9637300968170166,
      "mid_to_side_loudness_range": 15.870420455932617,
      "side_mean": -37.036048889160156
    }
  ],
  "bands_short": [
    {
      "high_freq": 148.1999969482422,
      "loudness": -36.68372344970703,
      "loudness_range": 43.775901794433594,
      "mid_mean": -33.71678924560547,
      "mid_to_side_loudness": -19.74726104736328,
      "mid_to_side_loudness_range": 24.931476593017578,
      "side_mean": -55.307647705078125
    },
    {
      "high_freq": 392.3793640136719,
      "loudness": -32.06393814086914,
      "loudness_range": 29.958463668823242,
      "low_freq": 148.1999969482422,
      "mid_mean": -28.61810874938965,
      "mid_to_side_loudness": -17.744239807128906,
      "mid_to_side_loudness_range": 18.237953186035156,
      "side_mean": -46.48586654663086
    },
    {
      "high_freq": 794.6976318359375,
      "loudness": -28.833084106445312,
      "loudness_range": 24.489137649536133,
      "low_freq": 392.3793640136719,
      "mid_mean": -26.093870162963867,
      "mid_to_side_loudness": -14.72802448272705,
      "mid_to_side_loudness_range": 28.381244659423828,
      "side_mean": -40.235931396484375
    },
    {
      "high_freq": 1457.5709228515625,
      "loudness": -28.82683563232422,
      "loudness_range": 26.084762573242188,
      "low_freq": 794.6976318359375,
      "mid_mean": -26.17078971862793,
      "mid_to_side_loudness": -13.297602653503418,
      "mid_to_side_loudness_range": 25.407093048095703,
      "side_mean": -39.40199661254883
    },
    {
      "high_freq": 2549.74365234375,
      "loudness": -29.45134162902832,
      "loudness_range": 25.758447647094727,
      "low_freq": 1457.5709228515625,
      "mid_mean": -26.643028259277344,
      "mid_to_side_loudness": -11.502073287963867,
      "mid_to_side_loudness_range": 20.2803897857666,
      "side_mean": -38.28099060058594
    },
    {
      "high_freq": 4349.24462890625,
      "loudness": -30.46062469482422,
      "loudness_range": 21.226503372192383,
      "low_freq": 2549.74365234375,
      "mid_mean": -27.66241455078125,
      "mid_to_side_loudness": -9.402181625366211,
      "mid_to_side_loudness_range": 18.26642417907715,
      "side_mean": -37.32966232299805
    },
    {
      "high_freq": 7314.1640625,
      "loudness": -36.50885772705078,
      "loudness_range": 23.3919620513916,
      "low_freq": 4349.24462890625,
      "mid_mean": -34.63313674926758,
      "mid_to_side_loudness": -4.9364752769470215,
      "mid_to_side_loudness_range": 16.287822723388672,
      "side_mean": -39.304298400878906
    },
    {
      "high_freq": 12199.2666015625,
      "loudness": -38.68551254272461,
      "loudness_range": 25.288820266723633,
      "low_freq": 7314.1640625,
      "mid_mean": -37.97060775756836,
      "mid_to_side_loudness": -1.7700574398040771,
      "mid_to_side_loudness_range": 17.56049919128418,
      "side_mean": -40.06467056274414
    },
    {
      "loudness": -44.56743621826172,
      "loudness_range": 29.428085327148438,
      "low_freq": 12199.2666015625,
      "mid_mean": -46.03578567504883,
      "mid_to_side_loudness": 1.2665146589279175,
      "mid_to_side_loudness_range": 18.790958404541016,
      "side_mean": -45.11573791503906
    }
  ],
  "channels": 2,
  "covariance": [
    [
      145.91708374023438,
      101.92953491210938,
      73.11519622802734,
      69.7015151977539,
      25.32359504699707,
      39.53966522216797,
      17.64666175842285,
      37.68935012817383,
      25.348966598510742,
      50.348670959472656,
      14.363322257995605,
      29.340023040771484,
      8.10721492767334,
      8.912047386169434,
      0.6424722671508789,
      -3.848660945892334,
      -4.086007595062256,
      -11.518693923950195
    ],
    [
      101.92953491210938,
      92.69129943847656,
      56.456642150878906,
      56.21364974975586,
      19.474634170532227,
      31.588146209716797,
      15.314626693725586,
      29.912376403808594,
      19.93831443786621,
      37.70604705810547,
      15.044373512268066,
      25.519182205200195,
      12.455365180969238,
      12.171337127685547,
      7.042118072509766,
      5.21234655380249,
      4.331188201904297,
      -1.310294508934021
    ],
    [
      73.11519622802734,
      56.456642150878906,
      76.36996459960938,
      63.39461898803711,
      29.098329544067383,
      30.373872756958008,
      21.88433837890625,
      31.07367706298828,
      27.158571243286133,
      40.77819061279297,
      15.965394973754883,
      25.748146057128906,
      10.436840057373047,
      10.987088203430176,
      -0.0010435809381306171,
      -4.066120624542236,
      -4.709951400756836,
      -14.692800521850586
    ],
    [
      69.7015151977539,
      56.21364974975586,
      63.39461898803711,
      87.65709686279297,
      30.35948944091797,
      64.04418182373047,
      27.02788734436035,
      59.727577209472656,
      27.516277313232422,
      60.70260238647461,
      12.373391151428223,
      31.863178253173828,
      3.6489040851593018,
      4.705732345581055,
      -3.8139050006866455,
      -7.872866153717041,
      -6.373387336730957,
      -16.779752731323242
    ],
    [
      25.32359504699707,
      19.474634170532227,
      29.098329544067383,
      30.35948944091797,
      40.12904357910156,
      36.64225387573242,
      31.64767074584961,
      32.98417663574219,
      26.804790496826172,
      34.573177337646484,
      17.594329833984375,
      19.558122634887695,
      7.191916465759277,
      6.090500831604004,
      5.294581413269043,
      -0.19407449662685394,
      4.180397987365723,
      -7.472921371459961
    ],
    [
      39.53966522216797,
      31.588146209716797,
      30.373872756958008,
      64.04418182373047,
      36.64225387573242,
      118.74860382080078,
      32.320579528808594,
      101.84518432617188,
      26.46620750427246,
      77.04044342041016,
      8.264229774475098,
      38.06661605834961,
      -3.2490715980529785,
      -0.16446125507354736,
      -5.407488822937012,
      -5.869769096374512,
      -5.46542501449585,
      -13.673913955688477
    ],
    [
      17.64666175842285,
      15.314626693725586,
      21.88433837890625,
      27.02788734436035,
      31.64767074584961,
      32.320579528808594,
      48.39161682128906,
      38.714847564697266,
      29.859487533569336,
      31.991228103637695,
      20.78624153137207,
      17.991188049316406,
      7.651637077331543,
      6.189261436462402,
      5.603043556213379,
      0.15453381836414337,
      5.321265697479248,
      -5.9843974113464355
    ],
    [
      37.68935012817383,
      29.912376403808594,
      31.07367706298828,
      59.727577209472656,
      32.98417663574219,
      101.84518432617188,
      38.714847564697266,
      112.07305908203125,
      27.85642433166504,
      76.65299224853516,
      10.665521621704102,
      39.15605926513672,
      -2.536189317703247,
      1.424420952796936,
      -5.1372809410095215,
      -5.613893032073975,
      -4.258223533630371,
      -12.996967315673828
    ],
    [
      25.348966598510742,
      19.93831443786621,
      27.158571243286133,
      27.516277313232422,
      26.804790496826172,
      26.46620750427246,
      29.859487533569336,
      27.85642433166504,
      42.73158264160156,
      40.45595932006836,
      25.53125762939453,
      23.911924362182617,
      11.361188888549805,
      12.18138599395752,
      9.119967460632324,
      7.196193695068359,
      8.832291603088379,
      0.17549142241477966
    ],
    [
      50.348670959472656,
      37.70604705810547,
      40.77819061279297,
      60.70260238647461,
      34.573177337646484,
      77.04044342041016,
      31.991228103637695,
      76.65299224853516,
      40.45595932006836,
      88.95526123046875,
      18.997478485107422,
      46.581058502197266,
      4.655960559844971,
      12.503448486328125,
      3.2682225704193115,
      5.374368667602539,
      7.103325843811035,
      -5.335310935974121
    ],
    [
      14.363322257995605,
      15.044373512268066,
      15.965394973754883,
      12.373391151428223,
      17.594329833984375,
      8.264229774475098,
      20.78624153137207,
      10.665521621704102,
      25.53125762939453,
      18.997478485107422,
      26.274545669555664,
      17.397884368896484,
      15.663920402526855,
      12.947586059570312,
      13.472597122192383,
      9.951849937438965,
      12.609879493713379,
      6.539431095123291
    ],
    [
      29.340023040771484,
      25.519182205200195,
      25.748146057128906,
      31.863178253173828,
      19.558122634887695,
      38.06661605834961,
      17.991188049316406,
      39.15605926513672,
      23.911924362182617,
      46.581058502197266,
      17.397884368896484,
      37.9521484375,
      11.093282699584961,
      20.507251739501953,
      7.921934127807617,
      14.393872261047363,
      12.859864234924316,
      5.831691741943359
    ],
    [
      8.10721492767334,
      12.455365180969238,
      10.436840057373047,
      3.6489040851593018,
      7.191916465759277,
      -3.2490715980529785,
      7.651637077331543,
      -2.536189317703247,
      11.361188888549805,
      4.655960559844971,
      15.663920402526855,
      11.093282699584961,
      26.748830795288086,
      19.466249465942383,
      21.709476470947266,
      18.21361541748047,
      16.125457763671875,
      19.520517349243164
    ],
    [
      8.912047386169434,
      12.171337127685547,
      10.987088203430176,
      4.705732345581055,
      6.090500831604004,
      -0.16446125507354736,
      6.189261436462402,
      1.424420952796936,
      12.18138599395752,
      12.503448486328125,
      12.947586059570312,
      20.507251739501953,
      19.466249465942383,
      34.89936828613281,
      15.4891939163208,
      30.46041488647461,
      22.30060386657715,
      22.518173217773438
    ],
    [
      0.6424722671508789,
      7.042118072509766,
      -0.0010435809381306171,
      -3.8139050006866455,
      5.294581413269043,
      -5.407488822937012,
      5.603043556213379,
      -5.1372809410095215,
      9.119967460632324,
      3.2682225704193115,
      13.472597122192383,
      7.921934127807617,
      21.709476470947266,
      15.4891939163208,
      26.851577758789062,
      19.489151000976562,
      24.132219314575195,
      21.35696029663086
    ],
    [
      -3.848660945892334,
      5.21234655380249,
      -4.066120624542236,
      -7.872866153717041,
      -0.19407449662685394,
      -5.869769096374512,
      0.15453381836414337,
      -5.613893032073975,
      7.196193695068359,
      5.374368667602539,
      9.951849937438965,
      14.393872261047363,
      18.21361541748047,
      30.46041488647461,
      19.489151000976562,
      39.01706314086914,
      24.11620330810547,
      35.07049560546875
    ],
    [
      -4.086007595062256,
      4.331188201904297,
      -4.709951400756836,
      -6.373387336730957,
      4.180397987365723,
      -5.46542501449585,
      5.321265697479248,
      -4.258223533630371,
      8.832291603088379,
      7.103325843811035,
      12.609879493713379,
      12.859864234924316,
      16.125457763671875,
      22.30060386657715,
      24.132219314575195,
      24.11620330810547,
      41.80107116699219,
      18.644184112548828
    ],
    [
      -11.518693923950195,
      -1.310294508934021,
      -14.692800521850586,
      -16.779752731323242,
      -7.472921371459961,
      -13.673913955688477,
      -5.9843974113464355,
      -12.996967315673828,
      0.17549142241477966,
      -5.335310935974121,
      6.539431095123291,
      5.831691741943359,
      19.520517349243164,
      22.518173217773438,
      21.35696029663086,
      35.07049560546875,
      18.644184112548828,
      51.32686996459961
    ]
  ],
  "covariance_short": [
    [
      290.8739929199219,
      175.61097717285156,
      131.59323120117188,
      115.00074768066406,
      49.29290008544922,
      57.9063720703125,
      32.433895111083984,
      52.20234298706055,
      56.359619140625,
      80.7414321899414,
      39.44498825073242,
      65.7574691772461,
      34.2178955078125,
      46.19581985473633,
      18.678293228149414,
      23.462358474731445,
      18.765153884887695,
      19.129776000976562
    ],
    [
      175.61097717285156,
      140.5770721435547,
      90.59239196777344,
      86.14922332763672,
      36.20394515991211,
      48.02954864501953,
      26.32735824584961,
      41.46516036987305,
      44.27952575683594,
      61.786476135253906,
      36.197998046875,
      54.29352569580078,
      38.71284103393555,
      47.25693893432617,
      28.027442932128906,
      37.58209991455078,
      30.182891845703125,
      38.58835220336914
    ],
    [
      131.59323120117188,
      90.59239196777344,
      109.35983276367188,
      89.32655334472656,
      42.625091552734375,
      43.31288528442383,
      29.52496337890625,
      40.6575813293457,
      38.905635833740234,
      52.53285598754883,
      29.166515350341797,
      44.018409729003906,
      26.662424087524414,
      32.97100067138672,
      12.155403137207031,
      15.791072845458984,
      12.825628280639648,
      10.606789588928223
    ],
    [
      115.00074768066406,
      86.14922332763672,
      89.32655334472656,
      109.05290222167969,
      43.94337463378906,
      73.68141174316406,
      36.21331787109375,
      65.0630874633789,
      43.24320983886719,
      68.93463134765625,
      31.67306137084961,
      53.57756805419922,
      27.995037078857422,
      34.791812896728516,
      17.233964920043945,
      21.112548828125,
      18.032325744628906,
      15.995271682739258
    ],
    [
      49.29290008544922,
      36.20394515991211,
      42.625091552734375,
      43.94337463378906,
      77.87382507324219,
      65.20501708984375,
      58.43742752075195,
      56.856605529785156,
      49.912078857421875,
      56.34794616699219,
      38.65171813964844,
      38.34846878051758,
      21.236581802368164,
      19.603864669799805,
      20.116260528564453,
      15.746770858764648,
      20.290538787841797,
      11.639423370361328
    ],
    [
      57.9063720703125,
      48.02954864501953,
      43.31288528442383,
      73.68141174316406,
      65.20501708984375,
      174.59446716308594,
      56.97004699707031,
      141.08114624023438,
      53.22713088989258,
      112.91281127929688,
      31.340669631958008,
      71.73403930664062,
      14.39513874053955,
      23.193174362182617,
      15.377514839172363,
      22.778593063354492,
      17.435623168945312,
      15.954097747802734
    ],
    [
      32.433895111083984,
      26.32735824584961,
      29.52496337890625,
      36.21331787109375,
      58.43742752075195,
      56.97004699707031,
      86.95108795166016,
      63.548133850097656,
      55.139949798583984,
      51.182716369628906,
      42.72099685668945,
      35.019344329833984,
      21.851362228393555,
      17.00534439086914,
      19.860204696655273,
      13.658897399902344,
      19.623462677001953,
      9.451944351196289
    ],
    [
      52.20234298706055,
      41.46516036987305,
      40.6575813293457,
      65.0630874633789,
      56.856605529785156,
      141.08114624023438,
      63.548133850097656,
      154.66317749023438,
      52.169029235839844,
      106.35291290283203,
      31.502296447753906,
      68.52639770507812,
      12.70322036743164,
      21.57166862487793,
      11.462100982666016,
      18.287439346313477,
      12.371414184570312,
      11.011154174804688
    ],
    [
      56.359619140625,
      44.27952575683594,
      38.905635833740234,
      43.24320983886719,
      49.912078857421875,
      53.22713088989258,
      55.139949798583984,
      52.169029235839844,
      86.97736358642578,
      72.01296997070312,
      55.09010696411133,
      49.5308837890625,
      31.44992446899414,
      30.37775421142578,
      28.817930221557617,
      26.807037353515625,
      28.08207130432129,
      23.770164489746094
    ],
    [
      80.7414321899414,
      61.786476135253906,
      52.53285598754883,
      68.93463134765625,
      56.34794616699219,
      112.91281127929688,
      51.182716369628906,
      106.35291290283203,
      72.01296997070312,
      131.74530029296875,
      43.17368698120117,
      80.74955749511719,
      22.84813117980957,
      37.64269256591797,
      22.960590362548828,
      33.04768371582031,
      27.562620162963867,
      25.95611000061035
    ],
    [
      39.44498825073242,
      36.197998046875,
      29.166515350341797,
      31.67306137084961,
      38.65171813964844,
      31.340669631958008,
      42.72099685668945,
      31.502296447753906,
      55.09010696411133,
      43.17368698120117,
      59.798194885253906,
      42.480472564697266,
      41.41935729980469,
      35.43891525268555,
      38.2546272277832,
      33.88249969482422,
      37.55251693725586,
      33.45804977416992
    ],
    [
      65.7574691772461,
      54.29352569580078,
      44.018409729003906,
      53.57756805419922,
      38.34846878051758,
      71.73403930664062,
      35.019344329833984,
      68.52639770507812,
      49.5308837890625,
      80.74955749511719,
      42.480472564697266,
      79.49596405029297,
      36.15877151489258,
      53.422637939453125,
      32.959442138671875,
      49.9231071472168,
      39.91787338256836,
      45.40529251098633
    ],
    [
      34.2178955078125,
      38.71284103393555,
      26.662424087524414,
      27.995037078857422,
      21.236581802368164,
      14.39513874053955,
      21.851362228393555,
      12.70322036743164,
      31.44992446899414,
      22.84813117980957,
      41.41935729980469,
      36.15877151489258,
      66.42735290527344,
      57.263423919677734,
      56.49455642700195,
      60.62446975708008,
      55.12236785888672,
      67.49401092529297
    ],
    [
      46.19581985473633,
      47.25693893432617,
      32.97100067138672,
      34.791812896728516,
      19.603864669799805,
      23.193174362182617,
      17.00534439086914,
      21.57166862487793,
      30.37775421142578,
      37.64269256591797,
      35.43891525268555,
      53.422637939453125,
      57.263423919677734,
      81.41219329833984,
      48.690818786621094,
      80.70675659179688,
      58.771026611328125,
      83.24726867675781
    ],
    [
      18.678293228149414,
      28.027442932128906,
      12.155403137207031,
      17.233964920043945,
      20.116260528564453,
      15.377514839172363,
      19.860204696655273,
      11.462100982666016,
      28.817930221557617,
      22.960590362548828,
      38.2546272277832,
      32.959442138671875,
      56.49455642700195,
      48.690818786621094,
      68.95674896240234,
      61.05531692504883,
      66.3918228149414,
      69.2136001586914
    ],
    [
      23.462358474731445,
      37.58209991455078,
      15.791072845458984,
      21.112548828125,
      15.746770858764648,
      22.778593063354492,
      13.658897399902344,
      18.287439346313477,
      26.807037353515625,
      33.04768371582031,
      33.88249969482422,
      49.9231071472168,
      60.62446975708008,
      80.70675659179688,
      61.05531692504883,
      103.77919006347656,
      71.36131286621094,
      110.861572265625
    ],
    [
      18.765153884887695,
      30.182891845703125,
      12.825628280639648,
      18.032325744628906,
      20.290538787841797,
      17.435623168945312,
      19.623462677001953,
      12.371414184570312,
      28.08207130432129,
      27.562620162963867,
      37.55251693725586,
      39.91787338256836,
      55.12236785888672,
      58.771026611328125,
      66.3918228149414,
      71.36131286621094,
      86.48509979248047,
      77.1896743774414
    ],
    [
      19.129776000976562,
      38.58835220336914,
      10.606789588928223,
      15.995271682739258,
      11.639423370361328,
      15.954097747802734,
      9.451944351196289,
      11.011154174804688,
      23.770164489746094,
      25.95611000061035,
      33.45804977416992,
      45.40529251098633,
      67.49401092529297,
      83.24726867675781,
      69.2136001586914,
      110.861572265625,
      77.1896743774414,
      136.2064666748047
    ]
  ],
  "drr": 13.759137153625488,
  "dynamics": 4.34270715713501,
  "format": 1245190,
  "frames": 9177088,
  "loudness": -12.933152198791504,
  "loudness_range": 12.051024436950684,
  "loudness_range_short": 21.02703857421875,
  "peak": 0.6789156198501587,
  "rms": -13.165522575378418,
  "sample_rate": 44100,
  "sections": 1,
  "seekable": 1,
  "sharpness": 5.341422080993652,
  "space": -11.730061531066895
}