{
  "bands": [
    {
      "high_freq": 148.1999969482422,
      "loudness": -37.91852951049805,
      "loudness_range": 15.431068420410156,
      "mid_mean": -36.615936279296875,
      "mid_to_side_loudness": -1.8262004852294922,
      "mid_to_side_loudness_range": 4.0073137283325195,
      "side_mean": -38.16145706176758
    },
    {
      "high_freq": 392.3793640136719,
      "loudness": -29.94228172302246,
      "loudness_range": 13.215545654296875,
      "low_freq": 148.1999969482422,
      "mid_mean": -28.372133255004883,
      "mid_to_side_loudness": -2.1913340091705322,
      "mid_to_side_loudness_range": 4.3327956199646,
      "side_mean": -30.420387268066406
    },
    {
      "high_freq": 794.6976318359375,
      "loudness": -28.655935287475586,
      "loudness_range": 11.566606521606445,
      "low_freq": 392.3793640136719,
      "mid_mean": -26.849563598632812,
      "mid_to_side_loudness": -3.0636954307556152,
      "mid_to_side_loudness_range": 5.567048072814941,
      "side_mean": -29.77088737487793
    },
    {
      "high_freq": 1457.5709228515625,
      "loudness": -35.34575653076172,
      "loudness_range": 14.278287887573242,
      "low_freq": 794.6976318359375,
      "mid_mean": -33.433685302734375,
      "mid_to_side_loudness": -3.6367006301879883,
      "mid_to_side_loudness_range": 7.628533840179443,
      "side_mean": -36.99589920043945
    },
    {
      "high_freq": 2549.74365234375,
      "loudness": -42.46849060058594,
      "loudness_range": 12.65771484375,
      "low_freq": 1457.5709228515625,
      "mid_mean": -40.71744918823242,
      "mid_to_side_loudness": -3.0873899459838867,
      "mid_to_side_loudness_range": 5.357637405395508,
      "side_mean": -43.544429779052734
    },
    {
      "high_freq": 4349.24462890625,
      "loudness": -54.21047592163086,
      "loudness_range": 15.008743286132812,
      "low_freq": 2549.74365234375,
      "mid_mean": -52.97118377685547,
      "mid_to_side_loudness": -2.848220109939575,
      "mid_to_side_loudness_range": 5.266298770904541,
      "side_mean": -55.55756378173828
    },
    {
      "high_freq": 7314.1640625,
      "loudness": -67.85437774658203,
      "loudness_range": 17.810508728027344,
      "low_freq": 4349.24462890625,
      "mid_mean": -64.21580505371094,
      "mid_to_side_loudness": -2.4817452430725098,
      "mid_to_side_loudness_range": 3.6797099113464355,
      "side_mean": -65.62663269042969
    },
    {
      "high_freq": 12199.2666015625,
      "loudness": -74.92425537109375,
      "loudness_range": 3.3566741943359375,
      "low_freq": 7314.1640625,
      "mid_mean": -68.36080932617188,
      "mid_to_side_loudness": -1.8693046569824219,
      "mid_to_side_loudness_range": 0.7618956565856934,
      "side_mean": -68.86664581298828
    },
    {
      "loudness": 0,
      "loudness_range": 0,
      "low_freq": 12199.2666015625,
      "mid_mean": -68.68934631347656,
      "mid_to_side_loudness": -2.7945380210876465,
      "mid_to_side_loudness_range": 1.8053619861602783,
      "side_mean": -69.27387237548828
    }
  ],
  "bands_short": [
    {
      "high_freq": 148.1999969482422,
      "loudness": -42.21568298339844,
      "loudness_range": 22.80658531188965,
      "mid_mean": -41.079620361328125,
      "mid_to_side_loudness": -1.7199560403823853,
      "mid_to_side_loudness_range": 9.86739444732666,
      "side_mean": -42.610801696777344
    },
    {
      "high_freq": 392.3793640136719,
      "loudness": -31.9853515625,
      "loudness_range": 17.41754150390625,
      "low_freq": 148.1999969482422,
      "mid_mean": -30.48006248474121,
      "mid_to_side_loudness": -2.3830928802490234,
      "mid_to_side_loudness_range": 7.009675979614258,
      "side_mean": -32.72776412963867
    },
    {
      "high_freq": 794.6976318359375,
      "loudness": -29.218826293945312,
      "loudness_range": 15.778457641601562,
      "low_freq": 392.3793640136719,
      "mid_mean": -27.602996826171875,
      "mid_to_side_loudness": -2.932918071746826,
      "mid_to_side_loudness_range": 7.369136333465576,
      "side_mean": -30.344831466674805
    },
    {
      "high_freq": 1457.5709228515625,
      "loudness": -35.6961784362793,
      "loudness_range": 17.224334716796875,
      "low_freq": 794.6976318359375,
      "mid_mean": -33.89794921875,
      "mid_to_side_loudness": -3.714359998703003,
      "mid_to_side_loudness_range": 9.672792434692383,
      "side_mean": -37.579742431640625
    },
    {
      "high_freq": 2549.74365234375,
      "loudness": -44.10749435424805,
      "loudness_range": 17.682579040527344,
      "low_freq": 1457.5709228515625,
      "mid_mean": -42.358455657958984,
      "mid_to_side_loudness": -3.298644781112671,
      "mid_to_side_loudness_range": 8.005768775939941,
      "side_mean": -45.51524353027344
    },
    {
      "high_freq": 4349.24462890625,
      "loudness": -54.81065368652344,
      "loudness_range": 20.446834564208984,
      "low_freq": 2549.74365234375,
      "mid_mean": -53.59761428833008,
      "mid_to_side_loudness": -3.1286542415618896,
      "mid_to_side_loudness_range": 7.581173419952393,
      "side_mean": -56.34367370605469
    },
    {
      "high_freq": 7314.1640625,
      "loudness": -69.2510757446289,
      "loudness_range": 18.019577026367188,
      "low_freq": 4349.24462890625,
      "mid_mean": -65.03121948242188,
      "mid_to_side_loudness": -2.3918168544769287,
      "mid_to_side_loudness_range": 4.033440113067627,
      "side_mean": -66.27210998535156
    },
    {
      "high_freq": 12199.2666015625,
      "loudness": -75.03335571289062,
      "loudness_range": 3.3037185668945312,
      "low_freq": 7314.1640625,
      "mid_mean": -68.38829803466797,
      "mid_to_side_loudness": -1.8483036756515503,
      "mid_to_side_loudness_range": 1.678236961364746,
      "side_mean": -68.88156127929688
    },
    {
      "loudness": -76.41341400146484,
      "loudness_range": 2.2963104248046875,
      "low_freq": 12199.2666015625,
      "mid_mean": -68.69448852539062,
      "mid_to_side_loudness": -2.7364447116851807,
      "mid_to_side_loudness_range": 2.353029727935791,
      "side_mean": -69.27066802978516
    }
  ],
  "channels": 2,
  "covariance": [
    [
      29.49466896057129,
      27.567306518554688,
      6.211858749389648,
      5.82096004486084,
      2.7380905151367188,
      3.442701578140259,
      0.7829503417015076,
      1.8395824432373047,
      3.227766990661621,
      2.33919358253479,
      4.5338215827941895,
      5.770926475524902,
      1.148587703704834,
      0.31874704360961914,
      -0.06230700761079788,
      -0.08346308022737503,
      0.06170529127120972,
      0.043810199946165085
    ],
    [
      27.567306518554688,
      32.4686164855957,
      5.592384338378906,
      6.345313549041748,
      1.5751049518585205,
      2.7473723888397217,
      -0.5287769436836243,
      0.9507167339324951,
      1.1397631168365479,
      1.2809488773345947,
      1.7668910026550293,
      3.89544939994812,
      -0.3962641656398773,
      -0.7514275312423706,
      -0.10259509831666946,
      -0.11425953358411789,
      0.02061075158417225,
      0.031880199909210205
    ],
    [
      6.211858749389648,
      5.592384338378906,
      24.065731048583984,
      22.83016014099121,
      8.61192512512207,
      7.19882345199585,
      4.744608402252197,
      3.5143089294433594,
      6.237787246704102,
      6.194284915924072,
      6.055000305175781,
      5.793160438537598,
      0.38562092185020447,
      -1.2382889986038208,
      0.07173395156860352,
      -0.09191790223121643,
      0.4543209373950958,
      0.13873280584812164
    ],
    [
      5.82096004486084,
      6.345313549041748,
      22.83016014099121,
      26.108442306518555,
      7.007365703582764,
      6.766932010650635,
      2.349536895751953,
      2.8614330291748047,
      4.342262268066406,
      5.407808780670166,
      3.9094908237457275,
      3.885279417037964,
      -1.2444604635238647,
      -2.321484327316284,
      -0.012935510836541653,
      -0.16189822554588318,
      0.38659894466400146,
      0.13524611294269562
    ],
    [
      2.7380905151367188,
      1.5751049518585205,
      8.61192512512207,
      7.007365703582764,
      18.724355697631836,
      15.756823539733887,
      12.096234321594238,
      11.176151275634766,
      12.57242202758789,
      11.984423637390137,
      15.349706649780273,
      14.717193603515625,
      8.585677146911621,
      6.28271484375,
      0.6710131764411926,
      0.4334094524383545,
      0.5647461414337158,
      0.17934636771678925
    ],
    [
      3.442701578140259,
      2.7473723888397217,
      7.19882345199585,
      6.766932010650635,
      15.756823539733887,
      20.78301429748535,
      9.670459747314453,
      14.03624439239502,
      11.977829933166504,
      15.893712043762207,
      15.550637245178223,
      18.073909759521484,
      8.464537620544434,
      7.569654941558838,
      0.6545747518539429,
      0.42318275570869446,
      0.4237501323223114,
      0.1635032296180725
    ],
    [
      0.7829503417015076,
      -0.5287769436836243,
      4.744608402252197,
      2.349536895751953,
      12.096234321594238,
      9.670459747314453,
      27.1533145904541,
      19.809772491455078,
      11.55556869506836,
      11.164722442626953,
      16.598346710205078,
      16.291290283203125,
      8.733492851257324,
      7.402736663818359,
      1.0274732112884521,
      0.6811126470565796,
      0.7245604991912842,
      0.21775418519973755
    ],
    [
      1.8395824432373047,
      0.9507167339324951,
      3.5143089294433594,
      2.8614330291748047,
      11.176151275634766,
      14.03624439239502,
      19.809772491455078,
      26.744709014892578,
      10.656146049499512,
      15.5947265625,
      16.834318161010742,
      21.203014373779297,
      10.0542573928833,
      9.75062084197998,
      1.1084764003753662,
      0.7701520323753357,
      0.549163818359375,
      0.21094997227191925
    ],
    [
      3.227766990661621,
      1.1397631168365479,
      6.237787246704102,
      4.342262268066406,
      12.57242202758789,
      11.977829933166504,
      11.55556869506836,
      10.656146049499512,
      23.90749740600586,
      21.848678588867188,
      16.788074493408203,
      17.158802032470703,
      11.833483695983887,
      9.988184928894043,
      0.873843789100647,
      0.571911633014679,
      0.5544688701629639,
      0.1806192696094513
    ],
    [
      2.33919358253479,
      1.2809488773345947,
      6.194284915924072,
      5.407808780670166,
      11.984423637390137,
      15.893712043762207,
      11.164722442626953,
      15.5947265625,
      21.848678588867188,
      29.34734535217285,
      17.385908126831055,
      21.37215805053711,
      12.887700080871582,
      12.2785062789917,
      0.9990978837013245,
      0.6962921619415283,
      0.4609597623348236,
      0.18551687896251678
    ],
    [
      4.5338215827941895,
      1.7668910026550293,
      6.055000305175781,
      3.9094908237457275,
      15.349706649780273,
      15.550637245178223,
      16.598346710205078,
      16.834318161010742,
      16.788074493408203,
      17.385908126831055,
      37.023773193359375,
      33.56548309326172,
      17.111265182495117,
      14.01119613647461,
      1.9925271272659302,
      1.340637445449829,
      1.2906508445739746,
      0.574031412601471
    ],
    [
      5.770926475524902,
      3.89544939994812,
      5.793160438537598,
      3.885279417037964,
      14.717193603515625,
      18.073909759521484,
      16.291290283203125,
      21.203014373779297,
      17.158802032470703,
      21.37215805053711,
      33.56548309326172,
      38.73451232910156,
      17.11583709716797,
      16.012582778930664,
      1.9984315633773804,
      1.3848575353622437,
      1.1071078777313232,
      0.5206111073493958
    ],
    [
      1.148587703704834,
      -0.3962641656398773,
      0.38562092185020447,
      -1.2444604635238647,
      8.585677146911621,
      8.464537620544434,
      8.733492851257324,
      10.0542573928833,
      11.833483695983887,
      12.887700080871582,
      17.111265182495117,
      17.11583709716797,
      17.5416316986084,
      15.318065643310547,
      1.5609915256500244,
      1.1226927042007446,
      0.660658597946167,
      0.28170695900917053
    ],
    [
      0.31874704360961914,
      -0.7514275312423706,
      -1.2382889986038208,
      -2.321484327316284,
      6.28271484375,
      7.569654941558838,
      7.402736663818359,
      9.75062084197998,
      9.988184928894043,
      12.2785062789917,
      14.01119613647461,
      16.012582778930664,
      15.318065643310547,
      15.326959609985352,
      1.4454623460769653,
      1.073040246963501,
      0.5009699463844299,
      0.23014816641807556
    ],
    [
      -0.06230700761079788,
      -0.10259509831666946,
      0.07173395156860352,
      -0.012935510836541653,
      0.6710131764411926,
      0.6545747518539429,
      1.0274732112884521,
      1.1084764003753662,
      0.873843789100647,
      0.9990978837013245,
      1.9925271272659302,
      1.9984315633773804,
      1.5609915256500244,
      1.4454623460769653,
      0.4174264073371887,
      0.27926352620124817,
      0.2043498456478119,
      0.07808306068181992
    ],
    [
      -0.08346308022737503,
      -0.11425953358411789,
      -0.09191790223121643,
      -0.16189822554588318,
      0.4334094524383545,
      0.42318275570869446,
      0.6811126470565796,
      0.7701520323753357,
      0.571911633014679,
      0.6962921619415283,
      1.340637445449829,
      1.3848575353622437,
      1.1226927042007446,
      1.073040246963501,
      0.27926352620124817,
      0.2113983929157257,
      0.10129797458648682,
      0.04370615631341934
    ],
    [
      0.06170529127120972,
      0.02061075158417225,
      0.4543209373950958,
      0.38659894466400146,
      0.5647461414337158,
      0.4237501323223114,
      0.7245604991912842,
      0.549163818359375,
      0.5544688701629639,
      0.4609597623348236,
      1.2906508445739746,
      1.1071078777313232,
      0.660658597946167,
      0.5009699463844299,
      0.2043498456478119,
      0.10129797458648682,
      0.1903010606765747,
      0.0654505044221878
    ],
    [
      0.043810199946165085,
      0.031880199909210205,
      0.13873280584812164,
      0.13524611294269562,
      0.17934636771678925,
      0.1635032296180725,
      0.21775418519973755,
      0.21094997227191925,
      0.1806192696094513,
      0.18551687896251678,
      0.574031412601471,
      0.5206111073493958,
      0.28170695900917053,
      0.23014816641807556,
      0.07808306068181992,
      0.04370615631341934,
      0.0654505044221878,
      0.026718968525528908
    ]
  ],
  "covariance_short": [
    [
      60.605323791503906,
      56.58795928955078,
      14.901611328125,
      16.324932098388672,
      7.028054714202881,
      7.788663387298584,
      6.660549163818359,
      7.074657440185547,
      8.079795837402344,
      9.277539253234863,
      8.420639038085938,
      8.897064208984375,
      2.5285286903381348,
      1.5981779098510742,
      0.23017103970050812,
      0.13126350939273834,
      0.18845844268798828,
      0.10120296478271484
    ],
    [
      56.58795928955078,
      66.75212097167969,
      14.72368335723877,
      17.31328010559082,
      6.785538673400879,
      8.375186920166016,
      5.516453266143799,
      6.937315464019775,
      6.9163408279418945,
      9.322879791259766,
      6.978330612182617,
      8.535945892333984,
      2.090597629547119,
      1.2824313640594482,
      0.2341412901878357,
      0.1273723691701889,
      0.16865681111812592,
      0.09304067492485046
    ],
    [
      14.901611328125,
      14.72368335723877,
      39.08893585205078,
      35.84808349609375,
      18.177438735961914,
      16.797454833984375,
      12.497154235839844,
      10.6375732421875,
      14.10547161102295,
      14.961508750915527,
      11.777036666870117,
      10.885782241821289,
      3.1662936210632324,
      1.112097978591919,
      0.2059510499238968,
      0.04890221729874611,
      0.5223095417022705,
      0.18110060691833496
    ],
    [
      16.324932098388672,
      17.31328010559082,
      35.84808349609375,
      44.3941535949707,
      16.38815689086914,
      18.188047409057617,
      9.737152099609375,
      11.143858909606934,
      12.686476707458496,
      16.076385498046875,
      10.15393352508545,
      10.05537223815918,
      1.7944836616516113,
      0.4554242491722107,
      0.17122729122638702,
      0.014486459083855152,
      0.43188515305519104,
      0.18326833844184875
    ],
    [
      7.028054714202881,
      6.785538673400879,
      18.177438735961914,
      16.38815689086914,
      34.73253631591797,
      29.40397071838379,
      20.226333618164062,
      18.324169158935547,
      22.78607177734375,
      21.9039306640625,
      24.658851623535156,
      23.00501823425293,
      10.388659477233887,
      7.53099250793457,
      0.8463670015335083,
      0.5410670638084412,
      0.7263846397399902,
      0.2623273730278015
    ],
    [
      7.788663387298584,
      8.375186920166016,
      16.797454833984375,
      18.188047409057617,
      29.40397071838379,
      38.325279235839844,
      17.30287742614746,
      23.060537338256836,
      21.242334365844727,
      27.73642349243164,
      24.0799560546875,
      26.978307723999023,
      9.894576072692871,
      8.623517990112305,
      0.8581948280334473,
      0.5753990411758423,
      0.5301522612571716,
      0.24777543544769287
    ],
    [
      6.660549163818359,
      5.516453266143799,
      12.497154235839844,
      9.737152099609375,
      20.226333618164062,
      17.30287742614746,
      41.38578796386719,
      29.53028106689453,
      22.72270393371582,
      21.476837158203125,
      28.425983428955078,
      26.15914535522461,
      12.7313871383667,
      10.009282112121582,
      1.2219548225402832,
      0.8142172694206238,
      0.9226104617118835,
      0.30817949771881104
    ],
    [
      7.074657440185547,
      6.937315464019775,
      10.6375732421875,
      11.143858909606934,
      18.324169158935547,
      23.060537338256836,
      29.53028106689453,
      39.950130462646484,
      20.48430824279785,
      27.561969757080078,
      27.952077865600586,
      32.6151237487793,
      13.293246269226074,
      12.40438175201416,
      1.2734042406082153,
      0.9158103466033936,
      0.6336145997047424,
      0.28712180256843567
    ],
    [
      8.079795837402344,
      6.9163408279418945,
      14.10547161102295,
      12.686476707458496,
      22.78607177734375,
      21.242334365844727,
      22.72270393371582,
      20.48430824279785,
      38.95152282714844,
      35.70262145996094,
      31.37590789794922,
      29.43133544921875,
      15.34617805480957,
      12.310694694519043,
      1.21749746799469,
      0.8416581153869629,
      0.7073155045509338,
      0.2685323655605316
    ],
    [
      9.277539253234863,
      9.322879791259766,
      14.961508750915527,
      16.076385498046875,
      21.9039306640625,
      27.73642349243164,
      21.476837158203125,
      27.561969757080078,
      35.70262145996094,
      49.2866096496582,
      31.98756980895996,
      37.91880798339844,
      16.28084945678711,
      15.167523384094238,
      1.3842308521270752,
      1.012732744216919,
      0.5642601251602173,
      0.28049787878990173
    ],
    [
      8.420639038085938,
      6.978330612182617,
      11.777036666870117,
      10.15393352508545,
      24.658851623535156,
      24.0799560546875,
      28.425983428955078,
      27.952077865600586,
      31.37590789794922,
      31.98756980895996,
      54.77351379394531,
      49.399784088134766,
      23.63488006591797,
      19.16278648376465,
      2.4399917125701904,
      1.726165771484375,
      1.4220435619354248,
      0.6561374664306641
    ],
    [
      8.897064208984375,
      8.535945892333984,
      10.885782241821289,
      10.05537223815918,
      23.00501823425293,
      26.978307723999023,
      26.15914535522461,
      32.6151237487793,
      29.43133544921875,
      37.91880798339844,
      49.399784088134766,
      56.5202522277832,
      23.136878967285156,
      21.478742599487305,
      2.409106969833374,
      1.7714227437973022,
      1.1428102254867554,
      0.5872008800506592
    ],
    [
      2.5285286903381348,
      2.090597629547119,
      3.1662936210632324,
      1.7944836616516113,
      10.388659477233887,
      9.894576072692871,
      12.7313871383667,
      13.293246269226074,
      15.34617805480957,
      16.28084945678711,
      23.63488006591797,
      23.136878967285156,
      19.349119186401367,
      16.37727928161621,
      1.6603862047195435,
      1.2363572120666504,
      0.6501766443252563,
      0.2951447665691376
    ],
    [
      1.5981779098510742,
      1.2824313640594482,
      1.112097978591919,
      0.4554242491722107,
      7.53099250793457,
      8.623517990112305,
      10.009282112121582,
      12.40438175201416,
      12.310694694519043,
      15.167523384094238,
      19.16278648376465,
      21.478742599487305,
      16.37727928161621,
      16.028968811035156,
      1.4701335430145264,
      1.1568351984024048,
      0.4311286509037018,
      0.22929446399211884
    ],
    [
      0.23017103970050812,
      0.2341412901878357,
      0.2059510499238968,
      0.17122729122638702,
      0.8463670015335083,
      0.8581948280334473,
      1.2219548225402832,
      1.2734042406082153,
      1.21749746799469,
      1.3842308521270752,
      2.4399917125701904,
      2.409106969833374,
      1.6603862047195435,
      1.4701335430145264,
      0.5628208518028259,
      0.37066951394081116,
      0.2642887234687805,
      0.10255440324544907
    ],
    [
      0.13126350939273834,
      0.1273723691701889,
      0.04890221729874611,
      0.014486459083855152,
      0.5410670638084412,
      0.5753990411758423,
      0.8142172694206238,
      0.9158103466033936,
      0.8416581153869629,
      1.012732744216919,
      1.726165771484375,
      1.7714227437973022,
      1.2363572120666504,
      1.1568351984024048,
      0.37066951394081116,
      0.2931159734725952,
      0.12459677457809448,
      0.055563151836395264
    ],
    [
      0.18845844268798828,
      0.16865681111812592,
      0.5223095417022705,
      0.43188515305519104,
      0.7263846397399902,
      0.5301522612571716,
      0.9226104617118835,
      0.6336145997047424,
      0.7073155045509338,
      0.5642601251602173,
      1.4220435619354248,
      1.1428102254867554,
      0.6501766443252563,
      0.4311286509037018,
      0.2642887234687805,
      0.12459677457809448,
      0.26484179496765137,
      0.08802631497383118
    ],
    [
      0.10120296478271484,
      0.09304067492485046,
      0.18110060691833496,
      0.18326833844184875,
      0.2623273730278015,
      0.24777543544769287,
      0.30817949771881104,
      0.28712180256843567,
      0.2685323655605316,
      0.28049787878990173,
      0.6561374664306641,
      0.5872008800506592,
      0.2951447665691376,
      0.22929446399211884,
      0.10255440324544907,
      0.055563151836395264,
      0.08802631497383118,
      0.03770258650183678
    ]
  ],
  "drr": 10.030646324157715,
  "dynamics": 3.182286500930786,
  "format": 1245190,
  "frames": 6942720,
  "loudness": -20.99124526977539,
  "loudness_range": 7.752050399780273,
  "loudness_range_short": 11.961548805236816,
  "peak": -4.297341346740723,
  "rms": -22.79220962524414,
  "sample_rate": 44100,
  "sections": 1,
  "seekable": 1,
  "sharpness": 3.645587205886841,
  "space": -2.6903727054595947
}