{
  "bands": [
    {
      "high_freq": 148.1999969482422,
      "loudness": -31.03671646118164,
      "loudness_range": 10.477985382080078,
      "mid_mean": -27.407381057739258,
      "mid_to_side_loudness": -23.799312591552734,
      "mid_to_side_loudness_range": 7.657100677490234,
      "side_mean": -53.740943908691406
    },
    {
      "high_freq": 392.3793640136719,
      "loudness": -34.1247673034668,
      "loudness_range": 12.262426376342773,
      "low_freq": 148.1999969482422,
      "mid_mean": -30.605710983276367,
      "mid_to_side_loudness": -21.285213470458984,
      "mid_to_side_loudness_range": 14.875093460083008,
      "side_mean": -54.218013763427734
    },
    {
      "high_freq": 794.6976318359375,
      "loudness": -31.52772331237793,
      "loudness_range": 11.737220764160156,
      "low_freq": 392.3793640136719,
      "mid_mean": -28.605178833007812,
      "mid_to_side_loudness": -13.196988105773926,
      "mid_to_side_loudness_range": 24.034631729125977,
      "side_mean": -42.24209976196289
    },
    {
      "high_freq": 1457.5709228515625,
      "loudness": -34.12400436401367,
      "loudness_range": 18.22921371459961,
      "low_freq": 794.6976318359375,
      "mid_mean": -32.115509033203125,
      "mid_to_side_loudness": -6.085674285888672,
      "mid_to_side_loudness_range": 17.323759078979492,
      "side_mean": -38.25345230102539
    },
    {
      "high_freq": 2549.74365234375,
      "loudness": -37.03883743286133,
      "loudness_range": 17.125028610229492,
      "low_freq": 1457.5709228515625,
      "mid_mean": -34.7951774597168,
      "mid_to_side_loudness": -6.4839887619018555,
      "mid_to_side_loudness_range": 15.6199951171875,
      "side_mean": -41.59736633300781
    },
    {
      "high_freq": 4349.24462890625,
      "loudness": -45.95676040649414,
      "loudness_range": 17.893421173095703,
      "low_freq": 2549.74365234375,
      "mid_mean": -43.355194091796875,
      "mid_to_side_loudness": -7.938239097595215,
      "mid_to_side_loudness_range": 14.614153861999512,
      "side_mean": -53.13163375854492
    },
    {
      "high_freq": 7314.1640625,
      "loudness": -50.06673812866211,
      "loudness_range": 15.32659912109375,
      "low_freq": 4349.24462890625,
      "mid_mean": -47.67363739013672,
      "mid_to_side_loudness": -7.930670261383057,
      "mid_to_side_loudness_range": 11.359484672546387,
      "side_mean": -56.4023551940918
    },
    {
      "high_freq": 12199.2666015625,
      "loudness": -51.161373138427734,
      "loudness_range": 14.574466705322266,
      "low_freq": 7314.1640625,
      "mid_mean": -50.81898498535156,
      "mid_to_side_loudness": -6.169276237487793,
      "mid_to_side_loudness_range": 13.437294006347656,
      "side_mean": -56.277591705322266
    },
    {
      "loudness": -58.17207336425781,
      "loudness_range": 16.029186248779297,
      "low_freq": 12199.2666015625,
      "mid_mean": -57.19422149658203,
      "mid_to_side_loudness": -4.249524116516113,
      "mid_to_side_loudness_range": 11.352865219116211,
      "side_mean": -60.76881790161133
    }
  ],
  "bands_short": [
    {
      "high_freq": 148.1999969482422,
      "loudness": -35.04722595214844,
      "loudness_range": 15.814626693725586,
      "mid_mean": -31.49346923828125,
      "mid_to_side_loudness": -24.1944580078125,
      "mid_to_side_loudness_range": 8.615760803222656,
      "side_mean": -57.50611114501953
    },
    {
      "high_freq": 392.3793640136719,
      "loudness": -31.690593719482422,
      "loudness_range": 12.858030319213867,
      "low_freq": 148.1999969482422,
      "mid_mean": -28.070615768432617,
      "mid_to_side_loudness": -22.6385498046875,
      "mid_to_side_loudness_range": 9.856576919555664,
      "side_mean": -53.0967903137207
    },
    {
      "high_freq": 794.6976318359375,
      "loudness": -32.2271614074707,
      "loudness_range": 13.966644287109375,
      "low_freq": 392.3793640136719,
      "mid_mean": -29.171728134155273,
      "mid_to_side_loudness": -15.254064559936523,
      "mid_to_side_loudness_range": 25.343643188476562,
      "side_mean": -44.958534240722656
    },
    {
      "high_freq": 1457.5709228515625,
      "loudness": -33.92012023925781,
      "loudness_range": 18.543851852416992,
      "low_freq": 794.6976318359375,
      "mid_mean": -31.966590881347656,
      "mid_to_side_loudness": -6.562798976898193,
      "mid_to_side_loudness_range": 21.199722290039062,
      "side_mean": -38.68096160888672
    },
    {
      "high_freq": 2549.74365234375,
      "loudness": -37.87751388549805,
      "loudness_range": 19.679338455200195,
      "low_freq": 1457.5709228515625,
      "mid_mean": -35.86253356933594,
      "mid_to_side_loudness": -6.338014602661133,
      "mid_to_side_loudness_range": 18.40358543395996,
      "side_mean": -42.55244827270508
    },
    {
      "high_freq": 4349.24462890625,
      "loudness": -46.637699127197266,
      "loudness_range": 20.450878143310547,
      "low_freq": 2549.74365234375,
      "mid_mean": -44.24504089355469,
      "mid_to_side_loudness": -7.790213584899902,
      "mid_to_side_loudness_range": 16.44194221496582,
      "side_mean": -53.70790481567383
    },
    {
      "high_freq": 7314.1640625,
      "loudness": -51.16538619995117,
      "loudness_range": 18.39560317993164,
      "low_freq": 4349.24462890625,
      "mid_mean": -50.461402893066406,
      "mid_to_side_loudness": -7.450873374938965,
      "mid_to_side_loudness_range": 13.133702278137207,
      "side_mean": -57.01644515991211
    },
    {
      "high_freq": 12199.2666015625,
      "loudness": -52.404747009277344,
      "loudness_range": 17.519798278808594,
      "low_freq": 7314.1640625,
      "mid_mean": -51.85496139526367,
      "mid_to_side_loudness": -6.143404960632324,
      "mid_to_side_loudness_range": 13.184926986694336,
      "side_mean": -57.21154022216797
    },
    {
      "loudness": -59.30538558959961,
      "loudness_range": 18.62636947631836,
      "low_freq": 12199.2666015625,
      "mid_mean": -58.17478561401367,
      "mid_to_side_loudness": -3.7400429248809814,
      "mid_to_side_loudness_range": 11.339932441711426,
      "side_mean": -61.334007263183594
    }
  ],
  "channels": 2,
  "covariance": [
    [
      21.644458770751953,
      18.86378288269043,
      10.365416526794434,
      11.578385353088379,
      11.761510848999023,
      8.484670639038086,
      9.014057159423828,
      3.108337640762329,
      7.014139652252197,
      5.929178714752197,
      11.571442604064941,
      9.745265007019043,
      11.794781684875488,
      8.812432289123535,
      10.717530250549316,
      7.292391777038574,
      8.3819580078125,
      4.657052040100098
    ],
    [
      18.86378288269043,
      41.706581115722656,
      9.533329010009766,
      33.645565032958984,
      11.443746566772461,
      9.885847091674805,
      7.990129470825195,
      5.0149126052856445,
      6.531398773193359,
      4.158156871795654,
      9.722254753112793,
      34.163726806640625,
      15.939213752746582,
      28.41022491455078,
      37.6559944152832,
      26.6011905670166,
      25.983346939086914,
      17.550859451293945
    ],
    [
      10.365416526794434,
      9.533329010009766,
      24.874855041503906,
      18.860506057739258,
      12.431618690490723,
      6.748525142669678,
      11.446518898010254,
      12.792327880859375,
      10.283727645874023,
      10.39872932434082,
      17.791105270385742,
      15.927362442016602,
      16.40854835510254,
      14.463377952575684,
      13.958958625793457,
      15.629714965820312,
      11.066705703735352,
      11.798670768737793
    ],
    [
      11.578385353088379,
      33.645565032958984,
      18.860506057739258,
      46.568260192871094,
      13.651537895202637,
      16.385822296142578,
      12.221233367919922,
      14.776348114013672,
      9.074617385864258,
      10.073824882507324,
      11.943256378173828,
      36.40577697753906,
      17.52336311340332,
      30.258024215698242,
      38.5489616394043,
      30.889101028442383,
      26.684253692626953,
      21.351356506347656
    ],
    [
      11.761510848999023,
      11.443746566772461,
      12.431618690490723,
      13.651537895202637,
      23.80228042602539,
      19.866968154907227,
      13.044628143310547,
      8.436899185180664,
      10.154570579528809,
      10.763716697692871,
      13.705567359924316,
      13.616423606872559,
      16.23992347717285,
      11.788458824157715,
      16.783262252807617,
      13.907310485839844,
      12.876043319702148,
      9.710945129394531
    ],
    [
      8.484670639038086,
      9.885847091674805,
      6.748525142669678,
      16.385822296142578,
      19.866968154907227,
      89.73319244384766,
      4.673407077789307,
      8.409646987915039,
      2.4687905311584473,
      25.162677764892578,
      -9.954689979553223,
      9.559983253479004,
      -0.14116695523262024,
      6.981645107269287,
      9.508893966674805,
      21.36101531982422,
      5.324331283569336,
      12.258180618286133
    ],
    [
      9.014057159423828,
      7.990129470825195,
      11.446518898010254,
      12.221233367919922,
      13.044628143310547,
      4.673407077789307,
      43.2893180847168,
      37.81680679321289,
      14.621563911437988,
      18.738271713256836,
      14.72351360321045,
      19.758413314819336,
      18.81784439086914,
      15.90533447265625,
      25.214075088500977,
      20.14006805419922,
      22.923227310180664,
      15.103108406066895
    ],
    [
      3.108337640762329,
      5.0149126052856445,
      12.792327880859375,
      14.776348114013672,
      8.436899185180664,
      8.409646987915039,
      37.81680679321289,
      83.38910675048828,
      7.648937225341797,
      27.31667137145996,
      8.752120971679688,
      34.01193618774414,
      17.644346237182617,
      25.848957061767578,
      25.944211959838867,
      37.33506393432617,
      25.76315689086914,
      30.4195613861084
    ],
    [
      7.014139652252197,
      6.531398773193359,
      10.283727645874023,
      9.074617385864258,
      10.154570579528809,
      2.4687905311584473,
      14.621563911437988,
      7.648937225341797,
      35.42301940917969,
      25.65733528137207,
      16.889690399169922,
      15.564471244812012,
      17.892478942871094,
      14.688899993896484,
      16.552547454833984,
      13.4716157913208,
      14.3156156539917,
      9.9772367477417
    ],
    [
      5.929178714752197,
      4.158156871795654,
      10.39872932434082,
      10.073824882507324,
      10.763716697692871,
      25.162677764892578,
      18.738271713256836,
      27.31667137145996,
      25.65733528137207,
      59.71697235107422,
      9.330499649047852,
      26.233295440673828,
      13.314997673034668,
      22.064342498779297,
      18.064878463745117,
      29.594562530517578,
      17.41695785522461,
      22.039043426513672
    ],
    [
      11.571442604064941,
      9.722254753112793,
      17.791105270385742,
      11.943256378173828,
      13.705567359924316,
      -9.954689979553223,
      14.72351360321045,
      8.752120971679688,
      16.889690399169922,
      9.330499649047852,
      44.34312438964844,
      28.38931655883789,
      31.733234405517578,
      24.700244903564453,
      19.84855079650879,
      17.27500343322754,
      16.439769744873047,
      14.076416969299316
    ],
    [
      9.745265007019043,
      34.163726806640625,
      15.927362442016602,
      36.40577697753906,
      13.616423606872559,
      9.559983253479004,
      19.758413314819336,
      34.01193618774414,
      15.564471244812012,
      26.233295440673828,
      28.38931655883789,
      66.45097351074219,
      32.731929779052734,
      53.13121032714844,
      50.46193313598633,
      51.59992218017578,
      38.910675048828125,
      38.12456512451172
    ],
    [
      11.794781684875488,
      15.939213752746582,
      16.40854835510254,
      17.52336311340332,
      16.23992347717285,
      -0.14116695523262024,
      18.81784439086914,
      17.644346237182617,
      17.892478942871094,
      13.314997673034668,
      31.733234405517578,
      32.731929779052734,
      40.75186538696289,
      30.563037872314453,
      30.267900466918945,
      23.16353416442871,
      24.2669677734375,
      17.82745933532715
    ],
    [
      8.812432289123535,
      28.41022491455078,
      14.463377952575684,
      30.258024215698242,
      11.788458824157715,
      6.981645107269287,
      15.90533447265625,
      25.848957061767578,
      14.688899993896484,
      22.064342498779297,
      24.700244903564453,
      53.13121032714844,
      30.563037872314453,
      47.32769775390625,
      42.51398849487305,
      43.42399978637695,
      33.70597839355469,
      33.09634017944336
    ],
    [
      10.717530250549316,
      37.6559944152832,
      13.958958625793457,
      38.5489616394043,
      16.783262252807617,
      9.508893966674805,
      25.214075088500977,
      25.944211959838867,
      16.552547454833984,
      18.064878463745117,
      19.84855079650879,
      50.46193313598633,
      30.267900466918945,
      42.51398849487305,
      64.26293182373047,
      47.88467788696289,
      49.32700729370117,
      33.834835052490234
    ],
    [
      7.292391777038574,
      26.6011905670166,
      15.629714965820312,
      30.889101028442383,
      13.907310485839844,
      21.36101531982422,
      20.14006805419922,
      37.33506393432617,
      13.4716157913208,
      29.594562530517578,
      17.27500343322754,
      51.59992218017578,
      23.16353416442871,
      43.42399978637695,
      47.88467788696289,
      57.006675720214844,
      38.60509490966797,
      42.770687103271484
    ],
    [
      8.3819580078125,
      25.983346939086914,
      11.066705703735352,
      26.684253692626953,
      12.876043319702148,
      5.324331283569336,
      22.923227310180664,
      25.76315689086914,
      14.3156156539917,
      17.41695785522461,
      16.439769744873047,
      38.910675048828125,
      24.2669677734375,
      33.70597839355469,
      49.32700729370117,
      38.60509490966797,
      42.80913162231445,
      30.05866813659668
    ],
    [
      4.657052040100098,
      17.550859451293945,
      11.798670768737793,
      21.351356506347656,
      9.710945129394531,
      12.258180618286133,
      15.103108406066895,
      30.4195613861084,
      9.9772367477417,
      22.039043426513672,
      14.076416969299316,
      38.12456512451172,
      17.82745933532715,
      33.09634017944336,
      33.834835052490234,
      42.770687103271484,
      30.05866813659668,
      35.72456741333008
    ]
  ],
  "covariance_short": [
    [
      37.64168930053711,
      30.008848190307617,
      12.454085350036621,
      11.535420417785645,
      10.006080627441406,
      4.389623641967773,
      7.063745498657227,
      3.447990894317627,
      5.762945175170898,
      3.291335344314575,
      14.612435340881348,
      11.39963436126709,
      12.592453956604004,
      10.69568157196045,
      10.693046569824219,
      8.38758373260498,
      9.115447998046875,
      6.272205829620361
    ],
    [
      30.008848190307617,
      40.443302154541016,
      10.509322166442871,
      28.92523956298828,
      9.564699172973633,
      5.573459625244141,
      6.8976054191589355,
      5.330389976501465,
      4.975742816925049,
      1.572615385055542,
      12.696650505065918,
      28.492374420166016,
      33.26536560058594,
      23.98712158203125,
      29.872774124145508,
      21.63522720336914,
      21.225460052490234,
      15.155107498168945
    ],
    [
      12.454085350036621,
      10.509322166442871,
      26.063522338867188,
      20.39067840576172,
      12.948944091796875,
      8.104670524597168,
      10.29840087890625,
      8.353643417358398,
      10.815446853637695,
      9.68154525756836,
      14.026659965515137,
      12.445344924926758,
      13.272226333618164,
      11.047161102294922,
      12.963903427124023,
      12.277472496032715,
      9.720532417297363,
      8.235657691955566
    ],
    [
      11.535420417785645,
      28.92523956298828,
      20.39067840576172,
      46.00286865234375,
      12.975814819335938,
      12.748050689697266,
      9.601962089538574,
      10.737318992614746,
      9.716303825378418,
      8.8460054397583,
      11.548089981079102,
      35.20069122314453,
      40.50637435913086,
      28.76940155029297,
      38.62689971923828,
      29.529447555541992,
      25.98379135131836,
      20.00335693359375
    ],
    [
      10.006080627441406,
      9.564699172973633,
      12.948944091796875,
      12.975814819335938,
      28.684797286987305,
      22.19178581237793,
      11.465309143066406,
      6.942968845367432,
      10.742273330688477,
      10.430500984191895,
      14.901342391967773,
      12.772263526916504,
      15.49644660949707,
      10.615157127380371,
      16.45852279663086,
      13.140546798706055,
      11.78512954711914,
      8.686538696289062
    ],
    [
      4.389623641967773,
      5.573459625244141,
      8.104670524597168,
      12.748050689697266,
      22.19178581237793,
      96.18311309814453,
      -0.79679936170578,
      -2.107717275619507,
      0.15569892525672913,
      14.76158332824707,
      -9.509627342224121,
      4.279743671417236,
      -3.333052158355713,
      1.0793917179107666,
      6.177259922027588,
      9.690187454223633,
      0.48484769463539124,
      2.491319179534912
    ],
    [
      7.063745498657227,
      6.8976054191589355,
      10.29840087890625,
      9.601962089538574,
      11.465309143066406,
      -0.79679936170578,
      46.43203353881836,
      35.6657829284668,
      14.119926452636719,
      16.879005432128906,
      18.33739471435547,
      20.249649047851562,
      19.98653793334961,
      16.102161407470703,
      24.921154022216797,
      19.440227508544922,
      23.163110733032227,
      14.833500862121582
    ],
    [
      3.447990894317627,
      5.330389976501465,
      8.353643417358398,
      10.737318992614746,
      6.942968845367432,
      -2.107717275619507,
      35.6657829284668,
      92.3398666381836,
      9.008261680603027,
      29.600387573242188,
      9.52053451538086,
      34.39173889160156,
      15.624749183654785,
      26.718435287475586,
      27.458406448364258,
      37.91732406616211,
      27.14126968383789,
      30.424558639526367
    ],
    [
      5.762945175170898,
      4.975742816925049,
      10.815446853637695,
      9.716303825378418,
      10.742273330688477,
      0.15569892525672913,
      14.119926452636719,
      9.008261680603027,
      46.31603240966797,
      29.958093643188477,
      22.619029998779297,
      19.261667251586914,
      21.265161514282227,
      17.5068416595459,
      18.7393741607666,
      16.08380699157715,
      16.405366897583008,
      11.809703826904297
    ],
    [
      3.291335344314575,
      1.572615385055542,
      9.68154525756836,
      8.8460054397583,
      10.430500984191895,
      14.76158332824707,
      16.879005432128906,
      29.600387573242188,
      29.958093643188477,
      66.85248565673828,
      11.90571403503418,
      29.33430290222168,
      13.727177619934082,
      24.65589714050293,
      20.729352951049805,
      31.027877807617188,
      19.885257720947266,
      22.75859832763672
    ],
    [
      14.612435340881348,
      12.696650505065918,
      14.026659965515137,
      11.548089981079102,
      14.901342391967773,
      -9.509627342224121,
      18.33739471435547,
      9.52053451538086,
      22.619029998779297,
      11.90571403503418,
      55.08933639526367,
      33.54724884033203,
      41.13190841674805,
      29.81534767150879,
      25.928932189941406,
      22.83827781677246,
      21.876726150512695,
      17.383745193481445
    ],
    [
      11.39963436126709,
      28.492374420166016,
      12.445344924926758,
      35.20069122314453,
      12.772263526916504,
      4.279743671417236,
      20.249649047851562,
      34.39173889160156,
      19.261667251586914,
      29.33430290222168,
      33.54724884033203,
      69.04864501953125,
      57.74345397949219,
      54.39238739013672,
      50.74446105957031,
      51.93806838989258,
      39.46484375,
      37.88864517211914
    ],
    [
      12.592453956604004,
      33.26536560058594,
      13.272226333618164,
      40.50637435913086,
      15.49644660949707,
      -3.333052158355713,
      19.98653793334961,
      15.624749183654785,
      21.265161514282227,
      13.727177619934082,
      41.13190841674805,
      57.74345397949219,
      78.23828125,
      53.38092041015625,
      60.49347686767578,
      44.2334098815918,
      44.80636215209961,
      31.455886840820312
    ],
    [
      10.69568157196045,
      23.98712158203125,
      11.047161102294922,
      28.76940155029297,
      10.615157127380371,
      1.0793917179107666,
      16.102161407470703,
      26.718435287475586,
      17.5068416595459,
      24.65589714050293,
      29.81534767150879,
      54.39238739013672,
      53.38092041015625,
      51.436119079589844,
      44.435001373291016,
      45.6128044128418,
      35.56663513183594,
      33.744083404541016
    ],
    [
      10.693046569824219,
      29.872774124145508,
      12.963903427124023,
      38.62689971923828,
      16.45852279663086,
      6.177259922027588,
      24.921154022216797,
      27.458406448364258,
      18.7393741607666,
      20.729352951049805,
      25.928932189941406,
      50.74446105957031,
      60.49347686767578,
      44.435001373291016,
      67.84516906738281,
      51.54431915283203,
      53.13888168334961,
      36.01926803588867
    ],
    [
      8.38758373260498,
      21.63522720336914,
      12.277472496032715,
      29.529447555541992,
      13.140546798706055,
      9.690187454223633,
      19.440227508544922,
      37.91732406616211,
      16.08380699157715,
      31.027877807617188,
      22.83827781677246,
      51.93806838989258,
      44.2334098815918,
      45.6128044128418,
      51.54431915283203,
      60.023677825927734,
      42.55771255493164,
      44.22300720214844
    ],
    [
      9.115447998046875,
      21.225460052490234,
      9.720532417297363,
      25.98379135131836,
      11.78512954711914,
      0.48484769463539124,
      23.163110733032227,
      27.14126968383789,
      16.405366897583008,
      19.885257720947266,
      21.876726150512695,
      39.46484375,
      44.80636215209961,
      35.56663513183594,
      53.13888168334961,
      42.55771255493164,
      48.1788215637207,
      32.844573974609375
    ],
    [
      6.272205829620361,
      15.155107498168945,
      8.235657691955566,
      20.00335693359375,
      8.686538696289062,
      2.491319179534912,
      14.833500862121582,
      30.424558639526367,
      11.809703826904297,
      22.75859832763672,
      17.383745193481445,
      37.88864517211914,
      31.455886840820312,
      33.744083404541016,
      36.01926803588867,
      44.22300720214844,
      32.844573974609375,
      36.72621536254883
    ]
  ],
  "drr": 12.738139152526855,
  "dynamics": 2.5899362564086914,
  "format": 1245190,
  "frames": 9420800,
  "loudness": -21.250930786132812,
  "loudness_range": 7.004629135131836,
  "loudness_range_short": 7.982229232788086,
  "peak": -6.747306823730469,
  "rms": -23.620136260986328,
  "sample_rate": 44100,
  "sections": 1,
  "seekable": 1,
  "sharpness": 1.328523874282837,
  "space": -10.509676933288574
}