{
  "bands": [
    {
      "high_freq": 148.1999969482422,
      "loudness": -17.44215965270996,
      "loudness_range": 13.148301124572754,
      "mid_mean": -13.960256576538086,
      "mid_to_side_loudness": -23.317310333251953,
      "mid_to_side_loudness_range": 25.39618492126465,
      "side_mean": -39.18391418457031
    },
    {
      "high_freq": 392.3793640136719,
      "loudness": -18.993793487548828,
      "loudness_range": 8.06176471710205,
      "low_freq": 148.1999969482422,
      "mid_mean": -15.469216346740723,
      "mid_to_side_loudness": -16.14482307434082,
      "mid_to_side_loudness_range": 19.860403060913086,
      "side_mean": -32.066017150878906
    },
    {
      "high_freq": 794.6976318359375,
      "loudness": -19.315847396850586,
      "loudness_range": 7.570971488952637,
      "low_freq": 392.3793640136719,
      "mid_mean": -16.043672561645508,
      "mid_to_side_loudness": -13.20476245880127,
      "mid_to_side_loudness_range": 17.996477127075195,
      "side_mean": -29.34699821472168
    },
    {
      "high_freq": 1457.5709228515625,
      "loudness": -22.807722091674805,
      "loudness_range": 12.37861442565918,
      "low_freq": 794.6976318359375,
      "mid_mean": -19.546810150146484,
      "mid_to_side_loudness": -12.46951675415039,
      "mid_to_side_loudness_range": 17.298683166503906,
      "side_mean": -32.61350631713867
    },
    {
      "high_freq": 2549.74365234375,
      "loudness": -26.024606704711914,
      "loudness_range": 12.214426040649414,
      "low_freq": 1457.5709228515625,
      "mid_mean": -22.923206329345703,
      "mid_to_side_loudness": -10.163177490234375,
      "mid_to_side_loudness_range": 15.544103622436523,
      "side_mean": -33.0268440246582
    },
    {
      "high_freq": 4349.24462890625,
      "loudness": -28.15960121154785,
      "loudness_range": 16.461816787719727,
      "low_freq": 2549.74365234375,
      "mid_mean": -25.151241302490234,
      "mid_to_side_loudness": -9.972350120544434,
      "mid_to_side_loudness_range": 14.489908218383789,
      "side_mean": -34.71858215332031
    },
    {
      "high_freq": 7314.1640625,
      "loudness": -28.423999786376953,
      "loudness_range": 15.055828094482422,
      "low_freq": 4349.24462890625,
      "mid_mean": -25.476215362548828,
      "mid_to_side_loudness": -9.62155818939209,
      "mid_to_side_loudness_range": 14.361928939819336,
      "side_mean": -34.997802734375
    },
    {
      "high_freq": 12199.2666015625,
      "loudness": -28.697124481201172,
      "loudness_range": 17.858205795288086,
      "low_freq": 7314.1640625,
      "mid_mean": -25.894865036010742,
      "mid_to_side_loudness": -7.713332176208496,
      "mid_to_side_loudness_range": 11.82421875,
      "side_mean": -33.63372039794922
    },
    {
      "loudness": -33.41987991333008,
      "loudness_range": 16.35738754272461,
      "low_freq": 12199.2666015625,
      "mid_mean": -30.86882781982422,
      "mid_to_side_loudness": -6.0859551429748535,
      "mid_to_side_loudness_range": 11.540501594543457,
      "side_mean": -36.99674987792969
    }
  ],
  "bands_short": [
    {
      "high_freq": 148.1999969482422,
      "loudness": -20.490215301513672,
      "loudness_range": 22.99901580810547,
      "mid_mean": -17.49466323852539,
      "mid_to_side_loudness": -19.108671188354492,
      "mid_to_side_loudness_range": 35.70616912841797,
      "side_mean": -42.63865280151367
    },
    {
      "high_freq": 392.3793640136719,
      "loudness": -20.07421875,
      "loudness_range": 20.60068130493164,
      "low_freq": 148.1999969482422,
      "mid_mean": -16.975643157958984,
      "mid_to_side_loudness": -13.754549980163574,
      "mid_to_side_loudness_range": 28.955886840820312,
      "side_mean": -33.72538757324219
    },
    {
      "high_freq": 794.6976318359375,
      "loudness": -21.365570068359375,
      "loudness_range": 15.725428581237793,
      "low_freq": 392.3793640136719,
      "mid_mean": -18.426095962524414,
      "mid_to_side_loudness": -11.744190216064453,
      "mid_to_side_loudness_range": 27.070152282714844,
      "side_mean": -31.33024787902832
    },
    {
      "high_freq": 1457.5709228515625,
      "loudness": -23.872821807861328,
      "loudness_range": 20.558658599853516,
      "low_freq": 794.6976318359375,
      "mid_mean": -20.827316284179688,
      "mid_to_side_loudness": -10.981982231140137,
      "mid_to_side_loudness_range": 26.17418098449707,
      "side_mean": -33.99974822998047
    },
    {
      "high_freq": 2549.74365234375,
      "loudness": -28.683679580688477,
      "loudness_range": 22.45472526550293,
      "low_freq": 1457.5709228515625,
      "mid_mean": -25.995412826538086,
      "mid_to_side_loudness": -8.841557502746582,
      "mid_to_side_loudness_range": 21.389535903930664,
      "side_mean": -35.20005798339844
    },
    {
      "high_freq": 4349.24462890625,
      "loudness": -31.070240020751953,
      "loudness_range": 24.811416625976562,
      "low_freq": 2549.74365234375,
      "mid_mean": -28.467670440673828,
      "mid_to_side_loudness": -8.470844268798828,
      "mid_to_side_loudness_range": 19.787803649902344,
      "side_mean": -37.2906608581543
    },
    {
      "high_freq": 7314.1640625,
      "loudness": -32.04679870605469,
      "loudness_range": 27.16240882873535,
      "low_freq": 4349.24462890625,
      "mid_mean": -29.667800903320312,
      "mid_to_side_loudness": -7.682334899902344,
      "mid_to_side_loudness_range": 18.741579055786133,
      "side_mean": -37.9689826965332
    },
    {
      "high_freq": 12199.2666015625,
      "loudness": -32.58646774291992,
      "loudness_range": 29.912145614624023,
      "low_freq": 7314.1640625,
      "mid_mean": -30.284868240356445,
      "mid_to_side_loudness": -6.837688446044922,
      "mid_to_side_loudness_range": 17.399410247802734,
      "side_mean": -38.68027114868164
    },
    {
      "loudness": -39.12165069580078,
      "loudness_range": 31.976533889770508,
      "low_freq": 12199.2666015625,
      "mid_mean": -37.098995208740234,
      "mid_to_side_loudness": -5.639742851257324,
      "mid_to_side_loudness_range": 16.786701202392578,
      "side_mean": -43.90910339355469
    }
  ],
  "channels": 2,
  "covariance": [
    [
      33.522491455078125,
      20.719614028930664,
      15.142752647399902,
      4.899269104003906,
      1.8441804647445679,
      -5.931912422180176,
      2.0026581287384033,
      -1.246172547340393,
      -2.8107211589813232,
      -4.355549335479736,
      -6.331472396850586,
      -6.4617815017700195,
      -5.498170852661133,
      -5.936131954193115,
      -8.822760581970215,
      -9.51171875,
      -8.37128734588623,
      -11.347443580627441
    ],
    [
      20.719614028930664,
      58.624935150146484,
      12.057778358459473,
      17.33245086669922,
      1.7399653196334839,
      3.5472867488861084,
      -2.8510234355926514,
      4.5187668800354,
      3.581451416015625,
      12.41447639465332,
      1.5248019695281982,
      4.4988112449646,
      4.187304973602295,
      5.872265338897705,
      -8.72553825378418,
      -5.852576732635498,
      -9.796571731567383,
      -6.3721113204956055
    ],
    [
      15.142752647399902,
      12.057778358459473,
      18.323097229003906,
      9.077423095703125,
      2.734074115753174,
      -3.243622303009033,
      3.1528069972991943,
      -0.40526095032691956,
      0.5588377714157104,
      -1.7849488258361816,
      -1.9910541772842407,
      -2.674588441848755,
      -1.4547263383865356,
      -2.8525052070617676,
      -1.795588731765747,
      -3.0757343769073486,
      -2.4952547550201416,
      -3.858502149581909
    ],
    [
      4.899269104003906,
      17.33245086669922,
      9.077423095703125,
      35.18229675292969,
      1.4604367017745972,
      10.542027473449707,
      3.928773880004883,
      11.89054012298584,
      3.990895986557007,
      12.512611389160156,
      6.379724025726318,
      9.603951454162598,
      4.215846538543701,
      5.770706653594971,
      1.2284281253814697,
      -0.016008790582418442,
      -4.420871734619141,
      -3.997223138809204
    ],
    [
      1.8441804647445679,
      1.7399653196334839,
      2.734074115753174,
      1.4604367017745972,
      12.32946491241455,
      5.893850326538086,
      6.804719924926758,
      4.543391704559326,
      6.548897743225098,
      4.05700159072876,
      7.403400421142578,
      3.2836506366729736,
      5.320662975311279,
      3.6436960697174072,
      6.612654685974121,
      5.580045700073242,
      3.9037234783172607,
      4.441477298736572
    ],
    [
      -5.931912422180176,
      3.5472867488861084,
      -3.243622303009033,
      10.542027473449707,
      5.893850326538086,
      39.063201904296875,
      0.08337479829788208,
      19.894119262695312,
      6.083678245544434,
      21.099958419799805,
      10.253836631774902,
      19.993804931640625,
      5.482481479644775,
      10.80601692199707,
      2.5031864643096924,
      6.030765533447266,
      0.1468631625175476,
      5.393133640289307
    ],
    [
      2.0026581287384033,
      -2.8510234355926514,
      3.1528069972991943,
      3.928773880004883,
      6.804719924926758,
      0.08337479829788208,
      24.35172462463379,
      10.248856544494629,
      9.703388214111328,
      4.71402645111084,
      5.229942321777344,
      2.569922685623169,
      6.705418586730957,
      4.977560520172119,
      11.374926567077637,
      7.020846366882324,
      5.366418838500977,
      4.5555596351623535
    ],
    [
      -1.246172547340393,
      4.5187668800354,
      -0.40526095032691956,
      11.89054012298584,
      4.543391704559326,
      19.894119262695312,
      10.248856544494629,
      36.26650619506836,
      10.13741683959961,
      24.5029239654541,
      11.756183624267578,
      21.889509201049805,
      7.830930709838867,
      16.77066421508789,
      5.870041370391846,
      7.4822516441345215,
      0.7007157206535339,
      2.3347833156585693
    ],
    [
      -2.8107211589813232,
      3.581451416015625,
      0.5588377714157104,
      3.990895986557007,
      6.548897743225098,
      6.083678245544434,
      9.703388214111328,
      10.13741683959961,
      20.635168075561523,
      14.724447250366211,
      18.8521785736084,
      10.428951263427734,
      15.412436485290527,
      11.464280128479004,
      11.968441009521484,
      9.492319107055664,
      9.261636734008789,
      9.33049488067627
    ],
    [
      -4.355549335479736,
      12.41447639465332,
      -1.7849488258361816,
      12.512611389160156,
      4.05700159072876,
      21.099958419799805,
      4.71402645111084,
      24.5029239654541,
      14.724447250366211,
      38.281795501708984,
      14.94898509979248,
      25.7355899810791,
      12.921822547912598,
      22.5942325592041,
      4.318912982940674,
      8.6004056930542,
      0.8717701435089111,
      5.531523704528809
    ],
    [
      -6.331472396850586,
      1.5248019695281982,
      -1.9910541772842407,
      6.379724025726318,
      7.403400421142578,
      10.253836631774902,
      5.229942321777344,
      11.756183624267578,
      18.8521785736084,
      14.94898509979248,
      40.412384033203125,
      19.116289138793945,
      27.469228744506836,
      16.527175903320312,
      17.526992797851562,
      10.698622703552246,
      8.609023094177246,
      7.275345325469971
    ],
    [
      -6.4617815017700195,
      4.4988112449646,
      -2.674588441848755,
      9.603951454162598,
      3.2836506366729736,
      19.993804931640625,
      2.569922685623169,
      21.889509201049805,
      10.428951263427734,
      25.7355899810791,
      19.116289138793945,
      31.59298324584961,
      13.788025856018066,
      24.186012268066406,
      7.148108005523682,
      11.98399543762207,
      1.8461674451828003,
      7.4636945724487305
    ],
    [
      -5.498170852661133,
      4.187304973602295,
      -1.4547263383865356,
      4.215846538543701,
      5.320662975311279,
      5.482481479644775,
      6.705418586730957,
      7.830930709838867,
      15.412436485290527,
      12.921822547912598,
      27.469228744506836,
      13.788025856018066,
      31.5308780670166,
      19.040103912353516,
      22.277019500732422,
      15.029627799987793,
      14.059056282043457,
      11.898590087890625
    ],
    [
      -5.936131954193115,
      5.872265338897705,
      -2.8525052070617676,
      5.770706653594971,
      3.6436960697174072,
      10.80601692199707,
      4.977560520172119,
      16.77066421508789,
      11.464280128479004,
      22.5942325592041,
      16.527175903320312,
      24.186012268066406,
      19.040103912353516,
      32.52012252807617,
      16.24971580505371,
      22.84042739868164,
      10.488758087158203,
      16.639541625976562
    ],
    [
      -8.822760581970215,
      -8.72553825378418,
      -1.795588731765747,
      1.2284281253814697,
      6.612654685974121,
      2.5031864643096924,
      11.374926567077637,
      5.870041370391846,
      11.968441009521484,
      4.318912982940674,
      17.526992797851562,
      7.148108005523682,
      22.277019500732422,
      16.24971580505371,
      43.5673713684082,
      34.733673095703125,
      33.78621292114258,
      29.361635208129883
    ],
    [
      -9.51171875,
      -5.852576732635498,
      -3.0757343769073486,
      -0.016008790582418442,
      5.580045700073242,
      6.030765533447266,
      7.020846366882324,
      7.4822516441345215,
      9.492319107055664,
      8.6004056930542,
      10.698622703552246,
      11.98399543762207,
      15.029627799987793,
      22.84042739868164,
      34.733673095703125,
      43.292388916015625,
      32.71384811401367,
      38.387428283691406
    ],
    [
      -8.37128734588623,
      -9.796571731567383,
      -2.4952547550201416,
      -4.420871734619141,
      3.9037234783172607,
      0.1468631625175476,
      5.366418838500977,
      0.7007157206535339,
      9.261636734008789,
      0.8717701435089111,
      8.609023094177246,
      1.8461674451828003,
      14.059056282043457,
      10.488758087158203,
      33.78621292114258,
      32.71384811401367,
      39.7783203125,
      34.8544921875
    ],
    [
      -11.347443580627441,
      -6.3721113204956055,
      -3.858502149581909,
      -3.997223138809204,
      4.441477298736572,
      5.393133640289307,
      4.5555596351623535,
      2.3347833156585693,
      9.33049488067627,
      5.531523704528809,
      7.275345325469971,
      7.4636945724487305,
      11.898590087890625,
      16.639541625976562,
      29.361635208129883,
      38.387428283691406,
      34.8544921875,
      45.3804931640625
    ]
  ],
  "covariance_short": [
    [
      93.107421875,
      39.85466384887695,
      32.144588470458984,
      6.282954216003418,
      6.981020450592041,
      -13.710989952087402,
      1.64605712890625,
      -10.702075004577637,
      -6.503922462463379,
      -13.45788860321045,
      -15.342333793640137,
      -13.390297889709473,
      -12.84367561340332,
      -11.170012474060059,
      -13.0501127243042,
      -12.499998092651367,
      -7.746425151824951,
      -14.972969055175781
    ],
    [
      39.85466384887695,
      101.0497055053711,
      22.705808639526367,
      29.567955017089844,
      4.103784084320068,
      0.2945227026939392,
      -0.02461685612797737,
      1.8196836709976196,
      7.482558250427246,
      9.938871383666992,
      3.8773293495178223,
      3.8466742038726807,
      8.135713577270508,
      6.553421974182129,
      -1.6400736570358276,
      0.10801802575588226,
      2.9544081687927246,
      6.072047233581543
    ],
    [
      32.144588470458984,
      22.705808639526367,
      65.55631256103516,
      20.903141021728516,
      21.69559097290039,
      0.45101413130760193,
      15.552497863769531,
      0.24797753989696503,
      12.038387298583984,
      -1.2308672666549683,
      4.289023399353027,
      -0.3102665841579437,
      1.6982611417770386,
      -1.4438585042953491,
      3.5975656509399414,
      4.771536350250244,
      7.557380199432373,
      8.289325714111328
    ],
    [
      6.282954216003418,
      29.567955017089844,
      20.903141021728516,
      65.6206283569336,
      8.902031898498535,
      16.118101119995117,
      7.1184186935424805,
      17.6892147064209,
      10.73765754699707,
      16.879955291748047,
      12.731779098510742,
      13.450480461120605,
      8.727736473083496,
      8.149535179138184,
      5.648094654083252,
      3.255711555480957,
      3.1064844131469727,
      6.088628768920898
    ],
    [
      6.981020450592041,
      4.103784084320068,
      21.69559097290039,
      8.902031898498535,
      45.43955993652344,
      12.02652645111084,
      23.985824584960938,
      11.995957374572754,
      25.720766067504883,
      7.563343524932861,
      22.304046630859375,
      9.056933403015137,
      18.332366943359375,
      8.598477363586426,
      18.243072509765625,
      14.951361656188965,
      12.581486701965332,
      11.763297080993652
    ],
    [
      -13.710989952087402,
      0.2945227026939392,
      0.45101413130760193,
      16.118101119995117,
      12.02652645111084,
      57.26936721801758,
      3.380023956298828,
      32.69994354248047,
      11.716458320617676,
      30.457918167114258,
      19.225160598754883,
      31.06123924255371,
      11.487539291381836,
      20.56526756286621,
      4.844080448150635,
      15.890371322631836,
      3.201857805252075,
      15.218615531921387
    ],
    [
      1.64605712890625,
      -0.02461685612797737,
      15.552497863769531,
      7.1184186935424805,
      23.985824584960938,
      3.380023956298828,
      62.613685607910156,
      23.524381637573242,
      30.250038146972656,
      11.431958198547363,
      20.24495506286621,
      11.223158836364746,
      18.25054168701172,
      13.38388442993164,
      25.551313400268555,
      19.695472717285156,
      21.430646896362305,
      20.431428909301758
    ],
    [
      -10.702075004577637,
      1.8196836709976196,
      0.24797753989696503,
      17.6892147064209,
      11.995957374572754,
      32.69994354248047,
      23.524381637573242,
      68.5877914428711,
      25.08738136291504,
      44.18241500854492,
      28.48662567138672,
      41.89119338989258,
      24.0151424407959,
      34.92947769165039,
      15.714448928833008,
      24.148193359375,
      9.50352668762207,
      18.550186157226562
    ],
    [
      -6.503922462463379,
      7.482558250427246,
      12.038387298583984,
      10.73765754699707,
      25.720766067504883,
      11.716458320617676,
      30.250038146972656,
      25.08738136291504,
      61.825660705566406,
      35.062286376953125,
      47.907833099365234,
      28.607816696166992,
      43.333335876464844,
      30.448081970214844,
      32.33186340332031,
      29.215274810791016,
      26.202173233032227,
      27.498926162719727
    ],
    [
      -13.45788860321045,
      9.938871383666992,
      -1.2308672666549683,
      16.879955291748047,
      7.563343524932861,
      30.457918167114258,
      11.431958198547363,
      44.18241500854492,
      35.062286376953125,
      68.83101654052734,
      31.293119430541992,
      49.1080436706543,
      29.44161605834961,
      45.70643615722656,
      14.685711860656738,
      29.74909782409668,
      12.627711296081543,
      26.25067901611328
    ],
    [
      -15.342333793640137,
      3.8773293495178223,
      4.289023399353027,
      12.731779098510742,
      22.304046630859375,
      19.225160598754883,
      20.24495506286621,
      28.48662567138672,
      47.907833099365234,
      31.293119430541992,
      80.8973388671875,
      46.83172607421875,
      68.1461410522461,
      43.18096923828125,
      54.53913879394531,
      44.04246139526367,
      42.361846923828125,
      38.553428649902344
    ],
    [
      -13.390297889709473,
      3.8466742038726807,
      -0.3102665841579437,
      13.450480461120605,
      9.056933403015137,
      31.06123924255371,
      11.223158836364746,
      41.89119338989258,
      28.607816696166992,
      49.1080436706543,
      46.83172607421875,
      73.20741271972656,
      41.60318374633789,
      58.59295654296875,
      31.117483139038086,
      46.205902099609375,
      27.070470809936523,
      39.72783660888672
    ],
    [
      -12.84367561340332,
      8.135713577270508,
      1.6982611417770386,
      8.727736473083496,
      18.332366943359375,
      11.487539291381836,
      18.25054168701172,
      24.0151424407959,
      43.333335876464844,
      29.44161605834961,
      68.1461410522461,
      41.60318374633789,
      92.07836151123047,
      55.32179641723633,
      75.95284271240234,
      61.54062271118164,
      66.0596923828125,
      55.91234588623047
    ],
    [
      -11.170012474060059,
      6.553421974182129,
      -1.4438585042953491,
      8.149535179138184,
      8.598477363586426,
      20.56526756286621,
      13.38388442993164,
      34.92947769165039,
      30.448081970214844,
      45.70643615722656,
      43.18096923828125,
      58.59295654296875,
      55.32179641723633,
      77.63030242919922,
      49.51732635498047,
      68.7731704711914,
      49.40271759033203,
      58.711910247802734
    ],
    [
      -13.0501127243042,
      -1.6400736570358276,
      3.5975656509399414,
      5.648094654083252,
      18.243072509765625,
      4.844080448150635,
      25.551313400268555,
      15.714448928833008,
      32.33186340332031,
      14.685711860656738,
      54.53913879394531,
      31.117483139038086,
      75.95284271240234,
      49.51732635498047,
      114.75186157226562,
      84.11117553710938,
      98.9614486694336,
      78.63180541992188
    ],
    [
      -12.499998092651367,
      0.10801802575588226,
      4.771536350250244,
      3.255711555480957,
      14.951361656188965,
      15.890371322631836,
      19.695472717285156,
      24.148193359375,
      29.215274810791016,
      29.74909782409668,
      44.04246139526367,
      46.205902099609375,
      61.54062271118164,
      68.7731704711914,
      84.11117553710938,
      104.7960433959961,
      90.29275512695312,
      96.4875717163086
    ],
    [
      -7.746425151824951,
      2.9544081687927246,
      7.557380199432373,
      3.1064844131469727,
      12.581486701965332,
      3.201857805252075,
      21.430646896362305,
      9.50352668762207,
      26.202173233032227,
      12.627711296081543,
      42.361846923828125,
      27.070470809936523,
      66.0596923828125,
      49.40271759033203,
      98.9614486694336,
      90.29275512695312,
      121.82572174072266,
      97.3603515625
    ],
    [
      -14.972969055175781,
      6.072047233581543,
      8.289325714111328,
      6.088628768920898,
      11.763297080993652,
      15.218615531921387,
      20.431428909301758,
      18.550186157226562,
      27.498926162719727,
      26.25067901611328,
      38.553428649902344,
      39.72783660888672,
      55.91234588623047,
      58.711910247802734,
      78.63180541992188,
      96.4875717163086,
      97.3603515625,
      118.86308288574219
    ]
  ],
  "drr": 12.255598068237305,
  "dynamics": 2.4012019634246826,
  "format": 1245190,
  "frames": 6862848,
  "loudness": -8.435864448547363,
  "loudness_range": 4.436325550079346,
  "loudness_range_short": 10.316696166992188,
  "peak": 1.8320019245147705,
  "rms": -9.662747383117676,
  "sample_rate": 44100,
  "sections": 1,
  "seekable": 1,
  "sharpness": 4.531786918640137,
  "space": -13.967789649963379
}