{
  "bands": [
    {
      "high_freq": 148.1999969482422,
      "loudness": -16.502790451049805,
      "loudness_range": 4.497598648071289,
      "mid_mean": -12.950773239135742,
      "mid_to_side_loudness": -16.73320198059082,
      "mid_to_side_loudness_range": 15.60567855834961,
      "side_mean": -30.108308792114258
    },
    {
      "high_freq": 392.3793640136719,
      "loudness": -20.640567779541016,
      "loudness_range": 7.480100631713867,
      "low_freq": 148.1999969482422,
      "mid_mean": -17.843210220336914,
      "mid_to_side_loudness": -7.494482517242432,
      "mid_to_side_loudness_range": 10.827115058898926,
      "side_mean": -25.42913055419922
    },
    {
      "high_freq": 794.6976318359375,
      "loudness": -23.348600387573242,
      "loudness_range": 10.458414077758789,
      "low_freq": 392.3793640136719,
      "mid_mean": -21.152698516845703,
      "mid_to_side_loudness": -4.945878982543945,
      "mid_to_side_loudness_range": 11.046761512756348,
      "side_mean": -26.103193283081055
    },
    {
      "high_freq": 1457.5709228515625,
      "loudness": -20.934375762939453,
      "loudness_range": 12.314209938049316,
      "low_freq": 794.6976318359375,
      "mid_mean": -18.31930160522461,
      "mid_to_side_loudness": -7.13613748550415,
      "mid_to_side_loudness_range": 13.291733741760254,
      "side_mean": -25.51106834411621
    },
    {
      "high_freq": 2549.74365234375,
      "loudness": -16.88086700439453,
      "loudness_range": 8.606461524963379,
      "low_freq": 1457.5709228515625,
      "mid_mean": -14.962187767028809,
      "mid_to_side_loudness": -3.5454699993133545,
      "mid_to_side_loudness_range": 6.812044620513916,
      "side_mean": -18.386764526367188
    },
    {
      "high_freq": 4349.24462890625,
      "loudness": -16.626296997070312,
      "loudness_range": 7.223507881164551,
      "low_freq": 2549.74365234375,
      "mid_mean": -14.333057403564453,
      "mid_to_side_loudness": -4.86586856842041,
      "mid_to_side_loudness_range": 7.549345970153809,
      "side_mean": -19.10504722595215
    },
    {
      "high_freq": 7314.1640625,
      "loudness": -19.70830535888672,
      "loudness_range": 7.717912673950195,
      "low_freq": 4349.24462890625,
      "mid_mean": -16.646198272705078,
      "mid_to_side_loudness": -8.703566551208496,
      "mid_to_side_loudness_range": 7.34800910949707,
      "side_mean": -25.30713653564453
    },
    {
      "high_freq": 12199.2666015625,
      "loudness": -24.85251235961914,
      "loudness_range": 8.738353729248047,
      "low_freq": 7314.1640625,
      "mid_mean": -21.752344131469727,
      "mid_to_side_loudness": -9.33658504486084,
      "mid_to_side_loudness_range": 8.880651473999023,
      "side_mean": -31.06989860534668
    },
    {
      "loudness": -34.4532356262207,
      "loudness_range": 7.5465087890625,
      "low_freq": 12199.2666015625,
      "mid_mean": -31.61282730102539,
      "mid_to_side_loudness": -7.4719977378845215,
      "mid_to_side_loudness_range": 9.199647903442383,
      "side_mean": -39.07477569580078
    }
  ],
  "bands_short": [
    {
      "high_freq": 148.1999969482422,
      "loudness": -19.428442001342773,
      "loudness_range": 13.458118438720703,
      "mid_mean": -15.894506454467773,
      "mid_to_side_loudness": -19.079721450805664,
      "mid_to_side_loudness_range": 23.565807342529297,
      "side_mean": -35.867759704589844
    },
    {
      "high_freq": 392.3793640136719,
      "loudness": -19.07558250427246,
      "loudness_range": 8.667461395263672,
      "low_freq": 148.1999969482422,
      "mid_mean": -16.121784210205078,
      "mid_to_side_loudness": -9.122138023376465,
      "mid_to_side_loudness_range": 14.273059844970703,
      "side_mean": -25.338008880615234
    },
    {
      "high_freq": 794.6976318359375,
      "loudness": -23.614337921142578,
      "loudness_range": 13.256725311279297,
      "low_freq": 392.3793640136719,
      "mid_mean": -21.729900360107422,
      "mid_to_side_loudness": -4.390538692474365,
      "mid_to_side_loudness_range": 13.364788055419922,
      "side_mean": -26.108911514282227
    },
    {
      "high_freq": 1457.5709228515625,
      "loudness": -21.8396053314209,
      "loudness_range": 14.754043579101562,
      "low_freq": 794.6976318359375,
      "mid_mean": -19.534011840820312,
      "mid_to_side_loudness": -6.272512912750244,
      "mid_to_side_loudness_range": 15.303159713745117,
      "side_mean": -25.839481353759766
    },
    {
      "high_freq": 2549.74365234375,
      "loudness": -17.479259490966797,
      "loudness_range": 10.72634220123291,
      "low_freq": 1457.5709228515625,
      "mid_mean": -15.6815767288208,
      "mid_to_side_loudness": -3.382120370864868,
      "mid_to_side_loudness_range": 8.75877857208252,
      "side_mean": -18.957792282104492
    },
    {
      "high_freq": 4349.24462890625,
      "loudness": -16.93263816833496,
      "loudness_range": 9.742351531982422,
      "low_freq": 2549.74365234375,
      "mid_mean": -14.764740943908691,
      "mid_to_side_loudness": -4.569983959197998,
      "mid_to_side_loudness_range": 9.107122421264648,
      "side_mean": -19.248374938964844
    },
    {
      "high_freq": 7314.1640625,
      "loudness": -20.313880920410156,
      "loudness_range": 10.667163848876953,
      "low_freq": 4349.24462890625,
      "mid_mean": -17.344844818115234,
      "mid_to_side_loudness": -8.320359230041504,
      "mid_to_side_loudness_range": 9.265629768371582,
      "side_mean": -25.657817840576172
    },
    {
      "high_freq": 12199.2666015625,
      "loudness": -25.731868743896484,
      "loudness_range": 11.807645797729492,
      "low_freq": 7314.1640625,
      "mid_mean": -22.674226760864258,
      "mid_to_side_loudness": -9.259045600891113,
      "mid_to_side_loudness_range": 9.60957145690918,
      "side_mean": -31.909151077270508
    },
    {
      "loudness": -35.50371551513672,
      "loudness_range": 12.075029373168945,
      "low_freq": 12199.2666015625,
      "mid_mean": -32.70372009277344,
      "mid_to_side_loudness": -7.475475788116455,
      "mid_to_side_loudness_range": 9.306690216064453,
      "side_mean": -40.10834884643555
    }
  ],
  "channels": 2,
  "covariance": [
    [
      6.3402252197265625,
      2.699206590652466,
      1.66426420211792,
      2.4685587882995605,
      0.049315400421619415,
      -0.5017812252044678,
      0.48896095156669617,
      0.5698128342628479,
      1.521077036857605,
      2.219493865966797,
      1.3825459480285645,
      2.401041269302368,
      0.9145782589912415,
      1.7410285472869873,
      1.5233933925628662,
      0.6955655217170715,
      0.11709226667881012,
      -0.3346306085586548
    ],
    [
      2.699206590652466,
      27.62632942199707,
      3.562845468521118,
      6.493078708648682,
      -0.5178654193878174,
      2.666076183319092,
      -0.44514599442481995,
      2.8588647842407227,
      2.960813522338867,
      5.0723981857299805,
      4.382153511047363,
      6.987492561340332,
      2.533092737197876,
      6.976351737976074,
      3.4127347469329834,
      7.2421746253967285,
      2.4072906970977783,
      4.270071029663086
    ],
    [
      1.66426420211792,
      3.562845468521118,
      9.823104858398438,
      4.204615592956543,
      1.1608550548553467,
      0.42700648307800293,
      -0.5264013409614563,
      0.5489773750305176,
      1.135520100593567,
      1.20766019821167,
      1.8007186651229858,
      2.115402936935425,
      0.6592841148376465,
      1.5466415882110596,
      2.0155532360076904,
      1.303850531578064,
      0.6960961818695068,
      1.112460970878601
    ],
    [
      2.4685587882995605,
      6.493078708648682,
      4.204615592956543,
      13.21234130859375,
      2.894049644470215,
      6.099239349365234,
      2.3006489276885986,
      4.670269012451172,
      3.397909641265869,
      4.9820356369018555,
      4.415782928466797,
      6.8208513259887695,
      1.941090703010559,
      4.555261135101318,
      1.5759202241897583,
      4.2761311531066895,
      0.3669557273387909,
      3.1973347663879395
    ],
    [
      0.049315400421619415,
      -0.5178654193878174,
      1.1608550548553467,
      2.894049644470215,
      14.831877708435059,
      6.496908664703369,
      6.3746490478515625,
      2.150020122528076,
      -0.8382213115692139,
      -1.9673418998718262,
      3.5839922428131104,
      -0.04150550067424774,
      3.8331375122070312,
      0.6844754219055176,
      1.5965313911437988,
      2.9396629333496094,
      1.680811882019043,
      3.6028635501861572
    ],
    [
      -0.5017812252044678,
      2.666076183319092,
      0.42700648307800293,
      6.099239349365234,
      6.496908664703369,
      13.686484336853027,
      4.9966583251953125,
      7.52212381362915,
      4.202165603637695,
      5.687026500701904,
      5.959506511688232,
      7.546043395996094,
      5.281957626342773,
      6.9289350509643555,
      1.7526127099990845,
      6.689079761505127,
      1.7583974599838257,
      6.702977180480957
    ],
    [
      0.48896095156669617,
      -0.44514599442481995,
      -0.5264013409614563,
      2.3006489276885986,
      6.3746490478515625,
      4.9966583251953125,
      24.939533233642578,
      7.116271495819092,
      8.298600196838379,
      1.415604829788208,
      3.6034069061279297,
      3.1420576572418213,
      5.042383670806885,
      2.9709463119506836,
      0.7839021682739258,
      3.465862274169922,
      2.6611902713775635,
      5.8294901847839355
    ],
    [
      0.5698128342628479,
      2.8588647842407227,
      0.5489773750305176,
      4.670269012451172,
      2.150020122528076,
      7.52212381362915,
      7.116271495819092,
      11.162095069885254,
      7.047714710235596,
      8.641576766967773,
      6.1260294914245605,
      10.453686714172363,
      4.250084400177002,
      7.5064849853515625,
      1.3371450901031494,
      4.579710006713867,
      1.3949823379516602,
      4.9458699226379395
    ],
    [
      1.521077036857605,
      2.960813522338867,
      1.135520100593567,
      3.397909641265869,
      -0.8382213115692139,
      4.202165603637695,
      8.298600196838379,
      7.047714710235596,
      12.48898696899414,
      10.567350387573242,
      6.748239040374756,
      10.975749969482422,
      4.654109477996826,
      7.562183856964111,
      1.1955785751342773,
      3.2395412921905518,
      1.7703357934951782,
      3.9393398761749268
    ],
    [
      2.219493865966797,
      5.0723981857299805,
      1.20766019821167,
      4.9820356369018555,
      -1.9673418998718262,
      5.687026500701904,
      1.415604829788208,
      8.641576766967773,
      10.567350387573242,
      17.145370483398438,
      8.750877380371094,
      16.687501907348633,
      4.325901508331299,
      11.0126371383667,
      1.5946711301803589,
      5.115426540374756,
      1.142081618309021,
      4.775934219360352
    ],
    [
      1.3825459480285645,
      4.382153511047363,
      1.8007186651229858,
      4.415782928466797,
      3.5839922428131104,
      5.959506511688232,
      3.6034069061279297,
      6.1260294914245605,
      6.748239040374756,
      8.750877380371094,
      11.409053802490234,
      11.430560111999512,
      7.56489896774292,
      9.705890655517578,
      3.204068899154663,
      6.230015277862549,
      1.9309688806533813,
      4.869325637817383
    ],
    [
      2.401041269302368,
      6.987492561340332,
      2.115402936935425,
      6.8208513259887695,
      -0.04150550067424774,
      7.546043395996094,
      3.1420576572418213,
      10.453686714172363,
      10.975749969482422,
      16.687501907348633,
      11.430560111999512,
      20.021177291870117,
      6.4457855224609375,
      13.49250602722168,
      2.923091411590576,
      6.5602617263793945,
      1.6056945323944092,
      5.304609298706055
    ],
    [
      0.9145782589912415,
      2.533092737197876,
      0.6592841148376465,
      1.941090703010559,
      3.8331375122070312,
      5.281957626342773,
      5.042383670806885,
      4.250084400177002,
      4.654109477996826,
      4.325901508331299,
      7.56489896774292,
      6.4457855224609375,
      9.701229095458984,
      8.540143013000488,
      6.1418375968933105,
      7.784725189208984,
      4.213762283325195,
      5.972733020782471
    ],
    [
      1.7410285472869873,
      6.976351737976074,
      1.5466415882110596,
      4.555261135101318,
      0.6844754219055176,
      6.9289350509643555,
      2.9709463119506836,
      7.5064849853515625,
      7.562183856964111,
      11.0126371383667,
      9.705890655517578,
      13.49250602722168,
      8.540143013000488,
      15.360006332397461,
      6.010314464569092,
      11.953079223632812,
      3.9504289627075195,
      8.905241012573242
    ],
    [
      1.5233933925628662,
      3.4127347469329834,
      2.0155532360076904,
      1.5759202241897583,
      1.5965313911437988,
      1.7526127099990845,
      0.7839021682739258,
      1.3371450901031494,
      1.1955785751342773,
      1.5946711301803589,
      3.204068899154663,
      2.923091411590576,
      6.1418375968933105,
      6.010314464569092,
      10.387626647949219,
      9.231304168701172,
      6.831379413604736,
      5.795906066894531
    ],
    [
      0.6955655217170715,
      7.2421746253967285,
      1.303850531578064,
      4.2761311531066895,
      2.9396629333496094,
      6.689079761505127,
      3.465862274169922,
      4.579710006713867,
      3.2395412921905518,
      5.115426540374756,
      6.230015277862549,
      6.5602617263793945,
      7.784725189208984,
      11.953079223632812,
      9.231304168701172,
      19.38158416748047,
      7.840320587158203,
      15.576290130615234
    ],
    [
      0.11709226667881012,
      2.4072906970977783,
      0.6960961818695068,
      0.3669557273387909,
      1.680811882019043,
      1.7583974599838257,
      2.6611902713775635,
      1.3949823379516602,
      1.7703357934951782,
      1.142081618309021,
      1.9309688806533813,
      1.6056945323944092,
      4.213762283325195,
      3.9504289627075195,
      6.831379413604736,
      7.840320587158203,
      9.215364456176758,
      8.870268821716309
    ],
    [
      -0.3346306085586548,
      4.270071029663086,
      1.112460970878601,
      3.1973347663879395,
      3.6028635501861572,
      6.702977180480957,
      5.8294901847839355,
      4.9458699226379395,
      3.9393398761749268,
      4.775934219360352,
      4.869325637817383,
      5.304609298706055,
      5.972733020782471,
      8.905241012573242,
      5.795906066894531,
      15.576290130615234,
      8.870268821716309,
      19.274322509765625
    ]
  ],
  "covariance_short": [
    [
      26.333314895629883,
      5.1612091064453125,
      1.9428609609603882,
      1.7015551328659058,
      1.6999956369400024,
      -0.2749101221561432,
      2.038207769393921,
      0.12838906049728394,
      0.9159508943557739,
      0.2640814781188965,
      1.4796026945114136,
      0.6760150194168091,
      1.737349271774292,
      1.398222804069519,
      1.8682972192764282,
      0.48305755853652954,
      0.2015407681465149,
      -0.9938471913337708
    ],
    [
      5.1612091064453125,
      45.104942321777344,
      4.866093635559082,
      8.258905410766602,
      0.44620347023010254,
      1.7654197216033936,
      1.3002835512161255,
      1.3147022724151611,
      4.063156604766846,
      4.342524528503418,
      5.499166965484619,
      6.392085075378418,
      3.9989004135131836,
      8.35783576965332,
      4.156671047210693,
      8.606390953063965,
      1.9386862516403198,
      4.223659038543701
    ],
    [
      1.9428609609603882,
      4.866093635559082,
      16.57158088684082,
      6.100979804992676,
      3.445833206176758,
      0.6393027305603027,
      2.1096253395080566,
      2.5447208881378174,
      4.953892707824707,
      5.455008029937744,
      5.210893154144287,
      6.681972026824951,
      3.5245518684387207,
      5.419213771820068,
      4.148867607116699,
      3.4828763008117676,
      3.1473755836486816,
      3.5875744819641113
    ],
    [
      1.7015551328659058,
      8.258905410766602,
      6.100979804992676,
      19.26991844177246,
      2.8933706283569336,
      5.981696605682373,
      2.1808178424835205,
      5.101299285888672,
      3.627269983291626,
      5.093104839324951,
      3.7588658332824707,
      6.3032307624816895,
      1.9741798639297485,
      4.576331615447998,
      2.996704339981079,
      5.145418167114258,
      1.4542337656021118,
      3.396371603012085
    ],
    [
      1.6999956369400024,
      0.44620347023010254,
      3.445833206176758,
      2.8933706283569336,
      23.99493980407715,
      9.473639488220215,
      9.602686882019043,
      3.7954607009887695,
      2.1817808151245117,
      0.827435314655304,
      7.524560928344727,
      2.461127519607544,
      7.762298583984375,
      3.40388822555542,
      4.746640682220459,
      5.721979141235352,
      4.581971645355225,
      6.820568561553955
    ],
    [
      -0.2749101221561432,
      1.7654197216033936,
      0.6393027305603027,
      5.981696605682373,
      9.473639488220215,
      18.683380126953125,
      7.737075328826904,
      8.560249328613281,
      5.933737754821777,
      7.001064300537109,
      7.8435516357421875,
      8.467185020446777,
      7.319767951965332,
      8.223443984985352,
      3.706669330596924,
      8.420228004455566,
      4.314255714416504,
      8.615355491638184
    ],
    [
      2.038207769393921,
      1.3002835512161255,
      2.1096253395080566,
      2.1808178424835205,
      9.602686882019043,
      7.737075328826904,
      36.253292083740234,
      10.488422393798828,
      14.466519355773926,
      5.706325054168701,
      9.27971363067627,
      6.708130836486816,
      10.99973201751709,
      7.373003005981445,
      4.42731237411499,
      7.572119235992432,
      7.549284934997559,
      11.172968864440918
    ],
    [
      0.12838906049728394,
      1.3147022724151611,
      2.5447208881378174,
      5.101299285888672,
      3.7954607009887695,
      8.560249328613281,
      10.488422393798828,
      15.12342643737793,
      9.41817855834961,
      10.750788688659668,
      8.559235572814941,
      12.100709915161133,
      6.514473915100098,
      9.626693725585938,
      3.345766305923462,
      6.39082145690918,
      3.976085901260376,
      7.202335357666016
    ],
    [
      0.9159508943557739,
      4.063156604766846,
      4.953892707824707,
      3.627269983291626,
      2.1817808151245117,
      5.933737754821777,
      14.466519355773926,
      9.41817855834961,
      20.570829391479492,
      15.792421340942383,
      11.690276145935059,
      15.263860702514648,
      9.651461601257324,
      12.13645076751709,
      4.6424102783203125,
      6.606367111206055,
      6.082443714141846,
      8.01050853729248
    ],
    [
      0.2640814781188965,
      4.342524528503418,
      5.455008029937744,
      5.093104839324951,
      0.827435314655304,
      7.001064300537109,
      5.706325054168701,
      10.750788688659668,
      15.792421340942383,
      22.5467586517334,
      12.40619945526123,
      20.438331604003906,
      7.435758590698242,
      14.181173324584961,
      3.8996951580047607,
      6.8183674812316895,
      4.025727272033691,
      7.024387359619141
    ],
    [
      1.4796026945114136,
      5.499166965484619,
      5.210893154144287,
      3.7588658332824707,
      7.524560928344727,
      7.8435516357421875,
      9.27971363067627,
      8.559235572814941,
      11.690276145935059,
      12.40619945526123,
      18.793838500976562,
      15.527715682983398,
      13.5704927444458,
      13.783934593200684,
      7.476649284362793,
      9.692204475402832,
      6.8280744552612305,
      8.949821472167969
    ],
    [
      0.6760150194168091,
      6.392085075378418,
      6.681972026824951,
      6.3032307624816895,
      2.461127519607544,
      8.467185020446777,
      6.708130836486816,
      12.100709915161133,
      15.263860702514648,
      20.438331604003906,
      15.527715682983398,
      25.235170364379883,
      9.712212562561035,
      16.973098754882812,
      5.717960357666016,
      8.556868553161621,
      4.992372989654541,
      7.773566246032715
    ],
    [
      1.737349271774292,
      3.9989004135131836,
      3.5245518684387207,
      1.9741798639297485,
      7.762298583984375,
      7.319767951965332,
      10.99973201751709,
      6.514473915100098,
      9.651461601257324,
      7.435758590698242,
      13.5704927444458,
      9.712212562561035,
      19.79075050354004,
      13.910618782043457,
      14.192706108093262,
      14.52042293548584,
      12.432833671569824,
      12.680342674255371
    ],
    [
      1.398222804069519,
      8.35783576965332,
      5.419213771820068,
      4.576331615447998,
      3.40388822555542,
      8.223443984985352,
      7.373003005981445,
      9.626693725585938,
      12.13645076751709,
      14.181173324584961,
      13.783934593200684,
      16.973098754882812,
      13.910618782043457,
      20.725845336914062,
      10.974564552307129,
      16.392717361450195,
      9.842720985412598,
      13.74966049194336
    ],
    [
      1.8682972192764282,
      4.156671047210693,
      4.148867607116699,
      2.996704339981079,
      4.746640682220459,
      3.706669330596924,
      4.42731237411499,
      3.345766305923462,
      4.6424102783203125,
      3.8996951580047607,
      7.476649284362793,
      5.717960357666016,
      14.192706108093262,
      10.974564552307129,
      21.487295150756836,
      18.099483489990234,
      16.521976470947266,
      14.313736915588379
    ],
    [
      0.48305755853652954,
      8.606390953063965,
      3.4828763008117676,
      5.145418167114258,
      5.721979141235352,
      8.420228004455566,
      7.572119235992432,
      6.39082145690918,
      6.606367111206055,
      6.8183674812316895,
      9.692204475402832,
      8.556868553161621,
      14.52042293548584,
      16.392717361450195,
      18.099483489990234,
      29.722848892211914,
      17.153615951538086,
      25.110618591308594
    ],
    [
      0.2015407681465149,
      1.9386862516403198,
      3.1473755836486816,
      1.4542337656021118,
      4.581971645355225,
      4.314255714416504,
      7.549284934997559,
      3.976085901260376,
      6.082443714141846,
      4.025727272033691,
      6.8280744552612305,
      4.992372989654541,
      12.432833671569824,
      9.842720985412598,
      16.521976470947266,
      17.153615951538086,
      23.318429946899414,
      21.83251190185547
    ],
    [
      -0.9938471913337708,
      4.223659038543701,
      3.5875744819641113,
      3.396371603012085,
      6.820568561553955,
      8.615355491638184,
      11.172968864440918,
      7.202335357666016,
      8.01050853729248,
      7.024387359619141,
      8.949821472167969,
      7.773566246032715,
      12.680342674255371,
      13.74966049194336,
      14.313736915588379,
      25.110618591308594,
      21.83251190185547,
      35.366943359375
    ]
  ],
  "drr": 13.488123893737793,
  "dynamics": 1.7065308094024658,
  "format": 1245190,
  "frames": 8828928,
  "loudness": -6.262744426727295,
  "loudness_range": 3.3545918464660645,
  "loudness_range_short": 5.011254787445068,
  "peak": 0.9661769270896912,
  "rms": -9.656652450561523,
  "sample_rate": 44100,
  "sections": 1,
  "seekable": 1,
  "sharpness": 1.7834656238555908,
  "space": -6.708134174346924
}