{
  "bands": [
    {
      "high_freq": 148.1999969482422,
      "loudness": -12.092581748962402,
      "loudness_range": 4.803468704223633,
      "mid_mean": -8.421270370483398,
      "mid_to_side_loudness": -30.345367431640625,
      "mid_to_side_loudness_range": 40.44134521484375,
      "side_mean": -39.11860275268555
    },
    {
      "high_freq": 392.3793640136719,
      "loudness": -19.73872947692871,
      "loudness_range": 8.476975440979004,
      "low_freq": 148.1999969482422,
      "mid_mean": -16.309476852416992,
      "mid_to_side_loudness": -17.892196655273438,
      "mid_to_side_loudness_range": 28.06771469116211,
      "side_mean": -34.23065185546875
    },
    {
      "high_freq": 794.6976318359375,
      "loudness": -22.991764068603516,
      "loudness_range": 9.384183883666992,
      "low_freq": 392.3793640136719,
      "mid_mean": -19.703386306762695,
      "mid_to_side_loudness": -14.77841854095459,
      "mid_to_side_loudness_range": 24.413240432739258,
      "side_mean": -34.41877365112305
    },
    {
      "high_freq": 1457.5709228515625,
      "loudness": -24.16813087463379,
      "loudness_range": 13.88231086730957,
      "low_freq": 794.6976318359375,
      "mid_mean": -21.142581939697266,
      "mid_to_side_loudness": -13.32331657409668,
      "mid_to_side_loudness_range": 26.749683380126953,
      "side_mean": -33.9277458190918
    },
    {
      "high_freq": 2549.74365234375,
      "loudness": -24.04689598083496,
      "loudness_range": 12.595861434936523,
      "low_freq": 1457.5709228515625,
      "mid_mean": -20.708845138549805,
      "mid_to_side_loudness": -15.18621826171875,
      "mid_to_side_loudness_range": 23.528141021728516,
      "side_mean": -35.57502365112305
    },
    {
      "high_freq": 4349.24462890625,
      "loudness": -25.829448699951172,
      "loudness_range": 13.203079223632812,
      "low_freq": 2549.74365234375,
      "mid_mean": -22.451967239379883,
      "mid_to_side_loudness": -15.520750999450684,
      "mid_to_side_loudness_range": 21.11161231994629,
      "side_mean": -37.75015640258789
    },
    {
      "high_freq": 7314.1640625,
      "loudness": -29.66303253173828,
      "loudness_range": 15.836967468261719,
      "low_freq": 4349.24462890625,
      "mid_mean": -26.17220687866211,
      "mid_to_side_loudness": -16.800539016723633,
      "mid_to_side_loudness_range": 17.89816665649414,
      "side_mean": -42.71565628051758
    },
    {
      "high_freq": 12199.2666015625,
      "loudness": -34.05683898925781,
      "loudness_range": 18.77316665649414,
      "low_freq": 7314.1640625,
      "mid_mean": -30.535297393798828,
      "mid_to_side_loudness": -17.312686920166016,
      "mid_to_side_loudness_range": 20.720022201538086,
      "side_mean": -50.56719970703125
    },
    {
      "loudness": -44.81486892700195,
      "loudness_range": 19.215869903564453,
      "low_freq": 12199.2666015625,
      "mid_mean": -41.461795806884766,
      "mid_to_side_loudness": -14.603314399719238,
      "mid_to_side_loudness_range": 22.72063446044922,
      "side_mean": -57.1741828918457
    }
  ],
  "bands_short": [
    {
      "high_freq": 148.1999969482422,
      "loudness": -13.02502727508545,
      "loudness_range": 8.555686950683594,
      "mid_mean": -9.242717742919922,
      "mid_to_side_loudness": -29.75292205810547,
      "mid_to_side_loudness_range": 43.696449279785156,
      "side_mean": -40.39609909057617
    },
    {
      "high_freq": 392.3793640136719,
      "loudness": -20.767786026000977,
      "loudness_range": 17.517433166503906,
      "low_freq": 148.1999969482422,
      "mid_mean": -17.469425201416016,
      "mid_to_side_loudness": -17.13971710205078,
      "mid_to_side_loudness_range": 29.708362579345703,
      "side_mean": -35.06024932861328
    },
    {
      "high_freq": 794.6976318359375,
      "loudness": -25.393274307250977,
      "loudness_range": 18.715370178222656,
      "low_freq": 392.3793640136719,
      "mid_mean": -22.276317596435547,
      "mid_to_side_loudness": -14.187849044799805,
      "mid_to_side_loudness_range": 26.97298812866211,
      "side_mean": -36.44510269165039
    },
    {
      "high_freq": 1457.5709228515625,
      "loudness": -26.570735931396484,
      "loudness_range": 21.90631866455078,
      "low_freq": 794.6976318359375,
      "mid_mean": -23.669845581054688,
      "mid_to_side_loudness": -13.049483299255371,
      "mid_to_side_loudness_range": 28.013471603393555,
      "side_mean": -36.281368255615234
    },
    {
      "high_freq": 2549.74365234375,
      "loudness": -26.791738510131836,
      "loudness_range": 22.716718673706055,
      "low_freq": 1457.5709228515625,
      "mid_mean": -23.59508514404297,
      "mid_to_side_loudness": -14.272951126098633,
      "mid_to_side_loudness_range": 25.91974639892578,
      "side_mean": -37.557655334472656
    },
    {
      "high_freq": 4349.24462890625,
      "loudness": -28.214597702026367,
      "loudness_range": 22.79828643798828,
      "low_freq": 2549.74365234375,
      "mid_mean": -24.992774963378906,
      "mid_to_side_loudness": -15.05482006072998,
      "mid_to_side_loudness_range": 25.132984161376953,
      "side_mean": -39.62111282348633
    },
    {
      "high_freq": 7314.1640625,
      "loudness": -32.30083465576172,
      "loudness_range": 24.16436195373535,
      "low_freq": 4349.24462890625,
      "mid_mean": -28.87881088256836,
      "mid_to_side_loudness": -16.123313903808594,
      "mid_to_side_loudness_range": 22.173213958740234,
      "side_mean": -44.72819137573242
    },
    {
      "high_freq": 12199.2666015625,
      "loudness": -37.11015319824219,
      "loudness_range": 27.291839599609375,
      "low_freq": 7314.1640625,
      "mid_mean": -33.82057571411133,
      "mid_to_side_loudness": -16.592058181762695,
      "mid_to_side_loudness_range": 23.40792465209961,
      "side_mean": -53.89073181152344
    },
    {
      "loudness": -47.428062438964844,
      "loudness_range": 24.845149993896484,
      "low_freq": 12199.2666015625,
      "mid_mean": -44.08745193481445,
      "mid_to_side_loudness": -13.923245429992676,
      "mid_to_side_loudness_range": 24.08034896850586,
      "side_mean": -59.76298141479492
    }
  ],
  "channels": 2,
  "covariance": [
    [
      19.923294067382812,
      -9.907427787780762,
      6.522695541381836,
      -5.966744422912598,
      0.14394453167915344,
      -5.639301776885986,
      1.2511024475097656,
      -1.7047910690307617,
      0.5476120114326477,
      -4.567309856414795,
      1.9728590250015259,
      -2.4257724285125732,
      1.6535670757293701,
      -2.377680778503418,
      -0.5101708769798279,
      -2.0296735763549805,
      -0.7766531705856323,
      -0.08120537549257278
    ],
    [
      -9.907427787780762,
      106.64398193359375,
      4.157191753387451,
      85.12740325927734,
      5.065462112426758,
      53.82915115356445,
      6.392495155334473,
      48.80583190917969,
      11.930998802185059,
      49.91921615600586,
      6.26479434967041,
      26.69359016418457,
      -3.074385643005371,
      10.228914260864258,
      2.3537421226501465,
      37.269287109375,
      5.65642786026001,
      38.74818420410156
    ],
    [
      6.522695541381836,
      4.157191753387451,
      12.391460418701172,
      5.169718265533447,
      4.007689952850342,
      2.0734293460845947,
      3.6977627277374268,
      3.5572686195373535,
      5.559859275817871,
      3.63653826713562,
      6.6468892097473145,
      3.7340612411499023,
      5.650064468383789,
      3.115770101547241,
      3.4509198665618896,
      4.485811710357666,
      4.281144142150879,
      6.105949878692627
    ],
    [
      -5.966744422912598,
      85.12740325927734,
      5.169718265533447,
      95.2450180053711,
      5.341919422149658,
      59.857486724853516,
      5.981997013092041,
      54.400814056396484,
      10.846447944641113,
      53.962528228759766,
      4.4936723709106445,
      29.797609329223633,
      -5.065606117248535,
      14.732864379882812,
      3.508049249649048,
      27.9674015045166,
      6.674043655395508,
      32.58992385864258
    ],
    [
      0.14394453167915344,
      5.065462112426758,
      4.007689952850342,
      5.341919422149658,
      13.067166328430176,
      6.974209308624268,
      7.793456077575684,
      3.3365752696990967,
      7.287882328033447,
      3.745215654373169,
      7.628432273864746,
      3.7856032848358154,
      4.610023021697998,
      4.119532108306885,
      4.7832512855529785,
      6.563867092132568,
      5.448956489562988,
      6.031134128570557
    ],
    [
      -5.639301776885986,
      53.82915115356445,
      2.0734293460845947,
      59.857486724853516,
      6.974209308624268,
      76.21269989013672,
      9.467727661132812,
      74.8372802734375,
      11.790818214416504,
      69.02326965332031,
      2.6586194038391113,
      46.70336151123047,
      -6.390146732330322,
      24.806568145751953,
      -4.800772666931152,
      29.46531105041504,
      -2.268441677093506,
      33.686771392822266
    ],
    [
      1.2511024475097656,
      6.392495155334473,
      3.6977627277374268,
      5.981997013092041,
      7.793456077575684,
      9.467727661132812,
      23.345848083496094,
      16.363367080688477,
      13.041584014892578,
      13.182167053222656,
      10.551043510437012,
      11.185182571411133,
      5.15521764755249,
      8.630488395690918,
      0.5899776220321655,
      15.118313789367676,
      2.678954601287842,
      13.102042198181152
    ],
    [
      -1.7047910690307617,
      48.80583190917969,
      3.5572686195373535,
      54.400814056396484,
      3.3365752696990967,
      74.8372802734375,
      16.363367080688477,
      101.96202850341797,
      17.01704978942871,
      85.79196166992188,
      5.842779636383057,
      60.08475875854492,
      -7.421159744262695,
      29.210451126098633,
      -9.713081359863281,
      29.743473052978516,
      -5.935500144958496,
      37.7628059387207
    ],
    [
      0.5476120114326477,
      11.930998802185059,
      5.559859275817871,
      10.846447944641113,
      7.287882328033447,
      11.790818214416504,
      13.041584014892578,
      17.01704978942871,
      21.348154067993164,
      19.351837158203125,
      17.509645462036133,
      15.922053337097168,
      9.461873054504395,
      11.270492553710938,
      5.070349216461182,
      14.360159873962402,
      7.432919025421143,
      16.09918212890625
    ],
    [
      -4.567309856414795,
      49.91921615600586,
      3.63653826713562,
      53.962528228759766,
      3.745215654373169,
      69.02326965332031,
      13.182167053222656,
      85.79196166992188,
      19.351837158203125,
      89.2039794921875,
      9.32568645477295,
      61.72392272949219,
      -2.069230556488037,
      34.623172760009766,
      -4.215897560119629,
      33.123260498046875,
      -0.21577464044094086,
      41.531742095947266
    ],
    [
      1.9728590250015259,
      6.26479434967041,
      6.6468892097473145,
      4.4936723709106445,
      7.628432273864746,
      2.6586194038391113,
      10.551043510437012,
      5.842779636383057,
      17.509645462036133,
      9.32568645477295,
      25.015745162963867,
      13.145015716552734,
      17.967681884765625,
      13.249212265014648,
      11.049357414245605,
      14.875553131103516,
      12.650920867919922,
      15.376980781555176
    ],
    [
      -2.4257724285125732,
      26.69359016418457,
      3.7340612411499023,
      29.797609329223633,
      3.7856032848358154,
      46.70336151123047,
      11.185182571411133,
      60.08475875854492,
      15.922053337097168,
      61.72392272949219,
      13.145015716552734,
      57.1722412109375,
      4.778006076812744,
      37.929664611816406,
      -2.152728796005249,
      32.7518424987793,
      0.22700193524360657,
      36.16009521484375
    ],
    [
      1.6535670757293701,
      -3.074385643005371,
      5.650064468383789,
      -5.065606117248535,
      4.610023021697998,
      -6.390146732330322,
      5.15521764755249,
      -7.421159744262695,
      9.461873054504395,
      -2.069230556488037,
      17.967681884765625,
      4.778006076812744,
      34.8829345703125,
      18.680269241333008,
      27.245235443115234,
      20.582489013671875,
      27.337270736694336,
      16.833406448364258
    ],
    [
      -2.377680778503418,
      10.228914260864258,
      3.115770101547241,
      14.732864379882812,
      4.119532108306885,
      24.806568145751953,
      8.630488395690918,
      29.210451126098633,
      11.270492553710938,
      34.623172760009766,
      13.249212265014648,
      37.929664611816406,
      18.680269241333008,
      46.086036682128906,
      6.630960941314697,
      40.19502639770508,
      8.360739707946777,
      35.90355682373047
    ],
    [
      -0.5101708769798279,
      2.3537421226501465,
      3.4509198665618896,
      3.508049249649048,
      4.7832512855529785,
      -4.800772666931152,
      0.5899776220321655,
      -9.713081359863281,
      5.070349216461182,
      -4.215897560119629,
      11.049357414245605,
      -2.152728796005249,
      27.245235443115234,
      6.630960941314697,
      47.62376022338867,
      10.746424674987793,
      41.6341438293457,
      9.966630935668945
    ],
    [
      -2.0296735763549805,
      37.269287109375,
      4.485811710357666,
      27.9674015045166,
      6.563867092132568,
      29.46531105041504,
      15.118313789367676,
      29.743473052978516,
      14.360159873962402,
      33.123260498046875,
      14.875553131103516,
      32.7518424987793,
      20.582489013671875,
      40.19502639770508,
      10.746424674987793,
      82.00212097167969,
      10.619790077209473,
      61.56521987915039
    ],
    [
      -0.7766531705856323,
      5.65642786026001,
      4.281144142150879,
      6.674043655395508,
      5.448956489562988,
      -2.268441677093506,
      2.678954601287842,
      -5.935500144958496,
      7.432919025421143,
      -0.21577464044094086,
      12.650920867919922,
      0.22700193524360657,
      27.337270736694336,
      8.360739707946777,
      41.6341438293457,
      10.619790077209473,
      45.45995330810547,
      12.004618644714355
    ],
    [
      -0.08120537549257278,
      38.74818420410156,
      6.105949878692627,
      32.58992385864258,
      6.031134128570557,
      33.686771392822266,
      13.102042198181152,
      37.7628059387207,
      16.09918212890625,
      41.531742095947266,
      15.376980781555176,
      36.16009521484375,
      16.833406448364258,
      35.90355682373047,
      9.966630935668945,
      61.56521987915039,
      12.004618644714355,
      55.04441833496094
    ]
  ],
  "covariance_short": [
    [
      26.384626388549805,
      -7.698258399963379,
      4.423469543457031,
      -6.573148727416992,
      -1.6742578744888306,
      -5.905787467956543,
      -0.25879913568496704,
      -2.7848634719848633,
      -1.6334228515625,
      -4.417124271392822,
      -0.45620623230934143,
      -2.929091453552246,
      -0.2623973786830902,
      -2.9771599769592285,
      -2.2095530033111572,
      2.3409342765808105,
      -2.4141979217529297,
      2.873903512954712
    ],
    [
      -7.698258399963379,
      118.82740783691406,
      10.878396034240723,
      89.79682159423828,
      12.154584884643555,
      52.89450454711914,
      8.086116790771484,
      44.056304931640625,
      15.715921401977539,
      40.29925537109375,
      11.617042541503906,
      22.96076202392578,
      2.458613157272339,
      8.560368537902832,
      10.431894302368164,
      17.541902542114258,
      13.09053897857666,
      22.853410720825195
    ],
    [
      4.423469543457031,
      10.878396034240723,
      34.580806732177734,
      10.180733680725098,
      14.79301643371582,
      8.056502342224121,
      12.771536827087402,
      8.6964111328125,
      15.790756225585938,
      10.813520431518555,
      13.90330696105957,
      9.928522109985352,
      10.732610702514648,
      9.009615898132324,
      6.749866962432861,
      13.544673919677734,
      6.504199981689453,
      12.965429306030273
    ],
    [
      -6.573148727416992,
      89.79682159423828,
      10.180733680725098,
      111.04509735107422,
      14.680660247802734,
      70.42738342285156,
      13.934359550476074,
      61.525604248046875,
      16.64959144592285,
      54.50135803222656,
      7.68265438079834,
      33.224422454833984,
      -1.619576334953308,
      18.941383361816406,
      5.022004127502441,
      24.820531845092773,
      9.13147258758545,
      28.777875900268555
    ],
    [
      -1.6742578744888306,
      12.154584884643555,
      14.79301643371582,
      14.680660247802734,
      45.86838912963867,
      22.836931228637695,
      31.474205017089844,
      19.54253578186035,
      31.397472381591797,
      20.591278076171875,
      29.012676239013672,
      20.205764770507812,
      18.570175170898438,
      19.159379959106445,
      17.43517303466797,
      22.508827209472656,
      12.723889350891113,
      17.82249641418457
    ],
    [
      -5.905787467956543,
      52.89450454711914,
      8.056502342224121,
      70.42738342285156,
      22.836931228637695,
      97.88954162597656,
      25.636531829833984,
      89.88365173339844,
      25.740474700927734,
      81.0119857788086,
      13.939681053161621,
      59.19851303100586,
      2.1833181381225586,
      36.762062072753906,
      -0.7710074782371521,
      38.587589263916016,
      4.171957969665527,
      40.65104293823242
    ],
    [
      -0.25879913568496704,
      8.086116790771484,
      12.771536827087402,
      13.934359550476074,
      31.474205017089844,
      25.636531829833984,
      59.105098724365234,
      38.699501037597656,
      42.1729621887207,
      35.65817642211914,
      34.19851303100586,
      33.069427490234375,
      21.86884880065918,
      28.124176025390625,
      13.625691413879395,
      34.82952880859375,
      12.370797157287598,
      28.234573364257812
    ],
    [
      -2.7848634719848633,
      44.056304931640625,
      8.6964111328125,
      61.525604248046875,
      19.54253578186035,
      89.88365173339844,
      38.699501037597656,
      128.23265075683594,
      36.648948669433594,
      106.145751953125,
      19.917369842529297,
      79.35150909423828,
      3.933335781097412,
      46.52968215942383,
      -3.407728433609009,
      45.71010971069336,
      3.535417079925537,
      51.44094467163086
    ],
    [
      -1.6334228515625,
      15.715921401977539,
      15.790756225585938,
      16.64959144592285,
      31.397472381591797,
      25.740474700927734,
      42.1729621887207,
      36.648948669433594,
      62.28532028198242,
      43.13234329223633,
      49.60581588745117,
      40.1296501159668,
      31.283248901367188,
      34.49408721923828,
      21.52169418334961,
      34.72184371948242,
      18.783859252929688,
      32.09810256958008
    ],
    [
      -4.417124271392822,
      40.29925537109375,
      10.813520431518555,
      54.50135803222656,
      20.591278076171875,
      81.0119857788086,
      35.65817642211914,
      106.145751953125,
      43.13234329223633,
      119.00328063964844,
      27.90994644165039,
      84.65137481689453,
      12.877737045288086,
      54.24529266357422,
      3.9373629093170166,
      51.31499099731445,
      10.617709159851074,
      56.77600860595703
    ],
    [
      -0.45620623230934143,
      11.617042541503906,
      13.90330696105957,
      7.68265438079834,
      29.012676239013672,
      13.939681053161621,
      34.19851303100586,
      19.917369842529297,
      49.60581588745117,
      27.90994644165039,
      64.66780090332031,
      37.02223205566406,
      46.014198303222656,
      39.46812438964844,
      34.74443817138672,
      37.487998962402344,
      26.63147735595703,
      31.827747344970703
    ],
    [
      -2.929091453552246,
      22.96076202392578,
      9.928522109985352,
      33.224422454833984,
      20.205764770507812,
      59.19851303100586,
      33.069427490234375,
      79.35150909423828,
      40.1296501159668,
      84.65137481689453,
      37.02223205566406,
      93.35956573486328,
      24.539981842041016,
      65.87325286865234,
      12.968829154968262,
      56.579437255859375,
      15.090829849243164,
      55.827152252197266
    ],
    [
      -0.2623973786830902,
      2.458613157272339,
      10.732610702514648,
      -1.619576334953308,
      18.570175170898438,
      2.1833181381225586,
      21.86884880065918,
      3.933335781097412,
      31.283248901367188,
      12.877737045288086,
      46.014198303222656,
      24.539981842041016,
      70.33943939208984,
      46.58908462524414,
      61.49827194213867,
      44.36235046386719,
      47.93350601196289,
      32.72624588012695
    ],
    [
      -2.9771599769592285,
      8.560368537902832,
      9.009615898132324,
      18.941383361816406,
      19.159379959106445,
      36.762062072753906,
      28.124176025390625,
      46.52968215942383,
      34.49408721923828,
      54.24529266357422,
      39.46812438964844,
      65.87325286865234,
      46.58908462524414,
      86.61836242675781,
      33.408958435058594,
      71.07532501220703,
      29.420743942260742,
      59.98746871948242
    ],
    [
      -2.2095530033111572,
      10.431894302368164,
      6.749866962432861,
      5.022004127502441,
      17.43517303466797,
      -0.7710074782371521,
      13.625691413879395,
      -3.407728433609009,
      21.52169418334961,
      3.9373629093170166,
      34.74443817138672,
      12.968829154968262,
      61.49827194213867,
      33.408958435058594,
      91.10582733154297,
      35.887516021728516,
      69.5404052734375,
      25.353178024291992
    ],
    [
      2.3409342765808105,
      17.541902542114258,
      13.544673919677734,
      24.820531845092773,
      22.508827209472656,
      38.587589263916016,
      34.82952880859375,
      45.71010971069336,
      34.72184371948242,
      51.31499099731445,
      37.487998962402344,
      56.579437255859375,
      44.36235046386719,
      71.07532501220703,
      35.887516021728516,
      117.80050659179688,
      27.782550811767578,
      83.43505859375
    ],
    [
      -2.4141979217529297,
      13.09053897857666,
      6.504199981689453,
      9.13147258758545,
      12.723889350891113,
      4.171957969665527,
      12.370797157287598,
      3.535417079925537,
      18.783859252929688,
      10.617709159851074,
      26.63147735595703,
      15.090829849243164,
      47.93350601196289,
      29.420743942260742,
      69.5404052734375,
      27.782550811767578,
      65.82351684570312,
      24.051761627197266
    ],
    [
      2.873903512954712,
      22.853410720825195,
      12.965429306030273,
      28.777875900268555,
      17.82249641418457,
      40.65104293823242,
      28.234573364257812,
      51.44094467163086,
      32.09810256958008,
      56.77600860595703,
      31.827747344970703,
      55.827152252197266,
      32.72624588012695,
      59.98746871948242,
      25.353178024291992,
      83.43505859375,
      24.051761627197266,
      74.47915649414062
    ]
  ],
  "drr": 19.041540145874023,
  "dynamics": 2.2579703330993652,
  "format": 1245190,
  "frames": 16709632,
  "loudness": -6.576798439025879,
  "loudness_range": 4.0345025062561035,
  "loudness_range_short": 7.368466854095459,
  "peak": 1.0449070930480957,
  "rms": -5.914867877960205,
  "sample_rate": 44100,
  "sections": 1,
  "seekable": 1,
  "sharpness": 2.3587141036987305,
  "space": -21.27521324157715
}