{
  "bands": [
    {
      "high_freq": 148.1999969482422,
      "loudness": -36.43051528930664,
      "loudness_range": 19.524036407470703,
      "mid_mean": -33.81943893432617,
      "mid_to_side_loudness": -7.109564781188965,
      "mid_to_side_loudness_range": 14.328438758850098,
      "side_mean": -40.95268249511719
    },
    {
      "high_freq": 392.3793640136719,
      "loudness": -21.866056442260742,
      "loudness_range": 13.253985404968262,
      "low_freq": 148.1999969482422,
      "mid_mean": -19.20517349243164,
      "mid_to_side_loudness": -6.2947096824646,
      "mid_to_side_loudness_range": 8.263919830322266,
      "side_mean": -25.576814651489258
    },
    {
      "high_freq": 794.6976318359375,
      "loudness": -22.15854835510254,
      "loudness_range": 14.453051567077637,
      "low_freq": 392.3793640136719,
      "mid_mean": -19.900606155395508,
      "mid_to_side_loudness": -5.174651145935059,
      "mid_to_side_loudness_range": 11.021920204162598,
      "side_mean": -25.064146041870117
    },
    {
      "high_freq": 1457.5709228515625,
      "loudness": -27.533620834350586,
      "loudness_range": 14.588186264038086,
      "low_freq": 794.6976318359375,
      "mid_mean": -24.903291702270508,
      "mid_to_side_loudness": -6.293796062469482,
      "mid_to_side_loudness_range": 8.185306549072266,
      "side_mean": -31.30251121520996
    },
    {
      "high_freq": 2549.74365234375,
      "loudness": -30.613054275512695,
      "loudness_range": 15.410909652709961,
      "low_freq": 1457.5709228515625,
      "mid_mean": -28.18742561340332,
      "mid_to_side_loudness": -5.231777191162109,
      "mid_to_side_loudness_range": 8.23672866821289,
      "side_mean": -33.47614288330078
    },
    {
      "high_freq": 4349.24462890625,
      "loudness": -40.641658782958984,
      "loudness_range": 18.356842041015625,
      "low_freq": 2549.74365234375,
      "mid_mean": -38.10049057006836,
      "mid_to_side_loudness": -5.384060859680176,
      "mid_to_side_loudness_range": 5.773387432098389,
      "side_mean": -43.54965591430664
    },
    {
      "high_freq": 7314.1640625,
      "loudness": -56.8809700012207,
      "loudness_range": 25.55459213256836,
      "low_freq": 4349.24462890625,
      "mid_mean": -54.11921310424805,
      "mid_to_side_loudness": -4.828241348266602,
      "mid_to_side_loudness_range": 4.81816291809082,
      "side_mean": -58.36414337158203
    },
    {
      "high_freq": 12199.2666015625,
      "loudness": -65.0495376586914,
      "loudness_range": 13.73382568359375,
      "low_freq": 7314.1640625,
      "mid_mean": -61.71612548828125,
      "mid_to_side_loudness": -4.629525661468506,
      "mid_to_side_loudness_range": 3.2870218753814697,
      "side_mean": -65.16029357910156
    },
    {
      "loudness": -64.4423599243164,
      "loudness_range": 1.5042991638183594,
      "low_freq": 12199.2666015625,
      "mid_mean": -61.542884826660156,
      "mid_to_side_loudness": -3.902194023132324,
      "mid_to_side_loudness_range": 1.0376615524291992,
      "side_mean": -64.63677215576172
    }
  ],
  "bands_short": [
    {
      "high_freq": 148.1999969482422,
      "loudness": -41.69438552856445,
      "loudness_range": 21.2556209564209,
      "mid_mean": -38.73978042602539,
      "mid_to_side_loudness": -10.540976524353027,
      "mid_to_side_loudness_range": 19.00969886779785,
      "side_mean": -49.30705642700195
    },
    {
      "high_freq": 392.3793640136719,
      "loudness": -22.877046585083008,
      "loudness_range": 15.373858451843262,
      "low_freq": 148.1999969482422,
      "mid_mean": -20.290727615356445,
      "mid_to_side_loudness": -6.197900772094727,
      "mid_to_side_loudness_range": 9.27380084991455,
      "side_mean": -26.520069122314453
    },
    {
      "high_freq": 794.6976318359375,
      "loudness": -22.913330078125,
      "loudness_range": 16.989303588867188,
      "low_freq": 392.3793640136719,
      "mid_mean": -20.8602352142334,
      "mid_to_side_loudness": -4.617879390716553,
      "mid_to_side_loudness_range": 11.745586395263672,
      "side_mean": -25.493806838989258
    },
    {
      "high_freq": 1457.5709228515625,
      "loudness": -27.953432083129883,
      "loudness_range": 16.791677474975586,
      "low_freq": 794.6976318359375,
      "mid_mean": -25.298742294311523,
      "mid_to_side_loudness": -6.555183410644531,
      "mid_to_side_loudness_range": 9.257523536682129,
      "side_mean": -31.94795036315918
    },
    {
      "high_freq": 2549.74365234375,
      "loudness": -32.21879577636719,
      "loudness_range": 18.502885818481445,
      "low_freq": 1457.5709228515625,
      "mid_mean": -29.916194915771484,
      "mid_to_side_loudness": -5.0546159744262695,
      "mid_to_side_loudness_range": 9.623716354370117,
      "side_mean": -35.000450134277344
    },
    {
      "high_freq": 4349.24462890625,
      "loudness": -41.7739372253418,
      "loudness_range": 22.2186336517334,
      "low_freq": 2549.74365234375,
      "mid_mean": -39.30044937133789,
      "mid_to_side_loudness": -5.5699591636657715,
      "mid_to_side_loudness_range": 8.666570663452148,
      "side_mean": -44.924137115478516
    },
    {
      "high_freq": 7314.1640625,
      "loudness": -59.10262680053711,
      "loudness_range": 27.163318634033203,
      "low_freq": 4349.24462890625,
      "mid_mean": -56.25901794433594,
      "mid_to_side_loudness": -4.569442272186279,
      "mid_to_side_loudness_range": 6.4268083572387695,
      "side_mean": -60.04428482055664
    },
    {
      "high_freq": 12199.2666015625,
      "loudness": -65.99622344970703,
      "loudness_range": 11.648502349853516,
      "low_freq": 7314.1640625,
      "mid_mean": -62.584835052490234,
      "mid_to_side_loudness": -4.345253944396973,
      "mid_to_side_loudness_range": 3.351994037628174,
      "side_mean": -65.66912078857422
    },
    {
      "loudness": -64.51648712158203,
      "loudness_range": 1.9030303955078125,
      "low_freq": 12199.2666015625,
      "mid_mean": -61.61983871459961,
      "mid_to_side_loudness": -3.851717233657837,
      "mid_to_side_loudness_range": 1.5085670948028564,
      "side_mean": -64.66378021240234
    }
  ],
  "channels": 2,
  "covariance": [
    [
      40.38456726074219,
      38.19781494140625,
      7.484717845916748,
      7.186887741088867,
      6.854626655578613,
      5.549381732940674,
      3.302150249481201,
      5.7338056564331055,
      9.13119888305664,
      8.973151206970215,
      9.646835327148438,
      6.9951605796813965,
      6.297460556030273,
      5.667694091796875,
      1.9460664987564087,
      1.8040813207626343,
      0.8749766945838928,
      0.38136452436447144
    ],
    [
      38.19781494140625,
      60.037696838378906,
      12.388481140136719,
      11.222532272338867,
      11.29046630859375,
      9.242605209350586,
      7.044005393981934,
      8.563730239868164,
      14.181804656982422,
      10.300736427307129,
      13.366768836975098,
      10.403548240661621,
      10.677201271057129,
      9.810229301452637,
      2.4787611961364746,
      1.9077367782592773,
      0.9925321340560913,
      0.4002995789051056
    ],
    [
      7.484717845916748,
      12.388481140136719,
      25.059207916259766,
      18.618539810180664,
      11.656899452209473,
      11.143318176269531,
      13.188157081604004,
      12.416267395019531,
      13.778860092163086,
      15.207517623901367,
      16.16333770751953,
      16.73283576965332,
      19.806259155273438,
      18.2064208984375,
      4.512938499450684,
      2.9544336795806885,
      0.839940071105957,
      0.1904163807630539
    ],
    [
      7.186887741088867,
      11.222532272338867,
      18.618539810180664,
      20.145465850830078,
      9.172636032104492,
      9.10682201385498,
      11.195659637451172,
      10.883499145507812,
      11.139178276062012,
      12.397534370422363,
      12.464826583862305,
      12.963473320007324,
      15.05189037322998,
      13.770228385925293,
      3.109126091003418,
      2.0580649375915527,
      0.7295213341712952,
      0.21355797350406647
    ],
    [
      6.854626655578613,
      11.29046630859375,
      11.656899452209473,
      9.172636032104492,
      28.11254119873047,
      19.89322280883789,
      17.564014434814453,
      16.739246368408203,
      20.685699462890625,
      19.773435592651367,
      23.932613372802734,
      24.396982192993164,
      30.873746871948242,
      27.283584594726562,
      11.532818794250488,
      6.9968342781066895,
      1.8891507387161255,
      0.5303891897201538
    ],
    [
      5.549381732940674,
      9.242605209350586,
      11.143318176269531,
      9.10682201385498,
      19.89322280883789,
      27.767436981201172,
      18.16704750061035,
      16.497650146484375,
      17.89464569091797,
      14.963831901550293,
      21.71592140197754,
      21.78177833557129,
      26.22211265563965,
      23.435108184814453,
      9.785584449768066,
      6.029926776885986,
      1.5470508337020874,
      0.46857592463493347
    ],
    [
      3.302150249481201,
      7.044005393981934,
      13.188157081604004,
      11.195659637451172,
      17.564014434814453,
      18.16704750061035,
      29.685218811035156,
      22.26807975769043,
      21.196849822998047,
      18.608230590820312,
      22.781368255615234,
      23.06192970275879,
      29.251049041748047,
      26.533660888671875,
      11.103957176208496,
      6.77179479598999,
      1.9863625764846802,
      0.5827460289001465
    ],
    [
      5.7338056564331055,
      8.563730239868164,
      12.416267395019531,
      10.883499145507812,
      16.739246368408203,
      16.497650146484375,
      22.26807975769043,
      23.283184051513672,
      18.475725173950195,
      16.744096755981445,
      22.272090911865234,
      22.031715393066406,
      27.515409469604492,
      25.17731285095215,
      10.620582580566406,
      6.699021339416504,
      1.8435652256011963,
      0.563014805316925
    ],
    [
      9.13119888305664,
      14.181804656982422,
      13.778860092163086,
      11.139178276062012,
      20.685699462890625,
      17.89464569091797,
      21.196849822998047,
      18.475725173950195,
      30.201658248901367,
      25.55036163330078,
      29.41094398498535,
      29.642499923706055,
      34.607276916503906,
      31.238346099853516,
      13.034196853637695,
      8.05697250366211,
      2.7269082069396973,
      1.0482739210128784
    ],
    [
      8.973151206970215,
      10.300736427307129,
      15.207517623901367,
      12.397534370422363,
      19.773435592651367,
      14.963831901550293,
      18.608230590820312,
      16.744096755981445,
      25.55036163330078,
      28.536256790161133,
      27.301860809326172,
      28.228124618530273,
      31.521547317504883,
      28.553239822387695,
      10.9808988571167,
      6.829853534698486,
      2.2829623222351074,
      0.8739795684814453
    ],
    [
      9.646835327148438,
      13.366768836975098,
      16.16333770751953,
      12.464826583862305,
      23.932613372802734,
      21.71592140197754,
      22.781368255615234,
      22.272090911865234,
      29.41094398498535,
      27.301860809326172,
      41.51786422729492,
      40.225460052490234,
      43.887577056884766,
      39.92167663574219,
      17.9425048828125,
      11.509886741638184,
      3.2735397815704346,
      1.2693097591400146
    ],
    [
      6.9951605796813965,
      10.403548240661621,
      16.73283576965332,
      12.963473320007324,
      24.396982192993164,
      21.78177833557129,
      23.06192970275879,
      22.031715393066406,
      29.642499923706055,
      28.228124618530273,
      40.225460052490234,
      43.37387466430664,
      43.44096755981445,
      39.39971160888672,
      17.198501586914062,
      10.888916015625,
      3.0841903686523438,
      1.1645865440368652
    ],
    [
      6.297460556030273,
      10.677201271057129,
      19.806259155273438,
      15.05189037322998,
      30.873746871948242,
      26.22211265563965,
      29.251049041748047,
      27.515409469604492,
      34.607276916503906,
      31.521547317504883,
      43.887577056884766,
      43.44096755981445,
      65.41026306152344,
      57.549407958984375,
      27.182167053222656,
      17.40284538269043,
      5.17306661605835,
      2.0438430309295654
    ],
    [
      5.667694091796875,
      9.810229301452637,
      18.2064208984375,
      13.770228385925293,
      27.283584594726562,
      23.435108184814453,
      26.533660888671875,
      25.17731285095215,
      31.238346099853516,
      28.553239822387695,
      39.92167663574219,
      39.39971160888672,
      57.549407958984375,
      53.10784912109375,
      23.64521598815918,
      15.072676658630371,
      4.5358710289001465,
      1.7498646974563599
    ],
    [
      1.9460664987564087,
      2.4787611961364746,
      4.512938499450684,
      3.109126091003418,
      11.532818794250488,
      9.785584449768066,
      11.103957176208496,
      10.620582580566406,
      13.034196853637695,
      10.9808988571167,
      17.9425048828125,
      17.198501586914062,
      27.182167053222656,
      23.64521598815918,
      19.277992248535156,
      13.21536922454834,
      3.446091890335083,
      1.504942536354065
    ],
    [
      1.8040813207626343,
      1.9077367782592773,
      2.9544336795806885,
      2.0580649375915527,
      6.9968342781066895,
      6.029926776885986,
      6.77179479598999,
      6.699021339416504,
      8.05697250366211,
      6.829853534698486,
      11.509886741638184,
      10.888916015625,
      17.40284538269043,
      15.072676658630371,
      13.21536922454834,
      9.805173873901367,
      2.452768087387085,
      1.1131612062454224
    ],
    [
      0.8749766945838928,
      0.9925321340560913,
      0.839940071105957,
      0.7295213341712952,
      1.8891507387161255,
      1.5470508337020874,
      1.9863625764846802,
      1.8435652256011963,
      2.7269082069396973,
      2.2829623222351074,
      3.2735397815704346,
      3.0841903686523438,
      5.17306661605835,
      4.5358710289001465,
      3.446091890335083,
      2.452768087387085,
      1.3585337400436401,
      0.7368367314338684
    ],
    [
      0.38136452436447144,
      0.4002995789051056,
      0.1904163807630539,
      0.21355797350406647,
      0.5303891897201538,
      0.46857592463493347,
      0.5827460289001465,
      0.563014805316925,
      1.0482739210128784,
      0.8739795684814453,
      1.2693097591400146,
      1.1645865440368652,
      2.0438430309295654,
      1.7498646974563599,
      1.504942536354065,
      1.1131612062454224,
      0.7368367314338684,
      0.4748106300830841
    ]
  ],
  "covariance_short": [
    [
      54.9016227722168,
      28.898927688598633,
      8.970013618469238,
      10.003928184509277,
      7.627310752868652,
      6.092153549194336,
      7.092832088470459,
      8.242818832397461,
      11.150993347167969,
      13.55770206451416,
      12.052596092224121,
      9.85875129699707,
      9.052940368652344,
      8.759092330932617,
      3.9911816120147705,
      3.234321117401123,
      1.0345706939697266,
      0.44222497940063477
    ],
    [
      28.898927688598633,
      46.51737594604492,
      14.279808044433594,
      16.786582946777344,
      11.09823989868164,
      9.121588706970215,
      11.988762855529785,
      11.26957893371582,
      15.14787769317627,
      14.309516906738281,
      15.325516700744629,
      13.79317855834961,
      11.781518936157227,
      11.052227020263672,
      3.7358524799346924,
      2.97715163230896,
      1.315589189529419,
      0.6304182410240173
    ],
    [
      8.970013618469238,
      14.279808044433594,
      32.165283203125,
      23.959516525268555,
      18.135845184326172,
      17.5275821685791,
      18.68265151977539,
      18.569149017333984,
      21.316936492919922,
      21.17363739013672,
      24.28706932067871,
      24.421545028686523,
      24.828927993774414,
      23.802635192871094,
      5.783619403839111,
      3.919370651245117,
      1.2129793167114258,
      0.34877434372901917
    ],
    [
      10.003928184509277,
      16.786582946777344,
      23.959516525268555,
      26.889856338500977,
      14.924866676330566,
      15.458369255065918,
      15.473770141601562,
      16.05072784423828,
      17.659353256225586,
      16.976030349731445,
      19.60965347290039,
      19.603517532348633,
      18.6268310546875,
      17.979454040527344,
      3.7943265438079834,
      2.6454758644104004,
      0.8218514919281006,
      0.2852383553981781
    ],
    [
      7.627310752868652,
      11.09823989868164,
      18.135845184326172,
      14.924866676330566,
      36.7104377746582,
      26.7979793548584,
      26.06041145324707,
      24.16089630126953,
      28.46035385131836,
      28.595369338989258,
      32.745296478271484,
      33.443138122558594,
      37.24687194824219,
      34.26889419555664,
      11.58333969116211,
      7.490413188934326,
      2.4455952644348145,
      0.7934548854827881
    ],
    [
      6.092153549194336,
      9.121588706970215,
      17.5275821685791,
      15.458369255065918,
      26.7979793548584,
      35.043922424316406,
      25.54542350769043,
      23.51519775390625,
      25.0346622467041,
      23.59204864501953,
      30.212478637695312,
      30.884815216064453,
      32.27412033081055,
      29.934261322021484,
      9.781731605529785,
      6.301741123199463,
      1.8205761909484863,
      0.6580032706260681
    ],
    [
      7.092832088470459,
      11.988762855529785,
      18.68265151977539,
      15.473770141601562,
      26.06041145324707,
      25.54542350769043,
      37.927703857421875,
      29.19437026977539,
      29.582258224487305,
      26.663436889648438,
      33.29819107055664,
      33.270225524902344,
      35.76673126220703,
      33.38047409057617,
      12.342527389526367,
      7.929563045501709,
      2.585824728012085,
      0.8715817928314209
    ],
    [
      8.242818832397461,
      11.26957893371582,
      18.569149017333984,
      16.05072784423828,
      24.16089630126953,
      23.51519775390625,
      29.19437026977539,
      31.68907356262207,
      26.7661190032959,
      24.42418098449707,
      31.776248931884766,
      30.94230842590332,
      33.208831787109375,
      31.3885555267334,
      11.087122917175293,
      7.298024654388428,
      2.197537660598755,
      0.7832301259040833
    ],
    [
      11.150993347167969,
      15.14787769317627,
      21.316936492919922,
      17.659353256225586,
      28.46035385131836,
      25.0346622467041,
      29.582258224487305,
      26.7661190032959,
      41.62474060058594,
      35.07698059082031,
      40.19289016723633,
      39.324623107910156,
      41.944461822509766,
      38.78499984741211,
      14.086555480957031,
      9.036415100097656,
      3.1067183017730713,
      1.1253231763839722
    ],
    [
      13.55770206451416,
      14.309516906738281,
      21.17363739013672,
      16.976030349731445,
      28.595369338989258,
      23.59204864501953,
      26.663436889648438,
      24.42418098449707,
      35.07698059082031,
      39.65211868286133,
      36.603553771972656,
      37.47352981567383,
      38.33772659301758,
      36.38376235961914,
      12.17771053314209,
      8.041919708251953,
      2.6847128868103027,
      1.0089157819747925
    ],
    [
      12.052596092224121,
      15.325516700744629,
      24.28706932067871,
      19.60965347290039,
      32.745296478271484,
      30.212478637695312,
      33.29819107055664,
      31.776248931884766,
      40.19289016723633,
      36.603553771972656,
      56.8574333190918,
      51.80910110473633,
      52.08234405517578,
      47.58869934082031,
      18.19269561767578,
      11.634906768798828,
      3.7036192417144775,
      1.4031848907470703
    ],
    [
      9.85875129699707,
      13.79317855834961,
      24.421545028686523,
      19.603517532348633,
      33.443138122558594,
      30.884815216064453,
      33.270225524902344,
      30.94230842590332,
      39.324623107910156,
      37.47352981567383,
      51.80910110473633,
      56.730751037597656,
      50.76957702636719,
      47.514739990234375,
      17.31084442138672,
      11.363767623901367,
      3.469520092010498,
      1.3313558101654053
    ],
    [
      9.052940368652344,
      11.781518936157227,
      24.828927993774414,
      18.6268310546875,
      37.24687194824219,
      32.27412033081055,
      35.76673126220703,
      33.208831787109375,
      41.944461822509766,
      38.33772659301758,
      52.08234405517578,
      50.76957702636719,
      67.29853820800781,
      59.33522033691406,
      24.77168846130371,
      16.046072006225586,
      5.346769332885742,
      2.1057910919189453
    ],
    [
      8.759092330932617,
      11.052227020263672,
      23.802635192871094,
      17.979454040527344,
      34.26889419555664,
      29.934261322021484,
      33.38047409057617,
      31.3885555267334,
      38.78499984741211,
      36.38376235961914,
      47.58869934082031,
      47.514739990234375,
      59.33522033691406,
      56.80339813232422,
      21.97568130493164,
      14.561177253723145,
      4.69168758392334,
      1.8605536222457886
    ],
    [
      3.9911816120147705,
      3.7358524799346924,
      5.783619403839111,
      3.7943265438079834,
      11.58333969116211,
      9.781731605529785,
      12.342527389526367,
      11.087122917175293,
      14.086555480957031,
      12.17771053314209,
      18.19269561767578,
      17.31084442138672,
      24.77168846130371,
      21.97568130493164,
      16.057695388793945,
      10.846413612365723,
      3.032806396484375,
      1.3218705654144287
    ],
    [
      3.234321117401123,
      2.97715163230896,
      3.919370651245117,
      2.6454758644104004,
      7.490413188934326,
      6.301741123199463,
      7.929563045501709,
      7.298024654388428,
      9.036415100097656,
      8.041919708251953,
      11.634906768798828,
      11.363767623901367,
      16.046072006225586,
      14.561177253723145,
      10.846413612365723,
      8.318499565124512,
      2.072117567062378,
      0.9762641191482544
    ],
    [
      1.0345706939697266,
      1.315589189529419,
      1.2129793167114258,
      0.8218514919281006,
      2.4455952644348145,
      1.8205761909484863,
      2.585824728012085,
      2.197537660598755,
      3.1067183017730713,
      2.6847128868103027,
      3.7036192417144775,
      3.469520092010498,
      5.346769332885742,
      4.69168758392334,
      3.032806396484375,
      2.072117567062378,
      1.229341983795166,
      0.6178308725357056
    ],
    [
      0.44222497940063477,
      0.6304182410240173,
      0.34877434372901917,
      0.2852383553981781,
      0.7934548854827881,
      0.6580032706260681,
      0.8715817928314209,
      0.7832301259040833,
      1.1253231763839722,
      1.0089157819747925,
      1.4031848907470703,
      1.3313558101654053,
      2.1057910919189453,
      1.8605536222457886,
      1.3218705654144287,
      0.9762641191482544,
      0.6178308725357056,
      0.43804070353507996
    ]
  ],
  "drr": 9.527983665466309,
  "dynamics": 4.1535773277282715,
  "format": 1245190,
  "frames": 15011776,
  "loudness": -13.704051971435547,
  "loudness_range": 10.463623046875,
  "loudness_range_short": 14.31959056854248,
  "peak": 0.1994396299123764,
  "rms": -15.049870491027832,
  "sample_rate": 44100,
  "sections": 1,
  "seekable": 1,
  "sharpness": 3.9631474018096924,
  "space": -5.677613258361816
}