{
  "bands": [
    {
      "high_freq": 148.1999969482422,
      "loudness": -18.915212631225586,
      "loudness_range": 16.064117431640625,
      "mid_mean": -15.320611953735352,
      "mid_to_side_loudness": -17.821226119995117,
      "mid_to_side_loudness_range": 16.372276306152344,
      "side_mean": -34.444549560546875
    },
    {
      "high_freq": 392.3793640136719,
      "loudness": -20.097402572631836,
      "loudness_range": 13.32713794708252,
      "low_freq": 148.1999969482422,
      "mid_mean": -16.702861785888672,
      "mid_to_side_loudness": -13.46785831451416,
      "mid_to_side_loudness_range": 9.846687316894531,
      "side_mean": -30.051122665405273
    },
    {
      "high_freq": 794.6976318359375,
      "loudness": -28.792932510375977,
      "loudness_range": 14.81589126586914,
      "low_freq": 392.3793640136719,
      "mid_mean": -25.401565551757812,
      "mid_to_side_loudness": -13.001058578491211,
      "mid_to_side_loudness_range": 10.682183265686035,
      "side_mean": -38.76662826538086
    },
    {
      "high_freq": 1457.5709228515625,
      "loudness": -28.24890899658203,
      "loudness_range": 14.597097396850586,
      "low_freq": 794.6976318359375,
      "mid_mean": -24.88197898864746,
      "mid_to_side_loudness": -11.653290748596191,
      "mid_to_side_loudness_range": 7.971278667449951,
      "side_mean": -36.80773162841797
    },
    {
      "high_freq": 2549.74365234375,
      "loudness": -24.9781551361084,
      "loudness_range": 12.973550796508789,
      "low_freq": 1457.5709228515625,
      "mid_mean": -21.679645538330078,
      "mid_to_side_loudness": -10.482670783996582,
      "mid_to_side_loudness_range": 5.685269355773926,
      "side_mean": -32.27132797241211
    },
    {
      "high_freq": 4349.24462890625,
      "loudness": -26.841089248657227,
      "loudness_range": 18.37420082092285,
      "low_freq": 2549.74365234375,
      "mid_mean": -23.395742416381836,
      "mid_to_side_loudness": -12.14028549194336,
      "mid_to_side_loudness_range": 9.149389266967773,
      "side_mean": -35.90910339355469
    },
    {
      "high_freq": 7314.1640625,
      "loudness": -30.068016052246094,
      "loudness_range": 16.655410766601562,
      "low_freq": 4349.24462890625,
      "mid_mean": -26.68329429626465,
      "mid_to_side_loudness": -13.391887664794922,
      "mid_to_side_loudness_range": 14.186100006103516,
      "side_mean": -40.41244888305664
    },
    {
      "high_freq": 12199.2666015625,
      "loudness": -32.930904388427734,
      "loudness_range": 17.083127975463867,
      "low_freq": 7314.1640625,
      "mid_mean": -29.484962463378906,
      "mid_to_side_loudness": -13.606743812561035,
      "mid_to_side_loudness_range": 12.319619178771973,
      "side_mean": -43.410797119140625
    },
    {
      "loudness": -39.97615051269531,
      "loudness_range": 15.731525421142578,
      "low_freq": 12199.2666015625,
      "mid_mean": -36.8510856628418,
      "mid_to_side_loudness": -11.723952293395996,
      "mid_to_side_loudness_range": 8.387767791748047,
      "side_mean": -49.102725982666016
    }
  ],
  "bands_short": [
    {
      "high_freq": 148.1999969482422,
      "loudness": -22.35015106201172,
      "loudness_range": 22.332096099853516,
      "mid_mean": -18.752716064453125,
      "mid_to_side_loudness": -19.066387176513672,
      "mid_to_side_loudness_range": 20.681657791137695,
      "side_mean": -39.33136749267578
    },
    {
      "high_freq": 392.3793640136719,
      "loudness": -19.422016143798828,
      "loudness_range": 15.389080047607422,
      "low_freq": 148.1999969482422,
      "mid_mean": -16.201866149902344,
      "mid_to_side_loudness": -13.487242698669434,
      "mid_to_side_loudness_range": 11.79629898071289,
      "side_mean": -29.583547592163086
    },
    {
      "high_freq": 794.6976318359375,
      "loudness": -29.720949172973633,
      "loudness_range": 17.86124610900879,
      "low_freq": 392.3793640136719,
      "mid_mean": -26.366697311401367,
      "mid_to_side_loudness": -12.344805717468262,
      "mid_to_side_loudness_range": 12.939596176147461,
      "side_mean": -39.00355911254883
    },
    {
      "high_freq": 1457.5709228515625,
      "loudness": -29.096195220947266,
      "loudness_range": 17.063987731933594,
      "low_freq": 794.6976318359375,
      "mid_mean": -25.79843521118164,
      "mid_to_side_loudness": -11.216635704040527,
      "mid_to_side_loudness_range": 10.707073211669922,
      "side_mean": -37.19169235229492
    },
    {
      "high_freq": 2549.74365234375,
      "loudness": -25.55133056640625,
      "loudness_range": 14.595279693603516,
      "low_freq": 1457.5709228515625,
      "mid_mean": -22.291181564331055,
      "mid_to_side_loudness": -10.294759750366211,
      "mid_to_side_loudness_range": 7.88490104675293,
      "side_mean": -32.69751739501953
    },
    {
      "high_freq": 4349.24462890625,
      "loudness": -27.36837387084961,
      "loudness_range": 19.43224334716797,
      "low_freq": 2549.74365234375,
      "mid_mean": -23.9842472076416,
      "mid_to_side_loudness": -11.758312225341797,
      "mid_to_side_loudness_range": 10.930869102478027,
      "side_mean": -36.239105224609375
    },
    {
      "high_freq": 7314.1640625,
      "loudness": -32.385948181152344,
      "loudness_range": 21.570341110229492,
      "low_freq": 4349.24462890625,
      "mid_mean": -29.17201805114746,
      "mid_to_side_loudness": -11.85817813873291,
      "mid_to_side_loudness_range": 17.454757690429688,
      "side_mean": -41.5264778137207
    },
    {
      "high_freq": 12199.2666015625,
      "loudness": -35.714141845703125,
      "loudness_range": 22.474943161010742,
      "low_freq": 7314.1640625,
      "mid_mean": -32.37461853027344,
      "mid_to_side_loudness": -12.704907417297363,
      "mid_to_side_loudness_range": 15.458770751953125,
      "side_mean": -45.67110061645508
    },
    {
      "loudness": -44.69830322265625,
      "loudness_range": 27.89523696899414,
      "low_freq": 12199.2666015625,
      "mid_mean": -41.489376068115234,
      "mid_to_side_loudness": -11.406488418579102,
      "mid_to_side_loudness_range": 12.368339538574219,
      "side_mean": -53.37682342529297
    }
  ],
  "channels": 2,
  "covariance": [
    [
      36.706302642822266,
      11.422918319702148,
      23.027170181274414,
      13.230632781982422,
      16.27545166015625,
      10.373819351196289,
      18.458389282226562,
      13.797439575195312,
      17.794492721557617,
      15.750350952148438,
      25.53435707092285,
      21.662981033325195,
      23.240434646606445,
      12.311441421508789,
      19.109622955322266,
      11.717391967773438,
      17.80176544189453,
      12.573848724365234
    ],
    [
      11.422918319702148,
      15.760294914245605,
      12.521500587463379,
      9.352913856506348,
      9.96568775177002,
      9.415196418762207,
      10.487349510192871,
      10.135993003845215,
      7.799674987792969,
      8.08926773071289,
      10.213483810424805,
      10.669744491577148,
      8.183403015136719,
      6.580735206604004,
      8.995323181152344,
      9.254209518432617,
      11.208477973937988,
      12.151283264160156
    ],
    [
      23.027170181274414,
      12.521500587463379,
      35.07312774658203,
      16.053361892700195,
      26.941354751586914,
      19.590425491333008,
      27.053890228271484,
      23.06182289123535,
      18.466278076171875,
      17.198225021362305,
      30.385011672973633,
      24.90468978881836,
      27.563356399536133,
      11.689899444580078,
      26.16381072998047,
      15.992240905761719,
      27.24581527709961,
      23.031904220581055
    ],
    [
      13.230632781982422,
      9.352913856506348,
      16.053361892700195,
      14.66120433807373,
      12.774279594421387,
      9.872760772705078,
      13.612580299377441,
      12.228949546813965,
      10.575983047485352,
      10.389508247375488,
      14.318270683288574,
      13.666292190551758,
      11.987443923950195,
      7.571273326873779,
      11.90766716003418,
      10.038657188415527,
      13.729060173034668,
      13.553854942321777
    ],
    [
      16.27545166015625,
      9.96568775177002,
      26.941354751586914,
      12.774279594421387,
      32.07624053955078,
      17.450374603271484,
      26.833524703979492,
      19.010814666748047,
      18.035686492919922,
      14.694634437561035,
      26.893239974975586,
      20.984743118286133,
      25.26551055908203,
      10.535514831542969,
      26.361572265625,
      14.45081615447998,
      24.73703384399414,
      19.853839874267578
    ],
    [
      10.373819351196289,
      9.415196418762207,
      19.590425491333008,
      9.872760772705078,
      17.450374603271484,
      18.663223266601562,
      16.95075225830078,
      17.553619384765625,
      11.01919937133789,
      11.831256866455078,
      16.633657455444336,
      16.24466323852539,
      13.893647193908691,
      7.899391174316406,
      14.604246139526367,
      12.26327133178711,
      17.1087703704834,
      18.185100555419922
    ],
    [
      18.458389282226562,
      10.487349510192871,
      27.053890228271484,
      13.612580299377441,
      26.833524703979492,
      16.95075225830078,
      32.34877014160156,
      23.82925033569336,
      19.875411987304688,
      16.631309509277344,
      28.450693130493164,
      23.09738540649414,
      25.541654586791992,
      11.532231330871582,
      25.294172286987305,
      15.319055557250977,
      25.55150032043457,
      21.17616081237793
    ],
    [
      13.797439575195312,
      10.135993003845215,
      23.06182289123535,
      12.228949546813965,
      19.010814666748047,
      17.553619384765625,
      23.82925033569336,
      25.499574661254883,
      15.032029151916504,
      15.33584976196289,
      22.485794067382812,
      21.48196792602539,
      18.99224853515625,
      11.097651481628418,
      19.0886287689209,
      15.963142395019531,
      22.973388671875,
      23.096797943115234
    ],
    [
      17.794492721557617,
      7.799674987792969,
      18.466278076171875,
      10.575983047485352,
      18.035686492919922,
      11.01919937133789,
      19.875411987304688,
      15.032029151916504,
      25.707609176635742,
      21.072771072387695,
      27.521366119384766,
      24.78192138671875,
      24.176103591918945,
      13.546903610229492,
      21.176124572753906,
      13.7318696975708,
      20.159107208251953,
      16.363523483276367
    ],
    [
      15.750350952148438,
      8.08926773071289,
      17.198225021362305,
      10.389508247375488,
      14.694634437561035,
      11.831256866455078,
      16.631309509277344,
      15.33584976196289,
      21.072771072387695,
      22.17451286315918,
      23.977764129638672,
      24.78700828552246,
      19.609912872314453,
      13.939621925354004,
      16.415803909301758,
      14.048346519470215,
      17.23896598815918,
      16.924724578857422
    ],
    [
      25.53435707092285,
      10.213483810424805,
      30.385011672973633,
      14.318270683288574,
      26.893239974975586,
      16.633657455444336,
      28.450693130493164,
      22.485794067382812,
      27.521366119384766,
      23.977764129638672,
      44.21739959716797,
      34.87708282470703,
      37.05854034423828,
      16.52617645263672,
      31.221176147460938,
      17.728239059448242,
      29.475391387939453,
      23.397994995117188
    ],
    [
      21.662981033325195,
      10.669744491577148,
      24.90468978881836,
      13.666292190551758,
      20.984743118286133,
      16.24466323852539,
      23.09738540649414,
      21.48196792602539,
      24.78192138671875,
      24.78700828552246,
      34.87708282470703,
      38.161293029785156,
      27.708293914794922,
      17.40915298461914,
      24.536176681518555,
      19.692880630493164,
      26.060890197753906,
      26.133153915405273
    ],
    [
      23.240434646606445,
      8.183403015136719,
      27.563356399536133,
      11.987443923950195,
      25.26551055908203,
      13.893647193908691,
      25.541654586791992,
      18.99224853515625,
      24.176103591918945,
      19.609912872314453,
      37.05854034423828,
      27.708293914794922,
      41.76058578491211,
      14.877999305725098,
      34.2178840637207,
      17.252685546875,
      31.20479393005371,
      22.752798080444336
    ],
    [
      12.311441421508789,
      6.580735206604004,
      11.689899444580078,
      7.571273326873779,
      10.535514831542969,
      7.899391174316406,
      11.532231330871582,
      11.097651481628418,
      13.546903610229492,
      13.939621925354004,
      16.52617645263672,
      17.40915298461914,
      14.877999305725098,
      17.05080223083496,
      13.877695083618164,
      16.46489906311035,
      15.425254821777344,
      18.071067810058594
    ],
    [
      19.109622955322266,
      8.995323181152344,
      26.16381072998047,
      11.90766716003418,
      26.361572265625,
      14.604246139526367,
      25.294172286987305,
      19.0886287689209,
      21.176124572753906,
      16.415803909301758,
      31.221176147460938,
      24.536176681518555,
      34.2178840637207,
      13.877695083618164,
      38.03933334350586,
      21.081567764282227,
      35.450439453125,
      28.42565155029297
    ],
    [
      11.717391967773438,
      9.254209518432617,
      15.992240905761719,
      10.038657188415527,
      14.45081615447998,
      12.26327133178711,
      15.319055557250977,
      15.963142395019531,
      13.7318696975708,
      14.048346519470215,
      17.728239059448242,
      19.692880630493164,
      17.252685546875,
      16.46489906311035,
      21.081567764282227,
      25.795413970947266,
      25.824928283691406,
      31.86883544921875
    ],
    [
      17.80176544189453,
      11.208477973937988,
      27.24581527709961,
      13.729060173034668,
      24.73703384399414,
      17.1087703704834,
      25.55150032043457,
      22.973388671875,
      20.159107208251953,
      17.23896598815918,
      29.475391387939453,
      26.060890197753906,
      31.20479393005371,
      15.425254821777344,
      35.450439453125,
      25.824928283691406,
      44.44712448120117,
      38.26922607421875
    ],
    [
      12.573848724365234,
      12.151283264160156,
      23.031904220581055,
      13.553854942321777,
      19.853839874267578,
      18.185100555419922,
      21.17616081237793,
      23.096797943115234,
      16.363523483276367,
      16.924724578857422,
      23.397994995117188,
      26.133153915405273,
      22.752798080444336,
      18.071067810058594,
      28.42565155029297,
      31.86883544921875,
      38.26922607421875,
      51.771785736083984
    ]
  ],
  "covariance_short": [
    [
      62.34131622314453,
      19.11802101135254,
      31.33184051513672,
      14.84774112701416,
      18.795791625976562,
      12.90198040008545,
      21.2471981048584,
      16.1898250579834,
      19.577896118164062,
      17.78284454345703,
      26.5192928314209,
      25.109722137451172,
      27.169275283813477,
      16.605113983154297,
      24.0673828125,
      17.608158111572266,
      26.986082077026367,
      20.970651626586914
    ],
    [
      19.11802101135254,
      25.22777557373047,
      15.88530445098877,
      11.038599014282227,
      10.970309257507324,
      9.512927055358887,
      11.747696876525879,
      11.144441604614258,
      8.029707908630371,
      7.872305393218994,
      10.211648941040039,
      10.815633773803711,
      11.56268310546875,
      7.346290588378906,
      12.355259895324707,
      10.68241024017334,
      16.526002883911133,
      15.205760955810547
    ],
    [
      31.33184051513672,
      15.88530445098877,
      42.56767272949219,
      18.465158462524414,
      28.8693790435791,
      21.82059669494629,
      29.01566505432129,
      24.038055419921875,
      20.013273239135742,
      18.30657196044922,
      29.512351989746094,
      25.71832275390625,
      29.370962142944336,
      14.294086456298828,
      28.450162887573242,
      18.567625045776367,
      33.201507568359375,
      25.621944427490234
    ],
    [
      14.84774112701416,
      11.038599014282227,
      18.465158462524414,
      18.31821060180664,
      14.012605667114258,
      12.193929672241211,
      14.844725608825684,
      14.096160888671875,
      11.02241039276123,
      11.003613471984863,
      13.911834716796875,
      14.806388854980469,
      12.92512035369873,
      9.116493225097656,
      12.980161666870117,
      11.7090425491333,
      16.028366088867188,
      15.376381874084473
    ],
    [
      18.795791625976562,
      10.970309257507324,
      28.8693790435791,
      14.012605667114258,
      39.15131378173828,
      20.037158966064453,
      29.39188003540039,
      19.886035919189453,
      20.19446563720703,
      15.603189468383789,
      27.080270767211914,
      21.654518127441406,
      28.868202209472656,
      12.141672134399414,
      30.950767517089844,
      16.36748695373535,
      32.321590423583984,
      21.812339782714844
    ],
    [
      12.90198040008545,
      9.512927055358887,
      21.82059669494629,
      12.193929672241211,
      20.037158966064453,
      22.90317726135254,
      18.776168823242188,
      18.85380744934082,
      12.519956588745117,
      13.219008445739746,
      15.759546279907227,
      17.04058837890625,
      14.953255653381348,
      9.738513946533203,
      15.170615196228027,
      13.484665870666504,
      19.864744186401367,
      19.293134689331055
    ],
    [
      21.2471981048584,
      11.747696876525879,
      29.01566505432129,
      14.844725608825684,
      29.39188003540039,
      18.776168823242188,
      38.47764587402344,
      25.163440704345703,
      22.502777099609375,
      18.161794662475586,
      28.21044921875,
      24.548809051513672,
      27.787696838378906,
      13.53726577758789,
      28.031808853149414,
      17.094810485839844,
      30.761516571044922,
      22.170194625854492
    ],
    [
      16.1898250579834,
      11.144441604614258,
      24.038055419921875,
      14.096160888671875,
      19.886035919189453,
      18.85380744934082,
      25.163440704345703,
      28.72990608215332,
      16.123767852783203,
      16.620750427246094,
      20.261886596679688,
      21.975170135498047,
      18.76323699951172,
      12.948405265808105,
      17.926483154296875,
      16.70945930480957,
      23.803115844726562,
      23.078126907348633
    ],
    [
      19.577896118164062,
      8.029707908630371,
      20.013273239135742,
      11.02241039276123,
      20.19446563720703,
      12.519956588745117,
      22.502777099609375,
      16.123767852783203,
      30.267940521240234,
      23.158424377441406,
      29.54616928100586,
      27.37641143798828,
      27.122766494750977,
      16.213335037231445,
      23.51673698425293,
      15.548944473266602,
      24.04540252685547,
      17.087722778320312
    ],
    [
      17.78284454345703,
      7.872305393218994,
      18.30657196044922,
      11.003613471984863,
      15.603189468383789,
      13.219008445739746,
      18.161794662475586,
      16.620750427246094,
      23.158424377441406,
      25.512128829956055,
      24.42844581604004,
      27.192270278930664,
      20.778099060058594,
      17.234031677246094,
      16.266695022583008,
      15.968644142150879,
      18.192584991455078,
      17.46233367919922
    ],
    [
      26.5192928314209,
      10.211648941040039,
      29.512351989746094,
      13.911834716796875,
      27.080270767211914,
      15.759546279907227,
      28.21044921875,
      20.261886596679688,
      29.54616928100586,
      24.42844581604004,
      48.95798873901367,
      36.44097137451172,
      42.154212951660156,
      20.004716873168945,
      35.550235748291016,
      19.169021606445312,
      35.66011428833008,
      22.640443801879883
    ],
    [
      25.109722137451172,
      10.815633773803711,
      25.71832275390625,
      14.806388854980469,
      21.654518127441406,
      17.04058837890625,
      24.548809051513672,
      21.975170135498047,
      27.37641143798828,
      27.192270278930664,
      36.44097137451172,
      43.26158142089844,
      29.789857864379883,
      22.554903030395508,
      25.415559768676758,
      22.56212615966797,
      29.504201889038086,
      26.721384048461914
    ],
    [
      27.169275283813477,
      11.56268310546875,
      29.370962142944336,
      12.92512035369873,
      28.868202209472656,
      14.953255653381348,
      27.787696838378906,
      18.76323699951172,
      27.122766494750977,
      20.778099060058594,
      42.154212951660156,
      29.789857864379883,
      59.94435501098633,
      22.126785278320312,
      52.505245208740234,
      25.597000122070312,
      53.92173767089844,
      32.429542541503906
    ],
    [
      16.605113983154297,
      7.346290588378906,
      14.294086456298828,
      9.116493225097656,
      12.141672134399414,
      9.738513946533203,
      13.53726577758789,
      12.948405265808105,
      16.213335037231445,
      17.234031677246094,
      20.004716873168945,
      22.554903030395508,
      22.126785278320312,
      28.393136978149414,
      20.09343147277832,
      26.47360610961914,
      24.448881149291992,
      28.31931495666504
    ],
    [
      24.0673828125,
      12.355259895324707,
      28.450162887573242,
      12.980161666870117,
      30.950767517089844,
      15.170615196228027,
      28.031808853149414,
      17.926483154296875,
      23.51673698425293,
      16.266695022583008,
      35.550235748291016,
      25.415559768676758,
      52.505245208740234,
      20.09343147277832,
      63.16277313232422,
      32.0182991027832,
      65.49761962890625,
      42.60422897338867
    ],
    [
      17.608158111572266,
      10.68241024017334,
      18.567625045776367,
      11.7090425491333,
      16.36748695373535,
      13.484665870666504,
      17.094810485839844,
      16.70945930480957,
      15.548944473266602,
      15.968644142150879,
      19.169021606445312,
      22.56212615966797,
      25.597000122070312,
      26.47360610961914,
      32.0182991027832,
      39.62733840942383,
      43.34673309326172,
      48.54804229736328
    ],
    [
      26.986082077026367,
      16.526002883911133,
      33.201507568359375,
      16.028366088867188,
      32.321590423583984,
      19.864744186401367,
      30.761516571044922,
      23.803115844726562,
      24.04540252685547,
      18.192584991455078,
      35.66011428833008,
      29.504201889038086,
      53.92173767089844,
      24.448881149291992,
      65.49761962890625,
      43.34673309326172,
      87.19761657714844,
      66.6028823852539
    ],
    [
      20.970651626586914,
      15.205760955810547,
      25.621944427490234,
      15.376381874084473,
      21.812339782714844,
      19.293134689331055,
      22.170194625854492,
      23.078126907348633,
      17.087722778320312,
      17.46233367919922,
      22.640443801879883,
      26.721384048461914,
      32.429542541503906,
      28.31931495666504,
      42.60422897338867,
      48.54804229736328,
      66.6028823852539,
      77.61980438232422
    ]
  ],
  "drr": 13.268720626831055,
  "dynamics": 4.077945709228516,
  "format": 1245190,
  "frames": 10395648,
  "loudness": -10.558489799499512,
  "loudness_range": 13.308072090148926,
  "loudness_range_short": 16.109603881835938,
  "peak": 0.9170175194740295,
  "rms": -11.84234619140625,
  "sample_rate": 44100,
  "sections": 1,
  "seekable": 1,
  "sharpness": 2.7899856567382812,
  "space": -14.024162292480469
}