{
  "bands": [
    {
      "high_freq": 148.1999969482422,
      "loudness": -24.96295928955078,
      "loudness_range": 9.11623764038086,
      "mid_mean": -21.32831382751465,
      "mid_to_side_loudness": -17.994552612304688,
      "mid_to_side_loudness_range": 12.303448677062988,
      "side_mean": -39.753990173339844
    },
    {
      "high_freq": 392.3793640136719,
      "loudness": -22.21422004699707,
      "loudness_range": 8.492267608642578,
      "low_freq": 148.1999969482422,
      "mid_mean": -18.808076858520508,
      "mid_to_side_loudness": -11.76160717010498,
      "mid_to_side_loudness_range": 7.771063804626465,
      "side_mean": -30.884904861450195
    },
    {
      "high_freq": 794.6976318359375,
      "loudness": -23.408662796020508,
      "loudness_range": 12.174089431762695,
      "low_freq": 392.3793640136719,
      "mid_mean": -20.12949562072754,
      "mid_to_side_loudness": -9.161816596984863,
      "mid_to_side_loudness_range": 9.449573516845703,
      "side_mean": -29.547861099243164
    },
    {
      "high_freq": 1457.5709228515625,
      "loudness": -26.26014518737793,
      "loudness_range": 15.532028198242188,
      "low_freq": 794.6976318359375,
      "mid_mean": -23.38302230834961,
      "mid_to_side_loudness": -7.902717113494873,
      "mid_to_side_loudness_range": 10.595659255981445,
      "side_mean": -31.306306838989258
    },
    {
      "high_freq": 2549.74365234375,
      "loudness": -25.28778839111328,
      "loudness_range": 14.510978698730469,
      "low_freq": 1457.5709228515625,
      "mid_mean": -22.34366226196289,
      "mid_to_side_loudness": -8.093247413635254,
      "mid_to_side_loudness_range": 9.371070861816406,
      "side_mean": -30.44042205810547
    },
    {
      "high_freq": 4349.24462890625,
      "loudness": -26.81316375732422,
      "loudness_range": 13.459754943847656,
      "low_freq": 2549.74365234375,
      "mid_mean": -23.870330810546875,
      "mid_to_side_loudness": -8.023303985595703,
      "mid_to_side_loudness_range": 8.939611434936523,
      "side_mean": -31.895498275756836
    },
    {
      "high_freq": 7314.1640625,
      "loudness": -29.823179244995117,
      "loudness_range": 13.973396301269531,
      "low_freq": 4349.24462890625,
      "mid_mean": -27.143877029418945,
      "mid_to_side_loudness": -6.3697333335876465,
      "mid_to_side_loudness_range": 7.8301239013671875,
      "side_mean": -33.51488494873047
    },
    {
      "high_freq": 12199.2666015625,
      "loudness": -32.79665756225586,
      "loudness_range": 13.160776138305664,
      "low_freq": 7314.1640625,
      "mid_mean": -30.76348876953125,
      "mid_to_side_loudness": -3.8616979122161865,
      "mid_to_side_loudness_range": 7.516300201416016,
      "side_mean": -34.625606536865234
    },
    {
      "loudness": -40.402671813964844,
      "loudness_range": 12.202136993408203,
      "low_freq": 12199.2666015625,
      "mid_mean": -39.326290130615234,
      "mid_to_side_loudness": -1.055643916130066,
      "mid_to_side_loudness_range": 5.110791206359863,
      "side_mean": -40.37971115112305
    }
  ],
  "bands_short": [
    {
      "high_freq": 148.1999969482422,
      "loudness": -30.629159927368164,
      "loudness_range": 23.28014373779297,
      "mid_mean": -27.040674209594727,
      "mid_to_side_loudness": -17.12517547607422,
      "mid_to_side_loudness_range": 22.260177612304688,
      "side_mean": -45.13369369506836
    },
    {
      "high_freq": 392.3793640136719,
      "loudness": -22.38566780090332,
      "loudness_range": 12.245004653930664,
      "low_freq": 148.1999969482422,
      "mid_mean": -18.97486114501953,
      "mid_to_side_loudness": -11.885189056396484,
      "mid_to_side_loudness_range": 12.815110206604004,
      "side_mean": -31.453306198120117
    },
    {
      "high_freq": 794.6976318359375,
      "loudness": -24.393348693847656,
      "loudness_range": 16.070180892944336,
      "low_freq": 392.3793640136719,
      "mid_mean": -21.167686462402344,
      "mid_to_side_loudness": -8.89001750946045,
      "mid_to_side_loudness_range": 12.056403160095215,
      "side_mean": -30.57575035095215
    },
    {
      "high_freq": 1457.5709228515625,
      "loudness": -26.70217514038086,
      "loudness_range": 18.674013137817383,
      "low_freq": 794.6976318359375,
      "mid_mean": -23.816429138183594,
      "mid_to_side_loudness": -7.824580192565918,
      "mid_to_side_loudness_range": 12.895837783813477,
      "side_mean": -31.833202362060547
    },
    {
      "high_freq": 2549.74365234375,
      "loudness": -26.332244873046875,
      "loudness_range": 17.855859756469727,
      "low_freq": 1457.5709228515625,
      "mid_mean": -23.558265686035156,
      "mid_to_side_loudness": -7.571674346923828,
      "mid_to_side_loudness_range": 11.639385223388672,
      "side_mean": -31.143922805786133
    },
    {
      "high_freq": 4349.24462890625,
      "loudness": -28.011709213256836,
      "loudness_range": 17.78380584716797,
      "low_freq": 2549.74365234375,
      "mid_mean": -25.287349700927734,
      "mid_to_side_loudness": -7.25726318359375,
      "mid_to_side_loudness_range": 11.240558624267578,
      "side_mean": -32.54542922973633
    },
    {
      "high_freq": 7314.1640625,
      "loudness": -31.193740844726562,
      "loudness_range": 18.91936683654785,
      "low_freq": 4349.24462890625,
      "mid_mean": -28.71347999572754,
      "mid_to_side_loudness": -5.74260139465332,
      "mid_to_side_loudness_range": 9.298537254333496,
      "side_mean": -34.458797454833984
    },
    {
      "high_freq": 12199.2666015625,
      "loudness": -34.38079071044922,
      "loudness_range": 18.419553756713867,
      "low_freq": 7314.1640625,
      "mid_mean": -32.48712921142578,
      "mid_to_side_loudness": -3.588536024093628,
      "mid_to_side_loudness_range": 8.958059310913086,
      "side_mean": -36.100276947021484
    },
    {
      "loudness": -43.20295333862305,
      "loudness_range": 20.918975830078125,
      "low_freq": 12199.2666015625,
      "mid_mean": -41.96934127807617,
      "mid_to_side_loudness": -1.56850266456604,
      "mid_to_side_loudness_range": 7.443930625915527,
      "side_mean": -43.58319854736328
    }
  ],
  "channels": 2,
  "covariance": [
    [
      16.247209548950195,
      8.32130241394043,
      7.450620174407959,
      5.240813255310059,
      5.3649516105651855,
      4.254478931427002,
      4.659145355224609,
      3.5092275142669678,
      5.922801971435547,
      3.9240329265594482,
      5.628808498382568,
      3.2332065105438232,
      4.917212963104248,
      3.376486301422119,
      4.40374755859375,
      3.1092679500579834,
      3.312678098678589,
      2.8652734756469727
    ],
    [
      8.32130241394043,
      16.108190536499023,
      7.014652252197266,
      6.542627334594727,
      4.96440315246582,
      3.084071159362793,
      3.230086088180542,
      0.8937191963195801,
      3.5317375659942627,
      1.356797695159912,
      3.6523516178131104,
      1.426660418510437,
      3.1666159629821777,
      2.077021598815918,
      3.661729574203491,
      1.8173810243606567,
      1.6695561408996582,
      0.8099204301834106
    ],
    [
      7.450620174407959,
      7.014652252197266,
      14.189726829528809,
      11.14710807800293,
      12.09623908996582,
      9.481038093566895,
      11.534058570861816,
      7.74201774597168,
      11.616032600402832,
      7.476996421813965,
      10.856404304504395,
      6.116389274597168,
      9.61063289642334,
      6.0281572341918945,
      9.121705055236816,
      5.190593719482422,
      4.903077125549316,
      3.4260144233703613
    ],
    [
      5.240813255310059,
      6.542627334594727,
      11.14710807800293,
      14.741870880126953,
      11.123319625854492,
      9.836365699768066,
      11.149811744689941,
      8.185297012329102,
      11.269821166992188,
      7.632911205291748,
      10.236382484436035,
      5.989269256591797,
      9.75283145904541,
      6.473114967346191,
      8.704272270202637,
      5.1696248054504395,
      4.1959686279296875,
      3.042351484298706
    ],
    [
      5.3649516105651855,
      4.96440315246582,
      12.09623908996582,
      11.123319625854492,
      27.048152923583984,
      18.872961044311523,
      22.15430450439453,
      15.521934509277344,
      20.28852653503418,
      13.137505531311035,
      17.63998031616211,
      9.250804901123047,
      14.981654167175293,
      7.803884983062744,
      14.055871963500977,
      7.287777900695801,
      8.113926887512207,
      5.563520431518555
    ],
    [
      4.254478931427002,
      3.084071159362793,
      9.481038093566895,
      9.836365699768066,
      18.872961044311523,
      20.352699279785156,
      18.942203521728516,
      17.680538177490234,
      17.787527084350586,
      14.810083389282227,
      15.680839538574219,
      10.808502197265625,
      13.548163414001465,
      8.958699226379395,
      12.235199928283691,
      7.789159297943115,
      6.615906715393066,
      5.0305256843566895
    ],
    [
      4.659145355224609,
      3.230086088180542,
      11.534058570861816,
      11.149811744689941,
      22.15430450439453,
      18.942203521728516,
      31.939804077148438,
      23.273611068725586,
      24.865489959716797,
      17.27703857421875,
      21.352619171142578,
      12.341486930847168,
      17.435182571411133,
      9.959096908569336,
      15.160660743713379,
      8.412332534790039,
      8.890679359436035,
      6.188690185546875
    ],
    [
      3.5092275142669678,
      0.8937191963195801,
      7.74201774597168,
      8.185297012329102,
      15.521934509277344,
      17.680538177490234,
      23.273611068725586,
      27.42654800415039,
      20.131088256835938,
      20.38738250732422,
      17.455135345458984,
      14.941710472106934,
      14.809537887573242,
      11.934013366699219,
      12.904524803161621,
      9.917937278747559,
      6.733860969543457,
      5.623009204864502
    ],
    [
      5.922801971435547,
      3.5317375659942627,
      11.616032600402832,
      11.269821166992188,
      20.28852653503418,
      17.787527084350586,
      24.865489959716797,
      20.131088256835938,
      28.43622589111328,
      20.52594566345215,
      24.37920570373535,
      15.135153770446777,
      20.547664642333984,
      12.583399772644043,
      18.164268493652344,
      10.425625801086426,
      10.327383995056152,
      7.018412113189697
    ],
    [
      3.9240329265594482,
      1.356797695159912,
      7.476996421813965,
      7.632911205291748,
      13.137505531311035,
      14.810083389282227,
      17.27703857421875,
      20.38738250732422,
      20.52594566345215,
      21.368907928466797,
      18.112756729125977,
      15.8966703414917,
      15.998472213745117,
      13.22547435760498,
      14.009208679199219,
      10.725510597229004,
      7.372960567474365,
      6.047417640686035
    ],
    [
      5.628808498382568,
      3.6523516178131104,
      10.856404304504395,
      10.236382484436035,
      17.63998031616211,
      15.680839538574219,
      21.352619171142578,
      17.455135345458984,
      24.37920570373535,
      18.112756729125977,
      25.595813751220703,
      16.384218215942383,
      22.657018661499023,
      14.836922645568848,
      19.409936904907227,
      11.947330474853516,
      11.22160530090332,
      8.378854751586914
    ],
    [
      3.2332065105438232,
      1.426660418510437,
      6.116389274597168,
      5.989269256591797,
      9.250804901123047,
      10.808502197265625,
      12.341486930847168,
      14.941710472106934,
      15.135153770446777,
      15.8966703414917,
      16.384218215942383,
      15.49481201171875,
      15.979840278625488,
      14.591219902038574,
      13.57710075378418,
      11.613780975341797,
      7.270575523376465,
      6.819886684417725
    ],
    [
      4.917212963104248,
      3.1666159629821777,
      9.61063289642334,
      9.75283145904541,
      14.981654167175293,
      13.548163414001465,
      17.435182571411133,
      14.809537887573242,
      20.547664642333984,
      15.998472213745117,
      22.657018661499023,
      15.979840278625488,
      26.107858657836914,
      19.13251304626465,
      21.747407913208008,
      15.215967178344727,
      12.529913902282715,
      10.585114479064941
    ],
    [
      3.376486301422119,
      2.077021598815918,
      6.0281572341918945,
      6.473114967346191,
      7.803884983062744,
      8.958699226379395,
      9.959096908569336,
      11.934013366699219,
      12.583399772644043,
      13.22547435760498,
      14.836922645568848,
      14.591219902038574,
      19.13251304626465,
      19.134971618652344,
      16.00275230407715,
      15.506669998168945,
      9.182113647460938,
      9.974139213562012
    ],
    [
      4.40374755859375,
      3.661729574203491,
      9.121705055236816,
      8.704272270202637,
      14.055871963500977,
      12.235199928283691,
      15.160660743713379,
      12.904524803161621,
      18.164268493652344,
      14.009208679199219,
      19.409936904907227,
      13.57710075378418,
      21.747407913208008,
      16.00275230407715,
      24.847963333129883,
      17.55933380126953,
      17.788894653320312,
      14.446956634521484
    ],
    [
      3.1092679500579834,
      1.8173810243606567,
      5.190593719482422,
      5.1696248054504395,
      7.287777900695801,
      7.789159297943115,
      8.412332534790039,
      9.917937278747559,
      10.425625801086426,
      10.725510597229004,
      11.947330474853516,
      11.613780975341797,
      15.215967178344727,
      15.506669998168945,
      17.55933380126953,
      18.236591339111328,
      15.103487014770508,
      16.105207443237305
    ],
    [
      3.312678098678589,
      1.6695561408996582,
      4.903077125549316,
      4.1959686279296875,
      8.113926887512207,
      6.615906715393066,
      8.890679359436035,
      6.733860969543457,
      10.327383995056152,
      7.372960567474365,
      11.22160530090332,
      7.270575523376465,
      12.529913902282715,
      9.182113647460938,
      17.788894653320312,
      15.103487014770508,
      21.97333335876465,
      19.92802619934082
    ],
    [
      2.8652734756469727,
      0.8099204301834106,
      3.4260144233703613,
      3.042351484298706,
      5.563520431518555,
      5.0305256843566895,
      6.188690185546875,
      5.623009204864502,
      7.018412113189697,
      6.047417640686035,
      8.378854751586914,
      6.819886684417725,
      10.585114479064941,
      9.974139213562012,
      14.446956634521484,
      16.105207443237305,
      19.92802619934082,
      22.39984893798828
    ]
  ],
  "covariance_short": [
    [
      58.37607192993164,
      15.842543601989746,
      21.827669143676758,
      10.648783683776855,
      11.885518074035645,
      9.929656982421875,
      11.579231262207031,
      8.160395622253418,
      15.528385162353516,
      8.908768653869629,
      15.65687370300293,
      8.564495086669922,
      14.421847343444824,
      9.492555618286133,
      12.489201545715332,
      10.033602714538574,
      13.15715217590332,
      13.108848571777344
    ],
    [
      15.842543601989746,
      30.326784133911133,
      9.448479652404785,
      9.419137001037598,
      7.59331750869751,
      6.558524131774902,
      6.671394348144531,
      4.526805877685547,
      7.3496809005737305,
      4.198925971984863,
      7.062458515167236,
      3.6685450077056885,
      7.167838096618652,
      4.7170939445495605,
      8.308512687683105,
      6.452695369720459,
      8.736090660095215,
      8.461036682128906
    ],
    [
      21.827669143676758,
      9.448479652404785,
      26.06794548034668,
      13.842318534851074,
      15.38210678100586,
      11.597382545471191,
      14.425850868225098,
      9.357848167419434,
      15.989570617675781,
      9.291183471679688,
      16.496416091918945,
      8.785001754760742,
      14.624821662902832,
      9.205490112304688,
      13.030196189880371,
      9.162431716918945,
      11.037668228149414,
      9.99990463256836
    ],
    [
      10.648783683776855,
      9.419137001037598,
      13.842318534851074,
      21.120697021484375,
      12.090685844421387,
      11.993334770202637,
      12.612370491027832,
      9.618757247924805,
      14.17060375213623,
      8.750940322875977,
      14.003227233886719,
      7.840350151062012,
      13.175359725952148,
      8.658476829528809,
      12.058457374572754,
      8.209244728088379,
      8.959556579589844,
      7.546606540679932
    ],
    [
      11.885518074035645,
      7.59331750869751,
      15.38210678100586,
      12.090685844421387,
      37.675811767578125,
      23.909961700439453,
      28.02762794494629,
      18.458799362182617,
      26.66738510131836,
      16.1136417388916,
      25.113269805908203,
      13.000412940979004,
      21.757856369018555,
      12.050602912902832,
      19.752504348754883,
      12.163207054138184,
      14.682231903076172,
      11.51838493347168
    ],
    [
      9.929656982421875,
      6.558524131774902,
      11.597382545471191,
      11.993334770202637,
      23.909961700439453,
      28.48934555053711,
      23.536502838134766,
      20.973838806152344,
      23.39943504333496,
      17.46729850769043,
      21.58844566345215,
      14.019776344299316,
      19.048704147338867,
      12.48227596282959,
      17.313438415527344,
      12.220961570739746,
      12.54926872253418,
      10.626334190368652
    ],
    [
      11.579231262207031,
      6.671394348144531,
      14.425850868225098,
      12.612370491027832,
      28.02762794494629,
      23.536502838134766,
      43.99869155883789,
      28.585338592529297,
      34.19190216064453,
      21.944231033325195,
      31.35084342956543,
      17.372095108032227,
      25.90666961669922,
      15.121772766113281,
      22.60182762145996,
      14.142423629760742,
      16.32672882080078,
      12.595704078674316
    ],
    [
      8.160395622253418,
      4.526805877685547,
      9.357848167419434,
      9.618757247924805,
      18.458799362182617,
      20.973838806152344,
      28.585338592529297,
      33.84317398071289,
      26.338518142700195,
      23.95260238647461,
      24.273235321044922,
      19.095287322998047,
      21.019638061523438,
      16.24544334411621,
      18.674760818481445,
      14.822010040283203,
      13.565478324890137,
      12.482260704040527
    ],
    [
      15.528385162353516,
      7.3496809005737305,
      15.989570617675781,
      14.17060375213623,
      26.66738510131836,
      23.39943504333496,
      34.19190216064453,
      26.338518142700195,
      43.07525634765625,
      27.226360321044922,
      37.96304702758789,
      22.264318466186523,
      32.624542236328125,
      20.14960479736328,
      28.045150756835938,
      18.13744354248047,
      20.448020935058594,
      16.38405990600586
    ],
    [
      8.908768653869629,
      4.198925971984863,
      9.291183471679688,
      8.750940322875977,
      16.1136417388916,
      17.46729850769043,
      21.944231033325195,
      23.95260238647461,
      27.226360321044922,
      26.725130081176758,
      25.5039005279541,
      20.550048828125,
      23.279481887817383,
      18.27436065673828,
      20.714847564697266,
      16.567237854003906,
      15.343462944030762,
      14.207213401794434
    ],
    [
      15.65687370300293,
      7.062458515167236,
      16.496416091918945,
      14.003227233886719,
      25.113269805908203,
      21.58844566345215,
      31.35084342956543,
      24.273235321044922,
      37.96304702758789,
      25.5039005279541,
      43.92695617675781,
      25.95922088623047,
      39.08427429199219,
      25.462831497192383,
      33.5189208984375,
      23.03403091430664,
      25.668506622314453,
      22.059986114501953
    ],
    [
      8.564495086669922,
      3.6685450077056885,
      8.785001754760742,
      7.840350151062012,
      13.000412940979004,
      14.019776344299316,
      17.372095108032227,
      19.095287322998047,
      22.264318466186523,
      20.550048828125,
      25.95922088623047,
      22.577550888061523,
      26.008220672607422,
      21.999731063842773,
      23.06363868713379,
      20.105567932128906,
      18.42613983154297,
      18.602319717407227
    ],
    [
      14.421847343444824,
      7.167838096618652,
      14.624821662902832,
      13.175359725952148,
      21.757856369018555,
      19.048704147338867,
      25.90666961669922,
      21.019638061523438,
      32.624542236328125,
      23.279481887817383,
      39.08427429199219,
      26.008220672607422,
      46.46092224121094,
      32.658206939697266,
      40.0006103515625,
      30.08925437927246,
      31.619150161743164,
      29.18404197692871
    ],
    [
      9.492555618286133,
      4.7170939445495605,
      9.205490112304688,
      8.658476829528809,
      12.050602912902832,
      12.48227596282959,
      15.121772766113281,
      16.24544334411621,
      20.14960479736328,
      18.27436065673828,
      25.462831497192383,
      21.999731063842773,
      32.658206939697266,
      30.01953125,
      29.260278701782227,
      27.797988891601562,
      24.90365982055664,
      26.982587814331055
    ],
    [
      12.489201545715332,
      8.308512687683105,
      13.030196189880371,
      12.058457374572754,
      19.752504348754883,
      17.313438415527344,
      22.60182762145996,
      18.674760818481445,
      28.045150756835938,
      20.714847564697266,
      33.5189208984375,
      23.06363868713379,
      40.0006103515625,
      29.260278701782227,
      46.26055145263672,
      35.24318313598633,
      40.75543212890625,
      37.09375762939453
    ],
    [
      10.033602714538574,
      6.452695369720459,
      9.162431716918945,
      8.209244728088379,
      12.163207054138184,
      12.220961570739746,
      14.142423629760742,
      14.822010040283203,
      18.13744354248047,
      16.567237854003906,
      23.03403091430664,
      20.105567932128906,
      30.08925437927246,
      27.797988891601562,
      35.24318313598633,
      36.28738021850586,
      36.76128005981445,
      40.55986022949219
    ],
    [
      13.15715217590332,
      8.736090660095215,
      11.037668228149414,
      8.959556579589844,
      14.682231903076172,
      12.54926872253418,
      16.32672882080078,
      13.565478324890137,
      20.448020935058594,
      15.343462944030762,
      25.668506622314453,
      18.42613983154297,
      31.619150161743164,
      24.90365982055664,
      40.75543212890625,
      36.76128005981445,
      53.52804183959961,
      52.23194122314453
    ],
    [
      13.108848571777344,
      8.461036682128906,
      9.99990463256836,
      7.546606540679932,
      11.51838493347168,
      10.626334190368652,
      12.595704078674316,
      12.482260704040527,
      16.38405990600586,
      14.207213401794434,
      22.059986114501953,
      18.602319717407227,
      29.18404197692871,
      26.982587814331055,
      37.09375762939453,
      40.55986022949219,
      52.23194122314453,
      61.211158752441406
    ]
  ],
  "drr": 15.487335205078125,
  "dynamics": 3.280423164367676,
  "format": 1245190,
  "frames": 9535488,
  "loudness": -12.391451835632324,
  "loudness_range": 8.23330307006836,
  "loudness_range_short": 12.341482162475586,
  "peak": -0.165910005569458,
  "rms": -14.560714721679688,
  "sample_rate": 44100,
  "sections": 1,
  "seekable": 1,
  "sharpness": 2.7344884872436523,
  "space": -9.477322578430176
}