{
  "bands": [
    {
      "high_freq": 148.1999969482422,
      "loudness": -32.78205490112305,
      "loudness_range": 19.233495712280273,
      "mid_mean": -29.456254959106445,
      "mid_to_side_loudness": -12.732131004333496,
      "mid_to_side_loudness_range": 14.189062118530273,
      "side_mean": -42.723445892333984
    },
    {
      "high_freq": 392.3793640136719,
      "loudness": -24.778289794921875,
      "loudness_range": 12.287389755249023,
      "low_freq": 148.1999969482422,
      "mid_mean": -21.855674743652344,
      "mid_to_side_loudness": -8.069247245788574,
      "mid_to_side_loudness_range": 9.085329055786133,
      "side_mean": -29.85538101196289
    },
    {
      "high_freq": 794.6976318359375,
      "loudness": -29.74938201904297,
      "loudness_range": 19.6157169342041,
      "low_freq": 392.3793640136719,
      "mid_mean": -26.596837997436523,
      "mid_to_side_loudness": -10.264713287353516,
      "mid_to_side_loudness_range": 12.969985961914062,
      "side_mean": -37.017906188964844
    },
    {
      "high_freq": 1457.5709228515625,
      "loudness": -34.76271438598633,
      "loudness_range": 19.569805145263672,
      "low_freq": 794.6976318359375,
      "mid_mean": -32.10879135131836,
      "mid_to_side_loudness": -6.849035739898682,
      "mid_to_side_loudness_range": 11.361538887023926,
      "side_mean": -39.041229248046875
    },
    {
      "high_freq": 2549.74365234375,
      "loudness": -31.84902000427246,
      "loudness_range": 14.720661163330078,
      "low_freq": 1457.5709228515625,
      "mid_mean": -29.2574520111084,
      "mid_to_side_loudness": -6.196767807006836,
      "mid_to_side_loudness_range": 9.592707633972168,
      "side_mean": -35.4891471862793
    },
    {
      "high_freq": 4349.24462890625,
      "loudness": -31.20279884338379,
      "loudness_range": 15.430212020874023,
      "low_freq": 2549.74365234375,
      "mid_mean": -28.728347778320312,
      "mid_to_side_loudness": -5.65745210647583,
      "mid_to_side_loudness_range": 9.10588550567627,
      "side_mean": -34.487483978271484
    },
    {
      "high_freq": 7314.1640625,
      "loudness": -38.96644973754883,
      "loudness_range": 18.685895919799805,
      "low_freq": 4349.24462890625,
      "mid_mean": -36.606544494628906,
      "mid_to_side_loudness": -5.025470733642578,
      "mid_to_side_loudness_range": 7.734030723571777,
      "side_mean": -41.69096374511719
    },
    {
      "high_freq": 12199.2666015625,
      "loudness": -43.53314971923828,
      "loudness_range": 20.203968048095703,
      "low_freq": 7314.1640625,
      "mid_mean": -41.49653625488281,
      "mid_to_side_loudness": -4.099355697631836,
      "mid_to_side_loudness_range": 8.528401374816895,
      "side_mean": -45.71816635131836
    },
    {
      "loudness": -48.284969329833984,
      "loudness_range": 16.585697174072266,
      "low_freq": 12199.2666015625,
      "mid_mean": -47.637420654296875,
      "mid_to_side_loudness": -0.22267299890518188,
      "mid_to_side_loudness_range": 6.495887279510498,
      "side_mean": -47.864471435546875
    }
  ],
  "bands_short": [
    {
      "high_freq": 148.1999969482422,
      "loudness": -36.29861068725586,
      "loudness_range": 22.11733627319336,
      "mid_mean": -33.00861358642578,
      "mid_to_side_loudness": -13.097046852111816,
      "mid_to_side_loudness_range": 16.891557693481445,
      "side_mean": -46.841915130615234
    },
    {
      "high_freq": 392.3793640136719,
      "loudness": -24.960350036621094,
      "loudness_range": 13.830232620239258,
      "low_freq": 148.1999969482422,
      "mid_mean": -22.047563552856445,
      "mid_to_side_loudness": -8.412964820861816,
      "mid_to_side_loudness_range": 11.680817604064941,
      "side_mean": -30.494678497314453
    },
    {
      "high_freq": 794.6976318359375,
      "loudness": -30.31970977783203,
      "loudness_range": 21.114328384399414,
      "low_freq": 392.3793640136719,
      "mid_mean": -27.310062408447266,
      "mid_to_side_loudness": -9.780447959899902,
      "mid_to_side_loudness_range": 15.7764310836792,
      "side_mean": -37.3333854675293
    },
    {
      "high_freq": 1457.5709228515625,
      "loudness": -35.35236358642578,
      "loudness_range": 21.474180221557617,
      "low_freq": 794.6976318359375,
      "mid_mean": -32.85610580444336,
      "mid_to_side_loudness": -6.498838424682617,
      "mid_to_side_loudness_range": 13.831040382385254,
      "side_mean": -39.44208908081055
    },
    {
      "high_freq": 2549.74365234375,
      "loudness": -33.00755310058594,
      "loudness_range": 17.060890197753906,
      "low_freq": 1457.5709228515625,
      "mid_mean": -30.561250686645508,
      "mid_to_side_loudness": -5.90484619140625,
      "mid_to_side_loudness_range": 11.784780502319336,
      "side_mean": -36.52870559692383
    },
    {
      "high_freq": 4349.24462890625,
      "loudness": -31.46638298034668,
      "loudness_range": 17.201644897460938,
      "low_freq": 2549.74365234375,
      "mid_mean": -29.084632873535156,
      "mid_to_side_loudness": -5.3831658363342285,
      "mid_to_side_loudness_range": 10.663311004638672,
      "side_mean": -34.616764068603516
    },
    {
      "high_freq": 7314.1640625,
      "loudness": -39.62759017944336,
      "loudness_range": 19.749401092529297,
      "low_freq": 4349.24462890625,
      "mid_mean": -37.411109924316406,
      "mid_to_side_loudness": -4.653328895568848,
      "mid_to_side_loudness_range": 8.730157852172852,
      "side_mean": -42.165218353271484
    },
    {
      "high_freq": 12199.2666015625,
      "loudness": -44.406890869140625,
      "loudness_range": 21.03265380859375,
      "low_freq": 7314.1640625,
      "mid_mean": -42.61800003051758,
      "mid_to_side_loudness": -3.683257818222046,
      "mid_to_side_loudness_range": 9.262885093688965,
      "side_mean": -46.45390701293945
    },
    {
      "loudness": -48.88665008544922,
      "loudness_range": 17.864208221435547,
      "low_freq": 12199.2666015625,
      "mid_mean": -48.38996505737305,
      "mid_to_side_loudness": 0.10151194036006927,
      "mid_to_side_loudness_range": 6.369096755981445,
      "side_mean": -48.30712127685547
    }
  ],
  "channels": 2,
  "covariance": [
    [
      48.02577590942383,
      39.706459045410156,
      5.307703495025635,
      7.672420501708984,
      2.023732900619507,
      6.572348117828369,
      -0.5361480712890625,
      1.7128262519836426,
      -2.993624448776245,
      -1.0454058647155762,
      -3.2794151306152344,
      0.9887463450431824,
      -5.135311126708984,
      -2.7080299854278564,
      -3.765052318572998,
      -1.7485787868499756,
      1.349147915840149,
      3.0087337493896484
    ],
    [
      39.706459045410156,
      61.20643997192383,
      5.592886447906494,
      4.7811713218688965,
      6.909626483917236,
      9.211395263671875,
      2.160954236984253,
      2.546623706817627,
      -2.465153694152832,
      -2.7144994735717773,
      -2.9398324489593506,
      -1.0271203517913818,
      -4.228480815887451,
      -3.4160847663879395,
      -4.458910942077637,
      -4.015849590301514,
      -1.8717457056045532,
      -0.6138917803764343
    ],
    [
      5.307703495025635,
      5.592886447906494,
      21.48225975036621,
      16.579206466674805,
      11.44424819946289,
      8.450217247009277,
      3.2069294452667236,
      1.5769941806793213,
      6.328657150268555,
      2.8266403675079346,
      7.016362190246582,
      4.602951526641846,
      6.489856243133545,
      4.633580207824707,
      6.359292030334473,
      4.859645366668701,
      1.829105019569397,
      0.03019937314093113
    ],
    [
      7.672420501708984,
      4.7811713218688965,
      16.579206466674805,
      24.79055404663086,
      4.086625099182129,
      7.474973201751709,
      1.162625789642334,
      3.985307216644287,
      3.2660858631134033,
      4.5063676834106445,
      4.226085186004639,
      6.536309719085693,
      2.6262481212615967,
      3.807255744934082,
      2.162564516067505,
      4.012328147888184,
      4.225363731384277,
      5.082098484039307
    ],
    [
      2.023732900619507,
      6.909626483917236,
      11.44424819946289,
      4.086625099182129,
      50.6209716796875,
      27.59318733215332,
      29.18712043762207,
      10.303987503051758,
      17.751527786254883,
      3.7505006790161133,
      18.802396774291992,
      5.577401161193848,
      19.50196075439453,
      10.228378295898438,
      19.99266242980957,
      10.104561805725098,
      0.10564170032739639,
      -6.634373664855957
    ],
    [
      6.572348117828369,
      9.211395263671875,
      8.450217247009277,
      7.474973201751709,
      27.59318733215332,
      28.449567794799805,
      14.430573463439941,
      9.887018203735352,
      7.826551914215088,
      5.047295570373535,
      8.370232582092285,
      7.2782487869262695,
      6.353711128234863,
      4.991257667541504,
      6.326755046844482,
      5.121689319610596,
      0.8762918710708618,
      -0.8717729449272156
    ],
    [
      -0.5361480712890625,
      2.160954236984253,
      3.2069294452667236,
      1.162625789642334,
      29.18712043762207,
      14.430573463439941,
      45.611324310302734,
      25.324962615966797,
      17.81507110595703,
      9.363481521606445,
      19.14870262145996,
      12.68680191040039,
      22.034605026245117,
      18.084814071655273,
      21.981252670288086,
      18.52389907836914,
      11.39321517944336,
      7.32140588760376
    ],
    [
      1.7128262519836426,
      2.546623706817627,
      1.5769941806793213,
      3.985307216644287,
      10.303987503051758,
      9.887018203735352,
      25.324962615966797,
      25.967782974243164,
      11.471325874328613,
      12.689149856567383,
      13.383612632751465,
      15.919861793518066,
      13.628077507019043,
      16.003890991210938,
      13.047476768493652,
      17.25701904296875,
      13.8321533203125,
      14.597380638122559
    ],
    [
      -2.993624448776245,
      -2.465153694152832,
      6.328657150268555,
      3.2660858631134033,
      17.751527786254883,
      7.826551914215088,
      17.81507110595703,
      11.471325874328613,
      30.16056251525879,
      18.958589553833008,
      22.28257179260254,
      14.97979736328125,
      23.134153366088867,
      19.375347137451172,
      24.146047592163086,
      20.688770294189453,
      13.717135429382324,
      9.453054428100586
    ],
    [
      -1.0454058647155762,
      -2.7144994735717773,
      2.8266403675079346,
      4.5063676834106445,
      3.7505006790161133,
      5.047295570373535,
      9.363481521606445,
      12.689149856567383,
      18.958589553833008,
      21.33084487915039,
      13.67007064819336,
      16.357072830200195,
      12.92435359954834,
      16.284711837768555,
      13.153471946716309,
      17.604135513305664,
      14.564748764038086,
      15.593893051147461
    ],
    [
      -3.2794151306152344,
      -2.9398324489593506,
      7.016362190246582,
      4.226085186004639,
      18.802396774291992,
      8.370232582092285,
      19.14870262145996,
      13.383612632751465,
      22.28257179260254,
      13.67007064819336,
      33.17140197753906,
      24.109390258789062,
      27.64681625366211,
      24.16375732421875,
      25.81711769104004,
      24.134286880493164,
      17.68412971496582,
      14.819501876831055
    ],
    [
      0.9887463450431824,
      -1.0271203517913818,
      4.602951526641846,
      6.536309719085693,
      5.577401161193848,
      7.2782487869262695,
      12.68680191040039,
      15.919861793518066,
      14.97979736328125,
      16.357072830200195,
      24.109390258789062,
      28.59776496887207,
      17.4824275970459,
      22.030508041381836,
      16.537479400634766,
      23.035728454589844,
      20.450620651245117,
      22.89181137084961
    ],
    [
      -5.135311126708984,
      -4.228480815887451,
      6.489856243133545,
      2.6262481212615967,
      19.50196075439453,
      6.353711128234863,
      22.034605026245117,
      13.628077507019043,
      23.134153366088867,
      12.92435359954834,
      27.64681625366211,
      17.4824275970459,
      45.06580352783203,
      34.45524597167969,
      43.309242248535156,
      34.51551818847656,
      24.136096954345703,
      14.228912353515625
    ],
    [
      -2.7080299854278564,
      -3.4160847663879395,
      4.633580207824707,
      3.807255744934082,
      10.228378295898438,
      4.991257667541504,
      18.084814071655273,
      16.003890991210938,
      19.375347137451172,
      16.284711837768555,
      24.16375732421875,
      22.030508041381836,
      34.45524597167969,
      34.95461654663086,
      32.91432571411133,
      34.063236236572266,
      25.437633514404297,
      21.292448043823242
    ],
    [
      -3.765052318572998,
      -4.458910942077637,
      6.359292030334473,
      2.162564516067505,
      19.99266242980957,
      6.326755046844482,
      21.981252670288086,
      13.047476768493652,
      24.146047592163086,
      13.153471946716309,
      25.81711769104004,
      16.537479400634766,
      43.309242248535156,
      32.91432571411133,
      53.38669967651367,
      40.84526824951172,
      28.71221351623535,
      15.646425247192383
    ],
    [
      -1.7485787868499756,
      -4.015849590301514,
      4.859645366668701,
      4.012328147888184,
      10.104561805725098,
      5.121689319610596,
      18.52389907836914,
      17.25701904296875,
      20.688770294189453,
      17.604135513305664,
      24.134286880493164,
      23.035728454589844,
      34.51551818847656,
      34.063236236572266,
      40.84526824951172,
      42.6039924621582,
      31.596797943115234,
      25.166284561157227
    ],
    [
      1.349147915840149,
      -1.8717457056045532,
      1.829105019569397,
      4.225363731384277,
      0.10564170032739639,
      0.8762918710708618,
      11.39321517944336,
      13.8321533203125,
      13.717135429382324,
      14.564748764038086,
      17.68412971496582,
      20.450620651245117,
      24.136096954345703,
      25.437633514404297,
      28.71221351623535,
      31.596797943115234,
      32.617733001708984,
      28.595069885253906
    ],
    [
      3.0087337493896484,
      -0.6138917803764343,
      0.03019937314093113,
      5.082098484039307,
      -6.634373664855957,
      -0.8717729449272156,
      7.32140588760376,
      14.597380638122559,
      9.453054428100586,
      15.593893051147461,
      14.819501876831055,
      22.89181137084961,
      14.228912353515625,
      21.292448043823242,
      15.646425247192383,
      25.166284561157227,
      28.595069885253906,
      32.4987678527832
    ]
  ],
  "covariance_short": [
    [
      60.07963562011719,
      42.75803756713867,
      8.966906547546387,
      14.010375022888184,
      0.48786213994026184,
      5.997941493988037,
      1.2675607204437256,
      5.031076908111572,
      -1.8450247049331665,
      1.694287896156311,
      -0.6053578853607178,
      4.305643558502197,
      -5.035830020904541,
      -0.9880108833312988,
      -4.917910099029541,
      -0.3458268344402313,
      3.618169069290161,
      6.183394908905029
    ],
    [
      42.75803756713867,
      65.28401184082031,
      8.747518539428711,
      14.892484664916992,
      1.558591365814209,
      5.067455291748047,
      1.6348295211791992,
      4.688891410827637,
      -2.382411003112793,
      -0.44055724143981934,
      -1.9538785219192505,
      1.983870267868042,
      -5.667571544647217,
      -3.2374095916748047,
      -6.482654571533203,
      -3.0922725200653076,
      0.3752796947956085,
      2.576070785522461
    ],
    [
      8.966906547546387,
      8.747518539428711,
      27.28777503967285,
      20.98876190185547,
      13.248255729675293,
      9.663512229919434,
      5.55652379989624,
      2.5944507122039795,
      8.62307357788086,
      4.7354865074157715,
      7.3770036697387695,
      5.343526840209961,
      6.521943092346191,
      5.012147426605225,
      7.292324066162109,
      6.141182899475098,
      2.9696884155273438,
      1.4660862684249878
    ],
    [
      14.010375022888184,
      14.892484664916992,
      20.98876190185547,
      34.782474517822266,
      5.7071685791015625,
      10.797358512878418,
      3.231428384780884,
      5.814136505126953,
      4.494804859161377,
      6.31105375289917,
      4.120676517486572,
      7.462522029876709,
      2.5831875801086426,
      4.0866007804870605,
      3.098503351211548,
      5.531135559082031,
      6.0735626220703125,
      6.821615219116211
    ],
    [
      0.48786213994026184,
      1.558591365814209,
      13.248255729675293,
      5.7071685791015625,
      56.89265823364258,
      29.47837257385254,
      28.80649757385254,
      9.47407054901123,
      21.13629913330078,
      5.315932750701904,
      19.63343048095703,
      5.842112064361572,
      18.14890480041504,
      9.017200469970703,
      19.1225643157959,
      8.934917449951172,
      -0.3794063329696655,
      -5.646655082702637
    ],
    [
      5.997941493988037,
      5.067455291748047,
      9.663512229919434,
      10.797358512878418,
      29.47837257385254,
      36.80830001831055,
      16.017332077026367,
      12.030058860778809,
      10.1550874710083,
      7.908149242401123,
      9.647047996520996,
      9.09572696685791,
      7.408550262451172,
      6.531417369842529,
      8.278457641601562,
      7.371371746063232,
      3.340402364730835,
      1.960756778717041
    ],
    [
      1.2675607204437256,
      1.6348295211791992,
      5.55652379989624,
      3.231428384780884,
      28.80649757385254,
      16.017332077026367,
      52.36471176147461,
      28.15947151184082,
      22.220064163208008,
      12.775403022766113,
      23.015207290649414,
      15.803365707397461,
      24.568069458007812,
      20.02910804748535,
      24.629941940307617,
      20.47783088684082,
      13.205291748046875,
      9.394176483154297
    ],
    [
      5.031076908111572,
      4.688891410827637,
      2.5944507122039795,
      5.814136505126953,
      9.47407054901123,
      12.030058860778809,
      28.15947151184082,
      31.476646423339844,
      13.49647045135498,
      14.69343090057373,
      15.325281143188477,
      18.166933059692383,
      15.648489952087402,
      17.914838790893555,
      15.890273094177246,
      19.304935455322266,
      15.870651245117188,
      15.950613021850586
    ],
    [
      -1.8450247049331665,
      -2.382411003112793,
      8.62307357788086,
      4.494804859161377,
      21.13629913330078,
      10.1550874710083,
      22.220064163208008,
      13.49647045135498,
      39.289039611816406,
      23.406431198120117,
      27.29250144958496,
      18.178409576416016,
      27.332427978515625,
      21.93756675720215,
      28.9195499420166,
      23.5484676361084,
      15.736064910888672,
      11.018245697021484
    ],
    [
      1.694287896156311,
      -0.44055724143981934,
      4.7354865074157715,
      6.31105375289917,
      5.315932750701904,
      7.908149242401123,
      12.775403022766113,
      14.69343090057373,
      23.406431198120117,
      27.224870681762695,
      17.21506690979004,
      19.67125701904297,
      16.693225860595703,
      19.165435791015625,
      17.611953735351562,
      21.204998016357422,
      16.938085556030273,
      16.870256423950195
    ],
    [
      -0.6053578853607178,
      -1.9538785219192505,
      7.3770036697387695,
      4.120676517486572,
      19.63343048095703,
      9.647047996520996,
      23.015207290649414,
      15.325281143188477,
      27.29250144958496,
      17.21506690979004,
      39.9427490234375,
      28.015438079833984,
      32.23991012573242,
      27.152833938598633,
      30.833070755004883,
      27.158294677734375,
      21.259496688842773,
      17.8138370513916
    ],
    [
      4.305643558502197,
      1.983870267868042,
      5.343526840209961,
      7.462522029876709,
      5.842112064361572,
      9.09572696685791,
      15.803365707397461,
      18.166933059692383,
      18.178409576416016,
      19.67125701904297,
      28.015438079833984,
      34.06230926513672,
      21.164934158325195,
      25.657419204711914,
      21.307092666625977,
      26.815902709960938,
      23.964365005493164,
      25.43096351623535
    ],
    [
      -5.035830020904541,
      -5.667571544647217,
      6.521943092346191,
      2.5831875801086426,
      18.14890480041504,
      7.408550262451172,
      24.568069458007812,
      15.648489952087402,
      27.332427978515625,
      16.693225860595703,
      32.23991012573242,
      21.164934158325195,
      51.00883102416992,
      38.1603889465332,
      48.11368942260742,
      37.69100570678711,
      27.78194808959961,
      17.5645809173584
    ],
    [
      -0.9880108833312988,
      -3.2374095916748047,
      5.012147426605225,
      4.0866007804870605,
      9.017200469970703,
      6.531417369842529,
      20.02910804748535,
      17.914838790893555,
      21.93756675720215,
      19.165435791015625,
      27.152833938598633,
      25.657419204711914,
      38.1603889465332,
      40.36043167114258,
      36.865325927734375,
      38.400962829589844,
      27.829885482788086,
      24.149272918701172
    ],
    [
      -4.917910099029541,
      -6.482654571533203,
      7.292324066162109,
      3.098503351211548,
      19.1225643157959,
      8.278457641601562,
      24.629941940307617,
      15.890273094177246,
      28.9195499420166,
      17.611953735351562,
      30.833070755004883,
      21.307092666625977,
      48.11368942260742,
      36.865325927734375,
      60.41299057006836,
      45.32265090942383,
      33.4720573425293,
      20.142419815063477
    ],
    [
      -0.3458268344402313,
      -3.0922725200653076,
      6.141182899475098,
      5.531135559082031,
      8.934917449951172,
      7.371371746063232,
      20.47783088684082,
      19.304935455322266,
      23.5484676361084,
      21.204998016357422,
      27.158294677734375,
      26.815902709960938,
      37.69100570678711,
      38.400962829589844,
      45.32265090942383,
      48.9521369934082,
      34.56085205078125,
      29.090747833251953
    ],
    [
      3.618169069290161,
      0.3752796947956085,
      2.9696884155273438,
      6.0735626220703125,
      -0.3794063329696655,
      3.340402364730835,
      13.205291748046875,
      15.870651245117188,
      15.736064910888672,
      16.938085556030273,
      21.259496688842773,
      23.964365005493164,
      27.78194808959961,
      27.829885482788086,
      33.4720573425293,
      34.56085205078125,
      37.81103515625,
      32.660465240478516
    ],
    [
      6.183394908905029,
      2.576070785522461,
      1.4660862684249878,
      6.821615219116211,
      -5.646655082702637,
      1.960756778717041,
      9.394176483154297,
      15.950613021850586,
      11.018245697021484,
      16.870256423950195,
      17.8138370513916,
      25.43096351623535,
      17.5645809173584,
      24.149272918701172,
      20.142419815063477,
      29.090747833251953,
      32.660465240478516,
      36.06065368652344
    ]
  ],
  "drr": 14.316749572753906,
  "dynamics": 3.2746355533599854,
  "format": 1245190,
  "frames": 9097216,
  "loudness": -16.563695907592773,
  "loudness_range": 8.484846115112305,
  "loudness_range_short": 10.652719497680664,
  "peak": -1.0078929662704468,
  "rms": -18.555217742919922,
  "sample_rate": 44100,
  "sections": 1,
  "seekable": 1,
  "sharpness": 2.2333061695098877,
  "space": -8.057188987731934
}