{
  "bands": [
    {
      "high_freq": 148.1999969482422,
      "loudness": -36.359127044677734,
      "loudness_range": 19.909618377685547,
      "mid_mean": -33.62425994873047,
      "mid_to_side_loudness": -9.05411148071289,
      "mid_to_side_loudness_range": 13.404337882995605,
      "side_mean": -43.29783248901367
    },
    {
      "high_freq": 392.3793640136719,
      "loudness": -26.81580352783203,
      "loudness_range": 16.09298324584961,
      "low_freq": 148.1999969482422,
      "mid_mean": -25.02093505859375,
      "mid_to_side_loudness": -3.3070919513702393,
      "mid_to_side_loudness_range": 10.15108871459961,
      "side_mean": -28.62047576904297
    },
    {
      "high_freq": 794.6976318359375,
      "loudness": -30.342205047607422,
      "loudness_range": 17.66923713684082,
      "low_freq": 392.3793640136719,
      "mid_mean": -28.924177169799805,
      "mid_to_side_loudness": -2.268669366836548,
      "mid_to_side_loudness_range": 11.413825988769531,
      "side_mean": -31.31948471069336
    },
    {
      "high_freq": 1457.5709228515625,
      "loudness": -24.91294288635254,
      "loudness_range": 17.991403579711914,
      "low_freq": 794.6976318359375,
      "mid_mean": -24.242063522338867,
      "mid_to_side_loudness": -0.9239633679389954,
      "mid_to_side_loudness_range": 9.783658027648926,
      "side_mean": -24.945974349975586
    },
    {
      "high_freq": 2549.74365234375,
      "loudness": -30.904067993164062,
      "loudness_range": 17.480243682861328,
      "low_freq": 1457.5709228515625,
      "mid_mean": -30.73944664001465,
      "mid_to_side_loudness": 0.4423055052757263,
      "mid_to_side_loudness_range": 8.331887245178223,
      "side_mean": -30.181154251098633
    },
    {
      "high_freq": 4349.24462890625,
      "loudness": -34.549076080322266,
      "loudness_range": 24.389850616455078,
      "low_freq": 2549.74365234375,
      "mid_mean": -35.0897102355957,
      "mid_to_side_loudness": 1.4996724128723145,
      "mid_to_side_loudness_range": 8.159183502197266,
      "side_mean": -33.36532974243164
    },
    {
      "high_freq": 7314.1640625,
      "loudness": -44.073158264160156,
      "loudness_range": 26.854833602905273,
      "low_freq": 4349.24462890625,
      "mid_mean": -42.93248748779297,
      "mid_to_side_loudness": -1.7896629571914673,
      "mid_to_side_loudness_range": 5.310349464416504,
      "side_mean": -44.691123962402344
    },
    {
      "high_freq": 12199.2666015625,
      "loudness": -51.379310607910156,
      "loudness_range": 27.028709411621094,
      "low_freq": 7314.1640625,
      "mid_mean": -51.94164276123047,
      "mid_to_side_loudness": -0.7486661076545715,
      "mid_to_side_loudness_range": 4.656553745269775,
      "side_mean": -52.49532699584961
    },
    {
      "loudness": -57.7625617980957,
      "loudness_range": 25.55231475830078,
      "low_freq": 12199.2666015625,
      "mid_mean": -56.6993293762207,
      "mid_to_side_loudness": -0.7689138650894165,
      "mid_to_side_loudness_range": 3.1508595943450928,
      "side_mean": -57.25346755981445
    }
  ],
  "bands_short": [
    {
      "high_freq": 148.1999969482422,
      "loudness": -41.71321105957031,
      "loudness_range": 23.510448455810547,
      "mid_mean": -38.95880889892578,
      "mid_to_side_loudness": -10.118500709533691,
      "mid_to_side_loudness_range": 17.94173812866211,
      "side_mean": -51.566650390625
    },
    {
      "high_freq": 392.3793640136719,
      "loudness": -27.015644073486328,
      "loudness_range": 16.652420043945312,
      "low_freq": 148.1999969482422,
      "mid_mean": -25.213890075683594,
      "mid_to_side_loudness": -3.703080415725708,
      "mid_to_side_loudness_range": 12.390320777893066,
      "side_mean": -29.231922149658203
    },
    {
      "high_freq": 794.6976318359375,
      "loudness": -30.776445388793945,
      "loudness_range": 18.93697738647461,
      "low_freq": 392.3793640136719,
      "mid_mean": -29.685699462890625,
      "mid_to_side_loudness": -1.8884857892990112,
      "mid_to_side_loudness_range": 13.488892555236816,
      "side_mean": -31.709985733032227
    },
    {
      "high_freq": 1457.5709228515625,
      "loudness": -25.48908805847168,
      "loudness_range": 19.185232162475586,
      "low_freq": 794.6976318359375,
      "mid_mean": -24.869970321655273,
      "mid_to_side_loudness": -1.1013685464859009,
      "mid_to_side_loudness_range": 12.554255485534668,
      "side_mean": -25.792587280273438
    },
    {
      "high_freq": 2549.74365234375,
      "loudness": -31.46660614013672,
      "loudness_range": 19.105379104614258,
      "low_freq": 1457.5709228515625,
      "mid_mean": -31.37981605529785,
      "mid_to_side_loudness": 0.27105820178985596,
      "mid_to_side_loudness_range": 11.038064956665039,
      "side_mean": -30.953920364379883
    },
    {
      "high_freq": 4349.24462890625,
      "loudness": -35.232730865478516,
      "loudness_range": 26.5832576751709,
      "low_freq": 2549.74365234375,
      "mid_mean": -35.847694396972656,
      "mid_to_side_loudness": 1.3570647239685059,
      "mid_to_side_loudness_range": 10.209473609924316,
      "side_mean": -34.247108459472656
    },
    {
      "high_freq": 7314.1640625,
      "loudness": -44.85406494140625,
      "loudness_range": 29.17888832092285,
      "low_freq": 4349.24462890625,
      "mid_mean": -43.881996154785156,
      "mid_to_side_loudness": -1.6991974115371704,
      "mid_to_side_loudness_range": 7.380943298339844,
      "side_mean": -45.66531753540039
    },
    {
      "high_freq": 12199.2666015625,
      "loudness": -52.4825325012207,
      "loudness_range": 28.837085723876953,
      "low_freq": 7314.1640625,
      "mid_mean": -53.02479934692383,
      "mid_to_side_loudness": -0.7840649485588074,
      "mid_to_side_loudness_range": 5.8563432693481445,
      "side_mean": -53.574703216552734
    },
    {
      "loudness": -58.56821060180664,
      "loudness_range": 27.169883728027344,
      "low_freq": 12199.2666015625,
      "mid_mean": -57.43373107910156,
      "mid_to_side_loudness": -0.8629961609840393,
      "mid_to_side_loudness_range": 3.9352660179138184,
      "side_mean": -58.02552032470703
    }
  ],
  "channels": 2,
  "covariance": [
    [
      57.477264404296875,
      44.46049499511719,
      25.663959503173828,
      23.094520568847656,
      22.731204986572266,
      18.599483489990234,
      20.928361892700195,
      20.024032592773438,
      16.14781951904297,
      13.91655445098877,
      26.583932876586914,
      28.609663009643555,
      32.01475524902344,
      31.10072898864746,
      32.571617126464844,
      34.365047454833984,
      27.060495376586914,
      26.61204719543457
    ],
    [
      44.46049499511719,
      57.21852111816406,
      19.311195373535156,
      17.70107078552246,
      20.29212188720703,
      16.540042877197266,
      14.754938125610352,
      15.24290943145752,
      9.306106567382812,
      7.9605865478515625,
      17.085071563720703,
      19.29789161682129,
      20.948942184448242,
      20.859113693237305,
      24.726520538330078,
      26.018692016601562,
      19.412446975708008,
      19.328630447387695
    ],
    [
      25.663959503173828,
      19.311195373535156,
      39.38154602050781,
      30.615070343017578,
      28.676698684692383,
      24.451248168945312,
      24.381881713867188,
      20.432641983032227,
      23.455419540405273,
      21.120718002319336,
      30.62101173400879,
      32.821022033691406,
      35.75374221801758,
      33.8542366027832,
      39.03641128540039,
      39.696075439453125,
      33.08600997924805,
      32.32587814331055
    ],
    [
      23.094520568847656,
      17.70107078552246,
      30.615070343017578,
      36.04095458984375,
      24.702444076538086,
      24.177703857421875,
      21.709117889404297,
      18.836732864379883,
      21.807519912719727,
      19.44452476501465,
      30.360849380493164,
      32.353790283203125,
      35.98405075073242,
      33.37525177001953,
      37.95261764526367,
      38.32060623168945,
      33.04294967651367,
      31.794357299804688
    ],
    [
      22.731204986572266,
      20.29212188720703,
      28.676698684692383,
      24.702444076538086,
      47.02109146118164,
      33.753231048583984,
      24.441184997558594,
      20.873722076416016,
      22.429340362548828,
      22.408674240112305,
      29.756046295166016,
      32.26884460449219,
      33.99439239501953,
      32.561344146728516,
      44.50902557373047,
      44.64067459106445,
      34.683998107910156,
      34.05314254760742
    ],
    [
      18.599483489990234,
      16.540042877197266,
      24.451248168945312,
      24.177703857421875,
      33.753231048583984,
      35.2508430480957,
      20.9071102142334,
      18.039621353149414,
      20.579771041870117,
      19.125280380249023,
      27.689132690429688,
      29.26050567626953,
      32.137577056884766,
      30.446439743041992,
      37.63991165161133,
      37.390499114990234,
      30.671445846557617,
      29.515625
    ],
    [
      20.928361892700195,
      14.754938125610352,
      24.381881713867188,
      21.709117889404297,
      24.441184997558594,
      20.9071102142334,
      43.29753494262695,
      37.046875,
      24.93067169189453,
      24.216402053833008,
      40.085716247558594,
      41.551361083984375,
      46.53823471069336,
      44.99321746826172,
      48.19424819946289,
      49.07030487060547,
      40.381858825683594,
      40.134708404541016
    ],
    [
      20.024032592773438,
      15.24290943145752,
      20.432641983032227,
      18.836732864379883,
      20.873722076416016,
      18.039621353149414,
      37.046875,
      46.58218765258789,
      20.955707550048828,
      20.794708251953125,
      36.90652847290039,
      37.90253829956055,
      42.722930908203125,
      40.90256881713867,
      44.815853118896484,
      45.61003112792969,
      36.95034408569336,
      37.311920166015625
    ],
    [
      16.14781951904297,
      9.306106567382812,
      23.455419540405273,
      21.807519912719727,
      22.429340362548828,
      20.579771041870117,
      24.93067169189453,
      20.955707550048828,
      39.536827087402344,
      35.93197250366211,
      36.06640625,
      37.550209045410156,
      43.269283294677734,
      41.65274429321289,
      43.27922058105469,
      43.74922561645508,
      36.754337310791016,
      36.134578704833984
    ],
    [
      13.91655445098877,
      7.9605865478515625,
      21.120718002319336,
      19.44452476501465,
      22.408674240112305,
      19.125280380249023,
      24.216402053833008,
      20.794708251953125,
      35.93197250366211,
      42.76513671875,
      36.609153747558594,
      39.23005294799805,
      44.64080810546875,
      43.26383972167969,
      44.5229606628418,
      45.5424690246582,
      38.02503967285156,
      37.13289260864258
    ],
    [
      26.583932876586914,
      17.085071563720703,
      30.62101173400879,
      30.360849380493164,
      29.756046295166016,
      27.689132690429688,
      40.085716247558594,
      36.90652847290039,
      36.06640625,
      36.609153747558594,
      70.72168731689453,
      71.23646545410156,
      75.85417938232422,
      73.17501068115234,
      68.2417221069336,
      70.32322692871094,
      60.261009216308594,
      58.97821807861328
    ],
    [
      28.609663009643555,
      19.29789161682129,
      32.821022033691406,
      32.353790283203125,
      32.26884460449219,
      29.26050567626953,
      41.551361083984375,
      37.90253829956055,
      37.550209045410156,
      39.23005294799805,
      71.23646545410156,
      81.45111083984375,
      82.4450912475586,
      79.14823150634766,
      74.27391815185547,
      76.95624542236328,
      65.61105346679688,
      64.02452850341797
    ],
    [
      32.01475524902344,
      20.948942184448242,
      35.75374221801758,
      35.98405075073242,
      33.99439239501953,
      32.137577056884766,
      46.53823471069336,
      42.722930908203125,
      43.269283294677734,
      44.64080810546875,
      75.85417938232422,
      82.4450912475586,
      99.08438873291016,
      92.56063079833984,
      81.68052673339844,
      84.78720092773438,
      73.2965316772461,
      71.71407318115234
    ],
    [
      31.10072898864746,
      20.859113693237305,
      33.8542366027832,
      33.37525177001953,
      32.561344146728516,
      30.446439743041992,
      44.99321746826172,
      40.90256881713867,
      41.65274429321289,
      43.26383972167969,
      73.17501068115234,
      79.14823150634766,
      92.56063079833984,
      90.9850845336914,
      78.9518051147461,
      81.9465103149414,
      70.4696273803711,
      68.9494400024414
    ],
    [
      32.571617126464844,
      24.726520538330078,
      39.03641128540039,
      37.95261764526367,
      44.50902557373047,
      37.63991165161133,
      48.19424819946289,
      44.815853118896484,
      43.27922058105469,
      44.5229606628418,
      68.2417221069336,
      74.27391815185547,
      81.68052673339844,
      78.9518051147461,
      101.65597534179688,
      101.93894958496094,
      81.85607147216797,
      80.87909698486328
    ],
    [
      34.365047454833984,
      26.018692016601562,
      39.696075439453125,
      38.32060623168945,
      44.64067459106445,
      37.390499114990234,
      49.07030487060547,
      45.61003112792969,
      43.74922561645508,
      45.5424690246582,
      70.32322692871094,
      76.95624542236328,
      84.78720092773438,
      81.9465103149414,
      101.93894958496094,
      104.54269409179688,
      83.33953094482422,
      82.04736328125
    ],
    [
      27.060495376586914,
      19.412446975708008,
      33.08600997924805,
      33.04294967651367,
      34.683998107910156,
      30.671445846557617,
      40.381858825683594,
      36.95034408569336,
      36.754337310791016,
      38.02503967285156,
      60.261009216308594,
      65.61105346679688,
      73.2965316772461,
      70.4696273803711,
      81.85607147216797,
      83.33953094482422,
      70.33934783935547,
      68.9014663696289
    ],
    [
      26.61204719543457,
      19.328630447387695,
      32.32587814331055,
      31.794357299804688,
      34.05314254760742,
      29.515625,
      40.134708404541016,
      37.311920166015625,
      36.134578704833984,
      37.13289260864258,
      58.97821807861328,
      64.02452850341797,
      71.71407318115234,
      68.9494400024414,
      80.87909698486328,
      82.04736328125,
      68.9014663696289,
      68.45176696777344
    ]
  ],
  "covariance_short": [
    [
      80.29373168945312,
      52.16807556152344,
      33.80240249633789,
      26.49387550354004,
      24.542516708374023,
      21.071205139160156,
      28.610761642456055,
      25.299768447875977,
      22.44016456604004,
      20.316932678222656,
      32.600059509277344,
      35.01213455200195,
      41.089229583740234,
      40.11955261230469,
      39.437252044677734,
      41.400550842285156,
      33.14634323120117,
      32.7137451171875
    ],
    [
      52.16807556152344,
      89.78060913085938,
      30.669628143310547,
      25.161720275878906,
      32.686370849609375,
      25.794336318969727,
      25.51127815246582,
      20.865432739257812,
      20.652250289916992,
      19.852825164794922,
      28.70265007019043,
      33.64918518066406,
      33.4801025390625,
      33.60489273071289,
      48.60002899169922,
      49.08937072753906,
      37.3154182434082,
      36.46979904174805
    ],
    [
      33.80240249633789,
      30.669628143310547,
      43.26924514770508,
      31.080480575561523,
      29.906448364257812,
      26.230579376220703,
      24.961074829101562,
      20.975614547729492,
      24.349571228027344,
      21.840681076049805,
      31.152957916259766,
      32.46664810180664,
      35.63020324707031,
      34.7969970703125,
      38.2462043762207,
      38.815147399902344,
      31.933277130126953,
      31.087703704833984
    ],
    [
      26.49387550354004,
      25.161720275878906,
      31.080480575561523,
      39.363277435302734,
      24.526384353637695,
      24.251911163330078,
      21.591175079345703,
      19.043453216552734,
      21.19579315185547,
      18.70021629333496,
      28.68712043762207,
      29.280912399291992,
      33.64649200439453,
      32.06968688964844,
      35.82695770263672,
      35.930233001708984,
      30.321104049682617,
      29.117551803588867
    ],
    [
      24.542516708374023,
      32.686370849609375,
      29.906448364257812,
      24.526384353637695,
      51.19759750366211,
      33.8555793762207,
      25.023698806762695,
      21.06144142150879,
      23.144973754882812,
      22.218353271484375,
      29.152587890625,
      31.68568229675293,
      34.24651336669922,
      33.2714958190918,
      41.793418884277344,
      41.888671875,
      31.9444580078125,
      31.217294692993164
    ],
    [
      21.071205139160156,
      25.794336318969727,
      26.230579376220703,
      24.251911163330078,
      33.8555793762207,
      39.04231643676758,
      23.103086471557617,
      19.6905517578125,
      22.69059944152832,
      20.700237274169922,
      28.877838134765625,
      30.125591278076172,
      33.87257766723633,
      32.9351921081543,
      37.49430465698242,
      37.20474624633789,
      30.11924171447754,
      28.89902114868164
    ],
    [
      28.610761642456055,
      25.51127815246582,
      24.961074829101562,
      21.591175079345703,
      25.023698806762695,
      23.103086471557617,
      48.69395065307617,
      39.80707931518555,
      29.134138107299805,
      28.606060028076172,
      44.0867919921875,
      44.84674835205078,
      49.56399917602539,
      48.85775375366211,
      50.746524810791016,
      51.54547119140625,
      42.134002685546875,
      41.6351318359375
    ],
    [
      25.299768447875977,
      20.865432739257812,
      20.975614547729492,
      19.043453216552734,
      21.06144142150879,
      19.6905517578125,
      39.80707931518555,
      53.92372131347656,
      25.02741241455078,
      25.332901000976562,
      41.10657501220703,
      41.776885986328125,
      45.864444732666016,
      45.26495361328125,
      47.622379302978516,
      48.39191436767578,
      38.93645095825195,
      38.97856903076172
    ],
    [
      22.44016456604004,
      20.652250289916992,
      24.349571228027344,
      21.19579315185547,
      23.144973754882812,
      22.69059944152832,
      29.134138107299805,
      25.02741241455078,
      47.24383544921875,
      40.973350524902344,
      41.51365661621094,
      42.75569534301758,
      49.52488327026367,
      48.67146301269531,
      48.481651306152344,
      48.87006378173828,
      40.310604095458984,
      39.68302536010742
    ],
    [
      20.316932678222656,
      19.852825164794922,
      21.840681076049805,
      18.70021629333496,
      22.218353271484375,
      20.700237274169922,
      28.606060028076172,
      25.332901000976562,
      40.973350524902344,
      51.11458206176758,
      43.18841552734375,
      45.7949333190918,
      52.23566818237305,
      51.37834548950195,
      50.08027648925781,
      51.090274810791016,
      42.072967529296875,
      41.20461654663086
    ],
    [
      32.600059509277344,
      28.70265007019043,
      31.152957916259766,
      28.68712043762207,
      29.152587890625,
      28.877838134765625,
      44.0867919921875,
      41.10657501220703,
      41.51365661621094,
      43.18841552734375,
      79.1716537475586,
      77.2902603149414,
      82.23429107666016,
      79.97378540039062,
      74.62555694580078,
      76.40827941894531,
      63.80724334716797,
      62.67366409301758
    ],
    [
      35.01213455200195,
      33.64918518066406,
      32.46664810180664,
      29.280912399291992,
      31.68568229675293,
      30.125591278076172,
      44.84674835205078,
      41.776885986328125,
      42.75569534301758,
      45.7949333190918,
      77.2902603149414,
      90.67668914794922,
      88.94062805175781,
      85.80213165283203,
      80.65348052978516,
      82.95195770263672,
      69.0036849975586,
      67.60296630859375
    ],
    [
      41.089229583740234,
      33.4801025390625,
      35.63020324707031,
      33.64649200439453,
      34.24651336669922,
      33.87257766723633,
      49.56399917602539,
      45.864444732666016,
      49.52488327026367,
      52.23566818237305,
      82.23429107666016,
      88.94062805175781,
      109.75727081298828,
      101.3110122680664,
      90.45795440673828,
      93.14997100830078,
      78.6469955444336,
      77.06375122070312
    ],
    [
      40.11955261230469,
      33.60489273071289,
      34.7969970703125,
      32.06968688964844,
      33.2714958190918,
      32.9351921081543,
      48.85775375366211,
      45.26495361328125,
      48.67146301269531,
      51.37834548950195,
      79.97378540039062,
      85.80213165283203,
      101.3110122680664,
      102.06836700439453,
      88.41963958740234,
      90.92253875732422,
      76.27116394042969,
      74.8316879272461
    ],
    [
      39.437252044677734,
      48.60002899169922,
      38.2462043762207,
      35.82695770263672,
      41.793418884277344,
      37.49430465698242,
      50.746524810791016,
      47.622379302978516,
      48.481651306152344,
      50.08027648925781,
      74.62555694580078,
      80.65348052978516,
      90.45795440673828,
      88.41963958740234,
      109.32730102539062,
      108.65986633300781,
      87.0558090209961,
      85.82206726074219
    ],
    [
      41.400550842285156,
      49.08937072753906,
      38.815147399902344,
      35.930233001708984,
      41.888671875,
      37.20474624633789,
      51.54547119140625,
      48.39191436767578,
      48.87006378173828,
      51.090274810791016,
      76.40827941894531,
      82.95195770263672,
      93.14997100830078,
      90.92253875732422,
      108.65986633300781,
      111.57596588134766,
      88.25479125976562,
      86.81156921386719
    ],
    [
      33.14634323120117,
      37.3154182434082,
      31.933277130126953,
      30.321104049682617,
      31.9444580078125,
      30.11924171447754,
      42.134002685546875,
      38.93645095825195,
      40.310604095458984,
      42.072967529296875,
      63.80724334716797,
      69.0036849975586,
      78.6469955444336,
      76.27116394042969,
      87.0558090209961,
      88.25479125976562,
      74.72323608398438,
      72.80133819580078
    ],
    [
      32.7137451171875,
      36.46979904174805,
      31.087703704833984,
      29.117551803588867,
      31.217294692993164,
      28.89902114868164,
      41.6351318359375,
      38.97856903076172,
      39.68302536010742,
      41.20461654663086,
      62.67366409301758,
      67.60296630859375,
      77.06375122070312,
      74.8316879272461,
      85.82206726074219,
      86.81156921386719,
      72.80133819580078,
      72.62646484375
    ]
  ],
  "drr": 11.751744270324707,
  "dynamics": 4.773502349853516,
  "format": 1245190,
  "frames": 14434304,
  "loudness": -16.510971069335938,
  "loudness_range": 14.42540168762207,
  "loudness_range_short": 15.620792388916016,
  "peak": -0.0653844103217125,
  "rms": -18.175106048583984,
  "sample_rate": 44100,
  "sections": 1,
  "seekable": 1,
  "sharpness": 2.101555585861206,
  "space": -1.39762282371521
}