{
  "bands": [
    {
      "high_freq": 148.1999969482422,
      "loudness": -49.17997741699219,
      "loudness_range": 21.21617889404297,
      "mid_mean": -45.7784309387207,
      "mid_to_side_loudness": -12.543842315673828,
      "mid_to_side_loudness_range": 10.651130676269531,
      "side_mean": -57.879825592041016
    },
    {
      "high_freq": 392.3793640136719,
      "loudness": -36.88606643676758,
      "loudness_range": 22.71479034423828,
      "low_freq": 148.1999969482422,
      "mid_mean": -33.973819732666016,
      "mid_to_side_loudness": -8.396089553833008,
      "mid_to_side_loudness_range": 9.203119277954102,
      "side_mean": -42.43233108520508
    },
    {
      "high_freq": 794.6976318359375,
      "loudness": -35.641971588134766,
      "loudness_range": 23.44114112854004,
      "low_freq": 392.3793640136719,
      "mid_mean": -32.77896499633789,
      "mid_to_side_loudness": -7.6665120124816895,
      "mid_to_side_loudness_range": 8.3380765914917,
      "side_mean": -41.04230880737305
    },
    {
      "high_freq": 1457.5709228515625,
      "loudness": -44.09324264526367,
      "loudness_range": 25.1026611328125,
      "low_freq": 794.6976318359375,
      "mid_mean": -43.04390335083008,
      "mid_to_side_loudness": -3.339413642883301,
      "mid_to_side_loudness_range": 9.448164939880371,
      "side_mean": -46.551177978515625
    },
    {
      "high_freq": 2549.74365234375,
      "loudness": -51.15657424926758,
      "loudness_range": 28.21267318725586,
      "low_freq": 1457.5709228515625,
      "mid_mean": -52.34447479248047,
      "mid_to_side_loudness": -2.553380012512207,
      "mid_to_side_loudness_range": 6.807722568511963,
      "side_mean": -54.53254699707031
    },
    {
      "high_freq": 4349.24462890625,
      "loudness": -65.16571807861328,
      "loudness_range": 31.559932708740234,
      "low_freq": 2549.74365234375,
      "mid_mean": -63.612979888916016,
      "mid_to_side_loudness": 0.5600588321685791,
      "mid_to_side_loudness_range": 6.244616508483887,
      "side_mean": -63.17586898803711
    },
    {
      "high_freq": 7314.1640625,
      "loudness": -76.20317077636719,
      "loudness_range": 16.870712280273438,
      "low_freq": 4349.24462890625,
      "mid_mean": -68.52755737304688,
      "mid_to_side_loudness": 1.0340787172317505,
      "mid_to_side_loudness_range": 3.788300037384033,
      "side_mean": -68.10684967041016
    },
    {
      "high_freq": 12199.2666015625,
      "loudness": -77.19146728515625,
      "loudness_range": 2.2988357543945312,
      "low_freq": 7314.1640625,
      "mid_mean": -69.08387756347656,
      "mid_to_side_loudness": -0.09167115390300751,
      "mid_to_side_loudness_range": 0.639624834060669,
      "side_mean": -69.07633209228516
    },
    {
      "loudness": 0,
      "loudness_range": 0,
      "low_freq": 12199.2666015625,
      "mid_mean": -68.91979217529297,
      "mid_to_side_loudness": -0.11520995199680328,
      "mid_to_side_loudness_range": 0.4327404499053955,
      "side_mean": -68.93656921386719
    }
  ],
  "bands_short": [
    {
      "high_freq": 148.1999969482422,
      "loudness": -52.9026985168457,
      "loudness_range": 21.96654510498047,
      "mid_mean": -49.53261184692383,
      "mid_to_side_loudness": -13.088770866394043,
      "mid_to_side_loudness_range": 17.161476135253906,
      "side_mean": -61.41927719116211
    },
    {
      "high_freq": 392.3793640136719,
      "loudness": -37.501277923583984,
      "loudness_range": 23.794132232666016,
      "low_freq": 148.1999969482422,
      "mid_mean": -34.654090881347656,
      "mid_to_side_loudness": -8.538439750671387,
      "mid_to_side_loudness_range": 10.598575592041016,
      "side_mean": -43.19315719604492
    },
    {
      "high_freq": 794.6976318359375,
      "loudness": -36.02025604248047,
      "loudness_range": 23.660608291625977,
      "low_freq": 392.3793640136719,
      "mid_mean": -33.2127571105957,
      "mid_to_side_loudness": -7.8289594650268555,
      "mid_to_side_loudness_range": 9.882854461669922,
      "side_mean": -41.62220764160156
    },
    {
      "high_freq": 1457.5709228515625,
      "loudness": -44.73247528076172,
      "loudness_range": 26.10615348815918,
      "low_freq": 794.6976318359375,
      "mid_mean": -43.69880294799805,
      "mid_to_side_loudness": -3.8855819702148438,
      "mid_to_side_loudness_range": 11.17038631439209,
      "side_mean": -47.78756332397461
    },
    {
      "high_freq": 2549.74365234375,
      "loudness": -52.344993591308594,
      "loudness_range": 28.541561126708984,
      "low_freq": 1457.5709228515625,
      "mid_mean": -53.41036605834961,
      "mid_to_side_loudness": -2.4060323238372803,
      "mid_to_side_loudness_range": 8.57557201385498,
      "side_mean": -55.491004943847656
    },
    {
      "high_freq": 4349.24462890625,
      "loudness": -63.99292755126953,
      "loudness_range": 30.833450317382812,
      "low_freq": 2549.74365234375,
      "mid_mean": -62.83538818359375,
      "mid_to_side_loudness": -0.20898796617984772,
      "mid_to_side_loudness_range": 7.270381927490234,
      "side_mean": -62.946773529052734
    },
    {
      "high_freq": 7314.1640625,
      "loudness": -76.33609771728516,
      "loudness_range": 15.832015991210938,
      "low_freq": 4349.24462890625,
      "mid_mean": -68.5828857421875,
      "mid_to_side_loudness": 1.0397142171859741,
      "mid_to_side_loudness_range": 4.582364559173584,
      "side_mean": -68.17646026611328
    },
    {
      "high_freq": 12199.2666015625,
      "loudness": -77.2833023071289,
      "loudness_range": 2.22576904296875,
      "low_freq": 7314.1640625,
      "mid_mean": -69.10691833496094,
      "mid_to_side_loudness": -0.07806675881147385,
      "mid_to_side_loudness_range": 1.6996641159057617,
      "side_mean": -69.10957336425781
    },
    {
      "loudness": -76.18606567382812,
      "loudness_range": 1.4419097900390625,
      "low_freq": 12199.2666015625,
      "mid_mean": -68.91710662841797,
      "mid_to_side_loudness": -0.10581866651773453,
      "mid_to_side_loudness_range": 1.28140389919281,
      "side_mean": -68.93360137939453
    }
  ],
  "channels": 2,
  "covariance": [
    [
      50.820030212402344,
      43.16041946411133,
      28.031322479248047,
      32.28020095825195,
      22.82010841369629,
      28.74537467956543,
      24.359445571899414,
      27.040103912353516,
      43.82030487060547,
      42.21831512451172,
      27.96057891845703,
      29.76005744934082,
      8.098791122436523,
      10.691568374633789,
      1.3148173093795776,
      1.535362958908081,
      0.5766636729240417,
      0.501734733581543
    ],
    [
      43.16041946411133,
      51.578575134277344,
      27.074268341064453,
      31.932069778442383,
      24.45334815979004,
      28.76165008544922,
      24.379615783691406,
      26.498584747314453,
      46.34089660644531,
      44.82781219482422,
      29.888132095336914,
      31.4512882232666,
      9.09934139251709,
      11.949930191040039,
      1.649788498878479,
      1.9119951725006104,
      0.7902695536613464,
      0.7047668099403381
    ],
    [
      28.031322479248047,
      27.074268341064453,
      59.49692916870117,
      51.02455139160156,
      44.34548568725586,
      45.036048889160156,
      32.961158752441406,
      39.42036819458008,
      57.25395202636719,
      52.117576599121094,
      30.571788787841797,
      33.10548782348633,
      7.600449562072754,
      10.243075370788574,
      1.1591676473617554,
      1.309037446975708,
      0.5530405640602112,
      0.479229211807251
    ],
    [
      32.28020095825195,
      31.932069778442383,
      51.02455139160156,
      56.03654861450195,
      41.266727447509766,
      42.69282150268555,
      31.10499382019043,
      37.015872955322266,
      52.886898040771484,
      48.68100357055664,
      29.868932723999023,
      32.08938217163086,
      7.692895889282227,
      10.35757827758789,
      1.1659018993377686,
      1.3494495153427124,
      0.5367794632911682,
      0.4593145251274109
    ],
    [
      22.82010841369629,
      24.45334815979004,
      44.34548568725586,
      41.266727447509766,
      70.52973175048828,
      62.809661865234375,
      51.29560470581055,
      60.42847442626953,
      68.15862274169922,
      64.86053466796875,
      39.11238098144531,
      42.87144470214844,
      9.450224876403809,
      12.686821937561035,
      1.4299564361572266,
      1.640038013458252,
      0.6964017748832703,
      0.5971195697784424
    ],
    [
      28.74537467956543,
      28.76165008544922,
      45.036048889160156,
      42.69282150268555,
      62.809661865234375,
      69.15084075927734,
      48.91826248168945,
      57.64104461669922,
      70.41779327392578,
      66.77145385742188,
      40.987701416015625,
      44.03247833251953,
      9.993582725524902,
      13.370951652526855,
      1.532952904701233,
      1.7708910703659058,
      0.7238640189170837,
      0.6155652403831482
    ],
    [
      24.359445571899414,
      24.379615783691406,
      32.961158752441406,
      31.10499382019043,
      51.29560470581055,
      48.91826248168945,
      74.84880828857422,
      80.5379867553711,
      70.71926879882812,
      68.2361831665039,
      45.87955856323242,
      48.83086395263672,
      12.272323608398438,
      16.430604934692383,
      2.0749125480651855,
      2.421976327896118,
      0.8134577870368958,
      0.7050517797470093
    ],
    [
      27.040103912353516,
      26.498584747314453,
      39.42036819458008,
      37.015872955322266,
      60.42847442626953,
      57.64104461669922,
      80.5379867553711,
      103.20584869384766,
      81.6037368774414,
      78.01875305175781,
      50.829437255859375,
      54.365440368652344,
      13.404980659484863,
      18.040813446044922,
      2.2432773113250732,
      2.614041566848755,
      0.8997163772583008,
      0.7860081195831299
    ],
    [
      43.82030487060547,
      46.34089660644531,
      57.25395202636719,
      52.886898040771484,
      68.15862274169922,
      70.41779327392578,
      70.71926879882812,
      81.6037368774414,
      121.53070831298828,
      112.15874481201172,
      65.85875701904297,
      69.62953186035156,
      17.672245025634766,
      23.528793334960938,
      3.0032849311828613,
      3.469754934310913,
      1.5149199962615967,
      1.352917194366455
    ],
    [
      42.21831512451172,
      44.82781219482422,
      52.117576599121094,
      48.68100357055664,
      64.86053466796875,
      66.77145385742188,
      68.2361831665039,
      78.01875305175781,
      112.15874481201172,
      107.69999694824219,
      62.84001159667969,
      66.928466796875,
      17.314069747924805,
      23.00775909423828,
      2.967623710632324,
      3.4388885498046875,
      1.441077709197998,
      1.2811992168426514
    ],
    [
      27.96057891845703,
      29.888132095336914,
      30.571788787841797,
      29.868932723999023,
      39.11238098144531,
      40.987701416015625,
      45.87955856323242,
      50.829437255859375,
      65.85875701904297,
      62.84001159667969,
      52.5518913269043,
      52.25632858276367,
      15.216397285461426,
      20.09918785095215,
      2.521367311477661,
      3.0032641887664795,
      1.0213441848754883,
      0.8945891857147217
    ],
    [
      29.76005744934082,
      31.4512882232666,
      33.10548782348633,
      32.08938217163086,
      42.87144470214844,
      44.03247833251953,
      48.83086395263672,
      54.365440368652344,
      69.62953186035156,
      66.928466796875,
      52.25632858276367,
      54.93690872192383,
      15.561603546142578,
      20.52252197265625,
      2.557961940765381,
      3.0364694595336914,
      1.067359447479248,
      0.9327797293663025
    ],
    [
      8.098791122436523,
      9.09934139251709,
      7.600449562072754,
      7.692895889282227,
      9.450224876403809,
      9.993582725524902,
      12.272323608398438,
      13.404980659484863,
      17.672245025634766,
      17.314069747924805,
      15.216397285461426,
      15.561603546142578,
      7.585909843444824,
      9.39087200164795,
      1.2518142461776733,
      1.5278946161270142,
      0.4169735908508301,
      0.3564261198043823
    ],
    [
      10.691568374633789,
      11.949930191040039,
      10.243075370788574,
      10.35757827758789,
      12.686821937561035,
      13.370951652526855,
      16.430604934692383,
      18.040813446044922,
      23.528793334960938,
      23.00775909423828,
      20.09918785095215,
      20.52252197265625,
      9.39087200164795,
      11.998213768005371,
      1.5386914014816284,
      1.8748115301132202,
      0.5331119298934937,
      0.4562876224517822
    ],
    [
      1.3148173093795776,
      1.649788498878479,
      1.1591676473617554,
      1.1659018993377686,
      1.4299564361572266,
      1.532952904701233,
      2.0749125480651855,
      2.2432773113250732,
      3.0032849311828613,
      2.967623710632324,
      2.521367311477661,
      2.557961940765381,
      1.2518142461776733,
      1.5386914014816284,
      0.32568639516830444,
      0.3898630142211914,
      0.09397457540035248,
      0.08050999045372009
    ],
    [
      1.535362958908081,
      1.9119951725006104,
      1.309037446975708,
      1.3494495153427124,
      1.640038013458252,
      1.7708910703659058,
      2.421976327896118,
      2.614041566848755,
      3.469754934310913,
      3.4388885498046875,
      3.0032641887664795,
      3.0364694595336914,
      1.5278946161270142,
      1.8748115301132202,
      0.3898630142211914,
      0.4788752496242523,
      0.11045831441879272,
      0.09407687187194824
    ],
    [
      0.5766636729240417,
      0.7902695536613464,
      0.5530405640602112,
      0.5367794632911682,
      0.6964017748832703,
      0.7238640189170837,
      0.8134577870368958,
      0.8997163772583008,
      1.5149199962615967,
      1.441077709197998,
      1.0213441848754883,
      1.067359447479248,
      0.4169735908508301,
      0.5331119298934937,
      0.09397457540035248,
      0.11045831441879272,
      0.046843092888593674,
      0.041820693761110306
    ],
    [
      0.501734733581543,
      0.7047668099403381,
      0.479229211807251,
      0.4593145251274109,
      0.5971195697784424,
      0.6155652403831482,
      0.7050517797470093,
      0.7860081195831299,
      1.352917194366455,
      1.2811992168426514,
      0.8945891857147217,
      0.9327797293663025,
      0.3564261198043823,
      0.4562876224517822,
      0.08050999045372009,
      0.09407687187194824,
      0.041820693761110306,
      0.03857441619038582
    ]
  ],
  "covariance_short": [
    [
      55.392642974853516,
      31.354841232299805,
      26.1755313873291,
      27.613937377929688,
      20.253841400146484,
      26.418048858642578,
      25.017230987548828,
      28.23137855529785,
      40.2388916015625,
      38.14619827270508,
      27.61285972595215,
      28.243181228637695,
      7.507168769836426,
      9.954207420349121,
      1.0605095624923706,
      1.1579557657241821,
      0.5662274956703186,
      0.5069930553436279
    ],
    [
      31.354841232299805,
      38.65205764770508,
      22.338512420654297,
      24.888303756713867,
      20.813276290893555,
      24.00020980834961,
      24.639127731323242,
      26.989643096923828,
      38.77890396118164,
      36.89595031738281,
      26.12358283996582,
      26.345073699951172,
      7.556570529937744,
      10.021561622619629,
      1.1777422428131104,
      1.289853572845459,
      0.6327175498008728,
      0.5724852085113525
    ],
    [
      26.1755313873291,
      22.338512420654297,
      65.14028930664062,
      54.90269088745117,
      45.51725387573242,
      45.390228271484375,
      38.837646484375,
      46.03969955444336,
      58.577308654785156,
      52.86379623413086,
      35.66660690307617,
      36.4618034362793,
      7.750245571136475,
      10.562417030334473,
      1.0651702880859375,
      1.1260933876037598,
      0.5909745097160339,
      0.5157021284103394
    ],
    [
      27.613937377929688,
      24.888303756713867,
      54.90269088745117,
      62.223934173583984,
      42.95191192626953,
      44.006866455078125,
      37.64433670043945,
      44.20466232299805,
      55.101905822753906,
      50.03789138793945,
      33.938419342041016,
      34.84207534790039,
      7.828374862670898,
      10.6383638381958,
      1.0545791387557983,
      1.1352263689041138,
      0.5658636093139648,
      0.49066710472106934
    ],
    [
      20.253841400146484,
      20.813276290893555,
      45.51725387573242,
      42.95191192626953,
      72.46601104736328,
      62.60588455200195,
      55.58967590332031,
      64.44551849365234,
      67.5235595703125,
      63.45024871826172,
      45.819698333740234,
      46.20988845825195,
      9.074710845947266,
      12.287476539611816,
      1.2746195793151855,
      1.3311020135879517,
      0.7216505408287048,
      0.6196255683898926
    ],
    [
      26.418048858642578,
      24.00020980834961,
      45.390228271484375,
      44.006866455078125,
      62.60588455200195,
      69.8092269897461,
      52.60602951049805,
      61.39350128173828,
      68.60205078125,
      64.17582702636719,
      45.76909255981445,
      46.090240478515625,
      9.621581077575684,
      12.990211486816406,
      1.3280353546142578,
      1.4016667604446411,
      0.735258936882019,
      0.6279743313789368
    ],
    [
      25.017230987548828,
      24.639127731323242,
      38.837646484375,
      37.64433670043945,
      55.58967590332031,
      52.60602951049805,
      81.30912780761719,
      84.0340805053711,
      74.55152130126953,
      70.80826568603516,
      52.69086837768555,
      52.78146743774414,
      11.789331436157227,
      15.929276466369629,
      1.8522911071777344,
      2.0047683715820312,
      0.8889079093933105,
      0.7756437063217163
    ],
    [
      28.23137855529785,
      26.989643096923828,
      46.03969955444336,
      44.20466232299805,
      64.44551849365234,
      61.39350128173828,
      84.0340805053711,
      107.9797134399414,
      85.34844207763672,
      80.27992248535156,
      57.724632263183594,
      58.40074920654297,
      12.833205223083496,
      17.410402297973633,
      2.0280873775482178,
      2.193679094314575,
      0.9827976822853088,
      0.8708164095878601
    ],
    [
      40.2388916015625,
      38.77890396118164,
      58.577308654785156,
      55.101905822753906,
      67.5235595703125,
      68.60205078125,
      74.55152130126953,
      85.34844207763672,
      116.48529815673828,
      105.50166320800781,
      70.71334075927734,
      70.65531921386719,
      16.399511337280273,
      21.97773551940918,
      2.6443605422973633,
      2.8884966373443604,
      1.5335899591445923,
      1.375317096710205
    ],
    [
      38.14619827270508,
      36.89595031738281,
      52.86379623413086,
      50.03789138793945,
      63.45024871826172,
      64.17582702636719,
      70.80826568603516,
      80.27992248535156,
      105.50166320800781,
      102.00545501708984,
      67.68492889404297,
      67.66594696044922,
      15.83193302154541,
      21.197599411010742,
      2.5829262733459473,
      2.822456121444702,
      1.4478905200958252,
      1.2963417768478394
    ],
    [
      27.61285972595215,
      26.12358283996582,
      35.66660690307617,
      33.938419342041016,
      45.819698333740234,
      45.76909255981445,
      52.69086837768555,
      57.724632263183594,
      70.71334075927734,
      67.68492889404297,
      60.65220260620117,
      58.091644287109375,
      14.729860305786133,
      19.637744903564453,
      2.189948320388794,
      2.4108574390411377,
      1.1060667037963867,
      0.9742852449417114
    ],
    [
      28.243181228637695,
      26.345073699951172,
      36.4618034362793,
      34.84207534790039,
      46.20988845825195,
      46.090240478515625,
      52.78146743774414,
      58.40074920654297,
      70.65531921386719,
      67.66594696044922,
      58.091644287109375,
      59.03828811645508,
      14.730926513671875,
      19.617019653320312,
      2.2005417346954346,
      2.42984676361084,
      1.117444396018982,
      0.9831333756446838
    ],
    [
      7.507168769836426,
      7.556570529937744,
      7.750245571136475,
      7.828374862670898,
      9.074710845947266,
      9.621581077575684,
      11.789331436157227,
      12.833205223083496,
      16.399511337280273,
      15.83193302154541,
      14.729860305786133,
      14.730926513671875,
      6.867369651794434,
      8.427708625793457,
      1.0886229276657104,
      1.259436845779419,
      0.4336572289466858,
      0.3723298907279968
    ],
    [
      9.954207420349121,
      10.021561622619629,
      10.562417030334473,
      10.6383638381958,
      12.287476539611816,
      12.990211486816406,
      15.929276466369629,
      17.410402297973633,
      21.97773551940918,
      21.197599411010742,
      19.637744903564453,
      19.617019653320312,
      8.427708625793457,
      10.891230583190918,
      1.3199198246002197,
      1.5153080224990845,
      0.548743486404419,
      0.4733180105686188
    ],
    [
      1.0605095624923706,
      1.1777422428131104,
      1.0651702880859375,
      1.0545791387557983,
      1.2746195793151855,
      1.3280353546142578,
      1.8522911071777344,
      2.0280873775482178,
      2.6443605422973633,
      2.5829262733459473,
      2.189948320388794,
      2.2005417346954346,
      1.0886229276657104,
      1.3199198246002197,
      0.3272223174571991,
      0.36245542764663696,
      0.1097450852394104,
      0.09295019507408142
    ],
    [
      1.1579557657241821,
      1.289853572845459,
      1.1260933876037598,
      1.1352263689041138,
      1.3311020135879517,
      1.4016667604446411,
      2.0047683715820312,
      2.193679094314575,
      2.8884966373443604,
      2.822456121444702,
      2.4108574390411377,
      2.42984676361084,
      1.259436845779419,
      1.5153080224990845,
      0.36245542764663696,
      0.4337064325809479,
      0.12186253070831299,
      0.10295624285936356
    ],
    [
      0.5662274956703186,
      0.6327175498008728,
      0.5909745097160339,
      0.5658636093139648,
      0.7216505408287048,
      0.735258936882019,
      0.8889079093933105,
      0.9827976822853088,
      1.5335899591445923,
      1.4478905200958252,
      1.1060667037963867,
      1.117444396018982,
      0.4336572289466858,
      0.548743486404419,
      0.1097450852394104,
      0.12186253070831299,
      0.06297116726636887,
      0.051605626940727234
    ],
    [
      0.5069930553436279,
      0.5724852085113525,
      0.5157021284103394,
      0.49066710472106934,
      0.6196255683898926,
      0.6279743313789368,
      0.7756437063217163,
      0.8708164095878601,
      1.375317096710205,
      1.2963417768478394,
      0.9742852449417114,
      0.9831333756446838,
      0.3723298907279968,
      0.4733180105686188,
      0.09295019507408142,
      0.10295624285936356,
      0.051605626940727234,
      0.05098424851894379
    ]
  ],
  "drr": 8.63013744354248,
  "dynamics": 5.53573751449585,
  "format": 1245190,
  "frames": 8474624,
  "loudness": -26.856937408447266,
  "loudness_range": 20.28812026977539,
  "loudness_range_short": 21.552629470825195,
  "peak": -3.1493330001831055,
  "rms": -26.81018829345703,
  "sample_rate": 44100,
  "sections": 1,
  "seekable": 1,
  "sharpness": 2.7731010913848877,
  "space": -7.53502893447876
}