{
  "bands": [
    {
      "high_freq": 148.1999969482422,
      "loudness": -25.681682586669922,
      "loudness_range": 9.580827713012695,
      "mid_mean": -22.115842819213867,
      "mid_to_side_loudness": -17.49454116821289,
      "mid_to_side_loudness_range": 11.361564636230469,
      "side_mean": -39.70964050292969
    },
    {
      "high_freq": 392.3793640136719,
      "loudness": -25.578336715698242,
      "loudness_range": 7.012983322143555,
      "low_freq": 148.1999969482422,
      "mid_mean": -22.403589248657227,
      "mid_to_side_loudness": -9.758233070373535,
      "mid_to_side_loudness_range": 8.600523948669434,
      "side_mean": -32.187286376953125
    },
    {
      "high_freq": 794.6976318359375,
      "loudness": -27.332164764404297,
      "loudness_range": 13.92708969116211,
      "low_freq": 392.3793640136719,
      "mid_mean": -24.58841896057129,
      "mid_to_side_loudness": -7.196739196777344,
      "mid_to_side_loudness_range": 10.592435836791992,
      "side_mean": -31.814088821411133
    },
    {
      "high_freq": 1457.5709228515625,
      "loudness": -33.2143669128418,
      "loudness_range": 18.155881881713867,
      "low_freq": 794.6976318359375,
      "mid_mean": -30.591638565063477,
      "mid_to_side_loudness": -6.808200836181641,
      "mid_to_side_loudness_range": 11.934840202331543,
      "side_mean": -37.52924728393555
    },
    {
      "high_freq": 2549.74365234375,
      "loudness": -35.70134735107422,
      "loudness_range": 19.87679100036621,
      "low_freq": 1457.5709228515625,
      "mid_mean": -33.072349548339844,
      "mid_to_side_loudness": -6.725045204162598,
      "mid_to_side_loudness_range": 11.159886360168457,
      "side_mean": -39.83779525756836
    },
    {
      "high_freq": 4349.24462890625,
      "loudness": -37.101959228515625,
      "loudness_range": 15.98642349243164,
      "low_freq": 2549.74365234375,
      "mid_mean": -34.350067138671875,
      "mid_to_side_loudness": -7.117402076721191,
      "mid_to_side_loudness_range": 9.31836223602295,
      "side_mean": -41.4760856628418
    },
    {
      "high_freq": 7314.1640625,
      "loudness": -39.3717041015625,
      "loudness_range": 18.109222412109375,
      "low_freq": 4349.24462890625,
      "mid_mean": -36.40688705444336,
      "mid_to_side_loudness": -8.508627891540527,
      "mid_to_side_loudness_range": 10.405693054199219,
      "side_mean": -45.02021789550781
    },
    {
      "high_freq": 12199.2666015625,
      "loudness": -41.078311920166016,
      "loudness_range": 20.580825805664062,
      "low_freq": 7314.1640625,
      "mid_mean": -37.95335388183594,
      "mid_to_side_loudness": -9.607782363891602,
      "mid_to_side_loudness_range": 10.107173919677734,
      "side_mean": -47.684715270996094
    },
    {
      "loudness": -47.88243865966797,
      "loudness_range": 23.11562728881836,
      "low_freq": 12199.2666015625,
      "mid_mean": -44.99506759643555,
      "mid_to_side_loudness": -7.96232795715332,
      "mid_to_side_loudness_range": 10.59386157989502,
      "side_mean": -53.16638946533203
    }
  ],
  "bands_short": [
    {
      "high_freq": 148.1999969482422,
      "loudness": -27.342466354370117,
      "loudness_range": 10.913137435913086,
      "mid_mean": -23.766345977783203,
      "mid_to_side_loudness": -18.466827392578125,
      "mid_to_side_loudness_range": 14.814355850219727,
      "side_mean": -42.55215835571289
    },
    {
      "high_freq": 392.3793640136719,
      "loudness": -24.99165916442871,
      "loudness_range": 8.084178924560547,
      "low_freq": 148.1999969482422,
      "mid_mean": -21.782644271850586,
      "mid_to_side_loudness": -10.602448463439941,
      "mid_to_side_loudness_range": 10.977228164672852,
      "side_mean": -32.4205436706543
    },
    {
      "high_freq": 794.6976318359375,
      "loudness": -28.207487106323242,
      "loudness_range": 14.911720275878906,
      "low_freq": 392.3793640136719,
      "mid_mean": -25.64154815673828,
      "mid_to_side_loudness": -7.070899963378906,
      "mid_to_side_loudness_range": 13.336831092834473,
      "side_mean": -32.70170211791992
    },
    {
      "high_freq": 1457.5709228515625,
      "loudness": -32.13417434692383,
      "loudness_range": 17.73772621154785,
      "low_freq": 794.6976318359375,
      "mid_mean": -29.641891479492188,
      "mid_to_side_loudness": -6.678578853607178,
      "mid_to_side_loudness_range": 13.83458423614502,
      "side_mean": -36.45310974121094
    },
    {
      "high_freq": 2549.74365234375,
      "loudness": -36.524803161621094,
      "loudness_range": 21.269689559936523,
      "low_freq": 1457.5709228515625,
      "mid_mean": -34.126277923583984,
      "mid_to_side_loudness": -6.190178394317627,
      "mid_to_side_loudness_range": 13.222085952758789,
      "side_mean": -40.38874816894531
    },
    {
      "high_freq": 4349.24462890625,
      "loudness": -37.77992630004883,
      "loudness_range": 17.44510841369629,
      "low_freq": 2549.74365234375,
      "mid_mean": -35.175079345703125,
      "mid_to_side_loudness": -6.714193344116211,
      "mid_to_side_loudness_range": 11.594131469726562,
      "side_mean": -41.92893981933594
    },
    {
      "high_freq": 7314.1640625,
      "loudness": -40.504886627197266,
      "loudness_range": 20.369298934936523,
      "low_freq": 4349.24462890625,
      "mid_mean": -37.75843048095703,
      "mid_to_side_loudness": -7.645818710327148,
      "mid_to_side_loudness_range": 12.177868843078613,
      "side_mean": -45.53806686401367
    },
    {
      "high_freq": 12199.2666015625,
      "loudness": -42.876834869384766,
      "loudness_range": 24.712430953979492,
      "low_freq": 7314.1640625,
      "mid_mean": -40.04481506347656,
      "mid_to_side_loudness": -8.345337867736816,
      "mid_to_side_loudness_range": 12.459023475646973,
      "side_mean": -48.52952194213867
    },
    {
      "loudness": -50.792396545410156,
      "loudness_range": 26.987346649169922,
      "low_freq": 12199.2666015625,
      "mid_mean": -48.27520751953125,
      "mid_to_side_loudness": -6.036736965179443,
      "mid_to_side_loudness_range": 11.786579132080078,
      "side_mean": -54.39808654785156
    }
  ],
  "channels": 2,
  "covariance": [
    [
      17.524137496948242,
      11.214383125305176,
      3.7207326889038086,
      5.665781021118164,
      3.8309972286224365,
      4.179845333099365,
      3.98178768157959,
      4.313673496246338,
      4.966663837432861,
      4.072960376739502,
      5.8672566413879395,
      5.144166946411133,
      4.194836139678955,
      4.0315752029418945,
      3.465827465057373,
      4.069146633148193,
      9.782392501831055,
      6.3438825607299805
    ],
    [
      11.214383125305176,
      20.34358787536621,
      3.0565757751464844,
      6.9783854484558105,
      2.5141830444335938,
      3.6625893115997314,
      3.5499532222747803,
      3.3191683292388916,
      6.461702346801758,
      4.873001575469971,
      6.3725128173828125,
      5.592677593231201,
      5.274877071380615,
      4.142122268676758,
      5.972536563873291,
      4.997183799743652,
      9.443882942199707,
      5.935024738311768
    ],
    [
      3.7207326889038086,
      3.0565757751464844,
      8.717049598693848,
      5.760462284088135,
      4.040008068084717,
      3.2153995037078857,
      4.030270576477051,
      3.6999435424804688,
      5.830715656280518,
      5.043004512786865,
      6.270531177520752,
      4.592260837554932,
      4.628990173339844,
      3.729490280151367,
      3.6801328659057617,
      3.9500904083251953,
      6.89457368850708,
      4.5496344566345215
    ],
    [
      5.665781021118164,
      6.9783854484558105,
      5.760462284088135,
      12.232601165771484,
      2.87601637840271,
      3.6701700687408447,
      3.92423677444458,
      3.934425115585327,
      7.264380931854248,
      6.583138465881348,
      7.510817050933838,
      6.588050842285156,
      6.719326972961426,
      5.623186111450195,
      6.437252044677734,
      6.107676982879639,
      10.444046020507812,
      6.606815338134766
    ],
    [
      3.8309972286224365,
      2.5141830444335938,
      4.040008068084717,
      2.87601637840271,
      26.380462646484375,
      11.720477104187012,
      23.02252769470215,
      11.645781517028809,
      19.43224334716797,
      12.082980155944824,
      14.839896202087402,
      7.243753910064697,
      9.240506172180176,
      4.615671157836914,
      8.759820938110352,
      4.121009826660156,
      8.318085670471191,
      5.248852729797363
    ],
    [
      4.179845333099365,
      3.6625893115997314,
      3.2153995037078857,
      3.6701700687408447,
      11.720477104187012,
      12.191844940185547,
      11.172213554382324,
      9.926410675048828,
      10.341404914855957,
      9.474405288696289,
      7.767594337463379,
      6.3713274002075195,
      6.130390644073486,
      5.134652137756348,
      5.173724174499512,
      4.2300705909729,
      6.773720741271973,
      4.616857528686523
    ],
    [
      3.98178768157959,
      3.5499532222747803,
      4.030270576477051,
      3.92423677444458,
      23.02252769470215,
      11.172213554382324,
      44.56114959716797,
      24.203319549560547,
      30.746305465698242,
      19.882871627807617,
      23.761098861694336,
      14.233782768249512,
      19.630950927734375,
      12.301156997680664,
      17.736413955688477,
      11.476597785949707,
      10.72902774810791,
      6.8623881340026855
    ],
    [
      4.313673496246338,
      3.3191683292388916,
      3.6999435424804688,
      3.934425115585327,
      11.645781517028809,
      9.926410675048828,
      24.203319549560547,
      24.389047622680664,
      19.455114364624023,
      17.233352661132812,
      14.804408073425293,
      12.764185905456543,
      12.815633773803711,
      11.569113731384277,
      10.990704536437988,
      9.592660903930664,
      8.355769157409668,
      5.76458215713501
    ],
    [
      4.966663837432861,
      6.461702346801758,
      5.830715656280518,
      7.264380931854248,
      19.43224334716797,
      10.341404914855957,
      30.746305465698242,
      19.455114364624023,
      52.06390380859375,
      34.682151794433594,
      34.45496368408203,
      22.437606811523438,
      26.298168182373047,
      17.793025970458984,
      26.828655242919922,
      18.984216690063477,
      20.44060707092285,
      12.492042541503906
    ],
    [
      4.072960376739502,
      4.873001575469971,
      5.043004512786865,
      6.583138465881348,
      12.082980155944824,
      9.474405288696289,
      19.882871627807617,
      17.233352661132812,
      34.682151794433594,
      33.5206413269043,
      23.913000106811523,
      21.372262954711914,
      20.83733558654785,
      17.74827766418457,
      20.691423416137695,
      16.980018615722656,
      19.85991096496582,
      12.89323616027832
    ],
    [
      5.8672566413879395,
      6.3725128173828125,
      6.270531177520752,
      7.510817050933838,
      14.839896202087402,
      7.767594337463379,
      23.761098861694336,
      14.804408073425293,
      34.45496368408203,
      23.913000106811523,
      34.732173919677734,
      22.0916805267334,
      28.31011199951172,
      19.469646453857422,
      27.328290939331055,
      20.833091735839844,
      20.89153480529785,
      12.80605697631836
    ],
    [
      5.144166946411133,
      5.592677593231201,
      4.592260837554932,
      6.588050842285156,
      7.243753910064697,
      6.3713274002075195,
      14.233782768249512,
      12.764185905456543,
      22.437606811523438,
      21.372262954711914,
      22.0916805267334,
      20.91105842590332,
      19.808124542236328,
      17.99916648864746,
      18.9407901763916,
      17.232275009155273,
      18.13224983215332,
      11.742776870727539
    ],
    [
      4.194836139678955,
      5.274877071380615,
      4.628990173339844,
      6.719326972961426,
      9.240506172180176,
      6.130390644073486,
      19.630950927734375,
      12.815633773803711,
      26.298168182373047,
      20.83733558654785,
      28.31011199951172,
      19.808124542236328,
      44.60342788696289,
      27.261430740356445,
      43.521480560302734,
      29.609529495239258,
      35.76094055175781,
      20.7020206451416
    ],
    [
      4.0315752029418945,
      4.142122268676758,
      3.729490280151367,
      5.623186111450195,
      4.615671157836914,
      5.134652137756348,
      12.301156997680664,
      11.569113731384277,
      17.793025970458984,
      17.74827766418457,
      19.469646453857422,
      17.99916648864746,
      27.261430740356445,
      23.986581802368164,
      25.55937957763672,
      22.602813720703125,
      23.08531379699707,
      14.858101844787598
    ],
    [
      3.465827465057373,
      5.972536563873291,
      3.6801328659057617,
      6.437252044677734,
      8.759820938110352,
      5.173724174499512,
      17.736413955688477,
      10.990704536437988,
      26.828655242919922,
      20.691423416137695,
      27.328290939331055,
      18.9407901763916,
      43.521480560302734,
      25.55937957763672,
      55.52494812011719,
      36.86487579345703,
      46.88479232788086,
      27.247966766357422
    ],
    [
      4.069146633148193,
      4.997183799743652,
      3.9500904083251953,
      6.107676982879639,
      4.121009826660156,
      4.2300705909729,
      11.476597785949707,
      9.592660903930664,
      18.984216690063477,
      16.980018615722656,
      20.833091735839844,
      17.232275009155273,
      29.609529495239258,
      22.602813720703125,
      36.86487579345703,
      31.774686813354492,
      33.18973159790039,
      21.917171478271484
    ],
    [
      9.782392501831055,
      9.443882942199707,
      6.89457368850708,
      10.444046020507812,
      8.318085670471191,
      6.773720741271973,
      10.72902774810791,
      8.355769157409668,
      20.44060707092285,
      19.85991096496582,
      20.89153480529785,
      18.13224983215332,
      35.76094055175781,
      23.08531379699707,
      46.88479232788086,
      33.18973159790039,
      71.22395324707031,
      42.32936096191406
    ],
    [
      6.3438825607299805,
      5.935024738311768,
      4.5496344566345215,
      6.606815338134766,
      5.248852729797363,
      4.616857528686523,
      6.8623881340026855,
      5.76458215713501,
      12.492042541503906,
      12.89323616027832,
      12.80605697631836,
      11.742776870727539,
      20.7020206451416,
      14.858101844787598,
      27.247966766357422,
      21.917171478271484,
      42.32936096191406,
      33.36472702026367
    ]
  ],
  "covariance_short": [
    [
      23.119792938232422,
      12.065512657165527,
      4.891886234283447,
      4.476696491241455,
      2.183311939239502,
      2.513521909713745,
      3.6578993797302246,
      4.138859272003174,
      2.7216012477874756,
      2.660161256790161,
      3.880519390106201,
      3.6169497966766357,
      2.7048652172088623,
      2.8215560913085938,
      2.123251438140869,
      3.382826089859009,
      6.701037883758545,
      4.808992385864258
    ],
    [
      12.065512657165527,
      28.168743133544922,
      4.764923095703125,
      7.177889347076416,
      2.3104748725891113,
      3.4043304920196533,
      3.3111565113067627,
      3.644608974456787,
      5.551640510559082,
      5.182190418243408,
      6.264707565307617,
      5.404472351074219,
      4.445035457611084,
      3.489027738571167,
      5.86877965927124,
      5.252204418182373,
      8.21464729309082,
      5.548960208892822
    ],
    [
      4.891886234283447,
      4.764923095703125,
      11.096996307373047,
      6.247981548309326,
      5.130372524261475,
      3.9868106842041016,
      4.016133785247803,
      4.213301658630371,
      6.120576858520508,
      5.765792369842529,
      6.483776092529297,
      5.291266441345215,
      4.954987049102783,
      4.1181769371032715,
      4.385705947875977,
      4.609495162963867,
      6.543138027191162,
      4.7680230140686035
    ],
    [
      4.476696491241455,
      7.177889347076416,
      6.247981548309326,
      16.08032989501953,
      3.1264736652374268,
      4.254741191864014,
      3.3830769062042236,
      3.88154935836792,
      7.079098701477051,
      7.10512638092041,
      7.147820949554443,
      7.197246074676514,
      6.2323737144470215,
      6.31808614730835,
      6.095842361450195,
      7.069431304931641,
      7.948009967803955,
      6.270691394805908
    ],
    [
      2.183311939239502,
      2.3104748725891113,
      5.130372524261475,
      3.1264736652374268,
      30.566558837890625,
      11.217453002929688,
      21.393047332763672,
      10.272608757019043,
      20.899234771728516,
      12.946454048156738,
      17.435361862182617,
      8.661672592163086,
      11.992751121520996,
      6.639337539672852,
      11.295284271240234,
      6.26718807220459,
      9.555024147033691,
      6.4232563972473145
    ],
    [
      2.513521909713745,
      3.4043304920196533,
      3.9868106842041016,
      4.254741191864014,
      11.217453002929688,
      15.368094444274902,
      10.783849716186523,
      10.070992469787598,
      10.164815902709961,
      9.954155921936035,
      8.297033309936523,
      7.227853775024414,
      6.569518089294434,
      6.231502532958984,
      6.462497711181641,
      5.503862380981445,
      6.954874038696289,
      5.394381999969482
    ],
    [
      3.6578993797302246,
      3.3111565113067627,
      4.016133785247803,
      3.3830769062042236,
      21.393047332763672,
      10.783849716186523,
      43.648643493652344,
      22.990285873413086,
      26.846023559570312,
      17.710298538208008,
      22.2127628326416,
      12.879915237426758,
      18.728309631347656,
      11.513608932495117,
      17.16571807861328,
      10.166976928710938,
      9.422830581665039,
      5.98390531539917
    ],
    [
      4.138859272003174,
      3.644608974456787,
      4.213301658630371,
      3.88154935836792,
      10.272608757019043,
      10.070992469787598,
      22.990285873413086,
      28.882537841796875,
      16.31673240661621,
      16.01974105834961,
      12.962148666381836,
      12.012643814086914,
      12.019401550292969,
      10.979628562927246,
      10.361601829528809,
      8.779182434082031,
      7.785964488983154,
      5.740126609802246
    ],
    [
      2.7216012477874756,
      5.551640510559082,
      6.120576858520508,
      7.079098701477051,
      20.899234771728516,
      10.164815902709961,
      26.846023559570312,
      16.31673240661621,
      56.59865951538086,
      35.5936164855957,
      37.23849868774414,
      23.902175903320312,
      29.13316535949707,
      20.021081924438477,
      29.76137351989746,
      20.53313446044922,
      17.39357566833496,
      11.98464298248291
    ],
    [
      2.660161256790161,
      5.182190418243408,
      5.765792369842529,
      7.10512638092041,
      12.946454048156738,
      9.954155921936035,
      17.710298538208008,
      16.01974105834961,
      35.5936164855957,
      38.38472366333008,
      25.421110153198242,
      23.55659294128418,
      21.681217193603516,
      20.0341854095459,
      21.854337692260742,
      19.02495765686035,
      17.140899658203125,
      12.999225616455078
    ],
    [
      3.880519390106201,
      6.264707565307617,
      6.483776092529297,
      7.147820949554443,
      17.435361862182617,
      8.297033309936523,
      22.2127628326416,
      12.962148666381836,
      37.23849868774414,
      25.421110153198242,
      40.96152114868164,
      24.072288513183594,
      33.18402862548828,
      22.124393463134766,
      33.03448486328125,
      23.38121795654297,
      20.762426376342773,
      13.713003158569336
    ],
    [
      3.6169497966766357,
      5.404472351074219,
      5.291266441345215,
      7.197246074676514,
      8.661672592163086,
      7.227853775024414,
      12.879915237426758,
      12.012643814086914,
      23.902175903320312,
      23.55659294128418,
      24.072288513183594,
      24.9390926361084,
      21.77988624572754,
      20.874359130859375,
      21.538543701171875,
      19.937158584594727,
      16.861299514770508,
      12.74555492401123
    ],
    [
      2.7048652172088623,
      4.445035457611084,
      4.954987049102783,
      6.2323737144470215,
      11.992751121520996,
      6.569518089294434,
      18.728309631347656,
      12.019401550292969,
      29.13316535949707,
      21.681217193603516,
      33.18402862548828,
      21.77988624572754,
      54.09174728393555,
      31.3664608001709,
      55.327964782714844,
      35.30550765991211,
      40.66880798339844,
      24.487293243408203
    ],
    [
      2.8215560913085938,
      3.489027738571167,
      4.1181769371032715,
      6.31808614730835,
      6.639337539672852,
      6.231502532958984,
      11.513608932495117,
      10.979628562927246,
      20.021081924438477,
      20.0341854095459,
      22.124393463134766,
      20.874359130859375,
      31.3664608001709,
      29.33283233642578,
      31.124902725219727,
      27.8383731842041,
      24.223739624023438,
      17.95035743713379
    ],
    [
      2.123251438140869,
      5.86877965927124,
      4.385705947875977,
      6.095842361450195,
      11.295284271240234,
      6.462497711181641,
      17.16571807861328,
      10.361601829528809,
      29.76137351989746,
      21.854337692260742,
      33.03448486328125,
      21.538543701171875,
      55.327964782714844,
      31.124902725219727,
      75.76464080810547,
      47.10853576660156,
      57.78828430175781,
      34.550174713134766
    ],
    [
      3.382826089859009,
      5.252204418182373,
      4.609495162963867,
      7.069431304931641,
      6.26718807220459,
      5.503862380981445,
      10.166976928710938,
      8.779182434082031,
      20.53313446044922,
      19.02495765686035,
      23.38121795654297,
      19.937158584594727,
      35.30550765991211,
      27.8383731842041,
      47.10853576660156,
      41.168128967285156,
      38.571075439453125,
      28.2447509765625
    ],
    [
      6.701037883758545,
      8.21464729309082,
      6.543138027191162,
      7.948009967803955,
      9.555024147033691,
      6.954874038696289,
      9.422830581665039,
      7.785964488983154,
      17.39357566833496,
      17.140899658203125,
      20.762426376342773,
      16.861299514770508,
      40.66880798339844,
      24.223739624023438,
      57.78828430175781,
      38.571075439453125,
      77.61384582519531,
      48.549320220947266
    ],
    [
      4.808992385864258,
      5.548960208892822,
      4.7680230140686035,
      6.270691394805908,
      6.4232563972473145,
      5.394381999969482,
      5.98390531539917,
      5.740126609802246,
      11.98464298248291,
      12.999225616455078,
      13.713003158569336,
      12.74555492401123,
      24.487293243408203,
      17.95035743713379,
      34.550174713134766,
      28.2447509765625,
      48.549320220947266,
      40.26709747314453
    ]
  ],
  "drr": 11.63093090057373,
  "dynamics": 2.6825549602508545,
  "format": 1245190,
  "frames": 9539584,
  "loudness": -16.30533790588379,
  "loudness_range": 7.277758598327637,
  "loudness_range_short": 8.718677520751953,
  "peak": -0.04318036884069443,
  "rms": -17.866514205932617,
  "sample_rate": 44100,
  "sections": 1,
  "seekable": 1,
  "sharpness": 1.7123678922653198,
  "space": -10.27853012084961
}