{
  "bands": [
    {
      "high_freq": 148.1999969482422,
      "loudness": -33.193965911865234,
      "loudness_range": 15.322601318359375,
      "mid_mean": -29.718772888183594,
      "mid_to_side_loudness": -17.3339900970459,
      "mid_to_side_loudness_range": 21.901321411132812,
      "side_mean": -50.089576721191406
    },
    {
      "high_freq": 392.3793640136719,
      "loudness": -31.82180404663086,
      "loudness_range": 14.184223175048828,
      "low_freq": 148.1999969482422,
      "mid_mean": -28.612350463867188,
      "mid_to_side_loudness": -12.725927352905273,
      "mid_to_side_loudness_range": 19.2640380859375,
      "side_mean": -42.224605560302734
    },
    {
      "high_freq": 794.6976318359375,
      "loudness": -33.586212158203125,
      "loudness_range": 21.981307983398438,
      "low_freq": 392.3793640136719,
      "mid_mean": -31.616600036621094,
      "mid_to_side_loudness": -8.195813179016113,
      "mid_to_side_loudness_range": 23.540184020996094,
      "side_mean": -40.97978210449219
    },
    {
      "high_freq": 1457.5709228515625,
      "loudness": -35.80063247680664,
      "loudness_range": 26.08258628845215,
      "low_freq": 794.6976318359375,
      "mid_mean": -33.6461067199707,
      "mid_to_side_loudness": -8.464947700500488,
      "mid_to_side_loudness_range": 22.165529251098633,
      "side_mean": -43.605499267578125
    },
    {
      "high_freq": 2549.74365234375,
      "loudness": -38.199241638183594,
      "loudness_range": 30.24636459350586,
      "low_freq": 1457.5709228515625,
      "mid_mean": -36.14058303833008,
      "mid_to_side_loudness": -6.718005657196045,
      "mid_to_side_loudness_range": 19.125349044799805,
      "side_mean": -43.290157318115234
    },
    {
      "high_freq": 4349.24462890625,
      "loudness": -39.60466384887695,
      "loudness_range": 24.139726638793945,
      "low_freq": 2549.74365234375,
      "mid_mean": -37.65150833129883,
      "mid_to_side_loudness": -5.278085231781006,
      "mid_to_side_loudness_range": 15.60429573059082,
      "side_mean": -42.975460052490234
    },
    {
      "high_freq": 7314.1640625,
      "loudness": -42.93110275268555,
      "loudness_range": 22.726993560791016,
      "low_freq": 4349.24462890625,
      "mid_mean": -41.33964920043945,
      "mid_to_side_loudness": -3.2526228427886963,
      "mid_to_side_loudness_range": 9.360092163085938,
      "side_mean": -44.48875045776367
    },
    {
      "high_freq": 12199.2666015625,
      "loudness": -46.0563850402832,
      "loudness_range": 24.13542938232422,
      "low_freq": 7314.1640625,
      "mid_mean": -44.749656677246094,
      "mid_to_side_loudness": -1.700164794921875,
      "mid_to_side_loudness_range": 4.1030168533325195,
      "side_mean": -46.43229675292969
    },
    {
      "loudness": -54.336177825927734,
      "loudness_range": 26.363067626953125,
      "low_freq": 12199.2666015625,
      "mid_mean": -53.48142623901367,
      "mid_to_side_loudness": -1.4773058891296387,
      "mid_to_side_loudness_range": 3.3026480674743652,
      "side_mean": -54.69618225097656
    }
  ],
  "bands_short": [
    {
      "high_freq": 148.1999969482422,
      "loudness": -37.21995544433594,
      "loudness_range": 22.60811996459961,
      "mid_mean": -34.01121139526367,
      "mid_to_side_loudness": -17.363847732543945,
      "mid_to_side_loudness_range": 24.699447631835938,
      "side_mean": -53.85396957397461
    },
    {
      "high_freq": 392.3793640136719,
      "loudness": -31.626829147338867,
      "loudness_range": 15.734415054321289,
      "low_freq": 148.1999969482422,
      "mid_mean": -28.435333251953125,
      "mid_to_side_loudness": -13.487165451049805,
      "mid_to_side_loudness_range": 21.454633712768555,
      "side_mean": -43.226505279541016
    },
    {
      "high_freq": 794.6976318359375,
      "loudness": -34.991817474365234,
      "loudness_range": 25.180879592895508,
      "low_freq": 392.3793640136719,
      "mid_mean": -33.064754486083984,
      "mid_to_side_loudness": -8.017167091369629,
      "mid_to_side_loudness_range": 24.41538429260254,
      "side_mean": -42.8254280090332
    },
    {
      "high_freq": 1457.5709228515625,
      "loudness": -37.06352615356445,
      "loudness_range": 29.383697509765625,
      "low_freq": 794.6976318359375,
      "mid_mean": -35.139495849609375,
      "mid_to_side_loudness": -7.55895471572876,
      "mid_to_side_loudness_range": 22.751916885375977,
      "side_mean": -44.804473876953125
    },
    {
      "high_freq": 2549.74365234375,
      "loudness": -40.22938537597656,
      "loudness_range": 33.25152587890625,
      "low_freq": 1457.5709228515625,
      "mid_mean": -38.464900970458984,
      "mid_to_side_loudness": -5.77778959274292,
      "mid_to_side_loudness_range": 19.812599182128906,
      "side_mean": -44.79324722290039
    },
    {
      "high_freq": 4349.24462890625,
      "loudness": -41.16838836669922,
      "loudness_range": 26.934240341186523,
      "low_freq": 2549.74365234375,
      "mid_mean": -39.416175842285156,
      "mid_to_side_loudness": -4.574374675750732,
      "mid_to_side_loudness_range": 15.838785171508789,
      "side_mean": -44.03776168823242
    },
    {
      "high_freq": 7314.1640625,
      "loudness": -44.28982162475586,
      "loudness_range": 25.10830307006836,
      "low_freq": 4349.24462890625,
      "mid_mean": -42.804664611816406,
      "mid_to_side_loudness": -2.9718754291534424,
      "mid_to_side_loudness_range": 9.881087303161621,
      "side_mean": -45.70990753173828
    },
    {
      "high_freq": 12199.2666015625,
      "loudness": -47.67235565185547,
      "loudness_range": 26.594005584716797,
      "low_freq": 7314.1640625,
      "mid_mean": -46.460350036621094,
      "mid_to_side_loudness": -1.793955683708191,
      "mid_to_side_loudness_range": 5.137516021728516,
      "side_mean": -48.27918243408203
    },
    {
      "loudness": -57.41910934448242,
      "loudness_range": 28.53277587890625,
      "low_freq": 12199.2666015625,
      "mid_mean": -56.24767303466797,
      "mid_to_side_loudness": -1.8128111362457275,
      "mid_to_side_loudness_range": 4.975892066955566,
      "side_mean": -57.57305908203125
    }
  ],
  "channels": 2,
  "covariance": [
    [
      35.31499099731445,
      25.050844192504883,
      9.63492202758789,
      14.75125503540039,
      13.807784080505371,
      25.06614112854004,
      17.53049087524414,
      29.01951789855957,
      21.731246948242188,
      27.455707550048828,
      18.11640167236328,
      18.26719856262207,
      17.584936141967773,
      15.934832572937012,
      20.429302215576172,
      20.786481857299805,
      21.412057876586914,
      21.46351432800293
    ],
    [
      25.050844192504883,
      73.01348114013672,
      12.536251068115234,
      31.013092041015625,
      24.144609451293945,
      64.97175598144531,
      27.284488677978516,
      67.96452331542969,
      51.88739776611328,
      61.35791778564453,
      35.81034851074219,
      35.283329010009766,
      31.686716079711914,
      28.967554092407227,
      33.95622634887695,
      32.8768310546875,
      43.12297058105469,
      41.71146774291992
    ],
    [
      9.63492202758789,
      12.536251068115234,
      35.482505798339844,
      26.117206573486328,
      30.258026123046875,
      23.700639724731445,
      30.305561065673828,
      26.035367965698242,
      34.93352508544922,
      20.993749618530273,
      29.751094818115234,
      15.051407814025879,
      21.744226455688477,
      14.016063690185547,
      19.496017456054688,
      17.62928581237793,
      19.68805503845215,
      18.202062606811523
    ],
    [
      14.75125503540039,
      31.013092041015625,
      26.117206573486328,
      51.417903900146484,
      36.125370025634766,
      61.69257736206055,
      36.97037124633789,
      59.87270736694336,
      50.11674118041992,
      55.538814544677734,
      36.960758209228516,
      34.73478317260742,
      32.4910774230957,
      29.475461959838867,
      34.869510650634766,
      34.7443733215332,
      36.775909423828125,
      36.814674377441406
    ],
    [
      13.807784080505371,
      24.144609451293945,
      30.258026123046875,
      36.125370025634766,
      59.41788864135742,
      62.991397857666016,
      55.119964599609375,
      60.2371826171875,
      65.66082000732422,
      57.41877746582031,
      50.71352005004883,
      36.97165298461914,
      40.892662048339844,
      29.783885955810547,
      38.678897857666016,
      34.9046630859375,
      36.689056396484375,
      34.619903564453125
    ],
    [
      25.06614112854004,
      64.97175598144531,
      23.700639724731445,
      61.69257736206055,
      62.991397857666016,
      157.95603942871094,
      63.59587478637695,
      141.07911682128906,
      96.44634246826172,
      126.81519317626953,
      62.703590393066406,
      73.6357650756836,
      56.845664978027344,
      56.806373596191406,
      63.598670959472656,
      63.53295135498047,
      68.42623138427734,
      68.78931427001953
    ],
    [
      17.53049087524414,
      27.284488677978516,
      30.305561065673828,
      36.97037124633789,
      55.119964599609375,
      63.59587478637695,
      80.49411010742188,
      74.17119598388672,
      80.66825103759766,
      67.32506561279297,
      65.28604888916016,
      44.58110809326172,
      53.55891036987305,
      36.97442626953125,
      50.084556579589844,
      43.45475387573242,
      46.354427337646484,
      42.757049560546875
    ],
    [
      29.01951789855957,
      67.96452331542969,
      26.035367965698242,
      59.87270736694336,
      60.2371826171875,
      141.07911682128906,
      74.17119598388672,
      153.9224395751953,
      100.39273834228516,
      125.98858642578125,
      68.24989318847656,
      73.33522033691406,
      60.15663528442383,
      56.67578125,
      66.13358306884766,
      64.59044647216797,
      69.88566589355469,
      69.36471557617188
    ],
    [
      21.731246948242188,
      51.88739776611328,
      34.93352508544922,
      50.11674118041992,
      65.66082000732422,
      96.44634246826172,
      80.66825103759766,
      100.39273834228516,
      114.78594207763672,
      93.62764739990234,
      84.98808288574219,
      58.642452239990234,
      67.86878967285156,
      47.928287506103516,
      63.28269958496094,
      55.03253173828125,
      61.68653869628906,
      57.241180419921875
    ],
    [
      27.455707550048828,
      61.35791778564453,
      20.993749618530273,
      55.538814544677734,
      57.41877746582031,
      126.81519317626953,
      67.32506561279297,
      125.98858642578125,
      93.62764739990234,
      124.2009506225586,
      65.38875579833984,
      73.005126953125,
      58.519004821777344,
      56.5242919921875,
      62.98568344116211,
      62.176761627197266,
      64.34278106689453,
      64.66617584228516
    ],
    [
      18.11640167236328,
      35.81034851074219,
      29.751094818115234,
      36.960758209228516,
      50.71352005004883,
      62.703590393066406,
      65.28604888916016,
      68.24989318847656,
      84.98808288574219,
      65.38875579833984,
      76.67292785644531,
      48.497901916503906,
      60.4952507019043,
      41.62709045410156,
      52.668949127197266,
      44.73685073852539,
      48.71274185180664,
      44.235496520996094
    ],
    [
      18.26719856262207,
      35.283329010009766,
      15.051407814025879,
      34.73478317260742,
      36.97165298461914,
      73.6357650756836,
      44.58110809326172,
      73.33522033691406,
      58.642452239990234,
      73.005126953125,
      48.497901916503906,
      54.27861022949219,
      44.6900520324707,
      44.11488342285156,
      43.58911895751953,
      43.46232986450195,
      41.84511184692383,
      42.28693389892578
    ],
    [
      17.584936141967773,
      31.686716079711914,
      21.744226455688477,
      32.4910774230957,
      40.892662048339844,
      56.845664978027344,
      53.55891036987305,
      60.15663528442383,
      67.86878967285156,
      58.519004821777344,
      60.4952507019043,
      44.6900520324707,
      60.74278259277344,
      45.157371520996094,
      55.57309341430664,
      48.46288299560547,
      51.7032470703125,
      47.29610061645508
    ],
    [
      15.934832572937012,
      28.967554092407227,
      14.016063690185547,
      29.475461959838867,
      29.783885955810547,
      56.806373596191406,
      36.97442626953125,
      56.67578125,
      47.928287506103516,
      56.5242919921875,
      41.62709045410156,
      44.11488342285156,
      45.157371520996094,
      45.85783004760742,
      44.6055908203125,
      44.71608352661133,
      42.09415054321289,
      42.256874084472656
    ],
    [
      20.429302215576172,
      33.95622634887695,
      19.496017456054688,
      34.869510650634766,
      38.678897857666016,
      63.598670959472656,
      50.084556579589844,
      66.13358306884766,
      63.28269958496094,
      62.98568344116211,
      52.668949127197266,
      43.58911895751953,
      55.57309341430664,
      44.6055908203125,
      64.56289672851562,
      59.196434020996094,
      64.53343200683594,
      61.1242790222168
    ],
    [
      20.786481857299805,
      32.8768310546875,
      17.62928581237793,
      34.7443733215332,
      34.9046630859375,
      63.53295135498047,
      43.45475387573242,
      64.59044647216797,
      55.03253173828125,
      62.176761627197266,
      44.73685073852539,
      43.46232986450195,
      48.46288299560547,
      44.71608352661133,
      59.196434020996094,
      59.15403747558594,
      60.355674743652344,
      60.303123474121094
    ],
    [
      21.412057876586914,
      43.12297058105469,
      19.68805503845215,
      36.775909423828125,
      36.689056396484375,
      68.42623138427734,
      46.354427337646484,
      69.88566589355469,
      61.68653869628906,
      64.34278106689453,
      48.71274185180664,
      41.84511184692383,
      51.7032470703125,
      42.09415054321289,
      64.53343200683594,
      60.355674743652344,
      77.72418975830078,
      74.14152526855469
    ],
    [
      21.46351432800293,
      41.71146774291992,
      18.202062606811523,
      36.814674377441406,
      34.619903564453125,
      68.78931427001953,
      42.757049560546875,
      69.36471557617188,
      57.241180419921875,
      64.66617584228516,
      44.235496520996094,
      42.28693389892578,
      47.29610061645508,
      42.256874084472656,
      61.1242790222168,
      60.303123474121094,
      74.14152526855469,
      73.30323028564453
    ]
  ],
  "covariance_short": [
    [
      77.20793914794922,
      38.82163619995117,
      16.608482360839844,
      17.44813346862793,
      19.675464630126953,
      29.92438316345215,
      22.28023910522461,
      34.790489196777344,
      32.051055908203125,
      34.9465217590332,
      25.325206756591797,
      24.7102108001709,
      23.433008193969727,
      23.259328842163086,
      27.3634090423584,
      29.727121353149414,
      24.37721824645996,
      24.883249282836914
    ],
    [
      38.82163619995117,
      71.0898666381836,
      12.902120590209961,
      28.925765991210938,
      24.06240463256836,
      57.11286163330078,
      28.204479217529297,
      62.28292465209961,
      48.363487243652344,
      56.02206039428711,
      34.80158233642578,
      35.60974884033203,
      31.455148696899414,
      30.63118553161621,
      33.901851654052734,
      34.60786819458008,
      34.42894744873047,
      33.82783126831055
    ],
    [
      16.608482360839844,
      12.902120590209961,
      43.133567810058594,
      24.17953872680664,
      35.087913513183594,
      26.85858917236328,
      35.298622131347656,
      30.000591278076172,
      38.332794189453125,
      24.28056526184082,
      31.12360382080078,
      17.80565071105957,
      23.38480567932129,
      16.465007781982422,
      22.25792694091797,
      21.251859664916992,
      18.303773880004883,
      16.585161209106445
    ],
    [
      17.44813346862793,
      28.925765991210938,
      24.17953872680664,
      52.19771194458008,
      34.38566589355469,
      54.853553771972656,
      36.758750915527344,
      54.60862731933594,
      48.164222717285156,
      49.94827651977539,
      36.663658142089844,
      33.147796630859375,
      31.053287506103516,
      28.657760620117188,
      32.252685546875,
      33.31488037109375,
      29.466886520385742,
      29.271312713623047
    ],
    [
      19.675464630126953,
      24.06240463256836,
      35.087913513183594,
      34.38566589355469,
      77.29368591308594,
      69.52735900878906,
      69.09123229980469,
      66.95016479492188,
      79.71282958984375,
      64.87992858886719,
      61.18890380859375,
      44.31758117675781,
      47.96698760986328,
      35.51963806152344,
      43.00078201293945,
      39.102230072021484,
      34.99826431274414,
      31.33672523498535
    ],
    [
      29.92438316345215,
      57.11286163330078,
      26.85858917236328,
      54.853553771972656,
      69.52735900878906,
      156.58616638183594,
      70.61518859863281,
      136.8345947265625,
      101.80741119384766,
      123.9764404296875,
      68.46725463867188,
      76.11700439453125,
      59.668663024902344,
      59.47686767578125,
      63.83872985839844,
      65.88213348388672,
      58.3677978515625,
      58.81694793701172
    ],
    [
      22.28023910522461,
      28.204479217529297,
      35.298622131347656,
      36.758750915527344,
      69.09123229980469,
      70.61518859863281,
      101.0113525390625,
      85.17797088623047,
      98.05371856689453,
      78.39450073242188,
      76.90679168701172,
      54.60054397583008,
      61.88055419921875,
      45.821617126464844,
      55.05662536621094,
      49.073116302490234,
      45.066131591796875,
      39.852935791015625
    ],
    [
      34.790489196777344,
      62.28292465209961,
      30.000591278076172,
      54.60862731933594,
      66.95016479492188,
      136.8345947265625,
      85.17797088623047,
      159.9776153564453,
      110.45733642578125,
      128.0436553955078,
      75.81918334960938,
      78.44770812988281,
      64.72382354736328,
      62.02653884887695,
      68.9144058227539,
      69.49049377441406,
      61.85923385620117,
      61.19758987426758
    ],
    [
      32.051055908203125,
      48.363487243652344,
      38.332794189453125,
      48.164222717285156,
      79.71282958984375,
      101.80741119384766,
      98.05371856689453,
      110.45733642578125,
      134.63963317871094,
      105.78636169433594,
      98.94634246826172,
      70.81278228759766,
      78.83289337158203,
      59.11054229736328,
      71.5919189453125,
      64.07970428466797,
      60.20311737060547,
      53.80616760253906
    ],
    [
      34.9465217590332,
      56.02206039428711,
      24.28056526184082,
      49.94827651977539,
      64.87992858886719,
      123.9764404296875,
      78.39450073242188,
      128.0436553955078,
      105.78636169433594,
      129.79417419433594,
      77.08121490478516,
      81.29771423339844,
      67.36973571777344,
      65.86231231689453,
      69.12206268310547,
      70.15238189697266,
      59.82402420043945,
      59.960853576660156
    ],
    [
      25.325206756591797,
      34.80158233642578,
      31.12360382080078,
      36.663658142089844,
      61.18890380859375,
      68.46725463867188,
      76.90679168701172,
      75.81918334960938,
      98.94634246826172,
      77.08121490478516,
      91.084228515625,
      61.88288879394531,
      73.25056457519531,
      54.525814056396484,
      63.974605560302734,
      56.55708694458008,
      51.824764251708984,
      45.34440612792969
    ],
    [
      24.7102108001709,
      35.60974884033203,
      17.80565071105957,
      33.147796630859375,
      44.31758117675781,
      76.11700439453125,
      54.60054397583008,
      78.44770812988281,
      70.81278228759766,
      81.29771423339844,
      61.88288879394531,
      66.2130355834961,
      55.97431182861328,
      56.033348083496094,
      53.84519577026367,
      55.50271224975586,
      45.034732818603516,
      45.37857437133789
    ],
    [
      23.433008193969727,
      31.455148696899414,
      23.38480567932129,
      31.053287506103516,
      47.96698760986328,
      59.668663024902344,
      61.88055419921875,
      64.72382354736328,
      78.83289337158203,
      67.36973571777344,
      73.25056457519531,
      55.97431182861328,
      74.9607925415039,
      59.696044921875,
      68.25495910644531,
      62.172149658203125,
      57.360652923583984,
      51.58057403564453
    ],
    [
      23.259328842163086,
      30.63118553161621,
      16.465007781982422,
      28.657760620117188,
      35.51963806152344,
      59.47686767578125,
      45.821617126464844,
      62.02653884887695,
      59.11054229736328,
      65.86231231689453,
      54.525814056396484,
      56.033348083496094,
      59.696044921875,
      62.18358612060547,
      58.85382843017578,
      61.222740173339844,
      49.95352554321289,
      50.45753860473633
    ],
    [
      27.3634090423584,
      33.901851654052734,
      22.25792694091797,
      32.252685546875,
      43.00078201293945,
      63.83872985839844,
      55.05662536621094,
      68.9144058227539,
      71.5919189453125,
      69.12206268310547,
      63.974605560302734,
      53.84519577026367,
      68.25495910644531,
      58.85382843017578,
      80.95756530761719,
      76.4185791015625,
      71.6011734008789,
      67.22285461425781
    ],
    [
      29.727121353149414,
      34.60786819458008,
      21.251859664916992,
      33.31488037109375,
      39.102230072021484,
      65.88213348388672,
      49.073116302490234,
      69.49049377441406,
      64.07970428466797,
      70.15238189697266,
      56.55708694458008,
      55.50271224975586,
      62.172149658203125,
      61.222740173339844,
      76.4185791015625,
      79.82733154296875,
      68.90808868408203,
      69.01771545410156
    ],
    [
      24.37721824645996,
      34.42894744873047,
      18.303773880004883,
      29.466886520385742,
      34.99826431274414,
      58.3677978515625,
      45.066131591796875,
      61.85923385620117,
      60.20311737060547,
      59.82402420043945,
      51.824764251708984,
      45.034732818603516,
      57.360652923583984,
      49.95352554321289,
      71.6011734008789,
      68.90808868408203,
      79.120849609375,
      75.14260864257812
    ],
    [
      24.883249282836914,
      33.82783126831055,
      16.585161209106445,
      29.271312713623047,
      31.33672523498535,
      58.81694793701172,
      39.852935791015625,
      61.19758987426758,
      53.80616760253906,
      59.960853576660156,
      45.34440612792969,
      45.37857437133789,
      51.58057403564453,
      50.45753860473633,
      67.22285461425781,
      69.01771545410156,
      75.14260864257812,
      75.28034210205078
    ]
  ],
  "drr": 12.653681755065918,
  "dynamics": 4.873844623565674,
  "format": 1245190,
  "frames": 13562816,
  "loudness": -20.92982292175293,
  "loudness_range": 19.488304138183594,
  "loudness_range_short": 21.95856475830078,
  "peak": -1.4486615657806396,
  "rms": -22.300397872924805,
  "sample_rate": 44100,
  "sections": 1,
  "seekable": 1,
  "sharpness": 3.4790117740631104,
  "space": -10.018426895141602
}