{
  "bands": [
    {
      "high_freq": 148.1999969482422,
      "loudness": -30.358795166015625,
      "loudness_range": 17.91046905517578,
      "mid_mean": -27.557729721069336,
      "mid_to_side_loudness": -8.400561332702637,
      "mid_to_side_loudness_range": 18.282846450805664,
      "side_mean": -36.68459701538086
    },
    {
      "high_freq": 392.3793640136719,
      "loudness": -25.727548599243164,
      "loudness_range": 11.824047088623047,
      "low_freq": 148.1999969482422,
      "mid_mean": -23.0957088470459,
      "mid_to_side_loudness": -6.007277488708496,
      "mid_to_side_loudness_range": 9.130998611450195,
      "side_mean": -29.326658248901367
    },
    {
      "high_freq": 794.6976318359375,
      "loudness": -29.544736862182617,
      "loudness_range": 16.89710235595703,
      "low_freq": 392.3793640136719,
      "mid_mean": -27.24717140197754,
      "mid_to_side_loudness": -5.280209064483643,
      "mid_to_side_loudness_range": 11.017496109008789,
      "side_mean": -32.63703918457031
    },
    {
      "high_freq": 1457.5709228515625,
      "loudness": -36.0703125,
      "loudness_range": 23.368030548095703,
      "low_freq": 794.6976318359375,
      "mid_mean": -34.2626953125,
      "mid_to_side_loudness": -3.7656521797180176,
      "mid_to_side_loudness_range": 12.06315803527832,
      "side_mean": -38.159751892089844
    },
    {
      "high_freq": 2549.74365234375,
      "loudness": -37.06471252441406,
      "loudness_range": 26.67010498046875,
      "low_freq": 1457.5709228515625,
      "mid_mean": -35.259788513183594,
      "mid_to_side_loudness": -3.6399118900299072,
      "mid_to_side_loudness_range": 11.714422225952148,
      "side_mean": -39.10681915283203
    },
    {
      "high_freq": 4349.24462890625,
      "loudness": -40.01044845581055,
      "loudness_range": 24.684497833251953,
      "low_freq": 2549.74365234375,
      "mid_mean": -37.76819610595703,
      "mid_to_side_loudness": -5.105064868927002,
      "mid_to_side_loudness_range": 11.072416305541992,
      "side_mean": -43.15800476074219
    },
    {
      "high_freq": 7314.1640625,
      "loudness": -40.69365310668945,
      "loudness_range": 19.787321090698242,
      "low_freq": 4349.24462890625,
      "mid_mean": -38.264801025390625,
      "mid_to_side_loudness": -5.4092116355896,
      "mid_to_side_loudness_range": 8.357415199279785,
      "side_mean": -43.89259338378906
    },
    {
      "high_freq": 12199.2666015625,
      "loudness": -41.91073226928711,
      "loudness_range": 21.244426727294922,
      "low_freq": 7314.1640625,
      "mid_mean": -40.11506271362305,
      "mid_to_side_loudness": -3.139261245727539,
      "mid_to_side_loudness_range": 5.402044296264648,
      "side_mean": -43.222755432128906
    },
    {
      "loudness": -45.749427795410156,
      "loudness_range": 23.55207061767578,
      "low_freq": 12199.2666015625,
      "mid_mean": -45.500579833984375,
      "mid_to_side_loudness": -0.9713038802146912,
      "mid_to_side_loudness_range": 2.9151599407196045,
      "side_mean": -46.427425384521484
    }
  ],
  "bands_short": [
    {
      "high_freq": 148.1999969482422,
      "loudness": -34.75292205810547,
      "loudness_range": 22.612226486206055,
      "mid_mean": -32.28017807006836,
      "mid_to_side_loudness": -7.677138805389404,
      "mid_to_side_loudness_range": 20.824264526367188,
      "side_mean": -40.78255844116211
    },
    {
      "high_freq": 392.3793640136719,
      "loudness": -25.68038558959961,
      "loudness_range": 13.808670043945312,
      "low_freq": 148.1999969482422,
      "mid_mean": -23.202558517456055,
      "mid_to_side_loudness": -5.807877540588379,
      "mid_to_side_loudness_range": 11.437564849853516,
      "side_mean": -29.23759651184082
    },
    {
      "high_freq": 794.6976318359375,
      "loudness": -29.7995548248291,
      "loudness_range": 17.610591888427734,
      "low_freq": 392.3793640136719,
      "mid_mean": -27.54450225830078,
      "mid_to_side_loudness": -5.3954548835754395,
      "mid_to_side_loudness_range": 12.939714431762695,
      "side_mean": -33.079071044921875
    },
    {
      "high_freq": 1457.5709228515625,
      "loudness": -36.53163528442383,
      "loudness_range": 24.568939208984375,
      "low_freq": 794.6976318359375,
      "mid_mean": -34.92388153076172,
      "mid_to_side_loudness": -3.3486878871917725,
      "mid_to_side_loudness_range": 13.357903480529785,
      "side_mean": -38.39555740356445
    },
    {
      "high_freq": 2549.74365234375,
      "loudness": -38.34321212768555,
      "loudness_range": 27.946361541748047,
      "low_freq": 1457.5709228515625,
      "mid_mean": -36.78248977661133,
      "mid_to_side_loudness": -3.1784207820892334,
      "mid_to_side_loudness_range": 12.936328887939453,
      "side_mean": -40.12933349609375
    },
    {
      "high_freq": 4349.24462890625,
      "loudness": -41.38545227050781,
      "loudness_range": 27.31092643737793,
      "low_freq": 2549.74365234375,
      "mid_mean": -39.54753494262695,
      "mid_to_side_loudness": -4.023204803466797,
      "mid_to_side_loudness_range": 12.824295997619629,
      "side_mean": -43.85614013671875
    },
    {
      "high_freq": 7314.1640625,
      "loudness": -44.08001708984375,
      "loudness_range": 27.23624610900879,
      "low_freq": 4349.24462890625,
      "mid_mean": -42.024269104003906,
      "mid_to_side_loudness": -4.684207916259766,
      "mid_to_side_loudness_range": 10.663540840148926,
      "side_mean": -47.07645797729492
    },
    {
      "high_freq": 12199.2666015625,
      "loudness": -46.14756774902344,
      "loudness_range": 30.631153106689453,
      "low_freq": 7314.1640625,
      "mid_mean": -44.91495132446289,
      "mid_to_side_loudness": -3.6233067512512207,
      "mid_to_side_loudness_range": 9.25975227355957,
      "side_mean": -49.189388275146484
    },
    {
      "loudness": -54.09848403930664,
      "loudness_range": 34.092262268066406,
      "low_freq": 12199.2666015625,
      "mid_mean": -52.43619918823242,
      "mid_to_side_loudness": -2.271763801574707,
      "mid_to_side_loudness_range": 6.602825164794922,
      "side_mean": -54.40646743774414
    }
  ],
  "channels": 2,
  "covariance": [
    [
      44.75718307495117,
      25.676837921142578,
      11.48233413696289,
      11.036565780639648,
      11.464681625366211,
      11.110350608825684,
      14.727764129638672,
      12.266007423400879,
      18.22726058959961,
      16.773637771606445,
      14.057376861572266,
      13.87419605255127,
      9.834044456481934,
      9.313849449157715,
      9.747515678405762,
      8.577011108398438,
      13.04391098022461,
      12.357488632202148
    ],
    [
      25.676837921142578,
      48.83374786376953,
      16.32015609741211,
      18.623292922973633,
      14.686396598815918,
      12.922746658325195,
      19.42403221130371,
      14.700756072998047,
      23.789592742919922,
      20.652490615844727,
      20.74464988708496,
      17.55770492553711,
      11.838597297668457,
      10.22083568572998,
      7.4322404861450195,
      5.845583438873291,
      13.76784610748291,
      11.800381660461426
    ],
    [
      11.48233413696289,
      16.32015609741211,
      22.542875289916992,
      17.47529411315918,
      13.326882362365723,
      11.129535675048828,
      16.24411964416504,
      12.340152740478516,
      21.417280197143555,
      17.36646270751953,
      18.989267349243164,
      15.563206672668457,
      11.372757911682129,
      9.442547798156738,
      8.754304885864258,
      7.137506008148193,
      14.64468765258789,
      13.705622673034668
    ],
    [
      11.036565780639648,
      18.623292922973633,
      17.47529411315918,
      22.56117820739746,
      12.894865989685059,
      12.613762855529785,
      17.79816436767578,
      15.6253080368042,
      23.3084716796875,
      21.080936431884766,
      19.41172218322754,
      18.178030014038086,
      12.578600883483887,
      11.390925407409668,
      10.127402305603027,
      8.196208953857422,
      13.375288963317871,
      12.105104446411133
    ],
    [
      11.464681625366211,
      14.686396598815918,
      13.326882362365723,
      12.894865989685059,
      40.536964416503906,
      27.02243995666504,
      39.66288375854492,
      28.749122619628906,
      38.66676330566406,
      28.58385467529297,
      35.85266876220703,
      29.408470153808594,
      19.29766082763672,
      14.948688507080078,
      17.233495712280273,
      12.948288917541504,
      16.03685760498047,
      14.069263458251953
    ],
    [
      11.110350608825684,
      12.922746658325195,
      11.129535675048828,
      12.613762855529785,
      27.02243995666504,
      29.58937644958496,
      28.836380004882812,
      27.5173397064209,
      30.671192169189453,
      28.704504013061523,
      25.902633666992188,
      27.956575393676758,
      14.814376831054688,
      14.454471588134766,
      15.463022232055664,
      13.425426483154297,
      14.308170318603516,
      13.219619750976562
    ],
    [
      14.727764129638672,
      19.42403221130371,
      16.24411964416504,
      17.79816436767578,
      39.66288375854492,
      28.836380004882812,
      68.53279113769531,
      47.2167854309082,
      53.21015167236328,
      40.5395622253418,
      50.9827766418457,
      41.23819351196289,
      29.830150604248047,
      23.333375930786133,
      26.880809783935547,
      20.072311401367188,
      24.793367385864258,
      22.29486846923828
    ],
    [
      12.266007423400879,
      14.700756072998047,
      12.340152740478516,
      15.6253080368042,
      28.749122619628906,
      27.5173397064209,
      47.2167854309082,
      45.2210807800293,
      38.564308166503906,
      36.513912200927734,
      35.366371154785156,
      36.63633346557617,
      22.367483139038086,
      21.844480514526367,
      22.882888793945312,
      19.644481658935547,
      21.199857711791992,
      20.165111541748047
    ],
    [
      18.22726058959961,
      23.789592742919922,
      21.417280197143555,
      23.3084716796875,
      38.66676330566406,
      30.671192169189453,
      53.21015167236328,
      38.564308166503906,
      80.4490966796875,
      56.725196838378906,
      66.14323425292969,
      52.79273986816406,
      37.05363845825195,
      28.218955993652344,
      31.226350784301758,
      22.181488037109375,
      27.006086349487305,
      23.365982055664062
    ],
    [
      16.773637771606445,
      20.652490615844727,
      17.36646270751953,
      21.080936431884766,
      28.58385467529297,
      28.704504013061523,
      40.5395622253418,
      36.513912200927734,
      56.725196838378906,
      52.05021667480469,
      46.206809997558594,
      44.76225662231445,
      28.36014175415039,
      25.799367904663086,
      26.9890079498291,
      21.733488082885742,
      24.157344818115234,
      22.03628158569336
    ],
    [
      14.057376861572266,
      20.74464988708496,
      18.989267349243164,
      19.41172218322754,
      35.85266876220703,
      25.902633666992188,
      50.9827766418457,
      35.366371154785156,
      66.14323425292969,
      46.206809997558594,
      73.83260345458984,
      54.000484466552734,
      46.627777099609375,
      35.06331253051758,
      40.401329040527344,
      30.87174415588379,
      35.48725891113281,
      33.027557373046875
    ],
    [
      13.87419605255127,
      17.55770492553711,
      15.563206672668457,
      18.178030014038086,
      29.408470153808594,
      27.956575393676758,
      41.23819351196289,
      36.63633346557617,
      52.79273986816406,
      44.76225662231445,
      54.000484466552734,
      53.114532470703125,
      37.29172134399414,
      33.86207580566406,
      35.9090576171875,
      30.335800170898438,
      32.31393051147461,
      30.954010009765625
    ],
    [
      9.834044456481934,
      11.838597297668457,
      11.372757911682129,
      12.578600883483887,
      19.29766082763672,
      14.814376831054688,
      29.830150604248047,
      22.367483139038086,
      37.05363845825195,
      28.36014175415039,
      46.627777099609375,
      37.29172134399414,
      53.66767501831055,
      43.07652282714844,
      51.29502868652344,
      45.218101501464844,
      49.41653823852539,
      48.77015686035156
    ],
    [
      9.313849449157715,
      10.22083568572998,
      9.442547798156738,
      11.390925407409668,
      14.948688507080078,
      14.454471588134766,
      23.333375930786133,
      21.844480514526367,
      28.218955993652344,
      25.799367904663086,
      35.06331253051758,
      33.86207580566406,
      43.07652282714844,
      43.95301818847656,
      44.9366455078125,
      43.600921630859375,
      46.306610107421875,
      46.888885498046875
    ],
    [
      9.747515678405762,
      7.4322404861450195,
      8.754304885864258,
      10.127402305603027,
      17.233495712280273,
      15.463022232055664,
      26.880809783935547,
      22.882888793945312,
      31.226350784301758,
      26.9890079498291,
      40.401329040527344,
      35.9090576171875,
      51.29502868652344,
      44.9366455078125,
      60.0958251953125,
      53.66743087768555,
      54.93257141113281,
      55.2215461730957
    ],
    [
      8.577011108398438,
      5.845583438873291,
      7.137506008148193,
      8.196208953857422,
      12.948288917541504,
      13.425426483154297,
      20.072311401367188,
      19.644481658935547,
      22.181488037109375,
      21.733488082885742,
      30.87174415588379,
      30.335800170898438,
      45.218101501464844,
      43.600921630859375,
      53.66743087768555,
      55.77812194824219,
      53.977413177490234,
      56.19689178466797
    ],
    [
      13.04391098022461,
      13.76784610748291,
      14.64468765258789,
      13.375288963317871,
      16.03685760498047,
      14.308170318603516,
      24.793367385864258,
      21.199857711791992,
      27.006086349487305,
      24.157344818115234,
      35.48725891113281,
      32.31393051147461,
      49.41653823852539,
      46.306610107421875,
      54.93257141113281,
      53.977413177490234,
      74.4339599609375,
      76.03536987304688
    ],
    [
      12.357488632202148,
      11.800381660461426,
      13.705622673034668,
      12.105104446411133,
      14.069263458251953,
      13.219619750976562,
      22.29486846923828,
      20.165111541748047,
      23.365982055664062,
      22.03628158569336,
      33.027557373046875,
      30.954010009765625,
      48.77015686035156,
      46.888885498046875,
      55.2215461730957,
      56.19689178466797,
      76.03536987304688,
      80.4110336303711
    ]
  ],
  "covariance_short": [
    [
      64.35120391845703,
      30.77359390258789,
      19.424057006835938,
      15.384671211242676,
      13.009973526000977,
      11.597635269165039,
      17.20256805419922,
      14.225934028625488,
      21.007505416870117,
      19.22165298461914,
      19.049551010131836,
      16.704830169677734,
      21.110431671142578,
      19.887104034423828,
      23.233610153198242,
      26.588117599487305,
      26.682661056518555,
      27.47098731994629
    ],
    [
      30.77359390258789,
      56.997772216796875,
      17.242876052856445,
      21.126869201660156,
      15.134773254394531,
      14.36013412475586,
      21.250442504882812,
      15.542875289916992,
      24.962133407592773,
      21.30643081665039,
      22.752086639404297,
      17.963680267333984,
      16.71898078918457,
      14.037853240966797,
      12.233782768249512,
      15.15780258178711,
      18.606792449951172,
      15.9712495803833
    ],
    [
      19.424057006835938,
      17.242876052856445,
      29.33131217956543,
      19.75943374633789,
      15.029335975646973,
      12.428681373596191,
      18.132213592529297,
      13.839089393615723,
      24.027299880981445,
      19.76534080505371,
      22.93463706970215,
      18.58709144592285,
      19.62352752685547,
      17.8298397064209,
      18.476266860961914,
      23.495079040527344,
      21.977937698364258,
      20.570362091064453
    ],
    [
      15.384671211242676,
      21.126869201660156,
      19.75943374633789,
      27.448278427124023,
      13.732523918151855,
      14.268491744995117,
      18.639118194580078,
      16.20252799987793,
      25.57949447631836,
      23.565488815307617,
      22.6336612701416,
      20.858396530151367,
      18.992860794067383,
      17.841537475585938,
      17.319381713867188,
      20.659507751464844,
      18.137619018554688,
      16.176280975341797
    ],
    [
      13.009973526000977,
      15.134773254394531,
      15.029335975646973,
      13.732523918151855,
      44.003074645996094,
      27.417774200439453,
      41.375343322753906,
      29.383258819580078,
      42.159576416015625,
      30.8122615814209,
      42.19896697998047,
      32.5942497253418,
      28.276287078857422,
      23.839126586914062,
      26.673200607299805,
      25.181617736816406,
      19.96120262145996,
      16.23579216003418
    ],
    [
      11.597635269165039,
      14.36013412475586,
      12.428681373596191,
      14.268491744995117,
      27.417774200439453,
      33.302093505859375,
      31.114627838134766,
      28.936317443847656,
      34.41976547241211,
      31.273101806640625,
      32.04644012451172,
      32.83469009399414,
      22.397808074951172,
      23.098237991333008,
      23.12334442138672,
      25.009445190429688,
      17.129426956176758,
      15.223567008972168
    ],
    [
      17.20256805419922,
      21.250442504882812,
      18.132213592529297,
      18.639118194580078,
      41.375343322753906,
      31.114627838134766,
      74.75121307373047,
      50.58126449584961,
      60.3387336730957,
      45.318180084228516,
      59.277034759521484,
      47.54054260253906,
      41.97245788574219,
      35.45302200317383,
      39.99036407470703,
      37.56997299194336,
      30.290760040283203,
      25.31216812133789
    ],
    [
      14.225934028625488,
      15.542875289916992,
      13.839089393615723,
      16.20252799987793,
      29.383258819580078,
      28.936317443847656,
      50.58126449584961,
      49.8362922668457,
      44.04218292236328,
      40.22224044799805,
      42.067813873291016,
      43.00032424926758,
      32.32455062866211,
      33.59748077392578,
      33.4870491027832,
      36.23201370239258,
      25.229429244995117,
      23.528486251831055
    ],
    [
      21.007505416870117,
      24.962133407592773,
      24.027299880981445,
      25.57949447631836,
      42.159576416015625,
      34.41976547241211,
      60.3387336730957,
      44.04218292236328,
      93.1227035522461,
      64.33516693115234,
      79.6369400024414,
      62.596893310546875,
      56.731361389160156,
      45.33761215209961,
      50.27423858642578,
      44.462162017822266,
      38.38153839111328,
      29.80521011352539
    ],
    [
      19.22165298461914,
      21.30643081665039,
      19.76534080505371,
      23.565488815307617,
      30.8122615814209,
      31.273101806640625,
      45.318180084228516,
      40.22224044799805,
      64.33516693115234,
      59.32884979248047,
      56.469459533691406,
      53.48500442504883,
      43.238868713378906,
      41.232025146484375,
      41.744712829589844,
      41.999874114990234,
      33.16083526611328,
      28.7899112701416
    ],
    [
      19.049551010131836,
      22.752086639404297,
      22.93463706970215,
      22.6336612701416,
      42.19896697998047,
      32.04644012451172,
      59.277034759521484,
      42.067813873291016,
      79.6369400024414,
      56.469459533691406,
      91.36231231689453,
      66.14283752441406,
      67.79209899902344,
      55.14137649536133,
      61.65034484863281,
      54.54953384399414,
      48.16582489013672,
      40.77562713623047
    ],
    [
      16.704830169677734,
      17.963680267333984,
      18.58709144592285,
      20.858396530151367,
      32.5942497253418,
      32.83469009399414,
      47.54054260253906,
      43.00032424926758,
      62.596893310546875,
      53.48500442504883,
      66.14283752441406,
      66.37712097167969,
      54.144432067871094,
      53.32524108886719,
      53.8504638671875,
      54.20097351074219,
      42.35850143432617,
      39.202144622802734
    ],
    [
      21.110431671142578,
      16.71898078918457,
      19.62352752685547,
      18.992860794067383,
      28.276287078857422,
      22.397808074951172,
      41.97245788574219,
      32.32455062866211,
      56.731361389160156,
      43.238868713378906,
      67.79209899902344,
      54.144432067871094,
      89.23176574707031,
      75.15634155273438,
      89.59451293945312,
      86.991455078125,
      80.6374740600586,
      77.35919189453125
    ],
    [
      19.887104034423828,
      14.037853240966797,
      17.8298397064209,
      17.841537475585938,
      23.839126586914062,
      23.098237991333008,
      35.45302200317383,
      33.59748077392578,
      45.33761215209961,
      41.232025146484375,
      55.14137649536133,
      53.32524108886719,
      75.15634155273438,
      80.73251342773438,
      83.22940063476562,
      91.80130004882812,
      78.10913848876953,
      80.0323486328125
    ],
    [
      23.233610153198242,
      12.233782768249512,
      18.476266860961914,
      17.319381713867188,
      26.673200607299805,
      23.12334442138672,
      39.99036407470703,
      33.4870491027832,
      50.27423858642578,
      41.744712829589844,
      61.65034484863281,
      53.8504638671875,
      89.59451293945312,
      83.22940063476562,
      111.91558074951172,
      108.10411071777344,
      98.82136535644531,
      98.54718780517578
    ],
    [
      26.588117599487305,
      15.15780258178711,
      23.495079040527344,
      20.659507751464844,
      25.181617736816406,
      25.009445190429688,
      37.56997299194336,
      36.23201370239258,
      44.462162017822266,
      41.999874114990234,
      54.54953384399414,
      54.20097351074219,
      86.991455078125,
      91.80130004882812,
      108.10411071777344,
      126.06230926513672,
      107.64512634277344,
      113.13697052001953
    ],
    [
      26.682661056518555,
      18.606792449951172,
      21.977937698364258,
      18.137619018554688,
      19.96120262145996,
      17.129426956176758,
      30.290760040283203,
      25.229429244995117,
      38.38153839111328,
      33.16083526611328,
      48.16582489013672,
      42.35850143432617,
      80.6374740600586,
      78.10913848876953,
      98.82136535644531,
      107.64512634277344,
      121.2921142578125,
      123.12459564208984
    ],
    [
      27.47098731994629,
      15.9712495803833,
      20.570362091064453,
      16.176280975341797,
      16.23579216003418,
      15.223567008972168,
      25.31216812133789,
      23.528486251831055,
      29.80521011352539,
      28.7899112701416,
      40.77562713623047,
      39.202144622802734,
      77.35919189453125,
      80.0323486328125,
      98.54718780517578,
      113.13697052001953,
      123.12459564208984,
      133.95640563964844
    ]
  ],
  "drr": 13.91887092590332,
  "dynamics": 4.130837440490723,
  "format": 1245190,
  "frames": 14903296,
  "loudness": -17.672624588012695,
  "loudness_range": 11.964632034301758,
  "loudness_range_short": 14.200396537780762,
  "peak": -1.9051852226257324,
  "rms": -18.672985076904297,
  "sample_rate": 44100,
  "sections": 1,
  "seekable": 1,
  "sharpness": 2.7768564224243164,
  "space": -6.1817474365234375
}