{
  "bands": [
    {
      "high_freq": 148.1999969482422,
      "loudness": -18.319461822509766,
      "loudness_range": 5.913726806640625,
      "mid_mean": -15.029983520507812,
      "mid_to_side_loudness": -11.16794490814209,
      "mid_to_side_loudness_range": 9.515565872192383,
      "side_mean": -26.213619232177734
    },
    {
      "high_freq": 392.3793640136719,
      "loudness": -18.929738998413086,
      "loudness_range": 4.449695587158203,
      "low_freq": 148.1999969482422,
      "mid_mean": -16.539209365844727,
      "mid_to_side_loudness": -4.8684563636779785,
      "mid_to_side_loudness_range": 5.692779064178467,
      "side_mean": -21.4307804107666
    },
    {
      "high_freq": 794.6976318359375,
      "loudness": -20.444316864013672,
      "loudness_range": 8.230531692504883,
      "low_freq": 392.3793640136719,
      "mid_mean": -17.831022262573242,
      "mid_to_side_loudness": -6.2130303382873535,
      "mid_to_side_loudness_range": 8.78615951538086,
      "side_mean": -24.05951499938965
    },
    {
      "high_freq": 1457.5709228515625,
      "loudness": -22.31344223022461,
      "loudness_range": 10.844961166381836,
      "low_freq": 794.6976318359375,
      "mid_mean": -19.50763702392578,
      "mid_to_side_loudness": -7.344993591308594,
      "mid_to_side_loudness_range": 10.978189468383789,
      "side_mean": -26.867847442626953
    },
    {
      "high_freq": 2549.74365234375,
      "loudness": -19.151735305786133,
      "loudness_range": 6.649147987365723,
      "low_freq": 1457.5709228515625,
      "mid_mean": -17.312246322631836,
      "mid_to_side_loudness": -3.068633794784546,
      "mid_to_side_loudness_range": 5.961639881134033,
      "side_mean": -20.381210327148438
    },
    {
      "high_freq": 4349.24462890625,
      "loudness": -21.858074188232422,
      "loudness_range": 7.716043472290039,
      "low_freq": 2549.74365234375,
      "mid_mean": -19.926271438598633,
      "mid_to_side_loudness": -3.2571957111358643,
      "mid_to_side_loudness_range": 5.033315181732178,
      "side_mean": -23.182111740112305
    },
    {
      "high_freq": 7314.1640625,
      "loudness": -26.48436164855957,
      "loudness_range": 9.592157363891602,
      "low_freq": 4349.24462890625,
      "mid_mean": -23.72936248779297,
      "mid_to_side_loudness": -6.9304938316345215,
      "mid_to_side_loudness_range": 8.545101165771484,
      "side_mean": -30.661052703857422
    },
    {
      "high_freq": 12199.2666015625,
      "loudness": -30.913427352905273,
      "loudness_range": 11.439640045166016,
      "low_freq": 7314.1640625,
      "mid_mean": -28.00450897216797,
      "mid_to_side_loudness": -7.71547794342041,
      "mid_to_side_loudness_range": 8.10091495513916,
      "side_mean": -35.72189712524414
    },
    {
      "loudness": -37.84556198120117,
      "loudness_range": 16.154224395751953,
      "low_freq": 12199.2666015625,
      "mid_mean": -35.44728469848633,
      "mid_to_side_loudness": -4.654901504516602,
      "mid_to_side_loudness_range": 3.4538705348968506,
      "side_mean": -40.12415313720703
    }
  ],
  "bands_short": [
    {
      "high_freq": 148.1999969482422,
      "loudness": -21.658292770385742,
      "loudness_range": 12.014796257019043,
      "mid_mean": -18.574153900146484,
      "mid_to_side_loudness": -12.14553165435791,
      "mid_to_side_loudness_range": 20.3194580078125,
      "side_mean": -30.72093391418457
    },
    {
      "high_freq": 392.3793640136719,
      "loudness": -17.847639083862305,
      "loudness_range": 6.1877336502075195,
      "low_freq": 148.1999969482422,
      "mid_mean": -15.268756866455078,
      "mid_to_side_loudness": -5.944727897644043,
      "mid_to_side_loudness_range": 9.369664192199707,
      "side_mean": -21.311355590820312
    },
    {
      "high_freq": 794.6976318359375,
      "loudness": -20.688215255737305,
      "loudness_range": 10.481459617614746,
      "low_freq": 392.3793640136719,
      "mid_mean": -18.282236099243164,
      "mid_to_side_loudness": -5.73338508605957,
      "mid_to_side_loudness_range": 10.93638801574707,
      "side_mean": -24.01703643798828
    },
    {
      "high_freq": 1457.5709228515625,
      "loudness": -22.62509536743164,
      "loudness_range": 12.756752967834473,
      "low_freq": 794.6976318359375,
      "mid_mean": -20.01651954650879,
      "mid_to_side_loudness": -6.812376976013184,
      "mid_to_side_loudness_range": 12.198094367980957,
      "side_mean": -26.841583251953125
    },
    {
      "high_freq": 2549.74365234375,
      "loudness": -19.644567489624023,
      "loudness_range": 9.648262977600098,
      "low_freq": 1457.5709228515625,
      "mid_mean": -17.853837966918945,
      "mid_to_side_loudness": -3.1235511302948,
      "mid_to_side_loudness_range": 7.404568672180176,
      "side_mean": -20.977685928344727
    },
    {
      "high_freq": 4349.24462890625,
      "loudness": -22.211078643798828,
      "loudness_range": 10.390981674194336,
      "low_freq": 2549.74365234375,
      "mid_mean": -20.357358932495117,
      "mid_to_side_loudness": -3.14227294921875,
      "mid_to_side_loudness_range": 6.607021808624268,
      "side_mean": -23.51643180847168
    },
    {
      "high_freq": 7314.1640625,
      "loudness": -27.23177146911621,
      "loudness_range": 12.807146072387695,
      "low_freq": 4349.24462890625,
      "mid_mean": -24.60315704345703,
      "mid_to_side_loudness": -6.411764144897461,
      "mid_to_side_loudness_range": 10.154040336608887,
      "side_mean": -31.03520965576172
    },
    {
      "high_freq": 12199.2666015625,
      "loudness": -32.26350402832031,
      "loudness_range": 15.191083908081055,
      "low_freq": 7314.1640625,
      "mid_mean": -29.378395080566406,
      "mid_to_side_loudness": -7.561275005340576,
      "mid_to_side_loudness_range": 9.766329765319824,
      "side_mean": -37.026100158691406
    },
    {
      "loudness": -40.436214447021484,
      "loudness_range": 23.798219680786133,
      "low_freq": 12199.2666015625,
      "mid_mean": -37.98613739013672,
      "mid_to_side_loudness": -4.968571186065674,
      "mid_to_side_loudness_range": 6.034447193145752,
      "side_mean": -42.95777130126953
    }
  ],
  "channels": 2,
  "covariance": [
    [
      7.6194167137146,
      5.2165045738220215,
      2.608837366104126,
      3.7455620765686035,
      1.5753926038742065,
      0.8684118390083313,
      1.3625438213348389,
      1.158362627029419,
      2.061981201171875,
      1.6466206312179565,
      3.301083564758301,
      2.896690607070923,
      2.834653615951538,
      2.5172181129455566,
      2.523193836212158,
      1.809425950050354,
      2.5012173652648926,
      2.062465190887451
    ],
    [
      5.2165045738220215,
      14.355881690979004,
      5.686412811279297,
      6.6964192390441895,
      4.052265167236328,
      1.819074273109436,
      4.587330341339111,
      2.114210367202759,
      6.059985637664795,
      4.601432800292969,
      7.016127109527588,
      6.0930023193359375,
      7.145296096801758,
      4.469429969787598,
      7.061411380767822,
      3.864567756652832,
      6.496499061584473,
      5.222413539886475
    ],
    [
      2.608837366104126,
      5.686412811279297,
      9.77110767364502,
      6.660260200500488,
      5.638662815093994,
      2.535881757736206,
      4.378198623657227,
      0.7213407158851624,
      5.702931880950928,
      4.715576648712158,
      6.983330249786377,
      5.77842378616333,
      6.662176132202148,
      3.1539390087127686,
      7.464894771575928,
      3.3604319095611572,
      8.144511222839355,
      6.158888339996338
    ],
    [
      3.7455620765686035,
      6.6964192390441895,
      6.660260200500488,
      8.70207691192627,
      4.156832218170166,
      1.8701852560043335,
      3.7797794342041016,
      0.9551785588264465,
      5.082836627960205,
      3.862114191055298,
      5.720504283905029,
      4.524590015411377,
      5.624748229980469,
      2.3917596340179443,
      6.612217903137207,
      3.343376874923706,
      7.395294189453125,
      5.796911239624023
    ],
    [
      1.5753926038742065,
      4.052265167236328,
      5.638662815093994,
      4.156832218170166,
      14.567119598388672,
      5.5460381507873535,
      10.040200233459473,
      2.407575845718384,
      8.810437202453613,
      5.05666446685791,
      8.864951133728027,
      6.18551778793335,
      7.8704023361206055,
      3.6962311267852783,
      9.73091983795166,
      4.392370223999023,
      10.003149032592773,
      7.9218668937683105
    ],
    [
      0.8684118390083313,
      1.819074273109436,
      2.535881757736206,
      1.8701852560043335,
      5.5460381507873535,
      5.33695650100708,
      3.695676803588867,
      2.4885363578796387,
      3.5847151279449463,
      3.1230759620666504,
      4.39162015914917,
      4.130691051483154,
      4.0327630043029785,
      3.6437125205993652,
      3.0036838054656982,
      1.7806729078292847,
      1.8742594718933105,
      1.3574732542037964
    ],
    [
      1.3625438213348389,
      4.587330341339111,
      4.378198623657227,
      3.7797794342041016,
      10.040200233459473,
      3.695676803588867,
      20.056835174560547,
      6.95868444442749,
      10.55649185180664,
      4.431692600250244,
      7.541785717010498,
      3.916346549987793,
      7.21549654006958,
      1.9097703695297241,
      11.094998359680176,
      5.636609077453613,
      11.599577903747559,
      9.382688522338867
    ],
    [
      1.158362627029419,
      2.114210367202759,
      0.7213407158851624,
      0.9551785588264465,
      2.407575845718384,
      2.4885363578796387,
      6.95868444442749,
      6.093204021453857,
      3.654963254928589,
      2.1054694652557373,
      2.8305628299713135,
      2.023433208465576,
      2.7503743171691895,
      2.0358972549438477,
      3.3003480434417725,
      2.3048863410949707,
      2.2093887329101562,
      1.7699097394943237
    ],
    [
      2.061981201171875,
      6.059985637664795,
      5.702931880950928,
      5.082836627960205,
      8.810437202453613,
      3.5847151279449463,
      10.55649185180664,
      3.654963254928589,
      13.07854175567627,
      7.724590301513672,
      11.312577247619629,
      8.77031421661377,
      9.368581771850586,
      5.841396808624268,
      10.192342758178711,
      5.492184162139893,
      9.979205131530762,
      8.075942039489746
    ],
    [
      1.6466206312179565,
      4.601432800292969,
      4.715576648712158,
      3.862114191055298,
      5.05666446685791,
      3.1230759620666504,
      4.431692600250244,
      2.1054694652557373,
      7.724590301513672,
      7.76108455657959,
      8.479504585266113,
      9.09500503540039,
      6.920845031738281,
      6.114294052124023,
      5.976667404174805,
      3.6304352283477783,
      5.971327781677246,
      4.965722560882568
    ],
    [
      3.301083564758301,
      7.016127109527588,
      6.983330249786377,
      5.720504283905029,
      8.864951133728027,
      4.39162015914917,
      7.541785717010498,
      2.8305628299713135,
      11.312577247619629,
      8.479504585266113,
      14.420503616333008,
      12.588630676269531,
      12.601588249206543,
      10.13155746459961,
      10.346198081970215,
      6.346943378448486,
      7.772233486175537,
      6.117915153503418
    ],
    [
      2.896690607070923,
      6.0930023193359375,
      5.77842378616333,
      4.524590015411377,
      6.18551778793335,
      4.130691051483154,
      3.916346549987793,
      2.023433208465576,
      8.77031421661377,
      9.09500503540039,
      12.588630676269531,
      14.5419921875,
      10.077935218811035,
      11.159889221191406,
      6.182814121246338,
      4.323210716247559,
      3.6458966732025146,
      2.923490524291992
    ],
    [
      2.834653615951538,
      7.145296096801758,
      6.662176132202148,
      5.624748229980469,
      7.8704023361206055,
      4.0327630043029785,
      7.21549654006958,
      2.7503743171691895,
      9.368581771850586,
      6.920845031738281,
      12.601588249206543,
      10.077935218811035,
      17.075437545776367,
      11.334476470947266,
      15.24885368347168,
      9.934330940246582,
      9.752863883972168,
      7.670681476593018
    ],
    [
      2.5172181129455566,
      4.469429969787598,
      3.1539390087127686,
      2.3917596340179443,
      3.6962311267852783,
      3.6437125205993652,
      1.9097703695297241,
      2.0358972549438477,
      5.841396808624268,
      6.114294052124023,
      10.13155746459961,
      11.159889221191406,
      11.334476470947266,
      14.540562629699707,
      5.596670627593994,
      6.430863380432129,
      -1.1278157234191895,
      -0.6362012624740601
    ],
    [
      2.523193836212158,
      7.061411380767822,
      7.464894771575928,
      6.612217903137207,
      9.73091983795166,
      3.0036838054656982,
      11.094998359680176,
      3.3003480434417725,
      10.192342758178711,
      5.976667404174805,
      10.346198081970215,
      6.182814121246338,
      15.24885368347168,
      5.596670627593994,
      23.0487060546875,
      13.687559127807617,
      21.908018112182617,
      18.27878189086914
    ],
    [
      1.809425950050354,
      3.864567756652832,
      3.3604319095611572,
      3.343376874923706,
      4.392370223999023,
      1.7806729078292847,
      5.636609077453613,
      2.3048863410949707,
      5.492184162139893,
      3.6304352283477783,
      6.346943378448486,
      4.323210716247559,
      9.934330940246582,
      6.430863380432129,
      13.687559127807617,
      12.67212200164795,
      15.274008750915527,
      14.691391944885254
    ],
    [
      2.5012173652648926,
      6.496499061584473,
      8.144511222839355,
      7.395294189453125,
      10.003149032592773,
      1.8742594718933105,
      11.599577903747559,
      2.2093887329101562,
      9.979205131530762,
      5.971327781677246,
      7.772233486175537,
      3.6458966732025146,
      9.752863883972168,
      -1.1278157234191895,
      21.908018112182617,
      15.274008750915527,
      39.61396408081055,
      36.12313461303711
    ],
    [
      2.062465190887451,
      5.222413539886475,
      6.158888339996338,
      5.796911239624023,
      7.9218668937683105,
      1.3574732542037964,
      9.382688522338867,
      1.7699097394943237,
      8.075942039489746,
      4.965722560882568,
      6.117915153503418,
      2.923490524291992,
      7.670681476593018,
      -0.6362012624740601,
      18.27878189086914,
      14.691391944885254,
      36.12313461303711,
      35.07592010498047
    ]
  ],
  "covariance_short": [
    [
      24.37338638305664,
      6.268015384674072,
      1.8942735195159912,
      1.6979024410247803,
      -0.6740972399711609,
      0.3489743173122406,
      -0.5951605439186096,
      0.7175593376159668,
      0.7434597015380859,
      0.7843142151832581,
      2.338775873184204,
      2.283064126968384,
      1.615588903427124,
      3.4324488639831543,
      -0.7128252983093262,
      0.6710935831069946,
      -1.6905685663223267,
      -0.8945019245147705
    ],
    [
      6.268015384674072,
      35.49884033203125,
      6.336472034454346,
      9.403663635253906,
      4.970146656036377,
      3.952838897705078,
      5.492010593414307,
      3.1103603839874268,
      7.4427103996276855,
      5.925868034362793,
      8.497852325439453,
      7.5683913230896,
      8.95559024810791,
      6.145621299743652,
      7.9029316902160645,
      4.552059650421143,
      5.6263909339904785,
      4.07343864440918
    ],
    [
      1.8942735195159912,
      6.336472034454346,
      13.5855712890625,
      6.36689567565918,
      6.710447311401367,
      3.3140857219696045,
      5.45389986038208,
      1.7274249792099,
      6.751438617706299,
      5.372183322906494,
      7.905640602111816,
      6.463865756988525,
      6.621144771575928,
      3.315610885620117,
      6.958970546722412,
      3.4898505210876465,
      8.295754432678223,
      6.273900508880615
    ],
    [
      1.6979024410247803,
      9.403663635253906,
      6.36689567565918,
      11.351304054260254,
      4.233317852020264,
      3.0567877292633057,
      3.844341516494751,
      1.7203198671340942,
      5.562834739685059,
      4.551491737365723,
      5.270598411560059,
      4.583976745605469,
      5.376041412353516,
      2.432481527328491,
      6.02791166305542,
      3.190955638885498,
      6.34079122543335,
      4.971706867218018
    ],
    [
      -0.6740972399711609,
      4.970146656036377,
      6.710447311401367,
      4.233317852020264,
      20.195621490478516,
      6.911639213562012,
      11.78164005279541,
      2.3531954288482666,
      10.55195426940918,
      6.184695720672607,
      10.912972450256348,
      7.811898231506348,
      9.1764554977417,
      4.577879905700684,
      10.022997856140137,
      4.607508182525635,
      9.744769096374512,
      7.119505882263184
    ],
    [
      0.3489743173122406,
      3.952838897705078,
      3.3140857219696045,
      3.0567877292633057,
      6.911639213562012,
      8.538226127624512,
      4.734426021575928,
      2.852062940597534,
      5.274303913116455,
      5.021369457244873,
      5.768823623657227,
      5.837505340576172,
      5.858288288116455,
      5.003647327423096,
      4.7423834800720215,
      3.5854313373565674,
      4.4490556716918945,
      3.7739880084991455
    ],
    [
      -0.5951605439186096,
      5.492010593414307,
      5.45389986038208,
      3.844341516494751,
      11.78164005279541,
      4.734426021575928,
      26.575220108032227,
      8.211450576782227,
      13.915511131286621,
      6.126974582672119,
      9.683392524719238,
      5.44882345199585,
      8.097684860229492,
      2.330089807510376,
      11.804755210876465,
      6.248085975646973,
      13.413280487060547,
      10.988136291503906
    ],
    [
      0.7175593376159668,
      3.1103603839874268,
      1.7274249792099,
      1.7203198671340942,
      2.3531954288482666,
      2.852062940597534,
      8.211450576782227,
      8.996586799621582,
      5.091550350189209,
      3.7464377880096436,
      3.6806304454803467,
      3.3297369480133057,
      3.708326578140259,
      2.8674590587615967,
      3.897752046585083,
      3.5065224170684814,
      4.272250652313232,
      4.155527591705322
    ],
    [
      0.7434597015380859,
      7.4427103996276855,
      6.751438617706299,
      5.562834739685059,
      10.55195426940918,
      5.274303913116455,
      13.915511131286621,
      5.091550350189209,
      18.28849983215332,
      11.430157661437988,
      14.262659072875977,
      11.809511184692383,
      10.990812301635742,
      7.301324844360352,
      11.336663246154785,
      6.423521518707275,
      11.077616691589355,
      8.86703872680664
    ],
    [
      0.7843142151832581,
      5.925868034362793,
      5.372183322906494,
      4.551491737365723,
      6.184695720672607,
      5.021369457244873,
      6.126974582672119,
      3.7464377880096436,
      11.430157661437988,
      13.064271926879883,
      10.770797729492188,
      12.678256034851074,
      7.972190856933594,
      8.232030868530273,
      6.57968807220459,
      4.871113300323486,
      6.967191219329834,
      6.063238143920898
    ],
    [
      2.338775873184204,
      8.497852325439453,
      7.905640602111816,
      5.270598411560059,
      10.912972450256348,
      5.768823623657227,
      9.683392524719238,
      3.6806304454803467,
      14.262659072875977,
      10.770797729492188,
      19.136808395385742,
      16.13468360900879,
      15.921809196472168,
      12.722536087036133,
      12.779569625854492,
      8.58455753326416,
      10.98169994354248,
      8.820280075073242
    ],
    [
      2.283064126968384,
      7.5683913230896,
      6.463865756988525,
      4.583976745605469,
      7.811898231506348,
      5.837505340576172,
      5.44882345199585,
      3.3297369480133057,
      11.809511184692383,
      12.678256034851074,
      16.13468360900879,
      19.64927101135254,
      12.46700382232666,
      14.11061954498291,
      8.014081001281738,
      6.761782646179199,
      6.719444274902344,
      5.805281162261963
    ],
    [
      1.615588903427124,
      8.95559024810791,
      6.621144771575928,
      5.376041412353516,
      9.1764554977417,
      5.858288288116455,
      8.097684860229492,
      3.708326578140259,
      10.990812301635742,
      7.972190856933594,
      15.921809196472168,
      12.46700382232666,
      26.326171875,
      17.593059539794922,
      23.079362869262695,
      18.008411407470703,
      19.202184677124023,
      16.8579044342041
    ],
    [
      3.4324488639831543,
      6.145621299743652,
      3.315610885620117,
      2.432481527328491,
      4.577879905700684,
      5.003647327423096,
      2.330089807510376,
      2.8674590587615967,
      7.301324844360352,
      8.232030868530273,
      12.722536087036133,
      14.11061954498291,
      17.593059539794922,
      20.98615074157715,
      11.308883666992188,
      14.247177124023438,
      7.482582092285156,
      8.71577262878418
    ],
    [
      -0.7128252983093262,
      7.9029316902160645,
      6.958970546722412,
      6.02791166305542,
      10.022997856140137,
      4.7423834800720215,
      11.804755210876465,
      3.897752046585083,
      11.336663246154785,
      6.57968807220459,
      12.779569625854492,
      8.014081001281738,
      23.079362869262695,
      11.308883666992188,
      34.272281646728516,
      23.7759952545166,
      35.573123931884766,
      31.719635009765625
    ],
    [
      0.6710935831069946,
      4.552059650421143,
      3.4898505210876465,
      3.190955638885498,
      4.607508182525635,
      3.5854313373565674,
      6.248085975646973,
      3.5065224170684814,
      6.423521518707275,
      4.871113300323486,
      8.58455753326416,
      6.761782646179199,
      18.008411407470703,
      14.247177124023438,
      23.7759952545166,
      26.695463180541992,
      31.082372665405273,
      32.848941802978516
    ],
    [
      -1.6905685663223267,
      5.6263909339904785,
      8.295754432678223,
      6.34079122543335,
      9.744769096374512,
      4.4490556716918945,
      13.413280487060547,
      4.272250652313232,
      11.077616691589355,
      6.967191219329834,
      10.98169994354248,
      6.719444274902344,
      19.202184677124023,
      7.482582092285156,
      35.573123931884766,
      31.082372665405273,
      60.913875579833984,
      59.014488220214844
    ],
    [
      -0.8945019245147705,
      4.07343864440918,
      6.273900508880615,
      4.971706867218018,
      7.119505882263184,
      3.7739880084991455,
      10.988136291503906,
      4.155527591705322,
      8.86703872680664,
      6.063238143920898,
      8.820280075073242,
      5.805281162261963,
      16.8579044342041,
      8.71577262878418,
      31.719635009765625,
      32.848941802978516,
      59.014488220214844,
      62.49858856201172
    ]
  ],
  "drr": 13.746245384216309,
  "dynamics": 1.7935771942138672,
  "format": 1245190,
  "frames": 5965824,
  "loudness": -8.13640022277832,
  "loudness_range": 3.2435789108276367,
  "loudness_range_short": 4.732986927032471,
  "peak": 0.5370720028877258,
  "rms": -10.807541847229004,
  "sample_rate": 44100,
  "sections": 1,
  "seekable": 1,
  "sharpness": 1.357395052909851,
  "space": -5.982385158538818
}