{
  "bands": [
    {
      "high_freq": 148.1999969482422,
      "loudness": -21.0439510345459,
      "loudness_range": 9.297529220581055,
      "mid_mean": -17.4240665435791,
      "mid_to_side_loudness": -23.20194435119629,
      "mid_to_side_loudness_range": 22.132366180419922,
      "side_mean": -42.617774963378906
    },
    {
      "high_freq": 392.3793640136719,
      "loudness": -16.67754554748535,
      "loudness_range": 5.312013626098633,
      "low_freq": 148.1999969482422,
      "mid_mean": -13.395599365234375,
      "mid_to_side_loudness": -10.27579402923584,
      "mid_to_side_loudness_range": 6.608581066131592,
      "side_mean": -23.747312545776367
    },
    {
      "high_freq": 794.6976318359375,
      "loudness": -16.85940933227539,
      "loudness_range": 7.471498489379883,
      "low_freq": 392.3793640136719,
      "mid_mean": -13.58669662475586,
      "mid_to_side_loudness": -10.394229888916016,
      "mid_to_side_loudness_range": 7.8303961753845215,
      "side_mean": -24.15296173095703
    },
    {
      "high_freq": 1457.5709228515625,
      "loudness": -23.39174461364746,
      "loudness_range": 14.446561813354492,
      "low_freq": 794.6976318359375,
      "mid_mean": -20.13654136657715,
      "mid_to_side_loudness": -10.635246276855469,
      "mid_to_side_loudness_range": 10.683107376098633,
      "side_mean": -31.013736724853516
    },
    {
      "high_freq": 2549.74365234375,
      "loudness": -27.298660278320312,
      "loudness_range": 18.876930236816406,
      "low_freq": 1457.5709228515625,
      "mid_mean": -23.980667114257812,
      "mid_to_side_loudness": -12.960921287536621,
      "mid_to_side_loudness_range": 16.35706329345703,
      "side_mean": -37.36145782470703
    },
    {
      "high_freq": 4349.24462890625,
      "loudness": -30.538331985473633,
      "loudness_range": 17.020282745361328,
      "low_freq": 2549.74365234375,
      "mid_mean": -27.163990020751953,
      "mid_to_side_loudness": -13.247570991516113,
      "mid_to_side_loudness_range": 11.830068588256836,
      "side_mean": -40.6626091003418
    },
    {
      "high_freq": 7314.1640625,
      "loudness": -31.60417366027832,
      "loudness_range": 16.58111000061035,
      "low_freq": 4349.24462890625,
      "mid_mean": -28.194412231445312,
      "mid_to_side_loudness": -13.761420249938965,
      "mid_to_side_loudness_range": 9.547527313232422,
      "side_mean": -42.26491928100586
    },
    {
      "high_freq": 12199.2666015625,
      "loudness": -33.46604919433594,
      "loudness_range": 18.228662490844727,
      "low_freq": 7314.1640625,
      "mid_mean": -30.154359817504883,
      "mid_to_side_loudness": -14.301939964294434,
      "mid_to_side_loudness_range": 12.65803337097168,
      "side_mean": -45.40230941772461
    },
    {
      "loudness": -42.58871078491211,
      "loudness_range": 15.925849914550781,
      "low_freq": 12199.2666015625,
      "mid_mean": -39.152610778808594,
      "mid_to_side_loudness": -12.560564994812012,
      "mid_to_side_loudness_range": 14.035177230834961,
      "side_mean": -54.266761779785156
    }
  ],
  "bands_short": [
    {
      "high_freq": 148.1999969482422,
      "loudness": -24.733545303344727,
      "loudness_range": 20.57708740234375,
      "mid_mean": -21.23103141784668,
      "mid_to_side_loudness": -22.948894500732422,
      "mid_to_side_loudness_range": 27.151657104492188,
      "side_mean": -46.76820373535156
    },
    {
      "high_freq": 392.3793640136719,
      "loudness": -17.09010887145996,
      "loudness_range": 9.136587142944336,
      "low_freq": 148.1999969482422,
      "mid_mean": -13.864081382751465,
      "mid_to_side_loudness": -10.589531898498535,
      "mid_to_side_loudness_range": 10.757294654846191,
      "side_mean": -24.58371925354004
    },
    {
      "high_freq": 794.6976318359375,
      "loudness": -17.215612411499023,
      "loudness_range": 9.03549575805664,
      "low_freq": 392.3793640136719,
      "mid_mean": -13.984755516052246,
      "mid_to_side_loudness": -10.38643741607666,
      "mid_to_side_loudness_range": 9.811088562011719,
      "side_mean": -24.58462905883789
    },
    {
      "high_freq": 1457.5709228515625,
      "loudness": -23.334026336669922,
      "loudness_range": 16.5382080078125,
      "low_freq": 794.6976318359375,
      "mid_mean": -20.156461715698242,
      "mid_to_side_loudness": -10.193113327026367,
      "mid_to_side_loudness_range": 11.32978630065918,
      "side_mean": -30.579334259033203
    },
    {
      "high_freq": 2549.74365234375,
      "loudness": -28.93101692199707,
      "loudness_range": 22.46049690246582,
      "low_freq": 1457.5709228515625,
      "mid_mean": -25.6801815032959,
      "mid_to_side_loudness": -12.030345916748047,
      "mid_to_side_loudness_range": 16.54660987854004,
      "side_mean": -38.32493209838867
    },
    {
      "high_freq": 4349.24462890625,
      "loudness": -31.830181121826172,
      "loudness_range": 22.095340728759766,
      "low_freq": 2549.74365234375,
      "mid_mean": -28.513933181762695,
      "mid_to_side_loudness": -12.62043571472168,
      "mid_to_side_loudness_range": 13.147201538085938,
      "side_mean": -41.64849090576172
    },
    {
      "high_freq": 7314.1640625,
      "loudness": -33.58723831176758,
      "loudness_range": 23.79620361328125,
      "low_freq": 4349.24462890625,
      "mid_mean": -30.243436813354492,
      "mid_to_side_loudness": -12.959266662597656,
      "mid_to_side_loudness_range": 11.277336120605469,
      "side_mean": -43.81551742553711
    },
    {
      "high_freq": 12199.2666015625,
      "loudness": -35.94074630737305,
      "loudness_range": 24.361019134521484,
      "low_freq": 7314.1640625,
      "mid_mean": -32.823333740234375,
      "mid_to_side_loudness": -13.308148384094238,
      "mid_to_side_loudness_range": 13.887449264526367,
      "side_mean": -49.2774658203125
    },
    {
      "loudness": -46.81314468383789,
      "loudness_range": 29.445655822753906,
      "low_freq": 12199.2666015625,
      "mid_mean": -43.81056594848633,
      "mid_to_side_loudness": -11.579803466796875,
      "mid_to_side_loudness_range": 15.528883934020996,
      "side_mean": -56.3890266418457
    }
  ],
  "channels": 2,
  "covariance": [
    [
      22.240137100219727,
      13.090972900390625,
      3.542187213897705,
      1.2367076873779297,
      0.5573833584785461,
      -0.7131811380386353,
      1.9241447448730469,
      0.9517382383346558,
      4.506621837615967,
      3.1604371070861816,
      4.124383449554443,
      4.393124580383301,
      5.246989727020264,
      6.759701251983643,
      5.406876087188721,
      8.967172622680664,
      9.207186698913574,
      11.400330543518066
    ],
    [
      13.090972900390625,
      46.23367691040039,
      4.099864482879639,
      1.0364209413528442,
      1.4124271869659424,
      4.69999361038208,
      9.428836822509766,
      14.448090553283691,
      16.361492156982422,
      25.290565490722656,
      14.954511642456055,
      23.872142791748047,
      13.995662689208984,
      22.433788299560547,
      13.424423217773438,
      27.03133201599121,
      7.894784450531006,
      26.96788787841797
    ],
    [
      3.542187213897705,
      4.099864482879639,
      7.598445892333984,
      3.7287447452545166,
      1.7457811832427979,
      0.8128767609596252,
      1.7427725791931152,
      2.206589937210083,
      3.1867828369140625,
      3.0522913932800293,
      3.3173115253448486,
      3.2291393280029297,
      2.7893693447113037,
      2.752445936203003,
      2.714352607727051,
      3.971320629119873,
      5.664723873138428,
      7.386556625366211
    ],
    [
      1.2367076873779297,
      1.0364209413528442,
      3.7287447452545166,
      6.250342845916748,
      1.196737289428711,
      2.2672362327575684,
      0.6004263162612915,
      1.831244707107544,
      1.4362201690673828,
      1.9250258207321167,
      1.7199937105178833,
      2.0284740924835205,
      1.1018158197402954,
      1.465944766998291,
      0.14544090628623962,
      0.9016490578651428,
      2.637080430984497,
      4.3258466720581055
    ],
    [
      0.5573833584785461,
      1.4124271869659424,
      1.7457811832427979,
      1.196737289428711,
      9.57113265991211,
      9.022682189941406,
      8.254143714904785,
      10.06033992767334,
      6.730922222137451,
      10.83326244354248,
      7.013566017150879,
      10.435608863830566,
      5.457169055938721,
      7.933690547943115,
      3.0742955207824707,
      5.501098155975342,
      6.116953372955322,
      6.677067279815674
    ],
    [
      -0.7131811380386353,
      4.69999361038208,
      0.8128767609596252,
      2.2672362327575684,
      9.022682189941406,
      17.40814971923828,
      8.804204940795898,
      17.83246612548828,
      6.921422004699707,
      19.88506317138672,
      9.400492668151855,
      19.005651473999023,
      8.248284339904785,
      14.394638061523438,
      3.888052225112915,
      10.274144172668457,
      4.725445747375488,
      9.744380950927734
    ],
    [
      1.9241447448730469,
      9.428836822509766,
      1.7427725791931152,
      0.6004263162612915,
      8.254143714904785,
      8.804204940795898,
      25.68617820739746,
      23.05742835998535,
      21.650514602661133,
      27.568941116333008,
      16.61097526550293,
      23.48048210144043,
      13.929666519165039,
      19.39460563659668,
      11.508142471313477,
      17.134004592895508,
      11.633508682250977,
      16.937057495117188
    ],
    [
      0.9517382383346558,
      14.448090553283691,
      2.206589937210083,
      1.831244707107544,
      10.06033992767334,
      17.83246612548828,
      23.05742835998535,
      39.989017486572266,
      19.24441909790039,
      43.14963150024414,
      20.662322998046875,
      37.66834259033203,
      18.441478729248047,
      29.523710250854492,
      12.277992248535156,
      23.891315460205078,
      10.303431510925293,
      21.137645721435547
    ],
    [
      4.506621837615967,
      16.361492156982422,
      3.1867828369140625,
      1.4362201690673828,
      6.730922222137451,
      6.921422004699707,
      21.650514602661133,
      19.24441909790039,
      43.09272766113281,
      36.980350494384766,
      31.65501594543457,
      33.84620666503906,
      24.357847213745117,
      29.40544891357422,
      22.572429656982422,
      28.90518569946289,
      15.703448295593262,
      28.423355102539062
    ],
    [
      3.1604371070861816,
      25.290565490722656,
      3.0522913932800293,
      1.9250258207321167,
      10.83326244354248,
      19.88506317138672,
      27.568941116333008,
      43.14963150024414,
      36.980350494384766,
      67.99144744873047,
      36.1673469543457,
      60.235984802246094,
      31.72189712524414,
      49.39466094970703,
      24.881366729736328,
      45.234230041503906,
      19.5777587890625,
      40.19783401489258
    ],
    [
      4.124383449554443,
      14.954511642456055,
      3.3173115253448486,
      1.7199937105178833,
      7.013566017150879,
      9.400492668151855,
      16.61097526550293,
      20.662322998046875,
      31.65501594543457,
      36.1673469543457,
      39.740943908691406,
      42.118919372558594,
      30.54108238220215,
      36.72130584716797,
      22.047224044799805,
      28.591594696044922,
      16.957521438598633,
      27.999914169311523
    ],
    [
      4.393124580383301,
      23.872142791748047,
      3.2291393280029297,
      2.0284740924835205,
      10.435608863830566,
      19.005651473999023,
      23.48048210144043,
      37.66834259033203,
      33.84620666503906,
      60.235984802246094,
      42.118919372558594,
      67.0864028930664,
      37.36733627319336,
      55.56181335449219,
      25.799148559570312,
      44.55164337158203,
      20.33870506286621,
      39.60291290283203
    ],
    [
      5.246989727020264,
      13.995662689208984,
      2.7893693447113037,
      1.1018158197402954,
      5.457169055938721,
      8.248284339904785,
      13.929666519165039,
      18.441478729248047,
      24.357847213745117,
      31.72189712524414,
      30.54108238220215,
      37.36733627319336,
      38.51237106323242,
      39.913307189941406,
      31.07609748840332,
      35.91023635864258,
      23.88007164001465,
      30.02216911315918
    ],
    [
      6.759701251983643,
      22.433788299560547,
      2.752445936203003,
      1.465944766998291,
      7.933690547943115,
      14.394638061523438,
      19.39460563659668,
      29.523710250854492,
      29.40544891357422,
      49.39466094970703,
      36.72130584716797,
      55.56181335449219,
      39.913307189941406,
      57.44279479980469,
      30.844039916992188,
      49.2452507019043,
      26.027877807617188,
      41.58262252807617
    ],
    [
      5.406876087188721,
      13.424423217773438,
      2.714352607727051,
      0.14544090628623962,
      3.0742955207824707,
      3.888052225112915,
      11.508142471313477,
      12.277992248535156,
      22.572429656982422,
      24.881366729736328,
      22.047224044799805,
      25.799148559570312,
      31.07609748840332,
      30.844039916992188,
      47.84402847290039,
      47.581214904785156,
      32.577884674072266,
      36.60667419433594
    ],
    [
      8.967172622680664,
      27.03133201599121,
      3.971320629119873,
      0.9016490578651428,
      5.501098155975342,
      10.274144172668457,
      17.134004592895508,
      23.891315460205078,
      28.90518569946289,
      45.234230041503906,
      28.591594696044922,
      44.55164337158203,
      35.91023635864258,
      49.2452507019043,
      47.581214904785156,
      73.31676483154297,
      38.29123306274414,
      56.54905700683594
    ],
    [
      9.207186698913574,
      7.894784450531006,
      5.664723873138428,
      2.637080430984497,
      6.116953372955322,
      4.725445747375488,
      11.633508682250977,
      10.303431510925293,
      15.703448295593262,
      19.5777587890625,
      16.957521438598633,
      20.33870506286621,
      23.88007164001465,
      26.027877807617188,
      32.577884674072266,
      38.29123306274414,
      42.89322280883789,
      36.34218978881836
    ],
    [
      11.400330543518066,
      26.96788787841797,
      7.386556625366211,
      4.3258466720581055,
      6.677067279815674,
      9.744380950927734,
      16.937057495117188,
      21.137645721435547,
      28.423355102539062,
      40.19783401489258,
      27.999914169311523,
      39.60291290283203,
      30.02216911315918,
      41.58262252807617,
      36.60667419433594,
      56.54905700683594,
      36.34218978881836,
      59.25788116455078
    ]
  ],
  "covariance_short": [
    [
      62.52143859863281,
      19.635276794433594,
      9.000480651855469,
      3.491377115249634,
      0.8037933111190796,
      0.2715868055820465,
      2.967683792114258,
      1.5087169408798218,
      3.930673837661743,
      1.4729480743408203,
      1.926831841468811,
      2.1099135875701904,
      3.8789021968841553,
      3.99941086769104,
      5.0389580726623535,
      13.151934623718262,
      9.873934745788574,
      8.71345329284668
    ],
    [
      19.635276794433594,
      59.0483512878418,
      5.613472938537598,
      2.140413761138916,
      0.6046224236488342,
      3.151442766189575,
      8.69567584991455,
      12.121749877929688,
      15.529726028442383,
      22.4603271484375,
      14.400350570678711,
      22.68123435974121,
      15.657633781433105,
      23.193605422973633,
      14.923454284667969,
      34.46756362915039,
      20.9642276763916,
      24.56898307800293
    ],
    [
      9.000480651855469,
      5.613472938537598,
      13.860512733459473,
      5.420090675354004,
      1.4978065490722656,
      1.204331636428833,
      2.3754048347473145,
      2.175854206085205,
      4.522838592529297,
      3.8578033447265625,
      5.0017266273498535,
      4.519689559936523,
      4.208168983459473,
      3.9771225452423096,
      5.371823787689209,
      12.191567420959473,
      11.167250633239746,
      8.225105285644531
    ],
    [
      3.491377115249634,
      2.140413761138916,
      5.420090675354004,
      12.309666633605957,
      1.2160379886627197,
      2.4286468029022217,
      1.4370895624160767,
      2.0700948238372803,
      1.3723262548446655,
      1.7924069166183472,
      1.6240949630737305,
      1.8243759870529175,
      1.147197961807251,
      0.7785823941230774,
      1.1338235139846802,
      5.831667900085449,
      6.07119083404541,
      3.761756658554077
    ],
    [
      0.8037933111190796,
      0.6046224236488342,
      1.4978065490722656,
      1.2160379886627197,
      14.056807518005371,
      10.834298133850098,
      10.295578956604004,
      10.35558032989502,
      9.217059135437012,
      11.468372344970703,
      8.515508651733398,
      10.595518112182617,
      6.452770233154297,
      8.310611724853516,
      3.945809841156006,
      8.627318382263184,
      6.670320510864258,
      6.622653484344482
    ],
    [
      0.2715868055820465,
      3.151442766189575,
      1.204331636428833,
      2.4286468029022217,
      10.834298133850098,
      21.666351318359375,
      11.168106079101562,
      18.426742553710938,
      9.028361320495605,
      20.139997482299805,
      10.640229225158691,
      19.235767364501953,
      10.341388702392578,
      15.494546890258789,
      5.53722620010376,
      13.300801277160645,
      6.990384101867676,
      10.368754386901855
    ],
    [
      2.967683792114258,
      8.69567584991455,
      2.3754048347473145,
      1.4370895624160767,
      10.295578956604004,
      11.168106079101562,
      34.418495178222656,
      28.377941131591797,
      29.212717056274414,
      32.74714660644531,
      22.774965286254883,
      29.11027717590332,
      19.36098861694336,
      25.29949378967285,
      14.433232307434082,
      28.120758056640625,
      19.392534255981445,
      20.042707443237305
    ],
    [
      1.5087169408798218,
      12.121749877929688,
      2.175854206085205,
      2.0700948238372803,
      10.35558032989502,
      18.426742553710938,
      28.377941131591797,
      42.9622688293457,
      26.20891761779785,
      44.68525314331055,
      25.75649642944336,
      40.90098190307617,
      24.819364547729492,
      35.04991149902344,
      16.8454647064209,
      33.4168701171875,
      18.266565322875977,
      24.498661041259766
    ],
    [
      3.930673837661743,
      15.529726028442383,
      4.522838592529297,
      1.3723262548446655,
      9.217059135437012,
      9.028361320495605,
      29.212717056274414,
      26.20891761779785,
      61.35245132446289,
      48.715572357177734,
      46.58392333984375,
      46.03569030761719,
      37.11738586425781,
      41.33802795410156,
      31.029151916503906,
      46.41694259643555,
      37.29201126098633,
      33.90299987792969
    ],
    [
      1.4729480743408203,
      22.4603271484375,
      3.8578033447265625,
      1.7924069166183472,
      11.468372344970703,
      20.139997482299805,
      32.74714660644531,
      44.68525314331055,
      48.715572357177734,
      77.77119445800781,
      46.56534194946289,
      69.96717834472656,
      44.245731353759766,
      61.57834243774414,
      33.68653106689453,
      62.16511535644531,
      37.935001373291016,
      45.91550827026367
    ],
    [
      1.926831841468811,
      14.400350570678711,
      5.0017266273498535,
      1.6240949630737305,
      8.515508651733398,
      10.640229225158691,
      22.774965286254883,
      25.75649642944336,
      46.58392333984375,
      46.56534194946289,
      60.7382698059082,
      57.748538970947266,
      49.74464797973633,
      51.73802947998047,
      40.020137786865234,
      50.58042907714844,
      43.634925842285156,
      36.845882415771484
    ],
    [
      2.1099135875701904,
      22.68123435974121,
      4.519689559936523,
      1.8243759870529175,
      10.595518112182617,
      19.235767364501953,
      29.11027717590332,
      40.90098190307617,
      46.03569030761719,
      69.96717834472656,
      57.748538970947266,
      84.99777221679688,
      54.706024169921875,
      72.0379409790039,
      41.38990020751953,
      67.70953369140625,
      44.70479202270508,
      49.98599624633789
    ],
    [
      3.8789021968841553,
      15.657633781433105,
      4.208168983459473,
      1.147197961807251,
      6.452770233154297,
      10.341388702392578,
      19.36098861694336,
      24.819364547729492,
      37.11738586425781,
      44.245731353759766,
      49.74464797973633,
      54.706024169921875,
      72.89368438720703,
      65.413330078125,
      57.82368850708008,
      63.595672607421875,
      55.16306686401367,
      46.1773796081543
    ],
    [
      3.99941086769104,
      23.193605422973633,
      3.9771225452423096,
      0.7785823941230774,
      8.310611724853516,
      15.494546890258789,
      25.29949378967285,
      35.04991149902344,
      41.33802795410156,
      61.57834243774414,
      51.73802947998047,
      72.0379409790039,
      65.413330078125,
      85.47566223144531,
      50.04848861694336,
      77.6513671875,
      52.386478424072266,
      58.136837005615234
    ],
    [
      5.0389580726623535,
      14.923454284667969,
      5.371823787689209,
      1.1338235139846802,
      3.945809841156006,
      5.53722620010376,
      14.433232307434082,
      16.8454647064209,
      31.029151916503906,
      33.68653106689453,
      40.020137786865234,
      41.38990020751953,
      57.82368850708008,
      50.04848861694336,
      80.15892791748047,
      68.18680572509766,
      71.73308563232422,
      53.02214813232422
    ],
    [
      13.151934623718262,
      34.46756362915039,
      12.191567420959473,
      5.831667900085449,
      8.627318382263184,
      13.300801277160645,
      28.120758056640625,
      33.4168701171875,
      46.41694259643555,
      62.16511535644531,
      50.58042907714844,
      67.70953369140625,
      63.595672607421875,
      77.6513671875,
      68.18680572509766,
      120.38082885742188,
      89.31578063964844,
      84.29978942871094
    ],
    [
      9.873934745788574,
      20.9642276763916,
      11.167250633239746,
      6.07119083404541,
      6.670320510864258,
      6.990384101867676,
      19.392534255981445,
      18.266565322875977,
      37.29201126098633,
      37.935001373291016,
      43.634925842285156,
      44.70479202270508,
      55.16306686401367,
      52.386478424072266,
      71.73308563232422,
      89.31578063964844,
      102.5914306640625,
      69.68986511230469
    ],
    [
      8.71345329284668,
      24.56898307800293,
      8.225105285644531,
      3.761756658554077,
      6.622653484344482,
      10.368754386901855,
      20.042707443237305,
      24.498661041259766,
      33.90299987792969,
      45.91550827026367,
      36.845882415771484,
      49.98599624633789,
      46.1773796081543,
      58.136837005615234,
      53.02214813232422,
      84.29978942871094,
      69.68986511230469,
      71.0418930053711
    ]
  ],
  "drr": 15.91213321685791,
  "dynamics": 1.8751121759414673,
  "format": 1245190,
  "frames": 12382208,
  "loudness": -8.42050838470459,
  "loudness_range": 4.636685371398926,
  "loudness_range_short": 6.163970470428467,
  "peak": 0.6169344186782837,
  "rms": -10.607477188110352,
  "sample_rate": 44100,
  "sections": 1,
  "seekable": 1,
  "sharpness": 1.7134891748428345,
  "space": -11.167441368103027
}