{
  "bands": [
    {
      "high_freq": 148.1999969482422,
      "loudness": -36.505313873291016,
      "loudness_range": 18.132661819458008,
      "mid_mean": -32.8509407043457,
      "mid_to_side_loudness": -24.83930778503418,
      "mid_to_side_loudness_range": 7.508283615112305,
      "side_mean": -57.77672576904297
    },
    {
      "high_freq": 392.3793640136719,
      "loudness": -23.238096237182617,
      "loudness_range": 10.720197677612305,
      "low_freq": 148.1999969482422,
      "mid_mean": -19.701385498046875,
      "mid_to_side_loudness": -19.820714950561523,
      "mid_to_side_loudness_range": 17.85991096496582,
      "side_mean": -39.304630279541016
    },
    {
      "high_freq": 794.6976318359375,
      "loudness": -26.267587661743164,
      "loudness_range": 11.005184173583984,
      "low_freq": 392.3793640136719,
      "mid_mean": -24.598764419555664,
      "mid_to_side_loudness": -4.312469959259033,
      "mid_to_side_loudness_range": 12.875489234924316,
      "side_mean": -27.778535842895508
    },
    {
      "high_freq": 1457.5709228515625,
      "loudness": -25.38086700439453,
      "loudness_range": 9.33599853515625,
      "low_freq": 794.6976318359375,
      "mid_mean": -23.80624008178711,
      "mid_to_side_loudness": -3.055051565170288,
      "mid_to_side_loudness_range": 7.59760856628418,
      "side_mean": -26.04151153564453
    },
    {
      "high_freq": 2549.74365234375,
      "loudness": -24.567790985107422,
      "loudness_range": 11.840255737304688,
      "low_freq": 1457.5709228515625,
      "mid_mean": -23.391178131103516,
      "mid_to_side_loudness": -1.6143008470535278,
      "mid_to_side_loudness_range": 5.003962516784668,
      "side_mean": -24.570478439331055
    },
    {
      "high_freq": 4349.24462890625,
      "loudness": -23.462326049804688,
      "loudness_range": 12.076089859008789,
      "low_freq": 2549.74365234375,
      "mid_mean": -22.786115646362305,
      "mid_to_side_loudness": -0.21141193807125092,
      "mid_to_side_loudness_range": 2.460850238800049,
      "side_mean": -22.904645919799805
    },
    {
      "high_freq": 7314.1640625,
      "loudness": -28.844297409057617,
      "loudness_range": 12.997591018676758,
      "low_freq": 4349.24462890625,
      "mid_mean": -28.441251754760742,
      "mid_to_side_loudness": 0.5492693781852722,
      "mid_to_side_loudness_range": 3.354882001876831,
      "side_mean": -27.9974422454834
    },
    {
      "high_freq": 12199.2666015625,
      "loudness": -33.813026428222656,
      "loudness_range": 12.973064422607422,
      "low_freq": 7314.1640625,
      "mid_mean": -33.827064514160156,
      "mid_to_side_loudness": 1.0932347774505615,
      "mid_to_side_loudness_range": 5.325963497161865,
      "side_mean": -32.799598693847656
    },
    {
      "loudness": -41.89303970336914,
      "loudness_range": 11.340263366699219,
      "low_freq": 12199.2666015625,
      "mid_mean": -40.55021286010742,
      "mid_to_side_loudness": -1.7229132652282715,
      "mid_to_side_loudness_range": 4.879692077636719,
      "side_mean": -42.24871063232422
    }
  ],
  "bands_short": [
    {
      "high_freq": 148.1999969482422,
      "loudness": -40.51935958862305,
      "loudness_range": 22.42626953125,
      "mid_mean": -36.8716926574707,
      "mid_to_side_loudness": -23.734329223632812,
      "mid_to_side_loudness_range": 11.993978500366211,
      "side_mean": -59.87407302856445
    },
    {
      "high_freq": 392.3793640136719,
      "loudness": -24.725858688354492,
      "loudness_range": 14.015731811523438,
      "low_freq": 148.1999969482422,
      "mid_mean": -21.205076217651367,
      "mid_to_side_loudness": -21.346233367919922,
      "mid_to_side_loudness_range": 16.07076072692871,
      "side_mean": -42.52519226074219
    },
    {
      "high_freq": 794.6976318359375,
      "loudness": -26.544902801513672,
      "loudness_range": 14.101753234863281,
      "low_freq": 392.3793640136719,
      "mid_mean": -24.330411911010742,
      "mid_to_side_loudness": -6.970801830291748,
      "mid_to_side_loudness_range": 18.5035457611084,
      "side_mean": -30.191375732421875
    },
    {
      "high_freq": 1457.5709228515625,
      "loudness": -26.484535217285156,
      "loudness_range": 15.359914779663086,
      "low_freq": 794.6976318359375,
      "mid_mean": -25.138227462768555,
      "mid_to_side_loudness": -2.9807116985321045,
      "mid_to_side_loudness_range": 11.474679946899414,
      "side_mean": -27.21347427368164
    },
    {
      "high_freq": 2549.74365234375,
      "loudness": -26.080385208129883,
      "loudness_range": 16.99660873413086,
      "low_freq": 1457.5709228515625,
      "mid_mean": -25.02783966064453,
      "mid_to_side_loudness": -1.7411255836486816,
      "mid_to_side_loudness_range": 7.448203086853027,
      "side_mean": -26.25285530090332
    },
    {
      "high_freq": 4349.24462890625,
      "loudness": -24.893238067626953,
      "loudness_range": 17.141904830932617,
      "low_freq": 2549.74365234375,
      "mid_mean": -24.282028198242188,
      "mid_to_side_loudness": -0.2622022032737732,
      "mid_to_side_loudness_range": 3.512115955352783,
      "side_mean": -24.43376350402832
    },
    {
      "high_freq": 7314.1640625,
      "loudness": -30.23236656188965,
      "loudness_range": 17.876651763916016,
      "low_freq": 4349.24462890625,
      "mid_mean": -29.959228515625,
      "mid_to_side_loudness": 0.5574504137039185,
      "mid_to_side_loudness_range": 4.190873146057129,
      "side_mean": -29.535402297973633
    },
    {
      "high_freq": 12199.2666015625,
      "loudness": -35.50972366333008,
      "loudness_range": 19.355640411376953,
      "low_freq": 7314.1640625,
      "mid_mean": -35.59584045410156,
      "mid_to_side_loudness": 1.1485018730163574,
      "mid_to_side_loudness_range": 7.1815505027771,
      "side_mean": -34.7003059387207
    },
    {
      "loudness": -44.394447326660156,
      "loudness_range": 19.609786987304688,
      "low_freq": 12199.2666015625,
      "mid_mean": -43.566261291503906,
      "mid_to_side_loudness": -1.3217918872833252,
      "mid_to_side_loudness_range": 5.976147174835205,
      "side_mean": -44.77997970581055
    }
  ],
  "channels": 2,
  "covariance": [
    [
      42.441673278808594,
      26.529224395751953,
      10.327530860900879,
      2.663595676422119,
      7.833003044128418,
      1.463075876235962,
      4.355903625488281,
      1.518426537513733,
      4.050417423248291,
      2.1344990730285645,
      2.4956188201904297,
      2.3421030044555664,
      4.730162143707275,
      5.430263042449951,
      4.202099323272705,
      5.8894853591918945,
      9.03636360168457,
      6.160239219665527
    ],
    [
      26.529224395751953,
      23.213478088378906,
      6.611627101898193,
      1.3309441804885864,
      5.165643692016602,
      1.266149640083313,
      3.242109537124634,
      1.4989384412765503,
      2.746981382369995,
      1.5788607597351074,
      2.0162458419799805,
      1.9742538928985596,
      3.642554521560669,
      4.069266319274902,
      3.4456961154937744,
      4.421727657318115,
      6.362892150878906,
      4.621121406555176
    ],
    [
      10.327530860900879,
      6.611627101898193,
      19.01845932006836,
      16.93919563293457,
      6.686338424682617,
      1.4617983102798462,
      4.3813581466674805,
      0.29911690950393677,
      0.784308135509491,
      -0.24343056976795197,
      -0.49609383940696716,
      -0.8449662327766418,
      -1.2955998182296753,
      -0.25503453612327576,
      -1.3186813592910767,
      1.0743107795715332,
      4.989933013916016,
      2.0551440715789795
    ],
    [
      2.663595676422119,
      1.3309441804885864,
      16.93919563293457,
      46.441810607910156,
      9.057291984558105,
      7.628539085388184,
      3.3548684120178223,
      -0.24453532695770264,
      -4.328917503356934,
      -4.321627616882324,
      -6.387728691101074,
      -6.121291637420654,
      -11.452773094177246,
      -10.23969554901123,
      -12.991171836853027,
      -9.601020812988281,
      0.4980335831642151,
      -2.0048294067382812
    ],
    [
      7.833003044128418,
      5.165643692016602,
      6.686338424682617,
      9.057291984558105,
      16.153865814208984,
      14.113752365112305,
      4.410802841186523,
      1.9760377407073975,
      3.7301723957061768,
      3.7187397480010986,
      2.654467821121216,
      2.5369324684143066,
      3.034489393234253,
      3.2435572147369385,
      3.015974521636963,
      3.471212148666382,
      4.430780410766602,
      3.7725861072540283
    ],
    [
      1.463075876235962,
      1.266149640083313,
      1.4617983102798462,
      7.628539085388184,
      14.113752365112305,
      31.17820167541504,
      4.429323673248291,
      3.9226083755493164,
      6.877867221832275,
      8.348494529724121,
      5.080558776855469,
      4.870415210723877,
      4.456823825836182,
      3.664177894592285,
      5.365524768829346,
      3.3584377765655518,
      2.786564826965332,
      4.493756294250488
    ],
    [
      4.355903625488281,
      3.242109537124634,
      4.3813581466674805,
      3.3548684120178223,
      4.410802841186523,
      4.429323673248291,
      15.583805084228516,
      11.557056427001953,
      6.811010837554932,
      6.048243999481201,
      6.261650562286377,
      5.963048458099365,
      6.264025688171387,
      6.2835693359375,
      6.179601192474365,
      6.328714370727539,
      6.754262924194336,
      6.154056549072266
    ],
    [
      1.518426537513733,
      1.4989384412765503,
      0.29911690950393677,
      -0.24453532695770264,
      1.9760377407073975,
      3.9226083755493164,
      11.557056427001953,
      15.949807167053223,
      7.904180526733398,
      7.408154487609863,
      8.124688148498535,
      8.262761116027832,
      9.375656127929688,
      8.726789474487305,
      8.893071174621582,
      7.318775653839111,
      5.824832439422607,
      6.979579925537109
    ],
    [
      4.050417423248291,
      2.746981382369995,
      0.784308135509491,
      -4.328917503356934,
      3.7301723957061768,
      6.877867221832275,
      6.811010837554932,
      7.904180526733398,
      19.522064208984375,
      17.01900863647461,
      14.510682106018066,
      14.249545097351074,
      14.631278038024902,
      14.237643241882324,
      15.160578727722168,
      13.468175888061523,
      8.655006408691406,
      8.73790168762207
    ],
    [
      2.1344990730285645,
      1.5788607597351074,
      -0.24343056976795197,
      -4.321627616882324,
      3.7187397480010986,
      8.348494529724121,
      6.048243999481201,
      7.408154487609863,
      17.01900863647461,
      18.317138671875,
      14.189471244812012,
      13.984789848327637,
      14.629552841186523,
      13.991789817810059,
      15.229543685913086,
      12.937416076660156,
      7.84405517578125,
      8.82265853881836
    ],
    [
      2.4956188201904297,
      2.0162458419799805,
      -0.49609383940696716,
      -6.387728691101074,
      2.654467821121216,
      5.080558776855469,
      6.261650562286377,
      8.124688148498535,
      14.510682106018066,
      14.189471244812012,
      21.71005630493164,
      21.39920425415039,
      19.319686889648438,
      18.37957191467285,
      20.4035701751709,
      17.308696746826172,
      10.289360046386719,
      11.76084041595459
    ],
    [
      2.3421030044555664,
      1.9742538928985596,
      -0.8449662327766418,
      -6.121291637420654,
      2.5369324684143066,
      4.870415210723877,
      5.963048458099365,
      8.262761116027832,
      14.249545097351074,
      13.984789848327637,
      21.39920425415039,
      21.727764129638672,
      19.567649841308594,
      18.52337074279785,
      20.333158493041992,
      17.068058013916016,
      10.031806945800781,
      11.780914306640625
    ],
    [
      4.730162143707275,
      3.642554521560669,
      -1.2955998182296753,
      -11.452773094177246,
      3.034489393234253,
      4.456823825836182,
      6.264025688171387,
      9.375656127929688,
      14.631278038024902,
      14.629552841186523,
      19.319686889648438,
      19.567649841308594,
      25.4372615814209,
      24.119333267211914,
      23.364238739013672,
      19.726045608520508,
      11.773941993713379,
      13.667274475097656
    ],
    [
      5.430263042449951,
      4.069266319274902,
      -0.25503453612327576,
      -10.23969554901123,
      3.2435572147369385,
      3.664177894592285,
      6.2835693359375,
      8.726789474487305,
      14.237643241882324,
      13.991789817810059,
      18.37957191467285,
      18.52337074279785,
      24.119333267211914,
      23.689416885375977,
      22.502574920654297,
      19.84324836730957,
      12.790396690368652,
      13.778833389282227
    ],
    [
      4.202099323272705,
      3.4456961154937744,
      -1.3186813592910767,
      -12.991171836853027,
      3.015974521636963,
      5.365524768829346,
      6.179601192474365,
      8.893071174621582,
      15.160578727722168,
      15.229543685913086,
      20.4035701751709,
      20.333158493041992,
      23.364238739013672,
      22.502574920654297,
      29.429330825805664,
      24.577877044677734,
      13.487224578857422,
      15.847838401794434
    ],
    [
      5.8894853591918945,
      4.421727657318115,
      1.0743107795715332,
      -9.601020812988281,
      3.471212148666382,
      3.3584377765655518,
      6.328714370727539,
      7.318775653839111,
      13.468175888061523,
      12.937416076660156,
      17.308696746826172,
      17.068058013916016,
      19.726045608520508,
      19.84324836730957,
      24.577877044677734,
      23.917469024658203,
      15.385798454284668,
      15.314437866210938
    ],
    [
      9.03636360168457,
      6.362892150878906,
      4.989933013916016,
      0.4980335831642151,
      4.430780410766602,
      2.786564826965332,
      6.754262924194336,
      5.824832439422607,
      8.655006408691406,
      7.84405517578125,
      10.289360046386719,
      10.031806945800781,
      11.773941993713379,
      12.790396690368652,
      13.487224578857422,
      15.385798454284668,
      19.891828536987305,
      16.687347412109375
    ],
    [
      6.160239219665527,
      4.621121406555176,
      2.0551440715789795,
      -2.0048294067382812,
      3.7725861072540283,
      4.493756294250488,
      6.154056549072266,
      6.979579925537109,
      8.73790168762207,
      8.82265853881836,
      11.76084041595459,
      11.780914306640625,
      13.667274475097656,
      13.778833389282227,
      15.847838401794434,
      15.314437866210938,
      16.687347412109375,
      16.843856811523438
    ]
  ],
  "covariance_short": [
    [
      62.171104431152344,
      32.601226806640625,
      16.613880157470703,
      8.780927658081055,
      7.669957160949707,
      2.3067946434020996,
      9.084634780883789,
      7.400888919830322,
      6.6290130615234375,
      4.128756999969482,
      4.513641834259033,
      4.317264080047607,
      8.293143272399902,
      9.418600082397461,
      6.716681003570557,
      9.716322898864746,
      13.3780517578125,
      11.278691291809082
    ],
    [
      32.601226806640625,
      23.8148193359375,
      10.081815719604492,
      6.184059143066406,
      4.807469844818115,
      2.0455410480499268,
      5.346925258636475,
      4.406971454620361,
      4.061647891998291,
      2.6958789825439453,
      2.8719711303710938,
      2.79876446723938,
      4.9175705909729,
      5.503932952880859,
      4.257809162139893,
      5.94880485534668,
      7.9888482093811035,
      6.887704372406006
    ],
    [
      16.613880157470703,
      10.081815719604492,
      28.62165641784668,
      24.737010955810547,
      13.243240356445312,
      5.500138759613037,
      9.4485445022583,
      2.9656426906585693,
      3.6809418201446533,
      1.2686463594436646,
      0.7428969740867615,
      0.10582160204648972,
      0.12852074205875397,
      1.6567174196243286,
      -0.6157665252685547,
      3.0545053482055664,
      7.658614635467529,
      4.791720867156982
    ],
    [
      8.780927658081055,
      6.184059143066406,
      24.737010955810547,
      47.07307434082031,
      14.002240180969238,
      12.815958023071289,
      9.847801208496094,
      3.9410603046417236,
      2.1883630752563477,
      1.1236118078231812,
      -2.670461893081665,
      -2.8310225009918213,
      -6.693562030792236,
      -5.152616024017334,
      -8.842254638671875,
      -5.039854049682617,
      6.100826263427734,
      3.646782159805298
    ],
    [
      7.669957160949707,
      4.807469844818115,
      13.243240356445312,
      14.002240180969238,
      25.913253784179688,
      20.948486328125,
      9.240374565124512,
      6.894984245300293,
      7.8734025955200195,
      7.286309719085693,
      5.430841445922852,
      4.9955925941467285,
      5.143973350524902,
      5.721490383148193,
      4.19115686416626,
      6.006169319152832,
      7.459494590759277,
      6.655124664306641
    ],
    [
      2.3067946434020996,
      2.0455410480499268,
      5.500138759613037,
      12.815958023071289,
      20.948486328125,
      51.4705696105957,
      15.599356651306152,
      17.220474243164062,
      16.28635025024414,
      18.445646286010742,
      11.745851516723633,
      11.599381446838379,
      10.154598236083984,
      9.608128547668457,
      8.344183921813965,
      7.922589302062988,
      9.667302131652832,
      11.004536628723145
    ],
    [
      9.084634780883789,
      5.346925258636475,
      9.4485445022583,
      9.847801208496094,
      9.240374565124512,
      15.599356651306152,
      31.642139434814453,
      27.735214233398438,
      16.846450805664062,
      16.40652084350586,
      13.23338508605957,
      12.705606460571289,
      13.831391334533691,
      14.136069297790527,
      13.278458595275879,
      14.19218635559082,
      17.067617416381836,
      16.380033493041992
    ],
    [
      7.400888919830322,
      4.406971454620361,
      2.9656426906585693,
      3.9410603046417236,
      6.894984245300293,
      17.220474243164062,
      27.735214233398438,
      39.39576721191406,
      21.01170539855957,
      22.237741470336914,
      18.524328231811523,
      18.858606338500977,
      21.13253402709961,
      20.5364990234375,
      20.35300636291504,
      18.78156280517578,
      19.781635284423828,
      21.510478973388672
    ],
    [
      6.6290130615234375,
      4.061647891998291,
      3.6809418201446533,
      2.1883630752563477,
      7.8734025955200195,
      16.28635025024414,
      16.846450805664062,
      21.01170539855957,
      38.070674896240234,
      35.154361724853516,
      26.862567901611328,
      26.74370765686035,
      28.02138900756836,
      28.07203483581543,
      27.119346618652344,
      26.75550651550293,
      21.487873077392578,
      22.49782371520996
    ],
    [
      4.128756999969482,
      2.6958789825439453,
      1.2686463594436646,
      1.1236118078231812,
      7.286309719085693,
      18.445646286010742,
      16.40652084350586,
      22.237741470336914,
      35.154361724853516,
      40.121978759765625,
      27.988296508789062,
      28.054630279541016,
      29.504188537597656,
      28.771026611328125,
      29.23829460144043,
      26.86350440979004,
      20.678781509399414,
      22.83042335510254
    ],
    [
      4.513641834259033,
      2.8719711303710938,
      0.7428969740867615,
      -2.670461893081665,
      5.430841445922852,
      11.745851516723633,
      13.23338508605957,
      18.524328231811523,
      26.862567901611328,
      27.988296508789062,
      39.85195541381836,
      39.31938934326172,
      35.63709259033203,
      34.55299758911133,
      35.47887420654297,
      32.552040100097656,
      24.06637954711914,
      26.870540618896484
    ],
    [
      4.317264080047607,
      2.79876446723938,
      0.10582160204648972,
      -2.8310225009918213,
      4.9955925941467285,
      11.599381446838379,
      12.705606460571289,
      18.858606338500977,
      26.74370765686035,
      28.054630279541016,
      39.31938934326172,
      40.968650817871094,
      36.52622985839844,
      35.188804626464844,
      35.905277252197266,
      32.55445098876953,
      24.01998519897461,
      27.232683181762695
    ],
    [
      8.293143272399902,
      4.9175705909729,
      0.12852074205875397,
      -6.693562030792236,
      5.143973350524902,
      10.154598236083984,
      13.831391334533691,
      21.13253402709961,
      28.02138900756836,
      29.504188537597656,
      35.63709259033203,
      36.52622985839844,
      47.36668014526367,
      44.72220993041992,
      42.90679168701172,
      39.024662017822266,
      30.045591354370117,
      33.73402786254883
    ],
    [
      9.418600082397461,
      5.503932952880859,
      1.6567174196243286,
      -5.152616024017334,
      5.721490383148193,
      9.608128547668457,
      14.136069297790527,
      20.5364990234375,
      28.07203483581543,
      28.771026611328125,
      34.55299758911133,
      35.188804626464844,
      44.72220993041992,
      45.686912536621094,
      41.93752670288086,
      39.7551383972168,
      31.78757667541504,
      34.41402053833008
    ],
    [
      6.716681003570557,
      4.257809162139893,
      -0.6157665252685547,
      -8.842254638671875,
      4.19115686416626,
      8.344183921813965,
      13.278458595275879,
      20.35300636291504,
      27.119346618652344,
      29.23829460144043,
      35.47887420654297,
      35.905277252197266,
      42.90679168701172,
      41.93752670288086,
      56.311527252197266,
      49.85857009887695,
      35.789363861083984,
      39.95579528808594
    ],
    [
      9.716322898864746,
      5.94880485534668,
      3.0545053482055664,
      -5.039854049682617,
      6.006169319152832,
      7.922589302062988,
      14.19218635559082,
      18.78156280517578,
      26.75550651550293,
      26.86350440979004,
      32.552040100097656,
      32.55445098876953,
      39.024662017822266,
      39.7551383972168,
      49.85857009887695,
      50.85170364379883,
      39.46659851074219,
      40.42061233520508
    ],
    [
      13.3780517578125,
      7.9888482093811035,
      7.658614635467529,
      6.100826263427734,
      7.459494590759277,
      9.667302131652832,
      17.067617416381836,
      19.781635284423828,
      21.487873077392578,
      20.678781509399414,
      24.06637954711914,
      24.01998519897461,
      30.045591354370117,
      31.78757667541504,
      35.789363861083984,
      39.46659851074219,
      54.72365951538086,
      49.69102478027344
    ],
    [
      11.278691291809082,
      6.887704372406006,
      4.791720867156982,
      3.646782159805298,
      6.655124664306641,
      11.004536628723145,
      16.380033493041992,
      21.510478973388672,
      22.49782371520996,
      22.83042335510254,
      26.870540618896484,
      27.232683181762695,
      33.73402786254883,
      34.41402053833008,
      39.95579528808594,
      40.42061233520508,
      49.69102478027344,
      51.738407135009766
    ]
  ],
  "drr": 10.387012481689453,
  "dynamics": 2.7223565578460693,
  "format": 1245190,
  "frames": 5711872,
  "loudness": -12.642858505249023,
  "loudness_range": 6.221840858459473,
  "loudness_range_short": 10.806188583374023,
  "peak": -0.02434670925140381,
  "rms": -16.311296463012695,
  "sample_rate": 44100,
  "sections": 1,
  "seekable": 1,
  "sharpness": 3.2416863441467285,
  "space": -3.8824141025543213
}