{
  "bands": [
    {
      "high_freq": 148.1999969482422,
      "loudness": -33.46110916137695,
      "loudness_range": 24.610549926757812,
      "mid_mean": -30.14741325378418,
      "mid_to_side_loudness": -17.073331832885742,
      "mid_to_side_loudness_range": 25.709264755249023,
      "side_mean": -47.91236877441406
    },
    {
      "high_freq": 392.3793640136719,
      "loudness": -23.322525024414062,
      "loudness_range": 14.066140174865723,
      "low_freq": 148.1999969482422,
      "mid_mean": -19.990131378173828,
      "mid_to_side_loudness": -14.024128913879395,
      "mid_to_side_loudness_range": 22.416852951049805,
      "side_mean": -34.297176361083984
    },
    {
      "high_freq": 794.6976318359375,
      "loudness": -28.41147232055664,
      "loudness_range": 23.030855178833008,
      "low_freq": 392.3793640136719,
      "mid_mean": -25.684755325317383,
      "mid_to_side_loudness": -9.00511360168457,
      "mid_to_side_loudness_range": 20.90325164794922,
      "side_mean": -35.24611282348633
    },
    {
      "high_freq": 1457.5709228515625,
      "loudness": -36.92803192138672,
      "loudness_range": 33.46580505371094,
      "low_freq": 794.6976318359375,
      "mid_mean": -34.1554069519043,
      "mid_to_side_loudness": -10.558741569519043,
      "mid_to_side_loudness_range": 22.634714126586914,
      "side_mean": -45.07988357543945
    },
    {
      "high_freq": 2549.74365234375,
      "loudness": -42.90217208862305,
      "loudness_range": 29.7668514251709,
      "low_freq": 1457.5709228515625,
      "mid_mean": -40.11348342895508,
      "mid_to_side_loudness": -12.68621826171875,
      "mid_to_side_loudness_range": 26.25173568725586,
      "side_mean": -53.455169677734375
    },
    {
      "high_freq": 4349.24462890625,
      "loudness": -46.984039306640625,
      "loudness_range": 31.388025283813477,
      "low_freq": 2549.74365234375,
      "mid_mean": -44.310943603515625,
      "mid_to_side_loudness": -15.327972412109375,
      "mid_to_side_loudness_range": 25.539947509765625,
      "side_mean": -59.54367446899414
    },
    {
      "high_freq": 7314.1640625,
      "loudness": -56.83979415893555,
      "loudness_range": 30.254722595214844,
      "low_freq": 4349.24462890625,
      "mid_mean": -53.79255676269531,
      "mid_to_side_loudness": -15.068345069885254,
      "mid_to_side_loudness_range": 23.742034912109375,
      "side_mean": -65.57351684570312
    },
    {
      "high_freq": 12199.2666015625,
      "loudness": -57.45201873779297,
      "loudness_range": 34.76334762573242,
      "low_freq": 7314.1640625,
      "mid_mean": -53.587284088134766,
      "mid_to_side_loudness": -13.33163070678711,
      "mid_to_side_loudness_range": 21.657793045043945,
      "side_mean": -64.78117370605469
    },
    {
      "loudness": -58.629764556884766,
      "loudness_range": 21.025245666503906,
      "low_freq": 12199.2666015625,
      "mid_mean": -55.65325927734375,
      "mid_to_side_loudness": -7.855821132659912,
      "mid_to_side_loudness_range": 17.192108154296875,
      "side_mean": -62.95294189453125
    }
  ],
  "bands_short": [
    {
      "high_freq": 148.1999969482422,
      "loudness": -41.95420455932617,
      "loudness_range": 28.76919174194336,
      "mid_mean": -38.698699951171875,
      "mid_to_side_loudness": -14.574676513671875,
      "mid_to_side_loudness_range": 24.68539047241211,
      "side_mean": -53.19629669189453
    },
    {
      "high_freq": 392.3793640136719,
      "loudness": -22.999000549316406,
      "loudness_range": 14.501092910766602,
      "low_freq": 148.1999969482422,
      "mid_mean": -19.6599178314209,
      "mid_to_side_loudness": -15.290684700012207,
      "mid_to_side_loudness_range": 23.661575317382812,
      "side_mean": -35.339599609375
    },
    {
      "high_freq": 794.6976318359375,
      "loudness": -29.47648048400879,
      "loudness_range": 24.552244186401367,
      "low_freq": 392.3793640136719,
      "mid_mean": -26.685001373291016,
      "mid_to_side_loudness": -9.189034461975098,
      "mid_to_side_loudness_range": 21.493303298950195,
      "side_mean": -36.480167388916016
    },
    {
      "high_freq": 1457.5709228515625,
      "loudness": -37.22597885131836,
      "loudness_range": 34.58272933959961,
      "low_freq": 794.6976318359375,
      "mid_mean": -34.5364875793457,
      "mid_to_side_loudness": -9.99611759185791,
      "mid_to_side_loudness_range": 23.053600311279297,
      "side_mean": -44.91750717163086
    },
    {
      "high_freq": 2549.74365234375,
      "loudness": -44.32512283325195,
      "loudness_range": 32.137908935546875,
      "low_freq": 1457.5709228515625,
      "mid_mean": -41.694271087646484,
      "mid_to_side_loudness": -12.102482795715332,
      "mid_to_side_loudness_range": 25.65727424621582,
      "side_mean": -54.595542907714844
    },
    {
      "high_freq": 4349.24462890625,
      "loudness": -47.804290771484375,
      "loudness_range": 32.715885162353516,
      "low_freq": 2549.74365234375,
      "mid_mean": -46.331607818603516,
      "mid_to_side_loudness": -14.25707721710205,
      "mid_to_side_loudness_range": 25.791332244873047,
      "side_mean": -60.301414489746094
    },
    {
      "high_freq": 7314.1640625,
      "loudness": -58.8480224609375,
      "loudness_range": 31.552101135253906,
      "low_freq": 4349.24462890625,
      "mid_mean": -55.56314468383789,
      "mid_to_side_loudness": -13.364919662475586,
      "mid_to_side_loudness_range": 23.025556564331055,
      "side_mean": -66.00153350830078
    },
    {
      "high_freq": 12199.2666015625,
      "loudness": -58.764461517333984,
      "loudness_range": 34.15626907348633,
      "low_freq": 7314.1640625,
      "mid_mean": -54.80974197387695,
      "mid_to_side_loudness": -12.431906700134277,
      "mid_to_side_loudness_range": 21.222118377685547,
      "side_mean": -65.08979797363281
    },
    {
      "loudness": -59.084659576416016,
      "loudness_range": 20.643592834472656,
      "low_freq": 12199.2666015625,
      "mid_mean": -56.155799865722656,
      "mid_to_side_loudness": -7.13702917098999,
      "mid_to_side_loudness_range": 14.674342155456543,
      "side_mean": -63.0944709777832
    }
  ],
  "channels": 2,
  "covariance": [
    [
      78.64193725585938,
      31.203662872314453,
      4.267465591430664,
      19.123491287231445,
      8.56781005859375,
      13.719629287719727,
      14.509727478027344,
      17.16645050048828,
      13.700571060180664,
      21.721086502075195,
      10.831459999084473,
      16.067333221435547,
      13.482247352600098,
      6.981770038604736,
      15.54345989227295,
      8.483335494995117,
      10.000038146972656,
      2.35719633102417
    ],
    [
      31.203662872314453,
      77.32254791259766,
      2.094738006591797,
      37.990726470947266,
      10.080788612365723,
      30.443485260009766,
      2.3079090118408203,
      28.40654754638672,
      2.4484782218933105,
      33.6495246887207,
      -7.402939319610596,
      17.75963592529297,
      -10.339454650878906,
      5.164310455322266,
      -18.133262634277344,
      -3.1031932830810547,
      -9.361772537231445,
      -1.8302332162857056
    ],
    [
      4.267465591430664,
      2.094738006591797,
      28.897113800048828,
      20.002824783325195,
      25.65175437927246,
      16.873226165771484,
      33.38238525390625,
      20.258703231811523,
      32.98328399658203,
      26.31911849975586,
      32.50304412841797,
      23.15559959411621,
      31.18890380859375,
      10.079203605651855,
      32.92427444458008,
      11.59860610961914,
      18.281635284423828,
      2.491126537322998
    ],
    [
      19.123491287231445,
      37.990726470947266,
      20.002824783325195,
      73.52583312988281,
      30.909608840942383,
      55.17691421508789,
      33.60792541503906,
      55.42978286743164,
      30.136594772338867,
      66.38676452636719,
      22.86307716369629,
      44.84266662597656,
      18.78408432006836,
      16.9091854095459,
      15.207438468933105,
      8.54255485534668,
      7.597668647766113,
      2.462709665298462
    ],
    [
      8.56781005859375,
      10.080788612365723,
      25.65175437927246,
      30.909608840942383,
      63.41331100463867,
      49.807132720947266,
      65.572509765625,
      52.58243942260742,
      61.538612365722656,
      61.82986831665039,
      53.15737533569336,
      51.07231521606445,
      40.981788635253906,
      20.9522762298584,
      43.28011703491211,
      22.17609405517578,
      27.002445220947266,
      4.562600612640381
    ],
    [
      13.719629287719727,
      30.443485260009766,
      16.873226165771484,
      55.17691421508789,
      49.807132720947266,
      99.86229705810547,
      40.86907958984375,
      76.49311828613281,
      34.711246490478516,
      85.0771713256836,
      22.249820709228516,
      57.863529205322266,
      16.6379337310791,
      20.544031143188477,
      7.093955993652344,
      8.204598426818848,
      2.668207883834839,
      2.9834907054901123
    ],
    [
      14.509727478027344,
      2.3079090118408203,
      33.38238525390625,
      33.60792541503906,
      65.572509765625,
      40.86907958984375,
      106.7898941040039,
      68.46192932128906,
      90.54727172851562,
      76.75777435302734,
      83.51299285888672,
      70.3956527709961,
      65.80935668945312,
      30.379627227783203,
      73.34503173828125,
      35.80312728881836,
      44.63082504272461,
      6.113937854766846
    ],
    [
      17.16645050048828,
      28.40654754638672,
      20.258703231811523,
      55.42978286743164,
      52.58243942260742,
      76.49311828613281,
      68.46192932128906,
      100.66461944580078,
      57.16907501220703,
      99.7231216430664,
      44.38011169433594,
      74.0831069946289,
      29.505735397338867,
      28.257041931152344,
      23.755226135253906,
      17.663000106811523,
      13.225377082824707,
      3.477952003479004
    ],
    [
      13.700571060180664,
      2.4484782218933105,
      32.98328399658203,
      30.136594772338867,
      61.538612365722656,
      34.711246490478516,
      90.54727172851562,
      57.16907501220703,
      100.63109588623047,
      76.00254821777344,
      92.24162292480469,
      71.56778717041016,
      71.04206085205078,
      31.198434829711914,
      78.58543395996094,
      34.876953125,
      48.02678680419922,
      5.6990180015563965
    ],
    [
      21.721086502075195,
      33.6495246887207,
      26.31911849975586,
      66.38676452636719,
      61.82986831665039,
      85.0771713256836,
      76.75777435302734,
      99.7231216430664,
      76.00254821777344,
      130.17916870117188,
      60.18060302734375,
      94.59941864013672,
      42.787139892578125,
      35.309242248535156,
      34.66584777832031,
      20.9162540435791,
      20.472789764404297,
      4.368419647216797
    ],
    [
      10.831459999084473,
      -7.402939319610596,
      32.50304412841797,
      22.86307716369629,
      53.15737533569336,
      22.249820709228516,
      83.51299285888672,
      44.38011169433594,
      92.24162292480469,
      60.18060302734375,
      117.01705932617188,
      69.78612518310547,
      89.32125091552734,
      35.0181884765625,
      103.57093048095703,
      40.46337127685547,
      60.036563873291016,
      5.929720878601074
    ],
    [
      16.067333221435547,
      17.75963592529297,
      23.15559959411621,
      44.84266662597656,
      51.07231521606445,
      57.863529205322266,
      70.3956527709961,
      74.0831069946289,
      71.56778717041016,
      94.59941864013672,
      69.78612518310547,
      87.96844482421875,
      48.82392883300781,
      36.66257858276367,
      45.04533386230469,
      24.276363372802734,
      26.61036491394043,
      4.7286057472229
    ],
    [
      13.482247352600098,
      -10.339454650878906,
      31.18890380859375,
      18.78408432006836,
      40.981788635253906,
      16.6379337310791,
      65.80935668945312,
      29.505735397338867,
      71.04206085205078,
      42.787139892578125,
      89.32125091552734,
      48.82392883300781,
      102.56684112548828,
      33.49966049194336,
      105.6138687133789,
      38.433319091796875,
      62.42145538330078,
      7.555288314819336
    ],
    [
      6.981770038604736,
      5.164310455322266,
      10.079203605651855,
      16.9091854095459,
      20.9522762298584,
      20.544031143188477,
      30.379627227783203,
      28.257041931152344,
      31.198434829711914,
      35.309242248535156,
      35.0181884765625,
      36.66257858276367,
      33.49966049194336,
      25.585025787353516,
      28.657350540161133,
      16.135623931884766,
      17.758771896362305,
      4.00944709777832
    ],
    [
      15.54345989227295,
      -18.133262634277344,
      32.92427444458008,
      15.207438468933105,
      43.28011703491211,
      7.093955993652344,
      73.34503173828125,
      23.755226135253906,
      78.58543395996094,
      34.66584777832031,
      103.57093048095703,
      45.04533386230469,
      105.6138687133789,
      28.657350540161133,
      143.8914337158203,
      51.87471008300781,
      85.86428833007812,
      10.900148391723633
    ],
    [
      8.483335494995117,
      -3.1031932830810547,
      11.59860610961914,
      8.54255485534668,
      22.17609405517578,
      8.204598426818848,
      35.80312728881836,
      17.663000106811523,
      34.876953125,
      20.9162540435791,
      40.46337127685547,
      24.276363372802734,
      38.433319091796875,
      16.135623931884766,
      51.87471008300781,
      25.098859786987305,
      33.97144317626953,
      6.8579936027526855
    ],
    [
      10.000038146972656,
      -9.361772537231445,
      18.281635284423828,
      7.597668647766113,
      27.002445220947266,
      2.668207883834839,
      44.63082504272461,
      13.225377082824707,
      48.02678680419922,
      20.472789764404297,
      60.036563873291016,
      26.61036491394043,
      62.42145538330078,
      17.758771896362305,
      85.86428833007812,
      33.97144317626953,
      57.84054946899414,
      9.314162254333496
    ],
    [
      2.35719633102417,
      -1.8302332162857056,
      2.491126537322998,
      2.462709665298462,
      4.562600612640381,
      2.9834907054901123,
      6.113937854766846,
      3.477952003479004,
      5.6990180015563965,
      4.368419647216797,
      5.929720878601074,
      4.7286057472229,
      7.555288314819336,
      4.00944709777832,
      10.900148391723633,
      6.8579936027526855,
      9.314162254333496,
      5.588652610778809
    ]
  ],
  "covariance_short": [
    [
      96.634765625,
      49.809688568115234,
      19.811458587646484,
      28.83567237854004,
      22.547483444213867,
      30.0907039642334,
      30.128456115722656,
      32.878971099853516,
      30.02947235107422,
      38.556243896484375,
      26.517528533935547,
      28.45517921447754,
      22.551353454589844,
      11.219728469848633,
      20.309545516967773,
      10.555782318115234,
      9.828285217285156,
      0.5981467962265015
    ],
    [
      49.809688568115234,
      82.5989990234375,
      6.367386341094971,
      40.40286636352539,
      16.052536010742188,
      38.10620880126953,
      11.244047164916992,
      34.68913650512695,
      10.97896957397461,
      36.74557876586914,
      0.9451786279678345,
      21.626453399658203,
      -4.167750358581543,
      6.76016902923584,
      -11.312652587890625,
      -0.6316142678260803,
      -6.362183570861816,
      -1.4708523750305176
    ],
    [
      19.811458587646484,
      6.367386341094971,
      28.06245231628418,
      19.999164581298828,
      24.400571823120117,
      15.554197311401367,
      29.9525146484375,
      18.82489776611328,
      31.371471405029297,
      22.91141700744629,
      29.355985641479492,
      19.790634155273438,
      26.216876983642578,
      7.491908550262451,
      27.38206672668457,
      9.43612003326416,
      15.071810722351074,
      1.7879350185394287
    ],
    [
      28.83567237854004,
      40.40286636352539,
      19.999164581298828,
      82.16716003417969,
      33.32158279418945,
      57.300628662109375,
      37.77329635620117,
      54.96840286254883,
      34.706298828125,
      65.28689575195312,
      28.330108642578125,
      44.06078338623047,
      22.13373374938965,
      16.22983741760254,
      17.945186614990234,
      8.401043891906738,
      7.679131507873535,
      1.6972734928131104
    ],
    [
      22.547483444213867,
      16.052536010742188,
      24.400571823120117,
      33.32158279418945,
      71.53105926513672,
      54.10673522949219,
      71.53932189941406,
      56.65633773803711,
      66.06891632080078,
      62.814701080322266,
      59.84581756591797,
      51.9332160949707,
      44.5316276550293,
      19.37681770324707,
      44.17652130126953,
      21.141889572143555,
      25.76662826538086,
      3.061864137649536
    ],
    [
      30.0907039642334,
      38.10620880126953,
      15.554197311401367,
      57.300628662109375,
      54.10673522949219,
      104.45735931396484,
      48.81109619140625,
      82.85638427734375,
      39.85905075073242,
      85.99116516113281,
      27.477720260620117,
      58.09541702270508,
      21.236343383789062,
      20.451025009155273,
      11.82749080657959,
      9.492831230163574,
      5.259193420410156,
      3.4714198112487793
    ],
    [
      30.128456115722656,
      11.244047164916992,
      29.9525146484375,
      37.77329635620117,
      71.53932189941406,
      48.81109619140625,
      117.68794250488281,
      76.07894897460938,
      98.35909271240234,
      83.24589538574219,
      91.84366607666016,
      73.84748077392578,
      69.59880828857422,
      29.01398277282715,
      72.51290893554688,
      34.48619079589844,
      42.22544479370117,
      4.605273246765137
    ],
    [
      32.878971099853516,
      34.68913650512695,
      18.82489776611328,
      54.96840286254883,
      56.65633773803711,
      82.85638427734375,
      76.07894897460938,
      107.84104919433594,
      62.55421447753906,
      101.76301574707031,
      50.38102340698242,
      73.63314056396484,
      32.8951416015625,
      27.21075439453125,
      24.58652114868164,
      17.444564819335938,
      13.49632740020752,
      3.605011224746704
    ],
    [
      30.02947235107422,
      10.97896957397461,
      31.371471405029297,
      34.706298828125,
      66.06891632080078,
      39.85905075073242,
      98.35909271240234,
      62.55421447753906,
      114.84174346923828,
      80.9809799194336,
      106.02404022216797,
      74.91313934326172,
      80.22077178955078,
      30.494197845458984,
      81.94364929199219,
      34.78046417236328,
      47.768062591552734,
      4.475602626800537
    ],
    [
      38.556243896484375,
      36.74557876586914,
      22.91141700744629,
      65.28689575195312,
      62.814701080322266,
      85.99116516113281,
      83.24589538574219,
      101.76301574707031,
      80.9809799194336,
      128.8201446533203,
      66.52627563476562,
      91.22960662841797,
      46.46343231201172,
      32.98927688598633,
      35.40898132324219,
      20.09558868408203,
      19.436634063720703,
      3.8194961547851562
    ],
    [
      26.517528533935547,
      0.9451786279678345,
      29.355985641479492,
      28.330108642578125,
      59.84581756591797,
      27.477720260620117,
      91.84366607666016,
      50.38102340698242,
      106.02404022216797,
      66.52627563476562,
      142.59056091308594,
      77.4212875366211,
      106.42777252197266,
      35.43916702270508,
      114.37255859375,
      41.85186767578125,
      62.585105895996094,
      4.008554458618164
    ],
    [
      28.45517921447754,
      21.626453399658203,
      19.790634155273438,
      44.06078338623047,
      51.9332160949707,
      58.09541702270508,
      73.84748077392578,
      73.63314056396484,
      74.91313934326172,
      91.22960662841797,
      77.4212875366211,
      85.43799591064453,
      54.127193450927734,
      33.98357391357422,
      47.11907196044922,
      23.598112106323242,
      26.494098663330078,
      4.296069622039795
    ],
    [
      22.551353454589844,
      -4.167750358581543,
      26.216876983642578,
      22.13373374938965,
      44.5316276550293,
      21.236343383789062,
      69.59880828857422,
      32.8951416015625,
      80.22077178955078,
      46.46343231201172,
      106.42777252197266,
      54.127193450927734,
      109.31620788574219,
      33.04557418823242,
      107.97117614746094,
      38.15029525756836,
      61.07722091674805,
      5.44874906539917
    ],
    [
      11.219728469848633,
      6.76016902923584,
      7.491908550262451,
      16.22983741760254,
      19.37681770324707,
      20.451025009155273,
      29.01398277282715,
      27.21075439453125,
      30.494197845458984,
      32.98927688598633,
      35.43916702270508,
      33.98357391357422,
      33.04557418823242,
      23.676259994506836,
      26.41861915588379,
      14.580053329467773,
      15.433385848999023,
      3.8109123706817627
    ],
    [
      20.309545516967773,
      -11.312652587890625,
      27.38206672668457,
      17.945186614990234,
      44.17652130126953,
      11.82749080657959,
      72.51290893554688,
      24.58652114868164,
      81.94364929199219,
      35.40898132324219,
      114.37255859375,
      47.11907196044922,
      107.97117614746094,
      26.41861915588379,
      141.70741271972656,
      49.6455192565918,
      80.7185287475586,
      8.260252952575684
    ],
    [
      10.555782318115234,
      -0.6316142678260803,
      9.43612003326416,
      8.401043891906738,
      21.141889572143555,
      9.492831230163574,
      34.48619079589844,
      17.444564819335938,
      34.78046417236328,
      20.09558868408203,
      41.85186767578125,
      23.598112106323242,
      38.15029525756836,
      14.580053329467773,
      49.6455192565918,
      23.774112701416016,
      31.27494239807129,
      5.894994735717773
    ],
    [
      9.828285217285156,
      -6.362183570861816,
      15.071810722351074,
      7.679131507873535,
      25.76662826538086,
      5.259193420410156,
      42.22544479370117,
      13.49632740020752,
      47.768062591552734,
      19.436634063720703,
      62.585105895996094,
      26.494098663330078,
      61.07722091674805,
      15.433385848999023,
      80.7185287475586,
      31.27494239807129,
      52.90406799316406,
      7.4142231941223145
    ],
    [
      0.5981467962265015,
      -1.4708523750305176,
      1.7879350185394287,
      1.6972734928131104,
      3.061864137649536,
      3.4714198112487793,
      4.605273246765137,
      3.605011224746704,
      4.475602626800537,
      3.8194961547851562,
      4.008554458618164,
      4.296069622039795,
      5.44874906539917,
      3.8109123706817627,
      8.260252952575684,
      5.894994735717773,
      7.4142231941223145,
      6.2584309577941895
    ]
  ],
  "drr": 12.757014274597168,
  "dynamics": 4.931483745574951,
  "format": 1245190,
  "frames": 8466432,
  "loudness": -16.261371612548828,
  "loudness_range": 13.850846290588379,
  "loudness_range_short": 16.549697875976562,
  "peak": -0.3775765299797058,
  "rms": -16.63699722290039,
  "sample_rate": 44100,
  "sections": 1,
  "seekable": 1,
  "sharpness": 3.2214837074279785,
  "space": -13.01388168334961
}