{
  "bands": [
    {
      "high_freq": 148.1999969482422,
      "loudness": -33.366695404052734,
      "loudness_range": 16.141355514526367,
      "mid_mean": -30.49629020690918,
      "mid_to_side_loudness": -11.793566703796387,
      "mid_to_side_loudness_range": 23.21690559387207,
      "side_mean": -43.02870559692383
    },
    {
      "high_freq": 392.3793640136719,
      "loudness": -27.009464263916016,
      "loudness_range": 9.18155288696289,
      "low_freq": 148.1999969482422,
      "mid_mean": -25.126144409179688,
      "mid_to_side_loudness": -3.3894731998443604,
      "mid_to_side_loudness_range": 8.102771759033203,
      "side_mean": -28.63955307006836
    },
    {
      "high_freq": 794.6976318359375,
      "loudness": -30.122587203979492,
      "loudness_range": 13.52996826171875,
      "low_freq": 392.3793640136719,
      "mid_mean": -27.963565826416016,
      "mid_to_side_loudness": -5.401668071746826,
      "mid_to_side_loudness_range": 14.834468841552734,
      "side_mean": -33.577491760253906
    },
    {
      "high_freq": 1457.5709228515625,
      "loudness": -31.430959701538086,
      "loudness_range": 18.12928009033203,
      "low_freq": 794.6976318359375,
      "mid_mean": -28.768280029296875,
      "mid_to_side_loudness": -7.584355354309082,
      "mid_to_side_loudness_range": 16.982934951782227,
      "side_mean": -36.767333984375
    },
    {
      "high_freq": 2549.74365234375,
      "loudness": -34.86071014404297,
      "loudness_range": 24.958349227905273,
      "low_freq": 1457.5709228515625,
      "mid_mean": -32.677581787109375,
      "mid_to_side_loudness": -5.616691589355469,
      "mid_to_side_loudness_range": 12.717867851257324,
      "side_mean": -38.9715690612793
    },
    {
      "high_freq": 4349.24462890625,
      "loudness": -40.309505462646484,
      "loudness_range": 30.418411254882812,
      "low_freq": 2549.74365234375,
      "mid_mean": -38.44514846801758,
      "mid_to_side_loudness": -3.735553503036499,
      "mid_to_side_loudness_range": 6.831096649169922,
      "side_mean": -42.39886474609375
    },
    {
      "high_freq": 7314.1640625,
      "loudness": -49.44025421142578,
      "loudness_range": 33.24913024902344,
      "low_freq": 4349.24462890625,
      "mid_mean": -47.76823425292969,
      "mid_to_side_loudness": -4.59576416015625,
      "mid_to_side_loudness_range": 7.6032233238220215,
      "side_mean": -52.771915435791016
    },
    {
      "high_freq": 12199.2666015625,
      "loudness": -56.305381774902344,
      "loudness_range": 31.98320770263672,
      "low_freq": 7314.1640625,
      "mid_mean": -54.1284294128418,
      "mid_to_side_loudness": -3.5268330574035645,
      "mid_to_side_loudness_range": 5.791495323181152,
      "side_mean": -57.16611862182617
    },
    {
      "loudness": -63.2433967590332,
      "loudness_range": 21.521862030029297,
      "low_freq": 12199.2666015625,
      "mid_mean": -60.5047721862793,
      "mid_to_side_loudness": -2.6310861110687256,
      "mid_to_side_loudness_range": 4.317551612854004,
      "side_mean": -62.546165466308594
    }
  ],
  "bands_short": [
    {
      "high_freq": 148.1999969482422,
      "loudness": -36.925079345703125,
      "loudness_range": 23.89091682434082,
      "mid_mean": -34.02904510498047,
      "mid_to_side_loudness": -13.446067810058594,
      "mid_to_side_loudness_range": 25.145849227905273,
      "side_mean": -48.27806091308594
    },
    {
      "high_freq": 392.3793640136719,
      "loudness": -27.49479866027832,
      "loudness_range": 10.58221435546875,
      "low_freq": 148.1999969482422,
      "mid_mean": -25.604469299316406,
      "mid_to_side_loudness": -3.6814889907836914,
      "mid_to_side_loudness_range": 10.503901481628418,
      "side_mean": -29.44700813293457
    },
    {
      "high_freq": 794.6976318359375,
      "loudness": -30.117244720458984,
      "loudness_range": 14.896869659423828,
      "low_freq": 392.3793640136719,
      "mid_mean": -28.231454849243164,
      "mid_to_side_loudness": -4.437341690063477,
      "mid_to_side_loudness_range": 14.309897422790527,
      "side_mean": -32.8441162109375
    },
    {
      "high_freq": 1457.5709228515625,
      "loudness": -31.152746200561523,
      "loudness_range": 18.256410598754883,
      "low_freq": 794.6976318359375,
      "mid_mean": -28.661882400512695,
      "mid_to_side_loudness": -7.969182014465332,
      "mid_to_side_loudness_range": 20.719247817993164,
      "side_mean": -36.99018478393555
    },
    {
      "high_freq": 2549.74365234375,
      "loudness": -35.02529525756836,
      "loudness_range": 24.63495445251465,
      "low_freq": 1457.5709228515625,
      "mid_mean": -33.09873962402344,
      "mid_to_side_loudness": -5.470080852508545,
      "mid_to_side_loudness_range": 14.47214412689209,
      "side_mean": -38.91915512084961
    },
    {
      "high_freq": 4349.24462890625,
      "loudness": -38.99322509765625,
      "loudness_range": 29.242677688598633,
      "low_freq": 2549.74365234375,
      "mid_mean": -37.820552825927734,
      "mid_to_side_loudness": -3.4495835304260254,
      "mid_to_side_loudness_range": 8.853819847106934,
      "side_mean": -41.536197662353516
    },
    {
      "high_freq": 7314.1640625,
      "loudness": -47.72736740112305,
      "loudness_range": 32.011634826660156,
      "low_freq": 4349.24462890625,
      "mid_mean": -49.067222595214844,
      "mid_to_side_loudness": -4.100410461425781,
      "mid_to_side_loudness_range": 7.788369655609131,
      "side_mean": -53.37833023071289
    },
    {
      "high_freq": 12199.2666015625,
      "loudness": -57.00093078613281,
      "loudness_range": 34.03738784790039,
      "low_freq": 7314.1640625,
      "mid_mean": -54.69695281982422,
      "mid_to_side_loudness": -3.375849723815918,
      "mid_to_side_loudness_range": 6.059394836425781,
      "side_mean": -57.568450927734375
    },
    {
      "loudness": -63.568603515625,
      "loudness_range": 21.624980926513672,
      "low_freq": 12199.2666015625,
      "mid_mean": -60.77615737915039,
      "mid_to_side_loudness": -2.643124580383301,
      "mid_to_side_loudness_range": 4.556517124176025,
      "side_mean": -62.81644058227539
    }
  ],
  "channels": 2,
  "covariance": [
    [
      46.916751861572266,
      10.006278991699219,
      6.6464924812316895,
      2.459378719329834,
      0.6413396596908569,
      -3.4830124378204346,
      -4.240573883056641,
      -7.178689479827881,
      -2.28560733795166,
      -5.915992736816406,
      -1.2981549501419067,
      -1.2459343671798706,
      1.2911146879196167,
      0.198215514421463,
      1.9759162664413452,
      2.8435285091400146,
      1.1522250175476074,
      2.0966572761535645
    ],
    [
      10.006278991699219,
      38.96567916870117,
      5.497668266296387,
      3.3795130252838135,
      -5.497396469116211,
      7.057696342468262,
      7.365686416625977,
      19.624740600585938,
      14.78345775604248,
      23.7368221282959,
      27.947307586669922,
      29.35857391357422,
      30.267807006835938,
      30.06167984008789,
      28.42458724975586,
      25.68958282470703,
      16.761259078979492,
      13.780783653259277
    ],
    [
      6.6464924812316895,
      5.497668266296387,
      14.116290092468262,
      10.054499626159668,
      0.05211345851421356,
      2.828792095184326,
      4.951769828796387,
      9.246848106384277,
      7.107333183288574,
      9.13885498046875,
      11.006397247314453,
      11.655006408691406,
      12.674386978149414,
      12.466217994689941,
      12.081567764282227,
      11.828751564025879,
      7.589779376983643,
      6.64188814163208
    ],
    [
      2.459378719329834,
      3.3795130252838135,
      10.054499626159668,
      15.334054946899414,
      1.7784703969955444,
      0.5992059111595154,
      4.02225923538208,
      5.502448558807373,
      5.478238105773926,
      4.627984523773193,
      7.081277370452881,
      7.4271440505981445,
      11.04615306854248,
      10.62174129486084,
      10.186637878417969,
      9.944439888000488,
      7.106592655181885,
      6.30994987487793
    ],
    [
      0.6413396596908569,
      -5.497396469116211,
      0.05211345851421356,
      1.7784703969955444,
      29.0595703125,
      10.905889511108398,
      3.467494487762451,
      -2.434614419937134,
      6.851766109466553,
      -1.5148675441741943,
      -3.526923656463623,
      -5.503129959106445,
      -4.247725486755371,
      -7.718245506286621,
      -8.149728775024414,
      -9.623198509216309,
      -6.847957611083984,
      -6.84708309173584
    ],
    [
      -3.4830124378204346,
      7.057696342468262,
      2.828792095184326,
      0.5992059111595154,
      10.905889511108398,
      24.897167205810547,
      11.113204002380371,
      22.553457260131836,
      21.335065841674805,
      25.353256225585938,
      26.86996841430664,
      26.249927520751953,
      23.748769760131836,
      23.41912078857422,
      19.122621536254883,
      16.60072898864746,
      9.620001792907715,
      6.671148300170898
    ],
    [
      -4.240573883056641,
      7.365686416625977,
      4.951769828796387,
      4.02225923538208,
      3.467494487762451,
      11.113204002380371,
      43.11936569213867,
      36.633766174316406,
      23.58880043029785,
      30.23355484008789,
      41.67622756958008,
      40.494136810302734,
      44.88834762573242,
      40.476226806640625,
      40.4273567199707,
      35.16819763183594,
      24.184173583984375,
      19.82785415649414
    ],
    [
      -7.178689479827881,
      19.624740600585938,
      9.246848106384277,
      5.502448558807373,
      -2.434614419937134,
      22.553457260131836,
      36.633766174316406,
      64.6812515258789,
      45.66023254394531,
      61.79794692993164,
      77.78704071044922,
      77.32963562011719,
      78.42898559570312,
      77.00315856933594,
      72.18667602539062,
      65.41275024414062,
      43.32582092285156,
      35.27880096435547
    ],
    [
      -2.28560733795166,
      14.78345775604248,
      7.107333183288574,
      5.478238105773926,
      6.851766109466553,
      21.335065841674805,
      23.58880043029785,
      45.66023254394531,
      82.55882263183594,
      62.20451354980469,
      70.08573150634766,
      66.62422943115234,
      68.85906219482422,
      67.40289306640625,
      65.47930145263672,
      57.382015228271484,
      38.57435607910156,
      31.217002868652344
    ],
    [
      -5.915992736816406,
      23.7368221282959,
      9.13885498046875,
      4.627984523773193,
      -1.5148675441741943,
      25.353256225585938,
      30.23355484008789,
      61.79794692993164,
      62.20451354980469,
      80.44678497314453,
      86.11701965332031,
      89.07344055175781,
      87.74007415771484,
      86.48131561279297,
      80.24006652832031,
      72.07711029052734,
      47.13831329345703,
      37.985923767089844
    ],
    [
      -1.2981549501419067,
      27.947307586669922,
      11.006397247314453,
      7.081277370452881,
      -3.526923656463623,
      26.86996841430664,
      41.67622756958008,
      77.78704071044922,
      70.08573150634766,
      86.11701965332031,
      126.3724594116211,
      115.57513427734375,
      119.9947280883789,
      116.4381103515625,
      111.84566497802734,
      100.71826171875,
      67.56105041503906,
      55.14152908325195
    ],
    [
      -1.2459343671798706,
      29.35857391357422,
      11.655006408691406,
      7.4271440505981445,
      -5.503129959106445,
      26.249927520751953,
      40.494136810302734,
      77.32963562011719,
      66.62422943115234,
      89.07344055175781,
      115.57513427734375,
      120.8948974609375,
      116.79261016845703,
      114.84693145751953,
      108.2340087890625,
      98.86968994140625,
      65.19474792480469,
      53.59914779663086
    ],
    [
      1.2911146879196167,
      30.267807006835938,
      12.674386978149414,
      11.04615306854248,
      -4.247725486755371,
      23.748769760131836,
      44.88834762573242,
      78.42898559570312,
      68.85906219482422,
      87.74007415771484,
      119.9947280883789,
      116.79261016845703,
      142.17677307128906,
      131.36607360839844,
      125.73969268798828,
      113.3459701538086,
      75.9911880493164,
      63.28135299682617
    ],
    [
      0.198215514421463,
      30.06167984008789,
      12.466217994689941,
      10.62174129486084,
      -7.718245506286621,
      23.41912078857422,
      40.476226806640625,
      77.00315856933594,
      67.40289306640625,
      86.48131561279297,
      116.4381103515625,
      114.84693145751953,
      131.36607360839844,
      134.9886474609375,
      126.39215850830078,
      115.35198211669922,
      77.56158447265625,
      64.98750305175781
    ],
    [
      1.9759162664413452,
      28.42458724975586,
      12.081567764282227,
      10.186637878417969,
      -8.149728775024414,
      19.122621536254883,
      40.4273567199707,
      72.18667602539062,
      65.47930145263672,
      80.24006652832031,
      111.84566497802734,
      108.2340087890625,
      125.73969268798828,
      126.39215850830078,
      125.56287384033203,
      113.40921020507812,
      77.82875061035156,
      65.54718780517578
    ],
    [
      2.8435285091400146,
      25.68958282470703,
      11.828751564025879,
      9.944439888000488,
      -9.623198509216309,
      16.60072898864746,
      35.16819763183594,
      65.41275024414062,
      57.382015228271484,
      72.07711029052734,
      100.71826171875,
      98.86968994140625,
      113.3459701538086,
      115.35198211669922,
      113.40921020507812,
      105.2441635131836,
      71.59051513671875,
      61.40860366821289
    ],
    [
      1.1522250175476074,
      16.761259078979492,
      7.589779376983643,
      7.106592655181885,
      -6.847957611083984,
      9.620001792907715,
      24.184173583984375,
      43.32582092285156,
      38.57435607910156,
      47.13831329345703,
      67.56105041503906,
      65.19474792480469,
      75.9911880493164,
      77.56158447265625,
      77.82875061035156,
      71.59051513671875,
      51.78759765625,
      44.54084777832031
    ],
    [
      2.0966572761535645,
      13.780783653259277,
      6.64188814163208,
      6.30994987487793,
      -6.84708309173584,
      6.671148300170898,
      19.82785415649414,
      35.27880096435547,
      31.217002868652344,
      37.985923767089844,
      55.14152908325195,
      53.59914779663086,
      63.28135299682617,
      64.98750305175781,
      65.54718780517578,
      61.40860366821289,
      44.54084777832031,
      39.721988677978516
    ]
  ],
  "covariance_short": [
    [
      95.75463104248047,
      26.176240921020508,
      20.189973831176758,
      7.496673107147217,
      -5.163991451263428,
      -9.308900833129883,
      -2.552711009979248,
      -12.739205360412598,
      -6.745517730712891,
      -10.453614234924316,
      -5.481649398803711,
      -5.420226573944092,
      -8.715694427490234,
      -7.778228759765625,
      -5.069474220275879,
      -2.44244384765625,
      -3.0073142051696777,
      -0.4625752866268158
    ],
    [
      26.176240921020508,
      37.86899948120117,
      8.263931274414062,
      4.335116386413574,
      -0.46202701330184937,
      5.993062496185303,
      0.35981285572052,
      11.326242446899414,
      9.816824913024902,
      16.196327209472656,
      17.215253829956055,
      18.312931060791016,
      26.192575454711914,
      23.61719512939453,
      21.657569885253906,
      19.731884002685547,
      11.732436180114746,
      10.069572448730469
    ],
    [
      20.189973831176758,
      8.263931274414062,
      18.401098251342773,
      11.597062110900879,
      0.9542521834373474,
      2.1109392642974854,
      3.543052911758423,
      7.176427841186523,
      5.940810680389404,
      6.537595272064209,
      10.744510650634766,
      9.897446632385254,
      12.204106330871582,
      11.869841575622559,
      11.831938743591309,
      11.632028579711914,
      7.494620323181152,
      6.761153221130371
    ],
    [
      7.496673107147217,
      4.335116386413574,
      11.597062110900879,
      19.1588134765625,
      1.9638394117355347,
      2.0111353397369385,
      4.768401622772217,
      5.686891078948975,
      5.334251403808594,
      3.796931028366089,
      8.530092239379883,
      8.067384719848633,
      9.739076614379883,
      9.986618041992188,
      10.081236839294434,
      10.086581230163574,
      7.2785210609436035,
      6.609203338623047
    ],
    [
      -5.163991451263428,
      -0.46202701330184937,
      0.9542521834373474,
      1.9638394117355347,
      32.813255310058594,
      16.732440948486328,
      7.106910705566406,
      10.001688957214355,
      7.9346842765808105,
      11.898478507995605,
      10.865523338317871,
      10.09825611114502,
      13.118843078613281,
      9.461979866027832,
      7.747207164764404,
      4.792053699493408,
      2.7550511360168457,
      0.7921450138092041
    ],
    [
      -9.308900833129883,
      5.993062496185303,
      2.1109392642974854,
      2.0111353397369385,
      16.732440948486328,
      30.779422760009766,
      9.36314868927002,
      24.584789276123047,
      21.824626922607422,
      27.394813537597656,
      26.29633331298828,
      25.906326293945312,
      33.971229553222656,
      30.03020668029785,
      25.470632553100586,
      21.28191375732422,
      12.436110496520996,
      8.801135063171387
    ],
    [
      -2.552711009979248,
      0.35981285572052,
      3.543052911758423,
      4.768401622772217,
      7.106910705566406,
      9.36314868927002,
      44.828609466552734,
      27.874113082885742,
      28.3762264251709,
      21.050399780273438,
      31.32392120361328,
      27.295772552490234,
      33.79281997680664,
      29.69158363342285,
      30.165443420410156,
      26.038246154785156,
      18.4521484375,
      15.218737602233887
    ],
    [
      -12.739205360412598,
      11.326242446899414,
      7.176427841186523,
      5.686891078948975,
      10.001688957214355,
      24.584789276123047,
      27.874113082885742,
      61.55971145629883,
      43.911224365234375,
      52.90213394165039,
      66.4194564819336,
      63.687435150146484,
      81.01997375488281,
      74.6837387084961,
      69.35415649414062,
      61.52064514160156,
      39.957252502441406,
      32.3796272277832
    ],
    [
      -6.745517730712891,
      9.816824913024902,
      5.940810680389404,
      5.334251403808594,
      7.9346842765808105,
      21.824626922607422,
      28.3762264251709,
      43.911224365234375,
      83.8099594116211,
      57.48454666137695,
      68.52558135986328,
      62.80292510986328,
      74.025390625,
      67.24231719970703,
      65.60922241210938,
      56.315311431884766,
      37.090850830078125,
      29.59725570678711
    ],
    [
      -10.453614234924316,
      16.196327209472656,
      6.537595272064209,
      3.796931028366089,
      11.898478507995605,
      27.394813537597656,
      21.050399780273438,
      52.90213394165039,
      57.48454666137695,
      77.55302429199219,
      77.27887725830078,
      77.56107330322266,
      91.8357162475586,
      84.58600616455078,
      77.90725708007812,
      68.69915771484375,
      43.763465881347656,
      34.967132568359375
    ],
    [
      -5.481649398803711,
      17.215253829956055,
      10.744510650634766,
      8.530092239379883,
      10.865523338317871,
      26.29633331298828,
      31.32392120361328,
      66.4194564819336,
      68.52558135986328,
      77.27887725830078,
      125.50849914550781,
      107.54492950439453,
      123.32200622558594,
      113.56043243408203,
      110.47689056396484,
      98.23744201660156,
      65.31094360351562,
      53.24934387207031
    ],
    [
      -5.420226573944092,
      18.312931060791016,
      9.897446632385254,
      8.067384719848633,
      10.09825611114502,
      25.906326293945312,
      27.295772552490234,
      63.687435150146484,
      62.80292510986328,
      77.56107330322266,
      107.54492950439453,
      115.21844482421875,
      117.88165283203125,
      110.50163269042969,
      104.29574584960938,
      94.49185180664062,
      61.23939895629883,
      50.406272888183594
    ],
    [
      -8.715694427490234,
      26.192575454711914,
      12.204106330871582,
      9.739076614379883,
      13.118843078613281,
      33.971229553222656,
      33.79281997680664,
      81.01997375488281,
      74.025390625,
      91.8357162475586,
      123.32200622558594,
      117.88165283203125,
      168.05511474609375,
      149.19337463378906,
      139.71556091308594,
      123.9076156616211,
      80.33749389648438,
      66.02769470214844
    ],
    [
      -7.778228759765625,
      23.61719512939453,
      11.869841575622559,
      9.986618041992188,
      9.461979866027832,
      30.03020668029785,
      29.69158363342285,
      74.6837387084961,
      67.24231719970703,
      84.58600616455078,
      113.56043243408203,
      110.50163269042969,
      149.19337463378906,
      144.41346740722656,
      132.2813720703125,
      119.00167083740234,
      77.54962158203125,
      64.36285400390625
    ],
    [
      -5.069474220275879,
      21.657569885253906,
      11.831938743591309,
      10.081236839294434,
      7.747207164764404,
      25.470632553100586,
      30.165443420410156,
      69.35415649414062,
      65.60922241210938,
      77.90725708007812,
      110.47689056396484,
      104.29574584960938,
      139.71556091308594,
      132.2813720703125,
      130.6640167236328,
      116.06399536132812,
      77.61677551269531,
      64.65867614746094
    ],
    [
      -2.44244384765625,
      19.731884002685547,
      11.632028579711914,
      10.086581230163574,
      4.792053699493408,
      21.28191375732422,
      26.038246154785156,
      61.52064514160156,
      56.315311431884766,
      68.69915771484375,
      98.23744201660156,
      94.49185180664062,
      123.9076156616211,
      119.00167083740234,
      116.06399536132812,
      106.66466522216797,
      70.1768798828125,
      59.64747619628906
    ],
    [
      -3.0073142051696777,
      11.732436180114746,
      7.494620323181152,
      7.2785210609436035,
      2.7550511360168457,
      12.436110496520996,
      18.4521484375,
      39.957252502441406,
      37.090850830078125,
      43.763465881347656,
      65.31094360351562,
      61.23939895629883,
      80.33749389648438,
      77.54962158203125,
      77.61677551269531,
      70.1768798828125,
      50.356441497802734,
      42.571754455566406
    ],
    [
      -0.4625752866268158,
      10.069572448730469,
      6.761153221130371,
      6.609203338623047,
      0.7921450138092041,
      8.801135063171387,
      15.218737602233887,
      32.3796272277832,
      29.59725570678711,
      34.967132568359375,
      53.24934387207031,
      50.406272888183594,
      66.02769470214844,
      64.36285400390625,
      64.65867614746094,
      59.64747619628906,
      42.571754455566406,
      37.82393264770508
    ]
  ],
  "drr": 9.549578666687012,
  "dynamics": 2.9078433513641357,
  "format": 1245190,
  "frames": 7200768,
  "loudness": -18.43996810913086,
  "loudness_range": 7.61319637298584,
  "loudness_range_short": 8.78222370147705,
  "peak": -2.252770185470581,
  "rms": -20.578201293945312,
  "sample_rate": 44100,
  "sections": 1,
  "seekable": 1,
  "sharpness": 1.6300411224365234,
  "space": -5.733152389526367
}