{
  "bands": [
    {
      "high_freq": 148.1999969482422,
      "loudness": -22.38018798828125,
      "loudness_range": 13.449087142944336,
      "mid_mean": -18.86931800842285,
      "mid_to_side_loudness": -20.25813102722168,
      "mid_to_side_loudness_range": 24.920961380004883,
      "side_mean": -39.463626861572266
    },
    {
      "high_freq": 392.3793640136719,
      "loudness": -24.354209899902344,
      "loudness_range": 7.745664596557617,
      "low_freq": 148.1999969482422,
      "mid_mean": -21.78853416442871,
      "mid_to_side_loudness": -6.415167808532715,
      "mid_to_side_loudness_range": 10.056629180908203,
      "side_mean": -28.254627227783203
    },
    {
      "high_freq": 794.6976318359375,
      "loudness": -24.509645462036133,
      "loudness_range": 12.129312515258789,
      "low_freq": 392.3793640136719,
      "mid_mean": -22.15520477294922,
      "mid_to_side_loudness": -5.496764183044434,
      "mid_to_side_loudness_range": 11.03947639465332,
      "side_mean": -27.92109489440918
    },
    {
      "high_freq": 1457.5709228515625,
      "loudness": -23.462757110595703,
      "loudness_range": 14.388835906982422,
      "low_freq": 794.6976318359375,
      "mid_mean": -21.087635040283203,
      "mid_to_side_loudness": -5.74697732925415,
      "mid_to_side_loudness_range": 12.93397045135498,
      "side_mean": -27.29568862915039
    },
    {
      "high_freq": 2549.74365234375,
      "loudness": -23.530988693237305,
      "loudness_range": 14.827720642089844,
      "low_freq": 1457.5709228515625,
      "mid_mean": -20.97247314453125,
      "mid_to_side_loudness": -6.8024983406066895,
      "mid_to_side_loudness_range": 12.629490852355957,
      "side_mean": -28.30796241760254
    },
    {
      "high_freq": 4349.24462890625,
      "loudness": -23.94994354248047,
      "loudness_range": 13.463314056396484,
      "low_freq": 2549.74365234375,
      "mid_mean": -21.42986297607422,
      "mid_to_side_loudness": -6.553035259246826,
      "mid_to_side_loudness_range": 12.95098876953125,
      "side_mean": -28.475631713867188
    },
    {
      "high_freq": 7314.1640625,
      "loudness": -25.99701499938965,
      "loudness_range": 13.403020858764648,
      "low_freq": 4349.24462890625,
      "mid_mean": -23.532230377197266,
      "mid_to_side_loudness": -6.035958766937256,
      "mid_to_side_loudness_range": 11.180206298828125,
      "side_mean": -29.93853759765625
    },
    {
      "high_freq": 12199.2666015625,
      "loudness": -30.537612915039062,
      "loudness_range": 10.377696990966797,
      "low_freq": 7314.1640625,
      "mid_mean": -28.835336685180664,
      "mid_to_side_loudness": -2.78619122505188,
      "mid_to_side_loudness_range": 5.049200057983398,
      "side_mean": -31.706918716430664
    },
    {
      "loudness": -33.451141357421875,
      "loudness_range": 9.503366470336914,
      "low_freq": 12199.2666015625,
      "mid_mean": -32.010986328125,
      "mid_to_side_loudness": -2.087991237640381,
      "mid_to_side_loudness_range": 3.089548349380493,
      "side_mean": -34.03203582763672
    }
  ],
  "bands_short": [
    {
      "high_freq": 148.1999969482422,
      "loudness": -25.478185653686523,
      "loudness_range": 22.769189834594727,
      "mid_mean": -21.84868812561035,
      "mid_to_side_loudness": -21.99449920654297,
      "mid_to_side_loudness_range": 34.62544631958008,
      "side_mean": -45.43740463256836
    },
    {
      "high_freq": 392.3793640136719,
      "loudness": -23.70186424255371,
      "loudness_range": 11.685779571533203,
      "low_freq": 148.1999969482422,
      "mid_mean": -21.09572410583496,
      "mid_to_side_loudness": -7.948580265045166,
      "mid_to_side_loudness_range": 16.080347061157227,
      "side_mean": -29.188812255859375
    },
    {
      "high_freq": 794.6976318359375,
      "loudness": -25.124713897705078,
      "loudness_range": 15.212593078613281,
      "low_freq": 392.3793640136719,
      "mid_mean": -23.106565475463867,
      "mid_to_side_loudness": -4.924105644226074,
      "mid_to_side_loudness_range": 14.043725967407227,
      "side_mean": -28.32908821105957
    },
    {
      "high_freq": 1457.5709228515625,
      "loudness": -24.187929153442383,
      "loudness_range": 16.734268188476562,
      "low_freq": 794.6976318359375,
      "mid_mean": -22.11430549621582,
      "mid_to_side_loudness": -5.244831085205078,
      "mid_to_side_loudness_range": 15.634096145629883,
      "side_mean": -27.859012603759766
    },
    {
      "high_freq": 2549.74365234375,
      "loudness": -24.471141815185547,
      "loudness_range": 18.042457580566406,
      "low_freq": 1457.5709228515625,
      "mid_mean": -22.226482391357422,
      "mid_to_side_loudness": -6.090214729309082,
      "mid_to_side_loudness_range": 15.417745590209961,
      "side_mean": -28.784603118896484
    },
    {
      "high_freq": 4349.24462890625,
      "loudness": -24.809545516967773,
      "loudness_range": 15.832172393798828,
      "low_freq": 2549.74365234375,
      "mid_mean": -22.586965560913086,
      "mid_to_side_loudness": -5.8679986000061035,
      "mid_to_side_loudness_range": 14.862975120544434,
      "side_mean": -28.947450637817383
    },
    {
      "high_freq": 7314.1640625,
      "loudness": -27.027015686035156,
      "loudness_range": 16.492176055908203,
      "low_freq": 4349.24462890625,
      "mid_mean": -24.841337203979492,
      "mid_to_side_loudness": -5.4670820236206055,
      "mid_to_side_loudness_range": 13.56452465057373,
      "side_mean": -30.730119705200195
    },
    {
      "high_freq": 12199.2666015625,
      "loudness": -32.844669342041016,
      "loudness_range": 18.46302604675293,
      "low_freq": 7314.1640625,
      "mid_mean": -31.092721939086914,
      "mid_to_side_loudness": -3.240640163421631,
      "mid_to_side_loudness_range": 8.53767204284668,
      "side_mean": -34.489707946777344
    },
    {
      "loudness": -39.282413482666016,
      "loudness_range": 26.534503936767578,
      "low_freq": 12199.2666015625,
      "mid_mean": -37.74782943725586,
      "mid_to_side_loudness": -2.862391710281372,
      "mid_to_side_loudness_range": 7.805252552032471,
      "side_mean": -40.64408493041992
    }
  ],
  "channels": 2,
  "covariance": [
    [
      38.500709533691406,
      3.60436749458313,
      15.608932495117188,
      4.922475814819336,
      13.019295692443848,
      8.008694648742676,
      12.805272102355957,
      8.827698707580566,
      18.85194206237793,
      12.77224349975586,
      17.343774795532227,
      9.827922821044922,
      16.55339241027832,
      10.027844429016113,
      12.708364486694336,
      10.886194229125977,
      12.506006240844727,
      12.667341232299805
    ],
    [
      3.60436749458313,
      22.13889503479004,
      5.800251007080078,
      6.957976818084717,
      5.479393005371094,
      6.242976665496826,
      3.971871852874756,
      5.6761250495910645,
      3.288635492324829,
      5.561968803405762,
      3.1331989765167236,
      5.328729629516602,
      4.100429058074951,
      5.028415203094482,
      5.2895965576171875,
      6.238542556762695,
      3.7449698448181152,
      4.2922773361206055
    ],
    [
      15.608932495117188,
      5.800251007080078,
      17.214601516723633,
      8.482688903808594,
      12.04333209991455,
      9.387502670288086,
      7.501932621002197,
      7.176226615905762,
      10.300150871276855,
      9.010042190551758,
      10.29317855834961,
      6.432589054107666,
      10.119653701782227,
      6.592807769775391,
      8.101103782653809,
      7.119733810424805,
      9.123242378234863,
      9.256361961364746
    ],
    [
      4.922475814819336,
      6.957976818084717,
      8.482688903808594,
      14.669828414916992,
      8.03219985961914,
      10.35914421081543,
      4.103690147399902,
      7.08647346496582,
      4.8509674072265625,
      7.531901836395264,
      4.4765119552612305,
      6.428684234619141,
      5.755965709686279,
      6.787350654602051,
      6.946915149688721,
      7.640625953674316,
      7.179386615753174,
      7.832095146179199
    ],
    [
      13.019295692443848,
      5.479393005371094,
      12.04333209991455,
      8.03219985961914,
      29.544706344604492,
      17.214111328125,
      13.7019681930542,
      11.05169677734375,
      23.225339889526367,
      14.383706092834473,
      21.669506072998047,
      11.640462875366211,
      19.53090476989746,
      10.402584075927734,
      10.564037322998047,
      7.897964954376221,
      9.603119850158691,
      9.302122116088867
    ],
    [
      8.008694648742676,
      6.242976665496826,
      9.387502670288086,
      10.35914421081543,
      17.214111328125,
      21.50511932373047,
      7.963125228881836,
      12.523881912231445,
      12.680588722229004,
      14.714350700378418,
      9.536989212036133,
      12.49188232421875,
      10.243464469909668,
      11.530794143676758,
      9.20041561126709,
      9.164262771606445,
      7.773309707641602,
      8.22576904296875
    ],
    [
      12.805272102355957,
      3.971871852874756,
      7.501932621002197,
      4.103690147399902,
      13.7019681930542,
      7.963125228881836,
      32.25277328491211,
      14.067520141601562,
      25.27174949645996,
      12.496430397033691,
      23.945201873779297,
      12.114699363708496,
      21.826274871826172,
      10.843430519104004,
      11.688481330871582,
      8.448205947875977,
      10.268784523010254,
      9.20119857788086
    ],
    [
      8.827698707580566,
      5.6761250495910645,
      7.176226615905762,
      7.08647346496582,
      11.05169677734375,
      12.523881912231445,
      14.067520141601562,
      21.82794952392578,
      13.275547981262207,
      16.496496200561523,
      10.0225248336792,
      12.866658210754395,
      10.596729278564453,
      11.990797996520996,
      10.80607795715332,
      11.408855438232422,
      9.925430297851562,
      10.424661636352539
    ],
    [
      18.85194206237793,
      3.288635492324829,
      10.300150871276855,
      4.8509674072265625,
      23.225339889526367,
      12.680588722229004,
      25.27174949645996,
      13.275547981262207,
      42.591548919677734,
      19.571990966796875,
      34.79414367675781,
      16.367168426513672,
      32.285888671875,
      14.481354713439941,
      17.025680541992188,
      10.320246696472168,
      13.189910888671875,
      10.911666870117188
    ],
    [
      12.77224349975586,
      5.561968803405762,
      9.010042190551758,
      7.531901836395264,
      14.383706092834473,
      14.714350700378418,
      12.496430397033691,
      16.496496200561523,
      19.571990966796875,
      22.241586685180664,
      14.120903968811035,
      15.628482818603516,
      14.37088680267334,
      14.525425910949707,
      13.277989387512207,
      12.84637451171875,
      10.769160270690918,
      11.303057670593262
    ],
    [
      17.343774795532227,
      3.1331989765167236,
      10.29317855834961,
      4.4765119552612305,
      21.669506072998047,
      9.536989212036133,
      23.945201873779297,
      10.0225248336792,
      34.79414367675781,
      14.120903968811035,
      35.439727783203125,
      14.086935997009277,
      31.11471176147461,
      12.555985450744629,
      15.0402193069458,
      9.059940338134766,
      12.149007797241211,
      10.2448148727417
    ],
    [
      9.827922821044922,
      5.328729629516602,
      6.432589054107666,
      6.428684234619141,
      11.640462875366211,
      12.49188232421875,
      12.114699363708496,
      12.866658210754395,
      16.367168426513672,
      15.628482818603516,
      14.086935997009277,
      17.98729133605957,
      14.969720840454102,
      16.107025146484375,
      13.075273513793945,
      12.52676010131836,
      8.293600082397461,
      8.796968460083008
    ],
    [
      16.55339241027832,
      4.100429058074951,
      10.119653701782227,
      5.755965709686279,
      19.53090476989746,
      10.243464469909668,
      21.826274871826172,
      10.596729278564453,
      32.285888671875,
      14.37088680267334,
      31.11471176147461,
      14.969720840454102,
      31.873937606811523,
      15.39709186553955,
      17.707279205322266,
      12.289915084838867,
      13.919873237609863,
      12.074275016784668
    ],
    [
      10.027844429016113,
      5.028415203094482,
      6.592807769775391,
      6.787350654602051,
      10.402584075927734,
      11.530794143676758,
      10.843430519104004,
      11.990797996520996,
      14.481354713439941,
      14.525425910949707,
      12.555985450744629,
      16.107025146484375,
      15.39709186553955,
      18.658859252929688,
      15.553703308105469,
      16.135860443115234,
      10.474544525146484,
      11.532899856567383
    ],
    [
      12.708364486694336,
      5.2895965576171875,
      8.101103782653809,
      6.946915149688721,
      10.564037322998047,
      9.20041561126709,
      11.688481330871582,
      10.80607795715332,
      17.025680541992188,
      13.277989387512207,
      15.0402193069458,
      13.075273513793945,
      17.707279205322266,
      15.553703308105469,
      19.882427215576172,
      17.29453468322754,
      15.64478874206543,
      15.29885196685791
    ],
    [
      10.886194229125977,
      6.238542556762695,
      7.119733810424805,
      7.640625953674316,
      7.897964954376221,
      9.164262771606445,
      8.448205947875977,
      11.408855438232422,
      10.320246696472168,
      12.84637451171875,
      9.059940338134766,
      12.52676010131836,
      12.289915084838867,
      16.135860443115234,
      17.29453468322754,
      19.629444122314453,
      14.197875022888184,
      15.7997407913208
    ],
    [
      12.506006240844727,
      3.7449698448181152,
      9.123242378234863,
      7.179386615753174,
      9.603119850158691,
      7.773309707641602,
      10.268784523010254,
      9.925430297851562,
      13.189910888671875,
      10.769160270690918,
      12.149007797241211,
      8.293600082397461,
      13.919873237609863,
      10.474544525146484,
      15.64478874206543,
      14.197875022888184,
      19.698883056640625,
      18.650760650634766
    ],
    [
      12.667341232299805,
      4.2922773361206055,
      9.256361961364746,
      7.832095146179199,
      9.302122116088867,
      8.22576904296875,
      9.20119857788086,
      10.424661636352539,
      10.911666870117188,
      11.303057670593262,
      10.2448148727417,
      8.796968460083008,
      12.074275016784668,
      11.532899856567383,
      15.29885196685791,
      15.7997407913208,
      18.650760650634766,
      20.050933837890625
    ]
  ],
  "covariance_short": [
    [
      66.6339111328125,
      5.587904453277588,
      28.614748001098633,
      4.972035884857178,
      14.59650707244873,
      7.828348159790039,
      12.707021713256836,
      7.933009624481201,
      19.13899040222168,
      11.468564987182617,
      18.589210510253906,
      9.950419425964355,
      18.258594512939453,
      11.118322372436523,
      16.962970733642578,
      13.414749145507812,
      20.815885543823242,
      19.319040298461914
    ],
    [
      5.587904453277588,
      46.98709487915039,
      5.603117942810059,
      7.225429058074951,
      6.350649833679199,
      5.875549793243408,
      5.356832504272461,
      6.61344575881958,
      5.394599437713623,
      6.5635175704956055,
      4.9632463455200195,
      6.731029510498047,
      5.738456726074219,
      7.624420166015625,
      10.340949058532715,
      13.45325756072998,
      10.159854888916016,
      12.347490310668945
    ],
    [
      28.614748001098633,
      5.603117942810059,
      30.367874145507812,
      8.744245529174805,
      14.983659744262695,
      10.092708587646484,
      10.830561637878418,
      7.808221817016602,
      14.581524848937988,
      10.475985527038574,
      14.905240058898926,
      8.8167142868042,
      14.533890724182129,
      9.381563186645508,
      13.025321006774902,
      10.775712966918945,
      15.463373184204102,
      15.00508975982666
    ],
    [
      4.972035884857178,
      7.225429058074951,
      8.744245529174805,
      22.202070236206055,
      8.788932800292969,
      11.910260200500488,
      5.1378936767578125,
      7.910035610198975,
      6.149282455444336,
      8.343213081359863,
      5.733430862426758,
      8.420414924621582,
      7.255626201629639,
      9.73311710357666,
      10.587517738342285,
      12.904693603515625,
      12.634175300598145,
      13.789714813232422
    ],
    [
      14.59650707244873,
      6.350649833679199,
      14.983659744262695,
      8.788932800292969,
      38.86513137817383,
      19.789188385009766,
      18.235015869140625,
      11.721733093261719,
      29.28338050842285,
      16.07168197631836,
      28.183523178100586,
      13.932381629943848,
      25.799148559570312,
      12.779702186584473,
      17.745988845825195,
      12.453335762023926,
      17.225744247436523,
      13.744704246520996
    ],
    [
      7.828348159790039,
      5.875549793243408,
      10.092708587646484,
      11.910260200500488,
      19.789188385009766,
      28.429065704345703,
      9.248053550720215,
      13.91632080078125,
      13.889948844909668,
      16.393936157226562,
      10.95153522491455,
      14.27029037475586,
      11.92019271850586,
      13.9933500289917,
      12.897533416748047,
      14.497052192687988,
      12.338228225708008,
      12.508865356445312
    ],
    [
      12.707021713256836,
      5.356832504272461,
      10.830561637878418,
      5.1378936767578125,
      18.235015869140625,
      9.248053550720215,
      41.59183883666992,
      16.192148208618164,
      32.61391830444336,
      14.428091049194336,
      31.876419067382812,
      14.107721328735352,
      29.3402042388916,
      13.10925579071045,
      19.04718780517578,
      12.277732849121094,
      18.9829158782959,
      15.036455154418945
    ],
    [
      7.933009624481201,
      6.61344575881958,
      7.808221817016602,
      7.910035610198975,
      11.721733093261719,
      13.91632080078125,
      16.192148208618164,
      27.18370246887207,
      15.625490188598633,
      17.25702476501465,
      12.123954772949219,
      14.935247421264648,
      13.041318893432617,
      15.062797546386719,
      14.675378799438477,
      15.950141906738281,
      14.149961471557617,
      14.419662475585938
    ],
    [
      19.13899040222168,
      5.394599437713623,
      14.581524848937988,
      6.149282455444336,
      29.28338050842285,
      13.889948844909668,
      32.61391830444336,
      15.625490188598633,
      54.50056838989258,
      22.940570831298828,
      45.43146514892578,
      19.70540428161621,
      42.96583938598633,
      18.49786376953125,
      29.19620132446289,
      17.043832778930664,
      28.960206985473633,
      20.00858497619629
    ],
    [
      11.468564987182617,
      6.5635175704956055,
      10.475985527038574,
      8.343213081359863,
      16.07168197631836,
      16.393936157226562,
      14.428091049194336,
      17.25702476501465,
      22.940570831298828,
      26.954206466674805,
      17.404321670532227,
      18.538856506347656,
      18.054853439331055,
      18.294233322143555,
      18.177440643310547,
      18.15745735168457,
      16.660057067871094,
      15.73072624206543
    ],
    [
      18.589210510253906,
      4.9632463455200195,
      14.905240058898926,
      5.733430862426758,
      28.183523178100586,
      10.95153522491455,
      31.876419067382812,
      12.123954772949219,
      45.43146514892578,
      17.404321670532227,
      49.360443115234375,
      18.505990982055664,
      44.584922790527344,
      17.620861053466797,
      28.190160751342773,
      16.09396743774414,
      28.416793823242188,
      20.097633361816406
    ],
    [
      9.950419425964355,
      6.731029510498047,
      8.8167142868042,
      8.420414924621582,
      13.932381629943848,
      14.27029037475586,
      14.107721328735352,
      14.935247421264648,
      19.70540428161621,
      18.538856506347656,
      18.505990982055664,
      22.790939331054688,
      19.902347564697266,
      20.602584838867188,
      20.02712059020996,
      20.464717864990234,
      19.12196159362793,
      18.91663360595703
    ],
    [
      18.258594512939453,
      5.738456726074219,
      14.533890724182129,
      7.255626201629639,
      25.799148559570312,
      11.92019271850586,
      29.3402042388916,
      13.041318893432617,
      42.96583938598633,
      18.054853439331055,
      44.584922790527344,
      19.902347564697266,
      49.06734085083008,
      22.998178482055664,
      35.565242767333984,
      24.6191463470459,
      38.20103073120117,
      30.491317749023438
    ],
    [
      11.118322372436523,
      7.624420166015625,
      9.381563186645508,
      9.73311710357666,
      12.779702186584473,
      13.9933500289917,
      13.10925579071045,
      15.062797546386719,
      18.49786376953125,
      18.294233322143555,
      17.620861053466797,
      20.602584838867188,
      22.998178482055664,
      27.716049194335938,
      28.22931480407715,
      30.827360153198242,
      30.655275344848633,
      32.624977111816406
    ],
    [
      16.962970733642578,
      10.340949058532715,
      13.025321006774902,
      10.587517738342285,
      17.745988845825195,
      12.897533416748047,
      19.04718780517578,
      14.675378799438477,
      29.19620132446289,
      18.177440643310547,
      28.190160751342773,
      20.02712059020996,
      35.565242767333984,
      28.22931480407715,
      48.842857360839844,
      43.59043884277344,
      56.78325653076172,
      54.265899658203125
    ],
    [
      13.414749145507812,
      13.45325756072998,
      10.775712966918945,
      12.904693603515625,
      12.453335762023926,
      14.497052192687988,
      12.277732849121094,
      15.950141906738281,
      17.043832778930664,
      18.15745735168457,
      16.09396743774414,
      20.464717864990234,
      24.6191463470459,
      30.827360153198242,
      43.59043884277344,
      53.45075225830078,
      54.46220016479492,
      61.399505615234375
    ],
    [
      20.815885543823242,
      10.159854888916016,
      15.463373184204102,
      12.634175300598145,
      17.225744247436523,
      12.338228225708008,
      18.9829158782959,
      14.149961471557617,
      28.960206985473633,
      16.660057067871094,
      28.416793823242188,
      19.12196159362793,
      38.20103073120117,
      30.655275344848633,
      56.78325653076172,
      54.46220016479492,
      87.00666809082031,
      84.44110870361328
    ],
    [
      19.319040298461914,
      12.347490310668945,
      15.00508975982666,
      13.789714813232422,
      13.744704246520996,
      12.508865356445312,
      15.036455154418945,
      14.419662475585938,
      20.00858497619629,
      15.73072624206543,
      20.097633361816406,
      18.91663360595703,
      30.491317749023438,
      32.624977111816406,
      54.265899658203125,
      61.399505615234375,
      84.44110870361328,
      97.1689453125
    ]
  ],
  "drr": 12.445003509521484,
  "dynamics": 3.372248411178589,
  "format": 1245190,
  "frames": 9607104,
  "loudness": -10.882216453552246,
  "loudness_range": 7.174927711486816,
  "loudness_range_short": 10.87696361541748,
  "peak": 0.4597816467285156,
  "rms": -13.249159812927246,
  "sample_rate": 44100,
  "sections": 1,
  "seekable": 1,
  "sharpness": 2.601367473602295,
  "space": -7.541514873504639
}