{
  "bands": [
    {
      "high_freq": 148.1999969482422,
      "loudness": -22.373498916625977,
      "loudness_range": 22.249887466430664,
      "mid_mean": -18.897397994995117,
      "mid_to_side_loudness": -19.71928596496582,
      "mid_to_side_loudness_range": 21.578126907348633,
      "side_mean": -38.51515197753906
    },
    {
      "high_freq": 392.3793640136719,
      "loudness": -26.610559463500977,
      "loudness_range": 13.776662826538086,
      "low_freq": 148.1999969482422,
      "mid_mean": -23.338533401489258,
      "mid_to_side_loudness": -13.719633102416992,
      "mid_to_side_loudness_range": 18.799524307250977,
      "side_mean": -36.19731903076172
    },
    {
      "high_freq": 794.6976318359375,
      "loudness": -24.612905502319336,
      "loudness_range": 17.516401290893555,
      "low_freq": 392.3793640136719,
      "mid_mean": -21.33715057373047,
      "mid_to_side_loudness": -12.266874313354492,
      "mid_to_side_loudness_range": 18.237762451171875,
      "side_mean": -32.82545471191406
    },
    {
      "high_freq": 1457.5709228515625,
      "loudness": -25.402387619018555,
      "loudness_range": 18.14629364013672,
      "low_freq": 794.6976318359375,
      "mid_mean": -22.145423889160156,
      "mid_to_side_loudness": -11.152863502502441,
      "mid_to_side_loudness_range": 14.888163566589355,
      "side_mean": -33.03084945678711
    },
    {
      "high_freq": 2549.74365234375,
      "loudness": -22.2248477935791,
      "loudness_range": 16.45752716064453,
      "low_freq": 1457.5709228515625,
      "mid_mean": -19.11663055419922,
      "mid_to_side_loudness": -10.376075744628906,
      "mid_to_side_loudness_range": 15.579170227050781,
      "side_mean": -28.715246200561523
    },
    {
      "high_freq": 4349.24462890625,
      "loudness": -23.72214126586914,
      "loudness_range": 14.676237106323242,
      "low_freq": 2549.74365234375,
      "mid_mean": -20.61243438720703,
      "mid_to_side_loudness": -10.749826431274414,
      "mid_to_side_loudness_range": 18.640594482421875,
      "side_mean": -30.78929328918457
    },
    {
      "high_freq": 7314.1640625,
      "loudness": -28.07082748413086,
      "loudness_range": 13.140676498413086,
      "low_freq": 4349.24462890625,
      "mid_mean": -24.880508422851562,
      "mid_to_side_loudness": -10.741292953491211,
      "mid_to_side_loudness_range": 16.869123458862305,
      "side_mean": -35.1387825012207
    },
    {
      "high_freq": 12199.2666015625,
      "loudness": -30.164926528930664,
      "loudness_range": 13.292362213134766,
      "low_freq": 7314.1640625,
      "mid_mean": -27.057361602783203,
      "mid_to_side_loudness": -10.058257102966309,
      "mid_to_side_loudness_range": 14.258064270019531,
      "side_mean": -37.19635009765625
    },
    {
      "loudness": -32.97820281982422,
      "loudness_range": 12.181686401367188,
      "low_freq": 12199.2666015625,
      "mid_mean": -29.97687339782715,
      "mid_to_side_loudness": -9.021373748779297,
      "mid_to_side_loudness_range": 12.168381690979004,
      "side_mean": -39.70458221435547
    }
  ],
  "bands_short": [
    {
      "high_freq": 148.1999969482422,
      "loudness": -26.7208309173584,
      "loudness_range": 31.577720642089844,
      "mid_mean": -23.336833953857422,
      "mid_to_side_loudness": -18.723909378051758,
      "mid_to_side_loudness_range": 29.78795623779297,
      "side_mean": -43.24530029296875
    },
    {
      "high_freq": 392.3793640136719,
      "loudness": -27.609973907470703,
      "loudness_range": 22.455463409423828,
      "low_freq": 148.1999969482422,
      "mid_mean": -24.453367233276367,
      "mid_to_side_loudness": -13.041099548339844,
      "mid_to_side_loudness_range": 23.62735939025879,
      "side_mean": -37.19783401489258
    },
    {
      "high_freq": 794.6976318359375,
      "loudness": -26.25835609436035,
      "loudness_range": 21.949037551879883,
      "low_freq": 392.3793640136719,
      "mid_mean": -23.256032943725586,
      "mid_to_side_loudness": -10.597633361816406,
      "mid_to_side_loudness_range": 20.715078353881836,
      "side_mean": -33.696449279785156
    },
    {
      "high_freq": 1457.5709228515625,
      "loudness": -26.719646453857422,
      "loudness_range": 21.55384063720703,
      "low_freq": 794.6976318359375,
      "mid_mean": -23.619855880737305,
      "mid_to_side_loudness": -10.063828468322754,
      "mid_to_side_loudness_range": 18.214733123779297,
      "side_mean": -33.99121856689453
    },
    {
      "high_freq": 2549.74365234375,
      "loudness": -23.633275985717773,
      "loudness_range": 20.31026268005371,
      "low_freq": 1457.5709228515625,
      "mid_mean": -20.702730178833008,
      "mid_to_side_loudness": -9.469762802124023,
      "mid_to_side_loudness_range": 19.05312156677246,
      "side_mean": -29.988737106323242
    },
    {
      "high_freq": 4349.24462890625,
      "loudness": -24.936965942382812,
      "loudness_range": 18.57920265197754,
      "low_freq": 2549.74365234375,
      "mid_mean": -22.014814376831055,
      "mid_to_side_loudness": -9.701586723327637,
      "mid_to_side_loudness_range": 20.73862075805664,
      "side_mean": -31.67443084716797
    },
    {
      "high_freq": 7314.1640625,
      "loudness": -29.571962356567383,
      "loudness_range": 19.881717681884766,
      "low_freq": 4349.24462890625,
      "mid_mean": -26.59815216064453,
      "mid_to_side_loudness": -9.56250286102295,
      "mid_to_side_loudness_range": 18.431846618652344,
      "side_mean": -36.262107849121094
    },
    {
      "high_freq": 12199.2666015625,
      "loudness": -32.66983413696289,
      "loudness_range": 22.36580467224121,
      "low_freq": 7314.1640625,
      "mid_mean": -29.768840789794922,
      "mid_to_side_loudness": -9.533905029296875,
      "mid_to_side_loudness_range": 16.113821029663086,
      "side_mean": -39.71498489379883
    },
    {
      "loudness": -37.02450942993164,
      "loudness_range": 25.6427001953125,
      "low_freq": 12199.2666015625,
      "mid_mean": -34.23098373413086,
      "mid_to_side_loudness": -8.837442398071289,
      "mid_to_side_loudness_range": 14.60195541381836,
      "side_mean": -44.47273254394531
    }
  ],
  "channels": 2,
  "covariance": [
    [
      64.08003234863281,
      24.893787384033203,
      28.125329971313477,
      22.609783172607422,
      20.47300910949707,
      23.33936309814453,
      17.15815544128418,
      17.782381057739258,
      15.991811752319336,
      19.44474983215332,
      14.062744140625,
      20.66341781616211,
      11.664326667785645,
      13.868165969848633,
      10.060661315917969,
      9.26583480834961,
      12.178116798400879,
      9.182574272155762
    ],
    [
      24.893787384033203,
      43.370174407958984,
      13.518411636352539,
      31.784019470214844,
      8.02639389038086,
      24.807994842529297,
      5.613279819488525,
      18.0324649810791,
      7.084247589111328,
      21.567045211791992,
      4.511410713195801,
      24.383481979370117,
      3.912919521331787,
      17.564632415771484,
      5.4611897468566895,
      8.793902397155762,
      4.443467617034912,
      5.058384895324707
    ],
    [
      28.125329971313477,
      13.518411636352539,
      32.133811950683594,
      21.210813522338867,
      23.30462646484375,
      21.152103424072266,
      19.538021087646484,
      19.335050582885742,
      19.998435974121094,
      19.144283294677734,
      19.62991714477539,
      19.855417251586914,
      19.46255111694336,
      14.745573997497559,
      15.277228355407715,
      9.570531845092773,
      14.150952339172363,
      9.14403247833252
    ],
    [
      22.609783172607422,
      31.784019470214844,
      21.210813522338867,
      55.21157455444336,
      19.757469177246094,
      42.95427322387695,
      16.333499908447266,
      29.27428436279297,
      16.686840057373047,
      37.28690719604492,
      14.626415252685547,
      40.40378189086914,
      12.202615737915039,
      27.68776512145996,
      15.138507843017578,
      14.920515060424805,
      11.51743221282959,
      8.431783676147461
    ],
    [
      20.47300910949707,
      8.02639389038086,
      23.30462646484375,
      19.757469177246094,
      41.76076126098633,
      27.623815536499023,
      31.397598266601562,
      24.966339111328125,
      27.336442947387695,
      22.84797477722168,
      26.50334930419922,
      20.55768585205078,
      22.551979064941406,
      14.897475242614746,
      18.356090545654297,
      8.794007301330566,
      17.369794845581055,
      7.004608631134033
    ],
    [
      23.33936309814453,
      24.807994842529297,
      21.152103424072266,
      42.95427322387695,
      27.623815536499023,
      51.24776840209961,
      24.25279426574707,
      35.500301361083984,
      23.87604522705078,
      42.080841064453125,
      20.924388885498047,
      42.19443130493164,
      17.410995483398438,
      31.17923927307129,
      19.85591697692871,
      17.81956672668457,
      16.835416793823242,
      11.108304977416992
    ],
    [
      17.15815544128418,
      5.613279819488525,
      19.538021087646484,
      16.333499908447266,
      31.397598266601562,
      24.25279426574707,
      40.37828063964844,
      28.180137634277344,
      26.638381958007812,
      23.63174057006836,
      25.261892318725586,
      20.93949317932129,
      22.303890228271484,
      15.053735733032227,
      17.94877815246582,
      8.62252426147461,
      16.24125099182129,
      6.520589828491211
    ],
    [
      17.782381057739258,
      18.0324649810791,
      19.335050582885742,
      29.27428436279297,
      24.966339111328125,
      35.500301361083984,
      28.180137634277344,
      40.67830276489258,
      22.50731086730957,
      34.93162155151367,
      19.87381362915039,
      34.83623123168945,
      17.93073844909668,
      25.095783233642578,
      16.551414489746094,
      13.28613567352295,
      13.472357749938965,
      8.722411155700684
    ],
    [
      15.991811752319336,
      7.084247589111328,
      19.998435974121094,
      16.686840057373047,
      27.336442947387695,
      23.87604522705078,
      26.638381958007812,
      22.50731086730957,
      34.553314208984375,
      24.401670455932617,
      27.826257705688477,
      21.3212890625,
      23.866535186767578,
      15.220880508422852,
      18.703340530395508,
      9.046475410461426,
      17.45487403869629,
      7.3981614112854
    ],
    [
      19.44474983215332,
      21.567045211791992,
      19.144283294677734,
      37.28690719604492,
      22.84797477722168,
      42.080841064453125,
      23.63174057006836,
      34.93162155151367,
      24.401670455932617,
      46.54183578491211,
      20.628738403320312,
      42.371421813964844,
      17.05141258239746,
      29.771621704101562,
      18.659109115600586,
      16.529396057128906,
      16.107961654663086,
      11.37775993347168
    ],
    [
      14.062744140625,
      4.511410713195801,
      19.62991714477539,
      14.626415252685547,
      26.50334930419922,
      20.924388885498047,
      25.261892318725586,
      19.87381362915039,
      27.826257705688477,
      20.628738403320312,
      29.653427124023438,
      19.436548233032227,
      24.960220336914062,
      15.316681861877441,
      18.757465362548828,
      10.700323104858398,
      16.4771671295166,
      7.863073825836182
    ],
    [
      20.66341781616211,
      24.383481979370117,
      19.855417251586914,
      40.40378189086914,
      20.55768585205078,
      42.19443130493164,
      20.93949317932129,
      34.83623123168945,
      21.3212890625,
      42.371421813964844,
      19.436548233032227,
      48.323570251464844,
      17.443952560424805,
      36.841548919677734,
      20.199691772460938,
      22.183629989624023,
      14.191271781921387,
      13.776122093200684
    ],
    [
      11.664326667785645,
      3.912919521331787,
      19.46255111694336,
      12.202615737915039,
      22.551979064941406,
      17.410995483398438,
      22.303890228271484,
      17.93073844909668,
      23.866535186767578,
      17.05141258239746,
      24.960220336914062,
      17.443952560424805,
      29.14350128173828,
      17.02423667907715,
      20.24263572692871,
      13.57861042022705,
      16.21320915222168,
      9.79255485534668
    ],
    [
      13.868165969848633,
      17.564632415771484,
      14.745573997497559,
      27.68776512145996,
      14.897475242614746,
      31.17923927307129,
      15.053735733032227,
      25.095783233642578,
      15.220880508422852,
      29.771621704101562,
      15.316681861877441,
      36.841548919677734,
      17.02423667907715,
      37.45722579956055,
      18.958072662353516,
      24.85445213317871,
      12.008627891540527,
      14.197368621826172
    ],
    [
      10.060661315917969,
      5.4611897468566895,
      15.277228355407715,
      15.138507843017578,
      18.356090545654297,
      19.85591697692871,
      17.94877815246582,
      16.551414489746094,
      18.703340530395508,
      18.659109115600586,
      18.757465362548828,
      20.199691772460938,
      20.24263572692871,
      18.958072662353516,
      29.534934997558594,
      18.265886306762695,
      23.038610458374023,
      15.96306324005127
    ],
    [
      9.26583480834961,
      8.793902397155762,
      9.570531845092773,
      14.920515060424805,
      8.794007301330566,
      17.81956672668457,
      8.62252426147461,
      13.28613567352295,
      9.046475410461426,
      16.529396057128906,
      10.700323104858398,
      22.183629989624023,
      13.57861042022705,
      24.85445213317871,
      18.265886306762695,
      27.70269775390625,
      12.295034408569336,
      17.22661590576172
    ],
    [
      12.178116798400879,
      4.443467617034912,
      14.150952339172363,
      11.51743221282959,
      17.369794845581055,
      16.835416793823242,
      16.24125099182129,
      13.472357749938965,
      17.45487403869629,
      16.107961654663086,
      16.4771671295166,
      14.191271781921387,
      16.21320915222168,
      12.008627891540527,
      23.038610458374023,
      12.295034408569336,
      29.688648223876953,
      16.287120819091797
    ],
    [
      9.182574272155762,
      5.058384895324707,
      9.14403247833252,
      8.431783676147461,
      7.004608631134033,
      11.108304977416992,
      6.520589828491211,
      8.722411155700684,
      7.3981614112854,
      11.37775993347168,
      7.863073825836182,
      13.776122093200684,
      9.79255485534668,
      14.197368621826172,
      15.96306324005127,
      17.22661590576172,
      16.287120819091797,
      22.207599639892578
    ]
  ],
  "covariance_short": [
    [
      103.5898208618164,
      44.51740646362305,
      41.174686431884766,
      25.746654510498047,
      23.295019149780273,
      25.654277801513672,
      20.001270294189453,
      23.39517593383789,
      18.31777572631836,
      24.322208404541016,
      15.985663414001465,
      26.01749610900879,
      13.44906997680664,
      19.247472763061523,
      12.458588600158691,
      11.748800277709961,
      10.97963809967041,
      13.442408561706543
    ],
    [
      44.51740646362305,
      77.98406982421875,
      31.888099670410156,
      43.35017013549805,
      18.68457794189453,
      32.2787971496582,
      16.01650047302246,
      26.59195899963379,
      15.688105583190918,
      30.364816665649414,
      13.561666488647461,
      33.267547607421875,
      13.182612419128418,
      26.857397079467773,
      15.151887893676758,
      18.52923011779785,
      12.502317428588867,
      18.477558135986328
    ],
    [
      41.174686431884766,
      31.888099670410156,
      60.57258987426758,
      33.076175689697266,
      31.57716178894043,
      27.328065872192383,
      24.072694778442383,
      26.512266159057617,
      27.06535530090332,
      25.73944091796875,
      26.595012664794922,
      27.488706588745117,
      26.396623611450195,
      22.52837371826172,
      26.317102432250977,
      20.165477752685547,
      27.877220153808594,
      27.48175048828125
    ],
    [
      25.746654510498047,
      43.35017013549805,
      33.076175689697266,
      72.06150817871094,
      28.408489227294922,
      52.13166809082031,
      22.084407806396484,
      36.487300872802734,
      25.2984561920166,
      47.70242691040039,
      23.14544677734375,
      50.89617156982422,
      19.787368774414062,
      38.815521240234375,
      25.322189331054688,
      25.415987014770508,
      23.404748916625977,
      26.21387481689453
    ],
    [
      23.295019149780273,
      18.68457794189453,
      31.57716178894043,
      28.408489227294922,
      62.26024627685547,
      37.43643569946289,
      41.952152252197266,
      34.9212646484375,
      39.20012664794922,
      32.88904571533203,
      38.67257308959961,
      31.04653549194336,
      32.746742248535156,
      24.914199829101562,
      31.051101684570312,
      20.817184448242188,
      30.014394760131836,
      24.798280715942383
    ],
    [
      25.654277801513672,
      32.2787971496582,
      27.328065872192383,
      52.13166809082031,
      37.43643569946289,
      67.56011962890625,
      31.13963508605957,
      43.981197357177734,
      32.542335510253906,
      53.45653533935547,
      29.299108505249023,
      53.375579833984375,
      24.10814094543457,
      40.83163070678711,
      27.365869522094727,
      27.260292053222656,
      25.666767120361328,
      27.121681213378906
    ],
    [
      20.001270294189453,
      16.01650047302246,
      24.072694778442383,
      22.084407806396484,
      41.952152252197266,
      31.13963508605957,
      58.227298736572266,
      37.8647346496582,
      39.10496520996094,
      32.12766647338867,
      37.310752868652344,
      29.426427841186523,
      32.10488510131836,
      23.693012237548828,
      29.882558822631836,
      19.534494400024414,
      28.962854385375977,
      23.02085304260254
    ],
    [
      23.39517593383789,
      26.59195899963379,
      26.512266159057617,
      36.487300872802734,
      34.9212646484375,
      43.981197357177734,
      37.8647346496582,
      55.15116500854492,
      32.83951950073242,
      45.346885681152344,
      29.745241165161133,
      43.748085021972656,
      25.89864730834961,
      33.31633758544922,
      25.495695114135742,
      21.736358642578125,
      22.305171966552734,
      21.174551010131836
    ],
    [
      18.31777572631836,
      15.688105583190918,
      27.06535530090332,
      25.2984561920166,
      39.20012664794922,
      32.542335510253906,
      39.10496520996094,
      32.83951950073242,
      54.479156494140625,
      36.80978012084961,
      42.50593185424805,
      32.583011627197266,
      36.158180236816406,
      25.76698875427246,
      32.192440032958984,
      21.579547882080078,
      31.902673721313477,
      25.493894577026367
    ],
    [
      24.322208404541016,
      30.364816665649414,
      25.73944091796875,
      47.70242691040039,
      32.88904571533203,
      53.45653533935547,
      32.12766647338867,
      45.346885681152344,
      36.80978012084961,
      66.01011657714844,
      31.75794219970703,
      57.01650619506836,
      26.24123191833496,
      42.33173751831055,
      29.72684669494629,
      28.125534057617188,
      27.27451515197754,
      28.178476333618164
    ],
    [
      15.985663414001465,
      13.561666488647461,
      26.595012664794922,
      23.14544677734375,
      38.67257308959961,
      29.299108505249023,
      37.310752868652344,
      29.745241165161133,
      42.50593185424805,
      31.75794219970703,
      49.10852813720703,
      31.49068260192871,
      40.12337112426758,
      26.72032356262207,
      35.04002380371094,
      24.20233917236328,
      33.90189743041992,
      28.561628341674805
    ],
    [
      26.01749610900879,
      33.267547607421875,
      27.488706588745117,
      50.89617156982422,
      31.04653549194336,
      53.375579833984375,
      29.426427841186523,
      43.748085021972656,
      32.583011627197266,
      57.01650619506836,
      31.49068260192871,
      65.56427001953125,
      27.88006019592285,
      50.985836029052734,
      32.167972564697266,
      35.72239303588867,
      27.693349838256836,
      34.03104782104492
    ],
    [
      13.44906997680664,
      13.182612419128418,
      26.396623611450195,
      19.787368774414062,
      32.746742248535156,
      24.10814094543457,
      32.10488510131836,
      25.89864730834961,
      36.158180236816406,
      26.24123191833496,
      40.12337112426758,
      27.88006019592285,
      50.12337112426758,
      29.977842330932617,
      43.55553436279297,
      31.51801109313965,
      41.35446548461914,
      35.48747253417969
    ],
    [
      19.247472763061523,
      26.857397079467773,
      22.52837371826172,
      38.815521240234375,
      24.914199829101562,
      40.83163070678711,
      23.693012237548828,
      33.31633758544922,
      25.76698875427246,
      42.33173751831055,
      26.72032356262207,
      50.985836029052734,
      29.977842330932617,
      55.01778793334961,
      34.77275466918945,
      43.670963287353516,
      30.41463851928711,
      40.0511474609375
    ],
    [
      12.458588600158691,
      15.151887893676758,
      26.317102432250977,
      25.322189331054688,
      31.051101684570312,
      27.365869522094727,
      29.882558822631836,
      25.495695114135742,
      32.192440032958984,
      29.72684669494629,
      35.04002380371094,
      32.167972564697266,
      43.55553436279297,
      34.77275466918945,
      68.1463851928711,
      46.57331848144531,
      62.21162033081055,
      54.158233642578125
    ],
    [
      11.748800277709961,
      18.52923011779785,
      20.165477752685547,
      25.415987014770508,
      20.817184448242188,
      27.260292053222656,
      19.534494400024414,
      21.736358642578125,
      21.579547882080078,
      28.125534057617188,
      24.20233917236328,
      35.72239303588867,
      31.51801109313965,
      43.670963287353516,
      46.57331848144531,
      61.07340621948242,
      46.85836410522461,
      61.05629348754883
    ],
    [
      10.97963809967041,
      12.502317428588867,
      27.877220153808594,
      23.404748916625977,
      30.014394760131836,
      25.666767120361328,
      28.962854385375977,
      22.305171966552734,
      31.902673721313477,
      27.27451515197754,
      33.90189743041992,
      27.693349838256836,
      41.35446548461914,
      30.41463851928711,
      62.21162033081055,
      46.85836410522461,
      84.95651245117188,
      64.98461151123047
    ],
    [
      13.442408561706543,
      18.477558135986328,
      27.48175048828125,
      26.21387481689453,
      24.798280715942383,
      27.121681213378906,
      23.02085304260254,
      21.174551010131836,
      25.493894577026367,
      28.178476333618164,
      28.561628341674805,
      34.03104782104492,
      35.48747253417969,
      40.0511474609375,
      54.158233642578125,
      61.05629348754883,
      64.98461151123047,
      83.19564819335938
    ]
  ],
  "drr": 15.740334510803223,
  "dynamics": 3.80159330368042,
  "format": 1245190,
  "frames": 8714240,
  "loudness": -10.684311866760254,
  "loudness_range": 10.816120147705078,
  "loudness_range_short": 16.31328010559082,
  "peak": 0.5973659753799438,
  "rms": -12.858789443969727,
  "sample_rate": 44100,
  "sections": 1,
  "seekable": 1,
  "sharpness": 3.919219493865967,
  "space": -11.738694190979004
}