{
  "bands": [
    {
      "high_freq": 148.1999969482422,
      "loudness": -60.92173385620117,
      "loudness_range": 21.49075698852539,
      "mid_mean": -57.86528015136719,
      "mid_to_side_loudness": -6.13247013092041,
      "mid_to_side_loudness_range": 7.849306106567383,
      "side_mean": -62.77159881591797
    },
    {
      "high_freq": 392.3793640136719,
      "loudness": -43.43259048461914,
      "loudness_range": 26.076927185058594,
      "low_freq": 148.1999969482422,
      "mid_mean": -40.78348922729492,
      "mid_to_side_loudness": -7.6088738441467285,
      "mid_to_side_loudness_range": 8.531726837158203,
      "side_mean": -48.69612503051758
    },
    {
      "high_freq": 794.6976318359375,
      "loudness": -39.111236572265625,
      "loudness_range": 24.474525451660156,
      "low_freq": 392.3793640136719,
      "mid_mean": -36.1009635925293,
      "mid_to_side_loudness": -9.164182662963867,
      "mid_to_side_loudness_range": 9.970622062683105,
      "side_mean": -45.55535125732422
    },
    {
      "high_freq": 1457.5709228515625,
      "loudness": -43.5753059387207,
      "loudness_range": 31.512374877929688,
      "low_freq": 794.6976318359375,
      "mid_mean": -41.19182586669922,
      "mid_to_side_loudness": -9.196049690246582,
      "mid_to_side_loudness_range": 9.595193862915039,
      "side_mean": -52.12351608276367
    },
    {
      "high_freq": 2549.74365234375,
      "loudness": -53.03264236450195,
      "loudness_range": 40.5290412902832,
      "low_freq": 1457.5709228515625,
      "mid_mean": -52.8661994934082,
      "mid_to_side_loudness": -8.111234664916992,
      "mid_to_side_loudness_range": 9.771870613098145,
      "side_mean": -59.25749969482422
    },
    {
      "high_freq": 4349.24462890625,
      "loudness": -61.527992248535156,
      "loudness_range": 35.46598815917969,
      "low_freq": 2549.74365234375,
      "mid_mean": -62.4423713684082,
      "mid_to_side_loudness": -4.3853044509887695,
      "mid_to_side_loudness_range": 9.110849380493164,
      "side_mean": -65.31966400146484
    },
    {
      "high_freq": 7314.1640625,
      "loudness": -73.45079803466797,
      "loudness_range": 24.311763763427734,
      "low_freq": 4349.24462890625,
      "mid_mean": -66.66485595703125,
      "mid_to_side_loudness": -1.2888644933700562,
      "mid_to_side_loudness_range": 4.215728759765625,
      "side_mean": -67.3869400024414
    },
    {
      "high_freq": 12199.2666015625,
      "loudness": -74.39051818847656,
      "loudness_range": 11.419181823730469,
      "low_freq": 7314.1640625,
      "mid_mean": -68.01200103759766,
      "mid_to_side_loudness": -0.30527395009994507,
      "mid_to_side_loudness_range": 1.0201812982559204,
      "side_mean": -68.1673355102539
    },
    {
      "loudness": -73.72173309326172,
      "loudness_range": 1.6319580078125,
      "low_freq": 12199.2666015625,
      "mid_mean": -68.27959442138672,
      "mid_to_side_loudness": 0.02584168314933777,
      "mid_to_side_loudness_range": 0.4284355640411377,
      "side_mean": -68.25251770019531
    }
  ],
  "bands_short": [
    {
      "high_freq": 148.1999969482422,
      "loudness": -63.50197982788086,
      "loudness_range": 21.30252456665039,
      "mid_mean": -60.24056625366211,
      "mid_to_side_loudness": -5.316941738128662,
      "mid_to_side_loudness_range": 10.72091293334961,
      "side_mean": -64.1156997680664
    },
    {
      "high_freq": 392.3793640136719,
      "loudness": -44.42351531982422,
      "loudness_range": 27.080533981323242,
      "low_freq": 148.1999969482422,
      "mid_mean": -41.8037109375,
      "mid_to_side_loudness": -7.77160120010376,
      "mid_to_side_loudness_range": 10.079115867614746,
      "side_mean": -50.7035026550293
    },
    {
      "high_freq": 794.6976318359375,
      "loudness": -39.55851364135742,
      "loudness_range": 25.084415435791016,
      "low_freq": 392.3793640136719,
      "mid_mean": -36.70908737182617,
      "mid_to_side_loudness": -8.682133674621582,
      "mid_to_side_loudness_range": 11.96467399597168,
      "side_mean": -45.795658111572266
    },
    {
      "high_freq": 1457.5709228515625,
      "loudness": -44.07473373413086,
      "loudness_range": 32.80719757080078,
      "low_freq": 794.6976318359375,
      "mid_mean": -41.95844650268555,
      "mid_to_side_loudness": -8.739007949829102,
      "mid_to_side_loudness_range": 12.478442192077637,
      "side_mean": -52.25267791748047
    },
    {
      "high_freq": 2549.74365234375,
      "loudness": -53.797847747802734,
      "loudness_range": 38.86827850341797,
      "low_freq": 1457.5709228515625,
      "mid_mean": -53.92411804199219,
      "mid_to_side_loudness": -7.757821083068848,
      "mid_to_side_loudness_range": 11.646734237670898,
      "side_mean": -59.92564392089844
    },
    {
      "high_freq": 4349.24462890625,
      "loudness": -62.59368133544922,
      "loudness_range": 35.41287612915039,
      "low_freq": 2549.74365234375,
      "mid_mean": -62.381309509277344,
      "mid_to_side_loudness": -4.47867488861084,
      "mid_to_side_loudness_range": 10.406414985656738,
      "side_mean": -65.31219482421875
    },
    {
      "high_freq": 7314.1640625,
      "loudness": -73.89749145507812,
      "loudness_range": 22.155780792236328,
      "low_freq": 4349.24462890625,
      "mid_mean": -67.04548645019531,
      "mid_to_side_loudness": -1.0669832229614258,
      "mid_to_side_loudness_range": 4.461548805236816,
      "side_mean": -67.62582397460938
    },
    {
      "high_freq": 12199.2666015625,
      "loudness": -74.70775604248047,
      "loudness_range": 7.88031005859375,
      "low_freq": 7314.1640625,
      "mid_mean": -68.23713684082031,
      "mid_to_side_loudness": -0.2521073818206787,
      "mid_to_side_loudness_range": 1.9864134788513184,
      "side_mean": -68.36419677734375
    },
    {
      "loudness": -73.73751831054688,
      "loudness_range": 1.5559539794921875,
      "low_freq": 12199.2666015625,
      "mid_mean": -68.2829360961914,
      "mid_to_side_loudness": 0.032977305352687836,
      "mid_to_side_loudness_range": 1.2668726444244385,
      "side_mean": -68.26342010498047
    }
  ],
  "channels": 2,
  "covariance": [
    [
      48.54728317260742,
      35.548492431640625,
      37.67171096801758,
      36.8855094909668,
      30.315044403076172,
      31.516887664794922,
      29.58271598815918,
      39.67190170288086,
      50.070594787597656,
      39.40830612182617,
      35.76679229736328,
      23.914844512939453,
      18.148923873901367,
      13.757203102111816,
      7.64363956451416,
      6.4318928718566895,
      1.3751156330108643,
      1.5270203351974487
    ],
    [
      35.548492431640625,
      30.13909149169922,
      27.964622497558594,
      27.070518493652344,
      21.403865814208984,
      22.627737045288086,
      22.043323516845703,
      28.781633377075195,
      36.96239471435547,
      29.183807373046875,
      26.049480438232422,
      17.27861785888672,
      13.015564918518066,
      9.81657886505127,
      5.485121250152588,
      4.609707832336426,
      0.9239242076873779,
      1.0366597175598145
    ],
    [
      37.67171096801758,
      27.964622497558594,
      87.12360382080078,
      78.15453338623047,
      47.369415283203125,
      46.17269515991211,
      27.30378532409668,
      36.44749069213867,
      44.81238555908203,
      30.949012756347656,
      27.804454803466797,
      14.752045631408691,
      8.63608169555664,
      5.593700885772705,
      2.766521692276001,
      2.0735907554626465,
      0.506829023361206,
      0.4941154420375824
    ],
    [
      36.8855094909668,
      27.070518493652344,
      78.15453338623047,
      85.07757568359375,
      48.18480682373047,
      45.912471771240234,
      30.73447036743164,
      38.68840408325195,
      49.14005661010742,
      32.93376159667969,
      29.006927490234375,
      15.186655044555664,
      7.865993499755859,
      4.9067606925964355,
      2.3021554946899414,
      1.6710792779922485,
      0.47862890362739563,
      0.44972968101501465
    ],
    [
      30.315044403076172,
      21.403865814208984,
      47.369415283203125,
      48.18480682373047,
      74.90116882324219,
      68.62425994873047,
      60.452205657958984,
      64.24748229980469,
      72.06739044189453,
      56.84046173095703,
      53.1674919128418,
      33.728172302246094,
      23.885589599609375,
      17.560649871826172,
      9.040742874145508,
      7.548715114593506,
      1.1488361358642578,
      1.3171042203903198
    ],
    [
      31.516887664794922,
      22.627737045288086,
      46.17269515991211,
      45.912471771240234,
      68.62425994873047,
      77.59086608886719,
      64.35889434814453,
      71.25731658935547,
      77.06989288330078,
      61.76157760620117,
      56.97894287109375,
      37.24505615234375,
      27.46041488647461,
      20.525997161865234,
      10.619755744934082,
      8.91219425201416,
      1.2812227010726929,
      1.4809030294418335
    ],
    [
      29.58271598815918,
      22.043323516845703,
      27.30378532409668,
      30.73447036743164,
      60.452205657958984,
      64.35889434814453,
      120.46708679199219,
      106.70694732666016,
      114.13600158691406,
      96.36588287353516,
      84.85257720947266,
      59.12466049194336,
      43.98244094848633,
      33.448604583740234,
      16.885332107543945,
      14.01648235321045,
      1.8892680406570435,
      2.2062838077545166
    ],
    [
      39.67190170288086,
      28.781633377075195,
      36.44749069213867,
      38.68840408325195,
      64.24748229980469,
      71.25731658935547,
      106.70694732666016,
      124.5567855834961,
      126.15373992919922,
      101.57979583740234,
      85.83740997314453,
      59.04013442993164,
      43.83636474609375,
      33.40755081176758,
      17.237937927246094,
      14.39697265625,
      2.7002241611480713,
      3.0247087478637695
    ],
    [
      50.070594787597656,
      36.96239471435547,
      44.81238555908203,
      49.14005661010742,
      72.06739044189453,
      77.06989288330078,
      114.13600158691406,
      126.15373992919922,
      179.0806427001953,
      145.06341552734375,
      117.24761199951172,
      81.4370346069336,
      61.30597686767578,
      47.50364303588867,
      24.171777725219727,
      20.451560974121094,
      3.3707997798919678,
      3.8870279788970947
    ],
    [
      39.40830612182617,
      29.183807373046875,
      30.949012756347656,
      32.93376159667969,
      56.84046173095703,
      61.76157760620117,
      96.36588287353516,
      101.57979583740234,
      145.06341552734375,
      124.40572357177734,
      102.15587615966797,
      72.59671783447266,
      55.640743255615234,
      43.35795211791992,
      22.085689544677734,
      18.699190139770508,
      2.787092447280884,
      3.2521753311157227
    ],
    [
      35.76679229736328,
      26.049480438232422,
      27.804454803466797,
      29.006927490234375,
      53.1674919128418,
      56.97894287109375,
      84.85257720947266,
      85.83740997314453,
      117.24761199951172,
      102.15587615966797,
      104.28227996826172,
      75.6351089477539,
      56.094322204589844,
      44.06123352050781,
      23.027605056762695,
      19.644250869750977,
      2.7907721996307373,
      3.3589203357696533
    ],
    [
      23.914844512939453,
      17.27861785888672,
      14.752045631408691,
      15.186655044555664,
      33.728172302246094,
      37.24505615234375,
      59.12466049194336,
      59.04013442993164,
      81.4370346069336,
      72.59671783447266,
      75.6351089477539,
      57.865604400634766,
      44.22962951660156,
      35.31700897216797,
      18.508651733398438,
      15.80600643157959,
      2.106454610824585,
      2.5660593509674072
    ],
    [
      18.148923873901367,
      13.015564918518066,
      8.63608169555664,
      7.865993499755859,
      23.885589599609375,
      27.46041488647461,
      43.98244094848633,
      43.83636474609375,
      61.30597686767578,
      55.640743255615234,
      56.094322204589844,
      44.22962951660156,
      41.31681823730469,
      33.300758361816406,
      18.412927627563477,
      15.801177978515625,
      1.9355981349945068,
      2.3781323432922363
    ],
    [
      13.757203102111816,
      9.81657886505127,
      5.593700885772705,
      4.9067606925964355,
      17.560649871826172,
      20.525997161865234,
      33.448604583740234,
      33.40755081176758,
      47.50364303588867,
      43.35795211791992,
      44.06123352050781,
      35.31700897216797,
      33.300758361816406,
      27.65907859802246,
      15.279067039489746,
      13.24294376373291,
      1.6006367206573486,
      1.9827758073806763
    ],
    [
      7.64363956451416,
      5.485121250152588,
      2.766521692276001,
      2.3021554946899414,
      9.040742874145508,
      10.619755744934082,
      16.885332107543945,
      17.237937927246094,
      24.171777725219727,
      22.085689544677734,
      23.027605056762695,
      18.508651733398438,
      18.412927627563477,
      15.279067039489746,
      9.498910903930664,
      8.202430725097656,
      1.016605019569397,
      1.2440922260284424
    ],
    [
      6.4318928718566895,
      4.609707832336426,
      2.0735907554626465,
      1.6710792779922485,
      7.548715114593506,
      8.91219425201416,
      14.01648235321045,
      14.39697265625,
      20.451560974121094,
      18.699190139770508,
      19.644250869750977,
      15.80600643157959,
      15.801177978515625,
      13.24294376373291,
      8.202430725097656,
      7.22154426574707,
      0.8928596377372742,
      1.1044158935546875
    ],
    [
      1.3751156330108643,
      0.9239242076873779,
      0.506829023361206,
      0.47862890362739563,
      1.1488361358642578,
      1.2812227010726929,
      1.8892680406570435,
      2.7002241611480713,
      3.3707997798919678,
      2.787092447280884,
      2.7907721996307373,
      2.106454610824585,
      1.9355981349945068,
      1.6006367206573486,
      1.016605019569397,
      0.8928596377372742,
      0.19911840558052063,
      0.2224629670381546
    ],
    [
      1.5270203351974487,
      1.0366597175598145,
      0.4941154420375824,
      0.44972968101501465,
      1.3171042203903198,
      1.4809030294418335,
      2.2062838077545166,
      3.0247087478637695,
      3.8870279788970947,
      3.2521753311157227,
      3.3589203357696533,
      2.5660593509674072,
      2.3781323432922363,
      1.9827758073806763,
      1.2440922260284424,
      1.1044158935546875,
      0.2224629670381546,
      0.2648565173149109
    ]
  ],
  "covariance_short": [
    [
      40.67888259887695,
      27.56867790222168,
      30.1215877532959,
      35.872615814208984,
      28.442628860473633,
      28.161455154418945,
      33.041107177734375,
      40.16986846923828,
      48.27585983276367,
      38.68115234375,
      34.47707748413086,
      24.044404983520508,
      16.14016342163086,
      12.635213851928711,
      5.924238681793213,
      4.965202331542969,
      1.1980780363082886,
      1.2734432220458984
    ],
    [
      27.56867790222168,
      24.365739822387695,
      21.71175193786621,
      24.73265838623047,
      18.430566787719727,
      18.504985809326172,
      21.39276885986328,
      26.080825805664062,
      31.812042236328125,
      25.453325271606445,
      22.21607208251953,
      15.434333801269531,
      10.48490047454834,
      8.200423240661621,
      3.875473976135254,
      3.256622314453125,
      0.7621246576309204,
      0.8095865249633789
    ],
    [
      30.1215877532959,
      21.71175193786621,
      92.7411117553711,
      81.59896087646484,
      48.58443069458008,
      45.49074935913086,
      29.038354873657227,
      35.532535552978516,
      44.130348205566406,
      28.987043380737305,
      26.697174072265625,
      13.754776954650879,
      7.223743438720703,
      4.390827655792236,
      2.1561439037323,
      1.6425315141677856,
      0.5255627632141113,
      0.5227041244506836
    ],
    [
      35.872615814208984,
      24.73265838623047,
      81.59896087646484,
      99.7367935180664,
      51.143287658691406,
      48.97693634033203,
      34.14887237548828,
      48.270652770996094,
      57.59584045410156,
      37.31856155395508,
      32.87054443359375,
      17.343923568725586,
      8.464459419250488,
      5.404085636138916,
      2.8031673431396484,
      2.22857928276062,
      1.3724132776260376,
      1.3732348680496216
    ],
    [
      28.442628860473633,
      18.430566787719727,
      48.58443069458008,
      51.143287658691406,
      80.9402084350586,
      68.16741943359375,
      61.53023147583008,
      65.11264038085938,
      72.42418670654297,
      55.24042892456055,
      53.171897888183594,
      33.46426773071289,
      20.164592742919922,
      14.885181427001953,
      6.551102161407471,
      5.347684860229492,
      1.0554895401000977,
      1.1353020668029785
    ],
    [
      28.161455154418945,
      18.504985809326172,
      45.49074935913086,
      48.97693634033203,
      68.16741943359375,
      76.67977905273438,
      62.426841735839844,
      67.33914947509766,
      73.01979064941406,
      56.35179138183594,
      53.610626220703125,
      34.83971405029297,
      21.592424392700195,
      16.273038864135742,
      7.076784133911133,
      5.843828201293945,
      1.0965008735656738,
      1.1910521984100342
    ],
    [
      33.041107177734375,
      21.39276885986328,
      29.038354873657227,
      34.14887237548828,
      61.53023147583008,
      62.426841735839844,
      128.0631103515625,
      111.45252227783203,
      113.64987182617188,
      93.6412124633789,
      84.96066284179688,
      59.23131561279297,
      37.92817306518555,
      29.248220443725586,
      12.629058837890625,
      10.226930618286133,
      1.8002420663833618,
      1.9684313535690308
    ],
    [
      40.16986846923828,
      26.080825805664062,
      35.532535552978516,
      48.270652770996094,
      65.11264038085938,
      67.33914947509766,
      111.45252227783203,
      131.0933380126953,
      123.42695617675781,
      98.64348602294922,
      85.28515625,
      59.19227600097656,
      38.055843353271484,
      29.521324157714844,
      13.037076950073242,
      10.654629707336426,
      2.5572571754455566,
      2.7406697273254395
    ],
    [
      48.27585983276367,
      31.812042236328125,
      44.130348205566406,
      57.59584045410156,
      72.42418670654297,
      73.01979064941406,
      113.64987182617188,
      123.42695617675781,
      172.8121795654297,
      137.1381378173828,
      112.24263763427734,
      79.36073303222656,
      51.73530960083008,
      41.008758544921875,
      17.927837371826172,
      14.923144340515137,
      3.073883533477783,
      3.3418848514556885
    ],
    [
      38.68115234375,
      25.453325271606445,
      28.987043380737305,
      37.31856155395508,
      55.24042892456055,
      56.35179138183594,
      93.6412124633789,
      98.64348602294922,
      137.1381378173828,
      118.63178253173828,
      96.07510375976562,
      69.9688949584961,
      46.39027786254883,
      37.16499710083008,
      16.10577964782715,
      13.407257080078125,
      2.4896628856658936,
      2.7238242626190186
    ],
    [
      34.47707748413086,
      22.21607208251953,
      26.697174072265625,
      32.87054443359375,
      53.171897888183594,
      53.610626220703125,
      84.96066284179688,
      85.28515625,
      112.24263763427734,
      96.07510375976562,
      99.09420776367188,
      71.9095458984375,
      46.81306076049805,
      37.432186126708984,
      16.976848602294922,
      14.25709056854248,
      2.5486373901367188,
      2.8570752143859863
    ],
    [
      24.044404983520508,
      15.434333801269531,
      13.754776954650879,
      17.343923568725586,
      33.46426773071289,
      34.83971405029297,
      59.23131561279297,
      59.19227600097656,
      79.36073303222656,
      69.9688949584961,
      71.9095458984375,
      56.73260498046875,
      37.737709045410156,
      30.835826873779297,
      13.89083480834961,
      11.695067405700684,
      1.935647964477539,
      2.178760051727295
    ],
    [
      16.14016342163086,
      10.48490047454834,
      7.223743438720703,
      8.464459419250488,
      20.164592742919922,
      21.592424392700195,
      37.92817306518555,
      38.055843353271484,
      51.73530960083008,
      46.39027786254883,
      46.81306076049805,
      37.737709045410156,
      31.83316993713379,
      26.040510177612305,
      12.546218872070312,
      10.779239654541016,
      1.6560096740722656,
      1.9060529470443726
    ],
    [
      12.635213851928711,
      8.200423240661621,
      4.390827655792236,
      5.404085636138916,
      14.885181427001953,
      16.273038864135742,
      29.248220443725586,
      29.521324157714844,
      41.008758544921875,
      37.16499710083008,
      37.432186126708984,
      30.835826873779297,
      26.040510177612305,
      22.37542724609375,
      10.604242324829102,
      9.210331916809082,
      1.3854466676712036,
      1.5957608222961426
    ],
    [
      5.924238681793213,
      3.875473976135254,
      2.1561439037323,
      2.8031673431396484,
      6.551102161407471,
      7.076784133911133,
      12.629058837890625,
      13.037076950073242,
      17.927837371826172,
      16.10577964782715,
      16.976848602294922,
      13.89083480834961,
      12.546218872070312,
      10.604242324829102,
      6.428775787353516,
      5.5025553703308105,
      0.8425354957580566,
      0.9909052848815918
    ],
    [
      4.965202331542969,
      3.256622314453125,
      1.6425315141677856,
      2.22857928276062,
      5.347684860229492,
      5.843828201293945,
      10.226930618286133,
      10.654629707336426,
      14.923144340515137,
      13.407257080078125,
      14.25709056854248,
      11.695067405700684,
      10.779239654541016,
      9.210331916809082,
      5.5025553703308105,
      5.002100467681885,
      0.7442233562469482,
      0.8833409547805786
    ],
    [
      1.1980780363082886,
      0.7621246576309204,
      0.5255627632141113,
      1.3724132776260376,
      1.0554895401000977,
      1.0965008735656738,
      1.8002420663833618,
      2.5572571754455566,
      3.073883533477783,
      2.4896628856658936,
      2.5486373901367188,
      1.935647964477539,
      1.6560096740722656,
      1.3854466676712036,
      0.8425354957580566,
      0.7442233562469482,
      0.22637924551963806,
      0.24086202681064606
    ],
    [
      1.2734432220458984,
      0.8095865249633789,
      0.5227041244506836,
      1.3732348680496216,
      1.1353020668029785,
      1.1910521984100342,
      1.9684313535690308,
      2.7406697273254395,
      3.3418848514556885,
      2.7238242626190186,
      2.8570752143859863,
      2.178760051727295,
      1.9060529470443726,
      1.5957608222961426,
      0.9909052848815918,
      0.8833409547805786,
      0.24086202681064606,
      0.29713013768196106
    ]
  ],
  "drr": 8.706521034240723,
  "dynamics": 6.884366512298584,
  "format": 1245190,
  "frames": 14579712,
  "loudness": -30.002836227416992,
  "loudness_range": 24.148122787475586,
  "loudness_range_short": 25.162290573120117,
  "peak": -5.325699806213379,
  "rms": -28.693700790405273,
  "sample_rate": 44100,
  "sections": 1,
  "seekable": 1,
  "sharpness": 2.445721387863159,
  "space": -8.80197811126709
}