{
  "bands": [
    {
      "high_freq": 148.1999969482422,
      "loudness": -23.100414276123047,
      "loudness_range": 10.158285140991211,
      "mid_mean": -19.470726013183594,
      "mid_to_side_loudness": -21.34737777709961,
      "mid_to_side_loudness_range": 17.615558624267578,
      "side_mean": -41.714439392089844
    },
    {
      "high_freq": 392.3793640136719,
      "loudness": -20.915172576904297,
      "loudness_range": 9.773693084716797,
      "low_freq": 148.1999969482422,
      "mid_mean": -17.635467529296875,
      "mid_to_side_loudness": -11.094388961791992,
      "mid_to_side_loudness_range": 10.461736679077148,
      "side_mean": -28.751955032348633
    },
    {
      "high_freq": 794.6976318359375,
      "loudness": -22.62244987487793,
      "loudness_range": 8.751178741455078,
      "low_freq": 392.3793640136719,
      "mid_mean": -20.405731201171875,
      "mid_to_side_loudness": -4.456629753112793,
      "mid_to_side_loudness_range": 7.687592029571533,
      "side_mean": -24.876602172851562
    },
    {
      "high_freq": 1457.5709228515625,
      "loudness": -28.769742965698242,
      "loudness_range": 14.200944900512695,
      "low_freq": 794.6976318359375,
      "mid_mean": -25.90007209777832,
      "mid_to_side_loudness": -7.574117660522461,
      "mid_to_side_loudness_range": 9.571648597717285,
      "side_mean": -33.63592529296875
    },
    {
      "high_freq": 2549.74365234375,
      "loudness": -27.32010269165039,
      "loudness_range": 12.938905715942383,
      "low_freq": 1457.5709228515625,
      "mid_mean": -24.388160705566406,
      "mid_to_side_loudness": -7.6043195724487305,
      "mid_to_side_loudness_range": 8.178303718566895,
      "side_mean": -32.147830963134766
    },
    {
      "high_freq": 4349.24462890625,
      "loudness": -28.154279708862305,
      "loudness_range": 12.972539901733398,
      "low_freq": 2549.74365234375,
      "mid_mean": -25.313570022583008,
      "mid_to_side_loudness": -6.910675525665283,
      "mid_to_side_loudness_range": 7.907933235168457,
      "side_mean": -32.41419982910156
    },
    {
      "high_freq": 7314.1640625,
      "loudness": -30.763565063476562,
      "loudness_range": 15.118858337402344,
      "low_freq": 4349.24462890625,
      "mid_mean": -28.027191162109375,
      "mid_to_side_loudness": -6.368307113647461,
      "mid_to_side_loudness_range": 6.6015625,
      "side_mean": -34.55637741088867
    },
    {
      "high_freq": 12199.2666015625,
      "loudness": -33.07503890991211,
      "loudness_range": 14.756355285644531,
      "low_freq": 7314.1640625,
      "mid_mean": -30.646326065063477,
      "mid_to_side_loudness": -5.0847368240356445,
      "mid_to_side_loudness_range": 6.142417907714844,
      "side_mean": -35.76853561401367
    },
    {
      "loudness": -36.25385284423828,
      "loudness_range": 12.651479721069336,
      "low_freq": 12199.2666015625,
      "mid_mean": -34.00876998901367,
      "mid_to_side_loudness": -4.246945858001709,
      "mid_to_side_loudness_range": 5.216921329498291,
      "side_mean": -38.36729431152344
    }
  ],
  "bands_short": [
    {
      "high_freq": 148.1999969482422,
      "loudness": -28.223037719726562,
      "loudness_range": 21.992128372192383,
      "mid_mean": -24.667264938354492,
      "mid_to_side_loudness": -20.966487884521484,
      "mid_to_side_loudness_range": 22.827144622802734,
      "side_mean": -47.05128479003906
    },
    {
      "high_freq": 392.3793640136719,
      "loudness": -21.7653751373291,
      "loudness_range": 14.279708862304688,
      "low_freq": 148.1999969482422,
      "mid_mean": -18.482791900634766,
      "mid_to_side_loudness": -12.84634780883789,
      "mid_to_side_loudness_range": 16.018754959106445,
      "side_mean": -30.99790382385254
    },
    {
      "high_freq": 794.6976318359375,
      "loudness": -23.785512924194336,
      "loudness_range": 16.650650024414062,
      "low_freq": 392.3793640136719,
      "mid_mean": -21.383073806762695,
      "mid_to_side_loudness": -5.808730125427246,
      "mid_to_side_loudness_range": 11.451053619384766,
      "side_mean": -27.20865249633789
    },
    {
      "high_freq": 1457.5709228515625,
      "loudness": -29.83345603942871,
      "loudness_range": 21.277851104736328,
      "low_freq": 794.6976318359375,
      "mid_mean": -27.033206939697266,
      "mid_to_side_loudness": -7.819787979125977,
      "mid_to_side_loudness_range": 12.865063667297363,
      "side_mean": -35.1931037902832
    },
    {
      "high_freq": 2549.74365234375,
      "loudness": -29.091167449951172,
      "loudness_range": 19.034523010253906,
      "low_freq": 1457.5709228515625,
      "mid_mean": -26.276504516601562,
      "mid_to_side_loudness": -7.46068000793457,
      "mid_to_side_loudness_range": 11.09726333618164,
      "side_mean": -34.20450210571289
    },
    {
      "high_freq": 4349.24462890625,
      "loudness": -30.151592254638672,
      "loudness_range": 21.193927764892578,
      "low_freq": 2549.74365234375,
      "mid_mean": -27.504716873168945,
      "mid_to_side_loudness": -6.490015029907227,
      "mid_to_side_loudness_range": 10.69848918914795,
      "side_mean": -34.52330780029297
    },
    {
      "high_freq": 7314.1640625,
      "loudness": -33.901649475097656,
      "loudness_range": 25.439804077148438,
      "low_freq": 4349.24462890625,
      "mid_mean": -31.340057373046875,
      "mid_to_side_loudness": -6.0599775314331055,
      "mid_to_side_loudness_range": 9.52513313293457,
      "side_mean": -37.92048263549805
    },
    {
      "high_freq": 12199.2666015625,
      "loudness": -37.09512710571289,
      "loudness_range": 27.920507431030273,
      "low_freq": 7314.1640625,
      "mid_mean": -35.00120162963867,
      "mid_to_side_loudness": -5.369177341461182,
      "mid_to_side_loudness_range": 9.599559783935547,
      "side_mean": -40.65122985839844
    },
    {
      "loudness": -45.57644271850586,
      "loudness_range": 37.799522399902344,
      "low_freq": 12199.2666015625,
      "mid_mean": -44.141178131103516,
      "mid_to_side_loudness": -4.343282222747803,
      "mid_to_side_loudness_range": 8.051270484924316,
      "side_mean": -48.9006233215332
    }
  ],
  "channels": 2,
  "covariance": [
    [
      18.29037857055664,
      10.547436714172363,
      4.008913040161133,
      3.7656912803649902,
      3.20645809173584,
      4.277536869049072,
      2.7029523849487305,
      2.6788759231567383,
      1.7490234375,
      0.3594285547733307,
      4.509794235229492,
      3.5024657249450684,
      4.565702438354492,
      3.6430792808532715,
      4.137010097503662,
      2.378926992416382,
      3.4882853031158447,
      2.7804696559906006
    ],
    [
      10.547436714172363,
      36.998939514160156,
      16.30076789855957,
      22.20396614074707,
      9.724340438842773,
      6.588777542114258,
      17.867366790771484,
      16.784343719482422,
      14.519386291503906,
      14.5941743850708,
      18.529829025268555,
      16.397750854492188,
      19.511194229125977,
      16.728837966918945,
      18.939485549926758,
      13.709604263305664,
      10.958821296691895,
      7.922422885894775
    ],
    [
      4.008913040161133,
      16.30076789855957,
      14.99992561340332,
      15.506739616394043,
      6.643435001373291,
      4.230432510375977,
      12.550732612609863,
      10.965919494628906,
      10.301983833312988,
      10.18828010559082,
      11.465432167053223,
      10.573022842407227,
      12.056938171386719,
      10.856697082519531,
      11.740965843200684,
      9.47669792175293,
      7.207810878753662,
      6.221994400024414
    ],
    [
      3.7656912803649902,
      22.20396614074707,
      15.506739616394043,
      34.399169921875,
      8.045979499816895,
      2.911677360534668,
      19.25831413269043,
      16.441293716430664,
      18.930763244628906,
      19.014474868774414,
      16.789731979370117,
      16.501575469970703,
      14.731616973876953,
      14.289253234863281,
      14.849729537963867,
      11.210972785949707,
      7.858776092529297,
      6.310786724090576
    ],
    [
      3.20645809173584,
      9.724340438842773,
      6.643435001373291,
      8.045979499816895,
      13.290091514587402,
      9.14160442352295,
      9.898480415344238,
      9.588258743286133,
      8.079389572143555,
      6.705655097961426,
      9.15532398223877,
      8.798349380493164,
      6.606561660766602,
      6.9429121017456055,
      5.767667293548584,
      5.31833028793335,
      2.6340930461883545,
      3.1042087078094482
    ],
    [
      4.277536869049072,
      6.588777542114258,
      4.230432510375977,
      2.911677360534668,
      9.14160442352295,
      12.684093475341797,
      4.690800666809082,
      5.373056411743164,
      2.105433464050293,
      2.3498191833496094,
      5.972545623779297,
      5.683784008026123,
      5.379849910736084,
      5.765990734100342,
      4.616571426391602,
      5.046910762786865,
      2.9557437896728516,
      4.034623622894287
    ],
    [
      2.7029523849487305,
      17.867366790771484,
      12.550732612609863,
      19.25831413269043,
      9.898480415344238,
      4.690800666809082,
      28.24429702758789,
      20.89940643310547,
      16.1806583404541,
      14.777275085449219,
      16.839624404907227,
      15.049455642700195,
      14.101946830749512,
      13.549957275390625,
      14.587580680847168,
      11.27597713470459,
      9.532907485961914,
      8.23402214050293
    ],
    [
      2.6788759231567383,
      16.784343719482422,
      10.965919494628906,
      16.441293716430664,
      9.588258743286133,
      5.373056411743164,
      20.89940643310547,
      25.37621307373047,
      15.857022285461426,
      17.150596618652344,
      15.972878456115723,
      18.40972137451172,
      13.579529762268066,
      14.781100273132324,
      13.706075668334961,
      11.562780380249023,
      8.22647762298584,
      7.565610885620117
    ],
    [
      1.7490234375,
      14.519386291503906,
      10.301983833312988,
      18.930763244628906,
      8.079389572143555,
      2.105433464050293,
      16.1806583404541,
      15.857022285461426,
      22.064115524291992,
      18.432235717773438,
      14.912307739257812,
      15.733527183532715,
      11.431520462036133,
      10.900144577026367,
      11.936264038085938,
      8.386801719665527,
      6.4855780601501465,
      4.626399993896484
    ],
    [
      0.3594285547733307,
      14.5941743850708,
      10.18828010559082,
      19.014474868774414,
      6.705655097961426,
      2.3498191833496094,
      14.777275085449219,
      17.150596618652344,
      18.432235717773438,
      22.7127628326416,
      14.220419883728027,
      17.674518585205078,
      11.535506248474121,
      12.476311683654785,
      11.387540817260742,
      9.745532035827637,
      6.402431964874268,
      5.749274253845215
    ],
    [
      4.509794235229492,
      18.529829025268555,
      11.465432167053223,
      16.789731979370117,
      9.15532398223877,
      5.972545623779297,
      16.839624404907227,
      15.972878456115723,
      14.912307739257812,
      14.220419883728027,
      24.775606155395508,
      22.059837341308594,
      22.44432830810547,
      22.294492721557617,
      19.658220291137695,
      17.905038833618164,
      11.187573432922363,
      10.717998504638672
    ],
    [
      3.5024657249450684,
      16.397750854492188,
      10.573022842407227,
      16.501575469970703,
      8.798349380493164,
      5.683784008026123,
      15.049455642700195,
      18.40972137451172,
      15.733527183532715,
      17.674518585205078,
      22.059837341308594,
      26.98385238647461,
      21.049848556518555,
      23.571884155273438,
      18.518314361572266,
      18.5019474029541,
      10.006397247314453,
      10.179879188537598
    ],
    [
      4.565702438354492,
      19.511194229125977,
      12.056938171386719,
      14.731616973876953,
      6.606561660766602,
      5.379849910736084,
      14.101946830749512,
      13.579529762268066,
      11.431520462036133,
      11.535506248474121,
      22.44432830810547,
      21.049848556518555,
      31.088342666625977,
      30.4869384765625,
      27.378454208374023,
      26.612049102783203,
      17.386756896972656,
      16.741044998168945
    ],
    [
      3.6430792808532715,
      16.728837966918945,
      10.856697082519531,
      14.289253234863281,
      6.9429121017456055,
      5.765990734100342,
      13.549957275390625,
      14.781100273132324,
      10.900144577026367,
      12.476311683654785,
      22.294492721557617,
      23.571884155273438,
      30.4869384765625,
      35.428260803222656,
      27.439647674560547,
      29.477779388427734,
      16.84809112548828,
      17.817150115966797
    ],
    [
      4.137010097503662,
      18.939485549926758,
      11.740965843200684,
      14.849729537963867,
      5.767667293548584,
      4.616571426391602,
      14.587580680847168,
      13.706075668334961,
      11.936264038085938,
      11.387540817260742,
      19.658220291137695,
      18.518314361572266,
      27.378454208374023,
      27.439647674560547,
      31.39069938659668,
      28.132217407226562,
      22.69267463684082,
      20.48872947692871
    ],
    [
      2.378926992416382,
      13.709604263305664,
      9.47669792175293,
      11.210972785949707,
      5.31833028793335,
      5.046910762786865,
      11.27597713470459,
      11.562780380249023,
      8.386801719665527,
      9.745532035827637,
      17.905038833618164,
      18.5019474029541,
      26.612049102783203,
      29.477779388427734,
      28.132217407226562,
      31.150415420532227,
      21.174467086791992,
      21.917675018310547
    ],
    [
      3.4882853031158447,
      10.958821296691895,
      7.207810878753662,
      7.858776092529297,
      2.6340930461883545,
      2.9557437896728516,
      9.532907485961914,
      8.22647762298584,
      6.4855780601501465,
      6.402431964874268,
      11.187573432922363,
      10.006397247314453,
      17.386756896972656,
      16.84809112548828,
      22.69267463684082,
      21.174467086791992,
      27.04970932006836,
      24.63827896118164
    ],
    [
      2.7804696559906006,
      7.922422885894775,
      6.221994400024414,
      6.310786724090576,
      3.1042087078094482,
      4.034623622894287,
      8.23402214050293,
      7.565610885620117,
      4.626399993896484,
      5.749274253845215,
      10.717998504638672,
      10.179879188537598,
      16.741044998168945,
      17.817150115966797,
      20.48872947692871,
      21.917675018310547,
      24.63827896118164,
      26.5952205657959
    ]
  ],
  "covariance_short": [
    [
      61.512271881103516,
      28.128158569335938,
      16.298904418945312,
      9.22956371307373,
      9.409924507141113,
      11.492171287536621,
      8.21812915802002,
      8.043811798095703,
      6.921494007110596,
      6.360010147094727,
      13.174971580505371,
      10.79590129852295,
      12.767419815063477,
      14.607446670532227,
      14.084202766418457,
      13.278319358825684,
      25.5660400390625,
      24.615455627441406
    ],
    [
      28.128158569335938,
      61.01371765136719,
      24.773183822631836,
      30.648740768432617,
      20.21819496154785,
      22.620820999145508,
      25.845876693725586,
      27.080581665039062,
      22.492443084716797,
      23.28841781616211,
      27.403379440307617,
      24.484172821044922,
      26.04405403137207,
      26.43463706970215,
      26.714035034179688,
      23.32956886291504,
      43.511512756347656,
      41.67673873901367
    ],
    [
      16.298904418945312,
      24.773183822631836,
      32.065189361572266,
      25.782794952392578,
      18.620975494384766,
      19.78605842590332,
      22.452505111694336,
      22.893198013305664,
      21.453502655029297,
      21.827665328979492,
      24.689178466796875,
      21.916608810424805,
      24.28912353515625,
      22.936880111694336,
      23.881450653076172,
      23.37411117553711,
      36.908084869384766,
      36.903480529785156
    ],
    [
      9.22956371307373,
      30.648740768432617,
      25.782794952392578,
      61.36495590209961,
      26.512052536010742,
      28.690143585205078,
      35.14662170410156,
      34.90176010131836,
      35.40917205810547,
      36.152740478515625,
      34.24101257324219,
      32.36970901489258,
      29.45980453491211,
      28.20235252380371,
      26.93429946899414,
      25.74614715576172,
      43.769466400146484,
      43.37022399902344
    ],
    [
      9.409924507141113,
      20.21819496154785,
      18.620975494384766,
      26.512052536010742,
      36.505157470703125,
      34.83186340332031,
      30.800888061523438,
      33.794559478759766,
      25.870954513549805,
      26.026010513305664,
      28.74214744567871,
      28.189342498779297,
      22.3906307220459,
      22.496826171875,
      18.544713973999023,
      19.774757385253906,
      36.558387756347656,
      39.33942413330078
    ],
    [
      11.492171287536621,
      22.620820999145508,
      19.78605842590332,
      28.690143585205078,
      34.83186340332031,
      51.3267822265625,
      31.117841720581055,
      37.76136016845703,
      25.564563751220703,
      29.70996856689453,
      29.578624725341797,
      31.379695892333984,
      25.314924240112305,
      27.34648323059082,
      22.484981536865234,
      25.169971466064453,
      41.81056213378906,
      47.788848876953125
    ],
    [
      8.21812915802002,
      25.845876693725586,
      22.452505111694336,
      35.14662170410156,
      30.800888061523438,
      31.117841720581055,
      57.80881118774414,
      45.10565185546875,
      35.34880447387695,
      31.66519546508789,
      37.59253692626953,
      32.04798126220703,
      28.794784545898438,
      27.62394142150879,
      24.499156951904297,
      24.505779266357422,
      45.90052795410156,
      44.526580810546875
    ],
    [
      8.043811798095703,
      27.080581665039062,
      22.893198013305664,
      34.90176010131836,
      33.794559478759766,
      37.76136016845703,
      45.10565185546875,
      57.00762176513672,
      35.14921569824219,
      36.34377670288086,
      37.874107360839844,
      37.42898178100586,
      31.045135498046875,
      32.28331756591797,
      28.231212615966797,
      29.73699378967285,
      49.677581787109375,
      50.839515686035156
    ],
    [
      6.921494007110596,
      22.492443084716797,
      21.453502655029297,
      35.40917205810547,
      25.870954513549805,
      25.564563751220703,
      35.34880447387695,
      35.14921569824219,
      52.02108383178711,
      39.70034408569336,
      38.94485092163086,
      34.40589904785156,
      33.59797286987305,
      32.711612701416016,
      31.61888313293457,
      31.92270851135254,
      49.50194549560547,
      48.56369400024414
    ],
    [
      6.360010147094727,
      23.28841781616211,
      21.827665328979492,
      36.152740478515625,
      26.026010513305664,
      29.70996856689453,
      31.66519546508789,
      36.34377670288086,
      39.70034408569336,
      50.8389778137207,
      35.658687591552734,
      37.21502685546875,
      31.070980072021484,
      31.969844818115234,
      28.80899429321289,
      31.499502182006836,
      45.181884765625,
      47.61436080932617
    ],
    [
      13.174971580505371,
      27.403379440307617,
      24.689178466796875,
      34.24101257324219,
      28.74214744567871,
      29.578624725341797,
      37.59253692626953,
      37.874107360839844,
      38.94485092163086,
      35.658687591552734,
      61.2087287902832,
      49.2447624206543,
      52.17283248901367,
      54.451107025146484,
      47.30742263793945,
      51.78508758544922,
      67.06659698486328,
      67.01604461669922
    ],
    [
      10.79590129852295,
      24.484172821044922,
      21.916608810424805,
      32.36970901489258,
      28.189342498779297,
      31.379695892333984,
      32.04798126220703,
      37.42898178100586,
      34.40589904785156,
      37.21502685546875,
      49.2447624206543,
      57.27951431274414,
      46.62360382080078,
      52.32710647583008,
      43.53289031982422,
      50.769691467285156,
      60.32529067993164,
      64.41039276123047
    ],
    [
      12.767419815063477,
      26.04405403137207,
      24.28912353515625,
      29.45980453491211,
      22.3906307220459,
      25.314924240112305,
      28.794784545898438,
      31.045135498046875,
      33.59797286987305,
      31.070980072021484,
      52.17283248901367,
      46.62360382080078,
      81.20789337158203,
      79.0420150756836,
      77.91117858886719,
      85.03618621826172,
      93.8796157836914,
      94.31980895996094
    ],
    [
      14.607446670532227,
      26.43463706970215,
      22.936880111694336,
      28.20235252380371,
      22.496826171875,
      27.34648323059082,
      27.62394142150879,
      32.28331756591797,
      32.711612701416016,
      31.969844818115234,
      54.451107025146484,
      52.32710647583008,
      79.0420150756836,
      96.55168914794922,
      80.41246795654297,
      93.62702178955078,
      95.9078369140625,
      100.67200469970703
    ],
    [
      14.084202766418457,
      26.714035034179688,
      23.881450653076172,
      26.93429946899414,
      18.544713973999023,
      22.484981536865234,
      24.499156951904297,
      28.231212615966797,
      31.61888313293457,
      28.80899429321289,
      47.30742263793945,
      43.53289031982422,
      77.91117858886719,
      80.41246795654297,
      103.08685302734375,
      101.22193908691406,
      110.33129119873047,
      109.95954132080078
    ],
    [
      13.278319358825684,
      23.32956886291504,
      23.37411117553711,
      25.74614715576172,
      19.774757385253906,
      25.169971466064453,
      24.505779266357422,
      29.73699378967285,
      31.92270851135254,
      31.499502182006836,
      51.78508758544922,
      50.769691467285156,
      85.03618621826172,
      93.62702178955078,
      101.22193908691406,
      122.33291625976562,
      114.28047180175781,
      120.80718994140625
    ],
    [
      25.5660400390625,
      43.511512756347656,
      36.908084869384766,
      43.769466400146484,
      36.558387756347656,
      41.81056213378906,
      45.90052795410156,
      49.677581787109375,
      49.50194549560547,
      45.181884765625,
      67.06659698486328,
      60.32529067993164,
      93.8796157836914,
      95.9078369140625,
      110.33129119873047,
      114.28047180175781,
      162.60691833496094,
      155.32347106933594
    ],
    [
      24.615455627441406,
      41.67673873901367,
      36.903480529785156,
      43.37022399902344,
      39.33942413330078,
      47.788848876953125,
      44.526580810546875,
      50.839515686035156,
      48.56369400024414,
      47.61436080932617,
      67.01604461669922,
      64.41039276123047,
      94.31980895996094,
      100.67200469970703,
      109.95954132080078,
      120.80718994140625,
      155.32347106933594,
      161.15809631347656
    ]
  ],
  "drr": 13.589917182922363,
  "dynamics": 2.955000638961792,
  "format": 1245190,
  "frames": 13623296,
  "loudness": -12.03501033782959,
  "loudness_range": 5.858936309814453,
  "loudness_range_short": 11.73115062713623,
  "peak": 0.4021564722061157,
  "rms": -14.198616027832031,
  "sample_rate": 44100,
  "sections": 1,
  "seekable": 1,
  "sharpness": 3.9815540313720703,
  "space": -8.649764060974121
}