{
  "bands": [
    {
      "high_freq": 148.1999969482422,
      "loudness": -31.54759979248047,
      "loudness_range": 13.587957382202148,
      "mid_mean": -27.90501594543457,
      "mid_to_side_loudness": -25.1215763092041,
      "mid_to_side_loudness_range": 13.266124725341797,
      "side_mean": -53.94160079956055
    },
    {
      "high_freq": 392.3793640136719,
      "loudness": -32.607215881347656,
      "loudness_range": 14.377126693725586,
      "low_freq": 148.1999969482422,
      "mid_mean": -29.39044189453125,
      "mid_to_side_loudness": -10.910329818725586,
      "mid_to_side_loudness_range": 13.672064781188965,
      "side_mean": -40.61424255371094
    },
    {
      "high_freq": 794.6976318359375,
      "loudness": -30.95155143737793,
      "loudness_range": 20.258777618408203,
      "low_freq": 392.3793640136719,
      "mid_mean": -28.753055572509766,
      "mid_to_side_loudness": -5.182718276977539,
      "mid_to_side_loudness_range": 11.133476257324219,
      "side_mean": -33.857425689697266
    },
    {
      "high_freq": 1457.5709228515625,
      "loudness": -36.848670959472656,
      "loudness_range": 26.153823852539062,
      "low_freq": 794.6976318359375,
      "mid_mean": -35.829803466796875,
      "mid_to_side_loudness": -1.7521450519561768,
      "mid_to_side_loudness_range": 11.709491729736328,
      "side_mean": -37.4320182800293
    },
    {
      "high_freq": 2549.74365234375,
      "loudness": -42.657676696777344,
      "loudness_range": 26.0065860748291,
      "low_freq": 1457.5709228515625,
      "mid_mean": -41.74422836303711,
      "mid_to_side_loudness": -1.300531268119812,
      "mid_to_side_loudness_range": 8.331159591674805,
      "side_mean": -42.54931640625
    },
    {
      "high_freq": 4349.24462890625,
      "loudness": -48.686134338378906,
      "loudness_range": 24.991474151611328,
      "low_freq": 2549.74365234375,
      "mid_mean": -47.321922302246094,
      "mid_to_side_loudness": -2.8593246936798096,
      "mid_to_side_loudness_range": 12.992385864257812,
      "side_mean": -50.75697708129883
    },
    {
      "high_freq": 7314.1640625,
      "loudness": -54.13935089111328,
      "loudness_range": 22.145957946777344,
      "low_freq": 4349.24462890625,
      "mid_mean": -52.4506950378418,
      "mid_to_side_loudness": -6.045984745025635,
      "mid_to_side_loudness_range": 12.191522598266602,
      "side_mean": -57.63111114501953
    },
    {
      "high_freq": 12199.2666015625,
      "loudness": -57.2098274230957,
      "loudness_range": 26.45848846435547,
      "low_freq": 7314.1640625,
      "mid_mean": -54.970458984375,
      "mid_to_side_loudness": -6.8461222648620605,
      "mid_to_side_loudness_range": 9.9620361328125,
      "side_mean": -60.37063217163086
    },
    {
      "loudness": -58.791378021240234,
      "loudness_range": 33.19515609741211,
      "low_freq": 12199.2666015625,
      "mid_mean": -58.73731231689453,
      "mid_to_side_loudness": -5.651806831359863,
      "mid_to_side_loudness_range": 9.217964172363281,
      "side_mean": -62.80680847167969
    }
  ],
  "bands_short": [
    {
      "high_freq": 148.1999969482422,
      "loudness": -34.71202087402344,
      "loudness_range": 20.62405776977539,
      "mid_mean": -31.09384536743164,
      "mid_to_side_loudness": -25.31234359741211,
      "mid_to_side_loudness_range": 21.515289306640625,
      "side_mean": -57.218048095703125
    },
    {
      "high_freq": 392.3793640136719,
      "loudness": -31.812841415405273,
      "loudness_range": 15.19500732421875,
      "low_freq": 148.1999969482422,
      "mid_mean": -28.506277084350586,
      "mid_to_side_loudness": -12.877730369567871,
      "mid_to_side_loudness_range": 17.73639678955078,
      "side_mean": -41.884605407714844
    },
    {
      "high_freq": 794.6976318359375,
      "loudness": -32.44032669067383,
      "loudness_range": 22.541664123535156,
      "low_freq": 392.3793640136719,
      "mid_mean": -30.28653907775879,
      "mid_to_side_loudness": -5.763423919677734,
      "mid_to_side_loudness_range": 14.290752410888672,
      "side_mean": -35.881988525390625
    },
    {
      "high_freq": 1457.5709228515625,
      "loudness": -37.565101623535156,
      "loudness_range": 27.67597007751465,
      "low_freq": 794.6976318359375,
      "mid_mean": -36.465511322021484,
      "mid_to_side_loudness": -2.1551785469055176,
      "mid_to_side_loudness_range": 12.989031791687012,
      "side_mean": -38.635738372802734
    },
    {
      "high_freq": 2549.74365234375,
      "loudness": -44.68843078613281,
      "loudness_range": 27.892738342285156,
      "low_freq": 1457.5709228515625,
      "mid_mean": -44.04726791381836,
      "mid_to_side_loudness": -1.2604137659072876,
      "mid_to_side_loudness_range": 10.379878997802734,
      "side_mean": -44.99750900268555
    },
    {
      "high_freq": 4349.24462890625,
      "loudness": -50.833900451660156,
      "loudness_range": 29.37372589111328,
      "low_freq": 2549.74365234375,
      "mid_mean": -50.48798751831055,
      "mid_to_side_loudness": -2.3969902992248535,
      "mid_to_side_loudness_range": 12.434871673583984,
      "side_mean": -52.457786560058594
    },
    {
      "high_freq": 7314.1640625,
      "loudness": -57.753292083740234,
      "loudness_range": 28.719879150390625,
      "low_freq": 4349.24462890625,
      "mid_mean": -55.84214782714844,
      "mid_to_side_loudness": -4.843485355377197,
      "mid_to_side_loudness_range": 12.998533248901367,
      "side_mean": -59.61642837524414
    },
    {
      "high_freq": 12199.2666015625,
      "loudness": -61.247955322265625,
      "loudness_range": 31.69261932373047,
      "low_freq": 7314.1640625,
      "mid_mean": -58.871395111083984,
      "mid_to_side_loudness": -5.263093948364258,
      "mid_to_side_loudness_range": 10.184418678283691,
      "side_mean": -62.48243713378906
    },
    {
      "loudness": -65.00338745117188,
      "loudness_range": 35.895477294921875,
      "low_freq": 12199.2666015625,
      "mid_mean": -64.15093994140625,
      "mid_to_side_loudness": -3.8356730937957764,
      "mid_to_side_loudness_range": 6.30318546295166,
      "side_mean": -66.20641326904297
    }
  ],
  "channels": 2,
  "covariance": [
    [
      29.077810287475586,
      17.485485076904297,
      14.704573631286621,
      9.018194198608398,
      8.3828125,
      9.288031578063965,
      10.7472505569458,
      13.386602401733398,
      9.673855781555176,
      11.75788402557373,
      11.10667896270752,
      17.61751937866211,
      17.1254825592041,
      15.159996032714844,
      19.316730499267578,
      14.65570068359375,
      18.231739044189453,
      12.54603385925293
    ],
    [
      17.485485076904297,
      27.51772117614746,
      9.987591743469238,
      9.248845100402832,
      8.835012435913086,
      10.483868598937988,
      12.912976264953613,
      16.273523330688477,
      12.93936824798584,
      14.84085750579834,
      13.513145446777344,
      26.733013153076172,
      23.27288246154785,
      21.203399658203125,
      22.933029174804688,
      17.950517654418945,
      19.568771362304688,
      13.013195037841797
    ],
    [
      14.704573631286621,
      9.987591743469238,
      29.499847412109375,
      25.214324951171875,
      12.663722038269043,
      14.553238868713379,
      14.06990909576416,
      12.388947486877441,
      14.448667526245117,
      13.924163818359375,
      12.342591285705566,
      18.636674880981445,
      15.788697242736816,
      16.367137908935547,
      17.289491653442383,
      14.407502174377441,
      17.270599365234375,
      12.312870025634766
    ],
    [
      9.018194198608398,
      9.248845100402832,
      25.214324951171875,
      48.34866714477539,
      18.614974975585938,
      24.22600746154785,
      12.065120697021484,
      10.160820960998535,
      15.667978286743164,
      16.240663528442383,
      11.491352081298828,
      22.79194450378418,
      13.149320602416992,
      16.12725067138672,
      13.070550918579102,
      11.705390930175781,
      13.951160430908203,
      9.985715866088867
    ],
    [
      8.3828125,
      8.835012435913086,
      12.663722038269043,
      18.614974975585938,
      49.485782623291016,
      45.343971252441406,
      22.568925857543945,
      27.70699119567871,
      33.74407958984375,
      40.08126449584961,
      29.15938949584961,
      47.47602462768555,
      20.17204475402832,
      27.723352432250977,
      15.947907447814941,
      16.734663009643555,
      16.87992286682129,
      12.335112571716309
    ],
    [
      9.288031578063965,
      10.483868598937988,
      14.553238868713379,
      24.22600746154785,
      45.343971252441406,
      59.0779914855957,
      23.84008026123047,
      32.35802459716797,
      36.85422134399414,
      43.65605163574219,
      33.56781768798828,
      54.109745025634766,
      24.447574615478516,
      32.39615249633789,
      20.475940704345703,
      20.840173721313477,
      21.572124481201172,
      15.390473365783691
    ],
    [
      10.7472505569458,
      12.912976264953613,
      14.06990909576416,
      12.065120697021484,
      22.568925857543945,
      23.84008026123047,
      57.05862045288086,
      64.9271011352539,
      51.850006103515625,
      53.782936096191406,
      44.00925827026367,
      59.28285598754883,
      33.807159423828125,
      43.67913055419922,
      32.28038787841797,
      32.05532455444336,
      31.957786560058594,
      22.57406997680664
    ],
    [
      13.386602401733398,
      16.273523330688477,
      12.388947486877441,
      10.160820960998535,
      27.70699119567871,
      32.35802459716797,
      64.9271011352539,
      94.8842544555664,
      62.98998260498047,
      71.3580322265625,
      56.68018341064453,
      77.51388549804688,
      43.084354400634766,
      55.058570861816406,
      40.504722595214844,
      39.96255874633789,
      40.45341491699219,
      27.902082443237305
    ],
    [
      9.673855781555176,
      12.93936824798584,
      14.448667526245117,
      15.667978286743164,
      33.74407958984375,
      36.85422134399414,
      51.850006103515625,
      62.98998260498047,
      71.3133544921875,
      73.0916519165039,
      56.47261428833008,
      77.14965057373047,
      39.647369384765625,
      54.967140197753906,
      35.46473693847656,
      36.69980239868164,
      35.658790588378906,
      25.27115821838379
    ],
    [
      11.75788402557373,
      14.84085750579834,
      13.924163818359375,
      16.240663528442383,
      40.08126449584961,
      43.65605163574219,
      53.782936096191406,
      71.3580322265625,
      73.0916519165039,
      89.00160217285156,
      59.342655181884766,
      84.84464263916016,
      40.72106170654297,
      57.84446716308594,
      36.40126037597656,
      37.36374282836914,
      37.07773971557617,
      26.049545288085938
    ],
    [
      11.10667896270752,
      13.513145446777344,
      12.342591285705566,
      11.491352081298828,
      29.15938949584961,
      33.56781768798828,
      44.00925827026367,
      56.68018341064453,
      56.47261428833008,
      59.342655181884766,
      60.766151428222656,
      73.58480072021484,
      48.18245315551758,
      58.606353759765625,
      43.68204116821289,
      42.416770935058594,
      42.6131706237793,
      29.727401733398438
    ],
    [
      17.61751937866211,
      26.733013153076172,
      18.636674880981445,
      22.79194450378418,
      47.47602462768555,
      54.109745025634766,
      59.28285598754883,
      77.51388549804688,
      77.14965057373047,
      84.84464263916016,
      73.58480072021484,
      115.26359558105469,
      65.73590850830078,
      79.86277770996094,
      58.525394439697266,
      55.55799865722656,
      56.39842987060547,
      38.897605895996094
    ],
    [
      17.1254825592041,
      23.27288246154785,
      15.788697242736816,
      13.149320602416992,
      20.17204475402832,
      24.447574615478516,
      33.807159423828125,
      43.084354400634766,
      39.647369384765625,
      40.72106170654297,
      48.18245315551758,
      65.73590850830078,
      67.29301452636719,
      62.88243103027344,
      68.86534881591797,
      56.623863220214844,
      67.73950958251953,
      46.194908142089844
    ],
    [
      15.159996032714844,
      21.203399658203125,
      16.367137908935547,
      16.12725067138672,
      27.723352432250977,
      32.39615249633789,
      43.67913055419922,
      55.058570861816406,
      54.967140197753906,
      57.84446716308594,
      58.606353759765625,
      79.86277770996094,
      62.88243103027344,
      72.51004028320312,
      62.975276947021484,
      59.00788497924805,
      63.172210693359375,
      44.145050048828125
    ],
    [
      19.316730499267578,
      22.933029174804688,
      17.289491653442383,
      13.070550918579102,
      15.947907447814941,
      20.475940704345703,
      32.28038787841797,
      40.504722595214844,
      35.46473693847656,
      36.40126037597656,
      43.68204116821289,
      58.525394439697266,
      68.86534881591797,
      62.975276947021484,
      85.70977020263672,
      70.05743408203125,
      93.55085754394531,
      64.50072479248047
    ],
    [
      14.65570068359375,
      17.950517654418945,
      14.407502174377441,
      11.705390930175781,
      16.734663009643555,
      20.840173721313477,
      32.05532455444336,
      39.96255874633789,
      36.69980239868164,
      37.36374282836914,
      42.416770935058594,
      55.55799865722656,
      56.623863220214844,
      59.00788497924805,
      70.05743408203125,
      64.42066192626953,
      75.91051483154297,
      54.43083190917969
    ],
    [
      18.231739044189453,
      19.568771362304688,
      17.270599365234375,
      13.951160430908203,
      16.87992286682129,
      21.572124481201172,
      31.957786560058594,
      40.45341491699219,
      35.658790588378906,
      37.07773971557617,
      42.6131706237793,
      56.39842987060547,
      67.73950958251953,
      63.172210693359375,
      93.55085754394531,
      75.91051483154297,
      120.66768646240234,
      82.54632568359375
    ],
    [
      12.54603385925293,
      13.013195037841797,
      12.312870025634766,
      9.985715866088867,
      12.335112571716309,
      15.390473365783691,
      22.57406997680664,
      27.902082443237305,
      25.27115821838379,
      26.049545288085938,
      29.727401733398438,
      38.897605895996094,
      46.194908142089844,
      44.145050048828125,
      64.50072479248047,
      54.43083190917969,
      82.54632568359375,
      58.8922004699707
    ]
  ],
  "covariance_short": [
    [
      53.59226608276367,
      21.134475708007812,
      24.13858985900879,
      12.16128921508789,
      12.467259407043457,
      14.4801607131958,
      16.839590072631836,
      21.047908782958984,
      14.943013191223145,
      18.530349731445312,
      19.973262786865234,
      23.54948616027832,
      17.27674102783203,
      17.307039260864258,
      18.544559478759766,
      16.0268497467041,
      14.111922264099121,
      10.49252986907959
    ],
    [
      21.134475708007812,
      35.326393127441406,
      12.499394416809082,
      10.747550010681152,
      8.99759578704834,
      10.409488677978516,
      12.882875442504883,
      16.37494468688965,
      12.494488716125488,
      14.80580997467041,
      22.69011116027832,
      24.62555694580078,
      18.262325286865234,
      17.136463165283203,
      16.294734954833984,
      13.291377067565918,
      7.593479156494141,
      4.994630813598633
    ],
    [
      24.13858985900879,
      12.499394416809082,
      32.853126525878906,
      22.10276985168457,
      16.032451629638672,
      15.992168426513672,
      18.21251106262207,
      15.623747825622559,
      16.231443405151367,
      15.732379913330078,
      19.394664764404297,
      20.060386657714844,
      18.15501594543457,
      17.092126846313477,
      20.10224151611328,
      16.543474197387695,
      15.009481430053711,
      10.981844902038574
    ],
    [
      12.16128921508789,
      10.747550010681152,
      22.10276985168457,
      54.46839141845703,
      24.219987869262695,
      30.89845085144043,
      18.698413848876953,
      16.526592254638672,
      22.423017501831055,
      22.721132278442383,
      20.699811935424805,
      24.47286033630371,
      15.778985977172852,
      17.0738468170166,
      15.545510292053223,
      13.37429141998291,
      11.418693542480469,
      8.062788009643555
    ],
    [
      12.467259407043457,
      8.99759578704834,
      16.032451629638672,
      24.219987869262695,
      61.88062286376953,
      53.27574920654297,
      31.888023376464844,
      37.92585372924805,
      41.61029052734375,
      47.29832077026367,
      41.10211944580078,
      52.12654113769531,
      24.27655792236328,
      28.833232879638672,
      15.891160011291504,
      16.191383361816406,
      12.264607429504395,
      9.261923789978027
    ],
    [
      14.4801607131958,
      10.409488677978516,
      15.992168426513672,
      30.89845085144043,
      53.27574920654297,
      74.02031707763672,
      31.676382064819336,
      40.27057647705078,
      44.16183853149414,
      51.80107116699219,
      44.93278121948242,
      56.6015625,
      27.37828254699707,
      32.567928314208984,
      18.552736282348633,
      18.755197525024414,
      13.21501636505127,
      9.99571704864502
    ],
    [
      16.839590072631836,
      12.882875442504883,
      18.21251106262207,
      18.698413848876953,
      31.888023376464844,
      31.676382064819336,
      71.5446548461914,
      74.95252990722656,
      61.21566390991211,
      64.40189361572266,
      55.138465881347656,
      68.59815216064453,
      39.87401580810547,
      46.23789596557617,
      31.96604347229004,
      30.719980239868164,
      21.530256271362305,
      15.781280517578125
    ],
    [
      21.047908782958984,
      16.37494468688965,
      15.623747825622559,
      16.526592254638672,
      37.92585372924805,
      40.27057647705078,
      74.95252990722656,
      106.59246826171875,
      71.32184600830078,
      82.9769058227539,
      68.79932403564453,
      86.13555908203125,
      47.43144226074219,
      55.544578552246094,
      35.91936492919922,
      35.765037536621094,
      23.96013832092285,
      17.69920539855957
    ],
    [
      14.943013191223145,
      12.494488716125488,
      16.231443405151367,
      22.423017501831055,
      41.61029052734375,
      44.16183853149414,
      61.21566390991211,
      71.32184600830078,
      86.48664855957031,
      86.18553161621094,
      71.27352142333984,
      84.95991516113281,
      48.88431930541992,
      58.21858596801758,
      37.259742736816406,
      36.15225601196289,
      25.41684341430664,
      18.656658172607422
    ],
    [
      18.530349731445312,
      14.80580997467041,
      15.732379913330078,
      22.721132278442383,
      47.29832077026367,
      51.80107116699219,
      64.40189361572266,
      82.9769058227539,
      86.18553161621094,
      105.30158996582031,
      73.61958312988281,
      93.81431579589844,
      48.55244064331055,
      61.0443229675293,
      36.486351013183594,
      36.70819091796875,
      25.01020622253418,
      18.5301456451416
    ],
    [
      19.973262786865234,
      22.69011116027832,
      19.394664764404297,
      20.699811935424805,
      41.10211944580078,
      44.93278121948242,
      55.138465881347656,
      68.79932403564453,
      71.27352142333984,
      73.61958312988281,
      96.34477233886719,
      99.80477142333984,
      74.65579986572266,
      73.7272720336914,
      59.9471435546875,
      51.302425384521484,
      38.73128128051758,
      27.608686447143555
    ],
    [
      23.54948616027832,
      24.62555694580078,
      20.060386657714844,
      24.47286033630371,
      52.12654113769531,
      56.6015625,
      68.59815216064453,
      86.13555908203125,
      84.95991516113281,
      93.81431579589844,
      99.80477142333984,
      119.97833251953125,
      71.47831726074219,
      79.20721435546875,
      55.859352111816406,
      52.21997833251953,
      36.64455795288086,
      26.627832412719727
    ],
    [
      17.27674102783203,
      18.262325286865234,
      18.15501594543457,
      15.778985977172852,
      24.27655792236328,
      27.37828254699707,
      39.87401580810547,
      47.43144226074219,
      48.88431930541992,
      48.55244064331055,
      74.65579986572266,
      71.47831726074219,
      81.9461441040039,
      69.94462585449219,
      77.00418090820312,
      60.82864761352539,
      55.747467041015625,
      39.053897857666016
    ],
    [
      17.307039260864258,
      17.136463165283203,
      17.092126846313477,
      17.0738468170166,
      28.833232879638672,
      32.567928314208984,
      46.23789596557617,
      55.544578552246094,
      58.21858596801758,
      61.0443229675293,
      73.7272720336914,
      79.20721435546875,
      69.94462585449219,
      72.79334259033203,
      63.83357620239258,
      57.10176467895508,
      45.24696350097656,
      32.918033599853516
    ],
    [
      18.544559478759766,
      16.294734954833984,
      20.10224151611328,
      15.545510292053223,
      15.891160011291504,
      18.552736282348633,
      31.96604347229004,
      35.91936492919922,
      37.259742736816406,
      36.486351013183594,
      59.9471435546875,
      55.859352111816406,
      77.00418090820312,
      63.83357620239258,
      91.21531677246094,
      71.3078384399414,
      70.9256362915039,
      49.943870544433594
    ],
    [
      16.0268497467041,
      13.291377067565918,
      16.543474197387695,
      13.37429141998291,
      16.191383361816406,
      18.755197525024414,
      30.719980239868164,
      35.765037536621094,
      36.15225601196289,
      36.70819091796875,
      51.302425384521484,
      52.21997833251953,
      60.82864761352539,
      57.10176467895508,
      71.3078384399414,
      62.54086685180664,
      54.217159271240234,
      39.99584197998047
    ],
    [
      14.111922264099121,
      7.593479156494141,
      15.009481430053711,
      11.418693542480469,
      12.264607429504395,
      13.21501636505127,
      21.530256271362305,
      23.96013832092285,
      25.41684341430664,
      25.01020622253418,
      38.73128128051758,
      36.64455795288086,
      55.747467041015625,
      45.24696350097656,
      70.9256362915039,
      54.217159271240234,
      79.449462890625,
      56.4699821472168
    ],
    [
      10.49252986907959,
      4.994630813598633,
      10.981844902038574,
      8.062788009643555,
      9.261923789978027,
      9.99571704864502,
      15.781280517578125,
      17.69920539855957,
      18.656658172607422,
      18.5301456451416,
      27.608686447143555,
      26.627832412719727,
      39.053897857666016,
      32.918033599853516,
      49.943870544433594,
      39.99584197998047,
      56.4699821472168,
      41.95961380004883
    ]
  ],
  "drr": 8.830711364746094,
  "dynamics": 4.355982780456543,
  "format": 1245190,
  "frames": 11804672,
  "loudness": -20.744447708129883,
  "loudness_range": 12.437893867492676,
  "loudness_range_short": 15.307819366455078,
  "peak": -0.652008056640625,
  "rms": -21.449708938598633,
  "sample_rate": 44100,
  "sections": 1,
  "seekable": 1,
  "sharpness": 3.6785876750946045,
  "space": -7.829741477966309
}