{
  "bands": [
    {
      "high_freq": 148.1999969482422,
      "loudness": -27.049753189086914,
      "loudness_range": 9.12099838256836,
      "mid_mean": -23.40119171142578,
      "mid_to_side_loudness": -21.58987045288086,
      "mid_to_side_loudness_range": 14.536200523376465,
      "side_mean": -45.39267349243164
    },
    {
      "high_freq": 392.3793640136719,
      "loudness": -24.76007080078125,
      "loudness_range": 10.503557205200195,
      "low_freq": 148.1999969482422,
      "mid_mean": -21.2623291015625,
      "mid_to_side_loudness": -14.82787036895752,
      "mid_to_side_loudness_range": 10.966341972351074,
      "side_mean": -36.08900451660156
    },
    {
      "high_freq": 794.6976318359375,
      "loudness": -25.79598045349121,
      "loudness_range": 15.374225616455078,
      "low_freq": 392.3793640136719,
      "mid_mean": -22.585697174072266,
      "mid_to_side_loudness": -10.648263931274414,
      "mid_to_side_loudness_range": 12.417539596557617,
      "side_mean": -33.37702560424805
    },
    {
      "high_freq": 1457.5709228515625,
      "loudness": -28.95189094543457,
      "loudness_range": 17.413619995117188,
      "low_freq": 794.6976318359375,
      "mid_mean": -26.200056076049805,
      "mid_to_side_loudness": -7.37481164932251,
      "mid_to_side_loudness_range": 11.693222045898438,
      "side_mean": -33.65966033935547
    },
    {
      "high_freq": 2549.74365234375,
      "loudness": -29.36730194091797,
      "loudness_range": 16.515525817871094,
      "low_freq": 1457.5709228515625,
      "mid_mean": -26.744773864746094,
      "mid_to_side_loudness": -6.47168493270874,
      "mid_to_side_loudness_range": 10.087650299072266,
      "side_mean": -33.25511169433594
    },
    {
      "high_freq": 4349.24462890625,
      "loudness": -32.1453742980957,
      "loudness_range": 14.872884750366211,
      "low_freq": 2549.74365234375,
      "mid_mean": -29.43621253967285,
      "mid_to_side_loudness": -6.657634258270264,
      "mid_to_side_loudness_range": 8.628236770629883,
      "side_mean": -36.15687942504883
    },
    {
      "high_freq": 7314.1640625,
      "loudness": -36.91331481933594,
      "loudness_range": 9.694238662719727,
      "low_freq": 4349.24462890625,
      "mid_mean": -34.52683639526367,
      "mid_to_side_loudness": -4.868681907653809,
      "mid_to_side_loudness_range": 6.129092693328857,
      "side_mean": -39.438079833984375
    },
    {
      "high_freq": 12199.2666015625,
      "loudness": -39.630653381347656,
      "loudness_range": 13.791154861450195,
      "low_freq": 7314.1640625,
      "mid_mean": -36.980106353759766,
      "mid_to_side_loudness": -5.9842610359191895,
      "mid_to_side_loudness_range": 6.542757034301758,
      "side_mean": -43.18574523925781
    },
    {
      "loudness": -42.791259765625,
      "loudness_range": 11.973609924316406,
      "low_freq": 12199.2666015625,
      "mid_mean": -40.30557632446289,
      "mid_to_side_loudness": -5.224070072174072,
      "mid_to_side_loudness_range": 5.862968444824219,
      "side_mean": -45.77776336669922
    }
  ],
  "bands_short": [
    {
      "high_freq": 148.1999969482422,
      "loudness": -29.47100257873535,
      "loudness_range": 13.643482208251953,
      "mid_mean": -25.804758071899414,
      "mid_to_side_loudness": -26.652751922607422,
      "mid_to_side_loudness_range": 18.904170989990234,
      "side_mean": -53.02570343017578
    },
    {
      "high_freq": 392.3793640136719,
      "loudness": -24.56426239013672,
      "loudness_range": 10.59310531616211,
      "low_freq": 148.1999969482422,
      "mid_mean": -21.082714080810547,
      "mid_to_side_loudness": -14.883994102478027,
      "mid_to_side_loudness_range": 12.671520233154297,
      "side_mean": -35.96897888183594
    },
    {
      "high_freq": 794.6976318359375,
      "loudness": -26.490846633911133,
      "loudness_range": 17.200693130493164,
      "low_freq": 392.3793640136719,
      "mid_mean": -23.418794631958008,
      "mid_to_side_loudness": -10.315728187561035,
      "mid_to_side_loudness_range": 15.43716812133789,
      "side_mean": -33.860565185546875
    },
    {
      "high_freq": 1457.5709228515625,
      "loudness": -29.4715576171875,
      "loudness_range": 18.461166381835938,
      "low_freq": 794.6976318359375,
      "mid_mean": -26.882614135742188,
      "mid_to_side_loudness": -6.955452919006348,
      "mid_to_side_loudness_range": 13.610225677490234,
      "side_mean": -33.913021087646484
    },
    {
      "high_freq": 2549.74365234375,
      "loudness": -29.987720489501953,
      "loudness_range": 17.481441497802734,
      "low_freq": 1457.5709228515625,
      "mid_mean": -27.49724769592285,
      "mid_to_side_loudness": -6.149583339691162,
      "mid_to_side_loudness_range": 11.465063095092773,
      "side_mean": -33.678123474121094
    },
    {
      "high_freq": 4349.24462890625,
      "loudness": -32.37327194213867,
      "loudness_range": 15.695938110351562,
      "low_freq": 2549.74365234375,
      "mid_mean": -29.764020919799805,
      "mid_to_side_loudness": -6.4414496421813965,
      "mid_to_side_loudness_range": 10.161934852600098,
      "side_mean": -36.25357437133789
    },
    {
      "high_freq": 7314.1640625,
      "loudness": -37.636444091796875,
      "loudness_range": 12.468036651611328,
      "low_freq": 4349.24462890625,
      "mid_mean": -35.343990325927734,
      "mid_to_side_loudness": -4.737926483154297,
      "mid_to_side_loudness_range": 7.617156982421875,
      "side_mean": -40.15425491333008
    },
    {
      "high_freq": 12199.2666015625,
      "loudness": -40.72426986694336,
      "loudness_range": 15.168766021728516,
      "low_freq": 7314.1640625,
      "mid_mean": -38.237606048583984,
      "mid_to_side_loudness": -5.2393035888671875,
      "mid_to_side_loudness_range": 7.15274715423584,
      "side_mean": -43.621070861816406
    },
    {
      "loudness": -44.15185546875,
      "loudness_range": 14.518356323242188,
      "low_freq": 12199.2666015625,
      "mid_mean": -41.87857437133789,
      "mid_to_side_loudness": -4.516880512237549,
      "mid_to_side_loudness_range": 6.770963668823242,
      "side_mean": -46.620460510253906
    }
  ],
  "channels": 2,
  "covariance": [
    [
      12.974052429199219,
      6.4164581298828125,
      1.773201584815979,
      0.38680633902549744,
      3.8495802879333496,
      2.9218685626983643,
      3.078185558319092,
      2.1032309532165527,
      3.5659964084625244,
      2.030442953109741,
      3.564096689224243,
      2.067741632461548,
      1.254239797592163,
      1.0568490028381348,
      3.8938286304473877,
      2.841243028640747,
      5.484322547912598,
      4.453874588012695
    ],
    [
      6.4164581298828125,
      27.578954696655273,
      -0.5215700268745422,
      -0.38151612877845764,
      3.123533248901367,
      3.8459367752075195,
      2.987346887588501,
      2.4368762969970703,
      4.75831937789917,
      3.0373361110687256,
      3.5544302463531494,
      2.6992831230163574,
      2.6108505725860596,
      2.1336050033569336,
      5.135306358337402,
      5.984878063201904,
      5.079644203186035,
      6.788362503051758
    ],
    [
      1.773201584815979,
      -0.5215700268745422,
      13.791261672973633,
      6.850652694702148,
      5.752956390380859,
      5.854133129119873,
      5.696378707885742,
      5.398740291595459,
      9.981889724731445,
      7.387779712677002,
      10.494447708129883,
      8.042749404907227,
      4.815673828125,
      4.747732162475586,
      4.359473705291748,
      6.1761040687561035,
      3.30621075630188,
      5.121555328369141
    ],
    [
      0.38680633902549744,
      -0.38151612877845764,
      6.850652694702148,
      14.11490535736084,
      7.26467752456665,
      7.489101409912109,
      10.872005462646484,
      8.697972297668457,
      12.383302688598633,
      9.937155723571777,
      11.099688529968262,
      10.573259353637695,
      7.314827919006348,
      7.766124248504639,
      6.276580810546875,
      6.675899982452393,
      5.0465288162231445,
      4.894662380218506
    ],
    [
      3.8495802879333496,
      3.123533248901367,
      5.752956390380859,
      7.26467752456665,
      32.890113830566406,
      15.495478630065918,
      26.362590789794922,
      12.498871803283691,
      21.77764892578125,
      13.864383697509766,
      20.9598388671875,
      12.633440017700195,
      9.319344520568848,
      7.036062717437744,
      10.751326560974121,
      8.736987113952637,
      8.7052640914917,
      6.312662601470947
    ],
    [
      2.9218685626983643,
      3.8459367752075195,
      5.854133129119873,
      7.489101409912109,
      15.495478630065918,
      14.874128341674805,
      15.408048629760742,
      10.486106872558594,
      16.852924346923828,
      13.125782012939453,
      15.742486953735352,
      12.939302444458008,
      7.917196750640869,
      7.257932186126709,
      8.1001615524292,
      7.762690544128418,
      7.245425701141357,
      5.889978885650635
    ],
    [
      3.078185558319092,
      2.987346887588501,
      5.696378707885742,
      10.872005462646484,
      26.362590789794922,
      15.408048629760742,
      37.32016372680664,
      16.875049591064453,
      24.626136779785156,
      16.787982940673828,
      22.758872985839844,
      16.173612594604492,
      11.720510482788086,
      9.997093200683594,
      11.751378059387207,
      10.75424861907959,
      9.51271915435791,
      7.5707688331604
    ],
    [
      2.1032309532165527,
      2.4368762969970703,
      5.398740291595459,
      8.697972297668457,
      12.498871803283691,
      10.486106872558594,
      16.875049591064453,
      14.097673416137695,
      15.731735229492188,
      12.901472091674805,
      14.632254600524902,
      13.324234962463379,
      8.47892951965332,
      8.528374671936035,
      7.4722900390625,
      7.938872814178467,
      6.899574279785156,
      5.910604000091553
    ],
    [
      3.5659964084625244,
      4.75831937789917,
      9.981889724731445,
      12.383302688598633,
      21.77764892578125,
      16.852924346923828,
      24.626136779785156,
      15.731735229492188,
      36.762107849121094,
      21.591644287109375,
      29.993806838989258,
      21.097366333007812,
      14.436745643615723,
      12.202350616455078,
      15.855319023132324,
      14.056052207946777,
      12.699719429016113,
      9.815013885498047
    ],
    [
      2.030442953109741,
      3.0373361110687256,
      7.387779712677002,
      9.937155723571777,
      13.864383697509766,
      13.125782012939453,
      16.787982940673828,
      12.901472091674805,
      21.591644287109375,
      18.78549575805664,
      19.070003509521484,
      17.293458938598633,
      10.126572608947754,
      10.235630989074707,
      9.810591697692871,
      10.399815559387207,
      8.350750923156738,
      7.129998207092285
    ],
    [
      3.564096689224243,
      3.5544302463531494,
      10.494447708129883,
      11.099688529968262,
      20.9598388671875,
      15.742486953735352,
      22.758872985839844,
      14.632254600524902,
      29.993806838989258,
      19.070003509521484,
      30.32126235961914,
      20.115135192871094,
      13.726776123046875,
      11.381372451782227,
      14.359967231750488,
      13.221368789672852,
      11.491069793701172,
      9.640822410583496
    ],
    [
      2.067741632461548,
      2.6992831230163574,
      8.042749404907227,
      10.573259353637695,
      12.633440017700195,
      12.939302444458008,
      16.173612594604492,
      13.324234962463379,
      21.097366333007812,
      17.293458938598633,
      20.115135192871094,
      20.02890968322754,
      11.425529479980469,
      12.37598705291748,
      10.33319091796875,
      11.653105735778809,
      8.935924530029297,
      8.463996887207031
    ],
    [
      1.254239797592163,
      2.6108505725860596,
      4.815673828125,
      7.314827919006348,
      9.319344520568848,
      7.917196750640869,
      11.720510482788086,
      8.47892951965332,
      14.436745643615723,
      10.126572608947754,
      13.726776123046875,
      11.425529479980469,
      12.905238151550293,
      10.10900592803955,
      12.84906005859375,
      11.050161361694336,
      10.245987892150879,
      8.194209098815918
    ],
    [
      1.0568490028381348,
      2.1336050033569336,
      4.747732162475586,
      7.766124248504639,
      7.036062717437744,
      7.257932186126709,
      9.997093200683594,
      8.528374671936035,
      12.202350616455078,
      10.235630989074707,
      11.381372451782227,
      12.37598705291748,
      10.10900592803955,
      12.608399391174316,
      7.918727874755859,
      9.205883026123047,
      6.82692289352417,
      6.982311725616455
    ],
    [
      3.8938286304473877,
      5.135306358337402,
      4.359473705291748,
      6.276580810546875,
      10.751326560974121,
      8.1001615524292,
      11.751378059387207,
      7.4722900390625,
      15.855319023132324,
      9.810591697692871,
      14.359967231750488,
      10.33319091796875,
      12.84906005859375,
      7.918727874755859,
      23.970821380615234,
      16.8276424407959,
      18.790016174316406,
      12.398275375366211
    ],
    [
      2.841243028640747,
      5.984878063201904,
      6.1761040687561035,
      6.675899982452393,
      8.736987113952637,
      7.762690544128418,
      10.75424861907959,
      7.938872814178467,
      14.056052207946777,
      10.399815559387207,
      13.221368789672852,
      11.653105735778809,
      11.050161361694336,
      9.205883026123047,
      16.8276424407959,
      18.541423797607422,
      13.236367225646973,
      13.929505348205566
    ],
    [
      5.484322547912598,
      5.079644203186035,
      3.30621075630188,
      5.0465288162231445,
      8.7052640914917,
      7.245425701141357,
      9.51271915435791,
      6.899574279785156,
      12.699719429016113,
      8.350750923156738,
      11.491069793701172,
      8.935924530029297,
      10.245987892150879,
      6.82692289352417,
      18.790016174316406,
      13.236367225646973,
      20.759380340576172,
      13.075432777404785
    ],
    [
      4.453874588012695,
      6.788362503051758,
      5.121555328369141,
      4.894662380218506,
      6.312662601470947,
      5.889978885650635,
      7.5707688331604,
      5.910604000091553,
      9.815013885498047,
      7.129998207092285,
      9.640822410583496,
      8.463996887207031,
      8.194209098815918,
      6.982311725616455,
      12.398275375366211,
      13.929505348205566,
      13.075432777404785,
      14.715764999389648
    ]
  ],
  "covariance_short": [
    [
      27.557767868041992,
      6.341193199157715,
      3.9377188682556152,
      1.0044286251068115,
      3.4531970024108887,
      2.5147979259490967,
      3.3772566318511963,
      2.21783709526062,
      3.0825464725494385,
      1.9254273176193237,
      2.710779905319214,
      1.4078508615493774,
      0.7807586193084717,
      0.7862019538879395,
      4.01771879196167,
      3.7431554794311523,
      5.728610038757324,
      6.1394219398498535
    ],
    [
      6.341193199157715,
      24.47480010986328,
      4.038870334625244,
      3.162684202194214,
      5.746580123901367,
      4.649068832397461,
      6.185438632965088,
      4.195444583892822,
      6.5625081062316895,
      5.2763214111328125,
      6.777170658111572,
      5.499429225921631,
      4.448466777801514,
      4.74330997467041,
      6.002950668334961,
      6.989770412445068,
      5.740418434143066,
      7.647148132324219
    ],
    [
      3.9377188682556152,
      4.038870334625244,
      15.129936218261719,
      5.567665100097656,
      7.359182357788086,
      5.835910797119141,
      6.121332168579102,
      5.125685691833496,
      9.082843780517578,
      6.861268043518066,
      9.948420524597168,
      7.45798921585083,
      5.250014305114746,
      5.196611404418945,
      5.278087139129639,
      6.2318315505981445,
      4.560819625854492,
      5.740463733673096
    ],
    [
      1.0044286251068115,
      3.162684202194214,
      5.567665100097656,
      14.784197807312012,
      7.588931083679199,
      7.694512367248535,
      10.266505241394043,
      8.336676597595215,
      11.268243789672852,
      9.530830383300781,
      10.307948112487793,
      10.079519271850586,
      7.504055976867676,
      8.080598831176758,
      6.719664573669434,
      6.709838390350342,
      5.853079795837402,
      5.575295925140381
    ],
    [
      3.4531970024108887,
      5.746580123901367,
      7.359182357788086,
      7.588931083679199,
      41.56766128540039,
      16.68792724609375,
      29.156206130981445,
      13.974102020263672,
      25.310012817382812,
      15.430212020874023,
      23.85142707824707,
      14.228978157043457,
      11.952128410339355,
      9.349834442138672,
      11.642740249633789,
      9.724940299987793,
      7.947052001953125,
      6.747341156005859
    ],
    [
      2.5147979259490967,
      4.649068832397461,
      5.835910797119141,
      7.694512367248535,
      16.68792724609375,
      18.887279510498047,
      16.413780212402344,
      11.688820838928223,
      17.648128509521484,
      14.208518028259277,
      16.742721557617188,
      13.999711990356445,
      9.557991027832031,
      9.0586576461792,
      9.233382225036621,
      8.719450950622559,
      8.018180847167969,
      6.8216023445129395
    ],
    [
      3.3772566318511963,
      6.185438632965088,
      6.121332168579102,
      10.266505241394043,
      29.156206130981445,
      16.413780212402344,
      42.77400207519531,
      18.412721633911133,
      27.097204208374023,
      18.06361198425293,
      25.032413482666016,
      17.254953384399414,
      14.817885398864746,
      12.221237182617188,
      13.809236526489258,
      11.758110046386719,
      10.336663246154785,
      8.408988952636719
    ],
    [
      2.21783709526062,
      4.195444583892822,
      5.125685691833496,
      8.336676597595215,
      13.974102020263672,
      11.688820838928223,
      18.412721633911133,
      17.519460678100586,
      17.093421936035156,
      14.176596641540527,
      15.843334197998047,
      14.35067367553711,
      10.326805114746094,
      10.27792739868164,
      9.059144020080566,
      8.9609956741333,
      8.04758071899414,
      7.041461944580078
    ],
    [
      3.0825464725494385,
      6.5625081062316895,
      9.082843780517578,
      11.268243789672852,
      25.310012817382812,
      17.648128509521484,
      27.097204208374023,
      17.093421936035156,
      41.19239044189453,
      22.843809127807617,
      32.22282409667969,
      22.12873077392578,
      17.554628372192383,
      14.648540496826172,
      17.6329288482666,
      15.152593612670898,
      13.566873550415039,
      11.057847023010254
    ],
    [
      1.9254273176193237,
      5.2763214111328125,
      6.861268043518066,
      9.530830383300781,
      15.430212020874023,
      14.208518028259277,
      18.06361198425293,
      14.176596641540527,
      22.843809127807617,
      21.70102310180664,
      20.427907943725586,
      18.66303062438965,
      12.454044342041016,
      12.554877281188965,
      11.575397491455078,
      11.620844841003418,
      9.76669692993164,
      8.523149490356445
    ],
    [
      2.710779905319214,
      6.777170658111572,
      9.948420524597168,
      10.307948112487793,
      23.85142707824707,
      16.742721557617188,
      25.032413482666016,
      15.843334197998047,
      32.22282409667969,
      20.427907943725586,
      34.45341110229492,
      21.899150848388672,
      17.802818298339844,
      14.467987060546875,
      17.511409759521484,
      14.902061462402344,
      14.118677139282227,
      11.450695991516113
    ],
    [
      1.4078508615493774,
      5.499429225921631,
      7.45798921585083,
      10.079519271850586,
      14.228978157043457,
      13.999711990356445,
      17.254953384399414,
      14.35067367553711,
      22.12873077392578,
      18.66303062438965,
      21.899150848388672,
      22.78714370727539,
      14.190589904785156,
      15.270519256591797,
      12.141414642333984,
      13.048554420471191,
      10.636482238769531,
      10.043217658996582
    ],
    [
      0.7807586193084717,
      4.448466777801514,
      5.250014305114746,
      7.504055976867676,
      11.952128410339355,
      9.557991027832031,
      14.817885398864746,
      10.326805114746094,
      17.554628372192383,
      12.454044342041016,
      17.802818298339844,
      14.190589904785156,
      21.34330940246582,
      16.22178840637207,
      18.74022102355957,
      14.652268409729004,
      15.911613464355469,
      12.234814643859863
    ],
    [
      0.7862019538879395,
      4.74330997467041,
      5.196611404418945,
      8.080598831176758,
      9.349834442138672,
      9.0586576461792,
      12.221237182617188,
      10.27792739868164,
      14.648540496826172,
      12.554877281188965,
      14.467987060546875,
      15.270519256591797,
      16.22178840637207,
      20.396636962890625,
      11.91992473602295,
      13.092235565185547,
      9.85983943939209,
      10.973076820373535
    ],
    [
      4.01771879196167,
      6.002950668334961,
      5.278087139129639,
      6.719664573669434,
      11.642740249633789,
      9.233382225036621,
      13.809236526489258,
      9.059144020080566,
      17.6329288482666,
      11.575397491455078,
      17.511409759521484,
      12.141414642333984,
      18.74022102355957,
      11.91992473602295,
      32.852054595947266,
      22.018312454223633,
      27.169231414794922,
      19.718521118164062
    ],
    [
      3.7431554794311523,
      6.989770412445068,
      6.2318315505981445,
      6.709838390350342,
      9.724940299987793,
      8.719450950622559,
      11.758110046386719,
      8.9609956741333,
      15.152593612670898,
      11.620844841003418,
      14.902061462402344,
      13.048554420471191,
      14.652268409729004,
      13.092235565185547,
      22.018312454223633,
      22.587886810302734,
      18.152393341064453,
      19.123991012573242
    ],
    [
      5.728610038757324,
      5.740418434143066,
      4.560819625854492,
      5.853079795837402,
      7.947052001953125,
      8.018180847167969,
      10.336663246154785,
      8.04758071899414,
      13.566873550415039,
      9.76669692993164,
      14.118677139282227,
      10.636482238769531,
      15.911613464355469,
      9.85983943939209,
      27.169231414794922,
      18.152393341064453,
      32.39273452758789,
      21.962242126464844
    ],
    [
      6.1394219398498535,
      7.647148132324219,
      5.740463733673096,
      5.575295925140381,
      6.747341156005859,
      6.8216023445129395,
      8.408988952636719,
      7.041461944580078,
      11.057847023010254,
      8.523149490356445,
      11.450695991516113,
      10.043217658996582,
      12.234814643859863,
      10.973076820373535,
      19.718521118164062,
      19.123991012573242,
      21.962242126464844,
      22.890090942382812
    ]
  ],
  "drr": 12.85307788848877,
  "dynamics": 3.32228946685791,
  "format": 1245190,
  "frames": 9883648,
  "loudness": -15.0908203125,
  "loudness_range": 9.129599571228027,
  "loudness_range_short": 10.401541709899902,
  "peak": -0.11142174899578094,
  "rms": -16.73238754272461,
  "sample_rate": 44100,
  "sections": 1,
  "seekable": 1,
  "sharpness": 1.9885327816009521,
  "space": -11.295333862304688
}