{
  "bands": [
    {
      "high_freq": 148.1999969482422,
      "loudness": -31.54412269592285,
      "loudness_range": 19.361854553222656,
      "mid_mean": -30.102487564086914,
      "mid_to_side_loudness": -1.613573431968689,
      "mid_to_side_loudness_range": 4.692824363708496,
      "side_mean": -31.90915870666504
    },
    {
      "high_freq": 392.3793640136719,
      "loudness": -29.45030403137207,
      "loudness_range": 12.075634002685547,
      "low_freq": 148.1999969482422,
      "mid_mean": -28.44690704345703,
      "mid_to_side_loudness": -0.7530619502067566,
      "mid_to_side_loudness_range": 3.278265953063965,
      "side_mean": -29.196996688842773
    },
    {
      "high_freq": 794.6976318359375,
      "loudness": -32.72577667236328,
      "loudness_range": 17.825374603271484,
      "low_freq": 392.3793640136719,
      "mid_mean": -31.895923614501953,
      "mid_to_side_loudness": -0.6074758172035217,
      "mid_to_side_loudness_range": 7.087518692016602,
      "side_mean": -32.51057815551758
    },
    {
      "high_freq": 1457.5709228515625,
      "loudness": -38.270347595214844,
      "loudness_range": 21.758241653442383,
      "low_freq": 794.6976318359375,
      "mid_mean": -37.74637222290039,
      "mid_to_side_loudness": 0.16395877301692963,
      "mid_to_side_loudness_range": 3.8800137042999268,
      "side_mean": -37.559444427490234
    },
    {
      "high_freq": 2549.74365234375,
      "loudness": -44.515907287597656,
      "loudness_range": 20.380756378173828,
      "low_freq": 1457.5709228515625,
      "mid_mean": -43.791107177734375,
      "mid_to_side_loudness": -0.14911121129989624,
      "mid_to_side_loudness_range": 2.4411158561706543,
      "side_mean": -44.004127502441406
    },
    {
      "high_freq": 4349.24462890625,
      "loudness": -47.98151397705078,
      "loudness_range": 21.00240707397461,
      "low_freq": 2549.74365234375,
      "mid_mean": -47.235496520996094,
      "mid_to_side_loudness": -0.2513282299041748,
      "mid_to_side_loudness_range": 1.3914000988006592,
      "side_mean": -47.495399475097656
    },
    {
      "high_freq": 7314.1640625,
      "loudness": -48.50857925415039,
      "loudness_range": 26.87115478515625,
      "low_freq": 4349.24462890625,
      "mid_mean": -47.529170989990234,
      "mid_to_side_loudness": -0.2795901596546173,
      "mid_to_side_loudness_range": 0.9748700857162476,
      "side_mean": -47.813232421875
    },
    {
      "high_freq": 12199.2666015625,
      "loudness": -50.11080551147461,
      "loudness_range": 25.358104705810547,
      "low_freq": 7314.1640625,
      "mid_mean": -49.27085494995117,
      "mid_to_side_loudness": -0.012287351302802563,
      "mid_to_side_loudness_range": 0.6735633611679077,
      "side_mean": -49.28502655029297
    },
    {
      "loudness": -50.695106506347656,
      "loudness_range": 24.522693634033203,
      "low_freq": 12199.2666015625,
      "mid_mean": -50.134910583496094,
      "mid_to_side_loudness": 0.21323971450328827,
      "mid_to_side_loudness_range": 0.5905697345733643,
      "side_mean": -49.77166748046875
    }
  ],
  "bands_short": [
    {
      "high_freq": 148.1999969482422,
      "loudness": -35.81322479248047,
      "loudness_range": 25.499313354492188,
      "mid_mean": -34.62888717651367,
      "mid_to_side_loudness": -1.1322015523910522,
      "mid_to_side_loudness_range": 9.117053031921387,
      "side_mean": -36.03425979614258
    },
    {
      "high_freq": 392.3793640136719,
      "loudness": -28.972606658935547,
      "loudness_range": 14.161035537719727,
      "low_freq": 148.1999969482422,
      "mid_mean": -27.909990310668945,
      "mid_to_side_loudness": -1.1213345527648926,
      "mid_to_side_loudness_range": 6.02833890914917,
      "side_mean": -29.002811431884766
    },
    {
      "high_freq": 794.6976318359375,
      "loudness": -33.98109817504883,
      "loudness_range": 20.54144287109375,
      "low_freq": 392.3793640136719,
      "mid_mean": -33.1369743347168,
      "mid_to_side_loudness": -0.8722245693206787,
      "mid_to_side_loudness_range": 8.944978713989258,
      "side_mean": -34.046817779541016
    },
    {
      "high_freq": 1457.5709228515625,
      "loudness": -39.2894172668457,
      "loudness_range": 24.2960147857666,
      "low_freq": 794.6976318359375,
      "mid_mean": -38.87358093261719,
      "mid_to_side_loudness": 0.20609380304813385,
      "mid_to_side_loudness_range": 5.642386436462402,
      "side_mean": -38.611549377441406
    },
    {
      "high_freq": 2549.74365234375,
      "loudness": -46.1166877746582,
      "loudness_range": 22.742958068847656,
      "low_freq": 1457.5709228515625,
      "mid_mean": -45.48597717285156,
      "mid_to_side_loudness": -0.12991087138652802,
      "mid_to_side_loudness_range": 4.090458393096924,
      "side_mean": -45.64284896850586
    },
    {
      "high_freq": 4349.24462890625,
      "loudness": -49.92346954345703,
      "loudness_range": 23.248924255371094,
      "low_freq": 2549.74365234375,
      "mid_mean": -49.105594635009766,
      "mid_to_side_loudness": -0.19352366030216217,
      "mid_to_side_loudness_range": 2.735700845718384,
      "side_mean": -49.31454086303711
    },
    {
      "high_freq": 7314.1640625,
      "loudness": -50.69430160522461,
      "loudness_range": 28.94674301147461,
      "low_freq": 4349.24462890625,
      "mid_mean": -49.69961166381836,
      "mid_to_side_loudness": -0.2698815166950226,
      "mid_to_side_loudness_range": 2.105648994445801,
      "side_mean": -50.14889144897461
    },
    {
      "high_freq": 12199.2666015625,
      "loudness": -52.900360107421875,
      "loudness_range": 27.35959243774414,
      "low_freq": 7314.1640625,
      "mid_mean": -52.155025482177734,
      "mid_to_side_loudness": 0.016834288835525513,
      "mid_to_side_loudness_range": 1.520723819732666,
      "side_mean": -52.1461296081543
    },
    {
      "loudness": -53.05760192871094,
      "loudness_range": 25.122825622558594,
      "low_freq": 12199.2666015625,
      "mid_mean": -52.426902770996094,
      "mid_to_side_loudness": 0.21469275653362274,
      "mid_to_side_loudness_range": 1.1266489028930664,
      "side_mean": -52.21923828125
    }
  ],
  "channels": 2,
  "covariance": [
    [
      48.315574645996094,
      43.466285705566406,
      8.3267822265625,
      8.751705169677734,
      10.997077941894531,
      8.708542823791504,
      9.922891616821289,
      9.708309173583984,
      12.079597473144531,
      12.66712474822998,
      10.83517074584961,
      11.030755996704102,
      11.328604698181152,
      11.185708045959473,
      10.005081176757812,
      10.051156997680664,
      9.536042213439941,
      9.783768653869629
    ],
    [
      43.466285705566406,
      44.366844177246094,
      9.159794807434082,
      9.72607135772705,
      11.175575256347656,
      8.896707534790039,
      10.429609298706055,
      10.023913383483887,
      13.269375801086426,
      13.755674362182617,
      12.380908012390137,
      12.52640438079834,
      12.955143928527832,
      12.80754566192627,
      11.270537376403809,
      11.32726001739502,
      10.775192260742188,
      11.065211296081543
    ],
    [
      8.3267822265625,
      9.159794807434082,
      20.044408798217773,
      19.032833099365234,
      13.635706901550293,
      11.962762832641602,
      15.66682243347168,
      15.114728927612305,
      14.683996200561523,
      14.865012168884277,
      10.705564498901367,
      10.788599967956543,
      10.139423370361328,
      10.019584655761719,
      9.155282020568848,
      9.181955337524414,
      8.072250366210938,
      8.248026847839355
    ],
    [
      8.751705169677734,
      9.72607135772705,
      19.032833099365234,
      19.530601501464844,
      12.629993438720703,
      10.998217582702637,
      14.741667747497559,
      14.14647388458252,
      13.956838607788086,
      14.10726261138916,
      10.7684326171875,
      10.86487865447998,
      10.469968795776367,
      10.35110092163086,
      9.460021018981934,
      9.487181663513184,
      8.275772094726562,
      8.457612037658691
    ],
    [
      10.997077941894531,
      11.175575256347656,
      13.635706901550293,
      12.629993438720703,
      39.651405334472656,
      36.923954010009766,
      31.20092010498047,
      32.72734069824219,
      30.756567001342773,
      31.411012649536133,
      18.393983840942383,
      18.435157775878906,
      11.532059669494629,
      11.307964324951172,
      9.60379409790039,
      9.590304374694824,
      10.034921646118164,
      10.160361289978027
    ],
    [
      8.708542823791504,
      8.896707534790039,
      11.962762832641602,
      10.998217582702637,
      36.923954010009766,
      40.15824890136719,
      30.617786407470703,
      31.98817253112793,
      28.61492347717285,
      29.290058135986328,
      17.40192413330078,
      17.3585262298584,
      9.385214805603027,
      9.149829864501953,
      7.283046722412109,
      7.29329252243042,
      7.704386234283447,
      7.80556058883667
    ],
    [
      9.922891616821289,
      10.429609298706055,
      15.66682243347168,
      14.741667747497559,
      31.20092010498047,
      30.617786407470703,
      55.374778747558594,
      54.79808044433594,
      42.3444938659668,
      42.7944450378418,
      32.63277816772461,
      32.27434158325195,
      23.045188903808594,
      22.596881866455078,
      18.53312873840332,
      18.55242156982422,
      18.36435317993164,
      18.648569107055664
    ],
    [
      9.708309173583984,
      10.023913383483887,
      15.114728927612305,
      14.14647388458252,
      32.72734069824219,
      31.98817253112793,
      54.79808044433594,
      56.611507415771484,
      42.4249267578125,
      43.03551483154297,
      32.10568618774414,
      31.731233596801758,
      21.97784423828125,
      21.477807998657227,
      17.29833221435547,
      17.300994873046875,
      17.30686378479004,
      17.551820755004883
    ],
    [
      12.079597473144531,
      13.269375801086426,
      14.683996200561523,
      13.956838607788086,
      30.756567001342773,
      28.61492347717285,
      42.3444938659668,
      42.4249267578125,
      53.67797088623047,
      53.094749450683594,
      43.18173599243164,
      42.976505279541016,
      37.44011688232422,
      37.216156005859375,
      32.69546890258789,
      32.74348068237305,
      31.79362678527832,
      32.3434944152832
    ],
    [
      12.66712474822998,
      13.755674362182617,
      14.865012168884277,
      14.10726261138916,
      31.411012649536133,
      29.290058135986328,
      42.7944450378418,
      43.03551483154297,
      53.094749450683594,
      54.37602615356445,
      44.00895690917969,
      43.7528076171875,
      38.07040023803711,
      37.80770492553711,
      33.012271881103516,
      33.05869674682617,
      32.109397888183594,
      32.662384033203125
    ],
    [
      10.83517074584961,
      12.380908012390137,
      10.705564498901367,
      10.7684326171875,
      18.393983840942383,
      17.40192413330078,
      32.63277816772461,
      32.10568618774414,
      43.18173599243164,
      44.00895690917969,
      54.420406341552734,
      53.887794494628906,
      55.05113983154297,
      54.78363037109375,
      48.54008102416992,
      48.66781997680664,
      46.57032775878906,
      47.515140533447266
    ],
    [
      11.030755996704102,
      12.52640438079834,
      10.788599967956543,
      10.86487865447998,
      18.435157775878906,
      17.3585262298584,
      32.27434158325195,
      31.731233596801758,
      42.976505279541016,
      43.7528076171875,
      53.887794494628906,
      53.7606086730957,
      54.65830612182617,
      54.40978240966797,
      48.343509674072266,
      48.47208786010742,
      46.386959075927734,
      47.33315658569336
    ],
    [
      11.328604698181152,
      12.955143928527832,
      10.139423370361328,
      10.469968795776367,
      11.532059669494629,
      9.385214805603027,
      23.045188903808594,
      21.97784423828125,
      37.44011688232422,
      38.07040023803711,
      55.05113983154297,
      54.65830612182617,
      67.34087371826172,
      67.01152038574219,
      61.420440673828125,
      61.587974548339844,
      58.662113189697266,
      59.923858642578125
    ],
    [
      11.185708045959473,
      12.80754566192627,
      10.019584655761719,
      10.35110092163086,
      11.307964324951172,
      9.149829864501953,
      22.596881866455078,
      21.477807998657227,
      37.216156005859375,
      37.80770492553711,
      54.78363037109375,
      54.40978240966797,
      67.01152038574219,
      66.8967514038086,
      61.40557861328125,
      61.57907485961914,
      58.659324645996094,
      59.92811584472656
    ],
    [
      10.005081176757812,
      11.270537376403809,
      9.155282020568848,
      9.460021018981934,
      9.60379409790039,
      7.283046722412109,
      18.53312873840332,
      17.29833221435547,
      32.69546890258789,
      33.012271881103516,
      48.54008102416992,
      48.343509674072266,
      61.420440673828125,
      61.40557861328125,
      60.488189697265625,
      60.588626861572266,
      56.551639556884766,
      57.69536590576172
    ],
    [
      10.051156997680664,
      11.32726001739502,
      9.181955337524414,
      9.487181663513184,
      9.590304374694824,
      7.29329252243042,
      18.55242156982422,
      17.300994873046875,
      32.74348068237305,
      33.05869674682617,
      48.66781997680664,
      48.47208786010742,
      61.587974548339844,
      61.57907485961914,
      60.588626861572266,
      60.74948501586914,
      56.65092468261719,
      57.8178825378418
    ],
    [
      9.536042213439941,
      10.775192260742188,
      8.072250366210938,
      8.275772094726562,
      10.034921646118164,
      7.704386234283447,
      18.36435317993164,
      17.30686378479004,
      31.79362678527832,
      32.109397888183594,
      46.57032775878906,
      46.386959075927734,
      58.662113189697266,
      58.659324645996094,
      56.551639556884766,
      56.65092468261719,
      60.50190353393555,
      58.97910690307617
    ],
    [
      9.783768653869629,
      11.065211296081543,
      8.248026847839355,
      8.457612037658691,
      10.160361289978027,
      7.80556058883667,
      18.648569107055664,
      17.551820755004883,
      32.3434944152832,
      32.662384033203125,
      47.515140533447266,
      47.33315658569336,
      59.923858642578125,
      59.92811584472656,
      57.69536590576172,
      57.8178825378418,
      58.97910690307617,
      60.09407424926758
    ]
  ],
  "covariance_short": [
    [
      80.57527160644531,
      70.13525390625,
      22.38825225830078,
      21.92307472229004,
      13.720410346984863,
      11.44877815246582,
      14.380352020263672,
      13.702799797058105,
      16.800317764282227,
      16.769493103027344,
      13.910374641418457,
      13.966294288635254,
      13.21416187286377,
      13.04901123046875,
      10.45988941192627,
      10.453139305114746,
      10.423871994018555,
      10.643993377685547
    ],
    [
      70.13525390625,
      72.3405532836914,
      20.235939025878906,
      20.880769729614258,
      13.118132591247559,
      10.921558380126953,
      13.727612495422363,
      13.04443073272705,
      16.50096321105957,
      16.55820083618164,
      14.27270221710205,
      14.317397117614746,
      13.53243637084961,
      13.39475154876709,
      10.922268867492676,
      10.912993431091309,
      10.729869842529297,
      10.928116798400879
    ],
    [
      22.38825225830078,
      20.235939025878906,
      29.351266860961914,
      25.330610275268555,
      18.384784698486328,
      16.894798278808594,
      20.290159225463867,
      19.624473571777344,
      18.172935485839844,
      18.36176109313965,
      12.358550071716309,
      12.253111839294434,
      10.09412670135498,
      9.886964797973633,
      8.114505767822266,
      8.108942985534668,
      7.388490676879883,
      7.521524906158447
    ],
    [
      21.92307472229004,
      20.880769729614258,
      25.330610275268555,
      27.548608779907227,
      17.351308822631836,
      15.959772109985352,
      19.743270874023438,
      19.088417053222656,
      17.572519302368164,
      17.745332717895508,
      12.46298885345459,
      12.361519813537598,
      10.404836654663086,
      10.210612297058105,
      8.464445114135742,
      8.462482452392578,
      7.577769756317139,
      7.702841281890869
    ],
    [
      13.720410346984863,
      13.118132591247559,
      18.384784698486328,
      17.351308822631836,
      53.126136779785156,
      47.341575622558594,
      40.535926818847656,
      42.323272705078125,
      37.705223083496094,
      38.20281219482422,
      21.067218780517578,
      21.011014938354492,
      11.941486358642578,
      11.70333194732666,
      9.661776542663574,
      9.659616470336914,
      9.374323844909668,
      9.500382423400879
    ],
    [
      11.44877815246582,
      10.921558380126953,
      16.894798278808594,
      15.959772109985352,
      47.341575622558594,
      52.63804244995117,
      39.39366149902344,
      40.791648864746094,
      35.05002975463867,
      35.79014587402344,
      20.25939178466797,
      20.13690757751465,
      10.165614128112793,
      9.9224853515625,
      7.753106594085693,
      7.733011245727539,
      7.485048770904541,
      7.564583778381348
    ],
    [
      14.380352020263672,
      13.727612495422363,
      20.290159225463867,
      19.743270874023438,
      40.535926818847656,
      39.39366149902344,
      68.31901550292969,
      66.90203857421875,
      50.553340911865234,
      51.188961029052734,
      34.785526275634766,
      34.371036529541016,
      23.487821578979492,
      23.007122039794922,
      17.756183624267578,
      17.772050857543945,
      16.63385009765625,
      16.867074966430664
    ],
    [
      13.702799797058105,
      13.04443073272705,
      19.624473571777344,
      19.088417053222656,
      42.323272705078125,
      40.791648864746094,
      66.90203857421875,
      70.96758270263672,
      50.77516174316406,
      51.549652099609375,
      34.02407455444336,
      33.58539962768555,
      21.792593002319336,
      21.270004272460938,
      16.189889907836914,
      16.207265853881836,
      15.30182933807373,
      15.502718925476074
    ],
    [
      16.800317764282227,
      16.50096321105957,
      18.172935485839844,
      17.572519302368164,
      37.705223083496094,
      35.05002975463867,
      50.553340911865234,
      50.77516174316406,
      63.826622009277344,
      62.41110610961914,
      47.683876037597656,
      47.41603088378906,
      39.57726287841797,
      39.192378997802734,
      33.78396987915039,
      33.80390930175781,
      30.72571563720703,
      31.155269622802734
    ],
    [
      16.769493103027344,
      16.55820083618164,
      18.36176109313965,
      17.745332717895508,
      38.20281219482422,
      35.79014587402344,
      51.188961029052734,
      51.549652099609375,
      62.41110610961914,
      63.9884033203125,
      48.22276306152344,
      47.87737274169922,
      39.79188537597656,
      39.37470245361328,
      33.772491455078125,
      33.79752731323242,
      30.72186851501465,
      31.158203125
    ],
    [
      13.910374641418457,
      14.27270221710205,
      12.358550071716309,
      12.46298885345459,
      21.067218780517578,
      20.25939178466797,
      34.785526275634766,
      34.02407455444336,
      47.683876037597656,
      48.22276306152344,
      59.755855560302734,
      58.834659576416016,
      58.290103912353516,
      57.853336334228516,
      50.32427215576172,
      50.38700866699219,
      45.685203552246094,
      46.39670944213867
    ],
    [
      13.966294288635254,
      14.317397117614746,
      12.253111839294434,
      12.361519813537598,
      21.011014938354492,
      20.13690757751465,
      34.371036529541016,
      33.58539962768555,
      47.41603088378906,
      47.87737274169922,
      58.834659576416016,
      58.94387435913086,
      57.91672897338867,
      57.51449203491211,
      50.114192962646484,
      50.181678771972656,
      45.51450729370117,
      46.23439407348633
    ],
    [
      13.21416187286377,
      13.53243637084961,
      10.09412670135498,
      10.404836654663086,
      11.941486358642578,
      10.165614128112793,
      23.487821578979492,
      21.792593002319336,
      39.57726287841797,
      39.79188537597656,
      58.290103912353516,
      57.91672897338867,
      70.69221496582031,
      70.10588073730469,
      63.199562072753906,
      63.28939437866211,
      57.66482925415039,
      58.59554672241211
    ],
    [
      13.04901123046875,
      13.39475154876709,
      9.886964797973633,
      10.210612297058105,
      11.70333194732666,
      9.9224853515625,
      23.007122039794922,
      21.270004272460938,
      39.192378997802734,
      39.37470245361328,
      57.853336334228516,
      57.51449203491211,
      70.10588073730469,
      72.89089965820312,
      65.6442642211914,
      65.74746704101562,
      60.099449157714844,
      61.06671905517578
    ],
    [
      10.45988941192627,
      10.922268867492676,
      8.114505767822266,
      8.464445114135742,
      9.661776542663574,
      7.753106594085693,
      17.756183624267578,
      16.189889907836914,
      33.78396987915039,
      33.772491455078125,
      50.32427215576172,
      50.114192962646484,
      63.199562072753906,
      65.6442642211914,
      63.945682525634766,
      63.876060485839844,
      58.2957878112793,
      59.11358642578125
    ],
    [
      10.453139305114746,
      10.912993431091309,
      8.108942985534668,
      8.462482452392578,
      9.659616470336914,
      7.733011245727539,
      17.772050857543945,
      16.207265853881836,
      33.80390930175781,
      33.79752731323242,
      50.38700866699219,
      50.181678771972656,
      63.28939437866211,
      65.74746704101562,
      63.876060485839844,
      64.0614242553711,
      58.330692291259766,
      59.169795989990234
    ],
    [
      10.423871994018555,
      10.729869842529297,
      7.388490676879883,
      7.577769756317139,
      9.374323844909668,
      7.485048770904541,
      16.63385009765625,
      15.30182933807373,
      30.72571563720703,
      30.72186851501465,
      45.685203552246094,
      45.51450729370117,
      57.66482925415039,
      60.099449157714844,
      58.2957878112793,
      58.330692291259766,
      58.172874450683594,
      58.87185287475586
    ],
    [
      10.643993377685547,
      10.928116798400879,
      7.521524906158447,
      7.702841281890869,
      9.500382423400879,
      7.564583778381348,
      16.867074966430664,
      15.502718925476074,
      31.155269622802734,
      31.158203125,
      46.39670944213867,
      46.23439407348633,
      58.59554672241211,
      61.06671905517578,
      59.11358642578125,
      59.169795989990234,
      58.87185287475586,
      59.73273468017578
    ]
  ],
  "drr": 13.078933715820312,
  "dynamics": 3.796143054962158,
  "format": 1245190,
  "frames": 18206720,
  "loudness": -20.583181381225586,
  "loudness_range": 10.217369079589844,
  "loudness_range_short": 14.042935371398926,
  "peak": -2.253000259399414,
  "rms": -21.610214233398438,
  "sample_rate": 44100,
  "sections": 1,
  "seekable": 1,
  "sharpness": 3.530313014984131,
  "space": -0.9513257741928101
}