{
  "bands": [
    {
      "high_freq": 148.1999969482422,
      "loudness": -19.501480102539062,
      "loudness_range": 13.729060173034668,
      "mid_mean": -16.00821876525879,
      "mid_to_side_loudness": -21.220333099365234,
      "mid_to_side_loudness_range": 23.619171142578125,
      "side_mean": -37.49869918823242
    },
    {
      "high_freq": 392.3793640136719,
      "loudness": -17.3776798248291,
      "loudness_range": 6.394525527954102,
      "low_freq": 148.1999969482422,
      "mid_mean": -13.816624641418457,
      "mid_to_side_loudness": -17.833627700805664,
      "mid_to_side_loudness_range": 14.201997756958008,
      "side_mean": -31.67266845703125
    },
    {
      "high_freq": 794.6976318359375,
      "loudness": -21.804107666015625,
      "loudness_range": 10.296590805053711,
      "low_freq": 392.3793640136719,
      "mid_mean": -18.36582374572754,
      "mid_to_side_loudness": -15.041918754577637,
      "mid_to_side_loudness_range": 15.641386032104492,
      "side_mean": -33.34091567993164
    },
    {
      "high_freq": 1457.5709228515625,
      "loudness": -27.189388275146484,
      "loudness_range": 16.579727172851562,
      "low_freq": 794.6976318359375,
      "mid_mean": -23.916372299194336,
      "mid_to_side_loudness": -13.993218421936035,
      "mid_to_side_loudness_range": 17.92194175720215,
      "side_mean": -37.92011642456055
    },
    {
      "high_freq": 2549.74365234375,
      "loudness": -27.699974060058594,
      "loudness_range": 15.289461135864258,
      "low_freq": 1457.5709228515625,
      "mid_mean": -24.44481658935547,
      "mid_to_side_loudness": -12.98641586303711,
      "mid_to_side_loudness_range": 18.23926544189453,
      "side_mean": -37.77815628051758
    },
    {
      "high_freq": 4349.24462890625,
      "loudness": -29.398649215698242,
      "loudness_range": 11.916427612304688,
      "low_freq": 2549.74365234375,
      "mid_mean": -25.981491088867188,
      "mid_to_side_loudness": -12.987401962280273,
      "mid_to_side_loudness_range": 12.253331184387207,
      "side_mean": -39.37872314453125
    },
    {
      "high_freq": 7314.1640625,
      "loudness": -29.23817253112793,
      "loudness_range": 11.060384750366211,
      "low_freq": 4349.24462890625,
      "mid_mean": -25.781314849853516,
      "mid_to_side_loudness": -13.06797981262207,
      "mid_to_side_loudness_range": 5.796943664550781,
      "side_mean": -39.11466598510742
    },
    {
      "high_freq": 12199.2666015625,
      "loudness": -31.302734375,
      "loudness_range": 13.742137908935547,
      "low_freq": 7314.1640625,
      "mid_mean": -27.866943359375,
      "mid_to_side_loudness": -12.520294189453125,
      "mid_to_side_loudness_range": 7.383983612060547,
      "side_mean": -40.651641845703125
    },
    {
      "loudness": -37.541629791259766,
      "loudness_range": 10.334156036376953,
      "low_freq": 12199.2666015625,
      "mid_mean": -34.24053955078125,
      "mid_to_side_loudness": -11.480035781860352,
      "mid_to_side_loudness_range": 3.214766502380371,
      "side_mean": -45.78758239746094
    }
  ],
  "bands_short": [
    {
      "high_freq": 148.1999969482422,
      "loudness": -26.54770278930664,
      "loudness_range": 26.367780685424805,
      "mid_mean": -23.338088989257812,
      "mid_to_side_loudness": -19.590965270996094,
      "mid_to_side_loudness_range": 30.801042556762695,
      "side_mean": -43.23832321166992
    },
    {
      "high_freq": 392.3793640136719,
      "loudness": -17.752281188964844,
      "loudness_range": 12.06435489654541,
      "low_freq": 148.1999969482422,
      "mid_mean": -14.266736030578613,
      "mid_to_side_loudness": -17.953359603881836,
      "mid_to_side_loudness_range": 17.529949188232422,
      "side_mean": -32.22041320800781
    },
    {
      "high_freq": 794.6976318359375,
      "loudness": -22.403322219848633,
      "loudness_range": 13.322062492370605,
      "low_freq": 392.3793640136719,
      "mid_mean": -19.00836181640625,
      "mid_to_side_loudness": -15.130597114562988,
      "mid_to_side_loudness_range": 16.824756622314453,
      "side_mean": -34.033912658691406
    },
    {
      "high_freq": 1457.5709228515625,
      "loudness": -28.508771896362305,
      "loudness_range": 21.916576385498047,
      "low_freq": 794.6976318359375,
      "mid_mean": -25.29944610595703,
      "mid_to_side_loudness": -13.579693794250488,
      "mid_to_side_loudness_range": 19.439165115356445,
      "side_mean": -38.91433334350586
    },
    {
      "high_freq": 2549.74365234375,
      "loudness": -30.14755630493164,
      "loudness_range": 22.613365173339844,
      "low_freq": 1457.5709228515625,
      "mid_mean": -27.146438598632812,
      "mid_to_side_loudness": -11.935365676879883,
      "mid_to_side_loudness_range": 20.46839714050293,
      "side_mean": -39.654502868652344
    },
    {
      "high_freq": 4349.24462890625,
      "loudness": -32.07169723510742,
      "loudness_range": 20.960081100463867,
      "low_freq": 2549.74365234375,
      "mid_mean": -28.856704711914062,
      "mid_to_side_loudness": -11.994389533996582,
      "mid_to_side_loudness_range": 18.611454010009766,
      "side_mean": -41.4529914855957
    },
    {
      "high_freq": 7314.1640625,
      "loudness": -32.852142333984375,
      "loudness_range": 22.106964111328125,
      "low_freq": 4349.24462890625,
      "mid_mean": -29.4440975189209,
      "mid_to_side_loudness": -12.637710571289062,
      "mid_to_side_loudness_range": 11.143167495727539,
      "side_mean": -42.7293815612793
    },
    {
      "high_freq": 12199.2666015625,
      "loudness": -34.79652786254883,
      "loudness_range": 21.555997848510742,
      "low_freq": 7314.1640625,
      "mid_mean": -31.401344299316406,
      "mid_to_side_loudness": -12.6196928024292,
      "mid_to_side_loudness_range": 13.062763214111328,
      "side_mean": -45.44424057006836
    },
    {
      "loudness": -43.14253234863281,
      "loudness_range": 27.92027473449707,
      "low_freq": 12199.2666015625,
      "mid_mean": -39.76698684692383,
      "mid_to_side_loudness": -11.405780792236328,
      "mid_to_side_loudness_range": 5.072779655456543,
      "side_mean": -51.54497528076172
    }
  ],
  "channels": 2,
  "covariance": [
    [
      29.79322624206543,
      22.959110260009766,
      7.060683250427246,
      8.246786117553711,
      3.9790334701538086,
      6.813793182373047,
      3.231050491333008,
      5.81921911239624,
      2.017439842224121,
      4.611722946166992,
      2.1747162342071533,
      2.6626524925231934,
      4.456620216369629,
      3.997971773147583,
      4.138494968414307,
      3.626136064529419,
      11.084977149963379,
      11.37521743774414
    ],
    [
      22.959110260009766,
      67.6677017211914,
      7.154555797576904,
      28.813007354736328,
      2.7056920528411865,
      26.858680725097656,
      6.67431640625,
      31.41551399230957,
      11.179610252380371,
      36.30040740966797,
      9.931026458740234,
      18.113248825073242,
      11.817083358764648,
      15.937283515930176,
      9.549696922302246,
      13.744842529296875,
      16.373056411743164,
      18.09881591796875
    ],
    [
      7.060683250427246,
      7.154555797576904,
      7.5082292556762695,
      6.376973628997803,
      4.4864115715026855,
      5.144464015960693,
      4.772170543670654,
      5.029442310333252,
      5.333429336547852,
      5.140849590301514,
      5.698949813842773,
      4.104121685028076,
      5.521462440490723,
      4.590470790863037,
      5.196427822113037,
      4.382359981536865,
      7.302637577056885,
      7.029658317565918
    ],
    [
      8.246786117553711,
      28.813007354736328,
      6.376973628997803,
      23.896865844726562,
      5.24704647064209,
      19.78345489501953,
      5.936094284057617,
      20.311553955078125,
      10.317042350769043,
      22.404083251953125,
      9.046950340270996,
      12.133590698242188,
      8.413920402526855,
      9.464659690856934,
      7.313717842102051,
      7.959940433502197,
      8.798527717590332,
      9.34838581085205
    ],
    [
      3.9790334701538086,
      2.7056920528411865,
      4.4864115715026855,
      5.24704647064209,
      15.784518241882324,
      13.557635307312012,
      14.681660652160645,
      13.703330993652344,
      13.069561004638672,
      11.0691556930542,
      9.392949104309082,
      7.444332122802734,
      4.398237228393555,
      4.357909679412842,
      6.911678314208984,
      6.393448829650879,
      8.239731788635254,
      8.344881057739258
    ],
    [
      6.813793182373047,
      26.858680725097656,
      5.144464015960693,
      19.78345489501953,
      13.557635307312012,
      33.54824447631836,
      16.72715950012207,
      34.8828239440918,
      16.045597076416016,
      33.24390411376953,
      13.328804969787598,
      19.366086959838867,
      9.306501388549805,
      12.45995044708252,
      10.897683143615723,
      13.386229515075684,
      14.342126846313477,
      14.211033821105957
    ],
    [
      3.231050491333008,
      6.67431640625,
      4.772170543670654,
      5.936094284057617,
      14.681660652160645,
      16.72715950012207,
      39.36087417602539,
      30.407236099243164,
      22.941173553466797,
      20.8675594329834,
      14.315577507019043,
      13.093496322631836,
      7.002096176147461,
      8.513110160827637,
      8.644287109375,
      10.77868366241455,
      12.793848991394043,
      13.34460735321045
    ],
    [
      5.81921911239624,
      31.41551399230957,
      5.029442310333252,
      20.311553955078125,
      13.703330993652344,
      34.8828239440918,
      30.407236099243164,
      57.82795333862305,
      23.323453903198242,
      49.206661224365234,
      18.175050735473633,
      28.80155372619629,
      13.774666786193848,
      19.062713623046875,
      17.025150299072266,
      21.54421043395996,
      18.743789672851562,
      19.78470230102539
    ],
    [
      2.017439842224121,
      11.179610252380371,
      5.333429336547852,
      10.317042350769043,
      13.069561004638672,
      16.045597076416016,
      22.941173553466797,
      23.323453903198242,
      31.834503173828125,
      27.31855583190918,
      20.492895126342773,
      16.39216423034668,
      11.015666007995605,
      11.704874992370605,
      12.625535011291504,
      13.20008373260498,
      9.38357162475586,
      10.500731468200684
    ],
    [
      4.611722946166992,
      36.30040740966797,
      5.140849590301514,
      22.404083251953125,
      11.0691556930542,
      33.24390411376953,
      20.8675594329834,
      49.206661224365234,
      27.31855583190918,
      58.1337890625,
      22.653202056884766,
      33.639041900634766,
      17.83124542236328,
      22.78885269165039,
      20.020299911499023,
      23.96196174621582,
      17.270235061645508,
      18.34881019592285
    ],
    [
      2.1747162342071533,
      9.931026458740234,
      5.698949813842773,
      9.046950340270996,
      9.392949104309082,
      13.328804969787598,
      14.315577507019043,
      18.175050735473633,
      20.492895126342773,
      22.653202056884766,
      22.43514633178711,
      18.834566116333008,
      14.732498168945312,
      14.358846664428711,
      14.510631561279297,
      14.543451309204102,
      11.564979553222656,
      11.82618236541748
    ],
    [
      2.6626524925231934,
      18.113248825073242,
      4.104121685028076,
      12.133590698242188,
      7.444332122802734,
      19.366086959838867,
      13.093496322631836,
      28.80155372619629,
      16.39216423034668,
      33.639041900634766,
      18.834566116333008,
      30.946210861206055,
      16.11163902282715,
      19.85576057434082,
      14.824800491333008,
      18.803321838378906,
      12.861681938171387,
      13.614960670471191
    ],
    [
      4.456620216369629,
      11.817083358764648,
      5.521462440490723,
      8.413920402526855,
      4.398237228393555,
      9.306501388549805,
      7.002096176147461,
      13.774666786193848,
      11.015666007995605,
      17.83124542236328,
      14.732498168945312,
      16.11163902282715,
      17.527273178100586,
      16.710477828979492,
      15.922607421875,
      15.684403419494629,
      13.135668754577637,
      13.003912925720215
    ],
    [
      3.997971773147583,
      15.937283515930176,
      4.590470790863037,
      9.464659690856934,
      4.357909679412842,
      12.45995044708252,
      8.513110160827637,
      19.062713623046875,
      11.704874992370605,
      22.78885269165039,
      14.358846664428711,
      19.85576057434082,
      16.710477828979492,
      21.261308670043945,
      14.555542945861816,
      18.81427001953125,
      12.90419864654541,
      13.802512168884277
    ],
    [
      4.138494968414307,
      9.549696922302246,
      5.196427822113037,
      7.313717842102051,
      6.911678314208984,
      10.897683143615723,
      8.644287109375,
      17.025150299072266,
      12.625535011291504,
      20.020299911499023,
      14.510631561279297,
      14.824800491333008,
      15.922607421875,
      14.555542945861816,
      22.89362907409668,
      17.829195022583008,
      14.655243873596191,
      14.27941608428955
    ],
    [
      3.626136064529419,
      13.744842529296875,
      4.382359981536865,
      7.959940433502197,
      6.393448829650879,
      13.386229515075684,
      10.77868366241455,
      21.54421043395996,
      13.20008373260498,
      23.96196174621582,
      14.543451309204102,
      18.803321838378906,
      15.684403419494629,
      18.81427001953125,
      17.829195022583008,
      22.456947326660156,
      15.713753700256348,
      16.886831283569336
    ],
    [
      11.084977149963379,
      16.373056411743164,
      7.302637577056885,
      8.798527717590332,
      8.239731788635254,
      14.342126846313477,
      12.793848991394043,
      18.743789672851562,
      9.38357162475586,
      17.270235061645508,
      11.564979553222656,
      12.861681938171387,
      13.135668754577637,
      12.90419864654541,
      14.655243873596191,
      15.713753700256348,
      28.489612579345703,
      25.79393768310547
    ],
    [
      11.37521743774414,
      18.09881591796875,
      7.029658317565918,
      9.34838581085205,
      8.344881057739258,
      14.211033821105957,
      13.34460735321045,
      19.78470230102539,
      10.500731468200684,
      18.34881019592285,
      11.82618236541748,
      13.614960670471191,
      13.003912925720215,
      13.802512168884277,
      14.27941608428955,
      16.886831283569336,
      25.79393768310547,
      26.536720275878906
    ]
  ],
  "covariance_short": [
    [
      88.00005340576172,
      45.79526138305664,
      23.780132293701172,
      16.2104549407959,
      6.606838703155518,
      8.388351440429688,
      6.649693489074707,
      6.844249248504639,
      9.472699165344238,
      8.630792617797852,
      10.862908363342285,
      7.5682692527771,
      12.819015502929688,
      13.809904098510742,
      11.072197914123535,
      18.420469284057617,
      20.048830032348633,
      19.852794647216797
    ],
    [
      45.79526138305664,
      106.53910827636719,
      9.83787727355957,
      36.95478057861328,
      3.3637535572052,
      30.539945602416992,
      10.516923904418945,
      35.10691833496094,
      18.638870239257812,
      42.965087890625,
      18.232189178466797,
      28.2685489654541,
      22.59733009338379,
      30.46750831604004,
      15.874848365783691,
      27.803117752075195,
      28.771909713745117,
      28.388404846191406
    ],
    [
      23.780132293701172,
      9.83787727355957,
      21.62181282043457,
      10.3494291305542,
      11.075464248657227,
      7.670515537261963,
      9.064596176147461,
      7.171681880950928,
      11.468724250793457,
      8.112080574035645,
      11.13459300994873,
      7.000888824462891,
      9.43193531036377,
      8.210797309875488,
      9.273853302001953,
      11.413352966308594,
      11.492369651794434,
      11.814093589782715
    ],
    [
      16.2104549407959,
      36.95478057861328,
      10.3494291305542,
      32.24700927734375,
      8.690213203430176,
      23.718826293945312,
      9.22965145111084,
      23.176801681518555,
      15.191878318786621,
      26.887346267700195,
      12.773397445678711,
      16.302188873291016,
      11.181131362915039,
      14.041937828063965,
      8.613649368286133,
      12.46217155456543,
      11.213951110839844,
      11.462581634521484
    ],
    [
      6.606838703155518,
      3.3637535572052,
      11.075464248657227,
      8.690213203430176,
      25.791364669799805,
      18.7819881439209,
      20.846242904663086,
      18.402498245239258,
      21.43830108642578,
      17.31938362121582,
      16.075042724609375,
      11.800431251525879,
      7.411620140075684,
      7.047252655029297,
      8.330707550048828,
      11.612065315246582,
      9.351499557495117,
      9.93138599395752
    ],
    [
      8.388351440429688,
      30.539945602416992,
      7.670515537261963,
      23.718826293945312,
      18.7819881439209,
      40.95708465576172,
      21.56027603149414,
      37.88744354248047,
      23.362855911254883,
      38.21614074707031,
      18.522918701171875,
      24.242652893066406,
      12.248723983764648,
      17.042625427246094,
      10.706506729125977,
      19.096059799194336,
      15.387039184570312,
      14.714627265930176
    ],
    [
      6.649693489074707,
      10.516923904418945,
      9.064596176147461,
      9.22965145111084,
      20.846242904663086,
      21.56027603149414,
      60.51627731323242,
      43.43299102783203,
      41.26188278198242,
      34.614749908447266,
      29.214998245239258,
      24.318744659423828,
      16.841064453125,
      18.554752349853516,
      15.03324031829834,
      24.579069137573242,
      21.314184188842773,
      20.317655563354492
    ],
    [
      6.844249248504639,
      35.10691833496094,
      7.171681880950928,
      23.176801681518555,
      18.402498245239258,
      37.88744354248047,
      43.43299102783203,
      71.68025207519531,
      35.95494079589844,
      60.24616241455078,
      27.33563232421875,
      39.56371307373047,
      21.91887092590332,
      29.383832931518555,
      20.54322624206543,
      33.3583869934082,
      29.048397064208984,
      26.54539680480957
    ],
    [
      9.472699165344238,
      18.638870239257812,
      11.468724250793457,
      15.191878318786621,
      21.43830108642578,
      23.362855911254883,
      41.26188278198242,
      35.95494079589844,
      68.2939682006836,
      46.9617919921875,
      46.87080764770508,
      32.29558181762695,
      26.171998977661133,
      24.65894889831543,
      22.253385543823242,
      25.476985931396484,
      21.89134979248047,
      22.63637351989746
    ],
    [
      8.630792617797852,
      42.965087890625,
      8.112080574035645,
      26.887346267700195,
      17.31938362121582,
      38.21614074707031,
      34.614749908447266,
      60.24616241455078,
      46.9617919921875,
      78.31172943115234,
      36.88099670410156,
      49.938438415527344,
      30.010168075561523,
      37.10369110107422,
      26.58470916748047,
      36.18757629394531,
      31.833770751953125,
      29.972932815551758
    ],
    [
      10.862908363342285,
      18.232189178466797,
      11.13459300994873,
      12.773397445678711,
      16.075042724609375,
      18.522918701171875,
      29.214998245239258,
      27.33563232421875,
      46.87080764770508,
      36.88099670410156,
      56.61415100097656,
      38.613834381103516,
      39.16279602050781,
      35.56349563598633,
      30.812835693359375,
      34.675601959228516,
      33.320648193359375,
      31.821260452270508
    ],
    [
      7.5682692527771,
      28.2685489654541,
      7.000888824462891,
      16.302188873291016,
      11.800431251525879,
      24.242652893066406,
      24.318744659423828,
      39.56371307373047,
      32.29558181762695,
      49.938438415527344,
      38.613834381103516,
      55.99619674682617,
      36.736289978027344,
      45.53535079956055,
      28.359724044799805,
      41.784996032714844,
      37.41792297363281,
      35.254608154296875
    ],
    [
      12.819015502929688,
      22.59733009338379,
      9.43193531036377,
      11.181131362915039,
      7.411620140075684,
      12.248723983764648,
      16.841064453125,
      21.91887092590332,
      26.171998977661133,
      30.010168075561523,
      39.16279602050781,
      36.736289978027344,
      58.97047805786133,
      53.72590637207031,
      49.37075424194336,
      54.756431579589844,
      56.14610290527344,
      50.144447326660156
    ],
    [
      13.809904098510742,
      30.46750831604004,
      8.210797309875488,
      14.041937828063965,
      7.047252655029297,
      17.042625427246094,
      18.554752349853516,
      29.383832931518555,
      24.65894889831543,
      37.10369110107422,
      35.56349563598633,
      45.53535079956055,
      53.72590637207031,
      67.32218170166016,
      42.57283020019531,
      62.373802185058594,
      59.4044303894043,
      55.98143768310547
    ],
    [
      11.072197914123535,
      15.874848365783691,
      9.273853302001953,
      8.613649368286133,
      8.330707550048828,
      10.706506729125977,
      15.03324031829834,
      20.54322624206543,
      22.253385543823242,
      26.58470916748047,
      30.812835693359375,
      28.359724044799805,
      49.37075424194336,
      42.57283020019531,
      59.33864212036133,
      53.60355758666992,
      56.464874267578125,
      48.48806381225586
    ],
    [
      18.420469284057617,
      27.803117752075195,
      11.413352966308594,
      12.46217155456543,
      11.612065315246582,
      19.096059799194336,
      24.579069137573242,
      33.3583869934082,
      25.476985931396484,
      36.18757629394531,
      34.675601959228516,
      41.784996032714844,
      54.756431579589844,
      62.373802185058594,
      53.60355758666992,
      82.47676849365234,
      75.5944595336914,
      69.1199722290039
    ],
    [
      20.048830032348633,
      28.771909713745117,
      11.492369651794434,
      11.213951110839844,
      9.351499557495117,
      15.387039184570312,
      21.314184188842773,
      29.048397064208984,
      21.89134979248047,
      31.833770751953125,
      33.320648193359375,
      37.41792297363281,
      56.14610290527344,
      59.4044303894043,
      56.464874267578125,
      75.5944595336914,
      86.75177764892578,
      77.25627136230469
    ],
    [
      19.852794647216797,
      28.388404846191406,
      11.814093589782715,
      11.462581634521484,
      9.93138599395752,
      14.714627265930176,
      20.317655563354492,
      26.54539680480957,
      22.63637351989746,
      29.972932815551758,
      31.821260452270508,
      35.254608154296875,
      50.144447326660156,
      55.98143768310547,
      48.48806381225586,
      69.1199722290039,
      77.25627136230469,
      81.90430450439453
    ]
  ],
  "drr": 18.08282470703125,
  "dynamics": 2.480494499206543,
  "format": 1245190,
  "frames": 9613248,
  "loudness": -9.596616744995117,
  "loudness_range": 4.679483890533447,
  "loudness_range_short": 10.276819229125977,
  "peak": 0.5770441293716431,
  "rms": -11.517928123474121,
  "sample_rate": 44100,
  "sections": 1,
  "seekable": 1,
  "sharpness": 3.2869789600372314,
  "space": -16.046306610107422
}