{
  "bands": [
    {
      "high_freq": 148.1999969482422,
      "loudness": -24.224323272705078,
      "loudness_range": 11.11917495727539,
      "mid_mean": -20.732046127319336,
      "mid_to_side_loudness": -14.684150695800781,
      "mid_to_side_loudness_range": 12.782354354858398,
      "side_mean": -35.70964050292969
    },
    {
      "high_freq": 392.3793640136719,
      "loudness": -21.045806884765625,
      "loudness_range": 7.756130218505859,
      "low_freq": 148.1999969482422,
      "mid_mean": -18.01725196838379,
      "mid_to_side_loudness": -8.42486572265625,
      "mid_to_side_loudness_range": 8.749204635620117,
      "side_mean": -26.59430503845215
    },
    {
      "high_freq": 794.6976318359375,
      "loudness": -25.634185791015625,
      "loudness_range": 15.263395309448242,
      "low_freq": 392.3793640136719,
      "mid_mean": -22.856122970581055,
      "mid_to_side_loudness": -6.659373760223389,
      "mid_to_side_loudness_range": 9.286776542663574,
      "side_mean": -29.903566360473633
    },
    {
      "high_freq": 1457.5709228515625,
      "loudness": -31.912031173706055,
      "loudness_range": 15.916440963745117,
      "low_freq": 794.6976318359375,
      "mid_mean": -29.677932739257812,
      "mid_to_side_loudness": -4.873452663421631,
      "mid_to_side_loudness_range": 9.640570640563965,
      "side_mean": -34.56825637817383
    },
    {
      "high_freq": 2549.74365234375,
      "loudness": -31.565868377685547,
      "loudness_range": 15.942237854003906,
      "low_freq": 1457.5709228515625,
      "mid_mean": -29.22746467590332,
      "mid_to_side_loudness": -5.018768310546875,
      "mid_to_side_loudness_range": 8.64339828491211,
      "side_mean": -34.26318359375
    },
    {
      "high_freq": 4349.24462890625,
      "loudness": -31.90070915222168,
      "loudness_range": 16.543487548828125,
      "low_freq": 2549.74365234375,
      "mid_mean": -29.050457000732422,
      "mid_to_side_loudness": -8.211268424987793,
      "mid_to_side_loudness_range": 11.678318977355957,
      "side_mean": -37.32712936401367
    },
    {
      "high_freq": 7314.1640625,
      "loudness": -33.677127838134766,
      "loudness_range": 19.1197509765625,
      "low_freq": 4349.24462890625,
      "mid_mean": -30.5786190032959,
      "mid_to_side_loudness": -9.38023853302002,
      "mid_to_side_loudness_range": 10.7568359375,
      "side_mean": -40.04816436767578
    },
    {
      "high_freq": 12199.2666015625,
      "loudness": -36.34450912475586,
      "loudness_range": 18.277179718017578,
      "low_freq": 7314.1640625,
      "mid_mean": -33.272300720214844,
      "mid_to_side_loudness": -8.76414966583252,
      "mid_to_side_loudness_range": 10.577592849731445,
      "side_mean": -42.222164154052734
    },
    {
      "loudness": -44.499847412109375,
      "loudness_range": 19.600353240966797,
      "low_freq": 12199.2666015625,
      "mid_mean": -41.32421875,
      "mid_to_side_loudness": -10.464896202087402,
      "mid_to_side_loudness_range": 13.855417251586914,
      "side_mean": -51.689491271972656
    }
  ],
  "bands_short": [
    {
      "high_freq": 148.1999969482422,
      "loudness": -27.01578140258789,
      "loudness_range": 16.26192855834961,
      "mid_mean": -23.54037857055664,
      "mid_to_side_loudness": -15.796025276184082,
      "mid_to_side_loudness_range": 18.96501922607422,
      "side_mean": -39.701568603515625
    },
    {
      "high_freq": 392.3793640136719,
      "loudness": -21.19558334350586,
      "loudness_range": 9.255845069885254,
      "low_freq": 148.1999969482422,
      "mid_mean": -18.23635482788086,
      "mid_to_side_loudness": -8.49886417388916,
      "mid_to_side_loudness_range": 11.423296928405762,
      "side_mean": -26.89362144470215
    },
    {
      "high_freq": 794.6976318359375,
      "loudness": -26.30236053466797,
      "loudness_range": 18.16950798034668,
      "low_freq": 392.3793640136719,
      "mid_mean": -23.742874145507812,
      "mid_to_side_loudness": -6.306610107421875,
      "mid_to_side_loudness_range": 12.652030944824219,
      "side_mean": -30.435068130493164
    },
    {
      "high_freq": 1457.5709228515625,
      "loudness": -32.50706100463867,
      "loudness_range": 17.788806915283203,
      "low_freq": 794.6976318359375,
      "mid_mean": -30.505542755126953,
      "mid_to_side_loudness": -4.376039028167725,
      "mid_to_side_loudness_range": 11.687463760375977,
      "side_mean": -34.88760757446289
    },
    {
      "high_freq": 2549.74365234375,
      "loudness": -32.94625473022461,
      "loudness_range": 18.491506576538086,
      "low_freq": 1457.5709228515625,
      "mid_mean": -30.97930908203125,
      "mid_to_side_loudness": -4.09094762802124,
      "mid_to_side_loudness_range": 10.68986701965332,
      "side_mean": -35.0787353515625
    },
    {
      "high_freq": 4349.24462890625,
      "loudness": -33.790897369384766,
      "loudness_range": 20.180240631103516,
      "low_freq": 2549.74365234375,
      "mid_mean": -31.30782127380371,
      "mid_to_side_loudness": -6.67022705078125,
      "mid_to_side_loudness_range": 13.076135635375977,
      "side_mean": -38.01251220703125
    },
    {
      "high_freq": 7314.1640625,
      "loudness": -36.18510437011719,
      "loudness_range": 23.68779945373535,
      "low_freq": 4349.24462890625,
      "mid_mean": -33.410400390625,
      "mid_to_side_loudness": -7.773278713226318,
      "mid_to_side_loudness_range": 12.702005386352539,
      "side_mean": -41.26667404174805
    },
    {
      "high_freq": 12199.2666015625,
      "loudness": -39.396358489990234,
      "loudness_range": 24.152790069580078,
      "low_freq": 7314.1640625,
      "mid_mean": -36.56449890136719,
      "mid_to_side_loudness": -7.802374362945557,
      "mid_to_side_loudness_range": 12.37149429321289,
      "side_mean": -44.45348358154297
    },
    {
      "loudness": -47.471923828125,
      "loudness_range": 24.21103286743164,
      "low_freq": 12199.2666015625,
      "mid_mean": -44.361717224121094,
      "mid_to_side_loudness": -10.145283699035645,
      "mid_to_side_loudness_range": 15.332326889038086,
      "side_mean": -54.28202819824219
    }
  ],
  "channels": 2,
  "covariance": [
    [
      14.291234970092773,
      5.909430980682373,
      1.8272714614868164,
      2.3781280517578125,
      3.520418405532837,
      3.026160478591919,
      3.2737886905670166,
      1.7061066627502441,
      2.794083833694458,
      2.236257314682007,
      0.7801482081413269,
      0.5141687393188477,
      1.7643507719039917,
      1.0320181846618652,
      1.5089366436004639,
      1.3249642848968506,
      1.11301851272583,
      0.6126394867897034
    ],
    [
      5.909430980682373,
      15.85287857055664,
      2.0321314334869385,
      4.143051624298096,
      6.9189019203186035,
      5.839265823364258,
      4.518085479736328,
      2.9173333644866943,
      5.039849758148193,
      3.027996063232422,
      4.294394493103027,
      1.103798508644104,
      8.905115127563477,
      4.679640293121338,
      8.822973251342773,
      5.6677398681640625,
      7.536482334136963,
      2.662031888961792
    ],
    [
      1.8272714614868164,
      2.0321314334869385,
      8.915913581848145,
      5.473062038421631,
      5.62176513671875,
      5.022982120513916,
      4.085383415222168,
      2.6791279315948486,
      6.34768533706665,
      3.532539129257202,
      8.071800231933594,
      3.8829267024993896,
      8.016571044921875,
      4.712873458862305,
      6.225966930389404,
      3.849226713180542,
      7.201834201812744,
      3.372020959854126
    ],
    [
      2.3781280517578125,
      4.143051624298096,
      5.473062038421631,
      10.541519165039062,
      6.851059436798096,
      7.224760055541992,
      5.15927267074585,
      5.019540786743164,
      6.156321048736572,
      5.272927761077881,
      5.130423069000244,
      3.7184996604919434,
      7.794500827789307,
      5.546987533569336,
      7.3703389167785645,
      5.717919826507568,
      7.24437952041626,
      4.362040042877197
    ],
    [
      3.520418405532837,
      6.9189019203186035,
      5.62176513671875,
      6.851059436798096,
      35.14547348022461,
      23.335939407348633,
      21.447925567626953,
      11.212525367736816,
      19.871362686157227,
      11.582260131835938,
      20.71043586730957,
      8.250435829162598,
      24.595703125,
      13.624180793762207,
      18.65128517150879,
      10.60775089263916,
      19.094619750976562,
      6.394737720489502
    ],
    [
      3.026160478591919,
      5.839265823364258,
      5.022982120513916,
      7.224760055541992,
      23.335939407348633,
      25.7171573638916,
      17.5863094329834,
      11.478551864624023,
      15.66956615447998,
      10.492863655090332,
      15.111734390258789,
      6.904273986816406,
      19.451662063598633,
      11.502079010009766,
      15.937131881713867,
      9.442765235900879,
      16.477678298950195,
      6.194754600524902
    ],
    [
      3.2737886905670166,
      4.518085479736328,
      4.085383415222168,
      5.15927267074585,
      21.447925567626953,
      17.5863094329834,
      34.5882453918457,
      19.691913604736328,
      21.01827049255371,
      14.668890953063965,
      19.154550552368164,
      10.068532943725586,
      20.884082794189453,
      12.46135139465332,
      14.623991012573242,
      9.291131973266602,
      16.220539093017578,
      7.663590908050537
    ],
    [
      1.7061066627502441,
      2.9173333644866943,
      2.6791279315948486,
      5.019540786743164,
      11.212525367736816,
      11.478551864624023,
      19.691913604736328,
      16.892166137695312,
      13.951363563537598,
      12.629359245300293,
      11.20767593383789,
      9.176790237426758,
      12.293067932128906,
      9.642660140991211,
      8.9888277053833,
      7.290641784667969,
      10.541744232177734,
      7.021340847015381
    ],
    [
      2.794083833694458,
      5.039849758148193,
      6.34768533706665,
      6.156321048736572,
      19.871362686157227,
      15.66956615447998,
      21.01827049255371,
      13.951363563537598,
      34.1120719909668,
      21.640554428100586,
      29.297765731811523,
      16.312681198120117,
      30.6463623046875,
      18.938827514648438,
      22.534515380859375,
      14.434964179992676,
      24.73542022705078,
      13.93498706817627
    ],
    [
      2.236257314682007,
      3.027996063232422,
      3.532539129257202,
      5.272927761077881,
      11.582260131835938,
      10.492863655090332,
      14.668890953063965,
      12.629359245300293,
      21.640554428100586,
      18.73849868774414,
      16.018491744995117,
      12.723597526550293,
      16.468116760253906,
      12.785537719726562,
      11.882816314697266,
      9.476035118103027,
      14.007417678833008,
      9.804600715637207
    ],
    [
      0.7801482081413269,
      4.294394493103027,
      8.071800231933594,
      5.130423069000244,
      20.71043586730957,
      15.111734390258789,
      19.154550552368164,
      11.20767593383789,
      29.297765731811523,
      16.018491744995117,
      40.39570236206055,
      19.71858024597168,
      37.295692443847656,
      22.078874588012695,
      26.471017837524414,
      16.663040161132812,
      26.740360260009766,
      15.375455856323242
    ],
    [
      0.5141687393188477,
      1.103798508644104,
      3.8829267024993896,
      3.7184996604919434,
      8.250435829162598,
      6.904273986816406,
      10.068532943725586,
      9.176790237426758,
      16.312681198120117,
      12.723597526550293,
      19.71858024597168,
      16.379426956176758,
      16.128116607666016,
      12.931536674499512,
      10.09296989440918,
      8.534268379211426,
      11.970490455627441,
      9.232148170471191
    ],
    [
      1.7643507719039917,
      8.905115127563477,
      8.016571044921875,
      7.794500827789307,
      24.595703125,
      19.451662063598633,
      20.884082794189453,
      12.293067932128906,
      30.6463623046875,
      16.468116760253906,
      37.295692443847656,
      16.128116607666016,
      51.389156341552734,
      29.667766571044922,
      42.40502166748047,
      26.88851547241211,
      41.71379470825195,
      22.66777992248535
    ],
    [
      1.0320181846618652,
      4.679640293121338,
      4.712873458862305,
      5.546987533569336,
      13.624180793762207,
      11.502079010009766,
      12.46135139465332,
      9.642660140991211,
      18.938827514648438,
      12.785537719726562,
      22.078874588012695,
      12.931536674499512,
      29.667766571044922,
      21.420684814453125,
      25.1940975189209,
      19.46868896484375,
      25.73157501220703,
      17.4320068359375
    ],
    [
      1.5089366436004639,
      8.822973251342773,
      6.225966930389404,
      7.3703389167785645,
      18.65128517150879,
      15.937131881713867,
      14.623991012573242,
      8.9888277053833,
      22.534515380859375,
      11.882816314697266,
      26.471017837524414,
      10.09296989440918,
      42.40502166748047,
      25.1940975189209,
      46.3029899597168,
      29.67474365234375,
      42.513023376464844,
      24.671966552734375
    ],
    [
      1.3249642848968506,
      5.6677398681640625,
      3.849226713180542,
      5.717919826507568,
      10.60775089263916,
      9.442765235900879,
      9.291131973266602,
      7.290641784667969,
      14.434964179992676,
      9.476035118103027,
      16.663040161132812,
      8.534268379211426,
      26.88851547241211,
      19.46868896484375,
      29.67474365234375,
      26.167396545410156,
      28.6733455657959,
      22.4598388671875
    ],
    [
      1.11301851272583,
      7.536482334136963,
      7.201834201812744,
      7.24437952041626,
      19.094619750976562,
      16.477678298950195,
      16.220539093017578,
      10.541744232177734,
      24.73542022705078,
      14.007417678833008,
      26.740360260009766,
      11.970490455627441,
      41.71379470825195,
      25.73157501220703,
      42.513023376464844,
      28.6733455657959,
      49.6382942199707,
      27.934362411499023
    ],
    [
      0.6126394867897034,
      2.662031888961792,
      3.372020959854126,
      4.362040042877197,
      6.394737720489502,
      6.194754600524902,
      7.663590908050537,
      7.021340847015381,
      13.93498706817627,
      9.804600715637207,
      15.375455856323242,
      9.232148170471191,
      22.66777992248535,
      17.4320068359375,
      24.671966552734375,
      22.4598388671875,
      27.934362411499023,
      25.41019630432129
    ]
  ],
  "covariance_short": [
    [
      33.84906768798828,
      7.572384357452393,
      3.3467113971710205,
      3.4244909286499023,
      3.9700140953063965,
      3.207840919494629,
      4.753076553344727,
      2.546346426010132,
      3.841881036758423,
      3.178799629211426,
      1.8698797225952148,
      1.0656232833862305,
      1.889793038368225,
      0.8856903314590454,
      2.762291669845581,
      2.957319498062134,
      1.5842143297195435,
      3.205557107925415
    ],
    [
      7.572384357452393,
      21.845359802246094,
      2.940507411956787,
      4.653904914855957,
      5.807511806488037,
      5.6694183349609375,
      4.452496528625488,
      2.1735854148864746,
      4.036083698272705,
      2.4385173320770264,
      2.922091245651245,
      0.3297450840473175,
      7.102346897125244,
      3.790902853012085,
      7.521762371063232,
      5.153495788574219,
      5.947523593902588,
      2.946791172027588
    ],
    [
      3.3467113971710205,
      2.940507411956787,
      12.521411895751953,
      5.80206298828125,
      8.011815071105957,
      5.5281171798706055,
      5.422587871551514,
      3.0522372722625732,
      7.746098041534424,
      3.825434684753418,
      9.970295906066895,
      4.5479536056518555,
      9.137720108032227,
      5.12809419631958,
      7.255414962768555,
      4.8929901123046875,
      7.567393779754639,
      4.07095193862915
    ],
    [
      3.4244909286499023,
      4.653904914855957,
      5.80206298828125,
      14.270206451416016,
      8.495257377624512,
      9.199135780334473,
      6.84117317199707,
      6.64486026763916,
      6.984114646911621,
      6.456323623657227,
      6.212118148803711,
      5.3254265785217285,
      8.52590560913086,
      7.057885646820068,
      8.77481746673584,
      7.550402641296387,
      7.650300025939941,
      5.381577014923096
    ],
    [
      3.9700140953063965,
      5.807511806488037,
      8.011815071105957,
      8.495257377624512,
      45.73828125,
      26.301095962524414,
      26.4454345703125,
      13.233549118041992,
      27.461774826049805,
      15.191649436950684,
      30.052303314208984,
      12.5594482421875,
      33.00025177001953,
      18.335039138793945,
      26.98476219177246,
      16.32940673828125,
      23.668262481689453,
      10.76491928100586
    ],
    [
      3.207840919494629,
      5.6694183349609375,
      5.5281171798706055,
      9.199135780334473,
      26.301095962524414,
      31.466691970825195,
      19.84888458251953,
      13.300131797790527,
      19.104801177978516,
      13.47750473022461,
      18.987789154052734,
      10.463081359863281,
      23.134140014648438,
      14.713504791259766,
      20.08500099182129,
      12.946757316589355,
      18.68194580078125,
      8.553671836853027
    ],
    [
      4.753076553344727,
      4.452496528625488,
      5.422587871551514,
      6.84117317199707,
      26.4454345703125,
      19.84888458251953,
      42.27816390991211,
      23.03868293762207,
      27.977685928344727,
      18.773221969604492,
      27.824254989624023,
      14.752391815185547,
      29.138769149780273,
      17.121456146240234,
      22.654895782470703,
      14.483037948608398,
      20.8739013671875,
      11.161376953125
    ],
    [
      2.546346426010132,
      2.1735854148864746,
      3.0522372722625732,
      6.64486026763916,
      13.233549118041992,
      13.300131797790527,
      23.03868293762207,
      21.62788963317871,
      17.007471084594727,
      15.457145690917969,
      14.699195861816406,
      12.336884498596191,
      15.450041770935059,
      12.728246688842773,
      12.802608489990234,
      10.776664733886719,
      12.328981399536133,
      8.965003967285156
    ],
    [
      3.841881036758423,
      4.036083698272705,
      7.746098041534424,
      6.984114646911621,
      27.461774826049805,
      19.104801177978516,
      27.977685928344727,
      17.007471084594727,
      44.75141143798828,
      27.028173446655273,
      40.17536926269531,
      21.987224578857422,
      40.49706268310547,
      24.529560089111328,
      31.670574188232422,
      20.61654281616211,
      29.19563865661621,
      17.342050552368164
    ],
    [
      3.178799629211426,
      2.4385173320770264,
      3.825434684753418,
      6.456323623657227,
      15.191649436950684,
      13.47750473022461,
      18.773221969604492,
      15.457145690917969,
      27.028173446655273,
      24.54319190979004,
      21.898780822753906,
      17.220233917236328,
      22.186038970947266,
      17.394886016845703,
      17.888351440429688,
      14.539045333862305,
      17.106645584106445,
      12.731459617614746
    ],
    [
      1.8698797225952148,
      2.922091245651245,
      9.970295906066895,
      6.212118148803711,
      30.052303314208984,
      18.987789154052734,
      27.824254989624023,
      14.699195861816406,
      40.17536926269531,
      21.898780822753906,
      55.23444747924805,
      26.944385528564453,
      50.15076446533203,
      28.876585006713867,
      37.83802795410156,
      23.227031707763672,
      34.56455612182617,
      19.277517318725586
    ],
    [
      1.0656232833862305,
      0.3297450840473175,
      4.5479536056518555,
      5.3254265785217285,
      12.5594482421875,
      10.463081359863281,
      14.752391815185547,
      12.336884498596191,
      21.987224578857422,
      17.220233917236328,
      26.944385528564453,
      22.75857162475586,
      23.48940086364746,
      18.842670440673828,
      17.802001953125,
      14.8007173538208,
      17.108806610107422,
      13.40625286102295
    ],
    [
      1.889793038368225,
      7.102346897125244,
      9.137720108032227,
      8.52590560913086,
      33.00025177001953,
      23.134140014648438,
      29.138769149780273,
      15.450041770935059,
      40.49706268310547,
      22.186038970947266,
      50.15076446533203,
      23.48940086364746,
      71.8439712524414,
      40.9987907409668,
      62.991729736328125,
      39.5856819152832,
      56.872230529785156,
      32.1870002746582
    ],
    [
      0.8856903314590454,
      3.790902853012085,
      5.12809419631958,
      7.057885646820068,
      18.335039138793945,
      14.713504791259766,
      17.121456146240234,
      12.728246688842773,
      24.529560089111328,
      17.394886016845703,
      28.876585006713867,
      18.842670440673828,
      40.9987907409668,
      31.685718536376953,
      38.218109130859375,
      30.71534538269043,
      34.565101623535156,
      25.671430587768555
    ],
    [
      2.762291669845581,
      7.521762371063232,
      7.255414962768555,
      8.77481746673584,
      26.98476219177246,
      20.08500099182129,
      22.654895782470703,
      12.802608489990234,
      31.670574188232422,
      17.888351440429688,
      37.83802795410156,
      17.802001953125,
      62.991729736328125,
      38.218109130859375,
      72.5056381225586,
      48.147621154785156,
      62.34410095214844,
      40.09706115722656
    ],
    [
      2.957319498062134,
      5.153495788574219,
      4.8929901123046875,
      7.550402641296387,
      16.32940673828125,
      12.946757316589355,
      14.483037948608398,
      10.776664733886719,
      20.61654281616211,
      14.539045333862305,
      23.227031707763672,
      14.8007173538208,
      39.5856819152832,
      30.71534538269043,
      48.147621154785156,
      43.3298225402832,
      41.97906494140625,
      37.06520080566406
    ],
    [
      1.5842143297195435,
      5.947523593902588,
      7.567393779754639,
      7.650300025939941,
      23.668262481689453,
      18.68194580078125,
      20.8739013671875,
      12.328981399536133,
      29.19563865661621,
      17.106645584106445,
      34.56455612182617,
      17.108806610107422,
      56.872230529785156,
      34.565101623535156,
      62.34410095214844,
      41.97906494140625,
      66.65213012695312,
      39.58580780029297
    ],
    [
      3.205557107925415,
      2.946791172027588,
      4.07095193862915,
      5.381577014923096,
      10.76491928100586,
      8.553671836853027,
      11.161376953125,
      8.965003967285156,
      17.342050552368164,
      12.731459617614746,
      19.277517318725586,
      13.40625286102295,
      32.1870002746582,
      25.671430587768555,
      40.09706115722656,
      37.06520080566406,
      39.58580780029297,
      39.4472770690918
    ]
  ],
  "drr": 13.87558364868164,
  "dynamics": 2.8848326206207275,
  "format": 1245190,
  "frames": 11362304,
  "loudness": -13.407352447509766,
  "loudness_range": 7.561437606811523,
  "loudness_range_short": 10.146122932434082,
  "peak": 0.011092816479504108,
  "rms": -14.84779167175293,
  "sample_rate": 44100,
  "sections": 1,
  "seekable": 1,
  "sharpness": 2.5722856521606445,
  "space": -8.94206428527832
}