{
  "bands": [
    {
      "high_freq": 148.1999969482422,
      "loudness": -39.823219299316406,
      "loudness_range": 23.74912452697754,
      "mid_mean": -36.11442947387695,
      "mid_to_side_loudness": -71.3761978149414,
      "mid_to_side_loudness_range": 75.94174194335938,
      "side_mean": -70
    },
    {
      "high_freq": 392.3793640136719,
      "loudness": -28.088897705078125,
      "loudness_range": 18.74970245361328,
      "low_freq": 148.1999969482422,
      "mid_mean": -24.393348693847656,
      "mid_to_side_loudness": 0,
      "mid_to_side_loudness_range": 0,
      "side_mean": -70
    },
    {
      "high_freq": 794.6976318359375,
      "loudness": -30.342077255249023,
      "loudness_range": 23.554710388183594,
      "low_freq": 392.3793640136719,
      "mid_mean": -26.639724731445312,
      "mid_to_side_loudness": 0,
      "mid_to_side_loudness_range": 0,
      "side_mean": -70
    },
    {
      "high_freq": 1457.5709228515625,
      "loudness": -38.358985900878906,
      "loudness_range": 24.244596481323242,
      "low_freq": 794.6976318359375,
      "mid_mean": -34.689247131347656,
      "mid_to_side_loudness": 0,
      "mid_to_side_loudness_range": 0,
      "side_mean": -70
    },
    {
      "high_freq": 2549.74365234375,
      "loudness": -46.75911331176758,
      "loudness_range": 27.490467071533203,
      "low_freq": 1457.5709228515625,
      "mid_mean": -43.076297760009766,
      "mid_to_side_loudness": 0,
      "mid_to_side_loudness_range": 0,
      "side_mean": -70
    },
    {
      "high_freq": 4349.24462890625,
      "loudness": -49.67863082885742,
      "loudness_range": 26.841007232666016,
      "low_freq": 2549.74365234375,
      "mid_mean": -46.05019760131836,
      "mid_to_side_loudness": 0,
      "mid_to_side_loudness_range": 0,
      "side_mean": -70
    },
    {
      "high_freq": 7314.1640625,
      "loudness": -53.2779426574707,
      "loudness_range": 26.778553009033203,
      "low_freq": 4349.24462890625,
      "mid_mean": -49.637691497802734,
      "mid_to_side_loudness": -55.14646530151367,
      "mid_to_side_loudness_range": 54.7725715637207,
      "side_mean": -69.9999771118164
    },
    {
      "high_freq": 12199.2666015625,
      "loudness": -62.513954162597656,
      "loudness_range": 23.43697738647461,
      "low_freq": 7314.1640625,
      "mid_mean": -57.94422912597656,
      "mid_to_side_loudness": -41.59552001953125,
      "mid_to_side_loudness_range": 40.782962799072266,
      "side_mean": -69.99996948242188
    },
    {
      "loudness": -64.3236083984375,
      "loudness_range": 15.836166381835938,
      "low_freq": 12199.2666015625,
      "mid_mean": -59.87075424194336,
      "mid_to_side_loudness": -37.033233642578125,
      "mid_to_side_loudness_range": 37.00458908081055,
      "side_mean": -69.99998474121094
    }
  ],
  "bands_short": [
    {
      "high_freq": 148.1999969482422,
      "loudness": -43.191261291503906,
      "loudness_range": 25.67032814025879,
      "mid_mean": -39.474483489990234,
      "mid_to_side_loudness": -61.96119689941406,
      "mid_to_side_loudness_range": 17.16012954711914,
      "side_mean": -70
    },
    {
      "high_freq": 392.3793640136719,
      "loudness": -28.63772964477539,
      "loudness_range": 20.01559829711914,
      "low_freq": 148.1999969482422,
      "mid_mean": -24.94031524658203,
      "mid_to_side_loudness": 0,
      "mid_to_side_loudness_range": 0,
      "side_mean": -70
    },
    {
      "high_freq": 794.6976318359375,
      "loudness": -31.01080894470215,
      "loudness_range": 25.00708770751953,
      "low_freq": 392.3793640136719,
      "mid_mean": -27.310739517211914,
      "mid_to_side_loudness": 0,
      "mid_to_side_loudness_range": 0,
      "side_mean": -70
    },
    {
      "high_freq": 1457.5709228515625,
      "loudness": -38.81221008300781,
      "loudness_range": 25.30987548828125,
      "low_freq": 794.6976318359375,
      "mid_mean": -35.13243865966797,
      "mid_to_side_loudness": 0,
      "mid_to_side_loudness_range": 0,
      "side_mean": -70
    },
    {
      "high_freq": 2549.74365234375,
      "loudness": -47.71811294555664,
      "loudness_range": 28.25960922241211,
      "low_freq": 1457.5709228515625,
      "mid_mean": -44.1301155090332,
      "mid_to_side_loudness": 0,
      "mid_to_side_loudness_range": 0,
      "side_mean": -70
    },
    {
      "high_freq": 4349.24462890625,
      "loudness": -50.51483917236328,
      "loudness_range": 27.45806884765625,
      "low_freq": 2549.74365234375,
      "mid_mean": -46.824859619140625,
      "mid_to_side_loudness": 0,
      "mid_to_side_loudness_range": 0,
      "side_mean": -70
    },
    {
      "high_freq": 7314.1640625,
      "loudness": -54.071739196777344,
      "loudness_range": 27.324691772460938,
      "low_freq": 4349.24462890625,
      "mid_mean": -50.35129928588867,
      "mid_to_side_loudness": -51.56045913696289,
      "mid_to_side_loudness_range": 54.95706558227539,
      "side_mean": -69.9999771118164
    },
    {
      "high_freq": 12199.2666015625,
      "loudness": -63.25706481933594,
      "loudness_range": 23.51739501953125,
      "low_freq": 7314.1640625,
      "mid_mean": -58.60811996459961,
      "mid_to_side_loudness": -34.878726959228516,
      "mid_to_side_loudness_range": 40.641998291015625,
      "side_mean": -69.99996948242188
    },
    {
      "loudness": -65.03407287597656,
      "loudness_range": 15.675052642822266,
      "low_freq": 12199.2666015625,
      "mid_mean": -60.49824523925781,
      "mid_to_side_loudness": -33.311241149902344,
      "mid_to_side_loudness_range": 36.31278991699219,
      "side_mean": -69.99998474121094
    }
  ],
  "channels": 2,
  "covariance": [
    [
      64.90447235107422,
      -1.7765704569683294e-06,
      29.43252182006836,
      0,
      27.53557014465332,
      0,
      20.40056037902832,
      0,
      21.92630386352539,
      0,
      24.7126522064209,
      0,
      26.655086517333984,
      -0.00027710903668776155,
      19.913833618164062,
      -0.0004290450888220221,
      14.322083473205566,
      -0.00017175752145703882
    ],
    [
      -1.7765704569683294e-06,
      1.2091446767448222e-11,
      -2.9488961672541336e-07,
      0,
      -1.3052463145868387e-06,
      0,
      4.1186532939718745e-07,
      0,
      -3.7115790973984986e-07,
      0,
      -1.4747819250260363e-06,
      0,
      -1.6775007907199324e-06,
      -3.2689085813220053e-12,
      -1.0301030215487117e-06,
      -4.358544775096007e-12,
      -4.783182703249622e-07,
      -2.1792723875480036e-12
    ],
    [
      29.43252182006836,
      -2.9488961672541336e-07,
      51.170955657958984,
      0,
      39.83286666870117,
      0,
      30.19972801208496,
      0,
      26.1997127532959,
      0,
      17.646331787109375,
      0,
      16.43968963623047,
      -8.205864807098173e-12,
      12.085518836975098,
      -1.0941153365251477e-11,
      9.125144004821777,
      -5.4705766826257385e-12
    ],
    [
      0,
      0,
      0,
      0,
      0,
      0,
      0,
      0,
      0,
      0,
      0,
      0,
      0,
      0,
      0,
      0,
      0,
      0
    ],
    [
      27.53557014465332,
      -1.3052463145868387e-06,
      39.83286666870117,
      0,
      68.27605438232422,
      0,
      44.175106048583984,
      0,
      45.8275032043457,
      0,
      33.03730010986328,
      0,
      27.019071578979492,
      -0.00024964791373349726,
      20.790651321411133,
      -0.0003865243343170732,
      13.197038650512695,
      -0.00015473627718165517
    ],
    [
      0,
      0,
      0,
      0,
      0,
      0,
      0,
      0,
      0,
      0,
      0,
      0,
      0,
      0,
      0,
      0,
      0,
      0
    ],
    [
      20.40056037902832,
      4.1186532939718745e-07,
      30.19972801208496,
      0,
      44.175106048583984,
      0,
      68.52161407470703,
      0,
      63.39919662475586,
      0,
      50.11652374267578,
      0,
      43.81801223754883,
      7.069791172398254e-05,
      33.70280838012695,
      0.00010946780093945563,
      17.59709358215332,
      4.381506369099952e-05
    ],
    [
      0,
      0,
      0,
      0,
      0,
      0,
      0,
      0,
      0,
      0,
      0,
      0,
      0,
      0,
      0,
      0,
      0,
      0
    ],
    [
      21.92630386352539,
      -3.7115790973984986e-07,
      26.1997127532959,
      0,
      45.8275032043457,
      0,
      63.39919662475586,
      0,
      83.95333099365234,
      0,
      65.82256317138672,
      0,
      57.877952575683594,
      0.0002192501415265724,
      43.921295166015625,
      0.0003394713276065886,
      21.794946670532227,
      0.0001358946756226942
    ],
    [
      0,
      0,
      0,
      0,
      0,
      0,
      0,
      0,
      0,
      0,
      0,
      0,
      0,
      0,
      0,
      0,
      0,
      0
    ],
    [
      24.7126522064209,
      -1.4747819250260363e-06,
      17.646331787109375,
      0,
      33.03730010986328,
      0,
      50.11652374267578,
      0,
      65.82256317138672,
      0,
      76.74848175048828,
      0,
      72.4058609008789,
      0.00020724290516227484,
      54.86625289916992,
      0.0003208738926332444,
      30.026744842529297,
      0.000128451400087215
    ],
    [
      0,
      0,
      0,
      0,
      0,
      0,
      0,
      0,
      0,
      0,
      0,
      0,
      0,
      0,
      0,
      0,
      0,
      0
    ],
    [
      26.655086517333984,
      -1.6775007907199324e-06,
      16.43968963623047,
      0,
      27.019071578979492,
      0,
      43.81801223754883,
      0,
      57.877952575683594,
      0,
      72.4058609008789,
      0,
      74.03323364257812,
      0.00018738930521067232,
      56.192691802978516,
      0.00029012461891397834,
      31.25736427307129,
      0.00011614753748290241
    ],
    [
      -0.00027710903668776155,
      -3.2689085813220053e-12,
      -8.205864807098173e-12,
      0,
      -0.00024964791373349726,
      0,
      7.069791172398254e-05,
      0,
      0.0002192501415265724,
      0,
      0.00020724290516227484,
      0,
      0.00018738930521067232,
      5.040255928179249e-07,
      0.00010364974878029898,
      7.801634751558595e-07,
      -9.528269401926082e-06,
      3.1241339115695155e-07
    ],
    [
      19.913833618164062,
      -1.0301030215487117e-06,
      12.085518836975098,
      0,
      20.790651321411133,
      0,
      33.70280838012695,
      0,
      43.921295166015625,
      0,
      54.86625289916992,
      0,
      56.192691802978516,
      0.00010364974878029898,
      45.26988220214844,
      0.00016048787801992148,
      27.089128494262695,
      6.4241758082062e-05
    ],
    [
      -0.0004290450888220221,
      -4.358544775096007e-12,
      -1.0941153365251477e-11,
      0,
      -0.0003865243343170732,
      0,
      0.00010946780093945563,
      0,
      0.0003394713276065886,
      0,
      0.0003208738926332444,
      0,
      0.00029012461891397834,
      7.801634751558595e-07,
      0.00016048787801992148,
      1.2076120583515149e-06,
      -1.4756312339159194e-05,
      4.835683853343653e-07
    ],
    [
      14.322083473205566,
      -4.783182703249622e-07,
      9.125144004821777,
      0,
      13.197038650512695,
      0,
      17.59709358215332,
      0,
      21.794946670532227,
      0,
      30.026744842529297,
      0,
      31.25736427307129,
      -9.528269401926082e-06,
      27.089128494262695,
      -1.4756312339159194e-05,
      25.031606674194336,
      -5.905557372898329e-06
    ],
    [
      -0.00017175752145703882,
      -2.1792723875480036e-12,
      -5.4705766826257385e-12,
      0,
      -0.00015473627718165517,
      0,
      4.381506369099952e-05,
      0,
      0.0001358946756226942,
      0,
      0.000128451400087215,
      0,
      0.00011614753748290241,
      3.1241339115695155e-07,
      6.4241758082062e-05,
      4.835683853343653e-07,
      -5.905557372898329e-06,
      1.9364637182661681e-07
    ]
  ],
  "covariance_short": [
    [
      75.7224349975586,
      -2.5880785869958345e-06,
      26.4346981048584,
      0,
      23.536352157592773,
      0,
      17.843585968017578,
      0,
      18.91166877746582,
      0,
      21.646745681762695,
      0,
      22.753019332885742,
      -0.0002659910242073238,
      16.468120574951172,
      -0.00040979142067953944,
      10.836703300476074,
      -0.00016544543905183673
    ],
    [
      -2.5880785869958345e-06,
      7.693635312167046e-11,
      -1.162526700682065e-06,
      0,
      -1.7376084997522412e-06,
      0,
      5.690195621355087e-07,
      0,
      -1.4526634686262696e-06,
      0,
      -1.935864702318213e-06,
      0,
      -2.311611979166628e-06,
      -4.7041463606400935e-12,
      -1.253229811482015e-06,
      -6.272195436640704e-12,
      -5.195175845074118e-07,
      -3.136097718320352e-12
    ],
    [
      26.4346981048584,
      -1.162526700682065e-06,
      53.66133499145508,
      0,
      41.6523323059082,
      0,
      35.5690803527832,
      0,
      33.024078369140625,
      0,
      21.192190170288086,
      0,
      18.18410873413086,
      -6.495043635368347e-05,
      12.928184509277344,
      -0.00010007961827795953,
      8.220978736877441,
      -4.038671977468766e-05
    ],
    [
      0,
      0,
      0,
      0,
      0,
      0,
      0,
      0,
      0,
      0,
      0,
      0,
      0,
      0,
      0,
      0,
      0,
      0
    ],
    [
      23.536352157592773,
      -1.7376084997522412e-06,
      41.6523323059082,
      0,
      72.9150390625,
      0,
      47.047733306884766,
      0,
      48.06871032714844,
      0,
      30.177087783813477,
      0,
      22.510318756103516,
      -0.00021855428349226713,
      16.632251739501953,
      -0.00033684945083223283,
      9.815943717956543,
      -0.00013589594163931906
    ],
    [
      0,
      0,
      0,
      0,
      0,
      0,
      0,
      0,
      0,
      0,
      0,
      0,
      0,
      0,
      0,
      0,
      0,
      0
    ],
    [
      17.843585968017578,
      5.690195621355087e-07,
      35.5690803527832,
      0,
      47.047733306884766,
      0,
      73.87972259521484,
      0,
      64.85911560058594,
      0,
      48.01963424682617,
      0,
      39.49745559692383,
      5.8607500250218436e-05,
      29.635591506958008,
      9.021769801620394e-05,
      15.030585289001465,
      3.6467496101977304e-05
    ],
    [
      0,
      0,
      0,
      0,
      0,
      0,
      0,
      0,
      0,
      0,
      0,
      0,
      0,
      0,
      0,
      0,
      0,
      0
    ],
    [
      18.91166877746582,
      -1.4526634686262696e-06,
      33.024078369140625,
      0,
      48.06871032714844,
      0,
      64.85911560058594,
      0,
      88.64539337158203,
      0,
      65.69171142578125,
      0,
      55.59539794921875,
      0.00025838991859927773,
      41.04301071166992,
      0.0003980634792242199,
      19.41466522216797,
      0.00016072152357082814
    ],
    [
      0,
      0,
      0,
      0,
      0,
      0,
      0,
      0,
      0,
      0,
      0,
      0,
      0,
      0,
      0,
      0,
      0,
      0
    ],
    [
      21.646745681762695,
      -1.935864702318213e-06,
      21.192190170288086,
      0,
      30.177087783813477,
      0,
      48.01963424682617,
      0,
      65.69171142578125,
      0,
      77.22945404052734,
      0,
      70.71068572998047,
      0.0002474317734595388,
      52.617225646972656,
      0.0003812185605056584,
      27.93834686279297,
      0.00015389347390737385
    ],
    [
      0,
      0,
      0,
      0,
      0,
      0,
      0,
      0,
      0,
      0,
      0,
      0,
      0,
      0,
      0,
      0,
      0,
      0
    ],
    [
      22.753019332885742,
      -2.311611979166628e-06,
      18.18410873413086,
      0,
      22.510318756103516,
      0,
      39.49745559692383,
      0,
      55.59539794921875,
      0,
      70.71068572998047,
      0,
      72.061279296875,
      0.00025114393793046474,
      53.79498291015625,
      0.0003869414213113487,
      28.846038818359375,
      0.0001561963144922629
    ],
    [
      -0.0002659910242073238,
      -4.7041463606400935e-12,
      -6.495043635368347e-05,
      0,
      -0.00021855428349226713,
      0,
      5.8607500250218436e-05,
      0,
      0.00025838991859927773,
      0,
      0.0002474317734595388,
      0,
      0.00025114393793046474,
      2.0214149571984308e-06,
      0.00011802760855061933,
      3.1128381579037523e-06,
      1.9624307242338546e-05,
      1.2577372672240017e-06
    ],
    [
      16.468120574951172,
      -1.253229811482015e-06,
      12.928184509277344,
      0,
      16.632251739501953,
      0,
      29.635591506958008,
      0,
      41.04301071166992,
      0,
      52.617225646972656,
      0,
      53.79498291015625,
      0.00011802760855061933,
      43.992706298828125,
      0.00018180809274781495,
      25.276517868041992,
      7.341490709222853e-05
    ],
    [
      -0.00040979142067953944,
      -6.272195436640704e-12,
      -0.00010007961827795953,
      0,
      -0.00033684945083223283,
      0,
      9.021769801620394e-05,
      0,
      0.0003980634792242199,
      0,
      0.0003812185605056584,
      0,
      0.0003869414213113487,
      3.1128381579037523e-06,
      0.00018180809274781495,
      4.793586413143203e-06,
      3.0215614970074967e-05,
      1.93681989912875e-06
    ],
    [
      10.836703300476074,
      -5.195175845074118e-07,
      8.220978736877441,
      0,
      9.815943717956543,
      0,
      15.030585289001465,
      0,
      19.41466522216797,
      0,
      27.93834686279297,
      0,
      28.846038818359375,
      1.9624307242338546e-05,
      25.276517868041992,
      3.0215614970074967e-05,
      24.10317039489746,
      1.2210404747747816e-05
    ],
    [
      -0.00016544543905183673,
      -3.136097718320352e-12,
      -4.038671977468766e-05,
      0,
      -0.00013589594163931906,
      0,
      3.6467496101977304e-05,
      0,
      0.00016072152357082814,
      0,
      0.00015389347390737385,
      0,
      0.0001561963144922629,
      1.2577372672240017e-06,
      7.341490709222853e-05,
      1.93681989912875e-06,
      1.2210404747747816e-05,
      7.825742613931652e-07
    ]
  ],
  "drr": 12.58737850189209,
  "dynamics": 5.3331804275512695,
  "format": 1245190,
  "frames": 14602240,
  "loudness": -19.904285430908203,
  "loudness_range": 16.263553619384766,
  "loudness_range_short": 18.781009674072266,
  "peak": -1.3271679878234863,
  "rms": -20.029958724975586,
  "sample_rate": 44100,
  "sections": 1,
  "seekable": 1,
  "sharpness": 3.2613213062286377,
  "space": -59.25722122192383
}