{
  "bands": [
    {
      "high_freq": 148.1999969482422,
      "loudness": -20.84606170654297,
      "loudness_range": 6.082906723022461,
      "mid_mean": -17.222728729248047,
      "mid_to_side_loudness": -19.823646545410156,
      "mid_to_side_loudness_range": 12.141791343688965,
      "side_mean": -36.87834167480469
    },
    {
      "high_freq": 392.3793640136719,
      "loudness": -18.960220336914062,
      "loudness_range": 6.066451072692871,
      "low_freq": 148.1999969482422,
      "mid_mean": -15.936671257019043,
      "mid_to_side_loudness": -8.784002304077148,
      "mid_to_side_loudness_range": 8.848402976989746,
      "side_mean": -24.586647033691406
    },
    {
      "high_freq": 794.6976318359375,
      "loudness": -17.479917526245117,
      "loudness_range": 5.029924392700195,
      "low_freq": 392.3793640136719,
      "mid_mean": -14.175390243530273,
      "mid_to_side_loudness": -11.828686714172363,
      "mid_to_side_loudness_range": 10.940105438232422,
      "side_mean": -26.0355281829834
    },
    {
      "high_freq": 1457.5709228515625,
      "loudness": -20.472509384155273,
      "loudness_range": 7.81712532043457,
      "low_freq": 794.6976318359375,
      "mid_mean": -17.276994705200195,
      "mid_to_side_loudness": -10.318926811218262,
      "mid_to_side_loudness_range": 10.818839073181152,
      "side_mean": -27.669950485229492
    },
    {
      "high_freq": 2549.74365234375,
      "loudness": -19.508132934570312,
      "loudness_range": 7.052404403686523,
      "low_freq": 1457.5709228515625,
      "mid_mean": -16.6027774810791,
      "mid_to_side_loudness": -7.733692646026611,
      "mid_to_side_loudness_range": 8.143786430358887,
      "side_mean": -24.359699249267578
    },
    {
      "high_freq": 4349.24462890625,
      "loudness": -19.033397674560547,
      "loudness_range": 5.700818061828613,
      "low_freq": 2549.74365234375,
      "mid_mean": -16.409687042236328,
      "mid_to_side_loudness": -6.234982013702393,
      "mid_to_side_loudness_range": 9.054387092590332,
      "side_mean": -22.70433235168457
    },
    {
      "high_freq": 7314.1640625,
      "loudness": -24.17367172241211,
      "loudness_range": 7.12591552734375,
      "low_freq": 4349.24462890625,
      "mid_mean": -21.270694732666016,
      "mid_to_side_loudness": -8.573305130004883,
      "mid_to_side_loudness_range": 9.397282600402832,
      "side_mean": -29.769420623779297
    },
    {
      "high_freq": 12199.2666015625,
      "loudness": -30.40939712524414,
      "loudness_range": 10.709749221801758,
      "low_freq": 7314.1640625,
      "mid_mean": -26.819272994995117,
      "mid_to_side_loudness": -15.819040298461914,
      "mid_to_side_loudness_range": 8.64431095123291,
      "side_mean": -43.17720031738281
    },
    {
      "loudness": -41.882843017578125,
      "loudness_range": 11.014583587646484,
      "low_freq": 12199.2666015625,
      "mid_mean": -38.353309631347656,
      "mid_to_side_loudness": -14.219239234924316,
      "mid_to_side_loudness_range": 9.002108573913574,
      "side_mean": -53.943389892578125
    }
  ],
  "bands_short": [
    {
      "high_freq": 148.1999969482422,
      "loudness": -24.289011001586914,
      "loudness_range": 11.852624893188477,
      "mid_mean": -20.670276641845703,
      "mid_to_side_loudness": -22.43099021911621,
      "mid_to_side_loudness_range": 18.17353057861328,
      "side_mean": -42.94305419921875
    },
    {
      "high_freq": 392.3793640136719,
      "loudness": -18.39098358154297,
      "loudness_range": 6.92247200012207,
      "low_freq": 148.1999969482422,
      "mid_mean": -15.301478385925293,
      "mid_to_side_loudness": -9.975892066955566,
      "mid_to_side_loudness_range": 12.04647445678711,
      "side_mean": -25.082624435424805
    },
    {
      "high_freq": 794.6976318359375,
      "loudness": -17.868812561035156,
      "loudness_range": 7.5254316329956055,
      "low_freq": 392.3793640136719,
      "mid_mean": -14.627151489257812,
      "mid_to_side_loudness": -11.466267585754395,
      "mid_to_side_loudness_range": 12.956445693969727,
      "side_mean": -26.189462661743164
    },
    {
      "high_freq": 1457.5709228515625,
      "loudness": -20.566753387451172,
      "loudness_range": 9.86851692199707,
      "low_freq": 794.6976318359375,
      "mid_mean": -17.443622589111328,
      "mid_to_side_loudness": -10.426468849182129,
      "mid_to_side_loudness_range": 13.523815155029297,
      "side_mean": -27.926862716674805
    },
    {
      "high_freq": 2549.74365234375,
      "loudness": -19.954408645629883,
      "loudness_range": 8.678899765014648,
      "low_freq": 1457.5709228515625,
      "mid_mean": -17.112918853759766,
      "mid_to_side_loudness": -7.790597915649414,
      "mid_to_side_loudness_range": 10.697282791137695,
      "side_mean": -24.932687759399414
    },
    {
      "high_freq": 4349.24462890625,
      "loudness": -19.43172836303711,
      "loudness_range": 8.106945037841797,
      "low_freq": 2549.74365234375,
      "mid_mean": -16.89104652404785,
      "mid_to_side_loudness": -6.301079750061035,
      "mid_to_side_loudness_range": 11.243097305297852,
      "side_mean": -23.240758895874023
    },
    {
      "high_freq": 7314.1640625,
      "loudness": -24.640342712402344,
      "loudness_range": 9.99343490600586,
      "low_freq": 4349.24462890625,
      "mid_mean": -21.866615295410156,
      "mid_to_side_loudness": -8.568072319030762,
      "mid_to_side_loudness_range": 12.7680082321167,
      "side_mean": -30.31554412841797
    },
    {
      "high_freq": 12199.2666015625,
      "loudness": -31.612567901611328,
      "loudness_range": 14.387016296386719,
      "low_freq": 7314.1640625,
      "mid_mean": -28.05984878540039,
      "mid_to_side_loudness": -15.726449012756348,
      "mid_to_side_loudness_range": 11.386494636535645,
      "side_mean": -44.39852523803711
    },
    {
      "loudness": -44.65196228027344,
      "loudness_range": 20.770732879638672,
      "low_freq": 12199.2666015625,
      "mid_mean": -41.26163864135742,
      "mid_to_side_loudness": -14.10112190246582,
      "mid_to_side_loudness_range": 11.054386138916016,
      "side_mean": -56.493160247802734
    }
  ],
  "channels": 2,
  "covariance": [
    [
      6.843281269073486,
      2.5830700397491455,
      0.869960367679596,
      2.14772891998291,
      0.30611804127693176,
      2.321507453918457,
      0.17281681299209595,
      1.2512813806533813,
      0.5804763436317444,
      1.1884745359420776,
      0.3974522650241852,
      1.5127832889556885,
      -0.7849158048629761,
      0.07054760307073593,
      -1.5612634420394897,
      -1.1566811800003052,
      -1.239254355430603,
      1.9901206493377686
    ],
    [
      2.5830700397491455,
      16.59886932373047,
      0.5139439702033997,
      2.37817645072937,
      -0.031530674546957016,
      3.357180118560791,
      0.5289443731307983,
      3.6987061500549316,
      0.639255940914154,
      2.414088726043701,
      0.2479918748140335,
      3.285592555999756,
      -0.05937550961971283,
      1.5530169010162354,
      -1.430347204208374,
      0.16741614043712616,
      -0.5934761762619019,
      1.6501659154891968
    ],
    [
      0.869960367679596,
      0.5139439702033997,
      6.647767066955566,
      3.126591444015503,
      1.0020488500595093,
      1.3644529581069946,
      -0.797315776348114,
      -0.25279945135116577,
      -0.13831736147403717,
      0.4810901880264282,
      -0.019826916977763176,
      0.8792872428894043,
      -0.5987517237663269,
      -0.07508712261915207,
      -0.14942429959774017,
      -0.7554854154586792,
      0.4858120083808899,
      1.9663392305374146
    ],
    [
      2.14772891998291,
      2.37817645072937,
      3.126591444015503,
      9.096390724182129,
      1.4429724216461182,
      3.8866403102874756,
      -0.09601990133523941,
      1.224784016609192,
      -0.35871076583862305,
      1.7390135526657104,
      -0.18676820397377014,
      2.088561534881592,
      -1.2678741216659546,
      -0.1505511999130249,
      -1.860957384109497,
      -1.6985623836517334,
      -0.7752067446708679,
      2.3478055000305176
    ],
    [
      0.30611804127693176,
      -0.031530674546957016,
      1.0020488500595093,
      1.4429724216461182,
      5.242510795593262,
      1.8032318353652954,
      1.6995084285736084,
      0.8874320387840271,
      2.154367446899414,
      1.5240639448165894,
      1.9316314458847046,
      1.9288296699523926,
      2.018899917602539,
      0.2370232194662094,
      1.6463855504989624,
      0.8944350481033325,
      0.9202272295951843,
      3.326164484024048
    ],
    [
      2.321507453918457,
      3.357180118560791,
      1.3644529581069946,
      3.8866403102874756,
      1.8032318353652954,
      12.301555633544922,
      -0.5927720665931702,
      3.03271746635437,
      -1.0728801488876343,
      2.4719908237457275,
      -0.34610801935195923,
      4.465240001678467,
      -1.6751679182052612,
      1.351868748664856,
      -3.2142891883850098,
      -2.7649457454681396,
      -1.4377355575561523,
      1.7484838962554932
    ],
    [
      0.17281681299209595,
      0.5289443731307983,
      -0.797315776348114,
      -0.09601990133523941,
      1.6995084285736084,
      -0.5927720665931702,
      9.94730281829834,
      3.141286849975586,
      5.154959678649902,
      2.6629931926727295,
      3.7863054275512695,
      2.97072434425354,
      3.2975404262542725,
      1.4459317922592163,
      1.9709851741790771,
      2.3463478088378906,
      0.7056951522827148,
      3.9379260540008545
    ],
    [
      1.2512813806533813,
      3.6987061500549316,
      -0.25279945135116577,
      1.224784016609192,
      0.8874320387840271,
      3.03271746635437,
      3.141286849975586,
      9.294663429260254,
      2.5957868099212646,
      4.647617816925049,
      1.8601356744766235,
      5.164283275604248,
      2.690479040145874,
      2.7146708965301514,
      0.7665584683418274,
      2.4613046646118164,
      1.4751876592636108,
      5.341113567352295
    ],
    [
      0.5804763436317444,
      0.639255940914154,
      -0.13831736147403717,
      -0.35871076583862305,
      2.154367446899414,
      -1.0728801488876343,
      5.154959678649902,
      2.5957868099212646,
      8.999824523925781,
      3.1442763805389404,
      5.334657192230225,
      2.6165971755981445,
      4.056839466094971,
      1.1130046844482422,
      3.0664525032043457,
      3.6808109283447266,
      1.6990792751312256,
      4.901666164398193
    ],
    [
      1.1884745359420776,
      2.414088726043701,
      0.4810901880264282,
      1.7390135526657104,
      1.5240639448165894,
      2.4719908237457275,
      2.6629931926727295,
      4.647617816925049,
      3.1442763805389404,
      5.673593521118164,
      2.402494192123413,
      5.648665904998779,
      2.747474431991577,
      2.7573044300079346,
      0.6581171154975891,
      1.587950348854065,
      1.032227873802185,
      5.32869291305542
    ],
    [
      0.3974522650241852,
      0.2479918748140335,
      -0.019826916977763176,
      -0.18676820397377014,
      1.9316314458847046,
      -0.34610801935195923,
      3.7863054275512695,
      1.8601356744766235,
      5.334657192230225,
      2.402494192123413,
      6.7568254470825195,
      2.6359314918518066,
      4.183786869049072,
      0.8551589250564575,
      2.798452615737915,
      3.420630693435669,
      1.3313708305358887,
      4.228584289550781
    ],
    [
      1.5127832889556885,
      3.285592555999756,
      0.8792872428894043,
      2.088561534881592,
      1.9288296699523926,
      4.465240001678467,
      2.97072434425354,
      5.164283275604248,
      2.6165971755981445,
      5.648665904998779,
      2.6359314918518066,
      8.421680450439453,
      2.674058437347412,
      4.647449970245361,
      -0.16402867436408997,
      0.7095946669578552,
      0.6854655742645264,
      5.399229049682617
    ],
    [
      -0.7849158048629761,
      -0.05937550961971283,
      -0.5987517237663269,
      -1.2678741216659546,
      2.018899917602539,
      -1.6751679182052612,
      3.2975404262542725,
      2.690479040145874,
      4.056839466094971,
      2.747474431991577,
      4.183786869049072,
      2.674058437347412,
      11.96714973449707,
      2.5603721141815186,
      8.729454040527344,
      7.891883373260498,
      6.63942813873291,
      9.086792945861816
    ],
    [
      0.07054760307073593,
      1.5530169010162354,
      -0.07508712261915207,
      -0.1505511999130249,
      0.2370232194662094,
      1.351868748664856,
      1.4459317922592163,
      2.7146708965301514,
      1.1130046844482422,
      2.7573044300079346,
      0.8551589250564575,
      4.647449970245361,
      2.5603721141815186,
      6.252070426940918,
      1.3437482118606567,
      2.2358100414276123,
      1.937914252281189,
      2.7875444889068604
    ],
    [
      -1.5612634420394897,
      -1.430347204208374,
      -0.14942429959774017,
      -1.860957384109497,
      1.6463855504989624,
      -3.2142891883850098,
      1.9709851741790771,
      0.7665584683418274,
      3.0664525032043457,
      0.6581171154975891,
      2.798452615737915,
      -0.16402867436408997,
      8.729454040527344,
      1.3437482118606567,
      14.324566841125488,
      10.35995864868164,
      12.417291641235352,
      9.402583122253418
    ],
    [
      -1.1566811800003052,
      0.16741614043712616,
      -0.7554854154586792,
      -1.6985623836517334,
      0.8944350481033325,
      -2.7649457454681396,
      2.3463478088378906,
      2.4613046646118164,
      3.6808109283447266,
      1.587950348854065,
      3.420630693435669,
      0.7095946669578552,
      7.891883373260498,
      2.2358100414276123,
      10.35995864868164,
      12.018433570861816,
      9.000961303710938,
      10.254348754882812
    ],
    [
      -1.239254355430603,
      -0.5934761762619019,
      0.4858120083808899,
      -0.7752067446708679,
      0.9202272295951843,
      -1.4377355575561523,
      0.7056951522827148,
      1.4751876592636108,
      1.6990792751312256,
      1.032227873802185,
      1.3313708305358887,
      0.6854655742645264,
      6.63942813873291,
      1.937914252281189,
      12.417291641235352,
      9.000961303710938,
      15.93517780303955,
      11.838926315307617
    ],
    [
      1.9901206493377686,
      1.6501659154891968,
      1.9663392305374146,
      2.3478055000305176,
      3.326164484024048,
      1.7484838962554932,
      3.9379260540008545,
      5.341113567352295,
      4.901666164398193,
      5.32869291305542,
      4.228584289550781,
      5.399229049682617,
      9.086792945861816,
      2.7875444889068604,
      9.402583122253418,
      10.254348754882812,
      11.838926315307617,
      27.317968368530273
    ]
  ],
  "covariance_short": [
    [
      19.640380859375,
      5.503035068511963,
      2.3691046237945557,
      0.7187912464141846,
      0.1881837695837021,
      2.7561607360839844,
      -0.02066633477807045,
      -0.4545629918575287,
      -0.060769930481910706,
      1.0359498262405396,
      0.8489440679550171,
      2.176058053970337,
      -1.6900216341018677,
      1.7341200113296509,
      -2.6278388500213623,
      -1.9342072010040283,
      -2.248642921447754,
      0.2708301842212677
    ],
    [
      5.503035068511963,
      29.83488655090332,
      2.088710308074951,
      5.968624114990234,
      0.5888081789016724,
      6.92158317565918,
      0.9153679609298706,
      4.5975518226623535,
      0.6646424531936646,
      4.644657135009766,
      1.1137588024139404,
      6.140553951263428,
      -0.42776021361351013,
      3.500817060470581,
      -3.625324249267578,
      -2.1989903450012207,
      -3.0244410037994385,
      0.40298447012901306
    ],
    [
      2.3691046237945557,
      2.088710308074951,
      8.703669548034668,
      3.1146836280822754,
      2.0219733715057373,
      2.517305612564087,
      0.1759929060935974,
      0.5464373826980591,
      0.982962965965271,
      1.5519399642944336,
      1.1944855451583862,
      1.8365137577056885,
      0.49210619926452637,
      0.9706564545631409,
      0.1306568682193756,
      0.2617649734020233,
      1.0314286947250366,
      3.185878276824951
    ],
    [
      0.7187912464141846,
      5.968624114990234,
      3.1146836280822754,
      15.381627082824707,
      1.6299469470977783,
      5.092669486999512,
      0.8151112198829651,
      2.7385177612304688,
      0.17363686859607697,
      3.4389123916625977,
      0.07498107105493546,
      3.183767795562744,
      -0.8479900360107422,
      1.0167899131774902,
      -1.9924192428588867,
      -2.1461379528045654,
      -2.2172014713287354,
      -0.01566435396671295
    ],
    [
      0.1881837695837021,
      0.5888081789016724,
      2.0219733715057373,
      1.6299469470977783,
      9.515876770019531,
      2.6383395195007324,
      2.617722272872925,
      0.9696542620658875,
      2.9705193042755127,
      2.09999680519104,
      2.6631524562835693,
      2.6149041652679443,
      2.9737725257873535,
      1.744825005531311,
      2.836333751678467,
      2.306614637374878,
      3.2356977462768555,
      4.920616626739502
    ],
    [
      2.7561607360839844,
      6.92158317565918,
      2.517305612564087,
      5.092669486999512,
      2.6383395195007324,
      15.135907173156738,
      -0.6260339021682739,
      3.2960870265960693,
      -1.0904507637023926,
      2.651822090148926,
      -0.6000908017158508,
      4.190017223358154,
      -2.5208849906921387,
      1.7869325876235962,
      -4.571791172027588,
      -4.21438455581665,
      -4.322001934051514,
      -1.3163007497787476
    ],
    [
      -0.02066633477807045,
      0.9153679609298706,
      0.1759929060935974,
      0.8151112198829651,
      2.617722272872925,
      -0.6260339021682739,
      14.457202911376953,
      3.2615909576416016,
      6.928084373474121,
      3.6048824787139893,
      5.307790279388428,
      3.963787317276001,
      4.611306667327881,
      2.7954297065734863,
      3.1973540782928467,
      3.9128146171569824,
      2.4115045070648193,
      5.617439270019531
    ],
    [
      -0.4545629918575287,
      4.5975518226623535,
      0.5464373826980591,
      2.7385177612304688,
      0.9696542620658875,
      3.2960870265960693,
      3.2615909576416016,
      12.79516315460205,
      2.983325719833374,
      6.061952590942383,
      2.3258004188537598,
      6.726337909698486,
      3.7709786891937256,
      4.795344829559326,
      1.0031064748764038,
      3.286180257797241,
      2.218066930770874,
      5.948173522949219
    ],
    [
      -0.060769930481910706,
      0.6646424531936646,
      0.982962965965271,
      0.17363686859607697,
      2.9705193042755127,
      -1.0904507637023926,
      6.928084373474121,
      2.983325719833374,
      13.329477310180664,
      5.088111877441406,
      7.802498817443848,
      4.673417091369629,
      6.6172285079956055,
      3.800349712371826,
      5.413841724395752,
      6.459588527679443,
      5.724625110626221,
      8.527286529541016
    ],
    [
      1.0359498262405396,
      4.644657135009766,
      1.5519399642944336,
      3.4389123916625977,
      2.09999680519104,
      2.651822090148926,
      3.6048824787139893,
      6.061952590942383,
      5.088111877441406,
      10.707887649536133,
      4.500512599945068,
      10.134586334228516,
      5.368810176849365,
      7.933980464935303,
      2.219257354736328,
      4.152032375335693,
      3.619318723678589,
      7.7544846534729
    ],
    [
      0.8489440679550171,
      1.1137588024139404,
      1.1944855451583862,
      0.07498107105493546,
      2.6631524562835693,
      -0.6000908017158508,
      5.307790279388428,
      2.3258004188537598,
      7.802498817443848,
      4.500512599945068,
      11.50475788116455,
      5.53377628326416,
      7.957896709442139,
      4.5856828689575195,
      6.4319047927856445,
      7.143860340118408,
      6.304265975952148,
      8.560483932495117
    ],
    [
      2.176058053970337,
      6.140553951263428,
      1.8365137577056885,
      3.183767795562744,
      2.6149041652679443,
      4.190017223358154,
      3.963787317276001,
      6.726337909698486,
      4.673417091369629,
      10.134586334228516,
      5.53377628326416,
      15.938940048217773,
      6.211368560791016,
      12.472892761230469,
      1.9306520223617554,
      4.272871017456055,
      3.7669801712036133,
      8.381852149963379
    ],
    [
      -1.6900216341018677,
      -0.42776021361351013,
      0.49210619926452637,
      -0.8479900360107422,
      2.9737725257873535,
      -2.5208849906921387,
      4.611306667327881,
      3.7709786891937256,
      6.6172285079956055,
      5.368810176849365,
      7.957896709442139,
      6.211368560791016,
      20.539234161376953,
      7.037076950073242,
      17.694625854492188,
      16.870914459228516,
      20.620952606201172,
      21.830829620361328
    ],
    [
      1.7341200113296509,
      3.500817060470581,
      0.9706564545631409,
      1.0167899131774902,
      1.744825005531311,
      1.7869325876235962,
      2.7954297065734863,
      4.795344829559326,
      3.800349712371826,
      7.933980464935303,
      4.5856828689575195,
      12.472892761230469,
      7.037076950073242,
      16.386037826538086,
      5.131491661071777,
      7.935272693634033,
      7.9453020095825195,
      9.8397798538208
    ],
    [
      -2.6278388500213623,
      -3.625324249267578,
      0.1306568682193756,
      -1.9924192428588867,
      2.836333751678467,
      -4.571791172027588,
      3.1973540782928467,
      1.0031064748764038,
      5.413841724395752,
      2.219257354736328,
      6.4319047927856445,
      1.9306520223617554,
      17.694625854492188,
      5.131491661071777,
      30.36574935913086,
      23.155385971069336,
      34.70637130737305,
      27.377946853637695
    ],
    [
      -1.9342072010040283,
      -2.1989903450012207,
      0.2617649734020233,
      -2.1461379528045654,
      2.306614637374878,
      -4.21438455581665,
      3.9128146171569824,
      3.286180257797241,
      6.459588527679443,
      4.152032375335693,
      7.143860340118408,
      4.272871017456055,
      16.870914459228516,
      7.935272693634033,
      23.155385971069336,
      27.499591827392578,
      29.048564910888672,
      31.00489616394043
    ],
    [
      -2.248642921447754,
      -3.0244410037994385,
      1.0314286947250366,
      -2.2172014713287354,
      3.2356977462768555,
      -4.322001934051514,
      2.4115045070648193,
      2.218066930770874,
      5.724625110626221,
      3.619318723678589,
      6.304265975952148,
      3.7669801712036133,
      20.620952606201172,
      7.9453020095825195,
      34.70637130737305,
      29.048564910888672,
      56.372825622558594,
      42.134220123291016
    ],
    [
      0.2708301842212677,
      0.40298447012901306,
      3.185878276824951,
      -0.01566435396671295,
      4.920616626739502,
      -1.3163007497787476,
      5.617439270019531,
      5.948173522949219,
      8.527286529541016,
      7.7544846534729,
      8.560483932495117,
      8.381852149963379,
      21.830829620361328,
      9.8397798538208,
      27.377946853637695,
      31.00489616394043,
      42.134220123291016,
      52.697914123535156
    ]
  ],
  "drr": 13.800226211547852,
  "dynamics": 1.1786446571350098,
  "format": 1245190,
  "frames": 11632640,
  "loudness": -7.646910667419434,
  "loudness_range": 2.033627986907959,
  "loudness_range_short": 3.6504578590393066,
  "peak": 0.7126156687736511,
  "rms": -10.921345710754395,
  "sample_rate": 44100,
  "sections": 1,
  "seekable": 1,
  "sharpness": 1.3155097961425781,
  "space": -9.484359741210938
}