{
  "bands": [
    {
      "high_freq": 148.1999969482422,
      "loudness": -36.07743835449219,
      "loudness_range": 16.778854370117188,
      "mid_mean": -34.72325897216797,
      "mid_to_side_loudness": -2.2692313194274902,
      "mid_to_side_loudness_range": 4.970184803009033,
      "side_mean": -36.386383056640625
    },
    {
      "high_freq": 392.3793640136719,
      "loudness": -32.34001922607422,
      "loudness_range": 11.13200569152832,
      "low_freq": 148.1999969482422,
      "mid_mean": -30.064273834228516,
      "mid_to_side_loudness": -5.364186763763428,
      "mid_to_side_loudness_range": 10.858985900878906,
      "side_mean": -35.38993835449219
    },
    {
      "high_freq": 794.6976318359375,
      "loudness": -31.642963409423828,
      "loudness_range": 16.635238647460938,
      "low_freq": 392.3793640136719,
      "mid_mean": -28.217302322387695,
      "mid_to_side_loudness": -14.3695707321167,
      "mid_to_side_loudness_range": 17.131563186645508,
      "side_mean": -42.93085479736328
    },
    {
      "high_freq": 1457.5709228515625,
      "loudness": -38.727500915527344,
      "loudness_range": 17.71343231201172,
      "low_freq": 794.6976318359375,
      "mid_mean": -35.24728775024414,
      "mid_to_side_loudness": -14.185178756713867,
      "mid_to_side_loudness_range": 14.1649169921875,
      "side_mean": -50.25752258300781
    },
    {
      "high_freq": 2549.74365234375,
      "loudness": -42.395721435546875,
      "loudness_range": 15.408905029296875,
      "low_freq": 1457.5709228515625,
      "mid_mean": -39.103206634521484,
      "mid_to_side_loudness": -11.788993835449219,
      "mid_to_side_loudness_range": 13.492661476135254,
      "side_mean": -51.533531188964844
    },
    {
      "high_freq": 4349.24462890625,
      "loudness": -49.721763610839844,
      "loudness_range": 11.707054138183594,
      "low_freq": 2549.74365234375,
      "mid_mean": -47.557044982910156,
      "mid_to_side_loudness": -4.414044380187988,
      "mid_to_side_loudness_range": 8.150504112243652,
      "side_mean": -52.30391311645508
    },
    {
      "high_freq": 7314.1640625,
      "loudness": -51.61476516723633,
      "loudness_range": 14.046066284179688,
      "low_freq": 4349.24462890625,
      "mid_mean": -50.99137878417969,
      "mid_to_side_loudness": -0.8834204077720642,
      "mid_to_side_loudness_range": 1.1952316761016846,
      "side_mean": -51.79617691040039
    },
    {
      "high_freq": 12199.2666015625,
      "loudness": -53.16709899902344,
      "loudness_range": 13.58642578125,
      "low_freq": 7314.1640625,
      "mid_mean": -52.55743408203125,
      "mid_to_side_loudness": -0.8353559374809265,
      "mid_to_side_loudness_range": 1.1450421810150146,
      "side_mean": -53.343475341796875
    },
    {
      "loudness": -57.35812759399414,
      "loudness_range": 18.151748657226562,
      "low_freq": 12199.2666015625,
      "mid_mean": -56.3946647644043,
      "mid_to_side_loudness": -0.09595412760972977,
      "mid_to_side_loudness_range": 0.6982976794242859,
      "side_mean": -56.49660110473633
    }
  ],
  "bands_short": [
    {
      "high_freq": 148.1999969482422,
      "loudness": -39.78099822998047,
      "loudness_range": 23.33131217956543,
      "mid_mean": -38.49373245239258,
      "mid_to_side_loudness": -2.573096752166748,
      "mid_to_side_loudness_range": 10.406938552856445,
      "side_mean": -40.43212127685547
    },
    {
      "high_freq": 392.3793640136719,
      "loudness": -33.653343200683594,
      "loudness_range": 14.956506729125977,
      "low_freq": 148.1999969482422,
      "mid_mean": -31.61829948425293,
      "mid_to_side_loudness": -4.645645618438721,
      "mid_to_side_loudness_range": 11.808388710021973,
      "side_mean": -36.142982482910156
    },
    {
      "high_freq": 794.6976318359375,
      "loudness": -33.0443115234375,
      "loudness_range": 21.750425338745117,
      "low_freq": 392.3793640136719,
      "mid_mean": -29.83600425720215,
      "mid_to_side_loudness": -12.887334823608398,
      "mid_to_side_loudness_range": 19.536603927612305,
      "side_mean": -43.06379318237305
    },
    {
      "high_freq": 1457.5709228515625,
      "loudness": -40.332645416259766,
      "loudness_range": 23.41604995727539,
      "low_freq": 794.6976318359375,
      "mid_mean": -36.996490478515625,
      "mid_to_side_loudness": -13.290260314941406,
      "mid_to_side_loudness_range": 16.771785736083984,
      "side_mean": -50.990074157714844
    },
    {
      "high_freq": 2549.74365234375,
      "loudness": -44.4564323425293,
      "loudness_range": 20.678966522216797,
      "low_freq": 1457.5709228515625,
      "mid_mean": -41.23383331298828,
      "mid_to_side_loudness": -11.615121841430664,
      "mid_to_side_loudness_range": 15.568410873413086,
      "side_mean": -53.35211181640625
    },
    {
      "high_freq": 4349.24462890625,
      "loudness": -51.33854293823242,
      "loudness_range": 17.195411682128906,
      "low_freq": 2549.74365234375,
      "mid_mean": -49.16887283325195,
      "mid_to_side_loudness": -4.782346248626709,
      "mid_to_side_loudness_range": 9.838594436645508,
      "side_mean": -54.14540100097656
    },
    {
      "high_freq": 7314.1640625,
      "loudness": -53.86626052856445,
      "loudness_range": 19.39371109008789,
      "low_freq": 4349.24462890625,
      "mid_mean": -53.01315689086914,
      "mid_to_side_loudness": -1.0422310829162598,
      "mid_to_side_loudness_range": 2.115288257598877,
      "side_mean": -53.9660758972168
    },
    {
      "high_freq": 12199.2666015625,
      "loudness": -55.08557891845703,
      "loudness_range": 18.8209228515625,
      "low_freq": 7314.1640625,
      "mid_mean": -54.195159912109375,
      "mid_to_side_loudness": -0.8858575224876404,
      "mid_to_side_loudness_range": 2.0192766189575195,
      "side_mean": -55.01289367675781
    },
    {
      "loudness": -59.68503189086914,
      "loudness_range": 21.504253387451172,
      "low_freq": 12199.2666015625,
      "mid_mean": -58.359336853027344,
      "mid_to_side_loudness": -0.10352130234241486,
      "mid_to_side_loudness_range": 1.293739914894104,
      "side_mean": -58.453704833984375
    }
  ],
  "channels": 2,
  "covariance": [
    [
      36.47182846069336,
      31.313438415527344,
      14.089275360107422,
      16.967512130737305,
      9.088922500610352,
      9.052824020385742,
      7.961048603057861,
      8.248048782348633,
      7.487680912017822,
      7.494120121002197,
      7.243436336517334,
      6.2992634773254395,
      5.109540939331055,
      5.286693096160889,
      5.454814434051514,
      5.423081874847412,
      4.440390586853027,
      4.3813395500183105
    ],
    [
      31.313438415527344,
      36.45098114013672,
      11.23690414428711,
      16.070117950439453,
      5.798044681549072,
      6.934048175811768,
      5.940566539764404,
      5.622768402099609,
      4.221825122833252,
      4.403984546661377,
      3.5812902450561523,
      2.499253034591675,
      0.9154981970787048,
      0.989399254322052,
      1.8695276975631714,
      1.9164923429489136,
      0.6781002283096313,
      0.6630103588104248
    ],
    [
      14.089275360107422,
      11.23690414428711,
      22.05280876159668,
      13.649928092956543,
      13.163617134094238,
      8.176704406738281,
      10.705514907836914,
      7.954293727874756,
      11.421061515808105,
      7.9282355308532715,
      8.387721061706543,
      4.982986927032471,
      3.4385697841644287,
      3.578113555908203,
      3.8628509044647217,
      3.698807954788208,
      3.194093704223633,
      3.192335844039917
    ],
    [
      16.967512130737305,
      16.070117950439453,
      13.649928092956543,
      22.9769287109375,
      4.781736373901367,
      9.012356758117676,
      5.305538177490234,
      8.950043678283691,
      4.821626663208008,
      8.548657417297363,
      7.435089588165283,
      8.481881141662598,
      8.093152046203613,
      8.395408630371094,
      7.772072792053223,
      7.701728343963623,
      5.6496710777282715,
      5.597994327545166
    ],
    [
      9.088922500610352,
      5.798044681549072,
      13.163617134094238,
      4.781736373901367,
      38.508914947509766,
      13.143603324890137,
      12.323925971984863,
      4.566176414489746,
      23.378862380981445,
      8.550106048583984,
      9.244952201843262,
      2.050339937210083,
      -1.0274182558059692,
      -1.292363166809082,
      -1.1408700942993164,
      -1.2159250974655151,
      -1.0038410425186157,
      -0.9429440498352051
    ],
    [
      9.052824020385742,
      6.934048175811768,
      8.176704406738281,
      9.012356758117676,
      13.143603324890137,
      15.199098587036133,
      6.261606693267822,
      9.945426940917969,
      9.86304759979248,
      11.406265258789062,
      10.757271766662598,
      10.141048431396484,
      9.391554832458496,
      9.522507667541504,
      8.783506393432617,
      8.771414756774902,
      6.454258441925049,
      6.443032264709473
    ],
    [
      7.961048603057861,
      5.940566539764404,
      10.705514907836914,
      5.305538177490234,
      12.323925971984863,
      6.261606693267822,
      38.92604446411133,
      20.67920684814453,
      19.74878692626953,
      11.315017700195312,
      14.459492683410645,
      6.977362632751465,
      5.011014938354492,
      4.024209976196289,
      4.148369789123535,
      3.881932258605957,
      4.111712455749512,
      4.141838550567627
    ],
    [
      8.248048782348633,
      5.622768402099609,
      7.954293727874756,
      8.950043678283691,
      4.566176414489746,
      9.945426940917969,
      20.67920684814453,
      29.929012298583984,
      12.220053672790527,
      23.37969207763672,
      16.272008895874023,
      22.850608825683594,
      23.1866455078125,
      22.54915428161621,
      20.796600341796875,
      20.299230575561523,
      17.131484985351562,
      17.043880462646484
    ],
    [
      7.487680912017822,
      4.221825122833252,
      11.421061515808105,
      4.821626663208008,
      23.378862380981445,
      9.86304759979248,
      19.74878692626953,
      12.220053672790527,
      30.738248825073242,
      15.171549797058105,
      14.315245628356934,
      7.405256748199463,
      5.294708251953125,
      4.650643348693848,
      4.4118523597717285,
      4.203637599945068,
      3.8275110721588135,
      3.8639023303985596
    ],
    [
      7.494120121002197,
      4.403984546661377,
      7.9282355308532715,
      8.548657417297363,
      8.550106048583984,
      11.406265258789062,
      11.315017700195312,
      23.37969207763672,
      15.171549797058105,
      25.611495971679688,
      16.649303436279297,
      23.81243324279785,
      23.71609878540039,
      23.27269744873047,
      21.10641860961914,
      20.59897804260254,
      16.045690536499023,
      15.987488746643066
    ],
    [
      7.243436336517334,
      3.5812902450561523,
      8.387721061706543,
      7.435089588165283,
      9.244952201843262,
      10.757271766662598,
      14.459492683410645,
      16.272008895874023,
      14.315245628356934,
      16.649303436279297,
      20.955699920654297,
      17.366392135620117,
      16.820039749145508,
      16.337825775146484,
      15.214595794677734,
      14.947063446044922,
      12.917805671691895,
      12.896657943725586
    ],
    [
      6.2992634773254395,
      2.499253034591675,
      4.982986927032471,
      8.481881141662598,
      2.050339937210083,
      10.141048431396484,
      6.977362632751465,
      22.850608825683594,
      7.405256748199463,
      23.81243324279785,
      17.366392135620117,
      28.809499740600586,
      30.780681610107422,
      30.760759353637695,
      27.900360107421875,
      27.431901931762695,
      23.002477645874023,
      22.861909866333008
    ],
    [
      5.109540939331055,
      0.9154981970787048,
      3.4385697841644287,
      8.093152046203613,
      -1.0274182558059692,
      9.391554832458496,
      5.011014938354492,
      23.1866455078125,
      5.294708251953125,
      23.71609878540039,
      16.820039749145508,
      30.780681610107422,
      35.81404495239258,
      35.942955017089844,
      33.415157318115234,
      32.87459945678711,
      29.655534744262695,
      29.466102600097656
    ],
    [
      5.286693096160889,
      0.989399254322052,
      3.578113555908203,
      8.395408630371094,
      -1.292363166809082,
      9.522507667541504,
      4.024209976196289,
      22.54915428161621,
      4.650643348693848,
      23.27269744873047,
      16.337825775146484,
      30.760759353637695,
      35.942955017089844,
      36.46877670288086,
      33.80915451049805,
      33.36546325683594,
      30.17193603515625,
      29.97846221923828
    ],
    [
      5.454814434051514,
      1.8695276975631714,
      3.8628509044647217,
      7.772072792053223,
      -1.1408700942993164,
      8.783506393432617,
      4.148369789123535,
      20.796600341796875,
      4.4118523597717285,
      21.10641860961914,
      15.214595794677734,
      27.900360107421875,
      33.415157318115234,
      33.80915451049805,
      34.057010650634766,
      33.480464935302734,
      31.69843292236328,
      31.539859771728516
    ],
    [
      5.423081874847412,
      1.9164923429489136,
      3.698807954788208,
      7.701728343963623,
      -1.2159250974655151,
      8.771414756774902,
      3.881932258605957,
      20.299230575561523,
      4.203637599945068,
      20.59897804260254,
      14.947063446044922,
      27.431901931762695,
      32.87459945678711,
      33.36546325683594,
      33.480464935302734,
      33.0797233581543,
      31.372623443603516,
      31.244583129882812
    ],
    [
      4.440390586853027,
      0.6781002283096313,
      3.194093704223633,
      5.6496710777282715,
      -1.0038410425186157,
      6.454258441925049,
      4.111712455749512,
      17.131484985351562,
      3.8275110721588135,
      16.045690536499023,
      12.917805671691895,
      23.002477645874023,
      29.655534744262695,
      30.17193603515625,
      31.69843292236328,
      31.372623443603516,
      35.444854736328125,
      35.26648712158203
    ],
    [
      4.3813395500183105,
      0.6630103588104248,
      3.192335844039917,
      5.597994327545166,
      -0.9429440498352051,
      6.443032264709473,
      4.141838550567627,
      17.043880462646484,
      3.8639023303985596,
      15.987488746643066,
      12.896657943725586,
      22.861909866333008,
      29.466102600097656,
      29.97846221923828,
      31.539859771728516,
      31.244583129882812,
      35.26648712158203,
      35.140533447265625
    ]
  ],
  "covariance_short": [
    [
      64.03614044189453,
      57.12776565551758,
      21.85689353942871,
      26.012039184570312,
      12.277850151062012,
      11.10312271118164,
      11.442878723144531,
      10.423439025878906,
      10.613686561584473,
      9.847553253173828,
      10.099739074707031,
      8.414819717407227,
      7.487210273742676,
      7.5367112159729,
      8.550066947937012,
      8.437344551086426,
      8.174712181091309,
      8.108683586120605
    ],
    [
      57.12776565551758,
      69.35958099365234,
      20.7576904296875,
      28.063570022583008,
      9.954341888427734,
      10.38847827911377,
      10.282736778259277,
      9.434497833251953,
      8.611741065979004,
      8.503641128540039,
      7.474372863769531,
      6.006900310516357,
      4.571662425994873,
      4.664102554321289,
      6.090381145477295,
      6.136768817901611,
      5.6808013916015625,
      5.6327738761901855
    ],
    [
      21.85689353942871,
      20.7576904296875,
      32.992103576660156,
      22.687747955322266,
      21.197521209716797,
      13.557377815246582,
      18.562055587768555,
      12.589613914489746,
      18.935346603393555,
      13.38737678527832,
      13.828143119812012,
      9.019449234008789,
      6.60617733001709,
      6.591856956481934,
      6.288061618804932,
      6.140593528747559,
      5.459127902984619,
      5.447020053863525
    ],
    [
      26.012039184570312,
      28.063570022583008,
      22.687747955322266,
      33.62749481201172,
      9.572609901428223,
      13.264802932739258,
      10.836623191833496,
      12.869699478149414,
      9.480189323425293,
      12.274808883666992,
      11.490266799926758,
      10.813668251037598,
      9.632857322692871,
      9.81233024597168,
      9.114518165588379,
      9.076037406921387,
      7.260286808013916,
      7.19829797744751
    ],
    [
      12.277850151062012,
      9.954341888427734,
      21.197521209716797,
      9.572609901428223,
      60.61472702026367,
      21.240131378173828,
      27.33950424194336,
      11.348711013793945,
      40.14619827270508,
      18.2982234954834,
      18.542356491088867,
      7.460547924041748,
      2.7694530487060547,
      2.483868360519409,
      1.553030014038086,
      1.4149450063705444,
      1.2444018125534058,
      1.3090229034423828
    ],
    [
      11.10312271118164,
      10.38847827911377,
      13.557377815246582,
      13.264802932739258,
      21.240131378173828,
      23.334280014038086,
      12.895947456359863,
      14.205146789550781,
      15.967010498046875,
      15.647098541259766,
      15.03300666809082,
      12.867520332336426,
      11.614834785461426,
      11.84410285949707,
      10.576763153076172,
      10.593173027038574,
      8.710367202758789,
      8.729257583618164
    ],
    [
      11.442878723144531,
      10.282736778259277,
      18.562055587768555,
      10.836623191833496,
      27.33950424194336,
      12.895947456359863,
      63.134178161621094,
      32.86928176879883,
      41.15107345581055,
      23.758474349975586,
      27.27824592590332,
      14.624244689941406,
      10.334967613220215,
      8.972187042236328,
      8.410688400268555,
      8.118487358093262,
      7.781326770782471,
      7.859810829162598
    ],
    [
      10.423439025878906,
      9.434497833251953,
      12.589613914489746,
      12.869699478149414,
      11.348711013793945,
      14.205146789550781,
      32.86928176879883,
      40.07372283935547,
      23.243301391601562,
      30.44969940185547,
      25.481525421142578,
      27.725261688232422,
      26.83272361755371,
      26.03105926513672,
      24.0360107421875,
      23.628389358520508,
      19.808164596557617,
      19.825401306152344
    ],
    [
      10.613686561584473,
      8.611741065979004,
      18.935346603393555,
      9.480189323425293,
      40.14619827270508,
      15.967010498046875,
      41.15107345581055,
      23.243301391601562,
      54.62322998046875,
      29.569141387939453,
      26.982999801635742,
      15.513882637023926,
      11.285536766052246,
      10.166539192199707,
      8.7288236618042,
      8.355218887329102,
      7.393425941467285,
      7.4636077880859375
    ],
    [
      9.847553253173828,
      8.503641128540039,
      13.38737678527832,
      12.274808883666992,
      18.2982234954834,
      15.647098541259766,
      23.758474349975586,
      30.44969940185547,
      29.569141387939453,
      37.1356201171875,
      28.994050979614258,
      32.19729232788086,
      30.996871948242188,
      30.420413970947266,
      27.001672744750977,
      26.521869659423828,
      21.362777709960938,
      21.381824493408203
    ],
    [
      10.099739074707031,
      7.474372863769531,
      13.828143119812012,
      11.490266799926758,
      18.542356491088867,
      15.03300666809082,
      27.27824592590332,
      25.481525421142578,
      26.982999801635742,
      28.994050979614258,
      36.17018127441406,
      29.39669418334961,
      27.528852462768555,
      26.675899505615234,
      24.25966453552246,
      23.796127319335938,
      20.186363220214844,
      20.179401397705078
    ],
    [
      8.414819717407227,
      6.006900310516357,
      9.019449234008789,
      10.813668251037598,
      7.460547924041748,
      12.867520332336426,
      14.624244689941406,
      27.725261688232422,
      15.513882637023926,
      32.19729232788086,
      29.39669418334961,
      39.12779998779297,
      40.42499542236328,
      40.49773025512695,
      36.5472297668457,
      36.12147903442383,
      30.537647247314453,
      30.430328369140625
    ],
    [
      7.487210273742676,
      4.571662425994873,
      6.60617733001709,
      9.632857322692871,
      2.7694530487060547,
      11.614834785461426,
      10.334967613220215,
      26.83272361755371,
      11.285536766052246,
      30.996871948242188,
      27.528852462768555,
      40.42499542236328,
      46.67426300048828,
      46.78268814086914,
      43.37958908081055,
      42.832889556884766,
      37.98991012573242,
      37.831722259521484
    ],
    [
      7.5367112159729,
      4.664102554321289,
      6.591856956481934,
      9.81233024597168,
      2.483868360519409,
      11.84410285949707,
      8.972187042236328,
      26.03105926513672,
      10.166539192199707,
      30.420413970947266,
      26.675899505615234,
      40.49773025512695,
      46.78268814086914,
      47.65091323852539,
      43.92483901977539,
      43.59946060180664,
      38.811256408691406,
      38.656864166259766
    ],
    [
      8.550066947937012,
      6.090381145477295,
      6.288061618804932,
      9.114518165588379,
      1.553030014038086,
      10.576763153076172,
      8.410688400268555,
      24.0360107421875,
      8.7288236618042,
      27.001672744750977,
      24.25966453552246,
      36.5472297668457,
      43.37958908081055,
      43.92483901977539,
      44.693790435791016,
      44.05554962158203,
      40.24394226074219,
      40.09928512573242
    ],
    [
      8.437344551086426,
      6.136768817901611,
      6.140593528747559,
      9.076037406921387,
      1.4149450063705444,
      10.593173027038574,
      8.118487358093262,
      23.628389358520508,
      8.355218887329102,
      26.521869659423828,
      23.796127319335938,
      36.12147903442383,
      42.832889556884766,
      43.59946060180664,
      44.05554962158203,
      43.89878845214844,
      40.1136589050293,
      40.03520584106445
    ],
    [
      8.174712181091309,
      5.6808013916015625,
      5.459127902984619,
      7.260286808013916,
      1.2444018125534058,
      8.710367202758789,
      7.781326770782471,
      19.808164596557617,
      7.393425941467285,
      21.362777709960938,
      20.186363220214844,
      30.537647247314453,
      37.98991012573242,
      38.811256408691406,
      40.24394226074219,
      40.1136589050293,
      42.30091094970703,
      42.123313903808594
    ],
    [
      8.108683586120605,
      5.6327738761901855,
      5.447020053863525,
      7.19829797744751,
      1.3090229034423828,
      8.729257583618164,
      7.859810829162598,
      19.825401306152344,
      7.4636077880859375,
      21.381824493408203,
      20.179401397705078,
      30.430328369140625,
      37.831722259521484,
      38.656864166259766,
      40.09928512573242,
      40.03520584106445,
      42.123313903808594,
      42.094573974609375
    ]
  ],
  "drr": 10.317051887512207,
  "dynamics": 3.618962049484253,
  "format": 1245190,
  "frames": 7471104,
  "loudness": -22.68895149230957,
  "loudness_range": 8.968954086303711,
  "loudness_range_short": 14.10267448425293,
  "peak": -4.257525444030762,
  "rms": -24.01299476623535,
  "sample_rate": 44100,
  "sections": 1,
  "seekable": 1,
  "sharpness": 3.964597702026367,
  "space": -8.140289306640625
}