{
  "bands": [
    {
      "high_freq": 148.1999969482422,
      "loudness": -39.153724670410156,
      "loudness_range": 16.543737411499023,
      "mid_mean": -36.30559539794922,
      "mid_to_side_loudness": -8.402908325195312,
      "mid_to_side_loudness_range": 13.607511520385742,
      "side_mean": -44.756839752197266
    },
    {
      "high_freq": 392.3793640136719,
      "loudness": -23.023548126220703,
      "loudness_range": 8.825359344482422,
      "low_freq": 148.1999969482422,
      "mid_mean": -20.96957778930664,
      "mid_to_side_loudness": -3.961848020553589,
      "mid_to_side_loudness_range": 8.078742027282715,
      "side_mean": -24.97322654724121
    },
    {
      "high_freq": 794.6976318359375,
      "loudness": -22.792007446289062,
      "loudness_range": 9.438596725463867,
      "low_freq": 392.3793640136719,
      "mid_mean": -21.230195999145508,
      "mid_to_side_loudness": -2.5764360427856445,
      "mid_to_side_loudness_range": 8.782309532165527,
      "side_mean": -23.823261260986328
    },
    {
      "high_freq": 1457.5709228515625,
      "loudness": -23.393230438232422,
      "loudness_range": 13.295221328735352,
      "low_freq": 794.6976318359375,
      "mid_mean": -22.007808685302734,
      "mid_to_side_loudness": -1.9957603216171265,
      "mid_to_side_loudness_range": 8.194725036621094,
      "side_mean": -24.011816024780273
    },
    {
      "high_freq": 2549.74365234375,
      "loudness": -29.09218978881836,
      "loudness_range": 11.7921142578125,
      "low_freq": 1457.5709228515625,
      "mid_mean": -28.332399368286133,
      "mid_to_side_loudness": -0.43318891525268555,
      "mid_to_side_loudness_range": 6.384214878082275,
      "side_mean": -28.754409790039062
    },
    {
      "high_freq": 4349.24462890625,
      "loudness": -34.78030776977539,
      "loudness_range": 15.636629104614258,
      "low_freq": 2549.74365234375,
      "mid_mean": -34.24385070800781,
      "mid_to_side_loudness": -0.1996850073337555,
      "mid_to_side_loudness_range": 7.617225646972656,
      "side_mean": -34.3280029296875
    },
    {
      "high_freq": 7314.1640625,
      "loudness": -45.33098602294922,
      "loudness_range": 17.126495361328125,
      "low_freq": 4349.24462890625,
      "mid_mean": -44.26860046386719,
      "mid_to_side_loudness": -1.1801832914352417,
      "mid_to_side_loudness_range": 5.5017008781433105,
      "side_mean": -45.38117980957031
    },
    {
      "high_freq": 12199.2666015625,
      "loudness": -53.521217346191406,
      "loudness_range": 18.833370208740234,
      "low_freq": 7314.1640625,
      "mid_mean": -52.539798736572266,
      "mid_to_side_loudness": -1.1020567417144775,
      "mid_to_side_loudness_range": 3.6913650035858154,
      "side_mean": -53.52468490600586
    },
    {
      "loudness": -59.102115631103516,
      "loudness_range": 17.928543090820312,
      "low_freq": 12199.2666015625,
      "mid_mean": -57.62849426269531,
      "mid_to_side_loudness": -1.0488653182983398,
      "mid_to_side_loudness_range": 2.4413087368011475,
      "side_mean": -58.50015640258789
    }
  ],
  "bands_short": [
    {
      "high_freq": 148.1999969482422,
      "loudness": -44.23432540893555,
      "loudness_range": 19.440448760986328,
      "mid_mean": -41.770328521728516,
      "mid_to_side_loudness": -7.728866100311279,
      "mid_to_side_loudness_range": 18.773967742919922,
      "side_mean": -49.492515563964844
    },
    {
      "high_freq": 392.3793640136719,
      "loudness": -23.824024200439453,
      "loudness_range": 11.214811325073242,
      "low_freq": 148.1999969482422,
      "mid_mean": -22.136396408081055,
      "mid_to_side_loudness": -3.671220541000366,
      "mid_to_side_loudness_range": 13.50152587890625,
      "side_mean": -25.84874725341797
    },
    {
      "high_freq": 794.6976318359375,
      "loudness": -23.51873016357422,
      "loudness_range": 12.153409957885742,
      "low_freq": 392.3793640136719,
      "mid_mean": -22.268404006958008,
      "mid_to_side_loudness": -2.2508721351623535,
      "mid_to_side_loudness_range": 11.976997375488281,
      "side_mean": -24.531654357910156
    },
    {
      "high_freq": 1457.5709228515625,
      "loudness": -23.614051818847656,
      "loudness_range": 14.241340637207031,
      "low_freq": 794.6976318359375,
      "mid_mean": -22.361968994140625,
      "mid_to_side_loudness": -1.99111008644104,
      "mid_to_side_loudness_range": 10.363033294677734,
      "side_mean": -24.348907470703125
    },
    {
      "high_freq": 2549.74365234375,
      "loudness": -29.34122085571289,
      "loudness_range": 12.67772102355957,
      "low_freq": 1457.5709228515625,
      "mid_mean": -28.691469192504883,
      "mid_to_side_loudness": -0.5146343111991882,
      "mid_to_side_loudness_range": 9.354522705078125,
      "side_mean": -29.191272735595703
    },
    {
      "high_freq": 4349.24462890625,
      "loudness": -35.23503875732422,
      "loudness_range": 16.958890914916992,
      "low_freq": 2549.74365234375,
      "mid_mean": -34.75197219848633,
      "mid_to_side_loudness": -0.25823530554771423,
      "mid_to_side_loudness_range": 9.302068710327148,
      "side_mean": -34.904510498046875
    },
    {
      "high_freq": 7314.1640625,
      "loudness": -45.85536193847656,
      "loudness_range": 19.319194793701172,
      "low_freq": 4349.24462890625,
      "mid_mean": -44.79317092895508,
      "mid_to_side_loudness": -1.2165032625198364,
      "mid_to_side_loudness_range": 6.866788864135742,
      "side_mean": -45.94953918457031
    },
    {
      "high_freq": 12199.2666015625,
      "loudness": -54.18048095703125,
      "loudness_range": 20.324501037597656,
      "low_freq": 7314.1640625,
      "mid_mean": -53.229522705078125,
      "mid_to_side_loudness": -1.132502555847168,
      "mid_to_side_loudness_range": 5.07993221282959,
      "side_mean": -54.22358703613281
    },
    {
      "loudness": -59.82950973510742,
      "loudness_range": 19.26995086669922,
      "low_freq": 12199.2666015625,
      "mid_mean": -58.22236633300781,
      "mid_to_side_loudness": -1.0755008459091187,
      "mid_to_side_loudness_range": 3.4601542949676514,
      "side_mean": -59.086387634277344
    }
  ],
  "channels": 2,
  "covariance": [
    [
      34.4022216796875,
      18.30538558959961,
      7.125743389129639,
      4.4948344230651855,
      4.647012710571289,
      2.9476423263549805,
      10.484285354614258,
      8.762575149536133,
      8.506087303161621,
      7.765147686004639,
      12.938432693481445,
      10.173576354980469,
      12.525150299072266,
      12.284677505493164,
      13.4150390625,
      13.886487007141113,
      12.811573028564453,
      12.958664894104004
    ],
    [
      18.30538558959961,
      23.356870651245117,
      5.5265350341796875,
      6.259149551391602,
      5.848845481872559,
      4.23813009262085,
      6.9689812660217285,
      5.394320964813232,
      7.161612510681152,
      6.533687114715576,
      9.545455932617188,
      6.880032062530518,
      9.484570503234863,
      9.980977058410645,
      10.100235939025879,
      10.441254615783691,
      9.410486221313477,
      9.72273063659668
    ],
    [
      7.125743389129639,
      5.5265350341796875,
      12.327714920043945,
      7.152640342712402,
      5.469056606292725,
      4.150009632110596,
      7.553689002990723,
      6.6324543952941895,
      7.81709623336792,
      6.9958295822143555,
      9.24618148803711,
      7.66423225402832,
      8.66092300415039,
      8.884994506835938,
      8.843877792358398,
      8.919889450073242,
      8.405494689941406,
      8.291129112243652
    ],
    [
      4.4948344230651855,
      6.259149551391602,
      7.152640342712402,
      10.624293327331543,
      4.582282543182373,
      4.324061393737793,
      6.696249008178711,
      5.990428447723389,
      7.778379440307617,
      7.397478103637695,
      8.377927780151367,
      6.774785995483398,
      8.327818870544434,
      8.43456745147705,
      9.597935676574707,
      9.5089111328125,
      8.408103942871094,
      8.297658920288086
    ],
    [
      4.647012710571289,
      5.848845481872559,
      5.469056606292725,
      4.582282543182373,
      13.952873229980469,
      7.4065937995910645,
      6.596220016479492,
      5.479996681213379,
      7.257134914398193,
      6.697408199310303,
      7.743817329406738,
      7.3199005126953125,
      7.3053297996521,
      7.681692600250244,
      8.899989128112793,
      9.20479679107666,
      6.948596000671387,
      7.184601306915283
    ],
    [
      2.9476423263549805,
      4.23813009262085,
      4.150009632110596,
      4.324061393737793,
      7.4065937995910645,
      9.61097240447998,
      5.836809158325195,
      5.6823225021362305,
      5.775655269622803,
      5.979063510894775,
      7.1761555671691895,
      6.50756311416626,
      6.909955978393555,
      6.85403299331665,
      8.530364036560059,
      8.551935195922852,
      7.411246299743652,
      7.188877582550049
    ],
    [
      10.484285354614258,
      6.9689812660217285,
      7.553689002990723,
      6.696249008178711,
      6.596220016479492,
      5.836809158325195,
      21.927255630493164,
      21.238088607788086,
      12.099976539611816,
      12.785122871398926,
      19.52642822265625,
      19.01865577697754,
      20.801050186157227,
      21.47614860534668,
      21.471527099609375,
      22.338605880737305,
      19.06459617614746,
      19.091629028320312
    ],
    [
      8.762575149536133,
      5.394320964813232,
      6.6324543952941895,
      5.990428447723389,
      5.479996681213379,
      5.6823225021362305,
      21.238088607788086,
      27.794673919677734,
      10.80339527130127,
      12.249775886535645,
      18.737354278564453,
      18.86799430847168,
      20.100208282470703,
      21.541000366210938,
      20.57794189453125,
      21.451765060424805,
      17.795215606689453,
      17.744625091552734
    ],
    [
      8.506087303161621,
      7.161612510681152,
      7.81709623336792,
      7.778379440307617,
      7.257134914398193,
      5.775655269622803,
      12.099976539611816,
      10.80339527130127,
      19.414897918701172,
      17.324275970458984,
      18.166337966918945,
      16.756216049194336,
      19.070783615112305,
      19.761030197143555,
      18.779273986816406,
      19.192113876342773,
      16.099178314208984,
      16.006643295288086
    ],
    [
      7.765147686004639,
      6.533687114715576,
      6.9958295822143555,
      7.397478103637695,
      6.697408199310303,
      5.979063510894775,
      12.785122871398926,
      12.249775886535645,
      17.324275970458984,
      20.21160316467285,
      18.627031326293945,
      17.82647132873535,
      19.447797775268555,
      20.159526824951172,
      19.41748046875,
      19.9537353515625,
      16.55044937133789,
      16.426271438598633
    ],
    [
      12.938432693481445,
      9.545455932617188,
      9.24618148803711,
      8.377927780151367,
      7.743817329406738,
      7.1761555671691895,
      19.52642822265625,
      18.737354278564453,
      18.166337966918945,
      18.627031326293945,
      32.03242492675781,
      29.11800193786621,
      31.547367095947266,
      32.60501480102539,
      29.171215057373047,
      30.00205421447754,
      26.101797103881836,
      26.123563766479492
    ],
    [
      10.173576354980469,
      6.880032062530518,
      7.66423225402832,
      6.774785995483398,
      7.3199005126953125,
      6.50756311416626,
      19.01865577697754,
      18.86799430847168,
      16.756216049194336,
      17.82647132873535,
      29.11800193786621,
      34.565547943115234,
      32.29311752319336,
      33.82197189331055,
      28.808671951293945,
      30.098142623901367,
      25.698972702026367,
      25.79804229736328
    ],
    [
      12.525150299072266,
      9.484570503234863,
      8.66092300415039,
      8.327818870544434,
      7.3053297996521,
      6.909955978393555,
      20.801050186157227,
      20.100208282470703,
      19.070783615112305,
      19.447797775268555,
      31.547367095947266,
      32.29311752319336,
      39.983158111572266,
      39.248634338378906,
      32.779266357421875,
      33.65938949584961,
      29.086055755615234,
      29.19829750061035
    ],
    [
      12.284677505493164,
      9.980977058410645,
      8.884994506835938,
      8.43456745147705,
      7.681692600250244,
      6.85403299331665,
      21.47614860534668,
      21.541000366210938,
      19.761030197143555,
      20.159526824951172,
      32.60501480102539,
      33.82197189331055,
      39.248634338378906,
      42.56924819946289,
      33.33512496948242,
      34.52479934692383,
      29.582611083984375,
      29.614412307739258
    ],
    [
      13.4150390625,
      10.100235939025879,
      8.843877792358398,
      9.597935676574707,
      8.899989128112793,
      8.530364036560059,
      21.471527099609375,
      20.57794189453125,
      18.779273986816406,
      19.41748046875,
      29.171215057373047,
      28.808671951293945,
      32.779266357421875,
      33.33512496948242,
      41.14213180541992,
      41.11071014404297,
      34.21416473388672,
      33.811702728271484
    ],
    [
      13.886487007141113,
      10.441254615783691,
      8.919889450073242,
      9.5089111328125,
      9.20479679107666,
      8.551935195922852,
      22.338605880737305,
      21.451765060424805,
      19.192113876342773,
      19.9537353515625,
      30.00205421447754,
      30.098142623901367,
      33.65938949584961,
      34.52479934692383,
      41.11071014404297,
      42.478763580322266,
      34.681156158447266,
      34.2406005859375
    ],
    [
      12.811573028564453,
      9.410486221313477,
      8.405494689941406,
      8.408103942871094,
      6.948596000671387,
      7.411246299743652,
      19.06459617614746,
      17.795215606689453,
      16.099178314208984,
      16.55044937133789,
      26.101797103881836,
      25.698972702026367,
      29.086055755615234,
      29.582611083984375,
      34.21416473388672,
      34.681156158447266,
      31.023422241210938,
      30.397600173950195
    ],
    [
      12.958664894104004,
      9.72273063659668,
      8.291129112243652,
      8.297658920288086,
      7.184601306915283,
      7.188877582550049,
      19.091629028320312,
      17.744625091552734,
      16.006643295288086,
      16.426271438598633,
      26.123563766479492,
      25.79804229736328,
      29.19829750061035,
      29.614412307739258,
      33.811702728271484,
      34.2406005859375,
      30.397600173950195,
      30.40699577331543
    ]
  ],
  "covariance_short": [
    [
      48.58738327026367,
      25.08704376220703,
      15.865166664123535,
      6.909343719482422,
      8.066062927246094,
      2.7332606315612793,
      9.248014450073242,
      5.155271053314209,
      10.136487007141113,
      7.939889430999756,
      11.634968757629395,
      9.157529830932617,
      11.374112129211426,
      10.768881797790527,
      10.682145118713379,
      11.124491691589355,
      9.816510200500488,
      9.814852714538574
    ],
    [
      25.08704376220703,
      41.55644989013672,
      8.800393104553223,
      8.089591979980469,
      5.984851360321045,
      3.302232503890991,
      5.840452671051025,
      2.8605775833129883,
      7.330749988555908,
      6.326704978942871,
      8.86048698425293,
      7.053523540496826,
      8.957620620727539,
      9.197883605957031,
      8.749651908874512,
      8.913771629333496,
      8.06441593170166,
      8.416241645812988
    ],
    [
      15.865166664123535,
      8.800393104553223,
      23.03875732421875,
      9.200478553771973,
      11.391919136047363,
      6.0433197021484375,
      9.401810646057129,
      7.413753986358643,
      9.206737518310547,
      7.638864517211914,
      9.494627952575684,
      7.670506954193115,
      8.459446907043457,
      8.386347770690918,
      8.41788101196289,
      8.46056842803955,
      7.966534614562988,
      7.738027572631836
    ],
    [
      6.909343719482422,
      8.089591979980469,
      9.200478553771973,
      17.021373748779297,
      6.174398422241211,
      5.486804962158203,
      7.627568244934082,
      6.872406959533691,
      8.35224437713623,
      7.923661231994629,
      8.606212615966797,
      7.476446628570557,
      8.841917991638184,
      8.725173950195312,
      9.944857597351074,
      9.74497127532959,
      8.649582862854004,
      8.509832382202148
    ],
    [
      8.066062927246094,
      5.984851360321045,
      11.391919136047363,
      6.174398422241211,
      23.335857391357422,
      11.072591781616211,
      8.728875160217285,
      6.650712013244629,
      9.841981887817383,
      8.353715896606445,
      9.490683555603027,
      8.796883583068848,
      8.773848533630371,
      8.603164672851562,
      9.207569122314453,
      9.495208740234375,
      7.250218391418457,
      7.290043830871582
    ],
    [
      2.7332606315612793,
      3.302232503890991,
      6.0433197021484375,
      5.486804962158203,
      11.072591781616211,
      15.665922164916992,
      6.936229228973389,
      6.24271297454834,
      7.3026204109191895,
      7.599668502807617,
      7.848503112792969,
      7.077020168304443,
      7.779210090637207,
      7.4162726402282715,
      9.307286262512207,
      9.13015079498291,
      7.969573020935059,
      7.650493621826172
    ],
    [
      9.248014450073242,
      5.840452671051025,
      9.401810646057129,
      7.627568244934082,
      8.728875160217285,
      6.936229228973389,
      26.98763084411621,
      22.749940872192383,
      15.147125244140625,
      15.18320083618164,
      20.67926788330078,
      19.6475887298584,
      21.933700561523438,
      22.03885841369629,
      22.127267837524414,
      22.846120834350586,
      19.15583610534668,
      19.063962936401367
    ],
    [
      5.155271053314209,
      2.8605775833129883,
      7.413753986358643,
      6.872406959533691,
      6.650712013244629,
      6.24271297454834,
      22.749940872192383,
      31.17538070678711,
      12.902649879455566,
      14.205867767333984,
      18.875356674194336,
      18.440828323364258,
      19.939132690429688,
      20.89226722717285,
      20.35508155822754,
      21.0271053314209,
      17.07062530517578,
      17.039100646972656
    ],
    [
      10.136487007141113,
      7.330749988555908,
      9.206737518310547,
      8.35224437713623,
      9.841981887817383,
      7.3026204109191895,
      15.147125244140625,
      12.902649879455566,
      25.329978942871094,
      20.25933837890625,
      20.999248504638672,
      19.689739227294922,
      22.01898193359375,
      22.344951629638672,
      21.329288482666016,
      21.722944259643555,
      18.026870727539062,
      17.8233699798584
    ],
    [
      7.939889430999756,
      6.326704978942871,
      7.638864517211914,
      7.923661231994629,
      8.353715896606445,
      7.599668502807617,
      15.18320083618164,
      14.205867767333984,
      20.25933837890625,
      25.80381202697754,
      21.160749435424805,
      20.28106117248535,
      22.223413467407227,
      22.597400665283203,
      21.887413024902344,
      22.19040298461914,
      18.362518310546875,
      18.189517974853516
    ],
    [
      11.634968757629395,
      8.86048698425293,
      9.494627952575684,
      8.606212615966797,
      9.490683555603027,
      7.848503112792969,
      20.67926788330078,
      18.875356674194336,
      20.999248504638672,
      21.160749435424805,
      37.474281311035156,
      32.839447021484375,
      34.55440902709961,
      34.96904754638672,
      31.884485244750977,
      32.64076232910156,
      27.97754669189453,
      27.79987144470215
    ],
    [
      9.157529830932617,
      7.053523540496826,
      7.670506954193115,
      7.476446628570557,
      8.796883583068848,
      7.077020168304443,
      19.6475887298584,
      18.440828323364258,
      19.689739227294922,
      20.28106117248535,
      32.839447021484375,
      40.057926177978516,
      35.65896224975586,
      36.58466339111328,
      31.32383918762207,
      32.623695373535156,
      27.624900817871094,
      27.591529846191406
    ],
    [
      11.374112129211426,
      8.957620620727539,
      8.459446907043457,
      8.841917991638184,
      8.773848533630371,
      7.779210090637207,
      21.933700561523438,
      19.939132690429688,
      22.01898193359375,
      22.223413467407227,
      34.55440902709961,
      35.65896224975586,
      46.063148498535156,
      43.85089874267578,
      36.8206901550293,
      37.66212844848633,
      32.496238708496094,
      32.36309051513672
    ],
    [
      10.768881797790527,
      9.197883605957031,
      8.386347770690918,
      8.725173950195312,
      8.603164672851562,
      7.4162726402282715,
      22.03885841369629,
      20.89226722717285,
      22.344951629638672,
      22.597400665283203,
      34.96904754638672,
      36.58466339111328,
      43.85089874267578,
      47.845306396484375,
      36.88710021972656,
      38.13957977294922,
      32.58230209350586,
      32.39536666870117
    ],
    [
      10.682145118713379,
      8.749651908874512,
      8.41788101196289,
      9.944857597351074,
      9.207569122314453,
      9.307286262512207,
      22.127267837524414,
      20.35508155822754,
      21.329288482666016,
      21.887413024902344,
      31.884485244750977,
      31.32383918762207,
      36.8206901550293,
      36.88710021972656,
      47.131736755371094,
      46.4179801940918,
      38.687217712402344,
      37.97205352783203
    ],
    [
      11.124491691589355,
      8.913771629333496,
      8.46056842803955,
      9.74497127532959,
      9.495208740234375,
      9.13015079498291,
      22.846120834350586,
      21.0271053314209,
      21.722944259643555,
      22.19040298461914,
      32.64076232910156,
      32.623695373535156,
      37.66212844848633,
      38.13957977294922,
      46.4179801940918,
      48.458072662353516,
      39.04750442504883,
      38.305721282958984
    ],
    [
      9.816510200500488,
      8.06441593170166,
      7.966534614562988,
      8.649582862854004,
      7.250218391418457,
      7.969573020935059,
      19.15583610534668,
      17.07062530517578,
      18.026870727539062,
      18.362518310546875,
      27.97754669189453,
      27.624900817871094,
      32.496238708496094,
      32.58230209350586,
      38.687217712402344,
      39.04750442504883,
      35.68038558959961,
      34.502323150634766
    ],
    [
      9.814852714538574,
      8.416241645812988,
      7.738027572631836,
      8.509832382202148,
      7.290043830871582,
      7.650493621826172,
      19.063962936401367,
      17.039100646972656,
      17.8233699798584,
      18.189517974853516,
      27.79987144470215,
      27.591529846191406,
      32.36309051513672,
      32.39536666870117,
      37.97205352783203,
      38.305721282958984,
      34.502323150634766,
      34.56805419921875
    ]
  ],
  "drr": 11.963950157165527,
  "dynamics": 2.9861345291137695,
  "format": 1245190,
  "frames": 8241152,
  "loudness": -13.980376243591309,
  "loudness_range": 7.835285186767578,
  "loudness_range_short": 9.792726516723633,
  "peak": -0.06977922469377518,
  "rms": -16.16533660888672,
  "sample_rate": 44100,
  "sections": 1,
  "seekable": 1,
  "sharpness": 1.980944275856018,
  "space": -2.338829517364502
}