{
  "bands": [
    {
      "high_freq": 148.1999969482422,
      "loudness": -28.4865779876709,
      "loudness_range": 17.77543067932129,
      "mid_mean": -25.493593215942383,
      "mid_to_side_loudness": -12.02674674987793,
      "mid_to_side_loudness_range": 21.07610511779785,
      "side_mean": -37.57844161987305
    },
    {
      "high_freq": 392.3793640136719,
      "loudness": -21.2749080657959,
      "loudness_range": 7.6428680419921875,
      "low_freq": 148.1999969482422,
      "mid_mean": -19.08632469177246,
      "mid_to_side_loudness": -4.6509270668029785,
      "mid_to_side_loudness_range": 9.828496932983398,
      "side_mean": -23.896324157714844
    },
    {
      "high_freq": 794.6976318359375,
      "loudness": -25.691747665405273,
      "loudness_range": 17.022998809814453,
      "low_freq": 392.3793640136719,
      "mid_mean": -23.013999938964844,
      "mid_to_side_loudness": -8.108176231384277,
      "mid_to_side_loudness_range": 16.312089920043945,
      "side_mean": -31.37649917602539
    },
    {
      "high_freq": 1457.5709228515625,
      "loudness": -29.39634895324707,
      "loudness_range": 22.996503829956055,
      "low_freq": 794.6976318359375,
      "mid_mean": -26.93083953857422,
      "mid_to_side_loudness": -7.772624492645264,
      "mid_to_side_loudness_range": 19.8535099029541,
      "side_mean": -35.14328384399414
    },
    {
      "high_freq": 2549.74365234375,
      "loudness": -33.38435363769531,
      "loudness_range": 25.97180938720703,
      "low_freq": 1457.5709228515625,
      "mid_mean": -30.864347457885742,
      "mid_to_side_loudness": -7.989546775817871,
      "mid_to_side_loudness_range": 19.96471405029297,
      "side_mean": -39.254791259765625
    },
    {
      "high_freq": 4349.24462890625,
      "loudness": -35.04747009277344,
      "loudness_range": 19.113452911376953,
      "low_freq": 2549.74365234375,
      "mid_mean": -32.27069091796875,
      "mid_to_side_loudness": -8.705947875976562,
      "mid_to_side_loudness_range": 17.52774429321289,
      "side_mean": -41.43810272216797
    },
    {
      "high_freq": 7314.1640625,
      "loudness": -37.98472213745117,
      "loudness_range": 18.235538482666016,
      "low_freq": 4349.24462890625,
      "mid_mean": -34.92948913574219,
      "mid_to_side_loudness": -9.897900581359863,
      "mid_to_side_loudness_range": 15.457915306091309,
      "side_mean": -45.4373779296875
    },
    {
      "high_freq": 12199.2666015625,
      "loudness": -37.14727020263672,
      "loudness_range": 19.58169174194336,
      "low_freq": 7314.1640625,
      "mid_mean": -33.88459014892578,
      "mid_to_side_loudness": -12.569720268249512,
      "mid_to_side_loudness_range": 19.2086181640625,
      "side_mean": -47.38380813598633
    },
    {
      "loudness": -48.078250885009766,
      "loudness_range": 19.242626190185547,
      "low_freq": 12199.2666015625,
      "mid_mean": -45.198917388916016,
      "mid_to_side_loudness": -11.455129623413086,
      "mid_to_side_loudness_range": 18.869422912597656,
      "side_mean": -57.001617431640625
    }
  ],
  "bands_short": [
    {
      "high_freq": 148.1999969482422,
      "loudness": -32.02574920654297,
      "loudness_range": 23.74219512939453,
      "mid_mean": -28.923128128051758,
      "mid_to_side_loudness": -14.649009704589844,
      "mid_to_side_loudness_range": 26.00912094116211,
      "side_mean": -43.91532516479492
    },
    {
      "high_freq": 392.3793640136719,
      "loudness": -22.103822708129883,
      "loudness_range": 10.71551513671875,
      "low_freq": 148.1999969482422,
      "mid_mean": -20.2977237701416,
      "mid_to_side_loudness": -4.120631694793701,
      "mid_to_side_loudness_range": 13.44243049621582,
      "side_mean": -24.51666259765625
    },
    {
      "high_freq": 794.6976318359375,
      "loudness": -26.436847686767578,
      "loudness_range": 18.534330368041992,
      "low_freq": 392.3793640136719,
      "mid_mean": -24.018863677978516,
      "mid_to_side_loudness": -7.266094207763672,
      "mid_to_side_loudness_range": 17.83985710144043,
      "side_mean": -31.59282684326172
    },
    {
      "high_freq": 1457.5709228515625,
      "loudness": -30.086610794067383,
      "loudness_range": 26.55862045288086,
      "low_freq": 794.6976318359375,
      "mid_mean": -27.96124839782715,
      "mid_to_side_loudness": -6.7861552238464355,
      "mid_to_side_loudness_range": 20.885662078857422,
      "side_mean": -35.34446716308594
    },
    {
      "high_freq": 2549.74365234375,
      "loudness": -35.161312103271484,
      "loudness_range": 28.967891693115234,
      "low_freq": 1457.5709228515625,
      "mid_mean": -32.97074508666992,
      "mid_to_side_loudness": -6.6747260093688965,
      "mid_to_side_loudness_range": 19.76456642150879,
      "side_mean": -40.156429290771484
    },
    {
      "high_freq": 4349.24462890625,
      "loudness": -36.87045669555664,
      "loudness_range": 22.267086029052734,
      "low_freq": 2549.74365234375,
      "mid_mean": -34.39094543457031,
      "mid_to_side_loudness": -7.7559733390808105,
      "mid_to_side_loudness_range": 18.940757751464844,
      "side_mean": -42.61187744140625
    },
    {
      "high_freq": 7314.1640625,
      "loudness": -41.23093795776367,
      "loudness_range": 25.139333724975586,
      "low_freq": 4349.24462890625,
      "mid_mean": -38.60761642456055,
      "mid_to_side_loudness": -8.170039176940918,
      "mid_to_side_loudness_range": 17.909765243530273,
      "side_mean": -47.36731719970703
    },
    {
      "high_freq": 12199.2666015625,
      "loudness": -39.75934982299805,
      "loudness_range": 23.291975021362305,
      "low_freq": 7314.1640625,
      "mid_mean": -36.71757888793945,
      "mid_to_side_loudness": -12.088844299316406,
      "mid_to_side_loudness_range": 22.56831932067871,
      "side_mean": -50.60097885131836
    },
    {
      "loudness": -51.17176818847656,
      "loudness_range": 24.468647003173828,
      "low_freq": 12199.2666015625,
      "mid_mean": -48.16987228393555,
      "mid_to_side_loudness": -12.426383972167969,
      "mid_to_side_loudness_range": 23.44063949584961,
      "side_mean": -60.268306732177734
    }
  ],
  "channels": 2,
  "covariance": [
    [
      50.01708984375,
      8.534491539001465,
      6.566199779510498,
      3.5723958015441895,
      6.887697696685791,
      5.772361755371094,
      4.213719844818115,
      6.143250465393066,
      4.18577241897583,
      10.905492782592773,
      1.6400665044784546,
      5.218163013458252,
      -1.250382423400879,
      3.4404408931732178,
      -1.3817663192749023,
      2.3898463249206543,
      2.5616400241851807,
      3.105652332305908
    ],
    [
      8.534491539001465,
      20.80426597595215,
      1.2989063262939453,
      3.5880074501037598,
      -4.424927234649658,
      -0.7427971363067627,
      -6.752591133117676,
      -4.048273086547852,
      -10.776299476623535,
      -3.602245569229126,
      -8.260427474975586,
      -2.0209121704101562,
      -7.232831954956055,
      -2.045647382736206,
      -6.406980514526367,
      -1.946055293083191,
      -2.0073580741882324,
      -0.837539553642273
    ],
    [
      6.566199779510498,
      1.2989063262939453,
      16.01934051513672,
      7.094278812408447,
      15.066865921020508,
      6.195321559906006,
      12.646008491516113,
      6.3866448402404785,
      15.950394630432129,
      8.26723575592041,
      14.046360969543457,
      6.95646333694458,
      11.615169525146484,
      8.157083511352539,
      12.48890495300293,
      8.327479362487793,
      14.67736530303955,
      3.0549893379211426
    ],
    [
      3.5723958015441895,
      3.5880074501037598,
      7.094278812408447,
      11.422723770141602,
      5.085585594177246,
      4.351200580596924,
      3.0027573108673096,
      2.968088150024414,
      3.0971109867095947,
      3.7711358070373535,
      2.868173122406006,
      4.130255699157715,
      3.019312858581543,
      4.718324661254883,
      1.8341145515441895,
      4.328794956207275,
      6.549212455749512,
      1.560866355895996
    ],
    [
      6.887697696685791,
      -4.424927234649658,
      15.066865921020508,
      5.085585594177246,
      46.118316650390625,
      16.46728515625,
      44.698177337646484,
      18.823482513427734,
      47.3753547668457,
      20.701087951660156,
      32.36088562011719,
      11.487740516662598,
      16.68894386291504,
      10.29648494720459,
      23.34215545654297,
      11.503105163574219,
      24.173030853271484,
      5.631502628326416
    ],
    [
      5.772361755371094,
      -0.7427971363067627,
      6.195321559906006,
      4.351200580596924,
      16.46728515625,
      19.25702667236328,
      15.054896354675293,
      16.797269821166992,
      15.665820121765137,
      16.291507720947266,
      9.080242156982422,
      9.902933120727539,
      4.599650859832764,
      7.722639083862305,
      4.550119876861572,
      6.523649215698242,
      8.651785850524902,
      4.527669429779053
    ],
    [
      4.213719844818115,
      -6.752591133117676,
      12.646008491516113,
      3.0027573108673096,
      44.698177337646484,
      15.054896354675293,
      69.73148345947266,
      23.174962997436523,
      63.145442962646484,
      23.747404098510742,
      40.38115310668945,
      12.943683624267578,
      16.665170669555664,
      10.369321823120117,
      25.98960304260254,
      10.804281234741211,
      25.850963592529297,
      5.140711307525635
    ],
    [
      6.143250465393066,
      -4.048273086547852,
      6.3866448402404785,
      2.968088150024414,
      18.823482513427734,
      16.797269821166992,
      23.174962997436523,
      32.12509536743164,
      21.196260452270508,
      24.76481056213379,
      14.509210586547852,
      17.77585220336914,
      10.492141723632812,
      14.013914108276367,
      8.941801071166992,
      12.092717170715332,
      11.668511390686035,
      8.698603630065918
    ],
    [
      4.18577241897583,
      -10.776299476623535,
      15.950394630432129,
      3.0971109867095947,
      47.3753547668457,
      15.665820121765137,
      63.145442962646484,
      21.196260452270508,
      80.226806640625,
      29.9368839263916,
      52.10052490234375,
      15.502288818359375,
      26.86241340637207,
      13.734450340270996,
      35.22882080078125,
      14.97148609161377,
      34.5295295715332,
      7.468760013580322
    ],
    [
      10.905492782592773,
      -3.602245569229126,
      8.26723575592041,
      3.7711358070373535,
      20.701087951660156,
      16.291507720947266,
      23.747404098510742,
      24.76481056213379,
      29.9368839263916,
      32.97203826904297,
      18.06798553466797,
      18.807592391967773,
      11.864553451538086,
      15.134363174438477,
      11.736815452575684,
      12.657269477844238,
      14.395400047302246,
      9.0736722946167
    ],
    [
      1.6400665044784546,
      -8.260427474975586,
      14.046360969543457,
      2.868173122406006,
      32.36088562011719,
      9.080242156982422,
      40.38115310668945,
      14.509210586547852,
      52.10052490234375,
      18.06798553466797,
      46.37133026123047,
      14.85045337677002,
      32.2393798828125,
      16.01738929748535,
      34.93427276611328,
      16.79549789428711,
      33.15166091918945,
      8.487746238708496
    ],
    [
      5.218163013458252,
      -2.0209121704101562,
      6.95646333694458,
      4.130255699157715,
      11.487740516662598,
      9.902933120727539,
      12.943683624267578,
      17.77585220336914,
      15.502288818359375,
      18.807592391967773,
      14.85045337677002,
      22.998449325561523,
      14.454140663146973,
      21.17971420288086,
      10.166547775268555,
      18.157209396362305,
      13.888506889343262,
      11.676796913146973
    ],
    [
      -1.250382423400879,
      -7.232831954956055,
      11.615169525146484,
      3.019312858581543,
      16.68894386291504,
      4.599650859832764,
      16.665170669555664,
      10.492141723632812,
      26.86241340637207,
      11.864553451538086,
      32.2393798828125,
      14.454140663146973,
      48.23320388793945,
      22.37215805053711,
      41.58540725708008,
      22.12968635559082,
      36.87445831298828,
      12.101081848144531
    ],
    [
      3.4404408931732178,
      -2.045647382736206,
      8.157083511352539,
      4.718324661254883,
      10.29648494720459,
      7.722639083862305,
      10.369321823120117,
      14.013914108276367,
      13.734450340270996,
      15.134363174438477,
      16.01738929748535,
      21.17971420288086,
      22.37215805053711,
      28.260845184326172,
      15.794219017028809,
      25.394044876098633,
      20.206897735595703,
      15.216182708740234
    ],
    [
      -1.3817663192749023,
      -6.406980514526367,
      12.48890495300293,
      1.8341145515441895,
      23.34215545654297,
      4.550119876861572,
      25.98960304260254,
      8.941801071166992,
      35.22882080078125,
      11.736815452575684,
      34.93427276611328,
      10.166547775268555,
      41.58540725708008,
      15.794219017028809,
      50.22309494018555,
      19.375486373901367,
      42.853885650634766,
      10.944113731384277
    ],
    [
      2.3898463249206543,
      -1.946055293083191,
      8.327479362487793,
      4.328794956207275,
      11.503105163574219,
      6.523649215698242,
      10.804281234741211,
      12.092717170715332,
      14.97148609161377,
      12.657269477844238,
      16.79549789428711,
      18.157209396362305,
      22.12968635559082,
      25.394044876098633,
      19.375486373901367,
      29.443161010742188,
      24.46335220336914,
      19.59856414794922
    ],
    [
      2.5616400241851807,
      -2.0073580741882324,
      14.67736530303955,
      6.549212455749512,
      24.173030853271484,
      8.651785850524902,
      25.850963592529297,
      11.668511390686035,
      34.5295295715332,
      14.395400047302246,
      33.15166091918945,
      13.888506889343262,
      36.87445831298828,
      20.206897735595703,
      42.853885650634766,
      24.46335220336914,
      50.59037399291992,
      16.762920379638672
    ],
    [
      3.105652332305908,
      -0.837539553642273,
      3.0549893379211426,
      1.560866355895996,
      5.631502628326416,
      4.527669429779053,
      5.140711307525635,
      8.698603630065918,
      7.468760013580322,
      9.0736722946167,
      8.487746238708496,
      11.676796913146973,
      12.101081848144531,
      15.216182708740234,
      10.944113731384277,
      19.59856414794922,
      16.762920379638672,
      26.523149490356445
    ]
  ],
  "covariance_short": [
    [
      78.80355072021484,
      17.131790161132812,
      12.924596786499023,
      5.442018508911133,
      9.975622177124023,
      6.610445499420166,
      6.839498043060303,
      6.371185779571533,
      9.334097862243652,
      10.747577667236328,
      6.662747383117676,
      5.823208808898926,
      3.274683952331543,
      5.753137588500977,
      2.850041627883911,
      4.414445400238037,
      6.019247531890869,
      0.41122791171073914
    ],
    [
      17.131790161132812,
      36.69639587402344,
      6.1277265548706055,
      7.260200023651123,
      1.3467141389846802,
      0.8123067021369934,
      -0.4289887249469757,
      0.7903026342391968,
      -3.1692628860473633,
      -0.4938702881336212,
      -0.9017229080200195,
      1.621949553489685,
      -0.44669029116630554,
      2.5877530574798584,
      -1.4275333881378174,
      1.3598957061767578,
      1.2156331539154053,
      0.05497191846370697
    ],
    [
      12.924596786499023,
      6.1277265548706055,
      23.47481918334961,
      8.573738098144531,
      15.13935375213623,
      6.549116611480713,
      9.862107276916504,
      5.679964065551758,
      13.419844627380371,
      8.072553634643555,
      12.991934776306152,
      7.31780481338501,
      12.17386245727539,
      8.154467582702637,
      12.648824691772461,
      8.808206558227539,
      13.616453170776367,
      2.1976263523101807
    ],
    [
      5.442018508911133,
      7.260200023651123,
      8.573738098144531,
      17.239643096923828,
      5.320005416870117,
      4.929314136505127,
      3.2907116413116455,
      3.9699621200561523,
      3.509502649307251,
      4.551321983337402,
      3.19368577003479,
      5.2864766120910645,
      3.6455204486846924,
      5.857762813568115,
      2.524322986602783,
      4.877841472625732,
      5.231315612792969,
      1.3843718767166138
    ],
    [
      9.975622177124023,
      1.3467141389846802,
      15.13935375213623,
      5.320005416870117,
      53.56452941894531,
      17.69096565246582,
      50.94687271118164,
      21.113758087158203,
      52.232093811035156,
      23.683509826660156,
      38.33845520019531,
      14.823371887207031,
      19.945436477661133,
      12.760732650756836,
      27.48704719543457,
      15.110359191894531,
      26.84989356994629,
      3.579601287841797
    ],
    [
      6.610445499420166,
      0.8123067021369934,
      6.549116611480713,
      4.929314136505127,
      17.69096565246582,
      23.71946144104004,
      17.0004825592041,
      18.740406036376953,
      18.115516662597656,
      19.023487091064453,
      11.875505447387695,
      12.593061447143555,
      7.7507195472717285,
      10.333444595336914,
      6.745993614196777,
      9.359829902648926,
      9.997481346130371,
      4.555562496185303
    ],
    [
      6.839498043060303,
      -0.4289887249469757,
      9.862107276916504,
      3.2907116413116455,
      50.94687271118164,
      17.0004825592041,
      87.235107421875,
      30.415687561035156,
      75.09352111816406,
      29.97443962097168,
      51.67740249633789,
      19.460773468017578,
      23.75938606262207,
      15.7479248046875,
      34.70869064331055,
      17.342771530151367,
      33.120967864990234,
      4.311312675476074
    ],
    [
      6.371185779571533,
      0.7903026342391968,
      5.679964065551758,
      3.9699621200561523,
      21.113758087158203,
      18.740406036376953,
      30.415687561035156,
      39.15253829956055,
      27.967226028442383,
      29.35261344909668,
      20.436540603637695,
      22.57465362548828,
      15.27797794342041,
      18.56363296508789,
      13.197587966918945,
      15.91285228729248,
      14.559603691101074,
      9.470345497131348
    ],
    [
      9.334097862243652,
      -3.1692628860473633,
      13.419844627380371,
      3.509502649307251,
      52.232093811035156,
      18.115516662597656,
      75.09352111816406,
      27.967226028442383,
      95.94276428222656,
      38.826053619384766,
      66.43960571289062,
      23.773170471191406,
      36.989070892333984,
      21.18413543701172,
      45.19672393798828,
      24.676958084106445,
      43.02567672729492,
      9.210474014282227
    ],
    [
      10.747577667236328,
      -0.4938702881336212,
      8.072553634643555,
      4.551321983337402,
      23.683509826660156,
      19.023487091064453,
      29.97443962097168,
      29.35261344909668,
      38.826053619384766,
      41.11282730102539,
      25.79593276977539,
      25.677963256835938,
      19.136045455932617,
      22.33849334716797,
      16.93132781982422,
      20.136384963989258,
      18.42852020263672,
      11.889056205749512
    ],
    [
      6.662747383117676,
      -0.9017229080200195,
      12.991934776306152,
      3.19368577003479,
      38.33845520019531,
      11.875505447387695,
      51.67740249633789,
      20.436540603637695,
      66.43960571289062,
      25.79593276977539,
      65.81684875488281,
      23.440507888793945,
      47.47845458984375,
      24.743572235107422,
      49.49862289428711,
      29.04125213623047,
      46.22945022583008,
      12.794031143188477
    ],
    [
      5.823208808898926,
      1.621949553489685,
      7.31780481338501,
      5.2864766120910645,
      14.823371887207031,
      12.593061447143555,
      19.460773468017578,
      22.57465362548828,
      23.773170471191406,
      25.677963256835938,
      23.440507888793945,
      33.837738037109375,
      22.648983001708984,
      32.63829040527344,
      14.607438087463379,
      29.33350944519043,
      16.854990005493164,
      16.16422462463379
    ],
    [
      3.274683952331543,
      -0.44669029116630554,
      12.17386245727539,
      3.6455204486846924,
      19.945436477661133,
      7.7507195472717285,
      23.75938606262207,
      15.27797794342041,
      36.989070892333984,
      19.136045455932617,
      47.47845458984375,
      22.648983001708984,
      69.06452178955078,
      33.19194412231445,
      57.15297317504883,
      38.12492752075195,
      52.10400390625,
      21.54269790649414
    ],
    [
      5.753137588500977,
      2.5877530574798584,
      8.154467582702637,
      5.857762813568115,
      12.760732650756836,
      10.333444595336914,
      15.7479248046875,
      18.56363296508789,
      21.18413543701172,
      22.33849334716797,
      24.743572235107422,
      32.63829040527344,
      33.19194412231445,
      47.21011734008789,
      21.2890682220459,
      44.35451126098633,
      24.390920639038086,
      24.164030075073242
    ],
    [
      2.850041627883911,
      -1.4275333881378174,
      12.648824691772461,
      2.524322986602783,
      27.48704719543457,
      6.745993614196777,
      34.70869064331055,
      13.197587966918945,
      45.19672393798828,
      16.93132781982422,
      49.49862289428711,
      14.607438087463379,
      57.15297317504883,
      21.2890682220459,
      74.75669860839844,
      31.12963104248047,
      61.86767578125,
      18.600332260131836
    ],
    [
      4.414445400238037,
      1.3598957061767578,
      8.808206558227539,
      4.877841472625732,
      15.110359191894531,
      9.359829902648926,
      17.342771530151367,
      15.91285228729248,
      24.676958084106445,
      20.136384963989258,
      29.04125213623047,
      29.33350944519043,
      38.12492752075195,
      44.35451126098633,
      31.12963104248047,
      63.96308898925781,
      38.154788970947266,
      38.97690963745117
    ],
    [
      6.019247531890869,
      1.2156331539154053,
      13.616453170776367,
      5.231315612792969,
      26.84989356994629,
      9.997481346130371,
      33.120967864990234,
      14.559603691101074,
      43.02567672729492,
      18.42852020263672,
      46.22945022583008,
      16.854990005493164,
      52.10400390625,
      24.390920639038086,
      61.86767578125,
      38.154788970947266,
      72.3313980102539,
      25.67420196533203
    ],
    [
      0.41122791171073914,
      0.05497191846370697,
      2.1976263523101807,
      1.3843718767166138,
      3.579601287841797,
      4.555562496185303,
      4.311312675476074,
      9.470345497131348,
      9.210474014282227,
      11.889056205749512,
      12.794031143188477,
      16.16422462463379,
      21.54269790649414,
      24.164030075073242,
      18.600332260131836,
      38.97690963745117,
      25.67420196533203,
      42.86338806152344
    ]
  ],
  "drr": 15.42547607421875,
  "dynamics": 3.548793315887451,
  "format": 1245190,
  "frames": 7835648,
  "loudness": -13.45554256439209,
  "loudness_range": 9.786828994750977,
  "loudness_range_short": 12.569696426391602,
  "peak": -0.3772396743297577,
  "rms": -15.069584846496582,
  "sample_rate": 44100,
  "sections": 1,
  "seekable": 1,
  "sharpness": 2.8317759037017822,
  "space": -7.457391738891602
}