{
  "bands": [
    {
      "high_freq": 148.1999969482422,
      "loudness": -23.563140869140625,
      "loudness_range": 8.756963729858398,
      "mid_mean": -19.968544006347656,
      "mid_to_side_loudness": -28.87276268005371,
      "mid_to_side_loudness_range": 20.28717041015625,
      "side_mean": -50.41659164428711
    },
    {
      "high_freq": 392.3793640136719,
      "loudness": -22.031526565551758,
      "loudness_range": 7.7028045654296875,
      "low_freq": 148.1999969482422,
      "mid_mean": -18.49827766418457,
      "mid_to_side_loudness": -18.26877212524414,
      "mid_to_side_loudness_range": 18.518489837646484,
      "side_mean": -37.3211784362793
    },
    {
      "high_freq": 794.6976318359375,
      "loudness": -22.777870178222656,
      "loudness_range": 8.504770278930664,
      "low_freq": 392.3793640136719,
      "mid_mean": -19.562435150146484,
      "mid_to_side_loudness": -11.043087005615234,
      "mid_to_side_loudness_range": 13.070059776306152,
      "side_mean": -30.917949676513672
    },
    {
      "high_freq": 1457.5709228515625,
      "loudness": -22.022193908691406,
      "loudness_range": 6.82611083984375,
      "low_freq": 794.6976318359375,
      "mid_mean": -19.257343292236328,
      "mid_to_side_loudness": -6.772078990936279,
      "mid_to_side_loudness_range": 7.652194023132324,
      "side_mean": -26.041946411132812
    },
    {
      "high_freq": 2549.74365234375,
      "loudness": -19.021705627441406,
      "loudness_range": 5.318199157714844,
      "low_freq": 1457.5709228515625,
      "mid_mean": -16.360124588012695,
      "mid_to_side_loudness": -6.229352951049805,
      "mid_to_side_loudness_range": 6.964844703674316,
      "side_mean": -22.398651123046875
    },
    {
      "high_freq": 4349.24462890625,
      "loudness": -17.168777465820312,
      "loudness_range": 4.10838508605957,
      "low_freq": 2549.74365234375,
      "mid_mean": -14.50624942779541,
      "mid_to_side_loudness": -6.254563331604004,
      "mid_to_side_loudness_range": 7.196465492248535,
      "side_mean": -20.58344841003418
    },
    {
      "high_freq": 7314.1640625,
      "loudness": -21.361309051513672,
      "loudness_range": 5.953435897827148,
      "low_freq": 4349.24462890625,
      "mid_mean": -18.208412170410156,
      "mid_to_side_loudness": -9.930749893188477,
      "mid_to_side_loudness_range": 9.92210578918457,
      "side_mean": -28.127634048461914
    },
    {
      "high_freq": 12199.2666015625,
      "loudness": -31.570636749267578,
      "loudness_range": 11.92385482788086,
      "low_freq": 7314.1640625,
      "mid_mean": -28.06699562072754,
      "mid_to_side_loudness": -15.945683479309082,
      "mid_to_side_loudness_range": 16.696828842163086,
      "side_mean": -44.659053802490234
    },
    {
      "loudness": -42.612972259521484,
      "loudness_range": 10.30563735961914,
      "low_freq": 12199.2666015625,
      "mid_mean": -39.10773849487305,
      "mid_to_side_loudness": -13.700666427612305,
      "mid_to_side_loudness_range": 13.221345901489258,
      "side_mean": -54.24111557006836
    }
  ],
  "bands_short": [
    {
      "high_freq": 148.1999969482422,
      "loudness": -28.324951171875,
      "loudness_range": 19.233736038208008,
      "mid_mean": -24.769447326660156,
      "mid_to_side_loudness": -28.656757354736328,
      "mid_to_side_loudness_range": 21.553255081176758,
      "side_mean": -54.50043869018555
    },
    {
      "high_freq": 392.3793640136719,
      "loudness": -21.933340072631836,
      "loudness_range": 11.809331893920898,
      "low_freq": 148.1999969482422,
      "mid_mean": -18.370208740234375,
      "mid_to_side_loudness": -19.495943069458008,
      "mid_to_side_loudness_range": 20.615320205688477,
      "side_mean": -38.48711013793945
    },
    {
      "high_freq": 794.6976318359375,
      "loudness": -23.775699615478516,
      "loudness_range": 12.828826904296875,
      "low_freq": 392.3793640136719,
      "mid_mean": -20.6508846282959,
      "mid_to_side_loudness": -11.176228523254395,
      "mid_to_side_loudness_range": 16.432844161987305,
      "side_mean": -32.112022399902344
    },
    {
      "high_freq": 1457.5709228515625,
      "loudness": -22.20625114440918,
      "loudness_range": 8.73257827758789,
      "low_freq": 794.6976318359375,
      "mid_mean": -19.58629035949707,
      "mid_to_side_loudness": -6.642469882965088,
      "mid_to_side_loudness_range": 10.45012378692627,
      "side_mean": -26.27130889892578
    },
    {
      "high_freq": 2549.74365234375,
      "loudness": -19.283096313476562,
      "loudness_range": 6.699032783508301,
      "low_freq": 1457.5709228515625,
      "mid_mean": -16.725570678710938,
      "mid_to_side_loudness": -6.237790107727051,
      "mid_to_side_loudness_range": 9.39089584350586,
      "side_mean": -22.76189422607422
    },
    {
      "high_freq": 4349.24462890625,
      "loudness": -17.308687210083008,
      "loudness_range": 5.594783782958984,
      "low_freq": 2549.74365234375,
      "mid_mean": -14.689718246459961,
      "mid_to_side_loudness": -6.46298885345459,
      "mid_to_side_loudness_range": 9.321978569030762,
      "side_mean": -20.999988555908203
    },
    {
      "high_freq": 7314.1640625,
      "loudness": -21.483827590942383,
      "loudness_range": 7.176774978637695,
      "low_freq": 4349.24462890625,
      "mid_mean": -18.37295913696289,
      "mid_to_side_loudness": -10.028018951416016,
      "mid_to_side_loudness_range": 12.06849193572998,
      "side_mean": -28.397268295288086
    },
    {
      "high_freq": 12199.2666015625,
      "loudness": -32.5137825012207,
      "loudness_range": 12.949115753173828,
      "low_freq": 7314.1640625,
      "mid_mean": -29.058818817138672,
      "mid_to_side_loudness": -16.01209831237793,
      "mid_to_side_loudness_range": 18.976512908935547,
      "side_mean": -45.68330001831055
    },
    {
      "loudness": -43.95344161987305,
      "loudness_range": 15.11239242553711,
      "low_freq": 12199.2666015625,
      "mid_mean": -40.535701751708984,
      "mid_to_side_loudness": -13.764551162719727,
      "mid_to_side_loudness_range": 16.723669052124023,
      "side_mean": -55.585044860839844
    }
  ],
  "channels": 2,
  "covariance": [
    [
      23.496252059936523,
      5.695036888122559,
      0.4973399043083191,
      3.2144529819488525,
      -1.5997785329818726,
      2.087707757949829,
      -1.0253541469573975,
      1.0190426111221313,
      1.248954176902771,
      2.6491804122924805,
      0.9579357504844666,
      4.449133396148682,
      -0.7493225932121277,
      3.9182281494140625,
      -2.0408666133880615,
      2.3136091232299805,
      -1.6287167072296143,
      2.5394599437713623
    ],
    [
      5.695036888122559,
      25.659704208374023,
      0.0690581351518631,
      12.804795265197754,
      1.4389644861221313,
      8.95456600189209,
      2.0489776134490967,
      4.251021862030029,
      1.710850715637207,
      2.084252119064331,
      0.791409432888031,
      1.4586902856826782,
      -1.4477638006210327,
      2.649435520172119,
      -2.9955155849456787,
      5.56128454208374,
      -3.3095335960388184,
      15.22957992553711
    ],
    [
      0.4973399043083191,
      0.0690581351518631,
      9.139632225036621,
      1.8315259218215942,
      3.7924468517303467,
      0.951869547367096,
      1.5047264099121094,
      1.8262386322021484,
      0.9334883689880371,
      0.8917407989501953,
      0.5252965688705444,
      0.6484363675117493,
      0.5471698045730591,
      0.8610555529594421,
      0.9226212501525879,
      3.719027519226074,
      0.9417753219604492,
      3.7169923782348633
    ],
    [
      3.2144529819488525,
      12.804795265197754,
      1.8315259218215942,
      28.531278610229492,
      5.218501091003418,
      18.1800537109375,
      5.207417964935303,
      8.713184356689453,
      3.150783061981201,
      3.429774761199951,
      1.5521938800811768,
      1.5767487287521362,
      -1.1834408044815063,
      4.029332637786865,
      -3.4783802032470703,
      12.043474197387695,
      -5.000826835632324,
      5.6642165184021
    ],
    [
      -1.5997785329818726,
      1.4389644861221313,
      3.7924468517303467,
      5.218501091003418,
      12.178243637084961,
      5.05150032043457,
      5.336719989776611,
      2.825826644897461,
      1.8239835500717163,
      0.26205796003341675,
      1.223955750465393,
      -0.012498127296566963,
      0.7601234912872314,
      0.036807503551244736,
      2.30134654045105,
      5.781614303588867,
      3.089900255203247,
      5.889491081237793
    ],
    [
      2.087707757949829,
      8.95456600189209,
      0.951869547367096,
      18.1800537109375,
      5.05150032043457,
      17.188011169433594,
      4.353220462799072,
      7.865996360778809,
      2.9653844833374023,
      3.3004379272460938,
      1.9377132654190063,
      1.3740589618682861,
      -0.06839579343795776,
      2.3966550827026367,
      -1.9001206159591675,
      8.747509002685547,
      -2.5698513984680176,
      5.811164379119873
    ],
    [
      -1.0253541469573975,
      2.0489776134490967,
      1.5047264099121094,
      5.207417964935303,
      5.336719989776611,
      4.353220462799072,
      7.644338607788086,
      4.781258583068848,
      4.347764492034912,
      1.4091540575027466,
      2.981895685195923,
      0.5209239721298218,
      1.5531378984451294,
      0.7862997055053711,
      0.22611984610557556,
      4.130308628082275,
      0.11062102019786835,
      2.2087631225585938
    ],
    [
      1.0190426111221313,
      4.251021862030029,
      1.8262386322021484,
      8.713184356689453,
      2.825826644897461,
      7.865996360778809,
      4.781258583068848,
      8.961400032043457,
      3.8092684745788574,
      3.6126351356506348,
      2.830622911453247,
      1.0916732549667358,
      2.090273857116699,
      1.7022830247879028,
      -0.13544832170009613,
      5.081251621246338,
      -0.9126585125923157,
      2.6176657676696777
    ],
    [
      1.248954176902771,
      1.710850715637207,
      0.9334883689880371,
      3.150783061981201,
      1.8239835500717163,
      2.9653844833374023,
      4.347764492034912,
      3.8092684745788574,
      6.730411529541016,
      2.4415547847747803,
      4.3401665687561035,
      1.5322494506835938,
      2.093982458114624,
      1.290650486946106,
      -0.999824583530426,
      1.4208104610443115,
      -1.2532861232757568,
      0.9461709856987
    ],
    [
      2.6491804122924805,
      2.084252119064331,
      0.8917407989501953,
      3.429774761199951,
      0.26205796003341675,
      3.3004379272460938,
      1.4091540575027466,
      3.6126351356506348,
      2.4415547847747803,
      4.478942394256592,
      1.2208797931671143,
      2.9993011951446533,
      0.627230703830719,
      2.730867385864258,
      -0.1453709602355957,
      1.9974467754364014,
      -0.5277802348136902,
      1.7651206254959106
    ],
    [
      0.9579357504844666,
      0.791409432888031,
      0.5252965688705444,
      1.5521938800811768,
      1.223955750465393,
      1.9377132654190063,
      2.981895685195923,
      2.830622911453247,
      4.3401665687561035,
      1.2208797931671143,
      5.207371711730957,
      1.7031052112579346,
      3.740002393722534,
      1.420541763305664,
      1.210684061050415,
      1.2896058559417725,
      0.4229137897491455,
      1.4839001893997192
    ],
    [
      4.449133396148682,
      1.4586902856826782,
      0.6484363675117493,
      1.5767487287521362,
      -0.012498127296566963,
      1.3740589618682861,
      0.5209239721298218,
      1.0916732549667358,
      1.5322494506835938,
      2.9993011951446533,
      1.7031052112579346,
      5.130474090576172,
      0.7703188061714172,
      4.424232482910156,
      0.03557763621211052,
      2.17852783203125,
      0.03878386691212654,
      2.4760844707489014
    ],
    [
      -0.7493225932121277,
      -1.4477638006210327,
      0.5471698045730591,
      -1.1834408044815063,
      0.7601234912872314,
      -0.06839579343795776,
      1.5531378984451294,
      2.090273857116699,
      2.093982458114624,
      0.627230703830719,
      3.740002393722534,
      0.7703188061714172,
      7.688338756561279,
      1.2498341798782349,
      6.611725807189941,
      1.9710670709609985,
      3.9922308921813965,
      2.9779412746429443
    ],
    [
      3.9182281494140625,
      2.649435520172119,
      0.8610555529594421,
      4.029332637786865,
      0.036807503551244736,
      2.3966550827026367,
      0.7862997055053711,
      1.7022830247879028,
      1.290650486946106,
      2.730867385864258,
      1.420541763305664,
      4.424232482910156,
      1.2498341798782349,
      6.021453380584717,
      0.7805367708206177,
      4.398486137390137,
      0.08516446501016617,
      3.4492783546447754
    ],
    [
      -2.0408666133880615,
      -2.9955155849456787,
      0.9226212501525879,
      -3.4783802032470703,
      2.30134654045105,
      -1.9001206159591675,
      0.22611984610557556,
      -0.13544832170009613,
      -0.999824583530426,
      -0.1453709602355957,
      1.210684061050415,
      0.03557763621211052,
      6.611725807189941,
      0.7805367708206177,
      17.922853469848633,
      5.586135387420654,
      13.530423164367676,
      8.646848678588867
    ],
    [
      2.3136091232299805,
      5.56128454208374,
      3.719027519226074,
      12.043474197387695,
      5.781614303588867,
      8.747509002685547,
      4.130308628082275,
      5.081251621246338,
      1.4208104610443115,
      1.9974467754364014,
      1.2896058559417725,
      2.17852783203125,
      1.9710670709609985,
      4.398486137390137,
      5.586135387420654,
      17.261018753051758,
      2.9977755546569824,
      9.630558013916016
    ],
    [
      -1.6287167072296143,
      -3.3095335960388184,
      0.9417753219604492,
      -5.000826835632324,
      3.089900255203247,
      -2.5698513984680176,
      0.11062102019786835,
      -0.9126585125923157,
      -1.2532861232757568,
      -0.5277802348136902,
      0.4229137897491455,
      0.03878386691212654,
      3.9922308921813965,
      0.08516446501016617,
      13.530423164367676,
      2.9977755546569824,
      15.38436508178711,
      8.718650817871094
    ],
    [
      2.5394599437713623,
      15.22957992553711,
      3.7169923782348633,
      5.6642165184021,
      5.889491081237793,
      5.811164379119873,
      2.2087631225585938,
      2.6176657676696777,
      0.9461709856987,
      1.7651206254959106,
      1.4839001893997192,
      2.4760844707489014,
      2.9779412746429443,
      3.4492783546447754,
      8.646848678588867,
      9.630558013916016,
      8.718650817871094,
      23.799083709716797
    ]
  ],
  "covariance_short": [
    [
      48.481903076171875,
      13.391913414001465,
      2.621218681335449,
      1.63427734375,
      -0.686601996421814,
      1.2661648988723755,
      -1.42582106590271,
      0.33759668469429016,
      1.65688157081604,
      2.6967227458953857,
      2.085177421569824,
      5.876002311706543,
      -0.4730081558227539,
      5.069593906402588,
      -0.6641063094139099,
      3.1168060302734375,
      0.6955597400665283,
      3.4540650844573975
    ],
    [
      13.391913414001465,
      34.76460647583008,
      2.6609044075012207,
      14.18159008026123,
      3.8497743606567383,
      10.884515762329102,
      3.3588309288024902,
      6.72983455657959,
      2.923686981201172,
      3.5865414142608643,
      2.044855833053589,
      3.88547945022583,
      -0.3151702284812927,
      4.827410697937012,
      -1.0131216049194336,
      8.38927173614502,
      -1.283517599105835,
      16.106090545654297
    ],
    [
      2.621218681335449,
      2.6609044075012207,
      18.63267707824707,
      3.468280553817749,
      6.831369400024414,
      1.675365924835205,
      2.936042070388794,
      2.250455617904663,
      1.786271333694458,
      1.8337056636810303,
      1.034372329711914,
      2.502511501312256,
      0.5284536480903625,
      3.197435140609741,
      1.6791207790374756,
      6.840013027191162,
      2.5660290718078613,
      6.679261207580566
    ],
    [
      1.63427734375,
      14.18159008026123,
      3.468280553817749,
      30.0339412689209,
      5.8656744956970215,
      20.14357566833496,
      5.699228763580322,
      10.8236083984375,
      3.409947156906128,
      4.781601428985596,
      1.4807872772216797,
      3.4000113010406494,
      -1.4515084028244019,
      5.203327655792236,
      -2.106513023376465,
      13.69499397277832,
      -3.983145236968994,
      7.806950569152832
    ],
    [
      -0.686601996421814,
      3.8497743606567383,
      6.831369400024414,
      5.8656744956970215,
      22.048246383666992,
      7.249919414520264,
      9.266606330871582,
      4.121273994445801,
      3.6957709789276123,
      0.2549881339073181,
      2.2402825355529785,
      0.1816597729921341,
      1.7949650287628174,
      0.5838550329208374,
      5.992868900299072,
      10.556098937988281,
      7.352789402008057,
      9.80247688293457
    ],
    [
      1.2661648988723755,
      10.884515762329102,
      1.675365924835205,
      20.14357566833496,
      7.249919414520264,
      24.228160858154297,
      5.978285312652588,
      11.97208023071289,
      3.8575687408447266,
      5.290671348571777,
      2.1090424060821533,
      2.6946849822998047,
      0.01972956210374832,
      3.486356258392334,
      -0.04875430464744568,
      12.081133842468262,
      -1.623425841331482,
      7.116967678070068
    ],
    [
      -1.42582106590271,
      3.3588309288024902,
      2.936042070388794,
      5.699228763580322,
      9.266606330871582,
      5.978285312652588,
      12.401269912719727,
      6.371363162994385,
      6.028173446655273,
      1.9124692678451538,
      3.8064160346984863,
      0.8187754154205322,
      2.004762887954712,
      1.0029568672180176,
      2.6868746280670166,
      6.7726850509643555,
      2.580850839614868,
      4.223794937133789
    ],
    [
      0.33759668469429016,
      6.72983455657959,
      2.250455617904663,
      10.8236083984375,
      4.121273994445801,
      11.97208023071289,
      6.371363162994385,
      15.406670570373535,
      4.674226760864258,
      6.605003833770752,
      3.1502208709716797,
      3.2569596767425537,
      1.9545615911483765,
      3.4937591552734375,
      1.2930376529693604,
      7.477482795715332,
      -0.16557320952415466,
      3.8646626472473145
    ],
    [
      1.65688157081604,
      2.923686981201172,
      1.786271333694458,
      3.409947156906128,
      3.6957709789276123,
      3.8575687408447266,
      6.028173446655273,
      4.674226760864258,
      9.717473030090332,
      3.55360746383667,
      5.329300880432129,
      2.4406280517578125,
      2.573122501373291,
      2.126481771469116,
      0.10897448658943176,
      2.7465810775756836,
      -0.4255722761154175,
      1.796041488647461
    ],
    [
      2.6967227458953857,
      3.5865414142608643,
      1.8337056636810303,
      4.781601428985596,
      0.2549881339073181,
      5.290671348571777,
      1.9124692678451538,
      6.605003833770752,
      3.55360746383667,
      8.794262886047363,
      1.7768486738204956,
      5.887025833129883,
      1.008976697921753,
      5.393302917480469,
      -0.020791303366422653,
      3.2014710903167725,
      -0.27300119400024414,
      2.424165725708008
    ],
    [
      2.085177421569824,
      2.044855833053589,
      1.034372329711914,
      1.4807872772216797,
      2.2402825355529785,
      2.1090424060821533,
      3.8064160346984863,
      3.1502208709716797,
      5.329300880432129,
      1.7768486738204956,
      7.24468994140625,
      3.0486714839935303,
      4.764280319213867,
      2.7728114128112793,
      2.813732624053955,
      2.418999671936035,
      1.8761054277420044,
      2.3026061058044434
    ],
    [
      5.876002311706543,
      3.88547945022583,
      2.502511501312256,
      3.4000113010406494,
      0.1816597729921341,
      2.6946849822998047,
      0.8187754154205322,
      3.2569596767425537,
      2.4406280517578125,
      5.887025833129883,
      3.0486714839935303,
      10.55894660949707,
      1.3605519533157349,
      9.050191879272461,
      0.0706961452960968,
      4.481783866882324,
      0.7888927459716797,
      4.432089805603027
    ],
    [
      -0.4730081558227539,
      -0.3151702284812927,
      0.5284536480903625,
      -1.4515084028244019,
      1.7949650287628174,
      0.01972956210374832,
      2.004762887954712,
      1.9545615911483765,
      2.573122501373291,
      1.008976697921753,
      4.764280319213867,
      1.3605519533157349,
      10.032781600952148,
      2.5893948078155518,
      10.107098579406738,
      3.530123710632324,
      7.7869086265563965,
      4.612288475036621
    ],
    [
      5.069593906402588,
      4.827410697937012,
      3.197435140609741,
      5.203327655792236,
      0.5838550329208374,
      3.486356258392334,
      1.0029568672180176,
      3.4937591552734375,
      2.126481771469116,
      5.393302917480469,
      2.7728114128112793,
      9.050191879272461,
      2.5893948078155518,
      11.92125415802002,
      1.6974886655807495,
      7.33832311630249,
      1.7395681142807007,
      6.350522518157959
    ],
    [
      -0.6641063094139099,
      -1.0131216049194336,
      1.6791207790374756,
      -2.106513023376465,
      5.992868900299072,
      -0.04875430464744568,
      2.6868746280670166,
      1.2930376529693604,
      0.10897448658943176,
      -0.020791303366422653,
      2.813732624053955,
      0.0706961452960968,
      10.107098579406738,
      1.6974886655807495,
      27.565370559692383,
      11.719454765319824,
      24.84018898010254,
      15.214516639709473
    ],
    [
      3.1168060302734375,
      8.38927173614502,
      6.840013027191162,
      13.69499397277832,
      10.556098937988281,
      12.081133842468262,
      6.7726850509643555,
      7.477482795715332,
      2.7465810775756836,
      3.2014710903167725,
      2.418999671936035,
      4.481783866882324,
      3.530123710632324,
      7.33832311630249,
      11.719454765319824,
      30.249574661254883,
      10.170559883117676,
      20.43570899963379
    ],
    [
      0.6955597400665283,
      -1.283517599105835,
      2.5660290718078613,
      -3.983145236968994,
      7.352789402008057,
      -1.623425841331482,
      2.580850839614868,
      -0.16557320952415466,
      -0.4255722761154175,
      -0.27300119400024414,
      1.8761054277420044,
      0.7888927459716797,
      7.7869086265563965,
      1.7395681142807007,
      24.84018898010254,
      10.170559883117676,
      33.03713607788086,
      18.785497665405273
    ],
    [
      3.4540650844573975,
      16.106090545654297,
      6.679261207580566,
      7.806950569152832,
      9.80247688293457,
      7.116967678070068,
      4.223794937133789,
      3.8646626472473145,
      1.796041488647461,
      2.424165725708008,
      2.3026061058044434,
      4.432089805603027,
      4.612288475036621,
      6.350522518157959,
      15.214516639709473,
      20.43570899963379,
      18.785497665405273,
      35.61579132080078
    ]
  ],
  "drr": 15.908915519714355,
  "dynamics": 1.1682898998260498,
  "format": 1245190,
  "frames": 7628800,
  "loudness": -8.501367568969727,
  "loudness_range": 2.541553497314453,
  "loudness_range_short": 4.013473033905029,
  "peak": 0.38939130306243896,
  "rms": -12.709606170654297,
  "sample_rate": 44100,
  "sections": 1,
  "seekable": 1,
  "sharpness": 1.2874863147735596,
  "space": -8.312419891357422
}