{
  "bands": [
    {
      "high_freq": 148.1999969482422,
      "loudness": -23.018692016601562,
      "loudness_range": 10.358366012573242,
      "mid_mean": -19.346908569335938,
      "mid_to_side_loudness": -28.561931610107422,
      "mid_to_side_loudness_range": 17.758106231689453,
      "side_mean": -48.59339141845703
    },
    {
      "high_freq": 392.3793640136719,
      "loudness": -23.660202026367188,
      "loudness_range": 8.616531372070312,
      "low_freq": 148.1999969482422,
      "mid_mean": -20.50229835510254,
      "mid_to_side_loudness": -10.402955055236816,
      "mid_to_side_loudness_range": 12.41140079498291,
      "side_mean": -30.977554321289062
    },
    {
      "high_freq": 794.6976318359375,
      "loudness": -21.983680725097656,
      "loudness_range": 11.521895408630371,
      "low_freq": 392.3793640136719,
      "mid_mean": -19.392004013061523,
      "mid_to_side_loudness": -7.220635414123535,
      "mid_to_side_loudness_range": 13.686748504638672,
      "side_mean": -26.67178726196289
    },
    {
      "high_freq": 1457.5709228515625,
      "loudness": -23.910999298095703,
      "loudness_range": 14.857067108154297,
      "low_freq": 794.6976318359375,
      "mid_mean": -21.285245895385742,
      "mid_to_side_loudness": -7.36196756362915,
      "mid_to_side_loudness_range": 15.29893684387207,
      "side_mean": -28.817378997802734
    },
    {
      "high_freq": 2549.74365234375,
      "loudness": -24.570770263671875,
      "loudness_range": 14.194303512573242,
      "low_freq": 1457.5709228515625,
      "mid_mean": -21.89909553527832,
      "mid_to_side_loudness": -6.990692615509033,
      "mid_to_side_loudness_range": 10.999408721923828,
      "side_mean": -29.001920700073242
    },
    {
      "high_freq": 4349.24462890625,
      "loudness": -26.566238403320312,
      "loudness_range": 15.833209991455078,
      "low_freq": 2549.74365234375,
      "mid_mean": -24.076269149780273,
      "mid_to_side_loudness": -5.772676944732666,
      "mid_to_side_loudness_range": 8.839142799377441,
      "side_mean": -29.94063377380371
    },
    {
      "high_freq": 7314.1640625,
      "loudness": -32.23917770385742,
      "loudness_range": 16.27625846862793,
      "low_freq": 4349.24462890625,
      "mid_mean": -29.700960159301758,
      "mid_to_side_loudness": -5.797358512878418,
      "mid_to_side_loudness_range": 7.847687721252441,
      "side_mean": -35.51537322998047
    },
    {
      "high_freq": 12199.2666015625,
      "loudness": -34.32145309448242,
      "loudness_range": 11.49237060546875,
      "low_freq": 7314.1640625,
      "mid_mean": -32.27210235595703,
      "mid_to_side_loudness": -3.6419193744659424,
      "mid_to_side_loudness_range": 5.083462238311768,
      "side_mean": -35.923492431640625
    },
    {
      "loudness": -42.065574645996094,
      "loudness_range": 11.426204681396484,
      "low_freq": 12199.2666015625,
      "mid_mean": -40.34747314453125,
      "mid_to_side_loudness": -2.5146231651306152,
      "mid_to_side_loudness_range": 2.912844181060791,
      "side_mean": -42.83828353881836
    }
  ],
  "bands_short": [
    {
      "high_freq": 148.1999969482422,
      "loudness": -26.044818878173828,
      "loudness_range": 18.77533531188965,
      "mid_mean": -22.40101432800293,
      "mid_to_side_loudness": -28.78434181213379,
      "mid_to_side_loudness_range": 22.27684783935547,
      "side_mean": -52.19021987915039
    },
    {
      "high_freq": 392.3793640136719,
      "loudness": -23.763397216796875,
      "loudness_range": 11.145511627197266,
      "low_freq": 148.1999969482422,
      "mid_mean": -20.59016990661621,
      "mid_to_side_loudness": -11.532827377319336,
      "mid_to_side_loudness_range": 16.248430252075195,
      "side_mean": -32.211021423339844
    },
    {
      "high_freq": 794.6976318359375,
      "loudness": -22.9558048248291,
      "loudness_range": 14.528255462646484,
      "low_freq": 392.3793640136719,
      "mid_mean": -20.47205924987793,
      "mid_to_side_loudness": -7.177319526672363,
      "mid_to_side_loudness_range": 15.668099403381348,
      "side_mean": -27.734346389770508
    },
    {
      "high_freq": 1457.5709228515625,
      "loudness": -24.72413444519043,
      "loudness_range": 18.921945571899414,
      "low_freq": 794.6976318359375,
      "mid_mean": -22.3515625,
      "mid_to_side_loudness": -6.610291957855225,
      "mid_to_side_loudness_range": 16.657733917236328,
      "side_mean": -29.20045280456543
    },
    {
      "high_freq": 2549.74365234375,
      "loudness": -25.856300354003906,
      "loudness_range": 18.187292098999023,
      "low_freq": 1457.5709228515625,
      "mid_mean": -23.331302642822266,
      "mid_to_side_loudness": -6.636804103851318,
      "mid_to_side_loudness_range": 12.782835960388184,
      "side_mean": -30.107521057128906
    },
    {
      "high_freq": 4349.24462890625,
      "loudness": -27.40218162536621,
      "loudness_range": 18.941051483154297,
      "low_freq": 2549.74365234375,
      "mid_mean": -25.09314727783203,
      "mid_to_side_loudness": -5.277936935424805,
      "mid_to_side_loudness_range": 10.475250244140625,
      "side_mean": -30.455612182617188
    },
    {
      "high_freq": 7314.1640625,
      "loudness": -33.17388916015625,
      "loudness_range": 19.259380340576172,
      "low_freq": 4349.24462890625,
      "mid_mean": -30.689287185668945,
      "mid_to_side_loudness": -5.720386028289795,
      "mid_to_side_loudness_range": 8.699152946472168,
      "side_mean": -36.44373321533203
    },
    {
      "high_freq": 12199.2666015625,
      "loudness": -35.31430435180664,
      "loudness_range": 14.814739227294922,
      "low_freq": 7314.1640625,
      "mid_mean": -33.30535125732422,
      "mid_to_side_loudness": -3.730588674545288,
      "mid_to_side_loudness_range": 6.452032089233398,
      "side_mean": -37.03178024291992
    },
    {
      "loudness": -44.205570220947266,
      "loudness_range": 17.577228546142578,
      "low_freq": 12199.2666015625,
      "mid_mean": -42.403297424316406,
      "mid_to_side_loudness": -2.982637405395508,
      "mid_to_side_loudness_range": 5.250333309173584,
      "side_mean": -45.35105514526367
    }
  ],
  "channels": 2,
  "covariance": [
    [
      16.867881774902344,
      8.625261306762695,
      3.670135974884033,
      3.823678493499756,
      4.154637813568115,
      3.8680713176727295,
      3.2346835136413574,
      4.641432285308838,
      5.5225677490234375,
      6.266417980194092,
      7.600731372833252,
      8.42009449005127,
      7.060449123382568,
      7.84562873840332,
      6.027908802032471,
      6.062448501586914,
      5.488069534301758,
      5.166372776031494
    ],
    [
      8.625261306762695,
      30.3896484375,
      5.351000785827637,
      10.055132865905762,
      7.3734517097473145,
      10.102643966674805,
      8.320889472961426,
      11.701456069946289,
      10.868437767028809,
      14.824122428894043,
      12.685956954956055,
      16.837099075317383,
      13.99624252319336,
      17.08698844909668,
      9.194334983825684,
      10.093778610229492,
      8.720197677612305,
      8.452515602111816
    ],
    [
      3.670135974884033,
      5.351000785827637,
      11.829426765441895,
      6.991700649261475,
      8.351198196411133,
      4.155228137969971,
      3.4936211109161377,
      2.1987311840057373,
      6.2009687423706055,
      5.323763847351074,
      5.821958065032959,
      5.603160858154297,
      4.987267017364502,
      3.8264942169189453,
      6.173916339874268,
      5.3565521240234375,
      5.410099983215332,
      4.945520877838135
    ],
    [
      3.823678493499756,
      10.055132865905762,
      6.991700649261475,
      20.7196102142334,
      8.329546928405762,
      15.631888389587402,
      7.304385185241699,
      13.097518920898438,
      11.565217971801758,
      16.58510398864746,
      10.91347885131836,
      15.189489364624023,
      7.902538776397705,
      9.834493637084961,
      5.143585205078125,
      6.148639678955078,
      4.635997772216797,
      4.926811218261719
    ],
    [
      4.154637813568115,
      7.3734517097473145,
      8.351198196411133,
      8.329546928405762,
      20.84847640991211,
      11.428349494934082,
      14.766793251037598,
      7.028841018676758,
      13.73884391784668,
      10.454970359802246,
      11.216153144836426,
      9.508708953857422,
      9.377511978149414,
      6.262603759765625,
      8.700892448425293,
      6.573551654815674,
      6.582145690917969,
      5.673943042755127
    ],
    [
      3.8680713176727295,
      10.102643966674805,
      4.155228137969971,
      15.631888389587402,
      11.428349494934082,
      27.250804901123047,
      9.332510948181152,
      17.48055076599121,
      12.590618133544922,
      21.442873001098633,
      11.861306190490723,
      18.712343215942383,
      9.595848083496094,
      12.669567108154297,
      5.401923656463623,
      6.932043075561523,
      4.621889114379883,
      5.083186149597168
    ],
    [
      3.2346835136413574,
      8.320889472961426,
      3.4936211109161377,
      7.304385185241699,
      14.766793251037598,
      9.332510948181152,
      32.92481231689453,
      15.246159553527832,
      21.320648193359375,
      14.641427040100098,
      17.007160186767578,
      13.912521362304688,
      14.5573148727417,
      13.143390655517578,
      8.601388931274414,
      7.064042091369629,
      5.907641887664795,
      5.0410308837890625
    ],
    [
      4.641432285308838,
      11.701456069946289,
      2.1987311840057373,
      13.097518920898438,
      7.028841018676758,
      17.48055076599121,
      15.246159553527832,
      28.263916015625,
      15.466577529907227,
      26.185243606567383,
      17.399614334106445,
      25.52863883972168,
      16.533615112304688,
      22.2196044921875,
      7.512876510620117,
      9.347156524658203,
      6.175921440124512,
      6.285951614379883
    ],
    [
      5.5225677490234375,
      10.868437767028809,
      6.2009687423706055,
      11.565217971801758,
      13.73884391784668,
      12.590618133544922,
      21.320648193359375,
      15.466577529907227,
      27.646575927734375,
      22.505693435668945,
      23.607921600341797,
      21.467350006103516,
      18.82672691345215,
      17.983219146728516,
      10.737732887268066,
      9.729530334472656,
      8.331181526184082,
      7.40299654006958
    ],
    [
      6.266417980194092,
      14.824122428894043,
      5.323763847351074,
      16.58510398864746,
      10.454970359802246,
      21.442873001098633,
      14.641427040100098,
      26.185243606567383,
      22.505693435668945,
      36.026092529296875,
      23.677839279174805,
      33.20598602294922,
      21.95620346069336,
      28.191022872924805,
      11.498342514038086,
      13.55593204498291,
      10.14785099029541,
      10.328056335449219
    ],
    [
      7.600731372833252,
      12.685956954956055,
      5.821958065032959,
      10.91347885131836,
      11.216153144836426,
      11.861306190490723,
      17.007160186767578,
      17.399614334106445,
      23.607921600341797,
      23.677839279174805,
      28.828125,
      26.9726505279541,
      23.882970809936523,
      24.348508834838867,
      13.696166038513184,
      12.896321296691895,
      10.780434608459473,
      9.687703132629395
    ],
    [
      8.42009449005127,
      16.837099075317383,
      5.603160858154297,
      15.189489364624023,
      9.508708953857422,
      18.712343215942383,
      13.912521362304688,
      25.52863883972168,
      21.467350006103516,
      33.20598602294922,
      26.9726505279541,
      38.0585823059082,
      26.13445472717285,
      34.096519470214844,
      14.998249053955078,
      17.423357009887695,
      13.243818283081055,
      13.347881317138672
    ],
    [
      7.060449123382568,
      13.99624252319336,
      4.987267017364502,
      7.902538776397705,
      9.377511978149414,
      9.595848083496094,
      14.5573148727417,
      16.533615112304688,
      18.82672691345215,
      21.95620346069336,
      23.882970809936523,
      26.13445472717285,
      29.702051162719727,
      30.639413833618164,
      17.951583862304688,
      16.768077850341797,
      14.281164169311523,
      13.111795425415039
    ],
    [
      7.84562873840332,
      17.08698844909668,
      3.8264942169189453,
      9.834493637084961,
      6.262603759765625,
      12.669567108154297,
      13.143390655517578,
      22.2196044921875,
      17.983219146728516,
      28.191022872924805,
      24.348508834838867,
      34.096519470214844,
      30.639413833618164,
      40.52002716064453,
      18.31793975830078,
      20.77216911315918,
      16.119245529174805,
      16.056089401245117
    ],
    [
      6.027908802032471,
      9.194334983825684,
      6.173916339874268,
      5.143585205078125,
      8.700892448425293,
      5.401923656463623,
      8.601388931274414,
      7.512876510620117,
      10.737732887268066,
      11.498342514038086,
      13.696166038513184,
      14.998249053955078,
      17.951583862304688,
      18.31793975830078,
      17.48776626586914,
      14.602368354797363,
      14.767748832702637,
      13.217117309570312
    ],
    [
      6.062448501586914,
      10.093778610229492,
      5.3565521240234375,
      6.148639678955078,
      6.573551654815674,
      6.932043075561523,
      7.064042091369629,
      9.347156524658203,
      9.729530334472656,
      13.55593204498291,
      12.896321296691895,
      17.423357009887695,
      16.768077850341797,
      20.77216911315918,
      14.602368354797363,
      16.299392700195312,
      14.464838981628418,
      14.980358123779297
    ],
    [
      5.488069534301758,
      8.720197677612305,
      5.410099983215332,
      4.635997772216797,
      6.582145690917969,
      4.621889114379883,
      5.907641887664795,
      6.175921440124512,
      8.331181526184082,
      10.14785099029541,
      10.780434608459473,
      13.243818283081055,
      14.281164169311523,
      16.119245529174805,
      14.767748832702637,
      14.464838981628418,
      16.9390811920166,
      16.51172637939453
    ],
    [
      5.166372776031494,
      8.452515602111816,
      4.945520877838135,
      4.926811218261719,
      5.673943042755127,
      5.083186149597168,
      5.0410308837890625,
      6.285951614379883,
      7.40299654006958,
      10.328056335449219,
      9.687703132629395,
      13.347881317138672,
      13.111795425415039,
      16.056089401245117,
      13.217117309570312,
      14.980358123779297,
      16.51172637939453,
      17.83840560913086
    ]
  ],
  "covariance_short": [
    [
      45.79740905761719,
      14.310425758361816,
      10.133156776428223,
      6.141218185424805,
      7.833816051483154,
      7.482132434844971,
      7.753931522369385,
      6.111176490783691,
      10.150806427001953,
      8.816162109375,
      11.312308311462402,
      11.202069282531738,
      9.251731872558594,
      10.283121109008789,
      8.23509407043457,
      9.295005798339844,
      9.018406867980957,
      9.846295356750488
    ],
    [
      14.310425758361816,
      39.31309509277344,
      8.07303237915039,
      10.34492301940918,
      9.860591888427734,
      9.83531665802002,
      9.792165756225586,
      10.306013107299805,
      11.521052360534668,
      12.845878601074219,
      12.670021057128906,
      14.109027862548828,
      11.481587409973145,
      12.443473815917969,
      9.544912338256836,
      9.880640029907227,
      9.521925926208496,
      9.851618766784668
    ],
    [
      10.133156776428223,
      8.07303237915039,
      18.59893226623535,
      7.979508399963379,
      10.797877311706543,
      6.191139221191406,
      6.224471092224121,
      4.618292331695557,
      9.16983699798584,
      7.124546527862549,
      8.122602462768555,
      7.461998462677002,
      6.424551963806152,
      5.676021099090576,
      7.131016731262207,
      6.845503807067871,
      7.039628028869629,
      7.030494689941406
    ],
    [
      6.141218185424805,
      10.34492301940918,
      7.979508399963379,
      29.912452697753906,
      12.455489158630371,
      21.364452362060547,
      11.79403018951416,
      17.08452796936035,
      16.590890884399414,
      20.952259063720703,
      14.639200210571289,
      17.801855087280273,
      10.081483840942383,
      11.504735946655273,
      6.134945392608643,
      7.123647689819336,
      5.9512810707092285,
      6.254687786102295
    ],
    [
      7.833816051483154,
      9.860591888427734,
      10.797877311706543,
      12.455489158630371,
      30.699342727661133,
      18.126163482666016,
      22.531999588012695,
      12.048604011535645,
      21.969223022460938,
      16.110342025756836,
      18.381093978881836,
      14.59383487701416,
      14.279099464416504,
      10.163958549499512,
      11.650238037109375,
      8.993403434753418,
      9.493905067443848,
      8.097615242004395
    ],
    [
      7.482132434844971,
      9.83531665802002,
      6.191139221191406,
      21.364452362060547,
      18.126163482666016,
      38.79479217529297,
      17.630002975463867,
      23.24049949645996,
      21.296525955200195,
      27.698888778686523,
      18.94841766357422,
      24.27470588684082,
      13.993788719177246,
      16.43109893798828,
      8.264527320861816,
      9.39382553100586,
      7.291529655456543,
      7.4868059158325195
    ],
    [
      7.753931522369385,
      9.792165756225586,
      6.224471092224121,
      11.79403018951416,
      22.531999588012695,
      17.630002975463867,
      49.65482711791992,
      23.89171600341797,
      34.76897048950195,
      24.80229949951172,
      29.878631591796875,
      22.743379592895508,
      23.5112247467041,
      19.472900390625,
      14.009346008300781,
      11.286009788513184,
      11.494487762451172,
      10.084122657775879
    ],
    [
      6.111176490783691,
      10.306013107299805,
      4.618292331695557,
      17.08452796936035,
      12.048604011535645,
      23.24049949645996,
      23.89171600341797,
      37.302284240722656,
      23.19297981262207,
      32.83724594116211,
      23.911916732788086,
      30.0596923828125,
      19.981225967407227,
      24.49224090576172,
      9.844548225402832,
      11.304770469665527,
      9.235922813415527,
      9.691203117370605
    ],
    [
      10.150806427001953,
      11.521052360534668,
      9.16983699798584,
      16.590890884399414,
      21.969223022460938,
      21.296525955200195,
      34.76897048950195,
      23.19297981262207,
      44.989505767822266,
      33.17875289916992,
      37.148536682128906,
      30.689842224121094,
      28.936534881591797,
      25.844593048095703,
      16.929058074951172,
      14.908751487731934,
      14.768460273742676,
      13.635232925415039
    ],
    [
      8.816162109375,
      12.845878601074219,
      7.124546527862549,
      20.952259063720703,
      16.110342025756836,
      27.698888778686523,
      24.80229949951172,
      32.83724594116211,
      33.17875289916992,
      45.866695404052734,
      32.33567428588867,
      39.633766174316406,
      27.727941513061523,
      32.95826721191406,
      15.140307426452637,
      16.95132827758789,
      14.506115913391113,
      15.069067001342773
    ],
    [
      11.312308311462402,
      12.670021057128906,
      8.122602462768555,
      14.639200210571289,
      18.381093978881836,
      18.94841766357422,
      29.878631591796875,
      23.911916732788086,
      37.148536682128906,
      32.33567428588867,
      43.25676345825195,
      35.59394836425781,
      34.432464599609375,
      32.280330657958984,
      20.418752670288086,
      18.503023147583008,
      18.443273544311523,
      17.35089683532715
    ],
    [
      11.202069282531738,
      14.109027862548828,
      7.461998462677002,
      17.801855087280273,
      14.59383487701416,
      24.27470588684082,
      22.743379592895508,
      30.0596923828125,
      30.689842224121094,
      39.633766174316406,
      35.59394836425781,
      44.70441436767578,
      32.22417449951172,
      39.05630111694336,
      19.511167526245117,
      21.930700302124023,
      18.73571014404297,
      19.709121704101562
    ],
    [
      9.251731872558594,
      11.481587409973145,
      6.424551963806152,
      10.081483840942383,
      14.279099464416504,
      13.993788719177246,
      23.5112247467041,
      19.981225967407227,
      28.936534881591797,
      27.727941513061523,
      34.432464599609375,
      32.22417449951172,
      40.47367858886719,
      38.04816436767578,
      25.87735939025879,
      23.479084014892578,
      24.039052963256836,
      22.778079986572266
    ],
    [
      10.283121109008789,
      12.443473815917969,
      5.676021099090576,
      11.504735946655273,
      10.163958549499512,
      16.43109893798828,
      19.472900390625,
      24.49224090576172,
      25.844593048095703,
      32.95826721191406,
      32.280330657958984,
      39.05630111694336,
      38.04816436767578,
      47.64483642578125,
      24.9417667388916,
      28.200069427490234,
      25.878582000732422,
      27.68307113647461
    ],
    [
      8.23509407043457,
      9.544912338256836,
      7.131016731262207,
      6.134945392608643,
      11.650238037109375,
      8.264527320861816,
      14.009346008300781,
      9.844548225402832,
      16.929058074951172,
      15.140307426452637,
      20.418752670288086,
      19.511167526245117,
      25.87735939025879,
      24.9417667388916,
      27.248262405395508,
      22.872493743896484,
      26.75341796875,
      24.55775260925293
    ],
    [
      9.295005798339844,
      9.880640029907227,
      6.845503807067871,
      7.123647689819336,
      8.993403434753418,
      9.39382553100586,
      11.286009788513184,
      11.304770469665527,
      14.908751487731934,
      16.95132827758789,
      18.503023147583008,
      21.930700302124023,
      23.479084014892578,
      28.200069427490234,
      22.872493743896484,
      26.72657585144043,
      26.612916946411133,
      29.67999839782715
    ],
    [
      9.018406867980957,
      9.521925926208496,
      7.039628028869629,
      5.9512810707092285,
      9.493905067443848,
      7.291529655456543,
      11.494487762451172,
      9.235922813415527,
      14.768460273742676,
      14.506115913391113,
      18.443273544311523,
      18.73571014404297,
      24.039052963256836,
      25.878582000732422,
      26.75341796875,
      26.612916946411133,
      37.3997802734375,
      37.24946975708008
    ],
    [
      9.846295356750488,
      9.851618766784668,
      7.030494689941406,
      6.254687786102295,
      8.097615242004395,
      7.4868059158325195,
      10.084122657775879,
      9.691203117370605,
      13.635232925415039,
      15.069067001342773,
      17.35089683532715,
      19.709121704101562,
      22.778079986572266,
      27.68307113647461,
      24.55775260925293,
      29.67999839782715,
      37.24946975708008,
      43.879032135009766
    ]
  ],
  "drr": 14.115815162658691,
  "dynamics": 3.0604639053344727,
  "format": 1245190,
  "frames": 10285056,
  "loudness": -11.572515487670898,
  "loudness_range": 7.701117992401123,
  "loudness_range_short": 10.44094467163086,
  "peak": 0.4068717658519745,
  "rms": -13.57293701171875,
  "sample_rate": 44100,
  "sections": 1,
  "seekable": 1,
  "sharpness": 2.6377885341644287,
  "space": -8.710953712463379
}