{
  "bands": [
    {
      "high_freq": 148.1999969482422,
      "loudness": -21.345144271850586,
      "loudness_range": 11.885197639465332,
      "mid_mean": -17.654325485229492,
      "mid_to_side_loudness": -27.4224853515625,
      "mid_to_side_loudness_range": 17.118335723876953,
      "side_mean": -46.72052001953125
    },
    {
      "high_freq": 392.3793640136719,
      "loudness": -21.645877838134766,
      "loudness_range": 12.221351623535156,
      "low_freq": 148.1999969482422,
      "mid_mean": -18.27104949951172,
      "mid_to_side_loudness": -13.491837501525879,
      "mid_to_side_loudness_range": 15.554902076721191,
      "side_mean": -31.901350021362305
    },
    {
      "high_freq": 794.6976318359375,
      "loudness": -26.30449676513672,
      "loudness_range": 11.713857650756836,
      "low_freq": 392.3793640136719,
      "mid_mean": -22.93978500366211,
      "mid_to_side_loudness": -13.457586288452148,
      "mid_to_side_loudness_range": 14.858641624450684,
      "side_mean": -36.465755462646484
    },
    {
      "high_freq": 1457.5709228515625,
      "loudness": -31.10136604309082,
      "loudness_range": 18.751949310302734,
      "low_freq": 794.6976318359375,
      "mid_mean": -27.755247116088867,
      "mid_to_side_loudness": -14.588189125061035,
      "mid_to_side_loudness_range": 18.795856475830078,
      "side_mean": -42.57810974121094
    },
    {
      "high_freq": 2549.74365234375,
      "loudness": -32.493648529052734,
      "loudness_range": 19.04402732849121,
      "low_freq": 1457.5709228515625,
      "mid_mean": -29.259004592895508,
      "mid_to_side_loudness": -11.26655387878418,
      "mid_to_side_loudness_range": 20.912696838378906,
      "side_mean": -41.36137390136719
    },
    {
      "high_freq": 4349.24462890625,
      "loudness": -34.344322204589844,
      "loudness_range": 26.3217716217041,
      "low_freq": 2549.74365234375,
      "mid_mean": -31.213638305664062,
      "mid_to_side_loudness": -12.0203275680542,
      "mid_to_side_loudness_range": 21.090787887573242,
      "side_mean": -44.616050720214844
    },
    {
      "high_freq": 7314.1640625,
      "loudness": -41.03820037841797,
      "loudness_range": 19.742671966552734,
      "low_freq": 4349.24462890625,
      "mid_mean": -37.50667953491211,
      "mid_to_side_loudness": -17.360591888427734,
      "mid_to_side_loudness_range": 21.51213836669922,
      "side_mean": -55.60151672363281
    },
    {
      "high_freq": 12199.2666015625,
      "loudness": -41.36280059814453,
      "loudness_range": 20.58984375,
      "low_freq": 7314.1640625,
      "mid_mean": -37.75269317626953,
      "mid_to_side_loudness": -23.260391235351562,
      "mid_to_side_loudness_range": 28.51714324951172,
      "side_mean": -60.8560676574707
    },
    {
      "loudness": -49.21061706542969,
      "loudness_range": 20.246803283691406,
      "low_freq": 12199.2666015625,
      "mid_mean": -45.68940353393555,
      "mid_to_side_loudness": -22.888952255249023,
      "mid_to_side_loudness_range": 31.392602920532227,
      "side_mean": -65.81353759765625
    }
  ],
  "bands_short": [
    {
      "high_freq": 148.1999969482422,
      "loudness": -23.91776466369629,
      "loudness_range": 17.330490112304688,
      "mid_mean": -20.228534698486328,
      "mid_to_side_loudness": -27.64980125427246,
      "mid_to_side_loudness_range": 20.599014282226562,
      "side_mean": -50.03500747680664
    },
    {
      "high_freq": 392.3793640136719,
      "loudness": -21.48386573791504,
      "loudness_range": 12.315475463867188,
      "low_freq": 148.1999969482422,
      "mid_mean": -18.064971923828125,
      "mid_to_side_loudness": -14.655447959899902,
      "mid_to_side_loudness_range": 16.67288589477539,
      "side_mean": -32.8327522277832
    },
    {
      "high_freq": 794.6976318359375,
      "loudness": -26.484338760375977,
      "loudness_range": 13.573558807373047,
      "low_freq": 392.3793640136719,
      "mid_mean": -23.165678024291992,
      "mid_to_side_loudness": -13.217129707336426,
      "mid_to_side_loudness_range": 16.138954162597656,
      "side_mean": -36.48280715942383
    },
    {
      "high_freq": 1457.5709228515625,
      "loudness": -31.9803466796875,
      "loudness_range": 20.594196319580078,
      "low_freq": 794.6976318359375,
      "mid_mean": -28.65488052368164,
      "mid_to_side_loudness": -14.368937492370605,
      "mid_to_side_loudness_range": 19.518280029296875,
      "side_mean": -43.18941116333008
    },
    {
      "high_freq": 2549.74365234375,
      "loudness": -34.37473678588867,
      "loudness_range": 22.99209213256836,
      "low_freq": 1457.5709228515625,
      "mid_mean": -31.315288543701172,
      "mid_to_side_loudness": -10.626203536987305,
      "mid_to_side_loudness_range": 21.990421295166016,
      "side_mean": -42.864891052246094
    },
    {
      "high_freq": 4349.24462890625,
      "loudness": -35.97795104980469,
      "loudness_range": 29.69313621520996,
      "low_freq": 2549.74365234375,
      "mid_mean": -32.92341995239258,
      "mid_to_side_loudness": -10.929648399353027,
      "mid_to_side_loudness_range": 21.86284065246582,
      "side_mean": -45.52122497558594
    },
    {
      "high_freq": 7314.1640625,
      "loudness": -43.36418533325195,
      "loudness_range": 26.326658248901367,
      "low_freq": 4349.24462890625,
      "mid_mean": -40.18193435668945,
      "mid_to_side_loudness": -14.229388236999512,
      "mid_to_side_loudness_range": 22.14189910888672,
      "side_mean": -56.54837417602539
    },
    {
      "high_freq": 12199.2666015625,
      "loudness": -41.60408020019531,
      "loudness_range": 22.715320587158203,
      "low_freq": 7314.1640625,
      "mid_mean": -38.982059478759766,
      "mid_to_side_loudness": -18.236255645751953,
      "mid_to_side_loudness_range": 29.123323440551758,
      "side_mean": -61.609825134277344
    },
    {
      "loudness": -49.450767517089844,
      "loudness_range": 22.945720672607422,
      "low_freq": 12199.2666015625,
      "mid_mean": -50.49042510986328,
      "mid_to_side_loudness": -17.515634536743164,
      "mid_to_side_loudness_range": 31.082246780395508,
      "side_mean": -66.36122131347656
    }
  ],
  "channels": 2,
  "covariance": [
    [
      21.462099075317383,
      14.37999439239502,
      12.294366836547852,
      4.878962993621826,
      5.770381927490234,
      2.884941577911377,
      5.837053298950195,
      0.08309254795312881,
      8.47912883758545,
      4.974776744842529,
      8.00969409942627,
      11.333968162536621,
      8.964426040649414,
      11.212030410766602,
      7.394288063049316,
      11.1879301071167,
      8.225150108337402,
      5.519099235534668
    ],
    [
      14.37999439239502,
      33.809043884277344,
      19.053102493286133,
      16.889883041381836,
      10.02514362335205,
      4.409158229827881,
      18.005401611328125,
      3.4376394748687744,
      20.718969345092773,
      13.151753425598145,
      24.93973159790039,
      27.3034725189209,
      22.949562072753906,
      25.495718002319336,
      22.49138832092285,
      21.73149299621582,
      22.769155502319336,
      9.738982200622559
    ],
    [
      12.294366836547852,
      19.053102493286133,
      23.750118255615234,
      12.668837547302246,
      9.395872116088867,
      1.5943955183029175,
      13.622394561767578,
      -1.6330370903015137,
      16.452333450317383,
      5.694224834442139,
      19.745155334472656,
      16.43186378479004,
      17.972585678100586,
      16.251953125,
      19.374544143676758,
      17.732526779174805,
      20.142248153686523,
      7.890036106109619
    ],
    [
      4.878962993621826,
      16.889883041381836,
      12.668837547302246,
      29.58371353149414,
      8.119099617004395,
      11.036877632141113,
      16.2113094329834,
      11.05886459350586,
      18.091018676757812,
      16.970722198486328,
      24.729259490966797,
      25.065916061401367,
      21.22759246826172,
      23.92554473876953,
      19.262977600097656,
      20.379074096679688,
      19.407060623168945,
      10.758355140686035
    ],
    [
      5.770381927490234,
      10.02514362335205,
      9.395872116088867,
      8.119099617004395,
      19.31488800048828,
      12.911124229431152,
      16.829788208007812,
      10.984553337097168,
      13.696578025817871,
      13.06235122680664,
      17.27952003479004,
      17.058719635009766,
      11.967673301696777,
      14.749412536621094,
      13.724383354187012,
      17.156143188476562,
      13.309832572937012,
      7.460928916931152
    ],
    [
      2.884941577911377,
      4.409158229827881,
      1.5943955183029175,
      11.036877632141113,
      12.911124229431152,
      31.270357131958008,
      12.398978233337402,
      22.41866683959961,
      8.770609855651855,
      24.76062774658203,
      10.20091438293457,
      21.43467903137207,
      6.65647029876709,
      18.621519088745117,
      4.408482074737549,
      13.660492897033691,
      3.614716053009033,
      8.92526626586914
    ],
    [
      5.837053298950195,
      18.005401611328125,
      13.622394561767578,
      16.2113094329834,
      16.829788208007812,
      12.398978233337402,
      44.54707336425781,
      22.27460479736328,
      32.22833251953125,
      21.732297897338867,
      40.710121154785156,
      30.972732543945312,
      28.639955520629883,
      27.742183685302734,
      27.057680130004883,
      24.370126724243164,
      26.79652214050293,
      10.111031532287598
    ],
    [
      0.08309254795312881,
      3.4376394748687744,
      -1.6330370903015137,
      11.05886459350586,
      10.984553337097168,
      22.41866683959961,
      22.27460479736328,
      39.999656677246094,
      12.64206314086914,
      28.62733268737793,
      17.031076431274414,
      27.084810256958008,
      8.756983757019043,
      20.909029006958008,
      6.6959099769592285,
      15.099274635314941,
      5.210075378417969,
      8.988645553588867
    ],
    [
      8.47912883758545,
      20.718969345092773,
      16.452333450317383,
      18.091018676757812,
      13.696578025817871,
      8.770609855651855,
      32.22833251953125,
      12.64206314086914,
      50.82453155517578,
      24.21822738647461,
      51.93369674682617,
      36.50334930419922,
      36.03125762939453,
      32.39022445678711,
      32.03483963012695,
      29.127241134643555,
      31.59546661376953,
      13.675772666931152
    ],
    [
      4.974776744842529,
      13.151753425598145,
      5.694224834442139,
      16.970722198486328,
      13.06235122680664,
      24.76062774658203,
      21.732297897338867,
      28.62733268737793,
      24.21822738647461,
      49.16193389892578,
      26.785690307617188,
      48.77336883544922,
      15.604313850402832,
      36.0209846496582,
      9.891030311584473,
      19.413270950317383,
      8.591411590576172,
      11.834799766540527
    ],
    [
      8.00969409942627,
      24.93973159790039,
      19.745155334472656,
      24.729259490966797,
      17.27952003479004,
      10.20091438293457,
      40.710121154785156,
      17.031076431274414,
      51.93369674682617,
      26.785690307617188,
      84.55088806152344,
      50.18460464477539,
      44.29834747314453,
      40.77272033691406,
      43.064605712890625,
      39.840843200683594,
      42.697486877441406,
      18.6339168548584
    ],
    [
      11.333968162536621,
      27.3034725189209,
      16.43186378479004,
      25.065916061401367,
      17.058719635009766,
      21.43467903137207,
      30.972732543945312,
      27.084810256958008,
      36.50334930419922,
      48.77336883544922,
      50.18460464477539,
      76.54174041748047,
      29.711565017700195,
      52.25942611694336,
      24.13127326965332,
      36.0775260925293,
      22.856199264526367,
      19.67173194885254
    ],
    [
      8.964426040649414,
      22.949562072753906,
      17.972585678100586,
      21.22759246826172,
      11.967673301696777,
      6.65647029876709,
      28.639955520629883,
      8.756983757019043,
      36.03125762939453,
      15.604313850402832,
      44.29834747314453,
      29.711565017700195,
      53.118995666503906,
      35.37275695800781,
      44.5753288269043,
      35.424537658691406,
      43.69055938720703,
      17.413753509521484
    ],
    [
      11.212030410766602,
      25.495718002319336,
      16.251953125,
      23.92554473876953,
      14.749412536621094,
      18.621519088745117,
      27.742183685302734,
      20.909029006958008,
      32.39022445678711,
      36.0209846496582,
      40.77272033691406,
      52.25942611694336,
      35.37275695800781,
      60.752960205078125,
      28.578397750854492,
      43.67994689941406,
      25.758197784423828,
      23.787429809570312
    ],
    [
      7.394288063049316,
      22.49138832092285,
      19.374544143676758,
      19.262977600097656,
      13.724383354187012,
      4.408482074737549,
      27.057680130004883,
      6.6959099769592285,
      32.03483963012695,
      9.891030311584473,
      43.064605712890625,
      24.13127326965332,
      44.5753288269043,
      28.578397750854492,
      52.425941467285156,
      38.525150299072266,
      49.581581115722656,
      18.49412727355957
    ],
    [
      11.1879301071167,
      21.73149299621582,
      17.732526779174805,
      20.379074096679688,
      17.156143188476562,
      13.660492897033691,
      24.370126724243164,
      15.099274635314941,
      29.127241134643555,
      19.413270950317383,
      39.840843200683594,
      36.0775260925293,
      35.424537658691406,
      43.67994689941406,
      38.525150299072266,
      60.57553482055664,
      34.6016731262207,
      33.30729293823242
    ],
    [
      8.225150108337402,
      22.769155502319336,
      20.142248153686523,
      19.407060623168945,
      13.309832572937012,
      3.614716053009033,
      26.79652214050293,
      5.210075378417969,
      31.59546661376953,
      8.591411590576172,
      42.697486877441406,
      22.856199264526367,
      43.69055938720703,
      25.758197784423828,
      49.581581115722656,
      34.6016731262207,
      53.748653411865234,
      17.482051849365234
    ],
    [
      5.519099235534668,
      9.738982200622559,
      7.890036106109619,
      10.758355140686035,
      7.460928916931152,
      8.92526626586914,
      10.111031532287598,
      8.988645553588867,
      13.675772666931152,
      11.834799766540527,
      18.6339168548584,
      19.67173194885254,
      17.413753509521484,
      23.787429809570312,
      18.49412727355957,
      33.30729293823242,
      17.482051849365234,
      23.11723518371582
    ]
  ],
  "covariance_short": [
    [
      25.670412063598633,
      15.63221263885498,
      8.045313835144043,
      2.9641528129577637,
      3.7657668590545654,
      2.963402032852173,
      3.1776583194732666,
      -0.9865862727165222,
      6.076385974884033,
      3.4706015586853027,
      5.542765140533447,
      6.805897235870361,
      6.639238357543945,
      7.48555850982666,
      2.9722297191619873,
      7.637306213378906,
      10.672225952148438,
      4.327491760253906
    ],
    [
      15.63221263885498,
      42.97077178955078,
      17.992395401000977,
      15.429056167602539,
      8.891388893127441,
      7.069077968597412,
      16.51409339904785,
      4.258141040802002,
      19.715009689331055,
      12.260334014892578,
      21.837890625,
      24.497440338134766,
      19.087932586669922,
      24.940683364868164,
      14.671438217163086,
      19.00925636291504,
      33.63520431518555,
      8.288385391235352
    ],
    [
      8.045313835144043,
      17.992395401000977,
      24.53619956970215,
      12.737065315246582,
      9.458978652954102,
      5.0986151695251465,
      13.899284362792969,
      -0.4590591490268707,
      18.202165603637695,
      7.064946174621582,
      19.107269287109375,
      16.717086791992188,
      16.365415573120117,
      16.360992431640625,
      13.636731147766113,
      16.076135635375977,
      32.23667907714844,
      6.691370010375977
    ],
    [
      2.9641528129577637,
      15.429056167602539,
      12.737065315246582,
      34.19887924194336,
      7.359172344207764,
      13.460049629211426,
      15.495476722717285,
      11.502007484436035,
      18.274051666259766,
      17.74740982055664,
      23.594684600830078,
      25.366783142089844,
      19.4864559173584,
      23.675561904907227,
      13.778573989868164,
      18.460830688476562,
      25.74968147277832,
      9.023104667663574
    ],
    [
      3.7657668590545654,
      8.891388893127441,
      9.458978652954102,
      7.359172344207764,
      23.4841365814209,
      15.663018226623535,
      18.77748680114746,
      10.909625053405762,
      18.6567440032959,
      13.505727767944336,
      21.550281524658203,
      17.586061477661133,
      15.001835823059082,
      14.431811332702637,
      15.25241756439209,
      15.557140350341797,
      24.802841186523438,
      6.1676554679870605
    ],
    [
      2.963402032852173,
      7.069077968597412,
      5.0986151695251465,
      13.460049629211426,
      15.663018226623535,
      38.26409149169922,
      15.675317764282227,
      23.370624542236328,
      14.813363075256348,
      29.228784561157227,
      16.271066665649414,
      27.53753089904785,
      12.335330963134766,
      22.3911075592041,
      7.4252142906188965,
      15.096641540527344,
      14.806121826171875,
      8.906600952148438
    ],
    [
      3.1776583194732666,
      16.51409339904785,
      13.899284362792969,
      15.495476722717285,
      18.77748680114746,
      15.675317764282227,
      50.087074279785156,
      26.883499145507812,
      36.82184982299805,
      24.322654724121094,
      43.30156326293945,
      33.21083068847656,
      29.37457275390625,
      27.692848205566406,
      23.525062561035156,
      22.41814422607422,
      43.258522033691406,
      7.817478179931641
    ],
    [
      -0.9865862727165222,
      4.258141040802002,
      -0.4590591490268707,
      11.502007484436035,
      10.909625053405762,
      23.370624542236328,
      26.883499145507812,
      46.68526840209961,
      15.369349479675293,
      32.37236022949219,
      20.160573959350586,
      30.629844665527344,
      13.914793968200684,
      22.76283073425293,
      10.55128002166748,
      15.298559188842773,
      13.115806579589844,
      8.509774208068848
    ],
    [
      6.076385974884033,
      19.715009689331055,
      18.202165603637695,
      18.274051666259766,
      18.6567440032959,
      14.813363075256348,
      36.82184982299805,
      15.369349479675293,
      66.17451477050781,
      30.792911529541016,
      63.52290344238281,
      42.275901794433594,
      43.24229431152344,
      35.1552848815918,
      32.7258186340332,
      28.995248794555664,
      55.98251724243164,
      12.070574760437012
    ],
    [
      3.4706015586853027,
      12.260334014892578,
      7.064946174621582,
      17.74740982055664,
      13.505727767944336,
      29.228784561157227,
      24.322654724121094,
      32.37236022949219,
      30.792911529541016,
      56.42607498168945,
      32.032718658447266,
      53.22738265991211,
      21.07452392578125,
      38.29153823852539,
      11.116357803344727,
      20.054929733276367,
      21.128780364990234,
      11.531340599060059
    ],
    [
      5.542765140533447,
      21.837890625,
      19.107269287109375,
      23.594684600830078,
      21.550281524658203,
      16.271066665649414,
      43.30156326293945,
      20.160573959350586,
      63.52290344238281,
      32.032718658447266,
      102.09629821777344,
      57.16343688964844,
      58.519073486328125,
      43.81786346435547,
      48.24513244628906,
      39.155372619628906,
      72.47792053222656,
      16.526723861694336
    ],
    [
      6.805897235870361,
      24.497440338134766,
      16.717086791992188,
      25.366783142089844,
      17.586061477661133,
      27.53753089904785,
      33.21083068847656,
      30.629844665527344,
      42.275901794433594,
      53.22738265991211,
      57.16343688964844,
      81.85997772216797,
      36.6392707824707,
      54.10494613647461,
      22.578338623046875,
      35.51167678833008,
      44.09001159667969,
      18.189952850341797
    ],
    [
      6.639238357543945,
      19.087932586669922,
      16.365415573120117,
      19.4864559173584,
      15.001835823059082,
      12.335330963134766,
      29.37457275390625,
      13.914793968200684,
      43.24229431152344,
      21.07452392578125,
      58.519073486328125,
      36.6392707824707,
      83.2697982788086,
      40.758522033691406,
      56.54233169555664,
      38.57481384277344,
      79.35094451904297,
      17.92498779296875
    ],
    [
      7.48555850982666,
      24.940683364868164,
      16.360992431640625,
      23.675561904907227,
      14.431811332702637,
      22.3911075592041,
      27.692848205566406,
      22.76283073425293,
      35.1552848815918,
      38.29153823852539,
      43.81786346435547,
      54.10494613647461,
      40.758522033691406,
      66.4029541015625,
      25.028400421142578,
      44.13579177856445,
      44.90194320678711,
      22.945091247558594
    ],
    [
      2.9722297191619873,
      14.671438217163086,
      13.636731147766113,
      13.778573989868164,
      15.25241756439209,
      7.4252142906188965,
      23.525062561035156,
      10.55128002166748,
      32.7258186340332,
      11.116357803344727,
      48.24513244628906,
      22.578338623046875,
      56.54233169555664,
      25.028400421142578,
      79.99134826660156,
      35.83451461791992,
      73.0127944946289,
      16.72876739501953
    ],
    [
      7.637306213378906,
      19.00925636291504,
      16.076135635375977,
      18.460830688476562,
      15.557140350341797,
      15.096641540527344,
      22.41814422607422,
      15.298559188842773,
      28.995248794555664,
      20.054929733276367,
      39.155372619628906,
      35.51167678833008,
      38.57481384277344,
      44.13579177856445,
      35.83451461791992,
      62.08179473876953,
      53.399845123291016,
      32.70035171508789
    ],
    [
      10.672225952148438,
      33.63520431518555,
      32.23667907714844,
      25.74968147277832,
      24.802841186523438,
      14.806121826171875,
      43.258522033691406,
      13.115806579589844,
      55.98251724243164,
      21.128780364990234,
      72.47792053222656,
      44.09001159667969,
      79.35094451904297,
      44.90194320678711,
      73.0127944946289,
      53.399845123291016,
      131.74435424804688,
      23.700239181518555
    ],
    [
      4.327491760253906,
      8.288385391235352,
      6.691370010375977,
      9.023104667663574,
      6.1676554679870605,
      8.906600952148438,
      7.817478179931641,
      8.509774208068848,
      12.070574760437012,
      11.531340599060059,
      16.526723861694336,
      18.189952850341797,
      17.92498779296875,
      22.945091247558594,
      16.72876739501953,
      32.70035171508789,
      23.700239181518555,
      23.810686111450195
    ]
  ],
  "drr": 13.543898582458496,
  "dynamics": 3.5857009887695312,
  "format": 1245190,
  "frames": 12533760,
  "loudness": -13.081504821777344,
  "loudness_range": 10.359078407287598,
  "loudness_range_short": 12.643649101257324,
  "peak": 0.5490506291389465,
  "rms": -13.766029357910156,
  "sample_rate": 44100,
  "sections": 1,
  "seekable": 1,
  "sharpness": 2.694404125213623,
  "space": -15.321146965026855
}