{
  "bands": [
    {
      "high_freq": 148.1999969482422,
      "loudness": -21.808515548706055,
      "loudness_range": 6.958906173706055,
      "mid_mean": -18.30657386779785,
      "mid_to_side_loudness": -15.72005558013916,
      "mid_to_side_loudness_range": 11.823888778686523,
      "side_mean": -33.614959716796875
    },
    {
      "high_freq": 392.3793640136719,
      "loudness": -20.052963256835938,
      "loudness_range": 5.384485244750977,
      "low_freq": 148.1999969482422,
      "mid_mean": -16.928586959838867,
      "mid_to_side_loudness": -9.401546478271484,
      "mid_to_side_loudness_range": 8.231030464172363,
      "side_mean": -26.30422592163086
    },
    {
      "high_freq": 794.6976318359375,
      "loudness": -21.146032333374023,
      "loudness_range": 10.3180513381958,
      "low_freq": 392.3793640136719,
      "mid_mean": -18.03504180908203,
      "mid_to_side_loudness": -9.415373802185059,
      "mid_to_side_loudness_range": 10.537168502807617,
      "side_mean": -27.638845443725586
    },
    {
      "high_freq": 1457.5709228515625,
      "loudness": -24.022424697875977,
      "loudness_range": 14.28672981262207,
      "low_freq": 794.6976318359375,
      "mid_mean": -21.191184997558594,
      "mid_to_side_loudness": -7.476728439331055,
      "mid_to_side_loudness_range": 11.38473129272461,
      "side_mean": -28.89177894592285
    },
    {
      "high_freq": 2549.74365234375,
      "loudness": -23.841026306152344,
      "loudness_range": 12.735515594482422,
      "low_freq": 1457.5709228515625,
      "mid_mean": -20.875085830688477,
      "mid_to_side_loudness": -8.377009391784668,
      "mid_to_side_loudness_range": 10.751039505004883,
      "side_mean": -29.460186004638672
    },
    {
      "high_freq": 4349.24462890625,
      "loudness": -25.38056755065918,
      "loudness_range": 11.965715408325195,
      "low_freq": 2549.74365234375,
      "mid_mean": -22.347261428833008,
      "mid_to_side_loudness": -8.534212112426758,
      "mid_to_side_loudness_range": 10.360980987548828,
      "side_mean": -31.146934509277344
    },
    {
      "high_freq": 7314.1640625,
      "loudness": -29.217884063720703,
      "loudness_range": 8.972667694091797,
      "low_freq": 4349.24462890625,
      "mid_mean": -26.86395835876465,
      "mid_to_side_loudness": -4.75103235244751,
      "mid_to_side_loudness_range": 6.5940165519714355,
      "side_mean": -31.612926483154297
    },
    {
      "high_freq": 12199.2666015625,
      "loudness": -29.21331024169922,
      "loudness_range": 8.263172149658203,
      "low_freq": 7314.1640625,
      "mid_mean": -27.24394416809082,
      "mid_to_side_loudness": -3.3688840866088867,
      "mid_to_side_loudness_range": 5.491657257080078,
      "side_mean": -30.65138053894043
    },
    {
      "loudness": -40.13908004760742,
      "loudness_range": 12.989288330078125,
      "low_freq": 12199.2666015625,
      "mid_mean": -37.465553283691406,
      "mid_to_side_loudness": -6.27940034866333,
      "mid_to_side_loudness_range": 9.196564674377441,
      "side_mean": -43.935787200927734
    }
  ],
  "bands_short": [
    {
      "high_freq": 148.1999969482422,
      "loudness": -25.728792190551758,
      "loudness_range": 15.186979293823242,
      "mid_mean": -22.398418426513672,
      "mid_to_side_loudness": -15.60991382598877,
      "mid_to_side_loudness_range": 21.479780197143555,
      "side_mean": -37.69038009643555
    },
    {
      "high_freq": 392.3793640136719,
      "loudness": -20.077224731445312,
      "loudness_range": 9.347562789916992,
      "low_freq": 148.1999969482422,
      "mid_mean": -16.96466064453125,
      "mid_to_side_loudness": -10.270462036132812,
      "mid_to_side_loudness_range": 12.375406265258789,
      "side_mean": -27.187692642211914
    },
    {
      "high_freq": 794.6976318359375,
      "loudness": -21.26036262512207,
      "loudness_range": 12.228690147399902,
      "low_freq": 392.3793640136719,
      "mid_mean": -18.32697296142578,
      "mid_to_side_loudness": -9.034656524658203,
      "mid_to_side_loudness_range": 13.455227851867676,
      "side_mean": -27.45695686340332
    },
    {
      "high_freq": 1457.5709228515625,
      "loudness": -24.6782169342041,
      "loudness_range": 16.914928436279297,
      "low_freq": 794.6976318359375,
      "mid_mean": -22.11715316772461,
      "mid_to_side_loudness": -6.93175745010376,
      "mid_to_side_loudness_range": 14.58027458190918,
      "side_mean": -29.25847816467285
    },
    {
      "high_freq": 2549.74365234375,
      "loudness": -24.699682235717773,
      "loudness_range": 15.607635498046875,
      "low_freq": 1457.5709228515625,
      "mid_mean": -21.98369789123535,
      "mid_to_side_loudness": -7.744628429412842,
      "mid_to_side_loudness_range": 14.232503890991211,
      "side_mean": -29.917892456054688
    },
    {
      "high_freq": 4349.24462890625,
      "loudness": -26.11554527282715,
      "loudness_range": 15.147603988647461,
      "low_freq": 2549.74365234375,
      "mid_mean": -23.294910430908203,
      "mid_to_side_loudness": -7.987326145172119,
      "mid_to_side_loudness_range": 13.382434844970703,
      "side_mean": -31.51807403564453
    },
    {
      "high_freq": 7314.1640625,
      "loudness": -30.967870712280273,
      "loudness_range": 15.978504180908203,
      "low_freq": 4349.24462890625,
      "mid_mean": -28.96487045288086,
      "mid_to_side_loudness": -3.867683172225952,
      "mid_to_side_loudness_range": 8.27710247039795,
      "side_mean": -32.84039306640625
    },
    {
      "high_freq": 12199.2666015625,
      "loudness": -31.563831329345703,
      "loudness_range": 16.50909996032715,
      "low_freq": 7314.1640625,
      "mid_mean": -29.667373657226562,
      "mid_to_side_loudness": -3.4392688274383545,
      "mid_to_side_loudness_range": 7.866888046264648,
      "side_mean": -33.150726318359375
    },
    {
      "loudness": -45.3096923828125,
      "loudness_range": 25.361616134643555,
      "low_freq": 12199.2666015625,
      "mid_mean": -43.01827621459961,
      "mid_to_side_loudness": -5.244135856628418,
      "mid_to_side_loudness_range": 10.212063789367676,
      "side_mean": -49.07338333129883
    }
  ],
  "channels": 2,
  "covariance": [
    [
      10.295998573303223,
      2.57769775390625,
      1.062181830406189,
      1.455281376838684,
      0.07387658208608627,
      -0.906823456287384,
      -0.7771227359771729,
      -1.2988780736923218,
      -0.5180164575576782,
      -0.7825796008110046,
      1.222604751586914,
      0.3714868724346161,
      2.6760189533233643,
      2.179849624633789,
      1.5322299003601074,
      2.623230218887329,
      1.7815349102020264,
      2.545344829559326
    ],
    [
      2.57769775390625,
      13.760791778564453,
      0.9430087804794312,
      1.6823123693466187,
      -1.4222432374954224,
      -0.968144953250885,
      -0.26684921979904175,
      0.6282471418380737,
      -1.05121910572052,
      -0.08269496262073517,
      -1.0790432691574097,
      0.1721978783607483,
      2.0071516036987305,
      1.1219106912612915,
      1.6160690784454346,
      2.3496763706207275,
      1.3123893737792969,
      1.568213701248169
    ],
    [
      1.062181830406189,
      0.9430087804794312,
      6.819582462310791,
      3.3177576065063477,
      3.384324073791504,
      2.083787679672241,
      1.6578394174575806,
      1.8101593255996704,
      1.904972791671753,
      0.986375629901886,
      1.077286958694458,
      1.047691822052002,
      2.8302395343780518,
      1.7306487560272217,
      1.6894124746322632,
      1.814021110534668,
      2.4174795150756836,
      1.955062985420227
    ],
    [
      1.455281376838684,
      1.6823123693466187,
      3.3177576065063477,
      8.171040534973145,
      2.065891981124878,
      1.6738946437835693,
      1.9610251188278198,
      2.1841933727264404,
      0.6421745419502258,
      1.7473855018615723,
      0.36487269401550293,
      2.4045612812042236,
      2.7908222675323486,
      2.3509819507598877,
      2.027567148208618,
      2.7348508834838867,
      2.2679076194763184,
      2.1588494777679443
    ],
    [
      0.07387658208608627,
      -1.4222432374954224,
      3.384324073791504,
      2.065891981124878,
      16.130672454833984,
      8.85368537902832,
      12.51838207244873,
      7.316705226898193,
      9.409586906433105,
      4.8008809089660645,
      7.657893657684326,
      5.444294452667236,
      2.468043804168701,
      3.214773416519165,
      1.4039920568466187,
      1.6058251857757568,
      -0.21515357494354248,
      0.8544488549232483
    ],
    [
      -0.906823456287384,
      -0.968144953250885,
      2.083787679672241,
      1.6738946437835693,
      8.85368537902832,
      15.143060684204102,
      11.439663887023926,
      12.438292503356934,
      10.099506378173828,
      8.746163368225098,
      8.326395034790039,
      10.165616989135742,
      2.128739595413208,
      4.330071926116943,
      1.065811038017273,
      2.0578856468200684,
      -4.973057270050049,
      -0.4285754859447479
    ],
    [
      -0.7771227359771729,
      -0.26684921979904175,
      1.6578394174575806,
      1.9610251188278198,
      12.51838207244873,
      11.439663887023926,
      28.490102767944336,
      16.61007308959961,
      15.522723197937012,
      12.44852066040039,
      15.088377952575684,
      13.463672637939453,
      6.422022819519043,
      6.902100563049316,
      3.7085094451904297,
      4.570849895477295,
      -0.6746663451194763,
      2.655142307281494
    ],
    [
      -1.2988780736923218,
      0.6282471418380737,
      1.8101593255996704,
      2.1841933727264404,
      7.316705226898193,
      12.438292503356934,
      16.61007308959961,
      20.282833099365234,
      11.397104263305664,
      12.589217185974121,
      9.958173751831055,
      13.925941467285156,
      4.083522319793701,
      6.601025581359863,
      1.6914559602737427,
      3.7002980709075928,
      -6.928014755249023,
      0.17916494607925415
    ],
    [
      -0.5180164575576782,
      -1.05121910572052,
      1.904972791671753,
      0.6421745419502258,
      9.409586906433105,
      10.099506378173828,
      15.522723197937012,
      11.397104263305664,
      23.40815544128418,
      13.198042869567871,
      15.45776653289795,
      11.743143081665039,
      5.063628673553467,
      5.000084400177002,
      3.6742806434631348,
      2.767085552215576,
      -0.9226826429367065,
      1.7194617986679077
    ],
    [
      -0.7825796008110046,
      -0.08269496262073517,
      0.986375629901886,
      1.7473855018615723,
      4.8008809089660645,
      8.746163368225098,
      12.44852066040039,
      12.589217185974121,
      13.198042869567871,
      15.080842971801758,
      9.784865379333496,
      12.117430686950684,
      4.9235358238220215,
      5.790179252624512,
      2.485173463821411,
      3.5430071353912354,
      -4.1694440841674805,
      1.048150897026062
    ],
    [
      1.222604751586914,
      -1.0790432691574097,
      1.077286958694458,
      0.36487269401550293,
      7.657893657684326,
      8.326395034790039,
      15.088377952575684,
      9.958173751831055,
      15.45776653289795,
      9.784865379333496,
      18.299863815307617,
      11.513890266418457,
      7.312668323516846,
      5.873067855834961,
      5.231413841247559,
      4.4250712394714355,
      1.602613925933838,
      3.561877727508545
    ],
    [
      0.3714868724346161,
      0.1721978783607483,
      1.047691822052002,
      2.4045612812042236,
      5.444294452667236,
      10.165616989135742,
      13.463672637939453,
      13.925941467285156,
      11.743143081665039,
      12.117430686950684,
      11.513890266418457,
      16.497657775878906,
      6.700271129608154,
      8.02371883392334,
      4.108467102050781,
      6.0911712646484375,
      -3.320262908935547,
      2.744751214981079
    ],
    [
      2.6760189533233643,
      2.0071516036987305,
      2.8302395343780518,
      2.7908222675323486,
      2.468043804168701,
      2.128739595413208,
      6.422022819519043,
      4.083522319793701,
      5.063628673553467,
      4.9235358238220215,
      7.312668323516846,
      6.700271129608154,
      15.705570220947266,
      9.150383949279785,
      10.613561630249023,
      9.235568046569824,
      9.487065315246582,
      10.076371192932129
    ],
    [
      2.179849624633789,
      1.1219106912612915,
      1.7306487560272217,
      2.3509819507598877,
      3.214773416519165,
      4.330071926116943,
      6.902100563049316,
      6.601025581359863,
      5.000084400177002,
      5.790179252624512,
      5.873067855834961,
      8.02371883392334,
      9.150383949279785,
      11.110051155090332,
      5.888749122619629,
      7.75049352645874,
      2.751645803451538,
      6.585126876831055
    ],
    [
      1.5322299003601074,
      1.6160690784454346,
      1.6894124746322632,
      2.027567148208618,
      1.4039920568466187,
      1.065811038017273,
      3.7085094451904297,
      1.6914559602737427,
      3.6742806434631348,
      2.485173463821411,
      5.231413841247559,
      4.108467102050781,
      10.613561630249023,
      5.888749122619629,
      12.422362327575684,
      9.036458015441895,
      11.677281379699707,
      9.956035614013672
    ],
    [
      2.623230218887329,
      2.3496763706207275,
      1.814021110534668,
      2.7348508834838867,
      1.6058251857757568,
      2.0578856468200684,
      4.570849895477295,
      3.7002980709075928,
      2.767085552215576,
      3.5430071353912354,
      4.4250712394714355,
      6.0911712646484375,
      9.235568046569824,
      7.75049352645874,
      9.036458015441895,
      11.561763763427734,
      7.034968376159668,
      9.144253730773926
    ],
    [
      1.7815349102020264,
      1.3123893737792969,
      2.4174795150756836,
      2.2679076194763184,
      -0.21515357494354248,
      -4.973057270050049,
      -0.6746663451194763,
      -6.928014755249023,
      -0.9226826429367065,
      -4.1694440841674805,
      1.602613925933838,
      -3.320262908935547,
      9.487065315246582,
      2.751645803451538,
      11.677281379699707,
      7.034968376159668,
      23.767641067504883,
      14.355972290039062
    ],
    [
      2.545344829559326,
      1.568213701248169,
      1.955062985420227,
      2.1588494777679443,
      0.8544488549232483,
      -0.4285754859447479,
      2.655142307281494,
      0.17916494607925415,
      1.7194617986679077,
      1.048150897026062,
      3.561877727508545,
      2.744751214981079,
      10.076371192932129,
      6.585126876831055,
      9.956035614013672,
      9.144253730773926,
      14.355972290039062,
      13.526719093322754
    ]
  ],
  "covariance_short": [
    [
      31.780019760131836,
      10.416279792785645,
      11.070611953735352,
      4.217479705810547,
      4.138243198394775,
      1.3697983026504517,
      5.335594177246094,
      3.0039050579071045,
      6.291248798370361,
      2.8906538486480713,
      8.269721984863281,
      5.896196365356445,
      10.306539535522461,
      8.918656349182129,
      7.850833892822266,
      8.409897804260254,
      9.510294914245605,
      11.862370491027832
    ],
    [
      10.416279792785645,
      41.13886642456055,
      5.70455265045166,
      5.017528057098389,
      0.7498897314071655,
      -0.5447390079498291,
      1.5069741010665894,
      0.8785147666931152,
      1.1540125608444214,
      0.5417526364326477,
      2.2578954696655273,
      2.7904605865478516,
      7.845484733581543,
      6.180041790008545,
      7.024718284606934,
      8.61782169342041,
      9.240320205688477,
      9.69494915008545
    ],
    [
      11.070611953735352,
      5.70455265045166,
      14.317304611206055,
      5.138239860534668,
      5.162069320678711,
      1.0555644035339355,
      4.570799350738525,
      2.5426218509674072,
      4.886877059936523,
      1.8686202764511108,
      5.285735130310059,
      3.1243374347686768,
      7.883526802062988,
      6.338284969329834,
      5.986898422241211,
      6.5397515296936035,
      8.34157943725586,
      11.159378051757812
    ],
    [
      4.217479705810547,
      5.017528057098389,
      5.138239860534668,
      14.162700653076172,
      1.5375531911849976,
      0.7858789563179016,
      2.53963565826416,
      2.092773675918579,
      1.1529279947280884,
      2.4061806201934814,
      1.3431023359298706,
      3.4715449810028076,
      5.004037380218506,
      4.805210113525391,
      3.8856875896453857,
      4.9457831382751465,
      4.126083850860596,
      7.821918487548828
    ],
    [
      4.138243198394775,
      0.7498897314071655,
      5.162069320678711,
      1.5375531911849976,
      24.09415626525879,
      10.205979347229004,
      18.254194259643555,
      9.4404878616333,
      16.185333251953125,
      6.490910530090332,
      14.656360626220703,
      7.942851543426514,
      7.115390300750732,
      6.3229660987854,
      6.479066848754883,
      5.217565059661865,
      9.951445579528809,
      12.218803405761719
    ],
    [
      1.3697983026504517,
      -0.5447390079498291,
      1.0555644035339355,
      0.7858789563179016,
      10.205979347229004,
      17.95551109313965,
      12.538474082946777,
      12.695199966430664,
      10.950887680053711,
      8.815546989440918,
      9.461987495422363,
      10.825743675231934,
      5.033350467681885,
      6.028234958648682,
      3.839134693145752,
      4.277834892272949,
      1.0010325908660889,
      6.513457298278809
    ],
    [
      5.335594177246094,
      1.5069741010665894,
      4.570799350738525,
      2.53963565826416,
      18.254194259643555,
      12.538474082946777,
      40.922142028808594,
      19.53046226501465,
      23.55031394958496,
      14.863425254821777,
      24.934059143066406,
      17.151235580444336,
      14.900364875793457,
      12.46086311340332,
      12.55810260772705,
      11.277057647705078,
      16.269153594970703,
      17.361255645751953
    ],
    [
      3.0039050579071045,
      0.8785147666931152,
      2.5426218509674072,
      2.092773675918579,
      9.4404878616333,
      12.695199966430664,
      19.53046226501465,
      24.276880264282227,
      14.403287887573242,
      13.44580364227295,
      13.627816200256348,
      15.756092071533203,
      9.472146987915039,
      10.089138984680176,
      6.583898544311523,
      7.402641773223877,
      2.0813698768615723,
      8.614303588867188
    ],
    [
      6.291248798370361,
      1.1540125608444214,
      4.886877059936523,
      1.1529279947280884,
      16.185333251953125,
      10.950887680053711,
      23.55031394958496,
      14.403287887573242,
      36.695777893066406,
      15.860554695129395,
      26.489418029785156,
      15.785514831542969,
      14.219112396240234,
      10.96660327911377,
      13.039702415466309,
      9.681940078735352,
      16.229455947875977,
      15.602197647094727
    ],
    [
      2.8906538486480713,
      0.5417526364326477,
      1.8686202764511108,
      2.4061806201934814,
      6.490910530090332,
      8.815546989440918,
      14.863425254821777,
      13.44580364227295,
      15.860554695129395,
      18.695451736450195,
      13.083819389343262,
      14.121504783630371,
      9.906429290771484,
      9.350619316101074,
      7.135789394378662,
      7.383502006530762,
      3.7861995697021484,
      7.87567138671875
    ],
    [
      8.269721984863281,
      2.2578954696655273,
      5.285735130310059,
      1.3431023359298706,
      14.656360626220703,
      9.461987495422363,
      24.934059143066406,
      13.627816200256348,
      26.489418029785156,
      13.083819389343262,
      32.859947204589844,
      16.653181076049805,
      18.080429077148438,
      13.10803508758545,
      16.72707176208496,
      13.347678184509277,
      21.546188354492188,
      19.155118942260742
    ],
    [
      5.896196365356445,
      2.7904605865478516,
      3.1243374347686768,
      3.4715449810028076,
      7.942851543426514,
      10.825743675231934,
      17.151235580444336,
      15.756092071533203,
      15.785514831542969,
      14.121504783630371,
      16.653181076049805,
      21.37588882446289,
      14.341289520263672,
      13.9698486328125,
      11.496294021606445,
      12.676470756530762,
      7.770436763763428,
      12.309881210327148
    ],
    [
      10.306539535522461,
      7.845484733581543,
      7.883526802062988,
      5.004037380218506,
      7.115390300750732,
      5.033350467681885,
      14.900364875793457,
      9.472146987915039,
      14.219112396240234,
      9.906429290771484,
      18.080429077148438,
      14.341289520263672,
      34.044105529785156,
      23.698129653930664,
      28.595592498779297,
      26.174734115600586,
      33.30189895629883,
      33.115840911865234
    ],
    [
      8.918656349182129,
      6.180041790008545,
      6.338284969329834,
      4.805210113525391,
      6.3229660987854,
      6.028234958648682,
      12.46086311340332,
      10.089138984680176,
      10.96660327911377,
      9.350619316101074,
      13.10803508758545,
      13.9698486328125,
      23.698129653930664,
      24.607376098632812,
      19.79300880432129,
      22.93563461303711,
      20.184274673461914,
      24.926177978515625
    ],
    [
      7.850833892822266,
      7.024718284606934,
      5.986898422241211,
      3.8856875896453857,
      6.479066848754883,
      3.839134693145752,
      12.55810260772705,
      6.583898544311523,
      13.039702415466309,
      7.135789394378662,
      16.72707176208496,
      11.496294021606445,
      28.595592498779297,
      19.79300880432129,
      34.55992126464844,
      30.086544036865234,
      40.879085540771484,
      37.945457458496094
    ],
    [
      8.409897804260254,
      8.61782169342041,
      6.5397515296936035,
      4.9457831382751465,
      5.217565059661865,
      4.277834892272949,
      11.277057647705078,
      7.402641773223877,
      9.681940078735352,
      7.383502006530762,
      13.347678184509277,
      12.676470756530762,
      26.174734115600586,
      22.93563461303711,
      30.086544036865234,
      34.849342346191406,
      32.753623962402344,
      36.56257247924805
    ],
    [
      9.510294914245605,
      9.240320205688477,
      8.34157943725586,
      4.126083850860596,
      9.951445579528809,
      1.0010325908660889,
      16.269153594970703,
      2.0813698768615723,
      16.229455947875977,
      3.7861995697021484,
      21.546188354492188,
      7.770436763763428,
      33.30189895629883,
      20.184274673461914,
      40.879085540771484,
      32.753623962402344,
      72.8848876953125,
      58.13850021362305
    ],
    [
      11.862370491027832,
      9.69494915008545,
      11.159378051757812,
      7.821918487548828,
      12.218803405761719,
      6.513457298278809,
      17.361255645751953,
      8.614303588867188,
      15.602197647094727,
      7.87567138671875,
      19.155118942260742,
      12.309881210327148,
      33.115840911865234,
      24.926177978515625,
      37.945457458496094,
      36.56257247924805,
      58.13850021362305,
      68.0337905883789
    ]
  ],
  "drr": 14.750661849975586,
  "dynamics": 2.1830341815948486,
  "format": 1245190,
  "frames": 11503616,
  "loudness": -10.228514671325684,
  "loudness_range": 5.241607666015625,
  "loudness_range_short": 7.858795166015625,
  "peak": -0.1778157651424408,
  "rms": -12.803364753723145,
  "sample_rate": 44100,
  "sections": 1,
  "seekable": 1,
  "sharpness": 2.404273509979248,
  "space": -9.114972114562988
}