{
  "bands": [
    {
      "high_freq": 148.1999969482422,
      "loudness": -21.5476016998291,
      "loudness_range": 9.570850372314453,
      "mid_mean": -17.98723602294922,
      "mid_to_side_loudness": -17.58620262145996,
      "mid_to_side_loudness_range": 13.156311988830566,
      "side_mean": -35.67713928222656
    },
    {
      "high_freq": 392.3793640136719,
      "loudness": -18.105113983154297,
      "loudness_range": 6.338736534118652,
      "low_freq": 148.1999969482422,
      "mid_mean": -14.895478248596191,
      "mid_to_side_loudness": -10.09557819366455,
      "mid_to_side_loudness_range": 7.034951686859131,
      "side_mean": -24.68513298034668
    },
    {
      "high_freq": 794.6976318359375,
      "loudness": -19.83803367614746,
      "loudness_range": 8.035665512084961,
      "low_freq": 392.3793640136719,
      "mid_mean": -16.900686264038086,
      "mid_to_side_loudness": -7.842939376831055,
      "mid_to_side_loudness_range": 7.233820915222168,
      "side_mean": -24.49139976501465
    },
    {
      "high_freq": 1457.5709228515625,
      "loudness": -23.504152297973633,
      "loudness_range": 17.32044219970703,
      "low_freq": 794.6976318359375,
      "mid_mean": -20.579696655273438,
      "mid_to_side_loudness": -8.772377967834473,
      "mid_to_side_loudness_range": 12.246566772460938,
      "side_mean": -29.339839935302734
    },
    {
      "high_freq": 2549.74365234375,
      "loudness": -22.888628005981445,
      "loudness_range": 13.280464172363281,
      "low_freq": 1457.5709228515625,
      "mid_mean": -20.023696899414062,
      "mid_to_side_loudness": -8.266241073608398,
      "mid_to_side_loudness_range": 12.034916877746582,
      "side_mean": -28.01223373413086
    },
    {
      "high_freq": 4349.24462890625,
      "loudness": -25.683246612548828,
      "loudness_range": 12.845039367675781,
      "low_freq": 2549.74365234375,
      "mid_mean": -22.534502029418945,
      "mid_to_side_loudness": -10.026171684265137,
      "mid_to_side_loudness_range": 11.420806884765625,
      "side_mean": -32.482669830322266
    },
    {
      "high_freq": 7314.1640625,
      "loudness": -28.450944900512695,
      "loudness_range": 12.071174621582031,
      "low_freq": 4349.24462890625,
      "mid_mean": -25.20728874206543,
      "mid_to_side_loudness": -10.935324668884277,
      "mid_to_side_loudness_range": 10.301543235778809,
      "side_mean": -35.92344665527344
    },
    {
      "high_freq": 12199.2666015625,
      "loudness": -31.061742782592773,
      "loudness_range": 12.093774795532227,
      "low_freq": 7314.1640625,
      "mid_mean": -27.822721481323242,
      "mid_to_side_loudness": -10.776153564453125,
      "mid_to_side_loudness_range": 11.06645393371582,
      "side_mean": -38.3944091796875
    },
    {
      "loudness": -38.8123664855957,
      "loudness_range": 10.385173797607422,
      "low_freq": 12199.2666015625,
      "mid_mean": -35.6895866394043,
      "mid_to_side_loudness": -9.432747840881348,
      "mid_to_side_loudness_range": 10.166158676147461,
      "side_mean": -45.09923553466797
    }
  ],
  "bands_short": [
    {
      "high_freq": 148.1999969482422,
      "loudness": -26.65645980834961,
      "loudness_range": 17.872997283935547,
      "mid_mean": -23.138103485107422,
      "mid_to_side_loudness": -18.94610595703125,
      "mid_to_side_loudness_range": 19.929306030273438,
      "side_mean": -42.32343673706055
    },
    {
      "high_freq": 392.3793640136719,
      "loudness": -17.635717391967773,
      "loudness_range": 8.473611831665039,
      "low_freq": 148.1999969482422,
      "mid_mean": -14.431241989135742,
      "mid_to_side_loudness": -10.736821174621582,
      "mid_to_side_loudness_range": 10.540925979614258,
      "side_mean": -24.891929626464844
    },
    {
      "high_freq": 794.6976318359375,
      "loudness": -20.256378173828125,
      "loudness_range": 9.967737197875977,
      "low_freq": 392.3793640136719,
      "mid_mean": -17.435935974121094,
      "mid_to_side_loudness": -7.747763156890869,
      "mid_to_side_loudness_range": 10.356369972229004,
      "side_mean": -24.873762130737305
    },
    {
      "high_freq": 1457.5709228515625,
      "loudness": -23.425579071044922,
      "loudness_range": 18.614288330078125,
      "low_freq": 794.6976318359375,
      "mid_mean": -20.647098541259766,
      "mid_to_side_loudness": -8.27774429321289,
      "mid_to_side_loudness_range": 14.159544944763184,
      "side_mean": -28.863632202148438
    },
    {
      "high_freq": 2549.74365234375,
      "loudness": -23.543432235717773,
      "loudness_range": 15.784919738769531,
      "low_freq": 1457.5709228515625,
      "mid_mean": -20.82224464416504,
      "mid_to_side_loudness": -7.829903602600098,
      "mid_to_side_loudness_range": 13.205488204956055,
      "side_mean": -28.5223331451416
    },
    {
      "high_freq": 4349.24462890625,
      "loudness": -26.44554328918457,
      "loudness_range": 15.86782455444336,
      "low_freq": 2549.74365234375,
      "mid_mean": -23.437955856323242,
      "mid_to_side_loudness": -9.356273651123047,
      "mid_to_side_loudness_range": 13.054744720458984,
      "side_mean": -32.756378173828125
    },
    {
      "high_freq": 7314.1640625,
      "loudness": -29.443443298339844,
      "loudness_range": 15.238349914550781,
      "low_freq": 4349.24462890625,
      "mid_mean": -26.270828247070312,
      "mid_to_side_loudness": -10.663419723510742,
      "mid_to_side_loudness_range": 12.696846008300781,
      "side_mean": -36.8242301940918
    },
    {
      "high_freq": 12199.2666015625,
      "loudness": -33.20085525512695,
      "loudness_range": 17.94361114501953,
      "low_freq": 7314.1640625,
      "mid_mean": -29.996185302734375,
      "mid_to_side_loudness": -11.366772651672363,
      "mid_to_side_loudness_range": 14.552162170410156,
      "side_mean": -41.29191970825195
    },
    {
      "loudness": -43.34437942504883,
      "loudness_range": 23.512813568115234,
      "low_freq": 12199.2666015625,
      "mid_mean": -40.198265075683594,
      "mid_to_side_loudness": -10.181324005126953,
      "mid_to_side_loudness_range": 13.713312149047852,
      "side_mean": -50.890464782714844
    }
  ],
  "channels": 2,
  "covariance": [
    [
      16.161203384399414,
      9.70489501953125,
      1.957051157951355,
      2.2739317417144775,
      1.1432716846466064,
      1.7716927528381348,
      1.1702629327774048,
      3.0281569957733154,
      1.2718645334243774,
      3.4898719787597656,
      0.7494479417800903,
      3.412252187728882,
      0.07170020043849945,
      2.162562370300293,
      1.6612993478775024,
      3.670715570449829,
      2.4964911937713623,
      5.602510929107666
    ],
    [
      9.70489501953125,
      23.488006591796875,
      1.9730238914489746,
      2.6487772464752197,
      1.1777560710906982,
      1.412501335144043,
      -1.3046214580535889,
      0.41906002163887024,
      0.0702819749712944,
      0.3241143822669983,
      0.3130664527416229,
      1.6438124179840088,
      -0.29061034321784973,
      0.5744345784187317,
      1.3752493858337402,
      2.183044195175171,
      2.319180965423584,
      4.307462215423584
    ],
    [
      1.957051157951355,
      1.9730238914489746,
      10.61918830871582,
      5.055121898651123,
      4.229208946228027,
      3.3594653606414795,
      3.4600536823272705,
      3.687469959259033,
      3.496642589569092,
      2.39644193649292,
      4.797583103179932,
      5.453674793243408,
      5.327973365783691,
      5.089400768280029,
      6.096194267272949,
      5.887262344360352,
      5.608619213104248,
      6.152665615081787
    ],
    [
      2.2739317417144775,
      2.6487772464752197,
      5.055121898651123,
      8.880768775939941,
      5.289088249206543,
      5.908360958099365,
      5.947685718536377,
      7.415268898010254,
      6.069103240966797,
      6.998074054718018,
      5.329355239868164,
      9.529617309570312,
      3.5209975242614746,
      6.474457740783691,
      3.085977554321289,
      4.875162601470947,
      2.5912768840789795,
      4.2452778816223145
    ],
    [
      1.1432716846466064,
      1.1777560710906982,
      4.229208946228027,
      5.289088249206543,
      12.799172401428223,
      7.624698162078857,
      11.16073226928711,
      10.075766563415527,
      10.815194129943848,
      9.307144165039062,
      9.503827095031738,
      11.008508682250977,
      7.2132792472839355,
      7.970991611480713,
      5.44185733795166,
      6.6626763343811035,
      4.2985148429870605,
      5.62574577331543
    ],
    [
      1.7716927528381348,
      1.412501335144043,
      3.3594653606414795,
      5.908360958099365,
      7.624698162078857,
      12.00266170501709,
      11.08956527709961,
      14.686776161193848,
      8.725614547729492,
      13.591242790222168,
      6.522805690765381,
      13.466792106628418,
      3.893836736679077,
      8.689409255981445,
      2.511098623275757,
      5.1153788566589355,
      1.6009184122085571,
      3.864948272705078
    ],
    [
      1.1702629327774048,
      -1.3046214580535889,
      3.4600536823272705,
      5.947685718536377,
      11.16073226928711,
      11.08956527709961,
      39.080318450927734,
      26.76796531677246,
      22.441242218017578,
      23.135957717895508,
      14.45675277709961,
      22.576379776000977,
      9.797527313232422,
      15.264153480529785,
      4.655467510223389,
      7.7883405685424805,
      0.8842142820358276,
      5.031003952026367
    ],
    [
      3.0281569957733154,
      0.41906002163887024,
      3.687469959259033,
      7.415268898010254,
      10.075766563415527,
      14.686776161193848,
      26.76796531677246,
      37.25571060180664,
      19.67424964904785,
      33.63430404663086,
      12.973993301391602,
      30.323631286621094,
      6.325994491577148,
      18.11294174194336,
      0.6864474415779114,
      7.92721700668335,
      -0.7231153249740601,
      4.010423183441162
    ],
    [
      1.2718645334243774,
      0.0702819749712944,
      3.496642589569092,
      6.069103240966797,
      10.815194129943848,
      8.725614547729492,
      22.441242218017578,
      19.67424964904785,
      25.81532859802246,
      21.794048309326172,
      15.464964866638184,
      20.69171142578125,
      9.474769592285156,
      13.104228973388672,
      4.830321311950684,
      7.152349948883057,
      1.919251561164856,
      4.67730712890625
    ],
    [
      3.4898719787597656,
      0.3241143822669983,
      2.39644193649292,
      6.998074054718018,
      9.307144165039062,
      13.591242790222168,
      23.135957717895508,
      33.63430404663086,
      21.794048309326172,
      40.42470932006836,
      12.74777603149414,
      31.167388916015625,
      5.611514091491699,
      18.219417572021484,
      -0.39695972204208374,
      7.723177433013916,
      -1.3618496656417847,
      3.8008997440338135
    ],
    [
      0.7494479417800903,
      0.3130664527416229,
      4.797583103179932,
      5.329355239868164,
      9.503827095031738,
      6.522805690765381,
      14.45675277709961,
      12.973993301391602,
      15.464964866638184,
      12.74777603149414,
      21.7075252532959,
      17.723848342895508,
      13.484601020812988,
      13.283194541931152,
      7.533230781555176,
      9.667346000671387,
      4.4986701011657715,
      7.627381324768066
    ],
    [
      3.412252187728882,
      1.6438124179840088,
      5.453674793243408,
      9.529617309570312,
      11.008508682250977,
      13.466792106628418,
      22.576379776000977,
      30.323631286621094,
      20.69171142578125,
      31.167388916015625,
      17.723848342895508,
      36.180416107177734,
      10.042956352233887,
      22.720476150512695,
      3.3739490509033203,
      11.891500473022461,
      1.6013600826263428,
      6.772579193115234
    ],
    [
      0.07170020043849945,
      -0.29061034321784973,
      5.327973365783691,
      3.5209975242614746,
      7.2132792472839355,
      3.893836736679077,
      9.797527313232422,
      6.325994491577148,
      9.474769592285156,
      5.611514091491699,
      13.484601020812988,
      10.042956352233887,
      18.5031795501709,
      13.491694450378418,
      13.570796012878418,
      12.283204078674316,
      8.99979305267334,
      9.726877212524414
    ],
    [
      2.162562370300293,
      0.5744345784187317,
      5.089400768280029,
      6.474457740783691,
      7.970991611480713,
      8.689409255981445,
      15.264153480529785,
      18.11294174194336,
      13.104228973388672,
      18.219417572021484,
      13.283194541931152,
      22.720476150512695,
      13.491694450378418,
      25.931852340698242,
      8.425707817077637,
      18.42288589477539,
      5.220153331756592,
      13.135605812072754
    ],
    [
      1.6612993478775024,
      1.3752493858337402,
      6.096194267272949,
      3.085977554321289,
      5.44185733795166,
      2.511098623275757,
      4.655467510223389,
      0.6864474415779114,
      4.830321311950684,
      -0.39695972204208374,
      7.533230781555176,
      3.3739490509033203,
      13.570796012878418,
      8.425707817077637,
      20.541921615600586,
      13.309024810791016,
      16.432655334472656,
      13.173539161682129
    ],
    [
      3.670715570449829,
      2.183044195175171,
      5.887262344360352,
      4.875162601470947,
      6.6626763343811035,
      5.1153788566589355,
      7.7883405685424805,
      7.92721700668335,
      7.152349948883057,
      7.723177433013916,
      9.667346000671387,
      11.891500473022461,
      12.283204078674316,
      18.42288589477539,
      13.309024810791016,
      24.631757736206055,
      13.12834358215332,
      21.39543342590332
    ],
    [
      2.4964911937713623,
      2.319180965423584,
      5.608619213104248,
      2.5912768840789795,
      4.2985148429870605,
      1.6009184122085571,
      0.8842142820358276,
      -0.7231153249740601,
      1.919251561164856,
      -1.3618496656417847,
      4.4986701011657715,
      1.6013600826263428,
      8.99979305267334,
      5.220153331756592,
      16.432655334472656,
      13.12834358215332,
      22.36972999572754,
      16.287473678588867
    ],
    [
      5.602510929107666,
      4.307462215423584,
      6.152665615081787,
      4.2452778816223145,
      5.62574577331543,
      3.864948272705078,
      5.031003952026367,
      4.010423183441162,
      4.67730712890625,
      3.8008997440338135,
      7.627381324768066,
      6.772579193115234,
      9.726877212524414,
      13.135605812072754,
      13.173539161682129,
      21.39543342590332,
      16.287473678588867,
      29.160627365112305
    ]
  ],
  "covariance_short": [
    [
      40.181793212890625,
      10.566128730773926,
      7.667825698852539,
      3.6099560260772705,
      2.4598324298858643,
      2.8603265285491943,
      2.962726593017578,
      5.870757102966309,
      4.507987022399902,
      7.649415969848633,
      4.375276565551758,
      7.82526159286499,
      3.6555473804473877,
      8.737899780273438,
      6.381894588470459,
      12.227952003479004,
      9.322112083435059,
      15.157712936401367
    ],
    [
      10.566128730773926,
      27.477493286132812,
      1.48077392578125,
      3.0564026832580566,
      0.5361800193786621,
      1.1136263608932495,
      -1.8564614057540894,
      0.13247302174568176,
      0.8365197777748108,
      2.10606050491333,
      0.7765722870826721,
      2.6279423236846924,
      0.30305933952331543,
      3.093329429626465,
      1.3481707572937012,
      3.9460525512695312,
      2.768531560897827,
      5.792917728424072
    ],
    [
      7.667825698852539,
      1.48077392578125,
      14.576274871826172,
      5.374327659606934,
      4.434331893920898,
      3.747684955596924,
      4.2374372482299805,
      4.281379222869873,
      3.368454694747925,
      3.770444393157959,
      5.094172954559326,
      5.619333744049072,
      5.22506856918335,
      5.5291218757629395,
      7.401247024536133,
      7.862688064575195,
      8.837606430053711,
      9.89193344116211
    ],
    [
      3.6099560260772705,
      3.0564026832580566,
      5.374327659606934,
      11.318201065063477,
      4.647008895874023,
      5.106736660003662,
      4.896485328674316,
      6.055127143859863,
      4.846738338470459,
      6.582188129425049,
      4.103541851043701,
      7.564522743225098,
      2.7082386016845703,
      5.645418167114258,
      3.240264892578125,
      5.31447696685791,
      4.441914081573486,
      5.336254596710205
    ],
    [
      2.4598324298858643,
      0.5361800193786621,
      4.434331893920898,
      4.647008895874023,
      17.514928817749023,
      7.966349124908447,
      10.347819328308105,
      9.281258583068848,
      10.919753074645996,
      10.148999214172363,
      11.70083999633789,
      11.592572212219238,
      8.531167984008789,
      9.041156768798828,
      7.2141242027282715,
      9.065306663513184,
      6.999294281005859,
      9.107330322265625
    ],
    [
      2.8603265285491943,
      1.1136263608932495,
      3.747684955596924,
      5.106736660003662,
      7.966349124908447,
      15.327411651611328,
      10.453041076660156,
      13.279804229736328,
      8.856424331665039,
      14.023948669433594,
      7.655653476715088,
      14.026702880859375,
      4.950828552246094,
      9.842249870300293,
      3.9117672443389893,
      7.17380952835083,
      3.5362088680267334,
      5.188974380493164
    ],
    [
      2.962726593017578,
      -1.8564614057540894,
      4.2374372482299805,
      4.896485328674316,
      10.347819328308105,
      10.453041076660156,
      45.03066635131836,
      26.64679527282715,
      27.718297958374023,
      25.5169677734375,
      19.767282485961914,
      24.538908004760742,
      14.882018089294434,
      18.00056266784668,
      10.468019485473633,
      12.695976257324219,
      7.028738021850586,
      9.815217971801758
    ],
    [
      5.870757102966309,
      0.13247302174568176,
      4.281379222869873,
      6.055127143859863,
      9.281258583068848,
      13.279804229736328,
      26.64679527282715,
      37.37861251831055,
      21.144521713256836,
      33.168846130371094,
      15.378520011901855,
      30.16427230834961,
      8.571480751037598,
      19.85993194580078,
      3.1290831565856934,
      12.435656547546387,
      2.141662836074829,
      7.91084623336792
    ],
    [
      4.507987022399902,
      0.8365197777748108,
      3.368454694747925,
      4.846738338470459,
      10.919753074645996,
      8.856424331665039,
      27.718297958374023,
      21.144521713256836,
      34.4422492980957,
      26.427303314208984,
      20.641382217407227,
      23.412569046020508,
      14.24365234375,
      17.133800506591797,
      10.147279739379883,
      12.905195236206055,
      7.253580570220947,
      11.30935001373291
    ],
    [
      7.649415969848633,
      2.10606050491333,
      3.770444393157959,
      6.582188129425049,
      10.148999214172363,
      14.023948669433594,
      25.5169677734375,
      33.168846130371094,
      26.427303314208984,
      45.56877899169922,
      16.8247127532959,
      34.02497863769531,
      9.309137344360352,
      22.638212203979492,
      2.9743707180023193,
      14.339120864868164,
      1.9528706073760986,
      9.73604965209961
    ],
    [
      4.375276565551758,
      0.7765722870826721,
      5.094172954559326,
      4.103541851043701,
      11.70083999633789,
      7.655653476715088,
      19.767282485961914,
      15.378520011901855,
      20.641382217407227,
      16.8247127532959,
      32.66251754760742,
      22.65159797668457,
      21.160188674926758,
      19.398605346679688,
      14.866872787475586,
      17.953866958618164,
      11.818286895751953,
      16.49779510498047
    ],
    [
      7.82526159286499,
      2.6279423236846924,
      5.619333744049072,
      7.564522743225098,
      11.592572212219238,
      14.026702880859375,
      24.538908004760742,
      30.16427230834961,
      23.412569046020508,
      34.02497863769531,
      22.65159797668457,
      40.47051239013672,
      14.597759246826172,
      28.281227111816406,
      8.206754684448242,
      20.713279724121094,
      7.126706123352051,
      15.527458190917969
    ],
    [
      3.6555473804473877,
      0.30305933952331543,
      5.22506856918335,
      2.7082386016845703,
      8.531167984008789,
      4.950828552246094,
      14.882018089294434,
      8.571480751037598,
      14.24365234375,
      9.309137344360352,
      21.160188674926758,
      14.597759246826172,
      31.940370559692383,
      22.66941261291504,
      27.229942321777344,
      26.255355834960938,
      24.47634506225586,
      25.66604995727539
    ],
    [
      8.737899780273438,
      3.093329429626465,
      5.5291218757629395,
      5.645418167114258,
      9.041156768798828,
      9.842249870300293,
      18.00056266784668,
      19.85993194580078,
      17.133800506591797,
      22.638212203979492,
      19.398605346679688,
      28.281227111816406,
      22.66941261291504,
      38.22823715209961,
      19.428577423095703,
      35.88412094116211,
      19.75795555114746,
      31.900388717651367
    ],
    [
      6.381894588470459,
      1.3481707572937012,
      7.401247024536133,
      3.240264892578125,
      7.2141242027282715,
      3.9117672443389893,
      10.468019485473633,
      3.1290831565856934,
      10.147279739379883,
      2.9743707180023193,
      14.866872787475586,
      8.206754684448242,
      27.229942321777344,
      19.428577423095703,
      42.84200668334961,
      33.17783737182617,
      43.56789016723633,
      38.73185348510742
    ],
    [
      12.227952003479004,
      3.9460525512695312,
      7.862688064575195,
      5.31447696685791,
      9.065306663513184,
      7.17380952835083,
      12.695976257324219,
      12.435656547546387,
      12.905195236206055,
      14.339120864868164,
      17.953866958618164,
      20.713279724121094,
      26.255355834960938,
      35.88412094116211,
      33.17783737182617,
      53.705509185791016,
      41.0997428894043,
      56.595001220703125
    ],
    [
      9.322112083435059,
      2.768531560897827,
      8.837606430053711,
      4.441914081573486,
      6.999294281005859,
      3.5362088680267334,
      7.028738021850586,
      2.141662836074829,
      7.253580570220947,
      1.9528706073760986,
      11.818286895751953,
      7.126706123352051,
      24.47634506225586,
      19.75795555114746,
      43.56789016723633,
      41.0997428894043,
      61.913516998291016,
      56.72842025756836
    ],
    [
      15.157712936401367,
      5.792917728424072,
      9.89193344116211,
      5.336254596710205,
      9.107330322265625,
      5.188974380493164,
      9.815217971801758,
      7.91084623336792,
      11.30935001373291,
      9.73604965209961,
      16.49779510498047,
      15.527458190917969,
      25.66604995727539,
      31.900388717651367,
      38.73185348510742,
      56.595001220703125,
      56.72842025756836,
      81.10771942138672
    ]
  ],
  "drr": 15.154598236083984,
  "dynamics": 2.215050458908081,
  "format": 1245190,
  "frames": 14184448,
  "loudness": -9.199116706848145,
  "loudness_range": 5.115755081176758,
  "loudness_range_short": 6.918206691741943,
  "peak": -0.2667408287525177,
  "rms": -11.64340591430664,
  "sample_rate": 44100,
  "sections": 1,
  "seekable": 1,
  "sharpness": 1.818838119506836,
  "space": -9.82349681854248
}