{
  "bands": [
    {
      "high_freq": 148.1999969482422,
      "loudness": -23.762971878051758,
      "loudness_range": 9.599601745605469,
      "mid_mean": -20.246849060058594,
      "mid_to_side_loudness": -15.856644630432129,
      "mid_to_side_loudness_range": 13.542658805847168,
      "side_mean": -35.829627990722656
    },
    {
      "high_freq": 392.3793640136719,
      "loudness": -21.733816146850586,
      "loudness_range": 8.215246200561523,
      "low_freq": 148.1999969482422,
      "mid_mean": -18.803714752197266,
      "mid_to_side_loudness": -8.150667190551758,
      "mid_to_side_loudness_range": 9.743854522705078,
      "side_mean": -27.02564239501953
    },
    {
      "high_freq": 794.6976318359375,
      "loudness": -27.665504455566406,
      "loudness_range": 19.864303588867188,
      "low_freq": 392.3793640136719,
      "mid_mean": -25.125221252441406,
      "mid_to_side_loudness": -7.095592021942139,
      "mid_to_side_loudness_range": 15.980731010437012,
      "side_mean": -32.636959075927734
    },
    {
      "high_freq": 1457.5709228515625,
      "loudness": -31.622032165527344,
      "loudness_range": 25.986072540283203,
      "low_freq": 794.6976318359375,
      "mid_mean": -29.650859832763672,
      "mid_to_side_loudness": -5.514483451843262,
      "mid_to_side_loudness_range": 17.8051700592041,
      "side_mean": -36.26051712036133
    },
    {
      "high_freq": 2549.74365234375,
      "loudness": -32.84476089477539,
      "loudness_range": 26.774085998535156,
      "low_freq": 1457.5709228515625,
      "mid_mean": -30.61698341369629,
      "mid_to_side_loudness": -5.995269298553467,
      "mid_to_side_loudness_range": 15.669339179992676,
      "side_mean": -37.340633392333984
    },
    {
      "high_freq": 4349.24462890625,
      "loudness": -35.00472640991211,
      "loudness_range": 22.892013549804688,
      "low_freq": 2549.74365234375,
      "mid_mean": -32.52199172973633,
      "mid_to_side_loudness": -7.108388900756836,
      "mid_to_side_loudness_range": 17.20789909362793,
      "side_mean": -40.150299072265625
    },
    {
      "high_freq": 7314.1640625,
      "loudness": -40.960628509521484,
      "loudness_range": 21.30862045288086,
      "low_freq": 4349.24462890625,
      "mid_mean": -38.072933197021484,
      "mid_to_side_loudness": -8.452434539794922,
      "mid_to_side_loudness_range": 14.179800987243652,
      "side_mean": -46.9890022277832
    },
    {
      "high_freq": 12199.2666015625,
      "loudness": -43.022457122802734,
      "loudness_range": 20.86858367919922,
      "low_freq": 7314.1640625,
      "mid_mean": -39.983543395996094,
      "mid_to_side_loudness": -9.938459396362305,
      "mid_to_side_loudness_range": 14.787349700927734,
      "side_mean": -51.012943267822266
    },
    {
      "loudness": -52.40034484863281,
      "loudness_range": 20.116981506347656,
      "low_freq": 12199.2666015625,
      "mid_mean": -50.281898498535156,
      "mid_to_side_loudness": -8.960750579833984,
      "mid_to_side_loudness_range": 14.895828247070312,
      "side_mean": -58.629478454589844
    }
  ],
  "bands_short": [
    {
      "high_freq": 148.1999969482422,
      "loudness": -25.8576602935791,
      "loudness_range": 14.681356430053711,
      "mid_mean": -22.34099006652832,
      "mid_to_side_loudness": -17.073511123657227,
      "mid_to_side_loudness_range": 18.97098731994629,
      "side_mean": -39.37514114379883
    },
    {
      "high_freq": 392.3793640136719,
      "loudness": -22.15619659423828,
      "loudness_range": 10.514732360839844,
      "low_freq": 148.1999969482422,
      "mid_mean": -19.341840744018555,
      "mid_to_side_loudness": -8.282466888427734,
      "mid_to_side_loudness_range": 13.26668930053711,
      "side_mean": -27.67228889465332
    },
    {
      "high_freq": 794.6976318359375,
      "loudness": -28.02617835998535,
      "loudness_range": 21.626934051513672,
      "low_freq": 392.3793640136719,
      "mid_mean": -25.841638565063477,
      "mid_to_side_loudness": -5.841257572174072,
      "mid_to_side_loudness_range": 16.97500228881836,
      "side_mean": -32.32365036010742
    },
    {
      "high_freq": 1457.5709228515625,
      "loudness": -32.76953125,
      "loudness_range": 28.77165412902832,
      "low_freq": 794.6976318359375,
      "mid_mean": -31.028520584106445,
      "mid_to_side_loudness": -4.5892133712768555,
      "mid_to_side_loudness_range": 18.513410568237305,
      "side_mean": -37.18330001831055
    },
    {
      "high_freq": 2549.74365234375,
      "loudness": -34.539756774902344,
      "loudness_range": 30.154335021972656,
      "low_freq": 1457.5709228515625,
      "mid_mean": -32.54239273071289,
      "mid_to_side_loudness": -5.36568021774292,
      "mid_to_side_loudness_range": 16.13625144958496,
      "side_mean": -39.08220672607422
    },
    {
      "high_freq": 4349.24462890625,
      "loudness": -36.9615478515625,
      "loudness_range": 27.367671966552734,
      "low_freq": 2549.74365234375,
      "mid_mean": -34.65788650512695,
      "mid_to_side_loudness": -6.688248157501221,
      "mid_to_side_loudness_range": 18.940013885498047,
      "side_mean": -42.406211853027344
    },
    {
      "high_freq": 7314.1640625,
      "loudness": -43.97364807128906,
      "loudness_range": 27.886531829833984,
      "low_freq": 4349.24462890625,
      "mid_mean": -41.34935760498047,
      "mid_to_side_loudness": -8.186155319213867,
      "mid_to_side_loudness_range": 16.989337921142578,
      "side_mean": -51.13631057739258
    },
    {
      "high_freq": 12199.2666015625,
      "loudness": -45.86267852783203,
      "loudness_range": 27.897045135498047,
      "low_freq": 7314.1640625,
      "mid_mean": -43.59233474731445,
      "mid_to_side_loudness": -10.649842262268066,
      "mid_to_side_loudness_range": 19.293701171875,
      "side_mean": -56.21523666381836
    },
    {
      "loudness": -55.576080322265625,
      "loudness_range": 27.78793716430664,
      "low_freq": 12199.2666015625,
      "mid_mean": -53.93337631225586,
      "mid_to_side_loudness": -9.847952842712402,
      "mid_to_side_loudness_range": 18.917339324951172,
      "side_mean": -62.482933044433594
    }
  ],
  "channels": 2,
  "covariance": [
    [
      13.566621780395508,
      10.923222541809082,
      2.428279161453247,
      1.958104133605957,
      3.2488014698028564,
      2.7938053607940674,
      3.737874746322632,
      3.9854369163513184,
      2.715879201889038,
      1.7120168209075928,
      -0.3775234818458557,
      -1.1672089099884033,
      -2.104243516921997,
      -3.371110677719116,
      -2.052520513534546,
      -1.407482624053955,
      2.630308151245117,
      -2.1658272743225098
    ],
    [
      10.923222541809082,
      28.23744010925293,
      0.5180506706237793,
      1.9903936386108398,
      2.8207755088806152,
      0.9574671387672424,
      3.5134315490722656,
      3.5253899097442627,
      -0.6987553238868713,
      -2.2352795600891113,
      -4.864968776702881,
      -4.436524868011475,
      -6.360237121582031,
      -8.135817527770996,
      -5.601048946380615,
      -6.559219837188721,
      -0.7535933256149292,
      -5.1549859046936035
    ],
    [
      2.428279161453247,
      0.5180506706237793,
      12.225854873657227,
      5.820328235626221,
      13.05044937133789,
      8.607317924499512,
      10.448243141174316,
      10.290264129638672,
      12.702875137329102,
      10.090145111083984,
      12.054023742675781,
      7.664008140563965,
      10.543038368225098,
      8.152670860290527,
      10.593805313110352,
      9.57029914855957,
      12.744484901428223,
      5.838248252868652
    ],
    [
      1.958104133605957,
      1.9903936386108398,
      5.820328235626221,
      10.8240327835083,
      9.04216194152832,
      9.072080612182617,
      7.246664047241211,
      10.178035736083984,
      8.25621509552002,
      8.193190574645996,
      6.104667663574219,
      5.891252517700195,
      4.131633281707764,
      4.7830491065979,
      3.648129940032959,
      6.043590545654297,
      7.3321123123168945,
      3.625295639038086
    ],
    [
      3.2488014698028564,
      2.8207755088806152,
      13.05044937133789,
      9.04216194152832,
      53.31549072265625,
      22.9363956451416,
      52.13813018798828,
      23.628345489501953,
      52.95460891723633,
      23.985795974731445,
      40.57547378540039,
      15.382051467895508,
      27.73724365234375,
      12.29665756225586,
      28.736469268798828,
      13.18283462524414,
      33.189422607421875,
      8.754234313964844
    ],
    [
      2.7938053607940674,
      0.9574671387672424,
      8.607317924499512,
      9.072080612182617,
      22.9363956451416,
      31.880769729614258,
      19.368488311767578,
      29.11159896850586,
      25.019502639770508,
      29.816274642944336,
      19.843278884887695,
      20.95388412475586,
      11.754034996032715,
      13.510933876037598,
      9.480775833129883,
      12.158564567565918,
      12.894510269165039,
      7.627353668212891
    ],
    [
      3.737874746322632,
      3.5134315490722656,
      10.448243141174316,
      7.246664047241211,
      52.13813018798828,
      19.368488311767578,
      80.00304412841797,
      31.32624626159668,
      67.52909851074219,
      27.275602340698242,
      49.28893280029297,
      16.64134407043457,
      30.92442512512207,
      10.929051399230957,
      32.2744140625,
      8.178805351257324,
      33.212398529052734,
      5.381748676300049
    ],
    [
      3.9854369163513184,
      3.5253899097442627,
      10.290264129638672,
      10.178035736083984,
      23.628345489501953,
      29.11159896850586,
      31.32624626159668,
      47.592227935791016,
      32.944732666015625,
      38.246463775634766,
      25.29206657409668,
      26.27182388305664,
      15.507657051086426,
      15.557881355285645,
      12.842278480529785,
      11.750527381896973,
      15.100534439086914,
      7.245147228240967
    ],
    [
      2.715879201889038,
      -0.6987553238868713,
      12.702875137329102,
      8.25621509552002,
      52.95460891723633,
      25.019502639770508,
      67.52909851074219,
      32.944732666015625,
      83.80458068847656,
      42.41316223144531,
      62.27418518066406,
      28.53573989868164,
      41.765499114990234,
      21.74835777282715,
      38.09440994262695,
      16.140323638916016,
      38.10686492919922,
      10.966493606567383
    ],
    [
      1.7120168209075928,
      -2.2352795600891113,
      10.090145111083984,
      8.193190574645996,
      23.985795974731445,
      29.816274642944336,
      27.275602340698242,
      38.246463775634766,
      42.41316223144531,
      54.13737487792969,
      32.759376525878906,
      37.59022521972656,
      21.756834030151367,
      25.06219482421875,
      15.632853507995605,
      16.92007064819336,
      16.402692794799805,
      10.878388404846191
    ],
    [
      -0.3775234818458557,
      -4.864968776702881,
      12.054023742675781,
      6.104667663574219,
      40.57547378540039,
      19.843278884887695,
      49.28893280029297,
      25.29206657409668,
      62.27418518066406,
      32.759376525878906,
      64.46063232421875,
      32.33184814453125,
      48.64194869995117,
      28.48079490661621,
      42.8626823425293,
      22.343050003051758,
      37.50912094116211,
      15.384946823120117
    ],
    [
      -1.1672089099884033,
      -4.436524868011475,
      7.664008140563965,
      5.891252517700195,
      15.382051467895508,
      20.95388412475586,
      16.64134407043457,
      26.27182388305664,
      28.53573989868164,
      37.59022521972656,
      32.33184814453125,
      45.88034439086914,
      24.788127899169922,
      35.114105224609375,
      17.194128036499023,
      26.78449058532715,
      15.932535171508789,
      18.260896682739258
    ],
    [
      -2.104243516921997,
      -6.360237121582031,
      10.543038368225098,
      4.131633281707764,
      27.73724365234375,
      11.754034996032715,
      30.92442512512207,
      15.507657051086426,
      41.765499114990234,
      21.756834030151367,
      48.64194869995117,
      24.788127899169922,
      55.88930892944336,
      32.84030532836914,
      50.48453903198242,
      31.558673858642578,
      43.154354095458984,
      24.089431762695312
    ],
    [
      -3.371110677719116,
      -8.135817527770996,
      8.152670860290527,
      4.7830491065979,
      12.29665756225586,
      13.510933876037598,
      10.929051399230957,
      15.557881355285645,
      21.74835777282715,
      25.06219482421875,
      28.48079490661621,
      35.114105224609375,
      32.84030532836914,
      42.500144958496094,
      26.449405670166016,
      37.91613006591797,
      23.195850372314453,
      27.2320556640625
    ],
    [
      -2.052520513534546,
      -5.601048946380615,
      10.593805313110352,
      3.648129940032959,
      28.736469268798828,
      9.480775833129883,
      32.2744140625,
      12.842278480529785,
      38.09440994262695,
      15.632853507995605,
      42.8626823425293,
      17.194128036499023,
      50.48453903198242,
      26.449405670166016,
      54.94972229003906,
      29.2777042388916,
      48.978336334228516,
      24.939668655395508
    ],
    [
      -1.407482624053955,
      -6.559219837188721,
      9.57029914855957,
      6.043590545654297,
      13.18283462524414,
      12.158564567565918,
      8.178805351257324,
      11.750527381896973,
      16.140323638916016,
      16.92007064819336,
      22.343050003051758,
      26.78449058532715,
      31.558673858642578,
      37.91613006591797,
      29.2777042388916,
      52.247989654541016,
      38.83613967895508,
      38.29680252075195
    ],
    [
      2.630308151245117,
      -0.7535933256149292,
      12.744484901428223,
      7.3321123123168945,
      33.189422607421875,
      12.894510269165039,
      33.212398529052734,
      15.100534439086914,
      38.10686492919922,
      16.402692794799805,
      37.50912094116211,
      15.932535171508789,
      43.154354095458984,
      23.195850372314453,
      48.978336334228516,
      38.83613967895508,
      64.12496185302734,
      31.48101234436035
    ],
    [
      -2.1658272743225098,
      -5.1549859046936035,
      5.838248252868652,
      3.625295639038086,
      8.754234313964844,
      7.627353668212891,
      5.381748676300049,
      7.245147228240967,
      10.966493606567383,
      10.878388404846191,
      15.384946823120117,
      18.260896682739258,
      24.089431762695312,
      27.2320556640625,
      24.939668655395508,
      38.29680252075195,
      31.48101234436035,
      32.046417236328125
    ]
  ],
  "covariance_short": [
    [
      29.43376922607422,
      15.382155418395996,
      8.299298286437988,
      2.4663798809051514,
      4.053888320922852,
      3.7313544750213623,
      4.594770908355713,
      4.4783525466918945,
      3.7293813228607178,
      3.1450893878936768,
      1.9304413795471191,
      1.4588571786880493,
      2.407630443572998,
      3.924586296081543,
      1.759953498840332,
      3.426602602005005,
      5.537254810333252,
      0.4717658758163452
    ],
    [
      15.382155418395996,
      40.322227478027344,
      5.795858860015869,
      5.2172698974609375,
      3.0255789756774902,
      2.1587963104248047,
      4.846312522888184,
      4.5313801765441895,
      0.373799204826355,
      -0.8560786843299866,
      -3.200683832168579,
      -2.0640861988067627,
      -3.1222152709960938,
      -2.0173757076263428,
      -3.670377016067505,
      -2.9865450859069824,
      0.914201021194458,
      -3.0064053535461426
    ],
    [
      8.299298286437988,
      5.795858860015869,
      19.770910263061523,
      6.404078960418701,
      14.811513900756836,
      10.35682201385498,
      11.905242919921875,
      12.4717378616333,
      12.573619842529297,
      11.859740257263184,
      13.761104583740234,
      10.930320739746094,
      13.712621688842773,
      13.530351638793945,
      14.245814323425293,
      13.662164688110352,
      16.332630157470703,
      8.064512252807617
    ],
    [
      2.4663798809051514,
      5.2172698974609375,
      6.404078960418701,
      14.447002410888672,
      8.59576416015625,
      9.967087745666504,
      7.706578731536865,
      10.716530799865723,
      6.917568683624268,
      7.586833953857422,
      5.334902286529541,
      6.536036491394043,
      4.597752571105957,
      7.178597927093506,
      3.8197433948516846,
      6.162229537963867,
      6.858621120452881,
      3.736841917037964
    ],
    [
      4.053888320922852,
      3.0255789756774902,
      14.811513900756836,
      8.59576416015625,
      64.29000854492188,
      30.24008560180664,
      58.007633209228516,
      30.162525177001953,
      59.048484802246094,
      34.241233825683594,
      51.94636917114258,
      25.888050079345703,
      40.53427505493164,
      24.27460289001465,
      42.41682052612305,
      21.32159423828125,
      43.216285705566406,
      12.46767520904541
    ],
    [
      3.7313544750213623,
      2.1587963104248047,
      10.35682201385498,
      9.967087745666504,
      30.24008560180664,
      44.22768783569336,
      23.299169540405273,
      35.68222427368164,
      30.16020393371582,
      37.61294174194336,
      26.35336685180664,
      28.480587005615234,
      18.71516990661621,
      25.1192626953125,
      14.801937103271484,
      18.346649169921875,
      18.20060157775879,
      10.271184921264648
    ],
    [
      4.594770908355713,
      4.846312522888184,
      11.905242919921875,
      7.706578731536865,
      58.007633209228516,
      23.299169540405273,
      97.15824127197266,
      40.02985763549805,
      77.45645141601562,
      35.659297943115234,
      63.63604736328125,
      26.4066104888916,
      46.381351470947266,
      21.612253189086914,
      49.57322692871094,
      19.9002685546875,
      48.85139465332031,
      11.755594253540039
    ],
    [
      4.4783525466918945,
      4.5313801765441895,
      12.4717378616333,
      10.716530799865723,
      30.162525177001953,
      35.68222427368164,
      40.02985763549805,
      60.55426025390625,
      39.426795959472656,
      47.49806213378906,
      33.50765609741211,
      36.59441375732422,
      23.537235260009766,
      27.294219970703125,
      19.88166618347168,
      21.189889907836914,
      22.257394790649414,
      12.614124298095703
    ],
    [
      3.7293813228607178,
      0.373799204826355,
      12.573619842529297,
      6.917568683624268,
      59.048484802246094,
      30.16020393371582,
      77.45645141601562,
      39.426795959472656,
      102.56510925292969,
      57.12113952636719,
      79.97879791259766,
      43.720977783203125,
      60.3258171081543,
      38.0224723815918,
      56.00580978393555,
      31.68360710144043,
      54.208091735839844,
      19.483362197875977
    ],
    [
      3.1450893878936768,
      -0.8560786843299866,
      11.859740257263184,
      7.586833953857422,
      34.241233825683594,
      37.61294174194336,
      35.659297943115234,
      47.49806213378906,
      57.12113952636719,
      76.3157958984375,
      47.65949630737305,
      56.70011901855469,
      35.52730941772461,
      45.08761215209961,
      26.615957260131836,
      33.51660919189453,
      27.92319679260254,
      20.748729705810547
    ],
    [
      1.9304413795471191,
      -3.200683832168579,
      13.761104583740234,
      5.334902286529541,
      51.94636917114258,
      26.35336685180664,
      63.63604736328125,
      33.50765609741211,
      79.97879791259766,
      47.65949630737305,
      94.89036560058594,
      52.914554595947266,
      77.97419738769531,
      51.2370491027832,
      71.85551452636719,
      47.64925003051758,
      64.56924438476562,
      29.542814254760742
    ],
    [
      1.4588571786880493,
      -2.0640861988067627,
      10.930320739746094,
      6.536036491394043,
      25.888050079345703,
      28.480587005615234,
      26.4066104888916,
      36.59441375732422,
      43.720977783203125,
      56.70011901855469,
      52.914554595947266,
      74.29676055908203,
      45.43899154663086,
      63.381080627441406,
      33.05574035644531,
      52.77119064331055,
      32.0822639465332,
      33.01909637451172
    ],
    [
      2.407630443572998,
      -3.1222152709960938,
      13.712621688842773,
      4.597752571105957,
      40.53427505493164,
      18.71516990661621,
      46.381351470947266,
      23.537235260009766,
      60.3258171081543,
      35.52730941772461,
      77.97419738769531,
      45.43899154663086,
      96.61906433105469,
      61.838809967041016,
      88.53091430664062,
      67.66909790039062,
      78.89208221435547,
      45.2974853515625
    ],
    [
      3.924586296081543,
      -2.0173757076263428,
      13.530351638793945,
      7.178597927093506,
      24.27460289001465,
      25.1192626953125,
      21.612253189086914,
      27.294219970703125,
      38.0224723815918,
      45.08761215209961,
      51.2370491027832,
      63.381080627441406,
      61.838809967041016,
      89.8868637084961,
      50.16176986694336,
      83.40986633300781,
      54.67793655395508,
      52.89569091796875
    ],
    [
      1.759953498840332,
      -3.670377016067505,
      14.245814323425293,
      3.8197433948516846,
      42.41682052612305,
      14.801937103271484,
      49.57322692871094,
      19.88166618347168,
      56.00580978393555,
      26.615957260131836,
      71.85551452636719,
      33.05574035644531,
      88.53091430664062,
      50.16176986694336,
      108.64509582519531,
      64.24787139892578,
      91.63229370117188,
      47.46196746826172
    ],
    [
      3.426602602005005,
      -2.9865450859069824,
      13.662164688110352,
      6.162229537963867,
      21.32159423828125,
      18.346649169921875,
      19.9002685546875,
      21.189889907836914,
      31.68360710144043,
      33.51660919189453,
      47.64925003051758,
      52.77119064331055,
      67.66909790039062,
      83.40986633300781,
      64.24787139892578,
      94.96892547607422,
      65.27619934082031,
      64.219970703125
    ],
    [
      5.537254810333252,
      0.914201021194458,
      16.332630157470703,
      6.858621120452881,
      43.216285705566406,
      18.20060157775879,
      48.85139465332031,
      22.257394790649414,
      54.208091735839844,
      27.92319679260254,
      64.56924438476562,
      32.0822639465332,
      78.89208221435547,
      54.67793655395508,
      91.63229370117188,
      65.27619934082031,
      99.40081024169922,
      48.62931442260742
    ],
    [
      0.4717658758163452,
      -3.0064053535461426,
      8.064512252807617,
      3.736841917037964,
      12.46767520904541,
      10.271184921264648,
      11.755594253540039,
      12.614124298095703,
      19.483362197875977,
      20.748729705810547,
      29.542814254760742,
      33.01909637451172,
      45.2974853515625,
      52.89569091796875,
      47.46196746826172,
      64.219970703125,
      48.62931442260742,
      50.51225662231445
    ]
  ],
  "drr": 15.699739456176758,
  "dynamics": 3.5008437633514404,
  "format": 1245190,
  "frames": 9553920,
  "loudness": -13.814581871032715,
  "loudness_range": 9.424643516540527,
  "loudness_range_short": 12.536832809448242,
  "peak": -0.24451299011707306,
  "rms": -14.902179718017578,
  "sample_rate": 44100,
  "sections": 1,
  "seekable": 1,
  "sharpness": 2.712331533432007,
  "space": -9.452003479003906
}