{
  "bands": [
    {
      "high_freq": 148.1999969482422,
      "loudness": -18.887096405029297,
      "loudness_range": 7.467970848083496,
      "mid_mean": -15.560216903686523,
      "mid_to_side_loudness": -12.386500358581543,
      "mid_to_side_loudness_range": 12.46061897277832,
      "side_mean": -27.92255210876465
    },
    {
      "high_freq": 392.3793640136719,
      "loudness": -19.339187622070312,
      "loudness_range": 4.954061508178711,
      "low_freq": 148.1999969482422,
      "mid_mean": -16.87635040283203,
      "mid_to_side_loudness": -5.300585746765137,
      "mid_to_side_loudness_range": 6.590785503387451,
      "side_mean": -22.166303634643555
    },
    {
      "high_freq": 794.6976318359375,
      "loudness": -21.446985244750977,
      "loudness_range": 6.951633453369141,
      "low_freq": 392.3793640136719,
      "mid_mean": -18.87861442565918,
      "mid_to_side_loudness": -5.885761260986328,
      "mid_to_side_loudness_range": 7.807515621185303,
      "side_mean": -24.765878677368164
    },
    {
      "high_freq": 1457.5709228515625,
      "loudness": -22.613203048706055,
      "loudness_range": 12.105962753295898,
      "low_freq": 794.6976318359375,
      "mid_mean": -19.710899353027344,
      "mid_to_side_loudness": -7.730081081390381,
      "mid_to_side_loudness_range": 10.752275466918945,
      "side_mean": -27.562240600585938
    },
    {
      "high_freq": 2549.74365234375,
      "loudness": -19.678897857666016,
      "loudness_range": 10.481307029724121,
      "low_freq": 1457.5709228515625,
      "mid_mean": -17.707576751708984,
      "mid_to_side_loudness": -3.817652463912964,
      "mid_to_side_loudness_range": 8.54290771484375,
      "side_mean": -21.526107788085938
    },
    {
      "high_freq": 4349.24462890625,
      "loudness": -21.855138778686523,
      "loudness_range": 10.032072067260742,
      "low_freq": 2549.74365234375,
      "mid_mean": -19.93485450744629,
      "mid_to_side_loudness": -3.423459529876709,
      "mid_to_side_loudness_range": 6.788731098175049,
      "side_mean": -23.358840942382812
    },
    {
      "high_freq": 7314.1640625,
      "loudness": -27.334033966064453,
      "loudness_range": 10.606708526611328,
      "low_freq": 4349.24462890625,
      "mid_mean": -24.78221321105957,
      "mid_to_side_loudness": -6.1926188468933105,
      "mid_to_side_loudness_range": 10.197144508361816,
      "side_mean": -30.97507667541504
    },
    {
      "high_freq": 12199.2666015625,
      "loudness": -31.736024856567383,
      "loudness_range": 13.699302673339844,
      "low_freq": 7314.1640625,
      "mid_mean": -28.841793060302734,
      "mid_to_side_loudness": -7.536790370941162,
      "mid_to_side_loudness_range": 8.293027877807617,
      "side_mean": -36.421470642089844
    },
    {
      "loudness": -39.190433502197266,
      "loudness_range": 16.08190155029297,
      "low_freq": 12199.2666015625,
      "mid_mean": -36.95375442504883,
      "mid_to_side_loudness": -4.247619152069092,
      "mid_to_side_loudness_range": 5.03091287612915,
      "side_mean": -41.247859954833984
    }
  ],
  "bands_short": [
    {
      "high_freq": 148.1999969482422,
      "loudness": -22.110355377197266,
      "loudness_range": 13.948795318603516,
      "mid_mean": -18.93158531188965,
      "mid_to_side_loudness": -12.910919189453125,
      "mid_to_side_loudness_range": 21.180301666259766,
      "side_mean": -31.957904815673828
    },
    {
      "high_freq": 392.3793640136719,
      "loudness": -18.335660934448242,
      "loudness_range": 7.095484733581543,
      "low_freq": 148.1999969482422,
      "mid_mean": -15.732276916503906,
      "mid_to_side_loudness": -6.528046131134033,
      "mid_to_side_loudness_range": 10.523520469665527,
      "side_mean": -22.259435653686523
    },
    {
      "high_freq": 794.6976318359375,
      "loudness": -21.90587043762207,
      "loudness_range": 9.266002655029297,
      "low_freq": 392.3793640136719,
      "mid_mean": -19.640222549438477,
      "mid_to_side_loudness": -5.0588459968566895,
      "mid_to_side_loudness_range": 10.17286491394043,
      "side_mean": -24.700258255004883
    },
    {
      "high_freq": 1457.5709228515625,
      "loudness": -22.96480369567871,
      "loudness_range": 14.539283752441406,
      "low_freq": 794.6976318359375,
      "mid_mean": -20.279991149902344,
      "mid_to_side_loudness": -7.099351406097412,
      "mid_to_side_loudness_range": 12.930364608764648,
      "side_mean": -27.49342155456543
    },
    {
      "high_freq": 2549.74365234375,
      "loudness": -20.288101196289062,
      "loudness_range": 12.65465259552002,
      "low_freq": 1457.5709228515625,
      "mid_mean": -18.44561004638672,
      "mid_to_side_loudness": -3.698801279067993,
      "mid_to_side_loudness_range": 10.321039199829102,
      "side_mean": -22.140108108520508
    },
    {
      "high_freq": 4349.24462890625,
      "loudness": -22.236330032348633,
      "loudness_range": 12.458135604858398,
      "low_freq": 2549.74365234375,
      "mid_mean": -20.410789489746094,
      "mid_to_side_loudness": -3.3213562965393066,
      "mid_to_side_loudness_range": 7.862687110900879,
      "side_mean": -23.72334098815918
    },
    {
      "high_freq": 7314.1640625,
      "loudness": -28.1695499420166,
      "loudness_range": 14.11747932434082,
      "low_freq": 4349.24462890625,
      "mid_mean": -25.79256820678711,
      "mid_to_side_loudness": -5.596490383148193,
      "mid_to_side_loudness_range": 10.783013343811035,
      "side_mean": -31.413116455078125
    },
    {
      "high_freq": 12199.2666015625,
      "loudness": -33.24539566040039,
      "loudness_range": 17.34777069091797,
      "low_freq": 7314.1640625,
      "mid_mean": -30.434125900268555,
      "mid_to_side_loudness": -7.3702521324157715,
      "mid_to_side_loudness_range": 10.15772819519043,
      "side_mean": -37.97582244873047
    },
    {
      "loudness": -43.38591384887695,
      "loudness_range": 25.611242294311523,
      "low_freq": 12199.2666015625,
      "mid_mean": -41.004478454589844,
      "mid_to_side_loudness": -5.166610240936279,
      "mid_to_side_loudness_range": 8.575687408447266,
      "side_mean": -46.158851623535156
    }
  ],
  "channels": 2,
  "covariance": [
    [
      10.94936752319336,
      5.423833847045898,
      0.7261084318161011,
      -0.21116019785404205,
      -1.6672898530960083,
      -1.2859584093093872,
      -0.8657560348510742,
      0.2899121046066284,
      -0.21649236977100372,
      1.2332736253738403,
      0.6717562675476074,
      2.1915600299835205,
      0.9392284154891968,
      2.7245113849639893,
      0.7738984823226929,
      1.1277527809143066,
      0.03600792586803436,
      -0.5704346895217896
    ],
    [
      5.423833847045898,
      19.58018684387207,
      4.73136043548584,
      6.026719093322754,
      0.6135042905807495,
      0.2914600074291229,
      5.3080549240112305,
      6.297072887420654,
      3.1559550762176514,
      3.773813247680664,
      3.9142189025878906,
      5.026406764984131,
      5.818132400512695,
      6.564751625061035,
      6.773090839385986,
      6.0496625900268555,
      5.192668914794922,
      2.7461934089660645
    ],
    [
      0.7261084318161011,
      4.73136043548584,
      5.735859394073486,
      4.709068298339844,
      1.0391484498977661,
      -0.14094112813472748,
      3.224731922149658,
      3.111968755722046,
      0.9863319993019104,
      0.9016275405883789,
      2.465705633163452,
      2.2707839012145996,
      2.6720924377441406,
      1.6983282566070557,
      2.5017173290252686,
      2.1458349227905273,
      1.8422083854675293,
      2.1602463722229004
    ],
    [
      -0.21116019785404205,
      6.026719093322754,
      4.709068298339844,
      9.263118743896484,
      0.9971083402633667,
      -0.27873319387435913,
      4.081085681915283,
      3.5763792991638184,
      0.4158618748188019,
      0.017682377249002457,
      1.2458208799362183,
      0.669461190700531,
      2.160562753677368,
      0.2675935924053192,
      2.983811616897583,
      2.4108173847198486,
      2.8604319095611572,
      2.898808240890503
    ],
    [
      -1.6672898530960083,
      0.6135042905807495,
      1.0391484498977661,
      0.9971083402633667,
      7.461707592010498,
      2.5766167640686035,
      6.967010974884033,
      2.799750566482544,
      5.386613845825195,
      1.6924055814743042,
      3.479849100112915,
      1.6543786525726318,
      3.794293165206909,
      1.720790982246399,
      3.695178985595703,
      1.7177691459655762,
      0.8115454316139221,
      0.7006072402000427
    ],
    [
      -1.2859584093093872,
      0.2914600074291229,
      -0.14094112813472748,
      -0.27873319387435913,
      2.5766167640686035,
      5.1427836418151855,
      0.3822160065174103,
      1.5178663730621338,
      2.53411865234375,
      4.154900550842285,
      3.2487659454345703,
      4.7222466468811035,
      2.4145636558532715,
      4.624571800231934,
      -0.3239380419254303,
      1.0774562358856201,
      -1.5406522750854492,
      -1.371668815612793
    ],
    [
      -0.8657560348510742,
      5.3080549240112305,
      3.224731922149658,
      4.081085681915283,
      6.967010974884033,
      0.3822160065174103,
      24.458045959472656,
      10.510202407836914,
      11.42955207824707,
      2.887643337249756,
      5.283130645751953,
      1.922966480255127,
      5.482700347900391,
      1.0955288410186768,
      6.0929059982299805,
      2.875492572784424,
      3.593351364135742,
      4.432430267333984
    ],
    [
      0.2899121046066284,
      6.297072887420654,
      3.111968755722046,
      3.5763792991638184,
      2.799750566482544,
      1.5178663730621338,
      10.510202407836914,
      10.611271858215332,
      5.537201404571533,
      4.655796527862549,
      4.8903398513793945,
      5.140667915344238,
      4.71588134765625,
      4.402299880981445,
      4.442957401275635,
      4.221845626831055,
      3.688225507736206,
      3.9083058834075928
    ],
    [
      -0.21649236977100372,
      3.1559550762176514,
      0.9863319993019104,
      0.4158618748188019,
      5.386613845825195,
      2.53411865234375,
      11.42955207824707,
      5.537201404571533,
      16.065263748168945,
      10.516644477844238,
      10.576361656188965,
      10.759093284606934,
      7.213670253753662,
      9.716620445251465,
      2.862163543701172,
      3.457632541656494,
      -1.0072447061538696,
      0.9187303185462952
    ],
    [
      1.2332736253738403,
      3.773813247680664,
      0.9016275405883789,
      0.017682377249002457,
      1.6924055814743042,
      4.154900550842285,
      2.887643337249756,
      4.655796527862549,
      10.516644477844238,
      15.533411979675293,
      10.938648223876953,
      17.39754867553711,
      6.270568370819092,
      14.373380661010742,
      -1.1522237062454224,
      2.9727957248687744,
      -2.4968760013580322,
      -0.7175551652908325
    ],
    [
      0.6717562675476074,
      3.9142189025878906,
      2.465705633163452,
      1.2458208799362183,
      3.479849100112915,
      3.2487659454345703,
      5.283130645751953,
      4.8903398513793945,
      10.576361656188965,
      10.938648223876953,
      13.17609691619873,
      15.64669132232666,
      8.726602554321289,
      14.458876609802246,
      1.181177020072937,
      4.592756271362305,
      -2.1138393878936768,
      -0.011802537366747856
    ],
    [
      2.1915600299835205,
      5.026406764984131,
      2.2707839012145996,
      0.669461190700531,
      1.6543786525726318,
      4.7222466468811035,
      1.922966480255127,
      5.140667915344238,
      10.759093284606934,
      17.39754867553711,
      15.64669132232666,
      24.91524887084961,
      8.9734525680542,
      21.174144744873047,
      -2.0641465187072754,
      4.140163898468018,
      -4.983766555786133,
      -2.434422492980957
    ],
    [
      0.9392284154891968,
      5.818132400512695,
      2.6720924377441406,
      2.160562753677368,
      3.794293165206909,
      2.4145636558532715,
      5.482700347900391,
      4.71588134765625,
      7.213670253753662,
      6.270568370819092,
      8.726602554321289,
      8.9734525680542,
      14.533536911010742,
      13.729498863220215,
      11.147220611572266,
      9.557914733886719,
      4.955844879150391,
      3.7112860679626465
    ],
    [
      2.7245113849639893,
      6.564751625061035,
      1.6983282566070557,
      0.2675935924053192,
      1.720790982246399,
      4.624571800231934,
      1.0955288410186768,
      4.402299880981445,
      9.716620445251465,
      14.373380661010742,
      14.458876609802246,
      21.174144744873047,
      13.729498863220215,
      26.065330505371094,
      4.0766921043396,
      10.565147399902344,
      -0.8292811512947083,
      0.20937778055667877
    ],
    [
      0.7738984823226929,
      6.773090839385986,
      2.5017173290252686,
      2.983811616897583,
      3.695178985595703,
      -0.3239380419254303,
      6.0929059982299805,
      4.442957401275635,
      2.862163543701172,
      -1.1522237062454224,
      1.181177020072937,
      -2.0641465187072754,
      11.147220611572266,
      4.0766921043396,
      23.096763610839844,
      15.411049842834473,
      17.6062068939209,
      13.437893867492676
    ],
    [
      1.1277527809143066,
      6.0496625900268555,
      2.1458349227905273,
      2.4108173847198486,
      1.7177691459655762,
      1.0774562358856201,
      2.875492572784424,
      4.221845626831055,
      3.457632541656494,
      2.9727957248687744,
      4.592756271362305,
      4.140163898468018,
      9.557914733886719,
      10.565147399902344,
      15.411049842834473,
      19.661619186401367,
      17.001270294189453,
      17.577669143676758
    ],
    [
      0.03600792586803436,
      5.192668914794922,
      1.8422083854675293,
      2.8604319095611572,
      0.8115454316139221,
      -1.5406522750854492,
      3.593351364135742,
      3.688225507736206,
      -1.0072447061538696,
      -2.4968760013580322,
      -2.1138393878936768,
      -4.983766555786133,
      4.955844879150391,
      -0.8292811512947083,
      17.6062068939209,
      17.001270294189453,
      29.933616638183594,
      27.635547637939453
    ],
    [
      -0.5704346895217896,
      2.7461934089660645,
      2.1602463722229004,
      2.898808240890503,
      0.7006072402000427,
      -1.371668815612793,
      4.432430267333984,
      3.9083058834075928,
      0.9187303185462952,
      -0.7175551652908325,
      -0.011802537366747856,
      -2.434422492980957,
      3.7112860679626465,
      0.20937778055667877,
      13.437893867492676,
      17.577669143676758,
      27.635547637939453,
      30.82234001159668
    ]
  ],
  "covariance_short": [
    [
      31.305274963378906,
      8.24848747253418,
      4.007389068603516,
      -2.3624935150146484,
      -2.576983690261841,
      -2.143230438232422,
      -4.375535488128662,
      -2.2535340785980225,
      -3.009772300720215,
      -0.6039504408836365,
      -1.4913746118545532,
      0.05501197278499603,
      -0.5934180617332458,
      0.9617735147476196,
      -0.040647242218256,
      1.3418912887573242,
      2.9666383266448975,
      3.1323041915893555
    ],
    [
      8.24848747253418,
      34.61868667602539,
      5.225189208984375,
      6.379206657409668,
      0.07038784772157669,
      0.7683975696563721,
      2.797555446624756,
      4.978909492492676,
      1.5085910558700562,
      3.532970905303955,
      2.2934014797210693,
      3.98401141166687,
      4.568227291107178,
      4.845474720001221,
      4.928699016571045,
      5.34286642074585,
      7.09268856048584,
      5.578641414642334
    ],
    [
      4.007389068603516,
      5.225189208984375,
      10.827852249145508,
      4.935420036315918,
      1.0396276712417603,
      -0.26090896129608154,
      3.8501782417297363,
      3.7016894817352295,
      1.7388192415237427,
      1.5505222082138062,
      3.519514560699463,
      3.2966601848602295,
      4.046545505523682,
      3.0641603469848633,
      3.3852767944335938,
      4.074962139129639,
      5.677178382873535,
      6.319803714752197
    ],
    [
      -2.3624935150146484,
      6.379206657409668,
      4.935420036315918,
      12.590526580810547,
      0.7887988686561584,
      0.834476113319397,
      3.7541487216949463,
      4.277554988861084,
      0.8522422313690186,
      1.2066646814346313,
      1.4022859334945679,
      1.4464248418807983,
      2.77023983001709,
      1.0379462242126465,
      3.6367666721343994,
      3.494945526123047,
      4.131277561187744,
      3.5792129039764404
    ],
    [
      -2.576983690261841,
      0.07038784772157669,
      1.0396276712417603,
      0.7887988686561584,
      13.038043975830078,
      4.142570972442627,
      8.606237411499023,
      2.7106220722198486,
      6.834856033325195,
      2.2745842933654785,
      5.926760673522949,
      2.9622318744659424,
      6.603695869445801,
      3.611914873123169,
      6.79876184463501,
      3.93628191947937,
      4.945872783660889,
      5.231730937957764
    ],
    [
      -2.143230438232422,
      0.7683975696563721,
      -0.26090896129608154,
      0.834476113319397,
      4.142570972442627,
      8.832423210144043,
      0.60419762134552,
      1.7107617855072021,
      3.0414955615997314,
      5.317276477813721,
      4.732724666595459,
      6.748368263244629,
      4.595452785491943,
      6.569991111755371,
      1.4810328483581543,
      2.89467191696167,
      0.8016127943992615,
      1.7643595933914185
    ],
    [
      -4.375535488128662,
      2.797555446624756,
      3.8501782417297363,
      3.7541487216949463,
      8.606237411499023,
      0.60419762134552,
      31.751991271972656,
      11.657835006713867,
      16.174835205078125,
      4.117350101470947,
      9.25709056854248,
      4.014813423156738,
      9.527984619140625,
      4.590233325958252,
      10.752913475036621,
      6.581634044647217,
      9.221635818481445,
      10.471403121948242
    ],
    [
      -2.2535340785980225,
      4.978909492492676,
      3.7016894817352295,
      4.277554988861084,
      2.7106220722198486,
      1.7107617855072021,
      11.657835006713867,
      13.954869270324707,
      6.567101001739502,
      5.744736194610596,
      6.101178169250488,
      6.396519184112549,
      6.284603595733643,
      5.729246616363525,
      5.345742702484131,
      5.859703540802002,
      6.3016676902771,
      7.274524688720703
    ],
    [
      -3.009772300720215,
      1.5085910558700562,
      1.7388192415237427,
      0.8522422313690186,
      6.834856033325195,
      3.0414955615997314,
      16.174835205078125,
      6.567101001739502,
      23.238372802734375,
      14.247492790222168,
      15.790499687194824,
      14.55727767944336,
      12.537593841552734,
      13.704017639160156,
      7.6478047370910645,
      7.6830549240112305,
      5.232517719268799,
      9.069547653198242
    ],
    [
      -0.6039504408836365,
      3.532970905303955,
      1.5505222082138062,
      1.2066646814346313,
      2.2745842933654785,
      5.317276477813721,
      4.117350101470947,
      5.744736194610596,
      14.247492790222168,
      21.08920669555664,
      14.450919151306152,
      21.729907989501953,
      10.07390308380127,
      18.082075119018555,
      1.3826415538787842,
      5.931224346160889,
      0.9174364805221558,
      4.8916521072387695
    ],
    [
      -1.4913746118545532,
      2.2934014797210693,
      3.519514560699463,
      1.4022859334945679,
      5.926760673522949,
      4.732724666595459,
      9.25709056854248,
      6.101178169250488,
      15.790499687194824,
      14.450919151306152,
      21.120269775390625,
      21.67228126525879,
      16.07813835144043,
      20.012134552001953,
      6.674043655395508,
      10.2083101272583,
      5.471793174743652,
      9.858644485473633
    ],
    [
      0.05501197278499603,
      3.98401141166687,
      3.2966601848602295,
      1.4464248418807983,
      2.9622318744659424,
      6.748368263244629,
      4.014813423156738,
      6.396519184112549,
      14.55727767944336,
      21.729907989501953,
      21.67228126525879,
      32.45893478393555,
      14.981230735778809,
      26.908660888671875,
      1.559962511062622,
      9.134891510009766,
      0.4791736602783203,
      6.149432182312012
    ],
    [
      -0.5934180617332458,
      4.568227291107178,
      4.046545505523682,
      2.77023983001709,
      6.603695869445801,
      4.595452785491943,
      9.527984619140625,
      6.284603595733643,
      12.537593841552734,
      10.07390308380127,
      16.07813835144043,
      14.981230735778809,
      27.504188537597656,
      22.661529541015625,
      22.80308723449707,
      20.602445602416992,
      22.170595169067383,
      21.923133850097656
    ],
    [
      0.9617735147476196,
      4.845474720001221,
      3.0641603469848633,
      1.0379462242126465,
      3.611914873123169,
      6.569991111755371,
      4.590233325958252,
      5.729246616363525,
      13.704017639160156,
      18.082075119018555,
      20.012134552001953,
      26.908660888671875,
      22.661529541015625,
      34.54059600830078,
      11.528021812438965,
      20.5240535736084,
      12.217004776000977,
      17.496856689453125
    ],
    [
      -0.040647242218256,
      4.928699016571045,
      3.3852767944335938,
      3.6367666721343994,
      6.79876184463501,
      1.4810328483581543,
      10.752913475036621,
      5.345742702484131,
      7.6478047370910645,
      1.3826415538787842,
      6.674043655395508,
      1.559962511062622,
      22.80308723449707,
      11.528021812438965,
      40.80341720581055,
      30.25031852722168,
      42.20759201049805,
      36.96418762207031
    ],
    [
      1.3418912887573242,
      5.34286642074585,
      4.074962139129639,
      3.494945526123047,
      3.93628191947937,
      2.89467191696167,
      6.581634044647217,
      5.859703540802002,
      7.6830549240112305,
      5.931224346160889,
      10.2083101272583,
      9.134891510009766,
      20.602445602416992,
      20.5240535736084,
      30.25031852722168,
      38.80358123779297,
      41.6334342956543,
      45.69292449951172
    ],
    [
      2.9666383266448975,
      7.09268856048584,
      5.677178382873535,
      4.131277561187744,
      4.945872783660889,
      0.8016127943992615,
      9.221635818481445,
      6.3016676902771,
      5.232517719268799,
      0.9174364805221558,
      5.471793174743652,
      0.4791736602783203,
      22.170595169067383,
      12.217004776000977,
      42.20759201049805,
      41.6334342956543,
      72.2250747680664,
      69.47792053222656
    ],
    [
      3.1323041915893555,
      5.578641414642334,
      6.319803714752197,
      3.5792129039764404,
      5.231730937957764,
      1.7643595933914185,
      10.471403121948242,
      7.274524688720703,
      9.069547653198242,
      4.8916521072387695,
      9.858644485473633,
      6.149432182312012,
      21.923133850097656,
      17.496856689453125,
      36.96418762207031,
      45.69292449951172,
      69.47792053222656,
      77.89022064208984
    ]
  ],
  "drr": 13.438881874084473,
  "dynamics": 1.7067129611968994,
  "format": 1245190,
  "frames": 10307584,
  "loudness": -8.584139823913574,
  "loudness_range": 4.042372703552246,
  "loudness_range_short": 5.51556396484375,
  "peak": 0.3276859223842621,
  "rms": -11.262116432189941,
  "sample_rate": 44100,
  "sections": 1,
  "seekable": 1,
  "sharpness": 1.4349285364151,
  "space": -6.031033039093018
}