{
  "bands": [
    {
      "high_freq": 148.1999969482422,
      "loudness": -17.13998794555664,
      "loudness_range": 18.66436195373535,
      "mid_mean": -13.688593864440918,
      "mid_to_side_loudness": -18.137126922607422,
      "mid_to_side_loudness_range": 26.470788955688477,
      "side_mean": -33.488468170166016
    },
    {
      "high_freq": 392.3793640136719,
      "loudness": -17.18267822265625,
      "loudness_range": 15.426929473876953,
      "low_freq": 148.1999969482422,
      "mid_mean": -14.429893493652344,
      "mid_to_side_loudness": -8.071337699890137,
      "mid_to_side_loudness_range": 13.759821891784668,
      "side_mean": -22.504125595092773
    },
    {
      "high_freq": 794.6976318359375,
      "loudness": -19.325292587280273,
      "loudness_range": 9.775849342346191,
      "low_freq": 392.3793640136719,
      "mid_mean": -16.705463409423828,
      "mid_to_side_loudness": -6.677785396575928,
      "mid_to_side_loudness_range": 11.82511043548584,
      "side_mean": -23.48368263244629
    },
    {
      "high_freq": 1457.5709228515625,
      "loudness": -20.562631607055664,
      "loudness_range": 14.051400184631348,
      "low_freq": 794.6976318359375,
      "mid_mean": -18.34609603881836,
      "mid_to_side_loudness": -5.254143238067627,
      "mid_to_side_loudness_range": 11.905533790588379,
      "side_mean": -23.566246032714844
    },
    {
      "high_freq": 2549.74365234375,
      "loudness": -20.744850158691406,
      "loudness_range": 12.508089065551758,
      "low_freq": 1457.5709228515625,
      "mid_mean": -18.207448959350586,
      "mid_to_side_loudness": -6.3259663581848145,
      "mid_to_side_loudness_range": 11.443831443786621,
      "side_mean": -24.604686737060547
    },
    {
      "high_freq": 4349.24462890625,
      "loudness": -22.680192947387695,
      "loudness_range": 15.841670989990234,
      "low_freq": 2549.74365234375,
      "mid_mean": -19.76915740966797,
      "mid_to_side_loudness": -7.91411828994751,
      "mid_to_side_loudness_range": 12.999424934387207,
      "side_mean": -28.161121368408203
    },
    {
      "high_freq": 7314.1640625,
      "loudness": -27.588071823120117,
      "loudness_range": 19.019994735717773,
      "low_freq": 4349.24462890625,
      "mid_mean": -24.61575698852539,
      "mid_to_side_loudness": -8.378849029541016,
      "mid_to_side_loudness_range": 11.737441062927246,
      "side_mean": -33.28120803833008
    },
    {
      "high_freq": 12199.2666015625,
      "loudness": -30.25862693786621,
      "loudness_range": 22.931194305419922,
      "low_freq": 7314.1640625,
      "mid_mean": -27.310810089111328,
      "mid_to_side_loudness": -8.928961753845215,
      "mid_to_side_loudness_range": 14.046515464782715,
      "side_mean": -36.60128402709961
    },
    {
      "loudness": -38.523929595947266,
      "loudness_range": 22.502227783203125,
      "low_freq": 12199.2666015625,
      "mid_mean": -35.66673278808594,
      "mid_to_side_loudness": -7.915317058563232,
      "mid_to_side_loudness_range": 10.5087308883667,
      "side_mean": -44.219810485839844
    }
  ],
  "bands_short": [
    {
      "high_freq": 148.1999969482422,
      "loudness": -17.781919479370117,
      "loudness_range": 20.533668518066406,
      "mid_mean": -14.379999160766602,
      "mid_to_side_loudness": -18.550281524658203,
      "mid_to_side_loudness_range": 29.26432991027832,
      "side_mean": -35.00917434692383
    },
    {
      "high_freq": 392.3793640136719,
      "loudness": -17.991222381591797,
      "loudness_range": 17.806364059448242,
      "low_freq": 148.1999969482422,
      "mid_mean": -15.405365943908691,
      "mid_to_side_loudness": -8.077576637268066,
      "mid_to_side_loudness_range": 17.629587173461914,
      "side_mean": -23.567419052124023
    },
    {
      "high_freq": 794.6976318359375,
      "loudness": -19.7299747467041,
      "loudness_range": 12.895745277404785,
      "low_freq": 392.3793640136719,
      "mid_mean": -17.30367088317871,
      "mid_to_side_loudness": -6.552598476409912,
      "mid_to_side_loudness_range": 15.036316871643066,
      "side_mean": -23.86639976501465
    },
    {
      "high_freq": 1457.5709228515625,
      "loudness": -21.312480926513672,
      "loudness_range": 16.959041595458984,
      "low_freq": 794.6976318359375,
      "mid_mean": -19.204124450683594,
      "mid_to_side_loudness": -5.185544013977051,
      "mid_to_side_loudness_range": 14.394988059997559,
      "side_mean": -24.384326934814453
    },
    {
      "high_freq": 2549.74365234375,
      "loudness": -21.710025787353516,
      "loudness_range": 16.248533248901367,
      "low_freq": 1457.5709228515625,
      "mid_mean": -19.332021713256836,
      "mid_to_side_loudness": -6.086450099945068,
      "mid_to_side_loudness_range": 13.314010620117188,
      "side_mean": -25.443714141845703
    },
    {
      "high_freq": 4349.24462890625,
      "loudness": -23.324087142944336,
      "loudness_range": 17.552324295043945,
      "low_freq": 2549.74365234375,
      "mid_mean": -20.490907669067383,
      "mid_to_side_loudness": -7.708064079284668,
      "mid_to_side_loudness_range": 14.189247131347656,
      "side_mean": -28.652265548706055
    },
    {
      "high_freq": 7314.1640625,
      "loudness": -28.349895477294922,
      "loudness_range": 19.908798217773438,
      "low_freq": 4349.24462890625,
      "mid_mean": -25.461572647094727,
      "mid_to_side_loudness": -8.241569519042969,
      "mid_to_side_loudness_range": 12.903664588928223,
      "side_mean": -34.029052734375
    },
    {
      "high_freq": 12199.2666015625,
      "loudness": -31.73781967163086,
      "loudness_range": 24.11505699157715,
      "low_freq": 7314.1640625,
      "mid_mean": -28.82958984375,
      "mid_to_side_loudness": -8.613965034484863,
      "mid_to_side_loudness_range": 14.252413749694824,
      "side_mean": -37.90165710449219
    },
    {
      "loudness": -40.665706634521484,
      "loudness_range": 24.835796356201172,
      "low_freq": 12199.2666015625,
      "mid_mean": -37.905914306640625,
      "mid_to_side_loudness": -7.4475884437561035,
      "mid_to_side_loudness_range": 10.860244750976562,
      "side_mean": -45.89152145385742
    }
  ],
  "channels": 2,
  "covariance": [
    [
      64.36271667480469,
      15.033332824707031,
      20.19228172302246,
      -0.9519262313842773,
      11.045624732971191,
      -3.1407384872436523,
      17.872671127319336,
      3.606748104095459,
      19.354354858398438,
      5.532669544219971,
      24.08648681640625,
      12.070951461791992,
      27.465099334716797,
      15.601457595825195,
      31.325828552246094,
      16.44975471496582,
      41.548370361328125,
      33.07383728027344
    ],
    [
      15.033332824707031,
      37.10093307495117,
      14.682841300964355,
      11.72060489654541,
      5.299460411071777,
      6.459758758544922,
      9.334826469421387,
      6.678997993469238,
      9.623858451843262,
      8.41171932220459,
      12.178969383239746,
      12.139312744140625,
      11.7822265625,
      10.26612377166748,
      11.665472984313965,
      9.734472274780273,
      13.81042194366455,
      14.611465454101562
    ],
    [
      20.19228172302246,
      14.682841300964355,
      34.321983337402344,
      20.870859146118164,
      13.653180122375488,
      12.415250778198242,
      15.631433486938477,
      12.677667617797852,
      17.806644439697266,
      15.44247817993164,
      21.53704833984375,
      21.212379455566406,
      24.243610382080078,
      23.42934799194336,
      22.014419555664062,
      23.869251251220703,
      23.681896209716797,
      27.36057472229004
    ],
    [
      -0.9519262313842773,
      11.72060489654541,
      20.870859146118164,
      33.17340850830078,
      10.339916229248047,
      21.370330810546875,
      10.441239356994629,
      19.45421600341797,
      11.986994743347168,
      22.132423400878906,
      12.403870582580566,
      23.832422256469727,
      10.57702922821045,
      20.172237396240234,
      7.0362548828125,
      18.23041534423828,
      4.533524990081787,
      12.859516143798828
    ],
    [
      11.045624732971191,
      5.299460411071777,
      13.653180122375488,
      10.339916229248047,
      17.12363624572754,
      12.421881675720215,
      14.159120559692383,
      12.667206764221191,
      14.02554702758789,
      13.57395076751709,
      13.779266357421875,
      14.956282615661621,
      15.165782928466797,
      15.632242202758789,
      13.174572944641113,
      14.376067161560059,
      10.843178749084473,
      14.255979537963867
    ],
    [
      -3.1407384872436523,
      6.459758758544922,
      12.415250778198242,
      21.370330810546875,
      12.421881675720215,
      28.108736038208008,
      10.768190383911133,
      22.976804733276367,
      9.414532661437988,
      22.446746826171875,
      6.244295597076416,
      20.666894912719727,
      6.766835689544678,
      17.954492568969727,
      3.663022518157959,
      15.702946662902832,
      0.38559335470199585,
      8.32558536529541
    ],
    [
      17.872671127319336,
      9.334826469421387,
      15.631433486938477,
      10.441239356994629,
      14.159120559692383,
      10.768190383911133,
      28.316129684448242,
      19.254789352416992,
      19.707733154296875,
      16.738370895385742,
      19.877840042114258,
      20.524927139282227,
      20.79835319519043,
      20.410478591918945,
      17.220367431640625,
      17.04058837890625,
      16.860088348388672,
      18.928539276123047
    ],
    [
      3.606748104095459,
      6.678997993469238,
      12.677667617797852,
      19.45421600341797,
      12.667206764221191,
      22.976804733276367,
      19.254789352416992,
      33.06244659423828,
      15.032745361328125,
      26.056941986083984,
      11.71094799041748,
      24.776256561279297,
      9.860207557678223,
      19.856826782226562,
      7.016412734985352,
      15.224020004272461,
      3.473362684249878,
      10.416424751281738
    ],
    [
      19.354354858398438,
      9.623858451843262,
      17.806644439697266,
      11.986994743347168,
      14.02554702758789,
      9.414532661437988,
      19.707733154296875,
      15.032745361328125,
      28.56133460998535,
      20.166461944580078,
      26.30523681640625,
      23.57746124267578,
      26.503671646118164,
      23.657520294189453,
      22.261384963989258,
      20.732179641723633,
      21.084829330444336,
      23.307231903076172
    ],
    [
      5.532669544219971,
      8.41171932220459,
      15.44247817993164,
      22.132423400878906,
      13.57395076751709,
      22.446746826171875,
      16.738370895385742,
      26.056941986083984,
      20.166461944580078,
      32.19990539550781,
      16.798961639404297,
      29.39507293701172,
      16.09139633178711,
      24.869794845581055,
      11.364765167236328,
      19.573196411132812,
      8.693289756774902,
      14.579201698303223
    ],
    [
      24.08648681640625,
      12.178969383239746,
      21.53704833984375,
      12.403870582580566,
      13.779266357421875,
      6.244295597076416,
      19.877840042114258,
      11.71094799041748,
      26.30523681640625,
      16.798961639404297,
      37.9198112487793,
      25.21812629699707,
      33.9889030456543,
      26.456201553344727,
      29.999483108520508,
      25.064327239990234,
      29.31140899658203,
      30.950424194335938
    ],
    [
      12.070951461791992,
      12.139312744140625,
      21.212379455566406,
      23.832422256469727,
      14.956282615661621,
      20.666894912719727,
      20.524927139282227,
      24.776256561279297,
      23.57746124267578,
      29.39507293701172,
      25.21812629699707,
      36.55329513549805,
      23.825897216796875,
      31.405311584472656,
      18.619367599487305,
      26.17888832092285,
      15.77701187133789,
      22.752822875976562
    ],
    [
      27.465099334716797,
      11.7822265625,
      24.243610382080078,
      10.57702922821045,
      15.165782928466797,
      6.766835689544678,
      20.79835319519043,
      9.860207557678223,
      26.503671646118164,
      16.09139633178711,
      33.9889030456543,
      23.825897216796875,
      46.62947082519531,
      34.20131301879883,
      41.02406311035156,
      36.27561950683594,
      38.956424713134766,
      40.24717330932617
    ],
    [
      15.601457595825195,
      10.26612377166748,
      23.42934799194336,
      20.172237396240234,
      15.632242202758789,
      17.954492568969727,
      20.410478591918945,
      19.856826782226562,
      23.657520294189453,
      24.869794845581055,
      26.456201553344727,
      31.405311584472656,
      34.20131301879883,
      41.140838623046875,
      27.46026039123535,
      37.92307662963867,
      24.468320846557617,
      33.330997467041016
    ],
    [
      31.325828552246094,
      11.665472984313965,
      22.014419555664062,
      7.0362548828125,
      13.174572944641113,
      3.663022518157959,
      17.220367431640625,
      7.016412734985352,
      22.261384963989258,
      11.364765167236328,
      29.999483108520508,
      18.619367599487305,
      41.02406311035156,
      27.46026039123535,
      55.60506057739258,
      39.8888053894043,
      50.92433547973633,
      46.26654815673828
    ],
    [
      16.44975471496582,
      9.734472274780273,
      23.869251251220703,
      18.23041534423828,
      14.376067161560059,
      15.702946662902832,
      17.04058837890625,
      15.224020004272461,
      20.732179641723633,
      19.573196411132812,
      25.064327239990234,
      26.17888832092285,
      36.27561950683594,
      37.92307662963867,
      39.8888053894043,
      51.44773864746094,
      35.551631927490234,
      44.812015533447266
    ],
    [
      41.548370361328125,
      13.81042194366455,
      23.681896209716797,
      4.533524990081787,
      10.843178749084473,
      0.38559335470199585,
      16.860088348388672,
      3.473362684249878,
      21.084829330444336,
      8.693289756774902,
      29.31140899658203,
      15.77701187133789,
      38.956424713134766,
      24.468320846557617,
      50.92433547973633,
      35.551631927490234,
      61.48471450805664,
      49.00777816772461
    ],
    [
      33.07383728027344,
      14.611465454101562,
      27.36057472229004,
      12.859516143798828,
      14.255979537963867,
      8.32558536529541,
      18.928539276123047,
      10.416424751281738,
      23.307231903076172,
      14.579201698303223,
      30.950424194335938,
      22.752822875976562,
      40.24717330932617,
      33.330997467041016,
      46.26654815673828,
      44.812015533447266,
      49.00777816772461,
      55.136478424072266
    ]
  ],
  "covariance_short": [
    [
      67.25720977783203,
      13.07284927368164,
      13.639542579650879,
      -5.540392875671387,
      8.357011795043945,
      -5.635790824890137,
      12.677063941955566,
      -0.1161634773015976,
      14.358957290649414,
      2.2987618446350098,
      20.417543411254883,
      7.295684337615967,
      23.65252685546875,
      10.5864896774292,
      26.443021774291992,
      12.642166137695312,
      36.14095687866211,
      28.58086395263672
    ],
    [
      13.07284927368164,
      41.48801040649414,
      13.418700218200684,
      12.539799690246582,
      4.774437427520752,
      5.073168754577637,
      7.73744010925293,
      5.554065704345703,
      8.190086364746094,
      7.017270565032959,
      11.550829887390137,
      11.13723373413086,
      10.847310066223145,
      9.652999877929688,
      10.932071685791016,
      9.487133979797363,
      12.321562767028809,
      13.433348655700684
    ],
    [
      13.639542579650879,
      13.418700218200684,
      42.119876861572266,
      22.213199615478516,
      15.485530853271484,
      11.814067840576172,
      14.499361038208008,
      10.807475090026855,
      17.942825317382812,
      14.007352828979492,
      20.418716430664062,
      18.938325881958008,
      22.99306297302246,
      21.589252471923828,
      19.927927017211914,
      22.119691848754883,
      22.885303497314453,
      26.231231689453125
    ],
    [
      -5.540392875671387,
      12.539799690246582,
      22.213199615478516,
      44.86970901489258,
      12.756499290466309,
      23.844268798828125,
      12.85766315460205,
      22.42042350769043,
      14.536932945251465,
      24.704801559448242,
      13.703914642333984,
      26.170717239379883,
      10.834881782531738,
      21.659568786621094,
      7.077498435974121,
      19.79541778564453,
      4.229824066162109,
      14.367554664611816
    ],
    [
      8.357011795043945,
      4.774437427520752,
      15.485530853271484,
      12.756499290466309,
      26.496070861816406,
      15.944297790527344,
      17.74908447265625,
      15.762846946716309,
      19.179643630981445,
      17.147375106811523,
      17.52275276184082,
      18.01386260986328,
      16.829994201660156,
      18.026552200317383,
      14.150832176208496,
      15.908968925476074,
      12.8805513381958,
      16.973251342773438
    ],
    [
      -5.635790824890137,
      5.073168754577637,
      11.814067840576172,
      23.844268798828125,
      15.944297790527344,
      35.656578063964844,
      14.913579940795898,
      26.531166076660156,
      14.139598846435547,
      26.381513595581055,
      9.14559268951416,
      23.963096618652344,
      7.525145530700684,
      20.103139877319336,
      4.003469944000244,
      17.24166488647461,
      1.2569859027862549,
      11.566109657287598
    ],
    [
      12.677063941955566,
      7.73744010925293,
      14.499361038208008,
      12.85766315460205,
      17.74908447265625,
      14.913579940795898,
      36.636478424072266,
      24.81049919128418,
      25.667171478271484,
      22.303220748901367,
      24.06059455871582,
      24.348247528076172,
      21.95322608947754,
      22.07301139831543,
      16.121318817138672,
      16.9481258392334,
      16.842578887939453,
      19.742645263671875
    ],
    [
      -0.1161634773015976,
      5.554065704345703,
      10.807475090026855,
      22.42042350769043,
      15.762846946716309,
      26.531166076660156,
      24.81049919128418,
      43.68506622314453,
      20.52707862854004,
      32.92510986328125,
      15.083244323730469,
      29.77713394165039,
      11.236130714416504,
      22.96318817138672,
      6.383289813995361,
      16.342636108398438,
      3.1429741382598877,
      11.99482250213623
    ],
    [
      14.358957290649414,
      8.190086364746094,
      17.942825317382812,
      14.536932945251465,
      19.179643630981445,
      14.139598846435547,
      25.667171478271484,
      20.52707862854004,
      39.30533218383789,
      26.98322105407715,
      32.05121612548828,
      29.065776824951172,
      29.424259185791016,
      27.25396728515625,
      21.97303581237793,
      21.71103858947754,
      20.74431610107422,
      23.788042068481445
    ],
    [
      2.2987618446350098,
      7.017270565032959,
      14.007352828979492,
      24.704801559448242,
      17.147375106811523,
      26.381513595581055,
      22.303220748901367,
      32.92510986328125,
      26.98322105407715,
      42.11550521850586,
      21.0274658203125,
      35.46104049682617,
      17.27195167541504,
      28.77633285522461,
      11.368245124816895,
      21.68998146057129,
      8.10678768157959,
      17.0139102935791
    ],
    [
      20.417543411254883,
      11.550829887390137,
      20.418716430664062,
      13.703914642333984,
      17.52275276184082,
      9.14559268951416,
      24.06059455871582,
      15.083244323730469,
      32.05121612548828,
      21.0274658203125,
      46.27109909057617,
      31.09504508972168,
      38.81266784667969,
      30.91503143310547,
      31.353302001953125,
      26.618385314941406,
      30.55354118347168,
      31.072324752807617
    ],
    [
      7.295684337615967,
      11.13723373413086,
      18.938325881958008,
      26.170717239379883,
      18.01386260986328,
      23.963096618652344,
      24.348247528076172,
      29.77713394165039,
      29.065776824951172,
      35.46104049682617,
      31.09504508972168,
      44.95857620239258,
      26.70928955078125,
      36.12154769897461,
      19.861583709716797,
      28.99085235595703,
      17.100414276123047,
      25.47414207458496
    ],
    [
      23.65252685546875,
      10.847310066223145,
      22.99306297302246,
      10.834881782531738,
      16.829994201660156,
      7.525145530700684,
      21.95322608947754,
      11.236130714416504,
      29.424259185791016,
      17.27195167541504,
      38.81266784667969,
      26.70928955078125,
      54.218685150146484,
      38.8168830871582,
      43.938232421875,
      37.78584289550781,
      43.183815002441406,
      41.852638244628906
    ],
    [
      10.5864896774292,
      9.652999877929688,
      21.589252471923828,
      21.659568786621094,
      18.026552200317383,
      20.103139877319336,
      22.07301139831543,
      22.96318817138672,
      27.25396728515625,
      28.77633285522461,
      30.91503143310547,
      36.12154769897461,
      38.8168830871582,
      48.6071891784668,
      31.056764602661133,
      42.17572784423828,
      28.730777740478516,
      38.29515838623047
    ],
    [
      26.443021774291992,
      10.932071685791016,
      19.927927017211914,
      7.077498435974121,
      14.150832176208496,
      4.003469944000244,
      16.121318817138672,
      6.383289813995361,
      21.97303581237793,
      11.368245124816895,
      31.353302001953125,
      19.861583709716797,
      43.938232421875,
      31.056764602661133,
      63.42595672607422,
      45.26840591430664,
      60.24634552001953,
      51.637367248535156
    ],
    [
      12.642166137695312,
      9.487133979797363,
      22.119691848754883,
      19.79541778564453,
      15.908968925476074,
      17.24166488647461,
      16.9481258392334,
      16.342636108398438,
      21.71103858947754,
      21.68998146057129,
      26.618385314941406,
      28.99085235595703,
      37.78584289550781,
      42.17572784423828,
      45.26840591430664,
      57.81016540527344,
      43.89741134643555,
      53.13804244995117
    ],
    [
      36.14095687866211,
      12.321562767028809,
      22.885303497314453,
      4.229824066162109,
      12.8805513381958,
      1.2569859027862549,
      16.842578887939453,
      3.1429741382598877,
      20.74431610107422,
      8.10678768157959,
      30.55354118347168,
      17.100414276123047,
      43.183815002441406,
      28.730777740478516,
      60.24634552001953,
      43.89741134643555,
      77.07569885253906,
      61.69306564331055
    ],
    [
      28.58086395263672,
      13.433348655700684,
      26.231231689453125,
      14.367554664611816,
      16.973251342773438,
      11.566109657287598,
      19.742645263671875,
      11.99482250213623,
      23.788042068481445,
      17.0139102935791,
      31.072324752807617,
      25.47414207458496,
      41.852638244628906,
      38.29515838623047,
      51.637367248535156,
      53.13804244995117,
      61.69306564331055,
      68.00392150878906
    ]
  ],
  "drr": 14.930159568786621,
  "dynamics": 3.3939201831817627,
  "format": 1245190,
  "frames": 13223936,
  "loudness": -6.377134799957275,
  "loudness_range": 11.473672866821289,
  "loudness_range_short": 12.124592781066895,
  "peak": 0.9888597726821899,
  "rms": -7.150625228881836,
  "sample_rate": 44100,
  "sections": 1,
  "seekable": 1,
  "sharpness": 1.7897565364837646,
  "space": -9.140501022338867
}