{
  "bands": [
    {
      "high_freq": 148.1999969482422,
      "loudness": -42.2017936706543,
      "loudness_range": 18.53627586364746,
      "mid_mean": -39.57768249511719,
      "mid_to_side_loudness": -6.944108009338379,
      "mid_to_side_loudness_range": 12.63938045501709,
      "side_mean": -46.666168212890625
    },
    {
      "high_freq": 392.3793640136719,
      "loudness": -29.598718643188477,
      "loudness_range": 15.974319458007812,
      "low_freq": 148.1999969482422,
      "mid_mean": -27.897193908691406,
      "mid_to_side_loudness": -4.647732734680176,
      "mid_to_side_loudness_range": 19.619483947753906,
      "side_mean": -33.26876449584961
    },
    {
      "high_freq": 794.6976318359375,
      "loudness": -31.271629333496094,
      "loudness_range": 21.81591033935547,
      "low_freq": 392.3793640136719,
      "mid_mean": -28.71681022644043,
      "mid_to_side_loudness": -8.22790813446045,
      "mid_to_side_loudness_range": 19.5872802734375,
      "side_mean": -36.35436248779297
    },
    {
      "high_freq": 1457.5709228515625,
      "loudness": -37.072059631347656,
      "loudness_range": 23.68667221069336,
      "low_freq": 794.6976318359375,
      "mid_mean": -35.015419006347656,
      "mid_to_side_loudness": -6.600164890289307,
      "mid_to_side_loudness_range": 16.978530883789062,
      "side_mean": -39.800270080566406
    },
    {
      "high_freq": 2549.74365234375,
      "loudness": -37.68731689453125,
      "loudness_range": 21.222925186157227,
      "low_freq": 1457.5709228515625,
      "mid_mean": -35.19729995727539,
      "mid_to_side_loudness": -7.757142066955566,
      "mid_to_side_loudness_range": 15.887774467468262,
      "side_mean": -42.175392150878906
    },
    {
      "high_freq": 4349.24462890625,
      "loudness": -41.26177215576172,
      "loudness_range": 24.602928161621094,
      "low_freq": 2549.74365234375,
      "mid_mean": -39.18061828613281,
      "mid_to_side_loudness": -6.320155143737793,
      "mid_to_side_loudness_range": 14.290213584899902,
      "side_mean": -45.749385833740234
    },
    {
      "high_freq": 7314.1640625,
      "loudness": -48.300201416015625,
      "loudness_range": 27.55487823486328,
      "low_freq": 4349.24462890625,
      "mid_mean": -46.80976104736328,
      "mid_to_side_loudness": -6.623101711273193,
      "mid_to_side_loudness_range": 13.234122276306152,
      "side_mean": -54.01423263549805
    },
    {
      "high_freq": 12199.2666015625,
      "loudness": -56.47216796875,
      "loudness_range": 29.53164291381836,
      "low_freq": 7314.1640625,
      "mid_mean": -54.114295959472656,
      "mid_to_side_loudness": -5.332483291625977,
      "mid_to_side_loudness_range": 11.38009262084961,
      "side_mean": -59.13116455078125
    },
    {
      "loudness": -61.670860290527344,
      "loudness_range": 17.855335235595703,
      "low_freq": 12199.2666015625,
      "mid_mean": -59.50969696044922,
      "mid_to_side_loudness": -2.629018545150757,
      "mid_to_side_loudness_range": 7.046263694763184,
      "side_mean": -61.91838455200195
    }
  ],
  "bands_short": [
    {
      "high_freq": 148.1999969482422,
      "loudness": -43.934566497802734,
      "loudness_range": 18.08713150024414,
      "mid_mean": -41.54218673706055,
      "mid_to_side_loudness": -6.215667247772217,
      "mid_to_side_loudness_range": 14.217414855957031,
      "side_mean": -47.894527435302734
    },
    {
      "high_freq": 392.3793640136719,
      "loudness": -30.264352798461914,
      "loudness_range": 17.29775619506836,
      "low_freq": 148.1999969482422,
      "mid_mean": -28.689067840576172,
      "mid_to_side_loudness": -4.760315418243408,
      "mid_to_side_loudness_range": 19.579076766967773,
      "side_mean": -33.62316131591797
    },
    {
      "high_freq": 794.6976318359375,
      "loudness": -31.35624885559082,
      "loudness_range": 21.88495445251465,
      "low_freq": 392.3793640136719,
      "mid_mean": -28.89491081237793,
      "mid_to_side_loudness": -7.795406341552734,
      "mid_to_side_loudness_range": 20.4605655670166,
      "side_mean": -36.94293212890625
    },
    {
      "high_freq": 1457.5709228515625,
      "loudness": -36.89798355102539,
      "loudness_range": 23.22474479675293,
      "low_freq": 794.6976318359375,
      "mid_mean": -34.9379997253418,
      "mid_to_side_loudness": -6.3851847648620605,
      "mid_to_side_loudness_range": 18.81315040588379,
      "side_mean": -39.84046936035156
    },
    {
      "high_freq": 2549.74365234375,
      "loudness": -37.8274040222168,
      "loudness_range": 21.588768005371094,
      "low_freq": 1457.5709228515625,
      "mid_mean": -35.495948791503906,
      "mid_to_side_loudness": -7.482821464538574,
      "mid_to_side_loudness_range": 16.718421936035156,
      "side_mean": -42.51545715332031
    },
    {
      "high_freq": 4349.24462890625,
      "loudness": -41.235313415527344,
      "loudness_range": 25.183578491210938,
      "low_freq": 2549.74365234375,
      "mid_mean": -39.14570999145508,
      "mid_to_side_loudness": -5.793403148651123,
      "mid_to_side_loudness_range": 14.706490516662598,
      "side_mean": -46.00852966308594
    },
    {
      "high_freq": 7314.1640625,
      "loudness": -48.109745025634766,
      "loudness_range": 27.28909683227539,
      "low_freq": 4349.24462890625,
      "mid_mean": -47.497989654541016,
      "mid_to_side_loudness": -6.0152740478515625,
      "mid_to_side_loudness_range": 14.162191390991211,
      "side_mean": -54.09990692138672
    },
    {
      "high_freq": 12199.2666015625,
      "loudness": -56.89564514160156,
      "loudness_range": 30.393173217773438,
      "low_freq": 7314.1640625,
      "mid_mean": -54.55857467651367,
      "mid_to_side_loudness": -5.012070655822754,
      "mid_to_side_loudness_range": 11.98471450805664,
      "side_mean": -59.31475830078125
    },
    {
      "loudness": -61.81138229370117,
      "loudness_range": 17.938030242919922,
      "low_freq": 12199.2666015625,
      "mid_mean": -59.66957473754883,
      "mid_to_side_loudness": -2.5483973026275635,
      "mid_to_side_loudness_range": 7.425881385803223,
      "side_mean": -62.00642013549805
    }
  ],
  "channels": 2,
  "covariance": [
    [
      42.23710250854492,
      30.031904220581055,
      5.766237258911133,
      14.656625747680664,
      15.070508003234863,
      16.206321716308594,
      12.153620719909668,
      9.770015716552734,
      9.784992218017578,
      11.066999435424805,
      10.283415794372559,
      16.033023834228516,
      11.874306678771973,
      14.936103820800781,
      6.223875522613525,
      4.732720851898193,
      4.758837699890137,
      3.88193416595459
    ],
    [
      30.031904220581055,
      38.592124938964844,
      4.557319641113281,
      21.680376052856445,
      17.720619201660156,
      26.457788467407227,
      20.937448501586914,
      22.723108291625977,
      17.00726890563965,
      22.377155303955078,
      18.39165687561035,
      30.081256866455078,
      15.975591659545898,
      23.042661666870117,
      8.675570487976074,
      9.488431930541992,
      6.89833927154541,
      6.932983875274658
    ],
    [
      5.766237258911133,
      4.557319641113281,
      33.43612289428711,
      21.88823127746582,
      11.589478492736816,
      11.39010238647461,
      10.751593589782715,
      11.09421157836914,
      11.78821086883545,
      17.115541458129883,
      11.091273307800293,
      12.435931205749512,
      12.900737762451172,
      13.750592231750488,
      7.068342208862305,
      6.359213829040527,
      4.05226469039917,
      3.4450197219848633
    ],
    [
      14.656625747680664,
      21.680376052856445,
      21.88823127746582,
      67.9164810180664,
      23.579931259155273,
      41.12477493286133,
      34.3452262878418,
      30.113645553588867,
      29.214092254638672,
      39.844703674316406,
      30.439319610595703,
      45.052223205566406,
      35.500343322753906,
      40.963279724121094,
      22.822057723999023,
      21.576963424682617,
      14.633252143859863,
      12.200085639953613
    ],
    [
      15.070508003234863,
      17.720619201660156,
      11.589478492736816,
      23.579931259155273,
      50.181339263916016,
      42.630489349365234,
      20.305652618408203,
      21.614643096923828,
      17.732467651367188,
      23.297178268432617,
      11.687289237976074,
      23.080656051635742,
      10.730253219604492,
      16.554277420043945,
      4.031545162200928,
      7.6486310958862305,
      4.526350498199463,
      5.316877841949463
    ],
    [
      16.206321716308594,
      26.457788467407227,
      11.39010238647461,
      41.12477493286133,
      42.630489349365234,
      80.88675689697266,
      29.247926712036133,
      38.25669479370117,
      19.5094051361084,
      46.96580505371094,
      16.521196365356445,
      40.32799530029297,
      5.557104587554932,
      23.22416114807129,
      -2.9677603244781494,
      9.375235557556152,
      3.1347815990448,
      7.384588241577148
    ],
    [
      12.153620719909668,
      20.937448501586914,
      10.751593589782715,
      34.3452262878418,
      20.305652618408203,
      29.247926712036133,
      63.932579040527344,
      41.556915283203125,
      40.592411041259766,
      42.0681037902832,
      53.33000946044922,
      53.68429183959961,
      55.290924072265625,
      51.0592155456543,
      49.67082214355469,
      40.06626510620117,
      32.54075241088867,
      22.363344192504883
    ],
    [
      9.770015716552734,
      22.723108291625977,
      11.09421157836914,
      30.113645553588867,
      21.614643096923828,
      38.25669479370117,
      41.556915283203125,
      59.97114944458008,
      24.494321823120117,
      44.53291320800781,
      28.108722686767578,
      47.74455261230469,
      14.184967041015625,
      31.051137924194336,
      6.986743927001953,
      17.416738510131836,
      10.5680570602417,
      12.558954238891602
    ],
    [
      9.784992218017578,
      17.00726890563965,
      11.78821086883545,
      29.214092254638672,
      17.732467651367188,
      19.5094051361084,
      40.592411041259766,
      24.494321823120117,
      59.553951263427734,
      38.957767486572266,
      55.05893325805664,
      49.728187561035156,
      62.429298400878906,
      50.2785530090332,
      57.4454345703125,
      40.03096008300781,
      31.781211853027344,
      19.64377784729004
    ],
    [
      11.066999435424805,
      22.377155303955078,
      17.115541458129883,
      39.844703674316406,
      23.297178268432617,
      46.96580505371094,
      42.0681037902832,
      44.53291320800781,
      38.957767486572266,
      61.50239562988281,
      41.75706100463867,
      54.68794631958008,
      34.437652587890625,
      43.90306091308594,
      25.699729919433594,
      27.661954879760742,
      18.05373191833496,
      16.04443359375
    ],
    [
      10.283415794372559,
      18.39165687561035,
      11.091273307800293,
      30.439319610595703,
      11.687289237976074,
      16.521196365356445,
      53.33000946044922,
      28.108722686767578,
      55.05893325805664,
      41.75706100463867,
      77.23372650146484,
      62.376129150390625,
      79.06005096435547,
      64.11418914794922,
      74.3551254272461,
      53.9768180847168,
      45.14579391479492,
      28.568313598632812
    ],
    [
      16.033023834228516,
      30.081256866455078,
      12.435931205749512,
      45.052223205566406,
      23.080656051635742,
      40.32799530029297,
      53.68429183959961,
      47.74455261230469,
      49.728187561035156,
      54.68794631958008,
      62.376129150390625,
      81.45580291748047,
      56.40430450439453,
      61.53602981567383,
      45.41598129272461,
      41.635498046875,
      30.852903366088867,
      24.291475296020508
    ],
    [
      11.874306678771973,
      15.975591659545898,
      12.900737762451172,
      35.500343322753906,
      10.730253219604492,
      5.557104587554932,
      55.290924072265625,
      14.184967041015625,
      62.429298400878906,
      34.437652587890625,
      79.06005096435547,
      56.40430450439453,
      114.25997924804688,
      79.28186798095703,
      102.92330932617188,
      65.9252700805664,
      56.849609375,
      32.86329650878906
    ],
    [
      14.936103820800781,
      23.042661666870117,
      13.750592231750488,
      40.963279724121094,
      16.554277420043945,
      23.22416114807129,
      51.0592155456543,
      31.051137924194336,
      50.2785530090332,
      43.90306091308594,
      64.11418914794922,
      61.53602981567383,
      79.28186798095703,
      75.09491729736328,
      73.50733184814453,
      54.52029800415039,
      44.64590835571289,
      30.6259708404541
    ],
    [
      6.223875522613525,
      8.675570487976074,
      7.068342208862305,
      22.822057723999023,
      4.031545162200928,
      -2.9677603244781494,
      49.67082214355469,
      6.986743927001953,
      57.4454345703125,
      25.699729919433594,
      74.3551254272461,
      45.41598129272461,
      102.92330932617188,
      73.50733184814453,
      108.57524871826172,
      69.36430358886719,
      61.63966751098633,
      35.53696060180664
    ],
    [
      4.732720851898193,
      9.488431930541992,
      6.359213829040527,
      21.576963424682617,
      7.6486310958862305,
      9.375235557556152,
      40.06626510620117,
      17.416738510131836,
      40.03096008300781,
      27.661954879760742,
      53.9768180847168,
      41.635498046875,
      65.9252700805664,
      54.52029800415039,
      69.36430358886719,
      50.124019622802734,
      42.82217788696289,
      27.465974807739258
    ],
    [
      4.758837699890137,
      6.89833927154541,
      4.05226469039917,
      14.633252143859863,
      4.526350498199463,
      3.1347815990448,
      32.54075241088867,
      10.5680570602417,
      31.781211853027344,
      18.05373191833496,
      45.14579391479492,
      30.852903366088867,
      56.849609375,
      44.64590835571289,
      61.63966751098633,
      42.82217788696289,
      39.33871841430664,
      24.211009979248047
    ],
    [
      3.88193416595459,
      6.932983875274658,
      3.4450197219848633,
      12.200085639953613,
      5.316877841949463,
      7.384588241577148,
      22.363344192504883,
      12.558954238891602,
      19.64377784729004,
      16.04443359375,
      28.568313598632812,
      24.291475296020508,
      32.86329650878906,
      30.6259708404541,
      35.53696060180664,
      27.465974807739258,
      24.211009979248047,
      16.75682258605957
    ]
  ],
  "covariance_short": [
    [
      40.688079833984375,
      23.06688117980957,
      9.583526611328125,
      14.290376663208008,
      12.748675346374512,
      16.215566635131836,
      12.944235801696777,
      9.932476043701172,
      10.483824729919434,
      10.876485824584961,
      10.513447761535645,
      16.56639289855957,
      15.359495162963867,
      16.74447250366211,
      10.202829360961914,
      8.151444435119629,
      7.490192890167236,
      5.609515190124512
    ],
    [
      23.06688117980957,
      30.18765640258789,
      7.262462615966797,
      19.036623001098633,
      11.088457107543945,
      20.876155853271484,
      17.00110626220703,
      17.499053955078125,
      13.869425773620605,
      17.00401496887207,
      14.369667053222656,
      23.876543045043945,
      16.94074249267578,
      19.921222686767578,
      10.866421699523926,
      10.328119277954102,
      7.971278667449951,
      6.974164009094238
    ],
    [
      9.583526611328125,
      7.262462615966797,
      35.97548294067383,
      26.58418083190918,
      14.81341552734375,
      13.443377494812012,
      14.25183391571045,
      13.542119026184082,
      14.8622407913208,
      19.19226837158203,
      12.868821144104004,
      16.622602462768555,
      16.617416381835938,
      17.32794189453125,
      10.511552810668945,
      8.965868949890137,
      6.086711406707764,
      4.82875919342041
    ],
    [
      14.290376663208008,
      19.036623001098633,
      26.58418083190918,
      72.36756134033203,
      18.076810836791992,
      44.417633056640625,
      32.14860916137695,
      30.050987243652344,
      28.730533599853516,
      39.230865478515625,
      24.855968475341797,
      46.80540466308594,
      41.20530319213867,
      41.796836853027344,
      24.29392433166504,
      21.773822784423828,
      14.733716011047363,
      12.10030746459961
    ],
    [
      12.748675346374512,
      11.088457107543945,
      14.81341552734375,
      18.076810836791992,
      53.15266799926758,
      39.085391998291016,
      10.3234281539917,
      16.59598731994629,
      8.4065523147583,
      19.19363784790039,
      1.3488335609436035,
      15.550029754638672,
      -0.19960947334766388,
      8.793404579162598,
      -8.183784484863281,
      -0.6154186129570007,
      -2.722557306289673,
      1.4395475387573242
    ],
    [
      16.215566635131836,
      20.876155853271484,
      13.443377494812012,
      44.417633056640625,
      39.085391998291016,
      82.74224853515625,
      27.345064163208008,
      36.067745208740234,
      20.298383712768555,
      43.1690788269043,
      12.520162582397461,
      43.132625579833984,
      14.274413108825684,
      26.1214542388916,
      0.3041447103023529,
      9.725264549255371,
      3.3576574325561523,
      7.361299991607666
    ],
    [
      12.944235801696777,
      17.00110626220703,
      14.25183391571045,
      32.14860916137695,
      10.3234281539917,
      27.345064163208008,
      65.83779907226562,
      40.265811920166016,
      40.128475189208984,
      39.5252799987793,
      49.18966293334961,
      52.121238708496094,
      57.708492279052734,
      49.15904998779297,
      49.731937408447266,
      38.31467056274414,
      31.121829986572266,
      21.11551284790039
    ],
    [
      9.932476043701172,
      17.499053955078125,
      13.542119026184082,
      30.050987243652344,
      16.59598731994629,
      36.067745208740234,
      40.265811920166016,
      61.455196380615234,
      25.833845138549805,
      44.122032165527344,
      29.829822540283203,
      47.11626052856445,
      19.756866455078125,
      32.03968811035156,
      10.176932334899902,
      17.95738410949707,
      10.749794006347656,
      12.3403902053833
    ],
    [
      10.483824729919434,
      13.869425773620605,
      14.8622407913208,
      28.730533599853516,
      8.4065523147583,
      20.298383712768555,
      40.128475189208984,
      25.833845138549805,
      62.55644989013672,
      40.26731491088867,
      54.01053237915039,
      48.424625396728516,
      67.03787231445312,
      49.7964973449707,
      58.863887786865234,
      39.1727180480957,
      30.994068145751953,
      18.96139907836914
    ],
    [
      10.876485824584961,
      17.00401496887207,
      19.19226837158203,
      39.230865478515625,
      19.19363784790039,
      43.1690788269043,
      39.5252799987793,
      44.122032165527344,
      40.26731491088867,
      63.031009674072266,
      39.65666580200195,
      54.33378982543945,
      40.164676666259766,
      44.539947509765625,
      27.912845611572266,
      27.796661376953125,
      17.92317008972168,
      15.838053703308105
    ],
    [
      10.513447761535645,
      14.369667053222656,
      12.868821144104004,
      24.855968475341797,
      1.3488335609436035,
      12.520162582397461,
      49.18966293334961,
      29.829822540283203,
      54.01053237915039,
      39.65666580200195,
      76.16474151611328,
      57.92066955566406,
      80.68216705322266,
      60.655948638916016,
      74.88673400878906,
      52.4903678894043,
      44.00795364379883,
      27.437557220458984
    ],
    [
      16.56639289855957,
      23.876543045043945,
      16.622602462768555,
      46.80540466308594,
      15.550029754638672,
      43.132625579833984,
      52.121238708496094,
      47.11626052856445,
      48.424625396728516,
      54.33378982543945,
      57.92066955566406,
      84.75042724609375,
      65.79924774169922,
      64.11713409423828,
      49.91093826293945,
      42.95042037963867,
      31.44841194152832,
      24.409873962402344
    ],
    [
      15.359495162963867,
      16.94074249267578,
      16.617416381835938,
      41.20530319213867,
      -0.19960947334766388,
      14.274413108825684,
      57.708492279052734,
      19.756866455078125,
      67.03787231445312,
      40.164676666259766,
      80.68216705322266,
      65.79924774169922,
      127.08788299560547,
      84.69935607910156,
      110.01580810546875,
      69.02030181884766,
      58.94094467163086,
      33.83132553100586
    ],
    [
      16.74447250366211,
      19.921222686767578,
      17.32794189453125,
      41.796836853027344,
      8.793404579162598,
      26.1214542388916,
      49.15904998779297,
      32.03968811035156,
      49.7964973449707,
      44.539947509765625,
      60.655948638916016,
      64.11713409423828,
      84.69935607910156,
      76.84952545166016,
      74.35911560058594,
      54.52922058105469,
      44.017120361328125,
      30.225805282592773
    ],
    [
      10.202829360961914,
      10.866421699523926,
      10.511552810668945,
      24.29392433166504,
      -8.183784484863281,
      0.3041447103023529,
      49.731937408447266,
      10.176932334899902,
      58.863887786865234,
      27.912845611572266,
      74.88673400878906,
      49.91093826293945,
      110.01580810546875,
      74.35911560058594,
      112.53240203857422,
      70.13207244873047,
      62.07661437988281,
      35.40644454956055
    ],
    [
      8.151444435119629,
      10.328119277954102,
      8.965868949890137,
      21.773822784423828,
      -0.6154186129570007,
      9.725264549255371,
      38.31467056274414,
      17.95738410949707,
      39.1727180480957,
      27.796661376953125,
      52.4903678894043,
      42.95042037963867,
      69.02030181884766,
      54.52922058105469,
      70.13207244873047,
      50.13287353515625,
      42.10002517700195,
      27.11132049560547
    ],
    [
      7.490192890167236,
      7.971278667449951,
      6.086711406707764,
      14.733716011047363,
      -2.722557306289673,
      3.3576574325561523,
      31.121829986572266,
      10.749794006347656,
      30.994068145751953,
      17.92317008972168,
      44.00795364379883,
      31.44841194152832,
      58.94094467163086,
      44.017120361328125,
      62.07661437988281,
      42.10002517700195,
      39.079830169677734,
      23.740190505981445
    ],
    [
      5.609515190124512,
      6.974164009094238,
      4.82875919342041,
      12.10030746459961,
      1.4395475387573242,
      7.361299991607666,
      21.11551284790039,
      12.3403902053833,
      18.96139907836914,
      15.838053703308105,
      27.437557220458984,
      24.409873962402344,
      33.83132553100586,
      30.225805282592773,
      35.40644454956055,
      27.11132049560547,
      23.740190505981445,
      16.688236236572266
    ]
  ],
  "drr": 6.621796131134033,
  "dynamics": 4.622264862060547,
  "format": 1245190,
  "frames": 8390656,
  "loudness": -20.82758903503418,
  "loudness_range": 13.95743465423584,
  "loudness_range_short": 15.02087688446045,
  "peak": -0.17294713854789734,
  "rms": -20.8796329498291,
  "sample_rate": 44100,
  "sections": 1,
  "seekable": 1,
  "sharpness": 1.9137095212936401,
  "space": -6.677051544189453
}