{
  "bands": [
    {
      "high_freq": 148.1999969482422,
      "loudness": -21.566904067993164,
      "loudness_range": 13.876213073730469,
      "mid_mean": -18.083696365356445,
      "mid_to_side_loudness": -17.305776596069336,
      "mid_to_side_loudness_range": 21.24510955810547,
      "side_mean": -36.206581115722656
    },
    {
      "high_freq": 392.3793640136719,
      "loudness": -20.210857391357422,
      "loudness_range": 9.64649486541748,
      "low_freq": 148.1999969482422,
      "mid_mean": -17.44208335876465,
      "mid_to_side_loudness": -7.286895751953125,
      "mid_to_side_loudness_range": 10.265986442565918,
      "side_mean": -24.73040199279785
    },
    {
      "high_freq": 794.6976318359375,
      "loudness": -24.93750762939453,
      "loudness_range": 16.8579044342041,
      "low_freq": 392.3793640136719,
      "mid_mean": -22.713769912719727,
      "mid_to_side_loudness": -5.0175676345825195,
      "mid_to_side_loudness_range": 10.002018928527832,
      "side_mean": -27.732032775878906
    },
    {
      "high_freq": 1457.5709228515625,
      "loudness": -28.59522819519043,
      "loudness_range": 22.86279296875,
      "low_freq": 794.6976318359375,
      "mid_mean": -26.27339744567871,
      "mid_to_side_loudness": -4.902047157287598,
      "mid_to_side_loudness_range": 12.088042259216309,
      "side_mean": -31.693561553955078
    },
    {
      "high_freq": 2549.74365234375,
      "loudness": -30.49656105041504,
      "loudness_range": 22.27741241455078,
      "low_freq": 1457.5709228515625,
      "mid_mean": -28.3214111328125,
      "mid_to_side_loudness": -4.466702461242676,
      "mid_to_side_loudness_range": 9.875810623168945,
      "side_mean": -33.0068473815918
    },
    {
      "high_freq": 4349.24462890625,
      "loudness": -37.68245315551758,
      "loudness_range": 22.61110496520996,
      "low_freq": 2549.74365234375,
      "mid_mean": -35.03445053100586,
      "mid_to_side_loudness": -7.152836322784424,
      "mid_to_side_loudness_range": 12.941191673278809,
      "side_mean": -42.71147537231445
    },
    {
      "high_freq": 7314.1640625,
      "loudness": -43.027183532714844,
      "loudness_range": 23.24205780029297,
      "low_freq": 4349.24462890625,
      "mid_mean": -39.74846649169922,
      "mid_to_side_loudness": -11.13149356842041,
      "mid_to_side_loudness_range": 13.586044311523438,
      "side_mean": -52.72612380981445
    },
    {
      "high_freq": 12199.2666015625,
      "loudness": -47.08595657348633,
      "loudness_range": 23.13616180419922,
      "low_freq": 7314.1640625,
      "mid_mean": -43.634552001953125,
      "mid_to_side_loudness": -14.806596755981445,
      "mid_to_side_loudness_range": 15.483874320983887,
      "side_mean": -59.557029724121094
    },
    {
      "loudness": -55.58488082885742,
      "loudness_range": 14.729804992675781,
      "low_freq": 12199.2666015625,
      "mid_mean": -52.74320602416992,
      "mid_to_side_loudness": -16.825246810913086,
      "mid_to_side_loudness_range": 15.048330307006836,
      "side_mean": -66.49739074707031
    }
  ],
  "bands_short": [
    {
      "high_freq": 148.1999969482422,
      "loudness": -25.53395652770996,
      "loudness_range": 20.404521942138672,
      "mid_mean": -22.029085159301758,
      "mid_to_side_loudness": -19.95342445373535,
      "mid_to_side_loudness_range": 27.01175880432129,
      "side_mean": -43.861106872558594
    },
    {
      "high_freq": 392.3793640136719,
      "loudness": -19.629179000854492,
      "loudness_range": 11.768060684204102,
      "low_freq": 148.1999969482422,
      "mid_mean": -16.81715202331543,
      "mid_to_side_loudness": -8.006339073181152,
      "mid_to_side_loudness_range": 12.556849479675293,
      "side_mean": -24.93502426147461
    },
    {
      "high_freq": 794.6976318359375,
      "loudness": -25.516204833984375,
      "loudness_range": 17.7450008392334,
      "low_freq": 392.3793640136719,
      "mid_mean": -23.48160171508789,
      "mid_to_side_loudness": -4.854114055633545,
      "mid_to_side_loudness_range": 12.689693450927734,
      "side_mean": -28.361616134643555
    },
    {
      "high_freq": 1457.5709228515625,
      "loudness": -28.89373016357422,
      "loudness_range": 24.82697296142578,
      "low_freq": 794.6976318359375,
      "mid_mean": -26.82294273376465,
      "mid_to_side_loudness": -4.531435966491699,
      "mid_to_side_loudness_range": 13.775328636169434,
      "side_mean": -31.878999710083008
    },
    {
      "high_freq": 2549.74365234375,
      "loudness": -31.229873657226562,
      "loudness_range": 23.81852149963379,
      "low_freq": 1457.5709228515625,
      "mid_mean": -29.380773544311523,
      "mid_to_side_loudness": -4.131521701812744,
      "mid_to_side_loudness_range": 12.108987808227539,
      "side_mean": -33.701194763183594
    },
    {
      "high_freq": 4349.24462890625,
      "loudness": -39.204490661621094,
      "loudness_range": 25.59349250793457,
      "low_freq": 2549.74365234375,
      "mid_mean": -37.04505157470703,
      "mid_to_side_loudness": -5.799692153930664,
      "mid_to_side_loudness_range": 15.15893840789795,
      "side_mean": -43.484310150146484
    },
    {
      "high_freq": 7314.1640625,
      "loudness": -46.93138122558594,
      "loudness_range": 30.212080001831055,
      "low_freq": 4349.24462890625,
      "mid_mean": -44.51974868774414,
      "mid_to_side_loudness": -7.970362663269043,
      "mid_to_side_loudness_range": 16.433340072631836,
      "side_mean": -53.99177551269531
    },
    {
      "high_freq": 12199.2666015625,
      "loudness": -49.20709228515625,
      "loudness_range": 28.600357055664062,
      "low_freq": 7314.1640625,
      "mid_mean": -50.60170364379883,
      "mid_to_side_loudness": -11.573214530944824,
      "mid_to_side_loudness_range": 17.885156631469727,
      "side_mean": -61.07534408569336
    },
    {
      "loudness": -57.43358612060547,
      "loudness_range": 17.352741241455078,
      "low_freq": 12199.2666015625,
      "mid_mean": -54.42592239379883,
      "mid_to_side_loudness": -16.35528564453125,
      "mid_to_side_loudness_range": 17.191226959228516,
      "side_mean": -67.02020263671875
    }
  ],
  "channels": 2,
  "covariance": [
    [
      35.70034408569336,
      8.610004425048828,
      10.975747108459473,
      10.524636268615723,
      9.697809219360352,
      10.160015106201172,
      11.45778751373291,
      12.234041213989258,
      12.507822036743164,
      10.823660850524902,
      10.190203666687012,
      11.47486686706543,
      3.094583749771118,
      13.790328025817871,
      -1.1613754034042358,
      7.572935104370117,
      14.014302253723145,
      3.0687105655670166
    ],
    [
      8.610004425048828,
      32.64644241333008,
      7.518115997314453,
      7.451745986938477,
      9.471171379089355,
      10.571706771850586,
      10.810263633728027,
      9.995776176452637,
      13.191765785217285,
      12.621997833251953,
      7.5129876136779785,
      9.21241283416748,
      3.5197556018829346,
      14.516672134399414,
      0.7731171250343323,
      8.751673698425293,
      7.97104549407959,
      3.099881887435913
    ],
    [
      10.975747108459473,
      7.518115997314453,
      18.721830368041992,
      11.851898193359375,
      12.354715347290039,
      10.771668434143066,
      9.146971702575684,
      7.196187973022461,
      11.314204216003418,
      9.718435287475586,
      12.173746109008789,
      10.863547325134277,
      7.884653568267822,
      16.832868576049805,
      8.950748443603516,
      12.93166446685791,
      13.902281761169434,
      3.0769612789154053
    ],
    [
      10.524636268615723,
      7.451745986938477,
      11.851898193359375,
      17.97457504272461,
      10.870960235595703,
      12.473843574523926,
      8.828959465026855,
      11.970932960510254,
      9.241589546203613,
      10.777484893798828,
      3.491394519805908,
      8.677567481994629,
      -1.9772722721099854,
      9.556995391845703,
      -2.3335464000701904,
      5.129931449890137,
      7.401373863220215,
      1.4574427604675293
    ],
    [
      9.697809219360352,
      9.471171379089355,
      12.354715347290039,
      10.870960235595703,
      40.398193359375,
      31.45701026916504,
      37.20990753173828,
      30.20611000061035,
      32.733299255371094,
      28.683990478515625,
      27.137502670288086,
      28.110855102539062,
      18.127416610717773,
      30.993953704833984,
      16.79829216003418,
      21.859220504760742,
      17.634408950805664,
      6.770786762237549
    ],
    [
      10.160015106201172,
      10.571706771850586,
      10.771668434143066,
      12.473843574523926,
      31.45701026916504,
      36.66078567504883,
      31.80772590637207,
      32.16758346557617,
      28.677547454833984,
      30.518173217773438,
      16.78713607788086,
      23.908945083618164,
      7.499648094177246,
      23.504135131835938,
      4.96248722076416,
      13.667637825012207,
      11.517879486083984,
      4.288272380828857
    ],
    [
      11.45778751373291,
      10.810263633728027,
      9.146971702575684,
      8.828959465026855,
      37.20990753173828,
      31.80772590637207,
      67.36638641357422,
      51.093929290771484,
      54.599082946777344,
      43.790130615234375,
      39.49508285522461,
      37.75880813598633,
      24.617002487182617,
      34.32307434082031,
      21.1700496673584,
      24.195085525512695,
      17.846467971801758,
      7.810318470001221
    ],
    [
      12.234041213989258,
      9.995776176452637,
      7.196187973022461,
      11.970932960510254,
      30.20611000061035,
      32.16758346557617,
      51.093929290771484,
      54.961952209472656,
      43.05849838256836,
      42.681129455566406,
      22.484848022460938,
      30.315654754638672,
      9.53892993927002,
      24.638507843017578,
      5.607243537902832,
      13.80948257446289,
      11.953344345092773,
      5.0137176513671875
    ],
    [
      12.507822036743164,
      13.191765785217285,
      11.314204216003418,
      9.241589546203613,
      32.733299255371094,
      28.677547454833984,
      54.599082946777344,
      43.05849838256836,
      60.714080810546875,
      48.594730377197266,
      42.0908317565918,
      39.65085983276367,
      28.17364501953125,
      36.143775939941406,
      23.978504180908203,
      26.021875381469727,
      19.302003860473633,
      8.420401573181152
    ],
    [
      10.823660850524902,
      12.621997833251953,
      9.718435287475586,
      10.777484893798828,
      28.683990478515625,
      30.518173217773438,
      43.790130615234375,
      42.681129455566406,
      48.594730377197266,
      51.57898712158203,
      27.281330108642578,
      33.74845504760742,
      16.313858032226562,
      29.064144134521484,
      11.821314811706543,
      18.02229118347168,
      13.906882286071777,
      5.991749286651611
    ],
    [
      10.190203666687012,
      7.5129876136779785,
      12.173746109008789,
      3.491394519805908,
      27.137502670288086,
      16.78713607788086,
      39.49508285522461,
      22.484848022460938,
      42.0908317565918,
      27.281330108642578,
      66.10396575927734,
      44.11909866333008,
      52.13041305541992,
      50.50368118286133,
      45.57727813720703,
      39.60067367553711,
      27.462087631225586,
      11.00542163848877
    ],
    [
      11.47486686706543,
      9.21241283416748,
      10.863547325134277,
      8.677567481994629,
      28.110855102539062,
      23.908945083618164,
      37.75880813598633,
      30.315654754638672,
      39.65085983276367,
      33.74845504760742,
      44.11909866333008,
      47.033119201660156,
      30.264070510864258,
      41.39490509033203,
      23.858051300048828,
      27.347597122192383,
      19.383190155029297,
      7.889914512634277
    ],
    [
      3.094583749771118,
      3.5197556018829346,
      7.884653568267822,
      -1.9772722721099854,
      18.127416610717773,
      7.499648094177246,
      24.617002487182617,
      9.53892993927002,
      28.17364501953125,
      16.313858032226562,
      52.13041305541992,
      30.264070510864258,
      65.76786804199219,
      49.15291213989258,
      57.98027801513672,
      43.824851989746094,
      29.422130584716797,
      14.05422592163086
    ],
    [
      13.790328025817871,
      14.516672134399414,
      16.832868576049805,
      9.556995391845703,
      30.993953704833984,
      23.504135131835938,
      34.32307434082031,
      24.638507843017578,
      36.143775939941406,
      29.064144134521484,
      50.50368118286133,
      41.39490509033203,
      49.15291213989258,
      65.95487976074219,
      40.5968017578125,
      46.72854995727539,
      38.71548080444336,
      14.111655235290527
    ],
    [
      -1.1613754034042358,
      0.7731171250343323,
      8.950748443603516,
      -2.3335464000701904,
      16.79829216003418,
      4.96248722076416,
      21.1700496673584,
      5.607243537902832,
      23.978504180908203,
      11.821314811706543,
      45.57727813720703,
      23.858051300048828,
      57.98027801513672,
      40.5968017578125,
      64.54103088378906,
      44.68453598022461,
      32.225563049316406,
      15.338191986083984
    ],
    [
      7.572935104370117,
      8.751673698425293,
      12.93166446685791,
      5.129931449890137,
      21.859220504760742,
      13.667637825012207,
      24.195085525512695,
      13.80948257446289,
      26.021875381469727,
      18.02229118347168,
      39.60067367553711,
      27.347597122192383,
      43.824851989746094,
      46.72854995727539,
      44.68453598022461,
      41.59930419921875,
      33.867149353027344,
      13.990727424621582
    ],
    [
      14.014302253723145,
      7.97104549407959,
      13.902281761169434,
      7.401373863220215,
      17.634408950805664,
      11.517879486083984,
      17.846467971801758,
      11.953344345092773,
      19.302003860473633,
      13.906882286071777,
      27.462087631225586,
      19.383190155029297,
      29.422130584716797,
      38.71548080444336,
      32.225563049316406,
      33.867149353027344,
      39.606441497802734,
      14.304781913757324
    ],
    [
      3.0687105655670166,
      3.099881887435913,
      3.0769612789154053,
      1.4574427604675293,
      6.770786762237549,
      4.288272380828857,
      7.810318470001221,
      5.0137176513671875,
      8.420401573181152,
      5.991749286651611,
      11.00542163848877,
      7.889914512634277,
      14.05422592163086,
      14.111655235290527,
      15.338191986083984,
      13.990727424621582,
      14.304781913757324,
      8.007017135620117
    ]
  ],
  "covariance_short": [
    [
      58.194950103759766,
      19.960142135620117,
      15.956344604492188,
      8.600985527038574,
      7.7354559898376465,
      8.249945640563965,
      10.620637893676758,
      9.93053150177002,
      14.024579048156738,
      11.39398193359375,
      13.511039733886719,
      11.103750228881836,
      15.109101295471191,
      14.711581230163574,
      17.030073165893555,
      8.419222831726074,
      15.823715209960938,
      3.1205058097839355
    ],
    [
      19.960142135620117,
      57.157711029052734,
      9.46015453338623,
      8.709041595458984,
      8.856483459472656,
      12.708781242370605,
      15.424206733703613,
      17.060129165649414,
      18.579824447631836,
      17.85428810119629,
      8.159902572631836,
      11.637993812561035,
      2.3587799072265625,
      12.888748168945312,
      8.404977798461914,
      5.17876672744751,
      9.033936500549316,
      2.576441764831543
    ],
    [
      15.956344604492188,
      9.46015453338623,
      26.01007080078125,
      13.319426536560059,
      11.719109535217285,
      9.127105712890625,
      9.18419361114502,
      6.759393692016602,
      11.020885467529297,
      8.497906684875488,
      12.033845901489258,
      8.361984252929688,
      13.832571983337402,
      14.889477729797363,
      28.66956901550293,
      12.566060066223145,
      16.29104232788086,
      3.227555274963379
    ],
    [
      8.600985527038574,
      8.709041595458984,
      13.319426536560059,
      22.06855583190918,
      10.010794639587402,
      11.609480857849121,
      9.556761741638184,
      11.965008735656738,
      9.070133209228516,
      10.32245922088623,
      4.040108680725098,
      8.03988265991211,
      1.1019364595413208,
      9.706327438354492,
      10.540190696716309,
      5.025172710418701,
      7.808289051055908,
      1.5047091245651245
    ],
    [
      7.7354559898376465,
      8.856483459472656,
      11.719109535217285,
      10.010794639587402,
      46.06147384643555,
      31.5107421875,
      40.40415954589844,
      31.454376220703125,
      35.018436431884766,
      29.082077026367188,
      30.68368911743164,
      28.182693481445312,
      28.933353424072266,
      30.598649978637695,
      36.586307525634766,
      21.053733825683594,
      15.608345985412598,
      5.003291130065918
    ],
    [
      8.249945640563965,
      12.708781242370605,
      9.127105712890625,
      11.609480857849121,
      31.5107421875,
      40.559898376464844,
      33.66741943359375,
      33.47028350830078,
      30.474864959716797,
      30.83926773071289,
      18.5328369140625,
      23.769742965698242,
      13.913871765136719,
      22.97210121154785,
      20.366106033325195,
      12.342191696166992,
      10.341814041137695,
      3.222978115081787
    ],
    [
      10.620637893676758,
      15.424206733703613,
      9.18419361114502,
      9.556761741638184,
      40.40415954589844,
      33.66741943359375,
      80.61363983154297,
      58.423240661621094,
      62.471221923828125,
      48.66920852661133,
      47.538719177246094,
      41.708282470703125,
      40.08108901977539,
      36.834938049316406,
      43.486045837402344,
      25.6901798248291,
      18.4102725982666,
      6.746230125427246
    ],
    [
      9.93053150177002,
      17.060129165649414,
      6.759393692016602,
      11.965008735656738,
      31.454376220703125,
      33.47028350830078,
      58.423240661621094,
      62.933197021484375,
      47.93804168701172,
      45.71207046508789,
      27.358064651489258,
      33.70370101928711,
      18.150789260864258,
      26.17399024963379,
      20.948951721191406,
      13.853955268859863,
      11.244614601135254,
      4.3715386390686035
    ],
    [
      14.024579048156738,
      18.579824447631836,
      11.020885467529297,
      9.070133209228516,
      35.018436431884766,
      30.474864959716797,
      62.471221923828125,
      47.93804168701172,
      74.27413940429688,
      55.1695442199707,
      51.7066650390625,
      43.58976364135742,
      47.244232177734375,
      39.77898406982422,
      50.005516052246094,
      29.14535140991211,
      21.943689346313477,
      8.372316360473633
    ],
    [
      11.39398193359375,
      17.85428810119629,
      8.497906684875488,
      10.32245922088623,
      29.082077026367188,
      30.83926773071289,
      48.66920852661133,
      45.71207046508789,
      55.1695442199707,
      59.73332977294922,
      32.15566635131836,
      37.14391326904297,
      25.826948165893555,
      30.307329177856445,
      29.169532775878906,
      18.148691177368164,
      14.12483024597168,
      5.505608081817627
    ],
    [
      13.511039733886719,
      8.159902572631836,
      12.033845901489258,
      4.040108680725098,
      30.68368911743164,
      18.5328369140625,
      47.538719177246094,
      27.358064651489258,
      51.7066650390625,
      32.15566635131836,
      88.02899169921875,
      53.7850227355957,
      87.26688385009766,
      59.30533981323242,
      88.5198974609375,
      49.01567459106445,
      34.88312530517578,
      13.157872200012207
    ],
    [
      11.103750228881836,
      11.637993812561035,
      8.361984252929688,
      8.03988265991211,
      28.182693481445312,
      23.769742965698242,
      41.708282470703125,
      33.70370101928711,
      43.58976364135742,
      37.14391326904297,
      53.7850227355957,
      55.749019622802734,
      46.913917541503906,
      45.868019104003906,
      47.05024719238281,
      29.76011085510254,
      20.05421257019043,
      7.89472770690918
    ],
    [
      15.109101295471191,
      2.3587799072265625,
      13.832571983337402,
      1.1019364595413208,
      28.933353424072266,
      13.913871765136719,
      40.08108901977539,
      18.150789260864258,
      47.244232177734375,
      25.826948165893555,
      87.26688385009766,
      46.913917541503906,
      124.68010711669922,
      73.18553924560547,
      123.60953521728516,
      67.15792846679688,
      48.60953903198242,
      20.497310638427734
    ],
    [
      14.711581230163574,
      12.888748168945312,
      14.889477729797363,
      9.706327438354492,
      30.598649978637695,
      22.97210121154785,
      36.834938049316406,
      26.17399024963379,
      39.77898406982422,
      30.307329177856445,
      59.30533981323242,
      45.868019104003906,
      73.18553924560547,
      72.64497375488281,
      84.20862579345703,
      51.11243438720703,
      39.76012420654297,
      14.96182918548584
    ],
    [
      17.030073165893555,
      8.404977798461914,
      28.66956901550293,
      10.540190696716309,
      36.586307525634766,
      20.366106033325195,
      43.486045837402344,
      20.948951721191406,
      50.005516052246094,
      29.169532775878906,
      88.5198974609375,
      47.05024719238281,
      123.60953521728516,
      84.20862579345703,
      165.4349365234375,
      82.25967407226562,
      71.0335464477539,
      24.661256790161133
    ],
    [
      8.419222831726074,
      5.17876672744751,
      12.566060066223145,
      5.025172710418701,
      21.053733825683594,
      12.342191696166992,
      25.6901798248291,
      13.853955268859863,
      29.14535140991211,
      18.148691177368164,
      49.01567459106445,
      29.76011085510254,
      67.15792846679688,
      51.11243438720703,
      82.25967407226562,
      49.04421615600586,
      37.39019012451172,
      15.789867401123047
    ],
    [
      15.823715209960938,
      9.033936500549316,
      16.29104232788086,
      7.808289051055908,
      15.608345985412598,
      10.341814041137695,
      18.4102725982666,
      11.244614601135254,
      21.943689346313477,
      14.12483024597168,
      34.88312530517578,
      20.05421257019043,
      48.60953903198242,
      39.76012420654297,
      71.0335464477539,
      37.39019012451172,
      44.24984359741211,
      15.342398643493652
    ],
    [
      3.1205058097839355,
      2.576441764831543,
      3.227555274963379,
      1.5047091245651245,
      5.003291130065918,
      3.222978115081787,
      6.746230125427246,
      4.3715386390686035,
      8.372316360473633,
      5.505608081817627,
      13.157872200012207,
      7.89472770690918,
      20.497310638427734,
      14.96182918548584,
      24.661256790161133,
      15.789867401123047,
      15.342398643493652,
      9.293815612792969
    ]
  ],
  "drr": 12.304277420043945,
  "dynamics": 3.2793967723846436,
  "format": 1245190,
  "frames": 9267200,
  "loudness": -11.435812950134277,
  "loudness_range": 8.816755294799805,
  "loudness_range_short": 11.759140968322754,
  "peak": 0.02218594402074814,
  "rms": -13.050532341003418,
  "sample_rate": 44100,
  "sections": 1,
  "seekable": 1,
  "sharpness": 2.587185859680176,
  "space": -8.174243927001953
}