{
  "bands": [
    {
      "high_freq": 148.1999969482422,
      "loudness": -20.354352951049805,
      "loudness_range": 15.237497329711914,
      "mid_mean": -16.950637817382812,
      "mid_to_side_loudness": -14.416241645812988,
      "mid_to_side_loudness_range": 18.410680770874023,
      "side_mean": -31.89559555053711
    },
    {
      "high_freq": 392.3793640136719,
      "loudness": -20.881561279296875,
      "loudness_range": 10.150835037231445,
      "low_freq": 148.1999969482422,
      "mid_mean": -18.14040184020996,
      "mid_to_side_loudness": -7.317511081695557,
      "mid_to_side_loudness_range": 11.59620475769043,
      "side_mean": -25.603479385375977
    },
    {
      "high_freq": 794.6976318359375,
      "loudness": -25.37529754638672,
      "loudness_range": 16.869016647338867,
      "low_freq": 392.3793640136719,
      "mid_mean": -23.001718521118164,
      "mid_to_side_loudness": -6.056097984313965,
      "mid_to_side_loudness_range": 12.608880043029785,
      "side_mean": -28.95376968383789
    },
    {
      "high_freq": 1457.5709228515625,
      "loudness": -30.09962272644043,
      "loudness_range": 20.193357467651367,
      "low_freq": 794.6976318359375,
      "mid_mean": -27.86920166015625,
      "mid_to_side_loudness": -5.681044101715088,
      "mid_to_side_loudness_range": 13.287079811096191,
      "side_mean": -33.573768615722656
    },
    {
      "high_freq": 2549.74365234375,
      "loudness": -31.65319061279297,
      "loudness_range": 18.001028060913086,
      "low_freq": 1457.5709228515625,
      "mid_mean": -29.3038330078125,
      "mid_to_side_loudness": -6.162755966186523,
      "mid_to_side_loudness_range": 13.264264106750488,
      "side_mean": -35.42155075073242
    },
    {
      "high_freq": 4349.24462890625,
      "loudness": -32.96756362915039,
      "loudness_range": 14.477445602416992,
      "low_freq": 2549.74365234375,
      "mid_mean": -30.12959098815918,
      "mid_to_side_loudness": -8.814290046691895,
      "mid_to_side_loudness_range": 15.131953239440918,
      "side_mean": -39.11198806762695
    },
    {
      "high_freq": 7314.1640625,
      "loudness": -37.6307258605957,
      "loudness_range": 17.625272750854492,
      "low_freq": 4349.24462890625,
      "mid_mean": -34.3365364074707,
      "mid_to_side_loudness": -11.868133544921875,
      "mid_to_side_loudness_range": 12.754181861877441,
      "side_mean": -46.60947799682617
    },
    {
      "high_freq": 12199.2666015625,
      "loudness": -41.53873062133789,
      "loudness_range": 18.881969451904297,
      "low_freq": 7314.1640625,
      "mid_mean": -38.1995964050293,
      "mid_to_side_loudness": -13.140311241149902,
      "mid_to_side_loudness_range": 15.074047088623047,
      "side_mean": -52.101383209228516
    },
    {
      "loudness": -52.71236038208008,
      "loudness_range": 19.200153350830078,
      "low_freq": 12199.2666015625,
      "mid_mean": -49.89165496826172,
      "mid_to_side_loudness": -12.791510581970215,
      "mid_to_side_loudness_range": 19.944971084594727,
      "side_mean": -61.39380645751953
    }
  ],
  "bands_short": [
    {
      "high_freq": 148.1999969482422,
      "loudness": -26.270572662353516,
      "loudness_range": 28.913307189941406,
      "mid_mean": -23.253299713134766,
      "mid_to_side_loudness": -13.52018928527832,
      "mid_to_side_loudness_range": 24.684104919433594,
      "side_mean": -38.40077590942383
    },
    {
      "high_freq": 392.3793640136719,
      "loudness": -20.751811981201172,
      "loudness_range": 14.753857612609863,
      "low_freq": 148.1999969482422,
      "mid_mean": -18.156301498413086,
      "mid_to_side_loudness": -7.662292003631592,
      "mid_to_side_loudness_range": 15.948692321777344,
      "side_mean": -25.943946838378906
    },
    {
      "high_freq": 794.6976318359375,
      "loudness": -25.575725555419922,
      "loudness_range": 18.658403396606445,
      "low_freq": 392.3793640136719,
      "mid_mean": -23.412153244018555,
      "mid_to_side_loudness": -5.837367534637451,
      "mid_to_side_loudness_range": 15.819588661193848,
      "side_mean": -29.186429977416992
    },
    {
      "high_freq": 1457.5709228515625,
      "loudness": -31.08161163330078,
      "loudness_range": 22.862194061279297,
      "low_freq": 794.6976318359375,
      "mid_mean": -29.225419998168945,
      "mid_to_side_loudness": -4.932065963745117,
      "mid_to_side_loudness_range": 15.958105087280273,
      "side_mean": -34.312721252441406
    },
    {
      "high_freq": 2549.74365234375,
      "loudness": -33.66028594970703,
      "loudness_range": 22.554588317871094,
      "low_freq": 1457.5709228515625,
      "mid_mean": -31.753013610839844,
      "mid_to_side_loudness": -4.8390583992004395,
      "mid_to_side_loudness_range": 14.37661075592041,
      "side_mean": -36.50457000732422
    },
    {
      "high_freq": 4349.24462890625,
      "loudness": -35.36146545410156,
      "loudness_range": 22.088199615478516,
      "low_freq": 2549.74365234375,
      "mid_mean": -33.05540466308594,
      "mid_to_side_loudness": -6.698151111602783,
      "mid_to_side_loudness_range": 16.578123092651367,
      "side_mean": -39.965919494628906
    },
    {
      "high_freq": 7314.1640625,
      "loudness": -41.93425369262695,
      "loudness_range": 27.267902374267578,
      "low_freq": 4349.24462890625,
      "mid_mean": -39.24919128417969,
      "mid_to_side_loudness": -8.55648422241211,
      "mid_to_side_loudness_range": 16.980276107788086,
      "side_mean": -48.17208480834961
    },
    {
      "high_freq": 12199.2666015625,
      "loudness": -44.9625244140625,
      "loudness_range": 26.62598419189453,
      "low_freq": 7314.1640625,
      "mid_mean": -42.146240234375,
      "mid_to_side_loudness": -10.715831756591797,
      "mid_to_side_loudness_range": 18.48714828491211,
      "side_mean": -53.80674743652344
    },
    {
      "loudness": -55.54871368408203,
      "loudness_range": 24.58059310913086,
      "low_freq": 12199.2666015625,
      "mid_mean": -52.817161560058594,
      "mid_to_side_loudness": -11.062739372253418,
      "mid_to_side_loudness_range": 22.040136337280273,
      "side_mean": -62.281124114990234
    }
  ],
  "channels": 2,
  "covariance": [
    [
      38.88810348510742,
      24.4497013092041,
      6.468531608581543,
      6.890127658843994,
      4.873104572296143,
      2.0688600540161133,
      5.717099666595459,
      3.5255956649780273,
      5.888662815093994,
      5.2617082595825195,
      2.237490177154541,
      2.9342336654663086,
      -3.205188751220703,
      -4.62030553817749,
      -4.897584438323975,
      -5.285757541656494,
      -6.23282527923584,
      -5.614345073699951
    ],
    [
      24.4497013092041,
      42.63493347167969,
      3.0903804302215576,
      5.532587051391602,
      3.1892426013946533,
      0.300927996635437,
      5.86611795425415,
      6.150334358215332,
      4.212890148162842,
      4.263204574584961,
      1.8539897203445435,
      3.655656576156616,
      -2.530996322631836,
      -0.7604708075523376,
      -4.258044242858887,
      -4.177998065948486,
      -6.077017784118652,
      -4.709929466247559
    ],
    [
      6.468531608581543,
      3.0903804302215576,
      18.859071731567383,
      7.8892364501953125,
      11.260954856872559,
      6.483791828155518,
      7.644963264465332,
      3.234050989151001,
      8.490861892700195,
      6.955319881439209,
      7.023684024810791,
      6.104464530944824,
      6.506419658660889,
      5.337951183319092,
      11.239665985107422,
      7.862135410308838,
      11.57274055480957,
      1.252975344657898
    ],
    [
      6.890127658843994,
      5.532587051391602,
      7.8892364501953125,
      14.514087677001953,
      4.082536220550537,
      4.824863433837891,
      0.001146374037489295,
      2.5484023094177246,
      0.5340363383293152,
      3.6433510780334473,
      -0.13041427731513977,
      2.8952443599700928,
      -0.7576671838760376,
      1.1708096265792847,
      -0.5119136571884155,
      3.6396913528442383,
      2.3256995677948,
      1.8389486074447632
    ],
    [
      4.873104572296143,
      3.1892426013946533,
      11.260954856872559,
      4.082536220550537,
      40.32877731323242,
      24.48255157470703,
      28.153228759765625,
      16.427576065063477,
      19.789695739746094,
      20.37890625,
      14.881027221679688,
      17.85703468322754,
      8.618956565856934,
      11.438665390014648,
      15.263392448425293,
      16.132823944091797,
      19.059673309326172,
      9.197724342346191
    ],
    [
      2.0688600540161133,
      0.300927996635437,
      6.483791828155518,
      4.824863433837891,
      24.48255157470703,
      29.46250343322754,
      18.11771583557129,
      20.056058883666992,
      14.18415641784668,
      25.001895904541016,
      7.299756050109863,
      20.9886474609375,
      1.2684006690979004,
      8.489373207092285,
      4.649994373321533,
      12.406890869140625,
      8.98226261138916,
      12.12743091583252
    ],
    [
      5.717099666595459,
      5.86611795425415,
      7.644963264465332,
      0.001146374037489295,
      28.153228759765625,
      18.11771583557129,
      49.49842071533203,
      32.898406982421875,
      28.474102020263672,
      23.23138999938965,
      20.77964973449707,
      21.646883010864258,
      13.029314994812012,
      14.427099227905273,
      15.921350479125977,
      14.197548866271973,
      15.86764907836914,
      9.82003116607666
    ],
    [
      3.5255956649780273,
      6.150334358215332,
      3.234050989151001,
      2.5484023094177246,
      16.427576065063477,
      20.056058883666992,
      32.898406982421875,
      41.29709243774414,
      17.941858291625977,
      27.34297752380371,
      9.321426391601562,
      23.631372451782227,
      2.886988401412964,
      11.00235366821289,
      3.1976828575134277,
      10.468084335327148,
      4.6285400390625,
      12.809112548828125
    ],
    [
      5.888662815093994,
      4.212890148162842,
      8.490861892700195,
      0.5340363383293152,
      19.789695739746094,
      14.18415641784668,
      28.474102020263672,
      17.941858291625977,
      40.83497619628906,
      31.42095184326172,
      27.558589935302734,
      26.802202224731445,
      22.51067352294922,
      19.927196502685547,
      21.701759338378906,
      16.91267204284668,
      18.181642532348633,
      8.764884948730469
    ],
    [
      5.2617082595825195,
      4.263204574584961,
      6.955319881439209,
      3.6433510780334473,
      20.37890625,
      25.001895904541016,
      23.23138999938965,
      27.34297752380371,
      31.42095184326172,
      46.8155517578125,
      15.837721824645996,
      35.69361877441406,
      8.022547721862793,
      14.962223052978516,
      10.078110694885254,
      13.467122077941895,
      9.564696311950684,
      12.184276580810547
    ],
    [
      2.237490177154541,
      1.8539897203445435,
      7.023684024810791,
      -0.13041427731513977,
      14.881027221679688,
      7.299756050109863,
      20.77964973449707,
      9.321426391601562,
      27.558589935302734,
      15.837721824645996,
      31.093671798706055,
      20.127342224121094,
      30.17129898071289,
      21.952987670898438,
      27.947799682617188,
      17.53768539428711,
      22.28860855102539,
      6.827813148498535
    ],
    [
      2.9342336654663086,
      3.655656576156616,
      6.104464530944824,
      2.8952443599700928,
      17.85703468322754,
      20.9886474609375,
      21.646883010864258,
      23.631372451782227,
      26.802202224731445,
      35.69361877441406,
      20.127342224121094,
      37.21797180175781,
      13.029220581054688,
      19.850692749023438,
      14.582109451293945,
      14.86059284210205,
      12.079734802246094,
      10.43765640258789
    ],
    [
      -3.205188751220703,
      -2.530996322631836,
      6.506419658660889,
      -0.7576671838760376,
      8.618956565856934,
      1.2684006690979004,
      13.029314994812012,
      2.886988401412964,
      22.51067352294922,
      8.022547721862793,
      30.17129898071289,
      13.029220581054688,
      46.50786209106445,
      30.088905334472656,
      41.05622863769531,
      26.562082290649414,
      33.68182373046875,
      12.788304328918457
    ],
    [
      -4.62030553817749,
      -0.7604708075523376,
      5.337951183319092,
      1.1708096265792847,
      11.438665390014648,
      8.489373207092285,
      14.427099227905273,
      11.00235366821289,
      19.927196502685547,
      14.962223052978516,
      21.952987670898438,
      19.850692749023438,
      30.088905334472656,
      33.29669952392578,
      26.38827896118164,
      25.99365997314453,
      24.70404815673828,
      17.036701202392578
    ],
    [
      -4.897584438323975,
      -4.258044242858887,
      11.239665985107422,
      -0.5119136571884155,
      15.263392448425293,
      4.649994373321533,
      15.921350479125977,
      3.1976828575134277,
      21.701759338378906,
      10.078110694885254,
      27.947799682617188,
      14.582109451293945,
      41.05622863769531,
      26.38827896118164,
      50.92189407348633,
      29.423229217529297,
      43.37371063232422,
      12.049866676330566
    ],
    [
      -5.285757541656494,
      -4.177998065948486,
      7.862135410308838,
      3.6396913528442383,
      16.132823944091797,
      12.406890869140625,
      14.197548866271973,
      10.468084335327148,
      16.91267204284668,
      13.467122077941895,
      17.53768539428711,
      14.86059284210205,
      26.562082290649414,
      25.99365997314453,
      29.423229217529297,
      37.971431732177734,
      36.81990432739258,
      25.8116455078125
    ],
    [
      -6.23282527923584,
      -6.077017784118652,
      11.57274055480957,
      2.3256995677948,
      19.059673309326172,
      8.98226261138916,
      15.86764907836914,
      4.6285400390625,
      18.181642532348633,
      9.564696311950684,
      22.28860855102539,
      12.079734802246094,
      33.68182373046875,
      24.70404815673828,
      43.37371063232422,
      36.81990432739258,
      52.614498138427734,
      20.704750061035156
    ],
    [
      -5.614345073699951,
      -4.709929466247559,
      1.252975344657898,
      1.8389486074447632,
      9.197724342346191,
      12.12743091583252,
      9.82003116607666,
      12.809112548828125,
      8.764884948730469,
      12.184276580810547,
      6.827813148498535,
      10.43765640258789,
      12.788304328918457,
      17.036701202392578,
      12.049866676330566,
      25.8116455078125,
      20.704750061035156,
      29.614961624145508
    ]
  ],
  "covariance_short": [
    [
      125.94157409667969,
      69.3968276977539,
      32.675262451171875,
      21.529462814331055,
      4.701253414154053,
      0.10385414212942123,
      6.127749919891357,
      0.7816644906997681,
      5.863287925720215,
      0.7209729552268982,
      5.823637962341309,
      -0.3736021816730499,
      2.90799880027771,
      -4.545157432556152,
      -1.90861177444458,
      -4.805777072906494,
      -4.11840295791626,
      -4.464713096618652
    ],
    [
      69.3968276977539,
      86.88762664794922,
      19.137096405029297,
      17.836286544799805,
      4.449504375457764,
      1.549970269203186,
      8.852195739746094,
      5.795862674713135,
      4.40027379989624,
      2.0422422885894775,
      2.537806749343872,
      1.9123495817184448,
      -0.7785357236862183,
      -0.438141405582428,
      -4.430220127105713,
      -2.4124512672424316,
      -4.590367794036865,
      -0.4186725616455078
    ],
    [
      32.675262451171875,
      19.137096405029297,
      36.545738220214844,
      14.629164695739746,
      12.312057495117188,
      5.828075408935547,
      10.331724166870117,
      3.15084171295166,
      14.435667037963867,
      8.420719146728516,
      14.268134117126465,
      7.2747344970703125,
      14.69448471069336,
      6.605425834655762,
      19.79171371459961,
      8.738601684570312,
      15.05714225769043,
      1.2961013317108154
    ],
    [
      21.529462814331055,
      17.836286544799805,
      14.629164695739746,
      24.536252975463867,
      2.853806257247925,
      3.9235692024230957,
      0.31329166889190674,
      2.5922625064849854,
      2.646033525466919,
      4.497562408447266,
      2.4536592960357666,
      4.130305767059326,
      1.7844150066375732,
      2.8444604873657227,
      1.7751054763793945,
      3.601614475250244,
      2.806701183319092,
      1.86594557762146
    ],
    [
      4.701253414154053,
      4.449504375457764,
      12.312057495117188,
      2.853806257247925,
      52.843257904052734,
      27.85873794555664,
      36.90675354003906,
      22.061206817626953,
      29.47199249267578,
      25.201955795288086,
      23.580059051513672,
      21.43462562561035,
      14.591256141662598,
      14.182333946228027,
      24.51443862915039,
      19.933073043823242,
      25.306671142578125,
      10.393633842468262
    ],
    [
      0.10385414212942123,
      1.549970269203186,
      5.828075408935547,
      3.9235692024230957,
      27.85873794555664,
      36.713008880615234,
      24.11922836303711,
      25.73513412475586,
      22.389175415039062,
      30.425161361694336,
      14.166828155517578,
      25.450164794921875,
      6.006530284881592,
      13.135148048400879,
      11.297805786132812,
      16.79436492919922,
      14.59468936920166,
      14.123557090759277
    ],
    [
      6.127749919891357,
      8.852195739746094,
      10.331724166870117,
      0.31329166889190674,
      36.90675354003906,
      24.11922836303711,
      68.46987915039062,
      42.821773529052734,
      43.05533981323242,
      31.482154846191406,
      34.32663345336914,
      28.100887298583984,
      24.26829719543457,
      20.657989501953125,
      27.13299560546875,
      22.439476013183594,
      27.897871017456055,
      14.491881370544434
    ],
    [
      0.7816644906997681,
      5.795862674713135,
      3.15084171295166,
      2.5922625064849854,
      22.061206817626953,
      25.73513412475586,
      42.821773529052734,
      54.60546112060547,
      29.6969051361084,
      35.92036819458008,
      18.841466903686523,
      30.936939239501953,
      10.400449752807617,
      18.539138793945312,
      9.473732948303223,
      17.682146072387695,
      13.000767707824707,
      16.661712646484375
    ],
    [
      5.863287925720215,
      4.40027379989624,
      14.435667037963867,
      2.646033525466919,
      29.47199249267578,
      22.389175415039062,
      43.05533981323242,
      29.6969051361084,
      67.82611846923828,
      48.40437698364258,
      49.508262634277344,
      40.653724670410156,
      43.51528549194336,
      32.308719635009766,
      41.11619567871094,
      30.032079696655273,
      35.4926872253418,
      16.532392501831055
    ],
    [
      0.7209729552268982,
      2.0422422885894775,
      8.420719146728516,
      4.497562408447266,
      25.201955795288086,
      30.425161361694336,
      31.482154846191406,
      35.92036819458008,
      48.40437698364258,
      61.52977752685547,
      29.579572677612305,
      46.1407585144043,
      19.424095153808594,
      25.361665725708008,
      21.333847045898438,
      22.699325561523438,
      20.432209014892578,
      17.69950294494629
    ],
    [
      5.823637962341309,
      2.537806749343872,
      14.268134117126465,
      2.4536592960357666,
      23.580059051513672,
      14.166828155517578,
      34.32663345336914,
      18.841466903686523,
      49.508262634277344,
      29.579572677612305,
      60.99754333496094,
      35.0656623840332,
      58.757957458496094,
      35.18421173095703,
      54.33149719238281,
      31.284399032592773,
      43.051788330078125,
      13.195960998535156
    ],
    [
      -0.3736021816730499,
      1.9123495817184448,
      7.2747344970703125,
      4.130305767059326,
      21.43462562561035,
      25.450164794921875,
      28.100887298583984,
      30.936939239501953,
      40.653724670410156,
      46.1407585144043,
      35.0656623840332,
      49.16818618774414,
      26.132219314575195,
      31.140987396240234,
      25.23447036743164,
      23.943241119384766,
      22.13519287109375,
      14.959460258483887
    ],
    [
      2.90799880027771,
      -0.7785357236862183,
      14.69448471069336,
      1.7844150066375732,
      14.591256141662598,
      6.006530284881592,
      24.26829719543457,
      10.400449752807617,
      43.51528549194336,
      19.424095153808594,
      58.757957458496094,
      26.132219314575195,
      89.04568481445312,
      47.589439392089844,
      76.89302825927734,
      45.02576446533203,
      60.980899810791016,
      20.71204376220703
    ],
    [
      -4.545157432556152,
      -0.438141405582428,
      6.605425834655762,
      2.8444604873657227,
      14.182333946228027,
      13.135148048400879,
      20.657989501953125,
      18.539138793945312,
      32.308719635009766,
      25.361665725708008,
      35.18421173095703,
      31.140987396240234,
      47.589439392089844,
      46.84358215332031,
      39.613258361816406,
      37.097015380859375,
      34.5930290222168,
      21.455644607543945
    ],
    [
      -1.90861177444458,
      -4.430220127105713,
      19.79171371459961,
      1.7751054763793945,
      24.51443862915039,
      11.297805786132812,
      27.13299560546875,
      9.473732948303223,
      41.11619567871094,
      21.333847045898438,
      54.33149719238281,
      25.23447036743164,
      76.89302825927734,
      39.613258361816406,
      98.36930084228516,
      48.486934661865234,
      74.89091491699219,
      19.866907119750977
    ],
    [
      -4.805777072906494,
      -2.4124512672424316,
      8.738601684570312,
      3.601614475250244,
      19.933073043823242,
      16.79436492919922,
      22.439476013183594,
      17.682146072387695,
      30.032079696655273,
      22.699325561523438,
      31.284399032592773,
      23.943241119384766,
      45.02576446533203,
      37.097015380859375,
      48.486934661865234,
      52.29727554321289,
      50.76348114013672,
      32.00423812866211
    ],
    [
      -4.11840295791626,
      -4.590367794036865,
      15.05714225769043,
      2.806701183319092,
      25.306671142578125,
      14.59468936920166,
      27.897871017456055,
      13.000767707824707,
      35.4926872253418,
      20.432209014892578,
      43.051788330078125,
      22.13519287109375,
      60.980899810791016,
      34.5930290222168,
      74.89091491699219,
      50.76348114013672,
      77.58909606933594,
      28.922483444213867
    ],
    [
      -4.464713096618652,
      -0.4186725616455078,
      1.2961013317108154,
      1.86594557762146,
      10.393633842468262,
      14.123557090759277,
      14.491881370544434,
      16.661712646484375,
      16.532392501831055,
      17.69950294494629,
      13.195960998535156,
      14.959460258483887,
      20.71204376220703,
      21.455644607543945,
      19.866907119750977,
      32.00423812866211,
      28.922483444213867,
      34.10203552246094
    ]
  ],
  "drr": 14.963971138000488,
  "dynamics": 3.237650156021118,
  "format": 1245190,
  "frames": 10244096,
  "loudness": -11.56379508972168,
  "loudness_range": 7.422687530517578,
  "loudness_range_short": 11.664685249328613,
  "peak": -0.032014116644859314,
  "rms": -12.759214401245117,
  "sample_rate": 44100,
  "sections": 1,
  "seekable": 1,
  "sharpness": 3.234426975250244,
  "space": -8.510313987731934
}