{
  "bands": [
    {
      "high_freq": 148.1999969482422,
      "loudness": -45.680484771728516,
      "loudness_range": 21.955989837646484,
      "mid_mean": -42.176002502441406,
      "mid_to_side_loudness": -15.553945541381836,
      "mid_to_side_loudness_range": 8.572128295898438,
      "side_mean": -57.64170837402344
    },
    {
      "high_freq": 392.3793640136719,
      "loudness": -32.55006408691406,
      "loudness_range": 17.432689666748047,
      "low_freq": 148.1999969482422,
      "mid_mean": -29.522192001342773,
      "mid_to_side_loudness": -9.00171947479248,
      "mid_to_side_loudness_range": 10.820416450500488,
      "side_mean": -38.684471130371094
    },
    {
      "high_freq": 794.6976318359375,
      "loudness": -31.951221466064453,
      "loudness_range": 21.423110961914062,
      "low_freq": 392.3793640136719,
      "mid_mean": -29.33714485168457,
      "mid_to_side_loudness": -5.850813388824463,
      "mid_to_side_loudness_range": 6.760580539703369,
      "side_mean": -35.29765319824219
    },
    {
      "high_freq": 1457.5709228515625,
      "loudness": -38.37937545776367,
      "loudness_range": 24.568737030029297,
      "low_freq": 794.6976318359375,
      "mid_mean": -37.82695388793945,
      "mid_to_side_loudness": -0.07630563527345657,
      "mid_to_side_loudness_range": 8.480184555053711,
      "side_mean": -37.970462799072266
    },
    {
      "high_freq": 2549.74365234375,
      "loudness": -42.429203033447266,
      "loudness_range": 26.34837532043457,
      "low_freq": 1457.5709228515625,
      "mid_mean": -41.86665725708008,
      "mid_to_side_loudness": -0.38607048988342285,
      "mid_to_side_loudness_range": 7.203021049499512,
      "side_mean": -42.36522674560547
    },
    {
      "high_freq": 4349.24462890625,
      "loudness": -51.030643463134766,
      "loudness_range": 27.21078109741211,
      "low_freq": 2549.74365234375,
      "mid_mean": -52.16636276245117,
      "mid_to_side_loudness": -1.0460892915725708,
      "mid_to_side_loudness_range": 5.789000511169434,
      "side_mean": -53.16899490356445
    },
    {
      "high_freq": 7314.1640625,
      "loudness": -61.852195739746094,
      "loudness_range": 28.70379638671875,
      "low_freq": 4349.24462890625,
      "mid_mean": -62.390438079833984,
      "mid_to_side_loudness": -0.04105357080698013,
      "mid_to_side_loudness_range": 5.503634452819824,
      "side_mean": -62.429649353027344
    },
    {
      "high_freq": 12199.2666015625,
      "loudness": -76.1554183959961,
      "loudness_range": 16.41751480102539,
      "low_freq": 7314.1640625,
      "mid_mean": -68.36231231689453,
      "mid_to_side_loudness": 0.2670803964138031,
      "mid_to_side_loudness_range": 2.4674527645111084,
      "side_mean": -68.22000122070312
    },
    {
      "loudness": -77.20796203613281,
      "loudness_range": 4.011016845703125,
      "low_freq": 12199.2666015625,
      "mid_mean": -69.08304595947266,
      "mid_to_side_loudness": -0.11848364025354385,
      "mid_to_side_loudness_range": 0.5244895815849304,
      "side_mean": -69.10884094238281
    }
  ],
  "bands_short": [
    {
      "high_freq": 148.1999969482422,
      "loudness": -50.82399368286133,
      "loudness_range": 25.256393432617188,
      "mid_mean": -47.354522705078125,
      "mid_to_side_loudness": -14.541122436523438,
      "mid_to_side_loudness_range": 12.84485912322998,
      "side_mean": -60.912139892578125
    },
    {
      "high_freq": 392.3793640136719,
      "loudness": -33.78450012207031,
      "loudness_range": 20.373937606811523,
      "low_freq": 148.1999969482422,
      "mid_mean": -30.771394729614258,
      "mid_to_side_loudness": -9.379875183105469,
      "mid_to_side_loudness_range": 12.835204124450684,
      "side_mean": -40.32735824584961
    },
    {
      "high_freq": 794.6976318359375,
      "loudness": -32.8349609375,
      "loudness_range": 23.179046630859375,
      "low_freq": 392.3793640136719,
      "mid_mean": -30.328529357910156,
      "mid_to_side_loudness": -5.695827007293701,
      "mid_to_side_loudness_range": 9.101673126220703,
      "side_mean": -36.11996841430664
    },
    {
      "high_freq": 1457.5709228515625,
      "loudness": -39.16314697265625,
      "loudness_range": 25.81182098388672,
      "low_freq": 794.6976318359375,
      "mid_mean": -38.762447357177734,
      "mid_to_side_loudness": -0.0247543603181839,
      "mid_to_side_loudness_range": 9.452540397644043,
      "side_mean": -38.781715393066406
    },
    {
      "high_freq": 2549.74365234375,
      "loudness": -43.71812438964844,
      "loudness_range": 27.678972244262695,
      "low_freq": 1457.5709228515625,
      "mid_mean": -43.23527908325195,
      "mid_to_side_loudness": -0.4159255921840668,
      "mid_to_side_loudness_range": 8.815556526184082,
      "side_mean": -43.718875885009766
    },
    {
      "high_freq": 4349.24462890625,
      "loudness": -51.72970962524414,
      "loudness_range": 29.317882537841797,
      "low_freq": 2549.74365234375,
      "mid_mean": -53.11814880371094,
      "mid_to_side_loudness": -1.0868571996688843,
      "mid_to_side_loudness_range": 7.353542804718018,
      "side_mean": -54.11052703857422
    },
    {
      "high_freq": 7314.1640625,
      "loudness": -63.02730941772461,
      "loudness_range": 29.741046905517578,
      "low_freq": 4349.24462890625,
      "mid_mean": -63.21443176269531,
      "mid_to_side_loudness": -0.08296632766723633,
      "mid_to_side_loudness_range": 6.188092231750488,
      "side_mean": -63.27064895629883
    },
    {
      "high_freq": 12199.2666015625,
      "loudness": -76.78216552734375,
      "loudness_range": 14.603691101074219,
      "low_freq": 7314.1640625,
      "mid_mean": -68.59571838378906,
      "mid_to_side_loudness": 0.22401414811611176,
      "mid_to_side_loudness_range": 2.9945449829101562,
      "side_mean": -68.48443603515625
    },
    {
      "loudness": -77.24515533447266,
      "loudness_range": 3.9549407958984375,
      "low_freq": 12199.2666015625,
      "mid_mean": -69.08695983886719,
      "mid_to_side_loudness": -0.11488068103790283,
      "mid_to_side_loudness_range": 1.3575379848480225,
      "side_mean": -69.11270904541016
    }
  ],
  "channels": 2,
  "covariance": [
    [
      60.47700881958008,
      43.51040267944336,
      21.165647506713867,
      19.413818359375,
      18.567237854003906,
      19.891849517822266,
      21.37089729309082,
      25.790300369262695,
      18.807828903198242,
      23.421634674072266,
      24.99303436279297,
      25.77986717224121,
      18.697031021118164,
      19.145009994506836,
      4.277361869812012,
      5.012777328491211,
      0.6777933835983276,
      0.6223838925361633
    ],
    [
      43.51040267944336,
      40.144508361816406,
      17.44114875793457,
      19.02197265625,
      18.695032119750977,
      19.48366355895996,
      19.98483657836914,
      23.257619857788086,
      18.683555603027344,
      22.12306022644043,
      28.88189125061035,
      28.839214324951172,
      19.68264389038086,
      19.99385643005371,
      4.300442218780518,
      5.072800159454346,
      0.8033028244972229,
      0.7419213652610779
    ],
    [
      21.165647506713867,
      17.44114875793457,
      38.13029479980469,
      33.07912826538086,
      27.222631454467773,
      24.91594886779785,
      25.86336898803711,
      25.838869094848633,
      31.509479522705078,
      31.303295135498047,
      38.0498161315918,
      36.70583724975586,
      24.167491912841797,
      23.719318389892578,
      3.6999270915985107,
      4.302756309509277,
      0.7701604962348938,
      0.6609784364700317
    ],
    [
      19.413818359375,
      19.02197265625,
      33.07912826538086,
      40.79941177368164,
      29.334604263305664,
      26.669124603271484,
      28.499975204467773,
      27.655101776123047,
      34.745182037353516,
      34.156707763671875,
      43.484710693359375,
      41.11570358276367,
      27.016799926757812,
      26.19867515563965,
      4.127303123474121,
      4.682509422302246,
      0.824573814868927,
      0.7172810435295105
    ],
    [
      18.567237854003906,
      18.695032119750977,
      27.222631454467773,
      29.334604263305664,
      57.246639251708984,
      53.23937225341797,
      50.93349075317383,
      51.84642028808594,
      57.34864044189453,
      55.24992370605469,
      67.84090423583984,
      65.05091094970703,
      45.56421661376953,
      45.81128692626953,
      9.553156852722168,
      10.713254928588867,
      1.640627384185791,
      1.5236753225326538
    ],
    [
      19.891849517822266,
      19.48366355895996,
      24.91594886779785,
      26.669124603271484,
      53.23937225341797,
      57.641883850097656,
      52.22837448120117,
      53.05054473876953,
      57.02008819580078,
      55.0481071472168,
      66.78746795654297,
      64.75167083740234,
      44.867740631103516,
      45.863834381103516,
      9.74761962890625,
      11.024951934814453,
      1.6821177005767822,
      1.569955825805664
    ],
    [
      21.37089729309082,
      19.98483657836914,
      25.86336898803711,
      28.499975204467773,
      50.93349075317383,
      52.22837448120117,
      68.65013122558594,
      61.30830764770508,
      64.68172454833984,
      64.19783782958984,
      72.97259521484375,
      71.45037078857422,
      51.24652862548828,
      51.7103271484375,
      11.574848175048828,
      13.346108436584473,
      1.9615298509597778,
      1.8095680475234985
    ],
    [
      25.790300369262695,
      23.257619857788086,
      25.838869094848633,
      27.655101776123047,
      51.84642028808594,
      53.05054473876953,
      61.30830764770508,
      65.1929702758789,
      62.66688537597656,
      62.59717559814453,
      72.00646209716797,
      70.34527587890625,
      49.80763244628906,
      50.66676712036133,
      11.409732818603516,
      13.06119155883789,
      1.9054899215698242,
      1.786207675933838
    ],
    [
      18.807828903198242,
      18.683555603027344,
      31.509479522705078,
      34.745182037353516,
      57.34864044189453,
      57.02008819580078,
      64.68172454833984,
      62.66688537597656,
      84.08190155029297,
      77.90123748779297,
      88.29805755615234,
      85.08071899414062,
      61.55840301513672,
      61.527130126953125,
      13.474078178405762,
      15.05814266204834,
      2.1925647258758545,
      2.0279340744018555
    ],
    [
      23.421634674072266,
      22.12306022644043,
      31.303295135498047,
      34.156707763671875,
      55.24992370605469,
      55.0481071472168,
      64.19783782958984,
      62.59717559814453,
      77.90123748779297,
      81.70550537109375,
      85.90194702148438,
      83.5733871459961,
      60.05904769897461,
      60.067020416259766,
      13.629986763000488,
      15.238097190856934,
      2.2167911529541016,
      2.0534603595733643
    ],
    [
      24.99303436279297,
      28.88189125061035,
      38.0498161315918,
      43.484710693359375,
      67.84090423583984,
      66.78746795654297,
      72.97259521484375,
      72.00646209716797,
      88.29805755615234,
      85.90194702148438,
      113.8380126953125,
      108.02555084228516,
      74.94949340820312,
      74.79154205322266,
      16.054758071899414,
      17.819808959960938,
      2.6800994873046875,
      2.4966228008270264
    ],
    [
      25.77986717224121,
      28.839214324951172,
      36.70583724975586,
      41.11570358276367,
      65.05091094970703,
      64.75167083740234,
      71.45037078857422,
      70.34527587890625,
      85.08071899414062,
      83.5733871459961,
      108.02555084228516,
      105.47637176513672,
      73.15055847167969,
      73.2203369140625,
      15.951275825500488,
      17.788724899291992,
      2.6530632972717285,
      2.469738721847534
    ],
    [
      18.697031021118164,
      19.68264389038086,
      24.167491912841797,
      27.016799926757812,
      45.56421661376953,
      44.867740631103516,
      51.24652862548828,
      49.80763244628906,
      61.55840301513672,
      60.05904769897461,
      74.94949340820312,
      73.15055847167969,
      63.66354751586914,
      61.99683380126953,
      14.962518692016602,
      16.659603118896484,
      2.2479443550109863,
      2.0766119956970215
    ],
    [
      19.145009994506836,
      19.99385643005371,
      23.719318389892578,
      26.19867515563965,
      45.81128692626953,
      45.863834381103516,
      51.7103271484375,
      50.66676712036133,
      61.527130126953125,
      60.067020416259766,
      74.79154205322266,
      73.2203369140625,
      61.99683380126953,
      62.9381103515625,
      15.286765098571777,
      17.03984260559082,
      2.257405996322632,
      2.0965676307678223
    ],
    [
      4.277361869812012,
      4.300442218780518,
      3.6999270915985107,
      4.127303123474121,
      9.553156852722168,
      9.74761962890625,
      11.574848175048828,
      11.409732818603516,
      13.474078178405762,
      13.629986763000488,
      16.054758071899414,
      15.951275825500488,
      14.962518692016602,
      15.286765098571777,
      6.070369720458984,
      6.52439022064209,
      0.7933605313301086,
      0.7325858473777771
    ],
    [
      5.012777328491211,
      5.072800159454346,
      4.302756309509277,
      4.682509422302246,
      10.713254928588867,
      11.024951934814453,
      13.346108436584473,
      13.06119155883789,
      15.05814266204834,
      15.238097190856934,
      17.819808959960938,
      17.788724899291992,
      16.659603118896484,
      17.03984260559082,
      6.52439022064209,
      7.372644901275635,
      0.8879899978637695,
      0.8160982131958008
    ],
    [
      0.6777933835983276,
      0.8033028244972229,
      0.7701604962348938,
      0.824573814868927,
      1.640627384185791,
      1.6821177005767822,
      1.9615298509597778,
      1.9054899215698242,
      2.1925647258758545,
      2.2167911529541016,
      2.6800994873046875,
      2.6530632972717285,
      2.2479443550109863,
      2.257405996322632,
      0.7933605313301086,
      0.8879899978637695,
      0.1416248381137848,
      0.1271039992570877
    ],
    [
      0.6223838925361633,
      0.7419213652610779,
      0.6609784364700317,
      0.7172810435295105,
      1.5236753225326538,
      1.569955825805664,
      1.8095680475234985,
      1.786207675933838,
      2.0279340744018555,
      2.0534603595733643,
      2.4966228008270264,
      2.469738721847534,
      2.0766119956970215,
      2.0965676307678223,
      0.7325858473777771,
      0.8160982131958008,
      0.1271039992570877,
      0.11850091814994812
    ]
  ],
  "covariance_short": [
    [
      72.62032318115234,
      39.90298080444336,
      27.544025421142578,
      22.053098678588867,
      26.841739654541016,
      27.05267906188965,
      32.20319366455078,
      33.986724853515625,
      29.367544174194336,
      33.195899963378906,
      32.70170211791992,
      33.65966796875,
      23.007404327392578,
      23.200212478637695,
      4.903461933135986,
      5.568205833435059,
      0.9701960682868958,
      0.8980821967124939
    ],
    [
      39.90298080444336,
      29.676044464111328,
      16.604211807250977,
      15.375162124633789,
      19.48299217224121,
      19.93944549560547,
      23.31423568725586,
      24.123214721679688,
      22.43745231628418,
      24.588706970214844,
      27.4296817779541,
      27.587125778198242,
      18.479778289794922,
      18.652599334716797,
      3.8733229637145996,
      4.424338340759277,
      0.8429195284843445,
      0.7871381640434265
    ],
    [
      27.544025421142578,
      16.604211807250977,
      52.25577163696289,
      43.67756271362305,
      35.38727951049805,
      30.463729858398438,
      33.405826568603516,
      33.5968132019043,
      38.860740661621094,
      39.37273406982422,
      43.88948440551758,
      42.11048889160156,
      26.125699996948242,
      25.48004913330078,
      3.983896255493164,
      4.598613739013672,
      0.9351106882095337,
      0.816257655620575
    ],
    [
      22.053098678588867,
      15.375162124633789,
      43.67756271362305,
      54.108184814453125,
      37.43348693847656,
      32.424617767333984,
      35.1011848449707,
      34.333309173583984,
      41.393699645996094,
      41.11773681640625,
      48.66767501831055,
      46.305084228515625,
      27.80915069580078,
      26.984241485595703,
      3.9856338500976562,
      4.538375377655029,
      0.9173064827919006,
      0.8096135854721069
    ],
    [
      26.841739654541016,
      19.48299217224121,
      35.38727951049805,
      37.43348693847656,
      67.69944763183594,
      59.147979736328125,
      58.615421295166016,
      58.54643630981445,
      64.54356384277344,
      62.29881286621094,
      74.00012969970703,
      71.65449523925781,
      46.00978469848633,
      46.16965866088867,
      8.55309009552002,
      9.527373313903809,
      1.7855881452560425,
      1.638404369354248
    ],
    [
      27.05267906188965,
      19.93944549560547,
      30.463729858398438,
      32.424617767333984,
      59.147979736328125,
      63.329158782958984,
      57.23316192626953,
      57.06810760498047,
      62.140594482421875,
      59.500572204589844,
      71.68342590332031,
      69.81964111328125,
      44.259429931640625,
      45.02722930908203,
      8.430304527282715,
      9.479814529418945,
      1.7543394565582275,
      1.6298094987869263
    ],
    [
      32.20319366455078,
      23.31423568725586,
      33.405826568603516,
      35.1011848449707,
      58.615421295166016,
      57.23316192626953,
      78.06880187988281,
      69.01612091064453,
      73.69414520263672,
      71.69047546386719,
      79.85198974609375,
      78.38777160644531,
      52.220890045166016,
      52.574623107910156,
      10.540780067443848,
      11.990971565246582,
      2.1476023197174072,
      1.9710493087768555
    ],
    [
      33.986724853515625,
      24.123214721679688,
      33.5968132019043,
      34.333309173583984,
      58.54643630981445,
      57.06810760498047,
      69.01612091064453,
      73.02839660644531,
      70.18379974365234,
      69.2220230102539,
      78.2184066772461,
      76.5955581665039,
      49.76561737060547,
      50.49526596069336,
      10.08529281616211,
      11.443106651306152,
      2.030686616897583,
      1.9003355503082275
    ],
    [
      29.367544174194336,
      22.43745231628418,
      38.860740661621094,
      41.393699645996094,
      64.54356384277344,
      62.140594482421875,
      73.69414520263672,
      70.18379974365234,
      94.77989196777344,
      86.36810302734375,
      96.04785919189453,
      92.6966323852539,
      61.722755432128906,
      61.47774887084961,
      12.130301475524902,
      13.476800918579102,
      2.3896398544311523,
      2.2033121585845947
    ],
    [
      33.195899963378906,
      24.588706970214844,
      39.37273406982422,
      41.11773681640625,
      62.29881286621094,
      59.500572204589844,
      71.69047546386719,
      69.2220230102539,
      86.36810302734375,
      90.30427551269531,
      92.08497619628906,
      89.58485412597656,
      59.414085388183594,
      59.26708984375,
      12.02264404296875,
      13.407623291015625,
      2.3770320415496826,
      2.204235315322876
    ],
    [
      32.70170211791992,
      27.4296817779541,
      43.88948440551758,
      48.66767501831055,
      74.00012969970703,
      71.68342590332031,
      79.85198974609375,
      78.2184066772461,
      96.04785919189453,
      92.08497619628906,
      120.41303253173828,
      113.6712417602539,
      73.3898696899414,
      72.7809066772461,
      14.155231475830078,
      15.628863334655762,
      2.838489055633545,
      2.631798505783081
    ],
    [
      33.65966796875,
      27.587125778198242,
      42.11048889160156,
      46.305084228515625,
      71.65449523925781,
      69.81964111328125,
      78.38777160644531,
      76.5955581665039,
      92.6966323852539,
      89.58485412597656,
      113.6712417602539,
      112.17463684082031,
      71.71794128417969,
      71.38420104980469,
      14.048256874084473,
      15.615452766418457,
      2.8153154850006104,
      2.611175298690796
    ],
    [
      23.007404327392578,
      18.479778289794922,
      26.125699996948242,
      27.80915069580078,
      46.00978469848633,
      44.259429931640625,
      52.220890045166016,
      49.76561737060547,
      61.722755432128906,
      59.414085388183594,
      73.3898696899414,
      71.71794128417969,
      59.634483337402344,
      57.615718841552734,
      12.854480743408203,
      14.22594165802002,
      2.3163974285125732,
      2.1314167976379395
    ],
    [
      23.200212478637695,
      18.652599334716797,
      25.48004913330078,
      26.984241485595703,
      46.16965866088867,
      45.02722930908203,
      52.574623107910156,
      50.49526596069336,
      61.47774887084961,
      59.26708984375,
      72.7809066772461,
      71.38420104980469,
      57.615718841552734,
      58.79799270629883,
      13.148505210876465,
      14.570167541503906,
      2.329606294631958,
      2.1524930000305176
    ],
    [
      4.903461933135986,
      3.8733229637145996,
      3.983896255493164,
      3.9856338500976562,
      8.55309009552002,
      8.430304527282715,
      10.540780067443848,
      10.08529281616211,
      12.130301475524902,
      12.02264404296875,
      14.155231475830078,
      14.048256874084473,
      12.854480743408203,
      13.148505210876465,
      5.293903827667236,
      5.625036239624023,
      0.8418212532997131,
      0.7718820571899414
    ],
    [
      5.568205833435059,
      4.424338340759277,
      4.598613739013672,
      4.538375377655029,
      9.527373313903809,
      9.479814529418945,
      11.990971565246582,
      11.443106651306152,
      13.476800918579102,
      13.407623291015625,
      15.628863334655762,
      15.615452766418457,
      14.22594165802002,
      14.570167541503906,
      5.625036239624023,
      6.401577949523926,
      0.928129255771637,
      0.8494968414306641
    ],
    [
      0.9701960682868958,
      0.8429195284843445,
      0.9351106882095337,
      0.9173064827919006,
      1.7855881452560425,
      1.7543394565582275,
      2.1476023197174072,
      2.030686616897583,
      2.3896398544311523,
      2.3770320415496826,
      2.838489055633545,
      2.8153154850006104,
      2.3163974285125732,
      2.329606294631958,
      0.8418212532997131,
      0.928129255771637,
      0.19427672028541565,
      0.17075595259666443
    ],
    [
      0.8980821967124939,
      0.7871381640434265,
      0.816257655620575,
      0.8096135854721069,
      1.638404369354248,
      1.6298094987869263,
      1.9710493087768555,
      1.9003355503082275,
      2.2033121585845947,
      2.204235315322876,
      2.631798505783081,
      2.611175298690796,
      2.1314167976379395,
      2.1524930000305176,
      0.7718820571899414,
      0.8494968414306641,
      0.17075595259666443,
      0.16526110470294952
    ]
  ],
  "drr": 9.10261058807373,
  "dynamics": 5.574944496154785,
  "format": 1245190,
  "frames": 17866752,
  "loudness": -23.221986770629883,
  "loudness_range": 17.552364349365234,
  "loudness_range_short": 20.426342010498047,
  "peak": -1.2542431354522705,
  "rms": -23.310001373291016,
  "sample_rate": 44100,
  "sections": 1,
  "seekable": 1,
  "sharpness": 3.9001450538635254,
  "space": -5.879391193389893
}