{
  "bands": [
    {
      "high_freq": 148.1999969482422,
      "loudness": -17.37905502319336,
      "loudness_range": 6.546359062194824,
      "mid_mean": -13.767017364501953,
      "mid_to_side_loudness": -20.788959503173828,
      "mid_to_side_loudness_range": 15.739855766296387,
      "side_mean": -34.68492126464844
    },
    {
      "high_freq": 392.3793640136719,
      "loudness": -19.018470764160156,
      "loudness_range": 7.200651168823242,
      "low_freq": 148.1999969482422,
      "mid_mean": -15.644944190979004,
      "mid_to_side_loudness": -12.391483306884766,
      "mid_to_side_loudness_range": 9.973262786865234,
      "side_mean": -28.11116600036621
    },
    {
      "high_freq": 794.6976318359375,
      "loudness": -22.6058349609375,
      "loudness_range": 10.513822555541992,
      "low_freq": 392.3793640136719,
      "mid_mean": -19.497282028198242,
      "mid_to_side_loudness": -9.276620864868164,
      "mid_to_side_loudness_range": 8.832700729370117,
      "side_mean": -28.784425735473633
    },
    {
      "high_freq": 1457.5709228515625,
      "loudness": -24.094207763671875,
      "loudness_range": 13.440631866455078,
      "low_freq": 794.6976318359375,
      "mid_mean": -20.94115447998047,
      "mid_to_side_loudness": -10.01309585571289,
      "mid_to_side_loudness_range": 10.783913612365723,
      "side_mean": -30.980947494506836
    },
    {
      "high_freq": 2549.74365234375,
      "loudness": -22.929035186767578,
      "loudness_range": 13.475584030151367,
      "low_freq": 1457.5709228515625,
      "mid_mean": -19.852819442749023,
      "mid_to_side_loudness": -9.666144371032715,
      "mid_to_side_loudness_range": 11.784616470336914,
      "side_mean": -29.74846076965332
    },
    {
      "high_freq": 4349.24462890625,
      "loudness": -24.28434181213379,
      "loudness_range": 13.310768127441406,
      "low_freq": 2549.74365234375,
      "mid_mean": -21.08942413330078,
      "mid_to_side_loudness": -10.84056282043457,
      "mid_to_side_loudness_range": 14.404441833496094,
      "side_mean": -32.453147888183594
    },
    {
      "high_freq": 7314.1640625,
      "loudness": -26.541969299316406,
      "loudness_range": 12.112836837768555,
      "low_freq": 4349.24462890625,
      "mid_mean": -23.432750701904297,
      "mid_to_side_loudness": -9.177539825439453,
      "mid_to_side_loudness_range": 9.986690521240234,
      "side_mean": -32.973148345947266
    },
    {
      "high_freq": 12199.2666015625,
      "loudness": -25.310810089111328,
      "loudness_range": 14.237024307250977,
      "low_freq": 7314.1640625,
      "mid_mean": -22.32420539855957,
      "mid_to_side_loudness": -8.503665924072266,
      "mid_to_side_loudness_range": 10.5372314453125,
      "side_mean": -31.085205078125
    },
    {
      "loudness": -25.075319290161133,
      "loudness_range": 8.676748275756836,
      "low_freq": 12199.2666015625,
      "mid_mean": -21.912742614746094,
      "mid_to_side_loudness": -8.6634521484375,
      "mid_to_side_loudness_range": 5.168937683105469,
      "side_mean": -30.85746955871582
    }
  ],
  "bands_short": [
    {
      "high_freq": 148.1999969482422,
      "loudness": -21.267139434814453,
      "loudness_range": 18.05917739868164,
      "mid_mean": -17.666610717773438,
      "mid_to_side_loudness": -20.74827003479004,
      "mid_to_side_loudness_range": 21.899314880371094,
      "side_mean": -38.94831466674805
    },
    {
      "high_freq": 392.3793640136719,
      "loudness": -18.994707107543945,
      "loudness_range": 12.14159870147705,
      "low_freq": 148.1999969482422,
      "mid_mean": -15.6596097946167,
      "mid_to_side_loudness": -12.87620735168457,
      "mid_to_side_loudness_range": 14.062480926513672,
      "side_mean": -28.6083984375
    },
    {
      "high_freq": 794.6976318359375,
      "loudness": -23.32806396484375,
      "loudness_range": 13.815593719482422,
      "low_freq": 392.3793640136719,
      "mid_mean": -20.380849838256836,
      "mid_to_side_loudness": -9.066783905029297,
      "mid_to_side_loudness_range": 12.514046669006348,
      "side_mean": -29.496152877807617
    },
    {
      "high_freq": 1457.5709228515625,
      "loudness": -25.04463005065918,
      "loudness_range": 17.87150764465332,
      "low_freq": 794.6976318359375,
      "mid_mean": -22.05869483947754,
      "mid_to_side_loudness": -9.550122261047363,
      "mid_to_side_loudness_range": 13.802215576171875,
      "side_mean": -31.741195678710938
    },
    {
      "high_freq": 2549.74365234375,
      "loudness": -24.267587661743164,
      "loudness_range": 19.090044021606445,
      "low_freq": 1457.5709228515625,
      "mid_mean": -21.350154876708984,
      "mid_to_side_loudness": -9.214311599731445,
      "mid_to_side_loudness_range": 14.898554801940918,
      "side_mean": -31.03646469116211
    },
    {
      "high_freq": 4349.24462890625,
      "loudness": -25.655405044555664,
      "loudness_range": 18.851381301879883,
      "low_freq": 2549.74365234375,
      "mid_mean": -22.646081924438477,
      "mid_to_side_loudness": -9.990890502929688,
      "mid_to_side_loudness_range": 16.494407653808594,
      "side_mean": -33.23699951171875
    },
    {
      "high_freq": 7314.1640625,
      "loudness": -28.30405044555664,
      "loudness_range": 18.30902099609375,
      "low_freq": 4349.24462890625,
      "mid_mean": -25.344295501708984,
      "mid_to_side_loudness": -9.250198364257812,
      "mid_to_side_loudness_range": 14.266057968139648,
      "side_mean": -35.224369049072266
    },
    {
      "high_freq": 12199.2666015625,
      "loudness": -28.181264877319336,
      "loudness_range": 21.583967208862305,
      "low_freq": 7314.1640625,
      "mid_mean": -25.318607330322266,
      "mid_to_side_loudness": -8.528870582580566,
      "mid_to_side_loudness_range": 14.960417747497559,
      "side_mean": -34.72807312011719
    },
    {
      "loudness": -30.807462692260742,
      "loudness_range": 26.6419620513916,
      "low_freq": 12199.2666015625,
      "mid_mean": -27.753883361816406,
      "mid_to_side_loudness": -8.982088088989258,
      "mid_to_side_loudness_range": 15.189996719360352,
      "side_mean": -38.096466064453125
    }
  ],
  "channels": 2,
  "covariance": [
    [
      9.864267349243164,
      6.129431247711182,
      4.103117942810059,
      2.423128366470337,
      3.386397361755371,
      2.6252031326293945,
      3.517228364944458,
      2.6048433780670166,
      3.340874671936035,
      3.1627554893493652,
      4.0961456298828125,
      2.745633125305176,
      3.0382235050201416,
      2.6570587158203125,
      2.036458969116211,
      2.7839105129241943,
      3.0939137935638428,
      2.993593215942383
    ],
    [
      6.129431247711182,
      34.18352508544922,
      2.9208765029907227,
      7.161264419555664,
      4.967095851898193,
      7.153273582458496,
      3.7186410427093506,
      5.703483581542969,
      3.2958216667175293,
      5.7935662269592285,
      3.0860493183135986,
      5.258950233459473,
      1.0019681453704834,
      3.1878018379211426,
      1.2751384973526,
      4.092750549316406,
      2.6495935916900635,
      3.407867908477783
    ],
    [
      4.103117942810059,
      2.9208765029907227,
      10.894521713256836,
      8.42232894897461,
      8.141902923583984,
      7.524491786956787,
      8.0752534866333,
      7.276885986328125,
      7.499339580535889,
      7.8558268547058105,
      8.209247589111328,
      9.25380802154541,
      7.2232489585876465,
      6.203248500823975,
      6.570137023925781,
      5.148638725280762,
      4.67020845413208,
      4.409131050109863
    ],
    [
      2.423128366470337,
      7.161264419555664,
      8.42232894897461,
      19.885066986083984,
      9.815117835998535,
      15.079440116882324,
      9.799444198608398,
      14.047890663146973,
      9.866337776184082,
      16.478759765625,
      11.645063400268555,
      20.479551315307617,
      8.304376602172852,
      12.699163436889648,
      7.300369739532471,
      10.027742385864258,
      5.386659622192383,
      6.3913254737854
    ],
    [
      3.386397361755371,
      4.967095851898193,
      8.141902923583984,
      9.815117835998535,
      17.770320892333984,
      16.25288963317871,
      15.293286323547363,
      14.692684173583984,
      14.23731803894043,
      14.463737487792969,
      13.034614562988281,
      14.503061294555664,
      9.627985000610352,
      9.035686492919922,
      8.441536903381348,
      6.86602783203125,
      5.204751491546631,
      4.8657965660095215
    ],
    [
      2.6252031326293945,
      7.153273582458496,
      7.524491786956787,
      15.079440116882324,
      16.25288963317871,
      25.774812698364258,
      14.844541549682617,
      20.47044563293457,
      14.424800872802734,
      21.690458297729492,
      13.344738006591797,
      22.171472549438477,
      9.574384689331055,
      13.661458015441895,
      8.209493637084961,
      10.3024263381958,
      5.539773464202881,
      6.143470287322998
    ],
    [
      3.517228364944458,
      3.7186410427093506,
      8.0752534866333,
      9.799444198608398,
      15.293286323547363,
      14.844541549682617,
      26.143287658691406,
      20.251251220703125,
      18.831512451171875,
      19.583755493164062,
      15.166465759277344,
      19.387929916381836,
      10.602581977844238,
      12.165132522583008,
      9.288431167602539,
      8.999175071716309,
      6.5755743980407715,
      6.115042209625244
    ],
    [
      2.6048433780670166,
      5.703483581542969,
      7.276885986328125,
      14.047890663146973,
      14.692684173583984,
      20.47044563293457,
      20.251251220703125,
      30.833953857421875,
      18.599037170410156,
      29.966161727905273,
      15.733566284179688,
      31.1926212310791,
      11.757197380065918,
      18.739065170288086,
      10.056269645690918,
      13.574447631835938,
      7.2017130851745605,
      7.834251403808594
    ],
    [
      3.340874671936035,
      3.2958216667175293,
      7.499339580535889,
      9.866337776184082,
      14.23731803894043,
      14.424800872802734,
      18.831512451171875,
      18.599037170410156,
      27.191572189331055,
      24.332645416259766,
      20.352996826171875,
      23.150489807128906,
      12.611993789672852,
      13.70669937133789,
      9.938549041748047,
      9.140996932983398,
      5.789185523986816,
      5.443925380706787
    ],
    [
      3.1627554893493652,
      5.7935662269592285,
      7.8558268547058105,
      16.478759765625,
      14.463737487792969,
      21.690458297729492,
      19.583755493164062,
      29.966161727905273,
      24.332645416259766,
      43.701904296875,
      19.91378402709961,
      41.145076751708984,
      14.454845428466797,
      24.386499404907227,
      11.370572090148926,
      16.971277236938477,
      7.217817783355713,
      8.919587135314941
    ],
    [
      4.0961456298828125,
      3.0860493183135986,
      8.209247589111328,
      11.645063400268555,
      13.034614562988281,
      13.344738006591797,
      15.166465759277344,
      15.733566284179688,
      20.352996826171875,
      19.91378402709961,
      23.98328399658203,
      24.22540283203125,
      14.16877555847168,
      13.86285400390625,
      10.607769012451172,
      10.42922306060791,
      6.196162700653076,
      6.169069290161133
    ],
    [
      2.745633125305176,
      5.258950233459473,
      9.25380802154541,
      20.479551315307617,
      14.503061294555664,
      22.171472549438477,
      19.387929916381836,
      31.1926212310791,
      23.150489807128906,
      41.145076751708984,
      24.22540283203125,
      52.76962661743164,
      18.185556411743164,
      32.002986907958984,
      14.536828994750977,
      22.82527732849121,
      9.353940963745117,
      11.73840045928955
    ],
    [
      3.0382235050201416,
      1.0019681453704834,
      7.2232489585876465,
      8.304376602172852,
      9.627985000610352,
      9.574384689331055,
      10.602581977844238,
      11.757197380065918,
      12.611993789672852,
      14.454845428466797,
      14.16877555847168,
      18.185556411743164,
      19.751554489135742,
      16.107038497924805,
      19.191850662231445,
      13.514740943908691,
      8.8811674118042,
      7.873998641967773
    ],
    [
      2.6570587158203125,
      3.1878018379211426,
      6.203248500823975,
      12.699163436889648,
      9.035686492919922,
      13.661458015441895,
      12.165132522583008,
      18.739065170288086,
      13.70669937133789,
      24.386499404907227,
      13.86285400390625,
      32.002986907958984,
      16.107038497924805,
      29.63286590576172,
      14.91328239440918,
      23.02847671508789,
      9.067985534667969,
      11.833197593688965
    ],
    [
      2.036458969116211,
      1.2751384973526,
      6.570137023925781,
      7.300369739532471,
      8.441536903381348,
      8.209493637084961,
      9.288431167602539,
      10.056269645690918,
      9.938549041748047,
      11.370572090148926,
      10.607769012451172,
      14.536828994750977,
      19.191850662231445,
      14.91328239440918,
      25.684213638305664,
      15.096750259399414,
      12.294941902160645,
      10.256360054016113
    ],
    [
      2.7839105129241943,
      4.092750549316406,
      5.148638725280762,
      10.027742385864258,
      6.86602783203125,
      10.3024263381958,
      8.999175071716309,
      13.574447631835938,
      9.140996932983398,
      16.971277236938477,
      10.42922306060791,
      22.82527732849121,
      13.514740943908691,
      23.02847671508789,
      15.096750259399414,
      22.7114315032959,
      10.726130485534668,
      13.371252059936523
    ],
    [
      3.0939137935638428,
      2.6495935916900635,
      4.67020845413208,
      5.386659622192383,
      5.204751491546631,
      5.539773464202881,
      6.5755743980407715,
      7.2017130851745605,
      5.789185523986816,
      7.217817783355713,
      6.196162700653076,
      9.353940963745117,
      8.8811674118042,
      9.067985534667969,
      12.294941902160645,
      10.726130485534668,
      12.883503913879395,
      11.226775169372559
    ],
    [
      2.993593215942383,
      3.407867908477783,
      4.409131050109863,
      6.3913254737854,
      4.8657965660095215,
      6.143470287322998,
      6.115042209625244,
      7.834251403808594,
      5.443925380706787,
      8.919587135314941,
      6.169069290161133,
      11.73840045928955,
      7.873998641967773,
      11.833197593688965,
      10.256360054016113,
      13.371252059936523,
      11.226775169372559,
      12.823126792907715
    ]
  ],
  "covariance_short": [
    [
      34.3598518371582,
      15.353377342224121,
      8.418689727783203,
      1.0042122602462769,
      3.655975818634033,
      1.9674935340881348,
      2.7403647899627686,
      1.9242234230041504,
      3.494415521621704,
      1.8844120502471924,
      5.924500942230225,
      2.653812885284424,
      6.537065505981445,
      7.4062700271606445,
      6.472426414489746,
      9.971540451049805,
      12.435709953308105,
      15.36187744140625
    ],
    [
      15.353377342224121,
      55.97679138183594,
      6.549589157104492,
      10.053382873535156,
      5.875987529754639,
      6.567129611968994,
      4.382631778717041,
      5.959768295288086,
      2.634528875350952,
      3.6652984619140625,
      2.3925113677978516,
      2.9628701210021973,
      -0.2427038699388504,
      0.9990408420562744,
      0.8578901886940002,
      1.1290990114212036,
      1.8031257390975952,
      1.2033659219741821
    ],
    [
      8.418689727783203,
      6.549589157104492,
      23.577077865600586,
      12.321174621582031,
      12.707161903381348,
      9.35312557220459,
      9.742136001586914,
      9.291296005249023,
      8.10980224609375,
      8.44799518585205,
      10.620988845825195,
      10.3311128616333,
      9.636086463928223,
      9.372249603271484,
      9.17412281036377,
      9.344257354736328,
      11.157928466796875,
      12.516515731811523
    ],
    [
      1.0042122602462769,
      10.053382873535156,
      12.321174621582031,
      27.22110366821289,
      11.751876831054688,
      17.009302139282227,
      11.10688591003418,
      14.917679786682129,
      10.04705810546875,
      16.0614013671875,
      12.099313735961914,
      18.86985206604004,
      9.81008243560791,
      13.871786117553711,
      8.591602325439453,
      11.836149215698242,
      6.967869281768799,
      11.42914867401123
    ],
    [
      3.655975818634033,
      5.875987529754639,
      12.707161903381348,
      11.751876831054688,
      29.38856315612793,
      21.34086036682129,
      22.243980407714844,
      20.340242385864258,
      20.801517486572266,
      19.02370834350586,
      21.05887222290039,
      19.667070388793945,
      15.3316068649292,
      15.446404457092285,
      12.74271011352539,
      13.13141918182373,
      11.020096778869629,
      15.315958023071289
    ],
    [
      1.9674935340881348,
      6.567129611968994,
      9.35312557220459,
      17.009302139282227,
      21.34086036682129,
      35.12223815917969,
      19.486242294311523,
      25.995744705200195,
      17.885351181030273,
      26.36134147644043,
      17.710317611694336,
      26.888795852661133,
      14.58551025390625,
      20.505821228027344,
      11.884031295776367,
      16.897369384765625,
      10.555543899536133,
      17.201066970825195
    ],
    [
      2.7403647899627686,
      4.382631778717041,
      9.742136001586914,
      11.10688591003418,
      22.243980407714844,
      19.486242294311523,
      43.26182556152344,
      28.83422088623047,
      30.841646194458008,
      26.852235794067383,
      26.953792572021484,
      25.875307083129883,
      17.2867374420166,
      20.230121612548828,
      12.707489967346191,
      16.93523597717285,
      13.372154235839844,
      21.328149795532227
    ],
    [
      1.9242234230041504,
      5.959768295288086,
      9.291296005249023,
      14.917679786682129,
      20.340242385864258,
      25.995744705200195,
      28.83422088623047,
      44.366451263427734,
      25.858657836914062,
      40.08866500854492,
      23.10861587524414,
      37.77513122558594,
      18.368558883666992,
      28.61185646057129,
      15.664037704467773,
      23.542552947998047,
      16.687284469604492,
      26.019969940185547
    ],
    [
      3.494415521621704,
      2.634528875350952,
      8.10980224609375,
      10.04705810546875,
      20.801517486572266,
      17.885351181030273,
      30.841646194458008,
      25.858657836914062,
      49.852840423583984,
      37.734588623046875,
      37.77437210083008,
      33.42837142944336,
      23.131839752197266,
      25.57073211669922,
      16.5269775390625,
      20.847318649291992,
      13.925207138061523,
      22.43855857849121
    ],
    [
      1.8844120502471924,
      3.6652984619140625,
      8.44799518585205,
      16.0614013671875,
      19.02370834350586,
      26.36134147644043,
      26.852235794067383,
      40.08866500854492,
      37.734588623046875,
      65.3303451538086,
      30.075780868530273,
      51.689754486083984,
      23.740331649780273,
      38.439483642578125,
      18.633451461791992,
      29.68796157836914,
      17.816547393798828,
      30.544395446777344
    ],
    [
      5.924500942230225,
      2.3925113677978516,
      10.620988845825195,
      12.099313735961914,
      21.05887222290039,
      17.710317611694336,
      26.953792572021484,
      23.10861587524414,
      37.77437210083008,
      30.075780868530273,
      50.232975006103516,
      37.54298782348633,
      31.51287269592285,
      30.239253997802734,
      23.878948211669922,
      26.752229690551758,
      20.292213439941406,
      27.212873458862305
    ],
    [
      2.653812885284424,
      2.9628701210021973,
      10.3311128616333,
      18.86985206604004,
      19.667070388793945,
      26.888795852661133,
      25.875307083129883,
      37.77513122558594,
      33.42837142944336,
      51.689754486083984,
      37.54298782348633,
      69.98674774169922,
      31.14369010925293,
      51.331275939941406,
      25.705411911010742,
      41.570743560791016,
      23.985565185546875,
      37.95616149902344
    ],
    [
      6.537065505981445,
      -0.2427038699388504,
      9.636086463928223,
      9.81008243560791,
      15.3316068649292,
      14.58551025390625,
      17.2867374420166,
      18.368558883666992,
      23.131839752197266,
      23.740331649780273,
      31.51287269592285,
      31.14369010925293,
      45.737735748291016,
      38.62936782836914,
      43.51361083984375,
      41.841407775878906,
      39.13603210449219,
      43.18291091918945
    ],
    [
      7.4062700271606445,
      0.9990408420562744,
      9.372249603271484,
      13.871786117553711,
      15.446404457092285,
      20.505821228027344,
      20.230121612548828,
      28.61185646057129,
      25.57073211669922,
      38.439483642578125,
      30.239253997802734,
      51.331275939941406,
      38.62936782836914,
      70.92086029052734,
      38.45268630981445,
      65.61647033691406,
      44.134971618652344,
      64.99775695800781
    ],
    [
      6.472426414489746,
      0.8578901886940002,
      9.17412281036377,
      8.591602325439453,
      12.74271011352539,
      11.884031295776367,
      12.707489967346191,
      15.664037704467773,
      16.5269775390625,
      18.633451461791992,
      23.878948211669922,
      25.705411911010742,
      43.51361083984375,
      38.45268630981445,
      61.41857147216797,
      50.81702423095703,
      59.247432708740234,
      57.912254333496094
    ],
    [
      9.971540451049805,
      1.1290990114212036,
      9.344257354736328,
      11.836149215698242,
      13.13141918182373,
      16.897369384765625,
      16.93523597717285,
      23.542552947998047,
      20.847318649291992,
      29.68796157836914,
      26.752229690551758,
      41.570743560791016,
      41.841407775878906,
      65.61647033691406,
      50.81702423095703,
      89.48750305175781,
      63.68133544921875,
      87.87666320800781
    ],
    [
      12.435709953308105,
      1.8031257390975952,
      11.157928466796875,
      6.967869281768799,
      11.020096778869629,
      10.555543899536133,
      13.372154235839844,
      16.687284469604492,
      13.925207138061523,
      17.816547393798828,
      20.292213439941406,
      23.985565185546875,
      39.13603210449219,
      44.134971618652344,
      59.247432708740234,
      63.68133544921875,
      92.97848510742188,
      90.00891876220703
    ],
    [
      15.36187744140625,
      1.2033659219741821,
      12.516515731811523,
      11.42914867401123,
      15.315958023071289,
      17.201066970825195,
      21.328149795532227,
      26.019969940185547,
      22.43855857849121,
      30.544395446777344,
      27.212873458862305,
      37.95616149902344,
      43.18291091918945,
      64.99775695800781,
      57.912254333496094,
      87.87666320800781,
      90.00891876220703,
      129.85545349121094
    ]
  ],
  "drr": 18.895963668823242,
  "dynamics": 2.4186482429504395,
  "format": 1245190,
  "frames": 9976768,
  "loudness": -8.434989929199219,
  "loudness_range": 5.454502582550049,
  "loudness_range_short": 9.487251281738281,
  "peak": 1.075172781944275,
  "rms": -10.70681381225586,
  "sample_rate": 44100,
  "sections": 1,
  "seekable": 1,
  "sharpness": 2.7562668323516846,
  "space": -11.537692070007324
}