{
  "bands": [
    {
      "high_freq": 148.1999969482422,
      "loudness": -24.61383819580078,
      "loudness_range": 15.505674362182617,
      "mid_mean": -24.503623962402344,
      "mid_to_side_loudness": 0.14973413944244385,
      "mid_to_side_loudness_range": 4.7632269859313965,
      "side_mean": -23.910663604736328
    },
    {
      "high_freq": 392.3793640136719,
      "loudness": -28.985511779785156,
      "loudness_range": 13.049800872802734,
      "low_freq": 148.1999969482422,
      "mid_mean": -28.204092025756836,
      "mid_to_side_loudness": -0.4699178636074066,
      "mid_to_side_loudness_range": 4.066050052642822,
      "side_mean": -28.59517478942871
    },
    {
      "high_freq": 794.6976318359375,
      "loudness": -31.589374542236328,
      "loudness_range": 24.55486297607422,
      "low_freq": 392.3793640136719,
      "mid_mean": -30.756786346435547,
      "mid_to_side_loudness": -0.5176125168800354,
      "mid_to_side_loudness_range": 3.238966941833496,
      "side_mean": -31.26744270324707
    },
    {
      "high_freq": 1457.5709228515625,
      "loudness": -34.71405029296875,
      "loudness_range": 28.81149673461914,
      "low_freq": 794.6976318359375,
      "mid_mean": -33.763065338134766,
      "mid_to_side_loudness": -0.7514349222183228,
      "mid_to_side_loudness_range": 1.7640583515167236,
      "side_mean": -34.626590728759766
    },
    {
      "high_freq": 2549.74365234375,
      "loudness": -35.08802795410156,
      "loudness_range": 35.02517318725586,
      "low_freq": 1457.5709228515625,
      "mid_mean": -34.409732818603516,
      "mid_to_side_loudness": -0.5649503469467163,
      "mid_to_side_loudness_range": 1.0894269943237305,
      "side_mean": -35.004146575927734
    },
    {
      "high_freq": 4349.24462890625,
      "loudness": -34.619014739990234,
      "loudness_range": 27.78487205505371,
      "low_freq": 2549.74365234375,
      "mid_mean": -33.61929702758789,
      "mid_to_side_loudness": -0.6577736139297485,
      "mid_to_side_loudness_range": 0.9908720254898071,
      "side_mean": -34.272186279296875
    },
    {
      "high_freq": 7314.1640625,
      "loudness": -32.95905303955078,
      "loudness_range": 20.619552612304688,
      "low_freq": 4349.24462890625,
      "mid_mean": -31.976938247680664,
      "mid_to_side_loudness": -0.6393884420394897,
      "mid_to_side_loudness_range": 0.6415085196495056,
      "side_mean": -32.625953674316406
    },
    {
      "high_freq": 12199.2666015625,
      "loudness": -35.11436462402344,
      "loudness_range": 15.956083297729492,
      "low_freq": 7314.1640625,
      "mid_mean": -34.18742370605469,
      "mid_to_side_loudness": -0.4941542446613312,
      "mid_to_side_loudness_range": 0.41651323437690735,
      "side_mean": -34.67874526977539
    },
    {
      "loudness": -42.412559509277344,
      "loudness_range": 10.08066177368164,
      "low_freq": 12199.2666015625,
      "mid_mean": -41.400596618652344,
      "mid_to_side_loudness": -0.6552632451057434,
      "mid_to_side_loudness_range": 0.4784604012966156,
      "side_mean": -42.05125427246094
    }
  ],
  "bands_short": [
    {
      "high_freq": 148.1999969482422,
      "loudness": -28.190372467041016,
      "loudness_range": 25.177295684814453,
      "mid_mean": -28.27145004272461,
      "mid_to_side_loudness": 0.2907249629497528,
      "mid_to_side_loudness_range": 9.464637756347656,
      "side_mean": -27.441110610961914
    },
    {
      "high_freq": 392.3793640136719,
      "loudness": -28.28815460205078,
      "loudness_range": 16.254785537719727,
      "low_freq": 148.1999969482422,
      "mid_mean": -27.596981048583984,
      "mid_to_side_loudness": -0.7177438735961914,
      "mid_to_side_loudness_range": 9.204158782958984,
      "side_mean": -28.346038818359375
    },
    {
      "high_freq": 794.6976318359375,
      "loudness": -32.292701721191406,
      "loudness_range": 26.470857620239258,
      "low_freq": 392.3793640136719,
      "mid_mean": -31.565519332885742,
      "mid_to_side_loudness": -0.4827750325202942,
      "mid_to_side_loudness_range": 5.489974021911621,
      "side_mean": -32.01747512817383
    },
    {
      "high_freq": 1457.5709228515625,
      "loudness": -36.25955581665039,
      "loudness_range": 31.617300033569336,
      "low_freq": 794.6976318359375,
      "mid_mean": -35.42458724975586,
      "mid_to_side_loudness": -0.6726885437965393,
      "mid_to_side_loudness_range": 3.760725498199463,
      "side_mean": -36.18980407714844
    },
    {
      "high_freq": 2549.74365234375,
      "loudness": -36.79898452758789,
      "loudness_range": 36.26762771606445,
      "low_freq": 1457.5709228515625,
      "mid_mean": -36.04393005371094,
      "mid_to_side_loudness": -0.5458293557167053,
      "mid_to_side_loudness_range": 2.64328670501709,
      "side_mean": -36.56782531738281
    },
    {
      "high_freq": 4349.24462890625,
      "loudness": -35.52666473388672,
      "loudness_range": 29.44517707824707,
      "low_freq": 2549.74365234375,
      "mid_mean": -34.60944366455078,
      "mid_to_side_loudness": -0.6579738855361938,
      "mid_to_side_loudness_range": 2.2698473930358887,
      "side_mean": -35.29541778564453
    },
    {
      "high_freq": 7314.1640625,
      "loudness": -34.911739349365234,
      "loudness_range": 25.01363182067871,
      "low_freq": 4349.24462890625,
      "mid_mean": -33.949058532714844,
      "mid_to_side_loudness": -0.6564419865608215,
      "mid_to_side_loudness_range": 1.6484243869781494,
      "side_mean": -34.603790283203125
    },
    {
      "high_freq": 12199.2666015625,
      "loudness": -37.564815521240234,
      "loudness_range": 22.659889221191406,
      "low_freq": 7314.1640625,
      "mid_mean": -36.64219665527344,
      "mid_to_side_loudness": -0.47795239090919495,
      "mid_to_side_loudness_range": 1.1765387058258057,
      "side_mean": -37.11590576171875
    },
    {
      "loudness": -43.69729232788086,
      "loudness_range": 13.062820434570312,
      "low_freq": 12199.2666015625,
      "mid_mean": -42.70659637451172,
      "mid_to_side_loudness": -0.6160585880279541,
      "mid_to_side_loudness_range": 1.2837313413619995,
      "side_mean": -43.31739044189453
    }
  ],
  "channels": 2,
  "covariance": [
    [
      46.11689376831055,
      39.2918815612793,
      9.79422378540039,
      8.56518268585205,
      0.47531694173812866,
      -0.1455284208059311,
      -1.8271870613098145,
      -0.9145942330360413,
      -0.054366860538721085,
      -0.30303505063056946,
      -5.526872634887695,
      -5.523393154144287,
      1.866655707359314,
      2.087836742401123,
      2.730820655822754,
      2.6775758266448975,
      1.631974697113037,
      1.565200686454773
    ],
    [
      39.2918815612793,
      44.63714599609375,
      9.572651863098145,
      8.718080520629883,
      3.188854455947876,
      2.458289623260498,
      0.5226584076881409,
      1.3653764724731445,
      2.347520351409912,
      2.1419737339019775,
      -3.2179811000823975,
      -3.2807860374450684,
      1.3608100414276123,
      1.5804533958435059,
      2.003023862838745,
      1.9577090740203857,
      1.6153512001037598,
      1.5751659870147705
    ],
    [
      9.79422378540039,
      9.572651863098145,
      26.2008056640625,
      23.772993087768555,
      19.518375396728516,
      20.421707153320312,
      20.74315643310547,
      21.565427780151367,
      26.134183883666992,
      25.97028923034668,
      21.954357147216797,
      21.978763580322266,
      11.698296546936035,
      11.807701110839844,
      9.96200942993164,
      10.004918098449707,
      5.7518110275268555,
      5.739309787750244
    ],
    [
      8.56518268585205,
      8.718080520629883,
      23.772993087768555,
      25.3714599609375,
      18.864151000976562,
      19.602237701416016,
      20.296306610107422,
      21.00119972229004,
      25.2082576751709,
      25.086759567260742,
      21.843280792236328,
      21.864112854003906,
      11.96646499633789,
      12.027873992919922,
      10.234601020812988,
      10.287734031677246,
      6.046884536743164,
      6.03196382522583
    ],
    [
      0.47531694173812866,
      3.188854455947876,
      19.518375396728516,
      18.864151000976562,
      77.83641815185547,
      76.1795883178711,
      74.778564453125,
      75.7171401977539,
      89.40312957763672,
      89.41508483886719,
      64.37711334228516,
      63.923683166503906,
      33.57184600830078,
      33.67989730834961,
      26.302080154418945,
      26.440568923950195,
      13.76887321472168,
      13.881288528442383
    ],
    [
      -0.1455284208059311,
      2.458289623260498,
      20.421707153320312,
      19.602237701416016,
      76.1795883178711,
      77.12783813476562,
      74.66649627685547,
      75.5929946899414,
      89.96017456054688,
      89.97758483886719,
      65.47482299804688,
      65.01299285888672,
      34.08721923828125,
      34.142662048339844,
      26.380578994750977,
      26.53145980834961,
      13.632475852966309,
      13.757291793823242
    ],
    [
      -1.8271870613098145,
      0.5226584076881409,
      20.74315643310547,
      20.296306610107422,
      74.778564453125,
      74.66649627685547,
      104.38455963134766,
      102.88452911376953,
      112.35026550292969,
      112.04904174804688,
      83.04296875,
      82.65924835205078,
      46.031734466552734,
      46.3457145690918,
      36.8431282043457,
      37.01092529296875,
      18.95635223388672,
      19.234573364257812
    ],
    [
      -0.9145942330360413,
      1.3653764724731445,
      21.565427780151367,
      21.00119972229004,
      75.7171401977539,
      75.5929946899414,
      102.88452911376953,
      104.28104400634766,
      112.0221939086914,
      111.80073547363281,
      82.72280883789062,
      82.34837341308594,
      45.96282196044922,
      46.278934478759766,
      36.646060943603516,
      36.81483459472656,
      18.860387802124023,
      19.130390167236328
    ],
    [
      -0.054366860538721085,
      2.347520351409912,
      26.134183883666992,
      25.2082576751709,
      89.40312957763672,
      89.96017456054688,
      112.35026550292969,
      112.0221939086914,
      152.01637268066406,
      150.20143127441406,
      112.78408813476562,
      112.34626770019531,
      63.75470733642578,
      64.01396179199219,
      48.66757583618164,
      48.97761154174805,
      24.373981475830078,
      24.826801300048828
    ],
    [
      -0.30303505063056946,
      2.1419737339019775,
      25.97028923034668,
      25.086759567260742,
      89.41508483886719,
      89.97758483886719,
      112.04904174804688,
      111.80073547363281,
      150.20143127441406,
      150.78988647460938,
      112.54658508300781,
      112.1119613647461,
      63.493309020996094,
      63.74482727050781,
      48.42334747314453,
      48.73798751831055,
      24.262300491333008,
      24.711687088012695
    ],
    [
      -5.526872634887695,
      -3.2179811000823975,
      21.954357147216797,
      21.843280792236328,
      64.37711334228516,
      65.47482299804688,
      83.04296875,
      82.72280883789062,
      112.78408813476562,
      112.54658508300781,
      101.96753692626953,
      101.66304779052734,
      57.14109802246094,
      57.38636779785156,
      44.39092254638672,
      44.69078063964844,
      22.361101150512695,
      22.7314510345459
    ],
    [
      -5.523393154144287,
      -3.2807860374450684,
      21.978763580322266,
      21.864112854003906,
      63.923683166503906,
      65.01299285888672,
      82.65924835205078,
      82.34837341308594,
      112.34626770019531,
      112.1119613647461,
      101.66304779052734,
      101.47293853759766,
      57.09916305541992,
      57.351924896240234,
      44.375694274902344,
      44.674503326416016,
      22.35704231262207,
      22.724868774414062
    ],
    [
      1.866655707359314,
      1.3608100414276123,
      11.698296546936035,
      11.96646499633789,
      33.57184600830078,
      34.08721923828125,
      46.031734466552734,
      45.96282196044922,
      63.75470733642578,
      63.493309020996094,
      57.14109802246094,
      57.09916305541992,
      43.84133529663086,
      43.70844268798828,
      33.830989837646484,
      34.01301574707031,
      17.841920852661133,
      18.087934494018555
    ],
    [
      2.087836742401123,
      1.5804533958435059,
      11.807701110839844,
      12.027873992919922,
      33.67989730834961,
      34.142662048339844,
      46.3457145690918,
      46.278934478759766,
      64.01396179199219,
      63.74482727050781,
      57.38636779785156,
      57.351924896240234,
      43.70844268798828,
      44.08424758911133,
      34.05647277832031,
      34.239097595214844,
      17.93419647216797,
      18.18212127685547
    ],
    [
      2.730820655822754,
      2.003023862838745,
      9.96200942993164,
      10.234601020812988,
      26.302080154418945,
      26.380578994750977,
      36.8431282043457,
      36.646060943603516,
      48.66757583618164,
      48.42334747314453,
      44.39092254638672,
      44.375694274902344,
      33.830989837646484,
      34.05647277832031,
      30.233243942260742,
      30.325092315673828,
      16.83993148803711,
      16.9724178314209
    ],
    [
      2.6775758266448975,
      1.9577090740203857,
      10.004918098449707,
      10.287734031677246,
      26.440568923950195,
      26.53145980834961,
      37.01092529296875,
      36.81483459472656,
      48.97761154174805,
      48.73798751831055,
      44.69078063964844,
      44.674503326416016,
      34.01301574707031,
      34.239097595214844,
      30.325092315673828,
      30.441553115844727,
      16.871244430541992,
      17.006038665771484
    ],
    [
      1.631974697113037,
      1.6153512001037598,
      5.7518110275268555,
      6.046884536743164,
      13.76887321472168,
      13.632475852966309,
      18.95635223388672,
      18.860387802124023,
      24.373981475830078,
      24.262300491333008,
      22.361101150512695,
      22.35704231262207,
      17.841920852661133,
      17.93419647216797,
      16.83993148803711,
      16.871244430541992,
      11.676276206970215,
      11.680793762207031
    ],
    [
      1.565200686454773,
      1.5751659870147705,
      5.739309787750244,
      6.03196382522583,
      13.881288528442383,
      13.757291793823242,
      19.234573364257812,
      19.130390167236328,
      24.826801300048828,
      24.711687088012695,
      22.7314510345459,
      22.724868774414062,
      18.087934494018555,
      18.18212127685547,
      16.9724178314209,
      17.006038665771484,
      11.680793762207031,
      11.712759971618652
    ]
  ],
  "covariance_short": [
    [
      80.99549102783203,
      67.69230651855469,
      26.41820526123047,
      24.893159866333008,
      3.4384145736694336,
      2.865553379058838,
      5.361993312835693,
      6.657076358795166,
      3.772843599319458,
      3.530748128890991,
      -1.5589786767959595,
      -1.8243153095245361,
      6.95505952835083,
      6.863442897796631,
      6.9142560958862305,
      6.801995754241943,
      4.041271686553955,
      3.9330337047576904
    ],
    [
      67.69230651855469,
      82.06098937988281,
      24.51350975036621,
      26.009912490844727,
      4.724613189697266,
      4.18208646774292,
      7.426730155944824,
      8.755016326904297,
      6.021417617797852,
      5.8861870765686035,
      0.7705107927322388,
      0.48244157433509827,
      6.900664329528809,
      6.860572338104248,
      6.6919989585876465,
      6.604223728179932,
      3.907736301422119,
      3.8541619777679443
    ],
    [
      26.41820526123047,
      24.51350975036621,
      42.26813507080078,
      35.6426887512207,
      17.11158561706543,
      17.157485961914062,
      17.33767318725586,
      17.823339462280273,
      15.8236722946167,
      15.420941352844238,
      11.808327674865723,
      11.833945274353027,
      9.786518096923828,
      9.819340705871582,
      9.456847190856934,
      9.398905754089355,
      5.327206611633301,
      5.257814884185791
    ],
    [
      24.893159866333008,
      26.009912490844727,
      35.6426887512207,
      43.887081146240234,
      18.020339965820312,
      18.25609588623047,
      18.583660125732422,
      19.21929931640625,
      16.218542098999023,
      15.850259780883789,
      12.609078407287598,
      12.660984992980957,
      10.275105476379395,
      10.30276870727539,
      9.954455375671387,
      9.913393020629883,
      5.594645977020264,
      5.540253162384033
    ],
    [
      3.4384145736694336,
      4.724613189697266,
      17.11158561706543,
      18.020339965820312,
      91.27275848388672,
      87.72013854980469,
      87.39701080322266,
      87.17394256591797,
      98.13520050048828,
      97.5565185546875,
      71.85899353027344,
      71.60405731201172,
      40.571414947509766,
      40.45721435546875,
      31.135204315185547,
      31.342628479003906,
      11.7865629196167,
      12.028535842895508
    ],
    [
      2.865553379058838,
      4.18208646774292,
      17.157485961914062,
      18.25609588623047,
      87.72013854980469,
      91.62244415283203,
      86.92253875732422,
      86.86341857910156,
      98.40565490722656,
      97.7462158203125,
      72.8795394897461,
      72.61666870117188,
      41.293487548828125,
      41.1922607421875,
      31.622461318969727,
      31.85052490234375,
      11.756925582885742,
      12.013643264770508
    ],
    [
      5.361993312835693,
      7.426730155944824,
      17.33767318725586,
      18.583660125732422,
      87.39701080322266,
      86.92253875732422,
      128.1908721923828,
      124.26396179199219,
      128.25253295898438,
      127.41572570800781,
      92.45938110351562,
      92.35246276855469,
      55.80923080444336,
      55.74665832519531,
      42.74578094482422,
      42.952392578125,
      16.448461532592773,
      16.877702713012695
    ],
    [
      6.657076358795166,
      8.755016326904297,
      17.823339462280273,
      19.21929931640625,
      87.17394256591797,
      86.86341857910156,
      124.26396179199219,
      126.50439453125,
      127.89704132080078,
      127.02992248535156,
      92.09870147705078,
      91.96613311767578,
      55.76396560668945,
      55.691226959228516,
      42.716800689697266,
      42.938941955566406,
      16.52215576171875,
      16.94281005859375
    ],
    [
      3.772843599319458,
      6.021417617797852,
      15.8236722946167,
      16.218542098999023,
      98.13520050048828,
      98.40565490722656,
      128.25253295898438,
      127.89704132080078,
      164.99432373046875,
      161.81918334960938,
      122.40894317626953,
      122.00304412841797,
      75.20850372314453,
      75.15601348876953,
      57.77487564086914,
      58.14126968383789,
      22.542118072509766,
      23.2044677734375
    ],
    [
      3.530748128890991,
      5.8861870765686035,
      15.420941352844238,
      15.850259780883789,
      97.5565185546875,
      97.7462158203125,
      127.41572570800781,
      127.02992248535156,
      161.81918334960938,
      162.75067138671875,
      121.610107421875,
      121.24749755859375,
      74.49771881103516,
      74.43388366699219,
      57.14931869506836,
      57.52460479736328,
      22.309974670410156,
      22.968318939208984
    ],
    [
      -1.5589786767959595,
      0.7705107927322388,
      11.808327674865723,
      12.609078407287598,
      71.85899353027344,
      72.8795394897461,
      92.45938110351562,
      92.09870147705078,
      122.40894317626953,
      121.610107421875,
      113.38080596923828,
      112.12708282470703,
      71.84967803955078,
      71.83702850341797,
      57.60731887817383,
      57.920562744140625,
      23.195253372192383,
      23.715557098388672
    ],
    [
      -1.8243153095245361,
      0.48244157433509827,
      11.833945274353027,
      12.660984992980957,
      71.60405731201172,
      72.61666870117188,
      92.35246276855469,
      91.96613311767578,
      122.00304412841797,
      121.24749755859375,
      112.12708282470703,
      113.25789642333984,
      72.2599868774414,
      72.25338745117188,
      57.98997116088867,
      58.303077697753906,
      23.325820922851562,
      23.835994720458984
    ],
    [
      6.95505952835083,
      6.900664329528809,
      9.786518096923828,
      10.275105476379395,
      40.571414947509766,
      41.293487548828125,
      55.80923080444336,
      55.76396560668945,
      75.20850372314453,
      74.49771881103516,
      71.84967803955078,
      72.2599868774414,
      71.66047668457031,
      71.31778717041016,
      60.187416076660156,
      60.2785758972168,
      26.73701286315918,
      26.990568161010742
    ],
    [
      6.863442897796631,
      6.860572338104248,
      9.819340705871582,
      10.30276870727539,
      40.45721435546875,
      41.1922607421875,
      55.74665832519531,
      55.691226959228516,
      75.15601348876953,
      74.43388366699219,
      71.83702850341797,
      72.25338745117188,
      71.31778717041016,
      71.7424545288086,
      60.30535125732422,
      60.399654388427734,
      26.82907485961914,
      27.07744026184082
    ],
    [
      6.9142560958862305,
      6.6919989585876465,
      9.456847190856934,
      9.954455375671387,
      31.135204315185547,
      31.622461318969727,
      42.74578094482422,
      42.716800689697266,
      57.77487564086914,
      57.14931869506836,
      57.60731887817383,
      57.98997116088867,
      60.187416076660156,
      60.30535125732422,
      56.63356399536133,
      56.554683685302734,
      27.681493759155273,
      27.768495559692383
    ],
    [
      6.801995754241943,
      6.604223728179932,
      9.398905754089355,
      9.913393020629883,
      31.342628479003906,
      31.85052490234375,
      42.952392578125,
      42.938941955566406,
      58.14126968383789,
      57.52460479736328,
      57.920562744140625,
      58.303077697753906,
      60.2785758972168,
      60.399654388427734,
      56.554683685302734,
      56.65984344482422,
      27.640071868896484,
      27.732053756713867
    ],
    [
      4.041271686553955,
      3.907736301422119,
      5.327206611633301,
      5.594645977020264,
      11.7865629196167,
      11.756925582885742,
      16.448461532592773,
      16.52215576171875,
      22.542118072509766,
      22.309974670410156,
      23.195253372192383,
      23.325820922851562,
      26.73701286315918,
      26.82907485961914,
      27.681493759155273,
      27.640071868896484,
      18.41935157775879,
      18.253141403198242
    ],
    [
      3.9330337047576904,
      3.8541619777679443,
      5.257814884185791,
      5.540253162384033,
      12.028535842895508,
      12.013643264770508,
      16.877702713012695,
      16.94281005859375,
      23.2044677734375,
      22.968318939208984,
      23.715557098388672,
      23.835994720458984,
      26.990568161010742,
      27.07744026184082,
      27.768495559692383,
      27.732053756713867,
      18.253141403198242,
      18.27802085876465
    ]
  ],
  "drr": 13.40237808227539,
  "dynamics": 3.849156618118286,
  "format": 1245190,
  "frames": 18769920,
  "loudness": -15.283347129821777,
  "loudness_range": 11.023941993713379,
  "loudness_range_short": 15.930246353149414,
  "peak": 0.33390361070632935,
  "rms": -17.059249877929688,
  "sample_rate": 44100,
  "sections": 1,
  "seekable": 1,
  "sharpness": 3.463052988052368,
  "space": -0.26012375950813293
}