{
  "bands": [
    {
      "high_freq": 148.1999969482422,
      "loudness": -24.327991485595703,
      "loudness_range": 6.376813888549805,
      "mid_mean": -20.731365203857422,
      "mid_to_side_loudness": -21.173038482666016,
      "mid_to_side_loudness_range": 22.950740814208984,
      "side_mean": -42.72445297241211
    },
    {
      "high_freq": 392.3793640136719,
      "loudness": -19.18937873840332,
      "loudness_range": 6.959996223449707,
      "low_freq": 148.1999969482422,
      "mid_mean": -16.19194221496582,
      "mid_to_side_loudness": -8.937268257141113,
      "mid_to_side_loudness_range": 15.656452178955078,
      "side_mean": -25.084627151489258
    },
    {
      "high_freq": 794.6976318359375,
      "loudness": -20.766475677490234,
      "loudness_range": 10.082738876342773,
      "low_freq": 392.3793640136719,
      "mid_mean": -17.621973037719727,
      "mid_to_side_loudness": -9.915535926818848,
      "mid_to_side_loudness_range": 20.550762176513672,
      "side_mean": -28.22281265258789
    },
    {
      "high_freq": 1457.5709228515625,
      "loudness": -22.04908561706543,
      "loudness_range": 9.104297637939453,
      "low_freq": 794.6976318359375,
      "mid_mean": -18.93407440185547,
      "mid_to_side_loudness": -10.38998794555664,
      "mid_to_side_loudness_range": 17.950233459472656,
      "side_mean": -30.169452667236328
    },
    {
      "high_freq": 2549.74365234375,
      "loudness": -20.879108428955078,
      "loudness_range": 14.381340026855469,
      "low_freq": 1457.5709228515625,
      "mid_mean": -18.331336975097656,
      "mid_to_side_loudness": -6.1944684982299805,
      "mid_to_side_loudness_range": 12.072381019592285,
      "side_mean": -24.5293025970459
    },
    {
      "high_freq": 4349.24462890625,
      "loudness": -21.186138153076172,
      "loudness_range": 11.959667205810547,
      "low_freq": 2549.74365234375,
      "mid_mean": -18.49393081665039,
      "mid_to_side_loudness": -7.073807239532471,
      "mid_to_side_loudness_range": 10.880155563354492,
      "side_mean": -25.018659591674805
    },
    {
      "high_freq": 7314.1640625,
      "loudness": -23.742782592773438,
      "loudness_range": 10.071287155151367,
      "low_freq": 4349.24462890625,
      "mid_mean": -20.528820037841797,
      "mid_to_side_loudness": -11.444693565368652,
      "mid_to_side_loudness_range": 13.410747528076172,
      "side_mean": -32.07149887084961
    },
    {
      "high_freq": 12199.2666015625,
      "loudness": -27.559768676757812,
      "loudness_range": 10.773233413696289,
      "low_freq": 7314.1640625,
      "mid_mean": -24.230588912963867,
      "mid_to_side_loudness": -15.000635147094727,
      "mid_to_side_loudness_range": 17.69146728515625,
      "side_mean": -39.10479736328125
    },
    {
      "loudness": -38.52655029296875,
      "loudness_range": 9.225204467773438,
      "low_freq": 12199.2666015625,
      "mid_mean": -35.062705993652344,
      "mid_to_side_loudness": -16.584522247314453,
      "mid_to_side_loudness_range": 19.146005630493164,
      "side_mean": -54.252254486083984
    }
  ],
  "bands_short": [
    {
      "high_freq": 148.1999969482422,
      "loudness": -28.662527084350586,
      "loudness_range": 12.994384765625,
      "mid_mean": -25.10816764831543,
      "mid_to_side_loudness": -21.512470245361328,
      "mid_to_side_loudness_range": 25.096670150756836,
      "side_mean": -47.32371520996094
    },
    {
      "high_freq": 392.3793640136719,
      "loudness": -19.474273681640625,
      "loudness_range": 9.867423057556152,
      "low_freq": 148.1999969482422,
      "mid_mean": -16.440610885620117,
      "mid_to_side_loudness": -9.882222175598145,
      "mid_to_side_loudness_range": 17.336116790771484,
      "side_mean": -26.44026756286621
    },
    {
      "high_freq": 794.6976318359375,
      "loudness": -20.99754524230957,
      "loudness_range": 12.742554664611816,
      "low_freq": 392.3793640136719,
      "mid_mean": -18.074438095092773,
      "mid_to_side_loudness": -8.357169151306152,
      "mid_to_side_loudness_range": 17.060861587524414,
      "side_mean": -27.286388397216797
    },
    {
      "high_freq": 1457.5709228515625,
      "loudness": -22.59894371032715,
      "loudness_range": 11.611093521118164,
      "low_freq": 794.6976318359375,
      "mid_mean": -19.57472038269043,
      "mid_to_side_loudness": -9.535944938659668,
      "mid_to_side_loudness_range": 18.227405548095703,
      "side_mean": -30.27178382873535
    },
    {
      "high_freq": 2549.74365234375,
      "loudness": -21.529403686523438,
      "loudness_range": 15.32857608795166,
      "low_freq": 1457.5709228515625,
      "mid_mean": -18.998395919799805,
      "mid_to_side_loudness": -6.025716304779053,
      "mid_to_side_loudness_range": 12.479376792907715,
      "side_mean": -25.057300567626953
    },
    {
      "high_freq": 4349.24462890625,
      "loudness": -21.599712371826172,
      "loudness_range": 13.922035217285156,
      "low_freq": 2549.74365234375,
      "mid_mean": -18.961231231689453,
      "mid_to_side_loudness": -7.288185119628906,
      "mid_to_side_loudness_range": 15.838964462280273,
      "side_mean": -25.35211181640625
    },
    {
      "high_freq": 7314.1640625,
      "loudness": -24.561098098754883,
      "loudness_range": 14.146141052246094,
      "low_freq": 4349.24462890625,
      "mid_mean": -21.41106414794922,
      "mid_to_side_loudness": -12.172009468078613,
      "mid_to_side_loudness_range": 17.172489166259766,
      "side_mean": -33.412113189697266
    },
    {
      "high_freq": 12199.2666015625,
      "loudness": -28.80142593383789,
      "loudness_range": 14.644102096557617,
      "low_freq": 7314.1640625,
      "mid_mean": -25.528194427490234,
      "mid_to_side_loudness": -16.882301330566406,
      "mid_to_side_loudness_range": 22.9020938873291,
      "side_mean": -42.0940055847168
    },
    {
      "loudness": -40.09868621826172,
      "loudness_range": 15.174568176269531,
      "low_freq": 12199.2666015625,
      "mid_mean": -36.70052719116211,
      "mid_to_side_loudness": -17.863950729370117,
      "mid_to_side_loudness_range": 26.862512588500977,
      "side_mean": -59.04486083984375
    }
  ],
  "channels": 2,
  "covariance": [
    [
      9.491705894470215,
      4.8240227699279785,
      2.8767595291137695,
      6.168388843536377,
      0.45752188563346863,
      4.165032386779785,
      0.6220296025276184,
      2.8939054012298584,
      0.9018242359161377,
      3.9853339195251465,
      0.1734076589345932,
      1.4534938335418701,
      -0.41488730907440186,
      -0.45991677045822144,
      -0.03752141818404198,
      -0.041794780641794205,
      -1.2675461769104004,
      4.754218101501465
    ],
    [
      4.8240227699279785,
      45.458438873291016,
      8.535517692565918,
      24.544578552246094,
      4.7720537185668945,
      27.289167404174805,
      4.759807586669922,
      20.96965980529785,
      10.693022727966309,
      20.05955696105957,
      11.476027488708496,
      18.745105743408203,
      11.685912132263184,
      14.329721450805664,
      12.38079833984375,
      12.393589973449707,
      5.212974548339844,
      20.298669815063477
    ],
    [
      2.8767595291137695,
      8.535517692565918,
      8.684562683105469,
      8.789182662963867,
      4.545648574829102,
      10.82944107055664,
      2.8263394832611084,
      10.654840469360352,
      5.376182556152344,
      9.925464630126953,
      4.263678550720215,
      6.341615676879883,
      3.8883259296417236,
      4.717247486114502,
      4.027742385864258,
      4.184446334838867,
      2.5274624824523926,
      9.89578628540039
    ],
    [
      6.168388843536377,
      24.544578552246094,
      8.789182662963867,
      50.80979919433594,
      7.383976459503174,
      33.78524398803711,
      4.708889961242676,
      22.114173889160156,
      9.44730281829834,
      28.206300735473633,
      9.50035572052002,
      19.677167892456055,
      9.385371208190918,
      8.576094627380371,
      10.303923606872559,
      6.1600141525268555,
      4.862048625946045,
      11.169120788574219
    ],
    [
      0.45752188563346863,
      4.7720537185668945,
      4.545648574829102,
      7.383976459503174,
      16.163240432739258,
      8.999972343444824,
      7.284061908721924,
      8.06212043762207,
      7.812388896942139,
      8.250774383544922,
      6.508228302001953,
      6.756684303283691,
      5.2008442878723145,
      4.166571617126465,
      6.497690200805664,
      2.0429577827453613,
      5.103455066680908,
      7.672542095184326
    ],
    [
      4.165032386779785,
      27.289167404174805,
      10.82944107055664,
      33.78524398803711,
      8.999972343444824,
      50.43547439575195,
      5.8888750076293945,
      37.45259475708008,
      16.748779296875,
      39.18824005126953,
      15.84111499786377,
      33.41226577758789,
      13.666601181030273,
      19.49176597595215,
      11.393877029418945,
      14.309989929199219,
      5.543168067932129,
      20.650569915771484
    ],
    [
      0.6220296025276184,
      4.759807586669922,
      2.8263394832611084,
      4.708889961242676,
      7.284061908721924,
      5.8888750076293945,
      12.955694198608398,
      7.654411792755127,
      6.351358890533447,
      4.53225040435791,
      5.672383785247803,
      4.895688533782959,
      3.921377658843994,
      4.072547912597656,
      4.9014177322387695,
      3.0444717407226562,
      3.861354112625122,
      6.740854263305664
    ],
    [
      2.8939054012298584,
      20.96965980529785,
      10.654840469360352,
      22.114173889160156,
      8.06212043762207,
      37.45259475708008,
      7.654411792755127,
      48.50260925292969,
      19.89339256286621,
      38.3139533996582,
      16.186582565307617,
      32.25279235839844,
      10.845362663269043,
      23.591251373291016,
      7.036449909210205,
      20.021669387817383,
      2.3443715572357178,
      25.37612533569336
    ],
    [
      0.9018242359161377,
      10.693022727966309,
      5.376182556152344,
      9.44730281829834,
      7.812388896942139,
      16.748779296875,
      6.351358890533447,
      19.89339256286621,
      20.046062469482422,
      20.014108657836914,
      13.258231163024902,
      17.5443172454834,
      8.295929908752441,
      13.976285934448242,
      5.4211745262146,
      8.111178398132324,
      2.0633907318115234,
      13.931191444396973
    ],
    [
      3.9853339195251465,
      20.05955696105957,
      9.925464630126953,
      28.206300735473633,
      8.250774383544922,
      39.18824005126953,
      4.53225040435791,
      38.3139533996582,
      20.014108657836914,
      47.96187973022461,
      17.060232162475586,
      34.905799865722656,
      12.846246719360352,
      21.298553466796875,
      10.565461158752441,
      15.444427490234375,
      5.0547308921813965,
      21.47116470336914
    ],
    [
      0.1734076589345932,
      11.476027488708496,
      4.263678550720215,
      9.50035572052002,
      6.508228302001953,
      15.84111499786377,
      5.672383785247803,
      16.186582565307617,
      13.258231163024902,
      17.060232162475586,
      16.2852840423584,
      16.313215255737305,
      12.876689910888672,
      14.447511672973633,
      9.635869979858398,
      8.365705490112305,
      3.8752760887145996,
      13.09231948852539
    ],
    [
      1.4534938335418701,
      18.745105743408203,
      6.341615676879883,
      19.677167892456055,
      6.756684303283691,
      33.41226577758789,
      4.895688533782959,
      32.25279235839844,
      17.5443172454834,
      34.905799865722656,
      16.313215255737305,
      39.627296447753906,
      11.53264045715332,
      21.76015853881836,
      9.083434104919434,
      17.549095153808594,
      4.143251895904541,
      20.19529151916504
    ],
    [
      -0.41488730907440186,
      11.685912132263184,
      3.8883259296417236,
      9.385371208190918,
      5.2008442878723145,
      13.666601181030273,
      3.921377658843994,
      10.845362663269043,
      8.295929908752441,
      12.846246719360352,
      12.876689910888672,
      11.53264045715332,
      17.500286102294922,
      12.848193168640137,
      14.30295181274414,
      7.6723222732543945,
      7.36115026473999,
      11.459837913513184
    ],
    [
      -0.45991677045822144,
      14.329721450805664,
      4.717247486114502,
      8.576094627380371,
      4.166571617126465,
      19.49176597595215,
      4.072547912597656,
      23.591251373291016,
      13.976285934448242,
      21.298553466796875,
      14.447511672973633,
      21.76015853881836,
      12.848193168640137,
      29.376296997070312,
      7.827728271484375,
      22.00792694091797,
      1.8769067525863647,
      28.005037307739258
    ],
    [
      -0.03752141818404198,
      12.38079833984375,
      4.027742385864258,
      10.303923606872559,
      6.497690200805664,
      11.393877029418945,
      4.9014177322387695,
      7.036449909210205,
      5.4211745262146,
      10.565461158752441,
      9.635869979858398,
      9.083434104919434,
      14.30295181274414,
      7.827728271484375,
      21.293720245361328,
      8.63084602355957,
      13.639081001281738,
      10.984405517578125
    ],
    [
      -0.041794780641794205,
      12.393589973449707,
      4.184446334838867,
      6.1600141525268555,
      2.0429577827453613,
      14.309989929199219,
      3.0444717407226562,
      20.021669387817383,
      8.111178398132324,
      15.444427490234375,
      8.365705490112305,
      17.549095153808594,
      7.6723222732543945,
      22.00792694091797,
      8.63084602355957,
      32.85197448730469,
      4.053908824920654,
      32.859275817871094
    ],
    [
      -1.2675461769104004,
      5.212974548339844,
      2.5274624824523926,
      4.862048625946045,
      5.103455066680908,
      5.543168067932129,
      3.861354112625122,
      2.3443715572357178,
      2.0633907318115234,
      5.0547308921813965,
      3.8752760887145996,
      4.143251895904541,
      7.36115026473999,
      1.8769067525863647,
      13.639081001281738,
      4.053908824920654,
      15.17538833618164,
      4.384405612945557
    ],
    [
      4.754218101501465,
      20.298669815063477,
      9.89578628540039,
      11.169120788574219,
      7.672542095184326,
      20.650569915771484,
      6.740854263305664,
      25.37612533569336,
      13.931191444396973,
      21.47116470336914,
      13.09231948852539,
      20.19529151916504,
      11.459837913513184,
      28.005037307739258,
      10.984405517578125,
      32.859275817871094,
      4.384405612945557,
      62.97199630737305
    ]
  ],
  "covariance_short": [
    [
      25.9189453125,
      8.338712692260742,
      4.596603870391846,
      7.111772060394287,
      1.2072561979293823,
      4.685567855834961,
      1.3438094854354858,
      1.0548330545425415,
      -0.8513728976249695,
      3.343196392059326,
      -1.4993083477020264,
      -0.22970013320446014,
      -1.3699220418930054,
      -2.9838345050811768,
      0.5422802567481995,
      -2.128598213195801,
      -0.9703566431999207,
      0.143770232796669
    ],
    [
      8.338712692260742,
      55.2430305480957,
      11.231240272521973,
      26.19612693786621,
      10.027230262756348,
      24.159217834472656,
      6.777617454528809,
      23.174358367919922,
      13.622934341430664,
      20.748790740966797,
      13.614931106567383,
      17.78070068359375,
      12.629603385925293,
      16.29734992980957,
      12.712032318115234,
      12.057205200195312,
      7.231999397277832,
      19.896617889404297
    ],
    [
      4.596603870391846,
      11.231240272521973,
      14.832959175109863,
      9.503495216369629,
      6.238180637359619,
      12.236794471740723,
      4.414892673492432,
      12.41664981842041,
      7.147122383117676,
      12.030115127563477,
      5.878908157348633,
      9.025883674621582,
      4.775636196136475,
      8.317886352539062,
      4.508264064788818,
      9.206859588623047,
      3.5351030826568604,
      14.072529792785645
    ],
    [
      7.111772060394287,
      26.19612693786621,
      9.503495216369629,
      60.57577133178711,
      8.223511695861816,
      38.0467643737793,
      3.990628242492676,
      27.301862716674805,
      9.873879432678223,
      29.09227752685547,
      10.632373809814453,
      25.7222900390625,
      11.618882179260254,
      15.648728370666504,
      12.548598289489746,
      10.90711784362793,
      7.073223114013672,
      13.015734672546387
    ],
    [
      1.2072561979293823,
      10.027230262756348,
      6.238180637359619,
      8.223511695861816,
      22.193408966064453,
      10.265652656555176,
      10.072112083435059,
      9.731452941894531,
      10.323880195617676,
      9.856185913085938,
      9.800375938415527,
      9.716113090515137,
      8.614211082458496,
      8.79400634765625,
      9.523161888122559,
      8.015850067138672,
      8.406591415405273,
      11.808025360107422
    ],
    [
      4.685567855834961,
      24.159217834472656,
      12.236794471740723,
      38.0467643737793,
      10.265652656555176,
      57.08955764770508,
      5.836388111114502,
      38.3962516784668,
      16.180002212524414,
      38.511940002441406,
      15.785720825195312,
      34.77269744873047,
      14.212114334106445,
      23.967044830322266,
      11.967123985290527,
      16.564434051513672,
      7.931017875671387,
      21.115339279174805
    ],
    [
      1.3438094854354858,
      6.777617454528809,
      4.414892673492432,
      3.990628242492676,
      10.072112083435059,
      5.836388111114502,
      19.221752166748047,
      8.71379566192627,
      9.711294174194336,
      5.573097229003906,
      8.316953659057617,
      6.691863059997559,
      6.736817359924316,
      6.738360404968262,
      7.161226749420166,
      7.160704612731934,
      6.6583967208862305,
      10.020366668701172
    ],
    [
      1.0548330545425415,
      23.174358367919922,
      12.41664981842041,
      27.301862716674805,
      9.731452941894531,
      38.3962516784668,
      8.71379566192627,
      57.78602981567383,
      21.684383392333984,
      43.259761810302734,
      18.36811065673828,
      37.04264450073242,
      14.007534980773926,
      31.340808868408203,
      10.051312446594238,
      25.375282287597656,
      6.218617916107178,
      31.466552734375
    ],
    [
      -0.8513728976249695,
      13.622934341430664,
      7.147122383117676,
      9.873879432678223,
      10.323880195617676,
      16.180002212524414,
      9.711294174194336,
      21.684383392333984,
      25.020742416381836,
      22.482501983642578,
      16.74584197998047,
      21.252561569213867,
      11.993715286254883,
      19.593122482299805,
      8.187789916992188,
      14.007498741149902,
      5.344947338104248,
      18.279172897338867
    ],
    [
      3.343196392059326,
      20.748790740966797,
      12.030115127563477,
      29.09227752685547,
      9.856185913085938,
      38.511940002441406,
      5.573097229003906,
      43.259761810302734,
      22.482501983642578,
      55.649696350097656,
      18.53524398803711,
      40.7219352722168,
      14.309612274169922,
      29.726865768432617,
      11.043384552001953,
      22.600786209106445,
      6.9428253173828125,
      25.83518409729004
    ],
    [
      -1.4993083477020264,
      13.614931106567383,
      5.878908157348633,
      10.632373809814453,
      9.800375938415527,
      15.785720825195312,
      8.316953659057617,
      18.36811065673828,
      16.74584197998047,
      18.53524398803711,
      23.33847427368164,
      18.973068237304688,
      20.05510139465332,
      22.349199295043945,
      15.94040298461914,
      15.901442527770996,
      10.029193878173828,
      18.949586868286133
    ],
    [
      -0.22970013320446014,
      17.78070068359375,
      9.025883674621582,
      25.7222900390625,
      9.716113090515137,
      34.77269744873047,
      6.691863059997559,
      37.04264450073242,
      21.252561569213867,
      40.7219352722168,
      18.973068237304688,
      54.26313781738281,
      12.53875732421875,
      32.46410369873047,
      9.101401329040527,
      27.346595764160156,
      5.9835004806518555,
      29.59189224243164
    ],
    [
      -1.3699220418930054,
      12.629603385925293,
      4.775636196136475,
      11.618882179260254,
      8.614211082458496,
      14.212114334106445,
      6.736817359924316,
      14.007534980773926,
      11.993715286254883,
      14.309612274169922,
      20.05510139465332,
      12.53875732421875,
      30.539493560791016,
      22.213132858276367,
      25.979276657104492,
      16.055667877197266,
      18.428340911865234,
      16.77741813659668
    ],
    [
      -2.9838345050811768,
      16.29734992980957,
      8.317886352539062,
      15.648728370666504,
      8.79400634765625,
      23.967044830322266,
      6.738360404968262,
      31.340808868408203,
      19.593122482299805,
      29.726865768432617,
      22.349199295043945,
      32.46410369873047,
      22.213132858276367,
      48.25601577758789,
      16.826644897460938,
      38.145450592041016,
      9.401656150817871,
      42.71368408203125
    ],
    [
      0.5422802567481995,
      12.712032318115234,
      4.508264064788818,
      12.548598289489746,
      9.523161888122559,
      11.967123985290527,
      7.161226749420166,
      10.051312446594238,
      8.187789916992188,
      11.043384552001953,
      15.94040298461914,
      9.101401329040527,
      25.979276657104492,
      16.826644897460938,
      37.225379943847656,
      20.906396865844727,
      28.95558738708496,
      17.961498260498047
    ],
    [
      -2.128598213195801,
      12.057205200195312,
      9.206859588623047,
      10.90711784362793,
      8.015850067138672,
      16.564434051513672,
      7.160704612731934,
      25.375282287597656,
      14.007498741149902,
      22.600786209106445,
      15.901442527770996,
      27.346595764160156,
      16.055667877197266,
      38.145450592041016,
      20.906396865844727,
      66.56571960449219,
      14.893819808959961,
      65.8104019165039
    ],
    [
      -0.9703566431999207,
      7.231999397277832,
      3.5351030826568604,
      7.073223114013672,
      8.406591415405273,
      7.931017875671387,
      6.6583967208862305,
      6.218617916107178,
      5.344947338104248,
      6.9428253173828125,
      10.029193878173828,
      5.9835004806518555,
      18.428340911865234,
      9.401656150817871,
      28.95558738708496,
      14.893819808959961,
      34.964378356933594,
      12.942270278930664
    ],
    [
      0.143770232796669,
      19.896617889404297,
      14.072529792785645,
      13.015734672546387,
      11.808025360107422,
      21.115339279174805,
      10.020366668701172,
      31.466552734375,
      18.279172897338867,
      25.83518409729004,
      18.949586868286133,
      29.59189224243164,
      16.77741813659668,
      42.71368408203125,
      17.961498260498047,
      65.8104019165039,
      12.942270278930664,
      94.21800994873047
    ]
  ],
  "drr": 14.53250503540039,
  "dynamics": 2.57684588432312,
  "format": 1245190,
  "frames": 8007680,
  "loudness": -8.984331130981445,
  "loudness_range": 7.4022393226623535,
  "loudness_range_short": 8.556692123413086,
  "peak": 0.7594040632247925,
  "rms": -12.295493125915527,
  "sample_rate": 44100,
  "sections": 1,
  "seekable": 1,
  "sharpness": 1.9288609027862549,
  "space": -9.70613956451416
}