{
  "bands": [
    {
      "high_freq": 148.1999969482422,
      "loudness": -19.16100311279297,
      "loudness_range": 14.660730361938477,
      "mid_mean": -15.812023162841797,
      "mid_to_side_loudness": -16.390216827392578,
      "mid_to_side_loudness_range": 19.566917419433594,
      "side_mean": -33.67869567871094
    },
    {
      "high_freq": 392.3793640136719,
      "loudness": -20.8225154876709,
      "loudness_range": 8.562110900878906,
      "low_freq": 148.1999969482422,
      "mid_mean": -18.262187957763672,
      "mid_to_side_loudness": -5.9731526374816895,
      "mid_to_side_loudness_range": 9.597182273864746,
      "side_mean": -24.327674865722656
    },
    {
      "high_freq": 794.6976318359375,
      "loudness": -19.873743057250977,
      "loudness_range": 9.274368286132812,
      "low_freq": 392.3793640136719,
      "mid_mean": -17.54612159729004,
      "mid_to_side_loudness": -5.204782485961914,
      "mid_to_side_loudness_range": 9.649846076965332,
      "side_mean": -22.784460067749023
    },
    {
      "high_freq": 1457.5709228515625,
      "loudness": -19.481494903564453,
      "loudness_range": 12.085917472839355,
      "low_freq": 794.6976318359375,
      "mid_mean": -17.05750846862793,
      "mid_to_side_loudness": -5.622794151306152,
      "mid_to_side_loudness_range": 9.620484352111816,
      "side_mean": -22.71380615234375
    },
    {
      "high_freq": 2549.74365234375,
      "loudness": -18.909395217895508,
      "loudness_range": 12.531118392944336,
      "low_freq": 1457.5709228515625,
      "mid_mean": -16.30973243713379,
      "mid_to_side_loudness": -6.084817409515381,
      "mid_to_side_loudness_range": 8.038548469543457,
      "side_mean": -22.47946548461914
    },
    {
      "high_freq": 4349.24462890625,
      "loudness": -17.361013412475586,
      "loudness_range": 11.624809265136719,
      "low_freq": 2549.74365234375,
      "mid_mean": -14.507554054260254,
      "mid_to_side_loudness": -7.049213409423828,
      "mid_to_side_loudness_range": 7.318033218383789,
      "side_mean": -21.86981773376465
    },
    {
      "high_freq": 7314.1640625,
      "loudness": -21.627378463745117,
      "loudness_range": 10.920361518859863,
      "low_freq": 4349.24462890625,
      "mid_mean": -18.616426467895508,
      "mid_to_side_loudness": -7.778051376342773,
      "mid_to_side_loudness_range": 7.590386390686035,
      "side_mean": -26.871726989746094
    },
    {
      "high_freq": 12199.2666015625,
      "loudness": -25.49622917175293,
      "loudness_range": 13.285810470581055,
      "low_freq": 7314.1640625,
      "mid_mean": -22.740325927734375,
      "mid_to_side_loudness": -6.930927276611328,
      "mid_to_side_loudness_range": 9.878734588623047,
      "side_mean": -29.869998931884766
    },
    {
      "loudness": -33.68132019042969,
      "loudness_range": 13.233888626098633,
      "low_freq": 12199.2666015625,
      "mid_mean": -30.998252868652344,
      "mid_to_side_loudness": -6.9289679527282715,
      "mid_to_side_loudness_range": 11.259490013122559,
      "side_mean": -38.1570930480957
    }
  ],
  "bands_short": [
    {
      "high_freq": 148.1999969482422,
      "loudness": -20.70668601989746,
      "loudness_range": 18.169998168945312,
      "mid_mean": -17.347707748413086,
      "mid_to_side_loudness": -17.9931583404541,
      "mid_to_side_loudness_range": 23.645410537719727,
      "side_mean": -37.44914627075195
    },
    {
      "high_freq": 392.3793640136719,
      "loudness": -20.56289291381836,
      "loudness_range": 10.977887153625488,
      "low_freq": 148.1999969482422,
      "mid_mean": -18.00893783569336,
      "mid_to_side_loudness": -6.544810771942139,
      "mid_to_side_loudness_range": 12.425177574157715,
      "side_mean": -24.69703483581543
    },
    {
      "high_freq": 794.6976318359375,
      "loudness": -21.089189529418945,
      "loudness_range": 12.864056587219238,
      "low_freq": 392.3793640136719,
      "mid_mean": -19.07697868347168,
      "mid_to_side_loudness": -4.579897880554199,
      "mid_to_side_loudness_range": 13.114826202392578,
      "side_mean": -23.748735427856445
    },
    {
      "high_freq": 1457.5709228515625,
      "loudness": -20.125646591186523,
      "loudness_range": 15.379314422607422,
      "low_freq": 794.6976318359375,
      "mid_mean": -17.926912307739258,
      "mid_to_side_loudness": -5.241193771362305,
      "mid_to_side_loudness_range": 12.589278221130371,
      "side_mean": -23.222936630249023
    },
    {
      "high_freq": 2549.74365234375,
      "loudness": -20.014284133911133,
      "loudness_range": 15.834894180297852,
      "low_freq": 1457.5709228515625,
      "mid_mean": -17.604394912719727,
      "mid_to_side_loudness": -5.596529483795166,
      "mid_to_side_loudness_range": 10.529921531677246,
      "side_mean": -23.310998916625977
    },
    {
      "high_freq": 4349.24462890625,
      "loudness": -18.237712860107422,
      "loudness_range": 15.147186279296875,
      "low_freq": 2549.74365234375,
      "mid_mean": -15.562862396240234,
      "mid_to_side_loudness": -6.516767978668213,
      "mid_to_side_loudness_range": 8.988160133361816,
      "side_mean": -22.28924560546875
    },
    {
      "high_freq": 7314.1640625,
      "loudness": -22.47593879699707,
      "loudness_range": 14.584074020385742,
      "low_freq": 4349.24462890625,
      "mid_mean": -19.581764221191406,
      "mid_to_side_loudness": -7.411430835723877,
      "mid_to_side_loudness_range": 9.120210647583008,
      "side_mean": -27.416654586791992
    },
    {
      "high_freq": 12199.2666015625,
      "loudness": -26.644363403320312,
      "loudness_range": 15.125234603881836,
      "low_freq": 7314.1640625,
      "mid_mean": -23.985729217529297,
      "mid_to_side_loudness": -6.853652477264404,
      "mid_to_side_loudness_range": 10.35970687866211,
      "side_mean": -31.034133911132812
    },
    {
      "loudness": -34.860809326171875,
      "loudness_range": 16.686962127685547,
      "low_freq": 12199.2666015625,
      "mid_mean": -32.168460845947266,
      "mid_to_side_loudness": -7.087523937225342,
      "mid_to_side_loudness_range": 11.876205444335938,
      "side_mean": -39.5391960144043
    }
  ],
  "channels": 2,
  "covariance": [
    [
      43.928321838378906,
      15.189881324768066,
      12.668651580810547,
      8.618094444274902,
      7.277157306671143,
      6.126655578613281,
      -0.5143242478370667,
      2.858403444290161,
      3.103114128112793,
      4.47105598449707,
      5.6487627029418945,
      8.049053192138672,
      6.674284934997559,
      7.801405906677246,
      6.488758087158203,
      8.426994323730469,
      6.65037202835083,
      9.416731834411621
    ],
    [
      15.189881324768066,
      28.937854766845703,
      7.207143306732178,
      9.23746395111084,
      7.120480537414551,
      6.691817760467529,
      2.077105760574341,
      2.637537717819214,
      4.726861476898193,
      5.4915385246276855,
      6.236453056335449,
      8.852876663208008,
      2.659811019897461,
      4.926624298095703,
      4.593141555786133,
      4.811359882354736,
      5.331875801086426,
      5.331150531768799
    ],
    [
      12.668651580810547,
      7.207143306732178,
      15.77193546295166,
      9.786500930786133,
      8.229395866394043,
      5.508303165435791,
      1.6972956657409668,
      1.4732528924942017,
      3.050231456756592,
      3.7921323776245117,
      3.6881306171417236,
      3.703336715698242,
      2.1274280548095703,
      3.4945480823516846,
      3.894045352935791,
      2.9207394123077393,
      4.836884021759033,
      2.8862831592559814
    ],
    [
      8.618094444274902,
      9.23746395111084,
      9.786500930786133,
      16.4407901763916,
      8.283914566040039,
      8.442191123962402,
      2.2001559734344482,
      3.5796830654144287,
      5.7699761390686035,
      7.034416198730469,
      5.228186130523682,
      7.904082775115967,
      2.3450727462768555,
      5.580888748168945,
      4.837796211242676,
      6.8013014793396,
      6.203835487365723,
      6.145570278167725
    ],
    [
      7.277157306671143,
      7.120480537414551,
      8.229395866394043,
      8.283914566040039,
      18.256471633911133,
      11.898843765258789,
      9.567481994628906,
      7.6959919929504395,
      11.329790115356445,
      10.381373405456543,
      9.002285957336426,
      11.098113059997559,
      4.797215461730957,
      8.33444881439209,
      7.5892558097839355,
      7.597991466522217,
      7.126511096954346,
      5.701957702636719
    ],
    [
      6.126655578613281,
      6.691817760467529,
      5.508303165435791,
      8.442191123962402,
      11.898843765258789,
      17.61459732055664,
      7.738522529602051,
      10.997910499572754,
      9.425837516784668,
      12.343758583068848,
      9.105818748474121,
      14.024633407592773,
      5.746665954589844,
      12.053194999694824,
      8.547015190124512,
      13.622218132019043,
      8.611383438110352,
      11.577762603759766
    ],
    [
      -0.5143242478370667,
      2.077105760574341,
      1.6972956657409668,
      2.2001559734344482,
      9.567481994628906,
      7.738522529602051,
      24.533885955810547,
      15.861278533935547,
      17.506080627441406,
      13.761040687561035,
      8.216389656066895,
      9.599115371704102,
      5.1406145095825195,
      8.694408416748047,
      5.9832892417907715,
      6.235223293304443,
      4.516961097717285,
      4.16876745223999
    ],
    [
      2.858403444290161,
      2.637537717819214,
      1.4732528924942017,
      3.5796830654144287,
      7.6959919929504395,
      10.997910499572754,
      15.861278533935547,
      20.537891387939453,
      13.787508010864258,
      16.398160934448242,
      7.223639965057373,
      11.612807273864746,
      5.904571533203125,
      11.793503761291504,
      7.813770294189453,
      12.16450023651123,
      7.28300666809082,
      10.287989616394043
    ],
    [
      3.103114128112793,
      4.726861476898193,
      3.050231456756592,
      5.7699761390686035,
      11.329790115356445,
      9.425837516784668,
      17.506080627441406,
      13.787508010864258,
      25.41999053955078,
      18.784053802490234,
      12.263134002685547,
      14.888620376586914,
      8.163910865783691,
      11.652543067932129,
      7.827280044555664,
      10.389815330505371,
      6.760849475860596,
      8.795818328857422
    ],
    [
      4.47105598449707,
      5.4915385246276855,
      3.7921323776245117,
      7.034416198730469,
      10.381373405456543,
      12.343758583068848,
      13.761040687561035,
      16.398160934448242,
      18.784053802490234,
      22.387914657592773,
      10.779690742492676,
      16.407968521118164,
      7.669970512390137,
      14.060992240905762,
      9.451313972473145,
      15.510875701904297,
      9.520837783813477,
      14.25964069366455
    ],
    [
      5.6487627029418945,
      6.236453056335449,
      3.6881306171417236,
      5.228186130523682,
      9.002285957336426,
      9.105818748474121,
      8.216389656066895,
      7.223639965057373,
      12.263134002685547,
      10.779690742492676,
      22.69883155822754,
      19.737287521362305,
      14.223706245422363,
      17.510372161865234,
      10.536465644836426,
      13.397095680236816,
      7.069435119628906,
      10.170496940612793
    ],
    [
      8.049053192138672,
      8.852876663208008,
      3.703336715698242,
      7.904082775115967,
      11.098113059997559,
      14.024633407592773,
      9.599115371704102,
      11.612807273864746,
      14.888620376586914,
      16.407968521118164,
      19.737287521362305,
      26.84023666381836,
      13.105295181274414,
      21.00745391845703,
      12.025856018066406,
      20.08026695251465,
      10.340228080749512,
      17.339534759521484
    ],
    [
      6.674284934997559,
      2.659811019897461,
      2.1274280548095703,
      2.3450727462768555,
      4.797215461730957,
      5.746665954589844,
      5.1406145095825195,
      5.904571533203125,
      8.163910865783691,
      7.669970512390137,
      14.223706245422363,
      13.105295181274414,
      17.803081512451172,
      16.94419288635254,
      13.439032554626465,
      14.75671100616455,
      9.196839332580566,
      12.361574172973633
    ],
    [
      7.801405906677246,
      4.926624298095703,
      3.4945480823516846,
      5.580888748168945,
      8.33444881439209,
      12.053194999694824,
      8.694408416748047,
      11.793503761291504,
      11.652543067932129,
      14.060992240905762,
      17.510372161865234,
      21.00745391845703,
      16.94419288635254,
      26.811519622802734,
      16.179410934448242,
      23.154117584228516,
      12.418299674987793,
      19.740503311157227
    ],
    [
      6.488758087158203,
      4.593141555786133,
      3.894045352935791,
      4.837796211242676,
      7.5892558097839355,
      8.547015190124512,
      5.9832892417907715,
      7.813770294189453,
      7.827280044555664,
      9.451313972473145,
      10.536465644836426,
      12.025856018066406,
      13.439032554626465,
      16.179410934448242,
      21.798913955688477,
      21.94040298461914,
      16.32049560546875,
      18.095623016357422
    ],
    [
      8.426994323730469,
      4.811359882354736,
      2.9207394123077393,
      6.8013014793396,
      7.597991466522217,
      13.622218132019043,
      6.235223293304443,
      12.16450023651123,
      10.389815330505371,
      15.510875701904297,
      13.397095680236816,
      20.08026695251465,
      14.75671100616455,
      23.154117584228516,
      21.94040298461914,
      34.93747329711914,
      19.93433952331543,
      32.45977783203125
    ],
    [
      6.65037202835083,
      5.331875801086426,
      4.836884021759033,
      6.203835487365723,
      7.126511096954346,
      8.611383438110352,
      4.516961097717285,
      7.28300666809082,
      6.760849475860596,
      9.520837783813477,
      7.069435119628906,
      10.340228080749512,
      9.196839332580566,
      12.418299674987793,
      16.32049560546875,
      19.93433952331543,
      21.8868350982666,
      23.199796676635742
    ],
    [
      9.416731834411621,
      5.331150531768799,
      2.8862831592559814,
      6.145570278167725,
      5.701957702636719,
      11.577762603759766,
      4.16876745223999,
      10.287989616394043,
      8.795818328857422,
      14.25964069366455,
      10.170496940612793,
      17.339534759521484,
      12.361574172973633,
      19.740503311157227,
      18.095623016357422,
      32.45977783203125,
      23.199796676635742,
      39.162994384765625
    ]
  ],
  "covariance_short": [
    [
      53.56718444824219,
      16.389636993408203,
      14.870333671569824,
      8.140816688537598,
      6.484427452087402,
      5.542099952697754,
      0.10765431076288223,
      3.6924214363098145,
      2.7402892112731934,
      5.2320146560668945,
      4.943663120269775,
      5.903248310089111,
      6.5083909034729,
      6.99547815322876,
      6.474724769592285,
      7.341720104217529,
      7.665362358093262,
      8.729272842407227
    ],
    [
      16.389636993408203,
      41.90653991699219,
      12.000103950500488,
      12.555635452270508,
      9.277118682861328,
      8.693897247314453,
      3.6948752403259277,
      4.906405448913574,
      5.164294719696045,
      7.3746747970581055,
      6.289241790771484,
      8.02983283996582,
      3.650294542312622,
      5.075470924377441,
      5.576642036437988,
      4.232260704040527,
      7.501121520996094,
      5.591144561767578
    ],
    [
      14.870333671569824,
      12.000103950500488,
      23.687898635864258,
      11.693098068237305,
      10.458413124084473,
      7.150994777679443,
      3.3112499713897705,
      3.504701852798462,
      5.3807053565979,
      5.86369514465332,
      6.709499359130859,
      5.841684818267822,
      4.998764514923096,
      5.364559173583984,
      5.806159019470215,
      4.680313587188721,
      5.915042877197266,
      4.6721978187561035
    ],
    [
      8.140816688537598,
      12.555635452270508,
      11.693098068237305,
      20.670621871948242,
      9.11136531829834,
      9.222039222717285,
      4.042288780212402,
      4.817478656768799,
      6.824774265289307,
      8.0897216796875,
      6.83875036239624,
      7.779733180999756,
      3.8636088371276855,
      5.748232364654541,
      5.538943290710449,
      5.535170555114746,
      6.592305660247803,
      5.442814826965332
    ],
    [
      6.484427452087402,
      9.277118682861328,
      10.458413124084473,
      9.11136531829834,
      28.1431884765625,
      15.221104621887207,
      13.361405372619629,
      10.315630912780762,
      15.055997848510742,
      12.51724624633789,
      14.953805923461914,
      13.455047607421875,
      10.747264862060547,
      11.669377326965332,
      11.70743179321289,
      10.59712028503418,
      10.721369743347168,
      8.737519264221191
    ],
    [
      5.542099952697754,
      8.693897247314453,
      7.150994777679443,
      9.222039222717285,
      15.221104621887207,
      24.09115219116211,
      10.40096664428711,
      12.460345268249512,
      11.541582107543945,
      13.635041236877441,
      12.359458923339844,
      15.386021614074707,
      9.52695369720459,
      13.804473876953125,
      10.5993013381958,
      13.910582542419434,
      10.00993537902832,
      11.68773365020752
    ],
    [
      0.10765431076288223,
      3.6948752403259277,
      3.3112499713897705,
      4.042288780212402,
      13.361405372619629,
      10.40096664428711,
      36.110111236572266,
      21.116474151611328,
      25.3128719329834,
      18.905088424682617,
      15.451021194458008,
      14.347514152526855,
      12.65217113494873,
      13.421708106994629,
      11.439326286315918,
      11.117105484008789,
      8.992940902709961,
      8.820898056030273
    ],
    [
      3.6924214363098145,
      4.906405448913574,
      3.504701852798462,
      4.817478656768799,
      10.315630912780762,
      12.460345268249512,
      21.116474151611328,
      27.29573631286621,
      18.78330421447754,
      19.82975196838379,
      11.586580276489258,
      14.546080589294434,
      10.2214937210083,
      14.766298294067383,
      11.045988082885742,
      14.62646770477295,
      9.621136665344238,
      12.486083984375
    ],
    [
      2.7402892112731934,
      5.164294719696045,
      5.3807053565979,
      6.824774265289307,
      15.055997848510742,
      11.541582107543945,
      25.3128719329834,
      18.78330421447754,
      37.3818244934082,
      24.951662063598633,
      20.977901458740234,
      19.23798942565918,
      16.648988723754883,
      17.93419647216797,
      14.171467781066895,
      15.508244514465332,
      12.146810531616211,
      13.696142196655273
    ],
    [
      5.2320146560668945,
      7.3746747970581055,
      5.86369514465332,
      8.0897216796875,
      12.51724624633789,
      13.635041236877441,
      18.905088424682617,
      19.82975196838379,
      24.951662063598633,
      28.784175872802734,
      15.742737770080566,
      19.1393985748291,
      13.359207153320312,
      17.601856231689453,
      13.468536376953125,
      17.73868179321289,
      12.880023002624512,
      16.51517105102539
    ],
    [
      4.943663120269775,
      6.289241790771484,
      6.709499359130859,
      6.83875036239624,
      14.953805923461914,
      12.359458923339844,
      15.451021194458008,
      11.586580276489258,
      20.977901458740234,
      15.742737770080566,
      35.68784713745117,
      26.952457427978516,
      25.447561264038086,
      25.31108856201172,
      18.17178726196289,
      19.53609275817871,
      12.65008544921875,
      15.612137794494629
    ],
    [
      5.903248310089111,
      8.02983283996582,
      5.841684818267822,
      7.779733180999756,
      13.455047607421875,
      15.386021614074707,
      14.347514152526855,
      14.546080589294434,
      19.23798942565918,
      19.1393985748291,
      26.952457427978516,
      31.376039505004883,
      20.532211303710938,
      26.06128692626953,
      16.763370513916016,
      23.142166137695312,
      13.807536125183105,
      20.193599700927734
    ],
    [
      6.5083909034729,
      3.650294542312622,
      4.998764514923096,
      3.8636088371276855,
      10.747264862060547,
      9.52695369720459,
      12.65217113494873,
      10.2214937210083,
      16.648988723754883,
      13.359207153320312,
      25.447561264038086,
      20.532211303710938,
      33.12531280517578,
      27.85240936279297,
      24.431520462036133,
      24.406816482543945,
      17.749237060546875,
      20.537540435791016
    ],
    [
      6.99547815322876,
      5.075470924377441,
      5.364559173583984,
      5.748232364654541,
      11.669377326965332,
      13.804473876953125,
      13.421708106994629,
      14.766298294067383,
      17.93419647216797,
      17.601856231689453,
      25.31108856201172,
      26.06128692626953,
      27.85240936279297,
      35.94868469238281,
      24.10832977294922,
      30.709333419799805,
      18.454925537109375,
      26.42622184753418
    ],
    [
      6.474724769592285,
      5.576642036437988,
      5.806159019470215,
      5.538943290710449,
      11.70743179321289,
      10.5993013381958,
      11.439326286315918,
      11.045988082885742,
      14.171467781066895,
      13.468536376953125,
      18.17178726196289,
      16.763370513916016,
      24.431520462036133,
      24.10832977294922,
      34.847633361816406,
      32.10415267944336,
      26.9392147064209,
      27.832544326782227
    ],
    [
      7.341720104217529,
      4.232260704040527,
      4.680313587188721,
      5.535170555114746,
      10.59712028503418,
      13.910582542419434,
      11.117105484008789,
      14.62646770477295,
      15.508244514465332,
      17.73868179321289,
      19.53609275817871,
      23.142166137695312,
      24.406816482543945,
      30.709333419799805,
      32.10415267944336,
      44.8672981262207,
      28.40939712524414,
      41.14975357055664
    ],
    [
      7.665362358093262,
      7.501121520996094,
      5.915042877197266,
      6.592305660247803,
      10.721369743347168,
      10.00993537902832,
      8.992940902709961,
      9.621136665344238,
      12.146810531616211,
      12.880023002624512,
      12.65008544921875,
      13.807536125183105,
      17.749237060546875,
      18.454925537109375,
      26.9392147064209,
      28.40939712524414,
      36.27622604370117,
      35.2828483581543
    ],
    [
      8.729272842407227,
      5.591144561767578,
      4.6721978187561035,
      5.442814826965332,
      8.737519264221191,
      11.68773365020752,
      8.820898056030273,
      12.486083984375,
      13.696142196655273,
      16.51517105102539,
      15.612137794494629,
      20.193599700927734,
      20.537540435791016,
      26.42622184753418,
      27.832544326782227,
      41.14975357055664,
      35.2828483581543,
      52.66670227050781
    ]
  ],
  "drr": 13.475708961486816,
  "dynamics": 2.4381654262542725,
  "format": 1245190,
  "frames": 10852352,
  "loudness": -6.436796188354492,
  "loudness_range": 5.4809489250183105,
  "loudness_range_short": 8.137946128845215,
  "peak": 1.1979141235351562,
  "rms": -9.783247947692871,
  "sample_rate": 44100,
  "sections": 1,
  "seekable": 1,
  "sharpness": 2.1814258098602295,
  "space": -7.340840816497803
}