{
  "bands": [
    {
      "high_freq": 148.1999969482422,
      "loudness": -37.99562072753906,
      "loudness_range": 11.887529373168945,
      "mid_mean": -36.12977981567383,
      "mid_to_side_loudness": -3.7613065242767334,
      "mid_to_side_loudness_range": 10.954216003417969,
      "side_mean": -39.9891357421875
    },
    {
      "high_freq": 392.3793640136719,
      "loudness": -31.750877380371094,
      "loudness_range": 11.270631790161133,
      "low_freq": 148.1999969482422,
      "mid_mean": -30.148971557617188,
      "mid_to_side_loudness": -2.7024693489074707,
      "mid_to_side_loudness_range": 9.057607650756836,
      "side_mean": -32.95539474487305
    },
    {
      "high_freq": 794.6976318359375,
      "loudness": -28.706270217895508,
      "loudness_range": 15.584844589233398,
      "low_freq": 392.3793640136719,
      "mid_mean": -26.38007354736328,
      "mid_to_side_loudness": -5.5888190269470215,
      "mid_to_side_loudness_range": 12.95886516571045,
      "side_mean": -32.1989860534668
    },
    {
      "high_freq": 1457.5709228515625,
      "loudness": -31.16168975830078,
      "loudness_range": 22.26848793029785,
      "low_freq": 794.6976318359375,
      "mid_mean": -28.897279739379883,
      "mid_to_side_loudness": -6.4303765296936035,
      "mid_to_side_loudness_range": 17.710857391357422,
      "side_mean": -35.614601135253906
    },
    {
      "high_freq": 2549.74365234375,
      "loudness": -36.80888748168945,
      "loudness_range": 16.568510055541992,
      "low_freq": 1457.5709228515625,
      "mid_mean": -34.289520263671875,
      "mid_to_side_loudness": -6.2454328536987305,
      "mid_to_side_loudness_range": 12.142642974853516,
      "side_mean": -40.76070022583008
    },
    {
      "high_freq": 4349.24462890625,
      "loudness": -39.88631057739258,
      "loudness_range": 19.51070785522461,
      "low_freq": 2549.74365234375,
      "mid_mean": -37.63972473144531,
      "mid_to_side_loudness": -5.260476589202881,
      "mid_to_side_loudness_range": 11.678325653076172,
      "side_mean": -43.12663650512695
    },
    {
      "high_freq": 7314.1640625,
      "loudness": -49.25100326538086,
      "loudness_range": 20.182682037353516,
      "low_freq": 4349.24462890625,
      "mid_mean": -46.89311218261719,
      "mid_to_side_loudness": -5.286303997039795,
      "mid_to_side_loudness_range": 10.33342456817627,
      "side_mean": -52.81837844848633
    },
    {
      "high_freq": 12199.2666015625,
      "loudness": -58.00847244262695,
      "loudness_range": 17.376102447509766,
      "low_freq": 7314.1640625,
      "mid_mean": -56.24728012084961,
      "mid_to_side_loudness": -2.7807631492614746,
      "mid_to_side_loudness_range": 6.413460731506348,
      "side_mean": -58.885841369628906
    },
    {
      "loudness": -61.828800201416016,
      "loudness_range": 7.373558044433594,
      "low_freq": 12199.2666015625,
      "mid_mean": -60.45344543457031,
      "mid_to_side_loudness": -0.6372420787811279,
      "mid_to_side_loudness_range": 1.906492829322815,
      "side_mean": -61.0301513671875
    }
  ],
  "bands_short": [
    {
      "high_freq": 148.1999969482422,
      "loudness": -40.43107223510742,
      "loudness_range": 13.90228271484375,
      "mid_mean": -38.870521545410156,
      "mid_to_side_loudness": -3.355968713760376,
      "mid_to_side_loudness_range": 13.955093383789062,
      "side_mean": -42.327476501464844
    },
    {
      "high_freq": 392.3793640136719,
      "loudness": -31.439674377441406,
      "loudness_range": 10.705459594726562,
      "low_freq": 148.1999969482422,
      "mid_mean": -29.864290237426758,
      "mid_to_side_loudness": -2.787890672683716,
      "mid_to_side_loudness_range": 10.417616844177246,
      "side_mean": -32.7587776184082
    },
    {
      "high_freq": 794.6976318359375,
      "loudness": -30.021102905273438,
      "loudness_range": 16.407733917236328,
      "low_freq": 392.3793640136719,
      "mid_mean": -27.954635620117188,
      "mid_to_side_loudness": -5.095118522644043,
      "mid_to_side_loudness_range": 14.898751258850098,
      "side_mean": -33.28181076049805
    },
    {
      "high_freq": 1457.5709228515625,
      "loudness": -30.410022735595703,
      "loudness_range": 22.33249855041504,
      "low_freq": 794.6976318359375,
      "mid_mean": -28.24610710144043,
      "mid_to_side_loudness": -6.576630592346191,
      "mid_to_side_loudness_range": 20.053123474121094,
      "side_mean": -35.166648864746094
    },
    {
      "high_freq": 2549.74365234375,
      "loudness": -37.31000900268555,
      "loudness_range": 17.044178009033203,
      "low_freq": 1457.5709228515625,
      "mid_mean": -34.9228401184082,
      "mid_to_side_loudness": -6.027854919433594,
      "mid_to_side_loudness_range": 13.665677070617676,
      "side_mean": -41.16301727294922
    },
    {
      "high_freq": 4349.24462890625,
      "loudness": -40.57243347167969,
      "loudness_range": 21.213632583618164,
      "low_freq": 2549.74365234375,
      "mid_mean": -38.48284149169922,
      "mid_to_side_loudness": -4.892073631286621,
      "mid_to_side_loudness_range": 13.126216888427734,
      "side_mean": -43.57509231567383
    },
    {
      "high_freq": 7314.1640625,
      "loudness": -50.225341796875,
      "loudness_range": 22.543895721435547,
      "low_freq": 4349.24462890625,
      "mid_mean": -48.03574752807617,
      "mid_to_side_loudness": -4.889793872833252,
      "mid_to_side_loudness_range": 11.259110450744629,
      "side_mean": -53.43379211425781
    },
    {
      "high_freq": 12199.2666015625,
      "loudness": -59.302391052246094,
      "loudness_range": 17.606605529785156,
      "low_freq": 7314.1640625,
      "mid_mean": -57.56940841674805,
      "mid_to_side_loudness": -2.310859203338623,
      "mid_to_side_loudness_range": 6.710244178771973,
      "side_mean": -59.7403450012207
    },
    {
      "loudness": -62.05194091796875,
      "loudness_range": 7.939216613769531,
      "low_freq": 12199.2666015625,
      "mid_mean": -60.68844985961914,
      "mid_to_side_loudness": -0.5370848774909973,
      "mid_to_side_loudness_range": 2.3154313564300537,
      "side_mean": -61.17598342895508
    }
  ],
  "channels": 2,
  "covariance": [
    [
      22.70355987548828,
      10.509390830993652,
      5.868263244628906,
      7.291604042053223,
      6.650511264801025,
      8.87083625793457,
      6.690869331359863,
      6.725730895996094,
      7.5707106590271,
      8.613887786865234,
      8.985108375549316,
      9.56639289855957,
      11.236042022705078,
      12.926595687866211,
      7.431620121002197,
      6.060935020446777,
      4.092151165008545,
      3.516958475112915
    ],
    [
      10.509390830993652,
      13.9388427734375,
      3.7272374629974365,
      4.0733232498168945,
      2.7585933208465576,
      5.322178363800049,
      4.750830173492432,
      4.828851699829102,
      3.3644039630889893,
      5.530921936035156,
      6.8466644287109375,
      8.490884780883789,
      5.341487884521484,
      8.00139045715332,
      3.610546827316284,
      3.540487051010132,
      2.8414266109466553,
      2.564542055130005
    ],
    [
      5.868263244628906,
      3.7272374629974365,
      18.623380661010742,
      15.26925277709961,
      4.037131309509277,
      4.384488582611084,
      6.614187717437744,
      6.962386131286621,
      6.301321506500244,
      7.263753890991211,
      5.539143085479736,
      5.357938289642334,
      7.518681049346924,
      7.4089813232421875,
      3.981851816177368,
      3.3479926586151123,
      1.975124478340149,
      1.784697413444519
    ],
    [
      7.291604042053223,
      4.0733232498168945,
      15.26925277709961,
      22.44614601135254,
      3.416252613067627,
      5.399899005889893,
      3.137580156326294,
      5.9136152267456055,
      4.861772060394287,
      8.031347274780273,
      3.2506725788116455,
      5.218621730804443,
      5.458090782165527,
      7.019493579864502,
      2.445596694946289,
      2.6531715393066406,
      1.5853954553604126,
      1.5893663167953491
    ],
    [
      6.650511264801025,
      2.7585933208465576,
      4.037131309509277,
      3.416252613067627,
      31.175199508666992,
      20.086563110351562,
      3.3596608638763428,
      7.221864700317383,
      14.623178482055664,
      9.61143970489502,
      11.182159423828125,
      7.650311470031738,
      18.088590621948242,
      14.432332038879395,
      12.74793815612793,
      9.236529350280762,
      4.680527687072754,
      3.5414681434631348
    ],
    [
      8.87083625793457,
      5.322178363800049,
      4.384488582611084,
      5.399899005889893,
      20.086563110351562,
      31.123109817504883,
      3.5906906127929688,
      11.272480010986328,
      10.576752662658691,
      14.010516166687012,
      14.868202209472656,
      16.64948272705078,
      15.825284957885742,
      17.34383201599121,
      12.7869234085083,
      10.94347858428955,
      4.538755416870117,
      3.878509044647217
    ],
    [
      6.690869331359863,
      4.750830173492432,
      6.614187717437744,
      3.137580156326294,
      3.3596608638763428,
      3.5906906127929688,
      61.408565521240234,
      26.826374053955078,
      17.991085052490234,
      14.326614379882812,
      31.647634506225586,
      21.876367568969727,
      26.002099990844727,
      19.211254119873047,
      18.164974212646484,
      12.173065185546875,
      8.701936721801758,
      6.52263069152832
    ],
    [
      6.725730895996094,
      4.828851699829102,
      6.962386131286621,
      5.9136152267456055,
      7.221864700317383,
      11.272480010986328,
      26.826374053955078,
      33.18221664428711,
      15.385547637939453,
      17.847049713134766,
      23.915430068969727,
      24.8114070892334,
      20.065053939819336,
      20.894350051879883,
      13.748560905456543,
      11.980600357055664,
      5.912696838378906,
      4.968759536743164
    ],
    [
      7.5707106590271,
      3.3644039630889893,
      6.301321506500244,
      4.861772060394287,
      14.623178482055664,
      10.576752662658691,
      17.991085052490234,
      15.385547637939453,
      34.01811218261719,
      20.173877716064453,
      26.311391830444336,
      17.256006240844727,
      28.51690101623535,
      20.113628387451172,
      21.60492706298828,
      14.683560371398926,
      6.843698978424072,
      5.05059814453125
    ],
    [
      8.613887786865234,
      5.530921936035156,
      7.263753890991211,
      8.031347274780273,
      9.61143970489502,
      14.010516166687012,
      14.326614379882812,
      17.847049713134766,
      20.173877716064453,
      25.705211639404297,
      23.260786056518555,
      25.893766403198242,
      19.464012145996094,
      21.036169052124023,
      14.306836128234863,
      13.185133934020996,
      5.210858345031738,
      4.655351638793945
    ],
    [
      8.985108375549316,
      6.8466644287109375,
      5.539143085479736,
      3.2506725788116455,
      11.182159423828125,
      14.868202209472656,
      31.647634506225586,
      23.915430068969727,
      26.311391830444336,
      23.260786056518555,
      49.94964599609375,
      40.20173645019531,
      40.25672912597656,
      34.09260559082031,
      30.28125,
      21.812530517578125,
      11.162503242492676,
      8.859170913696289
    ],
    [
      9.56639289855957,
      8.490884780883789,
      5.357938289642334,
      5.218621730804443,
      7.650311470031738,
      16.64948272705078,
      21.876367568969727,
      24.8114070892334,
      17.256006240844727,
      25.893766403198242,
      40.20173645019531,
      50.60865020751953,
      26.106815338134766,
      32.161109924316406,
      18.60855484008789,
      17.9604434967041,
      7.926549434661865,
      7.3691935539245605
    ],
    [
      11.236042022705078,
      5.341487884521484,
      7.518681049346924,
      5.458090782165527,
      18.088590621948242,
      15.825284957885742,
      26.002099990844727,
      20.065053939819336,
      28.51690101623535,
      19.464012145996094,
      40.25672912597656,
      26.106815338134766,
      55.58061981201172,
      42.4482421875,
      36.53394317626953,
      24.97267723083496,
      12.482532501220703,
      9.331796646118164
    ],
    [
      12.926595687866211,
      8.00139045715332,
      7.4089813232421875,
      7.019493579864502,
      14.432332038879395,
      17.34383201599121,
      19.211254119873047,
      20.894350051879883,
      20.113628387451172,
      21.036169052124023,
      34.09260559082031,
      32.161109924316406,
      42.4482421875,
      52.269195556640625,
      34.08461380004883,
      28.299346923828125,
      15.087495803833008,
      13.069519996643066
    ],
    [
      7.431620121002197,
      3.610546827316284,
      3.981851816177368,
      2.445596694946289,
      12.74793815612793,
      12.7869234085083,
      18.164974212646484,
      13.748560905456543,
      21.60492706298828,
      14.306836128234863,
      30.28125,
      18.60855484008789,
      36.53394317626953,
      34.08461380004883,
      39.68937683105469,
      28.387836456298828,
      13.596711158752441,
      10.807119369506836
    ],
    [
      6.060935020446777,
      3.540487051010132,
      3.3479926586151123,
      2.6531715393066406,
      9.236529350280762,
      10.94347858428955,
      12.173065185546875,
      11.980600357055664,
      14.683560371398926,
      13.185133934020996,
      21.812530517578125,
      17.9604434967041,
      24.97267723083496,
      28.299346923828125,
      28.387836456298828,
      23.44478416442871,
      10.452828407287598,
      8.946887016296387
    ],
    [
      4.092151165008545,
      2.8414266109466553,
      1.975124478340149,
      1.5853954553604126,
      4.680527687072754,
      4.538755416870117,
      8.701936721801758,
      5.912696838378906,
      6.843698978424072,
      5.210858345031738,
      11.162503242492676,
      7.926549434661865,
      12.482532501220703,
      15.087495803833008,
      13.596711158752441,
      10.452828407287598,
      8.604432106018066,
      7.104959964752197
    ],
    [
      3.516958475112915,
      2.564542055130005,
      1.784697413444519,
      1.5893663167953491,
      3.5414681434631348,
      3.878509044647217,
      6.52263069152832,
      4.968759536743164,
      5.05059814453125,
      4.655351638793945,
      8.859170913696289,
      7.3691935539245605,
      9.331796646118164,
      13.069519996643066,
      10.807119369506836,
      8.946887016296387,
      7.104959964752197,
      6.2328081130981445
    ]
  ],
  "covariance_short": [
    [
      30.8009090423584,
      13.37399673461914,
      7.6638665199279785,
      8.263472557067871,
      6.837512969970703,
      7.216762065887451,
      7.401033401489258,
      7.074753284454346,
      8.208877563476562,
      8.477928161621094,
      9.809030532836914,
      10.040146827697754,
      11.832147598266602,
      12.080011367797852,
      6.252715587615967,
      5.161073684692383,
      2.681809663772583,
      2.4554479122161865
    ],
    [
      13.37399673461914,
      19.6993465423584,
      4.248276710510254,
      4.995055198669434,
      3.67472505569458,
      4.117835521697998,
      3.788440227508545,
      4.789965629577637,
      3.778993844985962,
      6.142918586730957,
      7.251270294189453,
      9.711519241333008,
      6.609966278076172,
      9.457270622253418,
      3.0948123931884766,
      3.54414963722229,
      1.9766249656677246,
      2.0331006050109863
    ],
    [
      7.6638665199279785,
      4.248276710510254,
      17.176105499267578,
      12.378435134887695,
      6.782958030700684,
      6.293175220489502,
      4.967224597930908,
      6.065192699432373,
      6.0581583976745605,
      7.175260066986084,
      5.6687445640563965,
      5.585664749145508,
      7.87678861618042,
      7.449114799499512,
      4.0918450355529785,
      3.55478835105896,
      2.301548480987549,
      1.968810796737671
    ],
    [
      8.263472557067871,
      4.995055198669434,
      12.378435134887695,
      21.207592010498047,
      5.115910053253174,
      6.73167085647583,
      2.423491954803467,
      4.735538005828857,
      4.984515190124512,
      7.515799045562744,
      3.4659245014190674,
      4.96554708480835,
      6.430599689483643,
      6.763077259063721,
      2.3197128772735596,
      2.4303460121154785,
      1.7631620168685913,
      1.6201540231704712
    ],
    [
      6.837512969970703,
      3.67472505569458,
      6.782958030700684,
      5.115910053253174,
      37.355506896972656,
      21.373477935791016,
      2.233713388442993,
      6.986283302307129,
      11.118070602416992,
      10.414055824279785,
      13.24870491027832,
      11.01799201965332,
      18.4776668548584,
      16.337228775024414,
      12.844783782958984,
      9.458817481994629,
      4.273868560791016,
      3.491811990737915
    ],
    [
      7.216762065887451,
      4.117835521697998,
      6.293175220489502,
      6.73167085647583,
      21.373477935791016,
      34.41671371459961,
      3.89127779006958,
      10.664612770080566,
      9.813136100769043,
      13.755616188049316,
      14.700273513793945,
      17.316038131713867,
      15.987610816955566,
      16.946006774902344,
      11.817460060119629,
      9.567719459533691,
      3.5648927688598633,
      3.2330195903778076
    ],
    [
      7.401033401489258,
      3.788440227508545,
      4.967224597930908,
      2.423491954803467,
      2.233713388442993,
      3.89127779006958,
      65.39689636230469,
      26.136770248413086,
      22.769624710083008,
      13.63520622253418,
      31.679113388061523,
      19.342880249023438,
      29.62818717956543,
      18.8065128326416,
      19.705791473388672,
      12.272918701171875,
      8.772198677062988,
      6.473126411437988
    ],
    [
      7.074753284454346,
      4.789965629577637,
      6.065192699432373,
      4.735538005828857,
      6.986283302307129,
      10.664612770080566,
      26.136770248413086,
      37.259037017822266,
      15.850808143615723,
      17.47781753540039,
      24.469682693481445,
      23.563100814819336,
      21.062665939331055,
      19.98427963256836,
      13.343483924865723,
      11.2149658203125,
      5.746624946594238,
      4.790408134460449
    ],
    [
      8.208877563476562,
      3.778993844985962,
      6.0581583976745605,
      4.984515190124512,
      11.118070602416992,
      9.813136100769043,
      22.769624710083008,
      15.850808143615723,
      38.17424011230469,
      21.33604621887207,
      28.847829818725586,
      19.058435440063477,
      32.24365997314453,
      22.266382217407227,
      21.97580909729004,
      15.132593154907227,
      7.149827480316162,
      5.443539142608643
    ],
    [
      8.477928161621094,
      6.142918586730957,
      7.175260066986084,
      7.515799045562744,
      10.414055824279785,
      13.755616188049316,
      13.63520622253418,
      17.47781753540039,
      21.33604621887207,
      28.498321533203125,
      24.975982666015625,
      26.847854614257812,
      22.328094482421875,
      23.00290870666504,
      14.540602684020996,
      12.917404174804688,
      5.181987285614014,
      4.684858798980713
    ],
    [
      9.809030532836914,
      7.251270294189453,
      5.6687445640563965,
      3.4659245014190674,
      13.24870491027832,
      14.700273513793945,
      31.679113388061523,
      24.469682693481445,
      28.847829818725586,
      24.975982666015625,
      57.01980209350586,
      44.16134262084961,
      47.72161865234375,
      40.19240188598633,
      33.97578048706055,
      24.833740234375,
      12.153775215148926,
      9.719322204589844
    ],
    [
      10.040146827697754,
      9.711519241333008,
      5.585664749145508,
      4.96554708480835,
      11.01799201965332,
      17.316038131713867,
      19.342880249023438,
      23.563100814819336,
      19.058435440063477,
      26.847854614257812,
      44.16134262084961,
      54.29255676269531,
      32.683048248291016,
      37.375091552734375,
      21.873125076293945,
      19.949033737182617,
      8.280665397644043,
      7.664302349090576
    ],
    [
      11.832147598266602,
      6.609966278076172,
      7.87678861618042,
      6.430599689483643,
      18.4776668548584,
      15.987610816955566,
      29.62818717956543,
      21.062665939331055,
      32.24365997314453,
      22.328094482421875,
      47.72161865234375,
      32.683048248291016,
      64.37351989746094,
      48.92189407348633,
      40.71159744262695,
      28.720869064331055,
      14.442680358886719,
      11.139952659606934
    ],
    [
      12.080011367797852,
      9.457270622253418,
      7.449114799499512,
      6.763077259063721,
      16.337228775024414,
      16.946006774902344,
      18.8065128326416,
      19.98427963256836,
      22.266382217407227,
      23.00290870666504,
      40.19240188598633,
      37.375091552734375,
      48.92189407348633,
      56.951786041259766,
      36.02167892456055,
      29.670930862426758,
      15.541396141052246,
      13.6360445022583
    ],
    [
      6.252715587615967,
      3.0948123931884766,
      4.0918450355529785,
      2.3197128772735596,
      12.844783782958984,
      11.817460060119629,
      19.705791473388672,
      13.343483924865723,
      21.97580909729004,
      14.540602684020996,
      33.97578048706055,
      21.873125076293945,
      40.71159744262695,
      36.02167892456055,
      40.81253433227539,
      29.081830978393555,
      14.8216552734375,
      11.871170043945312
    ],
    [
      5.161073684692383,
      3.54414963722229,
      3.55478835105896,
      2.4303460121154785,
      9.458817481994629,
      9.567719459533691,
      12.272918701171875,
      11.2149658203125,
      15.132593154907227,
      12.917404174804688,
      24.833740234375,
      19.949033737182617,
      28.720869064331055,
      29.670930862426758,
      29.081830978393555,
      23.94305419921875,
      11.258504867553711,
      9.737207412719727
    ],
    [
      2.681809663772583,
      1.9766249656677246,
      2.301548480987549,
      1.7631620168685913,
      4.273868560791016,
      3.5648927688598633,
      8.772198677062988,
      5.746624946594238,
      7.149827480316162,
      5.181987285614014,
      12.153775215148926,
      8.280665397644043,
      14.442680358886719,
      15.541396141052246,
      14.8216552734375,
      11.258504867553711,
      9.465785026550293,
      7.693066120147705
    ],
    [
      2.4554479122161865,
      2.0331006050109863,
      1.968810796737671,
      1.6201540231704712,
      3.491811990737915,
      3.2330195903778076,
      6.473126411437988,
      4.790408134460449,
      5.443539142608643,
      4.684858798980713,
      9.719322204589844,
      7.664302349090576,
      11.139952659606934,
      13.6360445022583,
      11.871170043945312,
      9.737207412719727,
      7.693066120147705,
      6.850280284881592
    ]
  ],
  "drr": 7.866342544555664,
  "dynamics": 3.957390069961548,
  "format": 1245190,
  "frames": 9199616,
  "loudness": -19.48288345336914,
  "loudness_range": 11.3292818069458,
  "loudness_range_short": 12.34708023071289,
  "peak": -2.755225896835327,
  "rms": -20.31329917907715,
  "sample_rate": 44100,
  "sections": 1,
  "seekable": 1,
  "sharpness": 1.7923928499221802,
  "space": -5.823237419128418
}