{
  "bands": [
    {
      "high_freq": 148.1999969482422,
      "loudness": -37.65242004394531,
      "loudness_range": 16.973724365234375,
      "mid_mean": -34.94272994995117,
      "mid_to_side_loudness": -7.312894821166992,
      "mid_to_side_loudness_range": 11.727149963378906,
      "side_mean": -42.213966369628906
    },
    {
      "high_freq": 392.3793640136719,
      "loudness": -22.730178833007812,
      "loudness_range": 14.84769058227539,
      "low_freq": 148.1999969482422,
      "mid_mean": -19.95074462890625,
      "mid_to_side_loudness": -6.834319591522217,
      "mid_to_side_loudness_range": 7.641613006591797,
      "side_mean": -26.895944595336914
    },
    {
      "high_freq": 794.6976318359375,
      "loudness": -22.022855758666992,
      "loudness_range": 13.87429428100586,
      "low_freq": 392.3793640136719,
      "mid_mean": -19.494062423706055,
      "mid_to_side_loudness": -6.26377010345459,
      "mid_to_side_loudness_range": 10.647256851196289,
      "side_mean": -25.775184631347656
    },
    {
      "high_freq": 1457.5709228515625,
      "loudness": -27.383079528808594,
      "loudness_range": 14.272552490234375,
      "low_freq": 794.6976318359375,
      "mid_mean": -24.576045989990234,
      "mid_to_side_loudness": -7.153452396392822,
      "mid_to_side_loudness_range": 7.243680953979492,
      "side_mean": -31.73523712158203
    },
    {
      "high_freq": 2549.74365234375,
      "loudness": -30.774051666259766,
      "loudness_range": 16.300642013549805,
      "low_freq": 1457.5709228515625,
      "mid_mean": -28.33553123474121,
      "mid_to_side_loudness": -5.289170265197754,
      "mid_to_side_loudness_range": 6.727952480316162,
      "side_mean": -33.59196472167969
    },
    {
      "high_freq": 4349.24462890625,
      "loudness": -41.646141052246094,
      "loudness_range": 20.012887954711914,
      "low_freq": 2549.74365234375,
      "mid_mean": -39.235511779785156,
      "mid_to_side_loudness": -5.04257869720459,
      "mid_to_side_loudness_range": 6.648352146148682,
      "side_mean": -44.32970428466797
    },
    {
      "high_freq": 7314.1640625,
      "loudness": -59.08063507080078,
      "loudness_range": 24.455677032470703,
      "low_freq": 4349.24462890625,
      "mid_mean": -55.9917106628418,
      "mid_to_side_loudness": -5.317257881164551,
      "mid_to_side_loudness_range": 5.0154032707214355,
      "side_mean": -60.38664245605469
    },
    {
      "high_freq": 12199.2666015625,
      "loudness": -67.02416229248047,
      "loudness_range": 11.301647186279297,
      "low_freq": 7314.1640625,
      "mid_mean": -63.247798919677734,
      "mid_to_side_loudness": -4.909339904785156,
      "mid_to_side_loudness_range": 2.891897439956665,
      "side_mean": -66.46305084228516
    },
    {
      "loudness": -66.52360534667969,
      "loudness_range": 1.9136505126953125,
      "low_freq": 12199.2666015625,
      "mid_mean": -63.21767807006836,
      "mid_to_side_loudness": -4.061699390411377,
      "mid_to_side_loudness_range": 1.2009661197662354,
      "side_mean": -66.05445098876953
    }
  ],
  "bands_short": [
    {
      "high_freq": 148.1999969482422,
      "loudness": -42.31535720825195,
      "loudness_range": 20.067012786865234,
      "mid_mean": -39.1848258972168,
      "mid_to_side_loudness": -11.163437843322754,
      "mid_to_side_loudness_range": 16.01817512512207,
      "side_mean": -50.368621826171875
    },
    {
      "high_freq": 392.3793640136719,
      "loudness": -23.775156021118164,
      "loudness_range": 16.527708053588867,
      "low_freq": 148.1999969482422,
      "mid_mean": -21.02692222595215,
      "mid_to_side_loudness": -6.699420928955078,
      "mid_to_side_loudness_range": 8.834033966064453,
      "side_mean": -27.801593780517578
    },
    {
      "high_freq": 794.6976318359375,
      "loudness": -22.94954490661621,
      "loudness_range": 16.739025115966797,
      "low_freq": 392.3793640136719,
      "mid_mean": -20.634084701538086,
      "mid_to_side_loudness": -5.717528820037842,
      "mid_to_side_loudness_range": 12.467021942138672,
      "side_mean": -26.345571517944336
    },
    {
      "high_freq": 1457.5709228515625,
      "loudness": -28.0958251953125,
      "loudness_range": 17.30015754699707,
      "low_freq": 794.6976318359375,
      "mid_mean": -25.270132064819336,
      "mid_to_side_loudness": -7.343944072723389,
      "mid_to_side_loudness_range": 9.195961952209473,
      "side_mean": -32.707275390625
    },
    {
      "high_freq": 2549.74365234375,
      "loudness": -32.57493591308594,
      "loudness_range": 19.99909019470215,
      "low_freq": 1457.5709228515625,
      "mid_mean": -30.19526481628418,
      "mid_to_side_loudness": -5.291356086730957,
      "mid_to_side_loudness_range": 8.608290672302246,
      "side_mean": -35.48360824584961
    },
    {
      "high_freq": 4349.24462890625,
      "loudness": -43.57304382324219,
      "loudness_range": 24.264265060424805,
      "low_freq": 2549.74365234375,
      "mid_mean": -41.265174865722656,
      "mid_to_side_loudness": -5.083407878875732,
      "mid_to_side_loudness_range": 8.584399223327637,
      "side_mean": -46.39170837402344
    },
    {
      "high_freq": 7314.1640625,
      "loudness": -61.18089294433594,
      "loudness_range": 26.492069244384766,
      "low_freq": 4349.24462890625,
      "mid_mean": -57.94091033935547,
      "mid_to_side_loudness": -5.1363115310668945,
      "mid_to_side_loudness_range": 6.748948097229004,
      "side_mean": -61.900875091552734
    },
    {
      "high_freq": 12199.2666015625,
      "loudness": -67.7584457397461,
      "loudness_range": 9.9677734375,
      "low_freq": 7314.1640625,
      "mid_mean": -63.876529693603516,
      "mid_to_side_loudness": -4.664793014526367,
      "mid_to_side_loudness_range": 3.1077709197998047,
      "side_mean": -66.79035949707031
    },
    {
      "loudness": -66.59098052978516,
      "loudness_range": 2.4449615478515625,
      "low_freq": 12199.2666015625,
      "mid_mean": -63.27589416503906,
      "mid_to_side_loudness": -4.026333332061768,
      "mid_to_side_loudness_range": 1.7626171112060547,
      "side_mean": -66.0826644897461
    }
  ],
  "channels": 2,
  "covariance": [
    [
      33.80351638793945,
      31.56241226196289,
      7.832442283630371,
      8.478535652160645,
      2.041137218475342,
      2.9913129806518555,
      -0.8938805460929871,
      2.2117199897766113,
      1.7785966396331787,
      2.832174777984619,
      -1.551838755607605,
      -0.5303567051887512,
      -0.9584442377090454,
      -0.5865293741226196,
      -0.77632075548172,
      -0.4883372485637665,
      0.10648910701274872,
      -0.037336692214012146
    ],
    [
      31.56241226196289,
      46.365272521972656,
      13.254620552062988,
      13.826156616210938,
      8.48409652709961,
      8.051203727722168,
      4.688661098480225,
      8.655230522155762,
      8.85845947265625,
      9.325027465820312,
      5.8497185707092285,
      7.312441349029541,
      5.334747791290283,
      4.810201168060303,
      -0.013796011917293072,
      -0.2527517080307007,
      0.47447335720062256,
      -0.014545731246471405
    ],
    [
      7.832442283630371,
      13.254620552062988,
      32.27931213378906,
      26.186399459838867,
      15.107583045959473,
      14.923059463500977,
      11.435074806213379,
      14.897119522094727,
      13.930803298950195,
      15.613493919372559,
      12.778806686401367,
      13.21476936340332,
      13.605977058410645,
      11.638673782348633,
      0.9904468059539795,
      -0.14416265487670898,
      0.8464678525924683,
      0.05282899737358093
    ],
    [
      8.478535652160645,
      13.826156616210938,
      26.186399459838867,
      28.224756240844727,
      13.837478637695312,
      15.264710426330566,
      9.495588302612305,
      13.365276336669922,
      10.982258796691895,
      13.409019470214844,
      10.198020935058594,
      11.339837074279785,
      11.490144729614258,
      9.694655418395996,
      0.41379740834236145,
      -0.3935556709766388,
      0.640594482421875,
      0.0030469188932329416
    ],
    [
      2.041137218475342,
      8.48409652709961,
      15.107583045959473,
      13.837478637695312,
      29.515642166137695,
      21.629688262939453,
      20.531700134277344,
      20.02977752685547,
      24.855661392211914,
      23.13641357421875,
      28.17933464050293,
      30.5635929107666,
      29.20136070251465,
      24.47516632080078,
      8.499340057373047,
      4.1753082275390625,
      1.846274495124817,
      0.4548089802265167
    ],
    [
      2.9913129806518555,
      8.051203727722168,
      14.923059463500977,
      15.264710426330566,
      21.629688262939453,
      29.425561904907227,
      16.83302879333496,
      17.769805908203125,
      22.154111862182617,
      19.173320770263672,
      23.513948440551758,
      24.585113525390625,
      25.4989013671875,
      22.017065048217773,
      6.6919684410095215,
      3.303847074508667,
      1.4633198976516724,
      0.3765943944454193
    ],
    [
      -0.8938805460929871,
      4.688661098480225,
      11.435074806213379,
      9.495588302612305,
      20.531700134277344,
      16.83302879333496,
      27.684377670288086,
      23.719524383544922,
      23.781436920166016,
      20.725183486938477,
      26.995038986206055,
      27.59585952758789,
      28.681068420410156,
      24.140655517578125,
      9.681660652160645,
      5.128727436065674,
      2.08389949798584,
      0.5891349911689758
    ],
    [
      2.2117199897766113,
      8.655230522155762,
      14.897119522094727,
      13.365276336669922,
      20.02977752685547,
      17.769805908203125,
      23.719524383544922,
      27.06915855407715,
      23.623144149780273,
      21.848058700561523,
      27.30011558532715,
      28.194303512573242,
      27.850772857666016,
      24.00800323486328,
      9.587835311889648,
      5.349736213684082,
      2.138256788253784,
      0.6368317008018494
    ],
    [
      1.7785966396331787,
      8.85845947265625,
      13.930803298950195,
      10.982258796691895,
      24.855661392211914,
      22.154111862182617,
      23.781436920166016,
      23.623144149780273,
      35.381866455078125,
      30.587570190429688,
      36.18436813354492,
      37.47938537597656,
      37.014469146728516,
      32.04385757446289,
      12.777680397033691,
      7.394956111907959,
      3.0864453315734863,
      1.2156944274902344
    ],
    [
      2.832174777984619,
      9.325027465820312,
      15.613493919372559,
      13.409019470214844,
      23.13641357421875,
      19.173320770263672,
      20.725183486938477,
      21.848058700561523,
      30.587570190429688,
      32.484371185302734,
      34.70747375488281,
      36.61054229736328,
      34.19601821899414,
      29.64068603515625,
      11.092072486877441,
      6.4900007247924805,
      2.785231113433838,
      1.088569164276123
    ],
    [
      -1.551838755607605,
      5.8497185707092285,
      12.778806686401367,
      10.198020935058594,
      28.17933464050293,
      23.513948440551758,
      26.995038986206055,
      27.30011558532715,
      36.18436813354492,
      34.70747375488281,
      51.612606048583984,
      50.58878707885742,
      47.86817169189453,
      41.6934928894043,
      16.643634796142578,
      9.837583541870117,
      3.9279205799102783,
      1.5739129781723022
    ],
    [
      -0.5303567051887512,
      7.312441349029541,
      13.21476936340332,
      11.339837074279785,
      30.5635929107666,
      24.585113525390625,
      27.59585952758789,
      28.194303512573242,
      37.47938537597656,
      36.61054229736328,
      50.58878707885742,
      56.15166473388672,
      48.1502685546875,
      41.612525939941406,
      16.90479278564453,
      9.882451057434082,
      3.739260196685791,
      1.4081673622131348
    ],
    [
      -0.9584442377090454,
      5.334747791290283,
      13.605977058410645,
      11.490144729614258,
      29.20136070251465,
      25.4989013671875,
      28.681068420410156,
      27.850772857666016,
      37.014469146728516,
      34.19601821899414,
      47.86817169189453,
      48.1502685546875,
      57.97863006591797,
      49.35799789428711,
      20.594078063964844,
      12.080340385437012,
      4.683906078338623,
      1.9065011739730835
    ],
    [
      -0.5865293741226196,
      4.810201168060303,
      11.638673782348633,
      9.694655418395996,
      24.47516632080078,
      22.017065048217773,
      24.140655517578125,
      24.00800323486328,
      32.04385757446289,
      29.64068603515625,
      41.6934928894043,
      41.612525939941406,
      49.35799789428711,
      44.628807067871094,
      17.845903396606445,
      10.681790351867676,
      4.05573034286499,
      1.6162445545196533
    ],
    [
      -0.77632075548172,
      -0.013796011917293072,
      0.9904468059539795,
      0.41379740834236145,
      8.499340057373047,
      6.6919684410095215,
      9.681660652160645,
      9.587835311889648,
      12.777680397033691,
      11.092072486877441,
      16.643634796142578,
      16.90479278564453,
      20.594078063964844,
      17.845903396606445,
      13.139338493347168,
      8.497148513793945,
      2.611356258392334,
      1.278465747833252
    ],
    [
      -0.4883372485637665,
      -0.2527517080307007,
      -0.14416265487670898,
      -0.3935556709766388,
      4.1753082275390625,
      3.303847074508667,
      5.128727436065674,
      5.349736213684082,
      7.394956111907959,
      6.4900007247924805,
      9.837583541870117,
      9.882451057434082,
      12.080340385437012,
      10.681790351867676,
      8.497148513793945,
      6.027220726013184,
      1.7572681903839111,
      0.9281826019287109
    ],
    [
      0.10648910701274872,
      0.47447335720062256,
      0.8464678525924683,
      0.640594482421875,
      1.846274495124817,
      1.4633198976516724,
      2.08389949798584,
      2.138256788253784,
      3.0864453315734863,
      2.785231113433838,
      3.9279205799102783,
      3.739260196685791,
      4.683906078338623,
      4.05573034286499,
      2.611356258392334,
      1.7572681903839111,
      0.9098198413848877,
      0.5221826434135437
    ],
    [
      -0.037336692214012146,
      -0.014545731246471405,
      0.05282899737358093,
      0.0030469188932329416,
      0.4548089802265167,
      0.3765943944454193,
      0.5891349911689758,
      0.6368317008018494,
      1.2156944274902344,
      1.088569164276123,
      1.5739129781723022,
      1.4081673622131348,
      1.9065011739730835,
      1.6162445545196533,
      1.278465747833252,
      0.9281826019287109,
      0.5221826434135437,
      0.35512328147888184
    ]
  ],
  "covariance_short": [
    [
      47.80306625366211,
      27.15554428100586,
      9.64651870727539,
      8.746435165405273,
      3.03725528717041,
      2.822622776031494,
      3.1288959980010986,
      4.883111000061035,
      3.9982357025146484,
      5.72073221206665,
      1.9638723134994507,
      2.5739076137542725,
      2.834604501724243,
      3.0486042499542236,
      1.1677769422531128,
      0.8169285655021667,
      0.5175394415855408,
      0.14896216988563538
    ],
    [
      27.15554428100586,
      38.4913330078125,
      15.666314125061035,
      15.189319610595703,
      7.1742753982543945,
      6.785930633544922,
      5.685238361358643,
      8.776162147521973,
      7.666847229003906,
      9.05874252319336,
      5.238685607910156,
      6.359187126159668,
      4.738716125488281,
      4.326915740966797,
      0.9330782890319824,
      0.485250860452652,
      1.0701433420181274,
      0.4295131266117096
    ],
    [
      9.64651870727539,
      15.666314125061035,
      40.301692962646484,
      31.175552368164062,
      22.500085830688477,
      21.843875885009766,
      19.495220184326172,
      22.84593963623047,
      21.378868103027344,
      23.05696678161621,
      21.567920684814453,
      22.103235244750977,
      18.785720825195312,
      16.684627532958984,
      3.359189748764038,
      1.5271490812301636,
      1.6101559400558472,
      0.4096638560295105
    ],
    [
      8.746435165405273,
      15.189319610595703,
      31.175552368164062,
      32.60096740722656,
      19.253381729125977,
      20.71400260925293,
      16.056447982788086,
      20.246564865112305,
      17.130126953125,
      19.607952117919922,
      17.5231876373291,
      19.095212936401367,
      14.39886474609375,
      13.240377426147461,
      2.1879165172576904,
      0.9889903664588928,
      1.176129937171936,
      0.31710344552993774
    ],
    [
      3.03725528717041,
      7.1742753982543945,
      22.500085830688477,
      19.253381729125977,
      41.123958587646484,
      29.764768600463867,
      29.215953826904297,
      28.935991287231445,
      35.11006546020508,
      34.4241828918457,
      39.4630126953125,
      41.34728240966797,
      35.76034927368164,
      30.76546287536621,
      9.427274703979492,
      5.105639457702637,
      2.882340431213379,
      0.9226253628730774
    ],
    [
      2.822622776031494,
      6.785930633544922,
      21.843875885009766,
      20.71400260925293,
      29.764768600463867,
      38.373722076416016,
      24.656925201416016,
      26.928354263305664,
      30.62474822998047,
      29.50487518310547,
      33.95436477661133,
      35.504093170166016,
      30.91791534423828,
      27.30411720275879,
      7.322710990905762,
      4.0032758712768555,
      2.2209537029266357,
      0.7946349382400513
    ],
    [
      3.1288959980010986,
      5.685238361358643,
      19.495220184326172,
      16.056447982788086,
      29.215953826904297,
      24.656925201416016,
      38.07804489135742,
      31.795820236206055,
      34.684566497802734,
      31.70989227294922,
      39.34809875488281,
      38.608612060546875,
      34.5892333984375,
      30.264469146728516,
      10.364483833312988,
      5.7808732986450195,
      3.073674440383911,
      1.0315773487091064
    ],
    [
      4.883111000061035,
      8.776162147521973,
      22.84593963623047,
      20.246564865112305,
      28.935991287231445,
      26.928354263305664,
      31.795820236206055,
      37.355628967285156,
      34.763004302978516,
      33.41445541381836,
      39.363868713378906,
      39.91175842285156,
      34.68198013305664,
      31.198925018310547,
      10.300410270690918,
      6.016282081604004,
      3.064707040786743,
      1.077185869216919
    ],
    [
      3.9982357025146484,
      7.666847229003906,
      21.378868103027344,
      17.130126953125,
      35.11006546020508,
      30.62474822998047,
      34.684566497802734,
      34.763004302978516,
      49.21742630004883,
      43.33659744262695,
      48.70954895019531,
      49.18392562866211,
      43.670074462890625,
      38.227325439453125,
      13.042997360229492,
      7.587876796722412,
      3.846585512161255,
      1.382564902305603
    ],
    [
      5.72073221206665,
      9.05874252319336,
      23.05696678161621,
      19.607952117919922,
      34.4241828918457,
      29.50487518310547,
      31.70989227294922,
      33.41445541381836,
      43.33659744262695,
      47.71958541870117,
      47.31126022338867,
      49.150760650634766,
      40.849056243896484,
      36.43688201904297,
      11.613699913024902,
      6.831218242645264,
      3.52244234085083,
      1.2670300006866455
    ],
    [
      1.9638723134994507,
      5.238685607910156,
      21.567920684814453,
      17.5231876373291,
      39.4630126953125,
      33.95436477661133,
      39.34809875488281,
      39.363868713378906,
      48.70954895019531,
      47.31126022338867,
      67.8662338256836,
      63.40879440307617,
      54.37651824951172,
      47.757354736328125,
      16.68478012084961,
      9.690572738647461,
      4.802199840545654,
      1.7133207321166992
    ],
    [
      2.5739076137542725,
      6.359187126159668,
      22.103235244750977,
      19.095212936401367,
      41.34728240966797,
      35.504093170166016,
      38.608612060546875,
      39.91175842285156,
      49.18392562866211,
      49.150760650634766,
      63.40879440307617,
      69.83194732666016,
      53.2793083190918,
      47.56332778930664,
      16.298208236694336,
      9.692553520202637,
      4.589696884155273,
      1.6631368398666382
    ],
    [
      2.834604501724243,
      4.738716125488281,
      18.785720825195312,
      14.39886474609375,
      35.76034927368164,
      30.91791534423828,
      34.5892333984375,
      34.68198013305664,
      43.670074462890625,
      40.849056243896484,
      54.37651824951172,
      53.2793083190918,
      59.86894989013672,
      50.71924591064453,
      19.40794563293457,
      11.487503051757812,
      5.423832416534424,
      2.0458197593688965
    ],
    [
      3.0486042499542236,
      4.326915740966797,
      16.684627532958984,
      13.240377426147461,
      30.76546287536621,
      27.30411720275879,
      30.264469146728516,
      31.198925018310547,
      38.227325439453125,
      36.43688201904297,
      47.757354736328125,
      47.56332778930664,
      50.71924591064453,
      47.567447662353516,
      16.8151912689209,
      10.321969032287598,
      4.754912853240967,
      1.7907224893569946
    ],
    [
      1.1677769422531128,
      0.9330782890319824,
      3.359189748764038,
      2.1879165172576904,
      9.427274703979492,
      7.322710990905762,
      10.364483833312988,
      10.300410270690918,
      13.042997360229492,
      11.613699913024902,
      16.68478012084961,
      16.298208236694336,
      19.40794563293457,
      16.8151912689209,
      10.846116065979004,
      6.774068832397461,
      2.5607314109802246,
      1.1033145189285278
    ],
    [
      0.8169285655021667,
      0.485250860452652,
      1.5271490812301636,
      0.9889903664588928,
      5.105639457702637,
      4.0032758712768555,
      5.7808732986450195,
      6.016282081604004,
      7.587876796722412,
      6.831218242645264,
      9.690572738647461,
      9.692553520202637,
      11.487503051757812,
      10.321969032287598,
      6.774068832397461,
      4.859427452087402,
      1.6141881942749023,
      0.7665374875068665
    ],
    [
      0.5175394415855408,
      1.0701433420181274,
      1.6101559400558472,
      1.176129937171936,
      2.882340431213379,
      2.2209537029266357,
      3.073674440383911,
      3.064707040786743,
      3.846585512161255,
      3.52244234085083,
      4.802199840545654,
      4.589696884155273,
      5.423832416534424,
      4.754912853240967,
      2.5607314109802246,
      1.6141881942749023,
      1.0078269243240356,
      0.4646369218826294
    ],
    [
      0.14896216988563538,
      0.4295131266117096,
      0.4096638560295105,
      0.31710344552993774,
      0.9226253628730774,
      0.7946349382400513,
      1.0315773487091064,
      1.077185869216919,
      1.382564902305603,
      1.2670300006866455,
      1.7133207321166992,
      1.6631368398666382,
      2.0458197593688965,
      1.7907224893569946,
      1.1033145189285278,
      0.7665374875068665,
      0.4646369218826294,
      0.3147326707839966
    ]
  ],
  "drr": 9.632057189941406,
  "dynamics": 4.125792026519775,
  "format": 1245190,
  "frames": 9672640,
  "loudness": -13.781488418579102,
  "loudness_range": 10.064105033874512,
  "loudness_range_short": 14.353837013244629,
  "peak": 0.22395452857017517,
  "rms": -15.316110610961914,
  "sample_rate": 44100,
  "sections": 1,
  "seekable": 1,
  "sharpness": 4.057494163513184,
  "space": -6.471151351928711
}