{
  "bands": [
    {
      "high_freq": 148.1999969482422,
      "loudness": -18.27825164794922,
      "loudness_range": 13.74830436706543,
      "mid_mean": -14.707144737243652,
      "mid_to_side_loudness": -19.46986198425293,
      "mid_to_side_loudness_range": 16.25732421875,
      "side_mean": -33.180091857910156
    },
    {
      "high_freq": 392.3793640136719,
      "loudness": -19.27532958984375,
      "loudness_range": 11.613783836364746,
      "low_freq": 148.1999969482422,
      "mid_mean": -16.00035858154297,
      "mid_to_side_loudness": -12.81290340423584,
      "mid_to_side_loudness_range": 15.12685489654541,
      "side_mean": -28.693706512451172
    },
    {
      "high_freq": 794.6976318359375,
      "loudness": -23.398700714111328,
      "loudness_range": 12.088272094726562,
      "low_freq": 392.3793640136719,
      "mid_mean": -20.845874786376953,
      "mid_to_side_loudness": -7.152257919311523,
      "mid_to_side_loudness_range": 15.291163444519043,
      "side_mean": -28.179609298706055
    },
    {
      "high_freq": 1457.5709228515625,
      "loudness": -22.85923957824707,
      "loudness_range": 13.051366806030273,
      "low_freq": 794.6976318359375,
      "mid_mean": -20.4613094329834,
      "mid_to_side_loudness": -6.49185848236084,
      "mid_to_side_loudness_range": 14.048802375793457,
      "side_mean": -26.708467483520508
    },
    {
      "high_freq": 2549.74365234375,
      "loudness": -23.521615982055664,
      "loudness_range": 13.129343032836914,
      "low_freq": 1457.5709228515625,
      "mid_mean": -21.083932876586914,
      "mid_to_side_loudness": -7.00286340713501,
      "mid_to_side_loudness_range": 14.85712718963623,
      "side_mean": -27.9981689453125
    },
    {
      "high_freq": 4349.24462890625,
      "loudness": -27.137264251708984,
      "loudness_range": 18.604408264160156,
      "low_freq": 2549.74365234375,
      "mid_mean": -24.578340530395508,
      "mid_to_side_loudness": -6.927703380584717,
      "mid_to_side_loudness_range": 14.296850204467773,
      "side_mean": -31.57349395751953
    },
    {
      "high_freq": 7314.1640625,
      "loudness": -23.99626350402832,
      "loudness_range": 11.347108840942383,
      "low_freq": 4349.24462890625,
      "mid_mean": -21.30626678466797,
      "mid_to_side_loudness": -7.352161407470703,
      "mid_to_side_loudness_range": 14.47424030303955,
      "side_mean": -29.595458984375
    },
    {
      "high_freq": 12199.2666015625,
      "loudness": -23.72208595275879,
      "loudness_range": 11.924753189086914,
      "low_freq": 7314.1640625,
      "mid_mean": -21.00691032409668,
      "mid_to_side_loudness": -8.327661514282227,
      "mid_to_side_loudness_range": 16.009435653686523,
      "side_mean": -29.718753814697266
    },
    {
      "loudness": -26.991748809814453,
      "loudness_range": 8.41273307800293,
      "low_freq": 12199.2666015625,
      "mid_mean": -24.109100341796875,
      "mid_to_side_loudness": -8.36286449432373,
      "mid_to_side_loudness_range": 11.642412185668945,
      "side_mean": -32.732017517089844
    }
  ],
  "bands_short": [
    {
      "high_freq": 148.1999969482422,
      "loudness": -22.075775146484375,
      "loudness_range": 21.605247497558594,
      "mid_mean": -18.627212524414062,
      "mid_to_side_loudness": -20.293594360351562,
      "mid_to_side_loudness_range": 25.18968963623047,
      "side_mean": -37.303558349609375
    },
    {
      "high_freq": 392.3793640136719,
      "loudness": -20.231021881103516,
      "loudness_range": 19.477886199951172,
      "low_freq": 148.1999969482422,
      "mid_mean": -17.10847282409668,
      "mid_to_side_loudness": -12.32116413116455,
      "mid_to_side_loudness_range": 18.62453842163086,
      "side_mean": -29.4898681640625
    },
    {
      "high_freq": 794.6976318359375,
      "loudness": -24.87209129333496,
      "loudness_range": 17.00861167907715,
      "low_freq": 392.3793640136719,
      "mid_mean": -22.58779525756836,
      "mid_to_side_loudness": -6.723918437957764,
      "mid_to_side_loudness_range": 20.50692367553711,
      "side_mean": -29.73312759399414
    },
    {
      "high_freq": 1457.5709228515625,
      "loudness": -23.602243423461914,
      "loudness_range": 16.93303871154785,
      "low_freq": 794.6976318359375,
      "mid_mean": -21.341825485229492,
      "mid_to_side_loudness": -6.456995964050293,
      "mid_to_side_loudness_range": 16.94426727294922,
      "side_mean": -27.75643539428711
    },
    {
      "high_freq": 2549.74365234375,
      "loudness": -24.665809631347656,
      "loudness_range": 17.268383026123047,
      "low_freq": 1457.5709228515625,
      "mid_mean": -22.45533561706543,
      "mid_to_side_loudness": -6.618884086608887,
      "mid_to_side_loudness_range": 17.678625106811523,
      "side_mean": -28.911849975585938
    },
    {
      "high_freq": 4349.24462890625,
      "loudness": -28.572460174560547,
      "loudness_range": 22.94724464416504,
      "low_freq": 2549.74365234375,
      "mid_mean": -26.106033325195312,
      "mid_to_side_loudness": -6.488735675811768,
      "mid_to_side_loudness_range": 15.907819747924805,
      "side_mean": -32.85576629638672
    },
    {
      "high_freq": 7314.1640625,
      "loudness": -26.28696632385254,
      "loudness_range": 23.146743774414062,
      "low_freq": 4349.24462890625,
      "mid_mean": -23.997652053833008,
      "mid_to_side_loudness": -6.543598651885986,
      "mid_to_side_loudness_range": 16.07345199584961,
      "side_mean": -31.554439544677734
    },
    {
      "high_freq": 12199.2666015625,
      "loudness": -26.135021209716797,
      "loudness_range": 21.851451873779297,
      "low_freq": 7314.1640625,
      "mid_mean": -23.827999114990234,
      "mid_to_side_loudness": -7.490047931671143,
      "mid_to_side_loudness_range": 16.922414779663086,
      "side_mean": -32.134521484375
    },
    {
      "loudness": -30.492626190185547,
      "loudness_range": 22.258121490478516,
      "low_freq": 12199.2666015625,
      "mid_mean": -28.29828453063965,
      "mid_to_side_loudness": -7.294796466827393,
      "mid_to_side_loudness_range": 14.150871276855469,
      "side_mean": -36.07670211791992
    }
  ],
  "channels": 2,
  "covariance": [
    [
      31.113162994384766,
      26.344545364379883,
      17.565359115600586,
      18.990158081054688,
      10.747635841369629,
      8.597325325012207,
      9.0948486328125,
      8.07873821258545,
      11.344614028930664,
      14.364356994628906,
      13.029190063476562,
      13.492488861083984,
      7.024918079376221,
      14.721212387084961,
      5.554917812347412,
      9.624649047851562,
      3.607642412185669,
      6.768906116485596
    ],
    [
      26.344545364379883,
      59.94144058227539,
      20.152172088623047,
      39.34737014770508,
      7.262018203735352,
      13.812896728515625,
      6.023514747619629,
      16.698387145996094,
      9.478690147399902,
      27.565628051757812,
      6.956353664398193,
      17.21033477783203,
      4.885368347167969,
      13.737425804138184,
      7.144766807556152,
      17.416400909423828,
      1.0224579572677612,
      8.529412269592285
    ],
    [
      17.565359115600586,
      20.152172088623047,
      25.973621368408203,
      20.21331024169922,
      12.388436317443848,
      7.99484920501709,
      8.668416023254395,
      6.612570762634277,
      12.891539573669434,
      14.318882942199707,
      17.327457427978516,
      16.490259170532227,
      11.319758415222168,
      15.084095001220703,
      9.622471809387207,
      10.52599811553955,
      7.2391252517700195,
      7.269759178161621
    ],
    [
      18.990158081054688,
      39.34737014770508,
      20.21331024169922,
      46.81751251220703,
      10.381893157958984,
      22.54582405090332,
      9.293737411499023,
      21.165287017822266,
      13.002178192138672,
      32.312713623046875,
      14.342119216918945,
      26.564897537231445,
      7.752302169799805,
      20.55008316040039,
      8.257896423339844,
      22.22532844543457,
      2.9877641201019287,
      12.4822998046875
    ],
    [
      10.747635841369629,
      7.262018203735352,
      12.388436317443848,
      10.381893157958984,
      21.134357452392578,
      18.42877197265625,
      17.540855407714844,
      14.23576831817627,
      14.292518615722656,
      11.36543083190918,
      19.907630920410156,
      18.49441909790039,
      11.496767044067383,
      19.993406295776367,
      10.470296859741211,
      12.874211311340332,
      7.649353981018066,
      9.932721138000488
    ],
    [
      8.597325325012207,
      13.812896728515625,
      7.99484920501709,
      22.54582405090332,
      18.42877197265625,
      50.40477752685547,
      22.627023696899414,
      37.28607177734375,
      12.351178169250488,
      26.54840660095215,
      15.831282615661621,
      31.70734977722168,
      10.216778755187988,
      32.49567794799805,
      9.779267311096191,
      29.694252014160156,
      5.21092414855957,
      18.35468864440918
    ],
    [
      9.0948486328125,
      6.023514747619629,
      8.668416023254395,
      9.293737411499023,
      17.540855407714844,
      22.627023696899414,
      27.441884994506836,
      22.711267471313477,
      16.769615173339844,
      15.228343963623047,
      17.96465301513672,
      20.88653564453125,
      9.231561660766602,
      21.549114227294922,
      8.666226387023926,
      15.21873950958252,
      6.427217483520508,
      11.599802017211914
    ],
    [
      8.07873821258545,
      16.698387145996094,
      6.612570762634277,
      21.165287017822266,
      14.23576831817627,
      37.28607177734375,
      22.711267471313477,
      44.90672302246094,
      14.048291206359863,
      33.71382522583008,
      14.450243949890137,
      31.5341796875,
      8.982950210571289,
      29.026447296142578,
      9.36340618133545,
      28.570051193237305,
      3.904165267944336,
      17.061872482299805
    ],
    [
      11.344614028930664,
      9.478690147399902,
      12.891539573669434,
      13.002178192138672,
      14.292518615722656,
      12.351178169250488,
      16.769615173339844,
      14.048291206359863,
      26.33806800842285,
      19.474775314331055,
      26.13013458251953,
      23.936552047729492,
      12.135058403015137,
      21.6993408203125,
      10.457533836364746,
      15.301462173461914,
      5.716297626495361,
      10.463532447814941
    ],
    [
      14.364356994628906,
      27.565628051757812,
      14.318882942199707,
      32.312713623046875,
      11.36543083190918,
      26.54840660095215,
      15.228343963623047,
      33.71382522583008,
      19.474775314331055,
      49.31205749511719,
      20.795103073120117,
      40.050048828125,
      9.865532875061035,
      30.874732971191406,
      9.723031044006348,
      30.878082275390625,
      3.7416398525238037,
      17.540193557739258
    ],
    [
      13.029190063476562,
      6.956353664398193,
      17.327457427978516,
      14.342119216918945,
      19.907630920410156,
      15.831282615661621,
      17.96465301513672,
      14.450243949890137,
      26.13013458251953,
      20.795103073120117,
      46.01220703125,
      36.330169677734375,
      22.23114776611328,
      36.012718200683594,
      15.288117408752441,
      20.080947875976562,
      8.6529541015625,
      13.834966659545898
    ],
    [
      13.492488861083984,
      17.21033477783203,
      16.490259170532227,
      26.564897537231445,
      18.49441909790039,
      31.70734977722168,
      20.88653564453125,
      31.5341796875,
      23.936552047729492,
      40.050048828125,
      36.330169677734375,
      55.00487518310547,
      19.739652633666992,
      49.12152862548828,
      14.628934860229492,
      39.33665084838867,
      7.493834018707275,
      24.86216926574707
    ],
    [
      7.024918079376221,
      4.885368347167969,
      11.319758415222168,
      7.752302169799805,
      11.496767044067383,
      10.216778755187988,
      9.231561660766602,
      8.982950210571289,
      12.135058403015137,
      9.865532875061035,
      22.23114776611328,
      19.739652633666992,
      26.168743133544922,
      26.39052391052246,
      15.958832740783691,
      19.06955337524414,
      8.990134239196777,
      12.052889823913574
    ],
    [
      14.721212387084961,
      13.737425804138184,
      15.084095001220703,
      20.55008316040039,
      19.993406295776367,
      32.49567794799805,
      21.549114227294922,
      29.026447296142578,
      21.6993408203125,
      30.874732971191406,
      36.012718200683594,
      49.12152862548828,
      26.39052391052246,
      63.24785232543945,
      17.4589786529541,
      45.34736251831055,
      8.171594619750977,
      27.703962326049805
    ],
    [
      5.554917812347412,
      7.144766807556152,
      9.622471809387207,
      8.257896423339844,
      10.470296859741211,
      9.779267311096191,
      8.666226387023926,
      9.36340618133545,
      10.457533836364746,
      9.723031044006348,
      15.288117408752441,
      14.628934860229492,
      15.958832740783691,
      17.4589786529541,
      21.130556106567383,
      20.326129913330078,
      12.494266510009766,
      14.307010650634766
    ],
    [
      9.624649047851562,
      17.416400909423828,
      10.52599811553955,
      22.22532844543457,
      12.874211311340332,
      29.694252014160156,
      15.21873950958252,
      28.570051193237305,
      15.301462173461914,
      30.878082275390625,
      20.080947875976562,
      39.33665084838867,
      19.06955337524414,
      45.34736251831055,
      20.326129913330078,
      50.568397521972656,
      9.74143123626709,
      30.48941993713379
    ],
    [
      3.607642412185669,
      1.0224579572677612,
      7.2391252517700195,
      2.9877641201019287,
      7.649353981018066,
      5.21092414855957,
      6.427217483520508,
      3.904165267944336,
      5.716297626495361,
      3.7416398525238037,
      8.6529541015625,
      7.493834018707275,
      8.990134239196777,
      8.171594619750977,
      12.494266510009766,
      9.74143123626709,
      15.511804580688477,
      11.74623966217041
    ],
    [
      6.768906116485596,
      8.529412269592285,
      7.269759178161621,
      12.4822998046875,
      9.932721138000488,
      18.35468864440918,
      11.599802017211914,
      17.061872482299805,
      10.463532447814941,
      17.540193557739258,
      13.834966659545898,
      24.86216926574707,
      12.052889823913574,
      27.703962326049805,
      14.307010650634766,
      30.48941993713379,
      11.74623966217041,
      25.39130401611328
    ]
  ],
  "covariance_short": [
    [
      60.58250427246094,
      38.39396667480469,
      36.212501525878906,
      29.600618362426758,
      16.89394760131836,
      12.343307495117188,
      10.224347114562988,
      11.90234088897705,
      18.03994369506836,
      20.979276657104492,
      18.581687927246094,
      18.967226028442383,
      12.651166915893555,
      17.118011474609375,
      13.656665802001953,
      16.5806941986084,
      13.526203155517578,
      13.944729804992676
    ],
    [
      38.39396667480469,
      88.09721374511719,
      34.6036262512207,
      51.390625,
      11.100505828857422,
      18.208759307861328,
      6.678267955780029,
      18.06245994567871,
      10.409152030944824,
      27.81156349182129,
      8.029509544372559,
      15.607417106628418,
      4.692723274230957,
      11.465888023376465,
      9.771403312683105,
      17.767349243164062,
      2.710571765899658,
      8.252432823181152
    ],
    [
      36.212501525878906,
      34.6036262512207,
      52.7200927734375,
      36.66299819946289,
      20.778514862060547,
      11.927877426147461,
      9.771010398864746,
      8.36272144317627,
      19.709035873413086,
      22.67933464050293,
      23.279603958129883,
      22.451141357421875,
      15.473079681396484,
      18.989126205444336,
      17.314579010009766,
      18.2573299407959,
      17.064069747924805,
      15.42320442199707
    ],
    [
      29.600618362426758,
      51.390625,
      36.66299819946289,
      68.06497192382812,
      15.898787498474121,
      26.98356056213379,
      9.729373931884766,
      24.17913055419922,
      16.560226440429688,
      36.569435119628906,
      17.791486740112305,
      28.70658302307129,
      10.73051929473877,
      21.813928604125977,
      15.440145492553711,
      28.321857452392578,
      11.825387001037598,
      20.069591522216797
    ],
    [
      16.89394760131836,
      11.100505828857422,
      20.778514862060547,
      15.898787498474121,
      41.360633850097656,
      28.178133010864258,
      26.344667434692383,
      20.217336654663086,
      23.774024963378906,
      18.11504364013672,
      25.20016098022461,
      24.879188537597656,
      20.923410415649414,
      28.14542007446289,
      18.327123641967773,
      21.718250274658203,
      20.06804847717285,
      20.29732894897461
    ],
    [
      12.343307495117188,
      18.208759307861328,
      11.927877426147461,
      26.98356056213379,
      28.178133010864258,
      68.94104766845703,
      28.216901779174805,
      46.348323822021484,
      19.596208572387695,
      33.225276947021484,
      19.162355422973633,
      37.91253662109375,
      19.103740692138672,
      42.060333251953125,
      17.630516052246094,
      39.43955993652344,
      17.39731216430664,
      31.41480827331543
    ],
    [
      10.224347114562988,
      6.678267955780029,
      9.771010398864746,
      9.729373931884766,
      26.344667434692383,
      28.216901779174805,
      42.98902893066406,
      29.87388038635254,
      26.662818908691406,
      19.900346755981445,
      22.496410369873047,
      26.655902862548828,
      18.63998794555664,
      30.261323928833008,
      14.706454277038574,
      22.277259826660156,
      14.627276420593262,
      19.165721893310547
    ],
    [
      11.90234088897705,
      18.06245994567871,
      8.36272144317627,
      24.17913055419922,
      20.217336654663086,
      46.348323822021484,
      29.87388038635254,
      59.178157806396484,
      20.74570655822754,
      42.23406982421875,
      18.28171157836914,
      39.16214370727539,
      16.699249267578125,
      37.48830795288086,
      15.791655540466309,
      36.680179595947266,
      11.986048698425293,
      26.613615036010742
    ],
    [
      18.03994369506836,
      10.409152030944824,
      19.709035873413086,
      16.560226440429688,
      23.774024963378906,
      19.596208572387695,
      26.662818908691406,
      20.74570655822754,
      43.737422943115234,
      30.1710205078125,
      37.487152099609375,
      34.01011276245117,
      25.501937866210938,
      32.72502517700195,
      21.718286514282227,
      25.79742431640625,
      18.592878341674805,
      22.384632110595703
    ],
    [
      20.979276657104492,
      27.81156349182129,
      22.67933464050293,
      36.569435119628906,
      18.11504364013672,
      33.225276947021484,
      19.900346755981445,
      42.23406982421875,
      30.1710205078125,
      61.24106216430664,
      29.956764221191406,
      49.47800827026367,
      20.01568031311035,
      40.00757598876953,
      20.738910675048828,
      41.46759033203125,
      15.371305465698242,
      30.87867546081543
    ],
    [
      18.581687927246094,
      8.029509544372559,
      23.279603958129883,
      17.791486740112305,
      25.20016098022461,
      19.162355422973633,
      22.496410369873047,
      18.28171157836914,
      37.487152099609375,
      29.956764221191406,
      65.14494323730469,
      51.3226432800293,
      47.05499267578125,
      53.397796630859375,
      36.504539489746094,
      41.060882568359375,
      31.68857192993164,
      37.400150299072266
    ],
    [
      18.967226028442383,
      15.607417106628418,
      22.451141357421875,
      28.70658302307129,
      24.879188537597656,
      37.91253662109375,
      26.655902862548828,
      39.16214370727539,
      34.01011276245117,
      49.47800827026367,
      51.3226432800293,
      77.11494445800781,
      40.643653869628906,
      71.13262176513672,
      33.869178771972656,
      61.529544830322266,
      30.295108795166016,
      51.012855529785156
    ],
    [
      12.651166915893555,
      4.692723274230957,
      15.473079681396484,
      10.73051929473877,
      20.923410415649414,
      19.103740692138672,
      18.63998794555664,
      16.699249267578125,
      25.501937866210938,
      20.01568031311035,
      47.05499267578125,
      40.643653869628906,
      70.2249755859375,
      61.64987564086914,
      52.94027328491211,
      52.50008010864258,
      45.27791976928711,
      46.414024353027344
    ],
    [
      17.118011474609375,
      11.465888023376465,
      18.989126205444336,
      21.813928604125977,
      28.14542007446289,
      42.060333251953125,
      30.261323928833008,
      37.48830795288086,
      32.72502517700195,
      40.00757598876953,
      53.397796630859375,
      71.13262176513672,
      61.64987564086914,
      104.89494323730469,
      48.3526611328125,
      85.4961929321289,
      43.30882263183594,
      71.68161010742188
    ],
    [
      13.656665802001953,
      9.771403312683105,
      17.314579010009766,
      15.440145492553711,
      18.327123641967773,
      17.630516052246094,
      14.706454277038574,
      15.791655540466309,
      21.718286514282227,
      20.738910675048828,
      36.504539489746094,
      33.869178771972656,
      52.94027328491211,
      48.3526611328125,
      67.23918151855469,
      56.801910400390625,
      56.11369705200195,
      50.67060852050781
    ],
    [
      16.5806941986084,
      17.767349243164062,
      18.2573299407959,
      28.321857452392578,
      21.718250274658203,
      39.43955993652344,
      22.277259826660156,
      36.680179595947266,
      25.79742431640625,
      41.46759033203125,
      41.060882568359375,
      61.529544830322266,
      52.50008010864258,
      85.4961929321289,
      56.801910400390625,
      105.38232421875,
      51.47883987426758,
      84.27167510986328
    ],
    [
      13.526203155517578,
      2.710571765899658,
      17.064069747924805,
      11.825387001037598,
      20.06804847717285,
      17.39731216430664,
      14.627276420593262,
      11.986048698425293,
      18.592878341674805,
      15.371305465698242,
      31.68857192993164,
      30.295108795166016,
      45.27791976928711,
      43.30882263183594,
      56.11369705200195,
      51.47883987426758,
      71.75532531738281,
      58.39140319824219
    ],
    [
      13.944729804992676,
      8.252432823181152,
      15.42320442199707,
      20.069591522216797,
      20.29732894897461,
      31.41480827331543,
      19.165721893310547,
      26.613615036010742,
      22.384632110595703,
      30.87867546081543,
      37.400150299072266,
      51.012855529785156,
      46.414024353027344,
      71.68161010742188,
      50.67060852050781,
      84.27167510986328,
      58.39140319824219,
      91.40311431884766
    ]
  ],
  "drr": 17.93585777282715,
  "dynamics": 3.085042715072632,
  "format": 1245190,
  "frames": 12043200,
  "loudness": -8.430868148803711,
  "loudness_range": 7.109189510345459,
  "loudness_range_short": 11.956332206726074,
  "peak": 0.9840443134307861,
  "rms": -10.574176788330078,
  "sample_rate": 44100,
  "sections": 1,
  "seekable": 1,
  "sharpness": 3.4275662899017334,
  "space": -9.144102096557617
}