{
  "bands": [
    {
      "high_freq": 148.1999969482422,
      "loudness": -18.434974670410156,
      "loudness_range": 14.130424499511719,
      "mid_mean": -15.105340003967285,
      "mid_to_side_loudness": -16.466197967529297,
      "mid_to_side_loudness_range": 19.4656982421875,
      "side_mean": -33.0257568359375
    },
    {
      "high_freq": 392.3793640136719,
      "loudness": -21.40342903137207,
      "loudness_range": 9.663850784301758,
      "low_freq": 148.1999969482422,
      "mid_mean": -18.978837966918945,
      "mid_to_side_loudness": -5.64137601852417,
      "mid_to_side_loudness_range": 9.359567642211914,
      "side_mean": -24.620296478271484
    },
    {
      "high_freq": 794.6976318359375,
      "loudness": -23.133987426757812,
      "loudness_range": 9.954011917114258,
      "low_freq": 392.3793640136719,
      "mid_mean": -21.242168426513672,
      "mid_to_side_loudness": -3.7271134853363037,
      "mid_to_side_loudness_range": 8.916780471801758,
      "side_mean": -24.914199829101562
    },
    {
      "high_freq": 1457.5709228515625,
      "loudness": -23.350196838378906,
      "loudness_range": 9.89794921875,
      "low_freq": 794.6976318359375,
      "mid_mean": -21.42182731628418,
      "mid_to_side_loudness": -3.7009761333465576,
      "mid_to_side_loudness_range": 8.300191879272461,
      "side_mean": -25.044553756713867
    },
    {
      "high_freq": 2549.74365234375,
      "loudness": -22.37202262878418,
      "loudness_range": 10.61558723449707,
      "low_freq": 1457.5709228515625,
      "mid_mean": -20.14174461364746,
      "mid_to_side_loudness": -4.447475910186768,
      "mid_to_side_loudness_range": 6.771010398864746,
      "side_mean": -24.517803192138672
    },
    {
      "high_freq": 4349.24462890625,
      "loudness": -21.319290161132812,
      "loudness_range": 10.852319717407227,
      "low_freq": 2549.74365234375,
      "mid_mean": -18.77897071838379,
      "mid_to_side_loudness": -5.531522750854492,
      "mid_to_side_loudness_range": 5.492734909057617,
      "side_mean": -24.464357376098633
    },
    {
      "high_freq": 7314.1640625,
      "loudness": -24.98448371887207,
      "loudness_range": 14.602054595947266,
      "low_freq": 4349.24462890625,
      "mid_mean": -22.08147430419922,
      "mid_to_side_loudness": -6.963401794433594,
      "mid_to_side_loudness_range": 6.646911144256592,
      "side_mean": -29.5125732421875
    },
    {
      "high_freq": 12199.2666015625,
      "loudness": -29.452877044677734,
      "loudness_range": 15.259462356567383,
      "low_freq": 7314.1640625,
      "mid_mean": -26.829166412353516,
      "mid_to_side_loudness": -6.261233806610107,
      "mid_to_side_loudness_range": 7.667285919189453,
      "side_mean": -33.401973724365234
    },
    {
      "loudness": -35.731014251708984,
      "loudness_range": 15.533170700073242,
      "low_freq": 12199.2666015625,
      "mid_mean": -33.10516357421875,
      "mid_to_side_loudness": -6.2665486335754395,
      "mid_to_side_loudness_range": 10.468096733093262,
      "side_mean": -39.831871032714844
    }
  ],
  "bands_short": [
    {
      "high_freq": 148.1999969482422,
      "loudness": -19.97303581237793,
      "loudness_range": 17.874324798583984,
      "mid_mean": -16.665382385253906,
      "mid_to_side_loudness": -18.045888900756836,
      "mid_to_side_loudness_range": 23.73412322998047,
      "side_mean": -36.81304931640625
    },
    {
      "high_freq": 392.3793640136719,
      "loudness": -20.788991928100586,
      "loudness_range": 12.325096130371094,
      "low_freq": 148.1999969482422,
      "mid_mean": -18.29554557800293,
      "mid_to_side_loudness": -6.300675868988037,
      "mid_to_side_loudness_range": 12.240585327148438,
      "side_mean": -24.666227340698242
    },
    {
      "high_freq": 794.6976318359375,
      "loudness": -23.98179054260254,
      "loudness_range": 11.931880950927734,
      "low_freq": 392.3793640136719,
      "mid_mean": -22.302473068237305,
      "mid_to_side_loudness": -3.406085729598999,
      "mid_to_side_loudness_range": 12.07846450805664,
      "side_mean": -25.714048385620117
    },
    {
      "high_freq": 1457.5709228515625,
      "loudness": -23.553808212280273,
      "loudness_range": 11.804716110229492,
      "low_freq": 794.6976318359375,
      "mid_mean": -21.723608016967773,
      "mid_to_side_loudness": -3.829885721206665,
      "mid_to_side_loudness_range": 10.985001564025879,
      "side_mean": -25.50056266784668
    },
    {
      "high_freq": 2549.74365234375,
      "loudness": -23.03557014465332,
      "loudness_range": 12.813634872436523,
      "low_freq": 1457.5709228515625,
      "mid_mean": -20.932781219482422,
      "mid_to_side_loudness": -4.388036251068115,
      "mid_to_side_loudness_range": 8.968208312988281,
      "side_mean": -25.259248733520508
    },
    {
      "high_freq": 4349.24462890625,
      "loudness": -21.79029083251953,
      "loudness_range": 14.471165657043457,
      "low_freq": 2549.74365234375,
      "mid_mean": -19.39410400390625,
      "mid_to_side_loudness": -5.243075370788574,
      "mid_to_side_loudness_range": 7.143064498901367,
      "side_mean": -24.735868453979492
    },
    {
      "high_freq": 7314.1640625,
      "loudness": -25.798717498779297,
      "loudness_range": 18.134536743164062,
      "low_freq": 4349.24462890625,
      "mid_mean": -23.04376792907715,
      "mid_to_side_loudness": -6.689385414123535,
      "mid_to_side_loudness_range": 7.95949649810791,
      "side_mean": -30.13927459716797
    },
    {
      "high_freq": 12199.2666015625,
      "loudness": -30.39069366455078,
      "loudness_range": 18.81793785095215,
      "low_freq": 7314.1640625,
      "mid_mean": -27.889238357543945,
      "mid_to_side_loudness": -6.319136142730713,
      "mid_to_side_loudness_range": 9.181290626525879,
      "side_mean": -34.542171478271484
    },
    {
      "loudness": -36.877235412597656,
      "loudness_range": 20.6157169342041,
      "low_freq": 12199.2666015625,
      "mid_mean": -34.3970832824707,
      "mid_to_side_loudness": -6.344583988189697,
      "mid_to_side_loudness_range": 11.19208812713623,
      "side_mean": -41.20409393310547
    }
  ],
  "channels": 2,
  "covariance": [
    [
      42.81511688232422,
      14.266312599182129,
      17.13543701171875,
      8.36580753326416,
      9.243240356445312,
      3.7453465461730957,
      3.825298309326172,
      3.647766351699829,
      4.943975448608398,
      4.157524108886719,
      10.863066673278809,
      6.51788330078125,
      16.425336837768555,
      11.310258865356445,
      16.83174705505371,
      12.64320182800293,
      16.894739151000977,
      16.13658905029297
    ],
    [
      14.266312599182129,
      28.476688385009766,
      12.201691627502441,
      10.135866165161133,
      8.131958961486816,
      5.233363628387451,
      4.963895320892334,
      3.4223546981811523,
      7.723449230194092,
      6.012099266052246,
      10.342391967773438,
      9.211119651794434,
      8.71756649017334,
      7.433925628662109,
      8.15023422241211,
      5.942643165588379,
      7.976848125457764,
      6.544891834259033
    ],
    [
      17.13543701171875,
      12.201691627502441,
      21.85934829711914,
      13.050795555114746,
      12.365912437438965,
      7.785506248474121,
      8.098340034484863,
      6.3048577308654785,
      10.91665267944336,
      8.9900541305542,
      13.954670906066895,
      11.163077354431152,
      14.053380012512207,
      12.640902519226074,
      15.380975723266602,
      11.95807933807373,
      13.778257369995117,
      11.689207077026367
    ],
    [
      8.36580753326416,
      10.135866165161133,
      13.050795555114746,
      16.037277221679688,
      9.780193328857422,
      7.259492874145508,
      6.550339698791504,
      5.41124153137207,
      8.796866416931152,
      7.894543170928955,
      10.285332679748535,
      9.448729515075684,
      7.851497173309326,
      7.927971363067627,
      9.295035362243652,
      7.3374857902526855,
      8.946159362792969,
      6.9492411613464355
    ],
    [
      9.243240356445312,
      8.131958961486816,
      12.365912437438965,
      9.780193328857422,
      20.164613723754883,
      10.971060752868652,
      11.633329391479492,
      8.928815841674805,
      15.560155868530273,
      13.11251449584961,
      14.360880851745605,
      13.46788501739502,
      11.944530487060547,
      11.506413459777832,
      12.743184089660645,
      10.711289405822754,
      12.74475383758545,
      11.557781219482422
    ],
    [
      3.7453465461730957,
      5.233363628387451,
      7.785506248474121,
      7.259492874145508,
      10.971060752868652,
      12.73112678527832,
      7.832932472229004,
      7.550869941711426,
      9.722124099731445,
      8.7308988571167,
      8.731602668762207,
      8.592632293701172,
      7.179964065551758,
      7.849015235900879,
      8.000218391418457,
      6.4910383224487305,
      8.228272438049316,
      7.038383960723877
    ],
    [
      3.825298309326172,
      4.963895320892334,
      8.098340034484863,
      6.550339698791504,
      11.633329391479492,
      7.832932472229004,
      17.855318069458008,
      11.084385871887207,
      13.953999519348145,
      11.641973495483398,
      12.8228178024292,
      11.897282600402832,
      10.658125877380371,
      11.203252792358398,
      10.535691261291504,
      9.218896865844727,
      9.530044555664062,
      9.273585319519043
    ],
    [
      3.647766351699829,
      3.4223546981811523,
      6.3048577308654785,
      5.41124153137207,
      8.928815841674805,
      7.550869941711426,
      11.084385871887207,
      13.584875106811523,
      9.458098411560059,
      10.069445610046387,
      7.812460422515869,
      8.300220489501953,
      7.093356132507324,
      7.604119777679443,
      8.409651756286621,
      6.645593166351318,
      7.979348659515381,
      6.684037208557129
    ],
    [
      4.943975448608398,
      7.723449230194092,
      10.91665267944336,
      8.796866416931152,
      15.560155868530273,
      9.722124099731445,
      13.953999519348145,
      9.458098411560059,
      23.000757217407227,
      16.300430297851562,
      18.906652450561523,
      17.327945709228516,
      13.014139175415039,
      14.40278434753418,
      12.535208702087402,
      12.810454368591309,
      12.500588417053223,
      13.69586181640625
    ],
    [
      4.157524108886719,
      6.012099266052246,
      8.9900541305542,
      7.894543170928955,
      13.11251449584961,
      8.7308988571167,
      11.641973495483398,
      10.069445610046387,
      16.300430297851562,
      15.648974418640137,
      13.456550598144531,
      13.802264213562012,
      9.871079444885254,
      11.205854415893555,
      11.247879981994629,
      10.548686027526855,
      11.068459510803223,
      11.22561264038086
    ],
    [
      10.863066673278809,
      10.342391967773438,
      13.954670906066895,
      10.285332679748535,
      14.360880851745605,
      8.731602668762207,
      12.8228178024292,
      7.812460422515869,
      18.906652450561523,
      13.456550598144531,
      26.84674072265625,
      20.885276794433594,
      22.006223678588867,
      22.4638729095459,
      18.191177368164062,
      18.54865837097168,
      13.178974151611328,
      16.84210968017578
    ],
    [
      6.51788330078125,
      9.211119651794434,
      11.163077354431152,
      9.448729515075684,
      13.46788501739502,
      8.592632293701172,
      11.897282600402832,
      8.300220489501953,
      17.327945709228516,
      13.802264213562012,
      20.885276794433594,
      21.221092224121094,
      16.763648986816406,
      18.39795684814453,
      14.385488510131836,
      15.85130786895752,
      11.45109748840332,
      14.842416763305664
    ],
    [
      16.425336837768555,
      8.71756649017334,
      14.053380012512207,
      7.851497173309326,
      11.944530487060547,
      7.179964065551758,
      10.658125877380371,
      7.093356132507324,
      13.014139175415039,
      9.871079444885254,
      22.006223678588867,
      16.763648986816406,
      31.795387268066406,
      26.313570022583008,
      27.261030197143555,
      24.890233993530273,
      19.346424102783203,
      23.463909149169922
    ],
    [
      11.310258865356445,
      7.433925628662109,
      12.640902519226074,
      7.927971363067627,
      11.506413459777832,
      7.849015235900879,
      11.203252792358398,
      7.604119777679443,
      14.40278434753418,
      11.205854415893555,
      22.4638729095459,
      18.39795684814453,
      26.313570022583008,
      29.650848388671875,
      23.348114013671875,
      23.4030818939209,
      15.802640914916992,
      21.219736099243164
    ],
    [
      16.83174705505371,
      8.15023422241211,
      15.380975723266602,
      9.295035362243652,
      12.743184089660645,
      8.000218391418457,
      10.535691261291504,
      8.409651756286621,
      12.535208702087402,
      11.247879981994629,
      18.191177368164062,
      14.385488510131836,
      27.261030197143555,
      23.348114013671875,
      32.98337173461914,
      26.993778228759766,
      27.118675231933594,
      27.819013595581055
    ],
    [
      12.64320182800293,
      5.942643165588379,
      11.95807933807373,
      7.3374857902526855,
      10.711289405822754,
      6.4910383224487305,
      9.218896865844727,
      6.645593166351318,
      12.810454368591309,
      10.548686027526855,
      18.54865837097168,
      15.85130786895752,
      24.890233993530273,
      23.4030818939209,
      26.993778228759766,
      31.264554977416992,
      23.581361770629883,
      32.3743896484375
    ],
    [
      16.894739151000977,
      7.976848125457764,
      13.778257369995117,
      8.946159362792969,
      12.74475383758545,
      8.228272438049316,
      9.530044555664062,
      7.979348659515381,
      12.500588417053223,
      11.068459510803223,
      13.178974151611328,
      11.45109748840332,
      19.346424102783203,
      15.802640914916992,
      27.118675231933594,
      23.581361770629883,
      37.240848541259766,
      34.066429138183594
    ],
    [
      16.13658905029297,
      6.544891834259033,
      11.689207077026367,
      6.9492411613464355,
      11.557781219482422,
      7.038383960723877,
      9.273585319519043,
      6.684037208557129,
      13.69586181640625,
      11.22561264038086,
      16.84210968017578,
      14.842416763305664,
      23.463909149169922,
      21.219736099243164,
      27.819013595581055,
      32.3743896484375,
      34.066429138183594,
      45.5268669128418
    ]
  ],
  "covariance_short": [
    [
      53.201332092285156,
      16.076332092285156,
      17.57554054260254,
      8.158589363098145,
      9.729910850524902,
      4.151541709899902,
      3.70458722114563,
      4.351983070373535,
      4.6873345375061035,
      5.081811428070068,
      8.078240394592285,
      5.461841106414795,
      14.174050331115723,
      8.931143760681152,
      17.085344314575195,
      11.554976463317871,
      18.61211585998535,
      14.76839542388916
    ],
    [
      16.076332092285156,
      41.677940368652344,
      15.348526000976562,
      13.083593368530273,
      10.607516288757324,
      7.72119665145874,
      7.346013069152832,
      6.660052299499512,
      9.491898536682129,
      8.987916946411133,
      9.72187614440918,
      8.798737525939941,
      9.041909217834473,
      7.062817096710205,
      9.856117248535156,
      6.017424583435059,
      12.267366409301758,
      8.014358520507812
    ],
    [
      17.57554054260254,
      15.348526000976562,
      27.905061721801758,
      14.018263816833496,
      13.933867454528809,
      8.783971786499023,
      9.370641708374023,
      7.535220623016357,
      12.060701370239258,
      10.62925910949707,
      14.431201934814453,
      11.400691032409668,
      15.544434547424316,
      12.547165870666504,
      16.58795928955078,
      12.684179306030273,
      16.3990535736084,
      12.62042236328125
    ],
    [
      8.158589363098145,
      13.083593368530273,
      14.018263816833496,
      19.68468475341797,
      10.476619720458984,
      9.206689834594727,
      7.477912425994873,
      6.876754283905029,
      9.423909187316895,
      9.546870231628418,
      10.51712703704834,
      9.7272310256958,
      8.474418640136719,
      7.670100212097168,
      9.509346008300781,
      6.601079940795898,
      10.0104341506958,
      6.708828449249268
    ],
    [
      9.729910850524902,
      10.607516288757324,
      13.933867454528809,
      10.476619720458984,
      26.47005844116211,
      13.560895919799805,
      14.024127006530762,
      11.401389122009277,
      17.997467041015625,
      15.05272388458252,
      17.571266174316406,
      15.438750267028809,
      16.192157745361328,
      14.445613861083984,
      16.363719940185547,
      13.372086524963379,
      17.407066345214844,
      14.597407341003418
    ],
    [
      4.151541709899902,
      7.72119665145874,
      8.783971786499023,
      9.206689834594727,
      13.560895919799805,
      19.10174560546875,
      10.06726360321045,
      9.872971534729004,
      11.851431846618652,
      11.355273246765137,
      11.774901390075684,
      11.2192964553833,
      10.238901138305664,
      9.653217315673828,
      10.421658515930176,
      7.755386829376221,
      11.096710205078125,
      8.66024398803711
    ],
    [
      3.70458722114563,
      7.346013069152832,
      9.370641708374023,
      7.477912425994873,
      14.024127006530762,
      10.06726360321045,
      23.85169219970703,
      13.719504356384277,
      17.117855072021484,
      14.131778717041016,
      16.703157424926758,
      14.61902904510498,
      15.093317985534668,
      14.3455171585083,
      14.4852294921875,
      12.307942390441895,
      14.137218475341797,
      12.567896842956543
    ],
    [
      4.351983070373535,
      6.660052299499512,
      7.535220623016357,
      6.876754283905029,
      11.401389122009277,
      9.872971534729004,
      13.719504356384277,
      18.801769256591797,
      12.311539649963379,
      12.844874382019043,
      11.301358222961426,
      11.46473217010498,
      11.113081932067871,
      10.708940505981445,
      11.691975593566895,
      9.166593551635742,
      11.685583114624023,
      9.772740364074707
    ],
    [
      4.6873345375061035,
      9.491898536682129,
      12.060701370239258,
      9.423909187316895,
      17.997467041015625,
      11.851431846618652,
      17.117855072021484,
      12.311539649963379,
      29.51371192932129,
      20.01413917541504,
      24.437110900878906,
      21.20773696899414,
      19.621925354003906,
      18.654857635498047,
      18.171138763427734,
      17.12128448486328,
      18.995052337646484,
      18.42510223388672
    ],
    [
      5.081811428070068,
      8.987916946411133,
      10.62925910949707,
      9.546870231628418,
      15.05272388458252,
      11.355273246765137,
      14.131778717041016,
      12.844874382019043,
      20.01413917541504,
      21.2658748626709,
      17.87022590637207,
      17.244691848754883,
      15.261324882507324,
      15.053154945373535,
      15.70068073272705,
      13.798053741455078,
      16.19270896911621,
      15.240047454833984
    ],
    [
      8.078240394592285,
      9.72187614440918,
      14.431201934814453,
      10.51712703704834,
      17.571266174316406,
      11.774901390075684,
      16.703157424926758,
      11.301358222961426,
      24.437110900878906,
      17.87022590637207,
      35.861045837402344,
      26.823091506958008,
      31.378427505493164,
      29.383190155029297,
      27.367799758911133,
      26.17418670654297,
      22.659786224365234,
      24.014551162719727
    ],
    [
      5.461841106414795,
      8.798737525939941,
      11.400691032409668,
      9.7272310256958,
      15.438750267028809,
      11.2192964553833,
      14.61902904510498,
      11.46473217010498,
      21.20773696899414,
      17.244691848754883,
      26.823091506958008,
      26.891315460205078,
      23.907873153686523,
      24.167577743530273,
      21.286867141723633,
      21.610382080078125,
      18.53533935546875,
      20.609310150146484
    ],
    [
      14.174050331115723,
      9.041909217834473,
      15.544434547424316,
      8.474418640136719,
      16.192157745361328,
      10.238901138305664,
      15.093317985534668,
      11.113081932067871,
      19.621925354003906,
      15.261324882507324,
      31.378427505493164,
      23.907873153686523,
      47.479129791259766,
      38.44182205200195,
      41.906333923339844,
      38.15146255493164,
      33.74774169921875,
      34.89818572998047
    ],
    [
      8.931143760681152,
      7.062817096710205,
      12.547165870666504,
      7.670100212097168,
      14.445613861083984,
      9.653217315673828,
      14.3455171585083,
      10.708940505981445,
      18.654857635498047,
      15.053154945373535,
      29.383190155029297,
      24.167577743530273,
      38.44182205200195,
      40.872039794921875,
      35.293846130371094,
      35.57976531982422,
      26.622652053833008,
      32.098182678222656
    ],
    [
      17.085344314575195,
      9.856117248535156,
      16.58795928955078,
      9.509346008300781,
      16.363719940185547,
      10.421658515930176,
      14.4852294921875,
      11.691975593566895,
      18.171138763427734,
      15.70068073272705,
      27.367799758911133,
      21.286867141723633,
      41.906333923339844,
      35.293846130371094,
      50.69849395751953,
      41.95211410522461,
      43.935707092285156,
      42.99889373779297
    ],
    [
      11.554976463317871,
      6.017424583435059,
      12.684179306030273,
      6.601079940795898,
      13.372086524963379,
      7.755386829376221,
      12.307942390441895,
      9.166593551635742,
      17.12128448486328,
      13.798053741455078,
      26.17418670654297,
      21.610382080078125,
      38.15146255493164,
      35.57976531982422,
      41.95211410522461,
      47.66819763183594,
      38.64053726196289,
      47.801780700683594
    ],
    [
      18.61211585998535,
      12.267366409301758,
      16.3990535736084,
      10.0104341506958,
      17.407066345214844,
      11.096710205078125,
      14.137218475341797,
      11.685583114624023,
      18.995052337646484,
      16.19270896911621,
      22.659786224365234,
      18.53533935546875,
      33.74774169921875,
      26.622652053833008,
      43.935707092285156,
      38.64053726196289,
      62.86367416381836,
      55.27985763549805
    ],
    [
      14.76839542388916,
      8.014358520507812,
      12.62042236328125,
      6.708828449249268,
      14.597407341003418,
      8.66024398803711,
      12.567896842956543,
      9.772740364074707,
      18.42510223388672,
      15.240047454833984,
      24.014551162719727,
      20.609310150146484,
      34.89818572998047,
      32.098182678222656,
      42.99889373779297,
      47.801780700683594,
      55.27985763549805,
      67.64137268066406
    ]
  ],
  "drr": 11.57524299621582,
  "dynamics": 2.821084499359131,
  "format": 1245190,
  "frames": 10852352,
  "loudness": -9.067715644836426,
  "loudness_range": 7.535172462463379,
  "loudness_range_short": 9.196102142333984,
  "peak": 0.6950637102127075,
  "rms": -11.371789932250977,
  "sample_rate": 44100,
  "sections": 1,
  "seekable": 1,
  "sharpness": 1.7380949258804321,
  "space": -6.847681522369385
}