{
  "bands": [
    {
      "high_freq": 148.1999969482422,
      "loudness": -19.47605323791504,
      "loudness_range": 11.55703353881836,
      "mid_mean": -15.925742149353027,
      "mid_to_side_loudness": -17.99996566772461,
      "mid_to_side_loudness_range": 12.794775009155273,
      "side_mean": -34.38806915283203
    },
    {
      "high_freq": 392.3793640136719,
      "loudness": -23.0889835357666,
      "loudness_range": 7.692712783813477,
      "low_freq": 148.1999969482422,
      "mid_mean": -20.164457321166992,
      "mid_to_side_loudness": -8.684693336486816,
      "mid_to_side_loudness_range": 10.618130683898926,
      "side_mean": -28.72188377380371
    },
    {
      "high_freq": 794.6976318359375,
      "loudness": -25.974315643310547,
      "loudness_range": 12.205142974853516,
      "low_freq": 392.3793640136719,
      "mid_mean": -23.091020584106445,
      "mid_to_side_loudness": -8.448986053466797,
      "mid_to_side_loudness_range": 11.383963584899902,
      "side_mean": -31.254907608032227
    },
    {
      "high_freq": 1457.5709228515625,
      "loudness": -29.621328353881836,
      "loudness_range": 18.77172088623047,
      "low_freq": 794.6976318359375,
      "mid_mean": -26.591066360473633,
      "mid_to_side_loudness": -10.25549602508545,
      "mid_to_side_loudness_range": 13.229543685913086,
      "side_mean": -36.662574768066406
    },
    {
      "high_freq": 2549.74365234375,
      "loudness": -27.929712295532227,
      "loudness_range": 22.36685562133789,
      "low_freq": 1457.5709228515625,
      "mid_mean": -24.886411666870117,
      "mid_to_side_loudness": -10.611359596252441,
      "mid_to_side_loudness_range": 14.460135459899902,
      "side_mean": -35.61787414550781
    },
    {
      "high_freq": 4349.24462890625,
      "loudness": -29.208051681518555,
      "loudness_range": 24.345733642578125,
      "low_freq": 2549.74365234375,
      "mid_mean": -26.089962005615234,
      "mid_to_side_loudness": -11.546350479125977,
      "mid_to_side_loudness_range": 16.550384521484375,
      "side_mean": -38.06119155883789
    },
    {
      "high_freq": 7314.1640625,
      "loudness": -33.497825622558594,
      "loudness_range": 20.289100646972656,
      "low_freq": 4349.24462890625,
      "mid_mean": -30.39472198486328,
      "mid_to_side_loudness": -11.797314643859863,
      "mid_to_side_loudness_range": 16.85613250732422,
      "side_mean": -42.341400146484375
    },
    {
      "high_freq": 12199.2666015625,
      "loudness": -38.23860168457031,
      "loudness_range": 21.015750885009766,
      "low_freq": 7314.1640625,
      "mid_mean": -35.14182662963867,
      "mid_to_side_loudness": -11.031407356262207,
      "mid_to_side_loudness_range": 18.29465103149414,
      "side_mean": -46.460933685302734
    },
    {
      "loudness": -43.41053771972656,
      "loudness_range": 22.08047103881836,
      "low_freq": 12199.2666015625,
      "mid_mean": -40.60687255859375,
      "mid_to_side_loudness": -9.274826049804688,
      "mid_to_side_loudness_range": 20.94681739807129,
      "side_mean": -50.5184440612793
    }
  ],
  "bands_short": [
    {
      "high_freq": 148.1999969482422,
      "loudness": -22.128559112548828,
      "loudness_range": 19.43185043334961,
      "mid_mean": -18.460960388183594,
      "mid_to_side_loudness": -18.306358337402344,
      "mid_to_side_loudness_range": 20.9090518951416,
      "side_mean": -38.83240509033203
    },
    {
      "high_freq": 392.3793640136719,
      "loudness": -22.909622192382812,
      "loudness_range": 13.015357971191406,
      "low_freq": 148.1999969482422,
      "mid_mean": -19.99456214904785,
      "mid_to_side_loudness": -9.193878173828125,
      "mid_to_side_loudness_range": 14.461014747619629,
      "side_mean": -29.165571212768555
    },
    {
      "high_freq": 794.6976318359375,
      "loudness": -25.909669876098633,
      "loudness_range": 13.325809478759766,
      "low_freq": 392.3793640136719,
      "mid_mean": -23.234384536743164,
      "mid_to_side_loudness": -7.970245361328125,
      "mid_to_side_loudness_range": 14.552474021911621,
      "side_mean": -31.081787109375
    },
    {
      "high_freq": 1457.5709228515625,
      "loudness": -30.619380950927734,
      "loudness_range": 21.262619018554688,
      "low_freq": 794.6976318359375,
      "mid_mean": -27.871740341186523,
      "mid_to_side_loudness": -8.978404998779297,
      "mid_to_side_loudness_range": 16.90542984008789,
      "side_mean": -37.236141204833984
    },
    {
      "high_freq": 2549.74365234375,
      "loudness": -29.623933792114258,
      "loudness_range": 25.3681697845459,
      "low_freq": 1457.5709228515625,
      "mid_mean": -26.925817489624023,
      "mid_to_side_loudness": -8.868518829345703,
      "mid_to_side_loudness_range": 18.129348754882812,
      "side_mean": -36.63172149658203
    },
    {
      "high_freq": 4349.24462890625,
      "loudness": -31.031023025512695,
      "loudness_range": 27.48216438293457,
      "low_freq": 2549.74365234375,
      "mid_mean": -28.297481536865234,
      "mid_to_side_loudness": -8.991779327392578,
      "mid_to_side_loudness_range": 17.785810470581055,
      "side_mean": -38.5964241027832
    },
    {
      "high_freq": 7314.1640625,
      "loudness": -36.508705139160156,
      "loudness_range": 24.397960662841797,
      "low_freq": 4349.24462890625,
      "mid_mean": -33.73992156982422,
      "mid_to_side_loudness": -8.486796379089355,
      "mid_to_side_loudness_range": 15.577383995056152,
      "side_mean": -43.498844146728516
    },
    {
      "high_freq": 12199.2666015625,
      "loudness": -43.0919075012207,
      "loudness_range": 25.229026794433594,
      "low_freq": 7314.1640625,
      "mid_mean": -40.48772048950195,
      "mid_to_side_loudness": -7.024074554443359,
      "mid_to_side_loudness_range": 12.726515769958496,
      "side_mean": -50.13300704956055
    },
    {
      "loudness": -49.90421676635742,
      "loudness_range": 31.54488182067871,
      "low_freq": 12199.2666015625,
      "mid_mean": -48.115169525146484,
      "mid_to_side_loudness": -5.150418281555176,
      "mid_to_side_loudness_range": 14.437963485717773,
      "side_mean": -55.35413360595703
    }
  ],
  "channels": 2,
  "covariance": [
    [
      26.846059799194336,
      19.12235450744629,
      5.052775859832764,
      5.891745090484619,
      2.2122576236724854,
      4.11287784576416,
      -0.32002928853034973,
      2.6566126346588135,
      1.4631338119506836,
      5.448885440826416,
      -4.41858434677124,
      3.0702202320098877,
      -4.457556247711182,
      3.7231180667877197,
      -6.003170967102051,
      3.509071111679077,
      -6.723808288574219,
      2.4530301094055176
    ],
    [
      19.12235450744629,
      31.628311157226562,
      6.631716728210449,
      9.022494316101074,
      1.1608216762542725,
      2.108914375305176,
      0.06280344724655151,
      2.080533981323242,
      -2.0206735134124756,
      -0.22549183666706085,
      -4.085831642150879,
      0.8882991671562195,
      -1.1329476833343506,
      4.1790971755981445,
      -0.6367931365966797,
      5.13268518447876,
      -2.8268072605133057,
      2.4601776599884033
    ],
    [
      5.052775859832764,
      6.631716728210449,
      14.553619384765625,
      8.954368591308594,
      5.08882474899292,
      3.38008713722229,
      5.217782497406006,
      3.5671944618225098,
      5.951655864715576,
      3.650200605392456,
      3.8118934631347656,
      3.4872519969940186,
      5.95244836807251,
      4.108767032623291,
      6.878528118133545,
      6.1239333152771,
      7.024570465087891,
      2.7279956340789795
    ],
    [
      5.891745090484619,
      9.022494316101074,
      8.954368591308594,
      18.888681411743164,
      7.406603813171387,
      7.080409526824951,
      4.534749984741211,
      5.773338317871094,
      7.59653902053833,
      8.130961418151855,
      5.2743964195251465,
      8.493223190307617,
      4.3075079917907715,
      7.767629146575928,
      3.423245906829834,
      8.930810928344727,
      2.9955923557281494,
      5.399338722229004
    ],
    [
      2.2122576236724854,
      1.1608216762542725,
      5.08882474899292,
      7.406603813171387,
      25.48495864868164,
      16.33057403564453,
      18.61212921142578,
      15.016773223876953,
      27.745943069458008,
      19.089630126953125,
      27.02397918701172,
      21.321142196655273,
      19.14650535583496,
      13.576165199279785,
      9.011929512023926,
      7.561178684234619,
      7.926505088806152,
      6.619985580444336
    ],
    [
      4.11287784576416,
      2.108914375305176,
      3.38008713722229,
      7.080409526824951,
      16.33057403564453,
      23.78447723388672,
      12.722963333129883,
      16.802885055541992,
      16.358978271484375,
      17.62373924255371,
      14.568827629089355,
      17.215635299682617,
      10.364304542541504,
      10.28599739074707,
      5.203362464904785,
      5.329247951507568,
      7.037846565246582,
      6.657418727874756
    ],
    [
      -0.32002928853034973,
      0.06280344724655151,
      5.217782497406006,
      4.534749984741211,
      18.61212921142578,
      12.722963333129883,
      46.403865814208984,
      27.303003311157227,
      38.662879943847656,
      24.967498779296875,
      44.47389602661133,
      31.05069923400879,
      32.59269332885742,
      19.90941047668457,
      20.635074615478516,
      10.748645782470703,
      17.83974838256836,
      6.765868186950684
    ],
    [
      2.6566126346588135,
      2.080533981323242,
      3.5671944618225098,
      5.773338317871094,
      15.016773223876953,
      16.802885055541992,
      27.303003311157227,
      32.04945755004883,
      21.963335037231445,
      21.735595703125,
      23.091386795043945,
      25.100055694580078,
      16.8447322845459,
      15.78971004486084,
      10.383362770080566,
      8.914703369140625,
      9.552210807800293,
      6.513080596923828
    ],
    [
      1.4631338119506836,
      -2.0206735134124756,
      5.951655864715576,
      7.59653902053833,
      27.745943069458008,
      16.358978271484375,
      38.662879943847656,
      21.963335037231445,
      66.6223373413086,
      39.541473388671875,
      63.957115173339844,
      41.00236511230469,
      46.204994201660156,
      24.178308486938477,
      25.608261108398438,
      11.72946548461914,
      22.836519241333008,
      8.699692726135254
    ],
    [
      5.448885440826416,
      -0.22549183666706085,
      3.650200605392456,
      8.130961418151855,
      19.089630126953125,
      17.62373924255371,
      24.967498779296875,
      21.735595703125,
      39.541473388671875,
      40.05031204223633,
      34.18977355957031,
      35.706993103027344,
      21.086244583129883,
      19.960908889770508,
      7.404266357421875,
      7.659025192260742,
      7.034895896911621,
      6.620716571807861
    ],
    [
      -4.41858434677124,
      -4.085831642150879,
      3.8118934631347656,
      5.2743964195251465,
      27.02397918701172,
      14.568827629089355,
      44.47389602661133,
      23.091386795043945,
      63.957115173339844,
      34.18977355957031,
      81.4036636352539,
      45.10832977294922,
      58.82038116455078,
      27.095834732055664,
      35.0885124206543,
      11.855706214904785,
      31.370014190673828,
      9.824392318725586
    ],
    [
      3.0702202320098877,
      0.8882991671562195,
      3.4872519969940186,
      8.493223190307617,
      21.321142196655273,
      17.215635299682617,
      31.05069923400879,
      25.100055694580078,
      41.00236511230469,
      35.706993103027344,
      45.10832977294922,
      45.45610046386719,
      29.266677856445312,
      26.553773880004883,
      12.190818786621094,
      12.006662368774414,
      9.489930152893066,
      9.397491455078125
    ],
    [
      -4.457556247711182,
      -1.1329476833343506,
      5.95244836807251,
      4.3075079917907715,
      19.14650535583496,
      10.364304542541504,
      32.59269332885742,
      16.8447322845459,
      46.204994201660156,
      21.086244583129883,
      58.82038116455078,
      29.266677856445312,
      60.98244094848633,
      24.05847930908203,
      48.33211898803711,
      16.758825302124023,
      45.87825012207031,
      10.341048240661621
    ],
    [
      3.7231180667877197,
      4.1790971755981445,
      4.108767032623291,
      7.767629146575928,
      13.576165199279785,
      10.28599739074707,
      19.90941047668457,
      15.78971004486084,
      24.178308486938477,
      19.960908889770508,
      27.095834732055664,
      26.553773880004883,
      24.05847930908203,
      24.668380737304688,
      16.147010803222656,
      16.617572784423828,
      13.256104469299316,
      10.358665466308594
    ],
    [
      -6.003170967102051,
      -0.6367931365966797,
      6.878528118133545,
      3.423245906829834,
      9.011929512023926,
      5.203362464904785,
      20.635074615478516,
      10.383362770080566,
      25.608261108398438,
      7.404266357421875,
      35.0885124206543,
      12.190818786621094,
      48.33211898803711,
      16.147010803222656,
      58.67154312133789,
      20.899293899536133,
      58.849586486816406,
      11.270150184631348
    ],
    [
      3.509071111679077,
      5.13268518447876,
      6.1239333152771,
      8.930810928344727,
      7.561178684234619,
      5.329247951507568,
      10.748645782470703,
      8.914703369140625,
      11.72946548461914,
      7.659025192260742,
      11.855706214904785,
      12.006662368774414,
      16.758825302124023,
      16.617572784423828,
      20.899293899536133,
      23.863920211791992,
      20.50882911682129,
      13.498108863830566
    ],
    [
      -6.723808288574219,
      -2.8268072605133057,
      7.024570465087891,
      2.9955923557281494,
      7.926505088806152,
      7.037846565246582,
      17.83974838256836,
      9.552210807800293,
      22.836519241333008,
      7.034895896911621,
      31.370014190673828,
      9.489930152893066,
      45.87825012207031,
      13.256104469299316,
      58.849586486816406,
      20.50882911682129,
      68.47625732421875,
      14.096556663513184
    ],
    [
      2.4530301094055176,
      2.4601776599884033,
      2.7279956340789795,
      5.399338722229004,
      6.619985580444336,
      6.657418727874756,
      6.765868186950684,
      6.513080596923828,
      8.699692726135254,
      6.620716571807861,
      9.824392318725586,
      9.397491455078125,
      10.341048240661621,
      10.358665466308594,
      11.270150184631348,
      13.498108863830566,
      14.096556663513184,
      22.583890914916992
    ]
  ],
  "covariance_short": [
    [
      52.97677230834961,
      27.212738037109375,
      12.287005424499512,
      13.173808097839355,
      1.6443523168563843,
      4.904240608215332,
      -1.4575445652008057,
      3.5311496257781982,
      0.9620233178138733,
      3.4182732105255127,
      -1.8955062627792358,
      2.238933563232422,
      -2.073275566101074,
      4.190336227416992,
      -2.0953900814056396,
      8.08250904083252,
      -1.530042290687561,
      9.220870018005371
    ],
    [
      27.212738037109375,
      40.93737030029297,
      14.253315925598145,
      17.185352325439453,
      5.6379313468933105,
      7.5200395584106445,
      0.03183490410447121,
      4.885717391967773,
      0.8957558274269104,
      4.16900634765625,
      -1.3002861738204956,
      3.8518593311309814,
      0.020179491490125656,
      6.691578388214111,
      -0.08726499229669571,
      9.593012809753418,
      2.795032024383545,
      10.818857192993164
    ],
    [
      12.287005424499512,
      14.253315925598145,
      30.33466911315918,
      16.11246681213379,
      9.693595886230469,
      6.279742240905762,
      6.312822341918945,
      4.316138744354248,
      8.489921569824219,
      5.211801528930664,
      6.741113185882568,
      5.135526657104492,
      9.705904960632324,
      7.741561412811279,
      11.150287628173828,
      12.285179138183594,
      14.492321014404297,
      12.471978187561035
    ],
    [
      13.173808097839355,
      17.185352325439453,
      16.11246681213379,
      29.3262882232666,
      8.172664642333984,
      8.222765922546387,
      4.5458197593688965,
      6.4691162109375,
      7.192729473114014,
      8.030052185058594,
      5.5519914627075195,
      9.08520793914795,
      5.906972408294678,
      10.640829086303711,
      5.339901924133301,
      14.631203651428223,
      7.405827045440674,
      13.340788841247559
    ],
    [
      1.6443523168563843,
      5.6379313468933105,
      9.693595886230469,
      8.172664642333984,
      33.05012130737305,
      16.39423942565918,
      21.01923370361328,
      14.370473861694336,
      34.11045837402344,
      20.393692016601562,
      32.94917297363281,
      22.50626564025879,
      28.540939331054688,
      17.234516143798828,
      18.37070083618164,
      12.437752723693848,
      18.642805099487305,
      11.174522399902344
    ],
    [
      4.904240608215332,
      7.5200395584106445,
      6.279742240905762,
      8.222765922546387,
      16.39423942565918,
      27.7344913482666,
      10.749855041503906,
      16.007173538208008,
      15.003889083862305,
      18.3482723236084,
      12.451014518737793,
      18.003503799438477,
      11.18012523651123,
      13.811798095703125,
      7.961690425872803,
      11.246490478515625,
      13.387996673583984,
      14.43301773071289
    ],
    [
      -1.4575445652008057,
      0.03183490410447121,
      6.312822341918945,
      4.5458197593688965,
      21.01923370361328,
      10.749855041503906,
      59.1867790222168,
      27.282878875732422,
      50.771602630615234,
      26.58233642578125,
      55.25484085083008,
      32.47404861450195,
      44.203006744384766,
      24.517820358276367,
      31.740558624267578,
      13.83021068572998,
      28.466676712036133,
      9.561418533325195
    ],
    [
      3.5311496257781982,
      4.885717391967773,
      4.316138744354248,
      6.4691162109375,
      14.370473861694336,
      16.007173538208008,
      27.282878875732422,
      36.66014099121094,
      22.645912170410156,
      23.89301300048828,
      23.022605895996094,
      26.744407653808594,
      18.700878143310547,
      20.727998733520508,
      14.110692977905273,
      15.686161994934082,
      15.956303596496582,
      13.653676986694336
    ],
    [
      0.9620233178138733,
      0.8957558274269104,
      8.489921569824219,
      7.192729473114014,
      34.11045837402344,
      15.003889083862305,
      50.771602630615234,
      22.645912170410156,
      92.47047424316406,
      44.767295837402344,
      89.18737030029297,
      48.59119415283203,
      71.47257232666016,
      34.586387634277344,
      47.26755905151367,
      16.73279571533203,
      42.025726318359375,
      12.9829683303833
    ],
    [
      3.4182732105255127,
      4.16900634765625,
      5.211801528930664,
      8.030052185058594,
      20.393692016601562,
      18.3482723236084,
      26.58233642578125,
      23.89301300048828,
      44.767295837402344,
      48.225677490234375,
      42.03200149536133,
      41.77096939086914,
      32.50311279296875,
      29.456443786621094,
      18.950647354125977,
      17.749160766601562,
      20.435007095336914,
      15.849985122680664
    ],
    [
      -1.8955062627792358,
      -1.3002861738204956,
      6.741113185882568,
      5.5519914627075195,
      32.94917297363281,
      12.451014518737793,
      55.25484085083008,
      23.022605895996094,
      89.18737030029297,
      42.03200149536133,
      106.13848876953125,
      52.01964569091797,
      83.1452407836914,
      37.373619079589844,
      55.542938232421875,
      17.378742218017578,
      47.004737854003906,
      12.040247917175293
    ],
    [
      2.238933563232422,
      3.8518593311309814,
      5.135526657104492,
      9.08520793914795,
      22.50626564025879,
      18.003503799438477,
      32.47404861450195,
      26.744407653808594,
      48.59119415283203,
      41.77096939086914,
      52.01964569091797,
      55.38065719604492,
      41.05653381347656,
      37.156639099121094,
      25.473451614379883,
      23.787046432495117,
      24.63429069519043,
      19.328758239746094
    ],
    [
      -2.073275566101074,
      0.020179491490125656,
      9.705904960632324,
      5.906972408294678,
      28.540939331054688,
      11.18012523651123,
      44.203006744384766,
      18.700878143310547,
      71.47257232666016,
      32.50311279296875,
      83.1452407836914,
      41.05653381347656,
      86.24556732177734,
      37.54756546020508,
      69.30370330810547,
      22.947154998779297,
      64.7859878540039,
      19.48682975769043
    ],
    [
      4.190336227416992,
      6.691578388214111,
      7.741561412811279,
      10.640829086303711,
      17.234516143798828,
      13.811798095703125,
      24.517820358276367,
      20.727998733520508,
      34.586387634277344,
      29.456443786621094,
      37.373619079589844,
      37.156639099121094,
      37.54756546020508,
      41.316829681396484,
      31.686431884765625,
      33.71205520629883,
      34.044097900390625,
      28.743364334106445
    ],
    [
      -2.0953900814056396,
      -0.08726499229669571,
      11.150287628173828,
      5.339901924133301,
      18.37070083618164,
      7.961690425872803,
      31.740558624267578,
      14.110692977905273,
      47.26755905151367,
      18.950647354125977,
      55.542938232421875,
      25.473451614379883,
      69.30370330810547,
      31.686431884765625,
      82.25345611572266,
      30.292404174804688,
      85.13874816894531,
      29.980297088623047
    ],
    [
      8.08250904083252,
      9.593012809753418,
      12.285179138183594,
      14.631203651428223,
      12.437752723693848,
      11.246490478515625,
      13.83021068572998,
      15.686161994934082,
      16.73279571533203,
      17.749160766601562,
      17.378742218017578,
      23.787046432495117,
      22.947154998779297,
      33.71205520629883,
      30.292404174804688,
      66.03634643554688,
      40.04463195800781,
      57.93334197998047
    ],
    [
      -1.530042290687561,
      2.795032024383545,
      14.492321014404297,
      7.405827045440674,
      18.642805099487305,
      13.387996673583984,
      28.466676712036133,
      15.956303596496582,
      42.025726318359375,
      20.435007095336914,
      47.004737854003906,
      24.63429069519043,
      64.7859878540039,
      34.044097900390625,
      85.13874816894531,
      40.04463195800781,
      113.66706848144531,
      47.728790283203125
    ],
    [
      9.220870018005371,
      10.818857192993164,
      12.471978187561035,
      13.340788841247559,
      11.174522399902344,
      14.43301773071289,
      9.561418533325195,
      13.653676986694336,
      12.9829683303833,
      15.849985122680664,
      12.040247917175293,
      19.328758239746094,
      19.48682975769043,
      28.743364334106445,
      29.980297088623047,
      57.93334197998047,
      47.728790283203125,
      73.60660552978516
    ]
  ],
  "drr": 10.651391983032227,
  "dynamics": 2.8494794368743896,
  "format": 1245190,
  "frames": 11040704,
  "loudness": -11.294576644897461,
  "loudness_range": 6.2410173416137695,
  "loudness_range_short": 10.51678466796875,
  "peak": 0.47572341561317444,
  "rms": -12.627432823181152,
  "sample_rate": 44100,
  "sections": 1,
  "seekable": 1,
  "sharpness": 3.340596914291382,
  "space": -11.81039047241211
}