{
  "bands": [
    {
      "high_freq": 148.1999969482422,
      "loudness": -54.674739837646484,
      "loudness_range": 18.805320739746094,
      "mid_mean": -53.21712112426758,
      "mid_to_side_loudness": -4.880974769592285,
      "mid_to_side_loudness_range": 7.847953796386719,
      "side_mean": -57.52543258666992
    },
    {
      "high_freq": 392.3793640136719,
      "loudness": -35.068904876708984,
      "loudness_range": 21.26321029663086,
      "low_freq": 148.1999969482422,
      "mid_mean": -33.194549560546875,
      "mid_to_side_loudness": -3.969237804412842,
      "mid_to_side_loudness_range": 11.105076789855957,
      "side_mean": -37.223506927490234
    },
    {
      "high_freq": 794.6976318359375,
      "loudness": -27.51805877685547,
      "loudness_range": 13.594987869262695,
      "low_freq": 392.3793640136719,
      "mid_mean": -25.031780242919922,
      "mid_to_side_loudness": -5.307010650634766,
      "mid_to_side_loudness_range": 8.285284042358398,
      "side_mean": -30.641464233398438
    },
    {
      "high_freq": 1457.5709228515625,
      "loudness": -30.44700813293457,
      "loudness_range": 17.765361785888672,
      "low_freq": 794.6976318359375,
      "mid_mean": -27.828582763671875,
      "mid_to_side_loudness": -6.30933141708374,
      "mid_to_side_loudness_range": 9.768112182617188,
      "side_mean": -34.3089485168457
    },
    {
      "high_freq": 2549.74365234375,
      "loudness": -33.418495178222656,
      "loudness_range": 16.091716766357422,
      "low_freq": 1457.5709228515625,
      "mid_mean": -30.41214942932129,
      "mid_to_side_loudness": -8.491653442382812,
      "mid_to_side_loudness_range": 7.877681255340576,
      "side_mean": -39.07545852661133
    },
    {
      "high_freq": 4349.24462890625,
      "loudness": -36.34627914428711,
      "loudness_range": 16.167760848999023,
      "low_freq": 2549.74365234375,
      "mid_mean": -33.126060485839844,
      "mid_to_side_loudness": -9.8699369430542,
      "mid_to_side_loudness_range": 6.970782279968262,
      "side_mean": -43.27825164794922
    },
    {
      "high_freq": 7314.1640625,
      "loudness": -46.94306564331055,
      "loudness_range": 19.444969177246094,
      "low_freq": 4349.24462890625,
      "mid_mean": -43.650054931640625,
      "mid_to_side_loudness": -10.40688419342041,
      "mid_to_side_loudness_range": 4.868706226348877,
      "side_mean": -54.93939971923828
    },
    {
      "high_freq": 12199.2666015625,
      "loudness": -56.89084243774414,
      "loudness_range": 21.107009887695312,
      "low_freq": 7314.1640625,
      "mid_mean": -54.33614730834961,
      "mid_to_side_loudness": -9.564167022705078,
      "mid_to_side_loudness_range": 4.172842979431152,
      "side_mean": -62.239070892333984
    },
    {
      "loudness": -63.257423400878906,
      "loudness_range": 22.965351104736328,
      "low_freq": 12199.2666015625,
      "mid_mean": -59.583831787109375,
      "mid_to_side_loudness": -9.98841667175293,
      "mid_to_side_loudness_range": 4.092155933380127,
      "side_mean": -66.15048217773438
    }
  ],
  "bands_short": [
    {
      "high_freq": 148.1999969482422,
      "loudness": -60.947906494140625,
      "loudness_range": 19.135364532470703,
      "mid_mean": -58.378421783447266,
      "mid_to_side_loudness": -6.526923179626465,
      "mid_to_side_loudness_range": 14.440723419189453,
      "side_mean": -63.461177825927734
    },
    {
      "high_freq": 392.3793640136719,
      "loudness": -37.55882263183594,
      "loudness_range": 24.2840518951416,
      "low_freq": 148.1999969482422,
      "mid_mean": -36.006011962890625,
      "mid_to_side_loudness": -3.736124277114868,
      "mid_to_side_loudness_range": 15.243815422058105,
      "side_mean": -39.880523681640625
    },
    {
      "high_freq": 794.6976318359375,
      "loudness": -28.843090057373047,
      "loudness_range": 16.071916580200195,
      "low_freq": 392.3793640136719,
      "mid_mean": -26.570926666259766,
      "mid_to_side_loudness": -5.345907211303711,
      "mid_to_side_loudness_range": 12.030736923217773,
      "side_mean": -32.2142448425293
    },
    {
      "high_freq": 1457.5709228515625,
      "loudness": -30.430484771728516,
      "loudness_range": 19.001253128051758,
      "low_freq": 794.6976318359375,
      "mid_mean": -28.3255615234375,
      "mid_to_side_loudness": -5.252815246582031,
      "mid_to_side_loudness_range": 14.214834213256836,
      "side_mean": -33.743106842041016
    },
    {
      "high_freq": 2549.74365234375,
      "loudness": -34.537803649902344,
      "loudness_range": 17.82785987854004,
      "low_freq": 1457.5709228515625,
      "mid_mean": -31.728708267211914,
      "mid_to_side_loudness": -7.793455123901367,
      "mid_to_side_loudness_range": 11.745790481567383,
      "side_mean": -39.751739501953125
    },
    {
      "high_freq": 4349.24462890625,
      "loudness": -37.02424240112305,
      "loudness_range": 18.490907669067383,
      "low_freq": 2549.74365234375,
      "mid_mean": -33.94207000732422,
      "mid_to_side_loudness": -9.174360275268555,
      "mid_to_side_loudness_range": 10.251042366027832,
      "side_mean": -43.352081298828125
    },
    {
      "high_freq": 7314.1640625,
      "loudness": -48.04618453979492,
      "loudness_range": 20.808467864990234,
      "low_freq": 4349.24462890625,
      "mid_mean": -44.83088302612305,
      "mid_to_side_loudness": -9.855323791503906,
      "mid_to_side_loudness_range": 8.670312881469727,
      "side_mean": -55.623252868652344
    },
    {
      "high_freq": 12199.2666015625,
      "loudness": -58.03541946411133,
      "loudness_range": 23.694412231445312,
      "low_freq": 7314.1640625,
      "mid_mean": -55.49472427368164,
      "mid_to_side_loudness": -9.264137268066406,
      "mid_to_side_loudness_range": 6.954911708831787,
      "side_mean": -62.86648941040039
    },
    {
      "loudness": -64.51959228515625,
      "loudness_range": 24.343463897705078,
      "low_freq": 12199.2666015625,
      "mid_mean": -60.62975311279297,
      "mid_to_side_loudness": -9.6337308883667,
      "mid_to_side_loudness_range": 6.129969596862793,
      "side_mean": -66.53765869140625
    }
  ],
  "channels": 2,
  "covariance": [
    [
      52.82187271118164,
      43.906856536865234,
      19.68080711364746,
      15.975319862365723,
      7.934171199798584,
      8.216743469238281,
      13.738950729370117,
      14.411531448364258,
      10.42689037322998,
      12.691549301147461,
      12.660942077636719,
      13.106559753417969,
      12.652167320251465,
      24.709901809692383,
      25.140039443969727,
      16.44431495666504,
      20.551441192626953,
      9.959033012390137
    ],
    [
      43.906856536865234,
      42.859962463378906,
      19.509639739990234,
      17.28949737548828,
      7.42561674118042,
      6.746772766113281,
      13.727690696716309,
      14.051704406738281,
      8.999862670898438,
      11.205032348632812,
      10.920616149902344,
      11.88107967376709,
      10.840432167053223,
      19.773509979248047,
      19.844406127929688,
      13.600835800170898,
      16.322948455810547,
      8.138943672180176
    ],
    [
      19.68080711364746,
      19.509639739990234,
      54.61217498779297,
      43.948387145996094,
      14.241395950317383,
      12.538056373596191,
      12.402666091918945,
      11.948295593261719,
      12.939087867736816,
      13.106637954711914,
      11.770461082458496,
      11.55815315246582,
      7.790187835693359,
      10.946319580078125,
      7.990908145904541,
      8.230701446533203,
      8.049489974975586,
      5.219333648681641
    ],
    [
      15.975319862365723,
      17.28949737548828,
      43.948387145996094,
      49.28506851196289,
      11.398773193359375,
      10.130228042602539,
      13.65495491027832,
      12.764104843139648,
      12.709155082702637,
      14.037969589233398,
      13.830002784729004,
      13.023350715637207,
      9.833276748657227,
      11.934653282165527,
      11.313368797302246,
      10.344545364379883,
      10.04492473602295,
      6.821121692657471
    ],
    [
      7.934171199798584,
      7.42561674118042,
      14.241395950317383,
      11.398773193359375,
      27.575515747070312,
      22.440614700317383,
      10.547460556030273,
      9.620400428771973,
      12.788748741149902,
      12.059060096740723,
      9.641531944274902,
      10.896510124206543,
      10.35616683959961,
      11.02440071105957,
      9.353508949279785,
      7.04352331161499,
      6.821774959564209,
      3.2790982723236084
    ],
    [
      8.216743469238281,
      6.746772766113281,
      12.538056373596191,
      10.130228042602539,
      22.440614700317383,
      26.803478240966797,
      10.120735168457031,
      11.529272079467773,
      12.623594284057617,
      11.462367057800293,
      9.199722290039062,
      10.222494125366211,
      11.232385635375977,
      11.945649147033691,
      10.681838989257812,
      7.58289098739624,
      8.546381950378418,
      4.481197834014893
    ],
    [
      13.738950729370117,
      13.727690696716309,
      12.402666091918945,
      13.65495491027832,
      10.547460556030273,
      10.120735168457031,
      38.799522399902344,
      28.993715286254883,
      19.639493942260742,
      18.77705192565918,
      18.98439598083496,
      20.550765991210938,
      22.518037796020508,
      22.95025062561035,
      23.503910064697266,
      18.065584182739258,
      22.90342903137207,
      13.07075023651123
    ],
    [
      14.411531448364258,
      14.051704406738281,
      11.948295593261719,
      12.764104843139648,
      9.620400428771973,
      11.529272079467773,
      28.993715286254883,
      31.46251678466797,
      17.229053497314453,
      17.452863693237305,
      17.252613067626953,
      18.858266830444336,
      21.6799373626709,
      21.643953323364258,
      21.803333282470703,
      16.3902645111084,
      21.36687469482422,
      11.739690780639648
    ],
    [
      10.42689037322998,
      8.999862670898438,
      12.939087867736816,
      12.709155082702637,
      12.788748741149902,
      12.623594284057617,
      19.639493942260742,
      17.229053497314453,
      32.83847427368164,
      26.18352699279785,
      24.626243591308594,
      23.280298233032227,
      28.215471267700195,
      26.234169006347656,
      29.7976016998291,
      22.545795440673828,
      26.414487838745117,
      14.507442474365234
    ],
    [
      12.691549301147461,
      11.205032348632812,
      13.106637954711914,
      14.037969589233398,
      12.059060096740723,
      11.462367057800293,
      18.77705192565918,
      17.452863693237305,
      26.18352699279785,
      28.20724868774414,
      21.960241317749023,
      22.977140426635742,
      25.178485870361328,
      24.805212020874023,
      27.6755428314209,
      20.661771774291992,
      24.33188819885254,
      13.08090591430664
    ],
    [
      12.660942077636719,
      10.920616149902344,
      11.770461082458496,
      13.830002784729004,
      9.641531944274902,
      9.199722290039062,
      18.98439598083496,
      17.252613067626953,
      24.626243591308594,
      21.960241317749023,
      31.04537010192871,
      26.934736251831055,
      29.306055068969727,
      26.886072158813477,
      31.797706604003906,
      24.412431716918945,
      29.822471618652344,
      16.9324951171875
    ],
    [
      13.106559753417969,
      11.88107967376709,
      11.55815315246582,
      13.023350715637207,
      10.896510124206543,
      10.222494125366211,
      20.550765991210938,
      18.858266830444336,
      23.280298233032227,
      22.977140426635742,
      26.934736251831055,
      29.247180938720703,
      27.34511375427246,
      26.93570327758789,
      30.50372314453125,
      23.272432327270508,
      28.130922317504883,
      15.721965789794922
    ],
    [
      12.652167320251465,
      10.840432167053223,
      7.790187835693359,
      9.833276748657227,
      10.35616683959961,
      11.232385635375977,
      22.518037796020508,
      21.6799373626709,
      28.215471267700195,
      25.178485870361328,
      29.306055068969727,
      27.34511375427246,
      40.77916717529297,
      35.27349853515625,
      40.108943939208984,
      29.401596069335938,
      37.84090042114258,
      20.458417892456055
    ],
    [
      24.709901809692383,
      19.773509979248047,
      10.946319580078125,
      11.934653282165527,
      11.02440071105957,
      11.945649147033691,
      22.95025062561035,
      21.643953323364258,
      26.234169006347656,
      24.805212020874023,
      26.886072158813477,
      26.93570327758789,
      35.27349853515625,
      44.47319793701172,
      48.33803176879883,
      32.41674041748047,
      41.58535385131836,
      21.085134506225586
    ],
    [
      25.140039443969727,
      19.844406127929688,
      7.990908145904541,
      11.313368797302246,
      9.353508949279785,
      10.681838989257812,
      23.503910064697266,
      21.803333282470703,
      29.7976016998291,
      27.6755428314209,
      31.797706604003906,
      30.50372314453125,
      40.108943939208984,
      48.33803176879883,
      58.694847106933594,
      39.25728225708008,
      49.41309356689453,
      25.207807540893555
    ],
    [
      16.44431495666504,
      13.600835800170898,
      8.230701446533203,
      10.344545364379883,
      7.04352331161499,
      7.58289098739624,
      18.065584182739258,
      16.3902645111084,
      22.545795440673828,
      20.661771774291992,
      24.412431716918945,
      23.272432327270508,
      29.401596069335938,
      32.41674041748047,
      39.25728225708008,
      28.0221004486084,
      34.56281661987305,
      18.54056167602539
    ],
    [
      20.551441192626953,
      16.322948455810547,
      8.049489974975586,
      10.04492473602295,
      6.821774959564209,
      8.546381950378418,
      22.90342903137207,
      21.36687469482422,
      26.414487838745117,
      24.33188819885254,
      29.822471618652344,
      28.130922317504883,
      37.84090042114258,
      41.58535385131836,
      49.41309356689453,
      34.56281661987305,
      46.52699279785156,
      24.633686065673828
    ],
    [
      9.959033012390137,
      8.138943672180176,
      5.219333648681641,
      6.821121692657471,
      3.2790982723236084,
      4.481197834014893,
      13.07075023651123,
      11.739690780639648,
      14.507442474365234,
      13.08090591430664,
      16.9324951171875,
      15.721965789794922,
      20.458417892456055,
      21.085134506225586,
      25.207807540893555,
      18.54056167602539,
      24.633686065673828,
      14.199294090270996
    ]
  ],
  "covariance_short": [
    [
      42.398468017578125,
      21.146272659301758,
      18.554344177246094,
      15.814881324768066,
      10.43526840209961,
      8.139907836914062,
      14.2232666015625,
      14.26057243347168,
      9.924211502075195,
      10.529908180236816,
      11.458385467529297,
      11.026654243469238,
      10.136412620544434,
      18.20052146911621,
      18.41754913330078,
      12.210648536682129,
      14.860437393188477,
      7.0901970863342285
    ],
    [
      21.146272659301758,
      19.44383430480957,
      13.247665405273438,
      12.393150329589844,
      6.185463905334473,
      4.998518943786621,
      9.664507865905762,
      10.662593841552734,
      6.101970195770264,
      7.12540340423584,
      7.396041393280029,
      7.906075477600098,
      6.608079433441162,
      11.303439140319824,
      11.30251693725586,
      7.739457607269287,
      8.98912239074707,
      4.506568431854248
    ],
    [
      18.554344177246094,
      13.247665405273438,
      76.28546142578125,
      55.937557220458984,
      25.39774513244629,
      22.193294525146484,
      20.460371017456055,
      17.144893646240234,
      16.63686752319336,
      16.1601619720459,
      15.453438758850098,
      14.384352684020996,
      8.985128402709961,
      13.05660629272461,
      9.749274253845215,
      9.230460166931152,
      9.22596549987793,
      5.495569229125977
    ],
    [
      15.814881324768066,
      12.393150329589844,
      55.937557220458984,
      65.15605163574219,
      19.109785079956055,
      18.178571701049805,
      19.865161895751953,
      16.26642417907715,
      14.192206382751465,
      15.396467208862305,
      16.20867156982422,
      15.295329093933105,
      10.407105445861816,
      14.063583374023438,
      12.753544807434082,
      11.22393798828125,
      11.545145034790039,
      7.340786457061768
    ],
    [
      10.43526840209961,
      6.185463905334473,
      25.39774513244629,
      19.109785079956055,
      41.40606689453125,
      28.256244659423828,
      14.89027214050293,
      11.606206893920898,
      13.470142364501953,
      13.205556869506836,
      12.191913604736328,
      11.576099395751953,
      10.057450294494629,
      10.779409408569336,
      9.5199613571167,
      7.050404071807861,
      6.2392964363098145,
      2.812530994415283
    ],
    [
      8.139907836914062,
      4.998518943786621,
      22.193294525146484,
      18.178571701049805,
      28.256244659423828,
      33.96549987792969,
      12.527099609375,
      11.046277046203613,
      12.018340110778809,
      11.78490161895752,
      10.436262130737305,
      10.472392082214355,
      8.877009391784668,
      10.067291259765625,
      9.261747360229492,
      6.676886558532715,
      6.168285846710205,
      3.3051810264587402
    ],
    [
      14.2232666015625,
      9.664507865905762,
      20.460371017456055,
      19.865161895751953,
      14.89027214050293,
      12.527099609375,
      47.92142105102539,
      32.35903549194336,
      21.823169708251953,
      19.84809112548828,
      21.632314682006836,
      20.952112197875977,
      23.889007568359375,
      23.98667335510254,
      24.22344207763672,
      18.285730361938477,
      22.93467903137207,
      12.982874870300293
    ],
    [
      14.26057243347168,
      10.662593841552734,
      17.144893646240234,
      16.26642417907715,
      11.606206893920898,
      11.046277046203613,
      32.35903549194336,
      42.13775634765625,
      17.37889862060547,
      18.21671485900879,
      17.004743576049805,
      18.164514541625977,
      20.3579158782959,
      21.3961181640625,
      21.07484245300293,
      15.576188087463379,
      19.466869354248047,
      10.694713592529297
    ],
    [
      9.924211502075195,
      6.101970195770264,
      16.63686752319336,
      14.192206382751465,
      13.470142364501953,
      12.018340110778809,
      21.823169708251953,
      17.37889862060547,
      40.640869140625,
      27.42074203491211,
      28.607524871826172,
      23.88474464416504,
      30.771623611450195,
      27.323318481445312,
      31.476652145385742,
      23.105573654174805,
      26.749794006347656,
      14.475849151611328
    ],
    [
      10.529908180236816,
      7.12540340423584,
      16.1601619720459,
      15.396467208862305,
      13.205556869506836,
      11.78490161895752,
      19.84809112548828,
      18.21671485900879,
      27.42074203491211,
      31.92972183227539,
      24.116424560546875,
      23.63070297241211,
      25.151426315307617,
      24.791122436523438,
      27.24769401550293,
      20.039281845092773,
      22.959630966186523,
      12.142555236816406
    ],
    [
      11.458385467529297,
      7.396041393280029,
      15.453438758850098,
      16.20867156982422,
      12.191913604736328,
      10.436262130737305,
      21.632314682006836,
      17.004743576049805,
      28.607524871826172,
      24.116424560546875,
      40.54861068725586,
      29.749513626098633,
      34.24136734008789,
      29.990306854248047,
      36.73215103149414,
      26.70951271057129,
      31.874990463256836,
      17.49285316467285
    ],
    [
      11.026654243469238,
      7.906075477600098,
      14.384352684020996,
      15.295329093933105,
      11.576099395751953,
      10.472392082214355,
      20.952112197875977,
      18.164514541625977,
      23.88474464416504,
      23.63070297241211,
      29.749513626098633,
      31.687179565429688,
      28.15039825439453,
      26.96198844909668,
      30.6601505279541,
      22.798206329345703,
      26.516427993774414,
      14.686760902404785
    ],
    [
      10.136412620544434,
      6.608079433441162,
      8.985128402709961,
      10.407105445861816,
      10.057450294494629,
      8.877009391784668,
      23.889007568359375,
      20.3579158782959,
      30.771623611450195,
      25.151426315307617,
      34.24136734008789,
      28.15039825439453,
      49.73666000366211,
      39.1960334777832,
      46.086387634277344,
      32.41219711303711,
      40.953521728515625,
      21.71392822265625
    ],
    [
      18.20052146911621,
      11.303439140319824,
      13.05660629272461,
      14.063583374023438,
      10.779409408569336,
      10.067291259765625,
      23.98667335510254,
      21.3961181640625,
      27.323318481445312,
      24.791122436523438,
      29.990306854248047,
      26.96198844909668,
      39.1960334777832,
      47.40321731567383,
      50.19090270996094,
      33.05072021484375,
      41.32627868652344,
      20.884727478027344
    ],
    [
      18.41754913330078,
      11.30251693725586,
      9.749274253845215,
      12.753544807434082,
      9.5199613571167,
      9.261747360229492,
      24.22344207763672,
      21.07484245300293,
      31.476652145385742,
      27.24769401550293,
      36.73215103149414,
      30.6601505279541,
      46.086387634277344,
      50.19090270996094,
      66.01139068603516,
      42.636539459228516,
      52.17261505126953,
      26.490060806274414
    ],
    [
      12.210648536682129,
      7.739457607269287,
      9.230460166931152,
      11.22393798828125,
      7.050404071807861,
      6.676886558532715,
      18.285730361938477,
      15.576188087463379,
      23.105573654174805,
      20.039281845092773,
      26.70951271057129,
      22.798206329345703,
      32.41219711303711,
      33.05072021484375,
      42.636539459228516,
      30.48773193359375,
      35.60630416870117,
      19.127012252807617
    ],
    [
      14.860437393188477,
      8.98912239074707,
      9.22596549987793,
      11.545145034790039,
      6.2392964363098145,
      6.168285846710205,
      22.93467903137207,
      19.466869354248047,
      26.749794006347656,
      22.959630966186523,
      31.874990463256836,
      26.516427993774414,
      40.953521728515625,
      41.32627868652344,
      52.17261505126953,
      35.60630416870117,
      48.37081527709961,
      25.44785499572754
    ],
    [
      7.0901970863342285,
      4.506568431854248,
      5.495569229125977,
      7.340786457061768,
      2.812530994415283,
      3.3051810264587402,
      12.982874870300293,
      10.694713592529297,
      14.475849151611328,
      12.142555236816406,
      17.49285316467285,
      14.686760902404785,
      21.71392822265625,
      20.884727478027344,
      26.490060806274414,
      19.127012252807617,
      25.44785499572754,
      14.889520645141602
    ]
  ],
  "drr": 9.753497123718262,
  "dynamics": 4.1333160400390625,
  "format": 1245190,
  "frames": 3575808,
  "loudness": -19.719768524169922,
  "loudness_range": 11.719634056091309,
  "loudness_range_short": 14.264045715332031,
  "peak": -0.023714900016784668,
  "rms": -21.450523376464844,
  "sample_rate": 44100,
  "sections": 1,
  "seekable": 1,
  "sharpness": 2.930131196975708,
  "space": -6.133875370025635
}