{
  "bands": [
    {
      "high_freq": 148.1999969482422,
      "loudness": -38.75707244873047,
      "loudness_range": 21.44477081298828,
      "mid_mean": -35.18242645263672,
      "mid_to_side_loudness": -17.120506286621094,
      "mid_to_side_loudness_range": 13.04828929901123,
      "side_mean": -52.4404296875
    },
    {
      "high_freq": 392.3793640136719,
      "loudness": -21.025924682617188,
      "loudness_range": 15.113600730895996,
      "low_freq": 148.1999969482422,
      "mid_mean": -17.41033363342285,
      "mid_to_side_loudness": -18.570762634277344,
      "mid_to_side_loudness_range": 10.541956901550293,
      "side_mean": -36.490787506103516
    },
    {
      "high_freq": 794.6976318359375,
      "loudness": -26.519145965576172,
      "loudness_range": 14.120515823364258,
      "low_freq": 392.3793640136719,
      "mid_mean": -22.955156326293945,
      "mid_to_side_loudness": -16.9995174407959,
      "mid_to_side_loudness_range": 12.574007987976074,
      "side_mean": -40.76158142089844
    },
    {
      "high_freq": 1457.5709228515625,
      "loudness": -32.40547180175781,
      "loudness_range": 18.035316467285156,
      "low_freq": 794.6976318359375,
      "mid_mean": -28.880023956298828,
      "mid_to_side_loudness": -17.657312393188477,
      "mid_to_side_loudness_range": 11.500603675842285,
      "side_mean": -47.36948776245117
    },
    {
      "high_freq": 2549.74365234375,
      "loudness": -33.853553771972656,
      "loudness_range": 17.54724884033203,
      "low_freq": 1457.5709228515625,
      "mid_mean": -30.298124313354492,
      "mid_to_side_loudness": -18.087635040283203,
      "mid_to_side_loudness_range": 11.003429412841797,
      "side_mean": -49.44001388549805
    },
    {
      "high_freq": 4349.24462890625,
      "loudness": -35.66780471801758,
      "loudness_range": 16.058914184570312,
      "low_freq": 2549.74365234375,
      "mid_mean": -32.03376388549805,
      "mid_to_side_loudness": -18.985994338989258,
      "mid_to_side_loudness_range": 12.015174865722656,
      "side_mean": -52.246334075927734
    },
    {
      "high_freq": 7314.1640625,
      "loudness": -37.40336608886719,
      "loudness_range": 19.688936233520508,
      "low_freq": 4349.24462890625,
      "mid_mean": -33.73550796508789,
      "mid_to_side_loudness": -20.14038848876953,
      "mid_to_side_loudness_range": 12.445717811584473,
      "side_mean": -54.829124450683594
    },
    {
      "high_freq": 12199.2666015625,
      "loudness": -46.245094299316406,
      "loudness_range": 22.24810791015625,
      "low_freq": 7314.1640625,
      "mid_mean": -42.711814880371094,
      "mid_to_side_loudness": -22.972740173339844,
      "mid_to_side_loudness_range": 16.07870101928711,
      "side_mean": -64.07334899902344
    },
    {
      "loudness": -49.792518615722656,
      "loudness_range": 28.375804901123047,
      "low_freq": 12199.2666015625,
      "mid_mean": -46.09135437011719,
      "mid_to_side_loudness": -23.465017318725586,
      "mid_to_side_loudness_range": 24.091571807861328,
      "side_mean": -66.52764129638672
    }
  ],
  "bands_short": [
    {
      "high_freq": 148.1999969482422,
      "loudness": -49.11284255981445,
      "loudness_range": 19.771728515625,
      "mid_mean": -45.47814178466797,
      "mid_to_side_loudness": -19.701358795166016,
      "mid_to_side_loudness_range": 16.716569900512695,
      "side_mean": -63.67478942871094
    },
    {
      "high_freq": 392.3793640136719,
      "loudness": -22.106718063354492,
      "loudness_range": 19.192235946655273,
      "low_freq": 148.1999969482422,
      "mid_mean": -18.56643295288086,
      "mid_to_side_loudness": -17.41676902770996,
      "mid_to_side_loudness_range": 17.59727668762207,
      "side_mean": -36.99790573120117
    },
    {
      "high_freq": 794.6976318359375,
      "loudness": -27.414955139160156,
      "loudness_range": 18.66049575805664,
      "low_freq": 392.3793640136719,
      "mid_mean": -23.818063735961914,
      "mid_to_side_loudness": -16.055837631225586,
      "mid_to_side_loudness_range": 20.40659523010254,
      "side_mean": -41.220787048339844
    },
    {
      "high_freq": 1457.5709228515625,
      "loudness": -32.714481353759766,
      "loudness_range": 21.764699935913086,
      "low_freq": 794.6976318359375,
      "mid_mean": -29.221967697143555,
      "mid_to_side_loudness": -15.943958282470703,
      "mid_to_side_loudness_range": 19.66696548461914,
      "side_mean": -46.910823822021484
    },
    {
      "high_freq": 2549.74365234375,
      "loudness": -35.547943115234375,
      "loudness_range": 22.963054656982422,
      "low_freq": 1457.5709228515625,
      "mid_mean": -32.059715270996094,
      "mid_to_side_loudness": -16.089235305786133,
      "mid_to_side_loudness_range": 19.546924591064453,
      "side_mean": -50.58662033081055
    },
    {
      "high_freq": 4349.24462890625,
      "loudness": -38.2658576965332,
      "loudness_range": 24.267663955688477,
      "low_freq": 2549.74365234375,
      "mid_mean": -34.774261474609375,
      "mid_to_side_loudness": -16.14430809020996,
      "mid_to_side_loudness_range": 21.001422882080078,
      "side_mean": -53.0623664855957
    },
    {
      "high_freq": 7314.1640625,
      "loudness": -41.499542236328125,
      "loudness_range": 29.85546112060547,
      "low_freq": 4349.24462890625,
      "mid_mean": -38.0669059753418,
      "mid_to_side_loudness": -16.073684692382812,
      "mid_to_side_loudness_range": 21.92465591430664,
      "side_mean": -55.954105377197266
    },
    {
      "high_freq": 12199.2666015625,
      "loudness": -53.192928314208984,
      "loudness_range": 33.682655334472656,
      "low_freq": 7314.1640625,
      "mid_mean": -50.364986419677734,
      "mid_to_side_loudness": -16.352115631103516,
      "mid_to_side_loudness_range": 24.127334594726562,
      "side_mean": -64.7533187866211
    },
    {
      "loudness": -58.30913162231445,
      "loudness_range": 32.63713836669922,
      "low_freq": 12199.2666015625,
      "mid_mean": -54.51103973388672,
      "mid_to_side_loudness": -13.393621444702148,
      "mid_to_side_loudness_range": 23.483808517456055,
      "side_mean": -66.92942810058594
    }
  ],
  "channels": 2,
  "covariance": [
    [
      50.30404281616211,
      36.72262191772461,
      16.4041805267334,
      15.321584701538086,
      9.402871131896973,
      10.814715385437012,
      12.845694541931152,
      13.356132507324219,
      12.587087631225586,
      15.134323120117188,
      12.898588180541992,
      17.819894790649414,
      16.85337257385254,
      20.716276168823242,
      20.759864807128906,
      12.380232810974121,
      30.058744430541992,
      5.342287063598633
    ],
    [
      36.72262191772461,
      43.41975021362305,
      13.55367660522461,
      13.891650199890137,
      8.219514846801758,
      8.861891746520996,
      11.021207809448242,
      12.37121868133545,
      10.679831504821777,
      13.985668182373047,
      9.694326400756836,
      19.68851661682129,
      11.95516586303711,
      21.240135192871094,
      14.579072952270508,
      13.12114429473877,
      21.237407684326172,
      6.048161506652832
    ],
    [
      16.4041805267334,
      13.55367660522461,
      33.80766677856445,
      24.77577781677246,
      14.74914836883545,
      13.249883651733398,
      18.95274543762207,
      20.9313907623291,
      16.983753204345703,
      18.19460105895996,
      14.897284507751465,
      16.94432830810547,
      16.82050323486328,
      18.77422523498535,
      17.1274471282959,
      8.561936378479004,
      22.096668243408203,
      2.7539262771606445
    ],
    [
      15.321584701538086,
      13.891650199890137,
      24.77577781677246,
      29.82048225402832,
      13.734719276428223,
      14.493293762207031,
      16.881555557250977,
      21.325769424438477,
      14.939131736755371,
      21.621551513671875,
      11.300153732299805,
      18.162988662719727,
      13.487064361572266,
      20.28017807006836,
      12.281203269958496,
      8.66966438293457,
      18.988630294799805,
      2.935011863708496
    ],
    [
      9.402871131896973,
      8.219514846801758,
      14.74914836883545,
      13.734719276428223,
      32.42044448852539,
      21.67058563232422,
      24.483543395996094,
      22.593961715698242,
      22.295516967773438,
      22.988040924072266,
      16.80961036682129,
      17.73000717163086,
      16.55811882019043,
      17.54854965209961,
      16.044084548950195,
      9.16860580444336,
      21.98280143737793,
      4.533237457275391
    ],
    [
      10.814715385437012,
      8.861891746520996,
      13.249883651733398,
      14.493293762207031,
      21.67058563232422,
      30.951465606689453,
      21.03998374938965,
      24.293350219726562,
      19.402936935424805,
      25.482173919677734,
      14.389998435974121,
      20.22091293334961,
      13.909832954406738,
      20.2711181640625,
      15.75195026397705,
      11.226428031921387,
      23.873929977416992,
      5.276136875152588
    ],
    [
      12.845694541931152,
      11.021207809448242,
      18.95274543762207,
      16.881555557250977,
      24.483543395996094,
      21.03998374938965,
      45.399681091308594,
      35.345027923583984,
      33.609683990478516,
      31.76833724975586,
      26.5024471282959,
      24.604969024658203,
      28.31476593017578,
      28.271747589111328,
      25.83706283569336,
      15.693429946899414,
      30.146398544311523,
      7.560690879821777
    ],
    [
      13.356132507324219,
      12.37121868133545,
      20.9313907623291,
      21.325769424438477,
      22.593961715698242,
      24.293350219726562,
      35.345027923583984,
      44.65196228027344,
      27.494783401489258,
      37.02177047729492,
      20.085533142089844,
      27.548112869262695,
      21.141141891479492,
      29.38865089416504,
      21.66480255126953,
      14.991555213928223,
      29.87767219543457,
      6.991550922393799
    ],
    [
      12.587087631225586,
      10.679831504821777,
      16.983753204345703,
      14.939131736755371,
      22.295516967773438,
      19.402936935424805,
      33.609683990478516,
      27.494783401489258,
      41.55754089355469,
      33.397464752197266,
      30.2733211517334,
      24.895313262939453,
      33.15702438354492,
      29.34661102294922,
      31.741687774658203,
      17.791854858398438,
      33.77585220336914,
      8.895750999450684
    ],
    [
      15.134323120117188,
      13.985668182373047,
      18.19460105895996,
      21.621551513671875,
      22.988040924072266,
      25.482173919677734,
      31.76833724975586,
      37.02177047729492,
      33.397464752197266,
      47.62450408935547,
      24.03534507751465,
      33.60828399658203,
      25.987642288208008,
      36.13082504272461,
      26.486783981323242,
      19.81688690185547,
      36.43367385864258,
      9.414568901062012
    ],
    [
      12.898588180541992,
      9.694326400756836,
      14.897284507751465,
      11.300153732299805,
      16.80961036682129,
      14.389998435974121,
      26.5024471282959,
      20.085533142089844,
      30.2733211517334,
      24.03534507751465,
      35.91679763793945,
      26.038028717041016,
      34.757747650146484,
      27.793323516845703,
      35.08987808227539,
      17.541034698486328,
      37.15412139892578,
      9.100607872009277
    ],
    [
      17.819894790649414,
      19.68851661682129,
      16.94432830810547,
      18.162988662719727,
      17.73000717163086,
      20.22091293334961,
      24.604969024658203,
      27.548112869262695,
      24.895313262939453,
      33.60828399658203,
      26.038028717041016,
      40.441837310791016,
      24.770639419555664,
      37.849754333496094,
      25.316551208496094,
      20.86811065673828,
      34.39593505859375,
      9.74137020111084
    ],
    [
      16.85337257385254,
      11.95516586303711,
      16.82050323486328,
      13.487064361572266,
      16.55811882019043,
      13.909832954406738,
      28.31476593017578,
      21.141141891479492,
      33.15702438354492,
      25.987642288208008,
      34.757747650146484,
      24.770639419555664,
      48.10287857055664,
      35.126747131347656,
      45.976097106933594,
      21.3433895111084,
      48.733802795410156,
      11.234367370605469
    ],
    [
      20.716276168823242,
      21.240135192871094,
      18.77422523498535,
      20.28017807006836,
      17.54854965209961,
      20.2711181640625,
      28.271747589111328,
      29.38865089416504,
      29.34661102294922,
      36.13082504272461,
      27.793323516845703,
      37.849754333496094,
      35.126747131347656,
      46.457366943359375,
      33.4120979309082,
      25.262224197387695,
      41.47166061401367,
      12.157966613769531
    ],
    [
      20.759864807128906,
      14.579072952270508,
      17.1274471282959,
      12.281203269958496,
      16.044084548950195,
      15.75195026397705,
      25.83706283569336,
      21.66480255126953,
      31.741687774658203,
      26.486783981323242,
      35.08987808227539,
      25.316551208496094,
      45.976097106933594,
      33.4120979309082,
      59.78144836425781,
      25.041614532470703,
      62.66139221191406,
      13.294833183288574
    ],
    [
      12.380232810974121,
      13.12114429473877,
      8.561936378479004,
      8.66966438293457,
      9.16860580444336,
      11.226428031921387,
      15.693429946899414,
      14.991555213928223,
      17.791854858398438,
      19.81688690185547,
      17.541034698486328,
      20.86811065673828,
      21.3433895111084,
      25.262224197387695,
      25.041614532470703,
      19.820507049560547,
      28.042760848999023,
      10.470501899719238
    ],
    [
      30.058744430541992,
      21.237407684326172,
      22.096668243408203,
      18.988630294799805,
      21.98280143737793,
      23.873929977416992,
      30.146398544311523,
      29.87767219543457,
      33.77585220336914,
      36.43367385864258,
      37.15412139892578,
      34.39593505859375,
      48.733802795410156,
      41.47166061401367,
      62.66139221191406,
      28.042760848999023,
      85.88713073730469,
      16.65789794921875
    ],
    [
      5.342287063598633,
      6.048161506652832,
      2.7539262771606445,
      2.935011863708496,
      4.533237457275391,
      5.276136875152588,
      7.560690879821777,
      6.991550922393799,
      8.895750999450684,
      9.414568901062012,
      9.100607872009277,
      9.74137020111084,
      11.234367370605469,
      12.157966613769531,
      13.294833183288574,
      10.470501899719238,
      16.65789794921875,
      7.941366672515869
    ]
  ],
  "covariance_short": [
    [
      47.98677444458008,
      15.006731986999512,
      15.12658405303955,
      11.896554946899414,
      13.252538681030273,
      9.405497550964355,
      14.594335556030273,
      9.95301342010498,
      16.15772247314453,
      14.645428657531738,
      17.246885299682617,
      12.282455444335938,
      22.345600128173828,
      14.860247611999512,
      26.249649047851562,
      8.250394821166992,
      22.147146224975586,
      3.4467344284057617
    ],
    [
      15.006731986999512,
      13.383796691894531,
      4.989958763122559,
      6.2548933029174805,
      4.687403678894043,
      4.709643840789795,
      6.1020283699035645,
      5.80659294128418,
      6.668666839599609,
      9.271193504333496,
      6.5813822746276855,
      8.229459762573242,
      8.175623893737793,
      9.375983238220215,
      11.79766845703125,
      6.51892614364624,
      9.944802284240723,
      3.5740249156951904
    ],
    [
      15.12658405303955,
      4.989958763122559,
      49.421993255615234,
      24.985610961914062,
      25.02500343322754,
      12.677562713623047,
      27.406909942626953,
      21.415538787841797,
      25.32700538635254,
      20.247766494750977,
      25.805856704711914,
      19.113019943237305,
      28.38722038269043,
      20.68638801574707,
      31.537578582763672,
      10.04603099822998,
      23.33466911315918,
      3.0707321166992188
    ],
    [
      11.896554946899414,
      6.2548933029174805,
      24.985610961914062,
      37.779293060302734,
      13.79555606842041,
      14.3595552444458,
      15.718496322631836,
      22.898462295532227,
      13.688441276550293,
      24.843090057373047,
      10.840902328491211,
      21.452856063842773,
      12.706713676452637,
      23.034778594970703,
      16.708375930786133,
      9.913291931152344,
      9.097698211669922,
      3.381462574005127
    ],
    [
      13.252538681030273,
      4.687403678894043,
      25.02500343322754,
      13.79555606842041,
      48.761444091796875,
      21.061983108520508,
      36.219120025634766,
      24.16904640197754,
      33.638851165771484,
      24.955875396728516,
      30.03899383544922,
      19.049278259277344,
      29.152524948120117,
      18.885066986083984,
      29.893587112426758,
      8.980061531066895,
      22.5284366607666,
      3.9008195400238037
    ],
    [
      9.405497550964355,
      4.709643840789795,
      12.677562713623047,
      14.3595552444458,
      21.061983108520508,
      33.19831085205078,
      17.394542694091797,
      23.82220458984375,
      16.74724769592285,
      26.920242309570312,
      14.548881530761719,
      21.427600860595703,
      14.064180374145508,
      20.56511878967285,
      20.832914352416992,
      10.542784690856934,
      13.847484588623047,
      4.777744770050049
    ],
    [
      14.594335556030273,
      6.1020283699035645,
      27.406909942626953,
      15.718496322631836,
      36.219120025634766,
      17.394542694091797,
      62.36888122558594,
      35.11150360107422,
      48.62626266479492,
      31.80248260498047,
      42.47103500366211,
      23.834733963012695,
      44.604740142822266,
      27.708332061767578,
      40.220218658447266,
      14.759340286254883,
      29.737302780151367,
      6.500837326049805
    ],
    [
      9.95301342010498,
      5.80659294128418,
      21.415538787841797,
      22.898462295532227,
      24.16904640197754,
      23.82220458984375,
      35.11150360107422,
      51.208770751953125,
      27.231380462646484,
      40.55531692504883,
      22.475980758666992,
      29.989545822143555,
      23.879077911376953,
      31.32118797302246,
      27.598316192626953,
      14.907841682434082,
      17.462772369384766,
      6.632469177246094
    ],
    [
      16.15772247314453,
      6.668666839599609,
      25.32700538635254,
      13.688441276550293,
      33.638851165771484,
      16.74724769592285,
      48.62626266479492,
      27.231380462646484,
      66.29808807373047,
      33.664794921875,
      54.36806869506836,
      26.232147216796875,
      59.24518585205078,
      31.847705841064453,
      54.260799407958984,
      18.39667510986328,
      42.01654052734375,
      8.393967628479004
    ],
    [
      14.645428657531738,
      9.271193504333496,
      20.247766494750977,
      24.843090057373047,
      24.955875396728516,
      26.920242309570312,
      31.80248260498047,
      40.55531692504883,
      33.664794921875,
      61.5164794921875,
      27.30992317199707,
      44.93535614013672,
      28.672910690307617,
      45.27188491821289,
      41.48534393310547,
      22.454750061035156,
      25.774415969848633,
      9.952384948730469
    ],
    [
      17.246885299682617,
      6.5813822746276855,
      25.805856704711914,
      10.840902328491211,
      30.03899383544922,
      14.548881530761719,
      42.47103500366211,
      22.475980758666992,
      54.36806869506836,
      27.30992317199707,
      73.37333679199219,
      28.95945167541504,
      72.0069351196289,
      32.911258697509766,
      70.30608367919922,
      19.41292953491211,
      56.56980514526367,
      8.556756019592285
    ],
    [
      12.282455444335938,
      8.229459762573242,
      19.113019943237305,
      21.452856063842773,
      19.049278259277344,
      21.427600860595703,
      23.834733963012695,
      29.989545822143555,
      26.232147216796875,
      44.93535614013672,
      28.95945167541504,
      49.50450897216797,
      27.022920608520508,
      44.26424026489258,
      38.234012603759766,
      23.586729049682617,
      22.6190185546875,
      10.618729591369629
    ],
    [
      22.345600128173828,
      8.175623893737793,
      28.38722038269043,
      12.706713676452637,
      29.152524948120117,
      14.064180374145508,
      44.604740142822266,
      23.879077911376953,
      59.24518585205078,
      28.672910690307617,
      72.0069351196289,
      27.022920608520508,
      103.60404205322266,
      41.11518859863281,
      95.91233825683594,
      22.842235565185547,
      81.3754653930664,
      10.073066711425781
    ],
    [
      14.860247611999512,
      9.375983238220215,
      20.68638801574707,
      23.034778594970703,
      18.885066986083984,
      20.56511878967285,
      27.708332061767578,
      31.32118797302246,
      31.847705841064453,
      45.27188491821289,
      32.911258697509766,
      44.26424026489258,
      41.11518859863281,
      55.84581756591797,
      47.03525924682617,
      28.715557098388672,
      28.83016014099121,
      13.573731422424316
    ],
    [
      26.249649047851562,
      11.79766845703125,
      31.537578582763672,
      16.708375930786133,
      29.893587112426758,
      20.832914352416992,
      40.220218658447266,
      27.598316192626953,
      54.260799407958984,
      41.48534393310547,
      70.30608367919922,
      38.234012603759766,
      95.91233825683594,
      47.03525924682617,
      127.19998168945312,
      27.691781997680664,
      108.9376220703125,
      11.113271713256836
    ],
    [
      8.250394821166992,
      6.51892614364624,
      10.04603099822998,
      9.913291931152344,
      8.980061531066895,
      10.542784690856934,
      14.759340286254883,
      14.907841682434082,
      18.39667510986328,
      22.454750061035156,
      19.41292953491211,
      23.586729049682617,
      22.842235565185547,
      28.715557098388672,
      27.691781997680664,
      22.548158645629883,
      16.99730110168457,
      11.461891174316406
    ],
    [
      22.147146224975586,
      9.944802284240723,
      23.33466911315918,
      9.097698211669922,
      22.5284366607666,
      13.847484588623047,
      29.737302780151367,
      17.462772369384766,
      42.01654052734375,
      25.774415969848633,
      56.56980514526367,
      22.6190185546875,
      81.3754653930664,
      28.83016014099121,
      108.9376220703125,
      16.99730110168457,
      115.40950012207031,
      7.740689754486084
    ],
    [
      3.4467344284057617,
      3.5740249156951904,
      3.0707321166992188,
      3.381462574005127,
      3.9008195400238037,
      4.777744770050049,
      6.500837326049805,
      6.632469177246094,
      8.393967628479004,
      9.952384948730469,
      8.556756019592285,
      10.618729591369629,
      10.073066711425781,
      13.573731422424316,
      11.113271713256836,
      11.461891174316406,
      7.740689754486084,
      8.902692794799805
    ]
  ],
  "drr": 9.147818565368652,
  "dynamics": 3.940880060195923,
  "format": 1245190,
  "frames": 9529344,
  "loudness": -14.447772026062012,
  "loudness_range": 11.431351661682129,
  "loudness_range_short": 16.384044647216797,
  "peak": -0.5597732067108154,
  "rms": -16.311655044555664,
  "sample_rate": 44100,
  "sections": 1,
  "seekable": 1,
  "sharpness": 4.1365790367126465,
  "space": -17.96969985961914
}