{
  "bands": [
    {
      "high_freq": 148.1999969482422,
      "loudness": -50.24674606323242,
      "loudness_range": 18.55199432373047,
      "mid_mean": -46.82498550415039,
      "mid_to_side_loudness": -12.253583908081055,
      "mid_to_side_loudness_range": 9.178924560546875,
      "side_mean": -58.459651947021484
    },
    {
      "high_freq": 392.3793640136719,
      "loudness": -34.5475959777832,
      "loudness_range": 17.177738189697266,
      "low_freq": 148.1999969482422,
      "mid_mean": -31.84671974182129,
      "mid_to_side_loudness": -7.543741703033447,
      "mid_to_side_loudness_range": 12.699045181274414,
      "side_mean": -39.343040466308594
    },
    {
      "high_freq": 794.6976318359375,
      "loudness": -35.83901596069336,
      "loudness_range": 20.547561645507812,
      "low_freq": 392.3793640136719,
      "mid_mean": -33.7165412902832,
      "mid_to_side_loudness": -4.340638160705566,
      "mid_to_side_loudness_range": 8.931659698486328,
      "side_mean": -38.083457946777344
    },
    {
      "high_freq": 1457.5709228515625,
      "loudness": -46.208213806152344,
      "loudness_range": 22.847412109375,
      "low_freq": 794.6976318359375,
      "mid_mean": -44.78096389770508,
      "mid_to_side_loudness": -2.221702814102173,
      "mid_to_side_loudness_range": 8.069198608398438,
      "side_mean": -47.00469970703125
    },
    {
      "high_freq": 2549.74365234375,
      "loudness": -51.547245025634766,
      "loudness_range": 23.464031219482422,
      "low_freq": 1457.5709228515625,
      "mid_mean": -50.86582946777344,
      "mid_to_side_loudness": -2.3983564376831055,
      "mid_to_side_loudness_range": 7.248430252075195,
      "side_mean": -53.08536148071289
    },
    {
      "high_freq": 4349.24462890625,
      "loudness": -65.65585327148438,
      "loudness_range": 27.604381561279297,
      "low_freq": 2549.74365234375,
      "mid_mean": -62.91204833984375,
      "mid_to_side_loudness": 0.7490843534469604,
      "mid_to_side_loudness_range": 6.576415538787842,
      "side_mean": -62.34333801269531
    },
    {
      "high_freq": 7314.1640625,
      "loudness": -74.26387023925781,
      "loudness_range": 11.259124755859375,
      "low_freq": 4349.24462890625,
      "mid_mean": -68.2890396118164,
      "mid_to_side_loudness": 0.8977556824684143,
      "mid_to_side_loudness_range": 3.6676723957061768,
      "side_mean": -67.863037109375
    },
    {
      "high_freq": 12199.2666015625,
      "loudness": -74.67182922363281,
      "loudness_range": 1.0246200561523438,
      "low_freq": 7314.1640625,
      "mid_mean": -68.52449798583984,
      "mid_to_side_loudness": -0.048324402421712875,
      "mid_to_side_loudness_range": 0.5215343236923218,
      "side_mean": -68.5334243774414
    },
    {
      "loudness": 0,
      "loudness_range": 0,
      "low_freq": 12199.2666015625,
      "mid_mean": -68.164794921875,
      "mid_to_side_loudness": -0.03745775669813156,
      "mid_to_side_loudness_range": 0.4105871617794037,
      "side_mean": -68.17440795898438
    }
  ],
  "bands_short": [
    {
      "high_freq": 148.1999969482422,
      "loudness": -54.02393341064453,
      "loudness_range": 19.680648803710938,
      "mid_mean": -50.71866226196289,
      "mid_to_side_loudness": -12.429586410522461,
      "mid_to_side_loudness_range": 14.695140838623047,
      "side_mean": -61.76544952392578
    },
    {
      "high_freq": 392.3793640136719,
      "loudness": -35.00282669067383,
      "loudness_range": 18.707477569580078,
      "low_freq": 148.1999969482422,
      "mid_mean": -32.35022735595703,
      "mid_to_side_loudness": -7.976315975189209,
      "mid_to_side_loudness_range": 14.30394172668457,
      "side_mean": -40.346378326416016
    },
    {
      "high_freq": 794.6976318359375,
      "loudness": -36.66591262817383,
      "loudness_range": 20.60624122619629,
      "low_freq": 392.3793640136719,
      "mid_mean": -34.70479965209961,
      "mid_to_side_loudness": -4.196993350982666,
      "mid_to_side_loudness_range": 11.051681518554688,
      "side_mean": -39.028839111328125
    },
    {
      "high_freq": 1457.5709228515625,
      "loudness": -44.79500961303711,
      "loudness_range": 23.359954833984375,
      "low_freq": 794.6976318359375,
      "mid_mean": -43.391719818115234,
      "mid_to_side_loudness": -2.460096597671509,
      "mid_to_side_loudness_range": 9.89461898803711,
      "side_mean": -45.85329055786133
    },
    {
      "high_freq": 2549.74365234375,
      "loudness": -52.456356048583984,
      "loudness_range": 24.309326171875,
      "low_freq": 1457.5709228515625,
      "mid_mean": -51.76540756225586,
      "mid_to_side_loudness": -2.412097930908203,
      "mid_to_side_loudness_range": 8.598146438598633,
      "side_mean": -53.9818115234375
    },
    {
      "high_freq": 4349.24462890625,
      "loudness": -66.1122055053711,
      "loudness_range": 27.97425079345703,
      "low_freq": 2549.74365234375,
      "mid_mean": -63.212928771972656,
      "mid_to_side_loudness": 0.7591657638549805,
      "mid_to_side_loudness_range": 7.864645957946777,
      "side_mean": -62.647361755371094
    },
    {
      "high_freq": 7314.1640625,
      "loudness": -74.53369903564453,
      "loudness_range": 10.207283020019531,
      "low_freq": 4349.24462890625,
      "mid_mean": -68.3794937133789,
      "mid_to_side_loudness": 0.8044285178184509,
      "mid_to_side_loudness_range": 4.187696933746338,
      "side_mean": -68.01702880859375
    },
    {
      "high_freq": 12199.2666015625,
      "loudness": -74.7024154663086,
      "loudness_range": 1.4497299194335938,
      "low_freq": 7314.1640625,
      "mid_mean": -68.5316390991211,
      "mid_to_side_loudness": -0.04098023474216461,
      "mid_to_side_loudness_range": 1.6179437637329102,
      "side_mean": -68.54092407226562
    },
    {
      "loudness": -73.48455047607422,
      "loudness_range": 1.0326690673828125,
      "low_freq": 12199.2666015625,
      "mid_mean": -68.15858459472656,
      "mid_to_side_loudness": -0.030278688296675682,
      "mid_to_side_loudness_range": 1.2549850940704346,
      "side_mean": -68.16844940185547
    }
  ],
  "channels": 2,
  "covariance": [
    [
      42.137691497802734,
      34.19701385498047,
      22.540414810180664,
      23.3936710357666,
      25.46640968322754,
      21.91628074645996,
      23.6695499420166,
      22.822208404541016,
      36.796531677246094,
      34.66312026977539,
      23.385631561279297,
      24.505605697631836,
      5.046963214874268,
      7.324300765991211,
      0.7763527631759644,
      0.8020516037940979,
      0.5925129652023315,
      0.575009822845459
    ],
    [
      34.19701385498047,
      37.272987365722656,
      19.205652236938477,
      17.54789924621582,
      20.268035888671875,
      17.024925231933594,
      20.81063461303711,
      19.52715301513672,
      29.960857391357422,
      28.49106216430664,
      19.65032196044922,
      20.13332748413086,
      3.9913365840911865,
      5.886011600494385,
      0.6862150430679321,
      0.7158714532852173,
      0.533699095249176,
      0.5185461640357971
    ],
    [
      22.540414810180664,
      19.205652236938477,
      42.59208679199219,
      35.64338684082031,
      17.615230560302734,
      18.873258590698242,
      14.540345191955566,
      16.460678100585938,
      28.372543334960938,
      26.788414001464844,
      16.307249069213867,
      17.45174217224121,
      4.232890605926514,
      6.2657790184021,
      0.4687429666519165,
      0.4727643132209778,
      0.2990182638168335,
      0.28419655561447144
    ],
    [
      23.3936710357666,
      17.54789924621582,
      35.64338684082031,
      48.234466552734375,
      23.46647071838379,
      23.601463317871094,
      18.03677749633789,
      19.363691329956055,
      29.101802825927734,
      28.37790870666504,
      17.092845916748047,
      19.113914489746094,
      4.312901020050049,
      6.335297107696533,
      0.3912960886955261,
      0.37931278347969055,
      0.2904318571090698,
      0.26581132411956787
    ],
    [
      25.46640968322754,
      20.268035888671875,
      17.615230560302734,
      23.46647071838379,
      53.149906158447266,
      44.070552825927734,
      33.637611389160156,
      31.207622528076172,
      39.38821029663086,
      39.922569274902344,
      28.502185821533203,
      32.70363235473633,
      5.902231693267822,
      8.657670021057129,
      0.6425403356552124,
      0.6261125802993774,
      0.43622109293937683,
      0.4062103033065796
    ],
    [
      21.91628074645996,
      17.024925231933594,
      18.873258590698242,
      23.601463317871094,
      44.070552825927734,
      44.90814208984375,
      31.176246643066406,
      30.282703399658203,
      37.56382751464844,
      38.42052459716797,
      27.590023040771484,
      31.111791610717773,
      6.0742340087890625,
      8.837475776672363,
      0.5984087586402893,
      0.5903239250183105,
      0.4083888530731201,
      0.3818775713443756
    ],
    [
      23.6695499420166,
      20.81063461303711,
      14.540345191955566,
      18.03677749633789,
      33.637611389160156,
      31.176246643066406,
      62.95178985595703,
      58.18901824951172,
      50.71109390258789,
      50.86020278930664,
      41.58427429199219,
      41.43503952026367,
      7.945751190185547,
      11.465826988220215,
      0.9000041484832764,
      0.9363282322883606,
      0.5159420371055603,
      0.48755741119384766
    ],
    [
      22.822208404541016,
      19.52715301513672,
      16.460678100585938,
      19.363691329956055,
      31.207622528076172,
      30.282703399658203,
      58.18901824951172,
      61.069793701171875,
      49.95061111450195,
      49.78206253051758,
      41.736412048339844,
      40.425201416015625,
      7.9756178855896,
      11.412400245666504,
      0.8325541019439697,
      0.8762869834899902,
      0.48479652404785156,
      0.45608869194984436
    ],
    [
      36.796531677246094,
      29.960857391357422,
      28.372543334960938,
      29.101802825927734,
      39.38821029663086,
      37.56382751464844,
      50.71109390258789,
      49.95061111450195,
      76.81480407714844,
      70.7397689819336,
      46.84709930419922,
      49.93331527709961,
      9.62411117553711,
      14.2024564743042,
      1.3782391548156738,
      1.4136779308319092,
      1.0924166440963745,
      1.039121389389038
    ],
    [
      34.66312026977539,
      28.49106216430664,
      26.788414001464844,
      28.37790870666504,
      39.922569274902344,
      38.42052459716797,
      50.86020278930664,
      49.78206253051758,
      70.7397689819336,
      70.77388000488281,
      46.36676788330078,
      48.637203216552734,
      9.623799324035645,
      14.084330558776855,
      1.3253328800201416,
      1.3487231731414795,
      1.0354417562484741,
      0.9842169880867004
    ],
    [
      23.385631561279297,
      19.65032196044922,
      16.307249069213867,
      17.092845916748047,
      28.502185821533203,
      27.590023040771484,
      41.58427429199219,
      41.736412048339844,
      46.84709930419922,
      46.36676788330078,
      45.41704177856445,
      45.034629821777344,
      9.022515296936035,
      12.9923095703125,
      1.0299688577651978,
      1.071035385131836,
      0.7009329795837402,
      0.667560338973999
    ],
    [
      24.505605697631836,
      20.13332748413086,
      17.45174217224121,
      19.113914489746094,
      32.70363235473633,
      31.111791610717773,
      41.43503952026367,
      40.425201416015625,
      49.93331527709961,
      48.637203216552734,
      45.034629821777344,
      48.08632278442383,
      9.18654727935791,
      13.352192878723145,
      1.052854061126709,
      1.0847052335739136,
      0.737797200679779,
      0.7062873840332031
    ],
    [
      5.046963214874268,
      3.9913365840911865,
      4.232890605926514,
      4.312901020050049,
      5.902231693267822,
      6.0742340087890625,
      7.945751190185547,
      7.9756178855896,
      9.62411117553711,
      9.623799324035645,
      9.022515296936035,
      9.18654727935791,
      3.5772643089294434,
      4.765810966491699,
      0.34833526611328125,
      0.3805941939353943,
      0.1793983429670334,
      0.17150378227233887
    ],
    [
      7.324300765991211,
      5.886011600494385,
      6.2657790184021,
      6.335297107696533,
      8.657670021057129,
      8.837475776672363,
      11.465826988220215,
      11.412400245666504,
      14.2024564743042,
      14.084330558776855,
      12.9923095703125,
      13.352192878723145,
      4.765810966491699,
      6.748481273651123,
      0.47555989027023315,
      0.5168138742446899,
      0.25053268671035767,
      0.23858405649662018
    ],
    [
      0.7763527631759644,
      0.6862150430679321,
      0.4687429666519165,
      0.3912960886955261,
      0.6425403356552124,
      0.5984087586402893,
      0.9000041484832764,
      0.8325541019439697,
      1.3782391548156738,
      1.3253328800201416,
      1.0299688577651978,
      1.052854061126709,
      0.34833526611328125,
      0.47555989027023315,
      0.08160580694675446,
      0.08645609766244888,
      0.04482771456241608,
      0.04315519332885742
    ],
    [
      0.8020516037940979,
      0.7158714532852173,
      0.4727643132209778,
      0.37931278347969055,
      0.6261125802993774,
      0.5903239250183105,
      0.9363282322883606,
      0.8762869834899902,
      1.4136779308319092,
      1.3487231731414795,
      1.071035385131836,
      1.0847052335739136,
      0.3805941939353943,
      0.5168138742446899,
      0.08645609766244888,
      0.09536711871623993,
      0.04562816023826599,
      0.04401710256934166
    ],
    [
      0.5925129652023315,
      0.533699095249176,
      0.2990182638168335,
      0.2904318571090698,
      0.43622109293937683,
      0.4083888530731201,
      0.5159420371055603,
      0.48479652404785156,
      1.0924166440963745,
      1.0354417562484741,
      0.7009329795837402,
      0.737797200679779,
      0.1793983429670334,
      0.25053268671035767,
      0.04482771456241608,
      0.04562816023826599,
      0.042578648775815964,
      0.040396664291620255
    ],
    [
      0.575009822845459,
      0.5185461640357971,
      0.28419655561447144,
      0.26581132411956787,
      0.4062103033065796,
      0.3818775713443756,
      0.48755741119384766,
      0.45608869194984436,
      1.039121389389038,
      0.9842169880867004,
      0.667560338973999,
      0.7062873840332031,
      0.17150378227233887,
      0.23858405649662018,
      0.04315519332885742,
      0.04401710256934166,
      0.040396664291620255,
      0.04056224972009659
    ]
  ],
  "covariance_short": [
    [
      45.56266784667969,
      26.00248146057129,
      20.307106018066406,
      21.755037307739258,
      23.73644256591797,
      20.493389129638672,
      23.371606826782227,
      22.412107467651367,
      35.368465423583984,
      33.705299377441406,
      23.30885887145996,
      23.741777420043945,
      4.62247371673584,
      6.542200088500977,
      0.8365652561187744,
      0.8463841676712036,
      0.7137805223464966,
      0.6939502954483032
    ],
    [
      26.00248146057129,
      29.874401092529297,
      15.26085376739502,
      14.62753677368164,
      15.774617195129395,
      13.19067668914795,
      16.508747100830078,
      15.949544906616211,
      23.506370544433594,
      22.83001708984375,
      15.866580963134766,
      15.799087524414062,
      2.8337724208831787,
      4.098308563232422,
      0.5091953873634338,
      0.5218625664710999,
      0.4130266308784485,
      0.39935269951820374
    ],
    [
      20.307106018066406,
      15.26085376739502,
      48.75810623168945,
      39.3178825378418,
      21.465852737426758,
      23.252906799316406,
      14.484210014343262,
      16.831661224365234,
      31.418651580810547,
      29.67999267578125,
      18.25899314880371,
      18.965702056884766,
      3.9872777462005615,
      5.78717565536499,
      0.4887898862361908,
      0.48656612634658813,
      0.3360874652862549,
      0.3257286250591278
    ],
    [
      21.755037307739258,
      14.62753677368164,
      39.3178825378418,
      55.28163146972656,
      26.648366928100586,
      27.7176513671875,
      15.188360214233398,
      17.188852310180664,
      32.08932876586914,
      31.177600860595703,
      19.14832305908203,
      20.193571090698242,
      4.164369106292725,
      6.015012741088867,
      0.4595150053501129,
      0.44398579001426697,
      0.3387678265571594,
      0.3120725750923157
    ],
    [
      23.73644256591797,
      15.774617195129395,
      21.465852737426758,
      26.648366928100586,
      55.25139236450195,
      44.295345306396484,
      32.509029388427734,
      30.610841751098633,
      40.15409851074219,
      40.107242584228516,
      30.53440284729004,
      34.75839614868164,
      5.737631320953369,
      8.248823165893555,
      0.6701831817626953,
      0.6504175066947937,
      0.4669373631477356,
      0.4390944242477417
    ],
    [
      20.493389129638672,
      13.19067668914795,
      23.252906799316406,
      27.7176513671875,
      44.295345306396484,
      50.11798858642578,
      28.774656295776367,
      29.005327224731445,
      39.61410140991211,
      39.79474639892578,
      29.728487014770508,
      34.105934143066406,
      5.871353626251221,
      8.468162536621094,
      0.6364039182662964,
      0.6213055849075317,
      0.4530335068702698,
      0.42294207215309143
    ],
    [
      23.371606826782227,
      16.508747100830078,
      14.484210014343262,
      15.188360214233398,
      32.509029388427734,
      28.774656295776367,
      65.61344146728516,
      56.26850128173828,
      47.84020233154297,
      48.24995422363281,
      38.940673828125,
      39.445308685302734,
      7.411334991455078,
      10.394316673278809,
      0.9543122053146362,
      0.9526506662368774,
      0.5899767279624939,
      0.5559880137443542
    ],
    [
      22.412107467651367,
      15.949544906616211,
      16.831661224365234,
      17.188852310180664,
      30.610841751098633,
      29.005327224731445,
      56.26850128173828,
      59.38003921508789,
      46.61872482299805,
      46.80446243286133,
      38.69179916381836,
      38.28193283081055,
      7.202556133270264,
      10.026116371154785,
      0.8486759066581726,
      0.8648497462272644,
      0.5351082682609558,
      0.5035462975502014
    ],
    [
      35.368465423583984,
      23.506370544433594,
      31.418651580810547,
      32.08932876586914,
      40.15409851074219,
      39.61410140991211,
      47.84020233154297,
      46.61872482299805,
      77.73858642578125,
      70.10375213623047,
      46.65745162963867,
      49.804359436035156,
      8.876803398132324,
      12.836441993713379,
      1.3634005784988403,
      1.383900761604309,
      1.114357352256775,
      1.0559523105621338
    ],
    [
      33.705299377441406,
      22.83001708984375,
      29.67999267578125,
      31.177600860595703,
      40.107242584228516,
      39.79474639892578,
      48.24995422363281,
      46.80446243286133,
      70.10375213623047,
      71.26377868652344,
      46.0720100402832,
      48.72965621948242,
      8.83476734161377,
      12.715837478637695,
      1.3096134662628174,
      1.3253226280212402,
      1.0537601709365845,
      0.9941564798355103
    ],
    [
      23.30885887145996,
      15.866580963134766,
      18.25899314880371,
      19.14832305908203,
      30.53440284729004,
      29.728487014770508,
      38.940673828125,
      38.69179916381836,
      46.65745162963867,
      46.0720100402832,
      46.198974609375,
      45.51982879638672,
      8.53725528717041,
      12.051535606384277,
      1.048341155052185,
      1.0840256214141846,
      0.7382249236106873,
      0.7001791000366211
    ],
    [
      23.741777420043945,
      15.799087524414062,
      18.965702056884766,
      20.193571090698242,
      34.75839614868164,
      34.105934143066406,
      39.445308685302734,
      38.28193283081055,
      49.804359436035156,
      48.72965621948242,
      45.51982879638672,
      49.38941192626953,
      8.773272514343262,
      12.514591217041016,
      1.0745972394943237,
      1.0976670980453491,
      0.7780972123146057,
      0.7433337569236755
    ],
    [
      4.62247371673584,
      2.8337724208831787,
      3.9872777462005615,
      4.164369106292725,
      5.737631320953369,
      5.871353626251221,
      7.411334991455078,
      7.202556133270264,
      8.876803398132324,
      8.83476734161377,
      8.53725528717041,
      8.773272514343262,
      3.4312407970428467,
      4.317183971405029,
      0.3739595115184784,
      0.39814797043800354,
      0.19757695496082306,
      0.1866285353899002
    ],
    [
      6.542200088500977,
      4.098308563232422,
      5.78717565536499,
      6.015012741088867,
      8.248823165893555,
      8.468162536621094,
      10.394316673278809,
      10.026116371154785,
      12.836441993713379,
      12.715837478637695,
      12.051535606384277,
      12.514591217041016,
      4.317183971405029,
      6.034741401672363,
      0.485402911901474,
      0.5165669918060303,
      0.2623996436595917,
      0.24862916767597198
    ],
    [
      0.8365652561187744,
      0.5091953873634338,
      0.4887898862361908,
      0.4595150053501129,
      0.6701831817626953,
      0.6364039182662964,
      0.9543122053146362,
      0.8486759066581726,
      1.3634005784988403,
      1.3096134662628174,
      1.048341155052185,
      1.0745972394943237,
      0.3739595115184784,
      0.485402911901474,
      0.10770690441131592,
      0.1010601744055748,
      0.05056491866707802,
      0.048447951674461365
    ],
    [
      0.8463841676712036,
      0.5218625664710999,
      0.48656612634658813,
      0.44398579001426697,
      0.6504175066947937,
      0.6213055849075317,
      0.9526506662368774,
      0.8648497462272644,
      1.383900761604309,
      1.3253226280212402,
      1.0840256214141846,
      1.0976670980453491,
      0.39814797043800354,
      0.5165669918060303,
      0.1010601744055748,
      0.12262941896915436,
      0.05095303803682327,
      0.0489468015730381
    ],
    [
      0.7137805223464966,
      0.4130266308784485,
      0.3360874652862549,
      0.3387678265571594,
      0.4669373631477356,
      0.4530335068702698,
      0.5899767279624939,
      0.5351082682609558,
      1.114357352256775,
      1.0537601709365845,
      0.7382249236106873,
      0.7780972123146057,
      0.19757695496082306,
      0.2623996436595917,
      0.05056491866707802,
      0.05095303803682327,
      0.05625143647193909,
      0.044115543365478516
    ],
    [
      0.6939502954483032,
      0.39935269951820374,
      0.3257286250591278,
      0.3120725750923157,
      0.4390944242477417,
      0.42294207215309143,
      0.5559880137443542,
      0.5035462975502014,
      1.0559523105621338,
      0.9941564798355103,
      0.7001791000366211,
      0.7433337569236755,
      0.1866285353899002,
      0.24862916767597198,
      0.048447951674461365,
      0.0489468015730381,
      0.044115543365478516,
      0.05389154702425003
    ]
  ],
  "drr": 9.392471313476562,
  "dynamics": 4.739413738250732,
  "format": 1245190,
  "frames": 10807296,
  "loudness": -26.785306930541992,
  "loudness_range": 14.471080780029297,
  "loudness_range_short": 16.122394561767578,
  "peak": -2.5170915126800537,
  "rms": -26.902191162109375,
  "sample_rate": 44100,
  "sections": 1,
  "seekable": 1,
  "sharpness": 2.854186534881592,
  "space": -6.024832725524902
}