{
  "bands": [
    {
      "high_freq": 148.1999969482422,
      "loudness": -42.876014709472656,
      "loudness_range": 19.67428207397461,
      "mid_mean": -41.81884765625,
      "mid_to_side_loudness": -1.943322777748108,
      "mid_to_side_loudness_range": 10.041238784790039,
      "side_mean": -43.88296890258789
    },
    {
      "high_freq": 392.3793640136719,
      "loudness": -34.879722595214844,
      "loudness_range": 21.920612335205078,
      "low_freq": 148.1999969482422,
      "mid_mean": -34.0549201965332,
      "mid_to_side_loudness": -1.0962110757827759,
      "mid_to_side_loudness_range": 8.869217872619629,
      "side_mean": -34.89445495605469
    },
    {
      "high_freq": 794.6976318359375,
      "loudness": -36.93220520019531,
      "loudness_range": 25.725210189819336,
      "low_freq": 392.3793640136719,
      "mid_mean": -36.002044677734375,
      "mid_to_side_loudness": -0.4801945388317108,
      "mid_to_side_loudness_range": 6.559721946716309,
      "side_mean": -36.73720932006836
    },
    {
      "high_freq": 1457.5709228515625,
      "loudness": -42.2250862121582,
      "loudness_range": 33.13896942138672,
      "low_freq": 794.6976318359375,
      "mid_mean": -41.394569396972656,
      "mid_to_side_loudness": -0.7832320928573608,
      "mid_to_side_loudness_range": 4.796899318695068,
      "side_mean": -42.19558334350586
    },
    {
      "high_freq": 2549.74365234375,
      "loudness": -43.85744094848633,
      "loudness_range": 37.65205383300781,
      "low_freq": 1457.5709228515625,
      "mid_mean": -43.574798583984375,
      "mid_to_side_loudness": -0.45304957032203674,
      "mid_to_side_loudness_range": 4.961152076721191,
      "side_mean": -44.08388900756836
    },
    {
      "high_freq": 4349.24462890625,
      "loudness": -48.31577682495117,
      "loudness_range": 34.15707015991211,
      "low_freq": 2549.74365234375,
      "mid_mean": -51.05487060546875,
      "mid_to_side_loudness": -0.9380840063095093,
      "mid_to_side_loudness_range": 2.899127721786499,
      "side_mean": -51.82368850708008
    },
    {
      "high_freq": 7314.1640625,
      "loudness": -57.24029541015625,
      "loudness_range": 35.47019958496094,
      "low_freq": 4349.24462890625,
      "mid_mean": -59.251686096191406,
      "mid_to_side_loudness": -0.7210409045219421,
      "mid_to_side_loudness_range": 2.0174195766448975,
      "side_mean": -59.686466217041016
    },
    {
      "high_freq": 12199.2666015625,
      "loudness": -63.996463775634766,
      "loudness_range": 32.9477653503418,
      "low_freq": 7314.1640625,
      "mid_mean": -64.56423950195312,
      "mid_to_side_loudness": -0.8656046390533447,
      "mid_to_side_loudness_range": 1.6829520463943481,
      "side_mean": -64.9004898071289
    },
    {
      "loudness": -68.93228912353516,
      "loudness_range": 27.952465057373047,
      "low_freq": 12199.2666015625,
      "mid_mean": -67.33901977539062,
      "mid_to_side_loudness": -0.9642167091369629,
      "mid_to_side_loudness_range": 1.565319538116455,
      "side_mean": -67.5916519165039
    }
  ],
  "bands_short": [
    {
      "high_freq": 148.1999969482422,
      "loudness": -45.358619689941406,
      "loudness_range": 20.21661376953125,
      "mid_mean": -45.051719665527344,
      "mid_to_side_loudness": -1.8707525730133057,
      "mid_to_side_loudness_range": 15.444395065307617,
      "side_mean": -47.02983474731445
    },
    {
      "high_freq": 392.3793640136719,
      "loudness": -35.52613830566406,
      "loudness_range": 21.472484588623047,
      "low_freq": 148.1999969482422,
      "mid_mean": -34.87229537963867,
      "mid_to_side_loudness": -1.1158313751220703,
      "mid_to_side_loudness_range": 10.530517578125,
      "side_mean": -35.725982666015625
    },
    {
      "high_freq": 794.6976318359375,
      "loudness": -36.184837341308594,
      "loudness_range": 25.33199119567871,
      "low_freq": 392.3793640136719,
      "mid_mean": -35.49781036376953,
      "mid_to_side_loudness": -0.49406537413597107,
      "mid_to_side_loudness_range": 9.759157180786133,
      "side_mean": -36.108314514160156
    },
    {
      "high_freq": 1457.5709228515625,
      "loudness": -41.84963607788086,
      "loudness_range": 32.563072204589844,
      "low_freq": 794.6976318359375,
      "mid_mean": -41.07784652709961,
      "mid_to_side_loudness": -0.8471744656562805,
      "mid_to_side_loudness_range": 8.403559684753418,
      "side_mean": -42.027957916259766
    },
    {
      "high_freq": 2549.74365234375,
      "loudness": -44.0059928894043,
      "loudness_range": 37.39225387573242,
      "low_freq": 1457.5709228515625,
      "mid_mean": -43.801029205322266,
      "mid_to_side_loudness": -0.45754173398017883,
      "mid_to_side_loudness_range": 8.006715774536133,
      "side_mean": -44.32889938354492
    },
    {
      "high_freq": 4349.24462890625,
      "loudness": -48.34470748901367,
      "loudness_range": 34.782501220703125,
      "low_freq": 2549.74365234375,
      "mid_mean": -51.142189025878906,
      "mid_to_side_loudness": -0.8995653986930847,
      "mid_to_side_loudness_range": 5.851609230041504,
      "side_mean": -51.88356399536133
    },
    {
      "high_freq": 7314.1640625,
      "loudness": -57.21036911010742,
      "loudness_range": 35.33551025390625,
      "low_freq": 4349.24462890625,
      "mid_mean": -59.311580657958984,
      "mid_to_side_loudness": -0.711540699005127,
      "mid_to_side_loudness_range": 4.237066745758057,
      "side_mean": -59.75202178955078
    },
    {
      "high_freq": 12199.2666015625,
      "loudness": -63.95738983154297,
      "loudness_range": 33.07270050048828,
      "low_freq": 7314.1640625,
      "mid_mean": -64.59487915039062,
      "mid_to_side_loudness": -0.8485261797904968,
      "mid_to_side_loudness_range": 3.0729899406433105,
      "side_mean": -64.92779541015625
    },
    {
      "loudness": -68.835205078125,
      "loudness_range": 28.25684356689453,
      "low_freq": 12199.2666015625,
      "mid_mean": -67.35614013671875,
      "mid_to_side_loudness": -0.955125629901886,
      "mid_to_side_loudness_range": 2.583350658416748,
      "side_mean": -67.6086654663086
    }
  ],
  "channels": 2,
  "covariance": [
    [
      55.41830825805664,
      44.932167053222656,
      34.415767669677734,
      34.88753890991211,
      39.92182540893555,
      41.375038146972656,
      42.65956115722656,
      43.15180587768555,
      45.296146392822266,
      45.03682327270508,
      51.2085075378418,
      51.24430847167969,
      45.051002502441406,
      44.48978805541992,
      33.67971420288086,
      33.0142707824707,
      20.75518798828125,
      19.361875534057617
    ],
    [
      44.932167053222656,
      53.62238693237305,
      34.66348648071289,
      34.835205078125,
      38.760684967041016,
      40.56463623046875,
      42.221683502197266,
      43.01074981689453,
      43.93492889404297,
      43.50509262084961,
      51.857269287109375,
      52.057456970214844,
      45.8134765625,
      45.240997314453125,
      33.97612380981445,
      33.32589340209961,
      20.936416625976562,
      19.54281234741211
    ],
    [
      34.415767669677734,
      34.66348648071289,
      56.35202407836914,
      50.70170211791992,
      52.77294921875,
      55.19750213623047,
      61.04431915283203,
      61.38871765136719,
      69.28900146484375,
      68.89109802246094,
      74.97679138183594,
      74.9110107421875,
      62.69028091430664,
      61.648109436035156,
      43.168025970458984,
      42.27146530151367,
      25.59314727783203,
      23.787736892700195
    ],
    [
      34.88753890991211,
      34.835205078125,
      50.70170211791992,
      59.23493576049805,
      53.490299224853516,
      56.63798141479492,
      64.17664337158203,
      64.60249328613281,
      72.25823974609375,
      72.37503051757812,
      79.17530822753906,
      79.22337341308594,
      67.23681640625,
      66.20631408691406,
      46.017799377441406,
      45.05118942260742,
      27.2939395904541,
      25.385026931762695
    ],
    [
      39.92182540893555,
      38.760684967041016,
      52.77294921875,
      53.490299224853516,
      71.57884979248047,
      70.96463012695312,
      77.07849884033203,
      77.81851196289062,
      85.56419372558594,
      84.62024688720703,
      93.6999282836914,
      93.73265838623047,
      79.13677215576172,
      77.84996032714844,
      53.43391418457031,
      52.0455436706543,
      30.849105834960938,
      28.58632469177246
    ],
    [
      41.375038146972656,
      40.56463623046875,
      55.19750213623047,
      56.63798141479492,
      70.96463012695312,
      78.55561828613281,
      80.91484832763672,
      82.22019958496094,
      89.17457580566406,
      88.4756851196289,
      98.03117370605469,
      98.1336441040039,
      82.64061737060547,
      81.32837677001953,
      55.314334869384766,
      53.945953369140625,
      31.848094940185547,
      29.499980926513672
    ],
    [
      42.65956115722656,
      42.221683502197266,
      61.04431915283203,
      64.17664337158203,
      77.07849884033203,
      80.91484832763672,
      110.65267181396484,
      108.76751708984375,
      114.97698211669922,
      114.8713607788086,
      122.41178894042969,
      122.19400024414062,
      101.34857177734375,
      99.4549789428711,
      67.07849884033203,
      65.31867980957031,
      38.56013488769531,
      35.7031135559082
    ],
    [
      43.15180587768555,
      43.01074981689453,
      61.38871765136719,
      64.60249328613281,
      77.81851196289062,
      82.22019958496094,
      108.76751708984375,
      111.77228546142578,
      115.48590087890625,
      115.37672424316406,
      123.81163787841797,
      123.48121643066406,
      102.45160675048828,
      100.5855941772461,
      68.10038757324219,
      66.3848648071289,
      39.400665283203125,
      36.523128509521484
    ],
    [
      45.296146392822266,
      43.93492889404297,
      69.28900146484375,
      72.25823974609375,
      85.56419372558594,
      89.17457580566406,
      114.97698211669922,
      115.48590087890625,
      139.01516723632812,
      136.59310913085938,
      139.94224548339844,
      139.38792419433594,
      117.37991333007812,
      115.31028747558594,
      77.583740234375,
      75.51913452148438,
      44.8070182800293,
      41.552207946777344
    ],
    [
      45.03682327270508,
      43.50509262084961,
      68.89109802246094,
      72.37503051757812,
      84.62024688720703,
      88.4756851196289,
      114.8713607788086,
      115.37672424316406,
      136.59310913085938,
      139.4666290283203,
      139.12220764160156,
      138.44869995117188,
      116.52243041992188,
      114.49910736083984,
      77.27110290527344,
      75.30728912353516,
      44.836669921875,
      41.61803436279297
    ],
    [
      51.2085075378418,
      51.857269287109375,
      74.97679138183594,
      79.17530822753906,
      93.6999282836914,
      98.03117370605469,
      122.41178894042969,
      123.81163787841797,
      139.94224548339844,
      139.12220764160156,
      159.71315002441406,
      158.38607788085938,
      131.12924194335938,
      128.7113800048828,
      86.66923522949219,
      84.31607818603516,
      49.934852600097656,
      46.23959732055664
    ],
    [
      51.24430847167969,
      52.057456970214844,
      74.9110107421875,
      79.22337341308594,
      93.73265838623047,
      98.1336441040039,
      122.19400024414062,
      123.48121643066406,
      139.38792419433594,
      138.44869995117188,
      158.38607788085938,
      158.16189575195312,
      131.41677856445312,
      129.0182342529297,
      87.2131118774414,
      84.89195251464844,
      50.41775131225586,
      46.718753814697266
    ],
    [
      45.051002502441406,
      45.8134765625,
      62.69028091430664,
      67.23681640625,
      79.13677215576172,
      82.64061737060547,
      101.34857177734375,
      102.45160675048828,
      117.37991333007812,
      116.52243041992188,
      131.12924194335938,
      131.41677856445312,
      117.86599731445312,
      116.0704345703125,
      81.70217895507812,
      79.93968200683594,
      48.420162200927734,
      45.00209045410156
    ],
    [
      44.48978805541992,
      45.240997314453125,
      61.648109436035156,
      66.20631408691406,
      77.84996032714844,
      81.32837677001953,
      99.4549789428711,
      100.5855941772461,
      115.31028747558594,
      114.49910736083984,
      128.7113800048828,
      129.0182342529297,
      116.0704345703125,
      114.71553039550781,
      80.9520263671875,
      79.33491516113281,
      48.13469314575195,
      44.769718170166016
    ],
    [
      33.67971420288086,
      33.97612380981445,
      43.168025970458984,
      46.017799377441406,
      53.43391418457031,
      55.314334869384766,
      67.07849884033203,
      68.10038757324219,
      77.583740234375,
      77.27110290527344,
      86.66923522949219,
      87.2131118774414,
      81.70217895507812,
      80.9520263671875,
      62.407264709472656,
      61.73102569580078,
      39.01493835449219,
      36.58180236816406
    ],
    [
      33.0142707824707,
      33.32589340209961,
      42.27146530151367,
      45.05118942260742,
      52.0455436706543,
      53.945953369140625,
      65.31867980957031,
      66.3848648071289,
      75.51913452148438,
      75.30728912353516,
      84.31607818603516,
      84.89195251464844,
      79.93968200683594,
      79.33491516113281,
      61.73102569580078,
      61.45924377441406,
      39.01726531982422,
      36.614166259765625
    ],
    [
      20.75518798828125,
      20.936416625976562,
      25.59314727783203,
      27.2939395904541,
      30.849105834960938,
      31.848094940185547,
      38.56013488769531,
      39.400665283203125,
      44.8070182800293,
      44.836669921875,
      49.934852600097656,
      50.41775131225586,
      48.420162200927734,
      48.13469314575195,
      39.01493835449219,
      39.01726531982422,
      26.092132568359375,
      24.58710479736328
    ],
    [
      19.361875534057617,
      19.54281234741211,
      23.787736892700195,
      25.385026931762695,
      28.58632469177246,
      29.499980926513672,
      35.7031135559082,
      36.523128509521484,
      41.552207946777344,
      41.61803436279297,
      46.23959732055664,
      46.718753814697266,
      45.00209045410156,
      44.769718170166016,
      36.58180236816406,
      36.614166259765625,
      24.58710479736328,
      23.324222564697266
    ]
  ],
  "covariance_short": [
    [
      65.67671203613281,
      46.9224967956543,
      31.341171264648438,
      29.431297302246094,
      35.18449783325195,
      37.163856506347656,
      39.3994140625,
      39.361114501953125,
      41.73939895629883,
      41.457481384277344,
      47.86785888671875,
      47.801063537597656,
      40.826961517333984,
      40.148948669433594,
      28.29311180114746,
      27.446964263916016,
      16.458086013793945,
      15.193784713745117
    ],
    [
      46.9224967956543,
      64.42675018310547,
      33.16767883300781,
      31.99135971069336,
      36.16337203979492,
      38.78840637207031,
      41.36272430419922,
      41.641605377197266,
      43.55193328857422,
      42.82914352416992,
      50.70820236206055,
      50.69801712036133,
      43.54058074951172,
      42.79438781738281,
      30.20933723449707,
      29.369491577148438,
      17.723758697509766,
      16.356040954589844
    ],
    [
      31.341171264648438,
      33.16767883300781,
      58.97536849975586,
      49.40517044067383,
      49.7991943359375,
      52.61428451538086,
      61.77458190917969,
      61.69417953491211,
      66.87933349609375,
      66.82523345947266,
      72.6656494140625,
      72.61473846435547,
      61.043128967285156,
      60.02497482299805,
      42.398250579833984,
      41.595436096191406,
      25.297670364379883,
      23.489788055419922
    ],
    [
      29.431297302246094,
      31.99135971069336,
      49.40517044067383,
      57.999515533447266,
      50.199485778808594,
      54.63824462890625,
      62.2989501953125,
      62.93356704711914,
      68.484130859375,
      68.9405746459961,
      75.7684555053711,
      75.8759536743164,
      64.23607635498047,
      63.23289489746094,
      44.288848876953125,
      43.44905471801758,
      26.458065032958984,
      24.6185302734375
    ],
    [
      35.18449783325195,
      36.16337203979492,
      49.7991943359375,
      50.199485778808594,
      69.1029052734375,
      66.89806365966797,
      73.94844818115234,
      74.16729736328125,
      81.4813003540039,
      80.86772918701172,
      89.91851043701172,
      89.90312194824219,
      75.28130340576172,
      74.00575256347656,
      50.9019889831543,
      49.62602233886719,
      29.344009399414062,
      27.20026206970215
    ],
    [
      37.163856506347656,
      38.78840637207031,
      52.61428451538086,
      54.63824462890625,
      66.89806365966797,
      79.4057846069336,
      79.23870849609375,
      79.9415512084961,
      86.47802734375,
      86.1468734741211,
      96.05201721191406,
      96.12853240966797,
      80.49652862548828,
      79.16667938232422,
      53.94060134887695,
      52.66886901855469,
      31.056320190429688,
      28.766706466674805
    ],
    [
      39.3994140625,
      41.36272430419922,
      61.77458190917969,
      62.2989501953125,
      73.94844818115234,
      79.23870849609375,
      112.74691009521484,
      106.54795837402344,
      113.32781982421875,
      112.80068969726562,
      121.77281951904297,
      121.6051025390625,
      100.98894500732422,
      99.08180236816406,
      66.9560317993164,
      65.15303802490234,
      38.39350128173828,
      35.494937896728516
    ],
    [
      39.361114501953125,
      41.641605377197266,
      61.69417953491211,
      62.93356704711914,
      74.16729736328125,
      79.9415512084961,
      106.54795837402344,
      112.6717758178711,
      113.35005187988281,
      113.00391387939453,
      123.17266845703125,
      122.8568344116211,
      101.6311264038086,
      99.71054077148438,
      67.59180450439453,
      65.85560607910156,
      38.97127914428711,
      36.07770538330078
    ],
    [
      41.73939895629883,
      43.55193328857422,
      66.87933349609375,
      68.484130859375,
      81.4813003540039,
      86.47802734375,
      113.32781982421875,
      113.35005187988281,
      139.54176330566406,
      134.3358612060547,
      139.45880126953125,
      138.95211791992188,
      116.60255432128906,
      114.49092102050781,
      77.2147445678711,
      75.16594696044922,
      44.5374870300293,
      41.25556945800781
    ],
    [
      41.457481384277344,
      42.82914352416992,
      66.82523345947266,
      68.9405746459961,
      80.86772918701172,
      86.1468734741211,
      112.80068969726562,
      113.00391387939453,
      134.3358612060547,
      140.2490692138672,
      138.61195373535156,
      138.0821990966797,
      115.84790802001953,
      113.80123901367188,
      76.93070983886719,
      74.97096252441406,
      44.58049774169922,
      41.324615478515625
    ],
    [
      47.86785888671875,
      50.70820236206055,
      72.6656494140625,
      75.7684555053711,
      89.91851043701172,
      96.05201721191406,
      121.77281951904297,
      123.17266845703125,
      139.45880126953125,
      138.61195373535156,
      161.47413635253906,
      159.0207977294922,
      131.00457763671875,
      128.52490234375,
      86.4195556640625,
      84.0843505859375,
      49.650306701660156,
      45.92695617675781
    ],
    [
      47.801063537597656,
      50.69801712036133,
      72.61473846435547,
      75.8759536743164,
      89.90312194824219,
      96.12853240966797,
      121.6051025390625,
      122.8568344116211,
      138.95211791992188,
      138.0821990966797,
      159.0207977294922,
      160.02552795410156,
      131.28184509277344,
      128.81358337402344,
      86.98535919189453,
      84.70433807373047,
      50.15174102783203,
      46.425537109375
    ],
    [
      40.826961517333984,
      43.54058074951172,
      61.043128967285156,
      64.23607635498047,
      75.28130340576172,
      80.49652862548828,
      100.98894500732422,
      101.6311264038086,
      116.60255432128906,
      115.84790802001953,
      131.00457763671875,
      131.28184509277344,
      117.87933349609375,
      115.51183319091797,
      81.33253479003906,
      79.57966613769531,
      48.112693786621094,
      44.673194885253906
    ],
    [
      40.148948669433594,
      42.79438781738281,
      60.02497482299805,
      63.23289489746094,
      74.00575256347656,
      79.16667938232422,
      99.08180236816406,
      99.71054077148438,
      114.49092102050781,
      113.80123901367188,
      128.52490234375,
      128.81358337402344,
      115.51183319091797,
      114.65606689453125,
      80.5759048461914,
      78.97032165527344,
      47.821659088134766,
      44.44163513183594
    ],
    [
      28.29311180114746,
      30.20933723449707,
      42.398250579833984,
      44.288848876953125,
      50.9019889831543,
      53.94060134887695,
      66.9560317993164,
      67.59180450439453,
      77.2147445678711,
      76.93070983886719,
      86.4195556640625,
      86.98535919189453,
      81.33253479003906,
      80.5759048461914,
      62.355316162109375,
      61.513431549072266,
      38.78374481201172,
      36.31874465942383
    ],
    [
      27.446964263916016,
      29.369491577148438,
      41.595436096191406,
      43.44905471801758,
      49.62602233886719,
      52.66886901855469,
      65.15303802490234,
      65.85560607910156,
      75.16594696044922,
      74.97096252441406,
      84.0843505859375,
      84.70433807373047,
      79.57966613769531,
      78.97032165527344,
      61.513431549072266,
      61.389015197753906,
      38.772769927978516,
      36.33882141113281
    ],
    [
      16.458086013793945,
      17.723758697509766,
      25.297670364379883,
      26.458065032958984,
      29.344009399414062,
      31.056320190429688,
      38.39350128173828,
      38.97127914428711,
      44.5374870300293,
      44.58049774169922,
      49.650306701660156,
      50.15174102783203,
      48.112693786621094,
      47.821659088134766,
      38.78374481201172,
      38.772769927978516,
      26.003360748291016,
      24.3978271484375
    ],
    [
      15.193784713745117,
      16.356040954589844,
      23.489788055419922,
      24.6185302734375,
      27.20026206970215,
      28.766706466674805,
      35.494937896728516,
      36.07770538330078,
      41.25556945800781,
      41.324615478515625,
      45.92695617675781,
      46.425537109375,
      44.673194885253906,
      44.44163513183594,
      36.31874465942383,
      36.33882141113281,
      24.3978271484375,
      23.19120979309082
    ]
  ],
  "drr": 7.704392910003662,
  "dynamics": 6.911712169647217,
  "format": 1245190,
  "frames": 17420288,
  "loudness": -26.555095672607422,
  "loudness_range": 24.092832565307617,
  "loudness_range_short": 24.34404945373535,
  "peak": -0.7401072978973389,
  "rms": -23.649703979492188,
  "sample_rate": 44100,
  "sections": 1,
  "seekable": 1,
  "sharpness": 0.8970946073532104,
  "space": -0.8450571298599243
}