{
  "bands": [
    {
      "high_freq": 148.1999969482422,
      "loudness": -34.46125411987305,
      "loudness_range": 10.19677734375,
      "mid_mean": -30.998291015625,
      "mid_to_side_loudness": -12.668123245239258,
      "mid_to_side_loudness_range": 8.089388847351074,
      "side_mean": -43.73644256591797
    },
    {
      "high_freq": 392.3793640136719,
      "loudness": -25.887821197509766,
      "loudness_range": 11.457456588745117,
      "low_freq": 148.1999969482422,
      "mid_mean": -22.45107078552246,
      "mid_to_side_loudness": -15.027996063232422,
      "mid_to_side_loudness_range": 16.356782913208008,
      "side_mean": -37.333274841308594
    },
    {
      "high_freq": 794.6976318359375,
      "loudness": -31.0487060546875,
      "loudness_range": 16.803674697875977,
      "low_freq": 392.3793640136719,
      "mid_mean": -27.70855712890625,
      "mid_to_side_loudness": -14.366925239562988,
      "mid_to_side_loudness_range": 18.517770767211914,
      "side_mean": -42.079315185546875
    },
    {
      "high_freq": 1457.5709228515625,
      "loudness": -35.693565368652344,
      "loudness_range": 17.575733184814453,
      "low_freq": 794.6976318359375,
      "mid_mean": -32.45167541503906,
      "mid_to_side_loudness": -12.689066886901855,
      "mid_to_side_loudness_range": 18.363731384277344,
      "side_mean": -45.45076370239258
    },
    {
      "high_freq": 2549.74365234375,
      "loudness": -39.252079010009766,
      "loudness_range": 20.956253051757812,
      "low_freq": 1457.5709228515625,
      "mid_mean": -35.941490173339844,
      "mid_to_side_loudness": -12.42094612121582,
      "mid_to_side_loudness_range": 15.259005546569824,
      "side_mean": -48.928890228271484
    },
    {
      "high_freq": 4349.24462890625,
      "loudness": -42.50442123413086,
      "loudness_range": 22.394746780395508,
      "low_freq": 2549.74365234375,
      "mid_mean": -39.429569244384766,
      "mid_to_side_loudness": -9.187551498413086,
      "mid_to_side_loudness_range": 10.14298152923584,
      "side_mean": -48.881038665771484
    },
    {
      "high_freq": 7314.1640625,
      "loudness": -46.264774322509766,
      "loudness_range": 21.287715911865234,
      "low_freq": 4349.24462890625,
      "mid_mean": -43.84640121459961,
      "mid_to_side_loudness": -5.160969257354736,
      "mid_to_side_loudness_range": 6.948733329772949,
      "side_mean": -49.11784362792969
    },
    {
      "high_freq": 12199.2666015625,
      "loudness": -49.89556121826172,
      "loudness_range": 20.504013061523438,
      "low_freq": 7314.1640625,
      "mid_mean": -48.25873947143555,
      "mid_to_side_loudness": -3.474106550216675,
      "mid_to_side_loudness_range": 7.4511332511901855,
      "side_mean": -51.7956657409668
    },
    {
      "loudness": -62.53169631958008,
      "loudness_range": 18.328907012939453,
      "low_freq": 12199.2666015625,
      "mid_mean": -59.68510055541992,
      "mid_to_side_loudness": -3.303157091140747,
      "mid_to_side_loudness_range": 6.174595355987549,
      "side_mean": -62.36239242553711
    }
  ],
  "bands_short": [
    {
      "high_freq": 148.1999969482422,
      "loudness": -38.51474380493164,
      "loudness_range": 13.55027961730957,
      "mid_mean": -35.22404861450195,
      "mid_to_side_loudness": -11.288641929626465,
      "mid_to_side_loudness_range": 10.390289306640625,
      "side_mean": -46.52363967895508
    },
    {
      "high_freq": 392.3793640136719,
      "loudness": -26.3437442779541,
      "loudness_range": 12.689537048339844,
      "low_freq": 148.1999969482422,
      "mid_mean": -22.90070343017578,
      "mid_to_side_loudness": -15.407510757446289,
      "mid_to_side_loudness_range": 16.457340240478516,
      "side_mean": -38.30629348754883
    },
    {
      "high_freq": 794.6976318359375,
      "loudness": -31.02538299560547,
      "loudness_range": 19.238664627075195,
      "low_freq": 392.3793640136719,
      "mid_mean": -27.737939834594727,
      "mid_to_side_loudness": -14.618032455444336,
      "mid_to_side_loudness_range": 20.601409912109375,
      "side_mean": -42.34724426269531
    },
    {
      "high_freq": 1457.5709228515625,
      "loudness": -36.5778694152832,
      "loudness_range": 20.061674118041992,
      "low_freq": 794.6976318359375,
      "mid_mean": -33.34944534301758,
      "mid_to_side_loudness": -13.284260749816895,
      "mid_to_side_loudness_range": 19.948579788208008,
      "side_mean": -47.01345443725586
    },
    {
      "high_freq": 2549.74365234375,
      "loudness": -40.64129638671875,
      "loudness_range": 24.691694259643555,
      "low_freq": 1457.5709228515625,
      "mid_mean": -37.37174987792969,
      "mid_to_side_loudness": -12.77677059173584,
      "mid_to_side_loudness_range": 17.11211395263672,
      "side_mean": -51.01991271972656
    },
    {
      "high_freq": 4349.24462890625,
      "loudness": -44.218570709228516,
      "loudness_range": 25.97442626953125,
      "low_freq": 2549.74365234375,
      "mid_mean": -41.085601806640625,
      "mid_to_side_loudness": -9.847376823425293,
      "mid_to_side_loudness_range": 10.54433822631836,
      "side_mean": -51.26118469238281
    },
    {
      "high_freq": 7314.1640625,
      "loudness": -48.245765686035156,
      "loudness_range": 23.999286651611328,
      "low_freq": 4349.24462890625,
      "mid_mean": -45.91177749633789,
      "mid_to_side_loudness": -5.362648963928223,
      "mid_to_side_loudness_range": 7.85813045501709,
      "side_mean": -51.428688049316406
    },
    {
      "high_freq": 12199.2666015625,
      "loudness": -51.81850051879883,
      "loudness_range": 22.613712310791016,
      "low_freq": 7314.1640625,
      "mid_mean": -50.71974563598633,
      "mid_to_side_loudness": -3.2139668464660645,
      "mid_to_side_loudness_range": 8.39932918548584,
      "side_mean": -53.69342041015625
    },
    {
      "loudness": -64.6301498413086,
      "loudness_range": 24.62750244140625,
      "low_freq": 12199.2666015625,
      "mid_mean": -61.30046081542969,
      "mid_to_side_loudness": -3.095907688140869,
      "mid_to_side_loudness_range": 6.4402241706848145,
      "side_mean": -63.52939987182617
    }
  ],
  "channels": 2,
  "covariance": [
    [
      14.630614280700684,
      11.667702674865723,
      0.9470842480659485,
      1.3123292922973633,
      5.0910491943359375,
      2.194624423980713,
      6.315305233001709,
      4.68436336517334,
      6.299543857574463,
      5.462682723999023,
      7.057239055633545,
      7.676162242889404,
      6.4541754722595215,
      7.932913303375244,
      6.550351142883301,
      6.661123275756836,
      5.179159641265869,
      4.498697280883789
    ],
    [
      11.667702674865723,
      16.170852661132812,
      -0.5792273283004761,
      4.100234031677246,
      6.981557369232178,
      7.359817028045654,
      9.587448120117188,
      10.471038818359375,
      9.278253555297852,
      9.400105476379395,
      10.292706489562988,
      10.001508712768555,
      8.63756275177002,
      8.452292442321777,
      6.00630521774292,
      6.598805904388428,
      6.953609466552734,
      6.010802268981934
    ],
    [
      0.9470842480659485,
      -0.5792273283004761,
      20.888105392456055,
      5.287143707275391,
      9.572017669677734,
      0.4215953052043915,
      4.9482011795043945,
      -1.2813222408294678,
      9.52077579498291,
      6.037265300750732,
      12.165830612182617,
      9.962034225463867,
      11.073535919189453,
      11.215426445007324,
      10.612302780151367,
      12.106249809265137,
      2.2961976528167725,
      2.4127089977264404
    ],
    [
      1.3123292922973633,
      4.100234031677246,
      5.287143707275391,
      21.49424934387207,
      3.1473350524902344,
      14.744834899902344,
      4.632845878601074,
      19.44890594482422,
      3.554263114929199,
      15.87078857421875,
      8.481148719787598,
      9.179759979248047,
      6.553029537200928,
      7.067312717437744,
      2.5641262531280518,
      4.060521602630615,
      2.1465559005737305,
      2.6354095935821533
    ],
    [
      5.0910491943359375,
      6.981557369232178,
      9.572017669677734,
      3.1473350524902344,
      35.685951232910156,
      16.65195083618164,
      25.363637924194336,
      10.621466636657715,
      33.04029846191406,
      20.17172622680664,
      33.40950012207031,
      22.77747344970703,
      22.54657745361328,
      19.680086135864258,
      13.968029975891113,
      15.924545288085938,
      10.03545093536377,
      9.64635181427002
    ],
    [
      2.194624423980713,
      7.359817028045654,
      0.4215953052043915,
      14.744834899902344,
      16.65195083618164,
      35.47060012817383,
      14.418840408325195,
      25.766555786132812,
      16.415874481201172,
      24.082218170166016,
      18.27512550354004,
      15.571257591247559,
      13.050572395324707,
      11.760640144348145,
      5.196591377258301,
      7.261985778808594,
      6.405570983886719,
      7.069807052612305
    ],
    [
      6.315305233001709,
      9.587448120117188,
      4.9482011795043945,
      4.632845878601074,
      25.363637924194336,
      14.418840408325195,
      34.73543167114258,
      20.15361976623535,
      37.502803802490234,
      23.71419906616211,
      35.938804626464844,
      26.892885208129883,
      24.272558212280273,
      21.697412490844727,
      12.859063148498535,
      15.330068588256836,
      11.618778228759766,
      11.002756118774414
    ],
    [
      4.68436336517334,
      10.471038818359375,
      -1.2813222408294678,
      19.44890594482422,
      10.621466636657715,
      25.766555786132812,
      20.15361976623535,
      43.34941482543945,
      17.89728355407715,
      27.65297508239746,
      19.232463836669922,
      18.324934005737305,
      13.062199592590332,
      12.456720352172852,
      3.632380723953247,
      6.238025665283203,
      6.18095064163208,
      6.920370578765869
    ],
    [
      6.299543857574463,
      9.278253555297852,
      9.52077579498291,
      3.554263114929199,
      33.04029846191406,
      16.415874481201172,
      37.502803802490234,
      17.89728355407715,
      56.740997314453125,
      32.26219177246094,
      53.23255157470703,
      37.16691970825195,
      37.85862731933594,
      33.9488525390625,
      23.07728385925293,
      26.994163513183594,
      14.797294616699219,
      15.0910062789917
    ],
    [
      5.462682723999023,
      9.400105476379395,
      6.037265300750732,
      15.87078857421875,
      20.17172622680664,
      24.082218170166016,
      23.71419906616211,
      27.65297508239746,
      32.26219177246094,
      38.86838912963867,
      36.7038688659668,
      32.979698181152344,
      26.12777328491211,
      26.255470275878906,
      12.878204345703125,
      17.355878829956055,
      9.666404724121094,
      11.034916877746582
    ],
    [
      7.057239055633545,
      10.292706489562988,
      12.165830612182617,
      8.481148719787598,
      33.40950012207031,
      18.27512550354004,
      35.938804626464844,
      19.232463836669922,
      53.23255157470703,
      36.7038688659668,
      66.21568298339844,
      49.32505798339844,
      48.02554702758789,
      44.37446212768555,
      30.506099700927734,
      34.72624588012695,
      20.188085556030273,
      20.162151336669922
    ],
    [
      7.676162242889404,
      10.001508712768555,
      9.962034225463867,
      9.179759979248047,
      22.77747344970703,
      15.571257591247559,
      26.892885208129883,
      18.324934005737305,
      37.16691970825195,
      32.979698181152344,
      49.32505798339844,
      47.9462890625,
      40.02250671386719,
      39.93723678588867,
      26.13909149169922,
      28.919837951660156,
      18.485820770263672,
      17.702207565307617
    ],
    [
      6.4541754722595215,
      8.63756275177002,
      11.073535919189453,
      6.553029537200928,
      22.54657745361328,
      13.050572395324707,
      24.272558212280273,
      13.062199592590332,
      37.85862731933594,
      26.12777328491211,
      48.02554702758789,
      40.02250671386719,
      60.82135772705078,
      51.67716979980469,
      50.740142822265625,
      46.82918930053711,
      30.845340728759766,
      27.247928619384766
    ],
    [
      7.932913303375244,
      8.452292442321777,
      11.215426445007324,
      7.067312717437744,
      19.680086135864258,
      11.760640144348145,
      21.697412490844727,
      12.456720352172852,
      33.9488525390625,
      26.255470275878906,
      44.37446212768555,
      39.93723678588867,
      51.67716979980469,
      51.177093505859375,
      45.11309051513672,
      45.58673095703125,
      26.042186737060547,
      25.150789260864258
    ],
    [
      6.550351142883301,
      6.00630521774292,
      10.612302780151367,
      2.5641262531280518,
      13.968029975891113,
      5.196591377258301,
      12.859063148498535,
      3.632380723953247,
      23.07728385925293,
      12.878204345703125,
      30.506099700927734,
      26.13909149169922,
      50.740142822265625,
      45.11309051513672,
      59.528167724609375,
      51.806705474853516,
      35.32342529296875,
      30.503416061401367
    ],
    [
      6.661123275756836,
      6.598805904388428,
      12.106249809265137,
      4.060521602630615,
      15.924545288085938,
      7.261985778808594,
      15.330068588256836,
      6.238025665283203,
      26.994163513183594,
      17.355878829956055,
      34.72624588012695,
      28.919837951660156,
      46.82918930053711,
      45.58673095703125,
      51.806705474853516,
      52.81341552734375,
      29.59122085571289,
      28.769493103027344
    ],
    [
      5.179159641265869,
      6.953609466552734,
      2.2961976528167725,
      2.1465559005737305,
      10.03545093536377,
      6.405570983886719,
      11.618778228759766,
      6.18095064163208,
      14.797294616699219,
      9.666404724121094,
      20.188085556030273,
      18.485820770263672,
      30.845340728759766,
      26.042186737060547,
      35.32342529296875,
      29.59122085571289,
      33.90210723876953,
      27.05620002746582
    ],
    [
      4.498697280883789,
      6.010802268981934,
      2.4127089977264404,
      2.6354095935821533,
      9.64635181427002,
      7.069807052612305,
      11.002756118774414,
      6.920370578765869,
      15.0910062789917,
      11.034916877746582,
      20.162151336669922,
      17.702207565307617,
      27.247928619384766,
      25.150789260864258,
      30.503416061401367,
      28.769493103027344,
      27.05620002746582,
      24.251827239990234
    ]
  ],
  "covariance_short": [
    [
      22.92380142211914,
      15.611144065856934,
      1.4288915395736694,
      2.923896551132202,
      1.981367826461792,
      1.0110505819320679,
      4.070863723754883,
      4.702284336090088,
      4.1426544189453125,
      5.6826090812683105,
      4.756895065307617,
      6.752058982849121,
      5.440013408660889,
      5.970252990722656,
      5.16287899017334,
      4.524619102478027,
      3.8193037509918213,
      2.9830105304718018
    ],
    [
      15.611144065856934,
      21.793203353881836,
      -1.1704281568527222,
      4.149277687072754,
      1.8614991903305054,
      4.835353851318359,
      4.5229058265686035,
      8.301491737365723,
      3.610943555831909,
      6.6574931144714355,
      5.0078582763671875,
      6.050077438354492,
      5.154854774475098,
      4.466668605804443,
      4.238021373748779,
      3.1684517860412598,
      4.5705132484436035,
      3.183529853820801
    ],
    [
      1.4288915395736694,
      -1.1704281568527222,
      24.06233787536621,
      11.0613374710083,
      11.21172046661377,
      1.6604009866714478,
      6.094123840332031,
      2.442883014678955,
      10.80843448638916,
      10.887779235839844,
      14.208794593811035,
      12.236934661865234,
      9.18025016784668,
      11.393424034118652,
      9.058793067932129,
      11.26132583618164,
      0.9678494334220886,
      1.4591829776763916
    ],
    [
      2.923896551132202,
      4.149277687072754,
      11.0613374710083,
      28.603412628173828,
      10.06546401977539,
      19.903621673583984,
      10.419322967529297,
      26.0736141204834,
      10.761916160583496,
      24.166372299194336,
      14.252992630004883,
      15.697892189025879,
      10.942117691040039,
      11.959192276000977,
      6.7457990646362305,
      9.189148902893066,
      3.9412331581115723,
      4.6055378913879395
    ],
    [
      1.981367826461792,
      1.8614991903305054,
      11.21172046661377,
      10.06546401977539,
      43.87079620361328,
      21.43427848815918,
      31.570301055908203,
      19.2391300201416,
      39.523475646972656,
      27.76701545715332,
      39.9875373840332,
      31.413101196289062,
      24.35215187072754,
      24.472152709960938,
      13.847811698913574,
      17.34772300720215,
      8.385300636291504,
      8.287797927856445
    ],
    [
      1.0110505819320679,
      4.835353851318359,
      1.6604009866714478,
      19.903621673583984,
      21.43427848815918,
      46.87229537963867,
      18.31376838684082,
      36.961517333984375,
      20.329547882080078,
      32.37368392944336,
      21.352859497070312,
      20.783550262451172,
      14.432429313659668,
      14.456681251525879,
      5.872025966644287,
      9.045842170715332,
      6.63810396194458,
      7.342410087585449
    ],
    [
      4.070863723754883,
      4.5229058265686035,
      6.094123840332031,
      10.419322967529297,
      31.570301055908203,
      18.31376838684082,
      45.80705261230469,
      28.27791404724121,
      47.20377731323242,
      33.005088806152344,
      45.50209426879883,
      37.580318450927734,
      29.997867584228516,
      29.593055725097656,
      16.5180606842041,
      20.067346572875977,
      12.184652328491211,
      11.726585388183594
    ],
    [
      4.702284336090088,
      8.301491737365723,
      2.442883014678955,
      26.0736141204834,
      19.2391300201416,
      36.961517333984375,
      28.27791404724121,
      57.571128845214844,
      26.57989501953125,
      41.331024169921875,
      27.9648380279541,
      28.05136489868164,
      19.60387420654297,
      20.2280330657959,
      8.094922065734863,
      12.565232276916504,
      8.321917533874512,
      9.341678619384766
    ],
    [
      4.1426544189453125,
      3.610943555831909,
      10.80843448638916,
      10.761916160583496,
      39.523475646972656,
      20.329547882080078,
      47.20377731323242,
      26.57989501953125,
      71.96780395507812,
      45.942955017089844,
      66.63232421875,
      53.196285247802734,
      46.137088775634766,
      46.396446228027344,
      28.35399055480957,
      34.194095611572266,
      16.11564064025879,
      16.328018188476562
    ],
    [
      5.6826090812683105,
      6.6574931144714355,
      10.887779235839844,
      24.166372299194336,
      27.76701545715332,
      32.37368392944336,
      33.005088806152344,
      41.331024169921875,
      45.942955017089844,
      61.8853645324707,
      48.93253707885742,
      52.0527458190918,
      35.43998718261719,
      41.57151412963867,
      23.55270767211914,
      29.66001319885254,
      14.316920280456543,
      15.245986938476562
    ],
    [
      4.756895065307617,
      5.0078582763671875,
      14.208794593811035,
      14.252992630004883,
      39.9875373840332,
      21.352859497070312,
      45.50209426879883,
      27.9648380279541,
      66.63232421875,
      48.93253707885742,
      84.83694458007812,
      68.7771987915039,
      58.70369338989258,
      58.89039611816406,
      38.846458435058594,
      44.67226791381836,
      23.560455322265625,
      23.018478393554688
    ],
    [
      6.752058982849121,
      6.050077438354492,
      12.236934661865234,
      15.697892189025879,
      31.413101196289062,
      20.783550262451172,
      37.580318450927734,
      28.05136489868164,
      53.196285247802734,
      52.0527458190918,
      68.7771987915039,
      70.0192642211914,
      52.229217529296875,
      57.6533203125,
      38.582523345947266,
      42.93404006958008,
      24.558361053466797,
      23.313875198364258
    ],
    [
      5.440013408660889,
      5.154854774475098,
      9.18025016784668,
      10.942117691040039,
      24.35215187072754,
      14.432429313659668,
      29.997867584228516,
      19.60387420654297,
      46.137088775634766,
      35.43998718261719,
      58.70369338989258,
      52.229217529296875,
      73.7196273803711,
      66.19830322265625,
      60.91217803955078,
      57.19987487792969,
      38.797943115234375,
      33.18661117553711
    ],
    [
      5.970252990722656,
      4.466668605804443,
      11.393424034118652,
      11.959192276000977,
      24.472152709960938,
      14.456681251525879,
      29.593055725097656,
      20.2280330657959,
      46.396446228027344,
      41.57151412963867,
      58.89039611816406,
      57.6533203125,
      66.19830322265625,
      69.9342041015625,
      59.38179016113281,
      60.33915710449219,
      34.62709045410156,
      32.07692337036133
    ],
    [
      5.16287899017334,
      4.238021373748779,
      9.058793067932129,
      6.7457990646362305,
      13.847811698913574,
      5.872025966644287,
      16.5180606842041,
      8.094922065734863,
      28.35399055480957,
      23.55270767211914,
      38.846458435058594,
      38.582523345947266,
      60.91217803955078,
      59.38179016113281,
      74.90677642822266,
      66.6047592163086,
      47.2098274230957,
      38.8858757019043
    ],
    [
      4.524619102478027,
      3.1684517860412598,
      11.26132583618164,
      9.189148902893066,
      17.34772300720215,
      9.045842170715332,
      20.067346572875977,
      12.565232276916504,
      34.194095611572266,
      29.66001319885254,
      44.67226791381836,
      42.93404006958008,
      57.19987487792969,
      60.33915710449219,
      66.6047592163086,
      65.89177703857422,
      38.482486724853516,
      35.103187561035156
    ],
    [
      3.8193037509918213,
      4.5705132484436035,
      0.9678494334220886,
      3.9412331581115723,
      8.385300636291504,
      6.63810396194458,
      12.184652328491211,
      8.321917533874512,
      16.11564064025879,
      14.316920280456543,
      23.560455322265625,
      24.558361053466797,
      38.797943115234375,
      34.62709045410156,
      47.2098274230957,
      38.482486724853516,
      45.032440185546875,
      35.722965240478516
    ],
    [
      2.9830105304718018,
      3.183529853820801,
      1.4591829776763916,
      4.6055378913879395,
      8.287797927856445,
      7.342410087585449,
      11.726585388183594,
      9.341678619384766,
      16.328018188476562,
      15.245986938476562,
      23.018478393554688,
      23.313875198364258,
      33.18661117553711,
      32.07692337036133,
      38.8858757019043,
      35.103187561035156,
      35.722965240478516,
      30.791940689086914
    ]
  ],
  "drr": 10.976758003234863,
  "dynamics": 3.851269006729126,
  "format": 1245190,
  "frames": 9343936,
  "loudness": -19.2913818359375,
  "loudness_range": 11.198347091674805,
  "loudness_range_short": 12.392999649047852,
  "peak": -3.5462679862976074,
  "rms": -20.473085403442383,
  "sample_rate": 44100,
  "sections": 1,
  "seekable": 1,
  "sharpness": 2.280463218688965,
  "space": -14.335375785827637
}