{
  "bands": [
    {
      "high_freq": 148.1999969482422,
      "loudness": -35.393760681152344,
      "loudness_range": 33.66889953613281,
      "mid_mean": -32.45866394042969,
      "mid_to_side_loudness": -11.419915199279785,
      "mid_to_side_loudness_range": 13.605992317199707,
      "side_mean": -45.5931282043457
    },
    {
      "high_freq": 392.3793640136719,
      "loudness": -28.329437255859375,
      "loudness_range": 21.12972640991211,
      "low_freq": 148.1999969482422,
      "mid_mean": -25.638181686401367,
      "mid_to_side_loudness": -6.077023029327393,
      "mid_to_side_loudness_range": 9.263794898986816,
      "side_mean": -31.994937896728516
    },
    {
      "high_freq": 794.6976318359375,
      "loudness": -24.748186111450195,
      "loudness_range": 8.980857849121094,
      "low_freq": 392.3793640136719,
      "mid_mean": -21.68332290649414,
      "mid_to_side_loudness": -8.841242790222168,
      "mid_to_side_loudness_range": 9.601773262023926,
      "side_mean": -30.63836669921875
    },
    {
      "high_freq": 1457.5709228515625,
      "loudness": -25.075916290283203,
      "loudness_range": 7.423837661743164,
      "low_freq": 794.6976318359375,
      "mid_mean": -21.760526657104492,
      "mid_to_side_loudness": -11.888836860656738,
      "mid_to_side_loudness_range": 12.812116622924805,
      "side_mean": -33.843326568603516
    },
    {
      "high_freq": 2549.74365234375,
      "loudness": -33.30309295654297,
      "loudness_range": 17.175504684448242,
      "low_freq": 1457.5709228515625,
      "mid_mean": -31.27750587463379,
      "mid_to_side_loudness": -5.8924713134765625,
      "mid_to_side_loudness_range": 10.731328964233398,
      "side_mean": -35.90617752075195
    },
    {
      "high_freq": 4349.24462890625,
      "loudness": -36.296024322509766,
      "loudness_range": 13.882627487182617,
      "low_freq": 2549.74365234375,
      "mid_mean": -35.53325271606445,
      "mid_to_side_loudness": -4.279523849487305,
      "mid_to_side_loudness_range": 6.909786224365234,
      "side_mean": -38.28609848022461
    },
    {
      "high_freq": 7314.1640625,
      "loudness": -43.92388916015625,
      "loudness_range": 18.02074432373047,
      "low_freq": 4349.24462890625,
      "mid_mean": -44.99912643432617,
      "mid_to_side_loudness": -3.556544542312622,
      "mid_to_side_loudness_range": 8.54741096496582,
      "side_mean": -51.44755554199219
    },
    {
      "high_freq": 12199.2666015625,
      "loudness": -48.885650634765625,
      "loudness_range": 31.431804656982422,
      "low_freq": 7314.1640625,
      "mid_mean": -53.04825210571289,
      "mid_to_side_loudness": -2.972947359085083,
      "mid_to_side_loudness_range": 9.28433609008789,
      "side_mean": -55.3002815246582
    },
    {
      "loudness": -53.36820602416992,
      "loudness_range": 33.565547943115234,
      "low_freq": 12199.2666015625,
      "mid_mean": -57.242008209228516,
      "mid_to_side_loudness": -2.5910892486572266,
      "mid_to_side_loudness_range": 9.863327026367188,
      "side_mean": -59.33821487426758
    }
  ],
  "bands_short": [
    {
      "high_freq": 148.1999969482422,
      "loudness": -38.44630813598633,
      "loudness_range": 34.293006896972656,
      "mid_mean": -36.88011169433594,
      "mid_to_side_loudness": -11.083944320678711,
      "mid_to_side_loudness_range": 19.681793212890625,
      "side_mean": -51.500770568847656
    },
    {
      "high_freq": 392.3793640136719,
      "loudness": -28.657217025756836,
      "loudness_range": 22.466907501220703,
      "low_freq": 148.1999969482422,
      "mid_mean": -25.91883659362793,
      "mid_to_side_loudness": -6.473745346069336,
      "mid_to_side_loudness_range": 12.971290588378906,
      "side_mean": -32.812862396240234
    },
    {
      "high_freq": 794.6976318359375,
      "loudness": -25.361072540283203,
      "loudness_range": 12.149158477783203,
      "low_freq": 392.3793640136719,
      "mid_mean": -22.473033905029297,
      "mid_to_side_loudness": -7.979463577270508,
      "mid_to_side_loudness_range": 10.81558895111084,
      "side_mean": -30.56998634338379
    },
    {
      "high_freq": 1457.5709228515625,
      "loudness": -24.91483497619629,
      "loudness_range": 8.818235397338867,
      "low_freq": 794.6976318359375,
      "mid_mean": -21.64042854309082,
      "mid_to_side_loudness": -11.907615661621094,
      "mid_to_side_loudness_range": 15.048517227172852,
      "side_mean": -33.74785614013672
    },
    {
      "high_freq": 2549.74365234375,
      "loudness": -33.035133361816406,
      "loudness_range": 14.417842864990234,
      "low_freq": 1457.5709228515625,
      "mid_mean": -31.086021423339844,
      "mid_to_side_loudness": -5.172004222869873,
      "mid_to_side_loudness_range": 10.101712226867676,
      "side_mean": -36.01973342895508
    },
    {
      "high_freq": 4349.24462890625,
      "loudness": -36.14756774902344,
      "loudness_range": 14.346681594848633,
      "low_freq": 2549.74365234375,
      "mid_mean": -35.03752136230469,
      "mid_to_side_loudness": -3.230351209640503,
      "mid_to_side_loudness_range": 6.790412425994873,
      "side_mean": -38.17646026611328
    },
    {
      "high_freq": 7314.1640625,
      "loudness": -44.46971893310547,
      "loudness_range": 19.031543731689453,
      "low_freq": 4349.24462890625,
      "mid_mean": -44.372127532958984,
      "mid_to_side_loudness": -2.6054060459136963,
      "mid_to_side_loudness_range": 7.3913726806640625,
      "side_mean": -51.69717788696289
    },
    {
      "high_freq": 12199.2666015625,
      "loudness": -50.36865234375,
      "loudness_range": 31.447107315063477,
      "low_freq": 7314.1640625,
      "mid_mean": -54.157066345214844,
      "mid_to_side_loudness": -2.451970100402832,
      "mid_to_side_loudness_range": 8.892220497131348,
      "side_mean": -56.030029296875
    },
    {
      "loudness": -56.76266860961914,
      "loudness_range": 34.90945053100586,
      "low_freq": 12199.2666015625,
      "mid_mean": -58.91984939575195,
      "mid_to_side_loudness": -2.1646616458892822,
      "mid_to_side_loudness_range": 9.541882514953613,
      "side_mean": -60.45996856689453
    }
  ],
  "channels": 2,
  "covariance": [
    [
      137.32528686523438,
      128.03216552734375,
      57.07099533081055,
      54.36325454711914,
      17.821453094482422,
      32.03845977783203,
      -2.7226946353912354,
      21.165973663330078,
      35.70735168457031,
      42.02476119995117,
      50.34329605102539,
      41.48070526123047,
      61.718170166015625,
      75.3712387084961,
      70.50894927978516,
      52.20720291137695,
      54.49201583862305,
      32.63660430908203
    ],
    [
      128.03216552734375,
      172.2320098876953,
      68.6875228881836,
      67.01107025146484,
      21.797035217285156,
      40.836177825927734,
      -1.969494104385376,
      26.58755874633789,
      40.1937141418457,
      48.47811508178711,
      55.31159591674805,
      45.72437286376953,
      68.18660736083984,
      92.24172973632812,
      82.35310363769531,
      61.06196975708008,
      60.534305572509766,
      35.16211700439453
    ],
    [
      57.07099533081055,
      68.6875228881836,
      58.613250732421875,
      49.373226165771484,
      14.122265815734863,
      28.070016860961914,
      -2.040539026260376,
      18.873130798339844,
      26.588634490966797,
      28.70134162902832,
      33.30290603637695,
      25.01404571533203,
      44.59717559814453,
      64.59154510498047,
      60.99531555175781,
      52.020851135253906,
      47.67375946044922,
      36.62428665161133
    ],
    [
      54.36325454711914,
      67.01107025146484,
      49.373226165771484,
      51.324947357177734,
      13.488325119018555,
      26.908580780029297,
      -0.7198446989059448,
      18.924766540527344,
      26.443492889404297,
      29.32208824157715,
      33.723873138427734,
      26.414623260498047,
      44.74760055541992,
      66.382080078125,
      61.67488098144531,
      53.321754455566406,
      47.2532844543457,
      37.057029724121094
    ],
    [
      17.821453094482422,
      21.797035217285156,
      14.122265815734863,
      13.488325119018555,
      10.232438087463379,
      12.089226722717285,
      1.6584134101867676,
      7.978206157684326,
      9.901022911071777,
      10.328463554382324,
      11.586984634399414,
      9.334806442260742,
      14.761962890625,
      19.64552116394043,
      17.567949295043945,
      14.417598724365234,
      12.501977920532227,
      8.55336856842041
    ],
    [
      32.03845977783203,
      40.836177825927734,
      28.070016860961914,
      26.908580780029297,
      12.089226722717285,
      24.562793731689453,
      1.9576945304870605,
      13.797712326049805,
      18.42724609375,
      20.04522132873535,
      21.44064712524414,
      16.05021858215332,
      29.249530792236328,
      43.50740432739258,
      38.61501693725586,
      32.80120086669922,
      27.432056427001953,
      20.539783477783203
    ],
    [
      -2.7226946353912354,
      -1.969494104385376,
      -2.040539026260376,
      -0.7198446989059448,
      1.6584134101867676,
      1.9576945304870605,
      10.516554832458496,
      3.3584985733032227,
      0.13354574143886566,
      0.3197449743747711,
      -0.37026044726371765,
      0.25076085329055786,
      -2.0527989864349365,
      -0.5904054045677185,
      -1.263563871383667,
      -2.636108875274658,
      -1.575423002243042,
      -3.4806923866271973
    ],
    [
      21.165973663330078,
      26.58755874633789,
      18.873130798339844,
      18.924766540527344,
      7.978206157684326,
      13.797712326049805,
      3.3584985733032227,
      16.599828720092773,
      11.518699645996094,
      15.459715843200684,
      16.995437622070312,
      13.339889526367188,
      22.080631256103516,
      30.454347610473633,
      27.08686637878418,
      22.970426559448242,
      19.847293853759766,
      14.849769592285156
    ],
    [
      35.70735168457031,
      40.1937141418457,
      26.588634490966797,
      26.443492889404297,
      9.901022911071777,
      18.42724609375,
      0.13354574143886566,
      11.518699645996094,
      56.3424186706543,
      35.92158508300781,
      36.22948455810547,
      31.546886444091797,
      44.811790466308594,
      57.93958282470703,
      49.139129638671875,
      46.1748046875,
      33.913333892822266,
      30.2431583404541
    ],
    [
      42.02476119995117,
      48.47811508178711,
      28.70134162902832,
      29.32208824157715,
      10.328463554382324,
      20.04522132873535,
      0.3197449743747711,
      15.459715843200684,
      35.92158508300781,
      48.205108642578125,
      43.29901885986328,
      39.290096282958984,
      43.75832748413086,
      62.384037017822266,
      53.67998504638672,
      49.46576690673828,
      37.336700439453125,
      32.150020599365234
    ],
    [
      50.34329605102539,
      55.31159591674805,
      33.30290603637695,
      33.723873138427734,
      11.586984634399414,
      21.44064712524414,
      -0.37026044726371765,
      16.995437622070312,
      36.22948455810547,
      43.29901885986328,
      68.21212005615234,
      51.09562301635742,
      61.92717361450195,
      71.78366088867188,
      62.77550506591797,
      59.093711853027344,
      45.54327392578125,
      39.69872283935547
    ],
    [
      41.48070526123047,
      45.72437286376953,
      25.01404571533203,
      26.414623260498047,
      9.334806442260742,
      16.05021858215332,
      0.25076085329055786,
      13.339889526367188,
      31.546886444091797,
      39.290096282958984,
      51.09562301635742,
      56.515140533447266,
      49.41154098510742,
      62.189170837402344,
      54.08005142211914,
      52.62133026123047,
      38.919612884521484,
      35.355064392089844
    ],
    [
      61.718170166015625,
      68.18660736083984,
      44.59717559814453,
      44.74760055541992,
      14.761962890625,
      29.249530792236328,
      -2.0527989864349365,
      22.080631256103516,
      44.811790466308594,
      43.75832748413086,
      61.92717361450195,
      49.41154098510742,
      100.57266235351562,
      101.1416015625,
      98.55046081542969,
      95.06875610351562,
      80.46109008789062,
      73.16519927978516
    ],
    [
      75.3712387084961,
      92.24172973632812,
      64.59154510498047,
      66.382080078125,
      19.64552116394043,
      43.50740432739258,
      -0.5904054045677185,
      30.454347610473633,
      57.93958282470703,
      62.384037017822266,
      71.78366088867188,
      62.189170837402344,
      101.1416015625,
      154.66697692871094,
      145.7380828857422,
      141.85107421875,
      116.13555145263672,
      109.30311584472656
    ],
    [
      70.50894927978516,
      82.35310363769531,
      60.99531555175781,
      61.67488098144531,
      17.567949295043945,
      38.61501693725586,
      -1.263563871383667,
      27.08686637878418,
      49.139129638671875,
      53.67998504638672,
      62.77550506591797,
      54.08005142211914,
      98.55046081542969,
      145.7380828857422,
      159.89474487304688,
      153.15206909179688,
      141.846435546875,
      129.7268524169922
    ],
    [
      52.20720291137695,
      61.06196975708008,
      52.020851135253906,
      53.321754455566406,
      14.417598724365234,
      32.80120086669922,
      -2.636108875274658,
      22.970426559448242,
      46.1748046875,
      49.46576690673828,
      59.093711853027344,
      52.62133026123047,
      95.06875610351562,
      141.85107421875,
      153.15206909179688,
      161.29830932617188,
      135.24154663085938,
      139.22154235839844
    ],
    [
      54.49201583862305,
      60.534305572509766,
      47.67375946044922,
      47.2532844543457,
      12.501977920532227,
      27.432056427001953,
      -1.575423002243042,
      19.847293853759766,
      33.913333892822266,
      37.336700439453125,
      45.54327392578125,
      38.919612884521484,
      80.46109008789062,
      116.13555145263672,
      141.846435546875,
      135.24154663085938,
      141.2501983642578,
      127.05399322509766
    ],
    [
      32.63660430908203,
      35.16211700439453,
      36.62428665161133,
      37.057029724121094,
      8.55336856842041,
      20.539783477783203,
      -3.4806923866271973,
      14.849769592285156,
      30.2431583404541,
      32.150020599365234,
      39.69872283935547,
      35.355064392089844,
      73.16519927978516,
      109.30311584472656,
      129.7268524169922,
      139.22154235839844,
      127.05399322509766,
      134.2654571533203
    ]
  ],
  "covariance_short": [
    [
      150.9056854248047,
      127.60246276855469,
      67.40608978271484,
      60.511409759521484,
      22.835378646850586,
      35.87508773803711,
      -2.1396591663360596,
      22.80519676208496,
      30.661027908325195,
      38.92934036254883,
      39.423683166503906,
      35.62457275390625,
      45.94124984741211,
      76.91951751708984,
      66.26922607421875,
      52.252166748046875,
      46.14505386352539,
      30.017627716064453
    ],
    [
      127.60246276855469,
      181.18536376953125,
      86.29478454589844,
      82.2560043334961,
      32.00408172607422,
      51.61840057373047,
      -1.5931344032287598,
      31.788450241088867,
      37.49433898925781,
      48.96053695678711,
      44.075321197509766,
      39.4282112121582,
      51.89572525024414,
      113.56229400634766,
      94.76435089111328,
      77.37251281738281,
      63.35398483276367,
      44.523868560791016
    ],
    [
      67.40608978271484,
      86.29478454589844,
      65.79955291748047,
      51.357215881347656,
      21.266172409057617,
      31.106807708740234,
      -2.1146492958068848,
      18.789196014404297,
      21.57350730895996,
      27.995737075805664,
      26.547595977783203,
      23.662540435791016,
      31.085180282592773,
      64.13966369628906,
      55.664493560791016,
      47.36693572998047,
      38.91350173950195,
      29.517038345336914
    ],
    [
      60.511409759521484,
      82.2560043334961,
      51.357215881347656,
      57.91312026977539,
      19.910045623779297,
      30.13132095336914,
      -1.2071614265441895,
      18.681425094604492,
      21.42741584777832,
      28.159753799438477,
      26.991506576538086,
      24.550851821899414,
      31.395891189575195,
      66.43059539794922,
      57.366092681884766,
      50.274600982666016,
      39.934059143066406,
      32.047264099121094
    ],
    [
      22.835378646850586,
      32.00408172607422,
      21.266172409057617,
      19.910045623779297,
      19.29475212097168,
      17.251556396484375,
      0.15613850951194763,
      9.984763145446777,
      10.046632766723633,
      12.10588550567627,
      12.131294250488281,
      10.017179489135742,
      13.351332664489746,
      26.956701278686523,
      23.506237030029297,
      20.217920303344727,
      16.10879898071289,
      12.400787353515625
    ],
    [
      35.87508773803711,
      51.61840057373047,
      31.106807708740234,
      30.13132095336914,
      17.251556396484375,
      29.446043014526367,
      0.9681509733200073,
      13.971891403198242,
      15.484373092651367,
      19.989742279052734,
      17.60736846923828,
      14.97282600402832,
      20.424556732177734,
      45.3077278137207,
      38.33048629760742,
      33.33866500854492,
      25.234935760498047,
      19.908615112304688
    ],
    [
      -2.1396591663360596,
      -1.5931344032287598,
      -2.1146492958068848,
      -1.2071614265441895,
      0.15613850951194763,
      0.9681509733200073,
      13.85876178741455,
      3.5179593563079834,
      0.9919314384460449,
      0.2576584219932556,
      0.8000389933586121,
      0.7100324630737305,
      -0.2824949324131012,
      -1.0105379819869995,
      -1.8866450786590576,
      -3.191451072692871,
      -2.5824379920959473,
      -4.14379358291626
    ],
    [
      22.80519676208496,
      31.788450241088867,
      18.789196014404297,
      18.681425094604492,
      9.984763145446777,
      13.971891403198242,
      3.5179593563079834,
      18.687782287597656,
      11.037765502929688,
      15.516474723815918,
      15.046732902526855,
      13.506279945373535,
      16.522987365722656,
      30.18870735168457,
      25.491943359375,
      22.312551498413086,
      16.738414764404297,
      13.111529350280762
    ],
    [
      30.661027908325195,
      37.49433898925781,
      21.57350730895996,
      21.42741584777832,
      10.046632766723633,
      15.484373092651367,
      0.9919314384460449,
      11.037765502929688,
      50.24394226074219,
      34.345436096191406,
      30.788105010986328,
      27.61267852783203,
      32.747928619384766,
      48.804603576660156,
      40.48908615112305,
      38.63166427612305,
      25.966636657714844,
      24.10428237915039
    ],
    [
      38.92934036254883,
      48.96053695678711,
      27.995737075805664,
      28.159753799438477,
      12.10588550567627,
      19.989742279052734,
      0.2576584219932556,
      15.516474723815918,
      34.345436096191406,
      47.87726593017578,
      34.65010070800781,
      33.991432189941406,
      35.04421615600586,
      58.80299758911133,
      48.953834533691406,
      45.715789794921875,
      31.668289184570312,
      28.24673080444336
    ],
    [
      39.423683166503906,
      44.075321197509766,
      26.547595977783203,
      26.991506576538086,
      12.131294250488281,
      17.60736846923828,
      0.8000389933586121,
      15.046732902526855,
      30.788105010986328,
      34.65010070800781,
      55.1361198425293,
      43.294429779052734,
      48.731361389160156,
      58.45936584472656,
      50.04916763305664,
      48.45197677612305,
      33.39069747924805,
      30.766801834106445
    ],
    [
      35.62457275390625,
      39.4282112121582,
      23.662540435791016,
      24.550851821899414,
      10.017179489135742,
      14.97282600402832,
      0.7100324630737305,
      13.506279945373535,
      27.61267852783203,
      33.991432189941406,
      43.294429779052734,
      52.51375198364258,
      43.574188232421875,
      56.46901321411133,
      48.43267822265625,
      48.20247268676758,
      32.55193328857422,
      31.206140518188477
    ],
    [
      45.94124984741211,
      51.89572525024414,
      31.085180282592773,
      31.395891189575195,
      13.351332664489746,
      20.424556732177734,
      -0.2824949324131012,
      16.522987365722656,
      32.747928619384766,
      35.04421615600586,
      48.731361389160156,
      43.574188232421875,
      79.60369110107422,
      79.71656799316406,
      78.0531234741211,
      77.57876586914062,
      61.23278045654297,
      58.69647979736328
    ],
    [
      76.91951751708984,
      113.56229400634766,
      64.13966369628906,
      66.43059539794922,
      26.956701278686523,
      45.3077278137207,
      -1.0105379819869995,
      30.18870735168457,
      48.804603576660156,
      58.80299758911133,
      58.45936584472656,
      56.46901321411133,
      79.71656799316406,
      152.94236755371094,
      138.8320770263672,
      136.56004333496094,
      104.33540344238281,
      101.2156753540039
    ],
    [
      66.26922607421875,
      94.76435089111328,
      55.664493560791016,
      57.366092681884766,
      23.506237030029297,
      38.33048629760742,
      -1.8866450786590576,
      25.491943359375,
      40.48908615112305,
      48.953834533691406,
      50.04916763305664,
      48.43267822265625,
      78.0531234741211,
      138.8320770263672,
      148.25770568847656,
      145.19932556152344,
      123.20833587646484,
      117.81827545166016
    ],
    [
      52.252166748046875,
      77.37251281738281,
      47.36693572998047,
      50.274600982666016,
      20.217920303344727,
      33.33866500854492,
      -3.191451072692871,
      22.312551498413086,
      38.63166427612305,
      45.715789794921875,
      48.45197677612305,
      48.20247268676758,
      77.57876586914062,
      136.56004333496094,
      145.19932556152344,
      155.54788208007812,
      122.22021484375,
      129.48263549804688
    ],
    [
      46.14505386352539,
      63.35398483276367,
      38.91350173950195,
      39.934059143066406,
      16.10879898071289,
      25.234935760498047,
      -2.5824379920959473,
      16.738414764404297,
      25.966636657714844,
      31.668289184570312,
      33.39069747924805,
      32.55193328857422,
      61.23278045654297,
      104.33540344238281,
      123.20833587646484,
      122.22021484375,
      117.80814361572266,
      112.08319854736328
    ],
    [
      30.017627716064453,
      44.523868560791016,
      29.517038345336914,
      32.047264099121094,
      12.400787353515625,
      19.908615112304688,
      -4.14379358291626,
      13.111529350280762,
      24.10428237915039,
      28.24673080444336,
      30.766801834106445,
      31.206140518188477,
      58.69647979736328,
      101.2156753540039,
      117.81827545166016,
      129.48263549804688,
      112.08319854736328,
      123.07742309570312
    ]
  ],
  "drr": 7.9106879234313965,
  "dynamics": 3.0270559787750244,
  "format": 1245190,
  "frames": 11423744,
  "loudness": -16.170787811279297,
  "loudness_range": 8.679935455322266,
  "loudness_range_short": 9.42668628692627,
  "peak": -0.30752548575401306,
  "rms": -17.864120483398438,
  "sample_rate": 44100,
  "sections": 1,
  "seekable": 1,
  "sharpness": 1.3029159307479858,
  "space": -9.165946960449219
}