{
  "bands": [
    {
      "high_freq": 148.1999969482422,
      "loudness": -25.481473922729492,
      "loudness_range": 14.664995193481445,
      "mid_mean": -21.892108917236328,
      "mid_to_side_loudness": -19.48394775390625,
      "mid_to_side_loudness_range": 13.546012878417969,
      "side_mean": -42.35543441772461
    },
    {
      "high_freq": 392.3793640136719,
      "loudness": -24.96652603149414,
      "loudness_range": 11.908273696899414,
      "low_freq": 148.1999969482422,
      "mid_mean": -21.949466705322266,
      "mid_to_side_loudness": -9.632781982421875,
      "mid_to_side_loudness_range": 12.540509223937988,
      "side_mean": -31.579345703125
    },
    {
      "high_freq": 794.6976318359375,
      "loudness": -30.228551864624023,
      "loudness_range": 18.71295738220215,
      "low_freq": 392.3793640136719,
      "mid_mean": -27.972137451171875,
      "mid_to_side_loudness": -7.324117660522461,
      "mid_to_side_loudness_range": 17.081205368041992,
      "side_mean": -34.934261322021484
    },
    {
      "high_freq": 1457.5709228515625,
      "loudness": -33.37686538696289,
      "loudness_range": 24.0062313079834,
      "low_freq": 794.6976318359375,
      "mid_mean": -31.699363708496094,
      "mid_to_side_loudness": -5.414201259613037,
      "mid_to_side_loudness_range": 16.823978424072266,
      "side_mean": -37.05677032470703
    },
    {
      "high_freq": 2549.74365234375,
      "loudness": -38.42909622192383,
      "loudness_range": 28.07962417602539,
      "low_freq": 1457.5709228515625,
      "mid_mean": -36.27793884277344,
      "mid_to_side_loudness": -7.830460548400879,
      "mid_to_side_loudness_range": 19.459331512451172,
      "side_mean": -45.96226119995117
    },
    {
      "high_freq": 4349.24462890625,
      "loudness": -41.86248779296875,
      "loudness_range": 30.258790969848633,
      "low_freq": 2549.74365234375,
      "mid_mean": -39.47977828979492,
      "mid_to_side_loudness": -9.020038604736328,
      "mid_to_side_loudness_range": 21.23470687866211,
      "side_mean": -52.292442321777344
    },
    {
      "high_freq": 7314.1640625,
      "loudness": -49.11798095703125,
      "loudness_range": 30.19314193725586,
      "low_freq": 4349.24462890625,
      "mid_mean": -47.924278259277344,
      "mid_to_side_loudness": -9.67130184173584,
      "mid_to_side_loudness_range": 19.28188133239746,
      "side_mean": -58.73872375488281
    },
    {
      "high_freq": 12199.2666015625,
      "loudness": -50.50180435180664,
      "loudness_range": 28.733226776123047,
      "low_freq": 7314.1640625,
      "mid_mean": -50.409080505371094,
      "mid_to_side_loudness": -9.868157386779785,
      "mid_to_side_loudness_range": 17.780038833618164,
      "side_mean": -59.586177825927734
    },
    {
      "loudness": -56.471580505371094,
      "loudness_range": 29.212478637695312,
      "low_freq": 12199.2666015625,
      "mid_mean": -53.65889358520508,
      "mid_to_side_loudness": -9.272769927978516,
      "mid_to_side_loudness_range": 15.137604713439941,
      "side_mean": -61.337894439697266
    }
  ],
  "bands_short": [
    {
      "high_freq": 148.1999969482422,
      "loudness": -27.382841110229492,
      "loudness_range": 17.402795791625977,
      "mid_mean": -23.803062438964844,
      "mid_to_side_loudness": -19.48554229736328,
      "mid_to_side_loudness_range": 18.159549713134766,
      "side_mean": -44.96612548828125
    },
    {
      "high_freq": 392.3793640136719,
      "loudness": -24.505155563354492,
      "loudness_range": 12.837390899658203,
      "low_freq": 148.1999969482422,
      "mid_mean": -21.40476417541504,
      "mid_to_side_loudness": -10.704318046569824,
      "mid_to_side_loudness_range": 13.951491355895996,
      "side_mean": -32.20359802246094
    },
    {
      "high_freq": 794.6976318359375,
      "loudness": -30.35289764404297,
      "loudness_range": 19.10237693786621,
      "low_freq": 392.3793640136719,
      "mid_mean": -28.142370223999023,
      "mid_to_side_loudness": -7.216677188873291,
      "mid_to_side_loudness_range": 17.889177322387695,
      "side_mean": -34.87990951538086
    },
    {
      "high_freq": 1457.5709228515625,
      "loudness": -34.128929138183594,
      "loudness_range": 25.98492431640625,
      "low_freq": 794.6976318359375,
      "mid_mean": -32.65061950683594,
      "mid_to_side_loudness": -5.350795745849609,
      "mid_to_side_loudness_range": 18.83999252319336,
      "side_mean": -37.890113830566406
    },
    {
      "high_freq": 2549.74365234375,
      "loudness": -39.480613708496094,
      "loudness_range": 29.68633270263672,
      "low_freq": 1457.5709228515625,
      "mid_mean": -37.58538818359375,
      "mid_to_side_loudness": -7.713195323944092,
      "mid_to_side_loudness_range": 20.893856048583984,
      "side_mean": -48.32778549194336
    },
    {
      "high_freq": 4349.24462890625,
      "loudness": -42.822471618652344,
      "loudness_range": 31.126449584960938,
      "low_freq": 2549.74365234375,
      "mid_mean": -41.02728271484375,
      "mid_to_side_loudness": -8.7012300491333,
      "mid_to_side_loudness_range": 21.72389793395996,
      "side_mean": -54.36256408691406
    },
    {
      "high_freq": 7314.1640625,
      "loudness": -50.08296203613281,
      "loudness_range": 31.91457748413086,
      "low_freq": 4349.24462890625,
      "mid_mean": -51.45293426513672,
      "mid_to_side_loudness": -9.281584739685059,
      "mid_to_side_loudness_range": 18.41984748840332,
      "side_mean": -61.174739837646484
    },
    {
      "high_freq": 12199.2666015625,
      "loudness": -50.610992431640625,
      "loudness_range": 29.324947357177734,
      "low_freq": 7314.1640625,
      "mid_mean": -52.78726577758789,
      "mid_to_side_loudness": -10.3343505859375,
      "mid_to_side_loudness_range": 17.951932907104492,
      "side_mean": -62.04201889038086
    },
    {
      "loudness": -58.97788619995117,
      "loudness_range": 30.990665435791016,
      "low_freq": 12199.2666015625,
      "mid_mean": -55.63051223754883,
      "mid_to_side_loudness": -10.056355476379395,
      "mid_to_side_loudness_range": 15.395919799804688,
      "side_mean": -63.520896911621094
    }
  ],
  "channels": 2,
  "covariance": [
    [
      34.76904296875,
      15.435182571411133,
      11.779274940490723,
      8.26318359375,
      7.071122646331787,
      19.313854217529297,
      9.73881721496582,
      18.68625259399414,
      13.076229095458984,
      29.86770248413086,
      11.846514701843262,
      30.1768856048584,
      8.369505882263184,
      16.207359313964844,
      10.571928024291992,
      14.452957153320312,
      5.988018989562988,
      11.042150497436523
    ],
    [
      15.435182571411133,
      24.20836639404297,
      5.985395908355713,
      5.3736186027526855,
      2.8062803745269775,
      6.515237808227539,
      7.436426162719727,
      9.447067260742188,
      8.632841110229492,
      16.35208511352539,
      12.75816822052002,
      20.8864688873291,
      11.293551445007324,
      16.066566467285156,
      13.732011795043945,
      13.86051082611084,
      9.908624649047852,
      10.635379791259766
    ],
    [
      11.779274940490723,
      5.985395908355713,
      21.312936782836914,
      11.674477577209473,
      21.31435775756836,
      16.14495086669922,
      20.718599319458008,
      15.821097373962402,
      23.693252563476562,
      20.57206916809082,
      25.16775131225586,
      24.908113479614258,
      27.854703903198242,
      20.59385108947754,
      31.604530334472656,
      22.54398536682129,
      22.805152893066406,
      17.975526809692383
    ],
    [
      8.26318359375,
      5.3736186027526855,
      11.674477577209473,
      21.181333541870117,
      15.200398445129395,
      22.74849510192871,
      17.0752010345459,
      21.221893310546875,
      12.611949920654297,
      20.565082550048828,
      9.460844039916992,
      19.854494094848633,
      11.619779586791992,
      14.455428123474121,
      14.432726860046387,
      14.671098709106445,
      10.701934814453125,
      11.5882568359375
    ],
    [
      7.071122646331787,
      2.8062803745269775,
      21.31435775756836,
      15.200398445129395,
      46.891754150390625,
      29.892431259155273,
      45.03763198852539,
      26.882610321044922,
      45.534912109375,
      29.310922622680664,
      41.36116027832031,
      32.566253662109375,
      45.129249572753906,
      26.482139587402344,
      46.94666290283203,
      28.261259078979492,
      35.115692138671875,
      22.661941528320312
    ],
    [
      19.313854217529297,
      6.515237808227539,
      16.14495086669922,
      22.74849510192871,
      29.892431259155273,
      63.65092086791992,
      36.85155487060547,
      57.508575439453125,
      26.064937591552734,
      53.245826721191406,
      10.788924217224121,
      43.48667526245117,
      11.568132400512695,
      25.803749084472656,
      13.81991958618164,
      25.058616638183594,
      9.657966613769531,
      19.637357711791992
    ],
    [
      9.73881721496582,
      7.436426162719727,
      20.718599319458008,
      17.0752010345459,
      45.03763198852539,
      36.85155487060547,
      74.92878723144531,
      45.90658950805664,
      59.70529556274414,
      45.367088317871094,
      51.38056182861328,
      43.48331832885742,
      47.742919921875,
      30.67580795288086,
      49.273277282714844,
      30.98750114440918,
      37.240482330322266,
      23.797700881958008
    ],
    [
      18.68625259399414,
      9.447067260742188,
      15.821097373962402,
      21.221893310546875,
      26.882610321044922,
      57.508575439453125,
      45.90658950805664,
      88.80870056152344,
      29.860916137695312,
      73.46115112304688,
      13.786421775817871,
      59.428897857666016,
      11.279345512390137,
      34.878177642822266,
      13.84218978881836,
      31.719158172607422,
      10.156155586242676,
      24.71033477783203
    ],
    [
      13.076229095458984,
      8.632841110229492,
      23.693252563476562,
      12.611949920654297,
      45.534912109375,
      26.064937591552734,
      59.70529556274414,
      29.860916137695312,
      92.57091522216797,
      53.07645797729492,
      77.85688018798828,
      51.45234680175781,
      66.78754425048828,
      35.89346694946289,
      61.599178314208984,
      35.80677032470703,
      44.43998718261719,
      28.561744689941406
    ],
    [
      29.86770248413086,
      16.35208511352539,
      20.57206916809082,
      20.565082550048828,
      29.310922622680664,
      53.245826721191406,
      45.367088317871094,
      73.46115112304688,
      53.07645797729492,
      117.83797454833984,
      33.74787902832031,
      91.39543151855469,
      23.668493270874023,
      50.373836517333984,
      20.838699340820312,
      41.476112365722656,
      14.344346046447754,
      32.50021743774414
    ],
    [
      11.846514701843262,
      12.75816822052002,
      25.16775131225586,
      9.460844039916992,
      41.36116027832031,
      10.788924217224121,
      51.38056182861328,
      13.786421775817871,
      77.85688018798828,
      33.74787902832031,
      106.4556884765625,
      52.530494689941406,
      96.84750366210938,
      47.88909912109375,
      88.32363891601562,
      47.395851135253906,
      62.8131217956543,
      37.20624923706055
    ],
    [
      30.1768856048584,
      20.8864688873291,
      24.908113479614258,
      19.854494094848633,
      32.566253662109375,
      43.48667526245117,
      43.48331832885742,
      59.428897857666016,
      51.45234680175781,
      91.39543151855469,
      52.530494689941406,
      118.66350555419922,
      56.19005584716797,
      83.15987396240234,
      61.933109283447266,
      71.39178466796875,
      48.24018859863281,
      57.07949447631836
    ],
    [
      8.369505882263184,
      11.293551445007324,
      27.854703903198242,
      11.619779586791992,
      45.129249572753906,
      11.568132400512695,
      47.742919921875,
      11.279345512390137,
      66.78754425048828,
      23.668493270874023,
      96.84750366210938,
      56.19005584716797,
      133.51925659179688,
      68.01030731201172,
      122.35598754882812,
      69.650390625,
      90.41281127929688,
      57.34598922729492
    ],
    [
      16.207359313964844,
      16.066566467285156,
      20.59385108947754,
      14.455428123474121,
      26.482139587402344,
      25.803749084472656,
      30.67580795288086,
      34.878177642822266,
      35.89346694946289,
      50.373836517333984,
      47.88909912109375,
      83.15987396240234,
      68.01030731201172,
      88.95429992675781,
      70.8994140625,
      81.98286437988281,
      59.47455596923828,
      68.90237426757812
    ],
    [
      10.571928024291992,
      13.732011795043945,
      31.604530334472656,
      14.432726860046387,
      46.94666290283203,
      13.81991958618164,
      49.273277282714844,
      13.84218978881836,
      61.599178314208984,
      20.838699340820312,
      88.32363891601562,
      61.933109283447266,
      122.35598754882812,
      70.8994140625,
      137.58828735351562,
      78.42118072509766,
      104.98003387451172,
      66.00870513916016
    ],
    [
      14.452957153320312,
      13.86051082611084,
      22.54398536682129,
      14.671098709106445,
      28.261259078979492,
      25.058616638183594,
      30.98750114440918,
      31.719158172607422,
      35.80677032470703,
      41.476112365722656,
      47.395851135253906,
      71.39178466796875,
      69.650390625,
      81.98286437988281,
      78.42118072509766,
      83.94581604003906,
      66.42156219482422,
      72.37561798095703
    ],
    [
      5.988018989562988,
      9.908624649047852,
      22.805152893066406,
      10.701934814453125,
      35.115692138671875,
      9.657966613769531,
      37.240482330322266,
      10.156155586242676,
      44.43998718261719,
      14.344346046447754,
      62.8131217956543,
      48.24018859863281,
      90.41281127929688,
      59.47455596923828,
      104.98003387451172,
      66.42156219482422,
      86.49935913085938,
      58.848426818847656
    ],
    [
      11.042150497436523,
      10.635379791259766,
      17.975526809692383,
      11.5882568359375,
      22.661941528320312,
      19.637357711791992,
      23.797700881958008,
      24.71033477783203,
      28.561744689941406,
      32.50021743774414,
      37.20624923706055,
      57.07949447631836,
      57.34598922729492,
      68.90237426757812,
      66.00870513916016,
      72.37561798095703,
      58.848426818847656,
      67.02815246582031
    ]
  ],
  "covariance_short": [
    [
      45.32341766357422,
      21.311351776123047,
      14.488499641418457,
      7.51083517074585,
      7.483652114868164,
      20.34941864013672,
      9.214786529541016,
      19.2427978515625,
      13.638150215148926,
      37.80928421020508,
      12.064803123474121,
      34.78472137451172,
      13.441588401794434,
      19.346025466918945,
      10.909531593322754,
      16.41558074951172,
      7.056827068328857,
      12.604926109313965
    ],
    [
      21.311351776123047,
      32.63535690307617,
      9.099059104919434,
      5.885202407836914,
      4.559689521789551,
      9.640296936035156,
      8.995415687561035,
      12.903185844421387,
      11.225486755371094,
      22.073591232299805,
      13.983555793762207,
      23.494274139404297,
      13.522113800048828,
      15.490236282348633,
      11.97015380859375,
      12.798030853271484,
      8.577147483825684,
      8.957369804382324
    ],
    [
      14.488499641418457,
      9.099059104919434,
      25.663658142089844,
      13.525361061096191,
      21.345815658569336,
      16.92754364013672,
      21.90102767944336,
      17.564075469970703,
      23.66349983215332,
      31.281173706054688,
      25.23199462890625,
      28.217111587524414,
      29.558271408081055,
      21.78232765197754,
      32.59833526611328,
      22.926549911499023,
      23.68596649169922,
      17.751930236816406
    ],
    [
      7.51083517074585,
      5.885202407836914,
      13.525361061096191,
      25.795635223388672,
      16.18653678894043,
      23.43328285217285,
      19.03986930847168,
      23.246536254882812,
      13.765799522399902,
      27.589521408081055,
      11.659534454345703,
      23.272069931030273,
      14.577129364013672,
      16.310192108154297,
      16.488981246948242,
      15.801581382751465,
      12.432262420654297,
      12.036779403686523
    ],
    [
      7.483652114868164,
      4.559689521789551,
      21.345815658569336,
      16.18653678894043,
      48.831722259521484,
      31.474151611328125,
      46.946842193603516,
      29.08673667907715,
      47.91221618652344,
      44.54670333862305,
      43.781131744384766,
      37.54253387451172,
      47.74287796020508,
      28.66251564025879,
      48.044944763183594,
      28.82012939453125,
      35.641883850097656,
      21.78897476196289
    ],
    [
      20.34941864013672,
      9.640296936035156,
      16.92754364013672,
      23.43328285217285,
      31.474151611328125,
      65.70780944824219,
      39.550872802734375,
      58.84716796875,
      29.38852882385254,
      66.5572509765625,
      12.949856758117676,
      49.5566520690918,
      16.379396438598633,
      28.543691635131836,
      15.465275764465332,
      25.20896339416504,
      11.756529808044434,
      19.25137710571289
    ],
    [
      9.214786529541016,
      8.995415687561035,
      21.90102767944336,
      19.03986930847168,
      46.946842193603516,
      39.550872802734375,
      86.64840698242188,
      54.65676498413086,
      66.89395141601562,
      63.426204681396484,
      56.09867858886719,
      52.509010314941406,
      53.864845275878906,
      34.832984924316406,
      54.078250885009766,
      33.215599060058594,
      40.99004364013672,
      24.441932678222656
    ],
    [
      19.2427978515625,
      12.903185844421387,
      17.564075469970703,
      23.246536254882812,
      29.08673667907715,
      58.84716796875,
      54.65676498413086,
      103.2176284790039,
      37.748619079589844,
      90.12936401367188,
      16.78410530090332,
      70.27852630615234,
      16.1729736328125,
      38.92285919189453,
      16.930618286132812,
      33.8572998046875,
      12.849442481994629,
      25.48080825805664
    ],
    [
      13.638150215148926,
      11.225486755371094,
      23.66349983215332,
      13.765799522399902,
      47.91221618652344,
      29.38852882385254,
      66.89395141601562,
      37.748619079589844,
      105.8593978881836,
      69.31710052490234,
      86.4879150390625,
      60.61693572998047,
      77.67196655273438,
      40.53746795654297,
      69.39008331298828,
      38.43434524536133,
      50.27833938598633,
      29.13785171508789
    ],
    [
      37.80928421020508,
      22.073591232299805,
      31.281173706054688,
      27.589521408081055,
      44.54670333862305,
      66.5572509765625,
      63.426204681396484,
      90.12936401367188,
      69.31710052490234,
      150.92356872558594,
      44.93799591064453,
      116.12879943847656,
      49.43051528930664,
      62.14850997924805,
      42.1851806640625,
      51.05624771118164,
      30.88922119140625,
      38.536949157714844
    ],
    [
      12.064803123474121,
      13.983555793762207,
      25.23199462890625,
      11.659534454345703,
      43.781131744384766,
      12.949856758117676,
      56.09867858886719,
      16.78410530090332,
      86.4879150390625,
      44.93799591064453,
      124.49906921386719,
      60.01892852783203,
      112.5408935546875,
      52.82346725463867,
      101.30953216552734,
      51.31049728393555,
      71.69950866699219,
      38.14568328857422
    ],
    [
      34.78472137451172,
      23.494274139404297,
      28.217111587524414,
      23.272069931030273,
      37.54253387451172,
      49.5566520690918,
      52.509010314941406,
      70.27852630615234,
      60.61693572998047,
      116.12879943847656,
      60.01892852783203,
      131.07272338867188,
      72.84779357910156,
      85.51399993896484,
      64.34239196777344,
      71.90314483642578,
      49.053802490234375,
      54.64707946777344
    ],
    [
      13.441588401794434,
      13.522113800048828,
      29.558271408081055,
      14.577129364013672,
      47.74287796020508,
      16.379396438598633,
      53.864845275878906,
      16.1729736328125,
      77.67196655273438,
      49.43051528930664,
      112.5408935546875,
      72.84779357910156,
      162.09115600585938,
      76.70038604736328,
      147.8909454345703,
      77.2364730834961,
      107.58201599121094,
      59.95805740356445
    ],
    [
      19.346025466918945,
      15.490236282348633,
      21.78232765197754,
      16.310192108154297,
      28.66251564025879,
      28.543691635131836,
      34.832984924316406,
      38.92285919189453,
      40.53746795654297,
      62.14850997924805,
      52.82346725463867,
      85.51399993896484,
      76.70038604736328,
      89.26349639892578,
      72.47225189208984,
      81.65776062011719,
      58.7079963684082,
      65.36897277832031
    ],
    [
      10.909531593322754,
      11.97015380859375,
      32.59833526611328,
      16.488981246948242,
      48.044944763183594,
      15.465275764465332,
      54.078250885009766,
      16.930618286132812,
      69.39008331298828,
      42.1851806640625,
      101.30953216552734,
      64.34239196777344,
      147.8909454345703,
      72.47225189208984,
      153.5809326171875,
      81.17102813720703,
      113.64769744873047,
      65.04085540771484
    ],
    [
      16.41558074951172,
      12.798030853271484,
      22.926549911499023,
      15.801581382751465,
      28.82012939453125,
      25.20896339416504,
      33.215599060058594,
      33.8572998046875,
      38.43434524536133,
      51.05624771118164,
      51.31049728393555,
      71.90314483642578,
      77.2364730834961,
      81.65776062011719,
      81.17102813720703,
      84.67086029052734,
      66.70115661621094,
      69.81703186035156
    ],
    [
      7.056827068328857,
      8.577147483825684,
      23.68596649169922,
      12.432262420654297,
      35.641883850097656,
      11.756529808044434,
      40.99004364013672,
      12.849442481994629,
      50.27833938598633,
      30.88922119140625,
      71.69950866699219,
      49.053802490234375,
      107.58201599121094,
      58.7079963684082,
      113.64769744873047,
      66.70115661621094,
      91.272705078125,
      56.583866119384766
    ],
    [
      12.604926109313965,
      8.957369804382324,
      17.751930236816406,
      12.036779403686523,
      21.78897476196289,
      19.25137710571289,
      24.441932678222656,
      25.48080825805664,
      29.13785171508789,
      38.536949157714844,
      38.14568328857422,
      54.64707946777344,
      59.95805740356445,
      65.36897277832031,
      65.04085540771484,
      69.81703186035156,
      56.583866119384766,
      62.82640075683594
    ]
  ],
  "drr": 14.194897651672363,
  "dynamics": 4.270565509796143,
  "format": 1245190,
  "frames": 10444800,
  "loudness": -16.64378547668457,
  "loudness_range": 12.277971267700195,
  "loudness_range_short": 13.507463455200195,
  "peak": -0.4891650974750519,
  "rms": -17.157257080078125,
  "sample_rate": 44100,
  "sections": 1,
  "seekable": 1,
  "sharpness": 2.11314058303833,
  "space": -10.694348335266113
}