{
  "bands": [
    {
      "high_freq": 148.1999969482422,
      "loudness": -43.68821716308594,
      "loudness_range": 26.485107421875,
      "mid_mean": -40.8701171875,
      "mid_to_side_loudness": -7.927380561828613,
      "mid_to_side_loudness_range": 12.247285842895508,
      "side_mean": -48.854618072509766
    },
    {
      "high_freq": 392.3793640136719,
      "loudness": -35.03080749511719,
      "loudness_range": 16.134143829345703,
      "low_freq": 148.1999969482422,
      "mid_mean": -32.98308181762695,
      "mid_to_side_loudness": -4.297873497009277,
      "mid_to_side_loudness_range": 9.607280731201172,
      "side_mean": -37.385013580322266
    },
    {
      "high_freq": 794.6976318359375,
      "loudness": -36.69650650024414,
      "loudness_range": 17.665897369384766,
      "low_freq": 392.3793640136719,
      "mid_mean": -34.68125534057617,
      "mid_to_side_loudness": -3.9059574604034424,
      "mid_to_side_loudness_range": 7.868743896484375,
      "side_mean": -38.531005859375
    },
    {
      "high_freq": 1457.5709228515625,
      "loudness": -39.575355529785156,
      "loudness_range": 22.478116989135742,
      "low_freq": 794.6976318359375,
      "mid_mean": -37.988128662109375,
      "mid_to_side_loudness": -2.9292454719543457,
      "mid_to_side_loudness_range": 9.457612037658691,
      "side_mean": -40.87617874145508
    },
    {
      "high_freq": 2549.74365234375,
      "loudness": -48.434600830078125,
      "loudness_range": 24.263713836669922,
      "low_freq": 1457.5709228515625,
      "mid_mean": -47.243980407714844,
      "mid_to_side_loudness": -1.9179630279541016,
      "mid_to_side_loudness_range": 7.717959403991699,
      "side_mean": -49.10171127319336
    },
    {
      "high_freq": 4349.24462890625,
      "loudness": -55.7170524597168,
      "loudness_range": 20.291954040527344,
      "low_freq": 2549.74365234375,
      "mid_mean": -53.70661163330078,
      "mid_to_side_loudness": -3.1491427421569824,
      "mid_to_side_loudness_range": 4.091556549072266,
      "side_mean": -56.61094284057617
    },
    {
      "high_freq": 7314.1640625,
      "loudness": -58.49570846557617,
      "loudness_range": 19.04102325439453,
      "low_freq": 4349.24462890625,
      "mid_mean": -56.446434020996094,
      "mid_to_side_loudness": -2.7065608501434326,
      "mid_to_side_loudness_range": 1.2729214429855347,
      "side_mean": -58.787200927734375
    },
    {
      "high_freq": 12199.2666015625,
      "loudness": -62.120601654052734,
      "loudness_range": 10.919879913330078,
      "low_freq": 7314.1640625,
      "mid_mean": -59.92335510253906,
      "mid_to_side_loudness": -2.4865458011627197,
      "mid_to_side_loudness_range": 0.7802929878234863,
      "side_mean": -62.00546646118164
    },
    {
      "loudness": -63.540077209472656,
      "loudness_range": 3.6721153259277344,
      "low_freq": 12199.2666015625,
      "mid_mean": -61.21428298950195,
      "mid_to_side_loudness": -2.146761655807495,
      "mid_to_side_loudness_range": 0.4802992343902588,
      "side_mean": -63.004066467285156
    }
  ],
  "bands_short": [
    {
      "high_freq": 148.1999969482422,
      "loudness": -50.76483917236328,
      "loudness_range": 28.274547576904297,
      "mid_mean": -47.7529411315918,
      "mid_to_side_loudness": -9.563088417053223,
      "mid_to_side_loudness_range": 14.529792785644531,
      "side_mean": -56.98282241821289
    },
    {
      "high_freq": 392.3793640136719,
      "loudness": -34.731285095214844,
      "loudness_range": 18.05657958984375,
      "low_freq": 148.1999969482422,
      "mid_mean": -32.489280700683594,
      "mid_to_side_loudness": -5.198091983795166,
      "mid_to_side_loudness_range": 11.730534553527832,
      "side_mean": -37.96530532836914
    },
    {
      "high_freq": 794.6976318359375,
      "loudness": -37.28044509887695,
      "loudness_range": 19.858016967773438,
      "low_freq": 392.3793640136719,
      "mid_mean": -35.45990753173828,
      "mid_to_side_loudness": -3.5343070030212402,
      "mid_to_side_loudness_range": 9.337944984436035,
      "side_mean": -38.91140365600586
    },
    {
      "high_freq": 1457.5709228515625,
      "loudness": -40.67879104614258,
      "loudness_range": 24.279056549072266,
      "low_freq": 794.6976318359375,
      "mid_mean": -39.200870513916016,
      "mid_to_side_loudness": -2.7834935188293457,
      "mid_to_side_loudness_range": 10.911056518554688,
      "side_mean": -42.01654052734375
    },
    {
      "high_freq": 2549.74365234375,
      "loudness": -49.51217269897461,
      "loudness_range": 25.370086669921875,
      "low_freq": 1457.5709228515625,
      "mid_mean": -48.345298767089844,
      "mid_to_side_loudness": -1.9726295471191406,
      "mid_to_side_loudness_range": 9.190101623535156,
      "side_mean": -50.41056823730469
    },
    {
      "high_freq": 4349.24462890625,
      "loudness": -56.798885345458984,
      "loudness_range": 21.32054901123047,
      "low_freq": 2549.74365234375,
      "mid_mean": -54.77970886230469,
      "mid_to_side_loudness": -3.0594093799591064,
      "mid_to_side_loudness_range": 5.404017448425293,
      "side_mean": -57.53254318237305
    },
    {
      "high_freq": 7314.1640625,
      "loudness": -59.290653228759766,
      "loudness_range": 18.68404769897461,
      "low_freq": 4349.24462890625,
      "mid_mean": -57.21124267578125,
      "mid_to_side_loudness": -2.687659978866577,
      "mid_to_side_loudness_range": 2.435506582260132,
      "side_mean": -59.50312423706055
    },
    {
      "high_freq": 12199.2666015625,
      "loudness": -62.60050964355469,
      "loudness_range": 10.665382385253906,
      "low_freq": 7314.1640625,
      "mid_mean": -60.35481262207031,
      "mid_to_side_loudness": -2.4810104370117188,
      "mid_to_side_loudness_range": 1.724408507347107,
      "side_mean": -62.400291442871094
    },
    {
      "loudness": -63.62812042236328,
      "loudness_range": 3.729045867919922,
      "low_freq": 12199.2666015625,
      "mid_mean": -61.291221618652344,
      "mid_to_side_loudness": -2.142204999923706,
      "mid_to_side_loudness_range": 1.2734525203704834,
      "side_mean": -63.0693359375
    }
  ],
  "channels": 2,
  "covariance": [
    [
      91.7494888305664,
      63.296165466308594,
      28.947399139404297,
      27.543922424316406,
      23.048460006713867,
      24.58271598815918,
      29.209135055541992,
      27.99129295349121,
      20.971168518066406,
      23.572628021240234,
      17.088241577148438,
      15.979080200195312,
      16.25465965270996,
      15.522083282470703,
      7.233643054962158,
      6.893693447113037,
      2.1219682693481445,
      2.113499641418457
    ],
    [
      63.296165466308594,
      55.056880950927734,
      23.726524353027344,
      23.152929306030273,
      18.634260177612305,
      19.372955322265625,
      19.84183692932129,
      18.507953643798828,
      13.386946678161621,
      14.895733833312988,
      12.104390144348145,
      11.294637680053711,
      12.426401138305664,
      11.810997009277344,
      5.05641508102417,
      4.877087116241455,
      1.7326864004135132,
      1.714465618133545
    ],
    [
      28.947399139404297,
      23.726524353027344,
      45.18659973144531,
      35.522647857666016,
      24.874177932739258,
      25.234846115112305,
      19.737934112548828,
      18.095170974731445,
      13.15170669555664,
      13.798593521118164,
      9.684356689453125,
      9.202807426452637,
      9.045340538024902,
      8.574223518371582,
      2.958512306213379,
      2.903329849243164,
      0.8727396726608276,
      0.9537056684494019
    ],
    [
      27.543922424316406,
      23.152929306030273,
      35.522647857666016,
      39.167518615722656,
      22.657272338867188,
      20.847312927246094,
      18.152048110961914,
      17.67354965209961,
      10.665477752685547,
      9.92005443572998,
      7.758548259735107,
      7.234933376312256,
      8.74807357788086,
      8.353723526000977,
      3.1301333904266357,
      3.066753387451172,
      0.9540677666664124,
      1.0365694761276245
    ],
    [
      23.048460006713867,
      18.634260177612305,
      24.874177932739258,
      22.657272338867188,
      43.20325469970703,
      37.16688919067383,
      30.784276962280273,
      26.408916473388672,
      24.30925178527832,
      26.19072151184082,
      18.09830665588379,
      18.0264892578125,
      11.030909538269043,
      10.13327693939209,
      4.626708984375,
      4.443371295928955,
      1.8639134168624878,
      1.8170989751815796
    ],
    [
      24.58271598815918,
      19.372955322265625,
      25.234846115112305,
      20.847312927246094,
      37.16688919067383,
      38.93201446533203,
      29.923715591430664,
      25.132246017456055,
      23.280534744262695,
      25.74925422668457,
      18.035226821899414,
      17.157501220703125,
      10.61181640625,
      9.878000259399414,
      4.421513557434082,
      4.3023176193237305,
      1.7557964324951172,
      1.7160860300064087
    ],
    [
      29.209135055541992,
      19.84183692932129,
      19.737934112548828,
      18.152048110961914,
      30.784276962280273,
      29.923715591430664,
      62.407833099365234,
      56.35438919067383,
      43.890201568603516,
      49.1060676574707,
      29.831218719482422,
      28.424015045166016,
      15.1616792678833,
      14.085288047790527,
      7.757230758666992,
      7.334866046905518,
      2.9163284301757812,
      2.6774704456329346
    ],
    [
      27.99129295349121,
      18.507953643798828,
      18.095170974731445,
      17.67354965209961,
      26.408916473388672,
      25.132246017456055,
      56.35438919067383,
      60.8599967956543,
      41.220584869384766,
      45.7461051940918,
      29.065568923950195,
      26.826332092285156,
      13.103788375854492,
      12.075936317443848,
      6.703780651092529,
      6.411081790924072,
      2.617873430252075,
      2.412760019302368
    ],
    [
      20.971168518066406,
      13.386946678161621,
      13.15170669555664,
      10.665477752685547,
      24.30925178527832,
      23.280534744262695,
      43.890201568603516,
      41.220584869384766,
      71.61128234863281,
      75.91015625,
      45.9864501953125,
      43.9179573059082,
      24.79195785522461,
      22.41167449951172,
      12.740543365478516,
      11.771092414855957,
      4.329662322998047,
      3.9178833961486816
    ],
    [
      23.572628021240234,
      14.895733833312988,
      13.798593521118164,
      9.92005443572998,
      26.19072151184082,
      25.74925422668457,
      49.1060676574707,
      45.7461051940918,
      75.91015625,
      86.92111206054688,
      49.855289459228516,
      47.69807434082031,
      26.028743743896484,
      23.473901748657227,
      13.07733154296875,
      12.084183692932129,
      4.47819185256958,
      4.069241523742676
    ],
    [
      17.088241577148438,
      12.104390144348145,
      9.684356689453125,
      7.758548259735107,
      18.09830665588379,
      18.035226821899414,
      29.831218719482422,
      29.065568923950195,
      45.9864501953125,
      49.855289459228516,
      50.42422866821289,
      46.76863098144531,
      29.51416015625,
      26.691822052001953,
      15.865878105163574,
      14.298914909362793,
      5.718945026397705,
      4.9544548988342285
    ],
    [
      15.979080200195312,
      11.294637680053711,
      9.202807426452637,
      7.234933376312256,
      18.0264892578125,
      17.157501220703125,
      28.424015045166016,
      26.826332092285156,
      43.9179573059082,
      47.69807434082031,
      46.76863098144531,
      45.31352996826172,
      28.598339080810547,
      25.956600189208984,
      15.303841590881348,
      13.837350845336914,
      5.393611431121826,
      4.686127662658691
    ],
    [
      16.25465965270996,
      12.426401138305664,
      9.045340538024902,
      8.74807357788086,
      11.030909538269043,
      10.61181640625,
      15.1616792678833,
      13.103788375854492,
      24.79195785522461,
      26.028743743896484,
      29.51416015625,
      28.598339080810547,
      31.794450759887695,
      29.723255157470703,
      17.74807357788086,
      16.21230125427246,
      5.935668468475342,
      5.167957305908203
    ],
    [
      15.522083282470703,
      11.810997009277344,
      8.574223518371582,
      8.353723526000977,
      10.13327693939209,
      9.878000259399414,
      14.085288047790527,
      12.075936317443848,
      22.41167449951172,
      23.473901748657227,
      26.691822052001953,
      25.956600189208984,
      29.723255157470703,
      28.082237243652344,
      16.844871520996094,
      15.435678482055664,
      5.559872150421143,
      4.85590124130249
    ],
    [
      7.233643054962158,
      5.05641508102417,
      2.958512306213379,
      3.1301333904266357,
      4.626708984375,
      4.421513557434082,
      7.757230758666992,
      6.703780651092529,
      12.740543365478516,
      13.07733154296875,
      15.865878105163574,
      15.303841590881348,
      17.74807357788086,
      16.844871520996094,
      11.75646686553955,
      10.696918487548828,
      4.346421718597412,
      3.754234790802002
    ],
    [
      6.893693447113037,
      4.877087116241455,
      2.903329849243164,
      3.066753387451172,
      4.443371295928955,
      4.3023176193237305,
      7.334866046905518,
      6.411081790924072,
      11.771092414855957,
      12.084183692932129,
      14.298914909362793,
      13.837350845336914,
      16.21230125427246,
      15.435678482055664,
      10.696918487548828,
      9.811006546020508,
      3.9080722332000732,
      3.3943862915039062
    ],
    [
      2.1219682693481445,
      1.7326864004135132,
      0.8727396726608276,
      0.9540677666664124,
      1.8639134168624878,
      1.7557964324951172,
      2.9163284301757812,
      2.617873430252075,
      4.329662322998047,
      4.47819185256958,
      5.718945026397705,
      5.393611431121826,
      5.935668468475342,
      5.559872150421143,
      4.346421718597412,
      3.9080722332000732,
      2.149611711502075,
      1.817111849784851
    ],
    [
      2.113499641418457,
      1.714465618133545,
      0.9537056684494019,
      1.0365694761276245,
      1.8170989751815796,
      1.7160860300064087,
      2.6774704456329346,
      2.412760019302368,
      3.9178833961486816,
      4.069241523742676,
      4.9544548988342285,
      4.686127662658691,
      5.167957305908203,
      4.85590124130249,
      3.754234790802002,
      3.3943862915039062,
      1.817111849784851,
      1.5613614320755005
    ]
  ],
  "covariance_short": [
    [
      87.32105255126953,
      59.25624084472656,
      35.23554992675781,
      33.04100036621094,
      24.17019271850586,
      24.68242073059082,
      27.224016189575195,
      26.428543090820312,
      21.255298614501953,
      22.094297409057617,
      17.850261688232422,
      16.41014862060547,
      15.62416934967041,
      14.843513488769531,
      6.627206802368164,
      6.3451385498046875,
      2.3285162448883057,
      2.2753140926361084
    ],
    [
      59.25624084472656,
      58.26956558227539,
      26.27897071838379,
      27.231578826904297,
      19.342113494873047,
      18.60254669189453,
      19.924705505371094,
      18.85442543029785,
      15.730972290039062,
      18.484712600708008,
      16.555660247802734,
      15.015902519226074,
      15.574175834655762,
      14.412352561950684,
      7.590753555297852,
      6.915248870849609,
      3.6816468238830566,
      3.232550621032715
    ],
    [
      35.23554992675781,
      26.27897071838379,
      50.77192687988281,
      37.89620590209961,
      27.194475173950195,
      27.776113510131836,
      23.013734817504883,
      22.004405975341797,
      15.252241134643555,
      16.191131591796875,
      10.872655868530273,
      10.295732498168945,
      7.585373878479004,
      7.107684135437012,
      2.3700828552246094,
      2.32096004486084,
      0.8545231223106384,
      0.9309486746788025
    ],
    [
      33.04100036621094,
      27.231578826904297,
      37.89620590209961,
      45.629783630371094,
      27.25164031982422,
      26.394657135009766,
      20.75138282775879,
      20.882789611816406,
      12.900105476379395,
      12.27664566040039,
      10.299667358398438,
      9.248659133911133,
      8.277555465698242,
      7.760551452636719,
      2.682873249053955,
      2.623502492904663,
      0.9850180745124817,
      1.0347574949264526
    ],
    [
      24.17019271850586,
      19.342113494873047,
      27.194475173950195,
      27.25164031982422,
      51.45280838012695,
      43.19635772705078,
      33.92662048339844,
      30.46320152282715,
      26.652652740478516,
      27.369935989379883,
      19.95737648010254,
      19.67095375061035,
      10.664319038391113,
      9.63601016998291,
      4.338663101196289,
      4.1178765296936035,
      1.8830276727676392,
      1.8057441711425781
    ],
    [
      24.68242073059082,
      18.60254669189453,
      27.776113510131836,
      26.394657135009766,
      43.19635772705078,
      46.543033599853516,
      33.940582275390625,
      30.226747512817383,
      27.07073211669922,
      27.841575622558594,
      19.775224685668945,
      18.635292053222656,
      9.960113525390625,
      9.088747024536133,
      4.086126327514648,
      3.8876187801361084,
      1.776367425918579,
      1.70550537109375
    ],
    [
      27.224016189575195,
      19.924705505371094,
      23.013734817504883,
      20.75138282775879,
      33.92662048339844,
      33.940582275390625,
      68.05591583251953,
      58.900634765625,
      46.11626434326172,
      50.20949172973633,
      31.185516357421875,
      29.80889129638672,
      14.814973831176758,
      13.583650588989258,
      7.309435844421387,
      6.813504695892334,
      2.925936222076416,
      2.677645683288574
    ],
    [
      26.428543090820312,
      18.85442543029785,
      22.004405975341797,
      20.882789611816406,
      30.46320152282715,
      30.226747512817383,
      58.900634765625,
      66.10466003417969,
      43.955108642578125,
      47.87166213989258,
      31.043115615844727,
      28.836633682250977,
      13.486257553100586,
      12.292770385742188,
      6.52396821975708,
      6.149511814117432,
      2.6982293128967285,
      2.4851937294006348
    ],
    [
      21.255298614501953,
      15.730972290039062,
      15.252241134643555,
      12.900105476379395,
      26.652652740478516,
      27.07073211669922,
      46.11626434326172,
      43.955108642578125,
      74.10548400878906,
      75.55516052246094,
      45.5306510925293,
      43.28964614868164,
      24.211883544921875,
      21.873104095458984,
      12.168807983398438,
      11.19920825958252,
      4.267809867858887,
      3.881406784057617
    ],
    [
      22.094297409057617,
      18.484712600708008,
      16.191131591796875,
      12.27664566040039,
      27.369935989379883,
      27.841575622558594,
      50.20949172973633,
      47.87166213989258,
      75.55516052246094,
      90.03864288330078,
      50.76397705078125,
      47.97163009643555,
      27.52961540222168,
      24.549819946289062,
      14.218718528747559,
      12.838418006896973,
      5.844489097595215,
      5.133975028991699
    ],
    [
      17.850261688232422,
      16.555660247802734,
      10.872655868530273,
      10.299667358398438,
      19.95737648010254,
      19.775224685668945,
      31.185516357421875,
      31.043115615844727,
      45.5306510925293,
      50.76397705078125,
      51.26218795776367,
      46.49911880493164,
      29.302322387695312,
      26.59515380859375,
      15.517435073852539,
      14.042227745056152,
      5.761446952819824,
      5.03915548324585
    ],
    [
      16.41014862060547,
      15.015902519226074,
      10.295732498168945,
      9.248659133911133,
      19.67095375061035,
      18.635292053222656,
      29.80889129638672,
      28.836633682250977,
      43.28964614868164,
      47.97163009643555,
      46.49911880493164,
      45.322052001953125,
      28.049842834472656,
      25.525102615356445,
      14.765360832214355,
      13.403657913208008,
      5.38751220703125,
      4.7264580726623535
    ],
    [
      15.62416934967041,
      15.574175834655762,
      7.585373878479004,
      8.277555465698242,
      10.664319038391113,
      9.960113525390625,
      14.814973831176758,
      13.486257553100586,
      24.211883544921875,
      27.52961540222168,
      29.302322387695312,
      28.049842834472656,
      31.0158634185791,
      28.80985450744629,
      17.324609756469727,
      15.85107421875,
      6.10396671295166,
      5.363558769226074
    ],
    [
      14.843513488769531,
      14.412352561950684,
      7.107684135437012,
      7.760551452636719,
      9.63601016998291,
      9.088747024536133,
      13.583650588989258,
      12.292770385742188,
      21.873104095458984,
      24.549819946289062,
      26.59515380859375,
      25.525102615356445,
      28.80985450744629,
      27.39313316345215,
      16.4511775970459,
      15.105989456176758,
      5.741925239562988,
      5.0634026527404785
    ],
    [
      6.627206802368164,
      7.590753555297852,
      2.3700828552246094,
      2.682873249053955,
      4.338663101196289,
      4.086126327514648,
      7.309435844421387,
      6.52396821975708,
      12.168807983398438,
      14.218718528747559,
      15.517435073852539,
      14.765360832214355,
      17.324609756469727,
      16.4511775970459,
      12.012203216552734,
      10.890608787536621,
      4.709946155548096,
      4.118069648742676
    ],
    [
      6.3451385498046875,
      6.915248870849609,
      2.32096004486084,
      2.623502492904663,
      4.1178765296936035,
      3.8876187801361084,
      6.813504695892334,
      6.149511814117432,
      11.19920825958252,
      12.838418006896973,
      14.042227745056152,
      13.403657913208008,
      15.85107421875,
      15.105989456176758,
      10.890608787536621,
      10.129310607910156,
      4.275750637054443,
      3.761096954345703
    ],
    [
      2.3285162448883057,
      3.6816468238830566,
      0.8545231223106384,
      0.9850180745124817,
      1.8830276727676392,
      1.776367425918579,
      2.925936222076416,
      2.6982293128967285,
      4.267809867858887,
      5.844489097595215,
      5.761446952819824,
      5.38751220703125,
      6.10396671295166,
      5.741925239562988,
      4.709946155548096,
      4.275750637054443,
      2.561490774154663,
      2.1571226119995117
    ],
    [
      2.2753140926361084,
      3.232550621032715,
      0.9309486746788025,
      1.0347574949264526,
      1.8057441711425781,
      1.70550537109375,
      2.677645683288574,
      2.4851937294006348,
      3.881406784057617,
      5.133975028991699,
      5.03915548324585,
      4.7264580726623535,
      5.363558769226074,
      5.0634026527404785,
      4.118069648742676,
      3.761096954345703,
      2.1571226119995117,
      1.9341069459915161
    ]
  ],
  "drr": 11.53744125366211,
  "dynamics": 4.390629768371582,
  "format": 1245190,
  "frames": 12474368,
  "loudness": -25.787200927734375,
  "loudness_range": 12.86379623413086,
  "loudness_range_short": 15.481128692626953,
  "peak": -5.143528461456299,
  "rms": -26.84942626953125,
  "sample_rate": 44100,
  "sections": 1,
  "seekable": 1,
  "sharpness": 3.166421413421631,
  "space": -4.2570390701293945
}