{
  "bands": [
    {
      "high_freq": 148.1999969482422,
      "loudness": -26.469446182250977,
      "loudness_range": 10.207469940185547,
      "mid_mean": -27.102176666259766,
      "mid_to_side_loudness": 1.6684285402297974,
      "mid_to_side_loudness_range": 11.09969711303711,
      "side_mean": -25.425291061401367
    },
    {
      "high_freq": 392.3793640136719,
      "loudness": -19.51593017578125,
      "loudness_range": 10.306756019592285,
      "low_freq": 148.1999969482422,
      "mid_mean": -18.32899284362793,
      "mid_to_side_loudness": -2.68210506439209,
      "mid_to_side_loudness_range": 16.45208740234375,
      "side_mean": -21.29695701599121
    },
    {
      "high_freq": 794.6976318359375,
      "loudness": -20.856164932250977,
      "loudness_range": 8.600564956665039,
      "low_freq": 392.3793640136719,
      "mid_mean": -19.630577087402344,
      "mid_to_side_loudness": -2.112145185470581,
      "mid_to_side_loudness_range": 11.476755142211914,
      "side_mean": -21.860124588012695
    },
    {
      "high_freq": 1457.5709228515625,
      "loudness": -21.88956069946289,
      "loudness_range": 11.788371086120605,
      "low_freq": 794.6976318359375,
      "mid_mean": -20.269512176513672,
      "mid_to_side_loudness": -3.1440742015838623,
      "mid_to_side_loudness_range": 11.450227737426758,
      "side_mean": -23.488018035888672
    },
    {
      "high_freq": 2549.74365234375,
      "loudness": -25.303985595703125,
      "loudness_range": 8.807273864746094,
      "low_freq": 1457.5709228515625,
      "mid_mean": -23.272323608398438,
      "mid_to_side_loudness": -4.384782791137695,
      "mid_to_side_loudness_range": 12.490617752075195,
      "side_mean": -27.88799476623535
    },
    {
      "high_freq": 4349.24462890625,
      "loudness": -26.865478515625,
      "loudness_range": 12.198028564453125,
      "low_freq": 2549.74365234375,
      "mid_mean": -24.844284057617188,
      "mid_to_side_loudness": -4.669386863708496,
      "mid_to_side_loudness_range": 13.830192565917969,
      "side_mean": -29.75658416748047
    },
    {
      "high_freq": 7314.1640625,
      "loudness": -28.376049041748047,
      "loudness_range": 18.332050323486328,
      "low_freq": 4349.24462890625,
      "mid_mean": -25.9875545501709,
      "mid_to_side_loudness": -6.288610935211182,
      "mid_to_side_loudness_range": 16.11745834350586,
      "side_mean": -32.51847457885742
    },
    {
      "high_freq": 12199.2666015625,
      "loudness": -30.081289291381836,
      "loudness_range": 20.839731216430664,
      "low_freq": 7314.1640625,
      "mid_mean": -27.29088020324707,
      "mid_to_side_loudness": -6.314188480377197,
      "mid_to_side_loudness_range": 14.472972869873047,
      "side_mean": -34.27067565917969
    },
    {
      "loudness": -33.70134353637695,
      "loudness_range": 18.67055892944336,
      "low_freq": 12199.2666015625,
      "mid_mean": -30.640363693237305,
      "mid_to_side_loudness": -9.756296157836914,
      "mid_to_side_loudness_range": 18.97576141357422,
      "side_mean": -41.739009857177734
    }
  ],
  "bands_short": [
    {
      "high_freq": 148.1999969482422,
      "loudness": -31.104843139648438,
      "loudness_range": 13.90085220336914,
      "mid_mean": -32.1046142578125,
      "mid_to_side_loudness": 1.483574628829956,
      "mid_to_side_loudness_range": 15.619588851928711,
      "side_mean": -30.52105140686035
    },
    {
      "high_freq": 392.3793640136719,
      "loudness": -19.833133697509766,
      "loudness_range": 9.280981063842773,
      "low_freq": 148.1999969482422,
      "mid_mean": -19.161848068237305,
      "mid_to_side_loudness": -1.6676322221755981,
      "mid_to_side_loudness_range": 16.57854652404785,
      "side_mean": -21.144121170043945
    },
    {
      "high_freq": 794.6976318359375,
      "loudness": -21.146053314208984,
      "loudness_range": 10.11558723449707,
      "low_freq": 392.3793640136719,
      "mid_mean": -20.321638107299805,
      "mid_to_side_loudness": -1.5661646127700806,
      "mid_to_side_loudness_range": 14.488004684448242,
      "side_mean": -22.03248405456543
    },
    {
      "high_freq": 1457.5709228515625,
      "loudness": -22.13821029663086,
      "loudness_range": 13.63011360168457,
      "low_freq": 794.6976318359375,
      "mid_mean": -20.78365135192871,
      "mid_to_side_loudness": -2.966519832611084,
      "mid_to_side_loudness_range": 13.641716003417969,
      "side_mean": -23.817378997802734
    },
    {
      "high_freq": 2549.74365234375,
      "loudness": -25.921289443969727,
      "loudness_range": 11.269487380981445,
      "low_freq": 1457.5709228515625,
      "mid_mean": -24.109771728515625,
      "mid_to_side_loudness": -4.079162120819092,
      "mid_to_side_loudness_range": 14.495086669921875,
      "side_mean": -28.389545440673828
    },
    {
      "high_freq": 4349.24462890625,
      "loudness": -27.872724533081055,
      "loudness_range": 16.612503051757812,
      "low_freq": 2549.74365234375,
      "mid_mean": -26.076614379882812,
      "mid_to_side_loudness": -4.281095027923584,
      "mid_to_side_loudness_range": 15.276432037353516,
      "side_mean": -30.57870864868164
    },
    {
      "high_freq": 7314.1640625,
      "loudness": -30.000608444213867,
      "loudness_range": 26.445960998535156,
      "low_freq": 4349.24462890625,
      "mid_mean": -27.760072708129883,
      "mid_to_side_loudness": -6.0363240242004395,
      "mid_to_side_loudness_range": 17.194564819335938,
      "side_mean": -34.36547088623047
    },
    {
      "high_freq": 12199.2666015625,
      "loudness": -31.768877029418945,
      "loudness_range": 28.252901077270508,
      "low_freq": 7314.1640625,
      "mid_mean": -29.488874435424805,
      "mid_to_side_loudness": -6.567743301391602,
      "mid_to_side_loudness_range": 17.769105911254883,
      "side_mean": -37.18769454956055
    },
    {
      "loudness": -36.85422134399414,
      "loudness_range": 28.87279510498047,
      "low_freq": 12199.2666015625,
      "mid_mean": -35.41532897949219,
      "mid_to_side_loudness": -8.03573226928711,
      "mid_to_side_loudness_range": 20.27741050720215,
      "side_mean": -44.739234924316406
    }
  ],
  "channels": 2,
  "covariance": [
    [
      22.767946243286133,
      8.953632354736328,
      0.4096764922142029,
      1.1350743770599365,
      -0.20404215157032013,
      -2.1201224327087402,
      -0.7443934082984924,
      -3.0057873725891113,
      0.5131325125694275,
      2.4791152477264404,
      -3.347618341445923,
      -2.0121774673461914,
      -10.143773078918457,
      -7.411436557769775,
      -10.270195960998535,
      -10.494089126586914,
      -3.923210620880127,
      -10.07497501373291
    ],
    [
      8.953632354736328,
      10.813705444335938,
      -2.440643787384033,
      2.526235342025757,
      -0.6047409176826477,
      -0.8963415026664734,
      -2.0962908267974854,
      -2.0316028594970703,
      -0.6763185858726501,
      3.1354005336761475,
      -5.028217315673828,
      0.06599897146224976,
      -8.982227325439453,
      -3.6068272590637207,
      -8.820145606994629,
      -7.26527738571167,
      -4.344223976135254,
      -7.95780086517334
    ],
    [
      0.4096764922142029,
      -2.440643787384033,
      29.811256408691406,
      0.8382971882820129,
      9.269524574279785,
      2.1024229526519775,
      8.344687461853027,
      3.7338438034057617,
      6.065745830535889,
      -0.7605018615722656,
      17.366840362548828,
      3.766368865966797,
      25.666484832763672,
      4.0962934494018555,
      24.387704849243164,
      12.083370208740234,
      11.532782554626465,
      14.013487815856934
    ],
    [
      1.1350743770599365,
      2.526235342025757,
      0.8382971882820129,
      6.474654674530029,
      -0.7587034702301025,
      1.1698410511016846,
      -0.6776930093765259,
      1.33993661403656,
      -0.5735588073730469,
      4.170176982879639,
      -0.3219377100467682,
      4.67681360244751,
      0.02033737674355507,
      4.357199192047119,
      -2.760270833969116,
      0.45340225100517273,
      -2.0305979251861572,
      -0.4153059720993042
    ],
    [
      -0.20404215157032013,
      -0.6047409176826477,
      9.269524574279785,
      -0.7587034702301025,
      18.7631778717041,
      4.375008583068848,
      11.141200065612793,
      4.154791355133057,
      4.907229423522949,
      -1.7771902084350586,
      8.06966781616211,
      0.6948180198669434,
      11.25931453704834,
      3.0702221393585205,
      10.532073974609375,
      7.766166687011719,
      2.9695608615875244,
      8.918197631835938
    ],
    [
      -2.1201224327087402,
      -0.8963415026664734,
      2.1024229526519775,
      1.1698410511016846,
      4.375008583068848,
      7.858336448669434,
      4.649196624755859,
      6.506363391876221,
      1.4143292903900146,
      3.2249770164489746,
      1.7666372060775757,
      4.226712703704834,
      2.0876123905181885,
      4.658893585205078,
      3.0653038024902344,
      4.881011009216309,
      -0.1665085405111313,
      5.674363136291504
    ],
    [
      -0.7443934082984924,
      -2.0962908267974854,
      8.344687461853027,
      -0.6776930093765259,
      11.141200065612793,
      4.649196624755859,
      21.030391693115234,
      10.35325813293457,
      8.687321662902832,
      2.0432472229003906,
      8.188753128051758,
      1.5328212976455688,
      8.359493255615234,
      1.7737269401550293,
      5.979369640350342,
      3.8717100620269775,
      -3.003171443939209,
      4.337837219238281
    ],
    [
      -3.0057873725891113,
      -2.0316028594970703,
      3.7338438034057617,
      1.33993661403656,
      4.154791355133057,
      6.506363391876221,
      10.35325813293457,
      17.268798828125,
      5.280025959014893,
      7.248634338378906,
      3.6444554328918457,
      6.007306098937988,
      3.2834529876708984,
      4.14080286026001,
      3.428797483444214,
      4.128701686859131,
      -2.0837109088897705,
      5.164495944976807
    ],
    [
      0.5131325125694275,
      -0.6763185858726501,
      6.065745830535889,
      -0.5735588073730469,
      4.907229423522949,
      1.4143292903900146,
      8.687321662902832,
      5.280025959014893,
      12.553091049194336,
      4.648225784301758,
      8.23394775390625,
      1.6185450553894043,
      4.842264652252197,
      -0.8714098930358887,
      4.262701511383057,
      1.3825637102127075,
      -2.1498987674713135,
      2.0527846813201904
    ],
    [
      2.4791152477264404,
      3.1354005336761475,
      -0.7605018615722656,
      4.170176982879639,
      -1.7771902084350586,
      3.2249770164489746,
      2.0432472229003906,
      7.248634338378906,
      4.648225784301758,
      17.5743408203125,
      1.6761962175369263,
      12.318692207336426,
      -2.8366739749908447,
      5.538420677185059,
      -1.3335185050964355,
      1.4338953495025635,
      -2.7904999256134033,
      2.627295970916748
    ],
    [
      -3.347618341445923,
      -5.028217315673828,
      17.366840362548828,
      -0.3219377100467682,
      8.06966781616211,
      1.7666372060775757,
      8.188753128051758,
      3.6444554328918457,
      8.23394775390625,
      1.6761962175369263,
      26.54544448852539,
      11.816638946533203,
      33.24923324584961,
      15.185539245605469,
      28.82395362854004,
      19.873241424560547,
      9.74549388885498,
      22.708267211914062
    ],
    [
      -2.0121774673461914,
      0.06599897146224976,
      3.766368865966797,
      4.67681360244751,
      0.6948180198669434,
      4.226712703704834,
      1.5328212976455688,
      6.007306098937988,
      1.6185450553894043,
      12.318692207336426,
      11.816638946533203,
      20.94121742248535,
      14.10800838470459,
      17.980602264404297,
      13.630888938903809,
      14.677042961120605,
      4.7352471351623535,
      17.204103469848633
    ],
    [
      -10.143773078918457,
      -8.982227325439453,
      25.666484832763672,
      0.02033737674355507,
      11.25931453704834,
      2.0876123905181885,
      8.359493255615234,
      3.2834529876708984,
      4.842264652252197,
      -2.8366739749908447,
      33.24923324584961,
      14.10800838470459,
      57.18048095703125,
      27.26988410949707,
      49.83434295654297,
      34.682613372802734,
      21.738216400146484,
      39.38576889038086
    ],
    [
      -7.411436557769775,
      -3.6068272590637207,
      4.0962934494018555,
      4.357199192047119,
      3.0702221393585205,
      4.658893585205078,
      1.7737269401550293,
      4.14080286026001,
      -0.8714098930358887,
      5.538420677185059,
      15.185539245605469,
      17.980602264404297,
      27.26988410949707,
      29.398494720458984,
      21.970317840576172,
      25.980222702026367,
      9.266900062561035,
      27.86733627319336
    ],
    [
      -10.270195960998535,
      -8.820145606994629,
      24.387704849243164,
      -2.760270833969116,
      10.532073974609375,
      3.0653038024902344,
      5.979369640350342,
      3.428797483444214,
      4.262701511383057,
      -1.3335185050964355,
      28.82395362854004,
      13.630888938903809,
      49.83434295654297,
      21.970317840576172,
      59.837158203125,
      38.39507293701172,
      34.88127136230469,
      47.964500427246094
    ],
    [
      -10.494089126586914,
      -7.26527738571167,
      12.083370208740234,
      0.45340225100517273,
      7.766166687011719,
      4.881011009216309,
      3.8717100620269775,
      4.128701686859131,
      1.3825637102127075,
      1.4338953495025635,
      19.873241424560547,
      14.677042961120605,
      34.682613372802734,
      25.980222702026367,
      38.39507293701172,
      39.28245544433594,
      21.185260772705078,
      42.824951171875
    ],
    [
      -3.923210620880127,
      -4.344223976135254,
      11.532782554626465,
      -2.0305979251861572,
      2.9695608615875244,
      -0.1665085405111313,
      -3.003171443939209,
      -2.0837109088897705,
      -2.1498987674713135,
      -2.7904999256134033,
      9.74549388885498,
      4.7352471351623535,
      21.738216400146484,
      9.266900062561035,
      34.88127136230469,
      21.185260772705078,
      41.696598052978516,
      31.951417922973633
    ],
    [
      -10.07497501373291,
      -7.95780086517334,
      14.013487815856934,
      -0.4153059720993042,
      8.918197631835938,
      5.674363136291504,
      4.337837219238281,
      5.164495944976807,
      2.0527846813201904,
      2.627295970916748,
      22.708267211914062,
      17.204103469848633,
      39.38576889038086,
      27.86733627319336,
      47.964500427246094,
      42.824951171875,
      31.951417922973633,
      55.613040924072266
    ]
  ],
  "covariance_short": [
    [
      45.68449020385742,
      15.495688438415527,
      1.9540401697158813,
      1.4668506383895874,
      -1.147641897201538,
      -2.031897783279419,
      -0.4069254994392395,
      -1.488619327545166,
      -0.994198739528656,
      3.578692674636841,
      -4.637892246246338,
      -1.0633227825164795,
      -11.176677703857422,
      -5.918085098266602,
      -13.380558013916016,
      -9.7342529296875,
      -11.889547348022461,
      -9.694687843322754
    ],
    [
      15.495688438415527,
      18.564952850341797,
      -2.225947618484497,
      3.455998659133911,
      -0.6669797897338867,
      -0.6070989966392517,
      -1.446966528892517,
      -0.9601443409919739,
      -0.1383434683084488,
      3.8761651515960693,
      -4.520690441131592,
      1.4604827165603638,
      -9.838022232055664,
      -2.89180326461792,
      -10.386822700500488,
      -6.694153308868408,
      -10.332449913024902,
      -6.839599609375
    ],
    [
      1.9540401697158813,
      -2.225947618484497,
      35.95872497558594,
      2.1365625858306885,
      10.033601760864258,
      -0.5689054727554321,
      7.969444751739502,
      0.5993695855140686,
      10.437383651733398,
      -0.8134658932685852,
      21.287567138671875,
      3.3918073177337646,
      29.082487106323242,
      5.379349708557129,
      29.256122589111328,
      13.569828033447266,
      27.8089656829834,
      14.112828254699707
    ],
    [
      1.4668506383895874,
      3.455998659133911,
      2.1365625858306885,
      10.073399543762207,
      1.4655063152313232,
      2.742161989212036,
      1.1413331031799316,
      2.2585983276367188,
      0.19889768958091736,
      3.842407464981079,
      -1.0627824068069458,
      3.253438711166382,
      -2.110947847366333,
      2.986764430999756,
      -4.627324104309082,
      0.5280652642250061,
      -5.692537307739258,
      -1.5964021682739258
    ],
    [
      -1.147641897201538,
      -0.6669797897338867,
      10.033601760864258,
      1.4655063152313232,
      25.52752113342285,
      5.015231132507324,
      11.414644241333008,
      3.6914827823638916,
      8.355669975280762,
      0.5457334518432617,
      11.123234748840332,
      4.215184211730957,
      12.577126502990723,
      7.08274507522583,
      10.364391326904297,
      9.766997337341309,
      9.301403045654297,
      10.996017456054688
    ],
    [
      -2.031897783279419,
      -0.6070989966392517,
      -0.5689054727554321,
      2.742161989212036,
      5.015231132507324,
      12.25354290008545,
      4.0728607177734375,
      7.702972888946533,
      1.205917477607727,
      5.999566555023193,
      1.6740031242370605,
      7.718466281890869,
      0.4934086203575134,
      8.081754684448242,
      -0.5725362300872803,
      5.608078479766846,
      -0.791628897190094,
      5.785007953643799
    ],
    [
      -0.4069254994392395,
      -1.446966528892517,
      7.969444751739502,
      1.1413331031799316,
      11.414644241333008,
      4.0728607177734375,
      29.15217399597168,
      12.314657211303711,
      10.228545188903809,
      4.152578353881836,
      11.897424697875977,
      5.818772315979004,
      10.851802825927734,
      7.104375839233398,
      10.33304214477539,
      9.635407447814941,
      6.843905448913574,
      9.4239501953125
    ],
    [
      -1.488619327545166,
      -0.9601443409919739,
      0.5993695855140686,
      2.2585983276367188,
      3.6914827823638916,
      7.702972888946533,
      12.314657211303711,
      22.44278907775879,
      5.132569789886475,
      9.504883766174316,
      4.839995861053467,
      10.93450927734375,
      3.375051259994507,
      10.073827743530273,
      3.3102447986602783,
      8.447458267211914,
      1.729163408279419,
      9.598526000976562
    ],
    [
      -0.994198739528656,
      -0.1383434683084488,
      10.437383651733398,
      0.19889768958091736,
      8.355669975280762,
      1.205917477607727,
      10.228545188903809,
      5.132569789886475,
      20.516101837158203,
      6.523053169250488,
      14.635636329650879,
      5.938413143157959,
      12.771164894104004,
      5.395751953125,
      12.821508407592773,
      7.765586853027344,
      10.16396713256836,
      7.219223499298096
    ],
    [
      3.578692674636841,
      3.8761651515960693,
      -0.8134658932685852,
      3.842407464981079,
      0.5457334518432617,
      5.999566555023193,
      4.152578353881836,
      9.504883766174316,
      6.523053169250488,
      21.05023956298828,
      3.955540657043457,
      16.452917098999023,
      -1.0547972917556763,
      12.378609657287598,
      -0.9037769436836243,
      7.855586051940918,
      -1.455398440361023,
      7.8590874671936035
    ],
    [
      -4.637892246246338,
      -4.520690441131592,
      21.287567138671875,
      -1.0627824068069458,
      11.123234748840332,
      1.6740031242370605,
      11.897424697875977,
      4.839995861053467,
      14.635636329650879,
      3.955540657043457,
      41.312217712402344,
      20.25609588623047,
      50.41996383666992,
      29.946805953979492,
      46.86371612548828,
      36.15549087524414,
      43.02097702026367,
      35.74582290649414
    ],
    [
      -1.0633227825164795,
      1.4604827165603638,
      3.3918073177337646,
      3.253438711166382,
      4.215184211730957,
      7.718466281890869,
      5.818772315979004,
      10.93450927734375,
      5.938413143157959,
      16.452917098999023,
      20.25609588623047,
      32.513702392578125,
      24.055356979370117,
      35.19719314575195,
      21.746376037597656,
      32.650428771972656,
      19.839752197265625,
      31.265832901000977
    ],
    [
      -11.176677703857422,
      -9.838022232055664,
      29.082487106323242,
      -2.110947847366333,
      12.577126502990723,
      0.4934086203575134,
      10.851802825927734,
      3.375051259994507,
      12.771164894104004,
      -1.0547972917556763,
      50.41996383666992,
      24.055356979370117,
      84.49235534667969,
      48.662757873535156,
      79.66236877441406,
      61.00762176513672,
      74.08667755126953,
      60.07615661621094
    ],
    [
      -5.918085098266602,
      -2.89180326461792,
      5.379349708557129,
      2.986764430999756,
      7.08274507522583,
      8.081754684448242,
      7.104375839233398,
      10.073827743530273,
      5.395751953125,
      12.378609657287598,
      29.946805953979492,
      35.19719314575195,
      48.662757873535156,
      58.14970397949219,
      43.40636444091797,
      58.6832275390625,
      39.93326187133789,
      55.60325622558594
    ],
    [
      -13.380558013916016,
      -10.386822700500488,
      29.256122589111328,
      -4.627324104309082,
      10.364391326904297,
      -0.5725362300872803,
      10.33304214477539,
      3.3102447986602783,
      12.821508407592773,
      -0.9037769436836243,
      46.86371612548828,
      21.746376037597656,
      79.66236877441406,
      43.40636444091797,
      101.50917053222656,
      66.62059783935547,
      98.57752990722656,
      72.94320678710938
    ],
    [
      -9.7342529296875,
      -6.694153308868408,
      13.569828033447266,
      0.5280652642250061,
      9.766997337341309,
      5.608078479766846,
      9.635407447814941,
      8.447458267211914,
      7.765586853027344,
      7.855586051940918,
      36.15549087524414,
      32.650428771972656,
      61.00762176513672,
      58.6832275390625,
      66.62059783935547,
      83.28094482421875,
      63.6008186340332,
      77.34830474853516
    ],
    [
      -11.889547348022461,
      -10.332449913024902,
      27.8089656829834,
      -5.692537307739258,
      9.301403045654297,
      -0.791628897190094,
      6.843905448913574,
      1.729163408279419,
      10.16396713256836,
      -1.455398440361023,
      43.02097702026367,
      19.839752197265625,
      74.08667755126953,
      39.93326187133789,
      98.57752990722656,
      63.6008186340332,
      126.03912353515625,
      80.15190887451172
    ],
    [
      -9.694687843322754,
      -6.839599609375,
      14.112828254699707,
      -1.5964021682739258,
      10.996017456054688,
      5.785007953643799,
      9.4239501953125,
      9.598526000976562,
      7.219223499298096,
      7.8590874671936035,
      35.74582290649414,
      31.265832901000977,
      60.07615661621094,
      55.60325622558594,
      72.94320678710938,
      77.34830474853516,
      80.15190887451172,
      97.65430450439453
    ]
  ],
  "drr": 10.745579719543457,
  "dynamics": 2.0535197257995605,
  "format": 1245190,
  "frames": 2152448,
  "loudness": -10.166893005371094,
  "loudness_range": 4.952882289886475,
  "loudness_range_short": 6.387141704559326,
  "peak": 1.5998414754867554,
  "rms": -12.989897727966309,
  "sample_rate": 44100,
  "sections": 1,
  "seekable": 1,
  "sharpness": 1.7480394840240479,
  "space": -3.5269784927368164
}