{
  "bands": [
    {
      "high_freq": 148.1999969482422,
      "loudness": -20.97608757019043,
      "loudness_range": 11.665172576904297,
      "mid_mean": -17.34976577758789,
      "mid_to_side_loudness": -21.943382263183594,
      "mid_to_side_loudness_range": 20.565757751464844,
      "side_mean": -40.04345703125
    },
    {
      "high_freq": 392.3793640136719,
      "loudness": -23.47214126586914,
      "loudness_range": 8.895427703857422,
      "low_freq": 148.1999969482422,
      "mid_mean": -20.376087188720703,
      "mid_to_side_loudness": -8.51434326171875,
      "mid_to_side_loudness_range": 11.473289489746094,
      "side_mean": -29.390167236328125
    },
    {
      "high_freq": 794.6976318359375,
      "loudness": -22.648609161376953,
      "loudness_range": 11.296178817749023,
      "low_freq": 392.3793640136719,
      "mid_mean": -19.898521423339844,
      "mid_to_side_loudness": -7.488267421722412,
      "mid_to_side_loudness_range": 12.292479515075684,
      "side_mean": -27.50395965576172
    },
    {
      "high_freq": 1457.5709228515625,
      "loudness": -25.003013610839844,
      "loudness_range": 14.851160049438477,
      "low_freq": 794.6976318359375,
      "mid_mean": -22.196352005004883,
      "mid_to_side_loudness": -7.948951244354248,
      "mid_to_side_loudness_range": 12.542450904846191,
      "side_mean": -30.24575424194336
    },
    {
      "high_freq": 2549.74365234375,
      "loudness": -24.547815322875977,
      "loudness_range": 15.882030487060547,
      "low_freq": 1457.5709228515625,
      "mid_mean": -21.552350997924805,
      "mid_to_side_loudness": -8.694546699523926,
      "mid_to_side_loudness_range": 11.885375022888184,
      "side_mean": -30.574438095092773
    },
    {
      "high_freq": 4349.24462890625,
      "loudness": -25.519447326660156,
      "loudness_range": 13.804056167602539,
      "low_freq": 2549.74365234375,
      "mid_mean": -22.299068450927734,
      "mid_to_side_loudness": -9.684041976928711,
      "mid_to_side_loudness_range": 11.440104484558105,
      "side_mean": -32.846595764160156
    },
    {
      "high_freq": 7314.1640625,
      "loudness": -29.289958953857422,
      "loudness_range": 10.618499755859375,
      "low_freq": 4349.24462890625,
      "mid_mean": -26.09514617919922,
      "mid_to_side_loudness": -10.221336364746094,
      "mid_to_side_loudness_range": 12.195354461669922,
      "side_mean": -37.165679931640625
    },
    {
      "high_freq": 12199.2666015625,
      "loudness": -30.975008010864258,
      "loudness_range": 12.107889175415039,
      "low_freq": 7314.1640625,
      "mid_mean": -27.825273513793945,
      "mid_to_side_loudness": -10.062844276428223,
      "mid_to_side_loudness_range": 12.704595565795898,
      "side_mean": -38.603111267089844
    },
    {
      "loudness": -34.22087860107422,
      "loudness_range": 13.48248291015625,
      "low_freq": 12199.2666015625,
      "mid_mean": -31.165327072143555,
      "mid_to_side_loudness": -9.748215675354004,
      "mid_to_side_loudness_range": 10.142229080200195,
      "side_mean": -41.21802520751953
    }
  ],
  "bands_short": [
    {
      "high_freq": 148.1999969482422,
      "loudness": -23.909440994262695,
      "loudness_range": 21.499980926513672,
      "mid_mean": -20.28729248046875,
      "mid_to_side_loudness": -23.19918441772461,
      "mid_to_side_loudness_range": 25.309429168701172,
      "side_mean": -44.769596099853516
    },
    {
      "high_freq": 392.3793640136719,
      "loudness": -23.108530044555664,
      "loudness_range": 12.669147491455078,
      "low_freq": 148.1999969482422,
      "mid_mean": -20.01529312133789,
      "mid_to_side_loudness": -9.617956161499023,
      "mid_to_side_loudness_range": 14.62568473815918,
      "side_mean": -30.11383056640625
    },
    {
      "high_freq": 794.6976318359375,
      "loudness": -23.567323684692383,
      "loudness_range": 15.193799018859863,
      "low_freq": 392.3793640136719,
      "mid_mean": -21.175304412841797,
      "mid_to_side_loudness": -6.638889312744141,
      "mid_to_side_loudness_range": 15.560759544372559,
      "side_mean": -27.919992446899414
    },
    {
      "high_freq": 1457.5709228515625,
      "loudness": -25.85968017578125,
      "loudness_range": 17.83644676208496,
      "low_freq": 794.6976318359375,
      "mid_mean": -23.30985450744629,
      "mid_to_side_loudness": -7.209561347961426,
      "mid_to_side_loudness_range": 15.017805099487305,
      "side_mean": -30.626628875732422
    },
    {
      "high_freq": 2549.74365234375,
      "loudness": -25.894128799438477,
      "loudness_range": 19.350120544433594,
      "low_freq": 1457.5709228515625,
      "mid_mean": -23.175630569458008,
      "mid_to_side_loudness": -7.784273624420166,
      "mid_to_side_loudness_range": 14.769732475280762,
      "side_mean": -31.30657386779785
    },
    {
      "high_freq": 4349.24462890625,
      "loudness": -26.815956115722656,
      "loudness_range": 18.858762741088867,
      "low_freq": 2549.74365234375,
      "mid_mean": -23.810440063476562,
      "mid_to_side_loudness": -8.770356178283691,
      "mid_to_side_loudness_range": 14.139749526977539,
      "side_mean": -33.3653564453125
    },
    {
      "high_freq": 7314.1640625,
      "loudness": -30.903596878051758,
      "loudness_range": 17.318510055541992,
      "low_freq": 4349.24462890625,
      "mid_mean": -27.841737747192383,
      "mid_to_side_loudness": -9.55120849609375,
      "mid_to_side_loudness_range": 14.157211303710938,
      "side_mean": -38.20616912841797
    },
    {
      "high_freq": 12199.2666015625,
      "loudness": -33.00874710083008,
      "loudness_range": 19.844161987304688,
      "low_freq": 7314.1640625,
      "mid_mean": -30.010944366455078,
      "mid_to_side_loudness": -10.06678295135498,
      "mid_to_side_loudness_range": 15.545478820800781,
      "side_mean": -40.88841247558594
    },
    {
      "loudness": -37.50214767456055,
      "loudness_range": 24.06479263305664,
      "low_freq": 12199.2666015625,
      "mid_mean": -34.67093276977539,
      "mid_to_side_loudness": -10.747234344482422,
      "mid_to_side_loudness_range": 17.385377883911133,
      "side_mean": -46.08329772949219
    }
  ],
  "channels": 2,
  "covariance": [
    [
      28.857236862182617,
      10.147723197937012,
      11.306163787841797,
      5.470329284667969,
      8.856172561645508,
      6.742105960845947,
      7.641404151916504,
      5.163832664489746,
      9.629512786865234,
      7.577972412109375,
      7.0207295417785645,
      11.276236534118652,
      5.907408237457275,
      10.737954139709473,
      5.60422420501709,
      9.249550819396973,
      4.312007427215576,
      9.812411308288574
    ],
    [
      10.147723197937012,
      42.68794631958008,
      7.582016468048096,
      15.028571128845215,
      10.479826927185059,
      11.805438041687012,
      10.00847339630127,
      11.82313060760498,
      13.53510856628418,
      14.131549835205078,
      10.979779243469238,
      15.773947715759277,
      8.162936210632324,
      16.16021156311035,
      6.595678806304932,
      16.010210037231445,
      4.0370612144470215,
      8.563962936401367
    ],
    [
      11.306163787841797,
      7.582016468048096,
      18.158485412597656,
      11.124963760375977,
      11.140545845031738,
      8.606322288513184,
      7.4431071281433105,
      5.816838264465332,
      9.681680679321289,
      8.852629661560059,
      7.742635726928711,
      12.214537620544434,
      6.296157360076904,
      10.974169731140137,
      6.581492900848389,
      10.021950721740723,
      5.031914234161377,
      7.780493259429932
    ],
    [
      5.470329284667969,
      15.028571128845215,
      11.124963760375977,
      22.984312057495117,
      12.211783409118652,
      14.412075996398926,
      11.52508544921875,
      11.339632034301758,
      12.329350471496582,
      14.125472068786621,
      9.87437629699707,
      15.694679260253906,
      7.484097957611084,
      15.297118186950684,
      5.444934368133545,
      13.51395034790039,
      3.7643513679504395,
      8.278839111328125
    ],
    [
      8.856172561645508,
      10.479826927185059,
      11.140545845031738,
      12.211783409118652,
      25.80610466003418,
      12.451577186584473,
      16.5582332611084,
      7.703770160675049,
      18.024673461914062,
      11.795616149902344,
      14.678258895874023,
      14.715412139892578,
      11.547741889953613,
      13.339373588562012,
      10.607271194458008,
      11.798511505126953,
      8.545648574829102,
      9.568666458129883
    ],
    [
      6.742105960845947,
      11.805438041687012,
      8.606322288513184,
      14.412075996398926,
      12.451577186584473,
      19.393529891967773,
      12.778833389282227,
      14.296069145202637,
      12.747245788574219,
      15.863229751586914,
      10.550766944885254,
      16.322925567626953,
      9.213248252868652,
      16.270992279052734,
      7.871512413024902,
      15.175886154174805,
      5.837348461151123,
      10.669526100158691
    ],
    [
      7.641404151916504,
      10.00847339630127,
      7.4431071281433105,
      11.52508544921875,
      16.5582332611084,
      12.778833389282227,
      33.20804977416992,
      17.247934341430664,
      20.48615074157715,
      17.293405532836914,
      15.010205268859863,
      17.439678192138672,
      12.827642440795898,
      17.712711334228516,
      9.590694427490234,
      14.04366683959961,
      7.033062934875488,
      9.498506546020508
    ],
    [
      5.163832664489746,
      11.82313060760498,
      5.816838264465332,
      11.339632034301758,
      7.703770160675049,
      14.296069145202637,
      17.247934341430664,
      21.03037452697754,
      13.331585884094238,
      17.98053550720215,
      10.753252983093262,
      16.707536697387695,
      9.71789836883545,
      17.284791946411133,
      7.851253032684326,
      15.068745613098145,
      4.992151737213135,
      9.169257164001465
    ],
    [
      9.629512786865234,
      13.53510856628418,
      9.681680679321289,
      12.329350471496582,
      18.024673461914062,
      12.747245788574219,
      20.48615074157715,
      13.331585884094238,
      35.87461471557617,
      20.212921142578125,
      25.06608009338379,
      22.701623916625977,
      18.461164474487305,
      21.298067092895508,
      14.789511680603027,
      16.897769927978516,
      12.029327392578125,
      11.941012382507324
    ],
    [
      7.577972412109375,
      14.131549835205078,
      8.852629661560059,
      14.125472068786621,
      11.795616149902344,
      15.863229751586914,
      17.293405532836914,
      17.98053550720215,
      20.212921142578125,
      24.14436149597168,
      14.682229995727539,
      22.15398597717285,
      12.939476013183594,
      20.63983154296875,
      10.82003402709961,
      17.845123291015625,
      7.546819686889648,
      11.63451862335205
    ],
    [
      7.0207295417785645,
      10.979779243469238,
      7.742635726928711,
      9.87437629699707,
      14.678258895874023,
      10.550766944885254,
      15.010205268859863,
      10.753252983093262,
      25.06608009338379,
      14.682229995727539,
      29.611181259155273,
      20.409467697143555,
      16.444541931152344,
      19.417726516723633,
      13.317239761352539,
      14.092438697814941,
      11.518136978149414,
      10.488874435424805
    ],
    [
      11.276236534118652,
      15.773947715759277,
      12.214537620544434,
      15.694679260253906,
      14.715412139892578,
      16.322925567626953,
      17.439678192138672,
      16.707536697387695,
      22.701623916625977,
      22.15398597717285,
      20.409467697143555,
      30.544668197631836,
      14.11131763458252,
      24.256282806396484,
      12.64309310913086,
      20.45130729675293,
      9.423257827758789,
      15.65430736541748
    ],
    [
      5.907408237457275,
      8.162936210632324,
      6.296157360076904,
      7.484097957611084,
      11.547741889953613,
      9.213248252868652,
      12.827642440795898,
      9.71789836883545,
      18.461164474487305,
      12.939476013183594,
      16.444541931152344,
      14.11131763458252,
      19.659860610961914,
      18.958566665649414,
      17.298059463500977,
      18.535314559936523,
      14.36539363861084,
      15.527119636535645
    ],
    [
      10.737954139709473,
      16.16021156311035,
      10.974169731140137,
      15.297118186950684,
      13.339373588562012,
      16.270992279052734,
      17.712711334228516,
      17.284791946411133,
      21.298067092895508,
      20.63983154296875,
      19.417726516723633,
      24.256282806396484,
      18.958566665649414,
      36.46992492675781,
      18.67189598083496,
      32.40235137939453,
      15.913211822509766,
      26.065176010131836
    ],
    [
      5.60422420501709,
      6.595678806304932,
      6.581492900848389,
      5.444934368133545,
      10.607271194458008,
      7.871512413024902,
      9.590694427490234,
      7.851253032684326,
      14.789511680603027,
      10.82003402709961,
      13.317239761352539,
      12.64309310913086,
      17.298059463500977,
      18.67189598083496,
      22.094768524169922,
      23.09368324279785,
      19.46244239807129,
      22.516054153442383
    ],
    [
      9.249550819396973,
      16.010210037231445,
      10.021950721740723,
      13.51395034790039,
      11.798511505126953,
      15.175886154174805,
      14.04366683959961,
      15.068745613098145,
      16.897769927978516,
      17.845123291015625,
      14.092438697814941,
      20.45130729675293,
      18.535314559936523,
      32.40235137939453,
      23.09368324279785,
      41.18465805053711,
      21.714601516723633,
      35.577781677246094
    ],
    [
      4.312007427215576,
      4.0370612144470215,
      5.031914234161377,
      3.7643513679504395,
      8.545648574829102,
      5.837348461151123,
      7.033062934875488,
      4.992151737213135,
      12.029327392578125,
      7.546819686889648,
      11.518136978149414,
      9.423257827758789,
      14.36539363861084,
      15.913211822509766,
      19.46244239807129,
      21.714601516723633,
      24.111248016357422,
      26.232175827026367
    ],
    [
      9.812411308288574,
      8.563962936401367,
      7.780493259429932,
      8.278839111328125,
      9.568666458129883,
      10.669526100158691,
      9.498506546020508,
      9.169257164001465,
      11.941012382507324,
      11.63451862335205,
      10.488874435424805,
      15.65430736541748,
      15.527119636535645,
      26.065176010131836,
      22.516054153442383,
      35.577781677246094,
      26.232175827026367,
      43.74178695678711
    ]
  ],
  "covariance_short": [
    [
      57.62498474121094,
      19.580535888671875,
      21.70696258544922,
      7.367212772369385,
      11.461760520935059,
      9.457317352294922,
      7.372713565826416,
      6.510284900665283,
      11.069064140319824,
      9.608468055725098,
      9.560894966125488,
      13.404479026794434,
      9.667567253112793,
      15.67082691192627,
      10.589820861816406,
      16.218135833740234,
      10.965326309204102,
      19.376705169677734
    ],
    [
      19.580535888671875,
      58.22720718383789,
      12.429059982299805,
      15.505232810974121,
      12.202773094177246,
      15.912280082702637,
      13.835099220275879,
      15.811360359191895,
      17.749698638916016,
      16.991073608398438,
      15.372947692871094,
      19.302576065063477,
      13.391191482543945,
      21.927810668945312,
      12.376943588256836,
      23.627826690673828,
      11.832367897033691,
      24.886476516723633
    ],
    [
      21.70696258544922,
      12.429059982299805,
      27.410802841186523,
      12.480118751525879,
      15.068209648132324,
      11.210871696472168,
      9.579536437988281,
      7.761965274810791,
      13.047073364257812,
      11.70718765258789,
      11.346418380737305,
      14.370711326599121,
      11.105649948120117,
      15.264731407165527,
      11.638606071472168,
      15.789501190185547,
      12.188620567321777,
      18.014820098876953
    ],
    [
      7.367212772369385,
      15.505232810974121,
      12.480118751525879,
      27.600452423095703,
      14.964881896972656,
      17.771249771118164,
      13.911192893981934,
      13.939793586730957,
      15.311716079711914,
      17.333093643188477,
      12.916241645812988,
      17.382938385009766,
      10.519693374633789,
      18.079477310180664,
      8.182966232299805,
      17.05232048034668,
      7.193370819091797,
      17.546295166015625
    ],
    [
      11.461760520935059,
      12.202773094177246,
      15.068209648132324,
      14.964881896972656,
      39.87752151489258,
      17.51280975341797,
      24.049177169799805,
      11.649101257324219,
      27.74714469909668,
      17.65706443786621,
      25.502084732055664,
      20.13152503967285,
      21.81953239440918,
      20.029644012451172,
      20.42890167236328,
      20.534557342529297,
      22.288076400756836,
      22.451126098632812
    ],
    [
      9.457317352294922,
      15.912280082702637,
      11.210871696472168,
      17.771249771118164,
      17.51280975341797,
      27.024946212768555,
      17.674041748046875,
      19.095523834228516,
      17.632953643798828,
      21.413400650024414,
      15.143237113952637,
      19.572484970092773,
      14.575714111328125,
      20.54174041748047,
      12.969450950622559,
      20.37032699584961,
      12.89025592803955,
      21.593523025512695
    ],
    [
      7.372713565826416,
      13.835099220275879,
      9.579536437988281,
      13.911192893981934,
      24.049177169799805,
      17.674041748046875,
      48.156742095947266,
      23.183929443359375,
      30.78360939025879,
      22.828983306884766,
      27.686891555786133,
      22.955026626586914,
      24.708772659301758,
      24.965288162231445,
      19.584598541259766,
      22.939559936523438,
      20.028976440429688,
      25.45963478088379
    ],
    [
      6.510284900665283,
      15.811360359191895,
      7.761965274810791,
      13.939793586730957,
      11.649101257324219,
      19.095523834228516,
      23.183929443359375,
      28.468547821044922,
      18.887414932250977,
      22.51453399658203,
      16.602800369262695,
      20.214094161987305,
      15.714662551879883,
      21.870712280273438,
      13.196678161621094,
      20.875524520874023,
      12.588438034057617,
      22.671646118164062
    ],
    [
      11.069064140319824,
      17.749698638916016,
      13.047073364257812,
      15.311716079711914,
      27.74714469909668,
      17.632953643798828,
      30.78360939025879,
      18.887414932250977,
      54.85654067993164,
      28.037128448486328,
      41.883018493652344,
      30.59070587158203,
      34.20478439331055,
      31.33129119873047,
      28.886798858642578,
      30.098674774169922,
      30.210834503173828,
      33.14786148071289
    ],
    [
      9.608468055725098,
      16.991073608398438,
      11.70718765258789,
      17.333093643188477,
      17.65706443786621,
      21.413400650024414,
      22.828983306884766,
      22.51453399658203,
      28.037128448486328,
      32.139835357666016,
      21.99109649658203,
      26.31301498413086,
      20.29365348815918,
      26.359888076782227,
      17.441097259521484,
      25.16888427734375,
      17.132770538330078,
      27.046585083007812
    ],
    [
      9.560894966125488,
      15.372947692871094,
      11.346418380737305,
      12.916241645812988,
      25.502084732055664,
      15.143237113952637,
      27.686891555786133,
      16.602800369262695,
      41.883018493652344,
      21.99109649658203,
      52.38328170776367,
      31.029800415039062,
      36.41145324707031,
      31.477216720581055,
      30.689367294311523,
      29.90110206604004,
      31.496444702148438,
      34.20240020751953
    ],
    [
      13.404479026794434,
      19.302576065063477,
      14.370711326599121,
      17.382938385009766,
      20.13152503967285,
      19.572484970092773,
      22.955026626586914,
      20.214094161987305,
      30.59070587158203,
      26.31301498413086,
      31.029800415039062,
      37.0413932800293,
      24.32498550415039,
      31.589427947998047,
      21.926109313964844,
      30.363874435424805,
      21.71442222595215,
      33.81351852416992
    ],
    [
      9.667567253112793,
      13.391191482543945,
      11.105649948120117,
      10.519693374633789,
      21.81953239440918,
      14.575714111328125,
      24.708772659301758,
      15.714662551879883,
      34.20478439331055,
      20.29365348815918,
      36.41145324707031,
      24.32498550415039,
      44.74026870727539,
      35.402587890625,
      39.89128875732422,
      39.330543518066406,
      42.58921813964844,
      45.61246109008789
    ],
    [
      15.67082691192627,
      21.927810668945312,
      15.264731407165527,
      18.079477310180664,
      20.029644012451172,
      20.54174041748047,
      24.965288162231445,
      21.870712280273438,
      31.33129119873047,
      26.359888076782227,
      31.477216720581055,
      31.589427947998047,
      35.402587890625,
      50.2013053894043,
      34.809234619140625,
      52.053218841552734,
      37.05827713012695,
      58.78968048095703
    ],
    [
      10.589820861816406,
      12.376943588256836,
      11.638606071472168,
      8.182966232299805,
      20.42890167236328,
      12.969450950622559,
      19.584598541259766,
      13.196678161621094,
      28.886798858642578,
      17.441097259521484,
      30.689367294311523,
      21.926109313964844,
      39.89128875732422,
      34.809234619140625,
      51.41730499267578,
      47.981529235839844,
      54.151214599609375,
      57.05727767944336
    ],
    [
      16.218135833740234,
      23.627826690673828,
      15.789501190185547,
      17.05232048034668,
      20.534557342529297,
      20.37032699584961,
      22.939559936523438,
      20.875524520874023,
      30.098674774169922,
      25.16888427734375,
      29.90110206604004,
      30.363874435424805,
      39.330543518066406,
      52.053218841552734,
      47.981529235839844,
      73.3743667602539,
      53.858421325683594,
      83.89669799804688
    ],
    [
      10.965326309204102,
      11.832367897033691,
      12.188620567321777,
      7.193370819091797,
      22.288076400756836,
      12.89025592803955,
      20.028976440429688,
      12.588438034057617,
      30.210834503173828,
      17.132770538330078,
      31.496444702148438,
      21.71442222595215,
      42.58921813964844,
      37.05827713012695,
      54.151214599609375,
      53.858421325683594,
      74.12014770507812,
      73.0628662109375
    ],
    [
      19.376705169677734,
      24.886476516723633,
      18.014820098876953,
      17.546295166015625,
      22.451126098632812,
      21.593523025512695,
      25.45963478088379,
      22.671646118164062,
      33.14786148071289,
      27.046585083007812,
      34.20240020751953,
      33.81351852416992,
      45.61246109008789,
      58.78968048095703,
      57.05727767944336,
      83.89669799804688,
      73.0628662109375,
      114.88813781738281
    ]
  ],
  "drr": 14.761502265930176,
  "dynamics": 3.035015821456909,
  "format": 1245190,
  "frames": 12322816,
  "loudness": -10.938593864440918,
  "loudness_range": 7.487060546875,
  "loudness_range_short": 10.946249961853027,
  "peak": 0.2428613007068634,
  "rms": -13.107234954833984,
  "sample_rate": 44100,
  "sections": 1,
  "seekable": 1,
  "sharpness": 2.478487730026245,
  "space": -10.343300819396973
}