{
  "bands": [
    {
      "high_freq": 148.1999969482422,
      "loudness": -22.25756072998047,
      "loudness_range": 12.710161209106445,
      "mid_mean": -18.709819793701172,
      "mid_to_side_loudness": -17.73591423034668,
      "mid_to_side_loudness_range": 16.328275680541992,
      "side_mean": -36.8212890625
    },
    {
      "high_freq": 392.3793640136719,
      "loudness": -22.904937744140625,
      "loudness_range": 8.307937622070312,
      "low_freq": 148.1999969482422,
      "mid_mean": -19.621339797973633,
      "mid_to_side_loudness": -10.79582405090332,
      "mid_to_side_loudness_range": 9.797632217407227,
      "side_mean": -30.71162223815918
    },
    {
      "high_freq": 794.6976318359375,
      "loudness": -22.22763442993164,
      "loudness_range": 7.510873794555664,
      "low_freq": 392.3793640136719,
      "mid_mean": -19.473867416381836,
      "mid_to_side_loudness": -7.7744574546813965,
      "mid_to_side_loudness_range": 13.55807876586914,
      "side_mean": -27.44966697692871
    },
    {
      "high_freq": 1457.5709228515625,
      "loudness": -24.70468521118164,
      "loudness_range": 9.484661102294922,
      "low_freq": 794.6976318359375,
      "mid_mean": -21.88973617553711,
      "mid_to_side_loudness": -7.094978332519531,
      "mid_to_side_loudness_range": 9.43195915222168,
      "side_mean": -29.214296340942383
    },
    {
      "high_freq": 2549.74365234375,
      "loudness": -23.341232299804688,
      "loudness_range": 7.663782119750977,
      "low_freq": 1457.5709228515625,
      "mid_mean": -20.59113121032715,
      "mid_to_side_loudness": -6.412117004394531,
      "mid_to_side_loudness_range": 6.07227897644043,
      "side_mean": -27.173479080200195
    },
    {
      "high_freq": 4349.24462890625,
      "loudness": -24.45842170715332,
      "loudness_range": 7.586454391479492,
      "low_freq": 2549.74365234375,
      "mid_mean": -21.87679100036621,
      "mid_to_side_loudness": -5.544843673706055,
      "mid_to_side_loudness_range": 5.7634806632995605,
      "side_mean": -27.557964324951172
    },
    {
      "high_freq": 7314.1640625,
      "loudness": -27.38093376159668,
      "loudness_range": 12.518671035766602,
      "low_freq": 4349.24462890625,
      "mid_mean": -24.957584381103516,
      "mid_to_side_loudness": -4.816113471984863,
      "mid_to_side_loudness_range": 4.452017784118652,
      "side_mean": -29.89216423034668
    },
    {
      "high_freq": 12199.2666015625,
      "loudness": -28.271453857421875,
      "loudness_range": 10.678754806518555,
      "low_freq": 7314.1640625,
      "mid_mean": -26.121688842773438,
      "mid_to_side_loudness": -3.9782779216766357,
      "mid_to_side_loudness_range": 6.47927713394165,
      "side_mean": -30.213266372680664
    },
    {
      "loudness": -33.727603912353516,
      "loudness_range": 10.648900985717773,
      "low_freq": 12199.2666015625,
      "mid_mean": -32.28758239746094,
      "mid_to_side_loudness": -1.9108649492263794,
      "mid_to_side_loudness_range": 4.6875762939453125,
      "side_mean": -34.18022155761719
    }
  ],
  "bands_short": [
    {
      "high_freq": 148.1999969482422,
      "loudness": -27.451156616210938,
      "loudness_range": 21.70337677001953,
      "mid_mean": -23.915639877319336,
      "mid_to_side_loudness": -19.390335083007812,
      "mid_to_side_loudness_range": 23.039264678955078,
      "side_mean": -43.54646682739258
    },
    {
      "high_freq": 392.3793640136719,
      "loudness": -21.632768630981445,
      "loudness_range": 11.904155731201172,
      "low_freq": 148.1999969482422,
      "mid_mean": -18.282203674316406,
      "mid_to_side_loudness": -12.14795970916748,
      "mid_to_side_loudness_range": 13.237964630126953,
      "side_mean": -30.769908905029297
    },
    {
      "high_freq": 794.6976318359375,
      "loudness": -23.000579833984375,
      "loudness_range": 10.459917068481445,
      "low_freq": 392.3793640136719,
      "mid_mean": -20.397476196289062,
      "mid_to_side_loudness": -7.3839521408081055,
      "mid_to_side_loudness_range": 15.133134841918945,
      "side_mean": -27.999011993408203
    },
    {
      "high_freq": 1457.5709228515625,
      "loudness": -24.819108963012695,
      "loudness_range": 11.115989685058594,
      "low_freq": 794.6976318359375,
      "mid_mean": -22.168161392211914,
      "mid_to_side_loudness": -6.747957706451416,
      "mid_to_side_loudness_range": 12.011856079101562,
      "side_mean": -29.159555435180664
    },
    {
      "high_freq": 2549.74365234375,
      "loudness": -23.814071655273438,
      "loudness_range": 9.64393424987793,
      "low_freq": 1457.5709228515625,
      "mid_mean": -21.13282585144043,
      "mid_to_side_loudness": -6.361651420593262,
      "mid_to_side_loudness_range": 8.108055114746094,
      "side_mean": -27.684940338134766
    },
    {
      "high_freq": 4349.24462890625,
      "loudness": -24.877267837524414,
      "loudness_range": 10.027212142944336,
      "low_freq": 2549.74365234375,
      "mid_mean": -22.345075607299805,
      "mid_to_side_loudness": -5.554734230041504,
      "mid_to_side_loudness_range": 6.973337173461914,
      "side_mean": -28.035245895385742
    },
    {
      "high_freq": 7314.1640625,
      "loudness": -28.77900505065918,
      "loudness_range": 17.24074363708496,
      "low_freq": 4349.24462890625,
      "mid_mean": -26.472023010253906,
      "mid_to_side_loudness": -4.539247989654541,
      "mid_to_side_loudness_range": 5.340216636657715,
      "side_mean": -31.096519470214844
    },
    {
      "high_freq": 12199.2666015625,
      "loudness": -30.724987030029297,
      "loudness_range": 20.037782669067383,
      "low_freq": 7314.1640625,
      "mid_mean": -29.008739471435547,
      "mid_to_side_loudness": -3.543745756149292,
      "mid_to_side_loudness_range": 7.383770942687988,
      "side_mean": -32.37458038330078
    },
    {
      "loudness": -40.49242401123047,
      "loudness_range": 29.036849975585938,
      "low_freq": 12199.2666015625,
      "mid_mean": -39.069969177246094,
      "mid_to_side_loudness": -2.784374475479126,
      "mid_to_side_loudness_range": 6.990500450134277,
      "side_mean": -41.974666595458984
    }
  ],
  "channels": 2,
  "covariance": [
    [
      24.10468292236328,
      3.674970865249634,
      7.027710437774658,
      5.195514678955078,
      4.59218692779541,
      5.517293453216553,
      2.2701704502105713,
      1.0319894552230835,
      2.4115118980407715,
      0.7582574486732483,
      3.019427537918091,
      2.4760196208953857,
      4.468672752380371,
      6.285480976104736,
      1.1715940237045288,
      5.702791213989258,
      0.4059121012687683,
      0.6470862627029419
    ],
    [
      3.674970865249634,
      11.658880233764648,
      1.0190398693084717,
      2.9991157054901123,
      -0.04510792717337608,
      1.1864937543869019,
      -0.8715312480926514,
      0.07550492137670517,
      -1.3786439895629883,
      -1.2445971965789795,
      -1.4962751865386963,
      -1.2183724641799927,
      -0.4703937768936157,
      -0.6820385456085205,
      -0.8626875281333923,
      -1.2077486515045166,
      -1.194219946861267,
      -1.838194727897644
    ],
    [
      7.027710437774658,
      1.0190398693084717,
      12.886051177978516,
      4.667280673980713,
      4.779834270477295,
      3.6864662170410156,
      3.161763906478882,
      3.8280060291290283,
      3.774488925933838,
      2.450101852416992,
      3.738370180130005,
      3.041313886642456,
      5.778003215789795,
      5.873169422149658,
      4.199833869934082,
      6.348763465881348,
      4.231497764587402,
      3.4973175525665283
    ],
    [
      5.195514678955078,
      2.9991157054901123,
      4.667280673980713,
      7.888113975524902,
      3.845088005065918,
      2.947028160095215,
      1.39786958694458,
      1.5099729299545288,
      0.5234350562095642,
      0.30172231793403625,
      0.7453792691230774,
      0.7851877212524414,
      2.866257429122925,
      3.03731632232666,
      1.5248026847839355,
      2.6710071563720703,
      0.9036927819252014,
      0.7978841066360474
    ],
    [
      4.59218692779541,
      -0.04510792717337608,
      4.779834270477295,
      3.845088005065918,
      14.062292098999023,
      2.193410634994507,
      7.980434894561768,
      2.329261064529419,
      5.050505638122559,
      1.7486907243728638,
      4.116214275360107,
      2.1476733684539795,
      5.179725170135498,
      4.987085819244385,
      3.9296255111694336,
      4.661086082458496,
      4.7606401443481445,
      3.5655319690704346
    ],
    [
      5.517293453216553,
      1.1864937543869019,
      3.6864662170410156,
      2.947028160095215,
      2.193410634994507,
      12.366873741149902,
      0.4035835266113281,
      2.919651508331299,
      0.7470592260360718,
      1.7607258558273315,
      0.35876813530921936,
      0.35092952847480774,
      -0.11609017103910446,
      -0.5305622220039368,
      0.30504003167152405,
      0.4743627607822418,
      0.9923170208930969,
      0.5427429676055908
    ],
    [
      2.2701704502105713,
      -0.8715312480926514,
      3.161763906478882,
      1.39786958694458,
      7.980434894561768,
      0.4035835266113281,
      13.867420196533203,
      4.621545314788818,
      7.785480976104736,
      5.017253875732422,
      7.030323505401611,
      5.45991325378418,
      8.127460479736328,
      7.883575439453125,
      5.4578447341918945,
      6.717502593994141,
      7.1310648918151855,
      4.483842372894287
    ],
    [
      1.0319894552230835,
      0.07550492137670517,
      3.8280060291290283,
      1.5099729299545288,
      2.329261064529419,
      2.919651508331299,
      4.621545314788818,
      6.493407249450684,
      4.140923500061035,
      4.8197407722473145,
      3.7845520973205566,
      4.450981140136719,
      4.004611492156982,
      3.7249507904052734,
      2.834686040878296,
      3.0510671138763428,
      3.638424873352051,
      2.403639554977417
    ],
    [
      2.4115118980407715,
      -1.3786439895629883,
      3.774488925933838,
      0.5234350562095642,
      5.050505638122559,
      0.7470592260360718,
      7.785480976104736,
      4.140923500061035,
      10.898170471191406,
      6.5964884757995605,
      8.240191459655762,
      5.826104164123535,
      7.2819085121154785,
      6.396607875823975,
      5.3360490798950195,
      6.136906147003174,
      6.486023426055908,
      4.602980136871338
    ],
    [
      0.7582574486732483,
      -1.2445971965789795,
      2.450101852416992,
      0.30172231793403625,
      1.7486907243728638,
      1.7607258558273315,
      5.017253875732422,
      4.8197407722473145,
      6.5964884757995605,
      8.400964736938477,
      5.675098896026611,
      6.932827472686768,
      5.800386905670166,
      5.475708484649658,
      4.013382434844971,
      4.647134304046631,
      4.429586410522461,
      3.6013190746307373
    ],
    [
      3.019427537918091,
      -1.4962751865386963,
      3.738370180130005,
      0.7453792691230774,
      4.116214275360107,
      0.35876813530921936,
      7.030323505401611,
      3.7845520973205566,
      8.240191459655762,
      5.675098896026611,
      9.329968452453613,
      7.8235626220703125,
      8.561756134033203,
      8.490531921386719,
      5.8764543533325195,
      7.777772903442383,
      6.794158458709717,
      5.594179153442383
    ],
    [
      2.4760196208953857,
      -1.2183724641799927,
      3.041313886642456,
      0.7851877212524414,
      2.1476733684539795,
      0.35092952847480774,
      5.45991325378418,
      4.450981140136719,
      5.826104164123535,
      6.932827472686768,
      7.8235626220703125,
      11.047245979309082,
      9.303133964538574,
      10.910648345947266,
      5.93421745300293,
      8.76953411102295,
      5.897850513458252,
      5.710267543792725
    ],
    [
      4.468672752380371,
      -0.4703937768936157,
      5.778003215789795,
      2.866257429122925,
      5.179725170135498,
      -0.11609017103910446,
      8.127460479736328,
      4.004611492156982,
      7.2819085121154785,
      5.800386905670166,
      8.561756134033203,
      9.303133964538574,
      17.788532257080078,
      17.099515914916992,
      12.821996688842773,
      16.644014358520508,
      12.622434616088867,
      10.07263469696045
    ],
    [
      6.285480976104736,
      -0.6820385456085205,
      5.873169422149658,
      3.03731632232666,
      4.987085819244385,
      -0.5305622220039368,
      7.883575439453125,
      3.7249507904052734,
      6.396607875823975,
      5.475708484649658,
      8.490531921386719,
      10.910648345947266,
      17.099515914916992,
      20.103641510009766,
      11.420218467712402,
      17.88900375366211,
      10.920822143554688,
      9.819604873657227
    ],
    [
      1.1715940237045288,
      -0.8626875281333923,
      4.199833869934082,
      1.5248026847839355,
      3.9296255111694336,
      0.30504003167152405,
      5.4578447341918945,
      2.834686040878296,
      5.3360490798950195,
      4.013382434844971,
      5.8764543533325195,
      5.93421745300293,
      12.821996688842773,
      11.420218467712402,
      14.383644104003906,
      14.87062931060791,
      13.01095199584961,
      10.086216926574707
    ],
    [
      5.702791213989258,
      -1.2077486515045166,
      6.348763465881348,
      2.6710071563720703,
      4.661086082458496,
      0.4743627607822418,
      6.717502593994141,
      3.0510671138763428,
      6.136906147003174,
      4.647134304046631,
      7.777772903442383,
      8.76953411102295,
      16.644014358520508,
      17.88900375366211,
      14.87062931060791,
      21.011445999145508,
      13.507932662963867,
      11.821321487426758
    ],
    [
      0.4059121012687683,
      -1.194219946861267,
      4.231497764587402,
      0.9036927819252014,
      4.7606401443481445,
      0.9923170208930969,
      7.1310648918151855,
      3.638424873352051,
      6.486023426055908,
      4.429586410522461,
      6.794158458709717,
      5.897850513458252,
      12.622434616088867,
      10.920822143554688,
      13.01095199584961,
      13.507932662963867,
      20.75267219543457,
      16.199800491333008
    ],
    [
      0.6470862627029419,
      -1.838194727897644,
      3.4973175525665283,
      0.7978841066360474,
      3.5655319690704346,
      0.5427429676055908,
      4.483842372894287,
      2.403639554977417,
      4.602980136871338,
      3.6013190746307373,
      5.594179153442383,
      5.710267543792725,
      10.07263469696045,
      9.819604873657227,
      10.086216926574707,
      11.821321487426758,
      16.199800491333008,
      16.68938636779785
    ]
  ],
  "covariance_short": [
    [
      58.690853118896484,
      18.205286026000977,
      16.857332229614258,
      6.350951671600342,
      6.804166316986084,
      5.304313659667969,
      6.0261006355285645,
      3.3325793743133545,
      6.131117820739746,
      3.288726568222046,
      5.826949119567871,
      4.825814247131348,
      13.021133422851562,
      15.559758186340332,
      16.76300048828125,
      19.47670555114746,
      17.339149475097656,
      18.89915657043457
    ],
    [
      18.205286026000977,
      35.82380676269531,
      8.73859691619873,
      8.013657569885254,
      4.206352233886719,
      1.530672550201416,
      3.2986807823181152,
      2.333040237426758,
      1.7567204236984253,
      1.0032182931900024,
      1.7117799520492554,
      1.528694748878479,
      7.422703742980957,
      7.741435527801514,
      8.2775297164917,
      7.580198287963867,
      10.21070384979248,
      11.030740737915039
    ],
    [
      16.857332229614258,
      8.73859691619873,
      20.286548614501953,
      6.3290910720825195,
      6.784613132476807,
      4.984802722930908,
      4.191691875457764,
      4.7941460609436035,
      4.146023273468018,
      2.5778651237487793,
      4.725714206695557,
      3.74684476852417,
      9.800679206848145,
      10.720752716064453,
      11.778977394104004,
      13.137560844421387,
      12.610198974609375,
      14.831888198852539
    ],
    [
      6.350951671600342,
      8.013657569885254,
      6.3290910720825195,
      11.863313674926758,
      3.6935861110687256,
      3.863191843032837,
      2.2831218242645264,
      3.0863137245178223,
      1.307205319404602,
      1.5813648700714111,
      1.3235348463058472,
      1.2153244018554688,
      5.139167308807373,
      4.73129415512085,
      6.02169132232666,
      5.4706549644470215,
      8.204455375671387,
      9.200871467590332
    ],
    [
      6.804166316986084,
      4.206352233886719,
      6.784613132476807,
      3.6935861110687256,
      20.581748962402344,
      3.6833090782165527,
      11.369791984558105,
      4.167665004730225,
      7.3354339599609375,
      3.030268669128418,
      6.570374488830566,
      3.4667673110961914,
      8.188343048095703,
      7.945332050323486,
      10.19607925415039,
      8.5873441696167,
      14.676676750183105,
      13.489684104919434
    ],
    [
      5.304313659667969,
      1.530672550201416,
      4.984802722930908,
      3.863191843032837,
      3.6833090782165527,
      16.006370544433594,
      2.269357681274414,
      5.785102367401123,
      1.9430011510849,
      3.3511812686920166,
      1.069952130317688,
      1.1276532411575317,
      0.9824085831642151,
      0.5966407060623169,
      1.1162638664245605,
      1.7311886548995972,
      -0.6906970739364624,
      -0.06613271683454514
    ],
    [
      6.0261006355285645,
      3.2986807823181152,
      4.191691875457764,
      2.2831218242645264,
      11.369791984558105,
      2.269357681274414,
      20.141704559326172,
      6.534753799438477,
      10.513664245605469,
      7.053400039672852,
      9.674757957458496,
      7.1785383224487305,
      11.644474029541016,
      11.542597770690918,
      12.306791305541992,
      12.131401062011719,
      17.674488067626953,
      16.305282592773438
    ],
    [
      3.3325793743133545,
      2.333040237426758,
      4.7941460609436035,
      3.0863137245178223,
      4.167665004730225,
      5.785102367401123,
      6.534753799438477,
      11.189265251159668,
      5.642889022827148,
      7.049056053161621,
      5.184267997741699,
      5.986934661865234,
      6.0025634765625,
      6.070330619812012,
      5.934910297393799,
      6.29493522644043,
      6.796088218688965,
      6.915680408477783
    ],
    [
      6.131117820739746,
      1.7567204236984253,
      4.146023273468018,
      1.307205319404602,
      7.3354339599609375,
      1.9430011510849,
      10.513664245605469,
      5.642889022827148,
      16.700098037719727,
      10.419698715209961,
      12.305343627929688,
      9.01315689086914,
      11.694378852844238,
      10.824369430541992,
      12.475923538208008,
      11.412338256835938,
      16.990446090698242,
      15.804924011230469
    ],
    [
      3.288726568222046,
      1.0032182931900024,
      2.5778651237487793,
      1.5813648700714111,
      3.030268669128418,
      3.3511812686920166,
      7.053400039672852,
      7.049056053161621,
      10.419698715209961,
      14.362533569335938,
      8.964717864990234,
      10.830470085144043,
      9.559083938598633,
      9.370216369628906,
      8.075471878051758,
      8.106988906860352,
      10.773819923400879,
      10.921420097351074
    ],
    [
      5.826949119567871,
      1.7117799520492554,
      4.725714206695557,
      1.3235348463058472,
      6.570374488830566,
      1.069952130317688,
      9.674757957458496,
      5.184267997741699,
      12.305343627929688,
      8.964717864990234,
      15.324911117553711,
      12.487574577331543,
      14.375175476074219,
      14.270377159118652,
      14.37124252319336,
      14.327017784118652,
      18.33153533935547,
      18.43313980102539
    ],
    [
      4.825814247131348,
      1.528694748878479,
      3.74684476852417,
      1.2153244018554688,
      3.4667673110961914,
      1.1276532411575317,
      7.1785383224487305,
      5.986934661865234,
      9.01315689086914,
      10.830470085144043,
      12.487574577331543,
      17.186311721801758,
      15.580260276794434,
      17.246896743774414,
      13.446789741516113,
      15.568296432495117,
      17.02066993713379,
      18.992786407470703
    ],
    [
      13.021133422851562,
      7.422703742980957,
      9.800679206848145,
      5.139167308807373,
      8.188343048095703,
      0.9824085831642151,
      11.644474029541016,
      6.0025634765625,
      11.694378852844238,
      9.559083938598633,
      14.375175476074219,
      15.580260276794434,
      35.37031173706055,
      34.32154083251953,
      36.187286376953125,
      37.34675598144531,
      46.08147048950195,
      48.461280822753906
    ],
    [
      15.559758186340332,
      7.741435527801514,
      10.720752716064453,
      4.73129415512085,
      7.945332050323486,
      0.5966407060623169,
      11.542597770690918,
      6.070330619812012,
      10.824369430541992,
      9.370216369628906,
      14.270377159118652,
      17.246896743774414,
      34.32154083251953,
      38.44346237182617,
      35.32331848144531,
      40.191551208496094,
      43.192649841308594,
      48.18090057373047
    ],
    [
      16.76300048828125,
      8.2775297164917,
      11.778977394104004,
      6.02169132232666,
      10.19607925415039,
      1.1162638664245605,
      12.306791305541992,
      5.934910297393799,
      12.475923538208008,
      8.075471878051758,
      14.37124252319336,
      13.446789741516113,
      36.187286376953125,
      35.32331848144531,
      54.76896286010742,
      52.382179260253906,
      63.485530853271484,
      65.59153747558594
    ],
    [
      19.47670555114746,
      7.580198287963867,
      13.137560844421387,
      5.4706549644470215,
      8.5873441696167,
      1.7311886548995972,
      12.131401062011719,
      6.29493522644043,
      11.412338256835938,
      8.106988906860352,
      14.327017784118652,
      15.568296432495117,
      37.34675598144531,
      40.191551208496094,
      52.382179260253906,
      62.01796340942383,
      60.678096771240234,
      66.99523162841797
    ],
    [
      17.339149475097656,
      10.21070384979248,
      12.610198974609375,
      8.204455375671387,
      14.676676750183105,
      -0.6906970739364624,
      17.674488067626953,
      6.796088218688965,
      16.990446090698242,
      10.773819923400879,
      18.33153533935547,
      17.02066993713379,
      46.08147048950195,
      43.192649841308594,
      63.485530853271484,
      60.678096771240234,
      107.55950927734375,
      105.81424713134766
    ],
    [
      18.89915657043457,
      11.030740737915039,
      14.831888198852539,
      9.200871467590332,
      13.489684104919434,
      -0.06613271683454514,
      16.305282592773438,
      6.915680408477783,
      15.804924011230469,
      10.921420097351074,
      18.43313980102539,
      18.992786407470703,
      48.461280822753906,
      48.18090057373047,
      65.59153747558594,
      66.99523162841797,
      105.81424713134766,
      113.64751434326172
    ]
  ],
  "drr": 13.768315315246582,
  "dynamics": 2.15714168548584,
  "format": 1245190,
  "frames": 10842112,
  "loudness": -11.01403522491455,
  "loudness_range": 5.229621887207031,
  "loudness_range_short": 7.679847717285156,
  "peak": -0.1778157651424408,
  "rms": -13.813328742980957,
  "sample_rate": 44100,
  "sections": 1,
  "seekable": 1,
  "sharpness": 2.1453094482421875,
  "space": -7.98091983795166
}