{
  "bands": [
    {
      "high_freq": 148.1999969482422,
      "loudness": -33.21835708618164,
      "loudness_range": 17.88437843322754,
      "mid_mean": -29.76207160949707,
      "mid_to_side_loudness": -17.81694793701172,
      "mid_to_side_loudness_range": 20.90319061279297,
      "side_mean": -47.91960525512695
    },
    {
      "high_freq": 392.3793640136719,
      "loudness": -32.999446868896484,
      "loudness_range": 18.14931869506836,
      "low_freq": 148.1999969482422,
      "mid_mean": -29.813459396362305,
      "mid_to_side_loudness": -10.118646621704102,
      "mid_to_side_loudness_range": 9.367565155029297,
      "side_mean": -39.926570892333984
    },
    {
      "high_freq": 794.6976318359375,
      "loudness": -33.81346130371094,
      "loudness_range": 23.228391647338867,
      "low_freq": 392.3793640136719,
      "mid_mean": -31.47618865966797,
      "mid_to_side_loudness": -5.447778701782227,
      "mid_to_side_loudness_range": 10.810857772827148,
      "side_mean": -36.724369049072266
    },
    {
      "high_freq": 1457.5709228515625,
      "loudness": -36.06034851074219,
      "loudness_range": 29.395526885986328,
      "low_freq": 794.6976318359375,
      "mid_mean": -33.85089874267578,
      "mid_to_side_loudness": -4.806663513183594,
      "mid_to_side_loudness_range": 9.120579719543457,
      "side_mean": -38.78530502319336
    },
    {
      "high_freq": 2549.74365234375,
      "loudness": -46.404380798339844,
      "loudness_range": 29.080913543701172,
      "low_freq": 1457.5709228515625,
      "mid_mean": -44.048370361328125,
      "mid_to_side_loudness": -5.466062068939209,
      "mid_to_side_loudness_range": 8.445840835571289,
      "side_mean": -50.20233154296875
    },
    {
      "high_freq": 4349.24462890625,
      "loudness": -51.64002227783203,
      "loudness_range": 26.37057876586914,
      "low_freq": 2549.74365234375,
      "mid_mean": -50.14155960083008,
      "mid_to_side_loudness": -6.735690116882324,
      "mid_to_side_loudness_range": 10.042949676513672,
      "side_mean": -56.11609649658203
    },
    {
      "high_freq": 7314.1640625,
      "loudness": -52.84222412109375,
      "loudness_range": 16.49627685546875,
      "low_freq": 4349.24462890625,
      "mid_mean": -51.786190032958984,
      "mid_to_side_loudness": -9.920478820800781,
      "mid_to_side_loudness_range": 11.733051300048828,
      "side_mean": -60.62092590332031
    },
    {
      "high_freq": 12199.2666015625,
      "loudness": -61.020050048828125,
      "loudness_range": 24.989761352539062,
      "low_freq": 7314.1640625,
      "mid_mean": -57.56148147583008,
      "mid_to_side_loudness": -8.103143692016602,
      "mid_to_side_loudness_range": 8.503297805786133,
      "side_mean": -64.04379272460938
    },
    {
      "loudness": -70.50001525878906,
      "loudness_range": 16.537551879882812,
      "low_freq": 12199.2666015625,
      "mid_mean": -65.33429718017578,
      "mid_to_side_loudness": -4.338082313537598,
      "mid_to_side_loudness_range": 3.8411407470703125,
      "side_mean": -67.42947387695312
    }
  ],
  "bands_short": [
    {
      "high_freq": 148.1999969482422,
      "loudness": -36.193233489990234,
      "loudness_range": 22.741350173950195,
      "mid_mean": -32.755245208740234,
      "mid_to_side_loudness": -17.8182373046875,
      "mid_to_side_loudness_range": 23.19532585144043,
      "side_mean": -51.42865753173828
    },
    {
      "high_freq": 392.3793640136719,
      "loudness": -32.111480712890625,
      "loudness_range": 17.92902374267578,
      "low_freq": 148.1999969482422,
      "mid_mean": -28.89775848388672,
      "mid_to_side_loudness": -11.11756420135498,
      "mid_to_side_loudness_range": 12.739635467529297,
      "side_mean": -40.162132263183594
    },
    {
      "high_freq": 794.6976318359375,
      "loudness": -35.04669952392578,
      "loudness_range": 24.88705825805664,
      "low_freq": 392.3793640136719,
      "mid_mean": -32.70087432861328,
      "mid_to_side_loudness": -5.763502597808838,
      "mid_to_side_loudness_range": 12.231327056884766,
      "side_mean": -38.28466796875
    },
    {
      "high_freq": 1457.5709228515625,
      "loudness": -36.408119201660156,
      "loudness_range": 29.21413230895996,
      "low_freq": 794.6976318359375,
      "mid_mean": -34.50650405883789,
      "mid_to_side_loudness": -4.895117282867432,
      "mid_to_side_loudness_range": 12.024042129516602,
      "side_mean": -39.211212158203125
    },
    {
      "high_freq": 2549.74365234375,
      "loudness": -47.737388610839844,
      "loudness_range": 30.824743270874023,
      "low_freq": 1457.5709228515625,
      "mid_mean": -45.442073822021484,
      "mid_to_side_loudness": -5.480755805969238,
      "mid_to_side_loudness_range": 9.67519474029541,
      "side_mean": -51.484249114990234
    },
    {
      "high_freq": 4349.24462890625,
      "loudness": -53.02606964111328,
      "loudness_range": 28.10647964477539,
      "low_freq": 2549.74365234375,
      "mid_mean": -51.465972900390625,
      "mid_to_side_loudness": -6.541673183441162,
      "mid_to_side_loudness_range": 10.930556297302246,
      "side_mean": -57.126495361328125
    },
    {
      "high_freq": 7314.1640625,
      "loudness": -54.19751739501953,
      "loudness_range": 17.882431030273438,
      "low_freq": 4349.24462890625,
      "mid_mean": -53.06235122680664,
      "mid_to_side_loudness": -9.377053260803223,
      "mid_to_side_loudness_range": 13.059194564819336,
      "side_mean": -61.238460540771484
    },
    {
      "high_freq": 12199.2666015625,
      "loudness": -62.66897201538086,
      "loudness_range": 26.57074737548828,
      "low_freq": 7314.1640625,
      "mid_mean": -58.947269439697266,
      "mid_to_side_loudness": -7.840033531188965,
      "mid_to_side_loudness_range": 9.156366348266602,
      "side_mean": -64.87202453613281
    },
    {
      "loudness": -71.63629913330078,
      "loudness_range": 17.12887954711914,
      "low_freq": 12199.2666015625,
      "mid_mean": -66.05265045166016,
      "mid_to_side_loudness": -4.111151695251465,
      "mid_to_side_loudness_range": 3.8623600006103516,
      "side_mean": -67.82658386230469
    }
  ],
  "channels": 2,
  "covariance": [
    [
      42.664344787597656,
      21.8331298828125,
      16.71773338317871,
      13.991506576538086,
      16.418107986450195,
      15.63887882232666,
      18.831640243530273,
      18.43484878540039,
      19.033475875854492,
      21.543941497802734,
      22.046329498291016,
      21.391456604003906,
      17.81450080871582,
      16.11441993713379,
      13.31599235534668,
      10.73818588256836,
      7.52313756942749,
      6.3187432289123535
    ],
    [
      21.8331298828125,
      47.031044006347656,
      17.58557891845703,
      19.039365768432617,
      13.991345405578613,
      15.766551971435547,
      15.121109962463379,
      14.259928703308105,
      18.673330307006836,
      21.385251998901367,
      15.119807243347168,
      19.005184173583984,
      2.780167579650879,
      9.801283836364746,
      1.6438078880310059,
      5.143806457519531,
      4.322664260864258,
      4.09502649307251
    ],
    [
      16.71773338317871,
      17.58557891845703,
      37.619407653808594,
      38.20506286621094,
      23.06230354309082,
      22.189878463745117,
      21.818532943725586,
      19.611154556274414,
      30.665058135986328,
      32.99187088012695,
      22.043601989746094,
      25.6248722076416,
      11.076397895812988,
      13.437792778015137,
      7.012006759643555,
      6.960583209991455,
      5.2926788330078125,
      4.209975242614746
    ],
    [
      13.991506576538086,
      19.039365768432617,
      38.20506286621094,
      50.49193572998047,
      25.981462478637695,
      24.164505004882812,
      21.00836753845215,
      18.468204498291016,
      33.22078323364258,
      35.056549072265625,
      21.63186264038086,
      26.419113159179688,
      9.214775085449219,
      12.787851333618164,
      5.357963562011719,
      6.237953186035156,
      4.705950736999512,
      3.615915536880493
    ],
    [
      16.418107986450195,
      13.991345405578613,
      23.06230354309082,
      25.981462478637695,
      64.21544647216797,
      58.99943923950195,
      52.35259246826172,
      49.42341232299805,
      59.41132736206055,
      64.83210754394531,
      57.099456787109375,
      61.180747985839844,
      27.648836135864258,
      33.18806457519531,
      14.725473403930664,
      14.521303176879883,
      7.212042331695557,
      5.582780838012695
    ],
    [
      15.63887882232666,
      15.766551971435547,
      22.189878463745117,
      24.164505004882812,
      58.99943923950195,
      70.19273376464844,
      57.37117385864258,
      54.11793518066406,
      63.58307647705078,
      67.38666534423828,
      59.593101501464844,
      63.588157653808594,
      27.536733627319336,
      34.822200775146484,
      14.478577613830566,
      14.911429405212402,
      7.121061325073242,
      5.588203430175781
    ],
    [
      18.831640243530273,
      15.121109962463379,
      21.818532943725586,
      21.00836753845215,
      52.35259246826172,
      57.37117385864258,
      98.95327758789062,
      89.16100311279297,
      84.65753936767578,
      85.45184326171875,
      74.37222290039062,
      78.98286437988281,
      36.27103805541992,
      45.38972854614258,
      19.683937072753906,
      19.48381805419922,
      7.338595867156982,
      5.8363823890686035
    ],
    [
      18.43484878540039,
      14.259928703308105,
      19.611154556274414,
      18.468204498291016,
      49.42341232299805,
      54.11793518066406,
      89.16100311279297,
      93.42874908447266,
      81.92960357666016,
      82.62071990966797,
      72.7244644165039,
      76.05864715576172,
      36.23982238769531,
      44.64799880981445,
      20.13873291015625,
      19.430147171020508,
      7.232551097869873,
      5.722570419311523
    ],
    [
      19.033475875854492,
      18.673330307006836,
      30.665058135986328,
      33.22078323364258,
      59.41132736206055,
      63.58307647705078,
      84.65753936767578,
      81.92960357666016,
      98.78548431396484,
      95.65837097167969,
      78.94009399414062,
      85.8289794921875,
      37.46308898925781,
      48.74827575683594,
      20.68793487548828,
      21.259323120117188,
      8.360102653503418,
      6.630832195281982
    ],
    [
      21.543941497802734,
      21.385251998901367,
      32.99187088012695,
      35.056549072265625,
      64.83210754394531,
      67.38666534423828,
      85.45184326171875,
      82.62071990966797,
      95.65837097167969,
      112.62171173095703,
      91.8260726928711,
      94.46919250488281,
      49.27039337158203,
      53.655094146728516,
      28.85780906677246,
      24.51317024230957,
      11.425780296325684,
      8.17931079864502
    ],
    [
      22.046329498291016,
      15.119807243347168,
      22.043601989746094,
      21.63186264038086,
      57.099456787109375,
      59.593101501464844,
      74.37222290039062,
      72.7244644165039,
      78.94009399414062,
      91.8260726928711,
      100.7863998413086,
      94.30622100830078,
      66.26863861083984,
      61.2642822265625,
      40.67855453491211,
      30.19523048400879,
      15.660792350769043,
      10.192090034484863
    ],
    [
      21.391456604003906,
      19.005184173583984,
      25.6248722076416,
      26.419113159179688,
      61.180747985839844,
      63.588157653808594,
      78.98286437988281,
      76.05864715576172,
      85.8289794921875,
      94.46919250488281,
      94.30622100830078,
      97.4385986328125,
      54.662567138671875,
      57.664024353027344,
      31.98384666442871,
      27.091094970703125,
      13.558366775512695,
      9.697622299194336
    ],
    [
      17.81450080871582,
      2.780167579650879,
      11.076397895812988,
      9.214775085449219,
      27.648836135864258,
      27.536733627319336,
      36.27103805541992,
      36.23982238769531,
      37.46308898925781,
      49.27039337158203,
      66.26863861083984,
      54.662567138671875,
      65.37344360351562,
      47.26590347290039,
      46.285160064697266,
      29.567211151123047,
      18.979869842529297,
      11.494742393493652
    ],
    [
      16.11441993713379,
      9.801283836364746,
      13.437792778015137,
      12.787851333618164,
      33.18806457519531,
      34.822200775146484,
      45.38972854614258,
      44.64799880981445,
      48.74827575683594,
      53.655094146728516,
      61.2642822265625,
      57.664024353027344,
      47.26590347290039,
      47.69699478149414,
      32.493595123291016,
      27.203357696533203,
      15.370354652404785,
      11.219401359558105
    ],
    [
      13.31599235534668,
      1.6438078880310059,
      7.012006759643555,
      5.357963562011719,
      14.725473403930664,
      14.478577613830566,
      19.683937072753906,
      20.13873291015625,
      20.68793487548828,
      28.85780906677246,
      40.67855453491211,
      31.98384666442871,
      46.285160064697266,
      32.493595123291016,
      40.79121017456055,
      26.93763542175293,
      21.599843978881836,
      13.966256141662598
    ],
    [
      10.73818588256836,
      5.143806457519531,
      6.960583209991455,
      6.237953186035156,
      14.521303176879883,
      14.911429405212402,
      19.48381805419922,
      19.430147171020508,
      21.259323120117188,
      24.51317024230957,
      30.19523048400879,
      27.091094970703125,
      29.567211151123047,
      27.203357696533203,
      26.93763542175293,
      22.870777130126953,
      17.085407257080078,
      12.85889720916748
    ],
    [
      7.52313756942749,
      4.322664260864258,
      5.2926788330078125,
      4.705950736999512,
      7.212042331695557,
      7.121061325073242,
      7.338595867156982,
      7.232551097869873,
      8.360102653503418,
      11.425780296325684,
      15.660792350769043,
      13.558366775512695,
      18.979869842529297,
      15.370354652404785,
      21.599843978881836,
      17.085407257080078,
      19.441049575805664,
      14.520466804504395
    ],
    [
      6.3187432289123535,
      4.09502649307251,
      4.209975242614746,
      3.615915536880493,
      5.582780838012695,
      5.588203430175781,
      5.8363823890686035,
      5.722570419311523,
      6.630832195281982,
      8.17931079864502,
      10.192090034484863,
      9.697622299194336,
      11.494742393493652,
      11.219401359558105,
      13.966256141662598,
      12.85889720916748,
      14.520466804504395,
      12.071272850036621
    ]
  ],
  "covariance_short": [
    [
      64.02534484863281,
      30.437862396240234,
      22.741182327270508,
      16.198196411132812,
      18.87653350830078,
      17.634519577026367,
      19.829368591308594,
      19.64594078063965,
      21.027345657348633,
      23.12921905517578,
      20.772768020629883,
      21.09100914001465,
      14.501763343811035,
      15.55188274383545,
      8.699597358703613,
      8.49971866607666,
      3.9109201431274414,
      3.930985689163208
    ],
    [
      30.437862396240234,
      60.93026351928711,
      15.868008613586426,
      21.14525032043457,
      14.144078254699707,
      16.190406799316406,
      13.819464683532715,
      13.37569808959961,
      17.247961044311523,
      25.321680068969727,
      18.56797218322754,
      20.27698516845703,
      6.179078578948975,
      10.814943313598633,
      3.1594958305358887,
      5.1600751876831055,
      2.828857898712158,
      2.6410341262817383
    ],
    [
      22.741182327270508,
      15.868008613586426,
      37.986595153808594,
      32.622982025146484,
      25.780309677124023,
      24.512935638427734,
      22.436738967895508,
      18.737171173095703,
      30.402027130126953,
      31.277721405029297,
      22.2213134765625,
      24.438262939453125,
      11.510762214660645,
      12.868219375610352,
      6.305647373199463,
      6.30963134765625,
      3.584770917892456,
      3.0860419273376465
    ],
    [
      16.198196411132812,
      21.14525032043457,
      32.622982025146484,
      51.065608978271484,
      27.619733810424805,
      27.034420013427734,
      21.409997940063477,
      17.088258743286133,
      33.18648910522461,
      34.41812515258789,
      19.706132888793945,
      23.499725341796875,
      7.184325695037842,
      10.665210723876953,
      3.4535725116729736,
      4.570248603820801,
      2.7805819511413574,
      2.2454845905303955
    ],
    [
      18.87653350830078,
      14.144078254699707,
      25.780309677124023,
      27.619733810424805,
      71.94579315185547,
      63.65848159790039,
      53.4187126159668,
      49.023746490478516,
      63.30903244018555,
      66.37958526611328,
      57.620018005371094,
      61.61182403564453,
      26.31070327758789,
      32.56096649169922,
      12.183899879455566,
      11.770280838012695,
      5.840000629425049,
      4.582984447479248
    ],
    [
      17.634519577026367,
      16.190406799316406,
      24.512935638427734,
      27.034420013427734,
      63.65848159790039,
      77.06249237060547,
      57.07512283325195,
      53.472808837890625,
      65.30512237548828,
      67.27106475830078,
      58.97698211669922,
      62.78803634643555,
      25.303373336791992,
      33.80084991455078,
      10.942219734191895,
      11.54024887084961,
      5.6573920249938965,
      4.499460697174072
    ],
    [
      19.829368591308594,
      13.819464683532715,
      22.436738967895508,
      21.409997940063477,
      53.4187126159668,
      57.07512283325195,
      99.59213256835938,
      87.56938171386719,
      86.33993530273438,
      88.06439971923828,
      74.70426177978516,
      77.84521484375,
      33.592681884765625,
      44.15273666381836,
      15.501529693603516,
      15.92618465423584,
      5.046237468719482,
      4.09597110748291
    ],
    [
      19.64594078063965,
      13.37569808959961,
      18.737171173095703,
      17.088258743286133,
      49.023746490478516,
      53.472808837890625,
      87.56938171386719,
      96.12764739990234,
      85.0783462524414,
      85.95679473876953,
      74.34281921386719,
      76.52896881103516,
      34.24230194091797,
      44.477378845214844,
      16.51850128173828,
      16.3513126373291,
      5.215476036071777,
      4.180537223815918
    ],
    [
      21.027345657348633,
      17.247961044311523,
      30.402027130126953,
      33.18648910522461,
      63.30903244018555,
      65.30512237548828,
      86.33993530273438,
      85.0783462524414,
      107.08551025390625,
      100.70145416259766,
      82.5969009399414,
      88.22737121582031,
      36.88547134399414,
      48.869873046875,
      17.89735221862793,
      18.48471450805664,
      6.901180744171143,
      5.465770244598389
    ],
    [
      23.12921905517578,
      25.321680068969727,
      31.277721405029297,
      34.41812515258789,
      66.37958526611328,
      67.27106475830078,
      88.06439971923828,
      85.95679473876953,
      100.70145416259766,
      115.28791046142578,
      91.9803466796875,
      93.98458862304688,
      46.316707611083984,
      52.2889518737793,
      24.14822006225586,
      20.63512420654297,
      9.177103042602539,
      6.630702018737793
    ],
    [
      20.772768020629883,
      18.56797218322754,
      22.2213134765625,
      19.706132888793945,
      57.620018005371094,
      58.97698211669922,
      74.70426177978516,
      74.34281921386719,
      82.5969009399414,
      91.9803466796875,
      102.50717163085938,
      93.73506927490234,
      64.1610107421875,
      60.98735809326172,
      36.991085052490234,
      26.83683204650879,
      14.000360488891602,
      9.126301765441895
    ],
    [
      21.09100914001465,
      20.27698516845703,
      24.438262939453125,
      23.499725341796875,
      61.61182403564453,
      62.78803634643555,
      77.84521484375,
      76.52896881103516,
      88.22737121582031,
      93.98458862304688,
      93.73506927490234,
      96.64568328857422,
      51.84775161743164,
      56.80377197265625,
      27.871553421020508,
      23.479646682739258,
      11.350921630859375,
      8.146099090576172
    ],
    [
      14.501763343811035,
      6.179078578948975,
      11.510762214660645,
      7.184325695037842,
      26.31070327758789,
      25.303373336791992,
      33.592681884765625,
      34.24230194091797,
      36.88547134399414,
      46.316707611083984,
      64.1610107421875,
      51.84775161743164,
      64.90452575683594,
      46.11688232421875,
      44.655609130859375,
      27.988019943237305,
      18.39588165283203,
      11.307456970214844
    ],
    [
      15.55188274383545,
      10.814943313598633,
      12.868219375610352,
      10.665210723876953,
      32.56096649169922,
      33.80084991455078,
      44.15273666381836,
      44.477378845214844,
      48.869873046875,
      52.2889518737793,
      60.98735809326172,
      56.80377197265625,
      46.11688232421875,
      48.083518981933594,
      30.288314819335938,
      24.88193702697754,
      14.012510299682617,
      10.059744834899902
    ],
    [
      8.699597358703613,
      3.1594958305358887,
      6.305647373199463,
      3.4535725116729736,
      12.183899879455566,
      10.942219734191895,
      15.501529693603516,
      16.51850128173828,
      17.89735221862793,
      24.14822006225586,
      36.991085052490234,
      27.871553421020508,
      44.655609130859375,
      30.288314819335938,
      39.948341369628906,
      26.00741195678711,
      20.757617950439453,
      13.383825302124023
    ],
    [
      8.49971866607666,
      5.1600751876831055,
      6.30963134765625,
      4.570248603820801,
      11.770280838012695,
      11.54024887084961,
      15.92618465423584,
      16.3513126373291,
      18.48471450805664,
      20.63512420654297,
      26.83683204650879,
      23.479646682739258,
      27.988019943237305,
      24.88193702697754,
      26.00741195678711,
      21.894912719726562,
      15.783266067504883,
      11.617053985595703
    ],
    [
      3.9109201431274414,
      2.828857898712158,
      3.584770917892456,
      2.7805819511413574,
      5.840000629425049,
      5.6573920249938965,
      5.046237468719482,
      5.215476036071777,
      6.901180744171143,
      9.177103042602539,
      14.000360488891602,
      11.350921630859375,
      18.39588165283203,
      14.012510299682617,
      20.757617950439453,
      15.783266067504883,
      16.923673629760742,
      12.087603569030762
    ],
    [
      3.930985689163208,
      2.6410341262817383,
      3.0860419273376465,
      2.2454845905303955,
      4.582984447479248,
      4.499460697174072,
      4.09597110748291,
      4.180537223815918,
      5.465770244598389,
      6.630702018737793,
      9.126301765441895,
      8.146099090576172,
      11.307456970214844,
      10.059744834899902,
      13.383825302124023,
      11.617053985595703,
      12.087603569030762,
      9.65221881866455
    ]
  ],
  "drr": 7.5132598876953125,
  "dynamics": 5.349126815795898,
  "format": 1245190,
  "frames": 10551296,
  "loudness": -21.49730682373047,
  "loudness_range": 16.39933204650879,
  "loudness_range_short": 18.18276596069336,
  "peak": -0.3462609648704529,
  "rms": -21.31682014465332,
  "sample_rate": 44100,
  "sections": 1,
  "seekable": 1,
  "sharpness": 3.228158712387085,
  "space": -8.599485397338867
}