{
  "bands": [
    {
      "high_freq": 148.1999969482422,
      "loudness": -53.13627624511719,
      "loudness_range": 32.592220306396484,
      "mid_mean": -51.769203186035156,
      "mid_to_side_loudness": -1.797951579093933,
      "mid_to_side_loudness_range": 13.339834213256836,
      "side_mean": -52.7363166809082
    },
    {
      "high_freq": 392.3793640136719,
      "loudness": -40.74240493774414,
      "loudness_range": 15.965852737426758,
      "low_freq": 148.1999969482422,
      "mid_mean": -41.689754486083984,
      "mid_to_side_loudness": 2.36415958404541,
      "mid_to_side_loudness_range": 6.813368797302246,
      "side_mean": -39.233299255371094
    },
    {
      "high_freq": 794.6976318359375,
      "loudness": -40.31861877441406,
      "loudness_range": 16.05890655517578,
      "low_freq": 392.3793640136719,
      "mid_mean": -40.299896240234375,
      "mid_to_side_loudness": 0.8163168430328369,
      "mid_to_side_loudness_range": 8.509138107299805,
      "side_mean": -39.47293472290039
    },
    {
      "high_freq": 1457.5709228515625,
      "loudness": -42.56132888793945,
      "loudness_range": 16.56808853149414,
      "low_freq": 794.6976318359375,
      "mid_mean": -42.073486328125,
      "mid_to_side_loudness": 0.03334026038646698,
      "mid_to_side_loudness_range": 6.683051109313965,
      "side_mean": -42.01045608520508
    },
    {
      "high_freq": 2549.74365234375,
      "loudness": -41.869422912597656,
      "loudness_range": 16.017513275146484,
      "low_freq": 1457.5709228515625,
      "mid_mean": -41.21543502807617,
      "mid_to_side_loudness": -0.19812771677970886,
      "mid_to_side_loudness_range": 6.260051727294922,
      "side_mean": -41.41594314575195
    },
    {
      "high_freq": 4349.24462890625,
      "loudness": -46.2661247253418,
      "loudness_range": 22.071895599365234,
      "low_freq": 2549.74365234375,
      "mid_mean": -46.132503509521484,
      "mid_to_side_loudness": 0.5140148997306824,
      "mid_to_side_loudness_range": 6.2617292404174805,
      "side_mean": -45.56072235107422
    },
    {
      "high_freq": 7314.1640625,
      "loudness": -59.047569274902344,
      "loudness_range": 24.528778076171875,
      "low_freq": 4349.24462890625,
      "mid_mean": -58.2155647277832,
      "mid_to_side_loudness": -0.36888501048088074,
      "mid_to_side_loudness_range": 4.7169189453125,
      "side_mean": -58.4898681640625
    },
    {
      "high_freq": 12199.2666015625,
      "loudness": -68.00183868408203,
      "loudness_range": 25.101531982421875,
      "low_freq": 7314.1640625,
      "mid_mean": -64.7109375,
      "mid_to_side_loudness": 0.07481726258993149,
      "mid_to_side_loudness_range": 2.239163398742676,
      "side_mean": -64.66292572021484
    },
    {
      "loudness": -72.50692749023438,
      "loudness_range": 24.077991485595703,
      "low_freq": 12199.2666015625,
      "mid_mean": -67.39299774169922,
      "mid_to_side_loudness": 0.031158743426203728,
      "mid_to_side_loudness_range": 1.6597421169281006,
      "side_mean": -67.3780288696289
    }
  ],
  "bands_short": [
    {
      "high_freq": 148.1999969482422,
      "loudness": -56.47053909301758,
      "loudness_range": 32.710933685302734,
      "mid_mean": -54.51112747192383,
      "mid_to_side_loudness": -2.900434970855713,
      "mid_to_side_loudness_range": 12.560742378234863,
      "side_mean": -56.323978424072266
    },
    {
      "high_freq": 392.3793640136719,
      "loudness": -40.80483627319336,
      "loudness_range": 16.830535888671875,
      "low_freq": 148.1999969482422,
      "mid_mean": -41.857948303222656,
      "mid_to_side_loudness": 2.1602845191955566,
      "mid_to_side_loudness_range": 9.877655982971191,
      "side_mean": -39.49381637573242
    },
    {
      "high_freq": 794.6976318359375,
      "loudness": -40.58749008178711,
      "loudness_range": 16.57803726196289,
      "low_freq": 392.3793640136719,
      "mid_mean": -40.79728698730469,
      "mid_to_side_loudness": 0.9672882556915283,
      "mid_to_side_loudness_range": 11.109936714172363,
      "side_mean": -39.82860565185547
    },
    {
      "high_freq": 1457.5709228515625,
      "loudness": -42.72943878173828,
      "loudness_range": 16.891952514648438,
      "low_freq": 794.6976318359375,
      "mid_mean": -42.3775749206543,
      "mid_to_side_loudness": 0.09487597644329071,
      "mid_to_side_loudness_range": 9.113856315612793,
      "side_mean": -42.27051544189453
    },
    {
      "high_freq": 2549.74365234375,
      "loudness": -42.32283020019531,
      "loudness_range": 16.78723907470703,
      "low_freq": 1457.5709228515625,
      "mid_mean": -41.7907600402832,
      "mid_to_side_loudness": -0.19263474643230438,
      "mid_to_side_loudness_range": 8.468976020812988,
      "side_mean": -42.0028190612793
    },
    {
      "high_freq": 4349.24462890625,
      "loudness": -46.49581527709961,
      "loudness_range": 22.74154281616211,
      "low_freq": 2549.74365234375,
      "mid_mean": -46.40243911743164,
      "mid_to_side_loudness": 0.4634297490119934,
      "mid_to_side_loudness_range": 7.76268196105957,
      "side_mean": -45.86806869506836
    },
    {
      "high_freq": 7314.1640625,
      "loudness": -59.381778717041016,
      "loudness_range": 24.552288055419922,
      "low_freq": 4349.24462890625,
      "mid_mean": -58.524566650390625,
      "mid_to_side_loudness": -0.35695141553878784,
      "mid_to_side_loudness_range": 6.408335208892822,
      "side_mean": -58.79799270629883
    },
    {
      "high_freq": 12199.2666015625,
      "loudness": -68.38685607910156,
      "loudness_range": 25.236488342285156,
      "low_freq": 7314.1640625,
      "mid_mean": -64.94389343261719,
      "mid_to_side_loudness": 0.07180655747652054,
      "mid_to_side_loudness_range": 3.648921489715576,
      "side_mean": -64.90081024169922
    },
    {
      "loudness": -72.80127716064453,
      "loudness_range": 23.71597671508789,
      "low_freq": 12199.2666015625,
      "mid_mean": -67.53265380859375,
      "mid_to_side_loudness": 0.0700109452009201,
      "mid_to_side_loudness_range": 2.958836555480957,
      "side_mean": -67.52153778076172
    }
  ],
  "channels": 2,
  "covariance": [
    [
      114.85933685302734,
      129.06211853027344,
      35.43458938598633,
      33.86125946044922,
      17.30925750732422,
      17.88800621032715,
      19.0374813079834,
      16.746435165405273,
      16.203168869018555,
      16.9320125579834,
      24.513017654418945,
      25.923383712768555,
      23.739736557006836,
      23.499074935913086,
      19.07029914855957,
      19.245967864990234,
      14.07369613647461,
      14.236706733703613
    ],
    [
      129.06211853027344,
      154.6118927001953,
      43.76451873779297,
      41.134422302246094,
      21.463550567626953,
      23.669214248657227,
      24.66271209716797,
      22.06087875366211,
      21.366987228393555,
      21.942392349243164,
      31.594402313232422,
      33.165283203125,
      31.35240364074707,
      30.581989288330078,
      24.156635284423828,
      24.44754409790039,
      17.589599609375,
      17.797609329223633
    ],
    [
      35.43458938598633,
      43.76451873779297,
      38.50019836425781,
      32.24044418334961,
      15.537424087524414,
      18.345413208007812,
      15.935028076171875,
      15.050185203552246,
      13.169083595275879,
      13.474211692810059,
      16.529300689697266,
      17.378467559814453,
      16.6397705078125,
      15.865917205810547,
      12.936884880065918,
      13.11761474609375,
      10.04743480682373,
      10.110355377197266
    ],
    [
      33.86125946044922,
      41.134422302246094,
      32.24044418334961,
      34.357608795166016,
      13.297883033752441,
      15.259552001953125,
      16.11901092529297,
      15.404805183410645,
      13.68128490447998,
      13.83738899230957,
      17.051965713500977,
      17.753215789794922,
      17.372602462768555,
      16.795848846435547,
      13.34874439239502,
      13.444011688232422,
      10.21976089477539,
      10.24856185913086
    ],
    [
      17.30925750732422,
      21.463550567626953,
      15.537424087524414,
      13.297883033752441,
      30.781269073486328,
      26.452938079833984,
      18.63513946533203,
      16.755626678466797,
      18.462528228759766,
      18.51055908203125,
      23.276657104492188,
      23.215991973876953,
      18.78601837158203,
      18.494123458862305,
      13.01991081237793,
      13.152304649353027,
      9.112339973449707,
      9.212714195251465
    ],
    [
      17.88800621032715,
      23.669214248657227,
      18.345413208007812,
      15.259552001953125,
      26.452938079833984,
      31.52832794189453,
      18.950401306152344,
      17.982343673706055,
      18.267343521118164,
      18.754037857055664,
      23.609127044677734,
      23.331640243530273,
      21.036882400512695,
      20.503252029418945,
      15.012571334838867,
      15.143577575683594,
      10.538812637329102,
      10.5869722366333
    ],
    [
      19.0374813079834,
      24.66271209716797,
      15.935028076171875,
      16.11901092529297,
      18.63513946533203,
      18.950401306152344,
      35.240966796875,
      30.628257751464844,
      28.144399642944336,
      28.643085479736328,
      35.876426696777344,
      35.53404235839844,
      34.607601165771484,
      34.33439254760742,
      24.55265998840332,
      24.648927688598633,
      16.512788772583008,
      16.63128662109375
    ],
    [
      16.746435165405273,
      22.06087875366211,
      15.050185203552246,
      15.404805183410645,
      16.755626678466797,
      17.982343673706055,
      30.628257751464844,
      31.998727798461914,
      26.738710403442383,
      26.42061424255371,
      33.30375671386719,
      32.86867904663086,
      32.299293518066406,
      32.115966796875,
      23.19658851623535,
      23.301895141601562,
      15.648066520690918,
      15.773417472839355
    ],
    [
      16.203168869018555,
      21.366987228393555,
      13.169083595275879,
      13.68128490447998,
      18.462528228759766,
      18.267343521118164,
      28.144399642944336,
      26.738710403442383,
      34.92485427856445,
      32.02885055541992,
      37.621551513671875,
      36.942909240722656,
      34.25270080566406,
      33.9324951171875,
      22.79037857055664,
      23.041343688964844,
      14.773455619812012,
      14.926496505737305
    ],
    [
      16.9320125579834,
      21.942392349243164,
      13.474211692810059,
      13.83738899230957,
      18.51055908203125,
      18.754037857055664,
      28.643085479736328,
      26.42061424255371,
      32.02885055541992,
      34.371788024902344,
      38.4271240234375,
      37.708885192871094,
      35.14826202392578,
      34.971771240234375,
      23.634042739868164,
      23.826200485229492,
      15.125235557556152,
      15.255074501037598
    ],
    [
      24.513017654418945,
      31.594402313232422,
      16.529300689697266,
      17.051965713500977,
      23.276657104492188,
      23.609127044677734,
      35.876426696777344,
      33.30375671386719,
      37.621551513671875,
      38.4271240234375,
      57.221553802490234,
      55.25090026855469,
      47.95705032348633,
      48.36444854736328,
      34.22761154174805,
      34.47646713256836,
      22.002666473388672,
      22.21141242980957
    ],
    [
      25.923383712768555,
      33.165283203125,
      17.378467559814453,
      17.753215789794922,
      23.215991973876953,
      23.331640243530273,
      35.53404235839844,
      32.86867904663086,
      36.942909240722656,
      37.708885192871094,
      55.25090026855469,
      58.732887268066406,
      48.31979751586914,
      48.828765869140625,
      34.25618362426758,
      34.53148651123047,
      22.25845718383789,
      22.50364112854004
    ],
    [
      23.739736557006836,
      31.35240364074707,
      16.6397705078125,
      17.372602462768555,
      18.78601837158203,
      21.036882400512695,
      34.607601165771484,
      32.299293518066406,
      34.25270080566406,
      35.14826202392578,
      47.95705032348633,
      48.31979751586914,
      54.364601135253906,
      53.413089752197266,
      36.81140899658203,
      37.009986877441406,
      24.33051109313965,
      24.56209373474121
    ],
    [
      23.499074935913086,
      30.581989288330078,
      15.865917205810547,
      16.795848846435547,
      18.494123458862305,
      20.503252029418945,
      34.33439254760742,
      32.115966796875,
      33.9324951171875,
      34.971771240234375,
      48.36444854736328,
      48.828765869140625,
      53.413089752197266,
      54.659950256347656,
      36.785152435302734,
      36.97565460205078,
      24.046939849853516,
      24.28617286682129
    ],
    [
      19.07029914855957,
      24.156635284423828,
      12.936884880065918,
      13.34874439239502,
      13.01991081237793,
      15.012571334838867,
      24.55265998840332,
      23.19658851623535,
      22.79037857055664,
      23.634042739868164,
      34.22761154174805,
      34.25618362426758,
      36.81140899658203,
      36.785152435302734,
      29.895261764526367,
      29.910688400268555,
      20.290294647216797,
      20.504192352294922
    ],
    [
      19.245967864990234,
      24.44754409790039,
      13.11761474609375,
      13.444011688232422,
      13.152304649353027,
      15.143577575683594,
      24.648927688598633,
      23.301895141601562,
      23.041343688964844,
      23.826200485229492,
      34.47646713256836,
      34.53148651123047,
      37.009986877441406,
      36.97565460205078,
      29.910688400268555,
      30.240867614746094,
      20.354440689086914,
      20.57603645324707
    ],
    [
      14.07369613647461,
      17.589599609375,
      10.04743480682373,
      10.21976089477539,
      9.112339973449707,
      10.538812637329102,
      16.512788772583008,
      15.648066520690918,
      14.773455619812012,
      15.125235557556152,
      22.002666473388672,
      22.25845718383789,
      24.33051109313965,
      24.046939849853516,
      20.290294647216797,
      20.354440689086914,
      15.546429634094238,
      15.686137199401855
    ],
    [
      14.236706733703613,
      17.797609329223633,
      10.110355377197266,
      10.24856185913086,
      9.212714195251465,
      10.5869722366333,
      16.63128662109375,
      15.773417472839355,
      14.926496505737305,
      15.255074501037598,
      22.21141242980957,
      22.50364112854004,
      24.56209373474121,
      24.28617286682129,
      20.504192352294922,
      20.57603645324707,
      15.686137199401855,
      15.921866416931152
    ]
  ],
  "covariance_short": [
    [
      101.21990966796875,
      108.2148666381836,
      34.12880325317383,
      31.177087783813477,
      15.867863655090332,
      14.968935012817383,
      16.28897476196289,
      14.5504732131958,
      14.50200366973877,
      15.342825889587402,
      20.246742248535156,
      21.483922958374023,
      20.991565704345703,
      21.217947006225586,
      17.152387619018555,
      17.24609375,
      12.724658966064453,
      12.86153507232666
    ],
    [
      108.2148666381836,
      125.41322326660156,
      40.696041107177734,
      38.01773452758789,
      19.1717586517334,
      18.705154418945312,
      20.763647079467773,
      18.91191291809082,
      18.837902069091797,
      19.300865173339844,
      25.847919464111328,
      27.138917922973633,
      25.515094757080078,
      25.88153648376465,
      20.38791275024414,
      20.520212173461914,
      14.84504222869873,
      15.013494491577148
    ],
    [
      34.12880325317383,
      40.696041107177734,
      45.38166809082031,
      35.250118255615234,
      17.949687957763672,
      20.885215759277344,
      17.166595458984375,
      16.327070236206055,
      14.969082832336426,
      15.703773498535156,
      18.933637619018555,
      19.59198760986328,
      18.31067657470703,
      17.780853271484375,
      14.049277305603027,
      14.24152660369873,
      10.35611629486084,
      10.45036506652832
    ],
    [
      31.177087783813477,
      38.01773452758789,
      35.250118255615234,
      40.60966491699219,
      15.292468070983887,
      17.91806411743164,
      17.42362403869629,
      16.646804809570312,
      15.559203147888184,
      15.84555435180664,
      19.497201919555664,
      19.911203384399414,
      19.197010040283203,
      18.739423751831055,
      14.564234733581543,
      14.693733215332031,
      10.562185287475586,
      10.663037300109863
    ],
    [
      15.867863655090332,
      19.1717586517334,
      17.949687957763672,
      15.292468070983887,
      35.68608474731445,
      27.907155990600586,
      18.226699829101562,
      17.036386489868164,
      18.437091827392578,
      18.682708740234375,
      22.659238815307617,
      22.492755889892578,
      18.121591567993164,
      17.727651596069336,
      12.623899459838867,
      12.71877670288086,
      8.754611015319824,
      8.854804992675781
    ],
    [
      14.968935012817383,
      18.705154418945312,
      20.885215759277344,
      17.91806411743164,
      27.907155990600586,
      35.85068130493164,
      18.616626739501953,
      18.213884353637695,
      18.151268005371094,
      18.813596725463867,
      23.253507614135742,
      22.9445858001709,
      20.476728439331055,
      19.97902488708496,
      14.479720115661621,
      14.58962345123291,
      10.154084205627441,
      10.20871639251709
    ],
    [
      16.28897476196289,
      20.763647079467773,
      17.166595458984375,
      17.42362403869629,
      18.226699829101562,
      18.616626739501953,
      37.90727233886719,
      31.24028205871582,
      29.057649612426758,
      29.483354568481445,
      36.7582893371582,
      36.568511962890625,
      34.486785888671875,
      34.2767448425293,
      24.0351619720459,
      24.14812469482422,
      15.975159645080566,
      16.08687973022461
    ],
    [
      14.5504732131958,
      18.91191291809082,
      16.327070236206055,
      16.646804809570312,
      17.036386489868164,
      18.213884353637695,
      31.24028205871582,
      35.19554138183594,
      27.887557983398438,
      27.281953811645508,
      34.39072036743164,
      33.679466247558594,
      32.2559928894043,
      32.01529312133789,
      22.837175369262695,
      22.94439125061035,
      15.260602951049805,
      15.368600845336914
    ],
    [
      14.50200366973877,
      18.837902069091797,
      14.969082832336426,
      15.559203147888184,
      18.437091827392578,
      18.151268005371094,
      29.057649612426758,
      27.887557983398438,
      38.9133415222168,
      34.03532409667969,
      38.715187072753906,
      38.27537155151367,
      34.74855041503906,
      34.323368072509766,
      22.861461639404297,
      23.12392234802246,
      14.685501098632812,
      14.818137168884277
    ],
    [
      15.342825889587402,
      19.300865173339844,
      15.703773498535156,
      15.84555435180664,
      18.682708740234375,
      18.813596725463867,
      29.483354568481445,
      27.281953811645508,
      34.03532409667969,
      38.400779724121094,
      39.40120315551758,
      39.088478088378906,
      35.38116455078125,
      35.063907623291016,
      23.619470596313477,
      23.81658172607422,
      14.905688285827637,
      15.002619743347168
    ],
    [
      20.246742248535156,
      25.847919464111328,
      18.933637619018555,
      19.497201919555664,
      22.659238815307617,
      23.253507614135742,
      36.7582893371582,
      34.39072036743164,
      38.715187072753906,
      39.40120315551758,
      60.02247619628906,
      56.580726623535156,
      48.50656509399414,
      48.60980224609375,
      34.21573257446289,
      34.43598175048828,
      21.72531509399414,
      21.911643981933594
    ],
    [
      21.483922958374023,
      27.138917922973633,
      19.59198760986328,
      19.911203384399414,
      22.492755889892578,
      22.9445858001709,
      36.568511962890625,
      33.679466247558594,
      38.27537155151367,
      39.088478088378906,
      56.580726623535156,
      61.47275161743164,
      48.78289794921875,
      49.035301208496094,
      34.32485580444336,
      34.58452224731445,
      21.947669982910156,
      22.163776397705078
    ],
    [
      20.991565704345703,
      25.515094757080078,
      18.31067657470703,
      19.197010040283203,
      18.121591567993164,
      20.476728439331055,
      34.486785888671875,
      32.2559928894043,
      34.74855041503906,
      35.38116455078125,
      48.50656509399414,
      48.78289794921875,
      55.3414192199707,
      53.477481842041016,
      36.020137786865234,
      36.201290130615234,
      23.566349029541016,
      23.772539138793945
    ],
    [
      21.217947006225586,
      25.88153648376465,
      17.780853271484375,
      18.739423751831055,
      17.727651596069336,
      19.97902488708496,
      34.2767448425293,
      32.01529312133789,
      34.323368072509766,
      35.063907623291016,
      48.60980224609375,
      49.035301208496094,
      53.477481842041016,
      55.48936462402344,
      35.90441131591797,
      36.072227478027344,
      23.19906997680664,
      23.425188064575195
    ],
    [
      17.152387619018555,
      20.38791275024414,
      14.049277305603027,
      14.564234733581543,
      12.623899459838867,
      14.479720115661621,
      24.0351619720459,
      22.837175369262695,
      22.861461639404297,
      23.619470596313477,
      34.21573257446289,
      34.32485580444336,
      36.020137786865234,
      35.90441131591797,
      29.865543365478516,
      29.646760940551758,
      19.627273559570312,
      19.82792091369629
    ],
    [
      17.24609375,
      20.520212173461914,
      14.24152660369873,
      14.693733215332031,
      12.71877670288086,
      14.58962345123291,
      24.14812469482422,
      22.94439125061035,
      23.12392234802246,
      23.81658172607422,
      34.43598175048828,
      34.58452224731445,
      36.201290130615234,
      36.072227478027344,
      29.646760940551758,
      30.245859146118164,
      19.68372917175293,
      19.896324157714844
    ],
    [
      12.724658966064453,
      14.84504222869873,
      10.35611629486084,
      10.562185287475586,
      8.754611015319824,
      10.154084205627441,
      15.975159645080566,
      15.260602951049805,
      14.685501098632812,
      14.905688285827637,
      21.72531509399414,
      21.947669982910156,
      23.566349029541016,
      23.19906997680664,
      19.627273559570312,
      19.68372917175293,
      15.380701065063477,
      15.429832458496094
    ],
    [
      12.86153507232666,
      15.013494491577148,
      10.45036506652832,
      10.663037300109863,
      8.854804992675781,
      10.20871639251709,
      16.08687973022461,
      15.368600845336914,
      14.818137168884277,
      15.002619743347168,
      21.911643981933594,
      22.163776397705078,
      23.772539138793945,
      23.425188064575195,
      19.82792091369629,
      19.896324157714844,
      15.429832458496094,
      15.71512222290039
    ]
  ],
  "drr": 10.83278751373291,
  "dynamics": 4.3541083335876465,
  "format": 1245190,
  "frames": 12823488,
  "loudness": -30.110891342163086,
  "loudness_range": 13.527107238769531,
  "loudness_range_short": 14.498863220214844,
  "peak": -5.9019269943237305,
  "rms": -30.9816837310791,
  "sample_rate": 44100,
  "sections": 1,
  "seekable": 1,
  "sharpness": 1.576982855796814,
  "space": 0.6994791626930237
}