{
  "bands": [
    {
      "high_freq": 148.1999969482422,
      "loudness": -29.050392150878906,
      "loudness_range": 17.234176635742188,
      "mid_mean": -25.941469192504883,
      "mid_to_side_loudness": -20.976436614990234,
      "mid_to_side_loudness_range": 18.13890266418457,
      "side_mean": -50.856441497802734
    },
    {
      "high_freq": 392.3793640136719,
      "loudness": -32.653751373291016,
      "loudness_range": 13.041963577270508,
      "low_freq": 148.1999969482422,
      "mid_mean": -29.103139877319336,
      "mid_to_side_loudness": -16.49857521057129,
      "mid_to_side_loudness_range": 14.574112892150879,
      "side_mean": -46.14077377319336
    },
    {
      "high_freq": 794.6976318359375,
      "loudness": -30.076854705810547,
      "loudness_range": 9.421865463256836,
      "low_freq": 392.3793640136719,
      "mid_mean": -26.714818954467773,
      "mid_to_side_loudness": -11.612848281860352,
      "mid_to_side_loudness_range": 12.34000301361084,
      "side_mean": -38.706844329833984
    },
    {
      "high_freq": 1457.5709228515625,
      "loudness": -36.19409942626953,
      "loudness_range": 15.489053726196289,
      "low_freq": 794.6976318359375,
      "mid_mean": -32.796302795410156,
      "mid_to_side_loudness": -13.799092292785645,
      "mid_to_side_loudness_range": 18.491897583007812,
      "side_mean": -47.123783111572266
    },
    {
      "high_freq": 2549.74365234375,
      "loudness": -39.68986129760742,
      "loudness_range": 13.155315399169922,
      "low_freq": 1457.5709228515625,
      "mid_mean": -36.18779373168945,
      "mid_to_side_loudness": -15.57872200012207,
      "mid_to_side_loudness_range": 20.215362548828125,
      "side_mean": -53.18225860595703
    },
    {
      "high_freq": 4349.24462890625,
      "loudness": -47.6641960144043,
      "loudness_range": 16.862625122070312,
      "low_freq": 2549.74365234375,
      "mid_mean": -44.34044647216797,
      "mid_to_side_loudness": -12.749744415283203,
      "mid_to_side_loudness_range": 17.107009887695312,
      "side_mean": -57.59012985229492
    },
    {
      "high_freq": 7314.1640625,
      "loudness": -53.31066131591797,
      "loudness_range": 22.636112213134766,
      "low_freq": 4349.24462890625,
      "mid_mean": -51.368858337402344,
      "mid_to_side_loudness": -11.557429313659668,
      "mid_to_side_loudness_range": 12.739112854003906,
      "side_mean": -61.54515838623047
    },
    {
      "high_freq": 12199.2666015625,
      "loudness": -50.50276184082031,
      "loudness_range": 14.082576751708984,
      "low_freq": 7314.1640625,
      "mid_mean": -52.111549377441406,
      "mid_to_side_loudness": -9.94446849822998,
      "mid_to_side_loudness_range": 13.793953895568848,
      "side_mean": -61.49988555908203
    },
    {
      "loudness": -60.35300827026367,
      "loudness_range": 17.655899047851562,
      "low_freq": 12199.2666015625,
      "mid_mean": -57.29410171508789,
      "mid_to_side_loudness": -7.393211364746094,
      "mid_to_side_loudness_range": 11.9955415725708,
      "side_mean": -63.97562789916992
    }
  ],
  "bands_short": [
    {
      "high_freq": 148.1999969482422,
      "loudness": -30.76610565185547,
      "loudness_range": 17.992610931396484,
      "mid_mean": -27.661008834838867,
      "mid_to_side_loudness": -21.0989990234375,
      "mid_to_side_loudness_range": 20.295927047729492,
      "side_mean": -53.7850341796875
    },
    {
      "high_freq": 392.3793640136719,
      "loudness": -31.85383415222168,
      "loudness_range": 16.917743682861328,
      "low_freq": 148.1999969482422,
      "mid_mean": -28.303539276123047,
      "mid_to_side_loudness": -17.549854278564453,
      "mid_to_side_loudness_range": 16.469730377197266,
      "side_mean": -46.33234405517578
    },
    {
      "high_freq": 794.6976318359375,
      "loudness": -30.56792449951172,
      "loudness_range": 11.799324035644531,
      "low_freq": 392.3793640136719,
      "mid_mean": -27.25634002685547,
      "mid_to_side_loudness": -11.667868614196777,
      "mid_to_side_loudness_range": 14.310662269592285,
      "side_mean": -39.28355407714844
    },
    {
      "high_freq": 1457.5709228515625,
      "loudness": -36.82530212402344,
      "loudness_range": 18.689292907714844,
      "low_freq": 794.6976318359375,
      "mid_mean": -33.453948974609375,
      "mid_to_side_loudness": -13.495443344116211,
      "mid_to_side_loudness_range": 19.568082809448242,
      "side_mean": -47.45694351196289
    },
    {
      "high_freq": 2549.74365234375,
      "loudness": -41.1612548828125,
      "loudness_range": 18.3529052734375,
      "low_freq": 1457.5709228515625,
      "mid_mean": -37.716976165771484,
      "mid_to_side_loudness": -14.939558982849121,
      "mid_to_side_loudness_range": 21.645137786865234,
      "side_mean": -54.11085891723633
    },
    {
      "high_freq": 4349.24462890625,
      "loudness": -49.11790084838867,
      "loudness_range": 21.306316375732422,
      "low_freq": 2549.74365234375,
      "mid_mean": -46.264007568359375,
      "mid_to_side_loudness": -12.449572563171387,
      "mid_to_side_loudness_range": 19.412765502929688,
      "side_mean": -58.86425018310547
    },
    {
      "high_freq": 7314.1640625,
      "loudness": -53.996131896972656,
      "loudness_range": 24.84087371826172,
      "low_freq": 4349.24462890625,
      "mid_mean": -52.734798431396484,
      "mid_to_side_loudness": -11.172331809997559,
      "mid_to_side_loudness_range": 13.782063484191895,
      "side_mean": -62.32033157348633
    },
    {
      "high_freq": 12199.2666015625,
      "loudness": -53.158748626708984,
      "loudness_range": 24.648300170898438,
      "low_freq": 7314.1640625,
      "mid_mean": -53.77486038208008,
      "mid_to_side_loudness": -9.151850700378418,
      "mid_to_side_loudness_range": 14.250377655029297,
      "side_mean": -62.23408508300781
    },
    {
      "loudness": -62.4092903137207,
      "loudness_range": 19.494285583496094,
      "low_freq": 12199.2666015625,
      "mid_mean": -59.32550811767578,
      "mid_to_side_loudness": -5.727611541748047,
      "mid_to_side_loudness_range": 12.290635108947754,
      "side_mean": -64.39417266845703
    }
  ],
  "channels": 2,
  "covariance": [
    [
      65.68323516845703,
      30.463274002075195,
      30.518611907958984,
      8.804596900939941,
      8.32899284362793,
      10.25932502746582,
      15.800572395324707,
      23.090017318725586,
      11.269742965698242,
      25.6595516204834,
      16.776874542236328,
      20.550260543823242,
      43.356021881103516,
      22.486236572265625,
      53.15945053100586,
      22.85291290283203,
      31.368274688720703,
      9.054594039916992
    ],
    [
      30.463274002075195,
      67.71868896484375,
      25.087247848510742,
      10.80667781829834,
      6.308372497558594,
      11.176559448242188,
      13.935836791992188,
      28.561437606811523,
      11.56445026397705,
      33.00357437133789,
      20.830211639404297,
      31.225391387939453,
      49.317718505859375,
      28.361557006835938,
      58.39826202392578,
      25.994747161865234,
      34.753761291503906,
      11.129854202270508
    ],
    [
      30.518611907958984,
      25.087247848510742,
      25.502744674682617,
      8.496132850646973,
      5.166091442108154,
      6.151341915130615,
      9.450840950012207,
      17.058208465576172,
      7.873718738555908,
      18.70711898803711,
      11.759515762329102,
      15.48692512512207,
      29.2047119140625,
      16.10234832763672,
      36.38373565673828,
      16.37221908569336,
      21.75954246520996,
      6.458431720733643
    ],
    [
      8.804596900939941,
      10.80667781829834,
      8.496132850646973,
      14.280647277832031,
      0.12190808355808258,
      0.998609185218811,
      1.5365411043167114,
      6.8528900146484375,
      0.1780732423067093,
      8.69721508026123,
      0.5569456219673157,
      5.549783229827881,
      7.689858913421631,
      4.457080364227295,
      9.876374244689941,
      4.303857803344727,
      6.200829982757568,
      2.2724666595458984
    ],
    [
      8.32899284362793,
      6.308372497558594,
      5.166091442108154,
      0.12190808355808258,
      12.822880744934082,
      8.202583312988281,
      6.927781581878662,
      6.857015609741211,
      7.820924758911133,
      8.479483604431152,
      9.797853469848633,
      8.758742332458496,
      13.283263206481934,
      6.704873085021973,
      12.40926456451416,
      5.77461051940918,
      7.684527397155762,
      2.4452271461486816
    ],
    [
      10.25932502746582,
      11.176559448242188,
      6.151341915130615,
      0.998609185218811,
      8.202583312988281,
      17.054149627685547,
      4.544605255126953,
      9.353144645690918,
      4.12021541595459,
      10.245688438415527,
      8.556212425231934,
      12.809014320373535,
      14.668441772460938,
      9.740286827087402,
      15.004389762878418,
      7.197052955627441,
      9.695318222045898,
      3.257847785949707
    ],
    [
      15.800572395324707,
      13.935836791992188,
      9.450840950012207,
      1.5365411043167114,
      6.927781581878662,
      4.544605255126953,
      32.169734954833984,
      25.626556396484375,
      16.769725799560547,
      19.75160026550293,
      19.718338012695312,
      15.756064414978027,
      26.161773681640625,
      12.79355525970459,
      25.75469398498535,
      12.195358276367188,
      16.286571502685547,
      5.121343612670898
    ],
    [
      23.090017318725586,
      28.561437606811523,
      17.058208465576172,
      6.8528900146484375,
      6.857015609741211,
      9.353144645690918,
      25.626556396484375,
      46.93047332763672,
      15.459487915039062,
      30.748550415039062,
      22.488727569580078,
      26.51215362548828,
      38.61293411254883,
      23.331270217895508,
      41.80337142944336,
      20.649147033691406,
      25.79930877685547,
      8.228743553161621
    ],
    [
      11.269742965698242,
      11.56445026397705,
      7.873718738555908,
      0.1780732423067093,
      7.820924758911133,
      4.12021541595459,
      16.769725799560547,
      15.459487915039062,
      25.933387756347656,
      17.515487670898438,
      22.703468322753906,
      15.287903785705566,
      23.271541595458984,
      11.738515853881836,
      22.55098533630371,
      11.132230758666992,
      14.535323143005371,
      4.419050216674805
    ],
    [
      25.6595516204834,
      33.00357437133789,
      18.70711898803711,
      8.69721508026123,
      8.479483604431152,
      10.245688438415527,
      19.75160026550293,
      30.748550415039062,
      17.515487670898438,
      44.237308502197266,
      23.35507583618164,
      36.712013244628906,
      49.157676696777344,
      28.919591903686523,
      51.21813201904297,
      25.049922943115234,
      32.625755310058594,
      11.242134094238281
    ],
    [
      16.776874542236328,
      20.830211639404297,
      11.759515762329102,
      0.5569456219673157,
      9.797853469848633,
      8.556212425231934,
      19.718338012695312,
      22.488727569580078,
      22.703468322753906,
      23.35507583618164,
      39.346702575683594,
      30.073083877563477,
      38.62226486206055,
      22.01490592956543,
      35.784114837646484,
      18.457088470458984,
      22.18870735168457,
      6.99170446395874
    ],
    [
      20.550260543823242,
      31.225391387939453,
      15.48692512512207,
      5.549783229827881,
      8.758742332458496,
      12.809014320373535,
      15.756064414978027,
      26.51215362548828,
      15.287903785705566,
      36.712013244628906,
      30.073083877563477,
      47.16897964477539,
      46.62128448486328,
      30.927078247070312,
      45.56905746459961,
      23.773683547973633,
      28.79186248779297,
      10.207000732421875
    ],
    [
      43.356021881103516,
      49.317718505859375,
      29.2047119140625,
      7.689858913421631,
      13.283263206481934,
      14.668441772460938,
      26.161773681640625,
      38.61293411254883,
      23.271541595458984,
      49.157676696777344,
      38.62226486206055,
      46.62128448486328,
      84.16858673095703,
      48.298423767089844,
      86.80016326904297,
      43.55029296875,
      54.439334869384766,
      18.24399757385254
    ],
    [
      22.486236572265625,
      28.361557006835938,
      16.10234832763672,
      4.457080364227295,
      6.704873085021973,
      9.740286827087402,
      12.79355525970459,
      23.331270217895508,
      11.738515853881836,
      28.919591903686523,
      22.01490592956543,
      30.927078247070312,
      48.298423767089844,
      33.724239349365234,
      48.48213195800781,
      26.87681007385254,
      30.29579734802246,
      10.757054328918457
    ],
    [
      53.15945053100586,
      58.39826202392578,
      36.38373565673828,
      9.876374244689941,
      12.40926456451416,
      15.004389762878418,
      25.75469398498535,
      41.80337142944336,
      22.55098533630371,
      51.21813201904297,
      35.784114837646484,
      45.56905746459961,
      86.80016326904297,
      48.48213195800781,
      102.88774108886719,
      49.91773223876953,
      65.11255645751953,
      21.289142608642578
    ],
    [
      22.85291290283203,
      25.994747161865234,
      16.37221908569336,
      4.303857803344727,
      5.77461051940918,
      7.197052955627441,
      12.195358276367188,
      20.649147033691406,
      11.132230758666992,
      25.049922943115234,
      18.457088470458984,
      23.773683547973633,
      43.55029296875,
      26.87681007385254,
      49.91773223876953,
      27.09461212158203,
      32.321128845214844,
      11.494715690612793
    ],
    [
      31.368274688720703,
      34.753761291503906,
      21.75954246520996,
      6.200829982757568,
      7.684527397155762,
      9.695318222045898,
      16.286571502685547,
      25.79930877685547,
      14.535323143005371,
      32.625755310058594,
      22.18870735168457,
      28.79186248779297,
      54.439334869384766,
      30.29579734802246,
      65.11255645751953,
      32.321128845214844,
      43.518310546875,
      14.846966743469238
    ],
    [
      9.054594039916992,
      11.129854202270508,
      6.458431720733643,
      2.2724666595458984,
      2.4452271461486816,
      3.257847785949707,
      5.121343612670898,
      8.228743553161621,
      4.419050216674805,
      11.242134094238281,
      6.99170446395874,
      10.207000732421875,
      18.24399757385254,
      10.757054328918457,
      21.289142608642578,
      11.494715690612793,
      14.846966743469238,
      5.7158002853393555
    ]
  ],
  "covariance_short": [
    [
      66.80116271972656,
      38.42658615112305,
      27.204030990600586,
      8.077646255493164,
      6.693839073181152,
      8.801231384277344,
      12.137666702270508,
      18.00792694091797,
      7.9531636238098145,
      18.648082733154297,
      14.14810848236084,
      16.323699951171875,
      31.284303665161133,
      16.498144149780273,
      34.701744079589844,
      15.54625129699707,
      18.97098731994629,
      6.464898586273193
    ],
    [
      38.42658615112305,
      76.39311981201172,
      34.664947509765625,
      13.82775592803955,
      4.9687275886535645,
      9.963418006896973,
      12.792314529418945,
      26.590227127075195,
      10.807393074035645,
      30.18285369873047,
      22.88214683532715,
      29.508447647094727,
      47.6767578125,
      27.118366241455078,
      53.89862823486328,
      24.092164993286133,
      28.462697982788086,
      9.945581436157227
    ],
    [
      27.204030990600586,
      34.664947509765625,
      38.73162078857422,
      12.121770858764648,
      6.72410774230957,
      6.140611171722412,
      12.877462387084961,
      19.590476989746094,
      10.464630126953125,
      21.933271408081055,
      17.93415069580078,
      19.192174911499023,
      36.26887893676758,
      18.857738494873047,
      42.472312927246094,
      18.29330825805664,
      21.924772262573242,
      6.714358806610107
    ],
    [
      8.077646255493164,
      13.82775592803955,
      12.121770858764648,
      16.294281005859375,
      1.4644944667816162,
      2.8870487213134766,
      3.370837926864624,
      9.805164337158203,
      2.119840145111084,
      10.662690162658691,
      3.078986406326294,
      7.325803279876709,
      9.62093448638916,
      5.83639669418335,
      10.650904655456543,
      4.707418441772461,
      5.673688888549805,
      2.288088798522949
    ],
    [
      6.693839073181152,
      4.9687275886535645,
      6.72410774230957,
      1.4644944667816162,
      19.48904800415039,
      10.924816131591797,
      9.213264465332031,
      6.948288440704346,
      11.977019309997559,
      9.080177307128906,
      13.700346946716309,
      9.609824180603027,
      13.75106143951416,
      6.487827777862549,
      11.3456449508667,
      5.2220306396484375,
      6.029603481292725,
      2.177417755126953
    ],
    [
      8.801231384277344,
      9.963418006896973,
      6.140611171722412,
      2.8870487213134766,
      10.924816131591797,
      23.975915908813477,
      3.6757853031158447,
      10.005071640014648,
      3.5771782398223877,
      10.096610069274902,
      7.552319526672363,
      11.952333450317383,
      11.369803428649902,
      7.614622592926025,
      10.828386306762695,
      5.032544136047363,
      6.389852046966553,
      2.4067277908325195
    ],
    [
      12.137666702270508,
      12.792314529418945,
      12.877462387084961,
      3.370837926864624,
      9.213264465332031,
      3.6757853031158447,
      43.45259475708008,
      29.985389709472656,
      26.160070419311523,
      23.040922164916992,
      29.113391876220703,
      18.76654052734375,
      30.184349060058594,
      13.913619995117188,
      26.59441566467285,
      12.403488159179688,
      14.810781478881836,
      5.027447700500488
    ],
    [
      18.00792694091797,
      26.590227127075195,
      19.590476989746094,
      9.805164337158203,
      6.948288440704346,
      10.005071640014648,
      29.985389709472656,
      53.814064025878906,
      18.395328521728516,
      32.80805969238281,
      26.043109893798828,
      28.01402473449707,
      37.4207649230957,
      21.372112274169922,
      38.524898529052734,
      17.936128616333008,
      20.60087013244629,
      6.900627136230469
    ],
    [
      7.9531636238098145,
      10.807393074035645,
      10.464630126953125,
      2.119840145111084,
      11.977019309997559,
      3.5771782398223877,
      26.160070419311523,
      18.395328521728516,
      44.836944580078125,
      22.53891372680664,
      37.29855728149414,
      20.401443481445312,
      30.192934036254883,
      14.17684268951416,
      24.620046615600586,
      12.057339668273926,
      14.324440956115723,
      4.780237197875977
    ],
    [
      18.648082733154297,
      30.18285369873047,
      21.933271408081055,
      10.662690162658691,
      9.080177307128906,
      10.096610069274902,
      23.040922164916992,
      32.80805969238281,
      22.53891372680664,
      47.78567123413086,
      30.09453582763672,
      38.10267639160156,
      48.82657241821289,
      27.98126220703125,
      47.67613220214844,
      22.791013717651367,
      26.925399780273438,
      9.941868782043457
    ],
    [
      14.14810848236084,
      22.88214683532715,
      17.93415069580078,
      3.078986406326294,
      13.700346946716309,
      7.552319526672363,
      29.113391876220703,
      26.043109893798828,
      37.29855728149414,
      30.09453582763672,
      64.62207794189453,
      41.268131256103516,
      52.80004119873047,
      28.004846572875977,
      44.483333587646484,
      22.31917381286621,
      25.08637809753418,
      8.406235694885254
    ],
    [
      16.323699951171875,
      29.508447647094727,
      19.192174911499023,
      7.325803279876709,
      9.609824180603027,
      11.952333450317383,
      18.76654052734375,
      28.01402473449707,
      20.401443481445312,
      38.10267639160156,
      41.268131256103516,
      52.022430419921875,
      49.494422912597656,
      32.127227783203125,
      46.58443069458008,
      23.960250854492188,
      26.78227424621582,
      9.951022148132324
    ],
    [
      31.284303665161133,
      47.6767578125,
      36.26887893676758,
      9.62093448638916,
      13.75106143951416,
      11.369803428649902,
      30.184349060058594,
      37.4207649230957,
      30.192934036254883,
      48.82657241821289,
      52.80004119873047,
      49.494422912597656,
      96.5394058227539,
      53.14411163330078,
      94.2098159790039,
      46.514339447021484,
      54.101905822753906,
      18.803407669067383
    ],
    [
      16.498144149780273,
      27.118366241455078,
      18.857738494873047,
      5.83639669418335,
      6.487827777862549,
      7.614622592926025,
      13.913619995117188,
      21.372112274169922,
      14.17684268951416,
      27.98126220703125,
      28.004846572875977,
      32.127227783203125,
      53.14411163330078,
      36.28045654296875,
      52.598575592041016,
      28.581172943115234,
      31.176897048950195,
      11.411333084106445
    ],
    [
      34.701744079589844,
      53.89862823486328,
      42.472312927246094,
      10.650904655456543,
      11.3456449508667,
      10.828386306762695,
      26.59441566467285,
      38.524898529052734,
      24.620046615600586,
      47.67613220214844,
      44.483333587646484,
      46.58443069458008,
      94.2098159790039,
      52.598575592041016,
      110.35457611083984,
      54.30303192138672,
      66.05244445800781,
      22.58950424194336
    ],
    [
      15.54625129699707,
      24.092164993286133,
      18.29330825805664,
      4.707418441772461,
      5.2220306396484375,
      5.032544136047363,
      12.403488159179688,
      17.936128616333008,
      12.057339668273926,
      22.791013717651367,
      22.31917381286621,
      23.960250854492188,
      46.514339447021484,
      28.581172943115234,
      54.30303192138672,
      29.760005950927734,
      34.55564880371094,
      12.716190338134766
    ],
    [
      18.97098731994629,
      28.462697982788086,
      21.924772262573242,
      5.673688888549805,
      6.029603481292725,
      6.389852046966553,
      14.810781478881836,
      20.60087013244629,
      14.324440956115723,
      26.925399780273438,
      25.08637809753418,
      26.78227424621582,
      54.101905822753906,
      31.176897048950195,
      66.05244445800781,
      34.55564880371094,
      47.449607849121094,
      17.48130226135254
    ],
    [
      6.464898586273193,
      9.945581436157227,
      6.714358806610107,
      2.288088798522949,
      2.177417755126953,
      2.4067277908325195,
      5.027447700500488,
      6.900627136230469,
      4.780237197875977,
      9.941868782043457,
      8.406235694885254,
      9.951022148132324,
      18.803407669067383,
      11.411333084106445,
      22.58950424194336,
      12.716190338134766,
      17.48130226135254,
      7.431049346923828
    ]
  ],
  "drr": 10.8828763961792,
  "dynamics": 3.475274085998535,
  "format": 1245190,
  "frames": 8642560,
  "loudness": -21.092422485351562,
  "loudness_range": 9.640810012817383,
  "loudness_range_short": 10.72955322265625,
  "peak": -4.162376403808594,
  "rms": -21.91375160217285,
  "sample_rate": 44100,
  "sections": 1,
  "seekable": 1,
  "sharpness": 1.9076111316680908,
  "space": -15.186746597290039
}