{
  "bands": [
    {
      "high_freq": 148.1999969482422,
      "loudness": -35.67049026489258,
      "loudness_range": 19.99896240234375,
      "mid_mean": -34.34135437011719,
      "mid_to_side_loudness": -1.4766697883605957,
      "mid_to_side_loudness_range": 3.7367122173309326,
      "side_mean": -35.84056854248047
    },
    {
      "high_freq": 392.3793640136719,
      "loudness": -33.33293151855469,
      "loudness_range": 16.62505531311035,
      "low_freq": 148.1999969482422,
      "mid_mean": -32.333412170410156,
      "mid_to_side_loudness": -0.751969575881958,
      "mid_to_side_loudness_range": 3.7771120071411133,
      "side_mean": -33.093753814697266
    },
    {
      "high_freq": 794.6976318359375,
      "loudness": -36.899436950683594,
      "loudness_range": 25.690879821777344,
      "low_freq": 392.3793640136719,
      "mid_mean": -36.312744140625,
      "mid_to_side_loudness": -0.04072858393192291,
      "mid_to_side_loudness_range": 6.333400249481201,
      "side_mean": -36.371734619140625
    },
    {
      "high_freq": 1457.5709228515625,
      "loudness": -43.87841033935547,
      "loudness_range": 28.503101348876953,
      "low_freq": 794.6976318359375,
      "mid_mean": -43.05466079711914,
      "mid_to_side_loudness": -0.32138797640800476,
      "mid_to_side_loudness_range": 3.393176555633545,
      "side_mean": -43.3751335144043
    },
    {
      "high_freq": 2549.74365234375,
      "loudness": -49.37620162963867,
      "loudness_range": 25.55825424194336,
      "low_freq": 1457.5709228515625,
      "mid_mean": -48.51719665527344,
      "mid_to_side_loudness": -0.15178628265857697,
      "mid_to_side_loudness_range": 2.4555411338806152,
      "side_mean": -48.66020202636719
    },
    {
      "high_freq": 4349.24462890625,
      "loudness": -50.62880325317383,
      "loudness_range": 20.86605453491211,
      "low_freq": 2549.74365234375,
      "mid_mean": -49.73473358154297,
      "mid_to_side_loudness": -0.23745492100715637,
      "mid_to_side_loudness_range": 1.6478440761566162,
      "side_mean": -50.130863189697266
    },
    {
      "high_freq": 7314.1640625,
      "loudness": -49.403987884521484,
      "loudness_range": 17.354145050048828,
      "low_freq": 4349.24462890625,
      "mid_mean": -48.57268142700195,
      "mid_to_side_loudness": -0.11316651850938797,
      "mid_to_side_loudness_range": 1.1346197128295898,
      "side_mean": -48.68238830566406
    },
    {
      "high_freq": 12199.2666015625,
      "loudness": -49.16115188598633,
      "loudness_range": 19.323001861572266,
      "low_freq": 7314.1640625,
      "mid_mean": -48.40999221801758,
      "mid_to_side_loudness": 0.05553349107503891,
      "mid_to_side_loudness_range": 0.8666849136352539,
      "side_mean": -48.350772857666016
    },
    {
      "loudness": -47.495506286621094,
      "loudness_range": 21.350341796875,
      "low_freq": 12199.2666015625,
      "mid_mean": -46.86553192138672,
      "mid_to_side_loudness": 0.2696734368801117,
      "mid_to_side_loudness_range": 0.6665470600128174,
      "side_mean": -46.593292236328125
    }
  ],
  "bands_short": [
    {
      "high_freq": 148.1999969482422,
      "loudness": -38.45829772949219,
      "loudness_range": 22.606407165527344,
      "mid_mean": -37.528663635253906,
      "mid_to_side_loudness": -0.8277449011802673,
      "mid_to_side_loudness_range": 8.585272789001465,
      "side_mean": -38.44661331176758
    },
    {
      "high_freq": 392.3793640136719,
      "loudness": -33.17540740966797,
      "loudness_range": 18.383132934570312,
      "low_freq": 148.1999969482422,
      "mid_mean": -32.11195755004883,
      "mid_to_side_loudness": -1.020566463470459,
      "mid_to_side_loudness_range": 5.718270301818848,
      "side_mean": -33.12862777709961
    },
    {
      "high_freq": 794.6976318359375,
      "loudness": -37.668148040771484,
      "loudness_range": 26.29598045349121,
      "low_freq": 392.3793640136719,
      "mid_mean": -37.1727294921875,
      "mid_to_side_loudness": -0.06674936413764954,
      "mid_to_side_loudness_range": 8.439631462097168,
      "side_mean": -37.23532485961914
    },
    {
      "high_freq": 1457.5709228515625,
      "loudness": -44.96729278564453,
      "loudness_range": 29.035642623901367,
      "low_freq": 794.6976318359375,
      "mid_mean": -44.23436737060547,
      "mid_to_side_loudness": -0.2780783772468567,
      "mid_to_side_loudness_range": 5.160717010498047,
      "side_mean": -44.51079177856445
    },
    {
      "high_freq": 2549.74365234375,
      "loudness": -50.43283462524414,
      "loudness_range": 26.492271423339844,
      "low_freq": 1457.5709228515625,
      "mid_mean": -49.557472229003906,
      "mid_to_side_loudness": -0.20408734679222107,
      "mid_to_side_loudness_range": 4.039328575134277,
      "side_mean": -49.75282669067383
    },
    {
      "high_freq": 4349.24462890625,
      "loudness": -51.318275451660156,
      "loudness_range": 20.088855743408203,
      "low_freq": 2549.74365234375,
      "mid_mean": -50.58808898925781,
      "mid_to_side_loudness": -0.23775120079517365,
      "mid_to_side_loudness_range": 3.0829877853393555,
      "side_mean": -50.81488037109375
    },
    {
      "high_freq": 7314.1640625,
      "loudness": -49.91508483886719,
      "loudness_range": 18.33188247680664,
      "low_freq": 4349.24462890625,
      "mid_mean": -49.086917877197266,
      "mid_to_side_loudness": -0.11179222166538239,
      "mid_to_side_loudness_range": 2.352151870727539,
      "side_mean": -49.19544982910156
    },
    {
      "high_freq": 12199.2666015625,
      "loudness": -49.68349838256836,
      "loudness_range": 19.94680404663086,
      "low_freq": 7314.1640625,
      "mid_mean": -48.93430709838867,
      "mid_to_side_loudness": 0.061770129948854446,
      "mid_to_side_loudness_range": 1.8700402975082397,
      "side_mean": -48.8693962097168
    },
    {
      "loudness": -48.146942138671875,
      "loudness_range": 23.168567657470703,
      "low_freq": 12199.2666015625,
      "mid_mean": -47.53237533569336,
      "mid_to_side_loudness": 0.2849992513656616,
      "mid_to_side_loudness_range": 1.3089077472686768,
      "side_mean": -47.244747161865234
    }
  ],
  "channels": 2,
  "covariance": [
    [
      49.888671875,
      46.276939392089844,
      26.41069793701172,
      27.334257125854492,
      23.13029670715332,
      21.933168411254883,
      21.477359771728516,
      21.492809295654297,
      17.461692810058594,
      18.040687561035156,
      14.011492729187012,
      13.815930366516113,
      12.105985641479492,
      12.15281867980957,
      11.996289253234863,
      12.02055549621582,
      13.63309097290039,
      13.919218063354492
    ],
    [
      46.276939392089844,
      44.55509567260742,
      24.917274475097656,
      25.645116806030273,
      22.020204544067383,
      20.952049255371094,
      20.3238582611084,
      20.415281295776367,
      16.821611404418945,
      17.306617736816406,
      13.299026489257812,
      13.143877029418945,
      11.302875518798828,
      11.31689167022705,
      10.999540328979492,
      11.011467933654785,
      12.402621269226074,
      12.666986465454102
    ],
    [
      26.41069793701172,
      24.917274475097656,
      34.953147888183594,
      34.03080749511719,
      29.974205017089844,
      28.737346649169922,
      31.04656219482422,
      30.89082145690918,
      24.07927703857422,
      24.694311141967773,
      15.522358894348145,
      15.59156608581543,
      11.44772720336914,
      11.39340591430664,
      11.048864364624023,
      11.024702072143555,
      12.32719898223877,
      12.52595043182373
    ],
    [
      27.334257125854492,
      25.645116806030273,
      34.03080749511719,
      35.37763595581055,
      30.62238121032715,
      29.683513641357422,
      31.642684936523438,
      31.532554626464844,
      24.15458869934082,
      24.78728675842285,
      15.903632164001465,
      15.941949844360352,
      12.031189918518066,
      11.926628112792969,
      11.276812553405762,
      11.262996673583984,
      12.325531005859375,
      12.53635025024414
    ],
    [
      23.13029670715332,
      22.020204544067383,
      29.974205017089844,
      30.62238121032715,
      72.88400268554688,
      71.8431625366211,
      64.21343994140625,
      64.21288299560547,
      55.17076110839844,
      56.22831344604492,
      33.86786651611328,
      34.0594482421875,
      19.189512252807617,
      19.16844940185547,
      14.883591651916504,
      14.814098358154297,
      13.732921600341797,
      13.954580307006836
    ],
    [
      21.933168411254883,
      20.952049255371094,
      28.737346649169922,
      29.683513641357422,
      71.8431625366211,
      75.9815444946289,
      64.20271301269531,
      64.28927612304688,
      55.602291107177734,
      56.54571533203125,
      34.183807373046875,
      34.325531005859375,
      19.037036895751953,
      19.008514404296875,
      14.373266220092773,
      14.297433853149414,
      12.922185897827148,
      13.127528190612793
    ],
    [
      21.477359771728516,
      20.3238582611084,
      31.04656219482422,
      31.642684936523438,
      64.21343994140625,
      64.20271301269531,
      95.756591796875,
      93.14822387695312,
      69.12332153320312,
      71.17572784423828,
      46.13219451904297,
      46.19614028930664,
      28.17894744873047,
      28.37514877319336,
      23.632837295532227,
      23.632892608642578,
      21.760601043701172,
      22.121183395385742
    ],
    [
      21.492809295654297,
      20.415281295776367,
      30.89082145690918,
      31.532554626464844,
      64.21288299560547,
      64.28927612304688,
      93.14822387695312,
      92.21512603759766,
      68.29994201660156,
      70.34146118164062,
      45.24169921875,
      45.331172943115234,
      27.635684967041016,
      27.781570434570312,
      22.945568084716797,
      22.93976593017578,
      20.821489334106445,
      21.16092300415039
    ],
    [
      17.461692810058594,
      16.821611404418945,
      24.07927703857422,
      24.15458869934082,
      55.17076110839844,
      55.602291107177734,
      69.12332153320312,
      68.29994201660156,
      68.24658203125,
      69.42948150634766,
      45.275455474853516,
      45.45242691040039,
      28.059396743774414,
      28.185773849487305,
      22.482051849365234,
      22.434574127197266,
      18.58681297302246,
      18.882375717163086
    ],
    [
      18.040687561035156,
      17.306617736816406,
      24.694311141967773,
      24.78728675842285,
      56.22831344604492,
      56.54571533203125,
      71.17572784423828,
      70.34146118164062,
      69.42948150634766,
      71.3994140625,
      46.77703857421875,
      46.90398025512695,
      29.489891052246094,
      29.6251163482666,
      23.903316497802734,
      23.881126403808594,
      20.181100845336914,
      20.506040573120117
    ],
    [
      14.011492729187012,
      13.299026489257812,
      15.522358894348145,
      15.903632164001465,
      33.86786651611328,
      34.183807373046875,
      46.13219451904297,
      45.24169921875,
      45.275455474853516,
      46.77703857421875,
      41.60640335083008,
      41.43690490722656,
      32.01749801635742,
      32.077613830566406,
      28.224212646484375,
      28.346860885620117,
      25.817279815673828,
      26.157407760620117
    ],
    [
      13.815930366516113,
      13.143877029418945,
      15.59156608581543,
      15.941949844360352,
      34.0594482421875,
      34.325531005859375,
      46.19614028930664,
      45.331172943115234,
      45.45242691040039,
      46.90398025512695,
      41.43690490722656,
      44.56955337524414,
      31.824962615966797,
      31.891183853149414,
      28.03105926513672,
      28.14467430114746,
      25.51194190979004,
      25.847015380859375
    ],
    [
      12.105985641479492,
      11.302875518798828,
      11.44772720336914,
      12.031189918518066,
      19.189512252807617,
      19.037036895751953,
      28.17894744873047,
      27.635684967041016,
      28.059396743774414,
      29.489891052246094,
      32.01749801635742,
      31.824962615966797,
      36.52439880371094,
      36.43155288696289,
      37.35218048095703,
      37.648860931396484,
      37.12482452392578,
      37.63591003417969
    ],
    [
      12.15281867980957,
      11.31689167022705,
      11.39340591430664,
      11.926628112792969,
      19.16844940185547,
      19.008514404296875,
      28.37514877319336,
      27.781570434570312,
      28.185773849487305,
      29.6251163482666,
      32.077613830566406,
      31.891183853149414,
      36.43155288696289,
      36.495750427246094,
      37.40287399291992,
      37.70393371582031,
      37.242759704589844,
      37.760467529296875
    ],
    [
      11.996289253234863,
      10.999540328979492,
      11.048864364624023,
      11.276812553405762,
      14.883591651916504,
      14.373266220092773,
      23.632837295532227,
      22.945568084716797,
      22.482051849365234,
      23.903316497802734,
      28.224212646484375,
      28.03105926513672,
      37.35218048095703,
      37.40287399291992,
      43.882179260253906,
      44.27537536621094,
      46.43146514892578,
      47.01721954345703
    ],
    [
      12.02055549621582,
      11.011467933654785,
      11.024702072143555,
      11.262996673583984,
      14.814098358154297,
      14.297433853149414,
      23.632892608642578,
      22.93976593017578,
      22.434574127197266,
      23.881126403808594,
      28.346860885620117,
      28.14467430114746,
      37.648860931396484,
      37.70393371582031,
      44.27537536621094,
      44.762699127197266,
      46.98389434814453,
      47.59446334838867
    ],
    [
      13.63309097290039,
      12.402621269226074,
      12.32719898223877,
      12.325531005859375,
      13.732921600341797,
      12.922185897827148,
      21.760601043701172,
      20.821489334106445,
      18.58681297302246,
      20.181100845336914,
      25.817279815673828,
      25.51194190979004,
      37.12482452392578,
      37.242759704589844,
      46.43146514892578,
      46.98389434814453,
      54.118682861328125,
      54.71263122558594
    ],
    [
      13.919218063354492,
      12.666986465454102,
      12.52595043182373,
      12.53635025024414,
      13.954580307006836,
      13.127528190612793,
      22.121183395385742,
      21.16092300415039,
      18.882375717163086,
      20.506040573120117,
      26.157407760620117,
      25.847015380859375,
      37.63591003417969,
      37.760467529296875,
      47.01721954345703,
      47.59446334838867,
      54.71263122558594,
      55.414451599121094
    ]
  ],
  "covariance_short": [
    [
      67.29740905761719,
      57.51730728149414,
      30.891830444335938,
      31.67593765258789,
      21.195981979370117,
      19.94794464111328,
      18.58580207824707,
      18.579845428466797,
      14.492679595947266,
      14.749189376831055,
      11.80559253692627,
      11.689979553222656,
      10.675639152526855,
      10.76766586303711,
      10.346673011779785,
      10.329800605773926,
      11.718522071838379,
      11.863581657409668
    ],
    [
      57.51730728149414,
      56.82370376586914,
      27.998735427856445,
      28.91474151611328,
      19.507164001464844,
      18.3782901763916,
      16.786928176879883,
      16.869213104248047,
      13.216840744018555,
      13.481123924255371,
      10.996646881103516,
      10.87753963470459,
      9.933160781860352,
      9.970840454101562,
      9.5991792678833,
      9.57719612121582,
      10.861573219299316,
      11.015993118286133
    ],
    [
      30.891830444335938,
      27.998735427856445,
      41.03818130493164,
      38.96300506591797,
      31.75221061706543,
      30.12489891052246,
      32.274932861328125,
      32.14402770996094,
      24.021570205688477,
      24.659015655517578,
      15.813248634338379,
      15.809529304504395,
      12.118756294250488,
      12.048691749572754,
      11.556571006774902,
      11.497273445129395,
      12.876891136169434,
      12.996304512023926
    ],
    [
      31.67593765258789,
      28.91474151611328,
      38.96300506591797,
      41.355323791503906,
      32.2967529296875,
      31.176908493041992,
      32.878517150878906,
      32.784095764160156,
      24.356401443481445,
      24.977262496948242,
      16.254819869995117,
      16.278181076049805,
      12.663880348205566,
      12.548624038696289,
      11.690305709838867,
      11.634356498718262,
      12.82335376739502,
      12.951058387756348
    ],
    [
      21.195981979370117,
      19.507164001464844,
      31.75221061706543,
      32.2967529296875,
      75.2790756225586,
      71.70081329345703,
      63.77445602416992,
      63.84895324707031,
      53.49751663208008,
      54.237640380859375,
      31.956850051879883,
      32.27600860595703,
      18.195419311523438,
      18.099985122680664,
      14.16931438446045,
      14.102776527404785,
      13.400411605834961,
      13.4978666305542
    ],
    [
      19.94794464111328,
      18.3782901763916,
      30.12489891052246,
      31.176908493041992,
      71.70081329345703,
      77.84789276123047,
      63.07133483886719,
      63.31805419921875,
      53.583251953125,
      54.14243698120117,
      32.01130676269531,
      32.273399353027344,
      17.835506439208984,
      17.72457504272461,
      13.485132217407227,
      13.402582168579102,
      12.460598945617676,
      12.560931205749512
    ],
    [
      18.58580207824707,
      16.786928176879883,
      32.274932861328125,
      32.878517150878906,
      63.77445602416992,
      63.07133483886719,
      96.79244232177734,
      93.16143798828125,
      68.79523468017578,
      70.08174896240234,
      43.741878509521484,
      43.77185821533203,
      26.908920288085938,
      26.988895416259766,
      22.2065486907959,
      22.19523048400879,
      20.47288703918457,
      20.658649444580078
    ],
    [
      18.579845428466797,
      16.869213104248047,
      32.14402770996094,
      32.784095764160156,
      63.84895324707031,
      63.31805419921875,
      93.16143798828125,
      93.72461700439453,
      67.89057922363281,
      69.32029724121094,
      42.94125747680664,
      43.04060745239258,
      26.375585556030273,
      26.40346336364746,
      21.549964904785156,
      21.530893325805664,
      19.603511810302734,
      19.77495002746582
    ],
    [
      14.492679595947266,
      13.216840744018555,
      24.021570205688477,
      24.356401443481445,
      53.49751663208008,
      53.583251953125,
      68.79523468017578,
      67.89057922363281,
      69.73684692382812,
      69.91809844970703,
      44.57901382446289,
      44.7958984375,
      27.278043746948242,
      27.30565071105957,
      21.335020065307617,
      21.29529571533203,
      17.93169593811035,
      18.085180282592773
    ],
    [
      14.749189376831055,
      13.481123924255371,
      24.659015655517578,
      24.977262496948242,
      54.237640380859375,
      54.14243698120117,
      70.08174896240234,
      69.32029724121094,
      69.91809844970703,
      72.1568603515625,
      45.848812103271484,
      46.02951431274414,
      28.539329528808594,
      28.56656265258789,
      22.655179977416992,
      22.642053604125977,
      19.430410385131836,
      19.600095748901367
    ],
    [
      11.80559253692627,
      10.996646881103516,
      15.813248634338379,
      16.254819869995117,
      31.956850051879883,
      32.01130676269531,
      43.741878509521484,
      42.94125747680664,
      44.57901382446289,
      45.848812103271484,
      44.71082305908203,
      44.116676330566406,
      32.54701232910156,
      32.53196334838867,
      28.620784759521484,
      28.727313995361328,
      26.813764572143555,
      27.012664794921875
    ],
    [
      11.689979553222656,
      10.87753963470459,
      15.809529304504395,
      16.278181076049805,
      32.27600860595703,
      32.273399353027344,
      43.77185821533203,
      43.04060745239258,
      44.7958984375,
      46.02951431274414,
      44.116676330566406,
      44.62443923950195,
      32.339599609375,
      32.32729721069336,
      28.365880966186523,
      28.47530746459961,
      26.44146728515625,
      26.649477005004883
    ],
    [
      10.675639152526855,
      9.933160781860352,
      12.118756294250488,
      12.663880348205566,
      18.195419311523438,
      17.835506439208984,
      26.908920288085938,
      26.375585556030273,
      27.278043746948242,
      28.539329528808594,
      32.54701232910156,
      32.339599609375,
      38.58686065673828,
      38.17757797241211,
      39.137603759765625,
      39.38594055175781,
      39.65026092529297,
      39.9527702331543
    ],
    [
      10.76766586303711,
      9.970840454101562,
      12.048691749572754,
      12.548624038696289,
      18.099985122680664,
      17.72457504272461,
      26.988895416259766,
      26.40346336364746,
      27.30565071105957,
      28.56656265258789,
      32.53196334838867,
      32.32729721069336,
      38.17757797241211,
      38.43130111694336,
      39.14277267456055,
      39.40528869628906,
      39.70282745361328,
      40.02510070800781
    ],
    [
      10.346673011779785,
      9.5991792678833,
      11.556571006774902,
      11.690305709838867,
      14.16931438446045,
      13.485132217407227,
      22.2065486907959,
      21.549964904785156,
      21.335020065307617,
      22.655179977416992,
      28.620784759521484,
      28.365880966186523,
      39.137603759765625,
      39.14277267456055,
      46.47323226928711,
      46.632686614990234,
      49.59309768676758,
      49.92170715332031
    ],
    [
      10.329800605773926,
      9.57719612121582,
      11.497273445129395,
      11.634356498718262,
      14.102776527404785,
      13.402582168579102,
      22.19523048400879,
      21.530893325805664,
      21.29529571533203,
      22.642053604125977,
      28.727313995361328,
      28.47530746459961,
      39.38594055175781,
      39.40528869628906,
      46.632686614990234,
      47.23088073730469,
      50.05569839477539,
      50.41453170776367
    ],
    [
      11.718522071838379,
      10.861573219299316,
      12.876891136169434,
      12.82335376739502,
      13.400411605834961,
      12.460598945617676,
      20.47288703918457,
      19.603511810302734,
      17.93169593811035,
      19.430410385131836,
      26.813764572143555,
      26.44146728515625,
      39.65026092529297,
      39.70282745361328,
      49.59309768676758,
      50.05569839477539,
      58.602561950683594,
      58.838985443115234
    ],
    [
      11.863581657409668,
      11.015993118286133,
      12.996304512023926,
      12.951058387756348,
      13.4978666305542,
      12.560931205749512,
      20.658649444580078,
      19.77495002746582,
      18.085180282592773,
      19.600095748901367,
      27.012664794921875,
      26.649477005004883,
      39.9527702331543,
      40.02510070800781,
      49.92170715332031,
      50.41453170776367,
      58.838985443115234,
      59.35289764404297
    ]
  ],
  "drr": 11.573503494262695,
  "dynamics": 5.2297163009643555,
  "format": 1245190,
  "frames": 15945728,
  "loudness": -23.762117385864258,
  "loudness_range": 16.405799865722656,
  "loudness_range_short": 17.99679183959961,
  "peak": -1.2533059120178223,
  "rms": -23.607263565063477,
  "sample_rate": 44100,
  "sections": 1,
  "seekable": 1,
  "sharpness": 3.0519697666168213,
  "space": -0.6563401818275452
}