{
  "bands": [
    {
      "high_freq": 148.1999969482422,
      "loudness": -26.406009674072266,
      "loudness_range": 10.417329788208008,
      "mid_mean": -22.721776962280273,
      "mid_to_side_loudness": -27.57680320739746,
      "mid_to_side_loudness_range": 18.468141555786133,
      "side_mean": -51.24205780029297
    },
    {
      "high_freq": 392.3793640136719,
      "loudness": -25.21358299255371,
      "loudness_range": 8.946281433105469,
      "low_freq": 148.1999969482422,
      "mid_mean": -21.668947219848633,
      "mid_to_side_loudness": -15.42866325378418,
      "mid_to_side_loudness_range": 10.68039321899414,
      "side_mean": -37.405460357666016
    },
    {
      "high_freq": 794.6976318359375,
      "loudness": -26.368919372558594,
      "loudness_range": 13.897003173828125,
      "low_freq": 392.3793640136719,
      "mid_mean": -23.11639404296875,
      "mid_to_side_loudness": -10.177056312561035,
      "mid_to_side_loudness_range": 8.537431716918945,
      "side_mean": -33.51446533203125
    },
    {
      "high_freq": 1457.5709228515625,
      "loudness": -27.354232788085938,
      "loudness_range": 15.110189437866211,
      "low_freq": 794.6976318359375,
      "mid_mean": -24.68520736694336,
      "mid_to_side_loudness": -6.440835952758789,
      "mid_to_side_loudness_range": 9.653087615966797,
      "side_mean": -31.206462860107422
    },
    {
      "high_freq": 2549.74365234375,
      "loudness": -31.282766342163086,
      "loudness_range": 17.774255752563477,
      "low_freq": 1457.5709228515625,
      "mid_mean": -28.138795852661133,
      "mid_to_side_loudness": -9.397473335266113,
      "mid_to_side_loudness_range": 10.340442657470703,
      "side_mean": -37.737693786621094
    },
    {
      "high_freq": 4349.24462890625,
      "loudness": -33.23881530761719,
      "loudness_range": 18.214113235473633,
      "low_freq": 2549.74365234375,
      "mid_mean": -30.063011169433594,
      "mid_to_side_loudness": -9.817070007324219,
      "mid_to_side_loudness_range": 10.007648468017578,
      "side_mean": -40.08600616455078
    },
    {
      "high_freq": 7314.1640625,
      "loudness": -34.70588302612305,
      "loudness_range": 16.264923095703125,
      "low_freq": 4349.24462890625,
      "mid_mean": -31.556251525878906,
      "mid_to_side_loudness": -10.404848098754883,
      "mid_to_side_loudness_range": 16.176605224609375,
      "side_mean": -42.26761245727539
    },
    {
      "high_freq": 12199.2666015625,
      "loudness": -36.474571228027344,
      "loudness_range": 17.359880447387695,
      "low_freq": 7314.1640625,
      "mid_mean": -33.74624252319336,
      "mid_to_side_loudness": -8.603107452392578,
      "mid_to_side_loudness_range": 17.40896224975586,
      "side_mean": -42.578529357910156
    },
    {
      "loudness": -43.436920166015625,
      "loudness_range": 11.725570678710938,
      "low_freq": 12199.2666015625,
      "mid_mean": -41.21873474121094,
      "mid_to_side_loudness": -5.351651191711426,
      "mid_to_side_loudness_range": 11.258052825927734,
      "side_mean": -46.698978424072266
    }
  ],
  "bands_short": [
    {
      "high_freq": 148.1999969482422,
      "loudness": -30.976285934448242,
      "loudness_range": 20.899316787719727,
      "mid_mean": -27.33978843688965,
      "mid_to_side_loudness": -27.318273544311523,
      "mid_to_side_loudness_range": 26.078411102294922,
      "side_mean": -55.546199798583984
    },
    {
      "high_freq": 392.3793640136719,
      "loudness": -25.287076950073242,
      "loudness_range": 11.101402282714844,
      "low_freq": 148.1999969482422,
      "mid_mean": -21.7296085357666,
      "mid_to_side_loudness": -16.437419891357422,
      "mid_to_side_loudness_range": 14.054349899291992,
      "side_mean": -38.53577423095703
    },
    {
      "high_freq": 794.6976318359375,
      "loudness": -26.9846134185791,
      "loudness_range": 15.342832565307617,
      "low_freq": 392.3793640136719,
      "mid_mean": -23.84252166748047,
      "mid_to_side_loudness": -9.98168659210205,
      "mid_to_side_loudness_range": 12.68724250793457,
      "side_mean": -34.02202606201172
    },
    {
      "high_freq": 1457.5709228515625,
      "loudness": -27.96409797668457,
      "loudness_range": 17.023670196533203,
      "low_freq": 794.6976318359375,
      "mid_mean": -25.46114158630371,
      "mid_to_side_loudness": -6.113367080688477,
      "mid_to_side_loudness_range": 11.692440032958984,
      "side_mean": -31.629907608032227
    },
    {
      "high_freq": 2549.74365234375,
      "loudness": -32.61602020263672,
      "loudness_range": 19.928117752075195,
      "low_freq": 1457.5709228515625,
      "mid_mean": -29.61716079711914,
      "mid_to_side_loudness": -8.868955612182617,
      "mid_to_side_loudness_range": 12.432326316833496,
      "side_mean": -38.66185760498047
    },
    {
      "high_freq": 4349.24462890625,
      "loudness": -34.78329086303711,
      "loudness_range": 21.70442771911621,
      "low_freq": 2549.74365234375,
      "mid_mean": -31.79412078857422,
      "mid_to_side_loudness": -8.87600326538086,
      "mid_to_side_loudness_range": 11.979515075683594,
      "side_mean": -40.65874481201172
    },
    {
      "high_freq": 7314.1640625,
      "loudness": -38.468994140625,
      "loudness_range": 27.826250076293945,
      "low_freq": 4349.24462890625,
      "mid_mean": -35.585384368896484,
      "mid_to_side_loudness": -8.835491180419922,
      "mid_to_side_loudness_range": 16.050731658935547,
      "side_mean": -44.657257080078125
    },
    {
      "high_freq": 12199.2666015625,
      "loudness": -40.721370697021484,
      "loudness_range": 30.45812225341797,
      "low_freq": 7314.1640625,
      "mid_mean": -37.97740936279297,
      "mid_to_side_loudness": -8.800640106201172,
      "mid_to_side_loudness_range": 19.70131492614746,
      "side_mean": -48.07890701293945
    },
    {
      "loudness": -48.361534118652344,
      "loudness_range": 27.577392578125,
      "low_freq": 12199.2666015625,
      "mid_mean": -47.4732780456543,
      "mid_to_side_loudness": -8.869941711425781,
      "mid_to_side_loudness_range": 19.00922203063965,
      "side_mean": -56.243316650390625
    }
  ],
  "channels": 2,
  "covariance": [
    [
      15.787840843200684,
      2.2037975788116455,
      -0.6018997430801392,
      0.5646317005157471,
      0.641566812992096,
      0.15539228916168213,
      0.5580050349235535,
      0.25612202286720276,
      -1.3112177848815918,
      -1.1103200912475586,
      -0.8112783432006836,
      -0.6354086995124817,
      -0.8191755414009094,
      -0.5096637010574341,
      -3.3503944873809814,
      0.8076791167259216,
      -1.2277272939682007,
      1.8062217235565186
    ],
    [
      2.2037975788116455,
      25.63496208190918,
      1.6690890789031982,
      4.123768329620361,
      4.536328315734863,
      6.5952677726745605,
      5.031695365905762,
      5.044496059417725,
      4.473399639129639,
      6.370189666748047,
      4.027927875518799,
      5.467832565307617,
      3.873810052871704,
      4.306375980377197,
      3.160055160522461,
      2.746021270751953,
      1.237593650817871,
      1.9716224670410156
    ],
    [
      -0.6018997430801392,
      1.6690890789031982,
      11.586648941040039,
      7.859936237335205,
      3.981489658355713,
      3.5963735580444336,
      1.6674777269363403,
      1.417250156402588,
      8.068700790405273,
      6.4340925216674805,
      11.151633262634277,
      8.096831321716309,
      12.221263885498047,
      5.477757930755615,
      12.076298713684082,
      2.686032772064209,
      7.339041233062744,
      1.5040611028671265
    ],
    [
      0.5646317005157471,
      4.123768329620361,
      7.859936237335205,
      17.368587493896484,
      9.97350788116455,
      12.301407814025879,
      8.16493034362793,
      7.690579891204834,
      12.621933937072754,
      15.222563743591309,
      13.47212028503418,
      14.876338958740234,
      8.712204933166504,
      7.982974052429199,
      6.60152530670166,
      4.5900678634643555,
      3.168858766555786,
      1.9822942018508911
    ],
    [
      0.641566812992096,
      4.536328315734863,
      3.981489658355713,
      9.97350788116455,
      25.879438400268555,
      22.0650634765625,
      20.433687210083008,
      13.756909370422363,
      22.547590255737305,
      21.605884552001953,
      21.722332000732422,
      19.620676040649414,
      11.162239074707031,
      8.79073715209961,
      11.623845100402832,
      6.291423797607422,
      5.333840370178223,
      2.328850746154785
    ],
    [
      0.15539228916168213,
      6.5952677726745605,
      3.5963735580444336,
      12.301407814025879,
      22.0650634765625,
      28.262128829956055,
      20.789348602294922,
      18.562728881835938,
      20.639347076416016,
      25.567138671875,
      19.39212417602539,
      22.862817764282227,
      9.518290519714355,
      10.629009246826172,
      8.380697250366211,
      6.2692694664001465,
      3.8347506523132324,
      1.9522926807403564
    ],
    [
      0.5580050349235535,
      5.031695365905762,
      1.6674777269363403,
      8.16493034362793,
      20.433687210083008,
      20.789348602294922,
      29.94015884399414,
      19.985557556152344,
      20.209409713745117,
      21.660173416137695,
      19.127065658569336,
      19.003585815429688,
      11.065199851989746,
      9.08261489868164,
      9.914810180664062,
      5.689727783203125,
      3.6903114318847656,
      2.6355369091033936
    ],
    [
      0.25612202286720276,
      5.044496059417725,
      1.417250156402588,
      7.690579891204834,
      13.756909370422363,
      18.562728881835938,
      19.985557556152344,
      22.076343536376953,
      13.784469604492188,
      18.851642608642578,
      13.059663772583008,
      17.535924911499023,
      6.2165727615356445,
      8.316452026367188,
      4.982497215270996,
      4.945333003997803,
      1.7651838064193726,
      2.160512685775757
    ],
    [
      -1.3112177848815918,
      4.473399639129639,
      8.068700790405273,
      12.621933937072754,
      22.547590255737305,
      20.639347076416016,
      20.209409713745117,
      13.784469604492188,
      36.83328628540039,
      32.561798095703125,
      33.24918746948242,
      28.11275291442871,
      21.984310150146484,
      14.78774356842041,
      20.752687454223633,
      8.300600051879883,
      11.58186149597168,
      2.7845962047576904
    ],
    [
      -1.1103200912475586,
      6.370189666748047,
      6.4340925216674805,
      15.222563743591309,
      21.605884552001953,
      25.567138671875,
      21.660173416137695,
      18.851642608642578,
      32.561798095703125,
      39.74751281738281,
      27.759756088256836,
      31.091136932373047,
      16.2603759765625,
      16.585134506225586,
      13.602917671203613,
      8.811029434204102,
      6.738986968994141,
      2.6104624271392822
    ],
    [
      -0.8112783432006836,
      4.027927875518799,
      11.151633262634277,
      13.47212028503418,
      21.722332000732422,
      19.39212417602539,
      19.127065658569336,
      13.059663772583008,
      33.24918746948242,
      27.759756088256836,
      41.94132614135742,
      32.58695983886719,
      29.460447311401367,
      15.725114822387695,
      27.32961654663086,
      7.792845726013184,
      14.767213821411133,
      2.3025758266448975
    ],
    [
      -0.6354086995124817,
      5.467832565307617,
      8.096831321716309,
      14.876338958740234,
      19.620676040649414,
      22.862817764282227,
      19.003585815429688,
      17.535924911499023,
      28.11275291442871,
      31.091136932373047,
      32.58695983886719,
      34.96733856201172,
      19.28236198425293,
      15.966444969177246,
      15.864974975585938,
      8.229843139648438,
      7.9458231925964355,
      2.530937671661377
    ],
    [
      -0.8191755414009094,
      3.873810052871704,
      12.221263885498047,
      8.712204933166504,
      11.162239074707031,
      9.518290519714355,
      11.065199851989746,
      6.2165727615356445,
      21.984310150146484,
      16.2603759765625,
      29.460447311401367,
      19.28236198425293,
      41.202816009521484,
      15.631674766540527,
      41.221893310546875,
      9.260885238647461,
      23.259313583374023,
      2.419236183166504
    ],
    [
      -0.5096637010574341,
      4.306375980377197,
      5.477757930755615,
      7.982974052429199,
      8.79073715209961,
      10.629009246826172,
      9.08261489868164,
      8.316452026367188,
      14.78774356842041,
      16.585134506225586,
      15.725114822387695,
      15.966444969177246,
      15.631674766540527,
      14.90582275390625,
      14.774392127990723,
      9.803304672241211,
      7.943215370178223,
      4.29344367980957
    ],
    [
      -3.3503944873809814,
      3.160055160522461,
      12.076298713684082,
      6.60152530670166,
      11.623845100402832,
      8.380697250366211,
      9.914810180664062,
      4.982497215270996,
      20.752687454223633,
      13.602917671203613,
      27.32961654663086,
      15.864974975585938,
      41.221893310546875,
      14.774392127990723,
      52.107723236083984,
      13.338991165161133,
      31.235702514648438,
      4.750258445739746
    ],
    [
      0.8076791167259216,
      2.746021270751953,
      2.686032772064209,
      4.5900678634643555,
      6.291423797607422,
      6.2692694664001465,
      5.689727783203125,
      4.945333003997803,
      8.300600051879883,
      8.811029434204102,
      7.792845726013184,
      8.229843139648438,
      9.260885238647461,
      9.803304672241211,
      13.338991165161133,
      13.579877853393555,
      7.926510810852051,
      7.516206741333008
    ],
    [
      -1.2277272939682007,
      1.237593650817871,
      7.339041233062744,
      3.168858766555786,
      5.333840370178223,
      3.8347506523132324,
      3.6903114318847656,
      1.7651838064193726,
      11.58186149597168,
      6.738986968994141,
      14.767213821411133,
      7.9458231925964355,
      23.259313583374023,
      7.943215370178223,
      31.235702514648438,
      7.926510810852051,
      25.415542602539062,
      4.794686794281006
    ],
    [
      1.8062217235565186,
      1.9716224670410156,
      1.5040611028671265,
      1.9822942018508911,
      2.328850746154785,
      1.9522926807403564,
      2.6355369091033936,
      2.160512685775757,
      2.7845962047576904,
      2.6104624271392822,
      2.3025758266448975,
      2.530937671661377,
      2.419236183166504,
      4.29344367980957,
      4.750258445739746,
      7.516206741333008,
      4.794686794281006,
      8.602361679077148
    ]
  ],
  "covariance_short": [
    [
      51.08346176147461,
      9.3526029586792,
      7.648931980133057,
      1.6678193807601929,
      3.8778910636901855,
      1.688897967338562,
      3.3678314685821533,
      1.4919921159744263,
      3.2484447956085205,
      0.533324658870697,
      7.465488433837891,
      3.809237003326416,
      11.565604209899902,
      9.41467571258545,
      11.188080787658691,
      15.921914100646973,
      16.12718391418457,
      20.487581253051758
    ],
    [
      9.3526029586792,
      31.950584411621094,
      1.8357630968093872,
      2.3382840156555176,
      2.5074238777160645,
      3.138948440551758,
      3.1340131759643555,
      2.848346710205078,
      2.2840189933776855,
      2.0131499767303467,
      2.5780997276306152,
      2.8298864364624023,
      2.6329684257507324,
      3.93953800201416,
      3.8467752933502197,
      5.95822811126709,
      4.267663955688477,
      10.0830659866333
    ],
    [
      7.648931980133057,
      1.8357630968093872,
      15.01840877532959,
      8.708529472351074,
      5.584923267364502,
      3.529635190963745,
      2.422483444213867,
      1.633366584777832,
      9.294356346130371,
      6.066380977630615,
      13.093709945678711,
      7.924851894378662,
      14.911617279052734,
      9.642498016357422,
      12.534771919250488,
      11.372594833374023,
      15.489792823791504,
      13.803101539611816
    ],
    [
      1.6678193807601929,
      2.3382840156555176,
      8.708529472351074,
      23.608612060546875,
      11.292269706726074,
      13.21079158782959,
      9.224207878112793,
      7.94031286239624,
      15.065329551696777,
      16.35555648803711,
      17.26862907409668,
      15.072009086608887,
      14.763458251953125,
      12.391932487487793,
      10.623228073120117,
      11.590815544128418,
      13.774064064025879,
      10.683302879333496
    ],
    [
      3.8778910636901855,
      2.5074238777160645,
      5.584923267364502,
      11.292269706726074,
      30.49298858642578,
      21.14559555053711,
      21.953704833984375,
      14.201207160949707,
      27.012611389160156,
      22.918006896972656,
      28.289939880371094,
      20.172998428344727,
      20.79955291748047,
      15.110301971435547,
      17.961891174316406,
      18.410598754882812,
      21.39491081237793,
      14.131842613220215
    ],
    [
      1.688897967338562,
      3.138948440551758,
      3.529635190963745,
      13.21079158782959,
      21.14559555053711,
      31.179115295410156,
      20.821346282958984,
      17.846284866333008,
      22.964632034301758,
      25.89206314086914,
      23.848825454711914,
      21.35765838623047,
      17.063756942749023,
      14.99811840057373,
      12.845703125,
      16.353036880493164,
      16.765113830566406,
      11.789119720458984
    ],
    [
      3.3678314685821533,
      3.1340131759643555,
      2.422483444213867,
      9.224207878112793,
      21.953704833984375,
      20.821346282958984,
      36.98777389526367,
      22.815370559692383,
      25.65366554260254,
      24.25434684753418,
      26.885007858276367,
      20.45220184326172,
      22.5035343170166,
      16.27410888671875,
      19.85140037536621,
      18.961408615112305,
      21.246477127075195,
      12.814258575439453
    ],
    [
      1.4919921159744263,
      2.848346710205078,
      1.633366584777832,
      7.94031286239624,
      14.201207160949707,
      17.846284866333008,
      22.815370559692383,
      26.384187698364258,
      16.666118621826172,
      19.990314483642578,
      17.69016456604004,
      17.23483657836914,
      12.404946327209473,
      12.165361404418945,
      9.085092544555664,
      12.344493865966797,
      11.293328285217285,
      8.326279640197754
    ],
    [
      3.2484447956085205,
      2.2840189933776855,
      9.294356346130371,
      15.065329551696777,
      27.012611389160156,
      22.964632034301758,
      25.65366554260254,
      16.666118621826172,
      49.07938766479492,
      38.10903549194336,
      45.814918518066406,
      32.342041015625,
      40.06916427612305,
      27.235746383666992,
      33.84797286987305,
      30.01226234436035,
      38.571659088134766,
      24.49235725402832
    ],
    [
      0.533324658870697,
      2.0131499767303467,
      6.066380977630615,
      16.35555648803711,
      22.918006896972656,
      25.89206314086914,
      24.25434684753418,
      19.990314483642578,
      38.10903549194336,
      45.66451644897461,
      35.97379684448242,
      32.49131393432617,
      29.875732421875,
      26.168214797973633,
      23.620023727416992,
      26.39534568786621,
      27.227731704711914,
      19.32463836669922
    ],
    [
      7.465488433837891,
      2.5780997276306152,
      13.093709945678711,
      17.26862907409668,
      28.289939880371094,
      23.848825454711914,
      26.885007858276367,
      17.69016456604004,
      45.814918518066406,
      35.97379684448242,
      62.100852966308594,
      40.79838180541992,
      54.70142364501953,
      33.289337158203125,
      45.54704666137695,
      36.89324951171875,
      52.48603820800781,
      30.992427825927734
    ],
    [
      3.809237003326416,
      2.8298864364624023,
      7.924851894378662,
      15.072009086608887,
      20.172998428344727,
      21.35765838623047,
      20.45220184326172,
      17.23483657836914,
      32.342041015625,
      32.49131393432617,
      40.79838180541992,
      39.28605651855469,
      34.76902770996094,
      27.02846336364746,
      26.642160415649414,
      27.013025283813477,
      30.032262802124023,
      20.73529624938965
    ],
    [
      11.565604209899902,
      2.6329684257507324,
      14.911617279052734,
      14.763458251953125,
      20.79955291748047,
      17.063756942749023,
      22.5035343170166,
      12.404946327209473,
      40.06916427612305,
      29.875732421875,
      54.70142364501953,
      34.76902770996094,
      81.4286117553711,
      45.240394592285156,
      76.65011596679688,
      55.464569091796875,
      78.56031799316406,
      49.043617248535156
    ],
    [
      9.41467571258545,
      3.93953800201416,
      9.642498016357422,
      12.391932487487793,
      15.110301971435547,
      14.99811840057373,
      16.27410888671875,
      12.165361404418945,
      27.235746383666992,
      26.168214797973633,
      33.289337158203125,
      27.02846336364746,
      45.240394592285156,
      41.16872787475586,
      42.03199005126953,
      49.24095916748047,
      46.8461799621582,
      45.365962982177734
    ],
    [
      11.188080787658691,
      3.8467752933502197,
      12.534771919250488,
      10.623228073120117,
      17.961891174316406,
      12.845703125,
      19.85140037536621,
      9.085092544555664,
      33.84797286987305,
      23.620023727416992,
      45.54704666137695,
      26.642160415649414,
      76.65011596679688,
      42.03199005126953,
      102.32881927490234,
      62.61988067626953,
      89.93880462646484,
      56.90991973876953
    ],
    [
      15.921914100646973,
      5.95822811126709,
      11.372594833374023,
      11.590815544128418,
      18.410598754882812,
      16.353036880493164,
      18.961408615112305,
      12.344493865966797,
      30.01226234436035,
      26.39534568786621,
      36.89324951171875,
      27.013025283813477,
      55.464569091796875,
      49.24095916748047,
      62.61988067626953,
      79.10018920898438,
      72.56237030029297,
      75.835205078125
    ],
    [
      16.12718391418457,
      4.267663955688477,
      15.489792823791504,
      13.774064064025879,
      21.39491081237793,
      16.765113830566406,
      21.246477127075195,
      11.293328285217285,
      38.571659088134766,
      27.227731704711914,
      52.48603820800781,
      30.032262802124023,
      78.56031799316406,
      46.8461799621582,
      89.93880462646484,
      72.56237030029297,
      114.92578887939453,
      79.4050064086914
    ],
    [
      20.487581253051758,
      10.0830659866333,
      13.803101539611816,
      10.683302879333496,
      14.131842613220215,
      11.789119720458984,
      12.814258575439453,
      8.326279640197754,
      24.49235725402832,
      19.32463836669922,
      30.992427825927734,
      20.73529624938965,
      49.043617248535156,
      45.365962982177734,
      56.90991973876953,
      75.835205078125,
      79.4050064086914,
      94.80052947998047
    ]
  ],
  "drr": 12.033346176147461,
  "dynamics": 3.1378061771392822,
  "format": 1245190,
  "frames": 11624448,
  "loudness": -14.856090545654297,
  "loudness_range": 7.427114486694336,
  "loudness_range_short": 11.365835189819336,
  "peak": -1.0731617212295532,
  "rms": -16.861066818237305,
  "sample_rate": 44100,
  "sections": 1,
  "seekable": 1,
  "sharpness": 3.1904845237731934,
  "space": -11.33542537689209
}