{
  "bands": [
    {
      "high_freq": 148.1999969482422,
      "loudness": -23.24347496032715,
      "loudness_range": 11.359415054321289,
      "mid_mean": -19.604049682617188,
      "mid_to_side_loudness": -21.203638076782227,
      "mid_to_side_loudness_range": 7.509910583496094,
      "side_mean": -40.900291442871094
    },
    {
      "high_freq": 392.3793640136719,
      "loudness": -21.769664764404297,
      "loudness_range": 9.711099624633789,
      "low_freq": 148.1999969482422,
      "mid_mean": -18.343759536743164,
      "mid_to_side_loudness": -13.958799362182617,
      "mid_to_side_loudness_range": 10.41653823852539,
      "side_mean": -32.31912612915039
    },
    {
      "high_freq": 794.6976318359375,
      "loudness": -27.444705963134766,
      "loudness_range": 17.556533813476562,
      "low_freq": 392.3793640136719,
      "mid_mean": -24.237773895263672,
      "mid_to_side_loudness": -11.716673851013184,
      "mid_to_side_loudness_range": 14.47877311706543,
      "side_mean": -35.63866424560547
    },
    {
      "high_freq": 1457.5709228515625,
      "loudness": -31.237028121948242,
      "loudness_range": 24.352947235107422,
      "low_freq": 794.6976318359375,
      "mid_mean": -28.122236251831055,
      "mid_to_side_loudness": -11.928292274475098,
      "mid_to_side_loudness_range": 16.219816207885742,
      "side_mean": -39.898921966552734
    },
    {
      "high_freq": 2549.74365234375,
      "loudness": -31.548095703125,
      "loudness_range": 26.081836700439453,
      "low_freq": 1457.5709228515625,
      "mid_mean": -28.366153717041016,
      "mid_to_side_loudness": -13.324677467346191,
      "mid_to_side_loudness_range": 16.5175838470459,
      "side_mean": -41.3475341796875
    },
    {
      "high_freq": 4349.24462890625,
      "loudness": -36.381710052490234,
      "loudness_range": 24.53545379638672,
      "low_freq": 2549.74365234375,
      "mid_mean": -33.0645751953125,
      "mid_to_side_loudness": -13.491599082946777,
      "mid_to_side_loudness_range": 14.837871551513672,
      "side_mean": -46.73072052001953
    },
    {
      "high_freq": 7314.1640625,
      "loudness": -42.26066207885742,
      "loudness_range": 21.06265640258789,
      "low_freq": 4349.24462890625,
      "mid_mean": -38.90038299560547,
      "mid_to_side_loudness": -12.511114120483398,
      "mid_to_side_loudness_range": 9.939379692077637,
      "side_mean": -52.23432159423828
    },
    {
      "high_freq": 12199.2666015625,
      "loudness": -44.27787399291992,
      "loudness_range": 21.366893768310547,
      "low_freq": 7314.1640625,
      "mid_mean": -40.974884033203125,
      "mid_to_side_loudness": -12.611699104309082,
      "mid_to_side_loudness_range": 10.152750968933105,
      "side_mean": -54.25220489501953
    },
    {
      "loudness": -48.84379959106445,
      "loudness_range": 22.80583953857422,
      "low_freq": 12199.2666015625,
      "mid_mean": -45.842166900634766,
      "mid_to_side_loudness": -11.177667617797852,
      "mid_to_side_loudness_range": 7.017300605773926,
      "side_mean": -56.79962158203125
    }
  ],
  "bands_short": [
    {
      "high_freq": 148.1999969482422,
      "loudness": -26.315528869628906,
      "loudness_range": 13.105552673339844,
      "mid_mean": -22.71738052368164,
      "mid_to_side_loudness": -21.606773376464844,
      "mid_to_side_loudness_range": 4.296834945678711,
      "side_mean": -44.480186462402344
    },
    {
      "high_freq": 392.3793640136719,
      "loudness": -21.525869369506836,
      "loudness_range": 12.513042449951172,
      "low_freq": 148.1999969482422,
      "mid_mean": -18.085844039916992,
      "mid_to_side_loudness": -14.49149227142334,
      "mid_to_side_loudness_range": 12.590204238891602,
      "side_mean": -32.56619644165039
    },
    {
      "high_freq": 794.6976318359375,
      "loudness": -28.17454719543457,
      "loudness_range": 20.566598892211914,
      "low_freq": 392.3793640136719,
      "mid_mean": -25.093727111816406,
      "mid_to_side_loudness": -11.331442832946777,
      "mid_to_side_loudness_range": 16.10279083251953,
      "side_mean": -36.233970642089844
    },
    {
      "high_freq": 1457.5709228515625,
      "loudness": -31.919828414916992,
      "loudness_range": 27.967878341674805,
      "low_freq": 794.6976318359375,
      "mid_mean": -28.891159057617188,
      "mid_to_side_loudness": -11.597481727600098,
      "mid_to_side_loudness_range": 18.190227508544922,
      "side_mean": -40.375186920166016
    },
    {
      "high_freq": 2549.74365234375,
      "loudness": -32.669898986816406,
      "loudness_range": 29.365161895751953,
      "low_freq": 1457.5709228515625,
      "mid_mean": -29.552656173706055,
      "mid_to_side_loudness": -12.88001537322998,
      "mid_to_side_loudness_range": 18.696937561035156,
      "side_mean": -42.32075119018555
    },
    {
      "high_freq": 4349.24462890625,
      "loudness": -37.59864807128906,
      "loudness_range": 27.976184844970703,
      "low_freq": 2549.74365234375,
      "mid_mean": -34.488861083984375,
      "mid_to_side_loudness": -13.239425659179688,
      "mid_to_side_loudness_range": 17.64776611328125,
      "side_mean": -48.638675689697266
    },
    {
      "high_freq": 7314.1640625,
      "loudness": -45.400760650634766,
      "loudness_range": 28.165302276611328,
      "low_freq": 4349.24462890625,
      "mid_mean": -42.55044937133789,
      "mid_to_side_loudness": -13.077452659606934,
      "mid_to_side_loudness_range": 14.522281646728516,
      "side_mean": -56.211605072021484
    },
    {
      "high_freq": 12199.2666015625,
      "loudness": -47.302642822265625,
      "loudness_range": 28.003437042236328,
      "low_freq": 7314.1640625,
      "mid_mean": -45.364837646484375,
      "mid_to_side_loudness": -13.770109176635742,
      "mid_to_side_loudness_range": 12.271217346191406,
      "side_mean": -58.999755859375
    },
    {
      "loudness": -56.305908203125,
      "loudness_range": 33.600528717041016,
      "low_freq": 12199.2666015625,
      "mid_mean": -53.31092071533203,
      "mid_to_side_loudness": -12.21017837524414,
      "mid_to_side_loudness_range": 9.462872505187988,
      "side_mean": -62.32115173339844
    }
  ],
  "channels": 2,
  "covariance": [
    [
      19.821535110473633,
      19.133960723876953,
      6.885422706604004,
      6.708832263946533,
      6.573030471801758,
      9.966638565063477,
      5.679325103759766,
      9.147469520568848,
      5.95960807800293,
      7.881097316741943,
      5.068523406982422,
      8.53513240814209,
      4.662092208862305,
      7.618171215057373,
      5.275261878967285,
      7.530653953552246,
      6.113546371459961,
      8.181446075439453
    ],
    [
      19.133960723876953,
      24.852903366088867,
      8.179631233215332,
      7.412167549133301,
      9.789345741271973,
      12.959177017211914,
      10.417489051818848,
      14.215535163879395,
      11.097146987915039,
      13.069112777709961,
      10.081402778625488,
      13.646461486816406,
      7.778625965118408,
      12.014838218688965,
      7.942506313323975,
      10.981649398803711,
      8.735292434692383,
      10.926849365234375
    ],
    [
      6.885422706604004,
      8.179631233215332,
      16.13740348815918,
      10.436847686767578,
      12.101510047912598,
      7.054360389709473,
      12.448047637939453,
      8.76016902923584,
      13.438356399536133,
      8.037468910217285,
      14.761449813842773,
      12.584081649780273,
      12.311144828796387,
      12.278191566467285,
      13.137308120727539,
      12.523898124694824,
      11.693951606750488,
      10.551040649414062
    ],
    [
      6.708832263946533,
      7.412167549133301,
      10.436847686767578,
      19.564958572387695,
      8.508345603942871,
      11.134501457214355,
      9.207316398620605,
      11.605997085571289,
      6.736530780792236,
      8.855106353759766,
      5.084344863891602,
      8.282843589782715,
      5.075109958648682,
      6.9215006828308105,
      4.305111408233643,
      5.998549461364746,
      4.169497489929199,
      5.33928918838501
    ],
    [
      6.573030471801758,
      9.789345741271973,
      12.101510047912598,
      8.508345603942871,
      43.097171783447266,
      30.557796478271484,
      41.991905212402344,
      29.313644409179688,
      43.85908126831055,
      31.88113784790039,
      37.228843688964844,
      30.8128604888916,
      23.9527587890625,
      22.128740310668945,
      24.23991584777832,
      20.96241569519043,
      21.490434646606445,
      17.639530181884766
    ],
    [
      9.966638565063477,
      12.959177017211914,
      7.054360389709473,
      11.134501457214355,
      30.557796478271484,
      48.34727478027344,
      28.31342887878418,
      39.74824523925781,
      30.215993881225586,
      41.72563552856445,
      18.897966384887695,
      29.046689987182617,
      10.785879135131836,
      18.739032745361328,
      7.157390594482422,
      13.700480461120605,
      9.424847602844238,
      12.739236831665039
    ],
    [
      5.679325103759766,
      10.417489051818848,
      12.448047637939453,
      9.207316398620605,
      41.991905212402344,
      28.31342887878418,
      67.0826644897461,
      43.576053619384766,
      59.954490661621094,
      46.36869812011719,
      49.06101608276367,
      42.67536163330078,
      30.48606300354004,
      29.143129348754883,
      28.997440338134766,
      26.213890075683594,
      26.075252532958984,
      21.36957550048828
    ],
    [
      9.147469520568848,
      14.215535163879395,
      8.76016902923584,
      11.605997085571289,
      29.313644409179688,
      39.74824523925781,
      43.576053619384766,
      55.97588348388672,
      40.47243881225586,
      51.979888916015625,
      29.013769149780273,
      41.03184509277344,
      18.729509353637695,
      28.33814811706543,
      14.084360122680664,
      21.229835510253906,
      15.45801067352295,
      18.258989334106445
    ],
    [
      5.95960807800293,
      11.097146987915039,
      13.438356399536133,
      6.736530780792236,
      43.85908126831055,
      30.215993881225586,
      59.954490661621094,
      40.47243881225586,
      79.5765151977539,
      60.76839828491211,
      62.21133041381836,
      54.17900466918945,
      38.29708480834961,
      34.88435363769531,
      35.06257247924805,
      30.85221290588379,
      29.678211212158203,
      25.076387405395508
    ],
    [
      7.881097316741943,
      13.069112777709961,
      8.037468910217285,
      8.855106353759766,
      31.88113784790039,
      41.72563552856445,
      46.36869812011719,
      51.979888916015625,
      60.76839828491211,
      81.49739837646484,
      42.34389877319336,
      56.86014175415039,
      24.877609252929688,
      34.75178527832031,
      17.217370986938477,
      25.901918411254883,
      18.489694595336914,
      22.118837356567383
    ],
    [
      5.068523406982422,
      10.081402778625488,
      14.761449813842773,
      5.084344863891602,
      37.228843688964844,
      18.897966384887695,
      49.06101608276367,
      29.013769149780273,
      62.21133041381836,
      42.34389877319336,
      70.4778823852539,
      54.63600158691406,
      47.574649810791016,
      40.7391471862793,
      43.70744323730469,
      36.89918899536133,
      36.508392333984375,
      29.290912628173828
    ],
    [
      8.53513240814209,
      13.646461486816406,
      12.584081649780273,
      8.282843589782715,
      30.8128604888916,
      29.046689987182617,
      42.67536163330078,
      41.03184509277344,
      54.17900466918945,
      56.86014175415039,
      54.63600158691406,
      65.82085418701172,
      38.111690521240234,
      44.6268424987793,
      30.393468856811523,
      36.445213317871094,
      29.811098098754883,
      30.81953239440918
    ],
    [
      4.662092208862305,
      7.778625965118408,
      12.311144828796387,
      5.075109958648682,
      23.9527587890625,
      10.785879135131836,
      30.48606300354004,
      18.729509353637695,
      38.29708480834961,
      24.877609252929688,
      47.574649810791016,
      38.111690521240234,
      56.78889846801758,
      45.47766876220703,
      52.39060592651367,
      45.514984130859375,
      47.817420959472656,
      38.34139633178711
    ],
    [
      7.618171215057373,
      12.014838218688965,
      12.278191566467285,
      6.9215006828308105,
      22.128740310668945,
      18.739032745361328,
      29.143129348754883,
      28.33814811706543,
      34.88435363769531,
      34.75178527832031,
      40.7391471862793,
      44.6268424987793,
      45.47766876220703,
      61.40446853637695,
      41.314971923828125,
      56.492671966552734,
      46.65078353881836,
      50.62578582763672
    ],
    [
      5.275261878967285,
      7.942506313323975,
      13.137308120727539,
      4.305111408233643,
      24.23991584777832,
      7.157390594482422,
      28.997440338134766,
      14.084360122680664,
      35.06257247924805,
      17.217370986938477,
      43.70744323730469,
      30.393468856811523,
      52.39060592651367,
      41.314971923828125,
      60.3856315612793,
      47.18096923828125,
      54.285789489746094,
      41.87269592285156
    ],
    [
      7.530653953552246,
      10.981649398803711,
      12.523898124694824,
      5.998549461364746,
      20.96241569519043,
      13.700480461120605,
      26.213890075683594,
      21.229835510253906,
      30.85221290588379,
      25.901918411254883,
      36.89918899536133,
      36.445213317871094,
      45.514984130859375,
      56.492671966552734,
      47.18096923828125,
      58.0666618347168,
      53.799564361572266,
      53.87679672241211
    ],
    [
      6.113546371459961,
      8.735292434692383,
      11.693951606750488,
      4.169497489929199,
      21.490434646606445,
      9.424847602844238,
      26.075252532958984,
      15.45801067352295,
      29.678211212158203,
      18.489694595336914,
      36.508392333984375,
      29.811098098754883,
      47.817420959472656,
      46.65078353881836,
      54.285789489746094,
      53.799564361572266,
      66.32003784179688,
      54.466556549072266
    ],
    [
      8.181446075439453,
      10.926849365234375,
      10.551040649414062,
      5.33928918838501,
      17.639530181884766,
      12.739236831665039,
      21.36957550048828,
      18.258989334106445,
      25.076387405395508,
      22.118837356567383,
      29.290912628173828,
      30.81953239440918,
      38.34139633178711,
      50.62578582763672,
      41.87269592285156,
      53.87679672241211,
      54.466556549072266,
      55.40700149536133
    ]
  ],
  "covariance_short": [
    [
      31.16661834716797,
      28.917621612548828,
      14.030134201049805,
      7.298871994018555,
      7.153641700744629,
      8.31915283203125,
      6.864068508148193,
      6.799787521362305,
      5.6009674072265625,
      5.832961559295654,
      5.861316680908203,
      7.893162727355957,
      8.326732635498047,
      10.865520477294922,
      8.39181900024414,
      10.377083778381348,
      11.828927040100098,
      10.146987915039062
    ],
    [
      28.917621612548828,
      32.47068405151367,
      14.600719451904297,
      8.10986328125,
      9.563533782958984,
      10.6138277053833,
      10.219042778015137,
      10.122879981994629,
      8.46902084350586,
      8.650908470153809,
      8.673650741577148,
      11.006159782409668,
      10.043294906616211,
      13.564947128295898,
      10.741808891296387,
      12.454569816589355,
      13.858880043029785,
      11.3370943069458
    ],
    [
      14.030134201049805,
      14.600719451904297,
      23.399587631225586,
      13.428607940673828,
      15.162712097167969,
      10.688508033752441,
      13.248845100402832,
      11.121283531188965,
      13.754384994506836,
      10.396404266357422,
      15.85647201538086,
      16.619518280029297,
      16.699771881103516,
      17.999256134033203,
      19.92823600769043,
      18.30560302734375,
      21.63802146911621,
      15.710405349731445
    ],
    [
      7.298871994018555,
      8.10986328125,
      13.428607940673828,
      24.05792999267578,
      12.065824508666992,
      14.647665023803711,
      11.059459686279297,
      13.796338081359863,
      9.168591499328613,
      11.266722679138184,
      7.325918197631836,
      11.509936332702637,
      5.729822158813477,
      9.485742568969727,
      6.09276819229126,
      7.057186603546143,
      7.820094108581543,
      5.853968143463135
    ],
    [
      7.153641700744629,
      9.563533782958984,
      15.162712097167969,
      12.065824508666992,
      57.80790328979492,
      40.28399658203125,
      49.81459426879883,
      36.7017936706543,
      49.63783264160156,
      39.12374496459961,
      44.748695373535156,
      41.520755767822266,
      32.79664611816406,
      30.697221755981445,
      34.0410270690918,
      27.114408493041992,
      31.353723526000977,
      19.303834915161133
    ],
    [
      8.31915283203125,
      10.6138277053833,
      10.688508033752441,
      14.647665023803711,
      40.28399658203125,
      60.18520736694336,
      35.519065856933594,
      45.53276443481445,
      35.27531433105469,
      46.42449188232422,
      23.4497127532959,
      37.31871795654297,
      13.24264907836914,
      24.082725524902344,
      6.856158256530762,
      12.772514343261719,
      7.580262660980225,
      8.509307861328125
    ],
    [
      6.864068508148193,
      10.219042778015137,
      13.248845100402832,
      11.059459686279297,
      49.81459426879883,
      35.519065856933594,
      81.36636352539062,
      52.6400260925293,
      68.46961212158203,
      55.047428131103516,
      57.78076934814453,
      54.66382598876953,
      40.63835906982422,
      38.909873962402344,
      39.64221954345703,
      32.66593933105469,
      37.3681526184082,
      22.599252700805664
    ],
    [
      6.799787521362305,
      10.122879981994629,
      11.121283531188965,
      13.796338081359863,
      36.7017936706543,
      45.53276443481445,
      52.6400260925293,
      67.6137924194336,
      46.656158447265625,
      58.87006759643555,
      34.83878707885742,
      50.99835205078125,
      22.490571975708008,
      35.392845153808594,
      16.232852935791016,
      21.59385871887207,
      17.09311866760254,
      14.636331558227539
    ],
    [
      5.6009674072265625,
      8.46902084350586,
      13.754384994506836,
      9.168591499328613,
      49.63783264160156,
      35.27531433105469,
      68.46961212158203,
      46.656158447265625,
      95.28028106689453,
      71.19495391845703,
      73.40290069580078,
      66.36969757080078,
      51.65806198120117,
      47.921714782714844,
      47.67159652709961,
      39.54552459716797,
      43.364227294921875,
      27.82779312133789
    ],
    [
      5.832961559295654,
      8.650908470153809,
      10.396404266357422,
      11.266722679138184,
      39.12374496459961,
      46.42449188232422,
      55.047428131103516,
      58.87006759643555,
      71.19495391845703,
      97.67866516113281,
      51.1944465637207,
      70.43265533447266,
      34.289066314697266,
      47.37217330932617,
      23.670982360839844,
      30.20212173461914,
      23.90010643005371,
      20.98571014404297
    ],
    [
      5.861316680908203,
      8.673650741577148,
      15.85647201538086,
      7.325918197631836,
      44.748695373535156,
      23.4497127532959,
      57.78076934814453,
      34.83878707885742,
      73.40290069580078,
      51.1944465637207,
      92.63843536376953,
      70.88849639892578,
      73.80784606933594,
      61.90719223022461,
      70.32041931152344,
      55.870849609375,
      62.94446563720703,
      40.58990478515625
    ],
    [
      7.893162727355957,
      11.006159782409668,
      16.619518280029297,
      11.509936332702637,
      41.520755767822266,
      37.31871795654297,
      54.66382598876953,
      50.99835205078125,
      66.36969757080078,
      70.43265533447266,
      70.88849639892578,
      94.31800842285156,
      61.33940505981445,
      68.79209899902344,
      51.2398681640625,
      52.570926666259766,
      50.32712173461914,
      38.72411346435547
    ],
    [
      8.326732635498047,
      10.043294906616211,
      16.699771881103516,
      5.729822158813477,
      32.79664611816406,
      13.24264907836914,
      40.63835906982422,
      22.490571975708008,
      51.65806198120117,
      34.289066314697266,
      73.80784606933594,
      61.33940505981445,
      106.27938079833984,
      82.44264221191406,
      99.28390502929688,
      82.2242660522461,
      93.06655883789062,
      66.38299560546875
    ],
    [
      10.865520477294922,
      13.564947128295898,
      17.999256134033203,
      9.485742568969727,
      30.697221755981445,
      24.082725524902344,
      38.909873962402344,
      35.392845153808594,
      47.921714782714844,
      47.37217330932617,
      61.90719223022461,
      68.79209899902344,
      82.44264221191406,
      90.24392700195312,
      76.69166564941406,
      79.3127212524414,
      84.95610809326172,
      66.18843841552734
    ],
    [
      8.39181900024414,
      10.741808891296387,
      19.92823600769043,
      6.09276819229126,
      34.0410270690918,
      6.856158256530762,
      39.64221954345703,
      16.232852935791016,
      47.67159652709961,
      23.670982360839844,
      70.32041931152344,
      51.2398681640625,
      99.28390502929688,
      76.69166564941406,
      123.29280853271484,
      89.83802795410156,
      111.7142562866211,
      75.18109130859375
    ],
    [
      10.377083778381348,
      12.454569816589355,
      18.30560302734375,
      7.057186603546143,
      27.114408493041992,
      12.772514343261719,
      32.66593933105469,
      21.59385871887207,
      39.54552459716797,
      30.20212173461914,
      55.870849609375,
      52.570926666259766,
      82.2242660522461,
      79.3127212524414,
      89.83802795410156,
      83.95459747314453,
      97.00611114501953,
      73.0631332397461
    ],
    [
      11.828927040100098,
      13.858880043029785,
      21.63802146911621,
      7.820094108581543,
      31.353723526000977,
      7.580262660980225,
      37.3681526184082,
      17.09311866760254,
      43.364227294921875,
      23.90010643005371,
      62.94446563720703,
      50.32712173461914,
      93.06655883789062,
      84.95610809326172,
      111.7142562866211,
      97.00611114501953,
      128.92306518554688,
      90.03932189941406
    ],
    [
      10.146987915039062,
      11.3370943069458,
      15.710405349731445,
      5.853968143463135,
      19.303834915161133,
      8.509307861328125,
      22.599252700805664,
      14.636331558227539,
      27.82779312133789,
      20.98571014404297,
      40.58990478515625,
      38.72411346435547,
      66.38299560546875,
      66.18843841552734,
      75.18109130859375,
      73.0631332397461,
      90.03932189941406,
      73.32789611816406
    ]
  ],
  "drr": 14.494364738464355,
  "dynamics": 3.358757734298706,
  "format": 1245190,
  "frames": 8849408,
  "loudness": -13.450886726379395,
  "loudness_range": 8.916385650634766,
  "loudness_range_short": 11.963371276855469,
  "peak": 0.08789021521806717,
  "rms": -14.947240829467773,
  "sample_rate": 44100,
  "sections": 1,
  "seekable": 1,
  "sharpness": 2.8191277980804443,
  "space": -14.274796485900879
}