{
  "bands": [
    {
      "high_freq": 148.1999969482422,
      "loudness": -17.24872589111328,
      "loudness_range": 6.494102478027344,
      "mid_mean": -13.788847923278809,
      "mid_to_side_loudness": -13.085611343383789,
      "mid_to_side_loudness_range": 9.728979110717773,
      "side_mean": -27.16890525817871
    },
    {
      "high_freq": 392.3793640136719,
      "loudness": -18.279048919677734,
      "loudness_range": 6.124119758605957,
      "low_freq": 148.1999969482422,
      "mid_mean": -15.651566505432129,
      "mid_to_side_loudness": -5.869628429412842,
      "mid_to_side_loudness_range": 7.359619617462158,
      "side_mean": -21.657480239868164
    },
    {
      "high_freq": 794.6976318359375,
      "loudness": -22.922893524169922,
      "loudness_range": 12.259998321533203,
      "low_freq": 392.3793640136719,
      "mid_mean": -20.24895477294922,
      "mid_to_side_loudness": -6.479789733886719,
      "mid_to_side_loudness_range": 9.795936584472656,
      "side_mean": -26.832971572875977
    },
    {
      "high_freq": 1457.5709228515625,
      "loudness": -28.263269424438477,
      "loudness_range": 17.624324798583984,
      "low_freq": 794.6976318359375,
      "mid_mean": -25.784318923950195,
      "mid_to_side_loudness": -6.0323615074157715,
      "mid_to_side_loudness_range": 11.039105415344238,
      "side_mean": -31.863685607910156
    },
    {
      "high_freq": 2549.74365234375,
      "loudness": -29.874570846557617,
      "loudness_range": 16.497282028198242,
      "low_freq": 1457.5709228515625,
      "mid_mean": -27.069589614868164,
      "mid_to_side_loudness": -7.330256938934326,
      "mid_to_side_loudness_range": 10.514338493347168,
      "side_mean": -34.39200210571289
    },
    {
      "high_freq": 4349.24462890625,
      "loudness": -31.234214782714844,
      "loudness_range": 13.683645248413086,
      "low_freq": 2549.74365234375,
      "mid_mean": -28.44556427001953,
      "mid_to_side_loudness": -7.096069812774658,
      "mid_to_side_loudness_range": 9.040816307067871,
      "side_mean": -35.38683319091797
    },
    {
      "high_freq": 7314.1640625,
      "loudness": -34.395423889160156,
      "loudness_range": 20.644744873046875,
      "low_freq": 4349.24462890625,
      "mid_mean": -31.411663055419922,
      "mid_to_side_loudness": -7.562084197998047,
      "mid_to_side_loudness_range": 8.101367950439453,
      "side_mean": -39.44949722290039
    },
    {
      "high_freq": 12199.2666015625,
      "loudness": -39.70623016357422,
      "loudness_range": 25.499229431152344,
      "low_freq": 7314.1640625,
      "mid_mean": -36.74396514892578,
      "mid_to_side_loudness": -7.446793079376221,
      "mid_to_side_loudness_range": 8.230031967163086,
      "side_mean": -44.58425521850586
    },
    {
      "loudness": -51.02183151245117,
      "loudness_range": 23.023448944091797,
      "low_freq": 12199.2666015625,
      "mid_mean": -48.30017852783203,
      "mid_to_side_loudness": -6.041430473327637,
      "mid_to_side_loudness_range": 9.09965705871582,
      "side_mean": -54.59953308105469
    }
  ],
  "bands_short": [
    {
      "high_freq": 148.1999969482422,
      "loudness": -19.70367431640625,
      "loudness_range": 13.983745574951172,
      "mid_mean": -16.455209732055664,
      "mid_to_side_loudness": -12.913248062133789,
      "mid_to_side_loudness_range": 19.072751998901367,
      "side_mean": -29.6849308013916
    },
    {
      "high_freq": 392.3793640136719,
      "loudness": -18.02190589904785,
      "loudness_range": 8.958069801330566,
      "low_freq": 148.1999969482422,
      "mid_mean": -15.36373233795166,
      "mid_to_side_loudness": -6.770048141479492,
      "mid_to_side_loudness_range": 11.691779136657715,
      "side_mean": -22.35337257385254
    },
    {
      "high_freq": 794.6976318359375,
      "loudness": -24.032176971435547,
      "loudness_range": 15.597932815551758,
      "low_freq": 392.3793640136719,
      "mid_mean": -21.445579528808594,
      "mid_to_side_loudness": -6.588130474090576,
      "mid_to_side_loudness_range": 12.600574493408203,
      "side_mean": -28.348955154418945
    },
    {
      "high_freq": 1457.5709228515625,
      "loudness": -28.542495727539062,
      "loudness_range": 23.677812576293945,
      "low_freq": 794.6976318359375,
      "mid_mean": -26.11966323852539,
      "mid_to_side_loudness": -6.474160671234131,
      "mid_to_side_loudness_range": 14.476613998413086,
      "side_mean": -32.9889030456543
    },
    {
      "high_freq": 2549.74365234375,
      "loudness": -32.3591194152832,
      "loudness_range": 23.270275115966797,
      "low_freq": 1457.5709228515625,
      "mid_mean": -29.56950569152832,
      "mid_to_side_loudness": -7.839756011962891,
      "mid_to_side_loudness_range": 13.381775856018066,
      "side_mean": -37.93955993652344
    },
    {
      "high_freq": 4349.24462890625,
      "loudness": -34.05667495727539,
      "loudness_range": 23.225982666015625,
      "low_freq": 2549.74365234375,
      "mid_mean": -31.28392791748047,
      "mid_to_side_loudness": -7.822685241699219,
      "mid_to_side_loudness_range": 12.335201263427734,
      "side_mean": -39.6060676574707
    },
    {
      "high_freq": 7314.1640625,
      "loudness": -38.59138488769531,
      "loudness_range": 28.988603591918945,
      "low_freq": 4349.24462890625,
      "mid_mean": -35.911991119384766,
      "mid_to_side_loudness": -7.610222339630127,
      "mid_to_side_loudness_range": 10.340617179870605,
      "side_mean": -44.169898986816406
    },
    {
      "high_freq": 12199.2666015625,
      "loudness": -42.26313018798828,
      "loudness_range": 28.097745895385742,
      "low_freq": 7314.1640625,
      "mid_mean": -40.25139236450195,
      "mid_to_side_loudness": -7.349798679351807,
      "mid_to_side_loudness_range": 9.95203971862793,
      "side_mean": -49.216487884521484
    },
    {
      "loudness": -54.113956451416016,
      "loudness_range": 27.82785415649414,
      "low_freq": 12199.2666015625,
      "mid_mean": -51.806358337402344,
      "mid_to_side_loudness": -6.012191295623779,
      "mid_to_side_loudness_range": 9.466309547424316,
      "side_mean": -57.30984115600586
    }
  ],
  "channels": 2,
  "covariance": [
    [
      7.719358921051025,
      5.487481117248535,
      1.7962985038757324,
      1.6008293628692627,
      2.4619979858398438,
      2.1064343452453613,
      1.6444443464279175,
      1.1596639156341553,
      1.731511116027832,
      1.110729694366455,
      2.1017634868621826,
      1.4718327522277832,
      -1.606178879737854,
      -1.1220470666885376,
      -1.7582882642745972,
      -1.9614819288253784,
      3.988797664642334,
      2.060880422592163
    ],
    [
      5.487481117248535,
      17.324064254760742,
      3.5623040199279785,
      3.316103935241699,
      6.082168102264404,
      3.9685399532318115,
      5.7239227294921875,
      1.6319547891616821,
      6.181836128234863,
      3.3015456199645996,
      6.993166923522949,
      5.028221607208252,
      -4.53231954574585,
      -2.488804578781128,
      -3.6733593940734863,
      -3.785567045211792,
      10.453285217285156,
      6.300004482269287
    ],
    [
      1.7962985038757324,
      3.5623040199279785,
      8.130547523498535,
      4.082029342651367,
      5.1670756340026855,
      3.5182876586914062,
      4.296841621398926,
      2.228262424468994,
      4.691847801208496,
      2.704357862472534,
      4.738479137420654,
      2.4553744792938232,
      4.22507905960083,
      3.185805320739746,
      5.292669296264648,
      4.58487606048584,
      9.225293159484863,
      8.287245750427246
    ],
    [
      1.6008293628692627,
      3.316103935241699,
      4.082029342651367,
      6.478786468505859,
      4.2736430168151855,
      4.432042121887207,
      5.354535102844238,
      4.061626434326172,
      4.5356268882751465,
      4.433134078979492,
      4.38560152053833,
      3.0812439918518066,
      4.086872577667236,
      3.108642578125,
      5.651266574859619,
      5.827369213104248,
      8.188664436340332,
      8.341608047485352
    ],
    [
      2.4619979858398438,
      6.082168102264404,
      5.1670756340026855,
      4.2736430168151855,
      24.586469650268555,
      12.73118782043457,
      20.460494995117188,
      12.461799621582031,
      16.634883880615234,
      11.578808784484863,
      11.398832321166992,
      8.137492179870605,
      4.529917240142822,
      4.843982696533203,
      8.289199829101562,
      10.471369743347168,
      14.13071346282959,
      14.551494598388672
    ],
    [
      2.1064343452453613,
      3.9685399532318115,
      3.5182876586914062,
      4.432042121887207,
      12.73118782043457,
      14.36799144744873,
      13.551556587219238,
      11.896599769592285,
      10.692435264587402,
      9.824477195739746,
      6.972893238067627,
      5.059567451477051,
      2.6722819805145264,
      2.595865249633789,
      4.776449203491211,
      6.4708170890808105,
      8.379122734069824,
      9.23041820526123
    ],
    [
      1.6444443464279175,
      5.7239227294921875,
      4.296841621398926,
      5.354535102844238,
      20.460494995117188,
      13.551556587219238,
      37.48463821411133,
      22.55025863647461,
      27.433582305908203,
      20.471994400024414,
      19.095504760742188,
      13.173828125,
      10.677389144897461,
      9.959515571594238,
      17.88326644897461,
      21.37691879272461,
      22.17459487915039,
      24.338382720947266
    ],
    [
      1.1596639156341553,
      1.6319547891616821,
      2.228262424468994,
      4.061626434326172,
      12.461799621582031,
      11.896599769592285,
      22.55025863647461,
      23.798053741455078,
      17.06126594543457,
      18.214799880981445,
      11.499750137329102,
      10.14680004119873,
      8.154959678649902,
      8.28112506866455,
      12.267409324645996,
      15.283402442932129,
      14.102676391601562,
      16.112380981445312
    ],
    [
      1.731511116027832,
      6.181836128234863,
      4.691847801208496,
      4.5356268882751465,
      16.634883880615234,
      10.692435264587402,
      27.433582305908203,
      17.06126594543457,
      32.915687561035156,
      23.348583221435547,
      25.893678665161133,
      17.583097457885742,
      17.669252395629883,
      14.986044883728027,
      23.014501571655273,
      24.945642471313477,
      29.159038543701172,
      29.871875762939453
    ],
    [
      1.110729694366455,
      3.3015456199645996,
      2.704357862472534,
      4.433134078979492,
      11.578808784484863,
      9.824477195739746,
      20.471994400024414,
      18.214799880981445,
      23.348583221435547,
      26.716236114501953,
      18.62395477294922,
      18.227338790893555,
      15.9133882522583,
      15.190585136413574,
      19.293292999267578,
      21.935998916625977,
      23.11149787902832,
      24.48548698425293
    ],
    [
      2.1017634868621826,
      6.993166923522949,
      4.738479137420654,
      4.38560152053833,
      11.398832321166992,
      6.972893238067627,
      19.095504760742188,
      11.499750137329102,
      25.893678665161133,
      18.62395477294922,
      32.51723861694336,
      22.483549118041992,
      26.200132369995117,
      21.85450553894043,
      29.65009117126465,
      29.76822280883789,
      36.90203094482422,
      35.2282829284668
    ],
    [
      1.4718327522277832,
      5.028221607208252,
      2.4553744792938232,
      3.0812439918518066,
      8.137492179870605,
      5.059567451477051,
      13.173828125,
      10.14680004119873,
      17.583097457885742,
      18.227338790893555,
      22.483549118041992,
      24.93706512451172,
      21.4279842376709,
      20.759946823120117,
      22.18305778503418,
      23.78886604309082,
      27.629554748535156,
      27.009246826171875
    ],
    [
      -1.606178879737854,
      -4.53231954574585,
      4.22507905960083,
      4.086872577667236,
      4.529917240142822,
      2.6722819805145264,
      10.677389144897461,
      8.154959678649902,
      17.669252395629883,
      15.9133882522583,
      26.200132369995117,
      21.4279842376709,
      53.002288818359375,
      42.066246032714844,
      53.78684616088867,
      50.38422393798828,
      45.5835075378418,
      42.39122772216797
    ],
    [
      -1.1220470666885376,
      -2.488804578781128,
      3.185805320739746,
      3.108642578125,
      4.843982696533203,
      2.595865249633789,
      9.959515571594238,
      8.28112506866455,
      14.986044883728027,
      15.190585136413574,
      21.85450553894043,
      20.759946823120117,
      42.066246032714844,
      38.199951171875,
      41.779998779296875,
      41.75539016723633,
      37.48123550415039,
      36.77814483642578
    ],
    [
      -1.7582882642745972,
      -3.6733593940734863,
      5.292669296264648,
      5.651266574859619,
      8.289199829101562,
      4.776449203491211,
      17.88326644897461,
      12.267409324645996,
      23.014501571655273,
      19.293292999267578,
      29.65009117126465,
      22.18305778503418,
      53.78684616088867,
      41.779998779296875,
      67.32755279541016,
      61.81338882446289,
      56.54558181762695,
      50.84241485595703
    ],
    [
      -1.9614819288253784,
      -3.785567045211792,
      4.58487606048584,
      5.827369213104248,
      10.471369743347168,
      6.4708170890808105,
      21.37691879272461,
      15.283402442932129,
      24.945642471313477,
      21.935998916625977,
      29.76822280883789,
      23.78886604309082,
      50.38422393798828,
      41.75539016723633,
      61.81338882446289,
      62.79853439331055,
      53.735591888427734,
      53.74148178100586
    ],
    [
      3.988797664642334,
      10.453285217285156,
      9.225293159484863,
      8.188664436340332,
      14.13071346282959,
      8.379122734069824,
      22.17459487915039,
      14.102676391601562,
      29.159038543701172,
      23.11149787902832,
      36.90203094482422,
      27.629554748535156,
      45.5835075378418,
      37.48123550415039,
      56.54558181762695,
      53.735591888427734,
      67.83008575439453,
      59.23508834838867
    ],
    [
      2.060880422592163,
      6.300004482269287,
      8.287245750427246,
      8.341608047485352,
      14.551494598388672,
      9.23041820526123,
      24.338382720947266,
      16.112380981445312,
      29.871875762939453,
      24.48548698425293,
      35.2282829284668,
      27.009246826171875,
      42.39122772216797,
      36.77814483642578,
      50.84241485595703,
      53.74148178100586,
      59.23508834838867,
      66.12248229980469
    ]
  ],
  "covariance_short": [
    [
      29.45125389099121,
      9.068915367126465,
      3.1327805519104004,
      2.663606882095337,
      3.3699004650115967,
      5.227721691131592,
      3.151789903640747,
      5.664032936096191,
      3.6951913833618164,
      5.372013568878174,
      4.115907669067383,
      5.236862659454346,
      1.7009822130203247,
      2.9691758155822754,
      -0.7247211337089539,
      2.500668525695801,
      1.8245549201965332,
      1.0475389957427979
    ],
    [
      9.068915367126465,
      32.523868560791016,
      2.165083885192871,
      5.186986446380615,
      6.92033576965332,
      7.5587944984436035,
      7.8785400390625,
      6.853307723999023,
      6.602126598358154,
      6.662423133850098,
      4.147005558013916,
      4.1830925941467285,
      -2.01159405708313,
      -0.12131580710411072,
      -3.3140647411346436,
      9.797277450561523,
      7.243926048278809,
      4.619499206542969
    ],
    [
      3.1327805519104004,
      2.165083885192871,
      17.357812881469727,
      7.814709186553955,
      10.196160316467285,
      10.07628345489502,
      5.656973361968994,
      7.106074810028076,
      8.542871475219727,
      9.678481101989746,
      9.07077693939209,
      9.927621841430664,
      9.583450317382812,
      10.612122535705566,
      8.519998550415039,
      13.278401374816895,
      10.925087928771973,
      8.825931549072266
    ],
    [
      2.663606882095337,
      5.186986446380615,
      7.814709186553955,
      16.2567081451416,
      9.107823371887207,
      13.449193954467773,
      9.697005271911621,
      10.697940826416016,
      10.540127754211426,
      12.22921085357666,
      9.597352027893066,
      9.91573715209961,
      9.926898002624512,
      9.606986999511719,
      10.316261291503906,
      15.480888366699219,
      12.821247100830078,
      11.128536224365234
    ],
    [
      3.3699004650115967,
      6.92033576965332,
      10.196160316467285,
      9.107823371887207,
      36.93198013305664,
      23.423419952392578,
      32.30044174194336,
      22.667932510375977,
      27.36348533630371,
      23.89153480529785,
      21.149799346923828,
      18.222803115844727,
      12.464292526245117,
      13.372403144836426,
      16.182331085205078,
      25.2166690826416,
      18.64151954650879,
      18.377405166625977
    ],
    [
      5.227721691131592,
      7.5587944984436035,
      10.07628345489502,
      13.449193954467773,
      23.423419952392578,
      31.666589736938477,
      25.01478385925293,
      23.766340255737305,
      21.723236083984375,
      23.77196502685547,
      18.24154281616211,
      18.210588455200195,
      14.210494995117188,
      15.078916549682617,
      15.345795631408691,
      23.452606201171875,
      16.840003967285156,
      17.148157119750977
    ],
    [
      3.151789903640747,
      7.8785400390625,
      5.656973361968994,
      9.697005271911621,
      32.30044174194336,
      25.01478385925293,
      68.67748260498047,
      47.8349723815918,
      48.32400894165039,
      44.099220275878906,
      35.222023010253906,
      32.80186080932617,
      21.758424758911133,
      23.059938430786133,
      29.183292388916016,
      39.32783889770508,
      28.30040168762207,
      32.03551483154297
    ],
    [
      5.664032936096191,
      6.853307723999023,
      7.106074810028076,
      10.697940826416016,
      22.667932510375977,
      23.766340255737305,
      47.8349723815918,
      55.946754455566406,
      35.980796813964844,
      43.64891052246094,
      28.795055389404297,
      32.27851486206055,
      23.56292724609375,
      25.369325637817383,
      26.766611099243164,
      34.371551513671875,
      24.904922485351562,
      27.026519775390625
    ],
    [
      3.6951913833618164,
      6.602126598358154,
      8.542871475219727,
      10.540127754211426,
      27.36348533630371,
      21.723236083984375,
      48.32400894165039,
      35.980796813964844,
      66.8862075805664,
      52.748138427734375,
      54.35400390625,
      47.914756774902344,
      45.257423400878906,
      42.860076904296875,
      49.61301040649414,
      55.440895080566406,
      44.58076858520508,
      43.65681457519531
    ],
    [
      5.372013568878174,
      6.662423133850098,
      9.678481101989746,
      12.22921085357666,
      23.89153480529785,
      23.77196502685547,
      44.099220275878906,
      43.64891052246094,
      52.748138427734375,
      62.991424560546875,
      48.15839767456055,
      53.161888122558594,
      46.15217971801758,
      47.77803039550781,
      47.32326126098633,
      55.04307556152344,
      42.301605224609375,
      41.83882522583008
    ],
    [
      4.115907669067383,
      4.147005558013916,
      9.07077693939209,
      9.597352027893066,
      21.149799346923828,
      18.24154281616211,
      35.222023010253906,
      28.795055389404297,
      54.35400390625,
      48.15839767456055,
      69.1871337890625,
      58.56824493408203,
      65.64798736572266,
      60.617183685302734,
      65.19808197021484,
      67.4399185180664,
      55.416019439697266,
      50.03955078125
    ],
    [
      5.236862659454346,
      4.1830925941467285,
      9.927621841430664,
      9.91573715209961,
      18.222803115844727,
      18.210588455200195,
      32.80186080932617,
      32.27851486206055,
      47.914756774902344,
      53.161888122558594,
      58.56824493408203,
      69.36907196044922,
      64.80680084228516,
      67.86044311523438,
      61.36850357055664,
      68.64978790283203,
      53.19224548339844,
      49.070220947265625
    ],
    [
      1.7009822130203247,
      -2.01159405708313,
      9.583450317382812,
      9.926898002624512,
      12.464292526245117,
      14.210494995117188,
      21.758424758911133,
      23.56292724609375,
      45.257423400878906,
      46.15217971801758,
      65.64798736572266,
      64.80680084228516,
      96.90885925292969,
      84.72578430175781,
      87.90596008300781,
      83.45004272460938,
      69.81151580810547,
      58.7528076171875
    ],
    [
      2.9691758155822754,
      -0.12131580710411072,
      10.612122535705566,
      9.606986999511719,
      13.372403144836426,
      15.078916549682617,
      23.059938430786133,
      25.369325637817383,
      42.860076904296875,
      47.77803039550781,
      60.617183685302734,
      67.86044311523438,
      84.72578430175781,
      88.17086791992188,
      78.28277587890625,
      83.1055908203125,
      64.60092163085938,
      58.05220413208008
    ],
    [
      -0.7247211337089539,
      -3.3140647411346436,
      8.519998550415039,
      10.316261291503906,
      16.182331085205078,
      15.345795631408691,
      29.183292388916016,
      26.766611099243164,
      49.61301040649414,
      47.32326126098633,
      65.19808197021484,
      61.36850357055664,
      87.90596008300781,
      78.28277587890625,
      105.48786926269531,
      93.97299194335938,
      79.89176177978516,
      67.73655700683594
    ],
    [
      2.500668525695801,
      9.797277450561523,
      13.278401374816895,
      15.480888366699219,
      25.2166690826416,
      23.452606201171875,
      39.32783889770508,
      34.371551513671875,
      55.440895080566406,
      55.04307556152344,
      67.4399185180664,
      68.64978790283203,
      83.45004272460938,
      83.1055908203125,
      93.97299194335938,
      113.37234497070312,
      87.46854400634766,
      79.09896850585938
    ],
    [
      1.8245549201965332,
      7.243926048278809,
      10.925087928771973,
      12.821247100830078,
      18.64151954650879,
      16.840003967285156,
      28.30040168762207,
      24.904922485351562,
      44.58076858520508,
      42.301605224609375,
      55.416019439697266,
      53.19224548339844,
      69.81151580810547,
      64.60092163085938,
      79.89176177978516,
      87.46854400634766,
      86.38731384277344,
      70.17245483398438
    ],
    [
      1.0475389957427979,
      4.619499206542969,
      8.825931549072266,
      11.128536224365234,
      18.377405166625977,
      17.148157119750977,
      32.03551483154297,
      27.026519775390625,
      43.65681457519531,
      41.83882522583008,
      50.03955078125,
      49.070220947265625,
      58.7528076171875,
      58.05220413208008,
      67.73655700683594,
      79.09896850585938,
      70.17245483398438,
      68.03910064697266
    ]
  ],
  "drr": 16.101755142211914,
  "dynamics": 2.030980348587036,
  "format": 1245190,
  "frames": 7098368,
  "loudness": -9.755313873291016,
  "loudness_range": 4.172830104827881,
  "loudness_range_short": 7.032786846160889,
  "peak": -0.07223091274499893,
  "rms": -11.289812088012695,
  "sample_rate": 44100,
  "sections": 1,
  "seekable": 1,
  "sharpness": 2.386082649230957,
  "space": -8.922774314880371
}