{
  "bands": [
    {
      "high_freq": 148.1999969482422,
      "loudness": -45.21878433227539,
      "loudness_range": 15.75040054321289,
      "mid_mean": -43.607059478759766,
      "mid_to_side_loudness": -3.7417407035827637,
      "mid_to_side_loudness_range": 12.68224811553955,
      "side_mean": -47.07180404663086
    },
    {
      "high_freq": 392.3793640136719,
      "loudness": -24.5830020904541,
      "loudness_range": 8.131231307983398,
      "low_freq": 148.1999969482422,
      "mid_mean": -23.599323272705078,
      "mid_to_side_loudness": -1.7842775583267212,
      "mid_to_side_loudness_range": 14.239313125610352,
      "side_mean": -25.44927978515625
    },
    {
      "high_freq": 794.6976318359375,
      "loudness": -33.22563171386719,
      "loudness_range": 19.469358444213867,
      "low_freq": 392.3793640136719,
      "mid_mean": -31.09222412109375,
      "mid_to_side_loudness": -6.344790458679199,
      "mid_to_side_loudness_range": 18.765480041503906,
      "side_mean": -37.75559997558594
    },
    {
      "high_freq": 1457.5709228515625,
      "loudness": -37.35106658935547,
      "loudness_range": 34.484771728515625,
      "low_freq": 794.6976318359375,
      "mid_mean": -35.20426559448242,
      "mid_to_side_loudness": -5.930538177490234,
      "mid_to_side_loudness_range": 21.426204681396484,
      "side_mean": -41.653560638427734
    },
    {
      "high_freq": 2549.74365234375,
      "loudness": -40.071006774902344,
      "loudness_range": 27.511505126953125,
      "low_freq": 1457.5709228515625,
      "mid_mean": -38.258052825927734,
      "mid_to_side_loudness": -5.498860836029053,
      "mid_to_side_loudness_range": 19.30111312866211,
      "side_mean": -44.24277877807617
    },
    {
      "high_freq": 4349.24462890625,
      "loudness": -43.05770492553711,
      "loudness_range": 28.342792510986328,
      "low_freq": 2549.74365234375,
      "mid_mean": -40.72575378417969,
      "mid_to_side_loudness": -7.433361053466797,
      "mid_to_side_loudness_range": 18.694040298461914,
      "side_mean": -49.28554916381836
    },
    {
      "high_freq": 7314.1640625,
      "loudness": -49.90731430053711,
      "loudness_range": 26.45034408569336,
      "low_freq": 4349.24462890625,
      "mid_mean": -48.434391021728516,
      "mid_to_side_loudness": -6.033656120300293,
      "mid_to_side_loudness_range": 18.331052780151367,
      "side_mean": -55.138057708740234
    },
    {
      "high_freq": 12199.2666015625,
      "loudness": -57.202545166015625,
      "loudness_range": 28.210533142089844,
      "low_freq": 7314.1640625,
      "mid_mean": -55.06422805786133,
      "mid_to_side_loudness": -8.402565956115723,
      "mid_to_side_loudness_range": 17.668489456176758,
      "side_mean": -62.765567779541016
    },
    {
      "loudness": -60.32497787475586,
      "loudness_range": 19.446910858154297,
      "low_freq": 12199.2666015625,
      "mid_mean": -57.53480529785156,
      "mid_to_side_loudness": -6.094995498657227,
      "mid_to_side_loudness_range": 13.833320617675781,
      "side_mean": -62.98956298828125
    }
  ],
  "bands_short": [
    {
      "high_freq": 148.1999969482422,
      "loudness": -49.59221267700195,
      "loudness_range": 21.153621673583984,
      "mid_mean": -47.80967330932617,
      "mid_to_side_loudness": -4.843433380126953,
      "mid_to_side_loudness_range": 16.43675994873047,
      "side_mean": -52.66386795043945
    },
    {
      "high_freq": 392.3793640136719,
      "loudness": -25.01508331298828,
      "loudness_range": 8.838081359863281,
      "low_freq": 148.1999969482422,
      "mid_mean": -24.163759231567383,
      "mid_to_side_loudness": -1.9445405006408691,
      "mid_to_side_loudness_range": 16.834339141845703,
      "side_mean": -26.449451446533203
    },
    {
      "high_freq": 794.6976318359375,
      "loudness": -32.54926681518555,
      "loudness_range": 20.419038772583008,
      "low_freq": 392.3793640136719,
      "mid_mean": -30.999967575073242,
      "mid_to_side_loudness": -4.324294090270996,
      "mid_to_side_loudness_range": 18.942096710205078,
      "side_mean": -35.314762115478516
    },
    {
      "high_freq": 1457.5709228515625,
      "loudness": -38.24947738647461,
      "loudness_range": 35.1605224609375,
      "low_freq": 794.6976318359375,
      "mid_mean": -36.373374938964844,
      "mid_to_side_loudness": -5.5989227294921875,
      "mid_to_side_loudness_range": 22.07863998413086,
      "side_mean": -42.48535919189453
    },
    {
      "high_freq": 2549.74365234375,
      "loudness": -41.20423889160156,
      "loudness_range": 29.003108978271484,
      "low_freq": 1457.5709228515625,
      "mid_mean": -39.502113342285156,
      "mid_to_side_loudness": -5.213831424713135,
      "mid_to_side_loudness_range": 20.331666946411133,
      "side_mean": -45.209014892578125
    },
    {
      "high_freq": 4349.24462890625,
      "loudness": -43.92267990112305,
      "loudness_range": 31.200101852416992,
      "low_freq": 2549.74365234375,
      "mid_mean": -41.745609283447266,
      "mid_to_side_loudness": -7.447436809539795,
      "mid_to_side_loudness_range": 20.327112197875977,
      "side_mean": -50.86311340332031
    },
    {
      "high_freq": 7314.1640625,
      "loudness": -51.36178970336914,
      "loudness_range": 28.63507080078125,
      "low_freq": 4349.24462890625,
      "mid_mean": -50.73792266845703,
      "mid_to_side_loudness": -6.1451921463012695,
      "mid_to_side_loudness_range": 19.54091453552246,
      "side_mean": -56.467567443847656
    },
    {
      "high_freq": 12199.2666015625,
      "loudness": -58.34870529174805,
      "loudness_range": 28.480770111083984,
      "low_freq": 7314.1640625,
      "mid_mean": -56.07029342651367,
      "mid_to_side_loudness": -7.960437774658203,
      "mid_to_side_loudness_range": 18.014039993286133,
      "side_mean": -63.24069595336914
    },
    {
      "loudness": -60.820430755615234,
      "loudness_range": 19.275516510009766,
      "low_freq": 12199.2666015625,
      "mid_mean": -58.03012466430664,
      "mid_to_side_loudness": -5.714442729949951,
      "mid_to_side_loudness_range": 13.53257942199707,
      "side_mean": -63.10379409790039
    }
  ],
  "channels": 2,
  "covariance": [
    [
      39.899620056152344,
      25.44202995300293,
      9.568645477294922,
      10.422565460205078,
      17.31705665588379,
      16.545915603637695,
      19.347028732299805,
      19.38577651977539,
      19.15452003479004,
      23.274742126464844,
      16.419677734375,
      25.312612533569336,
      17.3789005279541,
      18.85979461669922,
      16.934141159057617,
      9.457021713256836,
      12.233494758605957,
      6.263902187347412
    ],
    [
      25.44202995300293,
      34.034488677978516,
      8.367416381835938,
      10.402507781982422,
      11.042487144470215,
      15.913291931152344,
      12.730185508728027,
      13.13901424407959,
      12.189835548400879,
      18.264570236206055,
      11.402311325073242,
      21.100841522216797,
      14.462629318237305,
      16.78201675415039,
      13.301173210144043,
      7.537090301513672,
      10.311567306518555,
      6.080882549285889
    ],
    [
      9.568645477294922,
      8.367416381835938,
      24.869041442871094,
      8.66664981842041,
      16.387989044189453,
      10.646191596984863,
      16.886518478393555,
      12.4403715133667,
      15.203280448913574,
      8.109048843383789,
      16.940397262573242,
      9.528678894042969,
      18.230043411254883,
      7.397698402404785,
      26.605077743530273,
      8.681684494018555,
      17.211729049682617,
      6.193223476409912
    ],
    [
      10.422565460205078,
      10.402507781982422,
      8.66664981842041,
      20.113401412963867,
      11.362996101379395,
      10.377260208129883,
      17.355640411376953,
      14.335967063903809,
      13.011712074279785,
      10.467464447021484,
      12.105122566223145,
      15.261490821838379,
      12.955759048461914,
      12.325236320495605,
      18.559858322143555,
      9.2193603515625,
      13.219352722167969,
      6.106656551361084
    ],
    [
      17.31705665588379,
      11.042487144470215,
      16.387989044189453,
      11.362996101379395,
      64.35038757324219,
      23.916379928588867,
      65.85880279541016,
      32.03037643432617,
      60.11009216308594,
      31.435537338256836,
      60.6517333984375,
      31.845996856689453,
      56.41454315185547,
      24.550722122192383,
      61.0040283203125,
      24.862655639648438,
      42.517234802246094,
      14.629380226135254
    ],
    [
      16.545915603637695,
      15.913291931152344,
      10.646191596984863,
      10.377260208129883,
      23.916379928588867,
      31.09278678894043,
      17.62318992614746,
      14.652130126953125,
      19.923938751220703,
      21.958070755004883,
      18.59173011779785,
      22.859081268310547,
      21.816530227661133,
      19.23491859436035,
      20.458965301513672,
      10.673957824707031,
      14.239333152770996,
      6.822992324829102
    ],
    [
      19.347028732299805,
      12.730185508728027,
      16.886518478393555,
      17.355640411376953,
      65.85880279541016,
      17.62318992614746,
      131.16595458984375,
      72.02979278564453,
      87.83911895751953,
      39.69137954711914,
      82.21088409423828,
      45.132991790771484,
      70.64413452148438,
      34.87602233886719,
      75.14179992675781,
      31.461027145385742,
      54.64847946166992,
      18.553369522094727
    ],
    [
      19.38577651977539,
      13.13901424407959,
      12.4403715133667,
      14.335967063903809,
      32.03037643432617,
      14.652130126953125,
      72.02979278564453,
      67.1868896484375,
      41.62794876098633,
      30.07139778137207,
      37.62176513671875,
      35.29942321777344,
      34.71467590332031,
      30.58149528503418,
      27.87224769592285,
      16.455463409423828,
      22.085826873779297,
      9.011955261230469
    ],
    [
      19.15452003479004,
      12.189835548400879,
      15.203280448913574,
      13.011712074279785,
      60.11009216308594,
      19.923938751220703,
      87.83911895751953,
      41.62794876098633,
      93.22608947753906,
      42.5684814453125,
      82.14854431152344,
      41.7663688659668,
      72.6161117553711,
      32.25211715698242,
      73.83197784423828,
      29.185222625732422,
      51.75322341918945,
      16.74553871154785
    ],
    [
      23.274742126464844,
      18.264570236206055,
      8.109048843383789,
      10.467464447021484,
      31.435537338256836,
      21.958070755004883,
      39.69137954711914,
      30.07139778137207,
      42.5684814453125,
      44.707035064697266,
      34.49332809448242,
      37.661224365234375,
      35.486671447753906,
      31.33706283569336,
      27.217811584472656,
      15.443314552307129,
      19.751056671142578,
      8.445646286010742
    ],
    [
      16.419677734375,
      11.402311325073242,
      16.940397262573242,
      12.105122566223145,
      60.6517333984375,
      18.59173011779785,
      82.21088409423828,
      37.62176513671875,
      82.14854431152344,
      34.49332809448242,
      99.059814453125,
      41.4669303894043,
      83.8336410522461,
      33.40716552734375,
      86.09978485107422,
      32.429325103759766,
      57.492774963378906,
      18.809001922607422
    ],
    [
      25.312612533569336,
      21.100841522216797,
      9.528678894042969,
      15.261490821838379,
      31.845996856689453,
      22.859081268310547,
      45.132991790771484,
      35.29942321777344,
      41.7663688659668,
      37.661224365234375,
      41.4669303894043,
      49.07200241088867,
      43.092472076416016,
      40.497222900390625,
      35.335548400878906,
      19.93035316467285,
      25.497941970825195,
      11.281540870666504
    ],
    [
      17.3789005279541,
      14.462629318237305,
      18.230043411254883,
      12.955759048461914,
      56.41454315185547,
      21.816530227661133,
      70.64413452148438,
      34.71467590332031,
      72.6161117553711,
      35.486671447753906,
      83.8336410522461,
      43.092472076416016,
      95.96326446533203,
      45.074195861816406,
      88.05899810791016,
      35.79441452026367,
      58.62649154663086,
      20.500455856323242
    ],
    [
      18.85979461669922,
      16.78201675415039,
      7.397698402404785,
      12.325236320495605,
      24.550722122192383,
      19.23491859436035,
      34.87602233886719,
      30.58149528503418,
      32.25211715698242,
      31.33706283569336,
      33.40716552734375,
      40.497222900390625,
      45.074195861816406,
      48.97648620605469,
      35.107112884521484,
      21.61378288269043,
      26.049036026000977,
      12.697591781616211
    ],
    [
      16.934141159057617,
      13.301173210144043,
      26.605077743530273,
      18.559858322143555,
      61.0040283203125,
      20.458965301513672,
      75.14179992675781,
      27.87224769592285,
      73.83197784423828,
      27.217811584472656,
      86.09978485107422,
      35.335548400878906,
      88.05899810791016,
      35.107112884521484,
      112.6056137084961,
      40.59518814086914,
      74.79147338867188,
      25.72939682006836
    ],
    [
      9.457021713256836,
      7.537090301513672,
      8.681684494018555,
      9.2193603515625,
      24.862655639648438,
      10.673957824707031,
      31.461027145385742,
      16.455463409423828,
      29.185222625732422,
      15.443314552307129,
      32.429325103759766,
      19.93035316467285,
      35.79441452026367,
      21.61378288269043,
      40.59518814086914,
      19.96205711364746,
      28.68157196044922,
      12.028924942016602
    ],
    [
      12.233494758605957,
      10.311567306518555,
      17.211729049682617,
      13.219352722167969,
      42.517234802246094,
      14.239333152770996,
      54.64847946166992,
      22.085826873779297,
      51.75322341918945,
      19.751056671142578,
      57.492774963378906,
      25.497941970825195,
      58.62649154663086,
      26.049036026000977,
      74.79147338867188,
      28.68157196044922,
      54.92877960205078,
      20.310867309570312
    ],
    [
      6.263902187347412,
      6.080882549285889,
      6.193223476409912,
      6.106656551361084,
      14.629380226135254,
      6.822992324829102,
      18.553369522094727,
      9.011955261230469,
      16.74553871154785,
      8.445646286010742,
      18.809001922607422,
      11.281540870666504,
      20.500455856323242,
      12.697591781616211,
      25.72939682006836,
      12.028924942016602,
      20.310867309570312,
      9.714162826538086
    ]
  ],
  "covariance_short": [
    [
      53.77997970581055,
      35.160606384277344,
      3.1765294075012207,
      6.90726375579834,
      17.38832664489746,
      15.616957664489746,
      17.452482223510742,
      20.022624969482422,
      14.533284187316895,
      22.162189483642578,
      12.785923957824707,
      24.75847625732422,
      18.852399826049805,
      19.574909210205078,
      8.845242500305176,
      6.844133377075195,
      7.0088419914245605,
      4.498631954193115
    ],
    [
      35.160606384277344,
      52.57455062866211,
      1.4221718311309814,
      8.47449016571045,
      10.8588228225708,
      11.107550621032715,
      11.759387016296387,
      15.720081329345703,
      8.303247451782227,
      19.371322631835938,
      9.212163925170898,
      27.658884048461914,
      21.06174659729004,
      22.67922019958496,
      7.50773286819458,
      7.02436637878418,
      7.516961097717285,
      6.245068073272705
    ],
    [
      3.1765294075012207,
      1.4221718311309814,
      23.395278930664062,
      3.6945858001708984,
      12.290748596191406,
      6.578862190246582,
      11.816489219665527,
      6.601776599884033,
      10.200454711914062,
      3.8022525310516357,
      10.862167358398438,
      3.717808723449707,
      12.89146614074707,
      0.9981396794319153,
      19.05036163330078,
      4.60905122756958,
      11.09666919708252,
      3.205734968185425
    ],
    [
      6.90726375579834,
      8.47449016571045,
      3.6945858001708984,
      27.27065086364746,
      14.704505920410156,
      10.915555953979492,
      15.652860641479492,
      13.199423789978027,
      11.447681427001953,
      10.94723129272461,
      9.904257774353027,
      13.277459144592285,
      17.215091705322266,
      10.403642654418945,
      15.568583488464355,
      7.802002429962158,
      11.365750312805176,
      5.758803367614746
    ],
    [
      17.38832664489746,
      10.8588228225708,
      12.290748596191406,
      14.704505920410156,
      70.44805145263672,
      32.26998519897461,
      66.6952896118164,
      35.76788330078125,
      60.33351135253906,
      35.8012580871582,
      59.05232620239258,
      39.48987579345703,
      59.51728439331055,
      30.769943237304688,
      58.25004196166992,
      23.901334762573242,
      40.06647872924805,
      14.00242805480957
    ],
    [
      15.616957664489746,
      11.107550621032715,
      6.578862190246582,
      10.915555953979492,
      32.26998519897461,
      41.0629997253418,
      27.33217430114746,
      20.12413215637207,
      28.266876220703125,
      25.495481491088867,
      27.88587188720703,
      27.689332962036133,
      30.456281661987305,
      21.442108154296875,
      25.16016960144043,
      12.120353698730469,
      16.614526748657227,
      6.733091354370117
    ],
    [
      17.452482223510742,
      11.759387016296387,
      11.816489219665527,
      15.652860641479492,
      66.6952896118164,
      27.33217430114746,
      133.25900268554688,
      72.1064682006836,
      87.43199920654297,
      43.673011779785156,
      84.65755462646484,
      51.99872589111328,
      79.5483169555664,
      41.84221649169922,
      73.29908752441406,
      30.01019859313965,
      51.51494598388672,
      16.995243072509766
    ],
    [
      20.022624969482422,
      15.720081329345703,
      6.601776599884033,
      13.199423789978027,
      35.76788330078125,
      20.12413215637207,
      72.1064682006836,
      71.04573059082031,
      42.955116271972656,
      33.03396987915039,
      40.37651824951172,
      40.48233413696289,
      42.47113037109375,
      35.405616760253906,
      27.915983200073242,
      15.563394546508789,
      21.3829402923584,
      8.55805778503418
    ],
    [
      14.533284187316895,
      8.303247451782227,
      10.200454711914062,
      11.447681427001953,
      60.33351135253906,
      28.266876220703125,
      87.43199920654297,
      42.955116271972656,
      97.84617614746094,
      45.830039978027344,
      85.8655776977539,
      48.00626754760742,
      79.92704010009766,
      38.442909240722656,
      72.59146118164062,
      28.19085693359375,
      48.905242919921875,
      15.185066223144531
    ],
    [
      22.162189483642578,
      19.371322631835938,
      3.8022525310516357,
      10.94723129272461,
      35.8012580871582,
      25.495481491088867,
      43.673011779785156,
      33.03396987915039,
      45.830039978027344,
      51.860328674316406,
      39.645774841308594,
      44.1516227722168,
      45.1371955871582,
      37.46855926513672,
      28.82503890991211,
      15.823423385620117,
      20.442731857299805,
      8.639951705932617
    ],
    [
      12.785923957824707,
      9.212163925170898,
      10.862167358398438,
      9.904257774353027,
      59.05232620239258,
      27.88587188720703,
      84.65755462646484,
      40.37651824951172,
      85.8655776977539,
      39.645774841308594,
      108.824462890625,
      50.74475860595703,
      91.75191497802734,
      42.64191818237305,
      86.26656341552734,
      32.71640396118164,
      55.436973571777344,
      17.7017879486084
    ],
    [
      24.75847625732422,
      27.658884048461914,
      3.717808723449707,
      13.277459144592285,
      39.48987579345703,
      27.689332962036133,
      51.99872589111328,
      40.48233413696289,
      48.00626754760742,
      44.1516227722168,
      50.74475860595703,
      68.60662078857422,
      66.93447875976562,
      56.44258499145508,
      42.31850814819336,
      23.927610397338867,
      30.493505477905273,
      14.019309043884277
    ],
    [
      18.852399826049805,
      21.06174659729004,
      12.89146614074707,
      17.215091705322266,
      59.51728439331055,
      30.456281661987305,
      79.5483169555664,
      42.47113037109375,
      79.92704010009766,
      45.1371955871582,
      91.75191497802734,
      66.93447875976562,
      117.12423706054688,
      64.85511779785156,
      96.38467407226562,
      40.491790771484375,
      64.06902313232422,
      24.056665420532227
    ],
    [
      19.574909210205078,
      22.67922019958496,
      0.9981396794319153,
      10.403642654418945,
      30.769943237304688,
      21.442108154296875,
      41.84221649169922,
      35.405616760253906,
      38.442909240722656,
      37.46855926513672,
      42.64191818237305,
      56.44258499145508,
      64.85511779785156,
      62.20549392700195,
      35.81813049316406,
      23.313438415527344,
      25.593273162841797,
      12.28630542755127
    ],
    [
      8.845242500305176,
      7.50773286819458,
      19.05036163330078,
      15.568583488464355,
      58.25004196166992,
      25.16016960144043,
      73.29908752441406,
      27.915983200073242,
      72.59146118164062,
      28.82503890991211,
      86.26656341552734,
      42.31850814819336,
      96.38467407226562,
      35.81813049316406,
      108.77531433105469,
      39.308902740478516,
      70.0189208984375,
      23.84618377685547
    ],
    [
      6.844133377075195,
      7.02436637878418,
      4.60905122756958,
      7.802002429962158,
      23.901334762573242,
      12.120353698730469,
      30.01019859313965,
      15.563394546508789,
      28.19085693359375,
      15.823423385620117,
      32.71640396118164,
      23.927610397338867,
      40.491790771484375,
      23.313438415527344,
      39.308902740478516,
      20.228118896484375,
      26.53886604309082,
      11.21888542175293
    ],
    [
      7.0088419914245605,
      7.516961097717285,
      11.09666919708252,
      11.365750312805176,
      40.06647872924805,
      16.614526748657227,
      51.51494598388672,
      21.3829402923584,
      48.905242919921875,
      20.442731857299805,
      55.436973571777344,
      30.493505477905273,
      64.06902313232422,
      25.593273162841797,
      70.0189208984375,
      26.53886604309082,
      51.01030349731445,
      18.743999481201172
    ],
    [
      4.498631954193115,
      6.245068073272705,
      3.205734968185425,
      5.758803367614746,
      14.00242805480957,
      6.733091354370117,
      16.995243072509766,
      8.55805778503418,
      15.185066223144531,
      8.639951705932617,
      17.7017879486084,
      14.019309043884277,
      24.056665420532227,
      12.28630542755127,
      23.84618377685547,
      11.21888542175293,
      18.743999481201172,
      9.198485374450684
    ]
  ],
  "drr": 12.254260063171387,
  "dynamics": 4.322351932525635,
  "format": 1245190,
  "frames": 7698432,
  "loudness": -18.614673614501953,
  "loudness_range": 14.20523452758789,
  "loudness_range_short": 16.003582000732422,
  "peak": -0.6964373588562012,
  "rms": -19.426137924194336,
  "sample_rate": 44100,
  "sections": 1,
  "seekable": 1,
  "sharpness": 2.072260618209839,
  "space": -3.8045663833618164
}