{
  "bands": [
    {
      "high_freq": 148.1999969482422,
      "loudness": -21.448240280151367,
      "loudness_range": 14.103394508361816,
      "mid_mean": -17.836748123168945,
      "mid_to_side_loudness": -28.350894927978516,
      "mid_to_side_loudness_range": 14.931081771850586,
      "side_mean": -47.992645263671875
    },
    {
      "high_freq": 392.3793640136719,
      "loudness": -20.545228958129883,
      "loudness_range": 9.005731582641602,
      "low_freq": 148.1999969482422,
      "mid_mean": -17.01296615600586,
      "mid_to_side_loudness": -16.840036392211914,
      "mid_to_side_loudness_range": 14.826351165771484,
      "side_mean": -34.374855041503906
    },
    {
      "high_freq": 794.6976318359375,
      "loudness": -23.764698028564453,
      "loudness_range": 9.415767669677734,
      "low_freq": 392.3793640136719,
      "mid_mean": -20.56735610961914,
      "mid_to_side_loudness": -10.014466285705566,
      "mid_to_side_loudness_range": 7.03627347946167,
      "side_mean": -30.639881134033203
    },
    {
      "high_freq": 1457.5709228515625,
      "loudness": -24.39224624633789,
      "loudness_range": 12.64212417602539,
      "low_freq": 794.6976318359375,
      "mid_mean": -21.068384170532227,
      "mid_to_side_loudness": -11.568000793457031,
      "mid_to_side_loudness_range": 9.755189895629883,
      "side_mean": -32.6534423828125
    },
    {
      "high_freq": 2549.74365234375,
      "loudness": -22.11729621887207,
      "loudness_range": 9.412345886230469,
      "low_freq": 1457.5709228515625,
      "mid_mean": -18.807065963745117,
      "mid_to_side_loudness": -11.236310958862305,
      "mid_to_side_loudness_range": 8.133585929870605,
      "side_mean": -30.05881690979004
    },
    {
      "high_freq": 4349.24462890625,
      "loudness": -24.196807861328125,
      "loudness_range": 9.781536102294922,
      "low_freq": 2549.74365234375,
      "mid_mean": -20.886974334716797,
      "mid_to_side_loudness": -11.834118843078613,
      "mid_to_side_loudness_range": 8.045175552368164,
      "side_mean": -32.67828369140625
    },
    {
      "high_freq": 7314.1640625,
      "loudness": -27.139623641967773,
      "loudness_range": 9.409036636352539,
      "low_freq": 4349.24462890625,
      "mid_mean": -23.79841423034668,
      "mid_to_side_loudness": -12.113960266113281,
      "mid_to_side_loudness_range": 9.72894287109375,
      "side_mean": -35.914634704589844
    },
    {
      "high_freq": 12199.2666015625,
      "loudness": -28.71470069885254,
      "loudness_range": 10.673971176147461,
      "low_freq": 7314.1640625,
      "mid_mean": -25.517318725585938,
      "mid_to_side_loudness": -9.735326766967773,
      "mid_to_side_loudness_range": 7.062422752380371,
      "side_mean": -35.423736572265625
    },
    {
      "loudness": -29.786434173583984,
      "loudness_range": 10.365642547607422,
      "low_freq": 12199.2666015625,
      "mid_mean": -26.695425033569336,
      "mid_to_side_loudness": -8.5718412399292,
      "mid_to_side_loudness_range": 4.175512790679932,
      "side_mean": -35.26835632324219
    }
  ],
  "bands_short": [
    {
      "high_freq": 148.1999969482422,
      "loudness": -30.402828216552734,
      "loudness_range": 31.855735778808594,
      "mid_mean": -26.823530197143555,
      "mid_to_side_loudness": -26.603652954101562,
      "mid_to_side_loudness_range": 20.010643005371094,
      "side_mean": -55.16931915283203
    },
    {
      "high_freq": 392.3793640136719,
      "loudness": -22.16265106201172,
      "loudness_range": 19.187931060791016,
      "low_freq": 148.1999969482422,
      "mid_mean": -18.688907623291016,
      "mid_to_side_loudness": -17.2141056060791,
      "mid_to_side_loudness_range": 20.806835174560547,
      "side_mean": -36.49006271362305
    },
    {
      "high_freq": 794.6976318359375,
      "loudness": -25.523963928222656,
      "loudness_range": 15.139131546020508,
      "low_freq": 392.3793640136719,
      "mid_mean": -22.391311645507812,
      "mid_to_side_loudness": -10.199828147888184,
      "mid_to_side_loudness_range": 11.646492004394531,
      "side_mean": -32.62050247192383
    },
    {
      "high_freq": 1457.5709228515625,
      "loudness": -24.889440536499023,
      "loudness_range": 16.00809669494629,
      "low_freq": 794.6976318359375,
      "mid_mean": -21.735370635986328,
      "mid_to_side_loudness": -10.934808731079102,
      "mid_to_side_loudness_range": 13.43610954284668,
      "side_mean": -32.691619873046875
    },
    {
      "high_freq": 2549.74365234375,
      "loudness": -22.958742141723633,
      "loudness_range": 13.416345596313477,
      "low_freq": 1457.5709228515625,
      "mid_mean": -19.770639419555664,
      "mid_to_side_loudness": -11.131589889526367,
      "mid_to_side_loudness_range": 12.1227388381958,
      "side_mean": -30.953672409057617
    },
    {
      "high_freq": 4349.24462890625,
      "loudness": -25.188114166259766,
      "loudness_range": 14.410257339477539,
      "low_freq": 2549.74365234375,
      "mid_mean": -21.954822540283203,
      "mid_to_side_loudness": -11.466508865356445,
      "mid_to_side_loudness_range": 11.198121070861816,
      "side_mean": -33.415767669677734
    },
    {
      "high_freq": 7314.1640625,
      "loudness": -29.055267333984375,
      "loudness_range": 17.330490112304688,
      "low_freq": 4349.24462890625,
      "mid_mean": -25.808568954467773,
      "mid_to_side_loudness": -11.488718032836914,
      "mid_to_side_loudness_range": 11.766622543334961,
      "side_mean": -37.444393157958984
    },
    {
      "high_freq": 12199.2666015625,
      "loudness": -31.5907039642334,
      "loudness_range": 20.547826766967773,
      "low_freq": 7314.1640625,
      "mid_mean": -28.473236083984375,
      "mid_to_side_loudness": -9.836329460144043,
      "mid_to_side_loudness_range": 9.40039348602295,
      "side_mean": -38.407772064208984
    },
    {
      "loudness": -34.762725830078125,
      "loudness_range": 27.304868698120117,
      "low_freq": 12199.2666015625,
      "mid_mean": -31.80193328857422,
      "mid_to_side_loudness": -8.751785278320312,
      "mid_to_side_loudness_range": 6.6163225173950195,
      "side_mean": -40.13682556152344
    }
  ],
  "channels": 2,
  "covariance": [
    [
      35.638851165771484,
      24.121187210083008,
      14.039623260498047,
      5.134587287902832,
      7.852977752685547,
      6.1713457107543945,
      5.375494956970215,
      6.2492780685424805,
      5.904711723327637,
      6.216904163360596,
      9.121819496154785,
      9.381087303161621,
      4.995448589324951,
      6.5210747718811035,
      3.2471413612365723,
      5.408743381500244,
      2.3217267990112305,
      3.2968621253967285
    ],
    [
      24.121187210083008,
      38.53233337402344,
      15.561478614807129,
      8.698269844055176,
      12.055537223815918,
      7.937586784362793,
      10.745621681213379,
      8.223794937133789,
      8.749500274658203,
      8.060468673706055,
      11.0377197265625,
      9.791661262512207,
      8.322921752929688,
      7.368815898895264,
      11.024616241455078,
      11.065230369567871,
      11.408073425292969,
      9.805696487426758
    ],
    [
      14.039623260498047,
      15.561478614807129,
      18.838205337524414,
      9.093692779541016,
      9.39410400390625,
      6.623244285583496,
      7.372371196746826,
      7.560344219207764,
      8.897762298583984,
      8.030989646911621,
      10.683442115783691,
      9.718667984008789,
      9.338385581970215,
      7.570650577545166,
      8.79938793182373,
      7.9239983558654785,
      7.006541728973389,
      7.32293176651001
    ],
    [
      5.134587287902832,
      8.698269844055176,
      9.093692779541016,
      26.659465789794922,
      10.779812812805176,
      10.906781196594238,
      7.44797945022583,
      8.051572799682617,
      8.321247100830078,
      9.832043647766113,
      8.29600715637207,
      9.105968475341797,
      5.671442031860352,
      7.176193714141846,
      6.99460506439209,
      6.642091274261475,
      7.635645389556885,
      8.212065696716309
    ],
    [
      7.852977752685547,
      12.055537223815918,
      9.39410400390625,
      10.779812812805176,
      18.723617553710938,
      12.967087745666504,
      12.727794647216797,
      9.636113166809082,
      12.132390022277832,
      10.246947288513184,
      11.238783836364746,
      9.325406074523926,
      8.15384292602539,
      6.7935686111450195,
      10.204351425170898,
      8.545434951782227,
      10.184192657470703,
      9.481155395507812
    ],
    [
      6.1713457107543945,
      7.937586784362793,
      6.623244285583496,
      10.906781196594238,
      12.967087745666504,
      15.604731559753418,
      9.586091995239258,
      10.495918273925781,
      9.463050842285156,
      10.61473560333252,
      8.919281959533691,
      10.122262954711914,
      5.807850360870361,
      7.044619083404541,
      6.44981050491333,
      6.513246536254883,
      5.16654634475708,
      5.591128826141357
    ],
    [
      5.375494956970215,
      10.745621681213379,
      7.372371196746826,
      7.44797945022583,
      12.727794647216797,
      9.586091995239258,
      21.45225715637207,
      11.517562866210938,
      12.980308532714844,
      9.743023872375488,
      11.791879653930664,
      8.89113998413086,
      7.858072280883789,
      7.681326389312744,
      8.582242965698242,
      8.438409805297852,
      7.731573581695557,
      7.332881927490234
    ],
    [
      6.2492780685424805,
      8.223794937133789,
      7.560344219207764,
      8.051572799682617,
      9.636113166809082,
      10.495918273925781,
      11.517562866210938,
      15.8427734375,
      9.963057518005371,
      12.184409141540527,
      10.079182624816895,
      12.283409118652344,
      6.68291711807251,
      10.12852668762207,
      6.258294582366943,
      8.165858268737793,
      3.5512542724609375,
      4.90304708480835
    ],
    [
      5.904711723327637,
      8.749500274658203,
      8.897762298583984,
      8.321247100830078,
      12.132390022277832,
      9.463050842285156,
      12.980308532714844,
      9.963057518005371,
      16.440380096435547,
      12.950822830200195,
      14.155869483947754,
      11.57579231262207,
      9.256900787353516,
      7.904256820678711,
      8.182391166687012,
      7.585508823394775,
      6.057905197143555,
      6.1648030281066895
    ],
    [
      6.216904163360596,
      8.060468673706055,
      8.030989646911621,
      9.832043647766113,
      10.246947288513184,
      10.61473560333252,
      9.743023872375488,
      12.184409141540527,
      12.950822830200195,
      18.98635482788086,
      11.896293640136719,
      15.777745246887207,
      6.664392948150635,
      9.348464965820312,
      5.692255020141602,
      7.084493160247803,
      3.1172690391540527,
      4.357795715332031
    ],
    [
      9.121819496154785,
      11.0377197265625,
      10.683442115783691,
      8.29600715637207,
      11.238783836364746,
      8.919281959533691,
      11.791879653930664,
      10.079182624816895,
      14.155869483947754,
      11.896293640136719,
      18.90855598449707,
      15.20645523071289,
      12.35854434967041,
      10.901000022888184,
      10.477799415588379,
      10.335041046142578,
      7.346138000488281,
      8.173236846923828
    ],
    [
      9.381087303161621,
      9.791661262512207,
      9.718667984008789,
      9.105968475341797,
      9.325406074523926,
      10.122262954711914,
      8.89113998413086,
      12.283409118652344,
      11.57579231262207,
      15.777745246887207,
      15.20645523071289,
      22.026891708374023,
      9.650976181030273,
      13.563989639282227,
      7.36802864074707,
      10.37506103515625,
      3.431495189666748,
      5.7951579093933105
    ],
    [
      4.995448589324951,
      8.322921752929688,
      9.338385581970215,
      5.671442031860352,
      8.15384292602539,
      5.807850360870361,
      7.858072280883789,
      6.68291711807251,
      9.256900787353516,
      6.664392948150635,
      12.35854434967041,
      9.650976181030273,
      17.85068702697754,
      11.517986297607422,
      14.227860450744629,
      12.742410659790039,
      10.779021263122559,
      11.055265426635742
    ],
    [
      6.5210747718811035,
      7.368815898895264,
      7.570650577545166,
      7.176193714141846,
      6.7935686111450195,
      7.044619083404541,
      7.681326389312744,
      10.12852668762207,
      7.904256820678711,
      9.348464965820312,
      10.901000022888184,
      13.563989639282227,
      11.517986297607422,
      21.094680786132812,
      11.220220565795898,
      17.620777130126953,
      7.125669002532959,
      10.334623336791992
    ],
    [
      3.2471413612365723,
      11.024616241455078,
      8.79938793182373,
      6.99460506439209,
      10.204351425170898,
      6.44981050491333,
      8.582242965698242,
      6.258294582366943,
      8.182391166687012,
      5.692255020141602,
      10.477799415588379,
      7.36802864074707,
      14.227860450744629,
      11.220220565795898,
      21.44574546813965,
      17.23672103881836,
      18.55540657043457,
      17.21269416809082
    ],
    [
      5.408743381500244,
      11.065230369567871,
      7.9239983558654785,
      6.642091274261475,
      8.545434951782227,
      6.513246536254883,
      8.438409805297852,
      8.165858268737793,
      7.585508823394775,
      7.084493160247803,
      10.335041046142578,
      10.37506103515625,
      12.742410659790039,
      17.620777130126953,
      17.23672103881836,
      21.97017478942871,
      15.694900512695312,
      16.56207275390625
    ],
    [
      2.3217267990112305,
      11.408073425292969,
      7.006541728973389,
      7.635645389556885,
      10.184192657470703,
      5.16654634475708,
      7.731573581695557,
      3.5512542724609375,
      6.057905197143555,
      3.1172690391540527,
      7.346138000488281,
      3.431495189666748,
      10.779021263122559,
      7.125669002532959,
      18.55540657043457,
      15.694900512695312,
      29.422222137451172,
      23.242734909057617
    ],
    [
      3.2968621253967285,
      9.805696487426758,
      7.32293176651001,
      8.212065696716309,
      9.481155395507812,
      5.591128826141357,
      7.332881927490234,
      4.90304708480835,
      6.1648030281066895,
      4.357795715332031,
      8.173236846923828,
      5.7951579093933105,
      11.055265426635742,
      10.334623336791992,
      17.21269416809082,
      16.56207275390625,
      23.242734909057617,
      23.413320541381836
    ]
  ],
  "covariance_short": [
    [
      110.78170013427734,
      79.07930755615234,
      43.5152473449707,
      11.910677909851074,
      15.24083423614502,
      13.489473342895508,
      9.823832511901855,
      9.057208061218262,
      6.769179344177246,
      6.32138204574585,
      12.516681671142578,
      10.30520248413086,
      17.715679168701172,
      18.324527740478516,
      20.019712448120117,
      24.247629165649414,
      26.123109817504883,
      28.42266273498535
    ],
    [
      79.07930755615234,
      75.11933135986328,
      35.39289093017578,
      15.475213050842285,
      17.433712005615234,
      14.806161880493164,
      13.47719955444336,
      12.474695205688477,
      10.04032039642334,
      9.765682220458984,
      13.36939525604248,
      11.536980628967285,
      17.99968910217285,
      17.218412399291992,
      22.085752487182617,
      24.180789947509766,
      28.35649299621582,
      29.58355140686035
    ],
    [
      43.5152473449707,
      35.39289093017578,
      46.10231018066406,
      19.270235061645508,
      16.827932357788086,
      13.988907814025879,
      10.27739429473877,
      10.651076316833496,
      10.869912147521973,
      10.03632926940918,
      13.556528091430664,
      11.376806259155273,
      15.940019607543945,
      13.613598823547363,
      17.142305374145508,
      16.68645668029785,
      19.84952735900879,
      20.050146102905273
    ],
    [
      11.910677909851074,
      15.475213050842285,
      19.270235061645508,
      43.59861755371094,
      16.238370895385742,
      19.030487060546875,
      10.585641860961914,
      12.754439353942871,
      11.32463264465332,
      14.448372840881348,
      12.078121185302734,
      13.761192321777344,
      11.314682960510254,
      11.360612869262695,
      12.666019439697266,
      12.819416999816895,
      14.003273010253906,
      13.042095184326172
    ],
    [
      15.24083423614502,
      17.433712005615234,
      16.827932357788086,
      16.238370895385742,
      34.854671478271484,
      24.3151798248291,
      20.492202758789062,
      16.81493377685547,
      17.79392433166504,
      14.247553825378418,
      17.509572982788086,
      13.507536888122559,
      13.718951225280762,
      9.575087547302246,
      13.845221519470215,
      11.025392532348633,
      12.475866317749023,
      13.848398208618164
    ],
    [
      13.489473342895508,
      14.806161880493164,
      13.988907814025879,
      19.030487060546875,
      24.3151798248291,
      34.02864456176758,
      16.219724655151367,
      18.879165649414062,
      13.715058326721191,
      16.349079132080078,
      13.444212913513184,
      16.361970901489258,
      9.136381149291992,
      9.612744331359863,
      7.7263102531433105,
      7.714402198791504,
      4.407029151916504,
      6.10209846496582
    ],
    [
      9.823832511901855,
      13.47719955444336,
      10.27739429473877,
      10.585641860961914,
      20.492202758789062,
      16.219724655151367,
      36.13212203979492,
      20.042234420776367,
      21.330238342285156,
      14.987309455871582,
      19.847972869873047,
      13.900787353515625,
      14.75333023071289,
      10.959444046020508,
      13.049863815307617,
      11.543022155761719,
      12.026177406311035,
      13.455326080322266
    ],
    [
      9.057208061218262,
      12.474695205688477,
      10.651076316833496,
      12.754439353942871,
      16.81493377685547,
      18.879165649414062,
      20.042234420776367,
      29.432781219482422,
      15.124218940734863,
      19.81610107421875,
      15.198718070983887,
      19.075754165649414,
      10.905498504638672,
      13.548863410949707,
      9.64066219329834,
      10.556629180908203,
      6.44711446762085,
      7.213451862335205
    ],
    [
      6.769179344177246,
      10.04032039642334,
      10.869912147521973,
      11.32463264465332,
      17.79392433166504,
      13.715058326721191,
      21.330238342285156,
      15.124218940734863,
      28.873275756835938,
      18.182554244995117,
      23.09516716003418,
      16.002992630004883,
      16.16915512084961,
      11.484153747558594,
      12.84178638458252,
      11.267809867858887,
      9.183910369873047,
      11.206106185913086
    ],
    [
      6.32138204574585,
      9.765682220458984,
      10.03632926940918,
      14.448372840881348,
      14.247553825378418,
      16.349079132080078,
      14.987309455871582,
      19.81610107421875,
      18.182554244995117,
      30.86936378479004,
      17.463104248046875,
      23.66085433959961,
      10.589958190917969,
      13.670781135559082,
      8.831538200378418,
      10.082069396972656,
      4.578616142272949,
      5.666468620300293
    ],
    [
      12.516681671142578,
      13.36939525604248,
      13.556528091430664,
      12.078121185302734,
      17.509572982788086,
      13.444212913513184,
      19.847972869873047,
      15.198718070983887,
      23.09516716003418,
      17.463104248046875,
      32.233795166015625,
      22.002779006958008,
      23.155109405517578,
      18.01926040649414,
      19.137767791748047,
      17.42987823486328,
      14.736456871032715,
      17.347091674804688
    ],
    [
      10.30520248413086,
      11.536980628967285,
      11.376806259155273,
      13.761192321777344,
      13.507536888122559,
      16.361970901489258,
      13.900787353515625,
      19.075754165649414,
      16.002992630004883,
      23.66085433959961,
      22.002779006958008,
      32.97773742675781,
      16.149526596069336,
      21.784570693969727,
      13.537879943847656,
      16.954633712768555,
      8.709952354431152,
      10.964941024780273
    ],
    [
      17.715679168701172,
      17.99968910217285,
      15.940019607543945,
      11.314682960510254,
      13.718951225280762,
      9.136381149291992,
      14.75333023071289,
      10.905498504638672,
      16.16915512084961,
      10.589958190917969,
      23.155109405517578,
      16.149526596069336,
      41.11574935913086,
      30.235132217407227,
      38.44656753540039,
      36.423465728759766,
      37.5057487487793,
      38.172630310058594
    ],
    [
      18.324527740478516,
      17.218412399291992,
      13.613598823547363,
      11.360612869262695,
      9.575087547302246,
      9.612744331359863,
      10.959444046020508,
      13.548863410949707,
      11.484153747558594,
      13.670781135559082,
      18.01926040649414,
      21.784570693969727,
      30.235132217407227,
      43.64354705810547,
      32.30844497680664,
      42.0868034362793,
      33.71237564086914,
      36.02473449707031
    ],
    [
      20.019712448120117,
      22.085752487182617,
      17.142305374145508,
      12.666019439697266,
      13.845221519470215,
      7.7263102531433105,
      13.049863815307617,
      9.64066219329834,
      12.84178638458252,
      8.831538200378418,
      19.137767791748047,
      13.537879943847656,
      38.44656753540039,
      32.30844497680664,
      57.0981559753418,
      50.680057525634766,
      61.021263122558594,
      59.68096923828125
    ],
    [
      24.247629165649414,
      24.180789947509766,
      16.68645668029785,
      12.819416999816895,
      11.025392532348633,
      7.714402198791504,
      11.543022155761719,
      10.556629180908203,
      11.267809867858887,
      10.082069396972656,
      17.42987823486328,
      16.954633712768555,
      36.423465728759766,
      42.0868034362793,
      50.680057525634766,
      65.59485626220703,
      61.07657241821289,
      65.20967102050781
    ],
    [
      26.123109817504883,
      28.35649299621582,
      19.84952735900879,
      14.003273010253906,
      12.475866317749023,
      4.407029151916504,
      12.026177406311035,
      6.44711446762085,
      9.183910369873047,
      4.578616142272949,
      14.736456871032715,
      8.709952354431152,
      37.5057487487793,
      33.71237564086914,
      61.021263122558594,
      61.07657241821289,
      97.46058654785156,
      87.4859848022461
    ],
    [
      28.42266273498535,
      29.58355140686035,
      20.050146102905273,
      13.042095184326172,
      13.848398208618164,
      6.10209846496582,
      13.455326080322266,
      7.213451862335205,
      11.206106185913086,
      5.666468620300293,
      17.347091674804688,
      10.964941024780273,
      38.172630310058594,
      36.02473449707031,
      59.68096923828125,
      65.20967102050781,
      87.4859848022461,
      95.34806060791016
    ]
  ],
  "drr": 15.784476280212402,
  "dynamics": 2.909377098083496,
  "format": 1245190,
  "frames": 9501632,
  "loudness": -10.12385368347168,
  "loudness_range": 6.769433498382568,
  "loudness_range_short": 11.830693244934082,
  "peak": 0.7978468537330627,
  "rms": -12.663094520568848,
  "sample_rate": 44100,
  "sections": 1,
  "seekable": 1,
  "sharpness": 3.4388315677642822,
  "space": -12.509265899658203
}