{
  "bands": [
    {
      "high_freq": 148.1999969482422,
      "loudness": -61.59345245361328,
      "loudness_range": 29.036792755126953,
      "mid_mean": -58.74143981933594,
      "mid_to_side_loudness": -4.746438026428223,
      "mid_to_side_loudness_range": 7.987563133239746,
      "side_mean": -62.205116271972656
    },
    {
      "high_freq": 392.3793640136719,
      "loudness": -47.66010284423828,
      "loudness_range": 33.286399841308594,
      "low_freq": 148.1999969482422,
      "mid_mean": -45.1552619934082,
      "mid_to_side_loudness": -6.058446407318115,
      "mid_to_side_loudness_range": 8.991271018981934,
      "side_mean": -52.013206481933594
    },
    {
      "high_freq": 794.6976318359375,
      "loudness": -41.16464614868164,
      "loudness_range": 24.932666778564453,
      "low_freq": 392.3793640136719,
      "mid_mean": -38.9705924987793,
      "mid_to_side_loudness": -5.565842628479004,
      "mid_to_side_loudness_range": 11.166111946105957,
      "side_mean": -44.52558135986328
    },
    {
      "high_freq": 1457.5709228515625,
      "loudness": -45.44518280029297,
      "loudness_range": 27.783653259277344,
      "low_freq": 794.6976318359375,
      "mid_mean": -44.09434509277344,
      "mid_to_side_loudness": -3.5197670459747314,
      "mid_to_side_loudness_range": 10.563705444335938,
      "side_mean": -47.84095764160156
    },
    {
      "high_freq": 2549.74365234375,
      "loudness": -54.33124542236328,
      "loudness_range": 36.460960388183594,
      "low_freq": 1457.5709228515625,
      "mid_mean": -53.989410400390625,
      "mid_to_side_loudness": -4.439535617828369,
      "mid_to_side_loudness_range": 7.8062520027160645,
      "side_mean": -57.5621223449707
    },
    {
      "high_freq": 4349.24462890625,
      "loudness": -62.870574951171875,
      "loudness_range": 35.66904830932617,
      "low_freq": 2549.74365234375,
      "mid_mean": -62.8725471496582,
      "mid_to_side_loudness": -2.640772819519043,
      "mid_to_side_loudness_range": 6.297800064086914,
      "side_mean": -64.493896484375
    },
    {
      "high_freq": 7314.1640625,
      "loudness": -66.84436798095703,
      "loudness_range": 29.02277374267578,
      "low_freq": 4349.24462890625,
      "mid_mean": -67.47257995605469,
      "mid_to_side_loudness": -1.5429693460464478,
      "mid_to_side_loudness_range": 5.071080207824707,
      "side_mean": -68.20597839355469
    },
    {
      "high_freq": 12199.2666015625,
      "loudness": -83.24089050292969,
      "loudness_range": 10.086761474609375,
      "low_freq": 7314.1640625,
      "mid_mean": -69.56412506103516,
      "mid_to_side_loudness": -0.20202462375164032,
      "mid_to_side_loudness_range": 0.7583887577056885,
      "side_mean": -69.6219253540039
    },
    {
      "loudness": -82.27242279052734,
      "loudness_range": 4.9731597900390625,
      "low_freq": 12199.2666015625,
      "mid_mean": -69.86050415039062,
      "mid_to_side_loudness": -0.0871746838092804,
      "mid_to_side_loudness_range": 0.6880333423614502,
      "side_mean": -69.86404418945312
    }
  ],
  "bands_short": [
    {
      "high_freq": 148.1999969482422,
      "loudness": -66.13288116455078,
      "loudness_range": 27.128990173339844,
      "mid_mean": -62.211090087890625,
      "mid_to_side_loudness": -4.761812210083008,
      "mid_to_side_loudness_range": 13.829866409301758,
      "side_mean": -65.30792236328125
    },
    {
      "high_freq": 392.3793640136719,
      "loudness": -48.25681686401367,
      "loudness_range": 33.53052520751953,
      "low_freq": 148.1999969482422,
      "mid_mean": -46.177764892578125,
      "mid_to_side_loudness": -5.544129848480225,
      "mid_to_side_loudness_range": 11.248659133911133,
      "side_mean": -52.50050735473633
    },
    {
      "high_freq": 794.6976318359375,
      "loudness": -41.328765869140625,
      "loudness_range": 25.274381637573242,
      "low_freq": 392.3793640136719,
      "mid_mean": -39.275657653808594,
      "mid_to_side_loudness": -5.652684211730957,
      "mid_to_side_loudness_range": 12.807796478271484,
      "side_mean": -44.86170196533203
    },
    {
      "high_freq": 1457.5709228515625,
      "loudness": -45.73672866821289,
      "loudness_range": 28.493797302246094,
      "low_freq": 794.6976318359375,
      "mid_mean": -44.406864166259766,
      "mid_to_side_loudness": -3.751401901245117,
      "mid_to_side_loudness_range": 12.652822494506836,
      "side_mean": -50.020957946777344
    },
    {
      "high_freq": 2549.74365234375,
      "loudness": -54.694400787353516,
      "loudness_range": 36.3284797668457,
      "low_freq": 1457.5709228515625,
      "mid_mean": -54.46764373779297,
      "mid_to_side_loudness": -4.329364776611328,
      "mid_to_side_loudness_range": 9.918356895446777,
      "side_mean": -57.91836166381836
    },
    {
      "high_freq": 4349.24462890625,
      "loudness": -62.972843170166016,
      "loudness_range": 35.72718048095703,
      "low_freq": 2549.74365234375,
      "mid_mean": -63.10226058959961,
      "mid_to_side_loudness": -2.582803726196289,
      "mid_to_side_loudness_range": 8.369888305664062,
      "side_mean": -64.65477752685547
    },
    {
      "high_freq": 7314.1640625,
      "loudness": -67.1207046508789,
      "loudness_range": 29.202770233154297,
      "low_freq": 4349.24462890625,
      "mid_mean": -67.6412582397461,
      "mid_to_side_loudness": -1.4146728515625,
      "mid_to_side_loudness_range": 5.870540618896484,
      "side_mean": -68.28950500488281
    },
    {
      "high_freq": 12199.2666015625,
      "loudness": -83.41604614257812,
      "loudness_range": 8.164947509765625,
      "low_freq": 7314.1640625,
      "mid_mean": -69.62130737304688,
      "mid_to_side_loudness": -0.1636332869529724,
      "mid_to_side_loudness_range": 1.908846139907837,
      "side_mean": -69.66179656982422
    },
    {
      "loudness": -81.60774993896484,
      "loudness_range": 4.459259033203125,
      "low_freq": 12199.2666015625,
      "mid_mean": -69.8631820678711,
      "mid_to_side_loudness": -0.08623944967985153,
      "mid_to_side_loudness_range": 1.7727038860321045,
      "side_mean": -69.86695861816406
    }
  ],
  "channels": 2,
  "covariance": [
    [
      85.38426208496094,
      69.12014770507812,
      79.4771957397461,
      83.26273345947266,
      48.84416198730469,
      43.313411712646484,
      49.60541915893555,
      47.10948181152344,
      80.35893249511719,
      68.83119201660156,
      61.71961212158203,
      51.538658142089844,
      30.79853630065918,
      22.824729919433594,
      4.395162105560303,
      3.497652769088745,
      0.629766583442688,
      0.5945597887039185
    ],
    [
      69.12014770507812,
      59.381629943847656,
      65.0952377319336,
      67.03226470947266,
      37.07170867919922,
      33.12332534790039,
      38.31260299682617,
      35.39125061035156,
      61.65326690673828,
      52.774497985839844,
      48.54509353637695,
      40.64921951293945,
      24.59590721130371,
      18.227745056152344,
      3.5685806274414062,
      2.8572497367858887,
      0.521217405796051,
      0.49324777722358704
    ],
    [
      79.4771957397461,
      65.0952377319336,
      123.09221649169922,
      109.08534240722656,
      58.126216888427734,
      53.65098190307617,
      51.76854705810547,
      48.825904846191406,
      90.06256103515625,
      77.18744659423828,
      70.42994689941406,
      59.666259765625,
      35.093101501464844,
      25.547725677490234,
      4.8722076416015625,
      3.8365209102630615,
      0.6144995093345642,
      0.5727864503860474
    ],
    [
      83.26273345947266,
      67.03226470947266,
      109.08534240722656,
      116.3059310913086,
      57.068275451660156,
      53.90155792236328,
      48.42841339111328,
      48.219356536865234,
      92.86302185058594,
      78.43083953857422,
      67.41622161865234,
      56.43430709838867,
      31.97490119934082,
      23.085712432861328,
      4.310733318328857,
      3.421398878097534,
      0.6041639447212219,
      0.5677661895751953
    ],
    [
      48.84416198730469,
      37.07170867919922,
      58.126216888427734,
      57.068275451660156,
      73.95575714111328,
      61.09526443481445,
      56.94887924194336,
      57.05083465576172,
      75.84725189208984,
      65.9109115600586,
      61.52902603149414,
      52.01999282836914,
      32.07080078125,
      23.6849365234375,
      4.615524768829346,
      3.6437413692474365,
      0.5544856190681458,
      0.5138229727745056
    ],
    [
      43.313411712646484,
      33.12332534790039,
      53.65098190307617,
      53.90155792236328,
      61.09526443481445,
      67.91563415527344,
      52.52356719970703,
      54.07602310180664,
      68.45170593261719,
      59.49049758911133,
      56.5474853515625,
      47.80097961425781,
      29.231231689453125,
      21.345375061035156,
      4.226595401763916,
      3.301949977874756,
      0.5047030448913574,
      0.4682692289352417
    ],
    [
      49.60541915893555,
      38.31260299682617,
      51.76854705810547,
      48.42841339111328,
      56.94887924194336,
      52.52356719970703,
      89.9509048461914,
      83.33626556396484,
      90.07194519042969,
      82.21944427490234,
      75.23007202148438,
      62.03282165527344,
      38.239524841308594,
      28.046762466430664,
      5.5511908531188965,
      4.4227986335754395,
      0.730111837387085,
      0.6828238368034363
    ],
    [
      47.10948181152344,
      35.39125061035156,
      48.825904846191406,
      48.219356536865234,
      57.05083465576172,
      54.07602310180664,
      83.33626556396484,
      99.00853729248047,
      90.548583984375,
      82.95622253417969,
      71.92707061767578,
      58.646541595458984,
      35.60093688964844,
      25.888545989990234,
      5.018523693084717,
      4.004007816314697,
      0.6729651689529419,
      0.6338343620300293
    ],
    [
      80.35893249511719,
      61.65326690673828,
      90.06256103515625,
      92.86302185058594,
      75.84725189208984,
      68.45170593261719,
      90.07194519042969,
      90.548583984375,
      147.73590087890625,
      130.06512451171875,
      101.71157836914062,
      83.96334075927734,
      49.46644973754883,
      35.775482177734375,
      6.865232467651367,
      5.43557071685791,
      0.9331852197647095,
      0.8778947591781616
    ],
    [
      68.83119201660156,
      52.774497985839844,
      77.18744659423828,
      78.43083953857422,
      65.9109115600586,
      59.49049758911133,
      82.21944427490234,
      82.95622253417969,
      130.06512451171875,
      119.54329681396484,
      91.75640106201172,
      76.1368637084961,
      45.066349029541016,
      32.602108001708984,
      6.187111854553223,
      4.898751735687256,
      0.8501731157302856,
      0.7990801334381104
    ],
    [
      61.71961212158203,
      48.54509353637695,
      70.42994689941406,
      67.41622161865234,
      61.52902603149414,
      56.5474853515625,
      75.23007202148438,
      71.92707061767578,
      101.71157836914062,
      91.75640106201172,
      87.77487182617188,
      73.24968719482422,
      45.794586181640625,
      33.63857650756836,
      6.732828140258789,
      5.326064586639404,
      0.8489801287651062,
      0.7942847013473511
    ],
    [
      51.538658142089844,
      40.64921951293945,
      59.666259765625,
      56.43430709838867,
      52.01999282836914,
      47.80097961425781,
      62.03282165527344,
      58.646541595458984,
      83.96334075927734,
      76.1368637084961,
      73.24968719482422,
      63.11824417114258,
      39.24070358276367,
      29.144559860229492,
      5.904171466827393,
      4.6586480140686035,
      0.7376673817634583,
      0.6902586221694946
    ],
    [
      30.79853630065918,
      24.59590721130371,
      35.093101501464844,
      31.97490119934082,
      32.07080078125,
      29.231231689453125,
      38.239524841308594,
      35.60093688964844,
      49.46644973754883,
      45.066349029541016,
      45.794586181640625,
      39.24070358276367,
      30.43437385559082,
      22.652746200561523,
      4.9638471603393555,
      3.945864677429199,
      0.5949174761772156,
      0.5588803887367249
    ],
    [
      22.824729919433594,
      18.227745056152344,
      25.547725677490234,
      23.085712432861328,
      23.6849365234375,
      21.345375061035156,
      28.046762466430664,
      25.888545989990234,
      35.775482177734375,
      32.602108001708984,
      33.63857650756836,
      29.144559860229492,
      22.652746200561523,
      17.711406707763672,
      3.9444544315338135,
      3.134261131286621,
      0.4685341715812683,
      0.4412689208984375
    ],
    [
      4.395162105560303,
      3.5685806274414062,
      4.8722076416015625,
      4.310733318328857,
      4.615524768829346,
      4.226595401763916,
      5.5511908531188965,
      5.018523693084717,
      6.865232467651367,
      6.187111854553223,
      6.732828140258789,
      5.904171466827393,
      4.9638471603393555,
      3.9444544315338135,
      1.5001065731048584,
      1.1784074306488037,
      0.15856897830963135,
      0.15336830914020538
    ],
    [
      3.497652769088745,
      2.8572497367858887,
      3.8365209102630615,
      3.421398878097534,
      3.6437413692474365,
      3.301949977874756,
      4.4227986335754395,
      4.004007816314697,
      5.43557071685791,
      4.898751735687256,
      5.326064586639404,
      4.6586480140686035,
      3.945864677429199,
      3.134261131286621,
      1.1784074306488037,
      0.9680522084236145,
      0.13670890033245087,
      0.13284318149089813
    ],
    [
      0.629766583442688,
      0.521217405796051,
      0.6144995093345642,
      0.6041639447212219,
      0.5544856190681458,
      0.5047030448913574,
      0.730111837387085,
      0.6729651689529419,
      0.9331852197647095,
      0.8501731157302856,
      0.8489801287651062,
      0.7376673817634583,
      0.5949174761772156,
      0.4685341715812683,
      0.15856897830963135,
      0.13670890033245087,
      0.04627425968647003,
      0.04779163375496864
    ],
    [
      0.5945597887039185,
      0.49324777722358704,
      0.5727864503860474,
      0.5677661895751953,
      0.5138229727745056,
      0.4682692289352417,
      0.6828238368034363,
      0.6338343620300293,
      0.8778947591781616,
      0.7990801334381104,
      0.7942847013473511,
      0.6902586221694946,
      0.5588803887367249,
      0.4412689208984375,
      0.15336830914020538,
      0.13284318149089813,
      0.04779163375496864,
      0.04969463124871254
    ]
  ],
  "covariance_short": [
    [
      59.2147331237793,
      37.560062408447266,
      65.21009826660156,
      64.84410095214844,
      40.548274993896484,
      35.95595169067383,
      41.14155578613281,
      46.56840515136719,
      63.80533981323242,
      55.31977844238281,
      50.90090560913086,
      42.7010498046875,
      25.191835403442383,
      19.08476448059082,
      3.022503137588501,
      2.492522716522217,
      0.46727225184440613,
      0.42958810925483704
    ],
    [
      37.560062408447266,
      29.75075340270996,
      43.56826400756836,
      42.909217834472656,
      26.162687301635742,
      23.35416603088379,
      27.676368713378906,
      30.24204444885254,
      42.13966369628906,
      36.761863708496094,
      34.25910186767578,
      28.876102447509766,
      17.505062103271484,
      13.212462425231934,
      2.095364809036255,
      1.7165606021881104,
      0.3236229121685028,
      0.29705628752708435
    ],
    [
      65.21009826660156,
      43.56826400756836,
      131.5437469482422,
      112.58466339111328,
      63.48398208618164,
      56.6398811340332,
      54.439937591552734,
      60.93291473388672,
      92.18939971923828,
      78.84105682373047,
      72.19205474853516,
      60.35799026489258,
      34.03480911254883,
      25.09640884399414,
      3.8777761459350586,
      3.1580870151519775,
      0.5523135662078857,
      0.5047106146812439
    ],
    [
      64.84410095214844,
      42.909217834472656,
      112.58466339111328,
      119.10985565185547,
      59.98225402832031,
      55.92892837524414,
      49.50437545776367,
      71.39823150634766,
      92.49467468261719,
      78.18219757080078,
      67.4886474609375,
      56.053611755371094,
      30.408926010131836,
      22.3117618560791,
      3.3914358615875244,
      2.784411907196045,
      0.5488700866699219,
      0.5085534453392029
    ],
    [
      40.548274993896484,
      26.162687301635742,
      63.48398208618164,
      59.98225402832031,
      77.4505386352539,
      62.38502502441406,
      57.045555114746094,
      63.12342071533203,
      76.02324676513672,
      65.76333618164062,
      61.32513427734375,
      51.75920104980469,
      30.13429069519043,
      22.57868003845215,
      3.5802440643310547,
      2.926013469696045,
      0.49438777565956116,
      0.44981372356414795
    ],
    [
      35.95595169067383,
      23.35416603088379,
      56.6398811340332,
      55.92892837524414,
      62.38502502441406,
      71.93504333496094,
      51.383087158203125,
      60.2552604675293,
      68.53572082519531,
      59.371612548828125,
      56.377769470214844,
      47.627708435058594,
      27.546573638916016,
      20.423343658447266,
      3.3161871433258057,
      2.673409938812256,
      0.4502722918987274,
      0.4108995199203491
    ],
    [
      41.14155578613281,
      27.676368713378906,
      54.439937591552734,
      49.50437545776367,
      57.045555114746094,
      51.383087158203125,
      93.4576187133789,
      83.53610229492188,
      90.52511596679688,
      81.7200927734375,
      74.9473648071289,
      61.711177825927734,
      36.57090759277344,
      27.336536407470703,
      4.460102558135986,
      3.6743271350860596,
      0.6668610572814941,
      0.6127020716667175
    ],
    [
      46.56840515136719,
      30.24204444885254,
      60.93291473388672,
      71.39823150634766,
      63.12342071533203,
      60.2552604675293,
      83.53610229492188,
      124.89864349365234,
      108.29714965820312,
      95.58153533935547,
      77.2010726928711,
      62.54174041748047,
      34.78501510620117,
      25.753192901611328,
      4.102605819702148,
      3.38870906829834,
      0.6757695078849792,
      0.6288237571716309
    ],
    [
      63.80533981323242,
      42.13966369628906,
      92.18939971923828,
      92.49467468261719,
      76.02324676513672,
      68.53572082519531,
      90.52511596679688,
      108.29714965820312,
      146.1923370361328,
      126.27503967285156,
      99.30245208740234,
      81.93816375732422,
      46.337806701660156,
      34.15541076660156,
      5.470170974731445,
      4.46950626373291,
      0.8365642428398132,
      0.7742015719413757
    ],
    [
      55.31977844238281,
      36.761863708496094,
      78.84105682373047,
      78.18219757080078,
      65.76333618164062,
      59.371612548828125,
      81.7200927734375,
      95.58153533935547,
      126.27503967285156,
      117.05026245117188,
      88.9871597290039,
      74.02438354492188,
      42.084598541259766,
      31.075618743896484,
      4.872827053070068,
      3.984323501586914,
      0.7558419704437256,
      0.6995075941085815
    ],
    [
      50.90090560913086,
      34.25910186767578,
      72.19205474853516,
      67.4886474609375,
      61.32513427734375,
      56.377769470214844,
      74.9473648071289,
      77.2010726928711,
      99.30245208740234,
      88.9871597290039,
      87.50346374511719,
      72.16371154785156,
      43.332218170166016,
      32.41408920288086,
      5.387539386749268,
      4.403020858764648,
      0.7572430968284607,
      0.6951838135719299
    ],
    [
      42.7010498046875,
      28.876102447509766,
      60.35799026489258,
      56.053611755371094,
      51.75920104980469,
      47.627708435058594,
      61.711177825927734,
      62.54174041748047,
      81.93816375732422,
      74.02438354492188,
      72.16371154785156,
      62.65703582763672,
      36.99905014038086,
      27.950958251953125,
      4.67925500869751,
      3.824033737182617,
      0.6553621888160706,
      0.6033549904823303
    ],
    [
      25.191835403442383,
      17.505062103271484,
      34.03480911254883,
      30.408926010131836,
      30.13429069519043,
      27.546573638916016,
      36.57090759277344,
      34.78501510620117,
      46.337806701660156,
      42.084598541259766,
      43.332218170166016,
      36.99905014038086,
      28.29595947265625,
      21.248876571655273,
      3.938028573989868,
      3.2375400066375732,
      0.4991937279701233,
      0.4583114683628082
    ],
    [
      19.08476448059082,
      13.212462425231934,
      25.09640884399414,
      22.3117618560791,
      22.57868003845215,
      20.423343658447266,
      27.336536407470703,
      25.753192901611328,
      34.15541076660156,
      31.075618743896484,
      32.41408920288086,
      27.950958251953125,
      21.248876571655273,
      17.09735679626465,
      3.171027183532715,
      2.614978313446045,
      0.3967447876930237,
      0.3647818863391876
    ],
    [
      3.022503137588501,
      2.095364809036255,
      3.8777761459350586,
      3.3914358615875244,
      3.5802440643310547,
      3.3161871433258057,
      4.460102558135986,
      4.102605819702148,
      5.470170974731445,
      4.872827053070068,
      5.387539386749268,
      4.67925500869751,
      3.938028573989868,
      3.171027183532715,
      1.2073577642440796,
      0.940785825252533,
      0.11789020895957947,
      0.11079654097557068
    ],
    [
      2.492522716522217,
      1.7165606021881104,
      3.1580870151519775,
      2.784411907196045,
      2.926013469696045,
      2.673409938812256,
      3.6743271350860596,
      3.38870906829834,
      4.46950626373291,
      3.984323501586914,
      4.403020858764648,
      3.824033737182617,
      3.2375400066375732,
      2.614978313446045,
      0.940785825252533,
      0.8243623971939087,
      0.10276903957128525,
      0.09721311926841736
    ],
    [
      0.46727225184440613,
      0.3236229121685028,
      0.5523135662078857,
      0.5488700866699219,
      0.49438777565956116,
      0.4502722918987274,
      0.6668610572814941,
      0.6757695078849792,
      0.8365642428398132,
      0.7558419704437256,
      0.7572430968284607,
      0.6553621888160706,
      0.4991937279701233,
      0.3967447876930237,
      0.11789020895957947,
      0.10276903957128525,
      0.03515978902578354,
      0.034980397671461105
    ],
    [
      0.42958810925483704,
      0.29705628752708435,
      0.5047106146812439,
      0.5085534453392029,
      0.44981372356414795,
      0.4108995199203491,
      0.6127020716667175,
      0.6288237571716309,
      0.7742015719413757,
      0.6995075941085815,
      0.6951838135719299,
      0.6033549904823303,
      0.4583114683628082,
      0.3647818863391876,
      0.11079654097557068,
      0.09721311926841736,
      0.034980397671461105,
      0.03572319075465202
    ]
  ],
  "drr": 8.229413986206055,
  "dynamics": 6.888630390167236,
  "format": 1245190,
  "frames": 16752640,
  "loudness": -33.15941619873047,
  "loudness_range": 23.733556747436523,
  "loudness_range_short": 24.07035255432129,
  "peak": -2.9841885566711426,
  "rms": -29.968578338623047,
  "sample_rate": 44100,
  "sections": 1,
  "seekable": 1,
  "sharpness": 1.9905287027359009,
  "space": -4.770665168762207
}