{
  "bands": [
    {
      "high_freq": 148.1999969482422,
      "loudness": -30.569164276123047,
      "loudness_range": 20.1036376953125,
      "mid_mean": -27.910144805908203,
      "mid_to_side_loudness": -8.677802085876465,
      "mid_to_side_loudness_range": 17.941673278808594,
      "side_mean": -36.801578521728516
    },
    {
      "high_freq": 392.3793640136719,
      "loudness": -21.34784698486328,
      "loudness_range": 12.683711051940918,
      "low_freq": 148.1999969482422,
      "mid_mean": -17.984025955200195,
      "mid_to_side_loudness": -12.240631103515625,
      "mid_to_side_loudness_range": 10.208663940429688,
      "side_mean": -30.414342880249023
    },
    {
      "high_freq": 794.6976318359375,
      "loudness": -28.9875431060791,
      "loudness_range": 20.690444946289062,
      "low_freq": 392.3793640136719,
      "mid_mean": -25.535926818847656,
      "mid_to_side_loudness": -14.928533554077148,
      "mid_to_side_loudness_range": 16.060516357421875,
      "side_mean": -40.81059646606445
    },
    {
      "high_freq": 1457.5709228515625,
      "loudness": -35.8525505065918,
      "loudness_range": 25.700225830078125,
      "low_freq": 794.6976318359375,
      "mid_mean": -32.452667236328125,
      "mid_to_side_loudness": -14.744338035583496,
      "mid_to_side_loudness_range": 20.018177032470703,
      "side_mean": -47.71992874145508
    },
    {
      "high_freq": 2549.74365234375,
      "loudness": -40.06547164916992,
      "loudness_range": 26.858829498291016,
      "low_freq": 1457.5709228515625,
      "mid_mean": -36.914100646972656,
      "mid_to_side_loudness": -11.695256233215332,
      "mid_to_side_loudness_range": 21.7601318359375,
      "side_mean": -50.108402252197266
    },
    {
      "high_freq": 4349.24462890625,
      "loudness": -43.859947204589844,
      "loudness_range": 28.32253074645996,
      "low_freq": 2549.74365234375,
      "mid_mean": -41.340213775634766,
      "mid_to_side_loudness": -9.667089462280273,
      "mid_to_side_loudness_range": 25.965967178344727,
      "side_mean": -53.205841064453125
    },
    {
      "high_freq": 7314.1640625,
      "loudness": -53.53876876831055,
      "loudness_range": 32.288673400878906,
      "low_freq": 4349.24462890625,
      "mid_mean": -52.236358642578125,
      "mid_to_side_loudness": -8.796181678771973,
      "mid_to_side_loudness_range": 27.156126022338867,
      "side_mean": -61.7396125793457
    },
    {
      "high_freq": 12199.2666015625,
      "loudness": -52.83898162841797,
      "loudness_range": 33.558773040771484,
      "low_freq": 7314.1640625,
      "mid_mean": -51.770992279052734,
      "mid_to_side_loudness": -13.087624549865723,
      "mid_to_side_loudness_range": 29.047475814819336,
      "side_mean": -63.77021408081055
    },
    {
      "loudness": -59.90706253051758,
      "loudness_range": 25.29461669921875,
      "low_freq": 12199.2666015625,
      "mid_mean": -56.55393981933594,
      "mid_to_side_loudness": -10.174216270446777,
      "mid_to_side_loudness_range": 24.956966400146484,
      "side_mean": -65.76618194580078
    }
  ],
  "bands_short": [
    {
      "high_freq": 148.1999969482422,
      "loudness": -34.01734924316406,
      "loudness_range": 24.038917541503906,
      "mid_mean": -31.10907745361328,
      "mid_to_side_loudness": -11.19007396697998,
      "mid_to_side_loudness_range": 22.23963737487793,
      "side_mean": -42.95751953125
    },
    {
      "high_freq": 392.3793640136719,
      "loudness": -22.282962799072266,
      "loudness_range": 15.157757759094238,
      "low_freq": 148.1999969482422,
      "mid_mean": -19.06255531311035,
      "mid_to_side_loudness": -11.073444366455078,
      "mid_to_side_loudness_range": 12.558768272399902,
      "side_mean": -30.3404598236084
    },
    {
      "high_freq": 794.6976318359375,
      "loudness": -28.160491943359375,
      "loudness_range": 21.410497665405273,
      "low_freq": 392.3793640136719,
      "mid_mean": -24.804292678833008,
      "mid_to_side_loudness": -13.484333992004395,
      "mid_to_side_loudness_range": 15.576324462890625,
      "side_mean": -38.49455261230469
    },
    {
      "high_freq": 1457.5709228515625,
      "loudness": -36.90802001953125,
      "loudness_range": 27.5511417388916,
      "low_freq": 794.6976318359375,
      "mid_mean": -33.5959358215332,
      "mid_to_side_loudness": -14.090632438659668,
      "mid_to_side_loudness_range": 20.108366012573242,
      "side_mean": -48.188941955566406
    },
    {
      "high_freq": 2549.74365234375,
      "loudness": -41.74344253540039,
      "loudness_range": 29.644315719604492,
      "low_freq": 1457.5709228515625,
      "mid_mean": -38.71132278442383,
      "mid_to_side_loudness": -10.76257610321045,
      "mid_to_side_loudness_range": 22.065330505371094,
      "side_mean": -51.23998260498047
    },
    {
      "high_freq": 4349.24462890625,
      "loudness": -45.61479568481445,
      "loudness_range": 31.86678695678711,
      "low_freq": 2549.74365234375,
      "mid_mean": -43.47570037841797,
      "mid_to_side_loudness": -8.924306869506836,
      "mid_to_side_loudness_range": 26.464401245117188,
      "side_mean": -55.20142364501953
    },
    {
      "high_freq": 7314.1640625,
      "loudness": -55.770816802978516,
      "loudness_range": 32.51518249511719,
      "low_freq": 4349.24462890625,
      "mid_mean": -54.7158317565918,
      "mid_to_side_loudness": -7.682579517364502,
      "mid_to_side_loudness_range": 25.836511611938477,
      "side_mean": -63.45827865600586
    },
    {
      "high_freq": 12199.2666015625,
      "loudness": -54.261539459228516,
      "loudness_range": 34.09038543701172,
      "low_freq": 7314.1640625,
      "mid_mean": -54.35457992553711,
      "mid_to_side_loudness": -11.893720626831055,
      "mid_to_side_loudness_range": 28.799833297729492,
      "side_mean": -65.43731689453125
    },
    {
      "loudness": -61.36714553833008,
      "loudness_range": 24.241859436035156,
      "low_freq": 12199.2666015625,
      "mid_mean": -57.87702941894531,
      "mid_to_side_loudness": -8.99272632598877,
      "mid_to_side_loudness_range": 22.833072662353516,
      "side_mean": -66.51339721679688
    }
  ],
  "channels": 2,
  "covariance": [
    [
      55.44953536987305,
      26.23834800720215,
      12.45467472076416,
      10.903841018676758,
      14.12414836883545,
      14.4915132522583,
      11.734709739685059,
      11.52843952178955,
      12.821805953979492,
      11.137176513671875,
      7.154937267303467,
      4.948497295379639,
      9.082820892333984,
      -0.6485990285873413,
      8.952829360961914,
      -1.166671633720398,
      6.398632049560547,
      -1.241309404373169
    ],
    [
      26.23834800720215,
      42.23745346069336,
      8.993502616882324,
      10.647579193115234,
      4.3273725509643555,
      4.742593765258789,
      5.015804767608643,
      2.7061727046966553,
      4.598396301269531,
      7.068163871765137,
      -3.535557746887207,
      3.2803289890289307,
      0.7572145462036133,
      -0.16112440824508667,
      0.7384722828865051,
      0.5468471050262451,
      1.9258838891983032,
      -0.7033132314682007
    ],
    [
      12.45467472076416,
      8.993502616882324,
      24.976917266845703,
      15.261361122131348,
      22.62713623046875,
      14.88536548614502,
      22.14105224609375,
      15.251741409301758,
      23.323774337768555,
      15.088835716247559,
      23.802003860473633,
      12.973662376403809,
      28.67887306213379,
      8.342771530151367,
      33.09115219116211,
      8.588993072509766,
      20.946699142456055,
      3.2810707092285156
    ],
    [
      10.903841018676758,
      10.647579193115234,
      15.261361122131348,
      21.874052047729492,
      12.14130973815918,
      16.67691421508789,
      13.399192810058594,
      16.875816345214844,
      11.432045936584473,
      20.000810623168945,
      4.7288384437561035,
      18.951366424560547,
      12.094714164733887,
      13.087970733642578,
      11.589160919189453,
      10.0817289352417,
      6.340195655822754,
      5.15919303894043
    ],
    [
      14.12414836883545,
      4.3273725509643555,
      22.62713623046875,
      12.14130973815918,
      50.673744201660156,
      25.985483169555664,
      47.55284881591797,
      22.79717445373535,
      49.030269622802734,
      18.641986846923828,
      51.04318618774414,
      16.516782760620117,
      52.60731506347656,
      9.639132499694824,
      59.437252044677734,
      11.739006042480469,
      39.014163970947266,
      2.711437463760376
    ],
    [
      14.4915132522583,
      4.742593765258789,
      14.88536548614502,
      16.67691421508789,
      25.985483169555664,
      34.56888961791992,
      23.890390396118164,
      26.905282974243164,
      22.311697006225586,
      24.07386016845703,
      15.720417022705078,
      20.337215423583984,
      20.133188247680664,
      13.708370208740234,
      20.53324317932129,
      10.399417877197266,
      11.613117218017578,
      6.1031904220581055
    ],
    [
      11.734709739685059,
      5.015804767608643,
      22.14105224609375,
      13.399192810058594,
      47.55284881591797,
      23.890390396118164,
      72.69586181640625,
      33.95124816894531,
      65.53076934814453,
      26.125688552856445,
      58.8056755065918,
      22.4184627532959,
      56.84413528442383,
      14.481270790100098,
      62.106239318847656,
      16.084453582763672,
      41.35648727416992,
      5.370700359344482
    ],
    [
      11.52843952178955,
      2.7061727046966553,
      15.251741409301758,
      16.875816345214844,
      22.79717445373535,
      26.905282974243164,
      33.95124816894531,
      39.480525970458984,
      29.008014678955078,
      31.348112106323242,
      19.41129493713379,
      26.791635513305664,
      23.295955657958984,
      18.13013458251953,
      23.02784538269043,
      14.526944160461426,
      13.32746410369873,
      8.891402244567871
    ],
    [
      12.821805953979492,
      4.598396301269531,
      23.323774337768555,
      11.432045936584473,
      49.030269622802734,
      22.311697006225586,
      65.53076934814453,
      29.008014678955078,
      80.91952514648438,
      29.49520492553711,
      75.16088104248047,
      26.136825561523438,
      73.9437026977539,
      19.205692291259766,
      77.09672546386719,
      21.066375732421875,
      52.13893127441406,
      7.129122734069824
    ],
    [
      11.137176513671875,
      7.068163871765137,
      15.088835716247559,
      20.000810623168945,
      18.641986846923828,
      24.07386016845703,
      26.125688552856445,
      31.348112106323242,
      29.49520492553711,
      51.142616271972656,
      17.435222625732422,
      46.26035690307617,
      34.35432815551758,
      31.71925163269043,
      30.86846160888672,
      24.058834075927734,
      17.925739288330078,
      13.656790733337402
    ],
    [
      7.154937267303467,
      -3.535557746887207,
      23.802003860473633,
      4.7288384437561035,
      51.04318618774414,
      15.720417022705078,
      58.8056755065918,
      19.41129493713379,
      75.16088104248047,
      17.435222625732422,
      103.20590209960938,
      22.318016052246094,
      99.52908325195312,
      16.653501510620117,
      106.89632415771484,
      21.605562210083008,
      71.82009887695312,
      5.5309648513793945
    ],
    [
      4.948497295379639,
      3.2803289890289307,
      12.973662376403809,
      18.951366424560547,
      16.516782760620117,
      20.337215423583984,
      22.4184627532959,
      26.791635513305664,
      26.136825561523438,
      46.26035690307617,
      22.318016052246094,
      58.995384216308594,
      36.41191482543945,
      39.81964111328125,
      32.426429748535156,
      30.82312774658203,
      17.785364151000977,
      16.462955474853516
    ],
    [
      9.082820892333984,
      0.7572145462036133,
      28.67887306213379,
      12.094714164733887,
      52.60731506347656,
      20.133188247680664,
      56.84413528442383,
      23.295955657958984,
      73.9437026977539,
      34.35432815551758,
      99.52908325195312,
      36.41191482543945,
      136.9378662109375,
      30.391733169555664,
      140.03907775878906,
      33.51399230957031,
      94.58930206298828,
      10.604375839233398
    ],
    [
      -0.6485990285873413,
      -0.16112440824508667,
      8.342771530151367,
      13.087970733642578,
      9.639132499694824,
      13.708370208740234,
      14.481270790100098,
      18.13013458251953,
      19.205692291259766,
      31.71925163269043,
      16.653501510620117,
      39.81964111328125,
      30.391733169555664,
      39.59341049194336,
      25.41256332397461,
      30.31224822998047,
      14.586913108825684,
      17.40815544128418
    ],
    [
      8.952829360961914,
      0.7384722828865051,
      33.09115219116211,
      11.589160919189453,
      59.437252044677734,
      20.53324317932129,
      62.106239318847656,
      23.02784538269043,
      77.09672546386719,
      30.86846160888672,
      106.89632415771484,
      32.426429748535156,
      140.03907775878906,
      25.41256332397461,
      157.27980041503906,
      33.79646301269531,
      106.1406021118164,
      10.121158599853516
    ],
    [
      -1.166671633720398,
      0.5468471050262451,
      8.588993072509766,
      10.0817289352417,
      11.739006042480469,
      10.399417877197266,
      16.084453582763672,
      14.526944160461426,
      21.066375732421875,
      24.058834075927734,
      21.605562210083008,
      30.82312774658203,
      33.51399230957031,
      30.31224822998047,
      33.79646301269531,
      30.939922332763672,
      21.979684829711914,
      17.489450454711914
    ],
    [
      6.398632049560547,
      1.9258838891983032,
      20.946699142456055,
      6.340195655822754,
      39.014163970947266,
      11.613117218017578,
      41.35648727416992,
      13.32746410369873,
      52.13893127441406,
      17.925739288330078,
      71.82009887695312,
      17.785364151000977,
      94.58930206298828,
      14.586913108825684,
      106.1406021118164,
      21.979684829711914,
      77.97081756591797,
      7.527620315551758
    ],
    [
      -1.241309404373169,
      -0.7033132314682007,
      3.2810707092285156,
      5.15919303894043,
      2.711437463760376,
      6.1031904220581055,
      5.370700359344482,
      8.891402244567871,
      7.129122734069824,
      13.656790733337402,
      5.5309648513793945,
      16.462955474853516,
      10.604375839233398,
      17.40815544128418,
      10.121158599853516,
      17.489450454711914,
      7.527620315551758,
      13.680813789367676
    ]
  ],
  "covariance_short": [
    [
      73.90435028076172,
      29.01072120666504,
      14.822172164916992,
      13.822981834411621,
      20.521787643432617,
      18.8300724029541,
      15.890620231628418,
      15.209229469299316,
      16.807722091674805,
      15.03136157989502,
      11.190447807312012,
      5.883576393127441,
      12.361847877502441,
      -1.9626482725143433,
      13.373162269592285,
      -1.3085178136825562,
      8.778018951416016,
      -0.5300111174583435
    ],
    [
      29.01072120666504,
      51.174320220947266,
      14.615184783935547,
      23.60551643371582,
      13.918400764465332,
      15.480998992919922,
      12.282520294189453,
      9.872389793395996,
      10.86821174621582,
      15.569438934326172,
      3.327726364135742,
      9.677117347717285,
      9.344473838806152,
      2.195197105407715,
      9.732291221618652,
      2.8989458084106445,
      6.121060371398926,
      0.34934693574905396
    ],
    [
      14.822172164916992,
      14.615184783935547,
      33.46763229370117,
      19.771114349365234,
      25.122648239135742,
      16.167577743530273,
      24.55916404724121,
      17.649078369140625,
      26.26770782470703,
      18.998136520385742,
      26.392147064208984,
      16.651193618774414,
      28.838651657104492,
      8.954215049743652,
      33.264888763427734,
      7.703214645385742,
      19.320615768432617,
      2.334024429321289
    ],
    [
      13.822981834411621,
      23.60551643371582,
      19.771114349365234,
      29.23621940612793,
      16.365951538085938,
      19.283777236938477,
      16.043657302856445,
      16.13923454284668,
      15.204051971435547,
      21.767131805419922,
      7.898252964019775,
      19.31692886352539,
      12.125953674316406,
      11.474372863769531,
      11.59792423248291,
      8.389287948608398,
      6.606229305267334,
      3.740171194076538
    ],
    [
      20.521787643432617,
      13.918400764465332,
      25.122648239135742,
      16.365951538085938,
      54.31184768676758,
      30.592910766601562,
      49.3495979309082,
      27.690670013427734,
      49.98283767700195,
      24.58123779296875,
      49.12694549560547,
      21.886442184448242,
      44.8223876953125,
      9.793685913085938,
      51.563114166259766,
      9.269433975219727,
      30.55866241455078,
      1.006360411643982
    ],
    [
      18.8300724029541,
      15.480998992919922,
      16.167577743530273,
      19.283777236938477,
      30.592910766601562,
      38.676063537597656,
      25.343307495117188,
      28.058773040771484,
      22.494705200195312,
      26.538198471069336,
      13.45839786529541,
      21.690982818603516,
      14.919795989990234,
      12.980107307434082,
      14.97777271270752,
      8.349300384521484,
      7.483763217926025,
      4.341717720031738
    ],
    [
      15.890620231628418,
      12.282520294189453,
      24.55916404724121,
      16.043657302856445,
      49.3495979309082,
      25.343307495117188,
      79.1935043334961,
      39.301605224609375,
      71.03976440429688,
      32.80316162109375,
      64.55860900878906,
      29.731586456298828,
      56.936561584472656,
      15.232294082641602,
      61.783992767333984,
      13.974956512451172,
      37.708656311035156,
      2.35054087638855
    ],
    [
      15.209229469299316,
      9.872389793395996,
      17.649078369140625,
      16.13923454284668,
      27.690670013427734,
      28.058773040771484,
      39.301605224609375,
      46.07841491699219,
      34.033992767333984,
      37.31955337524414,
      22.886335372924805,
      31.202922821044922,
      24.63949203491211,
      18.63300895690918,
      23.872257232666016,
      12.951082229614258,
      12.878724098205566,
      6.808945655822754
    ],
    [
      16.807722091674805,
      10.86821174621582,
      26.26770782470703,
      15.204051971435547,
      49.98283767700195,
      22.494705200195312,
      71.03976440429688,
      34.033992767333984,
      94.85585021972656,
      37.980892181396484,
      87.88566589355469,
      36.87092971801758,
      80.2990951538086,
      21.457313537597656,
      82.18389892578125,
      19.863224029541016,
      51.32625198364258,
      3.670051097869873
    ],
    [
      15.03136157989502,
      15.569438934326172,
      18.998136520385742,
      21.767131805419922,
      24.58123779296875,
      26.538198471069336,
      32.80316162109375,
      37.31955337524414,
      37.980892181396484,
      59.485572814941406,
      24.245145797729492,
      52.087928771972656,
      35.154212951660156,
      32.3762321472168,
      30.004209518432617,
      21.37800407409668,
      16.498214721679688,
      10.555405616760254
    ],
    [
      11.190447807312012,
      3.327726364135742,
      26.392147064208984,
      7.898252964019775,
      49.12694549560547,
      13.45839786529541,
      64.55860900878906,
      22.886335372924805,
      87.88566589355469,
      24.245145797729492,
      128.68405151367188,
      36.132850646972656,
      112.99501037597656,
      21.92138671875,
      119.32377624511719,
      23.641170501708984,
      74.72874450683594,
      2.8070666790008545
    ],
    [
      5.883576393127441,
      9.677117347717285,
      16.651193618774414,
      19.31692886352539,
      21.886442184448242,
      21.690982818603516,
      29.731586456298828,
      31.202922821044922,
      36.87092971801758,
      52.087928771972656,
      36.132850646972656,
      70.06321716308594,
      41.4045524597168,
      43.537353515625,
      34.11467742919922,
      28.875896453857422,
      17.49846649169922,
      12.864300727844238
    ],
    [
      12.361847877502441,
      9.344473838806152,
      28.838651657104492,
      12.125953674316406,
      44.8223876953125,
      14.919795989990234,
      56.936561584472656,
      24.63949203491211,
      80.2990951538086,
      35.154212951660156,
      112.99501037597656,
      41.4045524597168,
      136.29241943359375,
      31.15167999267578,
      137.69139099121094,
      31.2000789642334,
      88.36685943603516,
      6.532116889953613
    ],
    [
      -1.9626482725143433,
      2.195197105407715,
      8.954215049743652,
      11.474372863769531,
      9.793685913085938,
      12.980107307434082,
      15.232294082641602,
      18.63300895690918,
      21.457313537597656,
      32.3762321472168,
      21.92138671875,
      43.537353515625,
      31.15167999267578,
      42.88994216918945,
      23.107511520385742,
      28.36044692993164,
      11.707544326782227,
      13.917595863342285
    ],
    [
      13.373162269592285,
      9.732291221618652,
      33.264888763427734,
      11.59792423248291,
      51.563114166259766,
      14.97777271270752,
      61.783992767333984,
      23.872257232666016,
      82.18389892578125,
      30.004209518432617,
      119.32377624511719,
      34.11467742919922,
      137.69139099121094,
      23.107511520385742,
      159.34628295898438,
      30.9718017578125,
      101.75848388671875,
      5.505105972290039
    ],
    [
      -1.3085178136825562,
      2.8989458084106445,
      7.703214645385742,
      8.389287948608398,
      9.269433975219727,
      8.349300384521484,
      13.974956512451172,
      12.951082229614258,
      19.863224029541016,
      21.37800407409668,
      23.641170501708984,
      28.875896453857422,
      31.2000789642334,
      28.36044692993164,
      30.9718017578125,
      27.598918914794922,
      18.377227783203125,
      13.3989839553833
    ],
    [
      8.778018951416016,
      6.121060371398926,
      19.320615768432617,
      6.606229305267334,
      30.55866241455078,
      7.483763217926025,
      37.708656311035156,
      12.878724098205566,
      51.32625198364258,
      16.498214721679688,
      74.72874450683594,
      17.49846649169922,
      88.36685943603516,
      11.707544326782227,
      101.75848388671875,
      18.377227783203125,
      72.45762634277344,
      4.036467552185059
    ],
    [
      -0.5300111174583435,
      0.34934693574905396,
      2.334024429321289,
      3.740171194076538,
      1.006360411643982,
      4.341717720031738,
      2.35054087638855,
      6.808945655822754,
      3.670051097869873,
      10.555405616760254,
      2.8070666790008545,
      12.864300727844238,
      6.532116889953613,
      13.917595863342285,
      5.505105972290039,
      13.3989839553833,
      4.036467552185059,
      10.709423065185547
    ]
  ],
  "drr": 14.970477104187012,
  "dynamics": 4.442422866821289,
  "format": 1245190,
  "frames": 12195840,
  "loudness": -15.191749572753906,
  "loudness_range": 12.729146957397461,
  "loudness_range_short": 15.687556266784668,
  "peak": -0.34894663095474243,
  "rms": -16.05467414855957,
  "sample_rate": 44100,
  "sections": 1,
  "seekable": 1,
  "sharpness": 3.0249457359313965,
  "space": -12.625289916992188
}