{
  "bands": [
    {
      "high_freq": 148.1999969482422,
      "loudness": -18.71381378173828,
      "loudness_range": 10.56688117980957,
      "mid_mean": -15.188627243041992,
      "mid_to_side_loudness": -19.752344131469727,
      "mid_to_side_loudness_range": 28.3510799407959,
      "side_mean": -36.24477005004883
    },
    {
      "high_freq": 392.3793640136719,
      "loudness": -20.43390655517578,
      "loudness_range": 8.988014221191406,
      "low_freq": 148.1999969482422,
      "mid_mean": -17.13197898864746,
      "mid_to_side_loudness": -9.492941856384277,
      "mid_to_side_loudness_range": 11.442452430725098,
      "side_mean": -27.059560775756836
    },
    {
      "high_freq": 794.6976318359375,
      "loudness": -22.400680541992188,
      "loudness_range": 10.091554641723633,
      "low_freq": 392.3793640136719,
      "mid_mean": -20.040010452270508,
      "mid_to_side_loudness": -5.15032958984375,
      "mid_to_side_loudness_range": 9.297322273254395,
      "side_mean": -25.362749099731445
    },
    {
      "high_freq": 1457.5709228515625,
      "loudness": -25.752290725708008,
      "loudness_range": 13.754661560058594,
      "low_freq": 794.6976318359375,
      "mid_mean": -23.452007293701172,
      "mid_to_side_loudness": -4.972438812255859,
      "mid_to_side_loudness_range": 9.453543663024902,
      "side_mean": -28.5091609954834
    },
    {
      "high_freq": 2549.74365234375,
      "loudness": -26.676637649536133,
      "loudness_range": 15.088371276855469,
      "low_freq": 1457.5709228515625,
      "mid_mean": -24.17827606201172,
      "mid_to_side_loudness": -5.57188081741333,
      "mid_to_side_loudness_range": 7.825128555297852,
      "side_mean": -29.797000885009766
    },
    {
      "high_freq": 4349.24462890625,
      "loudness": -27.65407943725586,
      "loudness_range": 15.343618392944336,
      "low_freq": 2549.74365234375,
      "mid_mean": -24.781911849975586,
      "mid_to_side_loudness": -7.88187313079834,
      "mid_to_side_loudness_range": 10.207683563232422,
      "side_mean": -32.813716888427734
    },
    {
      "high_freq": 7314.1640625,
      "loudness": -28.31687355041504,
      "loudness_range": 10.622318267822266,
      "low_freq": 4349.24462890625,
      "mid_mean": -25.463266372680664,
      "mid_to_side_loudness": -7.476139545440674,
      "mid_to_side_loudness_range": 6.637216567993164,
      "side_mean": -33.03898239135742
    },
    {
      "high_freq": 12199.2666015625,
      "loudness": -27.92702865600586,
      "loudness_range": 11.085784912109375,
      "low_freq": 7314.1640625,
      "mid_mean": -25.097230911254883,
      "mid_to_side_loudness": -7.262886047363281,
      "mid_to_side_loudness_range": 6.991428852081299,
      "side_mean": -32.3699836730957
    },
    {
      "loudness": -35.644569396972656,
      "loudness_range": 15.73530387878418,
      "low_freq": 12199.2666015625,
      "mid_mean": -33.1676139831543,
      "mid_to_side_loudness": -5.6117963790893555,
      "mid_to_side_loudness_range": 6.864480495452881,
      "side_mean": -38.684635162353516
    }
  ],
  "bands_short": [
    {
      "high_freq": 148.1999969482422,
      "loudness": -20.61542510986328,
      "loudness_range": 21.019676208496094,
      "mid_mean": -17.00682830810547,
      "mid_to_side_loudness": -19.41962242126465,
      "mid_to_side_loudness_range": 36.44980239868164,
      "side_mean": -38.90901184082031
    },
    {
      "high_freq": 392.3793640136719,
      "loudness": -21.14019775390625,
      "loudness_range": 13.598572731018066,
      "low_freq": 148.1999969482422,
      "mid_mean": -18.044111251831055,
      "mid_to_side_loudness": -9.430879592895508,
      "mid_to_side_loudness_range": 15.232772827148438,
      "side_mean": -28.01828384399414
    },
    {
      "high_freq": 794.6976318359375,
      "loudness": -22.555387496948242,
      "loudness_range": 12.882378578186035,
      "low_freq": 392.3793640136719,
      "mid_mean": -20.419757843017578,
      "mid_to_side_loudness": -4.845853328704834,
      "mid_to_side_loudness_range": 12.184755325317383,
      "side_mean": -25.437454223632812
    },
    {
      "high_freq": 1457.5709228515625,
      "loudness": -26.631729125976562,
      "loudness_range": 16.893346786499023,
      "low_freq": 794.6976318359375,
      "mid_mean": -24.720781326293945,
      "mid_to_side_loudness": -4.335263252258301,
      "mid_to_side_loudness_range": 12.960421562194824,
      "side_mean": -29.111572265625
    },
    {
      "high_freq": 2549.74365234375,
      "loudness": -27.738544464111328,
      "loudness_range": 18.193134307861328,
      "low_freq": 1457.5709228515625,
      "mid_mean": -25.437469482421875,
      "mid_to_side_loudness": -5.23184061050415,
      "mid_to_side_loudness_range": 10.397720336914062,
      "side_mean": -30.730926513671875
    },
    {
      "high_freq": 4349.24462890625,
      "loudness": -28.683218002319336,
      "loudness_range": 19.565479278564453,
      "low_freq": 2549.74365234375,
      "mid_mean": -26.098194122314453,
      "mid_to_side_loudness": -6.6872735023498535,
      "mid_to_side_loudness_range": 12.60342025756836,
      "side_mean": -33.07268142700195
    },
    {
      "high_freq": 7314.1640625,
      "loudness": -30.220125198364258,
      "loudness_range": 18.138652801513672,
      "low_freq": 4349.24462890625,
      "mid_mean": -27.48628807067871,
      "mid_to_side_loudness": -7.680501461029053,
      "mid_to_side_loudness_range": 11.252705574035645,
      "side_mean": -35.18223571777344
    },
    {
      "high_freq": 12199.2666015625,
      "loudness": -29.976709365844727,
      "loudness_range": 18.27425193786621,
      "low_freq": 7314.1640625,
      "mid_mean": -27.14978790283203,
      "mid_to_side_loudness": -8.724701881408691,
      "mid_to_side_loudness_range": 14.198712348937988,
      "side_mean": -35.85262680053711
    },
    {
      "loudness": -38.55767822265625,
      "loudness_range": 24.228221893310547,
      "low_freq": 12199.2666015625,
      "mid_mean": -36.16710662841797,
      "mid_to_side_loudness": -6.979915142059326,
      "mid_to_side_loudness_range": 12.532347679138184,
      "side_mean": -42.1588249206543
    }
  ],
  "channels": 2,
  "covariance": [
    [
      37.57233428955078,
      5.514955997467041,
      6.813953399658203,
      4.525344371795654,
      3.605804204940796,
      3.242396354675293,
      3.1609573364257812,
      2.0526177883148193,
      2.465064287185669,
      2.1102454662323,
      4.46157169342041,
      4.354224681854248,
      5.657184600830078,
      6.6484694480896,
      6.461976528167725,
      8.257355690002441,
      8.548986434936523,
      10.800491333007812
    ],
    [
      5.514955997467041,
      22.346763610839844,
      4.411681652069092,
      9.535457611083984,
      4.29086971282959,
      10.112829208374023,
      9.233977317810059,
      10.740275382995605,
      9.341392517089844,
      11.011053085327148,
      9.467864036560059,
      10.70435619354248,
      7.572107791900635,
      8.571708679199219,
      7.255220890045166,
      8.15230941772461,
      8.276496887207031,
      10.268908500671387
    ],
    [
      6.813953399658203,
      4.411681652069092,
      20.04096221923828,
      10.763614654541016,
      11.007392883300781,
      7.360523700714111,
      7.520754814147949,
      6.260445594787598,
      8.344322204589844,
      6.610962390899658,
      11.13198471069336,
      8.065374374389648,
      6.716590881347656,
      5.905727863311768,
      7.058340072631836,
      6.245078086853027,
      6.411300182342529,
      6.35083532333374
    ],
    [
      4.525344371795654,
      9.535457611083984,
      10.763614654541016,
      18.209964752197266,
      9.481460571289062,
      12.158942222595215,
      11.193937301635742,
      13.445101737976074,
      13.401383399963379,
      13.849723815917969,
      13.706122398376465,
      14.701761245727539,
      8.745590209960938,
      9.78795051574707,
      8.807133674621582,
      9.644268035888672,
      10.355561256408691,
      11.508260726928711
    ],
    [
      3.605804204940796,
      4.29086971282959,
      11.007392883300781,
      9.481460571289062,
      18.08248519897461,
      11.359302520751953,
      15.37893295288086,
      10.338497161865234,
      15.266220092773438,
      12.311698913574219,
      16.499433517456055,
      14.453829765319824,
      9.718162536621094,
      8.742819786071777,
      9.153820991516113,
      8.744250297546387,
      10.869815826416016,
      12.019182205200195
    ],
    [
      3.242396354675293,
      10.112829208374023,
      7.360523700714111,
      12.158942222595215,
      11.359302520751953,
      17.056964874267578,
      14.867654800415039,
      14.514461517333984,
      15.861231803894043,
      16.834043502807617,
      15.5822172164917,
      17.357454299926758,
      10.866552352905273,
      11.271750450134277,
      10.250951766967773,
      10.928979873657227,
      13.126715660095215,
      15.501373291015625
    ],
    [
      3.1609573364257812,
      9.233977317810059,
      7.520754814147949,
      11.193937301635742,
      15.37893295288086,
      14.867654800415039,
      29.681982040405273,
      20.02686309814453,
      24.830204010009766,
      22.10987091064453,
      24.310897827148438,
      24.38082504272461,
      15.948407173156738,
      16.23259735107422,
      13.325546264648438,
      14.78907299041748,
      17.24095916748047,
      21.825910568237305
    ],
    [
      2.0526177883148193,
      10.740275382995605,
      6.260445594787598,
      13.445101737976074,
      10.338497161865234,
      14.514461517333984,
      20.02686309814453,
      21.149049758911133,
      19.461273193359375,
      21.5669002532959,
      18.316251754760742,
      22.54131507873535,
      12.935076713562012,
      15.460246086120605,
      11.54797077178955,
      14.053628921508789,
      15.757868766784668,
      19.596084594726562
    ],
    [
      2.465064287185669,
      9.341392517089844,
      8.344322204589844,
      13.401383399963379,
      15.266220092773438,
      15.861231803894043,
      24.830204010009766,
      19.461273193359375,
      31.073938369750977,
      26.812177658081055,
      28.00926399230957,
      28.492082595825195,
      17.233129501342773,
      17.72258186340332,
      14.041783332824707,
      15.496766090393066,
      19.01280975341797,
      22.81778907775879
    ],
    [
      2.1102454662323,
      11.011053085327148,
      6.610962390899658,
      13.849723815917969,
      12.311698913574219,
      16.834043502807617,
      22.10987091064453,
      21.5669002532959,
      26.812177658081055,
      30.568111419677734,
      24.232521057128906,
      31.720603942871094,
      15.699630737304688,
      20.343170166015625,
      13.204351425170898,
      17.13536262512207,
      20.303091049194336,
      25.84947967529297
    ],
    [
      4.46157169342041,
      9.467864036560059,
      11.13198471069336,
      13.706122398376465,
      16.499433517456055,
      15.5822172164917,
      24.310897827148438,
      18.316251754760742,
      28.00926399230957,
      24.232521057128906,
      34.81120300292969,
      29.152082443237305,
      18.81720733642578,
      17.351762771606445,
      15.073570251464844,
      15.608072280883789,
      17.93738555908203,
      21.29448699951172
    ],
    [
      4.354224681854248,
      10.70435619354248,
      8.065374374389648,
      14.701761245727539,
      14.453829765319824,
      17.357454299926758,
      24.38082504272461,
      22.54131507873535,
      28.492082595825195,
      31.720603942871094,
      29.152082443237305,
      38.48796081542969,
      18.118906021118164,
      24.429046630859375,
      15.181751251220703,
      20.63011932373047,
      23.72221565246582,
      30.195568084716797
    ],
    [
      5.657184600830078,
      7.572107791900635,
      6.716590881347656,
      8.745590209960938,
      9.718162536621094,
      10.866552352905273,
      15.948407173156738,
      12.935076713562012,
      17.233129501342773,
      15.699630737304688,
      18.81720733642578,
      18.118906021118164,
      18.117822647094727,
      16.564016342163086,
      15.281831741333008,
      15.694398880004883,
      18.031578063964844,
      19.537559509277344
    ],
    [
      6.6484694480896,
      8.571708679199219,
      5.905727863311768,
      9.78795051574707,
      8.742819786071777,
      11.271750450134277,
      16.23259735107422,
      15.460246086120605,
      17.72258186340332,
      20.343170166015625,
      17.351762771606445,
      24.429046630859375,
      16.564016342163086,
      23.061206817626953,
      14.274591445922852,
      19.688526153564453,
      20.13551902770996,
      25.38988494873047
    ],
    [
      6.461976528167725,
      7.255220890045166,
      7.058340072631836,
      8.807133674621582,
      9.153820991516113,
      10.250951766967773,
      13.325546264648438,
      11.54797077178955,
      14.041783332824707,
      13.204351425170898,
      15.073570251464844,
      15.181751251220703,
      15.281831741333008,
      14.274591445922852,
      18.516450881958008,
      16.413694381713867,
      20.959875106811523,
      20.040361404418945
    ],
    [
      8.257355690002441,
      8.15230941772461,
      6.245078086853027,
      9.644268035888672,
      8.744250297546387,
      10.928979873657227,
      14.78907299041748,
      14.053628921508789,
      15.496766090393066,
      17.13536262512207,
      15.608072280883789,
      20.63011932373047,
      15.694398880004883,
      19.688526153564453,
      16.413694381713867,
      21.581703186035156,
      22.98529624938965,
      26.962888717651367
    ],
    [
      8.548986434936523,
      8.276496887207031,
      6.411300182342529,
      10.355561256408691,
      10.869815826416016,
      13.126715660095215,
      17.24095916748047,
      15.757868766784668,
      19.01280975341797,
      20.303091049194336,
      17.93738555908203,
      23.72221565246582,
      18.031578063964844,
      20.13551902770996,
      20.959875106811523,
      22.98529624938965,
      33.10683822631836,
      33.5330924987793
    ],
    [
      10.800491333007812,
      10.268908500671387,
      6.35083532333374,
      11.508260726928711,
      12.019182205200195,
      15.501373291015625,
      21.825910568237305,
      19.596084594726562,
      22.81778907775879,
      25.84947967529297,
      21.29448699951172,
      30.195568084716797,
      19.537559509277344,
      25.38988494873047,
      20.040361404418945,
      26.962888717651367,
      33.5330924987793,
      41.41115951538086
    ]
  ],
  "covariance_short": [
    [
      57.67826843261719,
      5.477346897125244,
      11.003828048706055,
      4.845644950866699,
      4.521376609802246,
      5.272291660308838,
      3.0230190753936768,
      3.7691802978515625,
      4.337618350982666,
      4.503264904022217,
      5.345757484436035,
      6.543492317199707,
      5.758958339691162,
      7.102930545806885,
      6.666685581207275,
      7.792388439178467,
      8.439271926879883,
      8.936824798583984
    ],
    [
      5.477346897125244,
      39.24517059326172,
      3.928182601928711,
      10.091192245483398,
      4.08169412612915,
      10.57723331451416,
      8.654850959777832,
      10.0015230178833,
      8.833694458007812,
      10.532217979431152,
      9.632593154907227,
      10.298559188842773,
      7.885719299316406,
      8.341010093688965,
      6.988476276397705,
      8.83751106262207,
      6.841024398803711,
      11.981497764587402
    ],
    [
      11.003828048706055,
      3.928182601928711,
      31.730709075927734,
      12.501398086547852,
      12.175418853759766,
      8.181059837341309,
      11.350174903869629,
      8.548882484436035,
      10.283360481262207,
      8.435834884643555,
      12.198918342590332,
      9.801023483276367,
      10.79858684539795,
      9.6637544631958,
      10.117219924926758,
      9.721814155578613,
      9.061820983886719,
      10.146862983703613
    ],
    [
      4.845644950866699,
      10.091192245483398,
      12.501398086547852,
      23.935577392578125,
      9.784077644348145,
      13.70625114440918,
      12.745158195495605,
      15.130963325500488,
      15.166528701782227,
      15.90579891204834,
      13.666708946228027,
      16.394485473632812,
      10.714117050170898,
      12.45638656616211,
      9.657561302185059,
      11.826340675354004,
      10.994040489196777,
      12.883149147033691
    ],
    [
      4.521376609802246,
      4.08169412612915,
      12.175418853759766,
      9.784077644348145,
      26.69232940673828,
      13.629266738891602,
      21.25046730041504,
      13.337027549743652,
      20.926591873168945,
      16.287622451782227,
      22.19181251525879,
      18.99264144897461,
      16.69901466369629,
      15.311121940612793,
      13.76445198059082,
      14.351785659790039,
      14.007187843322754,
      14.363097190856934
    ],
    [
      5.272291660308838,
      10.57723331451416,
      8.181059837341309,
      13.70625114440918,
      13.629266738891602,
      20.312820434570312,
      16.475116729736328,
      16.089635848999023,
      18.2487735748291,
      19.035104751586914,
      17.45030403137207,
      20.16691780090332,
      13.722970008850098,
      16.100811004638672,
      11.915571212768555,
      15.7540922164917,
      14.302653312683105,
      17.287778854370117
    ],
    [
      3.0230190753936768,
      8.654850959777832,
      11.350174903869629,
      12.745158195495605,
      21.25046730041504,
      16.475116729736328,
      43.94734573364258,
      24.26812171936035,
      33.99375915527344,
      27.197528839111328,
      33.716365814208984,
      29.605499267578125,
      26.797204971313477,
      27.67023468017578,
      22.375621795654297,
      28.213830947875977,
      26.426490783691406,
      31.684619903564453
    ],
    [
      3.7691802978515625,
      10.0015230178833,
      8.548882484436035,
      15.130963325500488,
      13.337027549743652,
      16.089635848999023,
      24.26812171936035,
      25.7894229888916,
      23.44882583618164,
      24.580642700195312,
      22.24644660949707,
      25.45514488220215,
      18.499109268188477,
      22.965805053710938,
      15.932013511657715,
      22.787363052368164,
      20.200624465942383,
      25.140880584716797
    ],
    [
      4.337618350982666,
      8.833694458007812,
      10.283360481262207,
      15.166528701782227,
      20.926591873168945,
      18.2487735748291,
      33.99375915527344,
      23.44882583618164,
      46.337642669677734,
      35.133155822753906,
      39.20051193237305,
      35.5065803527832,
      31.724353790283203,
      32.730037689208984,
      24.951906204223633,
      32.40434265136719,
      29.9331111907959,
      35.17526626586914
    ],
    [
      4.503264904022217,
      10.532217979431152,
      8.435834884643555,
      15.90579891204834,
      16.287622451782227,
      19.035104751586914,
      27.197528839111328,
      24.580642700195312,
      35.133155822753906,
      38.89994430541992,
      31.088314056396484,
      36.60454559326172,
      25.93137550354004,
      33.79352951049805,
      20.657482147216797,
      32.92158889770508,
      28.354816436767578,
      35.86737823486328
    ],
    [
      5.345757484436035,
      9.632593154907227,
      12.198918342590332,
      13.666708946228027,
      22.19181251525879,
      17.45030403137207,
      33.716365814208984,
      22.24644660949707,
      39.20051193237305,
      31.088314056396484,
      51.51220703125,
      36.61848449707031,
      37.74679183959961,
      34.70577621459961,
      29.643577575683594,
      34.530738830566406,
      32.03618621826172,
      36.58916091918945
    ],
    [
      6.543492317199707,
      10.298559188842773,
      9.801023483276367,
      16.394485473632812,
      18.99264144897461,
      20.16691780090332,
      29.605499267578125,
      25.45514488220215,
      35.5065803527832,
      36.60454559326172,
      36.61848449707031,
      44.8460807800293,
      29.35165023803711,
      38.2910041809082,
      23.41031265258789,
      36.96060562133789,
      31.616621017456055,
      39.359554290771484
    ],
    [
      5.758958339691162,
      7.885719299316406,
      10.79858684539795,
      10.714117050170898,
      16.69901466369629,
      13.722970008850098,
      26.797204971313477,
      18.499109268188477,
      31.724353790283203,
      25.93137550354004,
      37.74679183959961,
      29.35165023803711,
      46.69828414916992,
      40.82221984863281,
      37.812843322753906,
      45.132301330566406,
      41.27195358276367,
      44.47712326049805
    ],
    [
      7.102930545806885,
      8.341010093688965,
      9.6637544631958,
      12.45638656616211,
      15.311121940612793,
      16.100811004638672,
      27.67023468017578,
      22.965805053710938,
      32.730037689208984,
      33.79352951049805,
      34.70577621459961,
      38.2910041809082,
      40.82221984863281,
      57.779537200927734,
      35.298728942871094,
      58.847774505615234,
      45.690284729003906,
      56.67314147949219
    ],
    [
      6.666685581207275,
      6.988476276397705,
      10.117219924926758,
      9.657561302185059,
      13.76445198059082,
      11.915571212768555,
      22.375621795654297,
      15.932013511657715,
      24.951906204223633,
      20.657482147216797,
      29.643577575683594,
      23.41031265258789,
      37.812843322753906,
      35.298728942871094,
      44.26426696777344,
      45.5066032409668,
      45.60758590698242,
      45.23626708984375
    ],
    [
      7.792388439178467,
      8.83751106262207,
      9.721814155578613,
      11.826340675354004,
      14.351785659790039,
      15.7540922164917,
      28.213830947875977,
      22.787363052368164,
      32.40434265136719,
      32.92158889770508,
      34.530738830566406,
      36.96060562133789,
      45.132301330566406,
      58.847774505615234,
      45.5066032409668,
      75.65495300292969,
      58.77278137207031,
      72.70204162597656
    ],
    [
      8.439271926879883,
      6.841024398803711,
      9.061820983886719,
      10.994040489196777,
      14.007187843322754,
      14.302653312683105,
      26.426490783691406,
      20.200624465942383,
      29.9331111907959,
      28.354816436767578,
      32.03618621826172,
      31.616621017456055,
      41.27195358276367,
      45.690284729003906,
      45.60758590698242,
      58.77278137207031,
      66.77811431884766,
      66.16895294189453
    ],
    [
      8.936824798583984,
      11.981497764587402,
      10.146862983703613,
      12.883149147033691,
      14.363097190856934,
      17.287778854370117,
      31.684619903564453,
      25.140880584716797,
      35.17526626586914,
      35.86737823486328,
      36.58916091918945,
      39.359554290771484,
      44.47712326049805,
      56.67314147949219,
      45.23626708984375,
      72.70204162597656,
      66.16895294189453,
      93.46646881103516
    ]
  ],
  "drr": 13.395844459533691,
  "dynamics": 2.426466226577759,
  "format": 1245190,
  "frames": 11233280,
  "loudness": -9.69528865814209,
  "loudness_range": 6.145816802978516,
  "loudness_range_short": 9.441937446594238,
  "peak": 0.7035309076309204,
  "rms": -11.484566688537598,
  "sample_rate": 44100,
  "sections": 1,
  "seekable": 1,
  "sharpness": 2.564425230026245,
  "space": -9.466763496398926
}