{
  "bands": [
    {
      "high_freq": 148.1999969482422,
      "loudness": -19.37986183166504,
      "loudness_range": 16.323551177978516,
      "mid_mean": -17.525407791137695,
      "mid_to_side_loudness": -5.7597503662109375,
      "mid_to_side_loudness_range": 20.76279067993164,
      "side_mean": -24.34176254272461
    },
    {
      "high_freq": 392.3793640136719,
      "loudness": -21.10464859008789,
      "loudness_range": 7.375505447387695,
      "low_freq": 148.1999969482422,
      "mid_mean": -18.916805267333984,
      "mid_to_side_loudness": -4.556682586669922,
      "mid_to_side_loudness_range": 10.73167896270752,
      "side_mean": -23.661474227905273
    },
    {
      "high_freq": 794.6976318359375,
      "loudness": -23.282468795776367,
      "loudness_range": 8.933788299560547,
      "low_freq": 392.3793640136719,
      "mid_mean": -21.12030792236328,
      "mid_to_side_loudness": -4.977581977844238,
      "mid_to_side_loudness_range": 13.504549026489258,
      "side_mean": -26.300472259521484
    },
    {
      "high_freq": 1457.5709228515625,
      "loudness": -27.670944213867188,
      "loudness_range": 10.054765701293945,
      "low_freq": 794.6976318359375,
      "mid_mean": -26.042739868164062,
      "mid_to_side_loudness": -2.9319205284118652,
      "mid_to_side_loudness_range": 11.883002281188965,
      "side_mean": -29.099781036376953
    },
    {
      "high_freq": 2549.74365234375,
      "loudness": -24.529521942138672,
      "loudness_range": 11.833913803100586,
      "low_freq": 1457.5709228515625,
      "mid_mean": -23.319929122924805,
      "mid_to_side_loudness": -1.910772442817688,
      "mid_to_side_loudness_range": 12.387444496154785,
      "side_mean": -25.403532028198242
    },
    {
      "high_freq": 4349.24462890625,
      "loudness": -24.57554817199707,
      "loudness_range": 11.163534164428711,
      "low_freq": 2549.74365234375,
      "mid_mean": -22.445571899414062,
      "mid_to_side_loudness": -4.840516567230225,
      "mid_to_side_loudness_range": 12.336994171142578,
      "side_mean": -27.380706787109375
    },
    {
      "high_freq": 7314.1640625,
      "loudness": -24.32867431640625,
      "loudness_range": 13.234235763549805,
      "low_freq": 4349.24462890625,
      "mid_mean": -22.63440704345703,
      "mid_to_side_loudness": -3.794734477996826,
      "mid_to_side_loudness_range": 14.954298973083496,
      "side_mean": -26.339616775512695
    },
    {
      "high_freq": 12199.2666015625,
      "loudness": -25.40574073791504,
      "loudness_range": 13.63470458984375,
      "low_freq": 7314.1640625,
      "mid_mean": -23.790794372558594,
      "mid_to_side_loudness": -3.3049166202545166,
      "mid_to_side_loudness_range": 13.05691909790039,
      "side_mean": -26.7180118560791
    },
    {
      "loudness": -33.38066482543945,
      "loudness_range": 18.343717575073242,
      "low_freq": 12199.2666015625,
      "mid_mean": -32.264041900634766,
      "mid_to_side_loudness": -2.108808755874634,
      "mid_to_side_loudness_range": 13.012706756591797,
      "side_mean": -33.54694747924805
    }
  ],
  "bands_short": [
    {
      "high_freq": 148.1999969482422,
      "loudness": -21.974931716918945,
      "loudness_range": 22.840839385986328,
      "mid_mean": -20.87455940246582,
      "mid_to_side_loudness": -4.0317792892456055,
      "mid_to_side_loudness_range": 25.987897872924805,
      "side_mean": -27.909109115600586
    },
    {
      "high_freq": 392.3793640136719,
      "loudness": -21.33790397644043,
      "loudness_range": 12.352912902832031,
      "low_freq": 148.1999969482422,
      "mid_mean": -19.43098258972168,
      "mid_to_side_loudness": -4.742849826812744,
      "mid_to_side_loudness_range": 16.42010498046875,
      "side_mean": -24.377910614013672
    },
    {
      "high_freq": 794.6976318359375,
      "loudness": -23.73887062072754,
      "loudness_range": 12.980504989624023,
      "low_freq": 392.3793640136719,
      "mid_mean": -22.145200729370117,
      "mid_to_side_loudness": -3.866725206375122,
      "mid_to_side_loudness_range": 17.491249084472656,
      "side_mean": -26.3428897857666
    },
    {
      "high_freq": 1457.5709228515625,
      "loudness": -28.634096145629883,
      "loudness_range": 14.051294326782227,
      "low_freq": 794.6976318359375,
      "mid_mean": -27.47882080078125,
      "mid_to_side_loudness": -2.3265864849090576,
      "mid_to_side_loudness_range": 15.671483993530273,
      "side_mean": -30.035123825073242
    },
    {
      "high_freq": 2549.74365234375,
      "loudness": -25.690040588378906,
      "loudness_range": 15.765254974365234,
      "low_freq": 1457.5709228515625,
      "mid_mean": -25.183683395385742,
      "mid_to_side_loudness": -1.0398133993148804,
      "mid_to_side_loudness_range": 16.406665802001953,
      "side_mean": -26.414562225341797
    },
    {
      "high_freq": 4349.24462890625,
      "loudness": -25.984209060668945,
      "loudness_range": 16.83684539794922,
      "low_freq": 2549.74365234375,
      "mid_mean": -24.249738693237305,
      "mid_to_side_loudness": -4.038669586181641,
      "mid_to_side_loudness_range": 15.734580993652344,
      "side_mean": -28.564420700073242
    },
    {
      "high_freq": 7314.1640625,
      "loudness": -25.63434410095215,
      "loudness_range": 18.402713775634766,
      "low_freq": 4349.24462890625,
      "mid_mean": -23.95085906982422,
      "mid_to_side_loudness": -3.212066173553467,
      "mid_to_side_loudness_range": 15.903768539428711,
      "side_mean": -27.8786678314209
    },
    {
      "high_freq": 12199.2666015625,
      "loudness": -26.767534255981445,
      "loudness_range": 18.427536010742188,
      "low_freq": 7314.1640625,
      "mid_mean": -25.36456298828125,
      "mid_to_side_loudness": -2.5401771068573,
      "mid_to_side_loudness_range": 14.587760925292969,
      "side_mean": -28.193281173706055
    },
    {
      "loudness": -35.53780746459961,
      "loudness_range": 23.51299285888672,
      "low_freq": 12199.2666015625,
      "mid_mean": -34.64988327026367,
      "mid_to_side_loudness": -1.4583334922790527,
      "mid_to_side_loudness_range": 15.768440246582031,
      "side_mean": -35.892852783203125
    }
  ],
  "channels": 2,
  "covariance": [
    [
      55.784271240234375,
      29.66297149658203,
      -2.2917051315307617,
      -6.218376159667969,
      -0.40030673146247864,
      -7.121979236602783,
      0.6286351680755615,
      -3.9891409873962402,
      7.177013874053955,
      3.4510271549224854,
      9.947033882141113,
      17.17152214050293,
      20.733613967895508,
      17.849836349487305,
      16.036447525024414,
      11.080282211303711,
      23.19513702392578,
      24.746051788330078
    ],
    [
      29.66297149658203,
      78.39537811279297,
      -1.9494270086288452,
      3.4049971103668213,
      4.705543041229248,
      -2.435417652130127,
      6.408576965332031,
      3.9787540435791016,
      9.292515754699707,
      12.911018371582031,
      10.513128280639648,
      23.133338928222656,
      15.769792556762695,
      26.544397354125977,
      13.223481178283691,
      25.125244140625,
      21.718341827392578,
      38.040714263916016
    ],
    [
      -2.2917051315307617,
      -1.9494270086288452,
      8.911535263061523,
      4.930768966674805,
      1.7766401767730713,
      2.7990198135375977,
      0.8951469659805298,
      1.0662504434585571,
      -0.01402402762323618,
      0.4922250211238861,
      0.6322376132011414,
      0.002274396363645792,
      -1.8431291580200195,
      -0.8914657831192017,
      -1.9166617393493652,
      -0.4576408267021179,
      -4.285884857177734,
      -3.687237024307251
    ],
    [
      -6.218376159667969,
      3.4049971103668213,
      4.930768966674805,
      15.289340019226074,
      2.186598539352417,
      9.61082649230957,
      2.962235450744629,
      7.873746871948242,
      1.2547789812088013,
      5.690182685852051,
      0.21401795744895935,
      2.5668773651123047,
      -4.059330940246582,
      1.8153256177902222,
      -3.1584417819976807,
      3.5894486904144287,
      -4.608996868133545,
      0.36691027879714966
    ],
    [
      -0.40030673146247864,
      4.705543041229248,
      1.7766401767730713,
      2.186598539352417,
      14.913269996643066,
      4.555575847625732,
      10.864831924438477,
      4.479605197906494,
      7.993224620819092,
      4.754668712615967,
      6.421603679656982,
      3.177729606628418,
      2.4719696044921875,
      2.8902547359466553,
      0.8694602847099304,
      1.9464032649993896,
      -1.3293107748031616,
      0.3767729103565216
    ],
    [
      -7.121979236602783,
      -2.435417652130127,
      2.7990198135375977,
      9.61082649230957,
      4.555575847625732,
      15.998779296875,
      4.0432610511779785,
      10.458901405334473,
      3.8208765983581543,
      8.412094116210938,
      1.9371607303619385,
      4.774306297302246,
      -2.655158758163452,
      4.106125831604004,
      -3.2110085487365723,
      4.899959087371826,
      -4.091723442077637,
      1.797724723815918
    ],
    [
      0.6286351680755615,
      6.408576965332031,
      0.8951469659805298,
      2.962235450744629,
      10.864831924438477,
      4.0432610511779785,
      20.129802703857422,
      7.816520690917969,
      11.078873634338379,
      8.1129150390625,
      8.655261993408203,
      6.1625237464904785,
      4.749423027038574,
      6.2662353515625,
      2.004349946975708,
      6.164401054382324,
      -0.34067797660827637,
      4.680130958557129
    ],
    [
      -3.9891409873962402,
      3.9787540435791016,
      1.0662504434585571,
      7.873746871948242,
      4.479605197906494,
      10.458901405334473,
      7.816520690917969,
      12.559621810913086,
      5.675429344177246,
      11.28864574432373,
      3.8053548336029053,
      7.924140930175781,
      0.8243950605392456,
      8.58283519744873,
      -0.034028664231300354,
      9.284505844116211,
      -0.3011907935142517,
      6.858182907104492
    ],
    [
      7.177013874053955,
      9.292515754699707,
      -0.01402402762323618,
      1.2547789812088013,
      7.993224620819092,
      3.8208765983581543,
      11.078873634338379,
      5.675429344177246,
      24.670242309570312,
      13.251248359680176,
      15.116976737976074,
      13.762540817260742,
      11.742669105529785,
      13.448351860046387,
      8.533997535705566,
      13.01047134399414,
      5.804771900177002,
      9.727214813232422
    ],
    [
      3.4510271549224854,
      12.911018371582031,
      0.4922250211238861,
      5.690182685852051,
      4.754668712615967,
      8.412094116210938,
      8.1129150390625,
      11.28864574432373,
      13.251248359680176,
      20.391157150268555,
      7.83084774017334,
      18.958940505981445,
      7.26283597946167,
      19.683774948120117,
      5.036395072937012,
      19.129240036010742,
      6.045538902282715,
      17.323217391967773
    ],
    [
      9.947033882141113,
      10.513128280639648,
      0.6322376132011414,
      0.21401795744895935,
      6.421603679656982,
      1.9371607303619385,
      8.655261993408203,
      3.8053548336029053,
      15.116976737976074,
      7.83084774017334,
      19.02208709716797,
      14.097871780395508,
      13.792499542236328,
      15.129507064819336,
      8.953241348266602,
      12.957745552062988,
      6.854563236236572,
      12.415328979492188
    ],
    [
      17.17152214050293,
      23.133338928222656,
      0.002274396363645792,
      2.5668773651123047,
      3.177729606628418,
      4.774306297302246,
      6.1625237464904785,
      7.924140930175781,
      13.762540817260742,
      18.958940505981445,
      14.097871780395508,
      32.16610336303711,
      16.647493362426758,
      31.935344696044922,
      11.577659606933594,
      27.03961181640625,
      15.002838134765625,
      28.991668701171875
    ],
    [
      20.733613967895508,
      15.769792556762695,
      -1.8431291580200195,
      -4.059330940246582,
      2.4719696044921875,
      -2.655158758163452,
      4.749423027038574,
      0.8243950605392456,
      11.742669105529785,
      7.26283597946167,
      13.792499542236328,
      16.647493362426758,
      25.835941314697266,
      21.089975357055664,
      20.479164123535156,
      20.126258850097656,
      21.747116088867188,
      25.245603561401367
    ],
    [
      17.849836349487305,
      26.544397354125977,
      -0.8914657831192017,
      1.8153256177902222,
      2.8902547359466553,
      4.106125831604004,
      6.2662353515625,
      8.58283519744873,
      13.448351860046387,
      19.683774948120117,
      15.129507064819336,
      31.935344696044922,
      21.089975357055664,
      50.75222396850586,
      17.47905731201172,
      36.092411041259766,
      20.797258377075195,
      34.88385009765625
    ],
    [
      16.036447525024414,
      13.223481178283691,
      -1.9166617393493652,
      -3.1584417819976807,
      0.8694602847099304,
      -3.2110085487365723,
      2.004349946975708,
      -0.034028664231300354,
      8.533997535705566,
      5.036395072937012,
      8.953241348266602,
      11.577659606933594,
      20.479164123535156,
      17.47905731201172,
      24.386281967163086,
      18.864049911499023,
      24.619155883789062,
      23.748308181762695
    ],
    [
      11.080282211303711,
      25.125244140625,
      -0.4576408267021179,
      3.5894486904144287,
      1.9464032649993896,
      4.899959087371826,
      6.164401054382324,
      9.284505844116211,
      13.01047134399414,
      19.129240036010742,
      12.957745552062988,
      27.03961181640625,
      20.126258850097656,
      36.092411041259766,
      18.864049911499023,
      43.810794830322266,
      21.97574234008789,
      43.93721389770508
    ],
    [
      23.19513702392578,
      21.718341827392578,
      -4.285884857177734,
      -4.608996868133545,
      -1.3293107748031616,
      -4.091723442077637,
      -0.34067797660827637,
      -0.3011907935142517,
      5.804771900177002,
      6.045538902282715,
      6.854563236236572,
      15.002838134765625,
      21.747116088867188,
      20.797258377075195,
      24.619155883789062,
      21.97574234008789,
      36.04875564575195,
      37.334617614746094
    ],
    [
      24.746051788330078,
      38.040714263916016,
      -3.687237024307251,
      0.36691027879714966,
      0.3767729103565216,
      1.797724723815918,
      4.680130958557129,
      6.858182907104492,
      9.727214813232422,
      17.323217391967773,
      12.415328979492188,
      28.991668701171875,
      25.245603561401367,
      34.88385009765625,
      23.748308181762695,
      43.93721389770508,
      37.334617614746094,
      68.08783721923828
    ]
  ],
  "covariance_short": [
    [
      77.5909652709961,
      30.679460525512695,
      8.615992546081543,
      -1.710534930229187,
      -1.9220619201660156,
      -7.6144280433654785,
      4.281705379486084,
      -3.53104829788208,
      10.824910163879395,
      4.5337066650390625,
      14.538287162780762,
      18.383419036865234,
      20.470273971557617,
      21.04891014099121,
      16.12102508544922,
      14.577568054199219,
      22.561351776123047,
      24.374771118164062
    ],
    [
      30.679460525512695,
      126.31766510009766,
      6.216494560241699,
      17.336240768432617,
      7.579667091369629,
      -1.733912706375122,
      11.849198341369629,
      5.498198509216309,
      12.95773696899414,
      13.055154800415039,
      14.057990074157715,
      24.288795471191406,
      15.686554908752441,
      26.11904525756836,
      16.0312557220459,
      22.343524932861328,
      28.655319213867188,
      38.417476654052734
    ],
    [
      8.615992546081543,
      6.216494560241699,
      26.529388427734375,
      10.28660774230957,
      6.5223870277404785,
      5.806797981262207,
      6.375964641571045,
      5.411222457885742,
      5.200217247009277,
      3.732614040374756,
      6.7379326820373535,
      5.9698920249938965,
      4.102233409881592,
      5.521867275238037,
      3.4785027503967285,
      5.865340709686279,
      4.333608150482178,
      5.8442559242248535
    ],
    [
      -1.710534930229187,
      17.336240768432617,
      10.28660774230957,
      28.849660873413086,
      6.283155918121338,
      14.29418659210205,
      7.841586589813232,
      13.678924560546875,
      4.842738151550293,
      11.938815116882324,
      3.07271146774292,
      9.927145957946777,
      0.09905042499303818,
      7.825114727020264,
      1.1693735122680664,
      9.04316234588623,
      1.8395884037017822,
      8.547755241394043
    ],
    [
      -1.9220619201660156,
      7.579667091369629,
      6.5223870277404785,
      6.283155918121338,
      33.460201263427734,
      11.02316951751709,
      20.418710708618164,
      9.517244338989258,
      18.78318977355957,
      9.064518928527832,
      15.557232856750488,
      8.15610122680664,
      5.917344093322754,
      8.191603660583496,
      3.1107146739959717,
      7.690969467163086,
      -1.674544095993042,
      3.2857863903045654
    ],
    [
      -7.6144280433654785,
      -1.733912706375122,
      5.806797981262207,
      14.29418659210205,
      11.02316951751709,
      28.251293182373047,
      7.747318267822266,
      17.77490997314453,
      7.2626752853393555,
      14.334379196166992,
      3.496673822402954,
      9.281917572021484,
      -1.2892475128173828,
      7.29671049118042,
      -1.4883081912994385,
      8.350725173950195,
      -2.741161346435547,
      5.658841133117676
    ],
    [
      4.281705379486084,
      11.849198341369629,
      6.375964641571045,
      7.841586589813232,
      20.418710708618164,
      7.747318267822266,
      36.51737976074219,
      14.522141456604004,
      23.566387176513672,
      14.471412658691406,
      20.22036361694336,
      14.199551582336426,
      11.626005172729492,
      14.500726699829102,
      7.901432037353516,
      14.329534530639648,
      4.192294597625732,
      12.98607063293457
    ],
    [
      -3.53104829788208,
      5.498198509216309,
      5.411222457885742,
      13.678924560546875,
      9.517244338989258,
      17.77490997314453,
      14.522141456604004,
      23.98224639892578,
      11.14435863494873,
      18.69712257385254,
      7.799975395202637,
      14.69144344329834,
      4.256025791168213,
      14.141393661499023,
      3.286648988723755,
      15.025955200195312,
      2.6890861988067627,
      13.303707122802734
    ],
    [
      10.824910163879395,
      12.95773696899414,
      5.200217247009277,
      4.842738151550293,
      18.78318977355957,
      7.2626752853393555,
      23.566387176513672,
      11.14435863494873,
      44.273372650146484,
      20.702489852905273,
      31.58148193359375,
      23.72134017944336,
      21.822277069091797,
      25.517732620239258,
      16.997943878173828,
      24.719181060791016,
      10.219685554504395,
      19.27096939086914
    ],
    [
      4.5337066650390625,
      13.055154800415039,
      3.732614040374756,
      11.938815116882324,
      9.064518928527832,
      14.334379196166992,
      14.471412658691406,
      18.69712257385254,
      20.702489852905273,
      31.099472045898438,
      13.783863067626953,
      27.706140518188477,
      11.84154224395752,
      26.94493865966797,
      9.308314323425293,
      24.841663360595703,
      8.70814323425293,
      23.212682723999023
    ],
    [
      14.538287162780762,
      14.057990074157715,
      6.7379326820373535,
      3.07271146774292,
      15.557232856750488,
      3.496673822402954,
      20.22036361694336,
      7.799975395202637,
      31.58148193359375,
      13.783863067626953,
      42.001747131347656,
      26.010343551635742,
      27.82349967956543,
      30.604551315307617,
      20.79877471923828,
      28.110736846923828,
      16.395225524902344,
      25.32600975036621
    ],
    [
      18.383419036865234,
      24.288795471191406,
      5.9698920249938965,
      9.927145957946777,
      8.15610122680664,
      9.281917572021484,
      14.199551582336426,
      14.69144344329834,
      23.72134017944336,
      27.706140518188477,
      26.010343551635742,
      46.618404388427734,
      24.72300910949707,
      44.947715759277344,
      19.041616439819336,
      37.921424865722656,
      21.671863555908203,
      38.824623107910156
    ],
    [
      20.470273971557617,
      15.686554908752441,
      4.102233409881592,
      0.09905042499303818,
      5.917344093322754,
      -1.2892475128173828,
      11.626005172729492,
      4.256025791168213,
      21.822277069091797,
      11.84154224395752,
      27.82349967956543,
      24.72300910949707,
      45.07750701904297,
      36.24466323852539,
      35.97954177856445,
      37.06575393676758,
      35.11690902709961,
      40.21541976928711
    ],
    [
      21.04891014099121,
      26.11904525756836,
      5.521867275238037,
      7.825114727020264,
      8.191603660583496,
      7.29671049118042,
      14.500726699829102,
      14.141393661499023,
      25.517732620239258,
      26.94493865966797,
      30.604551315307617,
      44.947715759277344,
      36.24466323852539,
      73.8411865234375,
      31.08258056640625,
      56.04833984375,
      33.92207336425781,
      53.252925872802734
    ],
    [
      16.12102508544922,
      16.0312557220459,
      3.4785027503967285,
      1.1693735122680664,
      3.1107146739959717,
      -1.4883081912994385,
      7.901432037353516,
      3.286648988723755,
      16.997943878173828,
      9.308314323425293,
      20.79877471923828,
      19.041616439819336,
      35.97954177856445,
      31.08258056640625,
      44.97028732299805,
      37.14458084106445,
      42.02192306518555,
      41.75239944458008
    ],
    [
      14.577568054199219,
      22.343524932861328,
      5.865340709686279,
      9.04316234588623,
      7.690969467163086,
      8.350725173950195,
      14.329534530639648,
      15.025955200195312,
      24.719181060791016,
      24.841663360595703,
      28.110736846923828,
      37.921424865722656,
      37.06575393676758,
      56.04833984375,
      37.14458084106445,
      70.839599609375,
      39.29045867919922,
      63.488494873046875
    ],
    [
      22.561351776123047,
      28.655319213867188,
      4.333608150482178,
      1.8395884037017822,
      -1.674544095993042,
      -2.741161346435547,
      4.192294597625732,
      2.6890861988067627,
      10.219685554504395,
      8.70814323425293,
      16.395225524902344,
      21.671863555908203,
      35.11690902709961,
      33.92207336425781,
      42.02192306518555,
      39.29045867919922,
      62.64767074584961,
      60.50128173828125
    ],
    [
      24.374771118164062,
      38.417476654052734,
      5.8442559242248535,
      8.547755241394043,
      3.2857863903045654,
      5.658841133117676,
      12.98607063293457,
      13.303707122802734,
      19.27096939086914,
      23.212682723999023,
      25.32600975036621,
      38.824623107910156,
      40.21541976928711,
      53.252925872802734,
      41.75239944458008,
      63.488494873046875,
      60.50128173828125,
      98.60089111328125
    ]
  ],
  "drr": 17.626657485961914,
  "dynamics": 2.304553270339966,
  "format": 1245190,
  "frames": 9248704,
  "loudness": -9.778308868408203,
  "loudness_range": 5.398680210113525,
  "loudness_range_short": 8.78935432434082,
  "peak": 0.40620875358581543,
  "rms": -11.502229690551758,
  "sample_rate": 44100,
  "sections": 1,
  "seekable": 1,
  "sharpness": 2.752002716064453,
  "space": -4.170029163360596
}