{
  "bands": [
    {
      "high_freq": 148.1999969482422,
      "loudness": -34.66135787963867,
      "loudness_range": 23.633970260620117,
      "mid_mean": -33.46253967285156,
      "mid_to_side_loudness": -2.04416561126709,
      "mid_to_side_loudness_range": 6.162807464599609,
      "side_mean": -35.22596740722656
    },
    {
      "high_freq": 392.3793640136719,
      "loudness": -35.06957244873047,
      "loudness_range": 21.04015350341797,
      "low_freq": 148.1999969482422,
      "mid_mean": -32.502811431884766,
      "mid_to_side_loudness": -7.567356586456299,
      "mid_to_side_loudness_range": 16.88772201538086,
      "side_mean": -40.223873138427734
    },
    {
      "high_freq": 794.6976318359375,
      "loudness": -38.37773132324219,
      "loudness_range": 28.311363220214844,
      "low_freq": 392.3793640136719,
      "mid_mean": -35.15435028076172,
      "mid_to_side_loudness": -13.013138771057129,
      "mid_to_side_loudness_range": 18.439735412597656,
      "side_mean": -49.31187438964844
    },
    {
      "high_freq": 1457.5709228515625,
      "loudness": -41.66080856323242,
      "loudness_range": 22.987974166870117,
      "low_freq": 794.6976318359375,
      "mid_mean": -38.2551155090332,
      "mid_to_side_loudness": -14.119795799255371,
      "mid_to_side_loudness_range": 14.46049690246582,
      "side_mean": -54.184593200683594
    },
    {
      "high_freq": 2549.74365234375,
      "loudness": -50.00647735595703,
      "loudness_range": 25.768444061279297,
      "low_freq": 1457.5709228515625,
      "mid_mean": -47.32970428466797,
      "mid_to_side_loudness": -8.778131484985352,
      "mid_to_side_loudness_range": 12.950559616088867,
      "side_mean": -56.39533615112305
    },
    {
      "high_freq": 4349.24462890625,
      "loudness": -55.85015106201172,
      "loudness_range": 22.002948760986328,
      "low_freq": 2549.74365234375,
      "mid_mean": -54.13793182373047,
      "mid_to_side_loudness": -2.647916078567505,
      "mid_to_side_loudness_range": 6.566158771514893,
      "side_mean": -56.5323371887207
    },
    {
      "high_freq": 7314.1640625,
      "loudness": -57.0998420715332,
      "loudness_range": 20.944366455078125,
      "low_freq": 4349.24462890625,
      "mid_mean": -55.8925666809082,
      "mid_to_side_loudness": -0.8522650599479675,
      "mid_to_side_loudness_range": 1.7767497301101685,
      "side_mean": -56.61710739135742
    },
    {
      "high_freq": 12199.2666015625,
      "loudness": -52.86571502685547,
      "loudness_range": 26.728008270263672,
      "low_freq": 7314.1640625,
      "mid_mean": -52.345001220703125,
      "mid_to_side_loudness": 0.11482368409633636,
      "mid_to_side_loudness_range": 0.5345569849014282,
      "side_mean": -52.21662902832031
    },
    {
      "loudness": -52.72296142578125,
      "loudness_range": 27.388656616210938,
      "low_freq": 12199.2666015625,
      "mid_mean": -52.28593826293945,
      "mid_to_side_loudness": 0.2805851399898529,
      "mid_to_side_loudness_range": 0.7382847666740417,
      "side_mean": -52.00666809082031
    }
  ],
  "bands_short": [
    {
      "high_freq": 148.1999969482422,
      "loudness": -39.826995849609375,
      "loudness_range": 30.646121978759766,
      "mid_mean": -38.99531173706055,
      "mid_to_side_loudness": -1.4288772344589233,
      "mid_to_side_loudness_range": 8.771885871887207,
      "side_mean": -39.960357666015625
    },
    {
      "high_freq": 392.3793640136719,
      "loudness": -34.518524169921875,
      "loudness_range": 22.492206573486328,
      "low_freq": 148.1999969482422,
      "mid_mean": -32.1120491027832,
      "mid_to_side_loudness": -6.585458278656006,
      "mid_to_side_loudness_range": 16.371891021728516,
      "side_mean": -38.853878021240234
    },
    {
      "high_freq": 794.6976318359375,
      "loudness": -39.44868087768555,
      "loudness_range": 30.583791732788086,
      "low_freq": 392.3793640136719,
      "mid_mean": -36.38045120239258,
      "mid_to_side_loudness": -12.546971321105957,
      "mid_to_side_loudness_range": 21.260051727294922,
      "side_mean": -51.29153060913086
    },
    {
      "high_freq": 1457.5709228515625,
      "loudness": -44.18342208862305,
      "loudness_range": 28.06292724609375,
      "low_freq": 794.6976318359375,
      "mid_mean": -41.14574432373047,
      "mid_to_side_loudness": -13.108646392822266,
      "mid_to_side_loudness_range": 17.100383758544922,
      "side_mean": -55.7410888671875
    },
    {
      "high_freq": 2549.74365234375,
      "loudness": -53.05828094482422,
      "loudness_range": 29.829811096191406,
      "low_freq": 1457.5709228515625,
      "mid_mean": -50.85620880126953,
      "mid_to_side_loudness": -8.93303394317627,
      "mid_to_side_loudness_range": 14.111419677734375,
      "side_mean": -58.965309143066406
    },
    {
      "high_freq": 4349.24462890625,
      "loudness": -59.117557525634766,
      "loudness_range": 25.137813568115234,
      "low_freq": 2549.74365234375,
      "mid_mean": -56.88623809814453,
      "mid_to_side_loudness": -3.274731397628784,
      "mid_to_side_loudness_range": 7.82680082321167,
      "side_mean": -59.72085952758789
    },
    {
      "high_freq": 7314.1640625,
      "loudness": -60.84798812866211,
      "loudness_range": 22.437145233154297,
      "low_freq": 4349.24462890625,
      "mid_mean": -59.11496353149414,
      "mid_to_side_loudness": -1.1933256387710571,
      "mid_to_side_loudness_range": 3.1230721473693848,
      "side_mean": -60.09800720214844
    },
    {
      "high_freq": 12199.2666015625,
      "loudness": -58.1947135925293,
      "loudness_range": 25.620906829833984,
      "low_freq": 7314.1640625,
      "mid_mean": -57.324886322021484,
      "mid_to_side_loudness": 0.18269455432891846,
      "mid_to_side_loudness_range": 1.933535099029541,
      "side_mean": -57.16672134399414
    },
    {
      "loudness": -58.17416763305664,
      "loudness_range": 24.770687103271484,
      "low_freq": 12199.2666015625,
      "mid_mean": -57.47371292114258,
      "mid_to_side_loudness": 0.4901497960090637,
      "mid_to_side_loudness_range": 1.504599928855896,
      "side_mean": -57.03887939453125
    }
  ],
  "channels": 2,
  "covariance": [
    [
      67.74761199951172,
      68.93242645263672,
      27.597566604614258,
      24.774492263793945,
      28.06589698791504,
      33.33189010620117,
      12.274121284484863,
      20.56949806213379,
      24.73573112487793,
      22.344682693481445,
      26.035274505615234,
      23.91627311706543,
      24.349138259887695,
      23.874771118164062,
      30.30291175842285,
      30.203142166137695,
      30.593772888183594,
      30.44942283630371
    ],
    [
      68.93242645263672,
      81.66629028320312,
      23.844585418701172,
      26.127290725708008,
      23.01483726501465,
      32.76655578613281,
      12.389695167541504,
      21.45975685119629,
      22.55856704711914,
      21.55735206604004,
      24.999494552612305,
      23.078527450561523,
      23.782560348510742,
      23.260541915893555,
      30.067977905273438,
      30.014881134033203,
      30.335025787353516,
      30.230300903320312
    ],
    [
      27.597566604614258,
      23.844585418701172,
      60.1430549621582,
      32.062286376953125,
      52.64350891113281,
      36.49952697753906,
      10.887772560119629,
      20.916404724121094,
      38.69869613647461,
      29.653532028198242,
      31.555917739868164,
      28.37720489501953,
      26.495386123657227,
      26.169483184814453,
      29.13426399230957,
      28.978839874267578,
      29.20537567138672,
      29.186580657958984
    ],
    [
      24.774492263793945,
      26.127290725708008,
      32.062286376953125,
      37.26744842529297,
      24.714832305908203,
      28.487621307373047,
      9.730053901672363,
      18.07988929748535,
      23.292522430419922,
      22.641897201538086,
      24.924306869506836,
      23.929824829101562,
      23.421974182128906,
      23.427330017089844,
      27.949695587158203,
      27.86570930480957,
      28.005287170410156,
      27.851329803466797
    ],
    [
      28.06589698791504,
      23.01483726501465,
      52.64350891113281,
      24.714832305908203,
      105.3477783203125,
      56.06215286254883,
      29.6380615234375,
      32.27138900756836,
      65.48578643798828,
      43.2684326171875,
      48.39101791381836,
      37.35338592529297,
      33.244441986083984,
      31.255823135375977,
      29.716796875,
      29.59090232849121,
      28.992904663085938,
      29.02374839782715
    ],
    [
      33.33189010620117,
      32.76655578613281,
      36.49952697753906,
      28.487621307373047,
      56.06215286254883,
      51.30507278442383,
      23.408418655395508,
      32.0323486328125,
      47.13493728637695,
      36.9532356262207,
      42.17558288574219,
      35.23149108886719,
      33.348785400390625,
      31.985225677490234,
      35.5424919128418,
      35.38231658935547,
      34.70087814331055,
      34.678855895996094
    ],
    [
      12.274121284484863,
      12.389695167541504,
      10.887772560119629,
      9.730053901672363,
      29.6380615234375,
      23.408418655395508,
      67.30135345458984,
      44.34330368041992,
      42.22357940673828,
      27.288633346557617,
      30.02433967590332,
      21.654287338256836,
      19.849994659423828,
      17.770435333251953,
      17.830610275268555,
      17.693180084228516,
      16.681081771850586,
      16.560415267944336
    ],
    [
      20.56949806213379,
      21.45975685119629,
      20.916404724121094,
      18.07988929748535,
      32.27138900756836,
      32.0323486328125,
      44.34330368041992,
      50.73222732543945,
      42.674163818359375,
      37.85900115966797,
      41.36988830566406,
      34.381919860839844,
      32.845489501953125,
      31.29698371887207,
      36.35186004638672,
      36.21863555908203,
      35.291847229003906,
      35.251861572265625
    ],
    [
      24.73573112487793,
      22.55856704711914,
      38.69869613647461,
      23.292522430419922,
      65.48578643798828,
      47.13493728637695,
      42.22357940673828,
      42.674163818359375,
      86.71704864501953,
      54.69558334350586,
      53.34302520751953,
      40.40045166015625,
      36.519317626953125,
      33.808860778808594,
      33.7064208984375,
      33.54732131958008,
      32.838748931884766,
      32.83809280395508
    ],
    [
      22.344682693481445,
      21.55735206604004,
      29.653532028198242,
      22.641897201538086,
      43.2684326171875,
      36.9532356262207,
      27.288633346557617,
      37.85900115966797,
      54.69558334350586,
      47.82447052001953,
      48.6661376953125,
      42.108787536621094,
      40.27110290527344,
      38.85242462158203,
      43.84476089477539,
      43.722049713134766,
      43.57344436645508,
      43.450138092041016
    ],
    [
      26.035274505615234,
      24.999494552612305,
      31.555917739868164,
      24.924306869506836,
      48.39101791381836,
      42.17558288574219,
      30.02433967590332,
      41.36988830566406,
      53.34302520751953,
      48.6661376953125,
      56.722869873046875,
      48.24961471557617,
      46.492366790771484,
      44.45085525512695,
      50.18528366088867,
      50.006004333496094,
      49.81907272338867,
      49.681556701660156
    ],
    [
      23.91627311706543,
      23.078527450561523,
      28.37720489501953,
      23.929824829101562,
      37.35338592529297,
      35.23149108886719,
      21.654287338256836,
      34.381919860839844,
      40.40045166015625,
      42.108787536621094,
      48.24961471557617,
      45.95744323730469,
      45.17963409423828,
      44.695045471191406,
      52.95064926147461,
      52.81340026855469,
      53.34345245361328,
      53.05869674682617
    ],
    [
      24.349138259887695,
      23.782560348510742,
      26.495386123657227,
      23.421974182128906,
      33.244441986083984,
      33.348785400390625,
      19.849994659423828,
      32.845489501953125,
      36.519317626953125,
      40.27110290527344,
      46.492366790771484,
      45.17963409423828,
      46.40391159057617,
      45.774444580078125,
      56.139556884765625,
      55.98776626586914,
      57.07574462890625,
      56.76102828979492
    ],
    [
      23.874771118164062,
      23.260541915893555,
      26.169483184814453,
      23.427330017089844,
      31.255823135375977,
      31.985225677490234,
      17.770435333251953,
      31.29698371887207,
      33.808860778808594,
      38.85242462158203,
      44.45085525512695,
      44.695045471191406,
      45.774444580078125,
      45.982078552246094,
      57.069759368896484,
      56.94963073730469,
      58.23086929321289,
      57.86984634399414
    ],
    [
      30.30291175842285,
      30.067977905273438,
      29.13426399230957,
      27.949695587158203,
      29.716796875,
      35.5424919128418,
      17.830610275268555,
      36.35186004638672,
      33.7064208984375,
      43.84476089477539,
      50.18528366088867,
      52.95064926147461,
      56.139556884765625,
      57.069759368896484,
      79.37898254394531,
      79.21353149414062,
      82.19271087646484,
      81.62049865722656
    ],
    [
      30.203142166137695,
      30.014881134033203,
      28.978839874267578,
      27.86570930480957,
      29.59090232849121,
      35.38231658935547,
      17.693180084228516,
      36.21863555908203,
      33.54732131958008,
      43.722049713134766,
      50.006004333496094,
      52.81340026855469,
      55.98776626586914,
      56.94963073730469,
      79.21353149414062,
      79.0875473022461,
      82.07491302490234,
      81.51057434082031
    ],
    [
      30.593772888183594,
      30.335025787353516,
      29.20537567138672,
      28.005287170410156,
      28.992904663085938,
      34.70087814331055,
      16.681081771850586,
      35.291847229003906,
      32.838748931884766,
      43.57344436645508,
      49.81907272338867,
      53.34345245361328,
      57.07574462890625,
      58.23086929321289,
      82.19271087646484,
      82.07491302490234,
      86.44039916992188,
      85.81107330322266
    ],
    [
      30.44942283630371,
      30.230300903320312,
      29.186580657958984,
      27.851329803466797,
      29.02374839782715,
      34.678855895996094,
      16.560415267944336,
      35.251861572265625,
      32.83809280395508,
      43.450138092041016,
      49.681556701660156,
      53.05869674682617,
      56.76102828979492,
      57.86984634399414,
      81.62049865722656,
      81.51057434082031,
      85.81107330322266,
      85.23640441894531
    ]
  ],
  "covariance_short": [
    [
      107.51749420166016,
      107.92827606201172,
      40.87046432495117,
      50.43424606323242,
      21.1980037689209,
      40.82658767700195,
      15.874610900878906,
      25.111713409423828,
      28.530536651611328,
      24.789772033691406,
      28.563112258911133,
      25.506731033325195,
      25.115144729614258,
      23.718631744384766,
      28.855134963989258,
      28.734203338623047,
      26.280933380126953,
      26.110654830932617
    ],
    [
      107.92827606201172,
      128.3634490966797,
      37.2522087097168,
      52.19123077392578,
      16.63654899597168,
      39.998085021972656,
      14.916991233825684,
      24.480792999267578,
      26.305877685546875,
      23.37784194946289,
      26.78913688659668,
      24.22691535949707,
      23.96744728088379,
      22.780420303344727,
      27.874780654907227,
      27.812475204467773,
      25.31070899963379,
      25.187089920043945
    ],
    [
      40.87046432495117,
      37.2522087097168,
      65.3741683959961,
      43.26499557495117,
      49.861820220947266,
      43.0706901550293,
      21.667041778564453,
      26.33103370666504,
      42.366661071777344,
      29.49858283996582,
      30.81840705871582,
      25.94175148010254,
      23.914104461669922,
      22.55424690246582,
      25.788448333740234,
      25.522974014282227,
      23.622087478637695,
      23.530302047729492
    ],
    [
      50.43424606323242,
      52.19123077392578,
      43.26499557495117,
      56.78175354003906,
      23.479745864868164,
      37.876094818115234,
      15.709463119506836,
      24.668493270874023,
      27.76508140563965,
      24.583139419555664,
      27.486879348754883,
      25.644853591918945,
      25.046749114990234,
      24.25994873046875,
      29.10931396484375,
      28.89590072631836,
      26.91216278076172,
      26.726423263549805
    ],
    [
      21.1980037689209,
      16.63654899597168,
      49.861820220947266,
      23.479745864868164,
      120.34432220458984,
      59.74262237548828,
      46.014007568359375,
      37.6367301940918,
      72.35932922363281,
      43.651004791259766,
      46.5546875,
      32.58068084716797,
      27.306575775146484,
      23.733083724975586,
      22.07982063293457,
      21.804931640625,
      19.924543380737305,
      20.046859741210938
    ],
    [
      40.82658767700195,
      39.998085021972656,
      43.0706901550293,
      37.876094818115234,
      59.74262237548828,
      68.97730255126953,
      32.52101516723633,
      43.46167755126953,
      62.06940841674805,
      43.8644905090332,
      48.478424072265625,
      38.89775466918945,
      35.613616943359375,
      33.11561965942383,
      36.34048080444336,
      36.26318359375,
      33.338401794433594,
      33.667724609375
    ],
    [
      15.874610900878906,
      14.916991233825684,
      21.667041778564453,
      15.709463119506836,
      46.014007568359375,
      32.52101516723633,
      97.92523956298828,
      64.14094543457031,
      63.32888412475586,
      39.55963897705078,
      42.43894577026367,
      27.7465763092041,
      23.790250778198242,
      19.5293025970459,
      18.497024536132812,
      18.240053176879883,
      15.191340446472168,
      15.2078857421875
    ],
    [
      25.111713409423828,
      24.480792999267578,
      26.33103370666504,
      24.668493270874023,
      37.6367301940918,
      43.46167755126953,
      64.14094543457031,
      68.56574249267578,
      64.77719116210938,
      46.069114685058594,
      48.971309661865234,
      38.0925407409668,
      34.51224136352539,
      31.45965576171875,
      33.898616790771484,
      33.868160247802734,
      30.552278518676758,
      30.666900634765625
    ],
    [
      28.530536651611328,
      26.305877685546875,
      42.366661071777344,
      27.76508140563965,
      72.35932922363281,
      62.06940841674805,
      63.32888412475586,
      64.77719116210938,
      108.51629638671875,
      68.79740905761719,
      66.14700317382812,
      48.18250274658203,
      42.11008071899414,
      37.1148681640625,
      37.04853439331055,
      36.71940994262695,
      33.232234954833984,
      33.53937530517578
    ],
    [
      24.789772033691406,
      23.37784194946289,
      29.49858283996582,
      24.583139419555664,
      43.651004791259766,
      43.8644905090332,
      39.55963897705078,
      46.069114685058594,
      68.79740905761719,
      55.3397102355957,
      54.02520751953125,
      45.221336364746094,
      40.99901580810547,
      38.493919372558594,
      40.67782211303711,
      40.58930587768555,
      38.139488220214844,
      38.03004837036133
    ],
    [
      28.563112258911133,
      26.78913688659668,
      30.81840705871582,
      27.486879348754883,
      46.5546875,
      48.478424072265625,
      42.43894577026367,
      48.971309661865234,
      66.14700317382812,
      54.02520751953125,
      62.81473922729492,
      51.64542007446289,
      47.44175720214844,
      43.97716522216797,
      46.479042053222656,
      46.13630294799805,
      43.46795654296875,
      43.26762008666992
    ],
    [
      25.506731033325195,
      24.22691535949707,
      25.94175148010254,
      25.644853591918945,
      32.58068084716797,
      38.89775466918945,
      27.7465763092041,
      38.0925407409668,
      48.18250274658203,
      45.221336364746094,
      51.64542007446289,
      48.478458404541016,
      45.345947265625,
      44.13514709472656,
      48.46063232421875,
      48.27425003051758,
      46.2783317565918,
      45.86053466796875
    ],
    [
      25.115144729614258,
      23.96744728088379,
      23.914104461669922,
      25.046749114990234,
      27.306575775146484,
      35.613616943359375,
      23.790250778198242,
      34.51224136352539,
      42.11008071899414,
      40.99901580810547,
      47.44175720214844,
      45.345947265625,
      45.781333923339844,
      44.10124969482422,
      49.69506072998047,
      49.33245849609375,
      47.77553176879883,
      47.289554595947266
    ],
    [
      23.718631744384766,
      22.780420303344727,
      22.55424690246582,
      24.25994873046875,
      23.733083724975586,
      33.11561965942383,
      19.5293025970459,
      31.45965576171875,
      37.1148681640625,
      38.493919372558594,
      43.97716522216797,
      44.13514709472656,
      44.10124969482422,
      44.00178527832031,
      50.059635162353516,
      49.88745880126953,
      48.575775146484375,
      48.03998947143555
    ],
    [
      28.855134963989258,
      27.874780654907227,
      25.788448333740234,
      29.10931396484375,
      22.07982063293457,
      36.34048080444336,
      18.497024536132812,
      33.898616790771484,
      37.04853439331055,
      40.67782211303711,
      46.479042053222656,
      48.46063232421875,
      49.69506072998047,
      50.059635162353516,
      64.06053161621094,
      63.605995178222656,
      62.570281982421875,
      61.74347686767578
    ],
    [
      28.734203338623047,
      27.812475204467773,
      25.522974014282227,
      28.89590072631836,
      21.804931640625,
      36.26318359375,
      18.240053176879883,
      33.868160247802734,
      36.71940994262695,
      40.58930587768555,
      46.13630294799805,
      48.27425003051758,
      49.33245849609375,
      49.88745880126953,
      63.605995178222656,
      63.475887298583984,
      62.279727935791016,
      61.524566650390625
    ],
    [
      26.280933380126953,
      25.31070899963379,
      23.622087478637695,
      26.91216278076172,
      19.924543380737305,
      33.338401794433594,
      15.191340446472168,
      30.552278518676758,
      33.232234954833984,
      38.139488220214844,
      43.46795654296875,
      46.2783317565918,
      47.77553176879883,
      48.575775146484375,
      62.570281982421875,
      62.279727935791016,
      62.940372467041016,
      62.01707077026367
    ],
    [
      26.110654830932617,
      25.187089920043945,
      23.530302047729492,
      26.726423263549805,
      20.046859741210938,
      33.667724609375,
      15.2078857421875,
      30.666900634765625,
      33.53937530517578,
      38.03004837036133,
      43.26762008666992,
      45.86053466796875,
      47.289554595947266,
      48.03998947143555,
      61.74347686767578,
      61.524566650390625,
      62.01707077026367,
      61.32957458496094
    ]
  ],
  "drr": 11.339980125427246,
  "dynamics": 4.923346042633057,
  "format": 1245190,
  "frames": 7317504,
  "loudness": -23.358001708984375,
  "loudness_range": 16.260177612304688,
  "loudness_range_short": 20.200796127319336,
  "peak": -2.544965982437134,
  "rms": -24.029430389404297,
  "sample_rate": 44100,
  "sections": 1,
  "seekable": 1,
  "sharpness": 4.365760803222656,
  "space": -7.184192657470703
}