{
  "bands": [
    {
      "high_freq": 148.1999969482422,
      "loudness": -36.60823059082031,
      "loudness_range": 17.83538818359375,
      "mid_mean": -35.09822463989258,
      "mid_to_side_loudness": -3.1301913261413574,
      "mid_to_side_loudness_range": 6.106433391571045,
      "side_mean": -36.32599639892578
    },
    {
      "high_freq": 392.3793640136719,
      "loudness": -33.116600036621094,
      "loudness_range": 14.399908065795898,
      "low_freq": 148.1999969482422,
      "mid_mean": -30.956663131713867,
      "mid_to_side_loudness": -5.331053733825684,
      "mid_to_side_loudness_range": 13.47314453125,
      "side_mean": -36.153297424316406
    },
    {
      "high_freq": 794.6976318359375,
      "loudness": -37.931556701660156,
      "loudness_range": 23.918088912963867,
      "low_freq": 392.3793640136719,
      "mid_mean": -34.80489730834961,
      "mid_to_side_loudness": -11.088199615478516,
      "mid_to_side_loudness_range": 18.46437644958496,
      "side_mean": -46.43693923950195
    },
    {
      "high_freq": 1457.5709228515625,
      "loudness": -46.48176574707031,
      "loudness_range": 27.268030166625977,
      "low_freq": 794.6976318359375,
      "mid_mean": -43.51389694213867,
      "mid_to_side_loudness": -10.842582702636719,
      "mid_to_side_loudness_range": 18.41067123413086,
      "side_mean": -54.76451110839844
    },
    {
      "high_freq": 2549.74365234375,
      "loudness": -49.703819274902344,
      "loudness_range": 24.932823181152344,
      "low_freq": 1457.5709228515625,
      "mid_mean": -46.9190559387207,
      "mid_to_side_loudness": -9.324271202087402,
      "mid_to_side_loudness_range": 16.292343139648438,
      "side_mean": -56.390052795410156
    },
    {
      "high_freq": 4349.24462890625,
      "loudness": -55.639469146728516,
      "loudness_range": 19.399677276611328,
      "low_freq": 2549.74365234375,
      "mid_mean": -54.26668930053711,
      "mid_to_side_loudness": -3.4741976261138916,
      "mid_to_side_loudness_range": 10.477012634277344,
      "side_mean": -57.171836853027344
    },
    {
      "high_freq": 7314.1640625,
      "loudness": -56.04130172729492,
      "loudness_range": 19.49047088623047,
      "low_freq": 4349.24462890625,
      "mid_mean": -56.59732437133789,
      "mid_to_side_loudness": -0.6680077910423279,
      "mid_to_side_loudness_range": 0.8927868008613586,
      "side_mean": -57.0839958190918
    },
    {
      "high_freq": 12199.2666015625,
      "loudness": -58.615440368652344,
      "loudness_range": 25.355953216552734,
      "low_freq": 7314.1640625,
      "mid_mean": -57.92985153198242,
      "mid_to_side_loudness": -0.5014095902442932,
      "mid_to_side_loudness_range": 0.8924334049224854,
      "side_mean": -58.36856460571289
    },
    {
      "loudness": -63.112754821777344,
      "loudness_range": 24.790714263916016,
      "low_freq": 12199.2666015625,
      "mid_mean": -60.95370864868164,
      "mid_to_side_loudness": -0.05320988595485687,
      "mid_to_side_loudness_range": 0.47746866941452026,
      "side_mean": -60.997337341308594
    }
  ],
  "bands_short": [
    {
      "high_freq": 148.1999969482422,
      "loudness": -40.026512145996094,
      "loudness_range": 24.21831512451172,
      "mid_mean": -38.687171936035156,
      "mid_to_side_loudness": -3.0826408863067627,
      "mid_to_side_loudness_range": 11.228643417358398,
      "side_mean": -39.9722785949707
    },
    {
      "high_freq": 392.3793640136719,
      "loudness": -34.077762603759766,
      "loudness_range": 17.066347122192383,
      "low_freq": 148.1999969482422,
      "mid_mean": -32.10237503051758,
      "mid_to_side_loudness": -4.899244785308838,
      "mid_to_side_loudness_range": 14.208547592163086,
      "side_mean": -36.797569274902344
    },
    {
      "high_freq": 794.6976318359375,
      "loudness": -38.40907287597656,
      "loudness_range": 25.9140682220459,
      "low_freq": 392.3793640136719,
      "mid_mean": -35.44734573364258,
      "mid_to_side_loudness": -10.181047439575195,
      "mid_to_side_loudness_range": 19.37480354309082,
      "side_mean": -46.31871032714844
    },
    {
      "high_freq": 1457.5709228515625,
      "loudness": -47.627323150634766,
      "loudness_range": 29.085315704345703,
      "low_freq": 794.6976318359375,
      "mid_mean": -44.83952713012695,
      "mid_to_side_loudness": -10.387663841247559,
      "mid_to_side_loudness_range": 18.919750213623047,
      "side_mean": -55.573326110839844
    },
    {
      "high_freq": 2549.74365234375,
      "loudness": -51.55961227416992,
      "loudness_range": 28.28768539428711,
      "low_freq": 1457.5709228515625,
      "mid_mean": -49.008140563964844,
      "mid_to_side_loudness": -9.329375267028809,
      "mid_to_side_loudness_range": 17.215124130249023,
      "side_mean": -58.05854415893555
    },
    {
      "high_freq": 4349.24462890625,
      "loudness": -57.49446105957031,
      "loudness_range": 22.874420166015625,
      "low_freq": 2549.74365234375,
      "mid_mean": -55.83966064453125,
      "mid_to_side_loudness": -3.698888063430786,
      "mid_to_side_loudness_range": 11.005603790283203,
      "side_mean": -58.83620834350586
    },
    {
      "high_freq": 7314.1640625,
      "loudness": -58.64569854736328,
      "loudness_range": 23.252803802490234,
      "low_freq": 4349.24462890625,
      "mid_mean": -58.463409423828125,
      "mid_to_side_loudness": -0.7698997259140015,
      "mid_to_side_loudness_range": 1.7685558795928955,
      "side_mean": -59.00236129760742
    },
    {
      "high_freq": 12199.2666015625,
      "loudness": -61.865882873535156,
      "loudness_range": 31.195884704589844,
      "low_freq": 7314.1640625,
      "mid_mean": -59.3968391418457,
      "mid_to_side_loudness": -0.5189990997314453,
      "mid_to_side_loudness_range": 1.6060004234313965,
      "side_mean": -59.81393051147461
    },
    {
      "loudness": -64.9745864868164,
      "loudness_range": 22.633563995361328,
      "low_freq": 12199.2666015625,
      "mid_mean": -62.357357025146484,
      "mid_to_side_loudness": -0.04582037031650543,
      "mid_to_side_loudness_range": 1.1630632877349854,
      "side_mean": -62.39085388183594
    }
  ],
  "channels": 2,
  "covariance": [
    [
      42.20801544189453,
      33.78261947631836,
      8.911012649536133,
      21.630903244018555,
      -0.9807554483413696,
      8.982722282409668,
      1.2159478664398193,
      10.448378562927246,
      1.7447246313095093,
      8.75991153717041,
      10.208454132080078,
      13.202407836914062,
      15.392168045043945,
      15.17484188079834,
      14.91404914855957,
      14.450007438659668,
      10.708956718444824,
      10.673637390136719
    ],
    [
      33.78261947631836,
      39.16752243041992,
      8.649826049804688,
      16.11834144592285,
      -0.8085080981254578,
      7.4846038818359375,
      1.668444037437439,
      7.012083530426025,
      2.0800940990448,
      4.487692356109619,
      3.662242889404297,
      4.488664627075195,
      5.3652825355529785,
      5.435938835144043,
      6.524999618530273,
      6.377405166625977,
      5.232967376708984,
      5.21389102935791
    ],
    [
      8.911012649536133,
      8.649826049804688,
      31.194501876831055,
      18.893688201904297,
      29.349727630615234,
      17.039936065673828,
      32.630653381347656,
      18.952173233032227,
      33.05316162109375,
      17.392866134643555,
      19.919340133666992,
      10.924493789672852,
      10.208403587341309,
      9.602967262268066,
      9.762334823608398,
      9.393817901611328,
      7.466516494750977,
      7.44168758392334
    ],
    [
      21.630903244018555,
      16.11834144592285,
      18.893688201904297,
      34.00288009643555,
      4.985914707183838,
      12.99523639678955,
      7.409430027008057,
      14.30182933807373,
      8.164463996887207,
      12.602510452270508,
      14.383504867553711,
      15.006217956542969,
      16.071027755737305,
      15.769917488098145,
      14.186844825744629,
      13.74110221862793,
      9.651361465454102,
      9.572308540344238
    ],
    [
      -0.9807554483413696,
      -0.8085080981254578,
      29.349727630615234,
      4.985914707183838,
      80.8017578125,
      30.798009872436523,
      76.10093688964844,
      31.78658103942871,
      72.56193542480469,
      30.675622940063477,
      36.02286911010742,
      17.6617431640625,
      17.81031608581543,
      16.643634796142578,
      18.59823226928711,
      18.119230270385742,
      16.064208984375,
      16.014339447021484
    ],
    [
      8.982722282409668,
      7.4846038818359375,
      17.039936065673828,
      12.99523639678955,
      30.798009872436523,
      26.340625762939453,
      31.461894989013672,
      23.067041397094727,
      31.19525909423828,
      21.742752075195312,
      24.32231330871582,
      17.694120407104492,
      17.627042770385742,
      16.974403381347656,
      16.336172103881836,
      15.936983108520508,
      12.309210777282715,
      12.243730545043945
    ],
    [
      1.2159478664398193,
      1.668444037437439,
      32.630653381347656,
      7.409430027008057,
      76.10093688964844,
      31.461894989013672,
      100.63558959960938,
      44.203006744384766,
      85.0825424194336,
      39.0280647277832,
      47.54075622558594,
      25.87444305419922,
      26.835124969482422,
      25.455482482910156,
      27.753314971923828,
      27.11658477783203,
      23.35451316833496,
      23.291501998901367
    ],
    [
      10.448378562927246,
      7.012083530426025,
      18.952173233032227,
      14.30182933807373,
      31.78658103942871,
      23.067041397094727,
      44.203006744384766,
      35.613441467285156,
      40.92094039916992,
      32.309356689453125,
      37.719905853271484,
      29.549560546875,
      30.976348876953125,
      30.078784942626953,
      28.54202651977539,
      27.829540252685547,
      21.672094345092773,
      21.578161239624023
    ],
    [
      1.7447246313095093,
      2.0800940990448,
      33.05316162109375,
      8.164463996887207,
      72.56193542480469,
      31.19525909423828,
      85.0825424194336,
      40.92094039916992,
      88.77132415771484,
      43.0706672668457,
      49.6612434387207,
      28.967388153076172,
      29.40216064453125,
      27.934823989868164,
      29.408672332763672,
      28.66787338256836,
      23.15873908996582,
      23.071552276611328
    ],
    [
      8.75991153717041,
      4.487692356109619,
      17.392866134643555,
      12.602510452270508,
      30.675622940063477,
      21.742752075195312,
      39.0280647277832,
      32.309356689453125,
      43.0706672668457,
      37.30775833129883,
      42.55908203125,
      35.61578369140625,
      37.0809211730957,
      36.077457427978516,
      34.12734603881836,
      33.252113342285156,
      25.10335350036621,
      24.992097854614258
    ],
    [
      10.208454132080078,
      3.662242889404297,
      19.919340133666992,
      14.383504867553711,
      36.02286911010742,
      24.32231330871582,
      47.54075622558594,
      37.719905853271484,
      49.6612434387207,
      42.55908203125,
      54.50360107421875,
      44.46741485595703,
      46.99253845214844,
      45.63827896118164,
      44.36429977416992,
      43.24408721923828,
      33.26689147949219,
      33.125606536865234
    ],
    [
      13.202407836914062,
      4.488664627075195,
      10.924493789672852,
      15.006217956542969,
      17.6617431640625,
      17.694120407104492,
      25.87444305419922,
      29.549560546875,
      28.967388153076172,
      35.61578369140625,
      44.46741485595703,
      45.349342346191406,
      50.20503234863281,
      49.4489860534668,
      46.58833694458008,
      45.449615478515625,
      34.50341796875,
      34.343162536621094
    ],
    [
      15.392168045043945,
      5.3652825355529785,
      10.208403587341309,
      16.071027755737305,
      17.81031608581543,
      17.627042770385742,
      26.835124969482422,
      30.976348876953125,
      29.40216064453125,
      37.0809211730957,
      46.99253845214844,
      50.20503234863281,
      59.07583236694336,
      58.42731475830078,
      56.390689849853516,
      55.065818786621094,
      43.623695373535156,
      43.440738677978516
    ],
    [
      15.17484188079834,
      5.435938835144043,
      9.602967262268066,
      15.769917488098145,
      16.643634796142578,
      16.974403381347656,
      25.455482482910156,
      30.078784942626953,
      27.934823989868164,
      36.077457427978516,
      45.63827896118164,
      49.4489860534668,
      58.42731475830078,
      57.9508056640625,
      55.81866455078125,
      54.54046630859375,
      43.2879753112793,
      43.10744857788086
    ],
    [
      14.91404914855957,
      6.524999618530273,
      9.762334823608398,
      14.186844825744629,
      18.59823226928711,
      16.336172103881836,
      27.753314971923828,
      28.54202651977539,
      29.408672332763672,
      34.12734603881836,
      44.36429977416992,
      46.58833694458008,
      56.390689849853516,
      55.81866455078125,
      59.055091857910156,
      57.7872200012207,
      47.56343078613281,
      47.44798278808594
    ],
    [
      14.450007438659668,
      6.377405166625977,
      9.393817901611328,
      13.74110221862793,
      18.119230270385742,
      15.936983108520508,
      27.11658477783203,
      27.829540252685547,
      28.66787338256836,
      33.252113342285156,
      43.24408721923828,
      45.449615478515625,
      55.065818786621094,
      54.54046630859375,
      57.7872200012207,
      56.6208381652832,
      46.7130126953125,
      46.60654830932617
    ],
    [
      10.708956718444824,
      5.232967376708984,
      7.466516494750977,
      9.651361465454102,
      16.064208984375,
      12.309210777282715,
      23.35451316833496,
      21.672094345092773,
      23.15873908996582,
      25.10335350036621,
      33.26689147949219,
      34.50341796875,
      43.623695373535156,
      43.2879753112793,
      47.56343078613281,
      46.7130126953125,
      42.9337272644043,
      42.86406326293945
    ],
    [
      10.673637390136719,
      5.21389102935791,
      7.44168758392334,
      9.572308540344238,
      16.014339447021484,
      12.243730545043945,
      23.291501998901367,
      21.578161239624023,
      23.071552276611328,
      24.992097854614258,
      33.125606536865234,
      34.343162536621094,
      43.440738677978516,
      43.10744857788086,
      47.44798278808594,
      46.60654830932617,
      42.86406326293945,
      42.812042236328125
    ]
  ],
  "covariance_short": [
    [
      69.96376037597656,
      58.361385345458984,
      18.529279708862305,
      32.45977020263672,
      -0.35756438970565796,
      11.159977912902832,
      2.9224863052368164,
      12.233081817626953,
      5.061192989349365,
      9.594680786132812,
      11.166685104370117,
      13.80007553100586,
      16.23316192626953,
      15.938117980957031,
      16.349939346313477,
      15.796950340270996,
      11.457993507385254,
      11.461965560913086
    ],
    [
      58.361385345458984,
      66.94405364990234,
      20.300106048583984,
      29.68077278137207,
      3.8565237522125244,
      12.47951889038086,
      6.724175453186035,
      11.528641700744629,
      9.372096061706543,
      8.345754623413086,
      7.964552879333496,
      7.820553302764893,
      8.856806755065918,
      8.787034034729004,
      9.999055862426758,
      9.692112922668457,
      7.717682838439941,
      7.7406768798828125
    ],
    [
      18.529279708862305,
      20.300106048583984,
      41.01736831665039,
      28.543596267700195,
      32.39619064331055,
      22.929019927978516,
      36.32435989379883,
      25.23812484741211,
      38.12957000732422,
      20.9599609375,
      22.548124313354492,
      13.023138046264648,
      11.855111122131348,
      11.155526161193848,
      11.029143333435059,
      10.585983276367188,
      8.2904691696167,
      8.287964820861816
    ],
    [
      32.45977020263672,
      29.68077278137207,
      28.543596267700195,
      46.45604705810547,
      7.81939697265625,
      18.941883087158203,
      11.38902473449707,
      19.57937240600586,
      12.253520965576172,
      14.46796989440918,
      15.571907043457031,
      15.406974792480469,
      16.340932846069336,
      16.00984764099121,
      14.90351676940918,
      14.447285652160645,
      10.439215660095215,
      10.39886474609375
    ],
    [
      -0.35756438970565796,
      3.8565237522125244,
      32.39619064331055,
      7.81939697265625,
      91.72308349609375,
      38.209590911865234,
      84.54736328125,
      38.47547912597656,
      83.9658203125,
      36.35586166381836,
      39.93519592285156,
      18.749414443969727,
      16.823184967041016,
      15.47485637664795,
      16.631427764892578,
      16.075088500976562,
      12.700037956237793,
      12.67672348022461
    ],
    [
      11.159977912902832,
      12.47951889038086,
      22.929019927978516,
      18.941883087158203,
      38.209590911865234,
      37.814109802246094,
      37.96976089477539,
      28.71265411376953,
      39.321529388427734,
      24.865732192993164,
      26.626253128051758,
      18.55550765991211,
      17.823055267333984,
      17.128154754638672,
      16.358156204223633,
      15.9680814743042,
      11.799927711486816,
      11.739581108093262
    ],
    [
      2.9224863052368164,
      6.724175453186035,
      36.32435989379883,
      11.38902473449707,
      84.54736328125,
      37.96976089477539,
      113.4041976928711,
      54.23497772216797,
      99.2195816040039,
      46.73630905151367,
      53.827754974365234,
      28.848684310913086,
      27.822677612304688,
      26.01352310180664,
      28.089927673339844,
      27.261085510253906,
      20.982065200805664,
      20.942035675048828
    ],
    [
      12.233081817626953,
      11.528641700744629,
      25.23812484741211,
      19.57937240600586,
      38.47547912597656,
      28.71265411376953,
      54.23497772216797,
      46.1464958190918,
      52.72212219238281,
      37.95174026489258,
      43.02193832397461,
      32.43107604980469,
      33.01859664916992,
      31.822288513183594,
      31.122779846191406,
      30.308061599731445,
      22.704627990722656,
      22.638561248779297
    ],
    [
      5.061192989349365,
      9.372096061706543,
      38.12957000732422,
      12.253520965576172,
      83.9658203125,
      39.321529388427734,
      99.2195816040039,
      52.72212219238281,
      108.59442138671875,
      54.44104766845703,
      59.658565521240234,
      34.77654266357422,
      33.43070983886719,
      31.443201065063477,
      32.78966522216797,
      31.728994369506836,
      23.689313888549805,
      23.626646041870117
    ],
    [
      9.594680786132812,
      8.345754623413086,
      20.9599609375,
      14.46796989440918,
      36.35586166381836,
      24.865732192993164,
      46.73630905151367,
      37.95174026489258,
      54.44104766845703,
      43.319305419921875,
      47.30126953125,
      38.130977630615234,
      38.73784255981445,
      37.457515716552734,
      36.35791778564453,
      35.367523193359375,
      26.280790328979492,
      26.19124412536621
    ],
    [
      11.166685104370117,
      7.964552879333496,
      22.548124313354492,
      15.571907043457031,
      39.93519592285156,
      26.626253128051758,
      53.827754974365234,
      43.02193832397461,
      59.658565521240234,
      47.30126953125,
      60.836299896240234,
      48.01395797729492,
      49.19111251831055,
      47.366783142089844,
      47.194969177246094,
      45.86759567260742,
      34.0106315612793,
      33.88663101196289
    ],
    [
      13.80007553100586,
      7.820553302764893,
      13.023138046264648,
      15.406974792480469,
      18.749414443969727,
      18.55550765991211,
      28.848684310913086,
      32.43107604980469,
      34.77654266357422,
      38.130977630615234,
      48.01395797729492,
      47.61825180053711,
      51.512664794921875,
      50.50338363647461,
      49.12455749511719,
      47.91748046875,
      35.53896713256836,
      35.39124298095703
    ],
    [
      16.23316192626953,
      8.856806755065918,
      11.855111122131348,
      16.340932846069336,
      16.823184967041016,
      17.823055267333984,
      27.822677612304688,
      33.01859664916992,
      33.43070983886719,
      38.73784255981445,
      49.19111251831055,
      51.512664794921875,
      60.23049545288086,
      59.30080795288086,
      58.826351165771484,
      57.460601806640625,
      43.67584991455078,
      43.506412506103516
    ],
    [
      15.938117980957031,
      8.787034034729004,
      11.155526161193848,
      16.00984764099121,
      15.47485637664795,
      17.128154754638672,
      26.01352310180664,
      31.822288513183594,
      31.443201065063477,
      37.457515716552734,
      47.366783142089844,
      50.50338363647461,
      59.30080795288086,
      58.731937408447266,
      58.08123016357422,
      56.814884185791016,
      43.359153747558594,
      43.193031311035156
    ],
    [
      16.349939346313477,
      9.999055862426758,
      11.029143333435059,
      14.90351676940918,
      16.631427764892578,
      16.358156204223633,
      28.089927673339844,
      31.122779846191406,
      32.78966522216797,
      36.35791778564453,
      47.194969177246094,
      49.12455749511719,
      58.826351165771484,
      58.08123016357422,
      63.353153228759766,
      61.97471237182617,
      48.046653747558594,
      47.93684005737305
    ],
    [
      15.796950340270996,
      9.692112922668457,
      10.585983276367188,
      14.447285652160645,
      16.075088500976562,
      15.9680814743042,
      27.261085510253906,
      30.308061599731445,
      31.728994369506836,
      35.367523193359375,
      45.86759567260742,
      47.91748046875,
      57.460601806640625,
      56.814884185791016,
      61.97471237182617,
      60.82807922363281,
      47.27631759643555,
      47.17841720581055
    ],
    [
      11.457993507385254,
      7.717682838439941,
      8.2904691696167,
      10.439215660095215,
      12.700037956237793,
      11.799927711486816,
      20.982065200805664,
      22.704627990722656,
      23.689313888549805,
      26.280790328979492,
      34.0106315612793,
      35.53896713256836,
      43.67584991455078,
      43.359153747558594,
      48.046653747558594,
      47.27631759643555,
      40.80060958862305,
      40.70808410644531
    ],
    [
      11.461965560913086,
      7.7406768798828125,
      8.287964820861816,
      10.39886474609375,
      12.67672348022461,
      11.739581108093262,
      20.942035675048828,
      22.638561248779297,
      23.626646041870117,
      26.19124412536621,
      33.88663101196289,
      35.39124298095703,
      43.506412506103516,
      43.193031311035156,
      47.93684005737305,
      47.17841720581055,
      40.70808410644531,
      40.6809196472168
    ]
  ],
  "drr": 9.535467147827148,
  "dynamics": 4.302487373352051,
  "format": 1245190,
  "frames": 14381056,
  "loudness": -24.97641944885254,
  "loudness_range": 11.83657455444336,
  "loudness_range_short": 16.350570678710938,
  "peak": -5.59657096862793,
  "rms": -25.718019485473633,
  "sample_rate": 44100,
  "sections": 1,
  "seekable": 1,
  "sharpness": 4.037937641143799,
  "space": -6.274761199951172
}