{
  "bands": [
    {
      "high_freq": 148.1999969482422,
      "loudness": -41.52916717529297,
      "loudness_range": 19.64634132385254,
      "mid_mean": -40.127811431884766,
      "mid_to_side_loudness": -1.673682689666748,
      "mid_to_side_loudness_range": 3.5634872913360596,
      "side_mean": -41.79182434082031
    },
    {
      "high_freq": 392.3793640136719,
      "loudness": -27.8542423248291,
      "loudness_range": 17.16280174255371,
      "low_freq": 148.1999969482422,
      "mid_mean": -26.39247703552246,
      "mid_to_side_loudness": -2.033585786819458,
      "mid_to_side_loudness_range": 4.217026710510254,
      "side_mean": -28.5336856842041
    },
    {
      "high_freq": 794.6976318359375,
      "loudness": -27.842370986938477,
      "loudness_range": 16.877275466918945,
      "low_freq": 392.3793640136719,
      "mid_mean": -26.313827514648438,
      "mid_to_side_loudness": -2.2162132263183594,
      "mid_to_side_loudness_range": 4.657870769500732,
      "side_mean": -28.540843963623047
    },
    {
      "high_freq": 1457.5709228515625,
      "loudness": -34.61494827270508,
      "loudness_range": 19.764453887939453,
      "low_freq": 794.6976318359375,
      "mid_mean": -33.02455520629883,
      "mid_to_side_loudness": -2.7145988941192627,
      "mid_to_side_loudness_range": 5.538497447967529,
      "side_mean": -35.8249397277832
    },
    {
      "high_freq": 2549.74365234375,
      "loudness": -40.6713981628418,
      "loudness_range": 20.389049530029297,
      "low_freq": 1457.5709228515625,
      "mid_mean": -39.118019104003906,
      "mid_to_side_loudness": -2.7143142223358154,
      "mid_to_side_loudness_range": 5.259461402893066,
      "side_mean": -42.05656433105469
    },
    {
      "high_freq": 4349.24462890625,
      "loudness": -50.44709396362305,
      "loudness_range": 20.235424041748047,
      "low_freq": 2549.74365234375,
      "mid_mean": -50.67466735839844,
      "mid_to_side_loudness": -2.4374499320983887,
      "mid_to_side_loudness_range": 4.042079925537109,
      "side_mean": -52.83922576904297
    },
    {
      "high_freq": 7314.1640625,
      "loudness": -67.41632843017578,
      "loudness_range": 22.636802673339844,
      "low_freq": 4349.24462890625,
      "mid_mean": -63.29932403564453,
      "mid_to_side_loudness": -2.368591547012329,
      "mid_to_side_loudness_range": 3.769761562347412,
      "side_mean": -64.70149993896484
    },
    {
      "high_freq": 12199.2666015625,
      "loudness": -76.6688003540039,
      "loudness_range": 6.278556823730469,
      "low_freq": 7314.1640625,
      "mid_mean": -68.71847534179688,
      "mid_to_side_loudness": -2.154536247253418,
      "mid_to_side_loudness_range": 1.0306017398834229,
      "side_mean": -69.1455307006836
    },
    {
      "loudness": 0,
      "loudness_range": 0,
      "low_freq": 12199.2666015625,
      "mid_mean": -68.9498291015625,
      "mid_to_side_loudness": -3.5249252319335938,
      "mid_to_side_loudness_range": 2.3756182193756104,
      "side_mean": -69.50586700439453
    }
  ],
  "bands_short": [
    {
      "high_freq": 148.1999969482422,
      "loudness": -46.20736312866211,
      "loudness_range": 24.799720764160156,
      "mid_mean": -45.027801513671875,
      "mid_to_side_loudness": -1.7566033601760864,
      "mid_to_side_loudness_range": 10.923480987548828,
      "side_mean": -46.752201080322266
    },
    {
      "high_freq": 392.3793640136719,
      "loudness": -29.808795928955078,
      "loudness_range": 20.913928985595703,
      "low_freq": 148.1999969482422,
      "mid_mean": -28.392913818359375,
      "mid_to_side_loudness": -2.221945285797119,
      "mid_to_side_loudness_range": 6.734646320343018,
      "side_mean": -30.632877349853516
    },
    {
      "high_freq": 794.6976318359375,
      "loudness": -28.311763763427734,
      "loudness_range": 18.644346237182617,
      "low_freq": 392.3793640136719,
      "mid_mean": -26.847904205322266,
      "mid_to_side_loudness": -2.3028483390808105,
      "mid_to_side_loudness_range": 6.373030662536621,
      "side_mean": -29.0992431640625
    },
    {
      "high_freq": 1457.5709228515625,
      "loudness": -34.871116638183594,
      "loudness_range": 24.603761672973633,
      "low_freq": 794.6976318359375,
      "mid_mean": -33.28505325317383,
      "mid_to_side_loudness": -2.6974167823791504,
      "mid_to_side_loudness_range": 6.773331642150879,
      "side_mean": -36.11153793334961
    },
    {
      "high_freq": 2549.74365234375,
      "loudness": -41.9579963684082,
      "loudness_range": 22.406461715698242,
      "low_freq": 1457.5709228515625,
      "mid_mean": -40.539573669433594,
      "mid_to_side_loudness": -2.8150277137756348,
      "mid_to_side_loudness_range": 6.610809326171875,
      "side_mean": -43.705345153808594
    },
    {
      "high_freq": 4349.24462890625,
      "loudness": -51.62662124633789,
      "loudness_range": 23.674583435058594,
      "low_freq": 2549.74365234375,
      "mid_mean": -51.9897346496582,
      "mid_to_side_loudness": -2.5455732345581055,
      "mid_to_side_loudness_range": 5.646206855773926,
      "side_mean": -54.236515045166016
    },
    {
      "high_freq": 7314.1640625,
      "loudness": -68.80438995361328,
      "loudness_range": 23.21182632446289,
      "low_freq": 4349.24462890625,
      "mid_mean": -64.1706771850586,
      "mid_to_side_loudness": -2.414123058319092,
      "mid_to_side_loudness_range": 4.257528305053711,
      "side_mean": -65.4650650024414
    },
    {
      "high_freq": 12199.2666015625,
      "loudness": -76.99845886230469,
      "loudness_range": 5.4674835205078125,
      "low_freq": 7314.1640625,
      "mid_mean": -68.79856872558594,
      "mid_to_side_loudness": -2.1623575687408447,
      "mid_to_side_loudness_range": 1.8289659023284912,
      "side_mean": -69.205810546875
    },
    {
      "loudness": -77.71502685546875,
      "loudness_range": 2.3098373413085938,
      "low_freq": 12199.2666015625,
      "mid_mean": -68.94715881347656,
      "mid_to_side_loudness": -3.5013442039489746,
      "mid_to_side_loudness_range": 2.9882445335388184,
      "side_mean": -69.5033950805664
    }
  ],
  "channels": 2,
  "covariance": [
    [
      45.055267333984375,
      45.220333099365234,
      20.37487030029297,
      21.90034294128418,
      21.17192840576172,
      20.88222885131836,
      24.058950424194336,
      24.212623596191406,
      28.10221290588379,
      29.2628173828125,
      33.91545486450195,
      32.337406158447266,
      16.401792526245117,
      13.472905158996582,
      1.0973695516586304,
      0.7736940383911133,
      0.39734649658203125,
      0.13301417231559753
    ],
    [
      45.220333099365234,
      47.42341613769531,
      20.07864761352539,
      21.93416976928711,
      20.833372116088867,
      21.277732849121094,
      23.31812286376953,
      24.386402130126953,
      27.228782653808594,
      29.685321807861328,
      33.339599609375,
      32.649715423583984,
      16.12909507751465,
      13.610764503479004,
      1.0405246019363403,
      0.7536412477493286,
      0.3648384213447571,
      0.1358460932970047
    ],
    [
      20.37487030029297,
      20.07864761352539,
      40.298377990722656,
      39.583736419677734,
      17.631549835205078,
      17.45545768737793,
      22.8576717376709,
      23.023681640625,
      25.893877029418945,
      26.98363494873047,
      31.65444564819336,
      29.966968536376953,
      15.197881698608398,
      12.716498374938965,
      1.1823052167892456,
      0.8845405578613281,
      0.3159526288509369,
      0.14699514210224152
    ],
    [
      21.90034294128418,
      21.93416976928711,
      39.583736419677734,
      46.41764831542969,
      16.70081901550293,
      17.253799438476562,
      22.308942794799805,
      24.04094696044922,
      25.828203201293945,
      28.63960838317871,
      30.906898498535156,
      30.548044204711914,
      14.730657577514648,
      12.943696022033691,
      1.1139215230941772,
      0.8586364388465881,
      0.2563598155975342,
      0.1614740490913391
    ],
    [
      21.17192840576172,
      20.833372116088867,
      17.631549835205078,
      16.70081901550293,
      39.21597671508789,
      37.46455001831055,
      27.37480354309082,
      27.352994918823242,
      31.515993118286133,
      32.62001037597656,
      43.065250396728516,
      41.05484390258789,
      21.24402618408203,
      18.045133590698242,
      1.597004771232605,
      1.1662710905075073,
      0.4330756664276123,
      0.16351647675037384
    ],
    [
      20.88222885131836,
      21.277732849121094,
      17.45545768737793,
      17.253799438476562,
      37.46455001831055,
      41.66896057128906,
      25.552534103393555,
      28.119970321655273,
      29.797033309936523,
      33.64084243774414,
      42.04857635498047,
      42.627593994140625,
      20.73318862915039,
      18.659358978271484,
      1.462572455406189,
      1.1244854927062988,
      0.32508745789527893,
      0.17794102430343628
    ],
    [
      24.058950424194336,
      23.31812286376953,
      22.8576717376709,
      22.308942794799805,
      27.37480354309082,
      25.552534103393555,
      50.837646484375,
      46.941627502441406,
      39.005409240722656,
      39.02965545654297,
      45.564537048339844,
      42.62970733642578,
      26.2744197845459,
      22.00885581970215,
      2.945666790008545,
      2.227461338043213,
      0.5164134502410889,
      0.17823389172554016
    ],
    [
      24.212623596191406,
      24.386402130126953,
      23.023681640625,
      24.04094696044922,
      27.352994918823242,
      28.119970321655273,
      46.941627502441406,
      53.28153610229492,
      37.807559967041016,
      41.7567138671875,
      45.87163162231445,
      46.33028030395508,
      26.419689178466797,
      23.63740348815918,
      3.069288730621338,
      2.4526829719543457,
      0.3802253305912018,
      0.19136889278888702
    ],
    [
      28.10221290588379,
      27.228782653808594,
      25.893877029418945,
      25.828203201293945,
      31.515993118286133,
      29.797033309936523,
      39.005409240722656,
      37.807559967041016,
      55.21051788330078,
      49.64889907836914,
      51.326358795166016,
      47.58298110961914,
      29.73487091064453,
      24.061716079711914,
      2.6600182056427,
      1.919073462486267,
      0.5917273163795471,
      0.17998006939888
    ],
    [
      29.2628173828125,
      29.685321807861328,
      26.98363494873047,
      28.63960838317871,
      32.62001037597656,
      33.64084243774414,
      39.02965545654297,
      41.7567138671875,
      49.64889907836914,
      56.170867919921875,
      52.356563568115234,
      53.028968811035156,
      29.4641170501709,
      26.482969284057617,
      2.7926700115203857,
      2.19474720954895,
      0.4598124325275421,
      0.2098129242658615
    ],
    [
      33.91545486450195,
      33.339599609375,
      31.65444564819336,
      30.906898498535156,
      43.065250396728516,
      42.04857635498047,
      45.564537048339844,
      45.87163162231445,
      51.326358795166016,
      52.356563568115234,
      77.83806610107422,
      72.59611511230469,
      37.77691650390625,
      31.568817138671875,
      3.719881534576416,
      2.7132303714752197,
      0.9750882387161255,
      0.4078115224838257
    ],
    [
      32.337406158447266,
      32.649715423583984,
      29.966968536376953,
      30.548044204711914,
      41.05484390258789,
      42.627593994140625,
      42.62970733642578,
      46.33028030395508,
      47.58298110961914,
      53.028968811035156,
      72.59611511230469,
      72.89318084716797,
      35.933685302734375,
      32.16777420043945,
      3.5986380577087402,
      2.795750379562378,
      0.8018579483032227,
      0.39797016978263855
    ],
    [
      16.401792526245117,
      16.12909507751465,
      15.197881698608398,
      14.730657577514648,
      21.24402618408203,
      20.73318862915039,
      26.2744197845459,
      26.419689178466797,
      29.73487091064453,
      29.4641170501709,
      37.77691650390625,
      35.933685302734375,
      28.014860153198242,
      24.17085838317871,
      3.030731678009033,
      2.3003556728363037,
      0.45896971225738525,
      0.2035711258649826
    ],
    [
      13.472905158996582,
      13.610764503479004,
      12.716498374938965,
      12.943696022033691,
      18.045133590698242,
      18.659358978271484,
      22.00885581970215,
      23.63740348815918,
      24.061716079711914,
      26.482969284057617,
      31.568817138671875,
      32.16777420043945,
      24.17085838317871,
      22.896211624145508,
      2.760225534439087,
      2.247785806655884,
      0.32712027430534363,
      0.1854037642478943
    ],
    [
      1.0973695516586304,
      1.0405246019363403,
      1.1823052167892456,
      1.1139215230941772,
      1.597004771232605,
      1.462572455406189,
      2.945666790008545,
      3.069288730621338,
      2.6600182056427,
      2.7926700115203857,
      3.719881534576416,
      3.5986380577087402,
      3.030731678009033,
      2.760225534439087,
      0.8237303495407104,
      0.673141360282898,
      0.05262196809053421,
      0.03070911206305027
    ],
    [
      0.7736940383911133,
      0.7536412477493286,
      0.8845405578613281,
      0.8586364388465881,
      1.1662710905075073,
      1.1244854927062988,
      2.227461338043213,
      2.4526829719543457,
      1.919073462486267,
      2.19474720954895,
      2.7132303714752197,
      2.795750379562378,
      2.3003556728363037,
      2.247785806655884,
      0.673141360282898,
      0.5834667682647705,
      0.03292975202202797,
      0.024174006655812263
    ],
    [
      0.39734649658203125,
      0.3648384213447571,
      0.3159526288509369,
      0.2563598155975342,
      0.4330756664276123,
      0.32508745789527893,
      0.5164134502410889,
      0.3802253305912018,
      0.5917273163795471,
      0.4598124325275421,
      0.9750882387161255,
      0.8018579483032227,
      0.45896971225738525,
      0.32712027430534363,
      0.05262196809053421,
      0.03292975202202797,
      0.045293524861335754,
      0.011843929998576641
    ],
    [
      0.13301417231559753,
      0.1358460932970047,
      0.14699514210224152,
      0.1614740490913391,
      0.16351647675037384,
      0.17794102430343628,
      0.17823389172554016,
      0.19136889278888702,
      0.17998006939888,
      0.2098129242658615,
      0.4078115224838257,
      0.39797016978263855,
      0.2035711258649826,
      0.1854037642478943,
      0.03070911206305027,
      0.024174006655812263,
      0.011843929998576641,
      0.006238877307623625
    ]
  ],
  "covariance_short": [
    [
      70.53167724609375,
      65.28434753417969,
      27.000192642211914,
      28.515880584716797,
      23.14430046081543,
      23.77069091796875,
      30.71732521057129,
      31.09089469909668,
      33.62186050415039,
      36.304222106933594,
      39.60026550292969,
      38.09064483642578,
      18.2119140625,
      15.380699157714844,
      1.3990916013717651,
      1.0209815502166748,
      0.5066126585006714,
      0.18081556260585785
    ],
    [
      65.28434753417969,
      74.1385269165039,
      26.61224937438965,
      29.14449119567871,
      22.632108688354492,
      24.238910675048828,
      29.687458038330078,
      31.5841064453125,
      32.44243240356445,
      37.37343978881836,
      38.75771713256836,
      38.88524627685547,
      17.857759475708008,
      15.7191801071167,
      1.4002639055252075,
      1.0616810321807861,
      0.46021831035614014,
      0.1907316893339157
    ],
    [
      27.000192642211914,
      26.61224937438965,
      55.14430618286133,
      52.81005859375,
      26.035207748413086,
      26.661264419555664,
      29.191984176635742,
      30.243915557861328,
      34.50815200805664,
      37.398067474365234,
      38.18537139892578,
      36.93986129760742,
      17.850509643554688,
      15.339340209960938,
      1.3773224353790283,
      1.020957112312317,
      0.38844528794288635,
      0.20409364998340607
    ],
    [
      28.515880584716797,
      29.14449119567871,
      52.81005859375,
      62.96537399291992,
      25.620471954345703,
      28.912450790405273,
      29.11654281616211,
      32.481929779052734,
      34.43893814086914,
      40.49726867675781,
      37.93130874633789,
      39.08267593383789,
      17.754243850708008,
      16.25014877319336,
      1.3285752534866333,
      1.0382243394851685,
      0.28863659501075745,
      0.23045144975185394
    ],
    [
      23.14430046081543,
      22.632108688354492,
      26.035207748413086,
      25.620471954345703,
      44.651039123535156,
      41.75802230834961,
      31.56392478942871,
      31.802343368530273,
      36.291343688964844,
      38.678062438964844,
      45.4975471496582,
      43.304420471191406,
      20.395641326904297,
      17.2303466796875,
      1.6365381479263306,
      1.2153929471969604,
      0.4554125964641571,
      0.2118273675441742
    ],
    [
      23.77069091796875,
      24.238910675048828,
      26.661264419555664,
      28.912450790405273,
      41.75802230834961,
      49.371910095214844,
      30.968820571899414,
      34.55095672607422,
      35.28094482421875,
      41.93278503417969,
      45.047367095947266,
      46.31857681274414,
      20.109432220458984,
      18.38824462890625,
      1.5731090307235718,
      1.2661396265029907,
      0.3203805088996887,
      0.24343080818653107
    ],
    [
      30.71732521057129,
      29.687458038330078,
      29.191984176635742,
      29.11654281616211,
      31.56392478942871,
      30.968820571899414,
      68.22323608398438,
      61.93885040283203,
      48.879878997802734,
      49.35057830810547,
      56.730255126953125,
      52.34444808959961,
      30.46274757385254,
      25.282052993774414,
      2.9929094314575195,
      2.251312732696533,
      0.6163926124572754,
      0.24907605350017548
    ],
    [
      31.09089469909668,
      31.5841064453125,
      30.243915557861328,
      32.481929779052734,
      31.802343368530273,
      34.55095672607422,
      61.93885040283203,
      70.54056549072266,
      46.581398010253906,
      52.89032745361328,
      55.79892349243164,
      56.88507843017578,
      29.883853912353516,
      27.230497360229492,
      3.0182645320892334,
      2.4653146266937256,
      0.4348851442337036,
      0.27850157022476196
    ],
    [
      33.62186050415039,
      32.44243240356445,
      34.50815200805664,
      34.43893814086914,
      36.291343688964844,
      35.28094482421875,
      48.879878997802734,
      46.581398010253906,
      67.44786071777344,
      60.36967849731445,
      61.204410552978516,
      56.17852020263672,
      32.381011962890625,
      26.035001754760742,
      2.8707096576690674,
      2.0438480377197266,
      0.6659076809883118,
      0.2402697205543518
    ],
    [
      36.304222106933594,
      37.37343978881836,
      37.398067474365234,
      40.49726867675781,
      38.678062438964844,
      41.93278503417969,
      49.35057830810547,
      52.89032745361328,
      60.36967849731445,
      72.52955627441406,
      63.148834228515625,
      64.77410125732422,
      32.255733489990234,
      29.41663932800293,
      2.925145149230957,
      2.3406708240509033,
      0.49987706542015076,
      0.29304584860801697
    ],
    [
      39.60026550292969,
      38.75771713256836,
      38.18537139892578,
      37.93130874633789,
      45.4975471496582,
      45.047367095947266,
      56.730255126953125,
      55.79892349243164,
      61.204410552978516,
      63.148834228515625,
      88.84864044189453,
      81.87759399414062,
      40.46512985229492,
      33.705833435058594,
      3.8459627628326416,
      2.805778980255127,
      1.0406416654586792,
      0.4666074514389038
    ],
    [
      38.09064483642578,
      38.88524627685547,
      36.93986129760742,
      39.08267593383789,
      43.304420471191406,
      46.31857681274414,
      52.34444808959961,
      56.88507843017578,
      56.17852020263672,
      64.77410125732422,
      81.87759399414062,
      83.68342590332031,
      38.06925582885742,
      34.60059356689453,
      3.655996561050415,
      2.894712209701538,
      0.8167265057563782,
      0.4649007320404053
    ],
    [
      18.2119140625,
      17.857759475708008,
      17.850509643554688,
      17.754243850708008,
      20.395641326904297,
      20.109432220458984,
      30.46274757385254,
      29.883853912353516,
      32.381011962890625,
      32.255733489990234,
      40.46512985229492,
      38.06925582885742,
      29.220096588134766,
      24.807762145996094,
      3.124175786972046,
      2.3437280654907227,
      0.4725545644760132,
      0.23329739272594452
    ],
    [
      15.380699157714844,
      15.7191801071167,
      15.339340209960938,
      16.25014877319336,
      17.2303466796875,
      18.38824462890625,
      25.282052993774414,
      27.230497360229492,
      26.035001754760742,
      29.41663932800293,
      33.705833435058594,
      34.60059356689453,
      24.807762145996094,
      23.769817352294922,
      2.756775379180908,
      2.2878360748291016,
      0.3181995749473572,
      0.2170078456401825
    ],
    [
      1.3990916013717651,
      1.4002639055252075,
      1.3773224353790283,
      1.3285752534866333,
      1.6365381479263306,
      1.5731090307235718,
      2.9929094314575195,
      3.0182645320892334,
      2.8707096576690674,
      2.925145149230957,
      3.8459627628326416,
      3.655996561050415,
      3.124175786972046,
      2.756775379180908,
      0.9831178784370422,
      0.7887548804283142,
      0.0593591071665287,
      0.038166336715221405
    ],
    [
      1.0209815502166748,
      1.0616810321807861,
      1.020957112312317,
      1.0382243394851685,
      1.2153929471969604,
      1.2661396265029907,
      2.251312732696533,
      2.4653146266937256,
      2.0438480377197266,
      2.3406708240509033,
      2.805778980255127,
      2.894712209701538,
      2.3437280654907227,
      2.2878360748291016,
      0.7887548804283142,
      0.7068536281585693,
      0.03529825061559677,
      0.0317293256521225
    ],
    [
      0.5066126585006714,
      0.46021831035614014,
      0.38844528794288635,
      0.28863659501075745,
      0.4554125964641571,
      0.3203805088996887,
      0.6163926124572754,
      0.4348851442337036,
      0.6659076809883118,
      0.49987706542015076,
      1.0406416654586792,
      0.8167265057563782,
      0.4725545644760132,
      0.3181995749473572,
      0.0593591071665287,
      0.03529825061559677,
      0.06232759356498718,
      0.013956407085061073
    ],
    [
      0.18081556260585785,
      0.1907316893339157,
      0.20409364998340607,
      0.23045144975185394,
      0.2118273675441742,
      0.24343080818653107,
      0.24907605350017548,
      0.27850157022476196,
      0.2402697205543518,
      0.29304584860801697,
      0.4666074514389038,
      0.4649007320404053,
      0.23329739272594452,
      0.2170078456401825,
      0.038166336715221405,
      0.0317293256521225,
      0.013956407085061073,
      0.009462789632380009
    ]
  ],
  "drr": 9.558614730834961,
  "dynamics": 4.311465263366699,
  "format": 1245190,
  "frames": 12998656,
  "loudness": -19.101064682006836,
  "loudness_range": 13.641595840454102,
  "loudness_range_short": 17.254619598388672,
  "peak": -1.2208119630813599,
  "rms": -20.522396087646484,
  "sample_rate": 44100,
  "sections": 1,
  "seekable": 1,
  "sharpness": 3.9617152214050293,
  "space": -2.229569435119629
}