{
  "bands": [
    {
      "high_freq": 148.1999969482422,
      "loudness": -20.557497024536133,
      "loudness_range": 19.785139083862305,
      "mid_mean": -16.949405670166016,
      "mid_to_side_loudness": -26.344837188720703,
      "mid_to_side_loudness_range": 34.991790771484375,
      "side_mean": -42.95714569091797
    },
    {
      "high_freq": 392.3793640136719,
      "loudness": -21.482099533081055,
      "loudness_range": 11.184225082397461,
      "low_freq": 148.1999969482422,
      "mid_mean": -18.447282791137695,
      "mid_to_side_loudness": -13.704032897949219,
      "mid_to_side_loudness_range": 28.69706153869629,
      "side_mean": -31.609865188598633
    },
    {
      "high_freq": 794.6976318359375,
      "loudness": -23.21282196044922,
      "loudness_range": 11.170379638671875,
      "low_freq": 392.3793640136719,
      "mid_mean": -20.516895294189453,
      "mid_to_side_loudness": -11.909234046936035,
      "mid_to_side_loudness_range": 28.380586624145508,
      "side_mean": -32.0116081237793
    },
    {
      "high_freq": 1457.5709228515625,
      "loudness": -25.43610382080078,
      "loudness_range": 13.916885375976562,
      "low_freq": 794.6976318359375,
      "mid_mean": -22.704206466674805,
      "mid_to_side_loudness": -11.941011428833008,
      "mid_to_side_loudness_range": 27.56389045715332,
      "side_mean": -34.151119232177734
    },
    {
      "high_freq": 2549.74365234375,
      "loudness": -27.445598602294922,
      "loudness_range": 12.092473983764648,
      "low_freq": 1457.5709228515625,
      "mid_mean": -24.352825164794922,
      "mid_to_side_loudness": -12.700226783752441,
      "mid_to_side_loudness_range": 21.28122901916504,
      "side_mean": -37.151756286621094
    },
    {
      "high_freq": 4349.24462890625,
      "loudness": -26.67424774169922,
      "loudness_range": 11.797548294067383,
      "low_freq": 2549.74365234375,
      "mid_mean": -23.528295516967773,
      "mid_to_side_loudness": -13.357604026794434,
      "mid_to_side_loudness_range": 21.664348602294922,
      "side_mean": -36.97289276123047
    },
    {
      "high_freq": 7314.1640625,
      "loudness": -31.961910247802734,
      "loudness_range": 10.57658576965332,
      "low_freq": 4349.24462890625,
      "mid_mean": -28.545597076416016,
      "mid_to_side_loudness": -12.972698211669922,
      "mid_to_side_loudness_range": 11.745258331298828,
      "side_mean": -41.58633804321289
    },
    {
      "high_freq": 12199.2666015625,
      "loudness": -35.41733169555664,
      "loudness_range": 11.015098571777344,
      "low_freq": 7314.1640625,
      "mid_mean": -32.40485763549805,
      "mid_to_side_loudness": -10.836196899414062,
      "mid_to_side_loudness_range": 18.449811935424805,
      "side_mean": -43.27724075317383
    },
    {
      "loudness": -46.01861572265625,
      "loudness_range": 11.716899871826172,
      "low_freq": 12199.2666015625,
      "mid_mean": -43.23756790161133,
      "mid_to_side_loudness": -8.527762413024902,
      "mid_to_side_loudness_range": 15.031521797180176,
      "side_mean": -51.78895950317383
    }
  ],
  "bands_short": [
    {
      "high_freq": 148.1999969482422,
      "loudness": -25.36475372314453,
      "loudness_range": 30.046586990356445,
      "mid_mean": -21.822010040283203,
      "mid_to_side_loudness": -22.425504684448242,
      "mid_to_side_loudness_range": 36.94124221801758,
      "side_mean": -47.192867279052734
    },
    {
      "high_freq": 392.3793640136719,
      "loudness": -23.16039276123047,
      "loudness_range": 19.88222885131836,
      "low_freq": 148.1999969482422,
      "mid_mean": -20.389129638671875,
      "mid_to_side_loudness": -12.907669067382812,
      "mid_to_side_loudness_range": 30.613117218017578,
      "side_mean": -33.03525924682617
    },
    {
      "high_freq": 794.6976318359375,
      "loudness": -24.519779205322266,
      "loudness_range": 16.293533325195312,
      "low_freq": 392.3793640136719,
      "mid_mean": -21.98886489868164,
      "mid_to_side_loudness": -11.652728080749512,
      "mid_to_side_loudness_range": 30.507282257080078,
      "side_mean": -33.436771392822266
    },
    {
      "high_freq": 1457.5709228515625,
      "loudness": -26.72793197631836,
      "loudness_range": 18.19253921508789,
      "low_freq": 794.6976318359375,
      "mid_mean": -24.09694480895996,
      "mid_to_side_loudness": -12.012730598449707,
      "mid_to_side_loudness_range": 29.613182067871094,
      "side_mean": -35.596412658691406
    },
    {
      "high_freq": 2549.74365234375,
      "loudness": -29.158679962158203,
      "loudness_range": 17.62111473083496,
      "low_freq": 1457.5709228515625,
      "mid_mean": -26.157514572143555,
      "mid_to_side_loudness": -12.371648788452148,
      "mid_to_side_loudness_range": 23.469383239746094,
      "side_mean": -38.78042221069336
    },
    {
      "high_freq": 4349.24462890625,
      "loudness": -28.683486938476562,
      "loudness_range": 18.254426956176758,
      "low_freq": 2549.74365234375,
      "mid_mean": -25.609439849853516,
      "mid_to_side_loudness": -12.71205997467041,
      "mid_to_side_loudness_range": 24.066972732543945,
      "side_mean": -38.73023986816406
    },
    {
      "high_freq": 7314.1640625,
      "loudness": -37.060089111328125,
      "loudness_range": 23.426485061645508,
      "low_freq": 4349.24462890625,
      "mid_mean": -33.94881057739258,
      "mid_to_side_loudness": -11.265334129333496,
      "mid_to_side_loudness_range": 19.096513748168945,
      "side_mean": -45.53916931152344
    },
    {
      "high_freq": 12199.2666015625,
      "loudness": -39.477996826171875,
      "loudness_range": 23.186086654663086,
      "low_freq": 7314.1640625,
      "mid_mean": -36.83772277832031,
      "mid_to_side_loudness": -9.960977554321289,
      "mid_to_side_loudness_range": 21.552371978759766,
      "side_mean": -47.05271530151367
    },
    {
      "loudness": -49.49716567993164,
      "loudness_range": 21.83313751220703,
      "low_freq": 12199.2666015625,
      "mid_mean": -47.00567626953125,
      "mid_to_side_loudness": -8.126977920532227,
      "mid_to_side_loudness_range": 17.379364013671875,
      "side_mean": -54.892520904541016
    }
  ],
  "channels": 2,
  "covariance": [
    [
      52.29469299316406,
      8.490156173706055,
      11.021828651428223,
      4.300817489624023,
      3.9392523765563965,
      7.779945373535156,
      3.5087780952453613,
      7.770351409912109,
      3.187565326690674,
      7.366576194763184,
      0.2734523117542267,
      4.430498123168945,
      -3.1515839099884033,
      -0.6716460585594177,
      -3.4942657947540283,
      -1.3332185745239258,
      0.36768436431884766,
      2.9505903720855713
    ],
    [
      8.490156173706055,
      91.32096862792969,
      14.482571601867676,
      70.76651763916016,
      14.198399543762207,
      70.99263000488281,
      10.63349437713623,
      65.15269470214844,
      3.7961130142211914,
      47.037879943847656,
      0.0523882731795311,
      36.138816833496094,
      1.5004706382751465,
      13.506245613098145,
      4.0519514083862305,
      31.46350860595703,
      10.724893569946289,
      39.12179946899414
    ],
    [
      11.021828651428223,
      14.482571601867676,
      17.03282928466797,
      13.037062644958496,
      6.903473854064941,
      13.318203926086426,
      3.930795431137085,
      14.09704875946045,
      4.1275506019592285,
      10.627188682556152,
      2.575516939163208,
      8.157936096191406,
      2.7272229194641113,
      3.588653564453125,
      3.5035243034362793,
      7.151823997497559,
      4.00603723526001,
      7.921937465667725
    ],
    [
      4.300817489624023,
      70.76651763916016,
      13.037062644958496,
      107.54145812988281,
      14.443018913269043,
      96.32183837890625,
      17.33639144897461,
      91.32827758789062,
      2.7682812213897705,
      62.9057502746582,
      -2.0050699710845947,
      49.87527847290039,
      1.4013890027999878,
      18.43245506286621,
      2.2845492362976074,
      40.77749252319336,
      9.234883308410645,
      46.2155647277832
    ],
    [
      3.9392523765563965,
      14.198399543762207,
      6.903473854064941,
      14.443018913269043,
      14.107250213623047,
      16.535253524780273,
      10.474458694458008,
      16.602764129638672,
      8.739951133728027,
      12.578082084655762,
      7.819868087768555,
      10.291240692138672,
      3.8277931213378906,
      3.455740451812744,
      5.650932788848877,
      8.390603065490723,
      5.590561866760254,
      9.0439453125
    ],
    [
      7.779945373535156,
      70.99263000488281,
      13.318203926086426,
      96.32183837890625,
      16.535253524780273,
      124.08731842041016,
      18.118881225585938,
      109.55957794189453,
      1.2906930446624756,
      67.29164123535156,
      -5.258834362030029,
      55.33211135864258,
      0.4774000644683838,
      19.398178100585938,
      1.9262301921844482,
      47.24396896362305,
      10.15892505645752,
      53.278316497802734
    ],
    [
      3.5087780952453613,
      10.63349437713623,
      3.930795431137085,
      17.33639144897461,
      10.474458694458008,
      18.118881225585938,
      21.634326934814453,
      20.670347213745117,
      10.112348556518555,
      14.073472023010254,
      8.645711898803711,
      13.050629615783691,
      2.321943759918213,
      3.2999191284179688,
      3.8128159046173096,
      9.324044227600098,
      5.287353038787842,
      9.797386169433594
    ],
    [
      7.770351409912109,
      65.15269470214844,
      14.09704875946045,
      91.32827758789062,
      16.602764129638672,
      109.55957794189453,
      20.670347213745117,
      118.21430969238281,
      3.7655537128448486,
      68.48578643798828,
      -2.2859463691711426,
      58.03347396850586,
      0.06899378448724747,
      18.139421463012695,
      2.151373863220215,
      47.115753173828125,
      10.561833381652832,
      52.69740676879883
    ],
    [
      3.187565326690674,
      3.7961130142211914,
      4.1275506019592285,
      2.7682812213897705,
      8.739951133728027,
      1.2906930446624756,
      10.112348556518555,
      3.7655537128448486,
      19.556276321411133,
      8.462358474731445,
      15.107769966125488,
      4.935610294342041,
      5.873661994934082,
      1.6431938409805298,
      6.757098197937012,
      1.9780043363571167,
      4.739508628845215,
      1.2374908924102783
    ],
    [
      7.366576194763184,
      47.037879943847656,
      10.627188682556152,
      62.9057502746582,
      12.578082084655762,
      67.29164123535156,
      14.073472023010254,
      68.48578643798828,
      8.462358474731445,
      53.6082649230957,
      2.216597318649292,
      41.09112548828125,
      2.09781551361084,
      15.005525588989258,
      2.6039252281188965,
      31.468040466308594,
      8.374086380004883,
      34.702430725097656
    ],
    [
      0.2734523117542267,
      0.0523882731795311,
      2.575516939163208,
      -2.0050699710845947,
      7.819868087768555,
      -5.258834362030029,
      8.645711898803711,
      -2.2859463691711426,
      15.107769966125488,
      2.216597318649292,
      19.175722122192383,
      3.8741390705108643,
      8.366369247436523,
      2.440157413482666,
      10.126775741577148,
      2.1011526584625244,
      6.093522548675537,
      0.3223399221897125
    ],
    [
      4.430498123168945,
      36.138816833496094,
      8.157936096191406,
      49.87527847290039,
      10.291240692138672,
      55.33211135864258,
      13.050629615783691,
      58.03347396850586,
      4.935610294342041,
      41.09112548828125,
      3.8741390705108643,
      42.14027404785156,
      2.91239857673645,
      16.473739624023438,
      4.371609687805176,
      33.09807205200195,
      9.01641845703125,
      34.55649185180664
    ],
    [
      -3.1515839099884033,
      1.5004706382751465,
      2.7272229194641113,
      1.4013890027999878,
      3.8277931213378906,
      0.4774000644683838,
      2.321943759918213,
      0.06899378448724747,
      5.873661994934082,
      2.09781551361084,
      8.366369247436523,
      2.91239857673645,
      15.139691352844238,
      9.200590133666992,
      12.732770919799805,
      6.796095848083496,
      8.405713081359863,
      5.412110805511475
    ],
    [
      -0.6716460585594177,
      13.506245613098145,
      3.588653564453125,
      18.43245506286621,
      3.455740451812744,
      19.398178100585938,
      3.2999191284179688,
      18.139421463012695,
      1.6431938409805298,
      15.005525588989258,
      2.440157413482666,
      16.473739624023438,
      9.200590133666992,
      16.32683563232422,
      7.6187567710876465,
      18.293392181396484,
      8.781343460083008,
      18.684471130371094
    ],
    [
      -3.4942657947540283,
      4.0519514083862305,
      3.5035243034362793,
      2.2845492362976074,
      5.650932788848877,
      1.9262301921844482,
      3.8128159046173096,
      2.151373863220215,
      6.757098197937012,
      2.6039252281188965,
      10.126775741577148,
      4.371609687805176,
      12.732770919799805,
      7.6187567710876465,
      16.190826416015625,
      10.012761116027832,
      11.569260597229004,
      7.949037075042725
    ],
    [
      -1.3332185745239258,
      31.46350860595703,
      7.151823997497559,
      40.77749252319336,
      8.390603065490723,
      47.24396896362305,
      9.324044227600098,
      47.115753173828125,
      1.9780043363571167,
      31.468040466308594,
      2.1011526584625244,
      33.09807205200195,
      6.796095848083496,
      18.293392181396484,
      10.012761116027832,
      37.369380950927734,
      13.834966659545898,
      37.4426383972168
    ],
    [
      0.36768436431884766,
      10.724893569946289,
      4.00603723526001,
      9.234883308410645,
      5.590561866760254,
      10.15892505645752,
      5.287353038787842,
      10.561833381652832,
      4.739508628845215,
      8.374086380004883,
      6.093522548675537,
      9.01641845703125,
      8.405713081359863,
      8.781343460083008,
      11.569260597229004,
      13.834966659545898,
      14.651050567626953,
      16.19676399230957
    ],
    [
      2.9505903720855713,
      39.12179946899414,
      7.921937465667725,
      46.2155647277832,
      9.0439453125,
      53.278316497802734,
      9.797386169433594,
      52.69740676879883,
      1.2374908924102783,
      34.702430725097656,
      0.3223399221897125,
      34.55649185180664,
      5.412110805511475,
      18.684471130371094,
      7.949037075042725,
      37.4426383972168,
      16.19676399230957,
      45.176719665527344
    ]
  ],
  "covariance_short": [
    [
      103.61284637451172,
      14.091507911682129,
      25.40574836730957,
      4.332030773162842,
      6.6019415855407715,
      6.199812412261963,
      7.612873077392578,
      7.089501857757568,
      9.130868911743164,
      11.21734619140625,
      6.799047470092773,
      11.223201751708984,
      7.832704544067383,
      11.153045654296875,
      4.5591583251953125,
      7.952869415283203,
      8.52841854095459,
      10.05727481842041
    ],
    [
      14.091507911682129,
      105.63069915771484,
      17.701702117919922,
      68.03218078613281,
      13.844971656799316,
      68.0006103515625,
      10.84250545501709,
      61.07538986206055,
      1.161138653755188,
      39.96862030029297,
      -2.072968006134033,
      32.52865219116211,
      -1.3399838209152222,
      18.825000762939453,
      5.297973155975342,
      37.86434555053711,
      11.999870300292969,
      39.655025482177734
    ],
    [
      25.40574836730957,
      17.701702117919922,
      47.628562927246094,
      19.25476837158203,
      15.804162979125977,
      19.933610916137695,
      11.92705249786377,
      20.443992614746094,
      12.22240924835205,
      17.715585708618164,
      9.467450141906738,
      18.062484741210938,
      17.54958724975586,
      21.117080688476562,
      16.22631072998047,
      23.31270408630371,
      18.00267791748047,
      22.30301284790039
    ],
    [
      4.332030773162842,
      68.03218078613281,
      19.25476837158203,
      116.2498779296875,
      18.625455856323242,
      101.32844543457031,
      23.387516021728516,
      96.44676208496094,
      6.827568531036377,
      65.33161163330078,
      0.45792827010154724,
      53.98819351196289,
      3.3646254539489746,
      33.51399230957031,
      7.225094318389893,
      57.00824737548828,
      16.453384399414062,
      55.6172981262207
    ],
    [
      6.6019415855407715,
      13.844971656799316,
      15.804162979125977,
      18.625455856323242,
      30.602684020996094,
      22.551355361938477,
      22.82145881652832,
      23.52061653137207,
      20.22123908996582,
      18.90363121032715,
      19.057357788085938,
      18.929826736450195,
      15.442535400390625,
      15.315674781799316,
      17.14066505432129,
      19.665569305419922,
      17.88508415222168,
      17.668182373046875
    ],
    [
      6.199812412261963,
      68.0006103515625,
      19.933610916137695,
      101.32844543457031,
      22.551355361938477,
      130.8924102783203,
      26.728227615356445,
      116.1842041015625,
      6.555351734161377,
      71.33695983886719,
      -1.113776445388794,
      60.882137298583984,
      1.9725006818771362,
      34.30833053588867,
      6.726980686187744,
      64.02589416503906,
      17.03889274597168,
      61.434173583984375
    ],
    [
      7.612873077392578,
      10.84250545501709,
      11.92705249786377,
      23.387516021728516,
      22.82145881652832,
      26.728227615356445,
      41.209075927734375,
      31.263275146484375,
      23.563867568969727,
      23.561687469482422,
      21.667146682739258,
      24.634227752685547,
      14.13469123840332,
      16.370967864990234,
      16.787012100219727,
      22.532611846923828,
      19.064910888671875,
      20.22429656982422
    ],
    [
      7.089501857757568,
      61.07538986206055,
      20.443992614746094,
      96.44676208496094,
      23.52061653137207,
      116.1842041015625,
      31.263275146484375,
      131.27651977539062,
      10.571589469909668,
      74.91120147705078,
      3.5372374057769775,
      66.82947540283203,
      4.042328834533691,
      37.161136627197266,
      10.064900398254395,
      68.00531005859375,
      20.328519821166992,
      64.2573471069336
    ],
    [
      9.130868911743164,
      1.161138653755188,
      12.22240924835205,
      6.827568531036377,
      20.22123908996582,
      6.555351734161377,
      23.563867568969727,
      10.571589469909668,
      40.66168212890625,
      17.946908950805664,
      31.820327758789062,
      16.508840560913086,
      25.714210510253906,
      16.34004020690918,
      23.65071678161621,
      14.973840713500977,
      20.44980812072754,
      11.566021919250488
    ],
    [
      11.21734619140625,
      39.96862030029297,
      17.715585708618164,
      65.33161163330078,
      18.90363121032715,
      71.33695983886719,
      23.561687469482422,
      74.91120147705078,
      17.946908950805664,
      63.161983489990234,
      10.089677810668945,
      49.40292739868164,
      11.804096221923828,
      33.30275344848633,
      13.493973731994629,
      48.278907775878906,
      19.454299926757812,
      45.1237907409668
    ],
    [
      6.799047470092773,
      -2.072968006134033,
      9.467450141906738,
      0.45792827010154724,
      19.057357788085938,
      -1.113776445388794,
      21.667146682739258,
      3.5372374057769775,
      31.820327758789062,
      10.089677810668945,
      44.92896270751953,
      17.218904495239258,
      32.778343200683594,
      18.17725944519043,
      33.28103256225586,
      17.45819854736328,
      26.424293518066406,
      12.262887954711914
    ],
    [
      11.223201751708984,
      32.52865219116211,
      18.062484741210938,
      53.98819351196289,
      18.929826736450195,
      60.882137298583984,
      24.634227752685547,
      66.82947540283203,
      16.508840560913086,
      49.40292739868164,
      17.218904495239258,
      56.5406494140625,
      16.79617691040039,
      39.89951705932617,
      21.870473861694336,
      55.559654235839844,
      27.666728973388672,
      51.13609313964844
    ],
    [
      7.832704544067383,
      -1.3399838209152222,
      17.54958724975586,
      3.3646254539489746,
      15.442535400390625,
      1.9725006818771362,
      14.13469123840332,
      4.042328834533691,
      25.714210510253906,
      11.804096221923828,
      32.778343200683594,
      16.79617691040039,
      67.82469940185547,
      41.77499771118164,
      52.6478385925293,
      35.69731140136719,
      42.36883544921875,
      28.839229583740234
    ],
    [
      11.153045654296875,
      18.825000762939453,
      21.117080688476562,
      33.51399230957031,
      15.315674781799316,
      34.30833053588867,
      16.370967864990234,
      37.161136627197266,
      16.34004020690918,
      33.30275344848633,
      18.17725944519043,
      39.89951705932617,
      41.77499771118164,
      54.72743225097656,
      38.119686126708984,
      56.686134338378906,
      39.17879104614258,
      51.082542419433594
    ],
    [
      4.5591583251953125,
      5.297973155975342,
      16.22631072998047,
      7.225094318389893,
      17.14066505432129,
      6.726980686187744,
      16.787012100219727,
      10.064900398254395,
      23.65071678161621,
      13.493973731994629,
      33.28103256225586,
      21.870473861694336,
      52.6478385925293,
      38.119686126708984,
      63.15966033935547,
      46.75282287597656,
      50.86180877685547,
      37.488426208496094
    ],
    [
      7.952869415283203,
      37.86434555053711,
      23.31270408630371,
      57.00824737548828,
      19.665569305419922,
      64.02589416503906,
      22.532611846923828,
      68.00531005859375,
      14.973840713500977,
      48.278907775878906,
      17.45819854736328,
      55.559654235839844,
      35.69731140136719,
      56.686134338378906,
      46.75282287597656,
      88.12730407714844,
      50.960899353027344,
      77.15126037597656
    ],
    [
      8.52841854095459,
      11.999870300292969,
      18.00267791748047,
      16.453384399414062,
      17.88508415222168,
      17.03889274597168,
      19.064910888671875,
      20.328519821166992,
      20.44980812072754,
      19.454299926757812,
      26.424293518066406,
      27.666728973388672,
      42.36883544921875,
      39.17879104614258,
      50.86180877685547,
      50.960899353027344,
      58.74265670776367,
      49.572391510009766
    ],
    [
      10.05727481842041,
      39.655025482177734,
      22.30301284790039,
      55.6172981262207,
      17.668182373046875,
      61.434173583984375,
      20.22429656982422,
      64.2573471069336,
      11.566021919250488,
      45.1237907409668,
      12.262887954711914,
      51.13609313964844,
      28.839229583740234,
      51.082542419433594,
      37.488426208496094,
      77.15126037597656,
      49.572391510009766,
      77.30718231201172
    ]
  ],
  "drr": 15.691773414611816,
  "dynamics": 3.2310376167297363,
  "format": 1245190,
  "frames": 11292672,
  "loudness": -10.603119850158691,
  "loudness_range": 6.209537506103516,
  "loudness_range_short": 13.164295196533203,
  "peak": 0.5131500959396362,
  "rms": -11.7793550491333,
  "sample_rate": 44100,
  "sections": 1,
  "seekable": 1,
  "sharpness": 4.3299880027771,
  "space": -13.739816665649414
}