{
  "bands": [
    {
      "high_freq": 148.1999969482422,
      "loudness": -19.08418083190918,
      "loudness_range": 3.7003097534179688,
      "mid_mean": -15.5427885055542,
      "mid_to_side_loudness": -14.094354629516602,
      "mid_to_side_loudness_range": 9.04824161529541,
      "side_mean": -29.87775230407715
    },
    {
      "high_freq": 392.3793640136719,
      "loudness": -21.624040603637695,
      "loudness_range": 6.927585601806641,
      "low_freq": 148.1999969482422,
      "mid_mean": -18.64337158203125,
      "mid_to_side_loudness": -8.292367935180664,
      "mid_to_side_loudness_range": 7.964759826660156,
      "side_mean": -26.386459350585938
    },
    {
      "high_freq": 794.6976318359375,
      "loudness": -20.78203010559082,
      "loudness_range": 10.381438255310059,
      "low_freq": 392.3793640136719,
      "mid_mean": -18.04224967956543,
      "mid_to_side_loudness": -7.430182933807373,
      "mid_to_side_loudness_range": 11.066537857055664,
      "side_mean": -24.901872634887695
    },
    {
      "high_freq": 1457.5709228515625,
      "loudness": -21.918359756469727,
      "loudness_range": 10.62291145324707,
      "low_freq": 794.6976318359375,
      "mid_mean": -19.37381362915039,
      "mid_to_side_loudness": -6.087277889251709,
      "mid_to_side_loudness_range": 9.607962608337402,
      "side_mean": -25.430999755859375
    },
    {
      "high_freq": 2549.74365234375,
      "loudness": -18.44383430480957,
      "loudness_range": 9.151721000671387,
      "low_freq": 1457.5709228515625,
      "mid_mean": -15.996916770935059,
      "mid_to_side_loudness": -5.820214748382568,
      "mid_to_side_loudness_range": 9.714668273925781,
      "side_mean": -21.712657928466797
    },
    {
      "high_freq": 4349.24462890625,
      "loudness": -19.361408233642578,
      "loudness_range": 7.524153709411621,
      "low_freq": 2549.74365234375,
      "mid_mean": -16.747543334960938,
      "mid_to_side_loudness": -6.300893783569336,
      "mid_to_side_loudness_range": 9.562373161315918,
      "side_mean": -22.992868423461914
    },
    {
      "high_freq": 7314.1640625,
      "loudness": -23.587190628051758,
      "loudness_range": 7.976037979125977,
      "low_freq": 4349.24462890625,
      "mid_mean": -20.748889923095703,
      "mid_to_side_loudness": -7.153073310852051,
      "mid_to_side_loudness_range": 7.301251411437988,
      "side_mean": -27.899160385131836
    },
    {
      "high_freq": 12199.2666015625,
      "loudness": -27.015987396240234,
      "loudness_range": 7.595027923583984,
      "low_freq": 7314.1640625,
      "mid_mean": -24.268442153930664,
      "mid_to_side_loudness": -6.714722633361816,
      "mid_to_side_loudness_range": 7.239984035491943,
      "side_mean": -30.95379638671875
    },
    {
      "loudness": -32.12601852416992,
      "loudness_range": 7.956890106201172,
      "low_freq": 12199.2666015625,
      "mid_mean": -29.79417610168457,
      "mid_to_side_loudness": -4.9886345863342285,
      "mid_to_side_loudness_range": 6.81650447845459,
      "side_mean": -34.646026611328125
    }
  ],
  "bands_short": [
    {
      "high_freq": 148.1999969482422,
      "loudness": -21.68393325805664,
      "loudness_range": 9.742118835449219,
      "mid_mean": -18.21967315673828,
      "mid_to_side_loudness": -15.595500946044922,
      "mid_to_side_loudness_range": 16.421611785888672,
      "side_mean": -34.398223876953125
    },
    {
      "high_freq": 392.3793640136719,
      "loudness": -20.354358673095703,
      "loudness_range": 8.248992919921875,
      "low_freq": 148.1999969482422,
      "mid_mean": -17.35000228881836,
      "mid_to_side_loudness": -9.233492851257324,
      "mid_to_side_loudness_range": 11.435297966003418,
      "side_mean": -26.219390869140625
    },
    {
      "high_freq": 794.6976318359375,
      "loudness": -21.462730407714844,
      "loudness_range": 12.887285232543945,
      "low_freq": 392.3793640136719,
      "mid_mean": -19.005958557128906,
      "mid_to_side_loudness": -6.918919563293457,
      "mid_to_side_loudness_range": 14.592147827148438,
      "side_mean": -25.523677825927734
    },
    {
      "high_freq": 1457.5709228515625,
      "loudness": -22.256561279296875,
      "loudness_range": 12.7152681350708,
      "low_freq": 794.6976318359375,
      "mid_mean": -19.96441650390625,
      "mid_to_side_loudness": -5.620835304260254,
      "mid_to_side_loudness_range": 12.372320175170898,
      "side_mean": -25.579225540161133
    },
    {
      "high_freq": 2549.74365234375,
      "loudness": -19.02608299255371,
      "loudness_range": 11.331548690795898,
      "low_freq": 1457.5709228515625,
      "mid_mean": -16.78510856628418,
      "mid_to_side_loudness": -5.4518818855285645,
      "mid_to_side_loudness_range": 12.049025535583496,
      "side_mean": -22.202159881591797
    },
    {
      "high_freq": 4349.24462890625,
      "loudness": -19.688228607177734,
      "loudness_range": 9.502657890319824,
      "low_freq": 2549.74365234375,
      "mid_mean": -17.247516632080078,
      "mid_to_side_loudness": -6.007617950439453,
      "mid_to_side_loudness_range": 11.328099250793457,
      "side_mean": -23.244993209838867
    },
    {
      "high_freq": 7314.1640625,
      "loudness": -24.01511001586914,
      "loudness_range": 10.351678848266602,
      "low_freq": 4349.24462890625,
      "mid_mean": -21.321935653686523,
      "mid_to_side_loudness": -6.8148298263549805,
      "mid_to_side_loudness_range": 9.297493934631348,
      "side_mean": -28.153356552124023
    },
    {
      "high_freq": 12199.2666015625,
      "loudness": -27.685983657836914,
      "loudness_range": 10.22288703918457,
      "low_freq": 7314.1640625,
      "mid_mean": -25.04910659790039,
      "mid_to_side_loudness": -6.592737674713135,
      "mid_to_side_loudness_range": 9.183201789855957,
      "side_mean": -31.600147247314453
    },
    {
      "loudness": -33.22297286987305,
      "loudness_range": 12.286088943481445,
      "low_freq": 12199.2666015625,
      "mid_mean": -30.958351135253906,
      "mid_to_side_loudness": -5.088484287261963,
      "mid_to_side_loudness_range": 8.681283950805664,
      "side_mean": -35.843746185302734
    }
  ],
  "channels": 2,
  "covariance": [
    [
      4.3459062576293945,
      1.977773666381836,
      1.2540260553359985,
      1.5308645963668823,
      -0.13267256319522858,
      0.7042863965034485,
      -0.8546724319458008,
      -0.013914388604462147,
      -0.17649294435977936,
      0.6618404388427734,
      0.03783849626779556,
      0.9563422203063965,
      -0.09479188919067383,
      -0.0023745615035295486,
      -0.08315573632717133,
      -0.11879787594079971,
      -0.19531211256980896,
      0.2261512577533722
    ],
    [
      1.977773666381836,
      10.391044616699219,
      1.9950767755508423,
      3.615673303604126,
      0.835894763469696,
      1.678796410560608,
      -0.5159939527511597,
      0.4895656108856201,
      -0.06492337584495544,
      1.6364192962646484,
      -0.3232613801956177,
      0.9108755588531494,
      -0.5164321660995483,
      0.5376176834106445,
      -0.009813138283789158,
      0.7472350597381592,
      0.42330706119537354,
      1.7270678281784058
    ],
    [
      1.2540260553359985,
      1.9950767755508423,
      13.583392143249512,
      7.518200397491455,
      7.16204833984375,
      4.49886417388916,
      0.5846903920173645,
      4.668378829956055,
      3.599914073944092,
      7.995818138122559,
      5.346280574798584,
      7.784708499908447,
      4.995104789733887,
      5.971867561340332,
      3.2447128295898438,
      2.1860246658325195,
      1.7679469585418701,
      0.21811719238758087
    ],
    [
      1.5308645963668823,
      3.615673303604126,
      7.518200397491455,
      13.919240951538086,
      6.753169536590576,
      7.050314426422119,
      1.1581261157989502,
      4.562489032745361,
      2.8740828037261963,
      7.7220659255981445,
      3.0868613719940186,
      6.998095512390137,
      3.186103105545044,
      5.409865856170654,
      2.561652183532715,
      2.6347031593322754,
      1.1594605445861816,
      0.7454704642295837
    ],
    [
      -0.13267256319522858,
      0.835894763469696,
      7.16204833984375,
      6.753169536590576,
      22.172208786010742,
      10.551383972167969,
      9.6332368850708,
      7.8506340980529785,
      6.636648654937744,
      9.4584321975708,
      6.71705436706543,
      9.208072662353516,
      5.1401448249816895,
      7.607809543609619,
      2.417746067047119,
      2.6881351470947266,
      0.9148982763290405,
      0.1530447006225586
    ],
    [
      0.7042863965034485,
      1.678796410560608,
      4.49886417388916,
      7.050314426422119,
      10.551383972167969,
      17.437604904174805,
      6.74204158782959,
      9.749950408935547,
      6.716029167175293,
      12.4290771484375,
      4.728635311126709,
      12.285368919372559,
      5.718551158905029,
      10.316731452941895,
      3.9950780868530273,
      6.435584545135498,
      1.5492260456085205,
      2.4586355686187744
    ],
    [
      -0.8546724319458008,
      -0.5159939527511597,
      0.5846903920173645,
      1.1581261157989502,
      9.6332368850708,
      6.74204158782959,
      16.254287719726562,
      10.029241561889648,
      5.1118645668029785,
      7.274315357208252,
      4.174668788909912,
      7.1692705154418945,
      4.697455883026123,
      7.347314834594727,
      1.1652368307113647,
      3.6204442977905273,
      0.12175849825143814,
      1.8743646144866943
    ],
    [
      -0.013914388604462147,
      0.4895656108856201,
      4.668378829956055,
      4.562489032745361,
      7.8506340980529785,
      9.749950408935547,
      10.029241561889648,
      15.592757225036621,
      7.533390522003174,
      14.20940113067627,
      6.028491973876953,
      14.644994735717773,
      7.465002059936523,
      13.429431915283203,
      3.7467124462127686,
      6.622212886810303,
      1.9797651767730713,
      3.92807674407959
    ],
    [
      -0.17649294435977936,
      -0.06492337584495544,
      3.599914073944092,
      2.8740828037261963,
      6.636648654937744,
      6.716029167175293,
      5.1118645668029785,
      7.533390522003174,
      14.341014862060547,
      10.90339183807373,
      8.4756498336792,
      10.243131637573242,
      6.699182987213135,
      8.939620018005371,
      3.4729232788085938,
      3.502498149871826,
      1.910770058631897,
      0.8723263740539551
    ],
    [
      0.6618404388427734,
      1.6364192962646484,
      7.995818138122559,
      7.7220659255981445,
      9.4584321975708,
      12.4290771484375,
      7.274315357208252,
      14.20940113067627,
      10.90339183807373,
      20.631807327270508,
      8.318683624267578,
      19.25060272216797,
      9.165548324584961,
      15.760392189025879,
      5.467593193054199,
      7.651925086975098,
      2.852515459060669,
      3.5479133129119873
    ],
    [
      0.03783849626779556,
      -0.3232613801956177,
      5.346280574798584,
      3.0868613719940186,
      6.71705436706543,
      4.728635311126709,
      4.174668788909912,
      6.028491973876953,
      8.4756498336792,
      8.318683624267578,
      9.065336227416992,
      9.008675575256348,
      6.9287519454956055,
      7.92642879486084,
      3.854344367980957,
      3.6789538860321045,
      1.9584254026412964,
      1.1668448448181152
    ],
    [
      0.9563422203063965,
      0.9108755588531494,
      7.784708499908447,
      6.998095512390137,
      9.208072662353516,
      12.285368919372559,
      7.1692705154418945,
      14.644994735717773,
      10.243131637573242,
      19.25060272216797,
      9.008675575256348,
      21.197492599487305,
      9.952959060668945,
      17.18572998046875,
      6.123134136199951,
      8.788253784179688,
      2.943753480911255,
      4.041591644287109
    ],
    [
      -0.09479188919067383,
      -0.5164321660995483,
      4.995104789733887,
      3.186103105545044,
      5.1401448249816895,
      5.718551158905029,
      4.697455883026123,
      7.465002059936523,
      6.699182987213135,
      9.165548324584961,
      6.9287519454956055,
      9.952959060668945,
      10.11503791809082,
      10.699333190917969,
      6.872830390930176,
      6.393878936767578,
      4.332999229431152,
      3.125948429107666
    ],
    [
      -0.0023745615035295486,
      0.5376176834106445,
      5.971867561340332,
      5.409865856170654,
      7.607809543609619,
      10.316731452941895,
      7.347314834594727,
      13.429431915283203,
      8.939620018005371,
      15.760392189025879,
      7.92642879486084,
      17.18572998046875,
      10.699333190917969,
      18.69739532470703,
      7.264188289642334,
      11.033324241638184,
      3.793494462966919,
      5.4658002853393555
    ],
    [
      -0.08315573632717133,
      -0.009813138283789158,
      3.2447128295898438,
      2.561652183532715,
      2.417746067047119,
      3.9950780868530273,
      1.1652368307113647,
      3.7467124462127686,
      3.4729232788085938,
      5.467593193054199,
      3.854344367980957,
      6.123134136199951,
      6.872830390930176,
      7.264188289642334,
      9.024066925048828,
      6.7522993087768555,
      6.981911659240723,
      4.097293376922607
    ],
    [
      -0.11879787594079971,
      0.7472350597381592,
      2.1860246658325195,
      2.6347031593322754,
      2.6881351470947266,
      6.435584545135498,
      3.6204442977905273,
      6.622212886810303,
      3.502498149871826,
      7.651925086975098,
      3.6789538860321045,
      8.788253784179688,
      6.393878936767578,
      11.033324241638184,
      6.7522993087768555,
      11.232993125915527,
      5.219600677490234,
      7.483408451080322
    ],
    [
      -0.19531211256980896,
      0.42330706119537354,
      1.7679469585418701,
      1.1594605445861816,
      0.9148982763290405,
      1.5492260456085205,
      0.12175849825143814,
      1.9797651767730713,
      1.910770058631897,
      2.852515459060669,
      1.9584254026412964,
      2.943753480911255,
      4.332999229431152,
      3.793494462966919,
      6.981911659240723,
      5.219600677490234,
      9.353734016418457,
      6.210259914398193
    ],
    [
      0.2261512577533722,
      1.7270678281784058,
      0.21811719238758087,
      0.7454704642295837,
      0.1530447006225586,
      2.4586355686187744,
      1.8743646144866943,
      3.92807674407959,
      0.8723263740539551,
      3.5479133129119873,
      1.1668448448181152,
      4.041591644287109,
      3.125948429107666,
      5.4658002853393555,
      4.097293376922607,
      7.483408451080322,
      6.210259914398193,
      10.450100898742676
    ]
  ],
  "covariance_short": [
    [
      16.4912166595459,
      6.59246301651001,
      2.778273582458496,
      2.517221212387085,
      0.6872833371162415,
      1.5366562604904175,
      -0.7857575416564941,
      0.46497613191604614,
      0.4047696888446808,
      1.0224021673202515,
      0.6556888818740845,
      1.3704099655151367,
      0.7665207386016846,
      0.5794262886047363,
      0.9648129343986511,
      0.8465696573257446,
      1.1344356536865234,
      1.875465989112854
    ],
    [
      6.59246301651001,
      26.779388427734375,
      2.1943602561950684,
      4.717751502990723,
      -0.01618371531367302,
      0.8640509247779846,
      -1.5429577827453613,
      -0.8964296579360962,
      -1.3980997800827026,
      -0.4227507710456848,
      -1.4975452423095703,
      -1.1660434007644653,
      -1.6103824377059937,
      -0.7372993230819702,
      -0.5814260840415955,
      -0.10109790414571762,
      0.3552355468273163,
      1.300342082977295
    ],
    [
      2.778273582458496,
      2.1943602561950684,
      17.784116744995117,
      8.131186485290527,
      7.402088165283203,
      6.075864315032959,
      0.12315701693296432,
      4.396109104156494,
      2.9750077724456787,
      7.624843597412109,
      5.075894832611084,
      7.886844158172607,
      4.988611221313477,
      5.426126956939697,
      4.161920070648193,
      2.7816884517669678,
      2.4620022773742676,
      1.6511454582214355
    ],
    [
      2.517221212387085,
      4.717751502990723,
      8.131186485290527,
      18.090469360351562,
      6.933860778808594,
      7.366091728210449,
      0.9770641922950745,
      4.166159629821777,
      2.7026610374450684,
      6.811347484588623,
      3.2080190181732178,
      6.194334030151367,
      3.0827836990356445,
      4.994450569152832,
      2.5573394298553467,
      2.909193515777588,
      1.4367642402648926,
      1.4289767742156982
    ],
    [
      0.6872833371162415,
      -0.01618371531367302,
      7.402088165283203,
      6.933860778808594,
      30.863924026489258,
      12.17940902709961,
      11.744500160217285,
      8.153637886047363,
      9.765471458435059,
      10.544222831726074,
      10.086282730102539,
      9.975831031799316,
      7.505642414093018,
      8.334222793579102,
      5.33137845993042,
      4.459107875823975,
      3.260662317276001,
      2.242112159729004
    ],
    [
      1.5366562604904175,
      0.8640509247779846,
      6.075864315032959,
      7.366091728210449,
      12.17940902709961,
      22.722440719604492,
      8.402477264404297,
      11.685639381408691,
      8.401498794555664,
      15.165700912475586,
      6.813532829284668,
      14.759339332580566,
      7.669540882110596,
      12.508728981018066,
      6.45316743850708,
      8.790151596069336,
      4.138696193695068,
      5.237943172454834
    ],
    [
      -0.7857575416564941,
      -1.5429577827453613,
      0.12315701693296432,
      0.9770641922950745,
      11.744500160217285,
      8.402477264404297,
      24.961009979248047,
      12.649713516235352,
      9.401543617248535,
      9.809194564819336,
      7.909675121307373,
      9.51980972290039,
      7.547630786895752,
      9.449602127075195,
      4.084913730621338,
      6.0582709312438965,
      2.8017590045928955,
      4.3704752922058105
    ],
    [
      0.46497613191604614,
      -0.8964296579360962,
      4.396109104156494,
      4.166159629821777,
      8.153637886047363,
      11.685639381408691,
      12.649713516235352,
      20.384014129638672,
      9.615133285522461,
      17.26567840576172,
      7.8400702476501465,
      17.328102111816406,
      9.30451774597168,
      15.300800323486328,
      6.46755313873291,
      9.473695755004883,
      4.377379417419434,
      6.691410064697266
    ],
    [
      0.4047696888446808,
      -1.3980997800827026,
      2.9750077724456787,
      2.7026610374450684,
      9.765471458435059,
      8.401498794555664,
      9.401543617248535,
      9.615133285522461,
      23.418895721435547,
      14.905167579650879,
      14.33280086517334,
      13.673638343811035,
      11.14207935333252,
      11.828579902648926,
      7.1536664962768555,
      6.439948558807373,
      4.752236843109131,
      3.3787879943847656
    ],
    [
      1.0224021673202515,
      -0.4227507710456848,
      7.624843597412109,
      6.811347484588623,
      10.544222831726074,
      15.165700912475586,
      9.809194564819336,
      17.26567840576172,
      14.905167579650879,
      27.080604553222656,
      11.45390796661377,
      24.026874542236328,
      12.015254020690918,
      19.39751434326172,
      9.064891815185547,
      11.348016738891602,
      5.719636917114258,
      7.003110408782959
    ],
    [
      0.6556888818740845,
      -1.4975452423095703,
      5.075894832611084,
      3.2080190181732178,
      10.086282730102539,
      6.813532829284668,
      7.909675121307373,
      7.8400702476501465,
      14.33280086517334,
      11.45390796661377,
      16.62419319152832,
      12.435932159423828,
      11.939871788024902,
      10.948407173156738,
      7.986784934997559,
      6.611344337463379,
      4.810345649719238,
      3.7990760803222656
    ],
    [
      1.3704099655151367,
      -1.1660434007644653,
      7.886844158172607,
      6.194334030151367,
      9.975831031799316,
      14.759339332580566,
      9.51980972290039,
      17.328102111816406,
      13.673638343811035,
      24.026874542236328,
      12.435932159423828,
      26.744977951049805,
      13.031310081481934,
      21.040077209472656,
      9.892240524291992,
      12.800241470336914,
      5.959529876708984,
      7.667687892913818
    ],
    [
      0.7665207386016846,
      -1.6103824377059937,
      4.988611221313477,
      3.0827836990356445,
      7.505642414093018,
      7.669540882110596,
      7.547630786895752,
      9.30451774597168,
      11.14207935333252,
      12.015254020690918,
      11.939871788024902,
      13.031310081481934,
      18.13092041015625,
      14.904667854309082,
      13.612982749938965,
      11.62881851196289,
      10.11257266998291,
      8.783342361450195
    ],
    [
      0.5794262886047363,
      -0.7372993230819702,
      5.426126956939697,
      4.994450569152832,
      8.334222793579102,
      12.508728981018066,
      9.449602127075195,
      15.300800323486328,
      11.828579902648926,
      19.39751434326172,
      10.948407173156738,
      21.040077209472656,
      14.904667854309082,
      23.863210678100586,
      11.995088577270508,
      17.103595733642578,
      8.491612434387207,
      11.961664199829102
    ],
    [
      0.9648129343986511,
      -0.5814260840415955,
      4.161920070648193,
      2.5573394298553467,
      5.33137845993042,
      6.45316743850708,
      4.084913730621338,
      6.46755313873291,
      7.1536664962768555,
      9.064891815185547,
      7.986784934997559,
      9.892240524291992,
      13.612982749938965,
      11.995088577270508,
      17.84145164489746,
      13.611690521240234,
      15.012598037719727,
      11.674751281738281
    ],
    [
      0.8465696573257446,
      -0.10109790414571762,
      2.7816884517669678,
      2.909193515777588,
      4.459107875823975,
      8.790151596069336,
      6.0582709312438965,
      9.473695755004883,
      6.439948558807373,
      11.348016738891602,
      6.611344337463379,
      12.800241470336914,
      11.62881851196289,
      17.103595733642578,
      13.611690521240234,
      21.291488647460938,
      12.770210266113281,
      18.286758422851562
    ],
    [
      1.1344356536865234,
      0.3552355468273163,
      2.4620022773742676,
      1.4367642402648926,
      3.260662317276001,
      4.138696193695068,
      2.8017590045928955,
      4.377379417419434,
      4.752236843109131,
      5.719636917114258,
      4.810345649719238,
      5.959529876708984,
      10.11257266998291,
      8.491612434387207,
      15.012598037719727,
      12.770210266113281,
      20.738296508789062,
      16.6158504486084
    ],
    [
      1.875465989112854,
      1.300342082977295,
      1.6511454582214355,
      1.4289767742156982,
      2.242112159729004,
      5.237943172454834,
      4.3704752922058105,
      6.691410064697266,
      3.3787879943847656,
      7.003110408782959,
      3.7990760803222656,
      7.667687892913818,
      8.783342361450195,
      11.961664199829102,
      11.674751281738281,
      18.286758422851562,
      16.6158504486084,
      25.657522201538086
    ]
  ],
  "drr": 16.066606521606445,
  "dynamics": 2.0366694927215576,
  "format": 1245190,
  "frames": 11483136,
  "loudness": -8.07440185546875,
  "loudness_range": 4.235449314117432,
  "loudness_range_short": 5.981004238128662,
  "peak": 0.16935844719409943,
  "rms": -11.328923225402832,
  "sample_rate": 44100,
  "sections": 1,
  "seekable": 1,
  "sharpness": 1.7040437459945679,
  "space": -7.334708213806152
}