{
  "bands": [
    {
      "high_freq": 148.1999969482422,
      "loudness": -33.295658111572266,
      "loudness_range": 17.433765411376953,
      "mid_mean": -30.08734893798828,
      "mid_to_side_loudness": -12.748701095581055,
      "mid_to_side_loudness_range": 18.20278549194336,
      "side_mean": -42.45005798339844
    },
    {
      "high_freq": 392.3793640136719,
      "loudness": -25.619171142578125,
      "loudness_range": 11.895915985107422,
      "low_freq": 148.1999969482422,
      "mid_mean": -22.849267959594727,
      "mid_to_side_loudness": -8.613368034362793,
      "mid_to_side_loudness_range": 15.918577194213867,
      "side_mean": -31.11932373046875
    },
    {
      "high_freq": 794.6976318359375,
      "loudness": -30.447608947753906,
      "loudness_range": 20.15410614013672,
      "low_freq": 392.3793640136719,
      "mid_mean": -27.445585250854492,
      "mid_to_side_loudness": -11.633955955505371,
      "mid_to_side_loudness_range": 19.845195770263672,
      "side_mean": -38.869937896728516
    },
    {
      "high_freq": 1457.5709228515625,
      "loudness": -36.804290771484375,
      "loudness_range": 27.90674591064453,
      "low_freq": 794.6976318359375,
      "mid_mean": -33.964515686035156,
      "mid_to_side_loudness": -10.470431327819824,
      "mid_to_side_loudness_range": 21.769981384277344,
      "side_mean": -44.34627914428711
    },
    {
      "high_freq": 2549.74365234375,
      "loudness": -37.36750411987305,
      "loudness_range": 26.833988189697266,
      "low_freq": 1457.5709228515625,
      "mid_mean": -34.41577911376953,
      "mid_to_side_loudness": -11.310895919799805,
      "mid_to_side_loudness_range": 20.96280288696289,
      "side_mean": -45.578224182128906
    },
    {
      "high_freq": 4349.24462890625,
      "loudness": -39.527748107910156,
      "loudness_range": 22.02283477783203,
      "low_freq": 2549.74365234375,
      "mid_mean": -36.51686477661133,
      "mid_to_side_loudness": -11.144401550292969,
      "mid_to_side_loudness_range": 18.808345794677734,
      "side_mean": -47.66731262207031
    },
    {
      "high_freq": 7314.1640625,
      "loudness": -44.7859001159668,
      "loudness_range": 21.429447174072266,
      "low_freq": 4349.24462890625,
      "mid_mean": -41.94561767578125,
      "mid_to_side_loudness": -8.935221672058105,
      "mid_to_side_loudness_range": 15.579344749450684,
      "side_mean": -51.40129089355469
    },
    {
      "high_freq": 12199.2666015625,
      "loudness": -44.94529724121094,
      "loudness_range": 23.687576293945312,
      "low_freq": 7314.1640625,
      "mid_mean": -42.09772491455078,
      "mid_to_side_loudness": -10.197066307067871,
      "mid_to_side_loudness_range": 18.140493392944336,
      "side_mean": -52.76785659790039
    },
    {
      "loudness": -54.17069625854492,
      "loudness_range": 20.228778839111328,
      "low_freq": 12199.2666015625,
      "mid_mean": -51.824005126953125,
      "mid_to_side_loudness": -7.7735066413879395,
      "mid_to_side_loudness_range": 14.596686363220215,
      "side_mean": -58.70550537109375
    }
  ],
  "bands_short": [
    {
      "high_freq": 148.1999969482422,
      "loudness": -36.46328353881836,
      "loudness_range": 21.705154418945312,
      "mid_mean": -33.21586608886719,
      "mid_to_side_loudness": -14.403963088989258,
      "mid_to_side_loudness_range": 22.200164794921875,
      "side_mean": -47.636558532714844
    },
    {
      "high_freq": 392.3793640136719,
      "loudness": -26.170896530151367,
      "loudness_range": 13.465251922607422,
      "low_freq": 148.1999969482422,
      "mid_mean": -23.507854461669922,
      "mid_to_side_loudness": -8.642529487609863,
      "mid_to_side_loudness_range": 17.391372680664062,
      "side_mean": -31.735126495361328
    },
    {
      "high_freq": 794.6976318359375,
      "loudness": -31.337839126586914,
      "loudness_range": 21.545459747314453,
      "low_freq": 392.3793640136719,
      "mid_mean": -28.556346893310547,
      "mid_to_side_loudness": -10.82450008392334,
      "mid_to_side_loudness_range": 21.824846267700195,
      "side_mean": -39.202213287353516
    },
    {
      "high_freq": 1457.5709228515625,
      "loudness": -37.6925163269043,
      "loudness_range": 30.213441848754883,
      "low_freq": 794.6976318359375,
      "mid_mean": -35.04801559448242,
      "mid_to_side_loudness": -9.911494255065918,
      "mid_to_side_loudness_range": 23.04494285583496,
      "side_mean": -44.9113655090332
    },
    {
      "high_freq": 2549.74365234375,
      "loudness": -39.0034294128418,
      "loudness_range": 29.849472045898438,
      "low_freq": 1457.5709228515625,
      "mid_mean": -36.23259353637695,
      "mid_to_side_loudness": -10.903761863708496,
      "mid_to_side_loudness_range": 22.742338180541992,
      "side_mean": -47.002662658691406
    },
    {
      "high_freq": 4349.24462890625,
      "loudness": -41.67055892944336,
      "loudness_range": 25.609296798706055,
      "low_freq": 2549.74365234375,
      "mid_mean": -38.65107727050781,
      "mid_to_side_loudness": -11.787824630737305,
      "mid_to_side_loudness_range": 20.554622650146484,
      "side_mean": -51.034690856933594
    },
    {
      "high_freq": 7314.1640625,
      "loudness": -47.85685729980469,
      "loudness_range": 26.101289749145508,
      "low_freq": 4349.24462890625,
      "mid_mean": -44.94912338256836,
      "mid_to_side_loudness": -9.611931800842285,
      "mid_to_side_loudness_range": 16.65420913696289,
      "side_mean": -54.769775390625
    },
    {
      "high_freq": 12199.2666015625,
      "loudness": -48.124908447265625,
      "loudness_range": 28.178512573242188,
      "low_freq": 7314.1640625,
      "mid_mean": -45.10926818847656,
      "mid_to_side_loudness": -11.455038070678711,
      "mid_to_side_loudness_range": 19.55694007873535,
      "side_mean": -56.642601013183594
    },
    {
      "loudness": -57.428993225097656,
      "loudness_range": 24.702728271484375,
      "low_freq": 12199.2666015625,
      "mid_mean": -54.51695251464844,
      "mid_to_side_loudness": -9.321131706237793,
      "mid_to_side_loudness_range": 15.919015884399414,
      "side_mean": -62.305667877197266
    }
  ],
  "channels": 2,
  "covariance": [
    [
      41.700069427490234,
      15.075666427612305,
      4.301357269287109,
      -0.8138467669487,
      4.292322635650635,
      -0.48049914836883545,
      2.984259605407715,
      1.6408129930496216,
      -2.2967453002929688,
      -2.874130964279175,
      -3.790100574493408,
      -4.895151138305664,
      -3.027567148208618,
      -2.380180597305298,
      -4.685460090637207,
      1.3586399555206299,
      1.3637925386428833,
      3.3080313205718994
    ],
    [
      15.075666427612305,
      27.809194564819336,
      5.650224208831787,
      10.920190811157227,
      6.942020893096924,
      5.772014617919922,
      7.508116722106934,
      10.75218391418457,
      6.044623851776123,
      9.651490211486816,
      4.4178242683410645,
      9.6795015335083,
      5.869979381561279,
      9.928035736083984,
      4.02205753326416,
      10.026776313781738,
      6.535714626312256,
      10.03977108001709
    ],
    [
      4.301357269287109,
      5.650224208831787,
      21.27682876586914,
      6.6631598472595215,
      19.258310317993164,
      5.789185047149658,
      21.874258041381836,
      9.125263214111328,
      23.071924209594727,
      10.824021339416504,
      17.89601707458496,
      10.001595497131348,
      13.526944160461426,
      10.837169647216797,
      18.752099990844727,
      12.70858097076416,
      14.804680824279785,
      9.338616371154785
    ],
    [
      -0.8138467669487,
      10.920190811157227,
      6.6631598472595215,
      20.7545223236084,
      5.153107643127441,
      10.1513090133667,
      8.135398864746094,
      15.14830493927002,
      9.421652793884277,
      17.366437911987305,
      9.233072280883789,
      19.979827880859375,
      11.569151878356934,
      19.738515853881836,
      7.659147262573242,
      16.020427703857422,
      8.249770164489746,
      12.684964179992676
    ],
    [
      4.292322635650635,
      6.942020893096924,
      19.258310317993164,
      5.153107643127441,
      57.41533660888672,
      11.387189865112305,
      54.04890823364258,
      15.433056831359863,
      50.28822708129883,
      16.123693466186523,
      37.02568435668945,
      11.883745193481445,
      23.487077713012695,
      9.416961669921875,
      39.10823059082031,
      16.02762794494629,
      28.677200317382812,
      10.7501859664917
    ],
    [
      -0.48049914836883545,
      5.772014617919922,
      5.789185047149658,
      10.1513090133667,
      11.387189865112305,
      13.4159574508667,
      12.939268112182617,
      12.519686698913574,
      12.036619186401367,
      12.612882614135742,
      9.002543449401855,
      11.34281063079834,
      8.290517807006836,
      9.548462867736816,
      8.10713005065918,
      8.361323356628418,
      6.997447490692139,
      5.867506504058838
    ],
    [
      2.984259605407715,
      7.508116722106934,
      21.874258041381836,
      8.135398864746094,
      54.04890823364258,
      12.939268112182617,
      89.01770782470703,
      26.89590835571289,
      76.593017578125,
      26.506681442260742,
      53.931861877441406,
      20.166210174560547,
      28.595285415649414,
      13.32638168334961,
      50.45700454711914,
      21.550331115722656,
      37.17484664916992,
      14.510775566101074
    ],
    [
      1.6408129930496216,
      10.75218391418457,
      9.125263214111328,
      15.14830493927002,
      15.433056831359863,
      12.519686698913574,
      26.89590835571289,
      23.654014587402344,
      24.020536422729492,
      22.99075698852539,
      18.5173397064209,
      20.336118698120117,
      14.213127136230469,
      17.258777618408203,
      16.581037521362305,
      16.676191329956055,
      14.269688606262207,
      12.336800575256348
    ],
    [
      -2.2967453002929688,
      6.044623851776123,
      23.071924209594727,
      9.421652793884277,
      50.28822708129883,
      12.036619186401367,
      76.593017578125,
      24.020536422729492,
      81.86676025390625,
      29.29218101501465,
      60.36457824707031,
      26.632081985473633,
      36.59922790527344,
      21.547714233398438,
      55.877010345458984,
      28.071365356445312,
      40.87888717651367,
      19.106149673461914
    ],
    [
      -2.874130964279175,
      9.651490211486816,
      10.824021339416504,
      17.366437911987305,
      16.123693466186523,
      12.612882614135742,
      26.506681442260742,
      22.99075698852539,
      29.29218101501465,
      31.519641876220703,
      25.73297882080078,
      32.45381164550781,
      24.118310928344727,
      30.94830894470215,
      24.813011169433594,
      29.012454986572266,
      21.711400985717773,
      22.249465942382812
    ],
    [
      -3.790100574493408,
      4.4178242683410645,
      17.89601707458496,
      9.233072280883789,
      37.02568435668945,
      9.002543449401855,
      53.931861877441406,
      18.5173397064209,
      60.36457824707031,
      25.73297882080078,
      60.12989807128906,
      31.28841781616211,
      45.335594177246094,
      29.771711349487305,
      56.74003219604492,
      34.551544189453125,
      41.41646194458008,
      24.275827407836914
    ],
    [
      -4.895151138305664,
      9.6795015335083,
      10.001595497131348,
      19.979827880859375,
      11.883745193481445,
      11.34281063079834,
      20.166210174560547,
      20.336118698120117,
      26.632081985473633,
      32.45381164550781,
      31.28841781616211,
      49.46072769165039,
      37.01235580444336,
      53.00570297241211,
      30.560293197631836,
      47.38316345214844,
      29.182790756225586,
      37.85737609863281
    ],
    [
      -3.027567148208618,
      5.869979381561279,
      13.526944160461426,
      11.569151878356934,
      23.487077713012695,
      8.290517807006836,
      28.595285415649414,
      14.213127136230469,
      36.59922790527344,
      24.118310928344727,
      45.335594177246094,
      37.01235580444336,
      58.06773376464844,
      43.313743591308594,
      55.19330978393555,
      45.055843353271484,
      43.526885986328125,
      33.60935592651367
    ],
    [
      -2.380180597305298,
      9.928035736083984,
      10.837169647216797,
      19.738515853881836,
      9.416961669921875,
      9.548462867736816,
      13.32638168334961,
      17.258777618408203,
      21.547714233398438,
      30.94830894470215,
      29.771711349487305,
      53.00570297241211,
      43.313743591308594,
      72.3813705444336,
      33.187477111816406,
      64.55491638183594,
      42.372108459472656,
      50.72823715209961
    ],
    [
      -4.685460090637207,
      4.02205753326416,
      18.752099990844727,
      7.659147262573242,
      39.10823059082031,
      8.10713005065918,
      50.45700454711914,
      16.581037521362305,
      55.877010345458984,
      24.813011169433594,
      56.74003219604492,
      30.560293197631836,
      55.19330978393555,
      33.187477111816406,
      75.09378051757812,
      43.13363265991211,
      55.16775894165039,
      31.259714126586914
    ],
    [
      1.3586399555206299,
      10.026776313781738,
      12.70858097076416,
      16.020427703857422,
      16.02762794494629,
      8.361323356628418,
      21.550331115722656,
      16.676191329956055,
      28.071365356445312,
      29.012454986572266,
      34.551544189453125,
      47.38316345214844,
      45.055843353271484,
      64.55491638183594,
      43.13363265991211,
      64.78738403320312,
      48.761375427246094,
      51.73775863647461
    ],
    [
      1.3637925386428833,
      6.535714626312256,
      14.804680824279785,
      8.249770164489746,
      28.677200317382812,
      6.997447490692139,
      37.17484664916992,
      14.269688606262207,
      40.87888717651367,
      21.711400985717773,
      41.41646194458008,
      29.182790756225586,
      43.526885986328125,
      42.372108459472656,
      55.16775894165039,
      48.761375427246094,
      56.72977066040039,
      38.898006439208984
    ],
    [
      3.3080313205718994,
      10.03977108001709,
      9.338616371154785,
      12.684964179992676,
      10.7501859664917,
      5.867506504058838,
      14.510775566101074,
      12.336800575256348,
      19.106149673461914,
      22.249465942382812,
      24.275827407836914,
      37.85737609863281,
      33.60935592651367,
      50.72823715209961,
      31.259714126586914,
      51.73775863647461,
      38.898006439208984,
      46.45698928833008
    ]
  ],
  "covariance_short": [
    [
      55.9364013671875,
      21.535234451293945,
      8.232063293457031,
      3.939924478530884,
      6.92785120010376,
      0.5635800361633301,
      7.01947021484375,
      3.9770901203155518,
      2.455437183380127,
      0.6857763528823853,
      -0.9234665036201477,
      0.2221345603466034,
      -1.7711098194122314,
      -2.1076159477233887,
      -3.6399621963500977,
      -2.2851200103759766,
      -0.5179501175880432,
      -1.210402250289917
    ],
    [
      21.535234451293945,
      43.086753845214844,
      8.027016639709473,
      13.082283020019531,
      6.977546691894531,
      6.237998008728027,
      6.767736434936523,
      9.954216003417969,
      7.59633731842041,
      9.764361381530762,
      5.091495513916016,
      10.489051818847656,
      6.898737907409668,
      10.200417518615723,
      1.8459831476211548,
      7.215311527252197,
      3.2783565521240234,
      4.831625461578369
    ],
    [
      8.232063293457031,
      8.027016639709473,
      28.005599975585938,
      8.242188453674316,
      23.27130699157715,
      6.694711685180664,
      25.805889129638672,
      12.11866569519043,
      25.83877944946289,
      14.298144340515137,
      20.01616668701172,
      16.13043785095215,
      14.529557228088379,
      13.045022964477539,
      19.852901458740234,
      14.592020034790039,
      15.557084083557129,
      8.845964431762695
    ],
    [
      3.939924478530884,
      13.082283020019531,
      8.242188453674316,
      25.983116149902344,
      7.770617961883545,
      12.452272415161133,
      10.191163063049316,
      18.222864151000977,
      11.776768684387207,
      21.055238723754883,
      10.862850189208984,
      21.121278762817383,
      11.688616752624512,
      18.713056564331055,
      6.8923773765563965,
      13.357385635375977,
      6.017126560211182,
      8.67839527130127
    ],
    [
      6.92785120010376,
      6.977546691894531,
      23.27130699157715,
      7.770617961883545,
      67.44136047363281,
      12.895973205566406,
      63.08864212036133,
      19.98262596130371,
      58.13925552368164,
      22.021406173706055,
      44.63166809082031,
      19.570785522460938,
      27.65705680847168,
      12.549107551574707,
      45.373779296875,
      20.652103424072266,
      32.41664505004883,
      11.797249794006348
    ],
    [
      0.5635800361633301,
      6.237998008728027,
      6.694711685180664,
      12.452272415161133,
      12.895973205566406,
      17.52249526977539,
      14.67663288116455,
      15.76511287689209,
      14.002792358398438,
      16.604990005493164,
      11.02358341217041,
      14.261021614074707,
      9.89301872253418,
      11.132568359375,
      8.881426811218262,
      9.249218940734863,
      7.138279438018799,
      5.583043575286865
    ],
    [
      7.01947021484375,
      6.767736434936523,
      25.805889129638672,
      10.191163063049316,
      63.08864212036133,
      14.67663288116455,
      105.00588989257812,
      33.55896759033203,
      89.73844146728516,
      35.6484260559082,
      67.09707641601562,
      31.01361083984375,
      38.16156768798828,
      19.819923400878906,
      63.52703857421875,
      31.074636459350586,
      47.07987594604492,
      18.375259399414062
    ],
    [
      3.9770901203155518,
      9.954216003417969,
      12.11866569519043,
      18.222864151000977,
      19.98262596130371,
      15.76511287689209,
      33.55896759033203,
      31.932111740112305,
      31.13138198852539,
      30.766019821166992,
      25.087841033935547,
      26.118803024291992,
      19.338693618774414,
      20.266887664794922,
      22.09248161315918,
      19.808958053588867,
      17.595932006835938,
      13.116267204284668
    ],
    [
      2.455437183380127,
      7.59633731842041,
      25.83877944946289,
      11.776768684387207,
      58.13925552368164,
      14.002792358398438,
      89.73844146728516,
      31.13138198852539,
      100.86531829833984,
      39.41020965576172,
      77.56645202636719,
      37.91117858886719,
      49.474727630615234,
      28.226417541503906,
      71.48602294921875,
      38.65018081665039,
      51.65626525878906,
      23.116365432739258
    ],
    [
      0.6857763528823853,
      9.764361381530762,
      14.298144340515137,
      21.055238723754883,
      22.021406173706055,
      16.604990005493164,
      35.6484260559082,
      30.766019821166992,
      39.41020965576172,
      43.48276138305664,
      34.6597900390625,
      39.743499755859375,
      30.36182403564453,
      34.6210823059082,
      32.403385162353516,
      33.22770690917969,
      25.969844818115234,
      23.10939598083496
    ],
    [
      -0.9234665036201477,
      5.091495513916016,
      20.01616668701172,
      10.862850189208984,
      44.63166809082031,
      11.02358341217041,
      67.09707641601562,
      25.087841033935547,
      77.56645202636719,
      34.6597900390625,
      84.05030059814453,
      41.98957061767578,
      62.57426071166992,
      37.86118698120117,
      78.71617126464844,
      47.22245407104492,
      55.8133430480957,
      29.70099639892578
    ],
    [
      0.2221345603466034,
      10.489051818847656,
      16.13043785095215,
      21.121278762817383,
      19.570785522460938,
      14.261021614074707,
      31.01361083984375,
      26.118803024291992,
      37.91117858886719,
      39.743499755859375,
      41.98957061767578,
      65.9098129272461,
      44.41355514526367,
      63.3703498840332,
      40.84263229370117,
      58.251976013183594,
      42.71712112426758,
      41.135719299316406
    ],
    [
      -1.7711098194122314,
      6.898737907409668,
      14.529557228088379,
      11.688616752624512,
      27.65705680847168,
      9.89301872253418,
      38.16156768798828,
      19.338693618774414,
      49.474727630615234,
      30.36182403564453,
      62.57426071166992,
      44.41355514526367,
      72.6436767578125,
      50.658592224121094,
      73.50442504882812,
      56.05423355102539,
      55.284793853759766,
      38.428035736083984
    ],
    [
      -2.1076159477233887,
      10.200417518615723,
      13.045022964477539,
      18.713056564331055,
      12.549107551574707,
      11.132568359375,
      19.819923400878906,
      20.266887664794922,
      28.226417541503906,
      34.6210823059082,
      37.86118698120117,
      63.3703498840332,
      50.658592224121094,
      71.29437255859375,
      42.576263427734375,
      64.72654724121094,
      43.6568717956543,
      47.468841552734375
    ],
    [
      -3.6399621963500977,
      1.8459831476211548,
      19.852901458740234,
      6.8923773765563965,
      45.373779296875,
      8.881426811218262,
      63.52703857421875,
      22.09248161315918,
      71.48602294921875,
      32.403385162353516,
      78.71617126464844,
      40.84263229370117,
      73.50442504882812,
      42.576263427734375,
      105.03353118896484,
      61.21242904663086,
      75.73081970214844,
      41.20085525512695
    ],
    [
      -2.2851200103759766,
      7.215311527252197,
      14.592020034790039,
      13.357385635375977,
      20.652103424072266,
      9.249218940734863,
      31.074636459350586,
      19.808958053588867,
      38.65018081665039,
      33.22770690917969,
      47.22245407104492,
      58.251976013183594,
      56.05423355102539,
      64.72654724121094,
      61.21242904663086,
      70.85962677001953,
      56.72524642944336,
      52.89645767211914
    ],
    [
      -0.5179501175880432,
      3.2783565521240234,
      15.557084083557129,
      6.017126560211182,
      32.41664505004883,
      7.138279438018799,
      47.07987594604492,
      17.595932006835938,
      51.65626525878906,
      25.969844818115234,
      55.8133430480957,
      42.71712112426758,
      55.284793853759766,
      43.6568717956543,
      75.73081970214844,
      56.72524642944336,
      69.41905975341797,
      43.32093811035156
    ],
    [
      -1.210402250289917,
      4.831625461578369,
      8.845964431762695,
      8.67839527130127,
      11.797249794006348,
      5.583043575286865,
      18.375259399414062,
      13.116267204284668,
      23.116365432739258,
      23.10939598083496,
      29.70099639892578,
      41.135719299316406,
      38.428035736083984,
      47.468841552734375,
      41.20085525512695,
      52.89645767211914,
      43.32093811035156,
      46.477394104003906
    ]
  ],
  "drr": 15.330538749694824,
  "dynamics": 4.631720542907715,
  "format": 1245190,
  "frames": 8210432,
  "loudness": -18.047151565551758,
  "loudness_range": 12.70423412322998,
  "loudness_range_short": 15.729839324951172,
  "peak": -0.5395867824554443,
  "rms": -18.768905639648438,
  "sample_rate": 44100,
  "sections": 1,
  "seekable": 1,
  "sharpness": 3.2034847736358643,
  "space": -10.924001693725586
}