{
  "bands": [
    {
      "high_freq": 148.1999969482422,
      "loudness": -36.946189880371094,
      "loudness_range": 19.712533950805664,
      "mid_mean": -34.54270935058594,
      "mid_to_side_loudness": -6.365604400634766,
      "mid_to_side_loudness_range": 13.757320404052734,
      "side_mean": -40.903045654296875
    },
    {
      "high_freq": 392.3793640136719,
      "loudness": -21.46034812927246,
      "loudness_range": 14.315377235412598,
      "low_freq": 148.1999969482422,
      "mid_mean": -18.868072509765625,
      "mid_to_side_loudness": -5.982959270477295,
      "mid_to_side_loudness_range": 8.260696411132812,
      "side_mean": -24.825546264648438
    },
    {
      "high_freq": 794.6976318359375,
      "loudness": -21.943593978881836,
      "loudness_range": 14.996299743652344,
      "low_freq": 392.3793640136719,
      "mid_mean": -19.75737953186035,
      "mid_to_side_loudness": -5.033028602600098,
      "mid_to_side_loudness_range": 11.582136154174805,
      "side_mean": -24.79149055480957
    },
    {
      "high_freq": 1457.5709228515625,
      "loudness": -27.406822204589844,
      "loudness_range": 14.892583847045898,
      "low_freq": 794.6976318359375,
      "mid_mean": -24.91836166381836,
      "mid_to_side_loudness": -5.706214904785156,
      "mid_to_side_loudness_range": 8.125679969787598,
      "side_mean": -30.61362648010254
    },
    {
      "high_freq": 2549.74365234375,
      "loudness": -30.66065788269043,
      "loudness_range": 16.166603088378906,
      "low_freq": 1457.5709228515625,
      "mid_mean": -28.322017669677734,
      "mid_to_side_loudness": -4.9601593017578125,
      "mid_to_side_loudness_range": 8.443485260009766,
      "side_mean": -33.39719772338867
    },
    {
      "high_freq": 4349.24462890625,
      "loudness": -41.0120849609375,
      "loudness_range": 20.15343475341797,
      "low_freq": 2549.74365234375,
      "mid_mean": -38.64291000366211,
      "mid_to_side_loudness": -4.715268611907959,
      "mid_to_side_loudness_range": 5.946943283081055,
      "side_mean": -43.487022399902344
    },
    {
      "high_freq": 7314.1640625,
      "loudness": -57.443355560302734,
      "loudness_range": 29.266246795654297,
      "low_freq": 4349.24462890625,
      "mid_mean": -54.66679763793945,
      "mid_to_side_loudness": -4.226508140563965,
      "mid_to_side_loudness_range": 5.524563312530518,
      "side_mean": -58.18453598022461
    },
    {
      "high_freq": 12199.2666015625,
      "loudness": -65.28495025634766,
      "loudness_range": 14.236499786376953,
      "low_freq": 7314.1640625,
      "mid_mean": -61.78812026977539,
      "mid_to_side_loudness": -5.151366233825684,
      "mid_to_side_loudness_range": 3.027594804763794,
      "side_mean": -65.34651947021484
    },
    {
      "loudness": -64.1050033569336,
      "loudness_range": 2.199859619140625,
      "low_freq": 12199.2666015625,
      "mid_mean": -60.905418395996094,
      "mid_to_side_loudness": -5.487090587615967,
      "mid_to_side_loudness_range": 0.8639101982116699,
      "side_mean": -65.19920349121094
    }
  ],
  "bands_short": [
    {
      "high_freq": 148.1999969482422,
      "loudness": -41.91328048706055,
      "loudness_range": 22.068378448486328,
      "mid_mean": -39.13334274291992,
      "mid_to_side_loudness": -9.501550674438477,
      "mid_to_side_loudness_range": 18.990886688232422,
      "side_mean": -48.68344497680664
    },
    {
      "high_freq": 392.3793640136719,
      "loudness": -22.406496047973633,
      "loudness_range": 15.676556587219238,
      "low_freq": 148.1999969482422,
      "mid_mean": -19.907217025756836,
      "mid_to_side_loudness": -5.8410515785217285,
      "mid_to_side_loudness_range": 9.55894947052002,
      "side_mean": -25.710506439208984
    },
    {
      "high_freq": 794.6976318359375,
      "loudness": -22.654233932495117,
      "loudness_range": 17.1724853515625,
      "low_freq": 392.3793640136719,
      "mid_mean": -20.65704345703125,
      "mid_to_side_loudness": -4.533864974975586,
      "mid_to_side_loudness_range": 12.565778732299805,
      "side_mean": -25.183414459228516
    },
    {
      "high_freq": 1457.5709228515625,
      "loudness": -27.78578758239746,
      "loudness_range": 16.67758560180664,
      "low_freq": 794.6976318359375,
      "mid_mean": -25.303129196166992,
      "mid_to_side_loudness": -5.937282562255859,
      "mid_to_side_loudness_range": 9.554971694946289,
      "side_mean": -31.22795867919922
    },
    {
      "high_freq": 2549.74365234375,
      "loudness": -32.160518646240234,
      "loudness_range": 19.19896697998047,
      "low_freq": 1457.5709228515625,
      "mid_mean": -29.908376693725586,
      "mid_to_side_loudness": -4.856922149658203,
      "mid_to_side_loudness_range": 9.883190155029297,
      "side_mean": -34.88656997680664
    },
    {
      "high_freq": 4349.24462890625,
      "loudness": -42.204952239990234,
      "loudness_range": 23.25834083557129,
      "low_freq": 2549.74365234375,
      "mid_mean": -39.95809555053711,
      "mid_to_side_loudness": -4.7661333084106445,
      "mid_to_side_loudness_range": 8.959424018859863,
      "side_mean": -44.83296203613281
    },
    {
      "high_freq": 7314.1640625,
      "loudness": -59.4680290222168,
      "loudness_range": 29.378314971923828,
      "low_freq": 4349.24462890625,
      "mid_mean": -56.65997314453125,
      "mid_to_side_loudness": -4.038151264190674,
      "mid_to_side_loudness_range": 8.072183609008789,
      "side_mean": -59.797607421875
    },
    {
      "high_freq": 12199.2666015625,
      "loudness": -66.30158233642578,
      "loudness_range": 11.910297393798828,
      "low_freq": 7314.1640625,
      "mid_mean": -62.665042877197266,
      "mid_to_side_loudness": -5.166524410247803,
      "mid_to_side_loudness_range": 3.257014036178589,
      "side_mean": -66.04537963867188
    },
    {
      "loudness": -64.24034881591797,
      "loudness_range": 2.2672576904296875,
      "low_freq": 12199.2666015625,
      "mid_mean": -61.0297737121582,
      "mid_to_side_loudness": -5.458035469055176,
      "mid_to_side_loudness_range": 1.5040640830993652,
      "side_mean": -65.27269744873047
    }
  ],
  "channels": 2,
  "covariance": [
    [
      45.1845817565918,
      38.975425720214844,
      9.272177696228027,
      9.260512351989746,
      6.509131908416748,
      5.031387805938721,
      2.1154494285583496,
      4.587370872497559,
      7.276532173156738,
      7.834321975708008,
      7.212360858917236,
      5.637078762054443,
      2.8080549240112305,
      2.52954363822937,
      0.7481167912483215,
      0.93147212266922,
      0.35952994227409363,
      0.3366389870643616
    ],
    [
      38.975425720214844,
      58.16781234741211,
      12.283074378967285,
      12.5729341506958,
      11.276395797729492,
      10.32519817352295,
      5.958995819091797,
      7.8899030685424805,
      12.612870216369629,
      9.772098541259766,
      12.303861618041992,
      11.129068374633789,
      7.829407691955566,
      7.448098182678223,
      1.0754674673080444,
      1.0202957391738892,
      0.475737988948822,
      0.4060514271259308
    ],
    [
      9.272177696228027,
      12.283074378967285,
      29.180152893066406,
      22.709203720092773,
      12.790619850158691,
      11.824966430664062,
      13.030635833740234,
      11.701411247253418,
      16.172700881958008,
      17.817888259887695,
      17.2567138671875,
      17.65605354309082,
      19.83153533935547,
      17.800552368164062,
      3.1140289306640625,
      3.016270160675049,
      0.6483496427536011,
      0.35274291038513184
    ],
    [
      9.260512351989746,
      12.5729341506958,
      22.709203720092773,
      24.870025634765625,
      9.499443054199219,
      8.914755821228027,
      9.019295692443848,
      8.984750747680664,
      11.24972152709961,
      13.993433952331543,
      13.026175498962402,
      13.217440605163574,
      13.6051025390625,
      12.244303703308105,
      1.3010228872299194,
      1.5886590480804443,
      0.3435651957988739,
      0.22834697365760803
    ],
    [
      6.509131908416748,
      11.276395797729492,
      12.790619850158691,
      9.499443054199219,
      30.306058883666992,
      22.218957901000977,
      18.14177703857422,
      16.46360206604004,
      22.190837860107422,
      21.38775062561035,
      26.701894760131836,
      27.429746627807617,
      33.04265213012695,
      30.61372184753418,
      11.717574119567871,
      9.363694190979004,
      2.252298355102539,
      1.2757025957107544
    ],
    [
      5.031387805938721,
      10.32519817352295,
      11.824966430664062,
      8.914755821228027,
      22.218957901000977,
      30.934410095214844,
      17.081623077392578,
      15.287662506103516,
      20.007652282714844,
      16.894187927246094,
      24.233482360839844,
      24.21983528137207,
      28.234766006469727,
      25.86928939819336,
      9.099023818969727,
      7.430689334869385,
      1.84246027469635,
      1.1497747898101807
    ],
    [
      2.1154494285583496,
      5.958995819091797,
      13.030635833740234,
      9.019295692443848,
      18.14177703857422,
      17.081623077392578,
      31.164033889770508,
      23.602876663208008,
      24.104352951049805,
      22.209505081176758,
      24.37777328491211,
      25.158185958862305,
      34.44327163696289,
      31.610803604125977,
      13.931626319885254,
      11.338964462280273,
      3.351893663406372,
      2.0046474933624268
    ],
    [
      4.587370872497559,
      7.8899030685424805,
      11.701411247253418,
      8.984750747680664,
      16.46360206604004,
      15.287662506103516,
      23.602876663208008,
      25.196016311645508,
      20.078533172607422,
      18.829227447509766,
      22.780658721923828,
      22.380659103393555,
      30.606428146362305,
      28.948123931884766,
      12.892911911010742,
      10.375667572021484,
      3.068148374557495,
      1.871653437614441
    ],
    [
      7.276532173156738,
      12.612870216369629,
      16.172700881958008,
      11.24972152709961,
      22.190837860107422,
      20.007652282714844,
      24.104352951049805,
      20.078533172607422,
      35.13304901123047,
      30.59935188293457,
      33.688323974609375,
      34.897117614746094,
      40.06831741333008,
      36.56586456298828,
      14.794590950012207,
      12.050658226013184,
      3.728489875793457,
      2.4045205116271973
    ],
    [
      7.834321975708008,
      9.772098541259766,
      17.817888259887695,
      13.993433952331543,
      21.38775062561035,
      16.894187927246094,
      22.209505081176758,
      18.829227447509766,
      30.59935188293457,
      34.724815368652344,
      31.540515899658203,
      33.320369720458984,
      37.58003616333008,
      34.36076354980469,
      13.209076881408691,
      10.897862434387207,
      3.3100056648254395,
      2.184905529022217
    ],
    [
      7.212360858917236,
      12.303861618041992,
      17.2567138671875,
      13.026175498962402,
      26.701894760131836,
      24.233482360839844,
      24.37777328491211,
      22.780658721923828,
      33.688323974609375,
      31.540515899658203,
      49.999351501464844,
      47.6308708190918,
      52.38264083862305,
      49.161678314208984,
      19.569005966186523,
      16.207578659057617,
      4.286719799041748,
      2.768265962600708
    ],
    [
      5.637078762054443,
      11.129068374633789,
      17.65605354309082,
      13.217440605163574,
      27.429746627807617,
      24.21983528137207,
      25.158185958862305,
      22.380659103393555,
      34.897117614746094,
      33.320369720458984,
      47.6308708190918,
      51.75535583496094,
      51.82295608520508,
      48.46363067626953,
      19.09113883972168,
      15.843914031982422,
      4.267581939697266,
      2.720630645751953
    ],
    [
      2.8080549240112305,
      7.829407691955566,
      19.83153533935547,
      13.6051025390625,
      33.04265213012695,
      28.234766006469727,
      34.44327163696289,
      30.606428146362305,
      40.06831741333008,
      37.58003616333008,
      52.38264083862305,
      51.82295608520508,
      77.62266540527344,
      70.39006042480469,
      31.104110717773438,
      25.348939895629883,
      7.168532848358154,
      4.341794967651367
    ],
    [
      2.52954363822937,
      7.448098182678223,
      17.800552368164062,
      12.244303703308105,
      30.61372184753418,
      25.86928939819336,
      31.610803604125977,
      28.948123931884766,
      36.56586456298828,
      34.36076354980469,
      49.161678314208984,
      48.46363067626953,
      70.39006042480469,
      66.98751831054688,
      28.492849349975586,
      23.173742294311523,
      6.57259464263916,
      3.969252824783325
    ],
    [
      0.7481167912483215,
      1.0754674673080444,
      3.1140289306640625,
      1.3010228872299194,
      11.717574119567871,
      9.099023818969727,
      13.931626319885254,
      12.892911911010742,
      14.794590950012207,
      13.209076881408691,
      19.569005966186523,
      19.09113883972168,
      31.104110717773438,
      28.492849349975586,
      20.4200382232666,
      16.86429214477539,
      4.947340488433838,
      3.189230442047119
    ],
    [
      0.93147212266922,
      1.0202957391738892,
      3.016270160675049,
      1.5886590480804443,
      9.363694190979004,
      7.430689334869385,
      11.338964462280273,
      10.375667572021484,
      12.050658226013184,
      10.897862434387207,
      16.207578659057617,
      15.843914031982422,
      25.348939895629883,
      23.173742294311523,
      16.86429214477539,
      14.617600440979004,
      4.106725215911865,
      2.7103002071380615
    ],
    [
      0.35952994227409363,
      0.475737988948822,
      0.6483496427536011,
      0.3435651957988739,
      2.252298355102539,
      1.84246027469635,
      3.351893663406372,
      3.068148374557495,
      3.728489875793457,
      3.3100056648254395,
      4.286719799041748,
      4.267581939697266,
      7.168532848358154,
      6.57259464263916,
      4.947340488433838,
      4.106725215911865,
      2.08221435546875,
      1.3614835739135742
    ],
    [
      0.3366389870643616,
      0.4060514271259308,
      0.35274291038513184,
      0.22834697365760803,
      1.2757025957107544,
      1.1497747898101807,
      2.0046474933624268,
      1.871653437614441,
      2.4045205116271973,
      2.184905529022217,
      2.768265962600708,
      2.720630645751953,
      4.341794967651367,
      3.969252824783325,
      3.189230442047119,
      2.7103002071380615,
      1.3614835739135742,
      0.9818752408027649
    ]
  ],
  "covariance_short": [
    [
      60.859161376953125,
      32.19732666015625,
      11.703041076660156,
      11.554211616516113,
      8.504321098327637,
      5.714199066162109,
      6.393353462219238,
      7.655142307281494,
      10.696586608886719,
      13.102381706237793,
      10.479681015014648,
      9.028501510620117,
      7.048195838928223,
      6.849183082580566,
      3.193251371383667,
      3.007160186767578,
      1.0061110258102417,
      0.7589112520217896
    ],
    [
      32.19732666015625,
      47.971778869628906,
      14.84090805053711,
      16.869792938232422,
      12.190545082092285,
      9.058246612548828,
      11.088090896606445,
      11.02402114868164,
      14.188364028930664,
      14.906702995300293,
      14.192007064819336,
      13.64345645904541,
      10.398172378540039,
      9.9644136428833,
      3.4720611572265625,
      3.339993476867676,
      1.2651090621948242,
      0.9418440461158752
    ],
    [
      11.703041076660156,
      14.84090805053711,
      35.264095306396484,
      26.573949813842773,
      18.131303787231445,
      17.472095489501953,
      18.188528060913086,
      17.341272354125977,
      22.30238914489746,
      22.739614486694336,
      24.655370712280273,
      24.122299194335938,
      22.850215911865234,
      21.930891036987305,
      4.532519817352295,
      4.093167304992676,
      1.355933666229248,
      0.814494252204895
    ],
    [
      11.554211616516113,
      16.869792938232422,
      26.573949813842773,
      30.052207946777344,
      14.297067642211914,
      14.595757484436035,
      13.302699089050293,
      14.034873962402344,
      16.44727325439453,
      17.701587677001953,
      18.68357276916504,
      18.313678741455078,
      15.499844551086426,
      15.215278625488281,
      2.3984837532043457,
      2.4051427841186523,
      0.8511154651641846,
      0.6140910387039185
    ],
    [
      8.504321098327637,
      12.190545082092285,
      18.131303787231445,
      14.297067642211914,
      37.6440544128418,
      27.798425674438477,
      24.412744522094727,
      21.49998664855957,
      28.274763107299805,
      29.141651153564453,
      34.278804779052734,
      34.59577941894531,
      36.584449768066406,
      35.32310104370117,
      11.2507905960083,
      9.281930923461914,
      2.738154888153076,
      1.6462984085083008
    ],
    [
      5.714199066162109,
      9.058246612548828,
      17.472095489501953,
      14.595757484436035,
      27.798425674438477,
      37.738616943359375,
      22.772377014160156,
      20.750320434570312,
      25.784202575683594,
      25.13946533203125,
      32.42403793334961,
      32.036949157714844,
      31.599300384521484,
      30.487548828125,
      8.870423316955566,
      7.466967582702637,
      2.199171543121338,
      1.4745622873306274
    ],
    [
      6.393353462219238,
      11.088090896606445,
      18.188528060913086,
      13.302699089050293,
      24.412744522094727,
      22.772377014160156,
      38.95570373535156,
      29.55034065246582,
      31.47873306274414,
      29.506189346313477,
      33.78300476074219,
      34.129249572753906,
      38.42129898071289,
      36.48481369018555,
      13.403430938720703,
      11.13918685913086,
      3.4741387367248535,
      2.206165075302124
    ],
    [
      7.655142307281494,
      11.02402114868164,
      17.341272354125977,
      14.034873962402344,
      21.49998664855957,
      20.750320434570312,
      29.55034065246582,
      32.95974349975586,
      26.845731735229492,
      25.30330467224121,
      31.089693069458008,
      30.166839599609375,
      33.73159408569336,
      32.8604736328125,
      11.675811767578125,
      9.702503204345703,
      3.0028676986694336,
      1.9584547281265259
    ],
    [
      10.696586608886719,
      14.188364028930664,
      22.30238914489746,
      16.44727325439453,
      28.274763107299805,
      25.784202575683594,
      31.47873306274414,
      26.845731735229492,
      45.72768020629883,
      39.21835708618164,
      43.26643371582031,
      43.18475341796875,
      44.829811096191406,
      42.203975677490234,
      14.635454177856445,
      12.099181175231934,
      3.9195287227630615,
      2.5473906993865967
    ],
    [
      13.102381706237793,
      14.906702995300293,
      22.739614486694336,
      17.701587677001953,
      29.141651153564453,
      25.13946533203125,
      29.506189346313477,
      25.30330467224121,
      39.21835708618164,
      45.64231872558594,
      40.731422424316406,
      42.12028121948242,
      42.24805450439453,
      40.50788497924805,
      13.27826976776123,
      11.185746192932129,
      3.492128372192383,
      2.365339756011963
    ],
    [
      10.479681015014648,
      14.192007064819336,
      24.655370712280273,
      18.68357276916504,
      34.278804779052734,
      32.42403793334961,
      33.78300476074219,
      31.089693069458008,
      43.26643371582031,
      40.731422424316406,
      63.8895149230957,
      57.43012619018555,
      57.761314392089844,
      54.820030212402344,
      18.964998245239258,
      15.70207405090332,
      4.630186557769775,
      3.004300594329834
    ],
    [
      9.028501510620117,
      13.64345645904541,
      24.122299194335938,
      18.313678741455078,
      34.59577941894531,
      32.036949157714844,
      34.129249572753906,
      30.166839599609375,
      43.18475341796875,
      42.12028121948242,
      57.43012619018555,
      62.22623825073242,
      55.62511444091797,
      53.96628952026367,
      17.808595657348633,
      15.10234546661377,
      4.35701847076416,
      2.8552699089050293
    ],
    [
      7.048195838928223,
      10.398172378540039,
      22.850215911865234,
      15.499844551086426,
      36.584449768066406,
      31.599300384521484,
      38.42129898071289,
      33.73159408569336,
      44.829811096191406,
      42.24805450439453,
      57.761314392089844,
      55.62511444091797,
      75.25237274169922,
      68.46168518066406,
      26.29631805419922,
      21.636411666870117,
      6.5635762214660645,
      4.130227088928223
    ],
    [
      6.849183082580566,
      9.9644136428833,
      21.930891036987305,
      15.215278625488281,
      35.32310104370117,
      30.487548828125,
      36.48481369018555,
      32.8604736328125,
      42.203975677490234,
      40.50788497924805,
      54.820030212402344,
      53.96628952026367,
      68.46168518066406,
      68.60005187988281,
      24.222734451293945,
      20.366369247436523,
      6.043191432952881,
      3.8517370223999023
    ],
    [
      3.193251371383667,
      3.4720611572265625,
      4.532519817352295,
      2.3984837532043457,
      11.2507905960083,
      8.870423316955566,
      13.403430938720703,
      11.675811767578125,
      14.635454177856445,
      13.27826976776123,
      18.964998245239258,
      17.808595657348633,
      26.29631805419922,
      24.222734451293945,
      15.338668823242188,
      12.594042778015137,
      3.807075023651123,
      2.5414767265319824
    ],
    [
      3.007160186767578,
      3.339993476867676,
      4.093167304992676,
      2.4051427841186523,
      9.281930923461914,
      7.466967582702637,
      11.13918685913086,
      9.702503204345703,
      12.099181175231934,
      11.185746192932129,
      15.70207405090332,
      15.10234546661377,
      21.636411666870117,
      20.366369247436523,
      12.594042778015137,
      11.440276145935059,
      3.1324732303619385,
      2.2097299098968506
    ],
    [
      1.0061110258102417,
      1.2651090621948242,
      1.355933666229248,
      0.8511154651641846,
      2.738154888153076,
      2.199171543121338,
      3.4741387367248535,
      3.0028676986694336,
      3.9195287227630615,
      3.492128372192383,
      4.630186557769775,
      4.35701847076416,
      6.5635762214660645,
      6.043191432952881,
      3.807075023651123,
      3.1324732303619385,
      1.6346994638442993,
      1.0403004884719849
    ],
    [
      0.7589112520217896,
      0.9418440461158752,
      0.814494252204895,
      0.6140910387039185,
      1.6462984085083008,
      1.4745622873306274,
      2.206165075302124,
      1.9584547281265259,
      2.5473906993865967,
      2.365339756011963,
      3.004300594329834,
      2.8552699089050293,
      4.130227088928223,
      3.8517370223999023,
      2.5414767265319824,
      2.2097299098968506,
      1.0403004884719849,
      0.8363620042800903
    ]
  ],
  "drr": 9.609772682189941,
  "dynamics": 4.179922580718994,
  "format": 1245190,
  "frames": 12560320,
  "loudness": -13.265874862670898,
  "loudness_range": 11.135942459106445,
  "loudness_range_short": 14.355602264404297,
  "peak": 0.27200809121131897,
  "rms": -14.55414867401123,
  "sample_rate": 44100,
  "sections": 1,
  "seekable": 1,
  "sharpness": 3.7517030239105225,
  "space": -5.332383155822754
}