{
  "bands": [
    {
      "high_freq": 148.1999969482422,
      "loudness": -28.215049743652344,
      "loudness_range": 13.17801284790039,
      "mid_mean": -24.589311599731445,
      "mid_to_side_loudness": -21.170915603637695,
      "mid_to_side_loudness_range": 14.586282730102539,
      "side_mean": -47.049415588378906
    },
    {
      "high_freq": 392.3793640136719,
      "loudness": -23.265846252441406,
      "loudness_range": 12.997440338134766,
      "low_freq": 148.1999969482422,
      "mid_mean": -19.73900032043457,
      "mid_to_side_loudness": -14.624131202697754,
      "mid_to_side_loudness_range": 11.557319641113281,
      "side_mean": -34.997718811035156
    },
    {
      "high_freq": 794.6976318359375,
      "loudness": -22.691631317138672,
      "loudness_range": 13.628232955932617,
      "low_freq": 392.3793640136719,
      "mid_mean": -19.38287925720215,
      "mid_to_side_loudness": -11.838885307312012,
      "mid_to_side_loudness_range": 12.569674491882324,
      "side_mean": -31.61338996887207
    },
    {
      "high_freq": 1457.5709228515625,
      "loudness": -28.032651901245117,
      "loudness_range": 13.687311172485352,
      "low_freq": 794.6976318359375,
      "mid_mean": -25.168434143066406,
      "mid_to_side_loudness": -8.11589527130127,
      "mid_to_side_loudness_range": 9.554243087768555,
      "side_mean": -33.361820220947266
    },
    {
      "high_freq": 2549.74365234375,
      "loudness": -29.66630744934082,
      "loudness_range": 12.829957962036133,
      "low_freq": 1457.5709228515625,
      "mid_mean": -26.66883087158203,
      "mid_to_side_loudness": -9.018644332885742,
      "mid_to_side_loudness_range": 10.593350410461426,
      "side_mean": -35.946144104003906
    },
    {
      "high_freq": 4349.24462890625,
      "loudness": -33.13264083862305,
      "loudness_range": 12.767814636230469,
      "low_freq": 2549.74365234375,
      "mid_mean": -30.34819793701172,
      "mid_to_side_loudness": -7.729506492614746,
      "mid_to_side_loudness_range": 8.754260063171387,
      "side_mean": -38.26679229736328
    },
    {
      "high_freq": 7314.1640625,
      "loudness": -34.69801712036133,
      "loudness_range": 12.825777053833008,
      "low_freq": 4349.24462890625,
      "mid_mean": -32.72173309326172,
      "mid_to_side_loudness": -4.387314319610596,
      "mid_to_side_loudness_range": 6.632571220397949,
      "side_mean": -36.914310455322266
    },
    {
      "high_freq": 12199.2666015625,
      "loudness": -38.50946044921875,
      "loudness_range": 12.602180480957031,
      "low_freq": 7314.1640625,
      "mid_mean": -36.9371452331543,
      "mid_to_side_loudness": -2.770587205886841,
      "mid_to_side_loudness_range": 4.9312334060668945,
      "side_mean": -39.68614196777344
    },
    {
      "loudness": -46.265541076660156,
      "loudness_range": 13.943172454833984,
      "low_freq": 12199.2666015625,
      "mid_mean": -47.32344055175781,
      "mid_to_side_loudness": -0.5246778726577759,
      "mid_to_side_loudness_range": 1.6832544803619385,
      "side_mean": -47.9975700378418
    }
  ],
  "bands_short": [
    {
      "high_freq": 148.1999969482422,
      "loudness": -32.658756256103516,
      "loudness_range": 22.718217849731445,
      "mid_mean": -29.127914428710938,
      "mid_to_side_loudness": -19.880029678344727,
      "mid_to_side_loudness_range": 20.21943473815918,
      "side_mean": -50.96471405029297
    },
    {
      "high_freq": 392.3793640136719,
      "loudness": -23.91376304626465,
      "loudness_range": 14.87812614440918,
      "low_freq": 148.1999969482422,
      "mid_mean": -20.438859939575195,
      "mid_to_side_loudness": -14.961270332336426,
      "mid_to_side_loudness_range": 13.90038776397705,
      "side_mean": -36.016456604003906
    },
    {
      "high_freq": 794.6976318359375,
      "loudness": -23.292512893676758,
      "loudness_range": 16.093379974365234,
      "low_freq": 392.3793640136719,
      "mid_mean": -20.10859489440918,
      "mid_to_side_loudness": -11.622283935546875,
      "mid_to_side_loudness_range": 15.253303527832031,
      "side_mean": -32.10901641845703
    },
    {
      "high_freq": 1457.5709228515625,
      "loudness": -27.93070411682129,
      "loudness_range": 15.282142639160156,
      "low_freq": 794.6976318359375,
      "mid_mean": -25.168699264526367,
      "mid_to_side_loudness": -8.105094909667969,
      "mid_to_side_loudness_range": 12.35845947265625,
      "side_mean": -33.338966369628906
    },
    {
      "high_freq": 2549.74365234375,
      "loudness": -30.349679946899414,
      "loudness_range": 15.636167526245117,
      "low_freq": 1457.5709228515625,
      "mid_mean": -27.436199188232422,
      "mid_to_side_loudness": -9.003957748413086,
      "mid_to_side_loudness_range": 12.591682434082031,
      "side_mean": -36.65213394165039
    },
    {
      "high_freq": 4349.24462890625,
      "loudness": -33.96083068847656,
      "loudness_range": 16.404245376586914,
      "low_freq": 2549.74365234375,
      "mid_mean": -31.326616287231445,
      "mid_to_side_loudness": -7.704069137573242,
      "mid_to_side_loudness_range": 10.739449501037598,
      "side_mean": -39.31558609008789
    },
    {
      "high_freq": 7314.1640625,
      "loudness": -36.79279327392578,
      "loudness_range": 19.00313377380371,
      "low_freq": 4349.24462890625,
      "mid_mean": -34.700035095214844,
      "mid_to_side_loudness": -5.020829200744629,
      "mid_to_side_loudness_range": 9.008221626281738,
      "side_mean": -39.722877502441406
    },
    {
      "high_freq": 12199.2666015625,
      "loudness": -40.91840362548828,
      "loudness_range": 20.23090934753418,
      "low_freq": 7314.1640625,
      "mid_mean": -39.221656799316406,
      "mid_to_side_loudness": -3.4833366870880127,
      "mid_to_side_loudness_range": 7.210392951965332,
      "side_mean": -42.882328033447266
    },
    {
      "loudness": -49.84443664550781,
      "loudness_range": 23.87652587890625,
      "low_freq": 12199.2666015625,
      "mid_mean": -51.13405227661133,
      "mid_to_side_loudness": -0.9164581298828125,
      "mid_to_side_loudness_range": 3.604391574859619,
      "side_mean": -51.974403381347656
    }
  ],
  "channels": 2,
  "covariance": [
    [
      28.720714569091797,
      16.167041778564453,
      17.6857852935791,
      14.042134284973145,
      12.641205787658691,
      12.491806030273438,
      12.072212219238281,
      10.790080070495605,
      8.201815605163574,
      5.996801376342773,
      8.130763053894043,
      7.8461809158325195,
      6.687310218811035,
      6.618142127990723,
      6.3493170738220215,
      6.030030727386475,
      11.590806007385254,
      11.144878387451172
    ],
    [
      16.167041778564453,
      27.826669692993164,
      14.495160102844238,
      16.592336654663086,
      12.00644588470459,
      14.709641456604004,
      14.145085334777832,
      12.482598304748535,
      10.157692909240723,
      7.882241725921631,
      9.11863899230957,
      8.236038208007812,
      8.029300689697266,
      7.178822040557861,
      7.796175479888916,
      7.332482814788818,
      14.885369300842285,
      14.91224479675293
    ],
    [
      17.6857852935791,
      14.495160102844238,
      29.53731918334961,
      22.058231353759766,
      18.929475784301758,
      17.331266403198242,
      16.001741409301758,
      15.689257621765137,
      12.19100284576416,
      8.083101272583008,
      14.63694953918457,
      11.647353172302246,
      12.634964942932129,
      11.932705879211426,
      12.478263854980469,
      11.988873481750488,
      24.48356819152832,
      24.5854549407959
    ],
    [
      14.042134284973145,
      16.592336654663086,
      22.058231353759766,
      29.589263916015625,
      16.35572052001953,
      20.43147087097168,
      15.036489486694336,
      15.12498950958252,
      11.18879222869873,
      7.493740081787109,
      13.103352546691895,
      10.20810604095459,
      13.095329284667969,
      12.289923667907715,
      13.064327239990234,
      12.414678573608398,
      24.382997512817383,
      24.522993087768555
    ],
    [
      12.641205787658691,
      12.00644588470459,
      18.929475784301758,
      16.35572052001953,
      32.58131790161133,
      20.531970977783203,
      24.10862159729004,
      20.0072078704834,
      17.84506607055664,
      15.343316078186035,
      17.267797470092773,
      15.142022132873535,
      12.90217113494873,
      11.727490425109863,
      12.062127113342285,
      10.365583419799805,
      23.425546646118164,
      23.01837921142578
    ],
    [
      12.491806030273438,
      14.709641456604004,
      17.331266403198242,
      20.43147087097168,
      20.531970977783203,
      32.310977935791016,
      21.607391357421875,
      26.580894470214844,
      16.132339477539062,
      17.474964141845703,
      14.896029472351074,
      15.271444320678711,
      13.412284851074219,
      12.772364616394043,
      11.646261215209961,
      11.067205429077148,
      25.913311004638672,
      25.671171188354492
    ],
    [
      12.072212219238281,
      14.145085334777832,
      16.001741409301758,
      15.036489486694336,
      24.10862159729004,
      21.607391357421875,
      32.93242263793945,
      26.70879364013672,
      20.61040687561035,
      20.584369659423828,
      17.835966110229492,
      18.426565170288086,
      12.602630615234375,
      11.323203086853027,
      10.480889320373535,
      9.147346496582031,
      23.20054817199707,
      22.861051559448242
    ],
    [
      10.790080070495605,
      12.482598304748535,
      15.689257621765137,
      15.12498950958252,
      20.0072078704834,
      26.580894470214844,
      26.70879364013672,
      36.455841064453125,
      20.95368766784668,
      26.491918563842773,
      18.527250289916992,
      22.248558044433594,
      13.750807762145996,
      12.728414535522461,
      10.455622673034668,
      9.739174842834473,
      24.219118118286133,
      23.854848861694336
    ],
    [
      8.201815605163574,
      10.157692909240723,
      12.19100284576416,
      11.18879222869873,
      17.84506607055664,
      16.132339477539062,
      20.61040687561035,
      20.95368766784668,
      28.412153244018555,
      26.551424026489258,
      22.394134521484375,
      21.98981475830078,
      14.7129487991333,
      13.231164932250977,
      10.828989028930664,
      9.983771324157715,
      20.947729110717773,
      20.96573257446289
    ],
    [
      5.996801376342773,
      7.882241725921631,
      8.083101272583008,
      7.493740081787109,
      15.343316078186035,
      17.474964141845703,
      20.584369659423828,
      26.491918563842773,
      26.551424026489258,
      42.142364501953125,
      22.524221420288086,
      29.797351837158203,
      13.065546035766602,
      12.430294036865234,
      7.502415657043457,
      7.032309055328369,
      19.03339385986328,
      19.745962142944336
    ],
    [
      8.130763053894043,
      9.11863899230957,
      14.63694953918457,
      13.103352546691895,
      17.267797470092773,
      14.896029472351074,
      17.835966110229492,
      18.527250289916992,
      22.394134521484375,
      22.524221420288086,
      30.477092742919922,
      25.620988845825195,
      20.198749542236328,
      17.44364356994629,
      15.820084571838379,
      14.481494903564453,
      24.332094192504883,
      24.278621673583984
    ],
    [
      7.8461809158325195,
      8.236038208007812,
      11.647353172302246,
      10.20810604095459,
      15.142022132873535,
      15.271444320678711,
      18.426565170288086,
      22.248558044433594,
      21.98981475830078,
      29.797351837158203,
      25.620988845825195,
      34.27250671386719,
      19.9281005859375,
      20.25625228881836,
      14.394774436950684,
      14.631418228149414,
      24.17560386657715,
      24.898054122924805
    ],
    [
      6.687310218811035,
      8.029300689697266,
      12.634964942932129,
      13.095329284667969,
      12.90217113494873,
      13.412284851074219,
      12.602630615234375,
      13.750807762145996,
      14.7129487991333,
      13.065546035766602,
      20.198749542236328,
      19.9281005859375,
      30.615571975708008,
      27.35121726989746,
      24.475271224975586,
      24.03641128540039,
      28.324851989746094,
      28.284095764160156
    ],
    [
      6.618142127990723,
      7.178822040557861,
      11.932705879211426,
      12.289923667907715,
      11.727490425109863,
      12.772364616394043,
      11.323203086853027,
      12.728414535522461,
      13.231164932250977,
      12.430294036865234,
      17.44364356994629,
      20.25625228881836,
      27.35121726989746,
      32.630340576171875,
      24.01531410217285,
      27.59009552001953,
      30.291038513183594,
      31.155269622802734
    ],
    [
      6.3493170738220215,
      7.796175479888916,
      12.478263854980469,
      13.064327239990234,
      12.062127113342285,
      11.646261215209961,
      10.480889320373535,
      10.455622673034668,
      10.828989028930664,
      7.502415657043457,
      15.820084571838379,
      14.394774436950684,
      24.475271224975586,
      24.01531410217285,
      26.89945411682129,
      25.19545555114746,
      26.088912963867188,
      26.035036087036133
    ],
    [
      6.030030727386475,
      7.332482814788818,
      11.988873481750488,
      12.414678573608398,
      10.365583419799805,
      11.067205429077148,
      9.147346496582031,
      9.739174842834473,
      9.983771324157715,
      7.032309055328369,
      14.481494903564453,
      14.631418228149414,
      24.03641128540039,
      27.59009552001953,
      25.19545555114746,
      29.624427795410156,
      28.772371292114258,
      29.717554092407227
    ],
    [
      11.590806007385254,
      14.885369300842285,
      24.48356819152832,
      24.382997512817383,
      23.425546646118164,
      25.913311004638672,
      23.20054817199707,
      24.219118118286133,
      20.947729110717773,
      19.03339385986328,
      24.332094192504883,
      24.17560386657715,
      28.324851989746094,
      30.291038513183594,
      26.088912963867188,
      28.772371292114258,
      65.44400024414062,
      65.30033874511719
    ],
    [
      11.144878387451172,
      14.91224479675293,
      24.5854549407959,
      24.522993087768555,
      23.01837921142578,
      25.671171188354492,
      22.861051559448242,
      23.854848861694336,
      20.96573257446289,
      19.745962142944336,
      24.278621673583984,
      24.898054122924805,
      28.284095764160156,
      31.155269622802734,
      26.035036087036133,
      29.717554092407227,
      65.30033874511719,
      68.6439437866211
    ]
  ],
  "covariance_short": [
    [
      55.248321533203125,
      24.903871536254883,
      21.035215377807617,
      16.225133895874023,
      12.340152740478516,
      10.965575218200684,
      10.810199737548828,
      8.763996124267578,
      5.929396152496338,
      2.4100449085235596,
      6.681654453277588,
      5.272972106933594,
      9.255763053894043,
      9.653505325317383,
      11.8628568649292,
      13.303619384765625,
      16.709423065185547,
      17.28025245666504
    ],
    [
      24.903871536254883,
      51.00133514404297,
      15.900444030761719,
      17.996854782104492,
      12.562002182006836,
      13.564845085144043,
      12.363210678100586,
      10.817634582519531,
      8.967986106872559,
      7.425485134124756,
      9.326360702514648,
      8.797711372375488,
      10.087327003479004,
      10.726888656616211,
      11.709495544433594,
      12.76716423034668,
      27.93046760559082,
      27.418010711669922
    ],
    [
      21.035215377807617,
      15.900444030761719,
      35.1458854675293,
      23.541458129882812,
      20.66623878479004,
      18.987518310546875,
      16.791324615478516,
      16.072731018066406,
      13.411556243896484,
      9.273435592651367,
      16.00265884399414,
      13.140789031982422,
      14.927346229553223,
      14.540287971496582,
      16.158403396606445,
      16.40285301208496,
      27.69342613220215,
      27.26297950744629
    ],
    [
      16.225133895874023,
      17.996854782104492,
      23.541458129882812,
      35.43583679199219,
      17.788463592529297,
      22.190744400024414,
      16.140623092651367,
      16.03180503845215,
      12.873294830322266,
      9.349010467529297,
      14.591804504394531,
      13.00570297241211,
      15.781301498413086,
      16.269298553466797,
      16.734418869018555,
      17.789785385131836,
      27.42987632751465,
      27.270416259765625
    ],
    [
      12.340152740478516,
      12.562002182006836,
      20.66623878479004,
      17.788463592529297,
      40.53500747680664,
      22.275463104248047,
      25.72555160522461,
      20.612749099731445,
      20.439231872558594,
      16.0704345703125,
      20.971994400024414,
      17.87718963623047,
      16.257953643798828,
      15.036065101623535,
      16.790565490722656,
      15.3511323928833,
      26.431804656982422,
      25.466890335083008
    ],
    [
      10.965575218200684,
      13.564845085144043,
      18.987518310546875,
      22.190744400024414,
      22.275463104248047,
      37.17403030395508,
      21.79191780090332,
      27.506746292114258,
      16.174861907958984,
      16.935129165649414,
      16.218027114868164,
      16.908920288085938,
      14.522127151489258,
      14.738274574279785,
      13.596583366394043,
      13.94985294342041,
      26.911420822143555,
      26.071706771850586
    ],
    [
      10.810199737548828,
      12.363210678100586,
      16.791324615478516,
      16.140623092651367,
      25.72555160522461,
      21.79191780090332,
      37.78570556640625,
      27.45473861694336,
      23.094587326049805,
      22.014892578125,
      21.070964813232422,
      21.380186080932617,
      15.307594299316406,
      15.302179336547852,
      13.949734687805176,
      13.896817207336426,
      26.773548126220703,
      25.753005981445312
    ],
    [
      8.763996124267578,
      10.817634582519531,
      16.072731018066406,
      16.03180503845215,
      20.612749099731445,
      27.506746292114258,
      27.45473861694336,
      41.13768768310547,
      22.121187210083008,
      28.616296768188477,
      20.272445678710938,
      25.239770889282227,
      15.707802772521973,
      17.029888153076172,
      12.176006317138672,
      13.519238471984863,
      26.659008026123047,
      25.804908752441406
    ],
    [
      5.929396152496338,
      8.967986106872559,
      13.411556243896484,
      12.873294830322266,
      20.439231872558594,
      16.174861907958984,
      23.094587326049805,
      22.121187210083008,
      36.303871154785156,
      30.23716926574707,
      29.8325138092041,
      28.531538009643555,
      21.112668991088867,
      20.88753890991211,
      17.045654296875,
      17.675016403198242,
      27.421974182128906,
      26.66139793395996
    ],
    [
      2.4100449085235596,
      7.425485134124756,
      9.273435592651367,
      9.349010467529297,
      16.0704345703125,
      16.935129165649414,
      22.014892578125,
      28.616296768188477,
      30.23716926574707,
      47.83502960205078,
      28.48197364807129,
      36.883056640625,
      19.77090072631836,
      22.13340187072754,
      12.889902114868164,
      14.754314422607422,
      26.227354049682617,
      25.34347152709961
    ],
    [
      6.681654453277588,
      9.326360702514648,
      16.00265884399414,
      14.591804504394531,
      20.971994400024414,
      16.218027114868164,
      21.070964813232422,
      20.272445678710938,
      29.8325138092041,
      28.48197364807129,
      44.43627166748047,
      37.21337127685547,
      32.559932708740234,
      29.807628631591797,
      27.352197647094727,
      26.88217544555664,
      35.93267059326172,
      34.9560432434082
    ],
    [
      5.272972106933594,
      8.797711372375488,
      13.140789031982422,
      13.00570297241211,
      17.87718963623047,
      16.908920288085938,
      21.380186080932617,
      25.239770889282227,
      28.531538009643555,
      36.883056640625,
      37.21337127685547,
      48.193695068359375,
      32.14410400390625,
      35.58414077758789,
      25.614299774169922,
      28.867168426513672,
      36.99834442138672,
      36.702110290527344
    ],
    [
      9.255763053894043,
      10.087327003479004,
      14.927346229553223,
      15.781301498413086,
      16.257953643798828,
      14.522127151489258,
      15.307594299316406,
      15.707802772521973,
      21.112668991088867,
      19.77090072631836,
      32.559932708740234,
      32.14410400390625,
      49.06754684448242,
      46.59477615356445,
      43.14256286621094,
      45.586814880371094,
      47.355918884277344,
      47.695098876953125
    ],
    [
      9.653505325317383,
      10.726888656616211,
      14.540287971496582,
      16.269298553466797,
      15.036065101623535,
      14.738274574279785,
      15.302179336547852,
      17.029888153076172,
      20.88753890991211,
      22.13340187072754,
      29.807628631591797,
      35.58414077758789,
      46.59477615356445,
      58.370994567871094,
      44.30135726928711,
      54.26423263549805,
      54.17498779296875,
      57.00436782836914
    ],
    [
      11.8628568649292,
      11.709495544433594,
      16.158403396606445,
      16.734418869018555,
      16.790565490722656,
      13.596583366394043,
      13.949734687805176,
      12.176006317138672,
      17.045654296875,
      12.889902114868164,
      27.352197647094727,
      25.614299774169922,
      43.14256286621094,
      44.30135726928711,
      51.72481918334961,
      52.420780181884766,
      50.9611701965332,
      51.81774139404297
    ],
    [
      13.303619384765625,
      12.76716423034668,
      16.40285301208496,
      17.789785385131836,
      15.3511323928833,
      13.94985294342041,
      13.896817207336426,
      13.519238471984863,
      17.675016403198242,
      14.754314422607422,
      26.88217544555664,
      28.867168426513672,
      45.586814880371094,
      54.26423263549805,
      52.420780181884766,
      63.81218719482422,
      59.869747161865234,
      63.38657760620117
    ],
    [
      16.709423065185547,
      27.93046760559082,
      27.69342613220215,
      27.42987632751465,
      26.431804656982422,
      26.911420822143555,
      26.773548126220703,
      26.659008026123047,
      27.421974182128906,
      26.227354049682617,
      35.93267059326172,
      36.99834442138672,
      47.355918884277344,
      54.17498779296875,
      50.9611701965332,
      59.869747161865234,
      93.98252868652344,
      93.91305541992188
    ],
    [
      17.28025245666504,
      27.418010711669922,
      27.26297950744629,
      27.270416259765625,
      25.466890335083008,
      26.071706771850586,
      25.753005981445312,
      25.804908752441406,
      26.66139793395996,
      25.34347152709961,
      34.9560432434082,
      36.702110290527344,
      47.695098876953125,
      57.00436782836914,
      51.81774139404297,
      63.38657760620117,
      93.91305541992188,
      95.64543914794922
    ]
  ],
  "drr": 15.338930130004883,
  "dynamics": 3.3222906589508057,
  "format": 1245190,
  "frames": 13133824,
  "loudness": -13.707941055297852,
  "loudness_range": 9.687954902648926,
  "loudness_range_short": 11.563691139221191,
  "peak": -0.6727402806282043,
  "rms": -15.830721855163574,
  "sample_rate": 44100,
  "sections": 1,
  "seekable": 1,
  "sharpness": 2.1991493701934814,
  "space": -11.353425979614258
}