{
  "bands": [
    {
      "high_freq": 148.1999969482422,
      "loudness": -17.834449768066406,
      "loudness_range": 10.365123748779297,
      "mid_mean": -14.514498710632324,
      "mid_to_side_loudness": -13.580248832702637,
      "mid_to_side_loudness_range": 24.15542984008789,
      "side_mean": -29.81003761291504
    },
    {
      "high_freq": 392.3793640136719,
      "loudness": -18.780170440673828,
      "loudness_range": 7.9395341873168945,
      "low_freq": 148.1999969482422,
      "mid_mean": -16.174541473388672,
      "mid_to_side_loudness": -5.294492244720459,
      "mid_to_side_loudness_range": 10.966315269470215,
      "side_mean": -21.949851989746094
    },
    {
      "high_freq": 794.6976318359375,
      "loudness": -17.57654571533203,
      "loudness_range": 7.616981506347656,
      "low_freq": 392.3793640136719,
      "mid_mean": -15.448312759399414,
      "mid_to_side_loudness": -3.510071039199829,
      "mid_to_side_loudness_range": 7.520059585571289,
      "side_mean": -19.224525451660156
    },
    {
      "high_freq": 1457.5709228515625,
      "loudness": -17.822479248046875,
      "loudness_range": 11.229564666748047,
      "low_freq": 794.6976318359375,
      "mid_mean": -15.35362434387207,
      "mid_to_side_loudness": -4.662998199462891,
      "mid_to_side_loudness_range": 8.315424919128418,
      "side_mean": -20.35271644592285
    },
    {
      "high_freq": 2549.74365234375,
      "loudness": -21.761825561523438,
      "loudness_range": 10.54561710357666,
      "low_freq": 1457.5709228515625,
      "mid_mean": -19.290639877319336,
      "mid_to_side_loudness": -5.37153434753418,
      "mid_to_side_loudness_range": 8.723856925964355,
      "side_mean": -24.7896785736084
    },
    {
      "high_freq": 4349.24462890625,
      "loudness": -23.69131851196289,
      "loudness_range": 9.041618347167969,
      "low_freq": 2549.74365234375,
      "mid_mean": -21.236892700195312,
      "mid_to_side_loudness": -5.02091646194458,
      "mid_to_side_loudness_range": 6.623653411865234,
      "side_mean": -26.44487190246582
    },
    {
      "high_freq": 7314.1640625,
      "loudness": -24.63766860961914,
      "loudness_range": 6.846036911010742,
      "low_freq": 4349.24462890625,
      "mid_mean": -22.607839584350586,
      "mid_to_side_loudness": -3.4305922985076904,
      "mid_to_side_loudness_range": 5.623491287231445,
      "side_mean": -26.18528175354004
    },
    {
      "high_freq": 12199.2666015625,
      "loudness": -22.377437591552734,
      "loudness_range": 8.91905403137207,
      "low_freq": 7314.1640625,
      "mid_mean": -21.638731002807617,
      "mid_to_side_loudness": -0.7554054260253906,
      "mid_to_side_loudness_range": 8.98943042755127,
      "side_mean": -22.312833786010742
    },
    {
      "loudness": -25.272655487060547,
      "loudness_range": 9.374137878417969,
      "low_freq": 12199.2666015625,
      "mid_mean": -23.850418090820312,
      "mid_to_side_loudness": -1.889029860496521,
      "mid_to_side_loudness_range": 7.602051258087158,
      "side_mean": -25.960073471069336
    }
  ],
  "bands_short": [
    {
      "high_freq": 148.1999969482422,
      "loudness": -21.18146514892578,
      "loudness_range": 18.41541290283203,
      "mid_mean": -17.912202835083008,
      "mid_to_side_loudness": -13.826891899108887,
      "mid_to_side_loudness_range": 29.12474822998047,
      "side_mean": -34.134429931640625
    },
    {
      "high_freq": 392.3793640136719,
      "loudness": -18.41594123840332,
      "loudness_range": 12.10479736328125,
      "low_freq": 148.1999969482422,
      "mid_mean": -15.770397186279297,
      "mid_to_side_loudness": -6.104447841644287,
      "mid_to_side_loudness_range": 15.579182624816895,
      "side_mean": -22.611759185791016
    },
    {
      "high_freq": 794.6976318359375,
      "loudness": -18.458667755126953,
      "loudness_range": 11.765219688415527,
      "low_freq": 392.3793640136719,
      "mid_mean": -16.55643081665039,
      "mid_to_side_loudness": -3.3380157947540283,
      "mid_to_side_loudness_range": 10.000932693481445,
      "side_mean": -20.126144409179688
    },
    {
      "high_freq": 1457.5709228515625,
      "loudness": -18.53889274597168,
      "loudness_range": 16.371807098388672,
      "low_freq": 794.6976318359375,
      "mid_mean": -16.344661712646484,
      "mid_to_side_loudness": -4.367029190063477,
      "mid_to_side_loudness_range": 10.746404647827148,
      "side_mean": -20.962566375732422
    },
    {
      "high_freq": 2549.74365234375,
      "loudness": -23.09474754333496,
      "loudness_range": 16.510150909423828,
      "low_freq": 1457.5709228515625,
      "mid_mean": -20.93534278869629,
      "mid_to_side_loudness": -4.7859416007995605,
      "mid_to_side_loudness_range": 11.225423812866211,
      "side_mean": -25.796228408813477
    },
    {
      "high_freq": 4349.24462890625,
      "loudness": -25.167394638061523,
      "loudness_range": 15.694782257080078,
      "low_freq": 2549.74365234375,
      "mid_mean": -22.85350799560547,
      "mid_to_side_loudness": -4.886340618133545,
      "mid_to_side_loudness_range": 8.865830421447754,
      "side_mean": -27.93252944946289
    },
    {
      "high_freq": 7314.1640625,
      "loudness": -26.839244842529297,
      "loudness_range": 16.973236083984375,
      "low_freq": 4349.24462890625,
      "mid_mean": -24.70301055908203,
      "mid_to_side_loudness": -4.122628211975098,
      "mid_to_side_loudness_range": 8.42920970916748,
      "side_mean": -29.036775588989258
    },
    {
      "high_freq": 12199.2666015625,
      "loudness": -25.959186553955078,
      "loudness_range": 21.16083526611328,
      "low_freq": 7314.1640625,
      "mid_mean": -24.531761169433594,
      "mid_to_side_loudness": -2.5279133319854736,
      "mid_to_side_loudness_range": 11.269439697265625,
      "side_mean": -27.06391716003418
    },
    {
      "loudness": -28.298049926757812,
      "loudness_range": 19.724340438842773,
      "low_freq": 12199.2666015625,
      "mid_mean": -26.547279357910156,
      "mid_to_side_loudness": -3.3480052947998047,
      "mid_to_side_loudness_range": 10.904383659362793,
      "side_mean": -30.107139587402344
    }
  ],
  "channels": 2,
  "covariance": [
    [
      24.385408401489258,
      1.629576563835144,
      8.822157859802246,
      3.5897202491760254,
      1.8758583068847656,
      2.565962314605713,
      0.9020313620567322,
      0.6992074847221375,
      2.9577925205230713,
      1.954128623008728,
      3.352424144744873,
      3.870027780532837,
      5.643897533416748,
      6.777957916259766,
      5.842733860015869,
      8.72442626953125,
      4.273453712463379,
      6.953431129455566
    ],
    [
      1.629576563835144,
      28.5518798828125,
      6.137144565582275,
      9.40709400177002,
      5.115231990814209,
      6.915183067321777,
      3.4406068325042725,
      5.447656154632568,
      5.450985908508301,
      5.445220470428467,
      6.52797794342041,
      6.266634464263916,
      6.086323261260986,
      6.1337738037109375,
      5.575250625610352,
      6.490882396697998,
      5.1064772605896,
      7.976582050323486
    ],
    [
      8.822157859802246,
      6.137144565582275,
      19.420373916625977,
      10.809748649597168,
      9.660882949829102,
      7.5031304359436035,
      7.187768459320068,
      4.9817423820495605,
      6.786252021789551,
      3.851801872253418,
      7.831300258636475,
      6.047085285186768,
      10.851319313049316,
      9.528392791748047,
      10.091655731201172,
      11.570161819458008,
      11.061842918395996,
      12.054506301879883
    ],
    [
      3.5897202491760254,
      9.40709400177002,
      10.809748649597168,
      16.825702667236328,
      6.886533260345459,
      8.622806549072266,
      4.117025375366211,
      6.388032913208008,
      5.674108028411865,
      5.904748439788818,
      6.657397747039795,
      7.204817295074463,
      7.343268871307373,
      8.184178352355957,
      7.535417556762695,
      9.489838600158691,
      6.450126647949219,
      9.625872611999512
    ],
    [
      1.8758583068847656,
      5.115231990814209,
      9.660882949829102,
      6.886533260345459,
      19.395503997802734,
      13.98666763305664,
      14.129204750061035,
      12.570696830749512,
      12.030200958251953,
      8.15283203125,
      12.769762992858887,
      9.402584075927734,
      11.469085693359375,
      8.582192420959473,
      8.50405216217041,
      8.600536346435547,
      10.307708740234375,
      10.084562301635742
    ],
    [
      2.565962314605713,
      6.915183067321777,
      7.5031304359436035,
      8.622806549072266,
      13.98666763305664,
      16.936811447143555,
      10.014368057250977,
      13.088685035705566,
      10.333250045776367,
      9.197365760803223,
      11.755904197692871,
      10.005845069885254,
      9.933693885803223,
      9.459787368774414,
      8.459100723266602,
      8.968106269836426,
      7.542708396911621,
      9.601249694824219
    ],
    [
      0.9020313620567322,
      3.4406068325042725,
      7.187768459320068,
      4.117025375366211,
      14.129204750061035,
      10.014368057250977,
      24.466711044311523,
      15.83168888092041,
      14.824100494384766,
      8.530754089355469,
      9.155793190002441,
      6.558230400085449,
      9.632308959960938,
      6.62887716293335,
      6.499135494232178,
      7.035896301269531,
      9.91585922241211,
      9.136387825012207
    ],
    [
      0.6992074847221375,
      5.447656154632568,
      4.9817423820495605,
      6.388032913208008,
      12.570696830749512,
      13.088685035705566,
      15.83168888092041,
      18.754587173461914,
      13.025853157043457,
      11.390199661254883,
      10.277151107788086,
      9.443785667419434,
      9.001364707946777,
      8.682337760925293,
      8.01049518585205,
      8.317243576049805,
      7.199554443359375,
      9.129444122314453
    ],
    [
      2.9577925205230713,
      5.450985908508301,
      6.786252021789551,
      5.674108028411865,
      12.030200958251953,
      10.333250045776367,
      14.824100494384766,
      13.025853157043457,
      25.708873748779297,
      15.048836708068848,
      14.226569175720215,
      10.588066101074219,
      11.58198356628418,
      10.102474212646484,
      10.859200477600098,
      9.208399772644043,
      10.352583885192871,
      10.399260520935059
    ],
    [
      1.954128623008728,
      5.445220470428467,
      3.851801872253418,
      5.904748439788818,
      8.15283203125,
      9.197365760803223,
      8.530754089355469,
      11.390199661254883,
      15.048836708068848,
      14.323500633239746,
      9.885175704956055,
      10.772829055786133,
      8.204412460327148,
      8.960631370544434,
      7.316932201385498,
      6.986049652099609,
      5.603658676147461,
      7.438612937927246
    ],
    [
      3.352424144744873,
      6.52797794342041,
      7.831300258636475,
      6.657397747039795,
      12.769762992858887,
      11.755904197692871,
      9.155793190002441,
      10.277151107788086,
      14.226569175720215,
      9.885175704956055,
      19.034053802490234,
      13.775208473205566,
      13.491251945495605,
      11.42263412475586,
      11.889493942260742,
      9.767647743225098,
      9.947113990783691,
      10.244050979614258
    ],
    [
      3.870027780532837,
      6.266634464263916,
      6.047085285186768,
      7.204817295074463,
      9.402584075927734,
      10.005845069885254,
      6.558230400085449,
      9.443785667419434,
      10.588066101074219,
      10.772829055786133,
      13.775208473205566,
      15.158382415771484,
      10.718700408935547,
      11.624016761779785,
      10.000288009643555,
      9.575474739074707,
      7.22027063369751,
      8.976340293884277
    ],
    [
      5.643897533416748,
      6.086323261260986,
      10.851319313049316,
      7.343268871307373,
      11.469085693359375,
      9.933693885803223,
      9.632308959960938,
      9.001364707946777,
      11.58198356628418,
      8.204412460327148,
      13.491251945495605,
      10.718700408935547,
      16.031082153320312,
      12.629343032836914,
      12.996108055114746,
      12.204816818237305,
      11.977474212646484,
      12.989470481872559
    ],
    [
      6.777957916259766,
      6.1337738037109375,
      9.528392791748047,
      8.184178352355957,
      8.582192420959473,
      9.459787368774414,
      6.62887716293335,
      8.682337760925293,
      10.102474212646484,
      8.960631370544434,
      11.42263412475586,
      11.624016761779785,
      12.629343032836914,
      15.455267906188965,
      13.155985832214355,
      16.75469398498535,
      11.054779052734375,
      15.727761268615723
    ],
    [
      5.842733860015869,
      5.575250625610352,
      10.091655731201172,
      7.535417556762695,
      8.50405216217041,
      8.459100723266602,
      6.499135494232178,
      8.01049518585205,
      10.859200477600098,
      7.316932201385498,
      11.889493942260742,
      10.000288009643555,
      12.996108055114746,
      13.155985832214355,
      17.853675842285156,
      15.029314041137695,
      13.02722454071045,
      14.223291397094727
    ],
    [
      8.72442626953125,
      6.490882396697998,
      11.570161819458008,
      9.489838600158691,
      8.600536346435547,
      8.968106269836426,
      7.035896301269531,
      8.317243576049805,
      9.208399772644043,
      6.986049652099609,
      9.767647743225098,
      9.575474739074707,
      12.204816818237305,
      16.75469398498535,
      15.029314041137695,
      24.599916458129883,
      14.635848045349121,
      22.38544464111328
    ],
    [
      4.273453712463379,
      5.1064772605896,
      11.061842918395996,
      6.450126647949219,
      10.307708740234375,
      7.542708396911621,
      9.91585922241211,
      7.199554443359375,
      10.352583885192871,
      5.603658676147461,
      9.947113990783691,
      7.22027063369751,
      11.977474212646484,
      11.054779052734375,
      13.02722454071045,
      14.635848045349121,
      20.654199600219727,
      16.5909423828125
    ],
    [
      6.953431129455566,
      7.976582050323486,
      12.054506301879883,
      9.625872611999512,
      10.084562301635742,
      9.601249694824219,
      9.136387825012207,
      9.129444122314453,
      10.399260520935059,
      7.438612937927246,
      10.244050979614258,
      8.976340293884277,
      12.989470481872559,
      15.727761268615723,
      14.223291397094727,
      22.38544464111328,
      16.5909423828125,
      24.60972023010254
    ]
  ],
  "covariance_short": [
    [
      49.9350471496582,
      5.500353813171387,
      11.833919525146484,
      1.524873971939087,
      -2.2792789936065674,
      -0.5849575400352478,
      -2.4197494983673096,
      -1.9587974548339844,
      -1.1982946395874023,
      -0.05174456909298897,
      -1.6462923288345337,
      -0.48440900444984436,
      0.1359686404466629,
      2.9350955486297607,
      2.448014259338379,
      4.303116798400879,
      0.4492435157299042,
      4.2025275230407715
    ],
    [
      5.500353813171387,
      43.9412841796875,
      8.652503967285156,
      14.684710502624512,
      5.734005928039551,
      8.0819673538208,
      3.5568764209747314,
      5.732746124267578,
      6.788540840148926,
      7.698367595672607,
      7.362492084503174,
      8.804960250854492,
      7.921891212463379,
      9.624935150146484,
      8.144436836242676,
      10.962635040283203,
      8.156244277954102,
      11.928962707519531
    ],
    [
      11.833919525146484,
      8.652503967285156,
      29.798921585083008,
      12.752758026123047,
      10.734577178955078,
      8.248558044433594,
      9.529525756835938,
      7.4157257080078125,
      9.666213989257812,
      6.022878170013428,
      10.236490249633789,
      7.827997207641602,
      12.346135139465332,
      11.600325584411621,
      14.153532981872559,
      15.340970039367676,
      14.159344673156738,
      15.75379753112793
    ],
    [
      1.524873971939087,
      14.684710502624512,
      12.752758026123047,
      27.599315643310547,
      11.562274932861328,
      13.799921989440918,
      8.750838279724121,
      10.48471450805664,
      9.254993438720703,
      9.600829124450684,
      9.426920890808105,
      10.463602066040039,
      9.592680931091309,
      10.991654396057129,
      10.119315147399902,
      12.651936531066895,
      9.802774429321289,
      13.113469123840332
    ],
    [
      -2.2792789936065674,
      5.734005928039551,
      10.734577178955078,
      11.562274932861328,
      30.15672492980957,
      21.1820125579834,
      21.820390701293945,
      19.157535552978516,
      17.040781021118164,
      12.803656578063965,
      18.339807510375977,
      14.470907211303711,
      15.392502784729004,
      12.887533187866211,
      12.3366060256958,
      13.135246276855469,
      16.042354583740234,
      15.602744102478027
    ],
    [
      -0.5849575400352478,
      8.0819673538208,
      8.248558044433594,
      13.799921989440918,
      21.1820125579834,
      27.302663803100586,
      17.23944664001465,
      19.254711151123047,
      13.466862678527832,
      12.927079200744629,
      15.070194244384766,
      13.596656799316406,
      12.127613067626953,
      11.441540718078613,
      10.367774963378906,
      11.93703556060791,
      12.430845260620117,
      14.155802726745605
    ],
    [
      -2.4197494983673096,
      3.5568764209747314,
      9.529525756835938,
      8.750838279724121,
      21.820390701293945,
      17.23944664001465,
      41.166099548339844,
      27.05370330810547,
      26.87884521484375,
      16.954153060913086,
      19.66033363342285,
      15.034637451171875,
      18.15744400024414,
      15.188114166259766,
      14.389472007751465,
      16.095426559448242,
      18.492734909057617,
      18.207237243652344
    ],
    [
      -1.9587974548339844,
      5.732746124267578,
      7.4157257080078125,
      10.48471450805664,
      19.157535552978516,
      19.254711151123047,
      27.05370330810547,
      29.74336814880371,
      20.184865951538086,
      17.869544982910156,
      16.53491973876953,
      15.719415664672852,
      15.099525451660156,
      14.702047348022461,
      13.158262252807617,
      15.58057689666748,
      15.256258964538574,
      17.512788772583008
    ],
    [
      -1.1982946395874023,
      6.788540840148926,
      9.666213989257812,
      9.254993438720703,
      17.040781021118164,
      13.466862678527832,
      26.87884521484375,
      20.184865951538086,
      42.89531326293945,
      25.159687042236328,
      25.971670150756836,
      20.061866760253906,
      23.126907348632812,
      21.1411190032959,
      22.829952239990234,
      23.362937927246094,
      25.82953453063965,
      24.98073959350586
    ],
    [
      -0.05174456909298897,
      7.698367595672607,
      6.022878170013428,
      9.600829124450684,
      12.803656578063965,
      12.927079200744629,
      16.954153060913086,
      17.869544982910156,
      25.159687042236328,
      24.233266830444336,
      18.422096252441406,
      19.223276138305664,
      16.73526382446289,
      18.95458984375,
      16.91941261291504,
      20.080732345581055,
      16.821264266967773,
      20.18456268310547
    ],
    [
      -1.6462923288345337,
      7.362492084503174,
      10.236490249633789,
      9.426920890808105,
      18.339807510375977,
      15.070194244384766,
      19.66033363342285,
      16.53491973876953,
      25.971670150756836,
      18.422096252441406,
      35.8422737121582,
      26.53944969177246,
      28.925302505493164,
      26.03584098815918,
      25.831645965576172,
      26.82440948486328,
      25.149547576904297,
      26.857465744018555
    ],
    [
      -0.48440900444984436,
      8.804960250854492,
      7.827997207641602,
      10.463602066040039,
      14.470907211303711,
      13.596656799316406,
      15.034637451171875,
      15.719415664672852,
      20.061866760253906,
      19.223276138305664,
      26.53944969177246,
      29.18430519104004,
      23.722333908081055,
      27.459850311279297,
      23.090845108032227,
      27.83673858642578,
      20.16145896911621,
      25.903242111206055
    ],
    [
      0.1359686404466629,
      7.921891212463379,
      12.346135139465332,
      9.592680931091309,
      15.392502784729004,
      12.127613067626953,
      18.15744400024414,
      15.099525451660156,
      23.126907348632812,
      16.73526382446289,
      28.925302505493164,
      23.722333908081055,
      35.71748352050781,
      31.422706604003906,
      32.10802459716797,
      34.30322265625,
      30.49744415283203,
      33.11750030517578
    ],
    [
      2.9350955486297607,
      9.624935150146484,
      11.600325584411621,
      10.991654396057129,
      12.887533187866211,
      11.441540718078613,
      15.188114166259766,
      14.702047348022461,
      21.1411190032959,
      18.95458984375,
      26.03584098815918,
      27.459850311279297,
      31.422706604003906,
      38.67491149902344,
      33.51618957519531,
      43.06847381591797,
      28.701698303222656,
      39.5123176574707
    ],
    [
      2.448014259338379,
      8.144436836242676,
      14.153532981872559,
      10.119315147399902,
      12.3366060256958,
      10.367774963378906,
      14.389472007751465,
      13.158262252807617,
      22.829952239990234,
      16.91941261291504,
      25.831645965576172,
      23.090845108032227,
      32.10802459716797,
      33.51618957519531,
      42.74017333984375,
      44.87822723388672,
      36.148101806640625,
      41.598899841308594
    ],
    [
      4.303116798400879,
      10.962635040283203,
      15.340970039367676,
      12.651936531066895,
      13.135246276855469,
      11.93703556060791,
      16.095426559448242,
      15.58057689666748,
      23.362937927246094,
      20.080732345581055,
      26.82440948486328,
      27.83673858642578,
      34.30322265625,
      43.06847381591797,
      44.87822723388672,
      61.5001220703125,
      38.11262512207031,
      55.33905029296875
    ],
    [
      0.4492435157299042,
      8.156244277954102,
      14.159344673156738,
      9.802774429321289,
      16.042354583740234,
      12.430845260620117,
      18.492734909057617,
      15.256258964538574,
      25.82953453063965,
      16.821264266967773,
      25.149547576904297,
      20.16145896911621,
      30.49744415283203,
      28.701698303222656,
      36.148101806640625,
      38.11262512207031,
      46.18134689331055,
      42.23008728027344
    ],
    [
      4.2025275230407715,
      11.928962707519531,
      15.75379753112793,
      13.113469123840332,
      15.602744102478027,
      14.155802726745605,
      18.207237243652344,
      17.512788772583008,
      24.98073959350586,
      20.18456268310547,
      26.857465744018555,
      25.903242111206055,
      33.11750030517578,
      39.5123176574707,
      41.598899841308594,
      55.33905029296875,
      42.23008728027344,
      57.0009765625
    ]
  ],
  "drr": 11.261311531066895,
  "dynamics": 1.8451224565505981,
  "format": 1245190,
  "frames": 12959744,
  "loudness": -6.261743545532227,
  "loudness_range": 4.295004844665527,
  "loudness_range_short": 7.302633762359619,
  "peak": 2.288062810897827,
  "rms": -9.036356925964355,
  "sample_rate": 44100,
  "sections": 1,
  "seekable": 1,
  "sharpness": 2.284055709838867,
  "space": -5.7659077644348145
}