{
  "bands": [
    {
      "high_freq": 148.1999969482422,
      "loudness": -18.977930068969727,
      "loudness_range": 12.791364669799805,
      "mid_mean": -15.298956871032715,
      "mid_to_side_loudness": -26.475475311279297,
      "mid_to_side_loudness_range": 22.435001373291016,
      "side_mean": -41.63698196411133
    },
    {
      "high_freq": 392.3793640136719,
      "loudness": -21.365802764892578,
      "loudness_range": 9.10333251953125,
      "low_freq": 148.1999969482422,
      "mid_mean": -18.02253532409668,
      "mid_to_side_loudness": -13.268884658813477,
      "mid_to_side_loudness_range": 14.674488067626953,
      "side_mean": -31.058134078979492
    },
    {
      "high_freq": 794.6976318359375,
      "loudness": -28.094070434570312,
      "loudness_range": 14.22745132446289,
      "low_freq": 392.3793640136719,
      "mid_mean": -25.278343200683594,
      "mid_to_side_loudness": -9.619807243347168,
      "mid_to_side_loudness_range": 16.004562377929688,
      "side_mean": -33.78498840332031
    },
    {
      "high_freq": 1457.5709228515625,
      "loudness": -30.393590927124023,
      "loudness_range": 17.647798538208008,
      "low_freq": 794.6976318359375,
      "mid_mean": -27.701147079467773,
      "mid_to_side_loudness": -8.692103385925293,
      "mid_to_side_loudness_range": 16.422298431396484,
      "side_mean": -35.448360443115234
    },
    {
      "high_freq": 2549.74365234375,
      "loudness": -31.901371002197266,
      "loudness_range": 18.57569122314453,
      "low_freq": 1457.5709228515625,
      "mid_mean": -29.026212692260742,
      "mid_to_side_loudness": -9.920928955078125,
      "mid_to_side_loudness_range": 17.615795135498047,
      "side_mean": -38.46829605102539
    },
    {
      "high_freq": 4349.24462890625,
      "loudness": -32.05085754394531,
      "loudness_range": 19.484182357788086,
      "low_freq": 2549.74365234375,
      "mid_mean": -28.98813247680664,
      "mid_to_side_loudness": -12.190983772277832,
      "mid_to_side_loudness_range": 20.806291580200195,
      "side_mean": -41.177425384521484
    },
    {
      "high_freq": 7314.1640625,
      "loudness": -35.82722473144531,
      "loudness_range": 17.59076499938965,
      "low_freq": 4349.24462890625,
      "mid_mean": -32.57752227783203,
      "mid_to_side_loudness": -12.61600112915039,
      "mid_to_side_loudness_range": 15.419093132019043,
      "side_mean": -45.13306427001953
    },
    {
      "high_freq": 12199.2666015625,
      "loudness": -36.712459564208984,
      "loudness_range": 16.925090789794922,
      "low_freq": 7314.1640625,
      "mid_mean": -33.50211715698242,
      "mid_to_side_loudness": -12.594571113586426,
      "mid_to_side_loudness_range": 15.619136810302734,
      "side_mean": -46.493682861328125
    },
    {
      "loudness": -42.291351318359375,
      "loudness_range": 17.528160095214844,
      "low_freq": 12199.2666015625,
      "mid_mean": -39.44015121459961,
      "mid_to_side_loudness": -8.031875610351562,
      "mid_to_side_loudness_range": 11.822232246398926,
      "side_mean": -48.65830993652344
    }
  ],
  "bands_short": [
    {
      "high_freq": 148.1999969482422,
      "loudness": -23.410858154296875,
      "loudness_range": 23.000877380371094,
      "mid_mean": -19.76448631286621,
      "mid_to_side_loudness": -25.992168426513672,
      "mid_to_side_loudness_range": 26.707176208496094,
      "side_mean": -46.181541442871094
    },
    {
      "high_freq": 392.3793640136719,
      "loudness": -21.704898834228516,
      "loudness_range": 16.45684814453125,
      "low_freq": 148.1999969482422,
      "mid_mean": -18.35321044921875,
      "mid_to_side_loudness": -14.652031898498535,
      "mid_to_side_loudness_range": 18.2767333984375,
      "side_mean": -32.879859924316406
    },
    {
      "high_freq": 794.6976318359375,
      "loudness": -29.00876808166504,
      "loudness_range": 20.099836349487305,
      "low_freq": 392.3793640136719,
      "mid_mean": -26.273067474365234,
      "mid_to_side_loudness": -10.202336311340332,
      "mid_to_side_loudness_range": 19.246570587158203,
      "side_mean": -35.59033203125
    },
    {
      "high_freq": 1457.5709228515625,
      "loudness": -31.94664764404297,
      "loudness_range": 22.475505828857422,
      "low_freq": 794.6976318359375,
      "mid_mean": -29.553251266479492,
      "mid_to_side_loudness": -8.016512870788574,
      "mid_to_side_loudness_range": 18.967924118041992,
      "side_mean": -36.71134948730469
    },
    {
      "high_freq": 2549.74365234375,
      "loudness": -33.869590759277344,
      "loudness_range": 22.47171974182129,
      "low_freq": 1457.5709228515625,
      "mid_mean": -31.315044403076172,
      "mid_to_side_loudness": -8.955474853515625,
      "mid_to_side_loudness_range": 19.64729118347168,
      "side_mean": -39.63283920288086
    },
    {
      "high_freq": 4349.24462890625,
      "loudness": -33.735435485839844,
      "loudness_range": 23.33864974975586,
      "low_freq": 2549.74365234375,
      "mid_mean": -30.880830764770508,
      "mid_to_side_loudness": -11.519943237304688,
      "mid_to_side_loudness_range": 22.856555938720703,
      "side_mean": -42.53412628173828
    },
    {
      "high_freq": 7314.1640625,
      "loudness": -38.10756301879883,
      "loudness_range": 23.993038177490234,
      "low_freq": 4349.24462890625,
      "mid_mean": -35.09503936767578,
      "mid_to_side_loudness": -11.937389373779297,
      "mid_to_side_loudness_range": 19.27134132385254,
      "side_mean": -47.29716110229492
    },
    {
      "high_freq": 12199.2666015625,
      "loudness": -38.84931564331055,
      "loudness_range": 23.36334991455078,
      "low_freq": 7314.1640625,
      "mid_mean": -35.870182037353516,
      "mid_to_side_loudness": -12.46848201751709,
      "mid_to_side_loudness_range": 18.785348892211914,
      "side_mean": -50.33546829223633
    },
    {
      "loudness": -45.086326599121094,
      "loudness_range": 24.390840530395508,
      "low_freq": 12199.2666015625,
      "mid_mean": -42.64224624633789,
      "mid_to_side_loudness": -7.531195163726807,
      "mid_to_side_loudness_range": 13.271223068237305,
      "side_mean": -51.68376159667969
    }
  ],
  "channels": 2,
  "covariance": [
    [
      25.405670166015625,
      7.654934883117676,
      10.817985534667969,
      3.972236156463623,
      6.236879348754883,
      2.103466033935547,
      4.869116306304932,
      5.91159725189209,
      2.4821717739105225,
      4.2140212059021,
      3.4339072704315186,
      7.086680889129639,
      4.440807342529297,
      7.004138946533203,
      1.9513201713562012,
      5.88230562210083,
      1.4036873579025269,
      7.326511859893799
    ],
    [
      7.654934883117676,
      42.08491134643555,
      7.714709758758545,
      13.00977897644043,
      6.535869121551514,
      9.700098991394043,
      6.316495418548584,
      9.137417793273926,
      7.922309875488281,
      11.412529945373535,
      6.911215305328369,
      18.24395179748535,
      5.705502510070801,
      12.23257827758789,
      3.2704975605010986,
      10.773624420166016,
      6.864823818206787,
      11.147566795349121
    ],
    [
      10.817985534667969,
      7.714709758758545,
      14.146477699279785,
      11.106050491333008,
      11.12041187286377,
      6.750100612640381,
      8.689066886901855,
      8.272483825683594,
      9.686155319213867,
      8.99988842010498,
      10.102981567382812,
      11.868667602539062,
      9.769895553588867,
      10.192526817321777,
      6.8869500160217285,
      8.296405792236328,
      5.877321720123291,
      12.083487510681152
    ],
    [
      3.972236156463623,
      13.00977897644043,
      11.106050491333008,
      35.10012435913086,
      15.860586166381836,
      23.10504150390625,
      15.238396644592285,
      20.71039581298828,
      18.85736656188965,
      25.39324378967285,
      17.905426025390625,
      31.782249450683594,
      12.643260955810547,
      21.554758071899414,
      11.334732055664062,
      19.094768524169922,
      11.704154014587402,
      19.526479721069336
    ],
    [
      6.236879348754883,
      6.535869121551514,
      11.12041187286377,
      15.860586166381836,
      31.69114875793457,
      20.232295989990234,
      24.556350708007812,
      18.231266021728516,
      24.688053131103516,
      22.76700210571289,
      21.906652450561523,
      22.475244522094727,
      18.522064208984375,
      19.193199157714844,
      16.589351654052734,
      16.648502349853516,
      14.655217170715332,
      23.748310089111328
    ],
    [
      2.103466033935547,
      9.700098991394043,
      6.750100612640381,
      23.10504150390625,
      20.232295989990234,
      50.71846389770508,
      19.145334243774414,
      37.65972900390625,
      16.094532012939453,
      36.95836639404297,
      11.750767707824707,
      30.601909637451172,
      6.729663848876953,
      18.137826919555664,
      9.369705200195312,
      20.4019832611084,
      10.152641296386719,
      18.73280143737793
    ],
    [
      4.869116306304932,
      6.316495418548584,
      8.689066886901855,
      15.238396644592285,
      24.556350708007812,
      19.145334243774414,
      40.921104431152344,
      24.659679412841797,
      30.917098999023438,
      23.951892852783203,
      27.577157974243164,
      26.026020050048828,
      19.553552627563477,
      20.998014450073242,
      17.197813034057617,
      18.928340911865234,
      14.686327934265137,
      24.74781608581543
    ],
    [
      5.91159725189209,
      9.137417793273926,
      8.272483825683594,
      20.71039581298828,
      18.231266021728516,
      37.65972900390625,
      24.659679412841797,
      54.667564392089844,
      15.979877471923828,
      35.849205017089844,
      12.723416328430176,
      30.79428482055664,
      7.502318859100342,
      17.19297981262207,
      8.322535514831543,
      18.819379806518555,
      7.96225118637085,
      18.40207290649414
    ],
    [
      2.4821717739105225,
      7.922309875488281,
      9.686155319213867,
      18.85736656188965,
      24.688053131103516,
      16.094532012939453,
      30.917098999023438,
      15.979877471923828,
      49.55066680908203,
      27.947423934936523,
      43.29396438598633,
      36.062904357910156,
      30.515422821044922,
      28.54331398010254,
      24.94234275817871,
      23.361860275268555,
      20.72460174560547,
      30.727787017822266
    ],
    [
      4.2140212059021,
      11.412529945373535,
      8.99988842010498,
      25.39324378967285,
      22.76700210571289,
      36.95836639404297,
      23.951892852783203,
      35.849205017089844,
      27.947423934936523,
      54.41851806640625,
      23.20937728881836,
      50.5151481628418,
      16.267597198486328,
      31.93436050415039,
      13.377097129821777,
      25.895692825317383,
      12.540738105773926,
      26.64053726196289
    ],
    [
      3.4339072704315186,
      6.911215305328369,
      10.102981567382812,
      17.905426025390625,
      21.906652450561523,
      11.750767707824707,
      27.577157974243164,
      12.723416328430176,
      43.29396438598633,
      23.20937728881836,
      50.24756622314453,
      36.95517349243164,
      34.71065139770508,
      30.726348876953125,
      28.77931022644043,
      25.979572296142578,
      23.33895492553711,
      32.64113998413086
    ],
    [
      7.086680889129639,
      18.24395179748535,
      11.868667602539062,
      31.782249450683594,
      22.475244522094727,
      30.601909637451172,
      26.026020050048828,
      30.79428482055664,
      36.062904357910156,
      50.5151481628418,
      36.95517349243164,
      79.14984893798828,
      26.231882095336914,
      49.865142822265625,
      19.7589168548584,
      37.99171447753906,
      17.31514549255371,
      35.97092819213867
    ],
    [
      4.440807342529297,
      5.705502510070801,
      9.769895553588867,
      12.643260955810547,
      18.522064208984375,
      6.729663848876953,
      19.553552627563477,
      7.502318859100342,
      30.515422821044922,
      16.267597198486328,
      34.71065139770508,
      26.231882095336914,
      42.643497467041016,
      31.54863739013672,
      31.92540168762207,
      27.620637893676758,
      27.124361038208008,
      34.61235427856445
    ],
    [
      7.004138946533203,
      12.23257827758789,
      10.192526817321777,
      21.554758071899414,
      19.193199157714844,
      18.137826919555664,
      20.998014450073242,
      17.19297981262207,
      28.54331398010254,
      31.93436050415039,
      30.726348876953125,
      49.865142822265625,
      31.54863739013672,
      48.0509033203125,
      23.87860107421875,
      37.42878341674805,
      21.34739112854004,
      37.56959915161133
    ],
    [
      1.9513201713562012,
      3.2704975605010986,
      6.8869500160217285,
      11.334732055664062,
      16.589351654052734,
      9.369705200195312,
      17.197813034057617,
      8.322535514831543,
      24.94234275817871,
      13.377097129821777,
      28.77931022644043,
      19.7589168548584,
      31.92540168762207,
      23.87860107421875,
      37.87328338623047,
      30.7799072265625,
      33.93499755859375,
      32.97076416015625
    ],
    [
      5.88230562210083,
      10.773624420166016,
      8.296405792236328,
      19.094768524169922,
      16.648502349853516,
      20.4019832611084,
      18.928340911865234,
      18.819379806518555,
      23.361860275268555,
      25.895692825317383,
      25.979572296142578,
      37.99171447753906,
      27.620637893676758,
      37.42878341674805,
      30.7799072265625,
      50.04222106933594,
      30.309537887573242,
      42.585784912109375
    ],
    [
      1.4036873579025269,
      6.864823818206787,
      5.877321720123291,
      11.704154014587402,
      14.655217170715332,
      10.152641296386719,
      14.686327934265137,
      7.96225118637085,
      20.72460174560547,
      12.540738105773926,
      23.33895492553711,
      17.31514549255371,
      27.124361038208008,
      21.34739112854004,
      33.93499755859375,
      30.309537887573242,
      39.91334533691406,
      33.49070739746094
    ],
    [
      7.326511859893799,
      11.147566795349121,
      12.083487510681152,
      19.526479721069336,
      23.748310089111328,
      18.73280143737793,
      24.74781608581543,
      18.40207290649414,
      30.727787017822266,
      26.64053726196289,
      32.64113998413086,
      35.97092819213867,
      34.61235427856445,
      37.56959915161133,
      32.97076416015625,
      42.585784912109375,
      33.49070739746094,
      53.2281494140625
    ]
  ],
  "covariance_short": [
    [
      58.01258087158203,
      19.377918243408203,
      22.77570343017578,
      13.45398998260498,
      10.580917358398438,
      12.59341049194336,
      10.123761177062988,
      10.760498046875,
      9.102916717529297,
      14.245661735534668,
      9.518410682678223,
      16.971872329711914,
      13.13734245300293,
      16.370349884033203,
      7.771259784698486,
      16.681915283203125,
      8.009861946105957,
      13.69483470916748
    ],
    [
      19.377918243408203,
      57.607906341552734,
      14.818697929382324,
      24.913379669189453,
      11.207237243652344,
      16.730798721313477,
      10.837594985961914,
      14.316535949707031,
      12.153648376464844,
      16.894535064697266,
      10.839076042175293,
      23.14716148376465,
      10.954038619995117,
      18.835140228271484,
      7.778791904449463,
      20.69133949279785,
      10.31700325012207,
      17.108644485473633
    ],
    [
      22.77570343017578,
      14.818697929382324,
      34.792850494384766,
      20.077539443969727,
      17.867021560668945,
      15.700193405151367,
      16.769746780395508,
      13.231986999511719,
      13.46309757232666,
      13.14293384552002,
      13.475537300109863,
      15.457962036132812,
      15.192471504211426,
      16.166994094848633,
      13.528441429138184,
      21.074506759643555,
      15.134270668029785,
      18.739990234375
    ],
    [
      13.45398998260498,
      24.913379669189453,
      20.077539443969727,
      50.26063919067383,
      18.771697998046875,
      35.02667236328125,
      19.881710052490234,
      27.359027862548828,
      17.619827270507812,
      27.164308547973633,
      15.64636516571045,
      30.606279373168945,
      14.744670867919922,
      24.558032989501953,
      12.739283561706543,
      29.986473083496094,
      15.344995498657227,
      23.875944137573242
    ],
    [
      10.580917358398438,
      11.207237243652344,
      17.867021560668945,
      18.771697998046875,
      51.864532470703125,
      34.57198715209961,
      34.939170837402344,
      25.029132843017578,
      33.150428771972656,
      26.994874954223633,
      26.22992515563965,
      24.350919723510742,
      18.53030014038086,
      22.40240478515625,
      22.381792068481445,
      30.6511173248291,
      23.339336395263672,
      27.528053283691406
    ],
    [
      12.59341049194336,
      16.730798721313477,
      15.700193405151367,
      35.02667236328125,
      34.57198715209961,
      71.42778015136719,
      28.98562240600586,
      46.97394561767578,
      22.0382137298584,
      44.677093505859375,
      13.543810844421387,
      34.935420989990234,
      10.3483247756958,
      23.128328323364258,
      13.442955017089844,
      31.64258575439453,
      15.911892890930176,
      24.87699317932129
    ],
    [
      10.123761177062988,
      10.837594985961914,
      16.769746780395508,
      19.881710052490234,
      34.939170837402344,
      28.98562240600586,
      61.78969192504883,
      35.05039596557617,
      40.969696044921875,
      28.399791717529297,
      35.79378890991211,
      31.78716468811035,
      22.735660552978516,
      28.04383087158203,
      24.508756637573242,
      35.71472930908203,
      26.06351089477539,
      32.62997817993164
    ],
    [
      10.760498046875,
      14.316535949707031,
      13.231986999511719,
      27.359027862548828,
      25.029132843017578,
      46.97394561767578,
      35.05039596557617,
      65.86006927490234,
      22.398012161254883,
      43.556884765625,
      16.624027252197266,
      37.249385833740234,
      11.212202072143555,
      24.105323791503906,
      12.44490909576416,
      31.185937881469727,
      15.36282730102539,
      25.13601303100586
    ],
    [
      9.102916717529297,
      12.153648376464844,
      13.46309757232666,
      17.619827270507812,
      33.150428771972656,
      22.0382137298584,
      40.969696044921875,
      22.398012161254883,
      62.24102020263672,
      32.085880279541016,
      52.05598449707031,
      41.241241455078125,
      34.67013931274414,
      37.00178146362305,
      32.508975982666016,
      40.37214660644531,
      32.21585464477539,
      37.51144790649414
    ],
    [
      14.245661735534668,
      16.894535064697266,
      13.14293384552002,
      27.164308547973633,
      26.994874954223633,
      44.677093505859375,
      28.399791717529297,
      43.556884765625,
      32.085880279541016,
      62.62217330932617,
      24.889978408813477,
      57.891685485839844,
      17.71710205078125,
      38.951744079589844,
      15.447755813598633,
      38.48445129394531,
      17.03465461730957,
      29.593421936035156
    ],
    [
      9.518410682678223,
      10.839076042175293,
      13.475537300109863,
      15.64636516571045,
      26.22992515563965,
      13.543810844421387,
      35.79378890991211,
      16.624027252197266,
      52.05598449707031,
      24.889978408813477,
      66.12232208251953,
      43.68874740600586,
      44.80331039428711,
      43.12822723388672,
      41.136627197265625,
      46.96363830566406,
      40.48375701904297,
      44.47023010253906
    ],
    [
      16.971872329711914,
      23.14716148376465,
      15.457962036132812,
      30.606279373168945,
      24.350919723510742,
      34.935420989990234,
      31.78716468811035,
      37.249385833740234,
      41.241241455078125,
      57.891685485839844,
      43.68874740600586,
      96.58055114746094,
      33.18592834472656,
      66.95752716064453,
      25.390958786010742,
      58.379173278808594,
      27.14016342163086,
      45.26826858520508
    ],
    [
      13.13734245300293,
      10.954038619995117,
      15.192471504211426,
      14.744670867919922,
      18.53030014038086,
      10.3483247756958,
      22.735660552978516,
      11.212202072143555,
      34.67013931274414,
      17.71710205078125,
      44.80331039428711,
      33.18592834472656,
      66.2174301147461,
      48.832435607910156,
      52.22188949584961,
      53.3526496887207,
      51.25016403198242,
      50.17829513549805
    ],
    [
      16.370349884033203,
      18.835140228271484,
      16.166994094848633,
      24.558032989501953,
      22.40240478515625,
      23.128328323364258,
      28.04383087158203,
      24.105323791503906,
      37.00178146362305,
      38.951744079589844,
      43.12822723388672,
      66.95752716064453,
      48.832435607910156,
      78.26788330078125,
      39.608821868896484,
      70.50130462646484,
      42.167022705078125,
      57.83401107788086
    ],
    [
      7.771259784698486,
      7.778791904449463,
      13.528441429138184,
      12.739283561706543,
      22.381792068481445,
      13.442955017089844,
      24.508756637573242,
      12.44490909576416,
      32.508975982666016,
      15.447755813598633,
      41.136627197265625,
      25.390958786010742,
      52.22188949584961,
      39.608821868896484,
      66.79367065429688,
      54.9677848815918,
      63.423431396484375,
      53.61536407470703
    ],
    [
      16.681915283203125,
      20.69133949279785,
      21.074506759643555,
      29.986473083496094,
      30.6511173248291,
      31.64258575439453,
      35.71472930908203,
      31.185937881469727,
      40.37214660644531,
      38.48445129394531,
      46.96363830566406,
      58.379173278808594,
      53.3526496887207,
      70.50130462646484,
      54.9677848815918,
      101.65528869628906,
      60.065643310546875,
      88.1801986694336
    ],
    [
      8.009861946105957,
      10.31700325012207,
      15.134270668029785,
      15.344995498657227,
      23.339336395263672,
      15.911892890930176,
      26.06351089477539,
      15.36282730102539,
      32.21585464477539,
      17.03465461730957,
      40.48375701904297,
      27.14016342163086,
      51.25016403198242,
      42.167022705078125,
      63.423431396484375,
      60.065643310546875,
      73.657958984375,
      59.628658294677734
    ],
    [
      13.69483470916748,
      17.108644485473633,
      18.739990234375,
      23.875944137573242,
      27.528053283691406,
      24.87699317932129,
      32.62997817993164,
      25.13601303100586,
      37.51144790649414,
      29.593421936035156,
      44.47023010253906,
      45.26826858520508,
      50.17829513549805,
      57.83401107788086,
      53.61536407470703,
      88.1801986694336,
      59.628658294677734,
      83.84776306152344
    ]
  ],
  "drr": 15.38252067565918,
  "dynamics": 3.416459083557129,
  "format": 1245190,
  "frames": 12204032,
  "loudness": -11.613177299499512,
  "loudness_range": 7.7139177322387695,
  "loudness_range_short": 14.587935447692871,
  "peak": 0.7231886982917786,
  "rms": -12.275935173034668,
  "sample_rate": 44100,
  "sections": 1,
  "seekable": 1,
  "sharpness": 4.518752098083496,
  "space": -14.181735038757324
}