{
  "bands": [
    {
      "high_freq": 148.1999969482422,
      "loudness": -39.13210678100586,
      "loudness_range": 15.493080139160156,
      "mid_mean": -37.824851989746094,
      "mid_to_side_loudness": -1.615805745124817,
      "mid_to_side_loudness_range": 3.194704294204712,
      "side_mean": -39.3989372253418
    },
    {
      "high_freq": 392.3793640136719,
      "loudness": -29.63552474975586,
      "loudness_range": 15.282268524169922,
      "low_freq": 148.1999969482422,
      "mid_mean": -28.237497329711914,
      "mid_to_side_loudness": -1.913195252418518,
      "mid_to_side_loudness_range": 4.216622829437256,
      "side_mean": -30.01047706604004
    },
    {
      "high_freq": 794.6976318359375,
      "loudness": -28.754480361938477,
      "loudness_range": 12.323518753051758,
      "low_freq": 392.3793640136719,
      "mid_mean": -27.124542236328125,
      "mid_to_side_loudness": -2.6157705783843994,
      "mid_to_side_loudness_range": 6.145008087158203,
      "side_mean": -29.632905960083008
    },
    {
      "high_freq": 1457.5709228515625,
      "loudness": -35.47080612182617,
      "loudness_range": 14.195655822753906,
      "low_freq": 794.6976318359375,
      "mid_mean": -33.72770690917969,
      "mid_to_side_loudness": -3.02744722366333,
      "mid_to_side_loudness_range": 6.671246528625488,
      "side_mean": -36.663490295410156
    },
    {
      "high_freq": 2549.74365234375,
      "loudness": -40.4097900390625,
      "loudness_range": 13.20302963256836,
      "low_freq": 1457.5709228515625,
      "mid_mean": -38.79243087768555,
      "mid_to_side_loudness": -2.5861592292785645,
      "mid_to_side_loudness_range": 5.139317989349365,
      "side_mean": -41.25370788574219
    },
    {
      "high_freq": 4349.24462890625,
      "loudness": -52.983985900878906,
      "loudness_range": 15.633880615234375,
      "low_freq": 2549.74365234375,
      "mid_mean": -51.838844299316406,
      "mid_to_side_loudness": -2.4014761447906494,
      "mid_to_side_loudness_range": 4.200840950012207,
      "side_mean": -54.09123992919922
    },
    {
      "high_freq": 7314.1640625,
      "loudness": -67.8467788696289,
      "loudness_range": 18.60715103149414,
      "low_freq": 4349.24462890625,
      "mid_mean": -64.09830474853516,
      "mid_to_side_loudness": -2.4220504760742188,
      "mid_to_side_loudness_range": 3.8325552940368652,
      "side_mean": -65.37496185302734
    },
    {
      "high_freq": 12199.2666015625,
      "loudness": -75.96719360351562,
      "loudness_range": 7.662437438964844,
      "low_freq": 7314.1640625,
      "mid_mean": -68.4538803100586,
      "mid_to_side_loudness": -2.2551231384277344,
      "mid_to_side_loudness_range": 1.2422168254852295,
      "side_mean": -68.93630981445312
    },
    {
      "loudness": 0,
      "loudness_range": 0,
      "low_freq": 12199.2666015625,
      "mid_mean": -68.90185546875,
      "mid_to_side_loudness": -3.980315685272217,
      "mid_to_side_loudness_range": 3.1638433933258057,
      "side_mean": -69.53233337402344
    }
  ],
  "bands_short": [
    {
      "high_freq": 148.1999969482422,
      "loudness": -44.486515045166016,
      "loudness_range": 24.262388229370117,
      "mid_mean": -43.3503303527832,
      "mid_to_side_loudness": -1.7653238773345947,
      "mid_to_side_loudness_range": 10.177200317382812,
      "side_mean": -45.14325714111328
    },
    {
      "high_freq": 392.3793640136719,
      "loudness": -31.564071655273438,
      "loudness_range": 20.104951858520508,
      "low_freq": 148.1999969482422,
      "mid_mean": -30.247453689575195,
      "mid_to_side_loudness": -2.0511186122894287,
      "mid_to_side_loudness_range": 6.339089393615723,
      "side_mean": -32.114768981933594
    },
    {
      "high_freq": 794.6976318359375,
      "loudness": -29.754833221435547,
      "loudness_range": 16.662227630615234,
      "low_freq": 392.3793640136719,
      "mid_mean": -28.229808807373047,
      "mid_to_side_loudness": -2.650451183319092,
      "mid_to_side_loudness_range": 7.755960464477539,
      "side_mean": -30.6884765625
    },
    {
      "high_freq": 1457.5709228515625,
      "loudness": -35.54423141479492,
      "loudness_range": 17.26862907409668,
      "low_freq": 794.6976318359375,
      "mid_mean": -33.84978103637695,
      "mid_to_side_loudness": -3.194607734680176,
      "mid_to_side_loudness_range": 8.944305419921875,
      "side_mean": -36.95823669433594
    },
    {
      "high_freq": 2549.74365234375,
      "loudness": -41.79419708251953,
      "loudness_range": 16.788551330566406,
      "low_freq": 1457.5709228515625,
      "mid_mean": -40.17926025390625,
      "mid_to_side_loudness": -2.7588369846343994,
      "mid_to_side_loudness_range": 7.027224540710449,
      "side_mean": -42.898738861083984
    },
    {
      "high_freq": 4349.24462890625,
      "loudness": -53.62641525268555,
      "loudness_range": 20.006546020507812,
      "low_freq": 2549.74365234375,
      "mid_mean": -52.577903747558594,
      "mid_to_side_loudness": -2.5594613552093506,
      "mid_to_side_loudness_range": 5.7934675216674805,
      "side_mean": -54.848453521728516
    },
    {
      "high_freq": 7314.1640625,
      "loudness": -68.81839752197266,
      "loudness_range": 20.267139434814453,
      "low_freq": 4349.24462890625,
      "mid_mean": -64.58000183105469,
      "mid_to_side_loudness": -2.5197560787200928,
      "mid_to_side_loudness_range": 4.70514440536499,
      "side_mean": -65.82710266113281
    },
    {
      "high_freq": 12199.2666015625,
      "loudness": -76.4149169921875,
      "loudness_range": 6.839042663574219,
      "low_freq": 7314.1640625,
      "mid_mean": -68.6008529663086,
      "mid_to_side_loudness": -2.2948050498962402,
      "mid_to_side_loudness_range": 1.8994941711425781,
      "side_mean": -69.05924987792969
    },
    {
      "loudness": 0,
      "loudness_range": 0,
      "low_freq": 12199.2666015625,
      "mid_mean": -68.89962005615234,
      "mid_to_side_loudness": -3.9264020919799805,
      "mid_to_side_loudness_range": 3.754739999771118,
      "side_mean": -69.53001403808594
    }
  ],
  "channels": 2,
  "covariance": [
    [
      27.177898406982422,
      27.113170623779297,
      5.342883586883545,
      4.1919965744018555,
      3.3457283973693848,
      3.0993552207946777,
      6.4965338706970215,
      6.6641740798950195,
      4.8699870109558105,
      4.607361316680908,
      5.099639892578125,
      5.178073883056641,
      2.5731682777404785,
      1.963494062423706,
      0.4303427040576935,
      0.3765709102153778,
      0.11269700527191162,
      0.023314189165830612
    ],
    [
      27.113170623779297,
      31.2448787689209,
      5.682106018066406,
      5.201217174530029,
      2.304168224334717,
      2.7030937671661377,
      5.10916805267334,
      6.2494401931762695,
      3.7014403343200684,
      4.1710286140441895,
      3.6646430492401123,
      4.368709564208984,
      1.288757562637329,
      1.0994929075241089,
      0.1727389246225357,
      0.16636614501476288,
      0.11093223094940186,
      0.030306978151202202
    ],
    [
      5.342883586883545,
      5.682106018066406,
      28.330324172973633,
      25.792362213134766,
      7.171355724334717,
      7.4938554763793945,
      7.9223127365112305,
      7.450473308563232,
      10.24738597869873,
      10.856393814086914,
      12.257791519165039,
      13.540555953979492,
      4.939021110534668,
      4.110571384429932,
      0.24587850272655487,
      0.1510864943265915,
      0.23429466784000397,
      0.05901576578617096
    ],
    [
      4.1919965744018555,
      5.201217174530029,
      25.792362213134766,
      28.832271575927734,
      6.399722576141357,
      7.913071155548096,
      6.2700042724609375,
      7.23738956451416,
      8.761256217956543,
      10.962654113769531,
      11.169512748718262,
      13.277039527893066,
      4.276251316070557,
      3.7833752632141113,
      -0.3477013409137726,
      -0.39187368750572205,
      0.2247723639011383,
      0.06533625721931458
    ],
    [
      3.3457283973693848,
      2.304168224334717,
      7.171355724334717,
      6.399722576141357,
      20.711206436157227,
      18.18283462524414,
      12.737318992614746,
      12.559433937072754,
      15.123971939086914,
      15.224976539611816,
      16.467824935913086,
      16.84682273864746,
      11.885621070861816,
      10.346436500549316,
      2.268707513809204,
      1.9287910461425781,
      0.27191874384880066,
      0.06216403469443321
    ],
    [
      3.0993552207946777,
      2.7030937671661377,
      7.4938554763793945,
      7.913071155548096,
      18.18283462524414,
      24.53746223449707,
      11.797429084777832,
      16.3691349029541,
      14.300487518310547,
      18.963136672973633,
      16.744754791259766,
      20.789161682128906,
      12.92947769165039,
      12.840001106262207,
      2.5787746906280518,
      2.2627880573272705,
      0.1231084018945694,
      0.08992861211299896
    ],
    [
      6.4965338706970215,
      5.10916805267334,
      7.9223127365112305,
      6.2700042724609375,
      12.737318992614746,
      11.797429084777832,
      24.173463821411133,
      19.275136947631836,
      16.45526123046875,
      15.114306449890137,
      17.992048263549805,
      17.308992385864258,
      13.48661994934082,
      11.168753623962402,
      2.9918630123138428,
      2.4999401569366455,
      0.27223652601242065,
      0.06619281321763992
    ],
    [
      6.6641740798950195,
      6.2494401931762695,
      7.450473308563232,
      7.23738956451416,
      12.559433937072754,
      16.3691349029541,
      19.275136947631836,
      24.923093795776367,
      15.242043495178223,
      19.756942749023438,
      18.054292678833008,
      21.517229080200195,
      14.20341968536377,
      13.850685119628906,
      3.3523051738739014,
      2.950423002243042,
      0.07614689320325851,
      0.08952198922634125
    ],
    [
      4.8699870109558105,
      3.7014403343200684,
      10.24738597869873,
      8.761256217956543,
      15.123971939086914,
      14.300487518310547,
      16.45526123046875,
      15.242043495178223,
      23.52899169921875,
      21.08901596069336,
      20.743425369262695,
      20.501453399658203,
      14.622696876525879,
      12.636128425598145,
      2.756516218185425,
      2.3237855434417725,
      0.2470409870147705,
      0.08013863861560822
    ],
    [
      4.607361316680908,
      4.1710286140441895,
      10.856393814086914,
      10.962654113769531,
      15.224976539611816,
      18.963136672973633,
      15.114306449890137,
      19.756942749023438,
      21.08901596069336,
      26.726205825805664,
      21.215238571166992,
      25.630447387695312,
      15.758049964904785,
      15.486084938049316,
      3.0172035694122314,
      2.6392133235931396,
      0.14011725783348083,
      0.09606383740901947
    ],
    [
      5.099639892578125,
      3.6646430492401123,
      12.257791519165039,
      11.169512748718262,
      16.467824935913086,
      16.744754791259766,
      17.992048263549805,
      18.054292678833008,
      20.743425369262695,
      21.215238571166992,
      37.740989685058594,
      36.224700927734375,
      21.70183753967285,
      19.249481201171875,
      4.4780755043029785,
      3.735071897506714,
      0.7044203281402588,
      0.33012068271636963
    ],
    [
      5.178073883056641,
      4.368709564208984,
      13.540555953979492,
      13.277039527893066,
      16.84682273864746,
      20.789161682128906,
      17.308992385864258,
      21.517229080200195,
      20.501453399658203,
      25.630447387695312,
      36.224700927734375,
      41.07274627685547,
      22.405750274658203,
      21.718454360961914,
      4.687510013580322,
      4.00514554977417,
      0.5370350480079651,
      0.3258100152015686
    ],
    [
      2.5731682777404785,
      1.288757562637329,
      4.939021110534668,
      4.276251316070557,
      11.885621070861816,
      12.92947769165039,
      13.48661994934082,
      14.20341968536377,
      14.622696876525879,
      15.758049964904785,
      21.70183753967285,
      22.405750274658203,
      20.604822158813477,
      19.004108428955078,
      5.367103099822998,
      4.679915428161621,
      0.2739851176738739,
      0.15103603899478912
    ],
    [
      1.963494062423706,
      1.0994929075241089,
      4.110571384429932,
      3.7833752632141113,
      10.346436500549316,
      12.840001106262207,
      11.168753623962402,
      13.850685119628906,
      12.636128425598145,
      15.486084938049316,
      19.249481201171875,
      21.718454360961914,
      19.004108428955078,
      18.75192642211914,
      5.183440208435059,
      4.593099117279053,
      0.17289340496063232,
      0.13824203610420227
    ],
    [
      0.4303427040576935,
      0.1727389246225357,
      0.24587850272655487,
      -0.3477013409137726,
      2.268707513809204,
      2.5787746906280518,
      2.9918630123138428,
      3.3523051738739014,
      2.756516218185425,
      3.0172035694122314,
      4.4780755043029785,
      4.687510013580322,
      5.367103099822998,
      5.183440208435059,
      2.8840420246124268,
      2.6103973388671875,
      0.0580163449048996,
      0.03877677023410797
    ],
    [
      0.3765709102153778,
      0.16636614501476288,
      0.1510864943265915,
      -0.39187368750572205,
      1.9287910461425781,
      2.2627880573272705,
      2.4999401569366455,
      2.950423002243042,
      2.3237855434417725,
      2.6392133235931396,
      3.735071897506714,
      4.00514554977417,
      4.679915428161621,
      4.593099117279053,
      2.6103973388671875,
      2.3796584606170654,
      0.035317312926054,
      0.03054143860936165
    ],
    [
      0.11269700527191162,
      0.11093223094940186,
      0.23429466784000397,
      0.2247723639011383,
      0.27191874384880066,
      0.1231084018945694,
      0.27223652601242065,
      0.07614689320325851,
      0.2470409870147705,
      0.14011725783348083,
      0.7044203281402588,
      0.5370350480079651,
      0.2739851176738739,
      0.17289340496063232,
      0.0580163449048996,
      0.035317312926054,
      0.07830258458852768,
      0.01441931165754795
    ],
    [
      0.023314189165830612,
      0.030306978151202202,
      0.05901576578617096,
      0.06533625721931458,
      0.06216403469443321,
      0.08992861211299896,
      0.06619281321763992,
      0.08952198922634125,
      0.08013863861560822,
      0.09606383740901947,
      0.33012068271636963,
      0.3258100152015686,
      0.15103603899478912,
      0.13824203610420227,
      0.03877677023410797,
      0.03054143860936165,
      0.01441931165754795,
      0.007426501251757145
    ]
  ],
  "covariance_short": [
    [
      72.11788177490234,
      67.78961944580078,
      19.83985137939453,
      19.337446212768555,
      11.412992477416992,
      11.274932861328125,
      15.550759315490723,
      16.393991470336914,
      14.174073219299316,
      15.845995903015137,
      15.647956848144531,
      15.585259437561035,
      7.2787251472473145,
      6.099667549133301,
      1.1263777017593384,
      0.9460334181785583,
      0.2178574949502945,
      0.07046473026275635
    ],
    [
      67.78961944580078,
      80.45892333984375,
      20.62699317932129,
      22.025537490844727,
      10.712514877319336,
      12.52505111694336,
      14.599376678466797,
      18.276222229003906,
      13.426603317260742,
      17.754837036132812,
      15.322925567626953,
      17.10675048828125,
      6.8738226890563965,
      6.344344139099121,
      1.0745006799697876,
      0.9297106862068176,
      0.20199087262153625,
      0.089936263859272
    ],
    [
      19.83985137939453,
      20.62699317932129,
      50.8931884765625,
      46.1714973449707,
      18.930124282836914,
      20.033588409423828,
      15.65932846069336,
      15.840362548828125,
      18.38768196105957,
      20.74921989440918,
      24.20998191833496,
      26.10434341430664,
      8.86949634552002,
      7.586554050445557,
      0.8511496782302856,
      0.6598454117774963,
      0.26598024368286133,
      0.10255926102399826
    ],
    [
      19.337446212768555,
      22.025537490844727,
      46.1714973449707,
      54.65617370605469,
      17.962047576904297,
      22.752742767333984,
      14.083227157592773,
      18.16067123413086,
      17.301528930664062,
      23.61688232421875,
      23.33405113220215,
      27.598024368286133,
      8.845848083496094,
      8.114421844482422,
      0.6621338725090027,
      0.5031874179840088,
      0.22459019720554352,
      0.11535996943712234
    ],
    [
      11.412992477416992,
      10.712514877319336,
      18.930124282836914,
      17.962047576904297,
      36.184974670410156,
      31.522815704345703,
      20.486995697021484,
      19.761178970336914,
      23.8763484954834,
      24.547447204589844,
      26.274734497070312,
      26.30887222290039,
      14.968509674072266,
      12.64563274383545,
      1.9697710275650024,
      1.611423134803772,
      0.3247263729572296,
      0.09503889828920364
    ],
    [
      11.274932861328125,
      12.52505111694336,
      20.033588409423828,
      22.752742767333984,
      31.522815704345703,
      42.03091049194336,
      18.941774368286133,
      25.508594512939453,
      22.302988052368164,
      29.994543075561523,
      26.32579803466797,
      31.386459350585938,
      15.385318756103516,
      15.118359565734863,
      2.1638829708099365,
      1.8530418872833252,
      0.13782981038093567,
      0.1354297399520874
    ],
    [
      15.550759315490723,
      14.599376678466797,
      15.65932846069336,
      14.083227157592773,
      20.486995697021484,
      18.941774368286133,
      37.6372184753418,
      29.482816696166992,
      24.877212524414062,
      24.059101104736328,
      27.26610565185547,
      25.632221221923828,
      17.907560348510742,
      14.620733261108398,
      3.4606478214263916,
      2.8926522731781006,
      0.37776222825050354,
      0.08837079256772995
    ],
    [
      16.393991470336914,
      18.276222229003906,
      15.840362548828125,
      18.16067123413086,
      19.761178970336914,
      25.508594512939453,
      29.482816696166992,
      40.16029739379883,
      23.873693466186523,
      32.44233322143555,
      27.796276092529297,
      32.794532775878906,
      18.471874237060547,
      18.129621505737305,
      3.747326612472534,
      3.31103777885437,
      0.10512786358594894,
      0.1335681676864624
    ],
    [
      14.174073219299316,
      13.426603317260742,
      18.38768196105957,
      17.301528930664062,
      23.8763484954834,
      22.302988052368164,
      24.877212524414062,
      23.873693466186523,
      37.120548248291016,
      33.441436767578125,
      31.793554306030273,
      31.087087631225586,
      19.27739143371582,
      16.340009689331055,
      3.050173759460449,
      2.5446958541870117,
      0.31786543130874634,
      0.11764666438102722
    ],
    [
      15.845995903015137,
      17.754837036132812,
      20.74921989440918,
      23.61688232421875,
      24.547447204589844,
      29.994543075561523,
      24.059101104736328,
      32.44233322143555,
      33.441436767578125,
      45.669891357421875,
      33.46378707885742,
      39.858402252197266,
      20.417600631713867,
      20.14229965209961,
      3.325446844100952,
      2.9061264991760254,
      0.15703153610229492,
      0.15423858165740967
    ],
    [
      15.647956848144531,
      15.322925567626953,
      24.20998191833496,
      23.33405113220215,
      26.274734497070312,
      26.32579803466797,
      27.26610565185547,
      27.796276092529297,
      31.793554306030273,
      33.46378707885742,
      53.11481475830078,
      50.69997787475586,
      25.00127410888672,
      21.8519287109375,
      4.260272026062012,
      3.514475107192993,
      0.7501723170280457,
      0.37284913659095764
    ],
    [
      15.585259437561035,
      17.10675048828125,
      26.10434341430664,
      27.598024368286133,
      26.30887222290039,
      31.386459350585938,
      25.632221221923828,
      32.794532775878906,
      31.087087631225586,
      39.858402252197266,
      50.69997787475586,
      57.51420593261719,
      25.137598037719727,
      24.307945251464844,
      4.367480278015137,
      3.720547676086426,
      0.546687662601471,
      0.37794187664985657
    ],
    [
      7.2787251472473145,
      6.8738226890563965,
      8.86949634552002,
      8.845848083496094,
      14.968509674072266,
      15.385318756103516,
      17.907560348510742,
      18.471874237060547,
      19.27739143371582,
      20.417600631713867,
      25.00127410888672,
      25.137598037719727,
      22.6190185546875,
      20.014150619506836,
      4.5784502029418945,
      3.9192774295806885,
      0.29937827587127686,
      0.1668977439403534
    ],
    [
      6.099667549133301,
      6.344344139099121,
      7.586554050445557,
      8.114421844482422,
      12.64563274383545,
      15.118359565734863,
      14.620733261108398,
      18.129621505737305,
      16.340009689331055,
      20.14229965209961,
      21.8519287109375,
      24.307945251464844,
      20.014150619506836,
      19.744295120239258,
      4.34027624130249,
      3.830028533935547,
      0.17150026559829712,
      0.1549377143383026
    ],
    [
      1.1263777017593384,
      1.0745006799697876,
      0.8511496782302856,
      0.6621338725090027,
      1.9697710275650024,
      2.1638829708099365,
      3.4606478214263916,
      3.747326612472534,
      3.050173759460449,
      3.325446844100952,
      4.260272026062012,
      4.367480278015137,
      4.5784502029418945,
      4.34027624130249,
      2.3523104190826416,
      2.1142783164978027,
      0.059000164270401,
      0.042056918144226074
    ],
    [
      0.9460334181785583,
      0.9297106862068176,
      0.6598454117774963,
      0.5031874179840088,
      1.611423134803772,
      1.8530418872833252,
      2.8926522731781006,
      3.31103777885437,
      2.5446958541870117,
      2.9061264991760254,
      3.514475107192993,
      3.720547676086426,
      3.9192774295806885,
      3.830028533935547,
      2.1142783164978027,
      1.934844732284546,
      0.03506452590227127,
      0.03361639007925987
    ],
    [
      0.2178574949502945,
      0.20199087262153625,
      0.26598024368286133,
      0.22459019720554352,
      0.3247263729572296,
      0.13782981038093567,
      0.37776222825050354,
      0.10512786358594894,
      0.31786543130874634,
      0.15703153610229492,
      0.7501723170280457,
      0.546687662601471,
      0.29937827587127686,
      0.17150026559829712,
      0.059000164270401,
      0.03506452590227127,
      0.09908266365528107,
      0.014857225120067596
    ],
    [
      0.07046473026275635,
      0.089936263859272,
      0.10255926102399826,
      0.11535996943712234,
      0.09503889828920364,
      0.1354297399520874,
      0.08837079256772995,
      0.1335681676864624,
      0.11764666438102722,
      0.15423858165740967,
      0.37284913659095764,
      0.37794187664985657,
      0.1668977439403534,
      0.1549377143383026,
      0.042056918144226074,
      0.03361639007925987,
      0.014857225120067596,
      0.009440682828426361
    ]
  ],
  "drr": 9.234095573425293,
  "dynamics": 3.66310977935791,
  "format": 1245190,
  "frames": 7888896,
  "loudness": -20.861019134521484,
  "loudness_range": 9.465191841125488,
  "loudness_range_short": 13.741632461547852,
  "peak": -3.221170425415039,
  "rms": -22.381345748901367,
  "sample_rate": 44100,
  "sections": 1,
  "seekable": 1,
  "sharpness": 3.999525785446167,
  "space": -2.4028475284576416
}