{
  "bands": [
    {
      "high_freq": 148.1999969482422,
      "loudness": -49.5180778503418,
      "loudness_range": 18.476078033447266,
      "mid_mean": -47.50788116455078,
      "mid_to_side_loudness": -3.8722028732299805,
      "mid_to_side_loudness_range": 9.131269454956055,
      "side_mean": -51.41265106201172
    },
    {
      "high_freq": 392.3793640136719,
      "loudness": -31.324050903320312,
      "loudness_range": 15.5625,
      "low_freq": 148.1999969482422,
      "mid_mean": -30.393178939819336,
      "mid_to_side_loudness": -0.9241635799407959,
      "mid_to_side_loudness_range": 8.25695514678955,
      "side_mean": -31.330387115478516
    },
    {
      "high_freq": 794.6976318359375,
      "loudness": -34.61920928955078,
      "loudness_range": 16.0192928314209,
      "low_freq": 392.3793640136719,
      "mid_mean": -34.139400482177734,
      "mid_to_side_loudness": 0.023939142003655434,
      "mid_to_side_loudness_range": 9.367870330810547,
      "side_mean": -34.19720458984375
    },
    {
      "high_freq": 1457.5709228515625,
      "loudness": -39.250885009765625,
      "loudness_range": 21.145021438598633,
      "low_freq": 794.6976318359375,
      "mid_mean": -38.16061782836914,
      "mid_to_side_loudness": -1.6734923124313354,
      "mid_to_side_loudness_range": 9.178444862365723,
      "side_mean": -39.74950408935547
    },
    {
      "high_freq": 2549.74365234375,
      "loudness": -40.125919342041016,
      "loudness_range": 21.69181251525879,
      "low_freq": 1457.5709228515625,
      "mid_mean": -39.85978698730469,
      "mid_to_side_loudness": 0.32570093870162964,
      "mid_to_side_loudness_range": 6.562245845794678,
      "side_mean": -39.45329284667969
    },
    {
      "high_freq": 4349.24462890625,
      "loudness": -41.35183334350586,
      "loudness_range": 24.417844772338867,
      "low_freq": 2549.74365234375,
      "mid_mean": -40.93740463256836,
      "mid_to_side_loudness": -0.07702185213565826,
      "mid_to_side_loudness_range": 6.271589756011963,
      "side_mean": -40.705230712890625
    },
    {
      "high_freq": 7314.1640625,
      "loudness": -52.41902160644531,
      "loudness_range": 28.845516204833984,
      "low_freq": 4349.24462890625,
      "mid_mean": -52.533573150634766,
      "mid_to_side_loudness": -0.25073564052581787,
      "mid_to_side_loudness_range": 4.477285385131836,
      "side_mean": -52.72554016113281
    },
    {
      "high_freq": 12199.2666015625,
      "loudness": -63.7475471496582,
      "loudness_range": 27.713542938232422,
      "low_freq": 7314.1640625,
      "mid_mean": -61.546993255615234,
      "mid_to_side_loudness": -0.2523987591266632,
      "mid_to_side_loudness_range": 3.2262606620788574,
      "side_mean": -61.70952224731445
    },
    {
      "loudness": -69.92034149169922,
      "loudness_range": 28.50151824951172,
      "low_freq": 12199.2666015625,
      "mid_mean": -65.04296112060547,
      "mid_to_side_loudness": -0.12356559932231903,
      "mid_to_side_loudness_range": 1.8474417924880981,
      "side_mean": -65.06070709228516
    }
  ],
  "bands_short": [
    {
      "high_freq": 148.1999969482422,
      "loudness": -54.4394645690918,
      "loudness_range": 20.620819091796875,
      "mid_mean": -52.39846420288086,
      "mid_to_side_loudness": -4.580111980438232,
      "mid_to_side_loudness_range": 14.566506385803223,
      "side_mean": -56.72418212890625
    },
    {
      "high_freq": 392.3793640136719,
      "loudness": -32.14165496826172,
      "loudness_range": 16.728551864624023,
      "low_freq": 148.1999969482422,
      "mid_mean": -31.159934997558594,
      "mid_to_side_loudness": -1.1146541833877563,
      "mid_to_side_loudness_range": 10.250539779663086,
      "side_mean": -32.440486907958984
    },
    {
      "high_freq": 794.6976318359375,
      "loudness": -33.90587615966797,
      "loudness_range": 16.363784790039062,
      "low_freq": 392.3793640136719,
      "mid_mean": -33.81410598754883,
      "mid_to_side_loudness": 0.3246840834617615,
      "mid_to_side_loudness_range": 11.669303894042969,
      "side_mean": -33.41259002685547
    },
    {
      "high_freq": 1457.5709228515625,
      "loudness": -39.558780670166016,
      "loudness_range": 21.723350524902344,
      "low_freq": 794.6976318359375,
      "mid_mean": -38.62480926513672,
      "mid_to_side_loudness": -1.543552279472351,
      "mid_to_side_loudness_range": 12.086585998535156,
      "side_mean": -40.1552734375
    },
    {
      "high_freq": 2549.74365234375,
      "loudness": -40.54255294799805,
      "loudness_range": 21.78325843811035,
      "low_freq": 1457.5709228515625,
      "mid_mean": -40.50132751464844,
      "mid_to_side_loudness": 0.3501664102077484,
      "mid_to_side_loudness_range": 9.952127456665039,
      "side_mean": -40.01649856567383
    },
    {
      "high_freq": 4349.24462890625,
      "loudness": -41.430965423583984,
      "loudness_range": 24.90237045288086,
      "low_freq": 2549.74365234375,
      "mid_mean": -41.20623016357422,
      "mid_to_side_loudness": -0.06628897041082382,
      "mid_to_side_loudness_range": 9.27624797821045,
      "side_mean": -40.94059753417969
    },
    {
      "high_freq": 7314.1640625,
      "loudness": -52.4739875793457,
      "loudness_range": 28.503429412841797,
      "low_freq": 4349.24462890625,
      "mid_mean": -52.75990295410156,
      "mid_to_side_loudness": -0.2147883027791977,
      "mid_to_side_loudness_range": 6.769636154174805,
      "side_mean": -52.9244499206543
    },
    {
      "high_freq": 12199.2666015625,
      "loudness": -63.876075744628906,
      "loudness_range": 27.733104705810547,
      "low_freq": 7314.1640625,
      "mid_mean": -61.754539489746094,
      "mid_to_side_loudness": -0.2372255027294159,
      "mid_to_side_loudness_range": 5.16513729095459,
      "side_mean": -61.90614318847656
    },
    {
      "loudness": -70.24760437011719,
      "loudness_range": 28.13326644897461,
      "low_freq": 12199.2666015625,
      "mid_mean": -65.20490264892578,
      "mid_to_side_loudness": -0.08650828897953033,
      "mid_to_side_loudness_range": 3.138273239135742,
      "side_mean": -65.2265625
    }
  ],
  "channels": 2,
  "covariance": [
    [
      45.771629333496094,
      30.726423263549805,
      19.243515014648438,
      17.849956512451172,
      15.983537673950195,
      12.65484619140625,
      15.96434497833252,
      16.709718704223633,
      15.454167366027832,
      14.949311256408691,
      17.775230407714844,
      17.78939437866211,
      20.912555694580078,
      21.03164291381836,
      15.037951469421387,
      15.095840454101562,
      9.309969902038574,
      9.26955509185791
    ],
    [
      30.726423263549805,
      28.737455368041992,
      13.16001033782959,
      12.208318710327148,
      11.270105361938477,
      8.692694664001465,
      12.274028778076172,
      12.89592170715332,
      10.332326889038086,
      10.178494453430176,
      12.594694137573242,
      12.73897647857666,
      15.47649097442627,
      14.995499610900879,
      10.845356941223145,
      10.847339630126953,
      6.479850769042969,
      6.417517185211182
    ],
    [
      19.243515014648438,
      13.16001033782959,
      35.31178665161133,
      29.080381393432617,
      25.407445907592773,
      23.029279708862305,
      26.37577247619629,
      26.87604331970215,
      25.20880699157715,
      24.064891815185547,
      23.315895080566406,
      22.90818214416504,
      28.67875099182129,
      28.619611740112305,
      18.380897521972656,
      18.172876358032227,
      11.436921119689941,
      11.529446601867676
    ],
    [
      17.849956512451172,
      12.208318710327148,
      29.080381393432617,
      35.00764083862305,
      25.868396759033203,
      22.964750289916992,
      25.998754501342773,
      26.78227424621582,
      26.533554077148438,
      25.087926864624023,
      24.912738800048828,
      24.7648868560791,
      28.035587310791016,
      27.821239471435547,
      17.338804244995117,
      17.24118423461914,
      10.67794418334961,
      10.800395965576172
    ],
    [
      15.983537673950195,
      11.270105361938477,
      25.407445907592773,
      25.868396759033203,
      36.49484634399414,
      32.15266799926758,
      29.83285903930664,
      31.28976058959961,
      30.776304244995117,
      28.97440528869629,
      28.342479705810547,
      28.163373947143555,
      29.737363815307617,
      29.393362045288086,
      19.052316665649414,
      18.604835510253906,
      10.391082763671875,
      10.402212142944336
    ],
    [
      12.65484619140625,
      8.692694664001465,
      23.029279708862305,
      22.964750289916992,
      32.15266799926758,
      40.71841049194336,
      32.815914154052734,
      32.183956146240234,
      29.99058723449707,
      28.441898345947266,
      27.86507225036621,
      27.237775802612305,
      29.00537872314453,
      28.500022888183594,
      17.15918731689453,
      16.77471351623535,
      8.21261215209961,
      8.200723648071289
    ],
    [
      15.96434497833252,
      12.274028778076172,
      26.37577247619629,
      25.998754501342773,
      29.83285903930664,
      32.815914154052734,
      63.39783477783203,
      54.234527587890625,
      46.65890884399414,
      45.82792282104492,
      49.05292892456055,
      47.788230895996094,
      55.34159469604492,
      55.13811492919922,
      37.050785064697266,
      37.07966613769531,
      27.15395736694336,
      27.28319549560547
    ],
    [
      16.709718704223633,
      12.89592170715332,
      26.87604331970215,
      26.78227424621582,
      31.28976058959961,
      32.183956146240234,
      54.234527587890625,
      56.007606506347656,
      46.11863327026367,
      45.014766693115234,
      49.25303649902344,
      48.34648895263672,
      53.458370208740234,
      52.825992584228516,
      36.77164077758789,
      36.87546920776367,
      26.917064666748047,
      26.954952239990234
    ],
    [
      15.454167366027832,
      10.332326889038086,
      25.20880699157715,
      26.533554077148438,
      30.776304244995117,
      29.99058723449707,
      46.65890884399414,
      46.11863327026367,
      56.66897201538086,
      53.11167526245117,
      52.30549621582031,
      53.50371551513672,
      57.1950569152832,
      56.7140998840332,
      39.959510803222656,
      39.95369338989258,
      28.193038940429688,
      28.32866668701172
    ],
    [
      14.949311256408691,
      10.178494453430176,
      24.064891815185547,
      25.087926864624023,
      28.97440528869629,
      28.441898345947266,
      45.82792282104492,
      45.014766693115234,
      53.11167526245117,
      56.185569763183594,
      52.83058166503906,
      54.32371520996094,
      58.67680358886719,
      57.940940856933594,
      41.53019714355469,
      41.438682556152344,
      29.69679832458496,
      29.83556365966797
    ],
    [
      17.775230407714844,
      12.594694137573242,
      23.315895080566406,
      24.912738800048828,
      28.342479705810547,
      27.86507225036621,
      49.05292892456055,
      49.25303649902344,
      52.30549621582031,
      52.83058166503906,
      68.40811157226562,
      65.95194244384766,
      67.49590301513672,
      67.2730712890625,
      47.35067367553711,
      47.325679779052734,
      34.680171966552734,
      34.678871154785156
    ],
    [
      17.78939437866211,
      12.73897647857666,
      22.90818214416504,
      24.7648868560791,
      28.163373947143555,
      27.237775802612305,
      47.788230895996094,
      48.34648895263672,
      53.50371551513672,
      54.32371520996094,
      65.95194244384766,
      70.69257354736328,
      67.84602355957031,
      67.15589141845703,
      48.3559455871582,
      48.21614074707031,
      35.125675201416016,
      35.10106658935547
    ],
    [
      20.912555694580078,
      15.47649097442627,
      28.67875099182129,
      28.035587310791016,
      29.737363815307617,
      29.00537872314453,
      55.34159469604492,
      53.458370208740234,
      57.1950569152832,
      58.67680358886719,
      67.49590301513672,
      67.84602355957031,
      87.81688690185547,
      86.81734466552734,
      58.88405227661133,
      58.7816047668457,
      44.41914367675781,
      44.54604721069336
    ],
    [
      21.03164291381836,
      14.995499610900879,
      28.619611740112305,
      27.821239471435547,
      29.393362045288086,
      28.500022888183594,
      55.13811492919922,
      52.825992584228516,
      56.7140998840332,
      57.940940856933594,
      67.2730712890625,
      67.15589141845703,
      86.81734466552734,
      87.85686492919922,
      58.91179275512695,
      58.724456787109375,
      44.44147491455078,
      44.608516693115234
    ],
    [
      15.037951469421387,
      10.845356941223145,
      18.380897521972656,
      17.338804244995117,
      19.052316665649414,
      17.15918731689453,
      37.050785064697266,
      36.77164077758789,
      39.959510803222656,
      41.53019714355469,
      47.35067367553711,
      48.3559455871582,
      58.88405227661133,
      58.91179275512695,
      46.52836227416992,
      45.863033294677734,
      36.16063690185547,
      36.356624603271484
    ],
    [
      15.095840454101562,
      10.847339630126953,
      18.172876358032227,
      17.24118423461914,
      18.604835510253906,
      16.77471351623535,
      37.07966613769531,
      36.87546920776367,
      39.95369338989258,
      41.438682556152344,
      47.325679779052734,
      48.21614074707031,
      58.7816047668457,
      58.724456787109375,
      45.863033294677734,
      46.115020751953125,
      36.215362548828125,
      36.396751403808594
    ],
    [
      9.309969902038574,
      6.479850769042969,
      11.436921119689941,
      10.67794418334961,
      10.391082763671875,
      8.21261215209961,
      27.15395736694336,
      26.917064666748047,
      28.193038940429688,
      29.69679832458496,
      34.680171966552734,
      35.125675201416016,
      44.41914367675781,
      44.44147491455078,
      36.16063690185547,
      36.215362548828125,
      32.647911071777344,
      32.68598556518555
    ],
    [
      9.26955509185791,
      6.417517185211182,
      11.529446601867676,
      10.800395965576172,
      10.402212142944336,
      8.200723648071289,
      27.28319549560547,
      26.954952239990234,
      28.32866668701172,
      29.83556365966797,
      34.678871154785156,
      35.10106658935547,
      44.54604721069336,
      44.608516693115234,
      36.356624603271484,
      36.396751403808594,
      32.68598556518555,
      32.975833892822266
    ]
  ],
  "covariance_short": [
    [
      52.28834533691406,
      33.27910614013672,
      20.53554916381836,
      18.83245849609375,
      14.94365119934082,
      12.527043342590332,
      19.643163681030273,
      19.520700454711914,
      18.555652618408203,
      17.772659301757812,
      20.617345809936523,
      21.205129623413086,
      26.10620880126953,
      26.399065017700195,
      18.591337203979492,
      18.587499618530273,
      12.494640350341797,
      12.451237678527832
    ],
    [
      33.27910614013672,
      38.04483413696289,
      15.836560249328613,
      14.511011123657227,
      11.452702522277832,
      9.266197204589844,
      17.37993049621582,
      16.915416717529297,
      14.539658546447754,
      14.175016403198242,
      16.520706176757812,
      16.69002914428711,
      20.920381546020508,
      20.825481414794922,
      14.877324104309082,
      14.845610618591309,
      9.816404342651367,
      9.806137084960938
    ],
    [
      20.53554916381836,
      15.836560249328613,
      42.193111419677734,
      33.67225646972656,
      26.7103328704834,
      23.012126922607422,
      25.96465301513672,
      26.979427337646484,
      24.446819305419922,
      23.274633407592773,
      23.505582809448242,
      23.0341796875,
      29.488374710083008,
      29.30436897277832,
      18.775428771972656,
      18.549144744873047,
      11.504660606384277,
      11.566713333129883
    ],
    [
      18.83245849609375,
      14.511011123657227,
      33.67225646972656,
      41.6646614074707,
      27.047666549682617,
      24.674985885620117,
      25.798234939575195,
      26.839767456054688,
      25.620237350463867,
      24.23638153076172,
      24.909025192260742,
      24.744714736938477,
      29.9924373626709,
      29.606611251831055,
      18.36114501953125,
      18.179330825805664,
      11.185471534729004,
      11.28586196899414
    ],
    [
      14.94365119934082,
      11.452702522277832,
      26.7103328704834,
      27.047666549682617,
      38.7705192565918,
      30.91273307800293,
      28.418060302734375,
      29.066625595092773,
      30.46445655822754,
      28.47299575805664,
      28.03147315979004,
      27.431716918945312,
      29.422657012939453,
      29.316654205322266,
      18.112852096557617,
      17.751840591430664,
      9.86007022857666,
      9.790456771850586
    ],
    [
      12.527043342590332,
      9.266197204589844,
      23.012126922607422,
      24.674985885620117,
      30.91273307800293,
      40.80168533325195,
      30.680152893066406,
      29.838821411132812,
      31.319610595703125,
      28.861526489257812,
      28.364587783813477,
      27.419462203979492,
      29.413177490234375,
      29.37506103515625,
      16.937265396118164,
      16.694229125976562,
      8.497552871704102,
      8.476666450500488
    ],
    [
      19.643163681030273,
      17.37993049621582,
      25.96465301513672,
      25.798234939575195,
      28.418060302734375,
      30.680152893066406,
      65.45062255859375,
      51.62548065185547,
      46.326541900634766,
      44.70754623413086,
      49.38300323486328,
      47.99637985229492,
      54.396053314208984,
      54.26926803588867,
      35.69486999511719,
      35.78093719482422,
      25.53459930419922,
      25.58024787902832
    ],
    [
      19.520700454711914,
      16.915416717529297,
      26.979427337646484,
      26.839767456054688,
      29.066625595092773,
      29.838821411132812,
      51.62548065185547,
      57.520118713378906,
      45.495826721191406,
      43.81974411010742,
      48.856231689453125,
      48.00849533081055,
      52.409969329833984,
      51.76409912109375,
      35.25107192993164,
      35.37577819824219,
      25.355405807495117,
      25.3450927734375
    ],
    [
      18.555652618408203,
      14.539658546447754,
      24.446819305419922,
      25.620237350463867,
      30.46445655822754,
      31.319610595703125,
      46.326541900634766,
      45.495826721191406,
      61.06394958496094,
      52.829593658447266,
      52.65471649169922,
      53.59492874145508,
      57.17884826660156,
      56.63364791870117,
      38.755226135253906,
      38.76026916503906,
      26.861665725708008,
      26.928722381591797
    ],
    [
      17.772659301757812,
      14.175016403198242,
      23.274633407592773,
      24.23638153076172,
      28.47299575805664,
      28.861526489257812,
      44.70754623413086,
      43.81974411010742,
      52.829593658447266,
      59.38667297363281,
      52.64560317993164,
      53.81840896606445,
      57.83997344970703,
      57.09303283691406,
      40.07231903076172,
      39.99777603149414,
      28.141490936279297,
      28.19409942626953
    ],
    [
      20.617345809936523,
      16.520706176757812,
      23.505582809448242,
      24.909025192260742,
      28.03147315979004,
      28.364587783813477,
      49.38300323486328,
      48.856231689453125,
      52.65471649169922,
      52.64560317993164,
      72.12813568115234,
      66.34595489501953,
      67.46369934082031,
      67.24566650390625,
      46.48622131347656,
      46.508323669433594,
      33.55897903442383,
      33.498878479003906
    ],
    [
      21.205129623413086,
      16.69002914428711,
      23.0341796875,
      24.744714736938477,
      27.431716918945312,
      27.419462203979492,
      47.99637985229492,
      48.00849533081055,
      53.59492874145508,
      53.81840896606445,
      66.34595489501953,
      74.36875915527344,
      67.32759094238281,
      66.53636169433594,
      47.348121643066406,
      47.23643112182617,
      33.93763732910156,
      33.82180404663086
    ],
    [
      26.10620880126953,
      20.920381546020508,
      29.488374710083008,
      29.9924373626709,
      29.422657012939453,
      29.413177490234375,
      54.396053314208984,
      52.409969329833984,
      57.17884826660156,
      57.83997344970703,
      67.46369934082031,
      67.32759094238281,
      89.27558898925781,
      86.80677795410156,
      57.736114501953125,
      57.6429557800293,
      43.07603454589844,
      43.13075637817383
    ],
    [
      26.399065017700195,
      20.825481414794922,
      29.30436897277832,
      29.606611251831055,
      29.316654205322266,
      29.37506103515625,
      54.26926803588867,
      51.76409912109375,
      56.63364791870117,
      57.09303283691406,
      67.24566650390625,
      66.53636169433594,
      86.80677795410156,
      89.02462005615234,
      57.534542083740234,
      57.35792922973633,
      42.99477005004883,
      43.04473114013672
    ],
    [
      18.591337203979492,
      14.877324104309082,
      18.775428771972656,
      18.36114501953125,
      18.112852096557617,
      16.937265396118164,
      35.69486999511719,
      35.25107192993164,
      38.755226135253906,
      40.07231903076172,
      46.48622131347656,
      47.348121643066406,
      57.736114501953125,
      57.534542083740234,
      46.2529182434082,
      44.87711715698242,
      34.860355377197266,
      35.02117919921875
    ],
    [
      18.587499618530273,
      14.845610618591309,
      18.549144744873047,
      18.179330825805664,
      17.751840591430664,
      16.694229125976562,
      35.78093719482422,
      35.37577819824219,
      38.76026916503906,
      39.99777603149414,
      46.508323669433594,
      47.23643112182617,
      57.6429557800293,
      57.35792922973633,
      44.87711715698242,
      45.84064483642578,
      34.916717529296875,
      35.04753112792969
    ],
    [
      12.494640350341797,
      9.816404342651367,
      11.504660606384277,
      11.185471534729004,
      9.86007022857666,
      8.497552871704102,
      25.53459930419922,
      25.355405807495117,
      26.861665725708008,
      28.141490936279297,
      33.55897903442383,
      33.93763732910156,
      43.07603454589844,
      42.99477005004883,
      34.860355377197266,
      34.916717529296875,
      31.846372604370117,
      31.559293746948242
    ],
    [
      12.451237678527832,
      9.806137084960938,
      11.566713333129883,
      11.28586196899414,
      9.790456771850586,
      8.476666450500488,
      25.58024787902832,
      25.3450927734375,
      26.928722381591797,
      28.19409942626953,
      33.498878479003906,
      33.82180404663086,
      43.13075637817383,
      43.04473114013672,
      35.02117919921875,
      35.04753112792969,
      31.559293746948242,
      32.10840606689453
    ]
  ],
  "drr": 11.669721603393555,
  "dynamics": 4.7788567543029785,
  "format": 1245190,
  "frames": 9603072,
  "loudness": -24.027748107910156,
  "loudness_range": 14.571683883666992,
  "loudness_range_short": 15.146825790405273,
  "peak": -4.723694801330566,
  "rms": -24.931520462036133,
  "sample_rate": 44100,
  "sections": 1,
  "seekable": 1,
  "sharpness": 1.2874963283538818,
  "space": -0.5601534843444824
}