{
  "bands": [
    {
      "high_freq": 148.1999969482422,
      "loudness": -27.639122009277344,
      "loudness_range": 10.216588973999023,
      "mid_mean": -24.065000534057617,
      "mid_to_side_loudness": -16.609975814819336,
      "mid_to_side_loudness_range": 10.254551887512207,
      "side_mean": -40.6970100402832
    },
    {
      "high_freq": 392.3793640136719,
      "loudness": -23.359790802001953,
      "loudness_range": 10.494674682617188,
      "low_freq": 148.1999969482422,
      "mid_mean": -19.89077377319336,
      "mid_to_side_loudness": -13.010140419006348,
      "mid_to_side_loudness_range": 5.754322052001953,
      "side_mean": -32.9395866394043
    },
    {
      "high_freq": 794.6976318359375,
      "loudness": -24.574678421020508,
      "loudness_range": 13.243852615356445,
      "low_freq": 392.3793640136719,
      "mid_mean": -21.29743766784668,
      "mid_to_side_loudness": -10.709439277648926,
      "mid_to_side_loudness_range": 8.813498497009277,
      "side_mean": -32.01700210571289
    },
    {
      "high_freq": 1457.5709228515625,
      "loudness": -26.88993263244629,
      "loudness_range": 17.414466857910156,
      "low_freq": 794.6976318359375,
      "mid_mean": -23.792673110961914,
      "mid_to_side_loudness": -9.65091323852539,
      "mid_to_side_loudness_range": 11.124009132385254,
      "side_mean": -33.446083068847656
    },
    {
      "high_freq": 2549.74365234375,
      "loudness": -25.59376335144043,
      "loudness_range": 11.830663681030273,
      "low_freq": 1457.5709228515625,
      "mid_mean": -22.43727684020996,
      "mid_to_side_loudness": -9.740619659423828,
      "mid_to_side_loudness_range": 9.565995216369629,
      "side_mean": -32.17692565917969
    },
    {
      "high_freq": 4349.24462890625,
      "loudness": -27.579444885253906,
      "loudness_range": 10.42337417602539,
      "low_freq": 2549.74365234375,
      "mid_mean": -24.42864990234375,
      "mid_to_side_loudness": -9.350987434387207,
      "mid_to_side_loudness_range": 7.948667049407959,
      "side_mean": -33.79065704345703
    },
    {
      "high_freq": 7314.1640625,
      "loudness": -30.095409393310547,
      "loudness_range": 11.174175262451172,
      "low_freq": 4349.24462890625,
      "mid_mean": -27.185705184936523,
      "mid_to_side_loudness": -7.465023517608643,
      "mid_to_side_loudness_range": 6.830543041229248,
      "side_mean": -34.64925765991211
    },
    {
      "high_freq": 12199.2666015625,
      "loudness": -31.72178077697754,
      "loudness_range": 7.746219635009766,
      "low_freq": 7314.1640625,
      "mid_mean": -29.495695114135742,
      "mid_to_side_loudness": -4.2320780754089355,
      "mid_to_side_loudness_range": 6.1296610832214355,
      "side_mean": -33.778377532958984
    },
    {
      "loudness": -36.8690299987793,
      "loudness_range": 8.533601760864258,
      "low_freq": 12199.2666015625,
      "mid_mean": -35.38683319091797,
      "mid_to_side_loudness": -1.9851864576339722,
      "mid_to_side_loudness_range": 5.571166038513184,
      "side_mean": -37.38793182373047
    }
  ],
  "bands_short": [
    {
      "high_freq": 148.1999969482422,
      "loudness": -33.904197692871094,
      "loudness_range": 21.194395065307617,
      "mid_mean": -30.383134841918945,
      "mid_to_side_loudness": -15.501253128051758,
      "mid_to_side_loudness_range": 18.500368118286133,
      "side_mean": -46.25749588012695
    },
    {
      "high_freq": 392.3793640136719,
      "loudness": -23.727169036865234,
      "loudness_range": 13.781770706176758,
      "low_freq": 148.1999969482422,
      "mid_mean": -20.276836395263672,
      "mid_to_side_loudness": -13.077396392822266,
      "mid_to_side_loudness_range": 10.591922760009766,
      "side_mean": -33.60758972167969
    },
    {
      "high_freq": 794.6976318359375,
      "loudness": -25.17500877380371,
      "loudness_range": 16.359363555908203,
      "low_freq": 392.3793640136719,
      "mid_mean": -21.916601181030273,
      "mid_to_side_loudness": -10.517545700073242,
      "mid_to_side_loudness_range": 12.233857154846191,
      "side_mean": -32.627662658691406
    },
    {
      "high_freq": 1457.5709228515625,
      "loudness": -27.678585052490234,
      "loudness_range": 19.79999542236328,
      "low_freq": 794.6976318359375,
      "mid_mean": -24.714933395385742,
      "mid_to_side_loudness": -9.16364860534668,
      "mid_to_side_loudness_range": 13.355180740356445,
      "side_mean": -33.893707275390625
    },
    {
      "high_freq": 2549.74365234375,
      "loudness": -26.63568878173828,
      "loudness_range": 15.730310440063477,
      "low_freq": 1457.5709228515625,
      "mid_mean": -23.639968872070312,
      "mid_to_side_loudness": -9.051194190979004,
      "mid_to_side_loudness_range": 12.036025047302246,
      "side_mean": -32.70038986206055
    },
    {
      "high_freq": 4349.24462890625,
      "loudness": -28.441898345947266,
      "loudness_range": 14.057767868041992,
      "low_freq": 2549.74365234375,
      "mid_mean": -25.4320011138916,
      "mid_to_side_loudness": -8.807074546813965,
      "mid_to_side_loudness_range": 10.552797317504883,
      "side_mean": -34.23944854736328
    },
    {
      "high_freq": 7314.1640625,
      "loudness": -31.192161560058594,
      "loudness_range": 15.194456100463867,
      "low_freq": 4349.24462890625,
      "mid_mean": -28.37952995300293,
      "mid_to_side_loudness": -7.131211757659912,
      "mid_to_side_loudness_range": 8.612977981567383,
      "side_mean": -35.533329010009766
    },
    {
      "high_freq": 12199.2666015625,
      "loudness": -32.893043518066406,
      "loudness_range": 12.746532440185547,
      "low_freq": 7314.1640625,
      "mid_mean": -30.756071090698242,
      "mid_to_side_loudness": -4.099308013916016,
      "mid_to_side_loudness_range": 7.078988552093506,
      "side_mean": -34.93627166748047
    },
    {
      "loudness": -39.19978332519531,
      "loudness_range": 17.591596603393555,
      "low_freq": 12199.2666015625,
      "mid_mean": -37.705657958984375,
      "mid_to_side_loudness": -2.1270477771759033,
      "mid_to_side_loudness_range": 6.141797065734863,
      "side_mean": -39.88649368286133
    }
  ],
  "channels": 2,
  "covariance": [
    [
      20.01140785217285,
      11.320419311523438,
      9.811158180236816,
      8.547600746154785,
      6.724757671356201,
      5.543110370635986,
      3.5117340087890625,
      1.6081616878509521,
      2.2600295543670654,
      -0.2672234773635864,
      2.666534423828125,
      -0.15343382954597473,
      3.713024854660034,
      2.43385910987854,
      3.961095094680786,
      3.525550365447998,
      3.0569961071014404,
      2.630946159362793
    ],
    [
      11.320419311523438,
      13.869353294372559,
      8.242287635803223,
      8.627114295959473,
      5.469815731048584,
      4.07870626449585,
      0.08428256958723068,
      -2.00333833694458,
      -0.417571097612381,
      -2.597405433654785,
      0.6798394918441772,
      -0.999979555606842,
      1.467104434967041,
      0.983587384223938,
      2.5719094276428223,
      1.8330812454223633,
      1.6297926902770996,
      0.3338211178779602
    ],
    [
      9.811158180236816,
      8.242287635803223,
      17.350322723388672,
      16.31977081298828,
      13.325220108032227,
      10.462586402893066,
      4.621707439422607,
      0.9369222521781921,
      3.8095614910125732,
      -0.583852231502533,
      3.550463914871216,
      -1.1808871030807495,
      4.495616912841797,
      1.9505406618118286,
      4.842253684997559,
      2.6873841285705566,
      2.4637303352355957,
      2.1294422149658203
    ],
    [
      8.547600746154785,
      8.627114295959473,
      16.31977081298828,
      19.647153854370117,
      14.483236312866211,
      11.712035179138184,
      5.433997631072998,
      0.9862027764320374,
      3.583688974380493,
      -1.0163615942001343,
      3.5984745025634766,
      -1.598586916923523,
      5.238569259643555,
      2.4062187671661377,
      4.830745697021484,
      2.5159661769866943,
      1.9581220149993896,
      1.9463824033737183
    ],
    [
      6.724757671356201,
      5.469815731048584,
      13.325220108032227,
      14.483236312866211,
      25.05169677734375,
      19.08490753173828,
      15.702094078063965,
      8.98091983795166,
      11.26170539855957,
      4.185800075531006,
      8.679280281066895,
      1.232475996017456,
      9.741634368896484,
      5.1818766593933105,
      5.808604717254639,
      3.273148536682129,
      0.44300708174705505,
      1.3285696506500244
    ],
    [
      5.543110370635986,
      4.07870626449585,
      10.462586402893066,
      11.712035179138184,
      19.08490753173828,
      21.288427352905273,
      14.81663703918457,
      13.909834861755371,
      10.859238624572754,
      8.12044620513916,
      8.599520683288574,
      4.8533501625061035,
      10.001487731933594,
      7.559463024139404,
      5.610933780670166,
      4.368675708770752,
      0.9250181913375854,
      2.3750460147857666
    ],
    [
      3.5117340087890625,
      0.08428256958723068,
      4.621707439422607,
      5.433997631072998,
      15.702094078063965,
      14.81663703918457,
      31.7625675201416,
      28.59579849243164,
      18.022470474243164,
      15.290342330932617,
      13.101370811462402,
      7.986203193664551,
      13.321029663085938,
      11.112488746643066,
      5.037458419799805,
      5.416059970855713,
      0.9428248405456543,
      3.2915072441101074
    ],
    [
      1.6081616878509521,
      -2.00333833694458,
      0.9369222521781921,
      0.9862027764320374,
      8.98091983795166,
      13.909834861755371,
      28.59579849243164,
      39.66385269165039,
      16.705028533935547,
      22.16931915283203,
      12.555795669555664,
      13.853177070617676,
      12.780972480773926,
      14.95299243927002,
      4.801304817199707,
      7.303287982940674,
      2.7650346755981445,
      5.792539119720459
    ],
    [
      2.2600295543670654,
      -0.417571097612381,
      3.8095614910125732,
      3.583688974380493,
      11.26170539855957,
      10.859238624572754,
      18.022470474243164,
      16.705028533935547,
      19.742477416992188,
      14.49168586730957,
      13.968653678894043,
      9.566123962402344,
      13.324308395385742,
      9.612381935119629,
      6.754365921020508,
      6.099233627319336,
      2.997873544692993,
      5.00142765045166
    ],
    [
      -0.2672234773635864,
      -2.597405433654785,
      -0.583852231502533,
      -1.0163615942001343,
      4.185800075531006,
      8.12044620513916,
      15.290342330932617,
      22.16931915283203,
      14.49168586730957,
      18.12105941772461,
      11.102640151977539,
      12.652385711669922,
      10.69720458984375,
      11.646923065185547,
      4.940624237060547,
      6.69540548324585,
      3.204979658126831,
      5.94262170791626
    ],
    [
      2.666534423828125,
      0.6798394918441772,
      3.550463914871216,
      3.5984745025634766,
      8.679280281066895,
      8.599520683288574,
      13.101370811462402,
      12.555795669555664,
      13.968653678894043,
      11.102640151977539,
      14.04089069366455,
      10.239288330078125,
      12.151812553405762,
      9.75487232208252,
      6.421114444732666,
      6.282674789428711,
      3.3252341747283936,
      5.626585006713867
    ],
    [
      -0.15343382954597473,
      -0.999979555606842,
      -1.1808871030807495,
      -1.598586916923523,
      1.232475996017456,
      4.8533501625061035,
      7.986203193664551,
      13.853177070617676,
      9.566123962402344,
      12.652385711669922,
      10.239288330078125,
      13.529519081115723,
      9.243488311767578,
      11.263439178466797,
      4.684891223907471,
      7.032743453979492,
      3.7926523685455322,
      6.799951553344727
    ],
    [
      3.713024854660034,
      1.467104434967041,
      4.495616912841797,
      5.238569259643555,
      9.741634368896484,
      10.001487731933594,
      13.321029663085938,
      12.780972480773926,
      13.324308395385742,
      10.69720458984375,
      12.151812553405762,
      9.243488311767578,
      15.67070198059082,
      12.560346603393555,
      8.11364459991455,
      7.885809898376465,
      3.3135621547698975,
      6.264506816864014
    ],
    [
      2.43385910987854,
      0.983587384223938,
      1.9505406618118286,
      2.4062187671661377,
      5.1818766593933105,
      7.559463024139404,
      11.112488746643066,
      14.95299243927002,
      9.612381935119629,
      11.646923065185547,
      9.75487232208252,
      11.263439178466797,
      12.560346603393555,
      14.575858116149902,
      5.8996076583862305,
      8.482197761535645,
      2.983851194381714,
      6.868323802947998
    ],
    [
      3.961095094680786,
      2.5719094276428223,
      4.842253684997559,
      4.830745697021484,
      5.808604717254639,
      5.610933780670166,
      5.037458419799805,
      4.801304817199707,
      6.754365921020508,
      4.940624237060547,
      6.421114444732666,
      4.684891223907471,
      8.11364459991455,
      5.8996076583862305,
      10.531026840209961,
      7.267693996429443,
      7.76876974105835,
      7.192874908447266
    ],
    [
      3.525550365447998,
      1.8330812454223633,
      2.6873841285705566,
      2.5159661769866943,
      3.273148536682129,
      4.368675708770752,
      5.416059970855713,
      7.303287982940674,
      6.099233627319336,
      6.69540548324585,
      6.282674789428711,
      7.032743453979492,
      7.885809898376465,
      8.482197761535645,
      7.267693996429443,
      9.486035346984863,
      7.089906692504883,
      9.539190292358398
    ],
    [
      3.0569961071014404,
      1.6297926902770996,
      2.4637303352355957,
      1.9581220149993896,
      0.44300708174705505,
      0.9250181913375854,
      0.9428248405456543,
      2.7650346755981445,
      2.997873544692993,
      3.204979658126831,
      3.3252341747283936,
      3.7926523685455322,
      3.3135621547698975,
      2.983851194381714,
      7.76876974105835,
      7.089906692504883,
      11.91359806060791,
      10.785331726074219
    ],
    [
      2.630946159362793,
      0.3338211178779602,
      2.1294422149658203,
      1.9463824033737183,
      1.3285696506500244,
      2.3750460147857666,
      3.2915072441101074,
      5.792539119720459,
      5.00142765045166,
      5.94262170791626,
      5.626585006713867,
      6.799951553344727,
      6.264506816864014,
      6.868323802947998,
      7.192874908447266,
      9.539190292358398,
      10.785331726074219,
      14.16181755065918
    ]
  ],
  "covariance_short": [
    [
      51.1446418762207,
      18.1273193359375,
      23.576675415039062,
      16.518672943115234,
      15.54708480834961,
      12.036540985107422,
      9.14856243133545,
      3.3740234375,
      5.542156219482422,
      -0.9782126545906067,
      7.119142532348633,
      -0.39604002237319946,
      8.039342880249023,
      4.434835910797119,
      8.142905235290527,
      6.223779678344727,
      8.507953643798828,
      7.1039862632751465
    ],
    [
      18.1273193359375,
      28.770126342773438,
      12.214090347290039,
      12.563698768615723,
      8.943462371826172,
      6.599740982055664,
      3.2065258026123047,
      0.11383549124002457,
      1.6284503936767578,
      -1.8499101400375366,
      2.017484664916992,
      -0.9564375877380371,
      3.645646572113037,
      2.3839402198791504,
      5.772171974182129,
      5.032411098480225,
      4.637688636779785,
      3.5741536617279053
    ],
    [
      23.576675415039062,
      12.214090347290039,
      28.034521102905273,
      18.067401885986328,
      17.007909774780273,
      12.98983097076416,
      7.800289154052734,
      2.855210542678833,
      6.492496013641357,
      0.2705923318862915,
      6.599225044250488,
      0.512708842754364,
      6.8187031745910645,
      4.091460704803467,
      6.454704284667969,
      5.009618282318115,
      6.497284412384033,
      6.04162073135376
    ],
    [
      16.518672943115234,
      12.563698768615723,
      18.067401885986328,
      24.314298629760742,
      16.72783851623535,
      13.423460006713867,
      7.833796501159668,
      2.668872594833374,
      5.332118034362793,
      -0.2353922426700592,
      5.393709182739258,
      -0.20042157173156738,
      6.576314449310303,
      3.931490421295166,
      6.399038791656494,
      4.514983177185059,
      4.537939071655273,
      4.075173854827881
    ],
    [
      15.54708480834961,
      8.943462371826172,
      17.007909774780273,
      16.72783851623535,
      36.70623016357422,
      23.847869873046875,
      21.32708740234375,
      11.270581245422363,
      17.848758697509766,
      6.48219108581543,
      14.835136413574219,
      4.0160722732543945,
      14.62134838104248,
      8.029563903808594,
      9.127311706542969,
      5.645495414733887,
      4.275578498840332,
      4.610632419586182
    ],
    [
      12.036540985107422,
      6.599740982055664,
      12.98983097076416,
      13.423460006713867,
      23.847869873046875,
      28.186635971069336,
      18.20138168334961,
      14.397605895996094,
      15.058110237121582,
      9.191953659057617,
      12.806794166564941,
      6.8750386238098145,
      13.460349082946777,
      9.749860763549805,
      8.099212646484375,
      6.262210845947266,
      3.9482486248016357,
      5.012735366821289
    ],
    [
      9.14856243133545,
      3.2065258026123047,
      7.800289154052734,
      7.833796501159668,
      21.32708740234375,
      18.20138168334961,
      44.42355728149414,
      32.9216423034668,
      28.110408782958984,
      19.236345291137695,
      22.519527435302734,
      12.504667282104492,
      21.49349021911621,
      16.074983596801758,
      10.03957748413086,
      8.876432418823242,
      5.471374034881592,
      8.17805004119873
    ],
    [
      3.3740234375,
      0.11383549124002457,
      2.855210542678833,
      2.668872594833374,
      11.270581245422363,
      14.397605895996094,
      32.9216423034668,
      42.771888732910156,
      22.083070755004883,
      24.037057876586914,
      17.847564697265625,
      16.561460494995117,
      17.931413650512695,
      18.336225509643555,
      9.178930282592773,
      10.68974494934082,
      6.5620927810668945,
      10.373187065124512
    ],
    [
      5.542156219482422,
      1.6284503936767578,
      6.492496013641357,
      5.332118034362793,
      17.848758697509766,
      15.058110237121582,
      28.110408782958984,
      22.083070755004883,
      33.8524055480957,
      20.325275421142578,
      25.263412475585938,
      15.331586837768555,
      23.48233985900879,
      16.32224464416504,
      12.94072151184082,
      10.895044326782227,
      8.685330390930176,
      11.458175659179688
    ],
    [
      -0.9782126545906067,
      -1.8499101400375366,
      0.2705923318862915,
      -0.2353922426700592,
      6.48219108581543,
      9.191953659057617,
      19.236345291137695,
      24.037057876586914,
      20.325275421142578,
      22.840761184692383,
      16.25428581237793,
      15.98522663116455,
      15.946564674377441,
      15.751495361328125,
      8.969767570495605,
      10.289324760437012,
      6.902552127838135,
      10.534184455871582
    ],
    [
      7.119142532348633,
      2.017484664916992,
      6.599225044250488,
      5.393709182739258,
      14.835136413574219,
      12.806794166564941,
      22.519527435302734,
      17.847564697265625,
      25.263412475585938,
      16.25428581237793,
      27.098752975463867,
      16.882732391357422,
      23.296667098999023,
      17.233339309692383,
      13.923151016235352,
      12.137508392333984,
      10.471287727355957,
      13.409916877746582
    ],
    [
      -0.39604002237319946,
      -0.9564375877380371,
      0.512708842754364,
      -0.20042157173156738,
      4.0160722732543945,
      6.8750386238098145,
      12.504667282104492,
      16.561460494995117,
      15.331586837768555,
      15.98522663116455,
      16.882732391357422,
      18.713640213012695,
      15.93505859375,
      16.93537139892578,
      9.937307357788086,
      12.145737648010254,
      9.147470474243164,
      13.454723358154297
    ],
    [
      8.039342880249023,
      3.645646572113037,
      6.8187031745910645,
      6.576314449310303,
      14.62134838104248,
      13.460349082946777,
      21.49349021911621,
      17.931413650512695,
      23.48233985900879,
      15.946564674377441,
      23.296667098999023,
      15.93505859375,
      30.026077270507812,
      22.2670955657959,
      19.211198806762695,
      16.593814849853516,
      13.29021167755127,
      16.05399513244629
    ],
    [
      4.434835910797119,
      2.3839402198791504,
      4.091460704803467,
      3.931490421295166,
      8.029563903808594,
      9.749860763549805,
      16.074983596801758,
      18.336225509643555,
      16.32224464416504,
      15.751495361328125,
      17.233339309692383,
      16.93537139892578,
      22.2670955657959,
      23.574308395385742,
      14.300795555114746,
      16.7479248046875,
      11.569011688232422,
      16.41561508178711
    ],
    [
      8.142905235290527,
      5.772171974182129,
      6.454704284667969,
      6.399038791656494,
      9.127311706542969,
      8.099212646484375,
      10.03957748413086,
      9.178930282592773,
      12.94072151184082,
      8.969767570495605,
      13.923151016235352,
      9.937307357788086,
      19.211198806762695,
      14.300795555114746,
      24.100412368774414,
      18.61517906188965,
      22.186620712280273,
      21.349361419677734
    ],
    [
      6.223779678344727,
      5.032411098480225,
      5.009618282318115,
      4.514983177185059,
      5.645495414733887,
      6.262210845947266,
      8.876432418823242,
      10.68974494934082,
      10.895044326782227,
      10.289324760437012,
      12.137508392333984,
      12.145737648010254,
      16.593814849853516,
      16.7479248046875,
      18.61517906188965,
      21.82093048095703,
      21.090246200561523,
      24.75091552734375
    ],
    [
      8.507953643798828,
      4.637688636779785,
      6.497284412384033,
      4.537939071655273,
      4.275578498840332,
      3.9482486248016357,
      5.471374034881592,
      6.5620927810668945,
      8.685330390930176,
      6.902552127838135,
      10.471287727355957,
      9.147470474243164,
      13.29021167755127,
      11.569011688232422,
      22.186620712280273,
      21.090246200561523,
      37.71623992919922,
      36.796749114990234
    ],
    [
      7.1039862632751465,
      3.5741536617279053,
      6.04162073135376,
      4.075173854827881,
      4.610632419586182,
      5.012735366821289,
      8.17805004119873,
      10.373187065124512,
      11.458175659179688,
      10.534184455871582,
      13.409916877746582,
      13.454723358154297,
      16.05399513244629,
      16.41561508178711,
      21.349361419677734,
      24.75091552734375,
      36.796749114990234,
      42.97597885131836
    ]
  ],
  "drr": 14.939555168151855,
  "dynamics": 3.0059449672698975,
  "format": 1245190,
  "frames": 7335936,
  "loudness": -13.180685043334961,
  "loudness_range": 7.8062849044799805,
  "loudness_range_short": 10.177340507507324,
  "peak": 0.03727027028799057,
  "rms": -15.598362922668457,
  "sample_rate": 44100,
  "sections": 1,
  "seekable": 1,
  "sharpness": 2.7452540397644043,
  "space": -10.016672134399414
}