{
  "bands": [
    {
      "high_freq": 148.1999969482422,
      "loudness": -59.14938735961914,
      "loudness_range": 29.192913055419922,
      "mid_mean": -56.17763900756836,
      "mid_to_side_loudness": -5.991194725036621,
      "mid_to_side_loudness_range": 6.9773969650268555,
      "side_mean": -61.060523986816406
    },
    {
      "high_freq": 392.3793640136719,
      "loudness": -41.08042907714844,
      "loudness_range": 20.11143684387207,
      "low_freq": 148.1999969482422,
      "mid_mean": -39.93687057495117,
      "mid_to_side_loudness": -1.7813447713851929,
      "mid_to_side_loudness_range": 9.543015480041504,
      "side_mean": -41.676063537597656
    },
    {
      "high_freq": 794.6976318359375,
      "loudness": -38.97129440307617,
      "loudness_range": 20.164997100830078,
      "low_freq": 392.3793640136719,
      "mid_mean": -38.56796646118164,
      "mid_to_side_loudness": 0.17642150819301605,
      "mid_to_side_loudness_range": 7.81638240814209,
      "side_mean": -38.401641845703125
    },
    {
      "high_freq": 1457.5709228515625,
      "loudness": -42.2219123840332,
      "loudness_range": 20.726318359375,
      "low_freq": 794.6976318359375,
      "mid_mean": -40.81774139404297,
      "mid_to_side_loudness": -1.9775301218032837,
      "mid_to_side_loudness_range": 6.7889404296875,
      "side_mean": -42.83375930786133
    },
    {
      "high_freq": 2549.74365234375,
      "loudness": -41.719017028808594,
      "loudness_range": 21.69715690612793,
      "low_freq": 1457.5709228515625,
      "mid_mean": -40.43254852294922,
      "mid_to_side_loudness": -1.556351661682129,
      "mid_to_side_loudness_range": 4.840061187744141,
      "side_mean": -42.02420425415039
    },
    {
      "high_freq": 4349.24462890625,
      "loudness": -45.51264190673828,
      "loudness_range": 26.31406593322754,
      "low_freq": 2549.74365234375,
      "mid_mean": -44.207515716552734,
      "mid_to_side_loudness": -1.5209587812423706,
      "mid_to_side_loudness_range": 4.659450531005859,
      "side_mean": -45.740089416503906
    },
    {
      "high_freq": 7314.1640625,
      "loudness": -55.97617721557617,
      "loudness_range": 29.727130889892578,
      "low_freq": 4349.24462890625,
      "mid_mean": -54.6572380065918,
      "mid_to_side_loudness": -2.016991376876831,
      "mid_to_side_loudness_range": 3.7144532203674316,
      "side_mean": -56.365333557128906
    },
    {
      "high_freq": 12199.2666015625,
      "loudness": -63.41019821166992,
      "loudness_range": 28.75778579711914,
      "low_freq": 7314.1640625,
      "mid_mean": -60.46018981933594,
      "mid_to_side_loudness": -2.4058027267456055,
      "mid_to_side_loudness_range": 3.189025402069092,
      "side_mean": -62.03940200805664
    },
    {
      "loudness": -69.92522430419922,
      "loudness_range": 23.185375213623047,
      "low_freq": 12199.2666015625,
      "mid_mean": -65.1737060546875,
      "mid_to_side_loudness": -0.8928347826004028,
      "mid_to_side_loudness_range": 1.719658374786377,
      "side_mean": -65.56214141845703
    }
  ],
  "bands_short": [
    {
      "high_freq": 148.1999969482422,
      "loudness": -62.72855758666992,
      "loudness_range": 27.998241424560547,
      "mid_mean": -59.310604095458984,
      "mid_to_side_loudness": -6.010762691497803,
      "mid_to_side_loudness_range": 12.272202491760254,
      "side_mean": -63.71194839477539
    },
    {
      "high_freq": 392.3793640136719,
      "loudness": -42.5404052734375,
      "loudness_range": 21.403715133666992,
      "low_freq": 148.1999969482422,
      "mid_mean": -41.48103713989258,
      "mid_to_side_loudness": -1.9585161209106445,
      "mid_to_side_loudness_range": 12.431047439575195,
      "side_mean": -43.510765075683594
    },
    {
      "high_freq": 794.6976318359375,
      "loudness": -39.774658203125,
      "loudness_range": 21.173437118530273,
      "low_freq": 392.3793640136719,
      "mid_mean": -39.58683395385742,
      "mid_to_side_loudness": 0.2614610493183136,
      "mid_to_side_loudness_range": 10.588397979736328,
      "side_mean": -39.32939147949219
    },
    {
      "high_freq": 1457.5709228515625,
      "loudness": -42.3632926940918,
      "loudness_range": 22.04986572265625,
      "low_freq": 794.6976318359375,
      "mid_mean": -41.067718505859375,
      "mid_to_side_loudness": -2.0658116340637207,
      "mid_to_side_loudness_range": 9.579751968383789,
      "side_mean": -43.17208480834961
    },
    {
      "high_freq": 2549.74365234375,
      "loudness": -42.54530715942383,
      "loudness_range": 23.177501678466797,
      "low_freq": 1457.5709228515625,
      "mid_mean": -41.37180709838867,
      "mid_to_side_loudness": -1.488747239112854,
      "mid_to_side_loudness_range": 7.107746124267578,
      "side_mean": -42.863059997558594
    },
    {
      "high_freq": 4349.24462890625,
      "loudness": -46.248313903808594,
      "loudness_range": 27.48222541809082,
      "low_freq": 2549.74365234375,
      "mid_mean": -45.055606842041016,
      "mid_to_side_loudness": -1.5060001611709595,
      "mid_to_side_loudness_range": 6.710793495178223,
      "side_mean": -46.56441879272461
    },
    {
      "high_freq": 7314.1640625,
      "loudness": -56.74366760253906,
      "loudness_range": 30.333587646484375,
      "low_freq": 4349.24462890625,
      "mid_mean": -55.41343688964844,
      "mid_to_side_loudness": -2.0008552074432373,
      "mid_to_side_loudness_range": 5.573792457580566,
      "side_mean": -57.068931579589844
    },
    {
      "high_freq": 12199.2666015625,
      "loudness": -64.04739379882812,
      "loudness_range": 29.052356719970703,
      "low_freq": 7314.1640625,
      "mid_mean": -61.00265121459961,
      "mid_to_side_loudness": -2.3408539295196533,
      "mid_to_side_loudness_range": 4.4469075202941895,
      "side_mean": -62.49128723144531
    },
    {
      "loudness": -70.54310607910156,
      "loudness_range": 23.154876708984375,
      "low_freq": 12199.2666015625,
      "mid_mean": -65.52813720703125,
      "mid_to_side_loudness": -0.8852362036705017,
      "mid_to_side_loudness_range": 2.714841842651367,
      "side_mean": -65.89702606201172
    }
  ],
  "channels": 2,
  "covariance": [
    [
      85.26070404052734,
      67.43637084960938,
      34.18848419189453,
      31.395633697509766,
      17.358606338500977,
      18.10582733154297,
      14.206306457519531,
      13.669136047363281,
      12.10286808013916,
      11.754878044128418,
      9.21452808380127,
      10.792141914367676,
      19.052675247192383,
      18.258913040161133,
      15.350834846496582,
      14.360455513000488,
      11.881048202514648,
      11.320643424987793
    ],
    [
      67.43637084960938,
      57.587276458740234,
      29.027477264404297,
      27.011444091796875,
      16.987934112548828,
      17.037899017333984,
      14.34408950805664,
      14.150395393371582,
      13.111967086791992,
      12.719917297363281,
      11.463621139526367,
      12.720195770263672,
      18.309490203857422,
      17.710115432739258,
      14.729557037353516,
      13.906787872314453,
      11.413406372070312,
      10.918220520019531
    ],
    [
      34.18848419189453,
      29.027477264404297,
      51.22557067871094,
      44.112667083740234,
      29.21681785583496,
      29.984403610229492,
      29.713409423828125,
      30.039203643798828,
      29.185441970825195,
      28.798704147338867,
      28.509878158569336,
      29.361225128173828,
      30.691728591918945,
      29.937835693359375,
      26.577051162719727,
      24.89339828491211,
      19.11581039428711,
      18.27330780029297
    ],
    [
      31.395633697509766,
      27.011444091796875,
      44.112667083740234,
      49.85708999633789,
      30.310815811157227,
      31.19936180114746,
      29.062213897705078,
      29.71918487548828,
      28.99283218383789,
      28.97894859313965,
      28.60646629333496,
      29.088035583496094,
      30.44052505493164,
      29.654571533203125,
      25.868377685546875,
      24.25872230529785,
      18.533035278320312,
      17.75177001953125
    ],
    [
      17.358606338500977,
      16.987934112548828,
      29.21681785583496,
      30.310815811157227,
      45.76470947265625,
      44.67852783203125,
      38.769962310791016,
      39.80101776123047,
      40.69784927368164,
      41.25864028930664,
      42.31545639038086,
      42.809635162353516,
      44.88388442993164,
      43.64824295043945,
      37.6337776184082,
      35.04835891723633,
      24.90577507019043,
      23.94745445251465
    ],
    [
      18.10582733154297,
      17.037899017333984,
      29.984403610229492,
      31.19936180114746,
      44.67852783203125,
      51.111907958984375,
      40.45277404785156,
      40.469505310058594,
      41.09006881713867,
      41.72230529785156,
      42.460453033447266,
      42.776031494140625,
      44.81060028076172,
      43.48366928100586,
      37.843780517578125,
      35.11458969116211,
      24.76999282836914,
      23.712923049926758
    ],
    [
      14.206306457519531,
      14.34408950805664,
      29.713409423828125,
      29.062213897705078,
      38.769962310791016,
      40.45277404785156,
      51.938350677490234,
      48.500770568847656,
      48.48775100708008,
      48.54218673706055,
      54.25108337402344,
      55.35581970214844,
      58.06138610839844,
      56.34206008911133,
      48.72355651855469,
      45.80949401855469,
      31.087867736816406,
      29.926828384399414
    ],
    [
      13.669136047363281,
      14.150395393371582,
      30.039203643798828,
      29.71918487548828,
      39.80101776123047,
      40.469505310058594,
      48.500770568847656,
      51.60559844970703,
      47.850223541259766,
      47.89311218261719,
      53.54262161254883,
      54.687355041503906,
      57.679866790771484,
      55.94029998779297,
      48.02863311767578,
      45.053157806396484,
      31.056350708007812,
      29.922391891479492
    ],
    [
      12.10286808013916,
      13.111967086791992,
      29.185441970825195,
      28.99283218383789,
      40.69784927368164,
      41.09006881713867,
      48.48775100708008,
      47.850223541259766,
      57.585514068603516,
      55.57147216796875,
      61.896202087402344,
      62.710662841796875,
      64.68801879882812,
      62.83610153198242,
      53.19113540649414,
      50.045536041259766,
      33.7886848449707,
      32.53857421875
    ],
    [
      11.754878044128418,
      12.719917297363281,
      28.798704147338867,
      28.97894859313965,
      41.25864028930664,
      41.72230529785156,
      48.54218673706055,
      47.89311218261719,
      55.57147216796875,
      56.929805755615234,
      61.05936813354492,
      62.2571907043457,
      64.1515884399414,
      62.376773834228516,
      52.892120361328125,
      49.86582946777344,
      33.62287521362305,
      32.41817855834961
    ],
    [
      9.21452808380127,
      11.463621139526367,
      28.509878158569336,
      28.60646629333496,
      42.31545639038086,
      42.460453033447266,
      54.25108337402344,
      53.54262161254883,
      61.896202087402344,
      61.05936813354492,
      78.742431640625,
      78.2132568359375,
      80.76726531982422,
      78.27896118164062,
      67.09912872314453,
      63.4111328125,
      42.68986129760742,
      41.22184753417969
    ],
    [
      10.792141914367676,
      12.720195770263672,
      29.361225128173828,
      29.088035583496094,
      42.809635162353516,
      42.776031494140625,
      55.35581970214844,
      54.687355041503906,
      62.710662841796875,
      62.2571907043457,
      78.2132568359375,
      80.93939208984375,
      81.8272476196289,
      79.33696746826172,
      67.65240478515625,
      64.05944061279297,
      43.001304626464844,
      41.58661651611328
    ],
    [
      19.052675247192383,
      18.309490203857422,
      30.691728591918945,
      30.44052505493164,
      44.88388442993164,
      44.81060028076172,
      58.06138610839844,
      57.679866790771484,
      64.68801879882812,
      64.1515884399414,
      80.76726531982422,
      81.8272476196289,
      96.67282104492188,
      92.49520111083984,
      78.02417755126953,
      73.33108520507812,
      49.23176956176758,
      47.443092346191406
    ],
    [
      18.258913040161133,
      17.710115432739258,
      29.937835693359375,
      29.654571533203125,
      43.64824295043945,
      43.48366928100586,
      56.34206008911133,
      55.94029998779297,
      62.83610153198242,
      62.376773834228516,
      78.27896118164062,
      79.33696746826172,
      92.49520111083984,
      90.00569152832031,
      75.3857192993164,
      71.12276458740234,
      47.73665237426758,
      46.06369400024414
    ],
    [
      15.350834846496582,
      14.729557037353516,
      26.577051162719727,
      25.868377685546875,
      37.6337776184082,
      37.843780517578125,
      48.72355651855469,
      48.02863311767578,
      53.19113540649414,
      52.892120361328125,
      67.09912872314453,
      67.65240478515625,
      78.02417755126953,
      75.3857192993164,
      67.7887191772461,
      63.78506088256836,
      43.3485221862793,
      41.81379699707031
    ],
    [
      14.360455513000488,
      13.906787872314453,
      24.89339828491211,
      24.25872230529785,
      35.04835891723633,
      35.11458969116211,
      45.80949401855469,
      45.053157806396484,
      50.045536041259766,
      49.86582946777344,
      63.4111328125,
      64.05944061279297,
      73.33108520507812,
      71.12276458740234,
      63.78506088256836,
      60.8347053527832,
      41.35762405395508,
      39.99785232543945
    ],
    [
      11.881048202514648,
      11.413406372070312,
      19.11581039428711,
      18.533035278320312,
      24.90577507019043,
      24.76999282836914,
      31.087867736816406,
      31.056350708007812,
      33.7886848449707,
      33.62287521362305,
      42.68986129760742,
      43.001304626464844,
      49.23176956176758,
      47.73665237426758,
      43.3485221862793,
      41.35762405395508,
      30.12693214416504,
      29.130353927612305
    ],
    [
      11.320643424987793,
      10.918220520019531,
      18.27330780029297,
      17.75177001953125,
      23.94745445251465,
      23.712923049926758,
      29.926828384399414,
      29.922391891479492,
      32.53857421875,
      32.41817855834961,
      41.22184753417969,
      41.58661651611328,
      47.443092346191406,
      46.06369400024414,
      41.81379699707031,
      39.99785232543945,
      29.130353927612305,
      28.351680755615234
    ]
  ],
  "covariance_short": [
    [
      74.3713607788086,
      50.90796661376953,
      32.90852355957031,
      30.48626708984375,
      14.935137748718262,
      15.888405799865723,
      13.762699127197266,
      13.311468124389648,
      10.03608226776123,
      9.669899940490723,
      8.131098747253418,
      8.953204154968262,
      15.442312240600586,
      14.868194580078125,
      11.957643508911133,
      11.144607543945312,
      8.698497772216797,
      8.297201156616211
    ],
    [
      50.90796661376953,
      41.01478576660156,
      25.327505111694336,
      23.75958251953125,
      12.52436351776123,
      13.227903366088867,
      11.511566162109375,
      11.151979446411133,
      9.105470657348633,
      8.779841423034668,
      7.738890647888184,
      8.34121322631836,
      12.25556755065918,
      11.913375854492188,
      9.646413803100586,
      9.027137756347656,
      6.9486870765686035,
      6.647010326385498
    ],
    [
      32.90852355957031,
      25.327505111694336,
      60.03086853027344,
      48.386383056640625,
      31.05629539489746,
      32.63838195800781,
      31.463336944580078,
      31.566797256469727,
      29.59504508972168,
      29.201210021972656,
      28.672435760498047,
      29.045209884643555,
      30.185367584228516,
      29.637428283691406,
      25.61434555053711,
      23.876039505004883,
      17.77634048461914,
      16.90546226501465
    ],
    [
      30.48626708984375,
      23.75958251953125,
      48.386383056640625,
      57.84534454345703,
      31.19302749633789,
      33.329654693603516,
      29.746131896972656,
      30.01133155822754,
      28.534147262573242,
      28.076372146606445,
      27.26568031311035,
      27.432058334350586,
      27.984956741333008,
      27.471027374267578,
      23.550662994384766,
      21.97534942626953,
      16.429304122924805,
      15.691428184509277
    ],
    [
      14.935137748718262,
      12.52436351776123,
      31.05629539489746,
      31.19302749633789,
      52.091331481933594,
      49.11857604980469,
      39.92290496826172,
      40.51877975463867,
      42.704017639160156,
      42.87041473388672,
      42.865474700927734,
      43.19458770751953,
      43.53272247314453,
      42.451751708984375,
      35.36199951171875,
      32.71084213256836,
      22.389934539794922,
      21.432815551757812
    ],
    [
      15.888405799865723,
      13.227903366088867,
      32.63838195800781,
      33.329654693603516,
      49.11857604980469,
      60.31665802001953,
      42.87106704711914,
      42.10756301879883,
      43.89158630371094,
      44.351104736328125,
      43.902923583984375,
      44.05177688598633,
      44.53586959838867,
      43.31520462036133,
      36.623069763183594,
      33.78944396972656,
      22.9688663482666,
      21.861644744873047
    ],
    [
      13.762699127197266,
      11.511566162109375,
      31.463336944580078,
      29.746131896972656,
      39.92290496826172,
      42.87106704711914,
      59.14220428466797,
      51.62843704223633,
      51.44046401977539,
      51.3955078125,
      56.73768997192383,
      57.12077713012695,
      57.561317443847656,
      56.1102409362793,
      47.72774124145508,
      44.78658676147461,
      29.725332260131836,
      28.548416137695312
    ],
    [
      13.311468124389648,
      11.151979446411133,
      31.566797256469727,
      30.01133155822754,
      40.51877975463867,
      42.10756301879883,
      51.62843704223633,
      56.880863189697266,
      50.313499450683594,
      49.999778747558594,
      55.57680892944336,
      56.09737777709961,
      57.164791107177734,
      55.504608154296875,
      46.83894729614258,
      43.81244659423828,
      29.378938674926758,
      28.241228103637695
    ],
    [
      10.03608226776123,
      9.105470657348633,
      29.59504508972168,
      28.534147262573242,
      42.704017639160156,
      43.89158630371094,
      51.44046401977539,
      50.313499450683594,
      64.36748504638672,
      60.183326721191406,
      65.04827880859375,
      65.43963623046875,
      65.72523498535156,
      63.775390625,
      52.71604919433594,
      49.43293762207031,
      32.375980377197266,
      31.154916763305664
    ],
    [
      9.669899940490723,
      8.779841423034668,
      29.201210021972656,
      28.076372146606445,
      42.87041473388672,
      44.351104736328125,
      51.3955078125,
      49.999778747558594,
      60.183326721191406,
      62.92011260986328,
      64.26033782958984,
      64.8206787109375,
      64.96968078613281,
      63.22333908081055,
      52.504703521728516,
      49.34908676147461,
      32.3028678894043,
      31.101003646850586
    ],
    [
      8.131098747253418,
      7.738890647888184,
      28.672435760498047,
      27.26568031311035,
      42.865474700927734,
      43.902923583984375,
      56.73768997192383,
      55.57680892944336,
      65.04827880859375,
      64.26033782958984,
      84.12986755371094,
      81.6714859008789,
      81.41170501708984,
      78.83148193359375,
      66.17345428466797,
      62.343868255615234,
      40.67079162597656,
      39.208457946777344
    ],
    [
      8.953204154968262,
      8.34121322631836,
      29.045209884643555,
      27.432058334350586,
      43.19458770751953,
      44.05177688598633,
      57.12077713012695,
      56.09737777709961,
      65.43963623046875,
      64.8206787109375,
      81.6714859008789,
      85.27098083496094,
      81.93833923339844,
      79.39715576171875,
      66.27650451660156,
      62.59226608276367,
      40.746917724609375,
      39.36038589477539
    ],
    [
      15.442312240600586,
      12.25556755065918,
      30.185367584228516,
      27.984956741333008,
      43.53272247314453,
      44.53586959838867,
      57.561317443847656,
      57.164791107177734,
      65.72523498535156,
      64.96968078613281,
      81.41170501708984,
      81.93833923339844,
      96.0617446899414,
      90.92584991455078,
      75.3348159790039,
      70.52238464355469,
      46.00826644897461,
      44.293704986572266
    ],
    [
      14.868194580078125,
      11.913375854492188,
      29.637428283691406,
      27.471027374267578,
      42.451751708984375,
      43.31520462036133,
      56.1102409362793,
      55.504608154296875,
      63.775390625,
      63.22333908081055,
      78.83148193359375,
      79.39715576171875,
      90.92584991455078,
      89.1960678100586,
      72.65645599365234,
      68.37242889404297,
      44.669456481933594,
      43.0704460144043
    ],
    [
      11.957643508911133,
      9.646413803100586,
      25.61434555053711,
      23.550662994384766,
      35.36199951171875,
      36.623069763183594,
      47.72774124145508,
      46.83894729614258,
      52.71604919433594,
      52.504703521728516,
      66.17345428466797,
      66.27650451660156,
      75.3348159790039,
      72.65645599365234,
      65.84669494628906,
      61.31047821044922,
      40.5737190246582,
      39.05059814453125
    ],
    [
      11.144607543945312,
      9.027137756347656,
      23.876039505004883,
      21.97534942626953,
      32.71084213256836,
      33.78944396972656,
      44.78658676147461,
      43.81244659423828,
      49.43293762207031,
      49.34908676147461,
      62.343868255615234,
      62.59226608276367,
      70.52238464355469,
      68.37242889404297,
      61.31047821044922,
      58.704986572265625,
      38.57682418823242,
      37.26530075073242
    ],
    [
      8.698497772216797,
      6.9486870765686035,
      17.77634048461914,
      16.429304122924805,
      22.389934539794922,
      22.9688663482666,
      29.725332260131836,
      29.378938674926758,
      32.375980377197266,
      32.3028678894043,
      40.67079162597656,
      40.746917724609375,
      46.00826644897461,
      44.669456481933594,
      40.5737190246582,
      38.57682418823242,
      27.916370391845703,
      26.778560638427734
    ],
    [
      8.297201156616211,
      6.647010326385498,
      16.90546226501465,
      15.691428184509277,
      21.432815551757812,
      21.861644744873047,
      28.548416137695312,
      28.241228103637695,
      31.154916763305664,
      31.101003646850586,
      39.208457946777344,
      39.36038589477539,
      44.293704986572266,
      43.0704460144043,
      39.05059814453125,
      37.26530075073242,
      26.778560638427734,
      26.178747177124023
    ]
  ],
  "drr": 13.381614685058594,
  "dynamics": 5.997494220733643,
  "format": 1245190,
  "frames": 13144064,
  "loudness": -29.5220947265625,
  "loudness_range": 18.322973251342773,
  "loudness_range_short": 19.719228744506836,
  "peak": -3.103658437728882,
  "rms": -29.37822151184082,
  "sample_rate": 44100,
  "sections": 1,
  "seekable": 1,
  "sharpness": 2.728403329849243,
  "space": -1.1751667261123657
}