{
  "bands": [
    {
      "high_freq": 148.1999969482422,
      "loudness": -20.265371322631836,
      "loudness_range": 11.3540620803833,
      "mid_mean": -16.758100509643555,
      "mid_to_side_loudness": -15.448811531066895,
      "mid_to_side_loudness_range": 20.474977493286133,
      "side_mean": -33.277740478515625
    },
    {
      "high_freq": 392.3793640136719,
      "loudness": -22.677902221679688,
      "loudness_range": 10.467578887939453,
      "low_freq": 148.1999969482422,
      "mid_mean": -19.80946922302246,
      "mid_to_side_loudness": -7.3606672286987305,
      "mid_to_side_loudness_range": 7.661675453186035,
      "side_mean": -27.23603057861328
    },
    {
      "high_freq": 794.6976318359375,
      "loudness": -24.18653106689453,
      "loudness_range": 11.067132949829102,
      "low_freq": 392.3793640136719,
      "mid_mean": -21.25359535217285,
      "mid_to_side_loudness": -8.181845664978027,
      "mid_to_side_loudness_range": 10.437520980834961,
      "side_mean": -29.505334854125977
    },
    {
      "high_freq": 1457.5709228515625,
      "loudness": -26.37379264831543,
      "loudness_range": 13.377325057983398,
      "low_freq": 794.6976318359375,
      "mid_mean": -23.47249984741211,
      "mid_to_side_loudness": -8.093646049499512,
      "mid_to_side_loudness_range": 11.993471145629883,
      "side_mean": -31.767196655273438
    },
    {
      "high_freq": 2549.74365234375,
      "loudness": -23.798837661743164,
      "loudness_range": 16.36581039428711,
      "low_freq": 1457.5709228515625,
      "mid_mean": -20.631546020507812,
      "mid_to_side_loudness": -10.184473037719727,
      "mid_to_side_loudness_range": 14.268261909484863,
      "side_mean": -31.27699851989746
    },
    {
      "high_freq": 4349.24462890625,
      "loudness": -23.28249740600586,
      "loudness_range": 16.182523727416992,
      "low_freq": 2549.74365234375,
      "mid_mean": -20.027362823486328,
      "mid_to_side_loudness": -10.599015235900879,
      "mid_to_side_loudness_range": 14.059640884399414,
      "side_mean": -31.336299896240234
    },
    {
      "high_freq": 7314.1640625,
      "loudness": -27.360416412353516,
      "loudness_range": 15.791084289550781,
      "low_freq": 4349.24462890625,
      "mid_mean": -24.163747787475586,
      "mid_to_side_loudness": -10.774932861328125,
      "mid_to_side_loudness_range": 14.768301010131836,
      "side_mean": -35.78908920288086
    },
    {
      "high_freq": 12199.2666015625,
      "loudness": -34.390052795410156,
      "loudness_range": 16.09164047241211,
      "low_freq": 7314.1640625,
      "mid_mean": -31.556730270385742,
      "mid_to_side_loudness": -7.972754001617432,
      "mid_to_side_loudness_range": 12.457505226135254,
      "side_mean": -39.708885192871094
    },
    {
      "loudness": -41.17240905761719,
      "loudness_range": 21.413169860839844,
      "low_freq": 12199.2666015625,
      "mid_mean": -38.56251907348633,
      "mid_to_side_loudness": -7.486553192138672,
      "mid_to_side_loudness_range": 14.510736465454102,
      "side_mean": -46.06618881225586
    }
  ],
  "bands_short": [
    {
      "high_freq": 148.1999969482422,
      "loudness": -22.47893524169922,
      "loudness_range": 17.924976348876953,
      "mid_mean": -18.976980209350586,
      "mid_to_side_loudness": -17.898099899291992,
      "mid_to_side_loudness_range": 26.387039184570312,
      "side_mean": -39.41343688964844
    },
    {
      "high_freq": 392.3793640136719,
      "loudness": -21.924745559692383,
      "loudness_range": 12.4864501953125,
      "low_freq": 148.1999969482422,
      "mid_mean": -19.082855224609375,
      "mid_to_side_loudness": -8.02245807647705,
      "mid_to_side_loudness_range": 11.826109886169434,
      "side_mean": -27.035053253173828
    },
    {
      "high_freq": 794.6976318359375,
      "loudness": -24.650959014892578,
      "loudness_range": 12.36790657043457,
      "low_freq": 392.3793640136719,
      "mid_mean": -21.83036994934082,
      "mid_to_side_loudness": -8.302966117858887,
      "mid_to_side_loudness_range": 14.049053192138672,
      "side_mean": -30.245166778564453
    },
    {
      "high_freq": 1457.5709228515625,
      "loudness": -26.279109954833984,
      "loudness_range": 15.000995635986328,
      "low_freq": 794.6976318359375,
      "mid_mean": -23.50586700439453,
      "mid_to_side_loudness": -7.785050868988037,
      "mid_to_side_loudness_range": 14.730777740478516,
      "side_mean": -31.66716766357422
    },
    {
      "high_freq": 2549.74365234375,
      "loudness": -24.273218154907227,
      "loudness_range": 17.932689666748047,
      "low_freq": 1457.5709228515625,
      "mid_mean": -21.226818084716797,
      "mid_to_side_loudness": -9.73354434967041,
      "mid_to_side_loudness_range": 16.648855209350586,
      "side_mean": -31.626768112182617
    },
    {
      "high_freq": 4349.24462890625,
      "loudness": -23.693069458007812,
      "loudness_range": 18.10254669189453,
      "low_freq": 2549.74365234375,
      "mid_mean": -20.567928314208984,
      "mid_to_side_loudness": -10.057079315185547,
      "mid_to_side_loudness_range": 15.917401313781738,
      "side_mean": -31.634912490844727
    },
    {
      "high_freq": 7314.1640625,
      "loudness": -27.9282169342041,
      "loudness_range": 18.829811096191406,
      "low_freq": 4349.24462890625,
      "mid_mean": -24.88085174560547,
      "mid_to_side_loudness": -10.156562805175781,
      "mid_to_side_loudness_range": 16.691913604736328,
      "side_mean": -36.086360931396484
    },
    {
      "high_freq": 12199.2666015625,
      "loudness": -35.456336975097656,
      "loudness_range": 20.762481689453125,
      "low_freq": 7314.1640625,
      "mid_mean": -32.73419189453125,
      "mid_to_side_loudness": -8.290820121765137,
      "mid_to_side_loudness_range": 15.764019012451172,
      "side_mean": -41.67646789550781
    },
    {
      "loudness": -43.77539825439453,
      "loudness_range": 27.223970413208008,
      "low_freq": 12199.2666015625,
      "mid_mean": -41.41332244873047,
      "mid_to_side_loudness": -7.756881237030029,
      "mid_to_side_loudness_range": 17.082046508789062,
      "side_mean": -52.18928909301758
    }
  ],
  "channels": 2,
  "covariance": [
    [
      28.674945831298828,
      11.371977806091309,
      12.531174659729004,
      11.736359596252441,
      8.082035064697266,
      10.130219459533691,
      10.979058265686035,
      14.817000389099121,
      8.78327751159668,
      12.463284492492676,
      7.580865383148193,
      12.615228652954102,
      7.381462097167969,
      13.305299758911133,
      9.2905855178833,
      16.224672317504883,
      11.781525611877441,
      18.676010131835938
    ],
    [
      11.371977806091309,
      31.620569229125977,
      7.564945697784424,
      10.341729164123535,
      6.034280776977539,
      9.614748001098633,
      8.040664672851562,
      12.75778865814209,
      10.248677253723145,
      12.260631561279297,
      6.99586296081543,
      11.665597915649414,
      7.269653797149658,
      13.357093811035156,
      8.616996765136719,
      13.953360557556152,
      10.935934066772461,
      15.764806747436523
    ],
    [
      12.531174659729004,
      7.564945697784424,
      18.422983169555664,
      16.724929809570312,
      7.838662147521973,
      10.282607078552246,
      8.125353813171387,
      13.236695289611816,
      3.4077606201171875,
      6.736147403717041,
      2.215200662612915,
      6.485202312469482,
      3.1572017669677734,
      9.015597343444824,
      6.666219234466553,
      14.720470428466797,
      9.652955055236816,
      19.21855354309082
    ],
    [
      11.736359596252441,
      10.341729164123535,
      16.724929809570312,
      22.847747802734375,
      6.9991888999938965,
      11.833552360534668,
      8.030635833740234,
      14.854214668273926,
      3.98063063621521,
      8.338308334350586,
      2.2838025093078613,
      6.871222972869873,
      3.3410186767578125,
      9.933197021484375,
      7.2812275886535645,
      16.063297271728516,
      11.00972843170166,
      21.637100219726562
    ],
    [
      8.082035064697266,
      6.034280776977539,
      7.838662147521973,
      6.9991888999938965,
      19.0579891204834,
      15.494385719299316,
      13.70033073425293,
      14.081337928771973,
      13.99687671661377,
      11.652728080749512,
      13.685300827026367,
      13.141283988952637,
      14.505311012268066,
      15.386950492858887,
      13.38382339477539,
      13.88425064086914,
      12.964349746704102,
      14.06651782989502
    ],
    [
      10.130219459533691,
      9.614748001098633,
      10.282607078552246,
      11.833552360534668,
      15.494385719299316,
      26.57631492614746,
      13.375948905944824,
      21.617870330810547,
      11.874492645263672,
      17.178316116333008,
      10.050114631652832,
      17.290454864501953,
      12.036130905151367,
      21.043376922607422,
      14.419325828552246,
      20.430770874023438,
      16.169572830200195,
      22.374553680419922
    ],
    [
      10.979058265686035,
      8.040664672851562,
      8.125353813171387,
      8.030635833740234,
      13.70033073425293,
      13.375948905944824,
      28.4083194732666,
      18.629308700561523,
      23.777442932128906,
      16.81898307800293,
      23.729875564575195,
      19.484914779663086,
      21.669126510620117,
      20.722898483276367,
      17.41289520263672,
      16.80153465270996,
      15.368630409240723,
      16.115262985229492
    ],
    [
      14.817000389099121,
      12.75778865814209,
      13.236695289611816,
      14.854214668273926,
      14.081337928771973,
      21.617870330810547,
      18.629308700561523,
      31.476011276245117,
      16.540868759155273,
      22.842517852783203,
      13.817399978637695,
      23.990360260009766,
      14.698199272155762,
      25.907381057739258,
      17.548337936401367,
      25.155637741088867,
      20.26009178161621,
      28.09457778930664
    ],
    [
      8.78327751159668,
      10.248677253723145,
      3.4077606201171875,
      3.98063063621521,
      13.99687671661377,
      11.874492645263672,
      23.777442932128906,
      16.540868759155273,
      41.589630126953125,
      22.502370834350586,
      34.451534271240234,
      26.192846298217773,
      30.97144317626953,
      26.71912384033203,
      22.32089614868164,
      16.97496223449707,
      17.012889862060547,
      14.825849533081055
    ],
    [
      12.463284492492676,
      12.260631561279297,
      6.736147403717041,
      8.338308334350586,
      11.652728080749512,
      17.178316116333008,
      16.81898307800293,
      22.842517852783203,
      22.502370834350586,
      29.61447525024414,
      18.326162338256836,
      27.995285034179688,
      16.60719871520996,
      26.22336769104004,
      16.431594848632812,
      20.71933937072754,
      16.624807357788086,
      20.48634910583496
    ],
    [
      7.580865383148193,
      6.99586296081543,
      2.215200662612915,
      2.2838025093078613,
      13.685300827026367,
      10.050114631652832,
      23.729875564575195,
      13.817399978637695,
      34.451534271240234,
      18.326162338256836,
      42.86949157714844,
      25.401641845703125,
      35.469364166259766,
      25.96085548400879,
      23.384984970092773,
      16.183494567871094,
      17.33372688293457,
      11.867000579833984
    ],
    [
      12.615228652954102,
      11.665597915649414,
      6.485202312469482,
      6.871222972869873,
      13.141283988952637,
      17.290454864501953,
      19.484914779663086,
      23.990360260009766,
      26.192846298217773,
      27.995285034179688,
      25.401641845703125,
      37.592491149902344,
      23.136850357055664,
      34.506187438964844,
      21.439159393310547,
      25.481313705444336,
      20.120555877685547,
      22.9840145111084
    ],
    [
      7.381462097167969,
      7.269653797149658,
      3.1572017669677734,
      3.3410186767578125,
      14.505311012268066,
      12.036130905151367,
      21.669126510620117,
      14.698199272155762,
      30.97144317626953,
      16.60719871520996,
      35.469364166259766,
      23.136850357055664,
      41.21205139160156,
      26.614524841308594,
      26.98353385925293,
      19.290285110473633,
      21.619319915771484,
      15.834217071533203
    ],
    [
      13.305299758911133,
      13.357093811035156,
      9.015597343444824,
      9.933197021484375,
      15.386950492858887,
      21.043376922607422,
      20.722898483276367,
      25.907381057739258,
      26.71912384033203,
      26.22336769104004,
      25.96085548400879,
      34.506187438964844,
      26.614524841308594,
      46.92457580566406,
      29.105684280395508,
      38.83723831176758,
      31.32233428955078,
      41.35185241699219
    ],
    [
      9.2905855178833,
      8.616996765136719,
      6.666219234466553,
      7.2812275886535645,
      13.38382339477539,
      14.419325828552246,
      17.41289520263672,
      17.548337936401367,
      22.32089614868164,
      16.431594848632812,
      23.384984970092773,
      21.439159393310547,
      26.98353385925293,
      29.105684280395508,
      33.80938720703125,
      31.915313720703125,
      33.19944763183594,
      33.827911376953125
    ],
    [
      16.224672317504883,
      13.953360557556152,
      14.720470428466797,
      16.063297271728516,
      13.88425064086914,
      20.430770874023438,
      16.80153465270996,
      25.155637741088867,
      16.97496223449707,
      20.71933937072754,
      16.183494567871094,
      25.481313705444336,
      19.290285110473633,
      38.83723831176758,
      31.915313720703125,
      52.80843734741211,
      39.68484878540039,
      59.71175765991211
    ],
    [
      11.781525611877441,
      10.935934066772461,
      9.652955055236816,
      11.00972843170166,
      12.964349746704102,
      16.169572830200195,
      15.368630409240723,
      20.26009178161621,
      17.012889862060547,
      16.624807357788086,
      17.33372688293457,
      20.120555877685547,
      21.619319915771484,
      31.32233428955078,
      33.19944763183594,
      39.68484878540039,
      49.12575149536133,
      53.946502685546875
    ],
    [
      18.676010131835938,
      15.764806747436523,
      19.21855354309082,
      21.637100219726562,
      14.06651782989502,
      22.374553680419922,
      16.115262985229492,
      28.09457778930664,
      14.825849533081055,
      20.48634910583496,
      11.867000579833984,
      22.9840145111084,
      15.834217071533203,
      41.35185241699219,
      33.827911376953125,
      59.71175765991211,
      53.946502685546875,
      89.9826431274414
    ]
  ],
  "covariance_short": [
    [
      43.59767150878906,
      7.9160308837890625,
      13.485685348510742,
      9.34274673461914,
      6.107086658477783,
      7.6646037101745605,
      8.464712142944336,
      11.492506980895996,
      7.843235492706299,
      9.263677597045898,
      7.067262649536133,
      10.40876579284668,
      7.271334648132324,
      12.369826316833496,
      9.308488845825195,
      16.787704467773438,
      11.978041648864746,
      24.590444564819336
    ],
    [
      7.9160308837890625,
      51.40666580200195,
      8.540382385253906,
      11.509305953979492,
      6.25814962387085,
      10.98937702178955,
      8.687102317810059,
      15.219989776611328,
      7.012876033782959,
      11.495176315307617,
      5.681659698486328,
      11.58765697479248,
      5.888796329498291,
      12.756619453430176,
      9.126462936401367,
      15.756014823913574,
      12.462456703186035,
      26.069210052490234
    ],
    [
      13.485685348510742,
      8.540382385253906,
      20.6479434967041,
      15.133209228515625,
      8.646885871887207,
      10.97285270690918,
      9.179739952087402,
      14.298909187316895,
      5.3297953605651855,
      8.592034339904785,
      3.3832435607910156,
      7.802213668823242,
      4.766728401184082,
      10.020903587341309,
      8.077198028564453,
      16.505516052246094,
      11.21666431427002,
      26.452089309692383
    ],
    [
      9.34274673461914,
      11.509305953979492,
      15.133209228515625,
      27.118986129760742,
      7.199862957000732,
      14.0712890625,
      8.687443733215332,
      16.960620880126953,
      5.470458030700684,
      10.148258209228516,
      2.9159274101257324,
      8.124022483825684,
      4.251227378845215,
      11.185535430908203,
      7.041149139404297,
      16.9306583404541,
      10.079849243164062,
      27.5916690826416
    ],
    [
      6.107086658477783,
      6.25814962387085,
      8.646885871887207,
      7.199862957000732,
      23.264240264892578,
      15.005193710327148,
      15.3648099899292,
      14.445548057556152,
      15.279475212097168,
      11.437969207763672,
      14.923800468444824,
      13.492836952209473,
      16.055824279785156,
      14.689541816711426,
      15.053947448730469,
      16.268281936645508,
      15.730517387390137,
      20.89167022705078
    ],
    [
      7.6646037101745605,
      10.98937702178955,
      10.97285270690918,
      14.0712890625,
      15.005193710327148,
      32.4487419128418,
      14.334327697753906,
      23.38922882080078,
      11.102775573730469,
      16.745731353759766,
      10.136369705200195,
      17.22238540649414,
      11.779145240783691,
      20.158273696899414,
      14.278179168701172,
      23.65032958984375,
      16.73415756225586,
      31.91220474243164
    ],
    [
      8.464712142944336,
      8.687102317810059,
      9.179739952087402,
      8.687443733215332,
      15.3648099899292,
      14.334327697753906,
      34.279483795166016,
      20.322317123413086,
      27.217191696166992,
      17.84178924560547,
      26.527435302734375,
      20.737857818603516,
      26.22704315185547,
      21.170034408569336,
      21.271198272705078,
      20.590190887451172,
      20.55597686767578,
      24.305694580078125
    ],
    [
      11.492506980895996,
      15.219989776611328,
      14.298909187316895,
      16.960620880126953,
      14.445548057556152,
      23.38922882080078,
      20.322317123413086,
      37.122642517089844,
      17.17350959777832,
      23.22541618347168,
      14.5137939453125,
      23.894134521484375,
      15.125489234924316,
      24.903221130371094,
      17.584836959838867,
      28.441072463989258,
      20.61686134338379,
      39.471160888671875
    ],
    [
      7.843235492706299,
      7.012876033782959,
      5.3297953605651855,
      5.470458030700684,
      15.279475212097168,
      11.102775573730469,
      27.217191696166992,
      17.17350959777832,
      49.579185485839844,
      23.062902450561523,
      40.7344856262207,
      27.43572425842285,
      38.7123908996582,
      27.42515754699707,
      29.62751579284668,
      22.476503372192383,
      26.79863929748535,
      24.612857818603516
    ],
    [
      9.263677597045898,
      11.495176315307617,
      8.592034339904785,
      10.148258209228516,
      11.437969207763672,
      16.745731353759766,
      17.84178924560547,
      23.22541618347168,
      23.062902450561523,
      32.71048355102539,
      18.82710075378418,
      28.28636932373047,
      17.672962188720703,
      26.577404022216797,
      17.725669860839844,
      25.2686824798584,
      19.3516902923584,
      35.00902557373047
    ],
    [
      7.067262649536133,
      5.681659698486328,
      3.3832435607910156,
      2.9159274101257324,
      14.923800468444824,
      10.136369705200195,
      26.527435302734375,
      14.5137939453125,
      40.7344856262207,
      18.82710075378418,
      51.504093170166016,
      27.26361083984375,
      45.85200500488281,
      28.48031234741211,
      32.69301223754883,
      22.33881950378418,
      29.069889068603516,
      17.65019989013672
    ],
    [
      10.40876579284668,
      11.58765697479248,
      7.802213668823242,
      8.124022483825684,
      13.492836952209473,
      17.22238540649414,
      20.737857818603516,
      23.894134521484375,
      27.43572425842285,
      28.28636932373047,
      27.26361083984375,
      41.60024642944336,
      25.38758659362793,
      35.53533935546875,
      24.717159271240234,
      32.61396789550781,
      25.980812072753906,
      39.38313674926758
    ],
    [
      7.271334648132324,
      5.888796329498291,
      4.766728401184082,
      4.251227378845215,
      16.055824279785156,
      11.779145240783691,
      26.22704315185547,
      15.125489234924316,
      38.7123908996582,
      17.672962188720703,
      45.85200500488281,
      25.38758659362793,
      54.83089065551758,
      30.31439971923828,
      40.434139251708984,
      28.924598693847656,
      38.82550811767578,
      24.03962516784668
    ],
    [
      12.369826316833496,
      12.756619453430176,
      10.020903587341309,
      11.185535430908203,
      14.689541816711426,
      20.158273696899414,
      21.170034408569336,
      24.903221130371094,
      27.42515754699707,
      26.577404022216797,
      28.48031234741211,
      35.53533935546875,
      30.31439971923828,
      50.99838638305664,
      34.24866485595703,
      50.06576919555664,
      40.052162170410156,
      59.535247802734375
    ],
    [
      9.308488845825195,
      9.126462936401367,
      8.077198028564453,
      7.041149139404297,
      15.053947448730469,
      14.278179168701172,
      21.271198272705078,
      17.584836959838867,
      29.62751579284668,
      17.725669860839844,
      32.69301223754883,
      24.717159271240234,
      40.434139251708984,
      34.24866485595703,
      54.35932540893555,
      47.800010681152344,
      55.95612716674805,
      51.75716781616211
    ],
    [
      16.787704467773438,
      15.756014823913574,
      16.505516052246094,
      16.9306583404541,
      16.268281936645508,
      23.65032958984375,
      20.590190887451172,
      28.441072463989258,
      22.476503372192383,
      25.2686824798584,
      22.33881950378418,
      32.61396789550781,
      28.924598693847656,
      50.06576919555664,
      47.800010681152344,
      83.50930786132812,
      61.44722366333008,
      97.99470520019531
    ],
    [
      11.978041648864746,
      12.462456703186035,
      11.21666431427002,
      10.079849243164062,
      15.730517387390137,
      16.73415756225586,
      20.55597686767578,
      20.61686134338379,
      26.79863929748535,
      19.3516902923584,
      29.069889068603516,
      25.980812072753906,
      38.82550811767578,
      40.052162170410156,
      55.95612716674805,
      61.44722366333008,
      80.62680053710938,
      82.86285400390625
    ],
    [
      24.590444564819336,
      26.069210052490234,
      26.452089309692383,
      27.5916690826416,
      20.89167022705078,
      31.91220474243164,
      24.305694580078125,
      39.471160888671875,
      24.612857818603516,
      35.00902557373047,
      17.65019989013672,
      39.38313674926758,
      24.03962516784668,
      59.535247802734375,
      51.75716781616211,
      97.99470520019531,
      82.86285400390625,
      162.1837158203125
    ]
  ],
  "drr": 11.25894546508789,
  "dynamics": 3.1580381393432617,
  "format": 1245190,
  "frames": 10464192,
  "loudness": -10.624573707580566,
  "loudness_range": 8.754207611083984,
  "loudness_range_short": 10.983991622924805,
  "peak": 0.6025570631027222,
  "rms": -12.377169609069824,
  "sample_rate": 44100,
  "sections": 1,
  "seekable": 1,
  "sharpness": 2.048654317855835,
  "space": -10.318551063537598
}