{
  "bands": [
    {
      "high_freq": 148.1999969482422,
      "loudness": -33.6413688659668,
      "loudness_range": 15.470582962036133,
      "mid_mean": -30.415224075317383,
      "mid_to_side_loudness": -11.337456703186035,
      "mid_to_side_loudness_range": 15.283539772033691,
      "side_mean": -42.498558044433594
    },
    {
      "high_freq": 392.3793640136719,
      "loudness": -27.75493812561035,
      "loudness_range": 13.057889938354492,
      "low_freq": 148.1999969482422,
      "mid_mean": -25.39419174194336,
      "mid_to_side_loudness": -5.186156749725342,
      "mid_to_side_loudness_range": 7.513546943664551,
      "side_mean": -30.490217208862305
    },
    {
      "high_freq": 794.6976318359375,
      "loudness": -28.124664306640625,
      "loudness_range": 14.446327209472656,
      "low_freq": 392.3793640136719,
      "mid_mean": -26.106454849243164,
      "mid_to_side_loudness": -3.895143985748291,
      "mid_to_side_loudness_range": 7.571303367614746,
      "side_mean": -29.846834182739258
    },
    {
      "high_freq": 1457.5709228515625,
      "loudness": -30.106094360351562,
      "loudness_range": 16.85418128967285,
      "low_freq": 794.6976318359375,
      "mid_mean": -28.0538387298584,
      "mid_to_side_loudness": -4.0167083740234375,
      "mid_to_side_loudness_range": 9.142618179321289,
      "side_mean": -32.12025451660156
    },
    {
      "high_freq": 2549.74365234375,
      "loudness": -32.21437072753906,
      "loudness_range": 21.24538803100586,
      "low_freq": 1457.5709228515625,
      "mid_mean": -29.89768409729004,
      "mid_to_side_loudness": -4.795293807983398,
      "mid_to_side_loudness_range": 8.366082191467285,
      "side_mean": -34.88072204589844
    },
    {
      "high_freq": 4349.24462890625,
      "loudness": -35.48386001586914,
      "loudness_range": 26.348613739013672,
      "low_freq": 2549.74365234375,
      "mid_mean": -33.46062469482422,
      "mid_to_side_loudness": -4.6106743812561035,
      "mid_to_side_loudness_range": 8.67856216430664,
      "side_mean": -37.9759407043457
    },
    {
      "high_freq": 7314.1640625,
      "loudness": -39.318416595458984,
      "loudness_range": 23.371219635009766,
      "low_freq": 4349.24462890625,
      "mid_mean": -37.535858154296875,
      "mid_to_side_loudness": -4.165402412414551,
      "mid_to_side_loudness_range": 7.544836521148682,
      "side_mean": -41.60584259033203
    },
    {
      "high_freq": 12199.2666015625,
      "loudness": -44.00334167480469,
      "loudness_range": 22.938682556152344,
      "low_freq": 7314.1640625,
      "mid_mean": -42.484771728515625,
      "mid_to_side_loudness": -3.903425455093384,
      "mid_to_side_loudness_range": 6.639349460601807,
      "side_mean": -46.458984375
    },
    {
      "loudness": -48.268768310546875,
      "loudness_range": 25.83438491821289,
      "low_freq": 12199.2666015625,
      "mid_mean": -47.0406494140625,
      "mid_to_side_loudness": -5.159237861633301,
      "mid_to_side_loudness_range": 7.284889221191406,
      "side_mean": -53.509979248046875
    }
  ],
  "bands_short": [
    {
      "high_freq": 148.1999969482422,
      "loudness": -39.145851135253906,
      "loudness_range": 23.501667022705078,
      "mid_mean": -36.258792877197266,
      "mid_to_side_loudness": -10.218936920166016,
      "mid_to_side_loudness_range": 20.84316062927246,
      "side_mean": -48.20442581176758
    },
    {
      "high_freq": 392.3793640136719,
      "loudness": -28.323226928710938,
      "loudness_range": 15.31204605102539,
      "low_freq": 148.1999969482422,
      "mid_mean": -26.117504119873047,
      "mid_to_side_loudness": -5.13352632522583,
      "mid_to_side_loudness_range": 11.253093719482422,
      "side_mean": -31.298568725585938
    },
    {
      "high_freq": 794.6976318359375,
      "loudness": -28.503578186035156,
      "loudness_range": 15.458364486694336,
      "low_freq": 392.3793640136719,
      "mid_mean": -26.723608016967773,
      "mid_to_side_loudness": -3.401196241378784,
      "mid_to_side_loudness_range": 10.601070404052734,
      "side_mean": -30.341245651245117
    },
    {
      "high_freq": 1457.5709228515625,
      "loudness": -30.6752872467041,
      "loudness_range": 19.80921173095703,
      "low_freq": 794.6976318359375,
      "mid_mean": -28.646007537841797,
      "mid_to_side_loudness": -3.914388418197632,
      "mid_to_side_loudness_range": 11.212905883789062,
      "side_mean": -33.033424377441406
    },
    {
      "high_freq": 2549.74365234375,
      "loudness": -32.83018112182617,
      "loudness_range": 22.590906143188477,
      "low_freq": 1457.5709228515625,
      "mid_mean": -30.74888038635254,
      "mid_to_side_loudness": -4.296789169311523,
      "mid_to_side_loudness_range": 10.495593070983887,
      "side_mean": -35.454593658447266
    },
    {
      "high_freq": 4349.24462890625,
      "loudness": -36.206356048583984,
      "loudness_range": 27.695926666259766,
      "low_freq": 2549.74365234375,
      "mid_mean": -34.27472686767578,
      "mid_to_side_loudness": -4.265517711639404,
      "mid_to_side_loudness_range": 9.60945987701416,
      "side_mean": -38.797218322753906
    },
    {
      "high_freq": 7314.1640625,
      "loudness": -40.69284439086914,
      "loudness_range": 27.365949630737305,
      "low_freq": 4349.24462890625,
      "mid_mean": -39.0352783203125,
      "mid_to_side_loudness": -3.99399733543396,
      "mid_to_side_loudness_range": 8.52929973602295,
      "side_mean": -43.014225006103516
    },
    {
      "high_freq": 12199.2666015625,
      "loudness": -45.79058837890625,
      "loudness_range": 27.791231155395508,
      "low_freq": 7314.1640625,
      "mid_mean": -44.55714797973633,
      "mid_to_side_loudness": -3.847501039505005,
      "mid_to_side_loudness_range": 7.350124359130859,
      "side_mean": -50.20248794555664
    },
    {
      "loudness": -50.81904220581055,
      "loudness_range": 31.552310943603516,
      "low_freq": 12199.2666015625,
      "mid_mean": -51.76985168457031,
      "mid_to_side_loudness": -4.816436767578125,
      "mid_to_side_loudness_range": 8.266851425170898,
      "side_mean": -55.862491607666016
    }
  ],
  "channels": 2,
  "covariance": [
    [
      37.30396270751953,
      20.98729133605957,
      16.42198944091797,
      13.63968563079834,
      13.15611457824707,
      14.114028930664062,
      17.19066047668457,
      16.670459747314453,
      20.649778366088867,
      20.562902450561523,
      26.658491134643555,
      24.477169036865234,
      22.98391342163086,
      20.367462158203125,
      17.701627731323242,
      16.229755401611328,
      17.290950775146484,
      23.285354614257812
    ],
    [
      20.98729133605957,
      37.730220794677734,
      15.851068496704102,
      14.272819519042969,
      16.119909286499023,
      18.264179229736328,
      18.052793502807617,
      16.706619262695312,
      22.48332405090332,
      21.861082077026367,
      25.470121383666992,
      23.012670516967773,
      18.023305892944336,
      15.126538276672363,
      14.918338775634766,
      12.17465877532959,
      12.637582778930664,
      13.67898178100586
    ],
    [
      16.42198944091797,
      15.851068496704102,
      24.07847785949707,
      19.27973747253418,
      15.910477638244629,
      16.347583770751953,
      17.237316131591797,
      17.957656860351562,
      19.273456573486328,
      19.176801681518555,
      22.831100463867188,
      21.876970291137695,
      20.351802825927734,
      18.225799560546875,
      16.884544372558594,
      16.096288681030273,
      15.910000801086426,
      21.388227462768555
    ],
    [
      13.63968563079834,
      14.272819519042969,
      19.27973747253418,
      23.94672203063965,
      17.51895523071289,
      19.254928588867188,
      18.25926971435547,
      18.98365592956543,
      21.252927780151367,
      22.158676147460938,
      25.249156951904297,
      24.389036178588867,
      20.45688247680664,
      18.018491744995117,
      17.682605743408203,
      15.845173835754395,
      16.306747436523438,
      18.66374969482422
    ],
    [
      13.15611457824707,
      16.119909286499023,
      15.910477638244629,
      17.51895523071289,
      33.43098831176758,
      29.46143341064453,
      25.66263198852539,
      21.832948684692383,
      29.620637893676758,
      28.94753646850586,
      33.04045867919922,
      29.063440322875977,
      23.814102172851562,
      19.136503219604492,
      19.745405197143555,
      16.67896842956543,
      16.211185455322266,
      18.045204162597656
    ],
    [
      14.114028930664062,
      18.264179229736328,
      16.347583770751953,
      19.254928588867188,
      29.46143341064453,
      35.433433532714844,
      26.056072235107422,
      24.362098693847656,
      31.099658966064453,
      33.108421325683594,
      34.8310546875,
      33.1932258605957,
      23.330570220947266,
      19.588537216186523,
      18.4378719329834,
      15.687870025634766,
      14.875641822814941,
      15.719588279724121
    ],
    [
      17.19066047668457,
      18.052793502807617,
      17.237316131591797,
      18.25926971435547,
      25.66263198852539,
      26.056072235107422,
      39.376338958740234,
      31.515195846557617,
      40.470115661621094,
      37.46514892578125,
      48.54042434692383,
      40.006553649902344,
      38.32989501953125,
      28.50482749938965,
      33.18378448486328,
      25.00273323059082,
      29.080289840698242,
      25.94028091430664
    ],
    [
      16.670459747314453,
      16.706619262695312,
      17.957656860351562,
      18.98365592956543,
      21.832948684692383,
      24.362098693847656,
      31.515195846557617,
      34.138221740722656,
      33.133888244628906,
      34.564292907714844,
      39.41331481933594,
      36.91776657104492,
      31.505563735961914,
      27.48247528076172,
      26.341455459594727,
      23.638526916503906,
      23.069034576416016,
      27.08608055114746
    ],
    [
      20.649778366088867,
      22.48332405090332,
      19.273456573486328,
      21.252927780151367,
      29.620637893676758,
      31.099658966064453,
      40.470115661621094,
      33.133888244628906,
      61.804012298583984,
      54.08277893066406,
      65.56251525878906,
      54.85911560058594,
      48.331539154052734,
      35.7709846496582,
      41.167179107666016,
      29.284595489501953,
      35.753299713134766,
      28.116291046142578
    ],
    [
      20.562902450561523,
      21.861082077026367,
      19.176801681518555,
      22.158676147460938,
      28.94753646850586,
      33.108421325683594,
      37.46514892578125,
      34.564292907714844,
      54.08277893066406,
      57.94689178466797,
      60.35542678833008,
      56.329471588134766,
      40.84214401245117,
      33.87237548828125,
      33.22724151611328,
      26.442501068115234,
      27.261444091796875,
      25.007904052734375
    ],
    [
      26.658491134643555,
      25.470121383666992,
      22.831100463867188,
      25.249156951904297,
      33.04045867919922,
      34.8310546875,
      48.54042434692383,
      39.41331481933594,
      65.56251525878906,
      60.35542678833008,
      89.8993148803711,
      73.22819519042969,
      68.76626586914062,
      50.757896423339844,
      59.912166595458984,
      42.73814010620117,
      56.660640716552734,
      41.90978240966797
    ],
    [
      24.477169036865234,
      23.012670516967773,
      21.876970291137695,
      24.389036178588867,
      29.063440322875977,
      33.1932258605957,
      40.006553649902344,
      36.91776657104492,
      54.85911560058594,
      56.329471588134766,
      73.22819519042969,
      70.18802642822266,
      54.481285095214844,
      45.74358367919922,
      45.93117141723633,
      37.60905456542969,
      41.73250198364258,
      36.174495697021484
    ],
    [
      22.98391342163086,
      18.023305892944336,
      20.351802825927734,
      20.45688247680664,
      23.814102172851562,
      23.330570220947266,
      38.32989501953125,
      31.505563735961914,
      48.331539154052734,
      40.84214401245117,
      68.76626586914062,
      54.481285095214844,
      74.51146697998047,
      55.72158432006836,
      64.8541030883789,
      49.378414154052734,
      66.88837432861328,
      52.45118713378906
    ],
    [
      20.367462158203125,
      15.126538276672363,
      18.225799560546875,
      18.018491744995117,
      19.136503219604492,
      19.588537216186523,
      28.50482749938965,
      27.48247528076172,
      35.7709846496582,
      33.87237548828125,
      50.757896423339844,
      45.74358367919922,
      55.72158432006836,
      52.099159240722656,
      48.233272552490234,
      44.571754455566406,
      50.56744384765625,
      47.790992736816406
    ],
    [
      17.701627731323242,
      14.918338775634766,
      16.884544372558594,
      17.682605743408203,
      19.745405197143555,
      18.4378719329834,
      33.18378448486328,
      26.341455459594727,
      41.167179107666016,
      33.22724151611328,
      59.912166595458984,
      45.93117141723633,
      64.8541030883789,
      48.233272552490234,
      72.74734497070312,
      53.99208450317383,
      73.15265655517578,
      51.451168060302734
    ],
    [
      16.229755401611328,
      12.17465877532959,
      16.096288681030273,
      15.845173835754395,
      16.67896842956543,
      15.687870025634766,
      25.00273323059082,
      23.638526916503906,
      29.284595489501953,
      26.442501068115234,
      42.73814010620117,
      37.60905456542969,
      49.378414154052734,
      44.571754455566406,
      53.99208450317383,
      52.47035598754883,
      56.34308624267578,
      49.98421859741211
    ],
    [
      17.290950775146484,
      12.637582778930664,
      15.910000801086426,
      16.306747436523438,
      16.211185455322266,
      14.875641822814941,
      29.080289840698242,
      23.069034576416016,
      35.753299713134766,
      27.261444091796875,
      56.660640716552734,
      41.73250198364258,
      66.88837432861328,
      50.56744384765625,
      73.15265655517578,
      56.34308624267578,
      88.43214416503906,
      61.80278778076172
    ],
    [
      23.285354614257812,
      13.67898178100586,
      21.388227462768555,
      18.66374969482422,
      18.045204162597656,
      15.719588279724121,
      25.94028091430664,
      27.08608055114746,
      28.116291046142578,
      25.007904052734375,
      41.90978240966797,
      36.174495697021484,
      52.45118713378906,
      47.790992736816406,
      51.451168060302734,
      49.98421859741211,
      61.80278778076172,
      74.62701416015625
    ]
  ],
  "covariance_short": [
    [
      68.62753295898438,
      30.19475555419922,
      24.72157859802246,
      15.4614839553833,
      14.409468650817871,
      15.597630500793457,
      19.434165954589844,
      20.32889747619629,
      21.176403045654297,
      21.413606643676758,
      26.668779373168945,
      25.707319259643555,
      26.961767196655273,
      24.30452537536621,
      23.171289443969727,
      27.811574935913086,
      28.48032569885254,
      22.431480407714844
    ],
    [
      30.19475555419922,
      62.70491409301758,
      18.512454986572266,
      16.670928955078125,
      16.943513870239258,
      19.82843780517578,
      23.647214889526367,
      26.40953826904297,
      26.650022506713867,
      27.568374633789062,
      29.528200149536133,
      28.797565460205078,
      25.23973274230957,
      21.997087478637695,
      18.80954933166504,
      31.80012321472168,
      29.666202545166016,
      22.17184829711914
    ],
    [
      24.72157859802246,
      18.512454986572266,
      35.39298629760742,
      23.995019912719727,
      19.598543167114258,
      19.524703979492188,
      20.56834602355957,
      21.675880432128906,
      21.355581283569336,
      22.10090446472168,
      25.936786651611328,
      25.403409957885742,
      25.506059646606445,
      23.342308044433594,
      22.205900192260742,
      29.630395889282227,
      28.36561393737793,
      23.873870849609375
    ],
    [
      15.4614839553833,
      16.670928955078125,
      23.995019912719727,
      30.97410011291504,
      19.858379364013672,
      21.671310424804688,
      21.113208770751953,
      22.64200210571289,
      22.857820510864258,
      24.416868209838867,
      26.857479095458984,
      27.075546264648438,
      23.8636417388916,
      21.71762466430664,
      21.088428497314453,
      25.442777633666992,
      24.44779396057129,
      19.269554138183594
    ],
    [
      14.409468650817871,
      16.943513870239258,
      19.598543167114258,
      19.858379364013672,
      38.82369613647461,
      30.307666778564453,
      30.63592529296875,
      28.43614387512207,
      31.48679542541504,
      30.12195587158203,
      33.68592834472656,
      31.20501708984375,
      27.03468894958496,
      23.144819259643555,
      23.855491638183594,
      27.538902282714844,
      25.62055778503418,
      20.133390426635742
    ],
    [
      15.597630500793457,
      19.82843780517578,
      19.524703979492188,
      21.671310424804688,
      30.307666778564453,
      39.910884857177734,
      29.870834350585938,
      31.246379852294922,
      32.62607192993164,
      34.18204879760742,
      34.81146240234375,
      34.95990753173828,
      26.31915855407715,
      24.02982521057129,
      22.46228790283203,
      26.68722152709961,
      23.992876052856445,
      18.1735782623291
    ],
    [
      19.434165954589844,
      23.647214889526367,
      20.56834602355957,
      21.113208770751953,
      30.63592529296875,
      29.870834350585938,
      55.1568489074707,
      42.253273010253906,
      48.8299446105957,
      43.90835189819336,
      54.479190826416016,
      46.75127410888672,
      46.54509353637695,
      36.0589599609375,
      41.599544525146484,
      40.229576110839844,
      43.83374786376953,
      30.182924270629883
    ],
    [
      20.32889747619629,
      26.40953826904297,
      21.675880432128906,
      22.64200210571289,
      28.43614387512207,
      31.246379852294922,
      42.253273010253906,
      51.151100158691406,
      43.246185302734375,
      45.32679748535156,
      48.23434066772461,
      47.92051315307617,
      40.02587890625,
      35.513851165771484,
      34.49006652832031,
      40.405738830566406,
      37.68326187133789,
      28.704721450805664
    ],
    [
      21.176403045654297,
      26.650022506713867,
      21.355581283569336,
      22.857820510864258,
      31.48679542541504,
      32.62607192993164,
      48.8299446105957,
      43.246185302734375,
      72.25678253173828,
      58.76564407348633,
      71.71145629882812,
      60.66504669189453,
      58.43439865112305,
      45.18196487426758,
      52.74557876586914,
      47.678646087646484,
      53.407066345214844,
      35.59645080566406
    ],
    [
      21.413606643676758,
      27.568374633789062,
      22.10090446472168,
      24.416868209838867,
      30.12195587158203,
      34.18204879760742,
      43.90835189819336,
      45.32679748535156,
      58.76564407348633,
      65.70539855957031,
      64.2431869506836,
      62.554927825927734,
      48.726409912109375,
      42.472938537597656,
      42.0605583190918,
      44.20163345336914,
      42.373931884765625,
      30.638648986816406
    ],
    [
      26.668779373168945,
      29.528200149536133,
      25.936786651611328,
      26.857479095458984,
      33.68592834472656,
      34.81146240234375,
      54.479190826416016,
      48.23434066772461,
      71.71145629882812,
      64.2431869506836,
      100.39598083496094,
      81.2870101928711,
      81.10852813720703,
      62.29672622680664,
      75.00359344482422,
      65.74303436279297,
      78.12562561035156,
      51.592472076416016
    ],
    [
      25.707319259643555,
      28.797565460205078,
      25.403409957885742,
      27.075546264648438,
      31.20501708984375,
      34.95990753173828,
      46.75127410888672,
      47.92051315307617,
      60.66504669189453,
      62.554927825927734,
      81.2870101928711,
      82.76536560058594,
      66.31560516357422,
      57.906734466552734,
      58.46235656738281,
      59.1632080078125,
      59.54233932495117,
      43.6107063293457
    ],
    [
      26.961767196655273,
      25.23973274230957,
      25.506059646606445,
      23.8636417388916,
      27.03468894958496,
      26.31915855407715,
      46.54509353637695,
      40.02587890625,
      58.43439865112305,
      48.726409912109375,
      81.10852813720703,
      66.31560516357422,
      94.67633819580078,
      72.79039764404297,
      87.82952880859375,
      76.48795318603516,
      94.26504516601562,
      67.02827453613281
    ],
    [
      24.30452537536621,
      21.997087478637695,
      23.342308044433594,
      21.71762466430664,
      23.144819259643555,
      24.02982521057129,
      36.0589599609375,
      35.513851165771484,
      45.18196487426758,
      42.472938537597656,
      62.29672622680664,
      57.906734466552734,
      72.79039764404297,
      70.47339630126953,
      68.68379211425781,
      70.20887756347656,
      74.37236022949219,
      60.85044479370117
    ],
    [
      23.171289443969727,
      18.80954933166504,
      22.205900192260742,
      21.088428497314453,
      23.855491638183594,
      22.46228790283203,
      41.599544525146484,
      34.49006652832031,
      52.74557876586914,
      42.0605583190918,
      75.00359344482422,
      58.46235656738281,
      87.82952880859375,
      68.68379211425781,
      100.82948303222656,
      78.73033905029297,
      102.12427520751953,
      73.83502197265625
    ],
    [
      27.811574935913086,
      31.80012321472168,
      29.630395889282227,
      25.442777633666992,
      27.538902282714844,
      26.68722152709961,
      40.229576110839844,
      40.405738830566406,
      47.678646087646484,
      44.20163345336914,
      65.74303436279297,
      59.1632080078125,
      76.48795318603516,
      70.20887756347656,
      78.73033905029297,
      103.75005340576172,
      106.39086151123047,
      88.21011352539062
    ],
    [
      28.48032569885254,
      29.666202545166016,
      28.36561393737793,
      24.44779396057129,
      25.62055778503418,
      23.992876052856445,
      43.83374786376953,
      37.68326187133789,
      53.407066345214844,
      42.373931884765625,
      78.12562561035156,
      59.54233932495117,
      94.26504516601562,
      74.37236022949219,
      102.12427520751953,
      106.39086151123047,
      140.57962036132812,
      102.61451721191406
    ],
    [
      22.431480407714844,
      22.17184829711914,
      23.873870849609375,
      19.269554138183594,
      20.133390426635742,
      18.1735782623291,
      30.182924270629883,
      28.704721450805664,
      35.59645080566406,
      30.638648986816406,
      51.592472076416016,
      43.6107063293457,
      67.02827453613281,
      60.85044479370117,
      73.83502197265625,
      88.21011352539062,
      102.61451721191406,
      86.93199157714844
    ]
  ],
  "drr": 13.51922607421875,
  "dynamics": 4.42902946472168,
  "format": 1245190,
  "frames": 17426432,
  "loudness": -17.9915771484375,
  "loudness_range": 13.713318824768066,
  "loudness_range_short": 15.00837230682373,
  "peak": -2.4637908935546875,
  "rms": -19.604413986206055,
  "sample_rate": 44100,
  "sections": 1,
  "seekable": 1,
  "sharpness": 2.684206247329712,
  "space": -4.963025093078613
}