{
  "bands": [
    {
      "high_freq": 148.1999969482422,
      "loudness": -16.16516876220703,
      "loudness_range": 7.040510177612305,
      "mid_mean": -12.668757438659668,
      "mid_to_side_loudness": -16.00214958190918,
      "mid_to_side_loudness_range": 15.143341064453125,
      "side_mean": -28.88513946533203
    },
    {
      "high_freq": 392.3793640136719,
      "loudness": -20.045738220214844,
      "loudness_range": 6.427288055419922,
      "low_freq": 148.1999969482422,
      "mid_mean": -17.273487091064453,
      "mid_to_side_loudness": -7.329129219055176,
      "mid_to_side_loudness_range": 11.44315242767334,
      "side_mean": -24.694339752197266
    },
    {
      "high_freq": 794.6976318359375,
      "loudness": -20.45598030090332,
      "loudness_range": 8.839005470275879,
      "low_freq": 392.3793640136719,
      "mid_mean": -17.915279388427734,
      "mid_to_side_loudness": -6.040127277374268,
      "mid_to_side_loudness_range": 9.432557106018066,
      "side_mean": -23.93092918395996
    },
    {
      "high_freq": 1457.5709228515625,
      "loudness": -20.77423858642578,
      "loudness_range": 12.17666244506836,
      "low_freq": 794.6976318359375,
      "mid_mean": -18.334043502807617,
      "mid_to_side_loudness": -5.707611560821533,
      "mid_to_side_loudness_range": 10.173083305358887,
      "side_mean": -23.9881591796875
    },
    {
      "high_freq": 2549.74365234375,
      "loudness": -21.13334083557129,
      "loudness_range": 12.732684135437012,
      "low_freq": 1457.5709228515625,
      "mid_mean": -18.766626358032227,
      "mid_to_side_loudness": -5.233675479888916,
      "mid_to_side_loudness_range": 9.222516059875488,
      "side_mean": -23.95851707458496
    },
    {
      "high_freq": 4349.24462890625,
      "loudness": -23.566274642944336,
      "loudness_range": 12.973562240600586,
      "low_freq": 2549.74365234375,
      "mid_mean": -20.93929100036621,
      "mid_to_side_loudness": -6.4059247970581055,
      "mid_to_side_loudness_range": 9.229625701904297,
      "side_mean": -27.35520362854004
    },
    {
      "high_freq": 7314.1640625,
      "loudness": -25.154708862304688,
      "loudness_range": 9.486408233642578,
      "low_freq": 4349.24462890625,
      "mid_mean": -22.15147590637207,
      "mid_to_side_loudness": -8.237894058227539,
      "mid_to_side_loudness_range": 8.149782180786133,
      "side_mean": -30.445446014404297
    },
    {
      "high_freq": 12199.2666015625,
      "loudness": -27.686981201171875,
      "loudness_range": 9.937664031982422,
      "low_freq": 7314.1640625,
      "mid_mean": -24.765554428100586,
      "mid_to_side_loudness": -7.595942497253418,
      "mid_to_side_loudness_range": 7.120906829833984,
      "side_mean": -32.43050765991211
    },
    {
      "loudness": -33.0767822265625,
      "loudness_range": 8.4404296875,
      "low_freq": 12199.2666015625,
      "mid_mean": -30.128995895385742,
      "mid_to_side_loudness": -7.842057704925537,
      "mid_to_side_loudness_range": 7.419155120849609,
      "side_mean": -38.043975830078125
    }
  ],
  "bands_short": [
    {
      "high_freq": 148.1999969482422,
      "loudness": -17.88663101196289,
      "loudness_range": 11.129175186157227,
      "mid_mean": -14.374980926513672,
      "mid_to_side_loudness": -17.357074737548828,
      "mid_to_side_loudness_range": 20.334796905517578,
      "side_mean": -32.13353729248047
    },
    {
      "high_freq": 392.3793640136719,
      "loudness": -19.795392990112305,
      "loudness_range": 12.044937133789062,
      "low_freq": 148.1999969482422,
      "mid_mean": -17.140275955200195,
      "mid_to_side_loudness": -7.439303874969482,
      "mid_to_side_loudness_range": 14.506637573242188,
      "side_mean": -24.697050094604492
    },
    {
      "high_freq": 794.6976318359375,
      "loudness": -22.234983444213867,
      "loudness_range": 11.674885749816895,
      "low_freq": 392.3793640136719,
      "mid_mean": -19.959980010986328,
      "mid_to_side_loudness": -5.490671157836914,
      "mid_to_side_loudness_range": 12.236300468444824,
      "side_mean": -25.43396759033203
    },
    {
      "high_freq": 1457.5709228515625,
      "loudness": -20.60305404663086,
      "loudness_range": 14.195240020751953,
      "low_freq": 794.6976318359375,
      "mid_mean": -18.355493545532227,
      "mid_to_side_loudness": -5.561130046844482,
      "mid_to_side_loudness_range": 12.793220520019531,
      "side_mean": -23.866273880004883
    },
    {
      "high_freq": 2549.74365234375,
      "loudness": -22.18128204345703,
      "loudness_range": 16.03843116760254,
      "low_freq": 1457.5709228515625,
      "mid_mean": -20.012462615966797,
      "mid_to_side_loudness": -4.945279598236084,
      "mid_to_side_loudness_range": 11.134440422058105,
      "side_mean": -24.991453170776367
    },
    {
      "high_freq": 4349.24462890625,
      "loudness": -24.800203323364258,
      "loudness_range": 17.144573211669922,
      "low_freq": 2549.74365234375,
      "mid_mean": -22.434589385986328,
      "mid_to_side_loudness": -5.682160377502441,
      "mid_to_side_loudness_range": 11.851240158081055,
      "side_mean": -28.135082244873047
    },
    {
      "high_freq": 7314.1640625,
      "loudness": -27.524736404418945,
      "loudness_range": 18.101171493530273,
      "low_freq": 4349.24462890625,
      "mid_mean": -24.823217391967773,
      "mid_to_side_loudness": -7.2217512130737305,
      "mid_to_side_loudness_range": 11.807061195373535,
      "side_mean": -32.00294876098633
    },
    {
      "high_freq": 12199.2666015625,
      "loudness": -30.12418556213379,
      "loudness_range": 17.21883201599121,
      "low_freq": 7314.1640625,
      "mid_mean": -27.40996551513672,
      "mid_to_side_loudness": -7.307568550109863,
      "mid_to_side_loudness_range": 12.16478157043457,
      "side_mean": -34.71714782714844
    },
    {
      "loudness": -36.0659065246582,
      "loudness_range": 18.561235427856445,
      "low_freq": 12199.2666015625,
      "mid_mean": -33.36174392700195,
      "mid_to_side_loudness": -7.633818626403809,
      "mid_to_side_loudness_range": 13.777295112609863,
      "side_mean": -40.875606536865234
    }
  ],
  "channels": 2,
  "covariance": [
    [
      11.431367874145508,
      3.469076633453369,
      5.7741804122924805,
      5.465909957885742,
      5.622519016265869,
      6.698615074157715,
      6.587095260620117,
      7.384660243988037,
      5.870111465454102,
      6.110651016235352,
      6.354927062988281,
      6.623018264770508,
      5.177030563354492,
      5.279422760009766,
      2.7245233058929443,
      3.957169771194458,
      2.666705369949341,
      2.7749085426330566
    ],
    [
      3.469076633453369,
      23.931522369384766,
      1.5989272594451904,
      12.816459655761719,
      4.15751838684082,
      10.218802452087402,
      6.066272258758545,
      12.211366653442383,
      7.54167366027832,
      12.41867446899414,
      7.573640823364258,
      15.109295845031738,
      5.100127696990967,
      11.986275672912598,
      5.157644271850586,
      11.214981079101562,
      6.567358016967773,
      10.230831146240234
    ],
    [
      5.7741804122924805,
      1.5989272594451904,
      8.569381713867188,
      5.7850661277771,
      5.040535926818848,
      5.122152805328369,
      5.04339599609375,
      5.417545795440674,
      4.29025936126709,
      4.427194118499756,
      5.8167009353637695,
      5.352372169494629,
      4.110888481140137,
      4.331228256225586,
      2.534414291381836,
      3.579921007156372,
      2.5769755840301514,
      3.372655153274536
    ],
    [
      5.465909957885742,
      12.816459655761719,
      5.7850661277771,
      18.484220504760742,
      6.249818801879883,
      13.291339874267578,
      8.46534252166748,
      15.367392539978027,
      9.73898983001709,
      15.823465347290039,
      10.60186767578125,
      17.960153579711914,
      6.264053821563721,
      13.495429039001465,
      5.9515886306762695,
      12.547632217407227,
      6.793726444244385,
      11.45293140411377
    ],
    [
      5.622519016265869,
      4.15751838684082,
      5.040535926818848,
      6.249818801879883,
      14.180980682373047,
      9.538945198059082,
      12.688943862915039,
      9.048271179199219,
      11.214802742004395,
      8.402992248535156,
      7.3706955909729,
      6.811727046966553,
      3.856515645980835,
      4.855647087097168,
      3.1488850116729736,
      4.476916790008545,
      3.526526689529419,
      4.18595552444458
    ],
    [
      6.698615074157715,
      10.218802452087402,
      5.122152805328369,
      13.291339874267578,
      9.538945198059082,
      18.04631805419922,
      10.638335227966309,
      17.377037048339844,
      11.392403602600098,
      17.36026382446289,
      10.047079086303711,
      16.60694122314453,
      5.874793529510498,
      11.696656227111816,
      5.875710964202881,
      10.480904579162598,
      6.126728057861328,
      8.830721855163574
    ],
    [
      6.587095260620117,
      6.066272258758545,
      5.04339599609375,
      8.46534252166748,
      12.688943862915039,
      10.638335227966309,
      21.424034118652344,
      15.847434997558594,
      14.951817512512207,
      12.837199211120605,
      9.345206260681152,
      11.587515830993652,
      4.850563049316406,
      8.125688552856445,
      4.544227123260498,
      7.248539924621582,
      5.236152172088623,
      6.91809606552124
    ],
    [
      7.384660243988037,
      12.211366653442383,
      5.417545795440674,
      15.367392539978027,
      9.048271179199219,
      17.377037048339844,
      15.847434997558594,
      25.17169189453125,
      14.3831787109375,
      21.8742733001709,
      12.718095779418945,
      21.91676902770996,
      7.899535179138184,
      15.644859313964844,
      7.480600357055664,
      13.572102546691895,
      8.582826614379883,
      12.48126220703125
    ],
    [
      5.870111465454102,
      7.54167366027832,
      4.29025936126709,
      9.73898983001709,
      11.214802742004395,
      11.392403602600098,
      14.951817512512207,
      14.3831787109375,
      21.62568473815918,
      18.293344497680664,
      14.241741180419922,
      15.841887474060059,
      7.975020408630371,
      11.416154861450195,
      7.168802738189697,
      10.14413833618164,
      7.047811985015869,
      8.833701133728027
    ],
    [
      6.110651016235352,
      12.41867446899414,
      4.427194118499756,
      15.823465347290039,
      8.402992248535156,
      17.36026382446289,
      12.837199211120605,
      21.8742733001709,
      18.293344497680664,
      27.323816299438477,
      14.722134590148926,
      24.951353073120117,
      8.79820728302002,
      17.757484436035156,
      8.812968254089355,
      15.972099304199219,
      9.164728164672852,
      14.166318893432617
    ],
    [
      6.354927062988281,
      7.573640823364258,
      5.8167009353637695,
      10.60186767578125,
      7.3706955909729,
      10.047079086303711,
      9.345206260681152,
      12.718095779418945,
      14.241741180419922,
      14.722134590148926,
      20.307058334350586,
      18.656103134155273,
      11.859339714050293,
      13.945341110229492,
      8.353874206542969,
      10.801795959472656,
      8.562960624694824,
      9.0235013961792
    ],
    [
      6.623018264770508,
      15.109295845031738,
      5.352372169494629,
      17.960153579711914,
      6.811727046966553,
      16.60694122314453,
      11.587515830993652,
      21.91676902770996,
      15.841887474060059,
      24.951353073120117,
      18.656103134155273,
      30.331501007080078,
      11.54952621459961,
      22.671031951904297,
      10.547981262207031,
      19.75259780883789,
      10.823147773742676,
      17.426355361938477
    ],
    [
      5.177030563354492,
      5.100127696990967,
      4.110888481140137,
      6.264053821563721,
      3.856515645980835,
      5.874793529510498,
      4.850563049316406,
      7.899535179138184,
      7.975020408630371,
      8.79820728302002,
      11.859339714050293,
      11.54952621459961,
      12.438923835754395,
      12.223915100097656,
      8.569136619567871,
      9.69130802154541,
      7.426769256591797,
      7.206401348114014
    ],
    [
      5.279422760009766,
      11.986275672912598,
      4.331228256225586,
      13.495429039001465,
      4.855647087097168,
      11.696656227111816,
      8.125688552856445,
      15.644859313964844,
      11.416154861450195,
      17.757484436035156,
      13.945341110229492,
      22.671031951904297,
      12.223915100097656,
      21.94118309020996,
      10.486227035522461,
      18.87715721130371,
      9.388442993164062,
      15.365193367004395
    ],
    [
      2.7245233058929443,
      5.157644271850586,
      2.534414291381836,
      5.9515886306762695,
      3.1488850116729736,
      5.875710964202881,
      4.544227123260498,
      7.480600357055664,
      7.168802738189697,
      8.812968254089355,
      8.353874206542969,
      10.547981262207031,
      8.569136619567871,
      10.486227035522461,
      10.195781707763672,
      10.66981029510498,
      8.300408363342285,
      8.276984214782715
    ],
    [
      3.957169771194458,
      11.214981079101562,
      3.579921007156372,
      12.547632217407227,
      4.476916790008545,
      10.480904579162598,
      7.248539924621582,
      13.572102546691895,
      10.14413833618164,
      15.972099304199219,
      10.801795959472656,
      19.75259780883789,
      9.69130802154541,
      18.87715721130371,
      10.66981029510498,
      20.098831176757812,
      9.380279541015625,
      16.595048904418945
    ],
    [
      2.666705369949341,
      6.567358016967773,
      2.5769755840301514,
      6.793726444244385,
      3.526526689529419,
      6.126728057861328,
      5.236152172088623,
      8.582826614379883,
      7.047811985015869,
      9.164728164672852,
      8.562960624694824,
      10.823147773742676,
      7.426769256591797,
      9.388442993164062,
      8.300408363342285,
      9.380279541015625,
      9.666204452514648,
      8.961852073669434
    ],
    [
      2.7749085426330566,
      10.230831146240234,
      3.372655153274536,
      11.45293140411377,
      4.18595552444458,
      8.830721855163574,
      6.91809606552124,
      12.48126220703125,
      8.833701133728027,
      14.166318893432617,
      9.0235013961792,
      17.426355361938477,
      7.206401348114014,
      15.365193367004395,
      8.276984214782715,
      16.595048904418945,
      8.961852073669434,
      18.080585479736328
    ]
  ],
  "covariance_short": [
    [
      18.276775360107422,
      4.817216873168945,
      6.351491928100586,
      6.930609226226807,
      5.647368431091309,
      6.768789291381836,
      5.100273609161377,
      6.418029308319092,
      5.640082359313965,
      6.5998945236206055,
      6.671115398406982,
      8.082076072692871,
      7.369744300842285,
      7.575559616088867,
      6.379292011260986,
      6.74003267288208,
      7.214064598083496,
      5.9422478675842285
    ],
    [
      4.817216873168945,
      39.49351119995117,
      3.9052767753601074,
      15.876611709594727,
      5.769990921020508,
      10.646429061889648,
      7.038600444793701,
      12.553168296813965,
      10.534703254699707,
      14.017023086547852,
      10.982407569885254,
      16.59770393371582,
      11.231066703796387,
      15.91645336151123,
      10.27325439453125,
      15.190801620483398,
      11.531744003295898,
      15.034692764282227
    ],
    [
      6.351491928100586,
      3.9052767753601074,
      19.994558334350586,
      8.785309791564941,
      9.774430274963379,
      7.639640808105469,
      5.985599040985107,
      6.5476603507995605,
      7.8589582443237305,
      8.30667495727539,
      11.842156410217285,
      10.020163536071777,
      13.538408279418945,
      11.383326530456543,
      10.928171157836914,
      10.752216339111328,
      11.473061561584473,
      10.606452941894531
    ],
    [
      6.930609226226807,
      15.876611709594727,
      8.785309791564941,
      24.195972442626953,
      8.606295585632324,
      14.92795181274414,
      8.842987060546875,
      16.208271026611328,
      11.532075881958008,
      17.90390968322754,
      13.779071807861328,
      20.513416290283203,
      13.048851013183594,
      18.306941986083984,
      11.31287956237793,
      17.435932159423828,
      12.237818717956543,
      17.330795288085938
    ],
    [
      5.647368431091309,
      5.769990921020508,
      9.774430274963379,
      8.606295585632324,
      23.370983123779297,
      12.937947273254395,
      15.504697799682617,
      11.84078311920166,
      15.67135238647461,
      12.372603416442871,
      13.62060832977295,
      10.53398609161377,
      10.90952205657959,
      9.353815078735352,
      8.92122745513916,
      8.69995403289795,
      10.164397239685059,
      8.653826713562012
    ],
    [
      6.768789291381836,
      10.646429061889648,
      7.639640808105469,
      14.92795181274414,
      12.937947273254395,
      23.650026321411133,
      11.862176895141602,
      19.335269927978516,
      13.38940143585205,
      18.907392501831055,
      13.180566787719727,
      18.641874313354492,
      11.489875793457031,
      15.2264404296875,
      10.195311546325684,
      14.26154613494873,
      10.845084190368652,
      14.001587867736816
    ],
    [
      5.100273609161377,
      7.038600444793701,
      5.985599040985107,
      8.842987060546875,
      15.504697799682617,
      11.862176895141602,
      29.220083236694336,
      18.13321876525879,
      20.036178588867188,
      15.171307563781738,
      13.637752532958984,
      12.347203254699707,
      9.571661949157715,
      10.077898979187012,
      9.178022384643555,
      9.462774276733398,
      10.562283515930176,
      10.003250122070312
    ],
    [
      6.418029308319092,
      12.553168296813965,
      6.5476603507995605,
      16.208271026611328,
      11.84078311920166,
      19.335269927978516,
      18.13321876525879,
      31.59624671936035,
      19.07186508178711,
      26.520769119262695,
      16.203413009643555,
      24.64564323425293,
      14.076924324035645,
      20.30874252319336,
      13.555131912231445,
      19.48697853088379,
      14.813414573669434,
      19.907020568847656
    ],
    [
      5.640082359313965,
      10.534703254699707,
      7.8589582443237305,
      11.532075881958008,
      15.67135238647461,
      13.38940143585205,
      20.036178588867188,
      19.07186508178711,
      34.59529495239258,
      25.940763473510742,
      23.727384567260742,
      21.343564987182617,
      19.51763343811035,
      18.766019821166992,
      17.481645584106445,
      17.536314010620117,
      17.69525146484375,
      17.4608097076416
    ],
    [
      6.5998945236206055,
      14.017023086547852,
      8.30667495727539,
      17.90390968322754,
      12.372603416442871,
      18.907392501831055,
      15.171307563781738,
      26.520769119262695,
      25.940763473510742,
      38.206390380859375,
      21.815101623535156,
      31.693872451782227,
      20.385648727416992,
      27.006654739379883,
      19.240999221801758,
      25.754690170288086,
      19.714868545532227,
      25.94166374206543
    ],
    [
      6.671115398406982,
      10.982407569885254,
      11.842156410217285,
      13.779071807861328,
      13.62060832977295,
      13.180566787719727,
      13.637752532958984,
      16.203413009643555,
      23.727384567260742,
      21.815101623535156,
      36.79135513305664,
      28.703794479370117,
      29.957273483276367,
      26.688886642456055,
      23.3568058013916,
      23.006807327270508,
      22.673723220825195,
      21.732620239257812
    ],
    [
      8.082076072692871,
      16.59770393371582,
      10.020163536071777,
      20.513416290283203,
      10.53398609161377,
      18.641874313354492,
      12.347203254699707,
      24.64564323425293,
      21.343564987182617,
      31.693872451782227,
      28.703794479370117,
      43.1356086730957,
      26.68070411682129,
      37.001487731933594,
      23.370441436767578,
      34.126625061035156,
      23.28567886352539,
      33.425376892089844
    ],
    [
      7.369744300842285,
      11.231066703796387,
      13.538408279418945,
      13.048851013183594,
      10.90952205657959,
      11.489875793457031,
      9.571661949157715,
      14.076924324035645,
      19.51763343811035,
      20.385648727416992,
      29.957273483276367,
      26.68070411682129,
      41.93796920776367,
      32.889339447021484,
      36.01888656616211,
      31.32374382019043,
      34.648555755615234,
      30.094585418701172
    ],
    [
      7.575559616088867,
      15.91645336151123,
      11.383326530456543,
      18.306941986083984,
      9.353815078735352,
      15.2264404296875,
      10.077898979187012,
      20.30874252319336,
      18.766019821166992,
      27.006654739379883,
      26.688886642456055,
      37.001487731933594,
      32.889339447021484,
      45.95992660522461,
      29.66753387451172,
      42.13565444946289,
      28.754499435424805,
      39.876129150390625
    ],
    [
      6.379292011260986,
      10.27325439453125,
      10.928171157836914,
      11.31287956237793,
      8.92122745513916,
      10.195311546325684,
      9.178022384643555,
      13.555131912231445,
      17.481645584106445,
      19.240999221801758,
      23.3568058013916,
      23.370441436767578,
      36.01888656616211,
      29.66753387451172,
      41.89625930786133,
      33.595062255859375,
      40.79342269897461,
      33.820125579833984
    ],
    [
      6.74003267288208,
      15.190801620483398,
      10.752216339111328,
      17.435932159423828,
      8.69995403289795,
      14.26154613494873,
      9.462774276733398,
      19.48697853088379,
      17.536314010620117,
      25.754690170288086,
      23.006807327270508,
      34.126625061035156,
      31.32374382019043,
      42.13565444946289,
      33.595062255859375,
      49.937217712402344,
      33.3095817565918,
      46.74220657348633
    ],
    [
      7.214064598083496,
      11.531744003295898,
      11.473061561584473,
      12.237818717956543,
      10.164397239685059,
      10.845084190368652,
      10.562283515930176,
      14.813414573669434,
      17.69525146484375,
      19.714868545532227,
      22.673723220825195,
      23.28567886352539,
      34.648555755615234,
      28.754499435424805,
      40.79342269897461,
      33.3095817565918,
      48.739681243896484,
      37.98707962036133
    ],
    [
      5.9422478675842285,
      15.034692764282227,
      10.606452941894531,
      17.330795288085938,
      8.653826713562012,
      14.001587867736816,
      10.003250122070312,
      19.907020568847656,
      17.4608097076416,
      25.94166374206543,
      21.732620239257812,
      33.425376892089844,
      30.094585418701172,
      39.876129150390625,
      33.820125579833984,
      46.74220657348633,
      37.98707962036133,
      57.39619064331055
    ]
  ],
  "drr": 13.88515853881836,
  "dynamics": 2.5240607261657715,
  "format": 1245190,
  "frames": 10840064,
  "loudness": -7.813889503479004,
  "loudness_range": 5.100457668304443,
  "loudness_range_short": 8.562475204467773,
  "peak": 1.0505385398864746,
  "rms": -9.569588661193848,
  "sample_rate": 44100,
  "sections": 1,
  "seekable": 1,
  "sharpness": 2.457061290740967,
  "space": -8.197972297668457
}