{
  "bands": [
    {
      "high_freq": 148.1999969482422,
      "loudness": -19.235286712646484,
      "loudness_range": 7.067761421203613,
      "mid_mean": -16.210189819335938,
      "mid_to_side_loudness": -9.454316139221191,
      "mid_to_side_loudness_range": 11.459318161010742,
      "side_mean": -25.62047576904297
    },
    {
      "high_freq": 392.3793640136719,
      "loudness": -18.527475357055664,
      "loudness_range": 5.237706184387207,
      "low_freq": 148.1999969482422,
      "mid_mean": -15.810503959655762,
      "mid_to_side_loudness": -6.026687145233154,
      "mid_to_side_loudness_range": 6.747946262359619,
      "side_mean": -22.224037170410156
    },
    {
      "high_freq": 794.6976318359375,
      "loudness": -21.295419692993164,
      "loudness_range": 8.252408981323242,
      "low_freq": 392.3793640136719,
      "mid_mean": -18.671873092651367,
      "mid_to_side_loudness": -5.886107444763184,
      "mid_to_side_loudness_range": 9.556461334228516,
      "side_mean": -24.969757080078125
    },
    {
      "high_freq": 1457.5709228515625,
      "loudness": -22.714262008666992,
      "loudness_range": 12.621566772460938,
      "low_freq": 794.6976318359375,
      "mid_mean": -19.973960876464844,
      "mid_to_side_loudness": -6.757117748260498,
      "mid_to_side_loudness_range": 10.404842376708984,
      "side_mean": -27.079805374145508
    },
    {
      "high_freq": 2549.74365234375,
      "loudness": -20.392337799072266,
      "loudness_range": 15.469280242919922,
      "low_freq": 1457.5709228515625,
      "mid_mean": -18.31960678100586,
      "mid_to_side_loudness": -3.9736380577087402,
      "mid_to_side_loudness_range": 7.758088111877441,
      "side_mean": -22.386415481567383
    },
    {
      "high_freq": 4349.24462890625,
      "loudness": -23.38157844543457,
      "loudness_range": 13.816564559936523,
      "low_freq": 2549.74365234375,
      "mid_mean": -21.137868881225586,
      "mid_to_side_loudness": -4.53627872467041,
      "mid_to_side_loudness_range": 7.972562789916992,
      "side_mean": -25.79145050048828
    },
    {
      "high_freq": 7314.1640625,
      "loudness": -27.443912506103516,
      "loudness_range": 12.45071029663086,
      "low_freq": 4349.24462890625,
      "mid_mean": -24.68351173400879,
      "mid_to_side_loudness": -6.9094343185424805,
      "mid_to_side_loudness_range": 10.339245796203613,
      "side_mean": -31.979799270629883
    },
    {
      "high_freq": 12199.2666015625,
      "loudness": -31.232521057128906,
      "loudness_range": 12.069862365722656,
      "low_freq": 7314.1640625,
      "mid_mean": -28.313770294189453,
      "mid_to_side_loudness": -7.557321548461914,
      "mid_to_side_loudness_range": 10.665154457092285,
      "side_mean": -36.30405807495117
    },
    {
      "loudness": -37.80556106567383,
      "loudness_range": 18.374814987182617,
      "low_freq": 12199.2666015625,
      "mid_mean": -35.57366943359375,
      "mid_to_side_loudness": -4.372718334197998,
      "mid_to_side_loudness_range": 5.125294208526611,
      "side_mean": -39.565364837646484
    }
  ],
  "bands_short": [
    {
      "high_freq": 148.1999969482422,
      "loudness": -22.272214889526367,
      "loudness_range": 12.397499084472656,
      "mid_mean": -19.51483917236328,
      "mid_to_side_loudness": -9.661211013793945,
      "mid_to_side_loudness_range": 18.006122589111328,
      "side_mean": -29.108625411987305
    },
    {
      "high_freq": 392.3793640136719,
      "loudness": -17.7772274017334,
      "loudness_range": 6.901121139526367,
      "low_freq": 148.1999969482422,
      "mid_mean": -15.088641166687012,
      "mid_to_side_loudness": -6.491426467895508,
      "mid_to_side_loudness_range": 9.80140209197998,
      "side_mean": -21.882963180541992
    },
    {
      "high_freq": 794.6976318359375,
      "loudness": -21.39600372314453,
      "loudness_range": 10.612187385559082,
      "low_freq": 392.3793640136719,
      "mid_mean": -19.04229736328125,
      "mid_to_side_loudness": -5.314500331878662,
      "mid_to_side_loudness_range": 11.614058494567871,
      "side_mean": -24.770492553710938
    },
    {
      "high_freq": 1457.5709228515625,
      "loudness": -23.297653198242188,
      "loudness_range": 14.020974159240723,
      "low_freq": 794.6976318359375,
      "mid_mean": -20.757461547851562,
      "mid_to_side_loudness": -6.188082218170166,
      "mid_to_side_loudness_range": 11.870285034179688,
      "side_mean": -27.304506301879883
    },
    {
      "high_freq": 2549.74365234375,
      "loudness": -20.94975471496582,
      "loudness_range": 16.901330947875977,
      "low_freq": 1457.5709228515625,
      "mid_mean": -18.996532440185547,
      "mid_to_side_loudness": -3.7483136653900146,
      "mid_to_side_loudness_range": 9.52884578704834,
      "side_mean": -22.895572662353516
    },
    {
      "high_freq": 4349.24462890625,
      "loudness": -23.764236450195312,
      "loudness_range": 15.80626106262207,
      "low_freq": 2549.74365234375,
      "mid_mean": -21.724628448486328,
      "mid_to_side_loudness": -4.185133457183838,
      "mid_to_side_loudness_range": 9.357770919799805,
      "side_mean": -26.00625228881836
    },
    {
      "high_freq": 7314.1640625,
      "loudness": -28.375722885131836,
      "loudness_range": 15.385738372802734,
      "low_freq": 4349.24462890625,
      "mid_mean": -25.80964469909668,
      "mid_to_side_loudness": -6.150827884674072,
      "mid_to_side_loudness_range": 11.409270286560059,
      "side_mean": -32.24287796020508
    },
    {
      "high_freq": 12199.2666015625,
      "loudness": -32.612545013427734,
      "loudness_range": 17.07219886779785,
      "low_freq": 7314.1640625,
      "mid_mean": -29.75797462463379,
      "mid_to_side_loudness": -7.262253284454346,
      "mid_to_side_loudness_range": 11.817727088928223,
      "side_mean": -37.49452590942383
    },
    {
      "loudness": -40.8086051940918,
      "loudness_range": 25.906957626342773,
      "low_freq": 12199.2666015625,
      "mid_mean": -38.632171630859375,
      "mid_to_side_loudness": -4.527029514312744,
      "mid_to_side_loudness_range": 6.705690860748291,
      "side_mean": -43.099544525146484
    }
  ],
  "channels": 2,
  "covariance": [
    [
      12.99589729309082,
      5.588099479675293,
      0.8511599898338318,
      2.596357583999634,
      2.4459452629089355,
      1.90446138381958,
      3.5659708976745605,
      2.8928494453430176,
      4.616101264953613,
      5.5586090087890625,
      5.111921310424805,
      5.317395210266113,
      3.966388702392578,
      3.515995502471924,
      2.8941447734832764,
      2.749555826187134,
      2.6353166103363037,
      2.1960608959198
    ],
    [
      5.588099479675293,
      14.166349411010742,
      0.6422621607780457,
      3.166536808013916,
      -0.9052636027336121,
      0.25546398758888245,
      -0.7268468141555786,
      0.8501555323600769,
      1.4684940576553345,
      4.383209705352783,
      2.623337507247925,
      4.763438701629639,
      2.019488573074341,
      3.3479115962982178,
      0.48813435435295105,
      2.2960262298583984,
      0.833927571773529,
      0.3102506697177887
    ],
    [
      0.8511599898338318,
      0.6422621607780457,
      6.651658058166504,
      5.286464691162109,
      2.2962377071380615,
      3.9111273288726807,
      2.478919506072998,
      2.8170483112335205,
      3.4537792205810547,
      3.6847989559173584,
      3.614039659500122,
      3.992567300796509,
      3.9549899101257324,
      4.460906028747559,
      4.154618263244629,
      5.455028057098389,
      5.56674861907959,
      4.632870197296143
    ],
    [
      2.596357583999634,
      3.166536808013916,
      5.286464691162109,
      12.490803718566895,
      3.3183038234710693,
      5.5568461418151855,
      3.449329376220703,
      2.8112666606903076,
      5.739193439483643,
      5.92746639251709,
      5.663613319396973,
      6.480682373046875,
      5.725815296173096,
      6.304025650024414,
      6.261300086975098,
      7.153269290924072,
      8.80915641784668,
      7.787539005279541
    ],
    [
      2.4459452629089355,
      -0.9052636027336121,
      2.2962377071380615,
      3.3183038234710693,
      18.14448356628418,
      9.775060653686523,
      13.597406387329102,
      7.536361217498779,
      16.00267791748047,
      13.116259574890137,
      13.906750679016113,
      12.432168960571289,
      10.996086120605469,
      8.695181846618652,
      10.375761985778809,
      7.7542853355407715,
      9.90406608581543,
      9.112606048583984
    ],
    [
      1.90446138381958,
      0.25546398758888245,
      3.9111273288726807,
      5.5568461418151855,
      9.775060653686523,
      15.463144302368164,
      10.892234802246094,
      9.900949478149414,
      13.318470001220703,
      13.709723472595215,
      12.113078117370605,
      13.836017608642578,
      10.187469482421875,
      11.484467506408691,
      9.481915473937988,
      10.343757629394531,
      10.441741943359375,
      9.75169563293457
    ],
    [
      3.5659708976745605,
      -0.7268468141555786,
      2.478919506072998,
      3.449329376220703,
      13.597406387329102,
      10.892234802246094,
      29.593936920166016,
      16.628110885620117,
      23.80990982055664,
      18.020475387573242,
      16.981597900390625,
      15.79117202758789,
      13.1074800491333,
      10.615506172180176,
      14.2274751663208,
      11.625004768371582,
      16.306352615356445,
      14.476374626159668
    ],
    [
      2.8928494453430176,
      0.8501555323600769,
      2.8170483112335205,
      2.8112666606903076,
      7.536361217498779,
      9.900949478149414,
      16.628110885620117,
      19.422250747680664,
      16.07966423034668,
      16.049392700195312,
      12.981475830078125,
      15.765824317932129,
      9.105839729309082,
      11.629862785339355,
      8.500850677490234,
      10.447469711303711,
      10.375906944274902,
      9.157496452331543
    ],
    [
      4.616101264953613,
      1.4684940576553345,
      3.4537792205810547,
      5.739193439483643,
      16.00267791748047,
      13.318470001220703,
      23.80990982055664,
      16.07966423034668,
      35.865238189697266,
      28.620790481567383,
      27.218524932861328,
      27.523921966552734,
      19.97896385192871,
      18.764514923095703,
      17.626489639282227,
      15.783608436584473,
      19.177623748779297,
      16.0571231842041
    ],
    [
      5.5586090087890625,
      4.383209705352783,
      3.6847989559173584,
      5.92746639251709,
      13.116259574890137,
      13.709723472595215,
      18.020475387573242,
      16.049392700195312,
      28.620790481567383,
      32.865657806396484,
      24.60755157470703,
      31.408729553222656,
      17.40155601501465,
      21.389297485351562,
      12.229866027832031,
      14.777180671691895,
      14.248895645141602,
      12.423069953918457
    ],
    [
      5.111921310424805,
      2.623337507247925,
      3.614039659500122,
      5.663613319396973,
      13.906750679016113,
      12.113078117370605,
      16.981597900390625,
      12.981475830078125,
      27.218524932861328,
      24.60755157470703,
      29.190898895263672,
      28.39955711364746,
      21.91004753112793,
      20.42753791809082,
      16.811664581298828,
      15.21732234954834,
      15.446494102478027,
      12.700182914733887
    ],
    [
      5.317395210266113,
      4.763438701629639,
      3.992567300796509,
      6.480682373046875,
      12.432168960571289,
      13.836017608642578,
      15.79117202758789,
      15.765824317932129,
      27.523921966552734,
      31.408729553222656,
      28.39955711364746,
      39.00545883178711,
      19.867998123168945,
      26.73341178894043,
      12.31070327758789,
      16.819259643554688,
      12.818682670593262,
      11.077502250671387
    ],
    [
      3.966388702392578,
      2.019488573074341,
      3.9549899101257324,
      5.725815296173096,
      10.996086120605469,
      10.187469482421875,
      13.1074800491333,
      9.105839729309082,
      19.97896385192871,
      17.40155601501465,
      21.91004753112793,
      19.867998123168945,
      27.157184600830078,
      19.584423065185547,
      22.213560104370117,
      17.48140525817871,
      18.127214431762695,
      12.988032341003418
    ],
    [
      3.515995502471924,
      3.3479115962982178,
      4.460906028747559,
      6.304025650024414,
      8.695181846618652,
      11.484467506408691,
      10.615506172180176,
      11.629862785339355,
      18.764514923095703,
      21.389297485351562,
      20.42753791809082,
      26.73341178894043,
      19.584423065185547,
      29.01702880859375,
      13.758487701416016,
      21.048429489135742,
      13.335328102111816,
      11.323945999145508
    ],
    [
      2.8941447734832764,
      0.48813435435295105,
      4.154618263244629,
      6.261300086975098,
      10.375761985778809,
      9.481915473937988,
      14.2274751663208,
      8.500850677490234,
      17.626489639282227,
      12.229866027832031,
      16.811664581298828,
      12.31070327758789,
      22.213560104370117,
      13.758487701416016,
      29.197877883911133,
      20.313085556030273,
      27.474496841430664,
      21.76347541809082
    ],
    [
      2.749555826187134,
      2.2960262298583984,
      5.455028057098389,
      7.153269290924072,
      7.7542853355407715,
      10.343757629394531,
      11.625004768371582,
      10.447469711303711,
      15.783608436584473,
      14.777180671691895,
      15.21732234954834,
      16.819259643554688,
      17.48140525817871,
      21.048429489135742,
      20.313085556030273,
      26.976638793945312,
      26.297012329101562,
      23.921314239501953
    ],
    [
      2.6353166103363037,
      0.833927571773529,
      5.56674861907959,
      8.80915641784668,
      9.90406608581543,
      10.441741943359375,
      16.306352615356445,
      10.375906944274902,
      19.177623748779297,
      14.248895645141602,
      15.446494102478027,
      12.818682670593262,
      18.127214431762695,
      13.335328102111816,
      27.474496841430664,
      26.297012329101562,
      48.22738265991211,
      40.75064468383789
    ],
    [
      2.1960608959198,
      0.3102506697177887,
      4.632870197296143,
      7.787539005279541,
      9.112606048583984,
      9.75169563293457,
      14.476374626159668,
      9.157496452331543,
      16.0571231842041,
      12.423069953918457,
      12.700182914733887,
      11.077502250671387,
      12.988032341003418,
      11.323945999145508,
      21.76347541809082,
      23.921314239501953,
      40.75064468383789,
      44.08243179321289
    ]
  ],
  "covariance_short": [
    [
      29.711679458618164,
      7.857462406158447,
      3.6158504486083984,
      2.007251501083374,
      4.126833915710449,
      3.1080896854400635,
      4.6649556159973145,
      3.621903657913208,
      7.584263324737549,
      7.803861618041992,
      8.070961952209473,
      8.035820007324219,
      4.826503276824951,
      3.7106566429138184,
      2.31087589263916,
      1.0927443504333496,
      0.7510371208190918,
      0.9154614210128784
    ],
    [
      7.857462406158447,
      27.13792610168457,
      1.2014822959899902,
      5.065431118011475,
      -0.8575996160507202,
      0.7640343904495239,
      -0.24881528317928314,
      0.9275939464569092,
      2.678520679473877,
      4.644272327423096,
      2.434915065765381,
      4.76930570602417,
      1.1203933954238892,
      2.2917182445526123,
      -0.523819088935852,
      1.0982019901275635,
      0.9107875823974609,
      2.324063301086426
    ],
    [
      3.6158504486083984,
      1.2014822959899902,
      10.086771011352539,
      4.301361083984375,
      2.1271915435791016,
      3.2156872749328613,
      1.775497317314148,
      1.9533377885818481,
      2.247504472732544,
      2.2048916816711426,
      3.3629190921783447,
      2.2756447792053223,
      3.9695725440979004,
      3.359783172607422,
      4.3161091804504395,
      4.819408416748047,
      6.996402740478516,
      6.861498832702637
    ],
    [
      2.007251501083374,
      5.065431118011475,
      4.301361083984375,
      11.993766784667969,
      1.432937741279602,
      4.453136444091797,
      0.6456185579299927,
      2.041069984436035,
      2.4142322540283203,
      3.5978269577026367,
      2.9962499141693115,
      3.646111488342285,
      3.5233922004699707,
      4.248249530792236,
      3.3647449016571045,
      4.942453861236572,
      6.288602352142334,
      6.781782150268555
    ],
    [
      4.126833915710449,
      -0.8575996160507202,
      2.1271915435791016,
      1.432937741279602,
      24.798845291137695,
      11.335548400878906,
      15.970401763916016,
      7.454362869262695,
      18.440656661987305,
      12.90043830871582,
      16.919315338134766,
      13.433476448059082,
      14.36956787109375,
      10.013541221618652,
      13.101753234863281,
      9.641622543334961,
      11.683395385742188,
      11.997679710388184
    ],
    [
      3.1080896854400635,
      0.7640343904495239,
      3.2156872749328613,
      4.453136444091797,
      11.335548400878906,
      19.238744735717773,
      10.920382499694824,
      10.483802795410156,
      13.971158027648926,
      14.375019073486328,
      13.313288688659668,
      14.525443077087402,
      12.03842830657959,
      12.3107271194458,
      10.064665794372559,
      11.5813570022583,
      11.392133712768555,
      12.373403549194336
    ],
    [
      4.6649556159973145,
      -0.24881528317928314,
      1.775497317314148,
      0.6456185579299927,
      15.970401763916016,
      10.920382499694824,
      34.41453552246094,
      17.00197410583496,
      25.931350708007812,
      17.889663696289062,
      20.392436981201172,
      16.54479217529297,
      17.07592010498047,
      12.646466255187988,
      17.017940521240234,
      13.626875877380371,
      17.055042266845703,
      16.30180549621582
    ],
    [
      3.621903657913208,
      0.9275939464569092,
      1.9533377885818481,
      2.041069984436035,
      7.454362869262695,
      10.483802795410156,
      17.00197410583496,
      22.45135498046875,
      15.980295181274414,
      17.220748901367188,
      14.30964183807373,
      16.142541885375977,
      11.096702575683594,
      12.269454002380371,
      8.86895751953125,
      11.033018112182617,
      10.102520942687988,
      10.727608680725098
    ],
    [
      7.584263324737549,
      2.678520679473877,
      2.247504472732544,
      2.4142322540283203,
      18.440656661987305,
      13.971158027648926,
      25.931350708007812,
      15.980295181274414,
      41.0339469909668,
      29.853485107421875,
      31.402570724487305,
      28.847166061401367,
      23.82963752746582,
      19.717023849487305,
      19.47168731689453,
      16.336471557617188,
      19.251815795898438,
      18.201231002807617
    ],
    [
      7.803861618041992,
      4.644272327423096,
      2.2048916816711426,
      3.5978269577026367,
      12.90043830871582,
      14.375019073486328,
      17.889663696289062,
      17.220748901367188,
      29.853485107421875,
      36.12125778198242,
      26.98863983154297,
      33.20525360107422,
      19.076236724853516,
      21.932781219482422,
      12.640652656555176,
      14.933125495910645,
      13.345308303833008,
      14.40454387664795
    ],
    [
      8.070961952209473,
      2.434915065765381,
      3.3629190921783447,
      2.9962499141693115,
      16.919315338134766,
      13.313288688659668,
      20.392436981201172,
      14.30964183807373,
      31.402570724487305,
      26.98863983154297,
      38.23280715942383,
      32.192386627197266,
      28.75471305847168,
      23.889469146728516,
      21.125364303588867,
      18.30295181274414,
      18.902549743652344,
      17.778261184692383
    ],
    [
      8.035820007324219,
      4.76930570602417,
      2.2756447792053223,
      3.646111488342285,
      13.433476448059082,
      14.525443077087402,
      16.54479217529297,
      16.142541885375977,
      28.847166061401367,
      33.20525360107422,
      32.192386627197266,
      43.142852783203125,
      23.275907516479492,
      28.369049072265625,
      13.281295776367188,
      17.656238555908203,
      12.860738754272461,
      14.483784675598145
    ],
    [
      4.826503276824951,
      1.1203933954238892,
      3.9695725440979004,
      3.5233922004699707,
      14.36956787109375,
      12.03842830657959,
      17.07592010498047,
      11.096702575683594,
      23.82963752746582,
      19.076236724853516,
      28.75471305847168,
      23.275907516479492,
      38.881492614746094,
      25.96390724182129,
      31.934038162231445,
      25.929798126220703,
      29.035308837890625,
      25.75121307373047
    ],
    [
      3.7106566429138184,
      2.2917182445526123,
      3.359783172607422,
      4.248249530792236,
      10.013541221618652,
      12.3107271194458,
      12.646466255187988,
      12.269454002380371,
      19.717023849487305,
      21.932781219482422,
      23.889469146728516,
      28.369049072265625,
      25.96390724182129,
      33.955204010009766,
      18.49217414855957,
      26.666933059692383,
      20.209890365600586,
      22.14736557006836
    ],
    [
      2.31087589263916,
      -0.523819088935852,
      4.3161091804504395,
      3.3647449016571045,
      13.101753234863281,
      10.064665794372559,
      17.017940521240234,
      8.86895751953125,
      19.47168731689453,
      12.640652656555176,
      21.125364303588867,
      13.281295776367188,
      31.934038162231445,
      18.49217414855957,
      42.65135192871094,
      30.203632354736328,
      43.316162109375,
      38.077579498291016
    ],
    [
      1.0927443504333496,
      1.0982019901275635,
      4.819408416748047,
      4.942453861236572,
      9.641622543334961,
      11.5813570022583,
      13.626875877380371,
      11.033018112182617,
      16.336471557617188,
      14.933125495910645,
      18.30295181274414,
      17.656238555908203,
      25.929798126220703,
      26.666933059692383,
      30.203632354736328,
      39.12761688232422,
      42.90939712524414,
      45.307769775390625
    ],
    [
      0.7510371208190918,
      0.9107875823974609,
      6.996402740478516,
      6.288602352142334,
      11.683395385742188,
      11.392133712768555,
      17.055042266845703,
      10.102520942687988,
      19.251815795898438,
      13.345308303833008,
      18.902549743652344,
      12.860738754272461,
      29.035308837890625,
      20.209890365600586,
      43.316162109375,
      42.90939712524414,
      78.17710876464844,
      72.6695785522461
    ],
    [
      0.9154614210128784,
      2.324063301086426,
      6.861498832702637,
      6.781782150268555,
      11.997679710388184,
      12.373403549194336,
      16.30180549621582,
      10.727608680725098,
      18.201231002807617,
      14.40454387664795,
      17.778261184692383,
      14.483784675598145,
      25.75121307373047,
      22.14736557006836,
      38.077579498291016,
      45.307769775390625,
      72.6695785522461,
      81.36236572265625
    ]
  ],
  "drr": 14.010823249816895,
  "dynamics": 2.291093111038208,
  "format": 1245190,
  "frames": 10618880,
  "loudness": -8.467931747436523,
  "loudness_range": 5.5164265632629395,
  "loudness_range_short": 7.259608745574951,
  "peak": 0.46848219633102417,
  "rms": -11.27879524230957,
  "sample_rate": 44100,
  "sections": 1,
  "seekable": 1,
  "sharpness": 1.5930734872817993,
  "space": -6.1642656326293945
}