{
  "bands": [
    {
      "high_freq": 148.1999969482422,
      "loudness": -19.258222579956055,
      "loudness_range": 10.393367767333984,
      "mid_mean": -15.704486846923828,
      "mid_to_side_loudness": -17.148731231689453,
      "mid_to_side_loudness_range": 9.868880271911621,
      "side_mean": -32.787139892578125
    },
    {
      "high_freq": 392.3793640136719,
      "loudness": -18.724695205688477,
      "loudness_range": 11.942099571228027,
      "low_freq": 148.1999969482422,
      "mid_mean": -15.533992767333984,
      "mid_to_side_loudness": -10.26045036315918,
      "mid_to_side_loudness_range": 10.123042106628418,
      "side_mean": -25.893545150756836
    },
    {
      "high_freq": 794.6976318359375,
      "loudness": -25.578535079956055,
      "loudness_range": 19.454345703125,
      "low_freq": 392.3793640136719,
      "mid_mean": -22.501846313476562,
      "mid_to_side_loudness": -10.062801361083984,
      "mid_to_side_loudness_range": 12.055801391601562,
      "side_mean": -32.915077209472656
    },
    {
      "high_freq": 1457.5709228515625,
      "loudness": -31.668684005737305,
      "loudness_range": 25.130260467529297,
      "low_freq": 794.6976318359375,
      "mid_mean": -28.74897003173828,
      "mid_to_side_loudness": -9.584287643432617,
      "mid_to_side_loudness_range": 12.877069473266602,
      "side_mean": -38.71137619018555
    },
    {
      "high_freq": 2549.74365234375,
      "loudness": -35.6873893737793,
      "loudness_range": 27.278501510620117,
      "low_freq": 1457.5709228515625,
      "mid_mean": -32.581947326660156,
      "mid_to_side_loudness": -10.494911193847656,
      "mid_to_side_loudness_range": 13.21391487121582,
      "side_mean": -43.63455581665039
    },
    {
      "high_freq": 4349.24462890625,
      "loudness": -38.07032012939453,
      "loudness_range": 25.09912872314453,
      "low_freq": 2549.74365234375,
      "mid_mean": -34.98373031616211,
      "mid_to_side_loudness": -10.331229209899902,
      "mid_to_side_loudness_range": 12.213394165039062,
      "side_mean": -45.907779693603516
    },
    {
      "high_freq": 7314.1640625,
      "loudness": -42.02437210083008,
      "loudness_range": 24.124967575073242,
      "low_freq": 4349.24462890625,
      "mid_mean": -39.24668502807617,
      "mid_to_side_loudness": -8.924240112304688,
      "mid_to_side_loudness_range": 11.809438705444336,
      "side_mean": -49.22385025024414
    },
    {
      "high_freq": 12199.2666015625,
      "loudness": -44.261993408203125,
      "loudness_range": 27.4011173248291,
      "low_freq": 7314.1640625,
      "mid_mean": -41.66632843017578,
      "mid_to_side_loudness": -9.61328411102295,
      "mid_to_side_loudness_range": 14.230596542358398,
      "side_mean": -52.573917388916016
    },
    {
      "loudness": -54.24391555786133,
      "loudness_range": 26.756187438964844,
      "low_freq": 12199.2666015625,
      "mid_mean": -51.755523681640625,
      "mid_to_side_loudness": -9.38276195526123,
      "mid_to_side_loudness_range": 14.911832809448242,
      "side_mean": -60.18290328979492
    }
  ],
  "bands_short": [
    {
      "high_freq": 148.1999969482422,
      "loudness": -23.541675567626953,
      "loudness_range": 15.696809768676758,
      "mid_mean": -20.033493041992188,
      "mid_to_side_loudness": -17.377138137817383,
      "mid_to_side_loudness_range": 14.844593048095703,
      "side_mean": -37.50602340698242
    },
    {
      "high_freq": 392.3793640136719,
      "loudness": -17.426944732666016,
      "loudness_range": 12.487327575683594,
      "low_freq": 148.1999969482422,
      "mid_mean": -14.141827583312988,
      "mid_to_side_loudness": -11.718539237976074,
      "mid_to_side_loudness_range": 12.354351043701172,
      "side_mean": -25.91969871520996
    },
    {
      "high_freq": 794.6976318359375,
      "loudness": -26.26567840576172,
      "loudness_range": 21.802024841308594,
      "low_freq": 392.3793640136719,
      "mid_mean": -23.25663948059082,
      "mid_to_side_loudness": -9.663827896118164,
      "mid_to_side_loudness_range": 13.319246292114258,
      "side_mean": -33.259742736816406
    },
    {
      "high_freq": 1457.5709228515625,
      "loudness": -32.31119918823242,
      "loudness_range": 26.184307098388672,
      "low_freq": 794.6976318359375,
      "mid_mean": -29.46455955505371,
      "mid_to_side_loudness": -8.866586685180664,
      "mid_to_side_loudness_range": 13.377900123596191,
      "side_mean": -38.76702880859375
    },
    {
      "high_freq": 2549.74365234375,
      "loudness": -37.260292053222656,
      "loudness_range": 29.312828063964844,
      "low_freq": 1457.5709228515625,
      "mid_mean": -34.294891357421875,
      "mid_to_side_loudness": -9.918843269348145,
      "mid_to_side_loudness_range": 14.288467407226562,
      "side_mean": -44.934593200683594
    },
    {
      "high_freq": 4349.24462890625,
      "loudness": -39.84059143066406,
      "loudness_range": 27.874176025390625,
      "low_freq": 2549.74365234375,
      "mid_mean": -36.90253448486328,
      "mid_to_side_loudness": -9.87149429321289,
      "mid_to_side_loudness_range": 13.33022689819336,
      "side_mean": -47.67795181274414
    },
    {
      "high_freq": 7314.1640625,
      "loudness": -44.90987777709961,
      "loudness_range": 28.18548583984375,
      "low_freq": 4349.24462890625,
      "mid_mean": -42.398033142089844,
      "mid_to_side_loudness": -8.805849075317383,
      "mid_to_side_loudness_range": 12.884706497192383,
      "side_mean": -52.60206985473633
    },
    {
      "high_freq": 12199.2666015625,
      "loudness": -47.222774505615234,
      "loudness_range": 31.863040924072266,
      "low_freq": 7314.1640625,
      "mid_mean": -45.93096923828125,
      "mid_to_side_loudness": -9.53076457977295,
      "mid_to_side_loudness_range": 15.367724418640137,
      "side_mean": -55.70569610595703
    },
    {
      "loudness": -56.510711669921875,
      "loudness_range": 26.007766723632812,
      "low_freq": 12199.2666015625,
      "mid_mean": -53.78445816040039,
      "mid_to_side_loudness": -9.48124885559082,
      "mid_to_side_loudness_range": 15.706457138061523,
      "side_mean": -62.04462432861328
    }
  ],
  "channels": 2,
  "covariance": [
    [
      19.09804344177246,
      13.53780746459961,
      11.47244644165039,
      11.658935546875,
      10.328560829162598,
      12.356688499450684,
      11.598392486572266,
      13.906188011169434,
      11.139513969421387,
      13.842963218688965,
      11.93856143951416,
      15.765642166137695,
      11.740467071533203,
      17.867286682128906,
      7.215360641479492,
      13.754014015197754,
      7.79617977142334,
      7.053991317749023
    ],
    [
      13.53780746459961,
      20.21148109436035,
      9.892965316772461,
      11.844717979431152,
      8.954572677612305,
      12.189146995544434,
      7.877924919128418,
      11.970498085021973,
      6.567473411560059,
      11.500773429870605,
      7.838808536529541,
      11.993834495544434,
      8.082924842834473,
      13.574867248535156,
      5.703900337219238,
      10.696503639221191,
      6.308474063873291,
      5.7148871421813965
    ],
    [
      11.47244644165039,
      9.892965316772461,
      24.52644920349121,
      18.383955001831055,
      26.09530258178711,
      21.805559158325195,
      26.601055145263672,
      23.0825138092041,
      26.029245376586914,
      24.2760009765625,
      24.92385482788086,
      24.7633113861084,
      21.17496681213379,
      25.686790466308594,
      23.830808639526367,
      24.600833892822266,
      23.798189163208008,
      13.782143592834473
    ],
    [
      11.658935546875,
      11.844717979431152,
      18.383955001831055,
      25.83120346069336,
      21.511945724487305,
      27.418346405029297,
      21.21855926513672,
      26.445205688476562,
      17.969959259033203,
      23.418277740478516,
      17.03147315979004,
      22.39413833618164,
      16.39776611328125,
      24.26258659362793,
      16.05447006225586,
      22.836416244506836,
      16.025711059570312,
      13.302630424499512
    ],
    [
      10.328560829162598,
      8.954572677612305,
      26.09530258178711,
      21.511945724487305,
      53.9350471496582,
      37.96821594238281,
      52.4675407409668,
      38.167694091796875,
      51.53325271606445,
      39.045711517333984,
      43.470314025878906,
      37.27759552001953,
      34.72056198120117,
      33.75707244873047,
      40.3291015625,
      33.96446990966797,
      37.84049987792969,
      21.184154510498047
    ],
    [
      12.356688499450684,
      12.189146995544434,
      21.805559158325195,
      27.418346405029297,
      37.96821594238281,
      46.479488372802734,
      39.80815505981445,
      42.42710876464844,
      33.86680603027344,
      37.49382781982422,
      28.479787826538086,
      33.86574935913086,
      25.532318115234375,
      33.68596267700195,
      24.224313735961914,
      30.737585067749023,
      23.289026260375977,
      18.852508544921875
    ],
    [
      11.598392486572266,
      7.877924919128418,
      26.601055145263672,
      21.21855926513672,
      52.4675407409668,
      39.80815505981445,
      80.9263687133789,
      53.0129280090332,
      70.48574829101562,
      51.598304748535156,
      51.699493408203125,
      43.82244110107422,
      39.14448165893555,
      40.47075271606445,
      44.14506530761719,
      40.91799545288086,
      41.31773376464844,
      24.300512313842773
    ],
    [
      13.906188011169434,
      11.970498085021973,
      23.0825138092041,
      26.445205688476562,
      38.167694091796875,
      42.42710876464844,
      53.0129280090332,
      52.6811637878418,
      45.368038177490234,
      46.57168197631836,
      35.08375930786133,
      39.710166931152344,
      29.78899383544922,
      38.62888717651367,
      28.574371337890625,
      35.96611404418945,
      26.480560302734375,
      21.015010833740234
    ],
    [
      11.139513969421387,
      6.567473411560059,
      26.029245376586914,
      17.969959259033203,
      51.53325271606445,
      33.86680603027344,
      70.48574829101562,
      45.368038177490234,
      85.493896484375,
      56.079376220703125,
      67.55701446533203,
      51.93039321899414,
      51.99095153808594,
      45.26533889770508,
      58.97373580932617,
      45.82004928588867,
      51.352622985839844,
      27.929401397705078
    ],
    [
      13.842963218688965,
      11.500773429870605,
      24.2760009765625,
      23.418277740478516,
      39.045711517333984,
      37.49382781982422,
      51.598304748535156,
      46.57168197631836,
      56.079376220703125,
      55.42863845825195,
      46.86113739013672,
      49.91115188598633,
      39.1934928894043,
      46.528709411621094,
      38.30437469482422,
      42.43440246582031,
      33.96414566040039,
      23.91687774658203
    ],
    [
      11.93856143951416,
      7.838808536529541,
      24.92385482788086,
      17.03147315979004,
      43.470314025878906,
      28.479787826538086,
      51.699493408203125,
      35.08375930786133,
      67.55701446533203,
      46.86113739013672,
      72.27819061279297,
      52.79935836791992,
      59.39036178588867,
      48.38068771362305,
      64.3204116821289,
      47.43647766113281,
      54.3035774230957,
      29.736148834228516
    ],
    [
      15.765642166137695,
      11.993834495544434,
      24.7633113861084,
      22.39413833618164,
      37.27759552001953,
      33.86574935913086,
      43.82244110107422,
      39.710166931152344,
      51.93039321899414,
      49.91115188598633,
      52.79935836791992,
      60.233985900878906,
      48.2940559387207,
      59.01933288574219,
      43.64396286010742,
      50.32767868041992,
      37.229347229003906,
      28.74545669555664
    ],
    [
      11.740467071533203,
      8.082924842834473,
      21.17496681213379,
      16.39776611328125,
      34.72056198120117,
      25.532318115234375,
      39.14448165893555,
      29.78899383544922,
      51.99095153808594,
      39.1934928894043,
      59.39036178588867,
      48.2940559387207,
      74.99677276611328,
      59.902626037597656,
      75.29066467285156,
      59.47196578979492,
      63.97675323486328,
      42.18235778808594
    ],
    [
      17.867286682128906,
      13.574867248535156,
      25.686790466308594,
      24.26258659362793,
      33.75707244873047,
      33.68596267700195,
      40.47075271606445,
      38.62888717651367,
      45.26533889770508,
      46.528709411621094,
      48.38068771362305,
      59.01933288574219,
      59.902626037597656,
      80.37904357910156,
      54.011959075927734,
      69.99497985839844,
      51.13333511352539,
      45.06501770019531
    ],
    [
      7.215360641479492,
      5.703900337219238,
      23.830808639526367,
      16.05447006225586,
      40.3291015625,
      24.224313735961914,
      44.14506530761719,
      28.574371337890625,
      58.97373580932617,
      38.30437469482422,
      64.3204116821289,
      43.64396286010742,
      75.29066467285156,
      54.011959075927734,
      102.09793853759766,
      66.53130340576172,
      88.77752685546875,
      49.6225700378418
    ],
    [
      13.754014015197754,
      10.696503639221191,
      24.600833892822266,
      22.836416244506836,
      33.96446990966797,
      30.737585067749023,
      40.91799545288086,
      35.96611404418945,
      45.82004928588867,
      42.43440246582031,
      47.43647766113281,
      50.32767868041992,
      59.47196578979492,
      69.99497985839844,
      66.53130340576172,
      78.71564483642578,
      68.74373626708984,
      52.64501190185547
    ],
    [
      7.79617977142334,
      6.308474063873291,
      23.798189163208008,
      16.025711059570312,
      37.84049987792969,
      23.289026260375977,
      41.31773376464844,
      26.480560302734375,
      51.352622985839844,
      33.96414566040039,
      54.3035774230957,
      37.229347229003906,
      63.97675323486328,
      51.13333511352539,
      88.77752685546875,
      68.74373626708984,
      98.76948547363281,
      53.89790344238281
    ],
    [
      7.053991317749023,
      5.7148871421813965,
      13.782143592834473,
      13.302630424499512,
      21.184154510498047,
      18.852508544921875,
      24.300512313842773,
      21.015010833740234,
      27.929401397705078,
      23.91687774658203,
      29.736148834228516,
      28.74545669555664,
      42.18235778808594,
      45.06501770019531,
      49.6225700378418,
      52.64501190185547,
      53.89790344238281,
      43.58829879760742
    ]
  ],
  "covariance_short": [
    [
      35.41100311279297,
      21.22785186767578,
      16.79599380493164,
      13.555733680725098,
      13.846323013305664,
      13.128744125366211,
      13.473060607910156,
      15.08322811126709,
      13.94959831237793,
      16.09702491760254,
      13.830835342407227,
      17.80954360961914,
      13.921162605285645,
      18.863821029663086,
      12.30082893371582,
      15.228145599365234,
      9.606481552124023,
      8.071538925170898
    ],
    [
      21.22785186767578,
      32.13339614868164,
      14.504170417785645,
      16.263513565063477,
      12.530952453613281,
      13.87582015991211,
      11.123252868652344,
      14.71677303314209,
      10.102849006652832,
      16.060302734375,
      10.084834098815918,
      17.549999237060547,
      10.522185325622559,
      18.225688934326172,
      8.301095008850098,
      12.422601699829102,
      6.744829177856445,
      6.14490270614624
    ],
    [
      16.79599380493164,
      14.504170417785645,
      24.73430633544922,
      17.4404354095459,
      23.24120330810547,
      18.340906143188477,
      22.209890365600586,
      19.71918487548828,
      22.448726654052734,
      21.287200927734375,
      22.30763816833496,
      23.15012550354004,
      20.03563690185547,
      22.07775115966797,
      23.65669059753418,
      19.41739273071289,
      17.38966941833496,
      9.284978866577148
    ],
    [
      13.555733680725098,
      16.263513565063477,
      17.4404354095459,
      29.046531677246094,
      23.01106834411621,
      28.218339920043945,
      21.113590240478516,
      26.536806106567383,
      17.63665008544922,
      24.596729278564453,
      17.15574836730957,
      24.065658569335938,
      17.641460418701172,
      23.89535140991211,
      21.30071449279785,
      21.502174377441406,
      15.74527359008789,
      11.61085319519043
    ],
    [
      13.846323013305664,
      12.530952453613281,
      23.24120330810547,
      23.01106834411621,
      62.48283386230469,
      42.64598846435547,
      56.770263671875,
      41.0072135925293,
      56.218238830566406,
      43.82149124145508,
      47.04706954956055,
      42.828189849853516,
      38.099308013916016,
      35.85783386230469,
      46.26259231567383,
      34.566505432128906,
      33.992916107177734,
      17.633045196533203
    ],
    [
      13.128744125366211,
      13.87582015991211,
      18.340906143188477,
      28.218339920043945,
      42.64598846435547,
      51.93132400512695,
      41.463829040527344,
      44.76573181152344,
      35.09748458862305,
      40.198081970214844,
      29.061872482299805,
      36.794918060302734,
      27.18170738220215,
      33.353694915771484,
      30.688724517822266,
      29.792776107788086,
      21.9751033782959,
      16.440397262573242
    ],
    [
      13.473060607910156,
      11.123252868652344,
      22.209890365600586,
      21.113590240478516,
      56.770263671875,
      41.463829040527344,
      85.32603454589844,
      56.05910110473633,
      74.83834075927734,
      55.95203399658203,
      56.37104034423828,
      48.9651985168457,
      42.0877571105957,
      40.38064193725586,
      51.47453689575195,
      39.84025573730469,
      36.23354721069336,
      19.964645385742188
    ],
    [
      15.08322811126709,
      14.71677303314209,
      19.71918487548828,
      26.536806106567383,
      41.0072135925293,
      44.76573181152344,
      56.05910110473633,
      57.95918273925781,
      48.041481018066406,
      51.03034210205078,
      37.95833206176758,
      44.47391891479492,
      33.23931121826172,
      39.569454193115234,
      36.93861770629883,
      36.26392364501953,
      25.82526969909668,
      19.309749603271484
    ],
    [
      13.94959831237793,
      10.102849006652832,
      22.448726654052734,
      17.63665008544922,
      56.218238830566406,
      35.09748458862305,
      74.83834075927734,
      48.041481018066406,
      101.37284088134766,
      67.12039184570312,
      81.6953125,
      63.71012878417969,
      65.2364730834961,
      54.16838455200195,
      75.27953338623047,
      54.356117248535156,
      51.8477668762207,
      27.58017349243164
    ],
    [
      16.09702491760254,
      16.060302734375,
      21.287200927734375,
      24.596729278564453,
      43.82149124145508,
      40.198081970214844,
      55.95203399658203,
      51.03034210205078,
      67.12039184570312,
      69.28438568115234,
      58.05148696899414,
      63.22992706298828,
      53.010318756103516,
      57.15111541748047,
      58.681949615478516,
      52.485721588134766,
      39.33688735961914,
      26.609468460083008
    ],
    [
      13.830835342407227,
      10.084834098815918,
      22.30763816833496,
      17.15574836730957,
      47.04706954956055,
      29.061872482299805,
      56.37104034423828,
      37.95833206176758,
      81.6953125,
      58.05148696899414,
      95.39826965332031,
      69.26068878173828,
      82.1634521484375,
      63.69736099243164,
      90.48088073730469,
      63.36576843261719,
      63.010677337646484,
      33.97705841064453
    ],
    [
      17.80954360961914,
      17.549999237060547,
      23.15012550354004,
      24.065658569335938,
      42.828189849853516,
      36.794918060302734,
      48.9651985168457,
      44.47391891479492,
      63.71012878417969,
      63.22992706298828,
      69.26068878173828,
      78.71562194824219,
      69.10384368896484,
      75.5170669555664,
      72.36805725097656,
      65.73382568359375,
      46.813297271728516,
      33.91680145263672
    ],
    [
      13.921162605285645,
      10.522185325622559,
      20.03563690185547,
      17.641460418701172,
      38.099308013916016,
      27.18170738220215,
      42.0877571105957,
      33.23931121826172,
      65.2364730834961,
      53.010318756103516,
      82.1634521484375,
      69.10384368896484,
      105.53278350830078,
      83.1860580444336,
      107.34842681884766,
      82.83821105957031,
      76.60957336425781,
      49.408973693847656
    ],
    [
      18.863821029663086,
      18.225688934326172,
      22.07775115966797,
      23.89535140991211,
      35.85783386230469,
      33.353694915771484,
      40.38064193725586,
      39.569454193115234,
      54.16838455200195,
      57.15111541748047,
      63.69736099243164,
      75.5170669555664,
      83.1860580444336,
      102.31812286376953,
      86.28389739990234,
      88.82539367675781,
      62.740692138671875,
      50.321632385253906
    ],
    [
      12.30082893371582,
      8.301095008850098,
      23.65669059753418,
      21.30071449279785,
      46.26259231567383,
      30.688724517822266,
      51.47453689575195,
      36.93861770629883,
      75.27953338623047,
      58.681949615478516,
      90.48088073730469,
      72.36805725097656,
      107.34842681884766,
      86.28389739990234,
      153.90896606445312,
      102.68396759033203,
      109.44095611572266,
      60.61640167236328
    ],
    [
      15.228145599365234,
      12.422601699829102,
      19.41739273071289,
      21.502174377441406,
      34.566505432128906,
      29.792776107788086,
      39.84025573730469,
      36.26392364501953,
      54.356117248535156,
      52.485721588134766,
      63.36576843261719,
      65.73382568359375,
      82.83821105957031,
      88.82539367675781,
      102.68396759033203,
      94.41273498535156,
      76.01176452636719,
      55.95378875732422
    ],
    [
      9.606481552124023,
      6.744829177856445,
      17.38966941833496,
      15.74527359008789,
      33.992916107177734,
      21.9751033782959,
      36.23354721069336,
      25.82526969909668,
      51.8477668762207,
      39.33688735961914,
      63.010677337646484,
      46.813297271728516,
      76.60957336425781,
      62.740692138671875,
      109.44095611572266,
      76.01176452636719,
      99.11383056640625,
      52.563331604003906
    ],
    [
      8.071538925170898,
      6.14490270614624,
      9.284978866577148,
      11.61085319519043,
      17.633045196533203,
      16.440397262573242,
      19.964645385742188,
      19.309749603271484,
      27.58017349243164,
      26.609468460083008,
      33.97705841064453,
      33.91680145263672,
      49.408973693847656,
      50.321632385253906,
      60.61640167236328,
      55.95378875732422,
      52.563331604003906,
      42.82654571533203
    ]
  ],
  "drr": 15.942254066467285,
  "dynamics": 3.4607396125793457,
  "format": 1245190,
  "frames": 9873408,
  "loudness": -10.795310974121094,
  "loudness_range": 9.558114051818848,
  "loudness_range_short": 11.97646713256836,
  "peak": 0.20671845972537994,
  "rms": -12.080343246459961,
  "sample_rate": 44100,
  "sections": 1,
  "seekable": 1,
  "sharpness": 2.6064395904541016,
  "space": -12.373062133789062
}