{
  "bands": [
    {
      "high_freq": 148.1999969482422,
      "loudness": -34.976261138916016,
      "loudness_range": 24.44287872314453,
      "mid_mean": -32.134918212890625,
      "mid_to_side_loudness": -9.770949363708496,
      "mid_to_side_loudness_range": 19.14026641845703,
      "side_mean": -43.606239318847656
    },
    {
      "high_freq": 392.3793640136719,
      "loudness": -32.59846878051758,
      "loudness_range": 17.26228904724121,
      "low_freq": 148.1999969482422,
      "mid_mean": -31.326738357543945,
      "mid_to_side_loudness": -1.6749274730682373,
      "mid_to_side_loudness_range": 7.225762367248535,
      "side_mean": -33.09659957885742
    },
    {
      "high_freq": 794.6976318359375,
      "loudness": -32.367835998535156,
      "loudness_range": 19.345903396606445,
      "low_freq": 392.3793640136719,
      "mid_mean": -31.803726196289062,
      "mid_to_side_loudness": -0.6532264351844788,
      "mid_to_side_loudness_range": 10.597195625305176,
      "side_mean": -32.43914794921875
    },
    {
      "high_freq": 1457.5709228515625,
      "loudness": -34.21226119995117,
      "loudness_range": 18.6784725189209,
      "low_freq": 794.6976318359375,
      "mid_mean": -32.82059860229492,
      "mid_to_side_loudness": -2.4647841453552246,
      "mid_to_side_loudness_range": 8.985337257385254,
      "side_mean": -35.47916793823242
    },
    {
      "high_freq": 2549.74365234375,
      "loudness": -33.024810791015625,
      "loudness_range": 14.737836837768555,
      "low_freq": 1457.5709228515625,
      "mid_mean": -31.37679672241211,
      "mid_to_side_loudness": -2.847236156463623,
      "mid_to_side_loudness_range": 8.493083000183105,
      "side_mean": -34.7409782409668
    },
    {
      "high_freq": 4349.24462890625,
      "loudness": -35.6678581237793,
      "loudness_range": 17.247095108032227,
      "low_freq": 2549.74365234375,
      "mid_mean": -34.19090270996094,
      "mid_to_side_loudness": -2.0673763751983643,
      "mid_to_side_loudness_range": 7.015262603759766,
      "side_mean": -36.65953826904297
    },
    {
      "high_freq": 7314.1640625,
      "loudness": -39.273460388183594,
      "loudness_range": 15.72043228149414,
      "low_freq": 4349.24462890625,
      "mid_mean": -37.653656005859375,
      "mid_to_side_loudness": -2.85200834274292,
      "mid_to_side_loudness_range": 6.9446306228637695,
      "side_mean": -40.880714416503906
    },
    {
      "high_freq": 12199.2666015625,
      "loudness": -46.31632995605469,
      "loudness_range": 19.215702056884766,
      "low_freq": 7314.1640625,
      "mid_mean": -44.936119079589844,
      "mid_to_side_loudness": -3.137256145477295,
      "mid_to_side_loudness_range": 7.000004291534424,
      "side_mean": -49.25123596191406
    },
    {
      "loudness": -53.80988311767578,
      "loudness_range": 22.41455841064453,
      "low_freq": 12199.2666015625,
      "mid_mean": -52.949623107910156,
      "mid_to_side_loudness": -2.9676973819732666,
      "mid_to_side_loudness_range": 6.449697971343994,
      "side_mean": -55.65388488769531
    }
  ],
  "bands_short": [
    {
      "high_freq": 148.1999969482422,
      "loudness": -37.326297760009766,
      "loudness_range": 27.083789825439453,
      "mid_mean": -34.486331939697266,
      "mid_to_side_loudness": -9.749298095703125,
      "mid_to_side_loudness_range": 21.855876922607422,
      "side_mean": -45.800819396972656
    },
    {
      "high_freq": 392.3793640136719,
      "loudness": -32.54672622680664,
      "loudness_range": 17.31705665588379,
      "low_freq": 148.1999969482422,
      "mid_mean": -31.129812240600586,
      "mid_to_side_loudness": -2.348024845123291,
      "mid_to_side_loudness_range": 9.85977840423584,
      "side_mean": -33.61039352416992
    },
    {
      "high_freq": 794.6976318359375,
      "loudness": -32.190574645996094,
      "loudness_range": 20.004484176635742,
      "low_freq": 392.3793640136719,
      "mid_mean": -31.763158798217773,
      "mid_to_side_loudness": -0.669177770614624,
      "mid_to_side_loudness_range": 12.730463981628418,
      "side_mean": -32.4531135559082
    },
    {
      "high_freq": 1457.5709228515625,
      "loudness": -34.300811767578125,
      "loudness_range": 19.51472282409668,
      "low_freq": 794.6976318359375,
      "mid_mean": -33.064510345458984,
      "mid_to_side_loudness": -2.3912551403045654,
      "mid_to_side_loudness_range": 11.783157348632812,
      "side_mean": -35.63847351074219
    },
    {
      "high_freq": 2549.74365234375,
      "loudness": -33.533138275146484,
      "loudness_range": 15.592277526855469,
      "low_freq": 1457.5709228515625,
      "mid_mean": -32.00231170654297,
      "mid_to_side_loudness": -2.9110167026519775,
      "mid_to_side_loudness_range": 10.379212379455566,
      "side_mean": -35.37229919433594
    },
    {
      "high_freq": 4349.24462890625,
      "loudness": -35.412986755371094,
      "loudness_range": 17.503707885742188,
      "low_freq": 2549.74365234375,
      "mid_mean": -34.197898864746094,
      "mid_to_side_loudness": -1.9003323316574097,
      "mid_to_side_loudness_range": 9.043413162231445,
      "side_mean": -36.37507629394531
    },
    {
      "high_freq": 7314.1640625,
      "loudness": -39.840450286865234,
      "loudness_range": 17.694564819335938,
      "low_freq": 4349.24462890625,
      "mid_mean": -38.38215255737305,
      "mid_to_side_loudness": -2.711052179336548,
      "mid_to_side_loudness_range": 8.34233570098877,
      "side_mean": -41.373355865478516
    },
    {
      "high_freq": 12199.2666015625,
      "loudness": -47.63192367553711,
      "loudness_range": 20.992279052734375,
      "low_freq": 7314.1640625,
      "mid_mean": -46.41218948364258,
      "mid_to_side_loudness": -2.9305548667907715,
      "mid_to_side_loudness_range": 8.061009407043457,
      "side_mean": -50.80387878417969
    },
    {
      "loudness": -56.69046401977539,
      "loudness_range": 27.288455963134766,
      "low_freq": 12199.2666015625,
      "mid_mean": -55.08541488647461,
      "mid_to_side_loudness": -2.1785569190979004,
      "mid_to_side_loudness_range": 7.108311176300049,
      "side_mean": -57.01213455200195
    }
  ],
  "channels": 2,
  "covariance": [
    [
      95.09934997558594,
      38.30336380004883,
      39.35211181640625,
      32.374061584472656,
      28.10684585571289,
      32.9688720703125,
      34.56483840942383,
      40.64247512817383,
      9.298418998718262,
      26.625864028930664,
      14.992965698242188,
      24.41617774963379,
      15.801337242126465,
      25.8056697845459,
      20.52206802368164,
      39.595272064208984,
      48.88835525512695,
      49.71507263183594
    ],
    [
      38.30336380004883,
      45.79753494262695,
      27.80474281311035,
      23.62154769897461,
      24.873987197875977,
      23.427745819091797,
      16.787029266357422,
      23.469074249267578,
      8.205574989318848,
      18.68899917602539,
      8.253387451171875,
      15.936668395996094,
      3.823822498321533,
      11.464083671569824,
      14.766084671020508,
      28.90262222290039,
      29.098588943481445,
      32.00680923461914
    ],
    [
      39.35211181640625,
      27.80474281311035,
      43.09003829956055,
      35.146419525146484,
      26.65184783935547,
      26.939044952392578,
      23.645692825317383,
      31.349695205688477,
      10.040621757507324,
      20.980695724487305,
      12.944164276123047,
      19.716833114624023,
      7.896200656890869,
      13.640556335449219,
      14.239606857299805,
      28.51192283630371,
      29.228492736816406,
      32.48484420776367
    ],
    [
      32.374061584472656,
      23.62154769897461,
      35.146419525146484,
      35.32058334350586,
      23.223329544067383,
      23.411767959594727,
      20.683574676513672,
      27.668136596679688,
      9.521822929382324,
      18.800519943237305,
      12.614813804626465,
      19.436656951904297,
      8.200479507446289,
      13.255866050720215,
      13.676583290100098,
      27.38199234008789,
      27.122446060180664,
      30.33001136779785
    ],
    [
      28.10684585571289,
      24.873987197875977,
      26.65184783935547,
      23.223329544067383,
      49.60739517211914,
      45.2701301574707,
      28.84613609313965,
      34.41740417480469,
      22.906721115112305,
      33.48763656616211,
      16.444686889648438,
      23.198572158813477,
      9.802252769470215,
      15.624823570251465,
      16.40285873413086,
      34.9152946472168,
      30.030807495117188,
      31.482372283935547
    ],
    [
      32.9688720703125,
      23.427745819091797,
      26.939044952392578,
      23.411767959594727,
      45.2701301574707,
      54.87739562988281,
      27.728107452392578,
      33.84224319458008,
      19.79213523864746,
      31.977218627929688,
      13.122254371643066,
      21.49176597595215,
      5.504034519195557,
      12.838135719299316,
      9.733668327331543,
      28.525712966918945,
      28.69539451599121,
      31.456716537475586
    ],
    [
      34.56483840942383,
      16.787029266357422,
      23.645692825317383,
      20.683574676513672,
      28.84613609313965,
      27.728107452392578,
      46.449012756347656,
      43.68913269042969,
      19.34625244140625,
      28.000394821166992,
      24.341814041137695,
      29.9354248046875,
      17.67072296142578,
      21.93709373474121,
      24.540985107421875,
      37.52980422973633,
      34.6754035949707,
      34.06190490722656
    ],
    [
      40.64247512817383,
      23.469074249267578,
      31.349695205688477,
      27.668136596679688,
      34.41740417480469,
      33.84224319458008,
      43.68913269042969,
      55.11117172241211,
      19.06014633178711,
      32.329978942871094,
      22.70977020263672,
      30.77250099182129,
      14.44400691986084,
      20.880998611450195,
      21.37018585205078,
      40.099342346191406,
      38.53071594238281,
      40.958858489990234
    ],
    [
      9.298418998718262,
      8.205574989318848,
      10.040621757507324,
      9.521822929382324,
      22.906721115112305,
      19.79213523864746,
      19.34625244140625,
      19.06014633178711,
      36.21258544921875,
      31.96653175354004,
      20.117965698242188,
      21.370216369628906,
      16.90451431274414,
      18.284076690673828,
      17.707958221435547,
      24.559694290161133,
      17.073644638061523,
      16.795045852661133
    ],
    [
      26.625864028930664,
      18.68899917602539,
      20.980695724487305,
      18.800519943237305,
      33.48763656616211,
      31.977218627929688,
      28.000394821166992,
      32.329978942871094,
      31.96653175354004,
      44.98046875,
      21.86275291442871,
      29.039470672607422,
      15.715767860412598,
      22.447465896606445,
      21.24749183654785,
      35.086551666259766,
      29.4704647064209,
      31.049537658691406
    ],
    [
      14.992965698242188,
      8.253387451171875,
      12.944164276123047,
      12.614813804626465,
      16.444686889648438,
      13.122254371643066,
      24.341814041137695,
      22.70977020263672,
      20.117965698242188,
      21.86275291442871,
      38.02781295776367,
      39.298213958740234,
      23.37432861328125,
      24.65195655822754,
      27.61629295349121,
      34.585594177246094,
      28.688098907470703,
      29.970996856689453
    ],
    [
      24.41617774963379,
      15.936668395996094,
      19.716833114624023,
      19.436656951904297,
      23.198572158813477,
      21.49176597595215,
      29.9354248046875,
      30.77250099182129,
      21.370216369628906,
      29.039470672607422,
      39.298213958740234,
      52.1740837097168,
      22.290081024169922,
      29.890342712402344,
      30.223081588745117,
      42.587249755859375,
      36.24430847167969,
      39.40892791748047
    ],
    [
      15.801337242126465,
      3.823822498321533,
      7.896200656890869,
      8.200479507446289,
      9.802252769470215,
      5.504034519195557,
      17.67072296142578,
      14.44400691986084,
      16.90451431274414,
      15.715767860412598,
      23.37432861328125,
      22.290081024169922,
      36.617149353027344,
      34.565670013427734,
      28.728736877441406,
      30.09641456604004,
      25.446805953979492,
      23.95631217956543
    ],
    [
      25.8056697845459,
      11.464083671569824,
      13.640556335449219,
      13.255866050720215,
      15.624823570251465,
      12.838135719299316,
      21.93709373474121,
      20.880998611450195,
      18.284076690673828,
      22.447465896606445,
      24.65195655822754,
      29.890342712402344,
      34.565670013427734,
      45.72758483886719,
      33.13284683227539,
      37.40053176879883,
      33.31672668457031,
      34.87691116333008
    ],
    [
      20.52206802368164,
      14.766084671020508,
      14.239606857299805,
      13.676583290100098,
      16.40285873413086,
      9.733668327331543,
      24.540985107421875,
      21.37018585205078,
      17.707958221435547,
      21.24749183654785,
      27.61629295349121,
      30.223081588745117,
      28.728736877441406,
      33.13284683227539,
      49.2739372253418,
      50.055355072021484,
      39.124568939208984,
      37.5893440246582
    ],
    [
      39.595272064208984,
      28.90262222290039,
      28.51192283630371,
      27.38199234008789,
      34.9152946472168,
      28.525712966918945,
      37.52980422973633,
      40.099342346191406,
      24.559694290161133,
      35.086551666259766,
      34.585594177246094,
      42.587249755859375,
      30.09641456604004,
      37.40053176879883,
      50.055355072021484,
      75.89751434326172,
      59.4230842590332,
      60.936012268066406
    ],
    [
      48.88835525512695,
      29.098588943481445,
      29.228492736816406,
      27.122446060180664,
      30.030807495117188,
      28.69539451599121,
      34.6754035949707,
      38.53071594238281,
      17.073644638061523,
      29.4704647064209,
      28.688098907470703,
      36.24430847167969,
      25.446805953979492,
      33.31672668457031,
      39.124568939208984,
      59.4230842590332,
      67.38970947265625,
      65.67684936523438
    ],
    [
      49.71507263183594,
      32.00680923461914,
      32.48484420776367,
      30.33001136779785,
      31.482372283935547,
      31.456716537475586,
      34.06190490722656,
      40.958858489990234,
      16.795045852661133,
      31.049537658691406,
      29.970996856689453,
      39.40892791748047,
      23.95631217956543,
      34.87691116333008,
      37.5893440246582,
      60.936012268066406,
      65.67684936523438,
      71.92227935791016
    ]
  ],
  "covariance_short": [
    [
      119.74819946289062,
      50.26011657714844,
      47.77303695678711,
      35.012210845947266,
      28.10745620727539,
      30.98044204711914,
      34.808860778808594,
      41.61394500732422,
      9.187347412109375,
      24.897851943969727,
      16.87181854248047,
      26.53745460510254,
      17.115495681762695,
      25.556541442871094,
      20.61943244934082,
      37.948509216308594,
      41.321712493896484,
      46.251548767089844
    ],
    [
      50.26011657714844,
      50.82765197753906,
      32.46444320678711,
      25.273157119750977,
      23.208812713623047,
      21.875532150268555,
      16.989330291748047,
      23.142044067382812,
      7.620304107666016,
      17.620052337646484,
      7.4562788009643555,
      14.919944763183594,
      3.9671735763549805,
      10.41667652130127,
      13.093982696533203,
      26.82093620300293,
      25.320310592651367,
      29.80286407470703
    ],
    [
      47.77303695678711,
      32.46444320678711,
      44.69855499267578,
      32.849361419677734,
      25.970481872558594,
      24.74258041381836,
      23.614635467529297,
      30.04935646057129,
      10.749337196350098,
      20.675216674804688,
      12.63095474243164,
      18.557472229003906,
      8.813916206359863,
      14.225923538208008,
      13.270345687866211,
      25.18689727783203,
      24.915607452392578,
      29.18243980407715
    ],
    [
      35.012210845947266,
      25.273157119750977,
      32.849361419677734,
      36.0208854675293,
      21.320018768310547,
      21.99314308166504,
      19.6757869720459,
      25.678876876831055,
      9.79537296295166,
      18.23910140991211,
      12.44385051727295,
      18.192398071289062,
      8.630395889282227,
      13.656758308410645,
      13.224401473999023,
      24.517271041870117,
      23.758968353271484,
      27.924022674560547
    ],
    [
      28.10745620727539,
      23.208812713623047,
      25.970481872558594,
      21.320018768310547,
      54.3608283996582,
      44.52485275268555,
      28.901674270629883,
      35.33025360107422,
      23.559741973876953,
      32.73310089111328,
      16.73065757751465,
      20.817907333374023,
      11.621705055236816,
      14.746957778930664,
      16.49787712097168,
      31.403297424316406,
      26.91692543029785,
      28.748611450195312
    ],
    [
      30.98044204711914,
      21.875532150268555,
      24.74258041381836,
      21.99314308166504,
      44.52485275268555,
      55.044708251953125,
      26.920488357543945,
      34.47962188720703,
      20.116134643554688,
      30.659896850585938,
      12.575454711914062,
      18.535327911376953,
      6.401403427124023,
      10.589808464050293,
      8.749221801757812,
      25.01816177368164,
      24.49787712097168,
      27.774303436279297
    ],
    [
      34.808860778808594,
      16.989330291748047,
      23.614635467529297,
      19.6757869720459,
      28.901674270629883,
      26.920488357543945,
      49.445220947265625,
      43.190589904785156,
      19.984861373901367,
      27.506803512573242,
      26.786130905151367,
      29.552120208740234,
      21.18507194519043,
      23.39691162109375,
      27.693471908569336,
      36.609371185302734,
      34.637176513671875,
      33.60452651977539
    ],
    [
      41.61394500732422,
      23.142044067382812,
      30.04935646057129,
      25.678876876831055,
      35.33025360107422,
      34.47962188720703,
      43.190589904785156,
      58.16947555541992,
      19.603130340576172,
      31.634456634521484,
      23.714242935180664,
      30.045360565185547,
      15.891305923461914,
      21.650047302246094,
      23.33546257019043,
      38.1450309753418,
      36.307151794433594,
      39.518760681152344
    ],
    [
      9.187347412109375,
      7.620304107666016,
      10.749337196350098,
      9.79537296295166,
      23.559741973876953,
      20.116134643554688,
      19.984861373901367,
      19.603130340576172,
      39.58405685424805,
      32.809818267822266,
      21.455400466918945,
      21.858028411865234,
      19.756061553955078,
      19.665082931518555,
      22.0135498046875,
      26.105377197265625,
      20.065099716186523,
      18.392309188842773
    ],
    [
      24.897851943969727,
      17.620052337646484,
      20.675216674804688,
      18.23910140991211,
      32.73310089111328,
      30.659896850585938,
      27.506803512573242,
      31.634456634521484,
      32.809818267822266,
      46.24581527709961,
      22.796676635742188,
      27.53435516357422,
      18.112592697143555,
      21.897430419921875,
      23.12368392944336,
      33.669822692871094,
      28.63960075378418,
      30.256114959716797
    ],
    [
      16.87181854248047,
      7.4562788009643555,
      12.63095474243164,
      12.44385051727295,
      16.73065757751465,
      12.575454711914062,
      26.786130905151367,
      23.714242935180664,
      21.455400466918945,
      22.796676635742188,
      43.57147216796875,
      40.95781326293945,
      28.209014892578125,
      26.52682113647461,
      34.37149429321289,
      36.43655776977539,
      35.3248405456543,
      32.46952438354492
    ],
    [
      26.53745460510254,
      14.919944763183594,
      18.557472229003906,
      18.192398071289062,
      20.817907333374023,
      18.535327911376953,
      29.552120208740234,
      30.045360565185547,
      21.858028411865234,
      27.53435516357422,
      40.95781326293945,
      52.02112579345703,
      25.613670349121094,
      28.89522933959961,
      33.696136474609375,
      40.91985321044922,
      39.100589752197266,
      39.51749801635742
    ],
    [
      17.115495681762695,
      3.9671735763549805,
      8.813916206359863,
      8.630395889282227,
      11.621705055236816,
      6.401403427124023,
      21.18507194519043,
      15.891305923461914,
      19.756061553955078,
      18.112592697143555,
      28.209014892578125,
      25.613670349121094,
      46.838382720947266,
      40.14128875732422,
      39.380889892578125,
      36.03995895385742,
      32.77580642700195,
      27.976795196533203
    ],
    [
      25.556541442871094,
      10.41667652130127,
      14.225923538208008,
      13.656758308410645,
      14.746957778930664,
      10.589808464050293,
      23.39691162109375,
      21.650047302246094,
      19.665082931518555,
      21.897430419921875,
      26.52682113647461,
      28.89522933959961,
      40.14128875732422,
      48.272586822509766,
      39.4093132019043,
      40.30066680908203,
      36.083106994628906,
      35.58095932006836
    ],
    [
      20.61943244934082,
      13.093982696533203,
      13.270345687866211,
      13.224401473999023,
      16.49787712097168,
      8.749221801757812,
      27.693471908569336,
      23.33546257019043,
      22.0135498046875,
      23.12368392944336,
      34.37149429321289,
      33.696136474609375,
      39.380889892578125,
      39.4093132019043,
      63.3703498840332,
      59.06571578979492,
      50.57072830200195,
      44.02227020263672
    ],
    [
      37.948509216308594,
      26.82093620300293,
      25.18689727783203,
      24.517271041870117,
      31.403297424316406,
      25.01816177368164,
      36.609371185302734,
      38.1450309753418,
      26.105377197265625,
      33.669822692871094,
      36.43655776977539,
      40.91985321044922,
      36.03995895385742,
      40.30066680908203,
      59.06571578979492,
      85.4554443359375,
      68.4719009399414,
      66.09861755371094
    ],
    [
      41.321712493896484,
      25.320310592651367,
      24.915607452392578,
      23.758968353271484,
      26.91692543029785,
      24.49787712097168,
      34.637176513671875,
      36.307151794433594,
      20.065099716186523,
      28.63960075378418,
      35.3248405456543,
      39.100589752197266,
      32.77580642700195,
      36.083106994628906,
      50.57072830200195,
      68.4719009399414,
      72.27422332763672,
      67.84508514404297
    ],
    [
      46.251548767089844,
      29.80286407470703,
      29.18243980407715,
      27.924022674560547,
      28.748611450195312,
      27.774303436279297,
      33.60452651977539,
      39.518760681152344,
      18.392309188842773,
      30.256114959716797,
      32.46952438354492,
      39.51749801635742,
      27.976795196533203,
      35.58095932006836,
      44.02227020263672,
      66.09861755371094,
      67.84508514404297,
      71.48016357421875
    ]
  ],
  "drr": 6.8226470947265625,
  "dynamics": 3.747563600540161,
  "format": 1245190,
  "frames": 9068544,
  "loudness": -20.249197006225586,
  "loudness_range": 11.694486618041992,
  "loudness_range_short": 12.46811580657959,
  "peak": -2.6409504413604736,
  "rms": -22.13223648071289,
  "sample_rate": 44100,
  "sections": 1,
  "seekable": 1,
  "sharpness": 1.177720069885254,
  "space": -2.9496994018554688
}