{
  "bands": [
    {
      "high_freq": 148.1999969482422,
      "loudness": -50.00841522216797,
      "loudness_range": 22.600204467773438,
      "mid_mean": -46.31636047363281,
      "mid_to_side_loudness": -19.792932510375977,
      "mid_to_side_loudness_range": 12.934710502624512,
      "side_mean": -64.12278747558594
    },
    {
      "high_freq": 392.3793640136719,
      "loudness": -35.76447677612305,
      "loudness_range": 22.81401252746582,
      "low_freq": 148.1999969482422,
      "mid_mean": -32.378700256347656,
      "mid_to_side_loudness": -12.624699592590332,
      "mid_to_side_loudness_range": 8.881726264953613,
      "side_mean": -45.25410079956055
    },
    {
      "high_freq": 794.6976318359375,
      "loudness": -34.869789123535156,
      "loudness_range": 22.672771453857422,
      "low_freq": 392.3793640136719,
      "mid_mean": -31.851837158203125,
      "mid_to_side_loudness": -8.42625904083252,
      "mid_to_side_loudness_range": 8.81905746459961,
      "side_mean": -40.590213775634766
    },
    {
      "high_freq": 1457.5709228515625,
      "loudness": -45.07087326049805,
      "loudness_range": 26.060382843017578,
      "low_freq": 794.6976318359375,
      "mid_mean": -43.849464416503906,
      "mid_to_side_loudness": -1.755966067314148,
      "mid_to_side_loudness_range": 8.044792175292969,
      "side_mean": -45.5787239074707
    },
    {
      "high_freq": 2549.74365234375,
      "loudness": -50.47549057006836,
      "loudness_range": 28.08960723876953,
      "low_freq": 1457.5709228515625,
      "mid_mean": -50.138973236083984,
      "mid_to_side_loudness": -2.249293565750122,
      "mid_to_side_loudness_range": 8.320337295532227,
      "side_mean": -52.16722106933594
    },
    {
      "high_freq": 4349.24462890625,
      "loudness": -60.52383804321289,
      "loudness_range": 31.718223571777344,
      "low_freq": 2549.74365234375,
      "mid_mean": -59.758384704589844,
      "mid_to_side_loudness": -1.5789839029312134,
      "mid_to_side_loudness_range": 7.860751152038574,
      "side_mean": -60.885231018066406
    },
    {
      "high_freq": 7314.1640625,
      "loudness": -74.52942657470703,
      "loudness_range": 22.415241241455078,
      "low_freq": 4349.24462890625,
      "mid_mean": -67.25688171386719,
      "mid_to_side_loudness": -0.4700090289115906,
      "mid_to_side_loudness_range": 3.2144150733947754,
      "side_mean": -67.51661682128906
    },
    {
      "high_freq": 12199.2666015625,
      "loudness": -77.7531967163086,
      "loudness_range": 4.496864318847656,
      "low_freq": 7314.1640625,
      "mid_mean": -69.12374114990234,
      "mid_to_side_loudness": -0.06348874419927597,
      "mid_to_side_loudness_range": 0.7769614458084106,
      "side_mean": -69.15257263183594
    },
    {
      "loudness": 0,
      "loudness_range": 0,
      "low_freq": 12199.2666015625,
      "mid_mean": -69.10082244873047,
      "mid_to_side_loudness": -0.19514751434326172,
      "mid_to_side_loudness_range": 0.43698015809059143,
      "side_mean": -69.13480377197266
    }
  ],
  "bands_short": [
    {
      "high_freq": 148.1999969482422,
      "loudness": -52.96171951293945,
      "loudness_range": 24.191852569580078,
      "mid_mean": -49.23313903808594,
      "mid_to_side_loudness": -20.64236831665039,
      "mid_to_side_loudness_range": 18.335830688476562,
      "side_mean": -66.37871551513672
    },
    {
      "high_freq": 392.3793640136719,
      "loudness": -36.6180305480957,
      "loudness_range": 23.777812957763672,
      "low_freq": 148.1999969482422,
      "mid_mean": -33.26488494873047,
      "mid_to_side_loudness": -12.709222793579102,
      "mid_to_side_loudness_range": 10.125561714172363,
      "side_mean": -46.27017593383789
    },
    {
      "high_freq": 794.6976318359375,
      "loudness": -35.193260192871094,
      "loudness_range": 22.88762664794922,
      "low_freq": 392.3793640136719,
      "mid_mean": -32.176212310791016,
      "mid_to_side_loudness": -8.989853858947754,
      "mid_to_side_loudness_range": 10.750282287597656,
      "side_mean": -41.43899154663086
    },
    {
      "high_freq": 1457.5709228515625,
      "loudness": -45.00285339355469,
      "loudness_range": 25.574859619140625,
      "low_freq": 794.6976318359375,
      "mid_mean": -43.95395278930664,
      "mid_to_side_loudness": -1.5380538702011108,
      "mid_to_side_loudness_range": 9.156245231628418,
      "side_mean": -45.4293212890625
    },
    {
      "high_freq": 2549.74365234375,
      "loudness": -51.30091857910156,
      "loudness_range": 28.64047622680664,
      "low_freq": 1457.5709228515625,
      "mid_mean": -51.0414924621582,
      "mid_to_side_loudness": -2.1785590648651123,
      "mid_to_side_loudness_range": 9.814077377319336,
      "side_mean": -52.970054626464844
    },
    {
      "high_freq": 4349.24462890625,
      "loudness": -61.1384391784668,
      "loudness_range": 31.741004943847656,
      "low_freq": 2549.74365234375,
      "mid_mean": -60.39453887939453,
      "mid_to_side_loudness": -1.2626302242279053,
      "mid_to_side_loudness_range": 8.66303825378418,
      "side_mean": -61.25058364868164
    },
    {
      "high_freq": 7314.1640625,
      "loudness": -74.95692443847656,
      "loudness_range": 21.449237823486328,
      "low_freq": 4349.24462890625,
      "mid_mean": -67.458251953125,
      "mid_to_side_loudness": -0.4404895305633545,
      "mid_to_side_loudness_range": 3.813873291015625,
      "side_mean": -67.69911193847656
    },
    {
      "high_freq": 12199.2666015625,
      "loudness": -77.87136840820312,
      "loudness_range": 4.032875061035156,
      "low_freq": 7314.1640625,
      "mid_mean": -69.1556396484375,
      "mid_to_side_loudness": -0.051254164427518845,
      "mid_to_side_loudness_range": 1.7997827529907227,
      "side_mean": -69.17884826660156
    },
    {
      "loudness": -77.13263702392578,
      "loudness_range": 1.7134628295898438,
      "low_freq": 12199.2666015625,
      "mid_mean": -69.09783172607422,
      "mid_to_side_loudness": -0.18711945414543152,
      "mid_to_side_loudness_range": 1.295232892036438,
      "side_mean": -69.13175964355469
    }
  ],
  "channels": 2,
  "covariance": [
    [
      56.8866081237793,
      26.98855972290039,
      33.5627326965332,
      35.169578552246094,
      24.312105178833008,
      27.882038116455078,
      32.87702941894531,
      33.00890350341797,
      43.09364700317383,
      49.983154296875,
      40.87228012084961,
      42.9295654296875,
      18.23279571533203,
      16.587852478027344,
      2.1281044483184814,
      1.843485713005066,
      0.5254341959953308,
      0.47162896394729614
    ],
    [
      26.98855972290039,
      20.039060592651367,
      19.986797332763672,
      21.202287673950195,
      14.870256423950195,
      15.909682273864746,
      19.095876693725586,
      19.85338592529297,
      27.087684631347656,
      30.343706130981445,
      25.516292572021484,
      26.875802993774414,
      11.824493408203125,
      10.804092407226562,
      1.4788808822631836,
      1.2842788696289062,
      0.4066547453403473,
      0.36838287115097046
    ],
    [
      33.5627326965332,
      19.986797332763672,
      62.28256607055664,
      53.88260269165039,
      38.61480712890625,
      39.81051254272461,
      42.60776138305664,
      43.12176513671875,
      56.76955032348633,
      59.305545806884766,
      51.41445541381836,
      51.30257797241211,
      21.713605880737305,
      19.7032527923584,
      2.8436553478240967,
      2.3623058795928955,
      0.6915263533592224,
      0.6050686240196228
    ],
    [
      35.169578552246094,
      21.202287673950195,
      53.88260269165039,
      56.493717193603516,
      34.21148681640625,
      36.241180419921875,
      37.590755462646484,
      38.449859619140625,
      54.402286529541016,
      56.75751495361328,
      48.23576354980469,
      48.83745193481445,
      20.181987762451172,
      18.499059677124023,
      2.601386070251465,
      2.189107656478882,
      0.6334928870201111,
      0.5594421029090881
    ],
    [
      24.312105178833008,
      14.870256423950195,
      38.61480712890625,
      34.21148681640625,
      61.199302673339844,
      54.157283782958984,
      49.1226806640625,
      49.02464294433594,
      57.34812545776367,
      56.4177360534668,
      54.058372497558594,
      48.40084457397461,
      21.331872940063477,
      18.97921371459961,
      3.0852532386779785,
      2.4713218212127686,
      0.7449768781661987,
      0.6418212652206421
    ],
    [
      27.882038116455078,
      15.909682273864746,
      39.81051254272461,
      36.241180419921875,
      54.157283782958984,
      58.931419372558594,
      50.01321029663086,
      48.70161056518555,
      58.19203567504883,
      57.81684494018555,
      54.820987701416016,
      49.85626220703125,
      21.471765518188477,
      19.112592697143555,
      3.0466971397399902,
      2.484069347381592,
      0.7437447309494019,
      0.6442908048629761
    ],
    [
      32.87702941894531,
      19.095876693725586,
      42.60776138305664,
      37.590755462646484,
      49.1226806640625,
      50.01321029663086,
      81.61934661865234,
      73.83441925048828,
      69.29126739501953,
      71.32112884521484,
      65.75279235839844,
      61.676265716552734,
      25.440940856933594,
      23.34648895263672,
      3.662982225418091,
      3.1190857887268066,
      0.8782548904418945,
      0.7793964743614197
    ],
    [
      33.00890350341797,
      19.85338592529297,
      43.12176513671875,
      38.449859619140625,
      49.02464294433594,
      48.70161056518555,
      73.83441925048828,
      74.49604797363281,
      68.63799285888672,
      71.08838653564453,
      64.32060241699219,
      60.97249984741211,
      24.889196395874023,
      22.7852783203125,
      3.523444414138794,
      2.98415470123291,
      0.8493798971176147,
      0.7558462619781494
    ],
    [
      43.09364700317383,
      27.087684631347656,
      56.76955032348633,
      54.402286529541016,
      57.34812545776367,
      58.19203567504883,
      69.29126739501953,
      68.63799285888672,
      97.62422943115234,
      95.9359359741211,
      81.07180786132812,
      76.88251495361328,
      30.57897186279297,
      27.725353240966797,
      4.242076396942139,
      3.5647823810577393,
      1.22948157787323,
      1.1021628379821777
    ],
    [
      49.983154296875,
      30.343706130981445,
      59.305545806884766,
      56.75751495361328,
      56.4177360534668,
      57.81684494018555,
      71.32112884521484,
      71.08838653564453,
      95.9359359741211,
      101.26644134521484,
      83.09832000732422,
      80.84967041015625,
      32.30735778808594,
      29.096391677856445,
      4.291364669799805,
      3.6269261837005615,
      1.224236249923706,
      1.10284423828125
    ],
    [
      40.87228012084961,
      25.516292572021484,
      51.41445541381836,
      48.23576354980469,
      54.058372497558594,
      54.820987701416016,
      65.75279235839844,
      64.32060241699219,
      81.07180786132812,
      83.09832000732422,
      83.81505584716797,
      78.85842895507812,
      33.55022430419922,
      30.342119216918945,
      4.60094690322876,
      3.861564874649048,
      1.1517956256866455,
      1.0225560665130615
    ],
    [
      42.9295654296875,
      26.875802993774414,
      51.30257797241211,
      48.83745193481445,
      48.40084457397461,
      49.85626220703125,
      61.676265716552734,
      60.97249984741211,
      76.88251495361328,
      80.84967041015625,
      78.85842895507812,
      78.70293426513672,
      33.68709182739258,
      30.558500289916992,
      4.510347843170166,
      3.8256475925445557,
      1.108328104019165,
      0.991141676902771
    ],
    [
      18.23279571533203,
      11.824493408203125,
      21.713605880737305,
      20.181987762451172,
      21.331872940063477,
      21.471765518188477,
      25.440940856933594,
      24.889196395874023,
      30.57897186279297,
      32.30735778808594,
      33.55022430419922,
      33.68709182739258,
      19.873682022094727,
      17.948776245117188,
      3.0299553871154785,
      2.5776853561401367,
      0.610181987285614,
      0.5447434782981873
    ],
    [
      16.587852478027344,
      10.804092407226562,
      19.7032527923584,
      18.499059677124023,
      18.97921371459961,
      19.112592697143555,
      23.34648895263672,
      22.7852783203125,
      27.725353240966797,
      29.096391677856445,
      30.342119216918945,
      30.558500289916992,
      17.948776245117188,
      16.74802589416504,
      2.826383352279663,
      2.4090890884399414,
      0.5646166205406189,
      0.5065790414810181
    ],
    [
      2.1281044483184814,
      1.4788808822631836,
      2.8436553478240967,
      2.601386070251465,
      3.0852532386779785,
      3.0466971397399902,
      3.662982225418091,
      3.523444414138794,
      4.242076396942139,
      4.291364669799805,
      4.60094690322876,
      4.510347843170166,
      3.0299553871154785,
      2.826383352279663,
      0.8088520169258118,
      0.629197359085083,
      0.12843714654445648,
      0.11640143394470215
    ],
    [
      1.843485713005066,
      1.2842788696289062,
      2.3623058795928955,
      2.189107656478882,
      2.4713218212127686,
      2.484069347381592,
      3.1190857887268066,
      2.98415470123291,
      3.5647823810577393,
      3.6269261837005615,
      3.861564874649048,
      3.8256475925445557,
      2.5776853561401367,
      2.4090890884399414,
      0.629197359085083,
      0.5683571696281433,
      0.10971565544605255,
      0.10013025999069214
    ],
    [
      0.5254341959953308,
      0.4066547453403473,
      0.6915263533592224,
      0.6334928870201111,
      0.7449768781661987,
      0.7437447309494019,
      0.8782548904418945,
      0.8493798971176147,
      1.22948157787323,
      1.224236249923706,
      1.1517956256866455,
      1.108328104019165,
      0.610181987285614,
      0.5646166205406189,
      0.12843714654445648,
      0.10971565544605255,
      0.035513851791620255,
      0.032254792749881744
    ],
    [
      0.47162896394729614,
      0.36838287115097046,
      0.6050686240196228,
      0.5594421029090881,
      0.6418212652206421,
      0.6442908048629761,
      0.7793964743614197,
      0.7558462619781494,
      1.1021628379821777,
      1.10284423828125,
      1.0225560665130615,
      0.991141676902771,
      0.5447434782981873,
      0.5065790414810181,
      0.11640143394470215,
      0.10013025999069214,
      0.032254792749881744,
      0.030183063820004463
    ]
  ],
  "covariance_short": [
    [
      65.86031341552734,
      17.84848403930664,
      32.805782318115234,
      34.18862533569336,
      23.326387405395508,
      26.836036682128906,
      32.75104904174805,
      31.85601043701172,
      40.74456787109375,
      48.44491958618164,
      39.376014709472656,
      41.187740325927734,
      17.291852951049805,
      15.776959419250488,
      1.9622615575790405,
      1.7026076316833496,
      0.5644034147262573,
      0.5063669681549072
    ],
    [
      17.84848403930664,
      11.251213073730469,
      13.950363159179688,
      14.270163536071777,
      10.775957107543945,
      11.343378067016602,
      13.115656852722168,
      13.054040908813477,
      17.57118034362793,
      19.90102195739746,
      17.329788208007812,
      18.079849243164062,
      8.4177885055542,
      7.66441535949707,
      1.0455694198608398,
      0.9222977161407471,
      0.3118489384651184,
      0.2829601764678955
    ],
    [
      32.805782318115234,
      13.950363159179688,
      65.05326080322266,
      55.37409591674805,
      41.51156997680664,
      42.75381088256836,
      44.85578155517578,
      44.38590621948242,
      57.668212890625,
      60.39350891113281,
      51.85042953491211,
      51.09376907348633,
      21.113859176635742,
      19.126100540161133,
      2.6696858406066895,
      2.2221412658691406,
      0.7471275925636292,
      0.6522906422615051
    ],
    [
      34.18862533569336,
      14.270163536071777,
      55.37409591674805,
      61.37140655517578,
      36.51730728149414,
      39.224510192871094,
      38.79373550415039,
      38.97486877441406,
      55.10733413696289,
      57.8316764831543,
      48.73657989501953,
      48.774757385253906,
      19.565601348876953,
      17.82908821105957,
      2.3851587772369385,
      1.9928385019302368,
      0.6690451502799988,
      0.5921571254730225
    ],
    [
      23.326387405395508,
      10.775957107543945,
      41.51156997680664,
      36.51730728149414,
      63.79301452636719,
      54.92580032348633,
      51.60858154296875,
      51.180747985839844,
      59.201759338378906,
      58.94586944580078,
      54.85329055786133,
      51.31578826904297,
      21.028270721435547,
      18.66094207763672,
      2.910688877105713,
      2.366042375564575,
      0.8244057893753052,
      0.709425687789917
    ],
    [
      26.836036682128906,
      11.343378067016602,
      42.75381088256836,
      39.224510192871094,
      54.92580032348633,
      62.2186164855957,
      51.60567092895508,
      50.70184326171875,
      59.331905364990234,
      59.61561584472656,
      55.67435836791992,
      52.02243423461914,
      21.133129119873047,
      18.757062911987305,
      2.8817059993743896,
      2.3550713062286377,
      0.8192903995513916,
      0.7104658484458923
    ],
    [
      32.75104904174805,
      13.115656852722168,
      44.85578155517578,
      38.79373550415039,
      51.60858154296875,
      51.60567092895508,
      78.79866027832031,
      69.68598937988281,
      68.7870101928711,
      71.11542510986328,
      64.24942779541016,
      60.4210090637207,
      24.305299758911133,
      22.14189910888672,
      3.355309009552002,
      2.83429217338562,
      0.9388691782951355,
      0.8254249691963196
    ],
    [
      31.85601043701172,
      13.054040908813477,
      44.38590621948242,
      38.97486877441406,
      51.180747985839844,
      50.70184326171875,
      69.68598937988281,
      72.38516235351562,
      67.81005859375,
      70.353515625,
      62.32374572753906,
      59.1366081237793,
      23.37481689453125,
      21.262489318847656,
      3.1504764556884766,
      2.6487479209899902,
      0.8913582563400269,
      0.787279486656189
    ],
    [
      40.74456787109375,
      17.57118034362793,
      57.668212890625,
      55.10733413696289,
      59.201759338378906,
      59.331905364990234,
      68.7870101928711,
      67.81005859375,
      98.4109878540039,
      95.45537567138672,
      79.76355743408203,
      76.56759643554688,
      29.430633544921875,
      26.537532806396484,
      3.9929258823394775,
      3.3692991733551025,
      1.2989104986190796,
      1.1580311059951782
    ],
    [
      48.44491958618164,
      19.90102195739746,
      60.39350891113281,
      57.8316764831543,
      58.94586944580078,
      59.61561584472656,
      71.11542510986328,
      70.353515625,
      95.45537567138672,
      102.31143188476562,
      82.05242156982422,
      80.73851776123047,
      30.961305618286133,
      27.772842407226562,
      3.989499568939209,
      3.384073257446289,
      1.2892900705337524,
      1.1563302278518677
    ],
    [
      39.376014709472656,
      17.329788208007812,
      51.85042953491211,
      48.73657989501953,
      54.85329055786133,
      55.67435836791992,
      64.24942779541016,
      62.32374572753906,
      79.76355743408203,
      82.05242156982422,
      82.46551513671875,
      77.49131774902344,
      31.77707290649414,
      28.61119270324707,
      4.247713088989258,
      3.5814898014068604,
      1.2109822034835815,
      1.0722299814224243
    ],
    [
      41.187740325927734,
      18.079849243164062,
      51.09376907348633,
      48.774757385253906,
      51.31578826904297,
      52.02243423461914,
      60.4210090637207,
      59.1366081237793,
      76.56759643554688,
      80.73851776123047,
      77.49131774902344,
      78.1267318725586,
      31.82262420654297,
      28.73654556274414,
      4.17542028427124,
      3.540821075439453,
      1.171663522720337,
      1.0461204051971436
    ],
    [
      17.291852951049805,
      8.4177885055542,
      21.113859176635742,
      19.565601348876953,
      21.028270721435547,
      21.133129119873047,
      24.305299758911133,
      23.37481689453125,
      29.430633544921875,
      30.961305618286133,
      31.77707290649414,
      31.82262420654297,
      18.627973556518555,
      16.57773208618164,
      2.771449327468872,
      2.400888681411743,
      0.6451143622398376,
      0.5754421353340149
    ],
    [
      15.776959419250488,
      7.66441535949707,
      19.126100540161133,
      17.82908821105957,
      18.66094207763672,
      18.757062911987305,
      22.14189910888672,
      21.262489318847656,
      26.537532806396484,
      27.772842407226562,
      28.61119270324707,
      28.73654556274414,
      16.57773208618164,
      15.495882034301758,
      2.5709633827209473,
      2.2190358638763428,
      0.5925096869468689,
      0.5293810963630676
    ],
    [
      1.9622615575790405,
      1.0455694198608398,
      2.6696858406066895,
      2.3851587772369385,
      2.910688877105713,
      2.8817059993743896,
      3.355309009552002,
      3.1504764556884766,
      3.9929258823394775,
      3.989499568939209,
      4.247713088989258,
      4.17542028427124,
      2.771449327468872,
      2.5709633827209473,
      0.7867947816848755,
      0.6287825107574463,
      0.14375436305999756,
      0.13093888759613037
    ],
    [
      1.7026076316833496,
      0.9222977161407471,
      2.2221412658691406,
      1.9928385019302368,
      2.366042375564575,
      2.3550713062286377,
      2.83429217338562,
      2.6487479209899902,
      3.3692991733551025,
      3.384073257446289,
      3.5814898014068604,
      3.540821075439453,
      2.400888681411743,
      2.2190358638763428,
      0.6287825107574463,
      0.5837957262992859,
      0.12486562132835388,
      0.11515066027641296
    ],
    [
      0.5644034147262573,
      0.3118489384651184,
      0.7471275925636292,
      0.6690451502799988,
      0.8244057893753052,
      0.8192903995513916,
      0.9388691782951355,
      0.8913582563400269,
      1.2989104986190796,
      1.2892900705337524,
      1.2109822034835815,
      1.171663522720337,
      0.6451143622398376,
      0.5925096869468689,
      0.14375436305999756,
      0.12486562132835388,
      0.046866677701473236,
      0.0397685207426548
    ],
    [
      0.5063669681549072,
      0.2829601764678955,
      0.6522906422615051,
      0.5921571254730225,
      0.709425687789917,
      0.7104658484458923,
      0.8254249691963196,
      0.787279486656189,
      1.1580311059951782,
      1.1563302278518677,
      1.0722299814224243,
      1.0461204051971436,
      0.5754421353340149,
      0.5293810963630676,
      0.13093888759613037,
      0.11515066027641296,
      0.0397685207426548,
      0.04041052609682083
    ]
  ],
  "drr": 8.296686172485352,
  "dynamics": 5.991167068481445,
  "format": 1245190,
  "frames": 18982912,
  "loudness": -26.445058822631836,
  "loudness_range": 19.665651321411133,
  "loudness_range_short": 21.329879760742188,
  "peak": -1.0426474809646606,
  "rms": -25.388160705566406,
  "sample_rate": 44100,
  "sections": 1,
  "seekable": 1,
  "sharpness": 3.419940948486328,
  "space": -9.353446006774902
}