{
  "bands": [
    {
      "high_freq": 148.1999969482422,
      "loudness": -20.440595626831055,
      "loudness_range": 17.027080535888672,
      "mid_mean": -17.864110946655273,
      "mid_to_side_loudness": -12.318567276000977,
      "mid_to_side_loudness_range": 30.67880630493164,
      "side_mean": -29.2271728515625
    },
    {
      "high_freq": 392.3793640136719,
      "loudness": -16.894044876098633,
      "loudness_range": 9.278753280639648,
      "low_freq": 148.1999969482422,
      "mid_mean": -15.204814910888672,
      "mid_to_side_loudness": -5.418308734893799,
      "mid_to_side_loudness_range": 22.176698684692383,
      "side_mean": -19.76243019104004
    },
    {
      "high_freq": 794.6976318359375,
      "loudness": -20.830957412719727,
      "loudness_range": 9.124512672424316,
      "low_freq": 392.3793640136719,
      "mid_mean": -18.857666015625,
      "mid_to_side_loudness": -5.25328254699707,
      "mid_to_side_loudness_range": 16.14301872253418,
      "side_mean": -23.198205947875977
    },
    {
      "high_freq": 1457.5709228515625,
      "loudness": -26.158781051635742,
      "loudness_range": 14.433000564575195,
      "low_freq": 794.6976318359375,
      "mid_mean": -23.53411865234375,
      "mid_to_side_loudness": -7.36899471282959,
      "mid_to_side_loudness_range": 12.529313087463379,
      "side_mean": -30.439666748046875
    },
    {
      "high_freq": 2549.74365234375,
      "loudness": -26.60847282409668,
      "loudness_range": 14.887310028076172,
      "low_freq": 1457.5709228515625,
      "mid_mean": -23.530799865722656,
      "mid_to_side_loudness": -9.634305953979492,
      "mid_to_side_loudness_range": 10.927279472351074,
      "side_mean": -33.10226821899414
    },
    {
      "high_freq": 4349.24462890625,
      "loudness": -28.184022903442383,
      "loudness_range": 10.593544006347656,
      "low_freq": 2549.74365234375,
      "mid_mean": -24.971132278442383,
      "mid_to_side_loudness": -10.173745155334473,
      "mid_to_side_loudness_range": 7.968811511993408,
      "side_mean": -35.12262725830078
    },
    {
      "high_freq": 7314.1640625,
      "loudness": -27.252668380737305,
      "loudness_range": 8.63496208190918,
      "low_freq": 4349.24462890625,
      "mid_mean": -24.003028869628906,
      "mid_to_side_loudness": -10.239134788513184,
      "mid_to_side_loudness_range": 6.140504837036133,
      "side_mean": -34.38557434082031
    },
    {
      "high_freq": 12199.2666015625,
      "loudness": -28.205825805664062,
      "loudness_range": 7.732032775878906,
      "low_freq": 7314.1640625,
      "mid_mean": -24.991151809692383,
      "mid_to_side_loudness": -9.804287910461426,
      "mid_to_side_loudness_range": 4.179507255554199,
      "side_mean": -35.057621002197266
    },
    {
      "loudness": -32.817474365234375,
      "loudness_range": 8.835988998413086,
      "low_freq": 12199.2666015625,
      "mid_mean": -29.564537048339844,
      "mid_to_side_loudness": -9.46024227142334,
      "mid_to_side_loudness_range": 6.381031513214111,
      "side_mean": -40.0571403503418
    }
  ],
  "bands_short": [
    {
      "high_freq": 148.1999969482422,
      "loudness": -28.195621490478516,
      "loudness_range": 30.58376693725586,
      "mid_mean": -27.215290069580078,
      "mid_to_side_loudness": -6.489223003387451,
      "mid_to_side_loudness_range": 33.26162338256836,
      "side_mean": -34.26441955566406
    },
    {
      "high_freq": 392.3793640136719,
      "loudness": -17.19063377380371,
      "loudness_range": 13.159353256225586,
      "low_freq": 148.1999969482422,
      "mid_mean": -15.750164031982422,
      "mid_to_side_loudness": -4.615331172943115,
      "mid_to_side_loudness_range": 19.939870834350586,
      "side_mean": -19.956424713134766
    },
    {
      "high_freq": 794.6976318359375,
      "loudness": -21.145780563354492,
      "loudness_range": 11.44308090209961,
      "low_freq": 392.3793640136719,
      "mid_mean": -19.510478973388672,
      "mid_to_side_loudness": -4.655828952789307,
      "mid_to_side_loudness_range": 16.86867904663086,
      "side_mean": -23.465450286865234
    },
    {
      "high_freq": 1457.5709228515625,
      "loudness": -26.94525146484375,
      "loudness_range": 17.62871551513672,
      "low_freq": 794.6976318359375,
      "mid_mean": -24.554027557373047,
      "mid_to_side_loudness": -6.898345947265625,
      "mid_to_side_loudness_range": 14.782103538513184,
      "side_mean": -31.013629913330078
    },
    {
      "high_freq": 2549.74365234375,
      "loudness": -28.2376766204834,
      "loudness_range": 20.191434860229492,
      "low_freq": 1457.5709228515625,
      "mid_mean": -25.318763732910156,
      "mid_to_side_loudness": -9.148837089538574,
      "mid_to_side_loudness_range": 13.346824645996094,
      "side_mean": -34.37158966064453
    },
    {
      "high_freq": 4349.24462890625,
      "loudness": -29.536483764648438,
      "loudness_range": 16.02709197998047,
      "low_freq": 2549.74365234375,
      "mid_mean": -26.44176483154297,
      "mid_to_side_loudness": -9.897582054138184,
      "mid_to_side_loudness_range": 11.204401016235352,
      "side_mean": -36.24321746826172
    },
    {
      "high_freq": 7314.1640625,
      "loudness": -29.173309326171875,
      "loudness_range": 17.12923240661621,
      "low_freq": 4349.24462890625,
      "mid_mean": -26.028230667114258,
      "mid_to_side_loudness": -10.084497451782227,
      "mid_to_side_loudness_range": 11.032188415527344,
      "side_mean": -36.29451370239258
    },
    {
      "high_freq": 12199.2666015625,
      "loudness": -30.576730728149414,
      "loudness_range": 18.28761100769043,
      "low_freq": 7314.1640625,
      "mid_mean": -27.451025009155273,
      "mid_to_side_loudness": -9.837108612060547,
      "mid_to_side_loudness_range": 10.445455551147461,
      "side_mean": -37.597694396972656
    },
    {
      "loudness": -36.524169921875,
      "loudness_range": 22.58563804626465,
      "low_freq": 12199.2666015625,
      "mid_mean": -33.36101531982422,
      "mid_to_side_loudness": -9.093873023986816,
      "mid_to_side_loudness_range": 9.277992248535156,
      "side_mean": -43.80034637451172
    }
  ],
  "channels": 2,
  "covariance": [
    [
      50.72835159301758,
      15.306854248046875,
      8.238500595092773,
      4.48177433013916,
      7.087038516998291,
      3.2850074768066406,
      8.771174430847168,
      5.774000644683838,
      10.249459266662598,
      7.929252624511719,
      7.165750503540039,
      7.226053714752197,
      3.485731363296509,
      5.815392017364502,
      4.256431579589844,
      5.911979675292969,
      0.6845171451568604,
      5.838405609130859
    ],
    [
      15.306854248046875,
      98.5526123046875,
      -2.3778810501098633,
      39.82243728637695,
      16.72069549560547,
      38.531005859375,
      18.34748649597168,
      34.7222900390625,
      13.703596115112305,
      22.024707794189453,
      2.690990924835205,
      9.320672988891602,
      -3.3293259143829346,
      2.6511917114257812,
      3.4781546592712402,
      4.640471458435059,
      -7.889461994171143,
      -11.818522453308105
    ],
    [
      8.238500595092773,
      -2.3778810501098633,
      18.737836837768555,
      5.622607231140137,
      8.367632865905762,
      1.5015202760696411,
      7.84669828414917,
      1.4968442916870117,
      9.92424201965332,
      3.500248432159424,
      9.145882606506348,
      4.796350955963135,
      8.533899307250977,
      6.043010234832764,
      5.278140544891357,
      5.898165702819824,
      4.131697654724121,
      5.487423896789551
    ],
    [
      4.48177433013916,
      39.82243728637695,
      5.622607231140137,
      49.96109390258789,
      14.49354362487793,
      40.42404556274414,
      12.914963722229004,
      26.615249633789062,
      7.066072940826416,
      9.596647262573242,
      -1.5090997219085693,
      1.0944523811340332,
      -4.186030387878418,
      1.2244035005569458,
      0.014573886059224606,
      3.3727686405181885,
      -6.843348503112793,
      -11.306343078613281
    ],
    [
      7.087038516998291,
      16.72069549560547,
      8.367632865905762,
      14.49354362487793,
      16.943145751953125,
      15.351072311401367,
      14.850567817687988,
      14.502734184265137,
      12.102818489074707,
      11.003973960876465,
      6.842408657073975,
      7.108921527862549,
      3.54762864112854,
      5.5445027351379395,
      5.585521221160889,
      6.195354461669922,
      1.2531483173370361,
      0.13198140263557434
    ],
    [
      3.2850074768066406,
      38.531005859375,
      1.5015202760696411,
      40.42404556274414,
      15.351072311401367,
      44.42730712890625,
      13.989869117736816,
      28.511512756347656,
      5.863011360168457,
      9.755516052246094,
      -2.511509418487549,
      0.9147875308990479,
      -5.941131591796875,
      -0.43676719069480896,
      -0.5786970853805542,
      2.0228967666625977,
      -7.369014263153076,
      -12.916104316711426
    ],
    [
      8.771174430847168,
      18.34748649597168,
      7.84669828414917,
      12.914963722229004,
      14.850567817687988,
      13.989869117736816,
      28.86870002746582,
      19.683055877685547,
      21.868249893188477,
      18.131267547607422,
      12.235623359680176,
      12.311385154724121,
      5.833428859710693,
      8.134581565856934,
      6.604345798492432,
      7.556824684143066,
      1.8299320936203003,
      3.2812328338623047
    ],
    [
      5.774000644683838,
      34.7222900390625,
      1.4968442916870117,
      26.615249633789062,
      14.502734184265137,
      28.511512756347656,
      19.683055877685547,
      29.936994552612305,
      12.047072410583496,
      16.493745803833008,
      3.3874051570892334,
      7.690301418304443,
      -0.4401356279850006,
      3.862712860107422,
      3.6534714698791504,
      5.211049556732178,
      -2.7397615909576416,
      -4.728394508361816
    ],
    [
      10.249459266662598,
      13.703596115112305,
      9.92424201965332,
      7.066072940826416,
      12.102818489074707,
      5.863011360168457,
      21.868249893188477,
      12.047072410583496,
      31.930147171020508,
      21.243799209594727,
      20.961339950561523,
      16.591012954711914,
      10.699457168579102,
      11.396194458007812,
      8.45493221282959,
      8.684895515441895,
      3.0328338146209717,
      8.00825309753418
    ],
    [
      7.929252624511719,
      22.024707794189453,
      3.500248432159424,
      9.596647262573242,
      11.003973960876465,
      9.755516052246094,
      18.131267547607422,
      16.493745803833008,
      21.243799209594727,
      23.688888549804688,
      11.964847564697266,
      14.75682258605957,
      5.92197847366333,
      8.830681800842285,
      7.159317970275879,
      7.458934307098389,
      2.6529486179351807,
      4.670515060424805
    ],
    [
      7.165750503540039,
      2.690990924835205,
      9.145882606506348,
      -1.5090997219085693,
      6.842408657073975,
      -2.511509418487549,
      12.235623359680176,
      3.3874051570892334,
      20.961339950561523,
      11.964847564697266,
      21.842041015625,
      15.782877922058105,
      13.778998374938965,
      11.843289375305176,
      9.49182415008545,
      9.076966285705566,
      5.099575996398926,
      11.375635147094727
    ],
    [
      7.226053714752197,
      9.320672988891602,
      4.796350955963135,
      1.0944523811340332,
      7.108921527862549,
      0.9147875308990479,
      12.311385154724121,
      7.690301418304443,
      16.591012954711914,
      14.75682258605957,
      15.782877922058105,
      17.632795333862305,
      10.325552940368652,
      11.30750846862793,
      8.827629089355469,
      9.275110244750977,
      5.191606521606445,
      9.625086784362793
    ],
    [
      3.485731363296509,
      -3.3293259143829346,
      8.533899307250977,
      -4.186030387878418,
      3.54762864112854,
      -5.941131591796875,
      5.833428859710693,
      -0.4401356279850006,
      10.699457168579102,
      5.92197847366333,
      13.778998374938965,
      10.325552940368652,
      18.190555572509766,
      12.98327350616455,
      13.037581443786621,
      11.317610740661621,
      9.008291244506836,
      13.501492500305176
    ],
    [
      5.815392017364502,
      2.6511917114257812,
      6.043010234832764,
      1.2244035005569458,
      5.5445027351379395,
      -0.43676719069480896,
      8.134581565856934,
      3.862712860107422,
      11.396194458007812,
      8.830681800842285,
      11.843289375305176,
      11.30750846862793,
      12.98327350616455,
      15.075801849365234,
      11.220586776733398,
      11.209415435791016,
      7.127080917358398,
      10.75320816040039
    ],
    [
      4.256431579589844,
      3.4781546592712402,
      5.278140544891357,
      0.014573886059224606,
      5.585521221160889,
      -0.5786970853805542,
      6.604345798492432,
      3.6534714698791504,
      8.45493221282959,
      7.159317970275879,
      9.49182415008545,
      8.827629089355469,
      13.037581443786621,
      11.220586776733398,
      16.6741886138916,
      14.015963554382324,
      8.881498336791992,
      11.720345497131348
    ],
    [
      5.911979675292969,
      4.640471458435059,
      5.898165702819824,
      3.3727686405181885,
      6.195354461669922,
      2.0228967666625977,
      7.556824684143066,
      5.211049556732178,
      8.684895515441895,
      7.458934307098389,
      9.076966285705566,
      9.275110244750977,
      11.317610740661621,
      11.209415435791016,
      14.015963554382324,
      16.08633041381836,
      7.650012969970703,
      11.658963203430176
    ],
    [
      0.6845171451568604,
      -7.889461994171143,
      4.131697654724121,
      -6.843348503112793,
      1.2531483173370361,
      -7.369014263153076,
      1.8299320936203003,
      -2.7397615909576416,
      3.0328338146209717,
      2.6529486179351807,
      5.099575996398926,
      5.191606521606445,
      9.008291244506836,
      7.127080917358398,
      8.881498336791992,
      7.650012969970703,
      15.38587474822998,
      14.29016399383545
    ],
    [
      5.838405609130859,
      -11.818522453308105,
      5.487423896789551,
      -11.306343078613281,
      0.13198140263557434,
      -12.916104316711426,
      3.2812328338623047,
      -4.728394508361816,
      8.00825309753418,
      4.670515060424805,
      11.375635147094727,
      9.625086784362793,
      13.501492500305176,
      10.75320816040039,
      11.720345497131348,
      11.658963203430176,
      14.29016399383545,
      26.2007999420166
    ]
  ],
  "covariance_short": [
    [
      112.08902740478516,
      45.47862243652344,
      23.777372360229492,
      2.396308183670044,
      9.782853126525879,
      1.9878219366073608,
      11.559552192687988,
      9.520565032958984,
      12.729101181030273,
      12.83564567565918,
      8.423872947692871,
      9.137948989868164,
      3.4486536979675293,
      5.691522121429443,
      4.564645767211914,
      5.8565216064453125,
      3.3448257446289062,
      6.259249210357666
    ],
    [
      45.47862243652344,
      143.42001342773438,
      3.910372734069824,
      32.28500747680664,
      17.60287094116211,
      32.46417999267578,
      21.88035774230957,
      41.35744857788086,
      19.808876037597656,
      35.26948547363281,
      7.045670986175537,
      18.486757278442383,
      2.859832763671875,
      8.843167304992676,
      8.458908081054688,
      7.4542670249938965,
      -1.313394546508789,
      -6.389554977416992
    ],
    [
      23.777372360229492,
      3.910372734069824,
      35.15089797973633,
      11.169682502746582,
      14.228571891784668,
      7.133977890014648,
      12.859514236450195,
      6.593967914581299,
      13.204156875610352,
      5.805545806884766,
      11.90355110168457,
      6.501429557800293,
      10.036543846130371,
      8.536596298217773,
      7.664830684661865,
      9.194392204284668,
      7.344264984130859,
      10.719869613647461
    ],
    [
      2.396308183670044,
      32.28500747680664,
      11.169682502746582,
      50.82761764526367,
      16.065200805664062,
      35.65249252319336,
      13.378710746765137,
      27.046194076538086,
      6.216498374938965,
      10.698383331298828,
      1.0250197649002075,
      6.375087261199951,
      -1.2741165161132812,
      5.738435745239258,
      0.1286836415529251,
      5.744980812072754,
      -3.7074971199035645,
      -5.021568298339844
    ],
    [
      9.782853126525879,
      17.60287094116211,
      14.228571891784668,
      16.065200805664062,
      28.113651275634766,
      18.606531143188477,
      20.060705184936523,
      19.944299697875977,
      16.59407615661621,
      14.529065132141113,
      11.355490684509277,
      11.437193870544434,
      7.5529069900512695,
      9.341296195983887,
      7.8212409019470215,
      9.151763916015625,
      5.463047504425049,
      4.536441326141357
    ],
    [
      1.9878219366073608,
      32.46417999267578,
      7.133977890014648,
      35.65249252319336,
      18.606531143188477,
      47.96440887451172,
      16.84747314453125,
      32.324668884277344,
      6.128161907196045,
      12.745837211608887,
      0.7653475403785706,
      7.912895202636719,
      -2.266740083694458,
      4.962313652038574,
      0.32541388273239136,
      4.919110298156738,
      -3.7067043781280518,
      -7.646371841430664
    ],
    [
      11.559552192687988,
      21.88035774230957,
      12.859514236450195,
      13.378710746765137,
      20.060705184936523,
      16.84747314453125,
      40.81118392944336,
      27.856876373291016,
      30.62100601196289,
      26.07649040222168,
      19.54139518737793,
      19.601926803588867,
      11.892324447631836,
      14.310591697692871,
      10.19453239440918,
      11.801955223083496,
      7.829740524291992,
      9.904329299926758
    ],
    [
      9.520565032958984,
      41.35744857788086,
      6.593967914581299,
      27.046194076538086,
      19.944299697875977,
      32.324668884277344,
      27.856876373291016,
      43.27397537231445,
      17.712881088256836,
      26.557777404785156,
      8.995392799377441,
      17.88968849182129,
      4.765304088592529,
      12.120604515075684,
      6.769660472869873,
      11.08164119720459,
      2.3095126152038574,
      0.7027876973152161
    ],
    [
      12.729101181030273,
      19.808876037597656,
      13.204156875610352,
      6.216498374938965,
      16.59407615661621,
      6.128161907196045,
      30.62100601196289,
      17.712881088256836,
      50.970176696777344,
      34.331565856933594,
      33.242034912109375,
      26.16335105895996,
      20.878393173217773,
      20.11018180847168,
      15.968125343322754,
      15.335505485534668,
      12.643902778625488,
      18.782140731811523
    ],
    [
      12.83564567565918,
      35.26948547363281,
      5.805545806884766,
      10.698383331298828,
      14.529065132141113,
      12.745837211608887,
      26.07649040222168,
      26.557777404785156,
      34.331565856933594,
      40.01167678833008,
      20.41957664489746,
      25.996456146240234,
      13.569805145263672,
      18.08755874633789,
      12.772571563720703,
      14.56474494934082,
      8.954472541809082,
      11.37918472290039
    ],
    [
      8.423872947692871,
      7.045670986175537,
      11.90355110168457,
      1.0250197649002075,
      11.355490684509277,
      0.7653475403785706,
      19.54139518737793,
      8.995392799377441,
      33.242034912109375,
      20.41957664489746,
      36.96355438232422,
      25.573759078979492,
      27.695924758911133,
      22.11888885498047,
      21.829124450683594,
      19.260297775268555,
      19.020544052124023,
      23.34230613708496
    ],
    [
      9.137948989868164,
      18.486757278442383,
      6.501429557800293,
      6.375087261199951,
      11.437193870544434,
      7.912895202636719,
      19.601926803588867,
      17.88968849182129,
      26.16335105895996,
      25.996456146240234,
      25.573759078979492,
      31.12514305114746,
      18.72870635986328,
      22.545568466186523,
      16.203773498535156,
      18.997743606567383,
      13.96950912475586,
      18.472352981567383
    ],
    [
      3.4486536979675293,
      2.859832763671875,
      10.036543846130371,
      -1.2741165161132812,
      7.5529069900512695,
      -2.266740083694458,
      11.892324447631836,
      4.765304088592529,
      20.878393173217773,
      13.569805145263672,
      27.695924758911133,
      18.72870635986328,
      40.41848373413086,
      28.128889083862305,
      36.72041702270508,
      29.592130661010742,
      34.36729431152344,
      33.432579040527344
    ],
    [
      5.691522121429443,
      8.843167304992676,
      8.536596298217773,
      5.738435745239258,
      9.341296195983887,
      4.962313652038574,
      14.310591697692871,
      12.120604515075684,
      20.11018180847168,
      18.08755874633789,
      22.11888885498047,
      22.545568466186523,
      28.128889083862305,
      33.97797775268555,
      26.915809631347656,
      29.588027954101562,
      25.8295841217041,
      30.726364135742188
    ],
    [
      4.564645767211914,
      8.458908081054688,
      7.664830684661865,
      0.1286836415529251,
      7.8212409019470215,
      0.32541388273239136,
      10.19453239440918,
      6.769660472869873,
      15.968125343322754,
      12.772571563720703,
      21.829124450683594,
      16.203773498535156,
      36.72041702270508,
      26.915809631347656,
      45.601295471191406,
      34.97677230834961,
      42.75651931762695,
      37.835227966308594
    ],
    [
      5.8565216064453125,
      7.4542670249938965,
      9.194392204284668,
      5.744980812072754,
      9.151763916015625,
      4.919110298156738,
      11.801955223083496,
      11.08164119720459,
      15.335505485534668,
      14.56474494934082,
      19.260297775268555,
      18.997743606567383,
      29.592130661010742,
      29.588027954101562,
      34.97677230834961,
      40.91849899291992,
      34.43430709838867,
      37.6051025390625
    ],
    [
      3.3448257446289062,
      -1.313394546508789,
      7.344264984130859,
      -3.7074971199035645,
      5.463047504425049,
      -3.7067043781280518,
      7.829740524291992,
      2.3095126152038574,
      12.643902778625488,
      8.954472541809082,
      19.020544052124023,
      13.96950912475586,
      34.36729431152344,
      25.8295841217041,
      42.75651931762695,
      34.43430709838867,
      60.91278839111328,
      50.455448150634766
    ],
    [
      6.259249210357666,
      -6.389554977416992,
      10.719869613647461,
      -5.021568298339844,
      4.536441326141357,
      -7.646371841430664,
      9.904329299926758,
      0.7027876973152161,
      18.782140731811523,
      11.37918472290039,
      23.34230613708496,
      18.472352981567383,
      33.432579040527344,
      30.726364135742188,
      37.835227966308594,
      37.6051025390625,
      50.455448150634766,
      60.2413215637207
    ]
  ],
  "drr": 15.959207534790039,
  "dynamics": 2.602288246154785,
  "format": 1245190,
  "frames": 14006272,
  "loudness": -8.860071182250977,
  "loudness_range": 5.99548864364624,
  "loudness_range_short": 10.085762023925781,
  "peak": 0.9084463715553284,
  "rms": -10.857828140258789,
  "sample_rate": 44100,
  "sections": 1,
  "seekable": 1,
  "sharpness": 2.9110376834869385,
  "space": -5.579240322113037
}