{
  "bands": [
    {
      "high_freq": 148.1999969482422,
      "loudness": -51.714263916015625,
      "loudness_range": 21.917728424072266,
      "mid_mean": -48.20438766479492,
      "mid_to_side_loudness": -13.084973335266113,
      "mid_to_side_loudness_range": 5.205257415771484,
      "side_mean": -60.40592575073242
    },
    {
      "high_freq": 392.3793640136719,
      "loudness": -38.53226089477539,
      "loudness_range": 22.038299560546875,
      "low_freq": 148.1999969482422,
      "mid_mean": -35.389732360839844,
      "mid_to_side_loudness": -9.893638610839844,
      "mid_to_side_loudness_range": 6.726223945617676,
      "side_mean": -45.29557800292969
    },
    {
      "high_freq": 794.6976318359375,
      "loudness": -39.15158462524414,
      "loudness_range": 23.048500061035156,
      "low_freq": 392.3793640136719,
      "mid_mean": -36.56153106689453,
      "mid_to_side_loudness": -6.076611042022705,
      "mid_to_side_loudness_range": 6.350383758544922,
      "side_mean": -42.48757553100586
    },
    {
      "high_freq": 1457.5709228515625,
      "loudness": -50.13029479980469,
      "loudness_range": 23.240795135498047,
      "low_freq": 794.6976318359375,
      "mid_mean": -51.30736541748047,
      "mid_to_side_loudness": 0.5021067261695862,
      "mid_to_side_loudness_range": 8.556787490844727,
      "side_mean": -50.808189392089844
    },
    {
      "high_freq": 2549.74365234375,
      "loudness": -57.32278823852539,
      "loudness_range": 26.80187225341797,
      "low_freq": 1457.5709228515625,
      "mid_mean": -57.31126403808594,
      "mid_to_side_loudness": -1.3187042474746704,
      "mid_to_side_loudness_range": 6.529452323913574,
      "side_mean": -58.376712799072266
    },
    {
      "high_freq": 4349.24462890625,
      "loudness": -72.02168273925781,
      "loudness_range": 26.522228240966797,
      "low_freq": 2549.74365234375,
      "mid_mean": -66.02167510986328,
      "mid_to_side_loudness": -0.30581703782081604,
      "mid_to_side_loudness_range": 4.918057918548584,
      "side_mean": -66.14051818847656
    },
    {
      "high_freq": 7314.1640625,
      "loudness": -77.80979919433594,
      "loudness_range": 7.9109344482421875,
      "low_freq": 4349.24462890625,
      "mid_mean": -69.02619171142578,
      "mid_to_side_loudness": -0.25908541679382324,
      "mid_to_side_loudness_range": 1.270912528038025,
      "side_mean": -69.11564636230469
    },
    {
      "high_freq": 12199.2666015625,
      "loudness": 0,
      "loudness_range": 0,
      "low_freq": 7314.1640625,
      "mid_mean": -69.2035140991211,
      "mid_to_side_loudness": 0.09793657064437866,
      "mid_to_side_loudness_range": 0.5524770021438599,
      "side_mean": -69.18412780761719
    },
    {
      "loudness": 0,
      "loudness_range": 0,
      "low_freq": 12199.2666015625,
      "mid_mean": -68.92123413085938,
      "mid_to_side_loudness": -0.05590806528925896,
      "mid_to_side_loudness_range": 0.41076135635375977,
      "side_mean": -68.931884765625
    }
  ],
  "bands_short": [
    {
      "high_freq": 148.1999969482422,
      "loudness": -55.08433532714844,
      "loudness_range": 20.958736419677734,
      "mid_mean": -51.7825927734375,
      "mid_to_side_loudness": -13.021366119384766,
      "mid_to_side_loudness_range": 8.73139476776123,
      "side_mean": -62.99433135986328
    },
    {
      "high_freq": 392.3793640136719,
      "loudness": -38.94511032104492,
      "loudness_range": 22.222240447998047,
      "low_freq": 148.1999969482422,
      "mid_mean": -35.82298278808594,
      "mid_to_side_loudness": -10.022222518920898,
      "mid_to_side_loudness_range": 7.917031288146973,
      "side_mean": -45.88938522338867
    },
    {
      "high_freq": 794.6976318359375,
      "loudness": -39.4042854309082,
      "loudness_range": 23.29520034790039,
      "low_freq": 392.3793640136719,
      "mid_mean": -36.80405807495117,
      "mid_to_side_loudness": -6.263545989990234,
      "mid_to_side_loudness_range": 6.9050612449646,
      "side_mean": -42.9737663269043
    },
    {
      "high_freq": 1457.5709228515625,
      "loudness": -50.1474609375,
      "loudness_range": 23.664981842041016,
      "low_freq": 794.6976318359375,
      "mid_mean": -51.26020812988281,
      "mid_to_side_loudness": 0.30785873532295227,
      "mid_to_side_loudness_range": 8.316231727600098,
      "side_mean": -50.95746612548828
    },
    {
      "high_freq": 2549.74365234375,
      "loudness": -57.93336486816406,
      "loudness_range": 27.06997299194336,
      "low_freq": 1457.5709228515625,
      "mid_mean": -57.85145950317383,
      "mid_to_side_loudness": -1.3833541870117188,
      "mid_to_side_loudness_range": 7.930533409118652,
      "side_mean": -58.9534797668457
    },
    {
      "high_freq": 4349.24462890625,
      "loudness": -71.4017562866211,
      "loudness_range": 26.87353515625,
      "low_freq": 2549.74365234375,
      "mid_mean": -65.93258666992188,
      "mid_to_side_loudness": 0.2645883858203888,
      "mid_to_side_loudness_range": 7.064828872680664,
      "side_mean": -65.70695495605469
    },
    {
      "high_freq": 7314.1640625,
      "loudness": -77.84664916992188,
      "loudness_range": 7.748329162597656,
      "low_freq": 4349.24462890625,
      "mid_mean": -69.03412628173828,
      "mid_to_side_loudness": -0.21782855689525604,
      "mid_to_side_loudness_range": 2.5067145824432373,
      "side_mean": -69.1112289428711
    },
    {
      "high_freq": 12199.2666015625,
      "loudness": -77.57476806640625,
      "loudness_range": 1.1931228637695312,
      "low_freq": 7314.1640625,
      "mid_mean": -69.20518493652344,
      "mid_to_side_loudness": 0.09383153170347214,
      "mid_to_side_loudness_range": 1.6043683290481567,
      "side_mean": -69.18597412109375
    },
    {
      "loudness": 0,
      "loudness_range": 0,
      "low_freq": 12199.2666015625,
      "mid_mean": -68.91735076904297,
      "mid_to_side_loudness": -0.059192609041929245,
      "mid_to_side_loudness_range": 1.256112813949585,
      "side_mean": -68.92790985107422
    }
  ],
  "channels": 2,
  "covariance": [
    [
      50.963157653808594,
      38.082767486572266,
      31.578115463256836,
      30.007061004638672,
      21.302654266357422,
      21.320472717285156,
      37.5127067565918,
      36.596309661865234,
      30.16987419128418,
      31.64035415649414,
      16.148643493652344,
      16.27281951904297,
      2.459404706954956,
      1.9800091981887817,
      0.2899000644683838,
      0.27933698892593384,
      0.3506811857223511,
      0.3120233416557312
    ],
    [
      38.082767486572266,
      31.937414169311523,
      25.335773468017578,
      23.85572624206543,
      17.342391967773438,
      17.39570426940918,
      31.245071411132812,
      30.98407554626465,
      24.870201110839844,
      26.039113998413086,
      13.322173118591309,
      13.578797340393066,
      2.0364646911621094,
      1.649017572402954,
      0.31126922369003296,
      0.3039708435535431,
      0.38519909977912903,
      0.3568114638328552
    ],
    [
      31.578115463256836,
      25.335773468017578,
      62.42656707763672,
      58.60097885131836,
      36.23471450805664,
      35.04069519042969,
      53.5728874206543,
      47.53439712524414,
      47.166011810302734,
      47.76544952392578,
      25.97922706604004,
      26.05589485168457,
      3.7561283111572266,
      2.918381690979004,
      0.26282867789268494,
      0.23705792427062988,
      0.27062729001045227,
      0.23187071084976196
    ],
    [
      30.007061004638672,
      23.85572624206543,
      58.60097885131836,
      60.5569953918457,
      35.41389083862305,
      35.062381744384766,
      50.91533279418945,
      45.46200942993164,
      45.85984802246094,
      46.307987213134766,
      24.26498031616211,
      24.51854133605957,
      3.3538973331451416,
      2.6425235271453857,
      0.2491321861743927,
      0.22581854462623596,
      0.2621878981590271,
      0.22420398890972137
    ],
    [
      21.302654266357422,
      17.342391967773438,
      36.23471450805664,
      35.41389083862305,
      66.26692199707031,
      61.6956672668457,
      56.70833969116211,
      56.11422348022461,
      58.72530746459961,
      55.568359375,
      28.772090911865234,
      27.2393856048584,
      4.142455577850342,
      3.359530448913574,
      0.30768531560897827,
      0.26262208819389343,
      0.28714385628700256,
      0.24678932130336761
    ],
    [
      21.320472717285156,
      17.39570426940918,
      35.04069519042969,
      35.062381744384766,
      61.6956672668457,
      64.76141357421875,
      55.6031379699707,
      55.50016784667969,
      58.06672286987305,
      55.08721160888672,
      28.29118537902832,
      26.90228271484375,
      4.122246742248535,
      3.3392820358276367,
      0.29540520906448364,
      0.25628188252449036,
      0.2832026481628418,
      0.241140678524971
    ],
    [
      37.5127067565918,
      31.245071411132812,
      53.5728874206543,
      50.91533279418945,
      56.70833969116211,
      55.6031379699707,
      84.8267822265625,
      80.68437194824219,
      74.29795837402344,
      72.23286437988281,
      36.63657760620117,
      35.727752685546875,
      5.485454559326172,
      4.414416790008545,
      0.6700785160064697,
      0.6499158143997192,
      0.7967644929885864,
      0.736675500869751
    ],
    [
      36.596309661865234,
      30.98407554626465,
      47.53439712524414,
      45.46200942993164,
      56.11422348022461,
      55.50016784667969,
      80.68437194824219,
      84.4765853881836,
      71.97457885742188,
      69.62217712402344,
      34.37437057495117,
      33.21815490722656,
      5.0456061363220215,
      4.033862113952637,
      0.6644675135612488,
      0.6491780281066895,
      0.7958161234855652,
      0.7397358417510986
    ],
    [
      30.16987419128418,
      24.870201110839844,
      47.166011810302734,
      45.85984802246094,
      58.72530746459961,
      58.06672286987305,
      74.29795837402344,
      71.97457885742188,
      80.33375549316406,
      75.7778091430664,
      38.958343505859375,
      38.037254333496094,
      5.9395551681518555,
      4.73815393447876,
      0.5787037014961243,
      0.5480452179908752,
      0.6547489762306213,
      0.5986776351928711
    ],
    [
      31.64035415649414,
      26.039113998413086,
      47.76544952392578,
      46.307987213134766,
      55.568359375,
      55.08721160888672,
      72.23286437988281,
      69.62217712402344,
      75.7778091430664,
      75.10142517089844,
      39.060791015625,
      38.009830474853516,
      5.912981033325195,
      4.7208476066589355,
      0.5579704642295837,
      0.5263803601264954,
      0.6209298968315125,
      0.5692407488822937
    ],
    [
      16.148643493652344,
      13.322173118591309,
      25.97922706604004,
      24.26498031616211,
      28.772090911865234,
      28.29118537902832,
      36.63657760620117,
      34.37437057495117,
      38.958343505859375,
      39.060791015625,
      28.500030517578125,
      27.23630142211914,
      4.824321746826172,
      3.9323291778564453,
      0.3219555616378784,
      0.2917417585849762,
      0.31078073382377625,
      0.2856554090976715
    ],
    [
      16.27281951904297,
      13.578797340393066,
      26.05589485168457,
      24.51854133605957,
      27.2393856048584,
      26.90228271484375,
      35.727752685546875,
      33.21815490722656,
      38.037254333496094,
      38.009830474853516,
      27.23630142211914,
      27.40604591369629,
      4.777012348175049,
      3.7764768600463867,
      0.3064389228820801,
      0.2803141474723816,
      0.30038267374038696,
      0.27536869049072266
    ],
    [
      2.459404706954956,
      2.0364646911621094,
      3.7561283111572266,
      3.3538973331451416,
      4.142455577850342,
      4.122246742248535,
      5.485454559326172,
      5.0456061363220215,
      5.9395551681518555,
      5.912981033325195,
      4.824321746826172,
      4.777012348175049,
      1.5520713329315186,
      1.2237013578414917,
      0.07322005182504654,
      0.0698820948600769,
      0.0649714544415474,
      0.059996411204338074
    ],
    [
      1.9800091981887817,
      1.649017572402954,
      2.918381690979004,
      2.6425235271453857,
      3.359530448913574,
      3.3392820358276367,
      4.414416790008545,
      4.033862113952637,
      4.73815393447876,
      4.7208476066589355,
      3.9323291778564453,
      3.7764768600463867,
      1.2237013578414917,
      1.0701491832733154,
      0.06316310167312622,
      0.05991002544760704,
      0.055691733956336975,
      0.052119892090559006
    ],
    [
      0.2899000644683838,
      0.31126922369003296,
      0.26282867789268494,
      0.2491321861743927,
      0.30768531560897827,
      0.29540520906448364,
      0.6700785160064697,
      0.6644675135612488,
      0.5787037014961243,
      0.5579704642295837,
      0.3219555616378784,
      0.3064389228820801,
      0.07322005182504654,
      0.06316310167312622,
      0.016601651906967163,
      0.016284946352243423,
      0.019799424335360527,
      0.019195904955267906
    ],
    [
      0.27933698892593384,
      0.3039708435535431,
      0.23705792427062988,
      0.22581854462623596,
      0.26262208819389343,
      0.25628188252449036,
      0.6499158143997192,
      0.6491780281066895,
      0.5480452179908752,
      0.5263803601264954,
      0.2917417585849762,
      0.2803141474723816,
      0.0698820948600769,
      0.05991002544760704,
      0.016284946352243423,
      0.017028745263814926,
      0.02012033574283123,
      0.019526025280356407
    ],
    [
      0.3506811857223511,
      0.38519909977912903,
      0.27062729001045227,
      0.2621878981590271,
      0.28714385628700256,
      0.2832026481628418,
      0.7967644929885864,
      0.7958161234855652,
      0.6547489762306213,
      0.6209298968315125,
      0.31078073382377625,
      0.30038267374038696,
      0.0649714544415474,
      0.055691733956336975,
      0.019799424335360527,
      0.02012033574283123,
      0.026567375287413597,
      0.0254210252314806
    ],
    [
      0.3120233416557312,
      0.3568114638328552,
      0.23187071084976196,
      0.22420398890972137,
      0.24678932130336761,
      0.241140678524971,
      0.736675500869751,
      0.7397358417510986,
      0.5986776351928711,
      0.5692407488822937,
      0.2856554090976715,
      0.27536869049072266,
      0.059996411204338074,
      0.052119892090559006,
      0.019195904955267906,
      0.019526025280356407,
      0.0254210252314806,
      0.0252345260232687
    ]
  ],
  "covariance_short": [
    [
      51.504669189453125,
      30.426921844482422,
      24.99858856201172,
      24.605459213256836,
      17.19344711303711,
      18.436443328857422,
      32.740745544433594,
      33.003746032714844,
      27.475439071655273,
      27.86993408203125,
      13.599891662597656,
      13.718542098999023,
      2.5358262062072754,
      2.0958781242370605,
      0.455935001373291,
      0.45178258419036865,
      0.580365777015686,
      0.5442169904708862
    ],
    [
      30.426921844482422,
      22.108755111694336,
      17.996158599853516,
      17.390512466430664,
      12.825968742370605,
      13.490198135375977,
      21.082656860351562,
      21.344512939453125,
      18.3726749420166,
      18.960613250732422,
      9.873294830322266,
      9.985926628112793,
      1.7285722494125366,
      1.4329032897949219,
      0.2362336665391922,
      0.22954878211021423,
      0.28665703535079956,
      0.26494574546813965
    ],
    [
      24.99858856201172,
      17.996158599853516,
      63.7354736328125,
      59.204227447509766,
      36.62480926513672,
      36.85399627685547,
      51.20143127441406,
      47.09127426147461,
      47.31203079223633,
      47.5819206237793,
      25.363021850585938,
      26.387531280517578,
      3.8350131511688232,
      3.0484776496887207,
      0.27439141273498535,
      0.24628134071826935,
      0.2821901738643646,
      0.2402561455965042
    ],
    [
      24.605459213256836,
      17.390512466430664,
      59.204227447509766,
      64.29061889648438,
      36.166954040527344,
      37.553035736083984,
      49.47071075439453,
      45.721797943115234,
      46.60220718383789,
      46.886653900146484,
      24.309253692626953,
      25.56793975830078,
      3.4099490642547607,
      2.769113063812256,
      0.2634205222129822,
      0.238974928855896,
      0.27814117074012756,
      0.2356845587491989
    ],
    [
      17.19344711303711,
      12.825968742370605,
      36.62480926513672,
      36.166954040527344,
      66.3861312866211,
      62.793052673339844,
      58.46721267700195,
      57.12449645996094,
      57.784446716308594,
      54.160648345947266,
      30.02557945251465,
      31.844125747680664,
      4.318955421447754,
      3.5899999141693115,
      0.33127495646476746,
      0.28008708357810974,
      0.3069303333759308,
      0.2643367648124695
    ],
    [
      18.436443328857422,
      13.490198135375977,
      36.85399627685547,
      37.553035736083984,
      62.793052673339844,
      68.03563690185547,
      59.336734771728516,
      58.22564697265625,
      58.27532958984375,
      54.5952033996582,
      29.796398162841797,
      31.558374404907227,
      4.2791924476623535,
      3.554166793823242,
      0.3170386552810669,
      0.271991103887558,
      0.30207559466362,
      0.25954434275627136
    ],
    [
      32.740745544433594,
      21.082656860351562,
      51.20143127441406,
      49.47071075439453,
      58.46721267700195,
      59.336734771728516,
      85.8426742553711,
      81.11784362792969,
      73.56259155273438,
      69.99603271484375,
      36.7132568359375,
      38.2164192199707,
      5.5280632972717285,
      4.560692310333252,
      0.6965423822402954,
      0.6727855801582336,
      0.8269674777984619,
      0.7662516236305237
    ],
    [
      33.003746032714844,
      21.344512939453125,
      47.09127426147461,
      45.721797943115234,
      57.12449645996094,
      58.22564697265625,
      81.11784362792969,
      84.67691040039062,
      70.72290802001953,
      67.59260559082031,
      35.06705856323242,
      36.560150146484375,
      5.121459007263184,
      4.216868877410889,
      0.6848291158676147,
      0.6670745611190796,
      0.8208746314048767,
      0.7629654407501221
    ],
    [
      27.475439071655273,
      18.3726749420166,
      47.31203079223633,
      46.60220718383789,
      57.784446716308594,
      58.27532958984375,
      73.56259155273438,
      70.72290802001953,
      79.2415771484375,
      73.31253814697266,
      39.21200942993164,
      40.905948638916016,
      6.073976516723633,
      4.948394298553467,
      0.5897451639175415,
      0.5537419319152832,
      0.6585619449615479,
      0.6050342917442322
    ],
    [
      27.86993408203125,
      18.960613250732422,
      47.5819206237793,
      46.886653900146484,
      54.160648345947266,
      54.5952033996582,
      69.99603271484375,
      67.59260559082031,
      73.31253814697266,
      72.91543579101562,
      38.776084899902344,
      40.277957916259766,
      6.013601779937744,
      4.9108147621154785,
      0.5681505799293518,
      0.5307672023773193,
      0.6224697828292847,
      0.5726800560951233
    ],
    [
      13.599891662597656,
      9.873294830322266,
      25.363021850585938,
      24.309253692626953,
      30.02557945251465,
      29.796398162841797,
      36.7132568359375,
      35.06705856323242,
      39.21200942993164,
      38.776084899902344,
      28.929149627685547,
      28.77178382873535,
      5.043094158172607,
      4.193638324737549,
      0.3484577238559723,
      0.3154049813747406,
      0.3330952227115631,
      0.3059963881969452
    ],
    [
      13.718542098999023,
      9.985926628112793,
      26.387531280517578,
      25.56793975830078,
      31.844125747680664,
      31.558374404907227,
      38.2164192199707,
      36.560150146484375,
      40.905948638916016,
      40.277957916259766,
      28.77178382873535,
      31.308809280395508,
      5.151981830596924,
      4.219541549682617,
      0.3543549180030823,
      0.3203020691871643,
      0.34567463397979736,
      0.31686949729919434
    ],
    [
      2.5358262062072754,
      1.7285722494125366,
      3.8350131511688232,
      3.4099490642547607,
      4.318955421447754,
      4.2791924476623535,
      5.5280632972717285,
      5.121459007263184,
      6.073976516723633,
      6.013601779937744,
      5.043094158172607,
      5.151981830596924,
      1.7871434688568115,
      1.3899767398834229,
      0.09040819108486176,
      0.0855630487203598,
      0.07415217161178589,
      0.06913481652736664
    ],
    [
      2.0958781242370605,
      1.4329032897949219,
      3.0484776496887207,
      2.769113063812256,
      3.5899999141693115,
      3.554166793823242,
      4.560692310333252,
      4.216868877410889,
      4.948394298553467,
      4.9108147621154785,
      4.193638324737549,
      4.219541549682617,
      1.3899767398834229,
      1.2383702993392944,
      0.07772146165370941,
      0.07329421490430832,
      0.06415072828531265,
      0.0605211965739727
    ],
    [
      0.455935001373291,
      0.2362336665391922,
      0.27439141273498535,
      0.2634205222129822,
      0.33127495646476746,
      0.3170386552810669,
      0.6965423822402954,
      0.6848291158676147,
      0.5897451639175415,
      0.5681505799293518,
      0.3484577238559723,
      0.3543549180030823,
      0.09040819108486176,
      0.07772146165370941,
      0.02361513487994671,
      0.019585371017456055,
      0.02144806832075119,
      0.020682696253061295
    ],
    [
      0.45178258419036865,
      0.22954878211021423,
      0.24628134071826935,
      0.238974928855896,
      0.28008708357810974,
      0.271991103887558,
      0.6727855801582336,
      0.6670745611190796,
      0.5537419319152832,
      0.5307672023773193,
      0.3154049813747406,
      0.3203020691871643,
      0.0855630487203598,
      0.07329421490430832,
      0.019585371017456055,
      0.02443046309053898,
      0.021717311814427376,
      0.02095400169491768
    ],
    [
      0.580365777015686,
      0.28665703535079956,
      0.2821901738643646,
      0.27814117074012756,
      0.3069303333759308,
      0.30207559466362,
      0.8269674777984619,
      0.8208746314048767,
      0.6585619449615479,
      0.6224697828292847,
      0.3330952227115631,
      0.34567463397979736,
      0.07415217161178589,
      0.06415072828531265,
      0.02144806832075119,
      0.021717311814427376,
      0.03245982900261879,
      0.027100346982479095
    ],
    [
      0.5442169904708862,
      0.26494574546813965,
      0.2402561455965042,
      0.2356845587491989,
      0.2643367648124695,
      0.25954434275627136,
      0.7662516236305237,
      0.7629654407501221,
      0.6050342917442322,
      0.5726800560951233,
      0.3059963881969452,
      0.31686949729919434,
      0.06913481652736664,
      0.0605211965739727,
      0.020682696253061295,
      0.02095400169491768,
      0.027100346982479095,
      0.030748633667826653
    ]
  ],
  "drr": 8.942313194274902,
  "dynamics": 5.5999674797058105,
  "format": 1245190,
  "frames": 15849472,
  "loudness": -29.756206512451172,
  "loudness_range": 20.599607467651367,
  "loudness_range_short": 21.59547996520996,
  "peak": -4.664797306060791,
  "rms": -29.6873722076416,
  "sample_rate": 44100,
  "sections": 1,
  "seekable": 1,
  "sharpness": 2.6960809230804443,
  "space": -7.516330718994141
}