{
  "bands": [
    {
      "high_freq": 148.1999969482422,
      "loudness": -51.149452209472656,
      "loudness_range": 17.589927673339844,
      "mid_mean": -47.71675491333008,
      "mid_to_side_loudness": -13.257967948913574,
      "mid_to_side_loudness_range": 10.775617599487305,
      "side_mean": -60.119144439697266
    },
    {
      "high_freq": 392.3793640136719,
      "loudness": -34.753456115722656,
      "loudness_range": 16.26361656188965,
      "low_freq": 148.1999969482422,
      "mid_mean": -31.76297378540039,
      "mid_to_side_loudness": -8.846552848815918,
      "mid_to_side_loudness_range": 10.450374603271484,
      "side_mean": -40.56980895996094
    },
    {
      "high_freq": 794.6976318359375,
      "loudness": -31.554651260375977,
      "loudness_range": 20.00496482849121,
      "low_freq": 392.3793640136719,
      "mid_mean": -28.898113250732422,
      "mid_to_side_loudness": -6.340337753295898,
      "mid_to_side_loudness_range": 7.844364643096924,
      "side_mean": -35.31214141845703
    },
    {
      "high_freq": 1457.5709228515625,
      "loudness": -40.24849319458008,
      "loudness_range": 25.131656646728516,
      "low_freq": 794.6976318359375,
      "mid_mean": -40.221031188964844,
      "mid_to_side_loudness": 0.7425255179405212,
      "mid_to_side_loudness_range": 8.556741714477539,
      "side_mean": -39.50175094604492
    },
    {
      "high_freq": 2549.74365234375,
      "loudness": -44.043907165527344,
      "loudness_range": 33.654884338378906,
      "low_freq": 1457.5709228515625,
      "mid_mean": -42.940006256103516,
      "mid_to_side_loudness": -1.3188804388046265,
      "mid_to_side_loudness_range": 6.561393737792969,
      "side_mean": -44.481231689453125
    },
    {
      "high_freq": 4349.24462890625,
      "loudness": -56.064857482910156,
      "loudness_range": 32.68080520629883,
      "low_freq": 2549.74365234375,
      "mid_mean": -56.37055587768555,
      "mid_to_side_loudness": 0.6303644180297852,
      "mid_to_side_loudness_range": 6.744107246398926,
      "side_mean": -55.81060028076172
    },
    {
      "high_freq": 7314.1640625,
      "loudness": -70.10076904296875,
      "loudness_range": 31.17971420288086,
      "low_freq": 4349.24462890625,
      "mid_mean": -64.94486236572266,
      "mid_to_side_loudness": -0.2551485598087311,
      "mid_to_side_loudness_range": 3.858795642852783,
      "side_mean": -65.0184326171875
    },
    {
      "high_freq": 12199.2666015625,
      "loudness": -75.6015625,
      "loudness_range": 14.637836456298828,
      "low_freq": 7314.1640625,
      "mid_mean": -68.23416900634766,
      "mid_to_side_loudness": 0.03624354302883148,
      "mid_to_side_loudness_range": 0.7674870491027832,
      "side_mean": -68.22492980957031
    },
    {
      "loudness": -75.42101287841797,
      "loudness_range": 4.775390625,
      "low_freq": 12199.2666015625,
      "mid_mean": -68.63945770263672,
      "mid_to_side_loudness": -0.08497749269008636,
      "mid_to_side_loudness_range": 0.5317267775535583,
      "side_mean": -68.65390014648438
    }
  ],
  "bands_short": [
    {
      "high_freq": 148.1999969482422,
      "loudness": -54.33954620361328,
      "loudness_range": 18.669891357421875,
      "mid_mean": -51.013362884521484,
      "mid_to_side_loudness": -11.806153297424316,
      "mid_to_side_loudness_range": 14.714512825012207,
      "side_mean": -61.616859436035156
    },
    {
      "high_freq": 392.3793640136719,
      "loudness": -36.17271041870117,
      "loudness_range": 19.197383880615234,
      "low_freq": 148.1999969482422,
      "mid_mean": -33.28739929199219,
      "mid_to_side_loudness": -8.822269439697266,
      "mid_to_side_loudness_range": 13.157418251037598,
      "side_mean": -42.058982849121094
    },
    {
      "high_freq": 794.6976318359375,
      "loudness": -31.871889114379883,
      "loudness_range": 20.99102210998535,
      "low_freq": 392.3793640136719,
      "mid_mean": -29.24847412109375,
      "mid_to_side_loudness": -6.678786754608154,
      "mid_to_side_loudness_range": 10.249540328979492,
      "side_mean": -35.95695495605469
    },
    {
      "high_freq": 1457.5709228515625,
      "loudness": -40.89750289916992,
      "loudness_range": 24.86895179748535,
      "low_freq": 794.6976318359375,
      "mid_mean": -40.916099548339844,
      "mid_to_side_loudness": 0.7149782180786133,
      "mid_to_side_loudness_range": 11.002571105957031,
      "side_mean": -40.29640579223633
    },
    {
      "high_freq": 2549.74365234375,
      "loudness": -45.25824737548828,
      "loudness_range": 33.67786407470703,
      "low_freq": 1457.5709228515625,
      "mid_mean": -44.2819938659668,
      "mid_to_side_loudness": -1.2822059392929077,
      "mid_to_side_loudness_range": 9.141620635986328,
      "side_mean": -45.87379455566406
    },
    {
      "high_freq": 4349.24462890625,
      "loudness": -55.20543670654297,
      "loudness_range": 33.18621063232422,
      "low_freq": 2549.74365234375,
      "mid_mean": -55.93162155151367,
      "mid_to_side_loudness": 0.7960456013679504,
      "mid_to_side_loudness_range": 9.026052474975586,
      "side_mean": -55.22715759277344
    },
    {
      "high_freq": 7314.1640625,
      "loudness": -70.67467498779297,
      "loudness_range": 30.11237335205078,
      "low_freq": 4349.24462890625,
      "mid_mean": -65.39264678955078,
      "mid_to_side_loudness": -0.10833166539669037,
      "mid_to_side_loudness_range": 5.285031318664551,
      "side_mean": -65.4009017944336
    },
    {
      "high_freq": 12199.2666015625,
      "loudness": -75.98081970214844,
      "loudness_range": 11.826591491699219,
      "low_freq": 7314.1640625,
      "mid_mean": -68.44432067871094,
      "mid_to_side_loudness": 0.050328198820352554,
      "mid_to_side_loudness_range": 1.9235427379608154,
      "side_mean": -68.4328384399414
    },
    {
      "loudness": -75.51937866210938,
      "loudness_range": 3.2926406860351562,
      "low_freq": 12199.2666015625,
      "mid_mean": -68.67830657958984,
      "mid_to_side_loudness": -0.10400158166885376,
      "mid_to_side_loudness_range": 1.3372637033462524,
      "side_mean": -68.70177459716797
    }
  ],
  "channels": 2,
  "covariance": [
    [
      44.503360748291016,
      25.48060417175293,
      14.9725341796875,
      12.382589340209961,
      5.946199417114258,
      8.888833999633789,
      14.947802543640137,
      16.18062400817871,
      23.548995971679688,
      22.425607681274414,
      29.346416473388672,
      31.15821647644043,
      14.47106647491455,
      14.654918670654297,
      4.89078426361084,
      4.9200944900512695,
      1.4053586721420288,
      1.4341589212417603
    ],
    [
      25.48060417175293,
      20.51715660095215,
      9.695779800415039,
      8.694958686828613,
      4.502998352050781,
      6.610581398010254,
      10.814311027526855,
      11.979049682617188,
      19.210248947143555,
      18.142276763916016,
      21.797290802001953,
      22.67229461669922,
      12.546792984008789,
      12.812070846557617,
      4.4356889724731445,
      4.478228569030762,
      1.2274128198623657,
      1.2709131240844727
    ],
    [
      14.9725341796875,
      9.695779800415039,
      36.89207077026367,
      30.148395538330078,
      18.107616424560547,
      14.728906631469727,
      19.9198055267334,
      17.658287048339844,
      22.008560180664062,
      23.349287033081055,
      28.12533950805664,
      27.06974220275879,
      12.968899726867676,
      11.829251289367676,
      2.525726079940796,
      2.4485673904418945,
      0.7669172286987305,
      0.7691469192504883
    ],
    [
      12.382589340209961,
      8.694958686828613,
      30.148395538330078,
      35.89252853393555,
      21.928882598876953,
      16.504167556762695,
      22.28061294555664,
      20.31466293334961,
      21.849468231201172,
      24.69609832763672,
      29.635072708129883,
      27.74403953552246,
      15.785637855529785,
      15.728241920471191,
      3.1821155548095703,
      3.1561787128448486,
      0.8058415651321411,
      0.8445652723312378
    ],
    [
      5.946199417114258,
      4.502998352050781,
      18.107616424560547,
      21.928882598876953,
      52.80332946777344,
      46.55012512207031,
      41.06491470336914,
      41.58061981201172,
      49.4365234375,
      49.05235290527344,
      48.23638153076172,
      45.86410140991211,
      30.96683692932129,
      31.470609664916992,
      9.808870315551758,
      9.77440071105957,
      2.666064739227295,
      2.7195982933044434
    ],
    [
      8.888833999633789,
      6.610581398010254,
      14.728906631469727,
      16.504167556762695,
      46.55012512207031,
      51.6263313293457,
      39.12155532836914,
      42.822689056396484,
      54.2935791015625,
      51.56243896484375,
      49.82331848144531,
      48.9676399230957,
      32.007568359375,
      32.62268829345703,
      10.688030242919922,
      10.681153297424316,
      2.876225471496582,
      2.94905686378479
    ],
    [
      14.947802543640137,
      10.814311027526855,
      19.9198055267334,
      22.28061294555664,
      41.06491470336914,
      39.12155532836914,
      64.54421997070312,
      63.14754867553711,
      69.55198669433594,
      68.3511734008789,
      62.08979034423828,
      62.585208892822266,
      40.967933654785156,
      42.299293518066406,
      13.047112464904785,
      13.141685485839844,
      3.4604716300964355,
      3.6147048473358154
    ],
    [
      16.18062400817871,
      11.979049682617188,
      17.658287048339844,
      20.31466293334961,
      41.58061981201172,
      42.822689056396484,
      63.14754867553711,
      71.08468627929688,
      73.59517669677734,
      71.30754852294922,
      65.73762512207031,
      66.7887954711914,
      43.89567184448242,
      45.542747497558594,
      14.345449447631836,
      14.507563591003418,
      3.7711691856384277,
      4.014330863952637
    ],
    [
      23.548995971679688,
      19.210248947143555,
      22.008560180664062,
      21.849468231201172,
      49.4365234375,
      54.2935791015625,
      69.55198669433594,
      73.59517669677734,
      116.54866790771484,
      106.57943725585938,
      93.81696319580078,
      96.45864868164062,
      61.55779266357422,
      63.539390563964844,
      21.854997634887695,
      21.95909881591797,
      5.764993667602539,
      5.970836639404297
    ],
    [
      22.425607681274414,
      18.142276763916016,
      23.349287033081055,
      24.69609832763672,
      49.05235290527344,
      51.56243896484375,
      68.3511734008789,
      71.30754852294922,
      106.57943725585938,
      103.31330871582031,
      91.27906036376953,
      93.03546142578125,
      59.29981231689453,
      61.253543853759766,
      20.4202823638916,
      20.509765625,
      5.365297317504883,
      5.571014404296875
    ],
    [
      29.346416473388672,
      21.797290802001953,
      28.12533950805664,
      29.635072708129883,
      48.23638153076172,
      49.82331848144531,
      62.08979034423828,
      65.73762512207031,
      93.81696319580078,
      91.27906036376953,
      105.28811645507812,
      104.54309844970703,
      63.146583557128906,
      64.1617660522461,
      20.410709381103516,
      20.403297424316406,
      5.413659572601318,
      5.586655139923096
    ],
    [
      31.15821647644043,
      22.67229461669922,
      27.06974220275879,
      27.74403953552246,
      45.86410140991211,
      48.9676399230957,
      62.585208892822266,
      66.7887954711914,
      96.45864868164062,
      93.03546142578125,
      104.54309844970703,
      107.91366577148438,
      63.89514923095703,
      65.02909088134766,
      21.534704208374023,
      21.544235229492188,
      5.717320442199707,
      5.906550407409668
    ],
    [
      14.47106647491455,
      12.546792984008789,
      12.968899726867676,
      15.785637855529785,
      30.96683692932129,
      32.007568359375,
      40.967933654785156,
      43.89567184448242,
      61.55779266357422,
      59.29981231689453,
      63.146583557128906,
      63.89514923095703,
      48.04001998901367,
      49.35063552856445,
      17.43350601196289,
      17.486083984375,
      4.572493553161621,
      4.7657599449157715
    ],
    [
      14.654918670654297,
      12.812070846557617,
      11.829251289367676,
      15.728241920471191,
      31.470609664916992,
      32.62268829345703,
      42.299293518066406,
      45.542747497558594,
      63.539390563964844,
      61.253543853759766,
      64.1617660522461,
      65.02909088134766,
      49.35063552856445,
      51.666473388671875,
      18.238393783569336,
      18.32423973083496,
      4.751760959625244,
      4.965473651885986
    ],
    [
      4.89078426361084,
      4.4356889724731445,
      2.525726079940796,
      3.1821155548095703,
      9.808870315551758,
      10.688030242919922,
      13.047112464904785,
      14.345449447631836,
      21.854997634887695,
      20.4202823638916,
      20.410709381103516,
      21.534704208374023,
      17.43350601196289,
      18.238393783569336,
      9.374117851257324,
      9.450238227844238,
      2.594697952270508,
      2.707989454269409
    ],
    [
      4.9200944900512695,
      4.478228569030762,
      2.4485673904418945,
      3.1561787128448486,
      9.77440071105957,
      10.681153297424316,
      13.141685485839844,
      14.507563591003418,
      21.95909881591797,
      20.509765625,
      20.403297424316406,
      21.544235229492188,
      17.486083984375,
      18.32423973083496,
      9.450238227844238,
      9.567012786865234,
      2.6302151679992676,
      2.751460552215576
    ],
    [
      1.4053586721420288,
      1.2274128198623657,
      0.7669172286987305,
      0.8058415651321411,
      2.666064739227295,
      2.876225471496582,
      3.4604716300964355,
      3.7711691856384277,
      5.764993667602539,
      5.365297317504883,
      5.413659572601318,
      5.717320442199707,
      4.572493553161621,
      4.751760959625244,
      2.594697952270508,
      2.6302151679992676,
      0.7788441777229309,
      0.8090661764144897
    ],
    [
      1.4341589212417603,
      1.2709131240844727,
      0.7691469192504883,
      0.8445652723312378,
      2.7195982933044434,
      2.94905686378479,
      3.6147048473358154,
      4.014330863952637,
      5.970836639404297,
      5.571014404296875,
      5.586655139923096,
      5.906550407409668,
      4.7657599449157715,
      4.965473651885986,
      2.707989454269409,
      2.751460552215576,
      0.8090661764144897,
      0.8611020445823669
    ]
  ],
  "covariance_short": [
    [
      45.94414138793945,
      21.439624786376953,
      16.659881591796875,
      13.444592475891113,
      9.089373588562012,
      11.00539779663086,
      17.10869026184082,
      17.897302627563477,
      25.669532775878906,
      24.245656967163086,
      29.746673583984375,
      30.167613983154297,
      13.991859436035156,
      14.066821098327637,
      4.305881500244141,
      4.324781894683838,
      1.284010410308838,
      1.2769865989685059
    ],
    [
      21.439624786376953,
      19.40082359313965,
      7.979228496551514,
      7.396516799926758,
      6.7156476974487305,
      7.804211139678955,
      12.238667488098145,
      13.194342613220215,
      20.808313369750977,
      19.69380760192871,
      22.528371810913086,
      21.98838996887207,
      12.541147232055664,
      12.753519058227539,
      3.794297695159912,
      3.8257570266723633,
      1.0769230127334595,
      1.0814725160598755
    ],
    [
      16.659881591796875,
      7.979228496551514,
      46.93503952026367,
      38.83222579956055,
      18.77241325378418,
      14.748005867004395,
      19.386625289916992,
      16.827348709106445,
      17.8698673248291,
      20.835132598876953,
      25.689979553222656,
      24.971675872802734,
      8.928231239318848,
      8.203901290893555,
      1.007092833518982,
      0.8705736398696899,
      0.36078494787216187,
      0.3684903383255005
    ],
    [
      13.444592475891113,
      7.396516799926758,
      38.83222579956055,
      50.7649040222168,
      22.205759048461914,
      16.161136627197266,
      21.520465850830078,
      19.06644630432129,
      17.193239212036133,
      21.937849044799805,
      27.39772605895996,
      26.317386627197266,
      11.530056953430176,
      11.74903392791748,
      1.4665768146514893,
      1.3657209873199463,
      0.422819584608078,
      0.46231839060783386
    ],
    [
      9.089373588562012,
      6.7156476974487305,
      18.77241325378418,
      22.205759048461914,
      56.31669616699219,
      49.25761032104492,
      42.80757522583008,
      42.666358947753906,
      51.16518020629883,
      50.43922424316406,
      52.69769287109375,
      54.218379974365234,
      30.042247772216797,
      30.37934684753418,
      8.157254219055176,
      8.043233871459961,
      2.351931095123291,
      2.282938003540039
    ],
    [
      11.00539779663086,
      7.804211139678955,
      14.748005867004395,
      16.161136627197266,
      49.25761032104492,
      57.88822555541992,
      41.99117660522461,
      45.005287170410156,
      56.63318634033203,
      53.80490493774414,
      54.46812057495117,
      56.75379943847656,
      31.207927703857422,
      31.950069427490234,
      8.995811462402344,
      8.952386856079102,
      2.5493149757385254,
      2.507075071334839
    ],
    [
      17.10869026184082,
      12.238667488098145,
      19.386625289916992,
      21.520465850830078,
      42.80757522583008,
      41.99117660522461,
      70.19482421875,
      63.82225799560547,
      69.35025787353516,
      67.37579345703125,
      66.42808532714844,
      66.39186096191406,
      39.0135383605957,
      40.205257415771484,
      11.049615859985352,
      11.077675819396973,
      3.124896287918091,
      3.146055221557617
    ],
    [
      17.897302627563477,
      13.194342613220215,
      16.827348709106445,
      19.06644630432129,
      42.666358947753906,
      45.005287170410156,
      63.82225799560547,
      73.05195617675781,
      71.83763885498047,
      70.02266693115234,
      67.78097534179688,
      69.70743560791016,
      40.72982406616211,
      42.116336822509766,
      11.65989875793457,
      11.734761238098145,
      3.2373135089874268,
      3.3268022537231445
    ],
    [
      25.669532775878906,
      20.808313369750977,
      17.8698673248291,
      17.193239212036133,
      51.16518020629883,
      56.63318634033203,
      69.35025787353516,
      71.83763885498047,
      120.80684661865234,
      106.75108337402344,
      95.28231048583984,
      97.09874725341797,
      57.519840240478516,
      59.58965301513672,
      18.134958267211914,
      18.22972297668457,
      4.967402935028076,
      4.941359043121338
    ],
    [
      24.245656967163086,
      19.69380760192871,
      20.835132598876953,
      21.937849044799805,
      50.43922424316406,
      53.80490493774414,
      67.37579345703125,
      70.02266693115234,
      106.75108337402344,
      105.77912902832031,
      92.60724639892578,
      94.50587463378906,
      55.22197723388672,
      57.366180419921875,
      16.848501205444336,
      16.91226577758789,
      4.649136543273926,
      4.6638102531433105
    ],
    [
      29.746673583984375,
      22.528371810913086,
      25.689979553222656,
      27.39772605895996,
      52.69769287109375,
      54.46812057495117,
      66.42808532714844,
      67.78097534179688,
      95.28231048583984,
      92.60724639892578,
      110.76277160644531,
      107.2406234741211,
      59.27925491333008,
      60.66129684448242,
      16.639869689941406,
      16.656435012817383,
      4.611621856689453,
      4.600761890411377
    ],
    [
      30.167613983154297,
      21.98838996887207,
      24.971675872802734,
      26.317386627197266,
      54.218379974365234,
      56.75379943847656,
      66.39186096191406,
      69.70743560791016,
      97.09874725341797,
      94.50587463378906,
      107.2406234741211,
      111.71735382080078,
      59.159515380859375,
      60.60629653930664,
      17.007413864135742,
      17.01412582397461,
      4.7457499504089355,
      4.738988399505615
    ],
    [
      13.991859436035156,
      12.541147232055664,
      8.928231239318848,
      11.530056953430176,
      30.042247772216797,
      31.207927703857422,
      39.0135383605957,
      40.72982406616211,
      57.519840240478516,
      55.22197723388672,
      59.27925491333008,
      59.159515380859375,
      43.578941345214844,
      44.34503173828125,
      14.115592002868652,
      14.139474868774414,
      3.8325862884521484,
      3.8692073822021484
    ],
    [
      14.066821098327637,
      12.753519058227539,
      8.203901290893555,
      11.74903392791748,
      30.37934684753418,
      31.950069427490234,
      40.205257415771484,
      42.116336822509766,
      59.58965301513672,
      57.366180419921875,
      60.66129684448242,
      60.60629653930664,
      44.34503173828125,
      46.785892486572266,
      14.708341598510742,
      14.782112121582031,
      3.9969277381896973,
      4.036770820617676
    ],
    [
      4.305881500244141,
      3.794297695159912,
      1.007092833518982,
      1.4665768146514893,
      8.157254219055176,
      8.995811462402344,
      11.049615859985352,
      11.65989875793457,
      18.134958267211914,
      16.848501205444336,
      16.639869689941406,
      17.007413864135742,
      14.115592002868652,
      14.708341598510742,
      7.444612979888916,
      7.406434059143066,
      2.151193857192993,
      2.1900761127471924
    ],
    [
      4.324781894683838,
      3.8257570266723633,
      0.8705736398696899,
      1.3657209873199463,
      8.043233871459961,
      8.952386856079102,
      11.077675819396973,
      11.734761238098145,
      18.22972297668457,
      16.91226577758789,
      16.656435012817383,
      17.01412582397461,
      14.139474868774414,
      14.782112121582031,
      7.406434059143066,
      7.536337375640869,
      2.167386293411255,
      2.2132015228271484
    ],
    [
      1.284010410308838,
      1.0769230127334595,
      0.36078494787216187,
      0.422819584608078,
      2.351931095123291,
      2.5493149757385254,
      3.124896287918091,
      3.2373135089874268,
      4.967402935028076,
      4.649136543273926,
      4.611621856689453,
      4.7457499504089355,
      3.8325862884521484,
      3.9969277381896973,
      2.151193857192993,
      2.167386293411255,
      0.7499569058418274,
      0.7598959803581238
    ],
    [
      1.2769865989685059,
      1.0814725160598755,
      0.3684903383255005,
      0.46231839060783386,
      2.282938003540039,
      2.507075071334839,
      3.146055221557617,
      3.3268022537231445,
      4.941359043121338,
      4.6638102531433105,
      4.600761890411377,
      4.738988399505615,
      3.8692073822021484,
      4.036770820617676,
      2.1900761127471924,
      2.2132015228271484,
      0.7598959803581238,
      0.8121124505996704
    ]
  ],
  "drr": 8.475157737731934,
  "dynamics": 5.6557230949401855,
  "format": 1245190,
  "frames": 8472576,
  "loudness": -24.15366554260254,
  "loudness_range": 17.566316604614258,
  "loudness_range_short": 19.258785247802734,
  "peak": -0.9134210348129272,
  "rms": -23.717092514038086,
  "sample_rate": 44100,
  "sections": 1,
  "seekable": 1,
  "sharpness": 2.9763638973236084,
  "space": -5.954321384429932
}