{
  "bands": [
    {
      "high_freq": 148.1999969482422,
      "loudness": -53.21184539794922,
      "loudness_range": 23.124553680419922,
      "mid_mean": -49.69243240356445,
      "mid_to_side_loudness": -13.971761703491211,
      "mid_to_side_loudness_range": 12.423065185546875,
      "side_mean": -62.17967224121094
    },
    {
      "high_freq": 392.3793640136719,
      "loudness": -39.04506301879883,
      "loudness_range": 27.151777267456055,
      "low_freq": 148.1999969482422,
      "mid_mean": -35.967227935791016,
      "mid_to_side_loudness": -10.577852249145508,
      "mid_to_side_loudness_range": 9.703890800476074,
      "side_mean": -47.47294998168945
    },
    {
      "high_freq": 794.6976318359375,
      "loudness": -38.13241958618164,
      "loudness_range": 26.640277862548828,
      "low_freq": 392.3793640136719,
      "mid_mean": -35.40342330932617,
      "mid_to_side_loudness": -6.821513652801514,
      "mid_to_side_loudness_range": 9.426908493041992,
      "side_mean": -42.407535552978516
    },
    {
      "high_freq": 1457.5709228515625,
      "loudness": -45.63571548461914,
      "loudness_range": 28.64785385131836,
      "low_freq": 794.6976318359375,
      "mid_mean": -45.13460159301758,
      "mid_to_side_loudness": -0.30289697647094727,
      "mid_to_side_loudness_range": 7.950817584991455,
      "side_mean": -45.50458526611328
    },
    {
      "high_freq": 2549.74365234375,
      "loudness": -49.29521942138672,
      "loudness_range": 35.940040588378906,
      "low_freq": 1457.5709228515625,
      "mid_mean": -49.614253997802734,
      "mid_to_side_loudness": -1.299328327178955,
      "mid_to_side_loudness_range": 8.099392890930176,
      "side_mean": -50.961524963378906
    },
    {
      "high_freq": 4349.24462890625,
      "loudness": -58.118141174316406,
      "loudness_range": 35.011962890625,
      "low_freq": 2549.74365234375,
      "mid_mean": -59.406654357910156,
      "mid_to_side_loudness": 0.2567092180252075,
      "mid_to_side_loudness_range": 6.9931111335754395,
      "side_mean": -59.20435333251953
    },
    {
      "high_freq": 7314.1640625,
      "loudness": -71.5712890625,
      "loudness_range": 28.660987854003906,
      "low_freq": 4349.24462890625,
      "mid_mean": -66.56089782714844,
      "mid_to_side_loudness": 0.30783382058143616,
      "mid_to_side_loudness_range": 3.5409011840820312,
      "side_mean": -66.33894348144531
    },
    {
      "high_freq": 12199.2666015625,
      "loudness": -76.34746551513672,
      "loudness_range": 10.908226013183594,
      "low_freq": 7314.1640625,
      "mid_mean": -68.56877136230469,
      "mid_to_side_loudness": -0.05064285919070244,
      "mid_to_side_loudness_range": 0.8311340808868408,
      "side_mean": -68.62983703613281
    },
    {
      "loudness": -75.85417175292969,
      "loudness_range": 2.213226318359375,
      "low_freq": 12199.2666015625,
      "mid_mean": -68.8020248413086,
      "mid_to_side_loudness": -0.033318471163511276,
      "mid_to_side_loudness_range": 0.46932509541511536,
      "side_mean": -68.8007583618164
    }
  ],
  "bands_short": [
    {
      "high_freq": 148.1999969482422,
      "loudness": -56.51703643798828,
      "loudness_range": 22.44896697998047,
      "mid_mean": -53.03773498535156,
      "mid_to_side_loudness": -12.846078872680664,
      "mid_to_side_loudness_range": 16.28832244873047,
      "side_mean": -63.81947326660156
    },
    {
      "high_freq": 392.3793640136719,
      "loudness": -39.586307525634766,
      "loudness_range": 28.019878387451172,
      "low_freq": 148.1999969482422,
      "mid_mean": -36.698970794677734,
      "mid_to_side_loudness": -10.72441291809082,
      "mid_to_side_loudness_range": 10.959028244018555,
      "side_mean": -48.45987319946289
    },
    {
      "high_freq": 794.6976318359375,
      "loudness": -38.93334197998047,
      "loudness_range": 26.743791580200195,
      "low_freq": 392.3793640136719,
      "mid_mean": -36.2833251953125,
      "mid_to_side_loudness": -6.741184234619141,
      "mid_to_side_loudness_range": 10.890279769897461,
      "side_mean": -43.08582305908203
    },
    {
      "high_freq": 1457.5709228515625,
      "loudness": -46.28993225097656,
      "loudness_range": 28.998865127563477,
      "low_freq": 794.6976318359375,
      "mid_mean": -45.92804718017578,
      "mid_to_side_loudness": -0.22437690198421478,
      "mid_to_side_loudness_range": 9.60159683227539,
      "side_mean": -46.13820266723633
    },
    {
      "high_freq": 2549.74365234375,
      "loudness": -50.336219787597656,
      "loudness_range": 36.356910705566406,
      "low_freq": 1457.5709228515625,
      "mid_mean": -50.89223861694336,
      "mid_to_side_loudness": -1.1198961734771729,
      "mid_to_side_loudness_range": 9.565879821777344,
      "side_mean": -51.88839340209961
    },
    {
      "high_freq": 4349.24462890625,
      "loudness": -59.14252471923828,
      "loudness_range": 34.721248626708984,
      "low_freq": 2549.74365234375,
      "mid_mean": -60.18575668334961,
      "mid_to_side_loudness": 0.4089246392250061,
      "mid_to_side_loudness_range": 8.799104690551758,
      "side_mean": -59.908111572265625
    },
    {
      "high_freq": 7314.1640625,
      "loudness": -72.91144561767578,
      "loudness_range": 27.254539489746094,
      "low_freq": 4349.24462890625,
      "mid_mean": -66.85409545898438,
      "mid_to_side_loudness": 0.18142011761665344,
      "mid_to_side_loudness_range": 4.338244915008545,
      "side_mean": -66.70579528808594
    },
    {
      "high_freq": 12199.2666015625,
      "loudness": -76.72209167480469,
      "loudness_range": 7.7216033935546875,
      "low_freq": 7314.1640625,
      "mid_mean": -68.77725982666016,
      "mid_to_side_loudness": -0.004980193916708231,
      "mid_to_side_loudness_range": 1.897170066833496,
      "side_mean": -68.80592346191406
    },
    {
      "loudness": -75.93289184570312,
      "loudness_range": 2.0253677368164062,
      "low_freq": 12199.2666015625,
      "mid_mean": -68.83052825927734,
      "mid_to_side_loudness": -0.05171574279665947,
      "mid_to_side_loudness_range": 1.3012031316757202,
      "side_mean": -68.84007263183594
    }
  ],
  "channels": 2,
  "covariance": [
    [
      64.39622497558594,
      36.79811477661133,
      43.06596374511719,
      46.243839263916016,
      36.935062408447266,
      33.97800827026367,
      41.5599479675293,
      41.911109924316406,
      50.6110725402832,
      49.672386169433594,
      46.40360641479492,
      45.79961013793945,
      24.746318817138672,
      25.734960556030273,
      7.677697658538818,
      6.985467433929443,
      1.778468132019043,
      1.9561742544174194
    ],
    [
      36.79811477661133,
      27.912633895874023,
      29.66158103942871,
      27.679759979248047,
      26.24405288696289,
      24.2248477935791,
      31.588424682617188,
      32.297576904296875,
      38.558589935302734,
      37.530906677246094,
      35.916202545166016,
      35.92757797241211,
      19.09226417541504,
      19.770187377929688,
      5.684440612792969,
      5.151437759399414,
      1.2869153022766113,
      1.4146548509597778
    ],
    [
      43.06596374511719,
      29.66158103942871,
      92.08125305175781,
      77.74401092529297,
      48.86537170410156,
      45.79288101196289,
      46.667259216308594,
      46.09069061279297,
      57.326541900634766,
      55.46540832519531,
      51.7651252746582,
      49.71590805053711,
      26.269683837890625,
      26.7896785736084,
      7.354908466339111,
      6.5331501960754395,
      1.3794431686401367,
      1.4570425748825073
    ],
    [
      46.243839263916016,
      27.679759979248047,
      77.74401092529297,
      91.95472717285156,
      47.5372200012207,
      45.554115295410156,
      43.5890007019043,
      43.587066650390625,
      55.958091735839844,
      54.957366943359375,
      46.946807861328125,
      46.26306915283203,
      23.16246795654297,
      23.699644088745117,
      6.496885776519775,
      5.792990207672119,
      1.254364252090454,
      1.3251303434371948
    ],
    [
      36.935062408447266,
      26.24405288696289,
      48.86537170410156,
      47.5372200012207,
      79.8199234008789,
      66.63863372802734,
      64.81689453125,
      67.81148529052734,
      86.47593688964844,
      80.20697784423828,
      71.82386016845703,
      71.46849822998047,
      32.5753288269043,
      33.76240921020508,
      9.747977256774902,
      8.655720710754395,
      2.0826029777526855,
      2.27401065826416
    ],
    [
      33.97800827026367,
      24.2248477935791,
      45.79288101196289,
      45.554115295410156,
      66.63863372802734,
      65.32744598388672,
      59.93657302856445,
      62.81963348388672,
      82.7193832397461,
      76.807861328125,
      66.47470092773438,
      66.47404479980469,
      30.159770965576172,
      31.574729919433594,
      8.56649398803711,
      7.5990400314331055,
      1.82260262966156,
      1.9745824337005615
    ],
    [
      41.5599479675293,
      31.588424682617188,
      46.667259216308594,
      43.5890007019043,
      64.81689453125,
      59.93657302856445,
      93.4188232421875,
      89.4777603149414,
      102.51079559326172,
      93.80662536621094,
      85.07731628417969,
      84.30400085449219,
      40.91740417480469,
      43.238502502441406,
      12.331696510314941,
      10.997260093688965,
      2.546552896499634,
      2.7782552242279053
    ],
    [
      41.911109924316406,
      32.297576904296875,
      46.09069061279297,
      43.587066650390625,
      67.81148529052734,
      62.81963348388672,
      89.4777603149414,
      95.41405487060547,
      104.7956314086914,
      97.20568084716797,
      86.42127990722656,
      85.97419738769531,
      40.526432037353516,
      42.669677734375,
      11.987706184387207,
      10.676525115966797,
      2.501403570175171,
      2.725813865661621
    ],
    [
      50.6110725402832,
      38.558589935302734,
      57.326541900634766,
      55.958091735839844,
      86.47593688964844,
      82.7193832397461,
      102.51079559326172,
      104.7956314086914,
      161.20188903808594,
      148.50282287597656,
      119.63554382324219,
      121.08683013916016,
      54.029388427734375,
      58.11404800415039,
      15.133298873901367,
      13.552358627319336,
      3.170114517211914,
      3.3726956844329834
    ],
    [
      49.672386169433594,
      37.530906677246094,
      55.46540832519531,
      54.957366943359375,
      80.20697784423828,
      76.807861328125,
      93.80662536621094,
      97.20568084716797,
      148.50282287597656,
      144.4151611328125,
      113.16851043701172,
      114.84349060058594,
      50.39957046508789,
      53.8180046081543,
      14.008798599243164,
      12.509002685546875,
      3.019481658935547,
      3.2179360389709473
    ],
    [
      46.40360641479492,
      35.916202545166016,
      51.7651252746582,
      46.946807861328125,
      71.82386016845703,
      66.47470092773438,
      85.07731628417969,
      86.42127990722656,
      119.63554382324219,
      113.16851043701172,
      115.69673919677734,
      114.7483139038086,
      54.593170166015625,
      56.901424407958984,
      16.43982696533203,
      14.668166160583496,
      3.55312442779541,
      3.9306788444519043
    ],
    [
      45.79961013793945,
      35.92757797241211,
      49.71590805053711,
      46.26306915283203,
      71.46849822998047,
      66.47404479980469,
      84.30400085449219,
      85.97419738769531,
      121.08683013916016,
      114.84349060058594,
      114.7483139038086,
      117.27293395996094,
      54.46206283569336,
      56.63983154296875,
      16.693166732788086,
      14.925856590270996,
      3.654191732406616,
      4.0596418380737305
    ],
    [
      24.746318817138672,
      19.09226417541504,
      26.269683837890625,
      23.16246795654297,
      32.5753288269043,
      30.159770965576172,
      40.91740417480469,
      40.526432037353516,
      54.029388427734375,
      50.39957046508789,
      54.593170166015625,
      54.46206283569336,
      33.48670959472656,
      34.124481201171875,
      11.165175437927246,
      10.03940200805664,
      2.383173704147339,
      2.676523208618164
    ],
    [
      25.734960556030273,
      19.770187377929688,
      26.7896785736084,
      23.699644088745117,
      33.76240921020508,
      31.574729919433594,
      43.238502502441406,
      42.669677734375,
      58.11404800415039,
      53.8180046081543,
      56.901424407958984,
      56.63983154296875,
      34.124481201171875,
      35.96769714355469,
      11.1379976272583,
      9.99519157409668,
      2.3167431354522705,
      2.575369119644165
    ],
    [
      7.677697658538818,
      5.684440612792969,
      7.354908466339111,
      6.496885776519775,
      9.747977256774902,
      8.56649398803711,
      12.331696510314941,
      11.987706184387207,
      15.133298873901367,
      14.008798599243164,
      16.43982696533203,
      16.693166732788086,
      11.165175437927246,
      11.1379976272583,
      5.583080768585205,
      4.991219520568848,
      1.2317579984664917,
      1.441140055656433
    ],
    [
      6.985467433929443,
      5.151437759399414,
      6.5331501960754395,
      5.792990207672119,
      8.655720710754395,
      7.5990400314331055,
      10.997260093688965,
      10.676525115966797,
      13.552358627319336,
      12.509002685546875,
      14.668166160583496,
      14.925856590270996,
      10.03940200805664,
      9.99519157409668,
      4.991219520568848,
      4.543288707733154,
      1.124471664428711,
      1.315017580986023
    ],
    [
      1.778468132019043,
      1.2869153022766113,
      1.3794431686401367,
      1.254364252090454,
      2.0826029777526855,
      1.82260262966156,
      2.546552896499634,
      2.501403570175171,
      3.170114517211914,
      3.019481658935547,
      3.55312442779541,
      3.654191732406616,
      2.383173704147339,
      2.3167431354522705,
      1.2317579984664917,
      1.124471664428711,
      0.35136473178863525,
      0.4140232801437378
    ],
    [
      1.9561742544174194,
      1.4146548509597778,
      1.4570425748825073,
      1.3251303434371948,
      2.27401065826416,
      1.9745824337005615,
      2.7782552242279053,
      2.725813865661621,
      3.3726956844329834,
      3.2179360389709473,
      3.9306788444519043,
      4.0596418380737305,
      2.676523208618164,
      2.575369119644165,
      1.441140055656433,
      1.315017580986023,
      0.4140232801437378,
      0.49591341614723206
    ]
  ],
  "covariance_short": [
    [
      61.62782287597656,
      26.712833404541016,
      41.274070739746094,
      44.76454162597656,
      33.63997268676758,
      28.969226837158203,
      39.720523834228516,
      38.59853744506836,
      47.173492431640625,
      44.63642883300781,
      40.42631149291992,
      39.66206741333008,
      20.7502498626709,
      21.649566650390625,
      4.9665937423706055,
      4.5939764976501465,
      1.172709584236145,
      1.176669955253601
    ],
    [
      26.712833404541016,
      19.648122787475586,
      22.633398056030273,
      20.530494689941406,
      19.9195499420166,
      17.625680923461914,
      24.734485626220703,
      24.70740509033203,
      29.816246032714844,
      28.386974334716797,
      26.30721664428711,
      26.25235939025879,
      13.428571701049805,
      13.927105903625488,
      3.1598563194274902,
      2.923485040664673,
      0.7248404026031494,
      0.7358250021934509
    ],
    [
      41.274070739746094,
      22.633398056030273,
      100.3530502319336,
      85.1944580078125,
      52.825286865234375,
      48.343013763427734,
      52.421775817871094,
      52.16876220703125,
      62.980506896972656,
      61.46003341674805,
      54.26851272583008,
      52.59087371826172,
      25.979084014892578,
      26.611005783081055,
      5.5126495361328125,
      4.964319705963135,
      1.1372524499893188,
      1.1035559177398682
    ],
    [
      44.76454162597656,
      20.530494689941406,
      85.1944580078125,
      103.86627960205078,
      52.44209671020508,
      48.60094451904297,
      49.35585403442383,
      48.821407318115234,
      61.620880126953125,
      61.465057373046875,
      50.90644454956055,
      50.5720100402832,
      23.200672149658203,
      23.820531845092773,
      4.902989864349365,
      4.432839870452881,
      1.051225185394287,
      1.0154497623443604
    ],
    [
      33.63997268676758,
      19.9195499420166,
      52.825286865234375,
      52.44209671020508,
      84.14948272705078,
      68.11595153808594,
      68.04217529296875,
      70.21673583984375,
      85.7879867553711,
      80.60295104980469,
      69.76930236816406,
      69.28184509277344,
      30.339136123657227,
      31.227161407470703,
      7.14601993560791,
      6.512437343597412,
      1.5985445976257324,
      1.5918117761611938
    ],
    [
      28.969226837158203,
      17.625680923461914,
      48.343013763427734,
      48.60094451904297,
      68.11595153808594,
      67.34080505371094,
      61.17596435546875,
      62.9356803894043,
      79.69513702392578,
      74.91761779785156,
      62.9259147644043,
      62.63703155517578,
      27.470508575439453,
      28.4915714263916,
      6.105190753936768,
      5.52542781829834,
      1.347076416015625,
      1.3341138362884521
    ],
    [
      39.720523834228516,
      24.734485626220703,
      52.421775817871094,
      49.35585403442383,
      68.04217529296875,
      61.17596435546875,
      97.20706176757812,
      90.69356536865234,
      102.12574005126953,
      94.4467544555664,
      82.44320678710938,
      81.28121185302734,
      38.20120620727539,
      40.13505172729492,
      9.026744842529297,
      8.256690979003906,
      2.0095486640930176,
      2.014960765838623
    ],
    [
      38.59853744506836,
      24.70740509033203,
      52.16876220703125,
      48.821407318115234,
      70.21673583984375,
      62.9356803894043,
      90.69356536865234,
      96.5879135131836,
      102.7700424194336,
      96.2469482421875,
      83.21839904785156,
      82.39944458007812,
      37.61575698852539,
      39.32392501831055,
      8.674032211303711,
      7.90057897567749,
      1.938024640083313,
      1.9404834508895874
    ],
    [
      47.173492431640625,
      29.816246032714844,
      62.980506896972656,
      61.620880126953125,
      85.7879867553711,
      79.69513702392578,
      102.12574005126953,
      102.7700424194336,
      157.92776489257812,
      144.7593231201172,
      111.97819519042969,
      112.84842681884766,
      49.166839599609375,
      52.09575653076172,
      11.217556953430176,
      10.224184036254883,
      2.6718738079071045,
      2.62158203125
    ],
    [
      44.63642883300781,
      28.386974334716797,
      61.46003341674805,
      61.465057373046875,
      80.60295104980469,
      74.91761779785156,
      94.4467544555664,
      96.2469482421875,
      144.7593231201172,
      141.44595336914062,
      106.07035827636719,
      107.07588958740234,
      46.20137023925781,
      48.68010330200195,
      10.446255683898926,
      9.465063095092773,
      2.472330331802368,
      2.438685655593872
    ],
    [
      40.42631149291992,
      26.30721664428711,
      54.26851272583008,
      50.90644454956055,
      69.76930236816406,
      62.9259147644043,
      82.44320678710938,
      83.21839904785156,
      111.97819519042969,
      106.07035827636719,
      106.9158706665039,
      103.84911346435547,
      48.77568054199219,
      50.510066986083984,
      11.623037338256836,
      10.656389236450195,
      2.681725025177002,
      2.7079033851623535
    ],
    [
      39.66206741333008,
      26.25235939025879,
      52.59087371826172,
      50.5720100402832,
      69.28184509277344,
      62.63703155517578,
      81.28121185302734,
      82.39944458007812,
      112.84842681884766,
      107.07588958740234,
      103.84911346435547,
      106.3532943725586,
      47.73658752441406,
      49.3792724609375,
      11.573071479797363,
      10.615918159484863,
      2.7138702869415283,
      2.7488226890563965
    ],
    [
      20.7502498626709,
      13.428571701049805,
      25.979084014892578,
      23.200672149658203,
      30.339136123657227,
      27.470508575439453,
      38.20120620727539,
      37.61575698852539,
      49.166839599609375,
      46.20137023925781,
      48.77568054199219,
      47.73658752441406,
      29.95930290222168,
      30.441707611083984,
      7.9185471534729,
      7.29653787612915,
      1.75954008102417,
      1.8058298826217651
    ],
    [
      21.649566650390625,
      13.927105903625488,
      26.611005783081055,
      23.820531845092773,
      31.227161407470703,
      28.4915714263916,
      40.13505172729492,
      39.32392501831055,
      52.09575653076172,
      48.68010330200195,
      50.510066986083984,
      49.3792724609375,
      30.441707611083984,
      32.13776779174805,
      7.9994215965271,
      7.350420951843262,
      1.762145757675171,
      1.7983357906341553
    ],
    [
      4.9665937423706055,
      3.1598563194274902,
      5.5126495361328125,
      4.902989864349365,
      7.14601993560791,
      6.105190753936768,
      9.026744842529297,
      8.674032211303711,
      11.217556953430176,
      10.446255683898926,
      11.623037338256836,
      11.573071479797363,
      7.9185471534729,
      7.9994215965271,
      3.667116403579712,
      3.3310446739196777,
      0.8817703723907471,
      0.945750892162323
    ],
    [
      4.5939764976501465,
      2.923485040664673,
      4.964319705963135,
      4.432839870452881,
      6.512437343597412,
      5.52542781829834,
      8.256690979003906,
      7.90057897567749,
      10.224184036254883,
      9.465063095092773,
      10.656389236450195,
      10.615918159484863,
      7.29653787612915,
      7.350420951843262,
      3.3310446739196777,
      3.171820640563965,
      0.8245638608932495,
      0.8854888677597046
    ],
    [
      1.172709584236145,
      0.7248404026031494,
      1.1372524499893188,
      1.051225185394287,
      1.5985445976257324,
      1.347076416015625,
      2.0095486640930176,
      1.938024640083313,
      2.6718738079071045,
      2.472330331802368,
      2.681725025177002,
      2.7138702869415283,
      1.75954008102417,
      1.762145757675171,
      0.8817703723907471,
      0.8245638608932495,
      0.31235527992248535,
      0.3333257734775543
    ],
    [
      1.176669955253601,
      0.7358250021934509,
      1.1035559177398682,
      1.0154497623443604,
      1.5918117761611938,
      1.3341138362884521,
      2.014960765838623,
      1.9404834508895874,
      2.62158203125,
      2.438685655593872,
      2.7079033851623535,
      2.7488226890563965,
      1.8058298826217651,
      1.7983357906341553,
      0.945750892162323,
      0.8854888677597046,
      0.3333257734775543,
      0.3734779953956604
    ]
  ],
  "drr": 8.727424621582031,
  "dynamics": 6.94167947769165,
  "format": 1245190,
  "frames": 9117696,
  "loudness": -28.36704444885254,
  "loudness_range": 23.322551727294922,
  "loudness_range_short": 24.485809326171875,
  "peak": -0.9196738004684448,
  "rms": -26.551849365234375,
  "sample_rate": 44100,
  "sections": 1,
  "seekable": 1,
  "sharpness": 3.5034351348876953,
  "space": -6.828719139099121
}