{
  "bands": [
    {
      "high_freq": 148.1999969482422,
      "loudness": -15.5603666305542,
      "loudness_range": 17.905839920043945,
      "mid_mean": -12.395940780639648,
      "mid_to_side_loudness": -17.785362243652344,
      "mid_to_side_loudness_range": 28.685260772705078,
      "side_mean": -30.118453979492188
    },
    {
      "high_freq": 392.3793640136719,
      "loudness": -17.69462776184082,
      "loudness_range": 8.334485054016113,
      "low_freq": 148.1999969482422,
      "mid_mean": -14.615781784057617,
      "mid_to_side_loudness": -10.266090393066406,
      "mid_to_side_loudness_range": 12.240629196166992,
      "side_mean": -24.723888397216797
    },
    {
      "high_freq": 794.6976318359375,
      "loudness": -19.000709533691406,
      "loudness_range": 13.677454948425293,
      "low_freq": 392.3793640136719,
      "mid_mean": -16.287269592285156,
      "mid_to_side_loudness": -8.124724388122559,
      "mid_to_side_loudness_range": 12.665876388549805,
      "side_mean": -23.5632266998291
    },
    {
      "high_freq": 1457.5709228515625,
      "loudness": -20.414535522460938,
      "loudness_range": 17.265207290649414,
      "low_freq": 794.6976318359375,
      "mid_mean": -18.1036434173584,
      "mid_to_side_loudness": -7.408548831939697,
      "mid_to_side_loudness_range": 12.422867774963379,
      "side_mean": -24.21674156188965
    },
    {
      "high_freq": 2549.74365234375,
      "loudness": -21.79404067993164,
      "loudness_range": 18.942237854003906,
      "low_freq": 1457.5709228515625,
      "mid_mean": -19.484079360961914,
      "mid_to_side_loudness": -7.152032375335693,
      "mid_to_side_loudness_range": 11.01456069946289,
      "side_mean": -25.285137176513672
    },
    {
      "high_freq": 4349.24462890625,
      "loudness": -24.292142868041992,
      "loudness_range": 16.403076171875,
      "low_freq": 2549.74365234375,
      "mid_mean": -22.294546127319336,
      "mid_to_side_loudness": -7.074912071228027,
      "mid_to_side_loudness_range": 12.046393394470215,
      "side_mean": -28.110088348388672
    },
    {
      "high_freq": 7314.1640625,
      "loudness": -29.031740188598633,
      "loudness_range": 16.683006286621094,
      "low_freq": 4349.24462890625,
      "mid_mean": -27.37302017211914,
      "mid_to_side_loudness": -4.739503860473633,
      "mid_to_side_loudness_range": 9.597164154052734,
      "side_mean": -30.452688217163086
    },
    {
      "high_freq": 12199.2666015625,
      "loudness": -33.04278564453125,
      "loudness_range": 17.426645278930664,
      "low_freq": 7314.1640625,
      "mid_mean": -31.80095100402832,
      "mid_to_side_loudness": -4.274441719055176,
      "mid_to_side_loudness_range": 9.98967170715332,
      "side_mean": -34.30290222167969
    },
    {
      "loudness": -43.548194885253906,
      "loudness_range": 19.99881362915039,
      "low_freq": 12199.2666015625,
      "mid_mean": -42.707054138183594,
      "mid_to_side_loudness": -3.9159843921661377,
      "mid_to_side_loudness_range": 9.140596389770508,
      "side_mean": -44.969383239746094
    }
  ],
  "bands_short": [
    {
      "high_freq": 148.1999969482422,
      "loudness": -16.354759216308594,
      "loudness_range": 18.89849090576172,
      "mid_mean": -13.463757514953613,
      "mid_to_side_loudness": -17.71680450439453,
      "mid_to_side_loudness_range": 30.313343048095703,
      "side_mean": -32.92216110229492
    },
    {
      "high_freq": 392.3793640136719,
      "loudness": -17.389991760253906,
      "loudness_range": 11.848723411560059,
      "low_freq": 148.1999969482422,
      "mid_mean": -14.336991310119629,
      "mid_to_side_loudness": -10.918866157531738,
      "mid_to_side_loudness_range": 16.44749641418457,
      "side_mean": -24.937198638916016
    },
    {
      "high_freq": 794.6976318359375,
      "loudness": -19.835519790649414,
      "loudness_range": 16.212745666503906,
      "low_freq": 392.3793640136719,
      "mid_mean": -17.32575798034668,
      "mid_to_side_loudness": -8.037723541259766,
      "mid_to_side_loudness_range": 17.1506404876709,
      "side_mean": -24.48781967163086
    },
    {
      "high_freq": 1457.5709228515625,
      "loudness": -20.779991149902344,
      "loudness_range": 19.954315185546875,
      "low_freq": 794.6976318359375,
      "mid_mean": -18.652488708496094,
      "mid_to_side_loudness": -7.142920017242432,
      "mid_to_side_loudness_range": 16.036779403686523,
      "side_mean": -24.505502700805664
    },
    {
      "high_freq": 2549.74365234375,
      "loudness": -22.617769241333008,
      "loudness_range": 22.017898559570312,
      "low_freq": 1457.5709228515625,
      "mid_mean": -20.499130249023438,
      "mid_to_side_loudness": -7.212950706481934,
      "mid_to_side_loudness_range": 14.101412773132324,
      "side_mean": -26.390674591064453
    },
    {
      "high_freq": 4349.24462890625,
      "loudness": -25.182716369628906,
      "loudness_range": 20.517745971679688,
      "low_freq": 2549.74365234375,
      "mid_mean": -23.180295944213867,
      "mid_to_side_loudness": -7.3087029457092285,
      "mid_to_side_loudness_range": 14.907689094543457,
      "side_mean": -29.236879348754883
    },
    {
      "high_freq": 7314.1640625,
      "loudness": -29.917545318603516,
      "loudness_range": 21.495603561401367,
      "low_freq": 4349.24462890625,
      "mid_mean": -28.34682273864746,
      "mid_to_side_loudness": -5.0913214683532715,
      "mid_to_side_loudness_range": 12.019675254821777,
      "side_mean": -31.7700138092041
    },
    {
      "high_freq": 12199.2666015625,
      "loudness": -34.3859748840332,
      "loudness_range": 20.76837158203125,
      "low_freq": 7314.1640625,
      "mid_mean": -33.11943817138672,
      "mid_to_side_loudness": -4.520178318023682,
      "mid_to_side_loudness_range": 11.886688232421875,
      "side_mean": -35.973243713378906
    },
    {
      "loudness": -45.300804138183594,
      "loudness_range": 24.43148422241211,
      "low_freq": 12199.2666015625,
      "mid_mean": -44.472381591796875,
      "mid_to_side_loudness": -4.002506256103516,
      "mid_to_side_loudness_range": 10.297204971313477,
      "side_mean": -49.78611755371094
    }
  ],
  "channels": 2,
  "covariance": [
    [
      66.09791564941406,
      23.20297622680664,
      5.507787704467773,
      0.21328498423099518,
      -0.9918166399002075,
      -4.877788543701172,
      2.502746343612671,
      1.055338978767395,
      2.549513339996338,
      0.9438132047653198,
      3.8393805027008057,
      3.8871920108795166,
      3.8085787296295166,
      5.870201587677002,
      6.977305889129639,
      13.049568176269531,
      15.879180908203125,
      21.53466033935547
    ],
    [
      23.20297622680664,
      87.87831115722656,
      8.071495056152344,
      18.1010799407959,
      0.49941515922546387,
      -3.0973927974700928,
      -0.2862488329410553,
      -2.710038900375366,
      -4.559465408325195,
      -1.2540018558502197,
      -5.076822757720947,
      5.039327144622803,
      2.579712390899658,
      10.385786056518555,
      -3.0361568927764893,
      6.546840667724609,
      -4.7695159912109375,
      4.074090003967285
    ],
    [
      5.507787704467773,
      8.071495056152344,
      14.609151840209961,
      9.125605583190918,
      5.718071460723877,
      9.619431495666504,
      6.064640522003174,
      6.601426601409912,
      5.712940692901611,
      4.607934474945068,
      7.036124229431152,
      5.567201137542725,
      6.326254844665527,
      5.430478096008301,
      5.207083702087402,
      5.120182514190674,
      8.195796966552734,
      7.874954700469971
    ],
    [
      0.21328498423099518,
      18.1010799407959,
      9.125605583190918,
      40.6307373046875,
      13.708868026733398,
      16.797386169433594,
      16.086633682250977,
      12.082934379577637,
      14.569281578063965,
      12.099422454833984,
      15.918858528137207,
      15.01784610748291,
      18.75296974182129,
      13.12487506866455,
      15.188754081726074,
      10.459367752075195,
      16.880369186401367,
      11.6546630859375
    ],
    [
      -0.9918166399002075,
      0.49941515922546387,
      5.718071460723877,
      13.708868026733398,
      26.642160415649414,
      18.5593318939209,
      23.28580665588379,
      16.870588302612305,
      21.00806999206543,
      17.050329208374023,
      17.46929168701172,
      16.471755981445312,
      17.462282180786133,
      14.830914497375488,
      14.900341033935547,
      11.671704292297363,
      16.3444766998291,
      13.332822799682617
    ],
    [
      -4.877788543701172,
      -3.0973927974700928,
      9.619431495666504,
      16.797386169433594,
      18.5593318939209,
      42.16062927246094,
      21.760482788085938,
      30.74909210205078,
      21.41741943359375,
      27.174945831298828,
      21.799793243408203,
      25.1026611328125,
      20.47209930419922,
      19.010684967041016,
      18.323383331298828,
      17.81012535095215,
      21.449947357177734,
      20.054636001586914
    ],
    [
      2.502746343612671,
      -0.2862488329410553,
      6.064640522003174,
      16.086633682250977,
      23.28580665588379,
      21.760482788085938,
      48.2831916809082,
      34.680206298828125,
      32.998382568359375,
      30.431501388549805,
      31.665739059448242,
      29.449806213378906,
      30.358806610107422,
      26.61180877685547,
      26.69036293029785,
      21.13486099243164,
      30.14716148376465,
      24.515893936157227
    ],
    [
      1.055338978767395,
      -2.710038900375366,
      6.601426601409912,
      12.082934379577637,
      16.870588302612305,
      30.74909210205078,
      34.680206298828125,
      49.605167388916016,
      27.8289794921875,
      36.31619644165039,
      30.549442291259766,
      35.31264114379883,
      24.736831665039062,
      26.749975204467773,
      25.85553741455078,
      25.002527236938477,
      27.875627517700195,
      31.130474090576172
    ],
    [
      2.549513339996338,
      -4.559465408325195,
      5.712940692901611,
      14.569281578063965,
      21.00806999206543,
      21.41741943359375,
      32.998382568359375,
      27.8289794921875,
      55.8397102355957,
      42.22211456298828,
      42.860660552978516,
      36.51169204711914,
      37.902252197265625,
      35.51905822753906,
      36.904701232910156,
      29.52944564819336,
      37.51618194580078,
      31.18299674987793
    ],
    [
      0.9438132047653198,
      -1.2540018558502197,
      4.607934474945068,
      12.099422454833984,
      17.050329208374023,
      27.174945831298828,
      30.431501388549805,
      36.31619644165039,
      42.22211456298828,
      56.91597366333008,
      35.27003479003906,
      45.941673278808594,
      32.83530044555664,
      38.58100891113281,
      32.0299186706543,
      33.91749572753906,
      31.55791664123535,
      35.27166748046875
    ],
    [
      3.8393805027008057,
      -5.076822757720947,
      7.036124229431152,
      15.918858528137207,
      17.46929168701172,
      21.799793243408203,
      31.665739059448242,
      30.549442291259766,
      42.860660552978516,
      35.27003479003906,
      51.77602767944336,
      41.53507995605469,
      37.12480926513672,
      35.352176666259766,
      38.291080474853516,
      30.990846633911133,
      38.484039306640625,
      34.32760238647461
    ],
    [
      3.8871920108795166,
      5.039327144622803,
      5.567201137542725,
      15.01784610748291,
      16.471755981445312,
      25.1026611328125,
      29.449806213378906,
      35.31264114379883,
      36.51169204711914,
      45.941673278808594,
      41.53507995605469,
      58.8358268737793,
      34.41584014892578,
      45.5218620300293,
      34.47175979614258,
      41.1242790222168,
      33.407806396484375,
      40.444034576416016
    ],
    [
      3.8085787296295166,
      2.579712390899658,
      6.326254844665527,
      18.75296974182129,
      17.462282180786133,
      20.47209930419922,
      30.358806610107422,
      24.736831665039062,
      37.902252197265625,
      32.83530044555664,
      37.12480926513672,
      34.41584014892578,
      50.7308235168457,
      37.771270751953125,
      44.1413688659668,
      31.982954025268555,
      43.035308837890625,
      34.35698318481445
    ],
    [
      5.870201587677002,
      10.385786056518555,
      5.430478096008301,
      13.12487506866455,
      14.830914497375488,
      19.010684967041016,
      26.61180877685547,
      26.749975204467773,
      35.51905822753906,
      38.58100891113281,
      35.352176666259766,
      45.5218620300293,
      37.771270751953125,
      53.42608642578125,
      37.03186798095703,
      43.50096893310547,
      33.891441345214844,
      40.95811080932617
    ],
    [
      6.977305889129639,
      -3.0361568927764893,
      5.207083702087402,
      15.188754081726074,
      14.900341033935547,
      18.323383331298828,
      26.69036293029785,
      25.85553741455078,
      36.904701232910156,
      32.0299186706543,
      38.291080474853516,
      34.47175979614258,
      44.1413688659668,
      37.03186798095703,
      56.46474075317383,
      38.65119552612305,
      51.19308090209961,
      42.675018310546875
    ],
    [
      13.049568176269531,
      6.546840667724609,
      5.120182514190674,
      10.459367752075195,
      11.671704292297363,
      17.81012535095215,
      21.13486099243164,
      25.002527236938477,
      29.52944564819336,
      33.91749572753906,
      30.990846633911133,
      41.1242790222168,
      31.982954025268555,
      43.50096893310547,
      38.65119552612305,
      52.293338775634766,
      38.21747970581055,
      46.988739013671875
    ],
    [
      15.879180908203125,
      -4.7695159912109375,
      8.195796966552734,
      16.880369186401367,
      16.3444766998291,
      21.449947357177734,
      30.14716148376465,
      27.875627517700195,
      37.51618194580078,
      31.55791664123535,
      38.484039306640625,
      33.407806396484375,
      43.035308837890625,
      33.891441345214844,
      51.19308090209961,
      38.21747970581055,
      63.59008026123047,
      49.320926666259766
    ],
    [
      21.53466033935547,
      4.074090003967285,
      7.874954700469971,
      11.6546630859375,
      13.332822799682617,
      20.054636001586914,
      24.515893936157227,
      31.130474090576172,
      31.18299674987793,
      35.27166748046875,
      34.32760238647461,
      40.444034576416016,
      34.35698318481445,
      40.95811080932617,
      42.675018310546875,
      46.988739013671875,
      49.320926666259766,
      63.008426666259766
    ]
  ],
  "covariance_short": [
    [
      68.915283203125,
      23.49069595336914,
      8.418624877929688,
      1.5982390642166138,
      -6.5455169677734375,
      -7.869316577911377,
      -4.9190993309021,
      -2.554536819458008,
      -3.2025012969970703,
      -3.120194673538208,
      -2.5061607360839844,
      -0.6812070608139038,
      -0.24413590133190155,
      0.4942607879638672,
      3.9725699424743652,
      8.314083099365234,
      12.166485786437988,
      20.70189666748047
    ],
    [
      23.49069595336914,
      112.10152435302734,
      10.935799598693848,
      28.074874877929688,
      4.421689510345459,
      -1.7975878715515137,
      2.437227487564087,
      -4.780101299285889,
      -3.361737012863159,
      0.1746550351381302,
      -6.207849979400635,
      6.056394100189209,
      0.5488759279251099,
      12.316854476928711,
      -7.071117877960205,
      4.87209415435791,
      -8.901090621948242,
      6.28952693939209
    ],
    [
      8.418624877929688,
      10.935799598693848,
      21.595870971679688,
      10.483591079711914,
      5.684298038482666,
      8.801563262939453,
      6.267716407775879,
      5.230712890625,
      6.397619247436523,
      5.566920757293701,
      7.635953426361084,
      6.7495551109313965,
      8.447484970092773,
      7.219788551330566,
      7.544129371643066,
      7.524073123931885,
      11.33698844909668,
      16.778282165527344
    ],
    [
      1.5982390642166138,
      28.074874877929688,
      10.483591079711914,
      47.129852294921875,
      14.929357528686523,
      16.687538146972656,
      14.753216743469238,
      10.29703140258789,
      12.678252220153809,
      11.805039405822754,
      13.203346252441406,
      14.720919609069824,
      17.417743682861328,
      14.219574928283691,
      12.948587417602539,
      11.082072257995605,
      14.940356254577637,
      26.401399612426758
    ],
    [
      -6.5455169677734375,
      4.421689510345459,
      5.684298038482666,
      14.929357528686523,
      38.40533447265625,
      21.855758666992188,
      28.774229049682617,
      19.843101501464844,
      25.73039436340332,
      22.315475463867188,
      22.282527923583984,
      22.415590286254883,
      22.270479202270508,
      20.397499084472656,
      18.625593185424805,
      16.253612518310547,
      19.272735595703125,
      26.402999877929688
    ],
    [
      -7.869316577911377,
      -1.7975878715515137,
      8.801563262939453,
      16.687538146972656,
      21.855758666992188,
      49.09703826904297,
      23.812358856201172,
      32.28937911987305,
      24.606258392333984,
      30.80167579650879,
      24.81083106994629,
      28.917667388916016,
      23.07579803466797,
      22.544313430786133,
      21.525026321411133,
      21.008705139160156,
      24.054903030395508,
      28.84318733215332
    ],
    [
      -4.9190993309021,
      2.437227487564087,
      6.267716407775879,
      14.753216743469238,
      28.774229049682617,
      23.812358856201172,
      58.896087646484375,
      39.819679260253906,
      42.037288665771484,
      39.270023345947266,
      39.40190505981445,
      38.80824661254883,
      38.17061233520508,
      37.2188720703125,
      33.85771560668945,
      31.06334114074707,
      35.5083122253418,
      44.541587829589844
    ],
    [
      -2.554536819458008,
      -4.780101299285889,
      5.230712890625,
      10.29703140258789,
      19.843101501464844,
      32.28937911987305,
      39.819679260253906,
      57.28679275512695,
      31.78683090209961,
      41.24613571166992,
      34.407920837402344,
      39.82950973510742,
      29.369054794311523,
      32.06071472167969,
      31.035188674926758,
      31.531274795532227,
      33.30955505371094,
      38.950374603271484
    ],
    [
      -3.2025012969970703,
      -3.361737012863159,
      6.397619247436523,
      12.678252220153809,
      25.73039436340332,
      24.606258392333984,
      42.037288665771484,
      31.78683090209961,
      70.7464370727539,
      54.715492248535156,
      53.90853500366211,
      48.23036193847656,
      48.254703521728516,
      47.17704772949219,
      45.2426643371582,
      38.98703384399414,
      43.8809928894043,
      49.36888122558594
    ],
    [
      -3.120194673538208,
      0.1746550351381302,
      5.566920757293701,
      11.805039405822754,
      22.315475463867188,
      30.80167579650879,
      39.270023345947266,
      41.24613571166992,
      54.715492248535156,
      73.15275573730469,
      45.546241760253906,
      60.33531188964844,
      42.30180740356445,
      52.70130157470703,
      38.651432037353516,
      45.27604293823242,
      39.42018127441406,
      47.97001266479492
    ],
    [
      -2.5061607360839844,
      -6.207849979400635,
      7.635953426361084,
      13.203346252441406,
      22.282527923583984,
      24.81083106994629,
      39.40190505981445,
      34.407920837402344,
      53.90853500366211,
      45.546241760253906,
      66.27656555175781,
      53.49955368041992,
      49.624053955078125,
      47.54216003417969,
      48.303466796875,
      41.76838302612305,
      46.52445602416992,
      50.26042938232422
    ],
    [
      -0.6812070608139038,
      6.056394100189209,
      6.7495551109313965,
      14.720919609069824,
      22.415590286254883,
      28.917667388916016,
      38.80824661254883,
      39.82950973510742,
      48.23036193847656,
      60.33531188964844,
      53.49955368041992,
      75.4224853515625,
      47.181922912597656,
      61.84169006347656,
      43.72444152832031,
      53.64785385131836,
      42.57472229003906,
      53.56052780151367
    ],
    [
      -0.24413590133190155,
      0.5488759279251099,
      8.447484970092773,
      17.417743682861328,
      22.270479202270508,
      23.07579803466797,
      38.17061233520508,
      29.369054794311523,
      48.254703521728516,
      42.30180740356445,
      49.624053955078125,
      47.181922912597656,
      64.92644500732422,
      53.70873260498047,
      56.32707977294922,
      45.48357009887695,
      54.41259765625,
      60.21828079223633
    ],
    [
      0.4942607879638672,
      12.316854476928711,
      7.219788551330566,
      14.219574928283691,
      20.397499084472656,
      22.544313430786133,
      37.2188720703125,
      32.06071472167969,
      47.17704772949219,
      52.70130157470703,
      47.54216003417969,
      61.84169006347656,
      53.70873260498047,
      75.39348602294922,
      48.53143310546875,
      60.817237854003906,
      45.88205337524414,
      57.53801345825195
    ],
    [
      3.9725699424743652,
      -7.071117877960205,
      7.544129371643066,
      12.948587417602539,
      18.625593185424805,
      21.525026321411133,
      33.85771560668945,
      31.035188674926758,
      45.2426643371582,
      38.651432037353516,
      48.303466796875,
      43.72444152832031,
      56.32707977294922,
      48.53143310546875,
      69.86305236816406,
      53.19437789916992,
      64.67305755615234,
      67.0105209350586
    ],
    [
      8.314083099365234,
      4.87209415435791,
      7.524073123931885,
      11.082072257995605,
      16.253612518310547,
      21.008705139160156,
      31.06334114074707,
      31.531274795532227,
      38.98703384399414,
      45.27604293823242,
      41.76838302612305,
      53.64785385131836,
      45.48357009887695,
      60.817237854003906,
      53.19437789916992,
      71.82630920410156,
      53.885990142822266,
      66.02278900146484
    ],
    [
      12.166485786437988,
      -8.901090621948242,
      11.33698844909668,
      14.940356254577637,
      19.272735595703125,
      24.054903030395508,
      35.5083122253418,
      33.30955505371094,
      43.8809928894043,
      39.42018127441406,
      46.52445602416992,
      42.57472229003906,
      54.41259765625,
      45.88205337524414,
      64.67305755615234,
      53.885990142822266,
      78.5151138305664,
      78.89693450927734
    ],
    [
      20.70189666748047,
      6.28952693939209,
      16.778282165527344,
      26.401399612426758,
      26.402999877929688,
      28.84318733215332,
      44.541587829589844,
      38.950374603271484,
      49.36888122558594,
      47.97001266479492,
      50.26042938232422,
      53.56052780151367,
      60.21828079223633,
      57.53801345825195,
      67.0105209350586,
      66.02278900146484,
      78.89693450927734,
      125.36331176757812
    ]
  ],
  "drr": 16.94385528564453,
  "dynamics": 3.363396644592285,
  "format": 1245190,
  "frames": 11319296,
  "loudness": -6.471705436706543,
  "loudness_range": 9.866823196411133,
  "loudness_range_short": 10.105401992797852,
  "peak": 1.2916959524154663,
  "rms": -7.161207675933838,
  "sample_rate": 44100,
  "sections": 1,
  "seekable": 1,
  "sharpness": 1.8304613828659058,
  "space": -9.309581756591797
}