{
  "bands": [
    {
      "high_freq": 148.1999969482422,
      "loudness": -16.7098388671875,
      "loudness_range": 5.77595329284668,
      "mid_mean": -13.194690704345703,
      "mid_to_side_loudness": -13.035116195678711,
      "mid_to_side_loudness_range": 13.988885879516602,
      "side_mean": -26.953542709350586
    },
    {
      "high_freq": 392.3793640136719,
      "loudness": -19.476200103759766,
      "loudness_range": 6.238811492919922,
      "low_freq": 148.1999969482422,
      "mid_mean": -16.799650192260742,
      "mid_to_side_loudness": -6.320356845855713,
      "mid_to_side_loudness_range": 8.161259651184082,
      "side_mean": -23.407119750976562
    },
    {
      "high_freq": 794.6976318359375,
      "loudness": -22.338497161865234,
      "loudness_range": 7.684532165527344,
      "low_freq": 392.3793640136719,
      "mid_mean": -19.606678009033203,
      "mid_to_side_loudness": -6.572818756103516,
      "mid_to_side_loudness_range": 7.494057655334473,
      "side_mean": -26.230457305908203
    },
    {
      "high_freq": 1457.5709228515625,
      "loudness": -22.191341400146484,
      "loudness_range": 11.974752426147461,
      "low_freq": 794.6976318359375,
      "mid_mean": -19.426973342895508,
      "mid_to_side_loudness": -6.974511623382568,
      "mid_to_side_loudness_range": 9.306110382080078,
      "side_mean": -26.469703674316406
    },
    {
      "high_freq": 2549.74365234375,
      "loudness": -20.636749267578125,
      "loudness_range": 10.487967491149902,
      "low_freq": 1457.5709228515625,
      "mid_mean": -18.151357650756836,
      "mid_to_side_loudness": -5.636869430541992,
      "mid_to_side_loudness_range": 8.683496475219727,
      "side_mean": -23.88549041748047
    },
    {
      "high_freq": 4349.24462890625,
      "loudness": -21.932785034179688,
      "loudness_range": 11.017845153808594,
      "low_freq": 2549.74365234375,
      "mid_mean": -19.785520553588867,
      "mid_to_side_loudness": -4.373117923736572,
      "mid_to_side_loudness_range": 7.931280136108398,
      "side_mean": -23.954591751098633
    },
    {
      "high_freq": 7314.1640625,
      "loudness": -27.06795310974121,
      "loudness_range": 8.85481071472168,
      "low_freq": 4349.24462890625,
      "mid_mean": -24.463274002075195,
      "mid_to_side_loudness": -6.423993110656738,
      "mid_to_side_loudness_range": 8.490015983581543,
      "side_mean": -30.703655242919922
    },
    {
      "high_freq": 12199.2666015625,
      "loudness": -32.81610107421875,
      "loudness_range": 11.909666061401367,
      "low_freq": 7314.1640625,
      "mid_mean": -30.232379913330078,
      "mid_to_side_loudness": -6.565107345581055,
      "mid_to_side_loudness_range": 9.601946830749512,
      "side_mean": -36.56793212890625
    },
    {
      "loudness": -40.55866241455078,
      "loudness_range": 16.468358993530273,
      "low_freq": 12199.2666015625,
      "mid_mean": -38.91889953613281,
      "mid_to_side_loudness": -4.160855293273926,
      "mid_to_side_loudness_range": 5.682409286499023,
      "side_mean": -42.03096008300781
    }
  ],
  "bands_short": [
    {
      "high_freq": 148.1999969482422,
      "loudness": -18.56746482849121,
      "loudness_range": 12.104668617248535,
      "mid_mean": -15.20690631866455,
      "mid_to_side_loudness": -14.281561851501465,
      "mid_to_side_loudness_range": 21.35474395751953,
      "side_mean": -30.51729393005371
    },
    {
      "high_freq": 392.3793640136719,
      "loudness": -18.594982147216797,
      "loudness_range": 8.24573802947998,
      "low_freq": 148.1999969482422,
      "mid_mean": -15.935845375061035,
      "mid_to_side_loudness": -6.890372276306152,
      "mid_to_side_loudness_range": 11.52934741973877,
      "side_mean": -23.05893898010254
    },
    {
      "high_freq": 794.6976318359375,
      "loudness": -22.877973556518555,
      "loudness_range": 10.762102127075195,
      "low_freq": 392.3793640136719,
      "mid_mean": -20.37449836730957,
      "mid_to_side_loudness": -5.997125625610352,
      "mid_to_side_loudness_range": 10.3412446975708,
      "side_mean": -26.48764419555664
    },
    {
      "high_freq": 1457.5709228515625,
      "loudness": -22.7297306060791,
      "loudness_range": 14.573513984680176,
      "low_freq": 794.6976318359375,
      "mid_mean": -20.17304039001465,
      "mid_to_side_loudness": -6.3778977394104,
      "mid_to_side_loudness_range": 11.685185432434082,
      "side_mean": -26.675607681274414
    },
    {
      "high_freq": 2549.74365234375,
      "loudness": -21.30183982849121,
      "loudness_range": 13.422608375549316,
      "low_freq": 1457.5709228515625,
      "mid_mean": -18.94750213623047,
      "mid_to_side_loudness": -5.294081211090088,
      "mid_to_side_loudness_range": 10.122038841247559,
      "side_mean": -24.359968185424805
    },
    {
      "high_freq": 4349.24462890625,
      "loudness": -22.237560272216797,
      "loudness_range": 12.959623336791992,
      "low_freq": 2549.74365234375,
      "mid_mean": -20.173934936523438,
      "mid_to_side_loudness": -4.234428882598877,
      "mid_to_side_loudness_range": 8.633502960205078,
      "side_mean": -24.290897369384766
    },
    {
      "high_freq": 7314.1640625,
      "loudness": -27.656423568725586,
      "loudness_range": 12.682846069335938,
      "low_freq": 4349.24462890625,
      "mid_mean": -25.1709041595459,
      "mid_to_side_loudness": -5.959622383117676,
      "mid_to_side_loudness_range": 9.424871444702148,
      "side_mean": -30.99588394165039
    },
    {
      "high_freq": 12199.2666015625,
      "loudness": -34.19709396362305,
      "loudness_range": 16.35191535949707,
      "low_freq": 7314.1640625,
      "mid_mean": -31.756322860717773,
      "mid_to_side_loudness": -6.0713701248168945,
      "mid_to_side_loudness_range": 10.30842113494873,
      "side_mean": -37.67161560058594
    },
    {
      "loudness": -44.40360641479492,
      "loudness_range": 26.968778610229492,
      "low_freq": 12199.2666015625,
      "mid_mean": -42.287353515625,
      "mid_to_side_loudness": -4.340231418609619,
      "mid_to_side_loudness_range": 7.5450334548950195,
      "side_mean": -46.454952239990234
    }
  ],
  "channels": 2,
  "covariance": [
    [
      12.080066680908203,
      7.0446295738220215,
      3.5443789958953857,
      3.6136786937713623,
      2.2479989528656006,
      2.573498010635376,
      3.813451051712036,
      3.4472014904022217,
      4.165441036224365,
      5.189477920532227,
      4.597898483276367,
      5.8221259117126465,
      4.360290050506592,
      4.4794230461120605,
      3.8575713634490967,
      4.287325382232666,
      7.0701069831848145,
      5.2566986083984375
    ],
    [
      7.0446295738220215,
      26.876554489135742,
      8.38432502746582,
      10.288593292236328,
      3.6410117149353027,
      7.1180572509765625,
      8.879295349121094,
      9.350870132446289,
      9.85849666595459,
      12.819005012512207,
      10.012993812561035,
      13.545221328735352,
      8.603836059570312,
      11.8406982421875,
      8.534032821655273,
      12.638533592224121,
      16.666902542114258,
      13.184645652770996
    ],
    [
      3.5443789958953857,
      8.38432502746582,
      9.845707893371582,
      7.000949859619141,
      2.2789812088012695,
      3.4042768478393555,
      3.483342409133911,
      3.876164674758911,
      4.3249101638793945,
      5.93585729598999,
      5.603250980377197,
      6.840361595153809,
      6.0720696449279785,
      6.3587212562561035,
      5.917478561401367,
      6.258322715759277,
      10.07807445526123,
      6.722346782684326
    ],
    [
      3.6136786937713623,
      10.288593292236328,
      7.000949859619141,
      16.716670989990234,
      2.553518772125244,
      5.159458160400391,
      2.639227867126465,
      3.882504463195801,
      4.945083141326904,
      7.927304744720459,
      6.324348449707031,
      10.140470504760742,
      6.024852275848389,
      9.107905387878418,
      6.017434120178223,
      9.617616653442383,
      11.300798416137695,
      10.578839302062988
    ],
    [
      2.2479989528656006,
      3.6410117149353027,
      2.2789812088012695,
      2.553518772125244,
      14.012816429138184,
      9.42244815826416,
      9.75289249420166,
      6.220057010650635,
      8.636237144470215,
      6.856557846069336,
      9.100985527038574,
      7.170555114746094,
      8.834644317626953,
      6.650850296020508,
      8.869297981262207,
      7.416231155395508,
      8.874639511108398,
      6.942533493041992
    ],
    [
      2.573498010635376,
      7.1180572509765625,
      3.4042768478393555,
      5.159458160400391,
      9.42244815826416,
      13.539751052856445,
      7.43751859664917,
      9.01064682006836,
      9.0545654296875,
      12.708745956420898,
      10.335949897766113,
      13.376849174499512,
      8.45036506652832,
      10.304802894592285,
      6.974931240081787,
      9.60156536102295,
      9.980294227600098,
      9.236414909362793
    ],
    [
      3.813451051712036,
      8.879295349121094,
      3.483342409133911,
      2.639227867126465,
      9.75289249420166,
      7.43751859664917,
      25.314510345458984,
      14.317039489746094,
      17.064823150634766,
      12.661429405212402,
      11.981563568115234,
      10.462462425231934,
      10.883109092712402,
      8.723466873168945,
      10.729681015014648,
      9.532116889953613,
      13.966070175170898,
      9.9475679397583
    ],
    [
      3.4472014904022217,
      9.350870132446289,
      3.876164674758911,
      3.882504463195801,
      6.220057010650635,
      9.01064682006836,
      14.317039489746094,
      16.34111785888672,
      13.01401424407959,
      16.428274154663086,
      11.870925903320312,
      15.201480865478516,
      8.721920013427734,
      10.539253234863281,
      6.968513011932373,
      9.107767105102539,
      12.02747631072998,
      9.062746047973633
    ],
    [
      4.165441036224365,
      9.85849666595459,
      4.3249101638793945,
      4.945083141326904,
      8.636237144470215,
      9.0545654296875,
      17.064823150634766,
      13.01401424407959,
      20.545333862304688,
      17.207487106323242,
      15.11147689819336,
      16.571157455444336,
      12.825276374816895,
      12.925237655639648,
      11.495272636413574,
      11.924661636352539,
      14.750503540039062,
      12.282075881958008
    ],
    [
      5.189477920532227,
      12.819005012512207,
      5.93585729598999,
      7.927304744720459,
      6.856557846069336,
      12.708745956420898,
      12.661429405212402,
      16.428274154663086,
      17.207487106323242,
      26.131807327270508,
      17.02497673034668,
      25.40624237060547,
      12.748871803283691,
      17.634803771972656,
      10.02660083770752,
      13.756966590881348,
      16.323713302612305,
      13.196732521057129
    ],
    [
      4.597898483276367,
      10.012993812561035,
      5.603250980377197,
      6.324348449707031,
      9.100985527038574,
      10.335949897766113,
      11.981563568115234,
      11.870925903320312,
      15.11147689819336,
      17.02497673034668,
      20.64411735534668,
      22.347280502319336,
      16.665725708007812,
      17.786415100097656,
      14.399676322937012,
      15.273324966430664,
      17.119569778442383,
      14.776543617248535
    ],
    [
      5.8221259117126465,
      13.545221328735352,
      6.840361595153809,
      10.140470504760742,
      7.170555114746094,
      13.376849174499512,
      10.462462425231934,
      15.201480865478516,
      16.571157455444336,
      25.40624237060547,
      22.347280502319336,
      34.847442626953125,
      17.184144973754883,
      25.220104217529297,
      14.785689353942871,
      20.17768669128418,
      18.173402786254883,
      17.9420223236084
    ],
    [
      4.360290050506592,
      8.603836059570312,
      6.0720696449279785,
      6.024852275848389,
      8.834644317626953,
      8.45036506652832,
      10.883109092712402,
      8.721920013427734,
      12.825276374816895,
      12.748871803283691,
      16.665725708007812,
      17.184144973754883,
      21.308422088623047,
      17.94864845275879,
      20.47268295288086,
      18.002334594726562,
      20.585651397705078,
      18.105722427368164
    ],
    [
      4.4794230461120605,
      11.8406982421875,
      6.3587212562561035,
      9.107905387878418,
      6.650850296020508,
      10.304802894592285,
      8.723466873168945,
      10.539253234863281,
      12.925237655639648,
      17.634803771972656,
      17.786415100097656,
      25.220104217529297,
      17.94864845275879,
      26.205440521240234,
      17.121225357055664,
      23.670656204223633,
      20.275720596313477,
      21.70035743713379
    ],
    [
      3.8575713634490967,
      8.534032821655273,
      5.917478561401367,
      6.017434120178223,
      8.869297981262207,
      6.974931240081787,
      10.729681015014648,
      6.968513011932373,
      11.495272636413574,
      10.02660083770752,
      14.399676322937012,
      14.785689353942871,
      20.47268295288086,
      17.121225357055664,
      28.508630752563477,
      22.159727096557617,
      25.53681182861328,
      22.468212127685547
    ],
    [
      4.287325382232666,
      12.638533592224121,
      6.258322715759277,
      9.617616653442383,
      7.416231155395508,
      9.60156536102295,
      9.532116889953613,
      9.107767105102539,
      11.924661636352539,
      13.756966590881348,
      15.273324966430664,
      20.17768669128418,
      18.002334594726562,
      23.670656204223633,
      22.159727096557617,
      31.745141983032227,
      27.647789001464844,
      31.30387306213379
    ],
    [
      7.0701069831848145,
      16.666902542114258,
      10.07807445526123,
      11.300798416137695,
      8.874639511108398,
      9.980294227600098,
      13.966070175170898,
      12.02747631072998,
      14.750503540039062,
      16.323713302612305,
      17.119569778442383,
      18.173402786254883,
      20.585651397705078,
      20.275720596313477,
      25.53681182861328,
      27.647789001464844,
      46.09428787231445,
      37.1762580871582
    ],
    [
      5.2566986083984375,
      13.184645652770996,
      6.722346782684326,
      10.578839302062988,
      6.942533493041992,
      9.236414909362793,
      9.9475679397583,
      9.062746047973633,
      12.282075881958008,
      13.196732521057129,
      14.776543617248535,
      17.9420223236084,
      18.105722427368164,
      21.70035743713379,
      22.468212127685547,
      31.30387306213379,
      37.1762580871582,
      45.501861572265625
    ]
  ],
  "covariance_short": [
    [
      28.22626495361328,
      8.945144653320312,
      7.405570983886719,
      4.6874284744262695,
      3.225161552429199,
      3.2743380069732666,
      4.708038806915283,
      4.200763702392578,
      5.642748832702637,
      6.373090744018555,
      5.196943283081055,
      6.89710807800293,
      3.7475171089172363,
      4.452761173248291,
      2.472369432449341,
      4.7021613121032715,
      5.986125469207764,
      8.134089469909668
    ],
    [
      8.945144653320312,
      42.9111442565918,
      9.800950050354004,
      13.999963760375977,
      4.639433860778809,
      8.504183769226074,
      9.825760841369629,
      11.16335391998291,
      11.098800659179688,
      14.686692237854004,
      10.761218070983887,
      14.904427528381348,
      9.300931930541992,
      13.259804725646973,
      8.9629487991333,
      14.670029640197754,
      16.983293533325195,
      21.72075843811035
    ],
    [
      7.405570983886719,
      9.800950050354004,
      15.951749801635742,
      7.451456069946289,
      3.638695240020752,
      3.9576261043548584,
      4.925076961517334,
      4.722164630889893,
      6.180508613586426,
      7.351243495941162,
      7.06464958190918,
      8.039657592773438,
      7.538164138793945,
      7.711843013763428,
      7.171941757202148,
      8.327805519104004,
      12.236044883728027,
      14.12240982055664
    ],
    [
      4.6874284744262695,
      13.999963760375977,
      7.451456069946289,
      19.0269775390625,
      2.8311502933502197,
      6.0709662437438965,
      2.8842005729675293,
      5.113052845001221,
      5.31022834777832,
      8.481423377990723,
      6.235286235809326,
      9.951637268066406,
      6.048116207122803,
      9.199837684631348,
      5.6574249267578125,
      9.853156089782715,
      10.266554832458496,
      13.192829132080078
    ],
    [
      3.225161552429199,
      4.639433860778809,
      3.638695240020752,
      2.8311502933502197,
      21.582387924194336,
      11.377036094665527,
      12.490401268005371,
      7.062241554260254,
      11.969040870666504,
      8.441062927246094,
      11.840895652770996,
      9.295418739318848,
      10.660904884338379,
      8.654263496398926,
      10.885979652404785,
      9.70821475982666,
      12.19556713104248,
      13.403471946716309
    ],
    [
      3.2743380069732666,
      8.504183769226074,
      3.9576261043548584,
      6.0709662437438965,
      11.377036094665527,
      18.364110946655273,
      8.962594985961914,
      10.481035232543945,
      11.45052719116211,
      14.685751914978027,
      12.66695785522461,
      15.861939430236816,
      10.827964782714844,
      12.695014953613281,
      9.491347312927246,
      11.889278411865234,
      12.934453010559082,
      15.154592514038086
    ],
    [
      4.708038806915283,
      9.825760841369629,
      4.925076961517334,
      2.8842005729675293,
      12.490401268005371,
      8.962594985961914,
      32.038002014160156,
      16.084314346313477,
      22.2083797454834,
      15.081775665283203,
      15.079644203186035,
      13.017716407775879,
      12.24622631072998,
      10.77338981628418,
      11.994068145751953,
      12.191405296325684,
      15.523040771484375,
      18.809288024902344
    ],
    [
      4.200763702392578,
      11.16335391998291,
      4.722164630889893,
      5.113052845001221,
      7.062241554260254,
      10.481035232543945,
      16.084314346313477,
      20.460908889770508,
      14.93761157989502,
      18.567964553833008,
      13.044147491455078,
      17.351545333862305,
      9.608685493469238,
      12.290528297424316,
      8.12610149383545,
      11.2809419631958,
      13.114447593688965,
      16.718616485595703
    ],
    [
      5.642748832702637,
      11.098800659179688,
      6.180508613586426,
      5.31022834777832,
      11.969040870666504,
      11.45052719116211,
      22.2083797454834,
      14.93761157989502,
      29.081928253173828,
      21.1484317779541,
      20.040788650512695,
      20.256690979003906,
      16.47792625427246,
      16.015209197998047,
      14.94207763671875,
      15.594762802124023,
      19.0814208984375,
      22.32860565185547
    ],
    [
      6.373090744018555,
      14.686692237854004,
      7.351243495941162,
      8.481423377990723,
      8.441062927246094,
      14.685751914978027,
      15.081775665283203,
      18.567964553833008,
      21.1484317779541,
      30.28632354736328,
      19.373777389526367,
      28.37039566040039,
      14.620512008666992,
      20.331289291381836,
      11.824783325195312,
      16.59673500061035,
      18.02029037475586,
      22.498085021972656
    ],
    [
      5.196943283081055,
      10.761218070983887,
      7.06464958190918,
      6.235286235809326,
      11.840895652770996,
      12.66695785522461,
      15.079644203186035,
      13.044147491455078,
      20.040788650512695,
      19.373777389526367,
      26.00765037536621,
      25.906160354614258,
      20.716554641723633,
      20.92852210998535,
      18.36090087890625,
      18.999605178833008,
      22.7752742767334,
      25.265283584594727
    ],
    [
      6.89710807800293,
      14.904427528381348,
      8.039657592773438,
      9.951637268066406,
      9.295418739318848,
      15.861939430236816,
      13.017716407775879,
      17.351545333862305,
      20.256690979003906,
      28.37039566040039,
      25.906160354614258,
      39.25341033935547,
      19.567155838012695,
      28.118459701538086,
      16.303817749023438,
      23.11664390563965,
      21.354869842529297,
      26.557533264160156
    ],
    [
      3.7475171089172363,
      9.300931930541992,
      7.538164138793945,
      6.048116207122803,
      10.660904884338379,
      10.827964782714844,
      12.24622631072998,
      9.608685493469238,
      16.47792625427246,
      14.620512008666992,
      20.716554641723633,
      19.567155838012695,
      27.923086166381836,
      22.300039291381836,
      27.801429748535156,
      24.2080078125,
      31.400476455688477,
      31.544130325317383
    ],
    [
      4.452761173248291,
      13.259804725646973,
      7.711843013763428,
      9.199837684631348,
      8.654263496398926,
      12.695014953613281,
      10.77338981628418,
      12.290528297424316,
      16.015209197998047,
      20.331289291381836,
      20.92852210998535,
      28.118459701538086,
      22.300039291381836,
      30.803422927856445,
      21.679418563842773,
      28.982858657836914,
      28.604829788208008,
      33.73075485229492
    ],
    [
      2.472369432449341,
      8.9629487991333,
      7.171941757202148,
      5.6574249267578125,
      10.885979652404785,
      9.491347312927246,
      11.994068145751953,
      8.12610149383545,
      14.94207763671875,
      11.824783325195312,
      18.36090087890625,
      16.303817749023438,
      27.801429748535156,
      21.679418563842773,
      40.57344055175781,
      32.26313018798828,
      43.61143112182617,
      42.848655700683594
    ],
    [
      4.7021613121032715,
      14.670029640197754,
      8.327805519104004,
      9.853156089782715,
      9.70821475982666,
      11.889278411865234,
      12.191405296325684,
      11.2809419631958,
      15.594762802124023,
      16.59673500061035,
      18.999605178833008,
      23.11664390563965,
      24.2080078125,
      28.982858657836914,
      32.26313018798828,
      43.53876876831055,
      44.82160568237305,
      52.83112335205078
    ],
    [
      5.986125469207764,
      16.983293533325195,
      12.236044883728027,
      10.266554832458496,
      12.19556713104248,
      12.934453010559082,
      15.523040771484375,
      13.114447593688965,
      19.0814208984375,
      18.02029037475586,
      22.7752742767334,
      21.354869842529297,
      31.400476455688477,
      28.604829788208008,
      43.61143112182617,
      44.82160568237305,
      75.57154083251953,
      79.56610107421875
    ],
    [
      8.134089469909668,
      21.72075843811035,
      14.12240982055664,
      13.192829132080078,
      13.403471946716309,
      15.154592514038086,
      18.809288024902344,
      16.718616485595703,
      22.32860565185547,
      22.498085021972656,
      25.265283584594727,
      26.557533264160156,
      31.544130325317383,
      33.73075485229492,
      42.848655700683594,
      52.83112335205078,
      79.56610107421875,
      93.22581481933594
    ]
  ],
  "drr": 15.264482498168945,
  "dynamics": 2.186567783355713,
  "format": 1245190,
  "frames": 13783040,
  "loudness": -8.245523452758789,
  "loudness_range": 4.569088935852051,
  "loudness_range_short": 7.0747528076171875,
  "peak": 0.46057215332984924,
  "rms": -10.540526390075684,
  "sample_rate": 44100,
  "sections": 1,
  "seekable": 1,
  "sharpness": 1.5969300270080566,
  "space": -7.403340816497803
}