{
  "bands": [
    {
      "high_freq": 148.1999969482422,
      "loudness": -52.65780258178711,
      "loudness_range": 16.227081298828125,
      "mid_mean": -49.905208587646484,
      "mid_to_side_loudness": -18.521671295166016,
      "mid_to_side_loudness_range": 12.39880084991455,
      "side_mean": -65.47808074951172
    },
    {
      "high_freq": 392.3793640136719,
      "loudness": -37.23945236206055,
      "loudness_range": 17.724206924438477,
      "low_freq": 148.1999969482422,
      "mid_mean": -34.14011001586914,
      "mid_to_side_loudness": -12.448488235473633,
      "mid_to_side_loudness_range": 9.263250350952148,
      "side_mean": -48.26655197143555
    },
    {
      "high_freq": 794.6976318359375,
      "loudness": -33.72874069213867,
      "loudness_range": 21.661945343017578,
      "low_freq": 392.3793640136719,
      "mid_mean": -30.796972274780273,
      "mid_to_side_loudness": -8.524791717529297,
      "mid_to_side_loudness_range": 9.054776191711426,
      "side_mean": -39.74421691894531
    },
    {
      "high_freq": 1457.5709228515625,
      "loudness": -45.53605651855469,
      "loudness_range": 23.54323959350586,
      "low_freq": 794.6976318359375,
      "mid_mean": -44.906349182128906,
      "mid_to_side_loudness": -2.1325185298919678,
      "mid_to_side_loudness_range": 8.369254112243652,
      "side_mean": -46.94911575317383
    },
    {
      "high_freq": 2549.74365234375,
      "loudness": -50.900917053222656,
      "loudness_range": 24.460220336914062,
      "low_freq": 1457.5709228515625,
      "mid_mean": -52.72324752807617,
      "mid_to_side_loudness": -2.4644227027893066,
      "mid_to_side_loudness_range": 7.189404487609863,
      "side_mean": -54.61943054199219
    },
    {
      "high_freq": 4349.24462890625,
      "loudness": -61.311058044433594,
      "loudness_range": 28.26303482055664,
      "low_freq": 2549.74365234375,
      "mid_mean": -61.20738983154297,
      "mid_to_side_loudness": -2.3909666538238525,
      "mid_to_side_loudness_range": 7.530195236206055,
      "side_mean": -62.77706527709961
    },
    {
      "high_freq": 7314.1640625,
      "loudness": -75.54907989501953,
      "loudness_range": 19.501564025878906,
      "low_freq": 4349.24462890625,
      "mid_mean": -67.82514953613281,
      "mid_to_side_loudness": -1.0027306079864502,
      "mid_to_side_loudness_range": 3.0504848957061768,
      "side_mean": -68.16077423095703
    },
    {
      "high_freq": 12199.2666015625,
      "loudness": -77.93455505371094,
      "loudness_range": 4.317649841308594,
      "low_freq": 7314.1640625,
      "mid_mean": -69.2231674194336,
      "mid_to_side_loudness": -0.30577221512794495,
      "mid_to_side_loudness_range": 1.195522665977478,
      "side_mean": -69.2710952758789
    },
    {
      "loudness": 0,
      "loudness_range": 0,
      "low_freq": 12199.2666015625,
      "mid_mean": -69.17012023925781,
      "mid_to_side_loudness": -0.18205349147319794,
      "mid_to_side_loudness_range": 0.5111892819404602,
      "side_mean": -69.20609283447266
    }
  ],
  "bands_short": [
    {
      "high_freq": 148.1999969482422,
      "loudness": -56.16777420043945,
      "loudness_range": 18.35787582397461,
      "mid_mean": -53.22157669067383,
      "mid_to_side_loudness": -18.596052169799805,
      "mid_to_side_loudness_range": 15.26170539855957,
      "side_mean": -67.34431457519531
    },
    {
      "high_freq": 392.3793640136719,
      "loudness": -38.49380111694336,
      "loudness_range": 20.131427764892578,
      "low_freq": 148.1999969482422,
      "mid_mean": -35.51811981201172,
      "mid_to_side_loudness": -12.47581958770752,
      "mid_to_side_loudness_range": 10.7651948928833,
      "side_mean": -50.32085418701172
    },
    {
      "high_freq": 794.6976318359375,
      "loudness": -34.32896041870117,
      "loudness_range": 23.077468872070312,
      "low_freq": 392.3793640136719,
      "mid_mean": -31.33713150024414,
      "mid_to_side_loudness": -8.917742729187012,
      "mid_to_side_loudness_range": 10.92357063293457,
      "side_mean": -40.77613067626953
    },
    {
      "high_freq": 1457.5709228515625,
      "loudness": -45.503562927246094,
      "loudness_range": 24.05963897705078,
      "low_freq": 794.6976318359375,
      "mid_mean": -44.982421875,
      "mid_to_side_loudness": -1.8588920831680298,
      "mid_to_side_loudness_range": 9.627165794372559,
      "side_mean": -46.71905517578125
    },
    {
      "high_freq": 2549.74365234375,
      "loudness": -51.53496170043945,
      "loudness_range": 25.079029083251953,
      "low_freq": 1457.5709228515625,
      "mid_mean": -53.423500061035156,
      "mid_to_side_loudness": -2.2517786026000977,
      "mid_to_side_loudness_range": 9.180216789245605,
      "side_mean": -55.22645950317383
    },
    {
      "high_freq": 4349.24462890625,
      "loudness": -61.94035339355469,
      "loudness_range": 29.742446899414062,
      "low_freq": 2549.74365234375,
      "mid_mean": -61.68160629272461,
      "mid_to_side_loudness": -1.9503540992736816,
      "mid_to_side_loudness_range": 8.221060752868652,
      "side_mean": -62.9522819519043
    },
    {
      "high_freq": 7314.1640625,
      "loudness": -75.95194244384766,
      "loudness_range": 18.179126739501953,
      "low_freq": 4349.24462890625,
      "mid_mean": -68.02220916748047,
      "mid_to_side_loudness": -1.0421780347824097,
      "mid_to_side_loudness_range": 4.574220180511475,
      "side_mean": -68.38536834716797
    },
    {
      "high_freq": 12199.2666015625,
      "loudness": -78.00504302978516,
      "loudness_range": 4.381340026855469,
      "low_freq": 7314.1640625,
      "mid_mean": -69.23062896728516,
      "mid_to_side_loudness": -0.34334471821784973,
      "mid_to_side_loudness_range": 2.0217952728271484,
      "side_mean": -69.27764892578125
    },
    {
      "loudness": 0,
      "loudness_range": 0,
      "low_freq": 12199.2666015625,
      "mid_mean": -69.16630554199219,
      "mid_to_side_loudness": -0.23239515721797943,
      "mid_to_side_loudness_range": 1.3858652114868164,
      "side_mean": -69.20228576660156
    }
  ],
  "channels": 2,
  "covariance": [
    [
      48.69120407104492,
      17.059741973876953,
      11.079719543457031,
      20.706260681152344,
      15.287368774414062,
      18.58687400817871,
      17.02924919128418,
      18.667783737182617,
      42.4233512878418,
      39.945560455322266,
      27.818498611450195,
      24.163455963134766,
      7.589271545410156,
      6.188950538635254,
      1.5032445192337036,
      1.240613579750061,
      1.0841954946517944,
      1.016430139541626
    ],
    [
      17.059741973876953,
      11.240957260131836,
      7.661015033721924,
      12.398584365844727,
      7.794904708862305,
      10.074678421020508,
      11.14769458770752,
      11.541738510131836,
      19.61985206604004,
      18.17061424255371,
      13.806528091430664,
      12.047159194946289,
      3.381600856781006,
      2.7375593185424805,
      0.5734284520149231,
      0.4433012008666992,
      0.35390278697013855,
      0.3247775733470917
    ],
    [
      11.079719543457031,
      7.661015033721924,
      51.087066650390625,
      40.54833984375,
      21.30137062072754,
      27.769804000854492,
      35.04347229003906,
      35.428985595703125,
      40.74738693237305,
      37.68466567993164,
      24.17842674255371,
      20.514305114746094,
      5.725287914276123,
      4.394815444946289,
      0.8280161023139954,
      0.6003187894821167,
      0.3284405469894409,
      0.27824562788009644
    ],
    [
      20.706260681152344,
      12.398584365844727,
      40.54833984375,
      61.83285140991211,
      24.628164291381836,
      29.383119583129883,
      34.04697799682617,
      36.33208084106445,
      57.56101608276367,
      52.564430236816406,
      33.015018463134766,
      27.62669563293457,
      7.585365295410156,
      5.941202163696289,
      1.0385477542877197,
      0.7664797902107239,
      0.5039682388305664,
      0.4378165304660797
    ],
    [
      15.287368774414062,
      7.794904708862305,
      21.30137062072754,
      24.628164291381836,
      63.92338180541992,
      58.20834732055664,
      56.26716995239258,
      55.22453689575195,
      63.71133041381836,
      60.506038665771484,
      55.797122955322266,
      47.44855880737305,
      18.067516326904297,
      15.054466247558594,
      2.007831335067749,
      1.3980417251586914,
      0.6818989515304565,
      0.5443335771560669
    ],
    [
      18.58687400817871,
      10.074678421020508,
      27.769804000854492,
      29.383119583129883,
      58.20834732055664,
      66.04296875,
      60.19597625732422,
      58.24665069580078,
      68.04605865478516,
      63.69078063964844,
      56.91218185424805,
      49.2206916809082,
      17.223482131958008,
      14.11747932434082,
      2.004685401916504,
      1.4109879732131958,
      0.677768886089325,
      0.5550893545150757
    ],
    [
      17.02924919128418,
      11.14769458770752,
      35.04347229003906,
      34.04697799682617,
      56.26716995239258,
      60.19597625732422,
      84.61813354492188,
      73.44865417480469,
      75.30084228515625,
      70.68231201171875,
      59.506717681884766,
      50.65388870239258,
      18.004182815551758,
      14.598952293395996,
      2.0512003898620605,
      1.5241801738739014,
      0.7262619137763977,
      0.5845800042152405
    ],
    [
      18.667783737182617,
      11.541738510131836,
      35.428985595703125,
      36.33208084106445,
      55.22453689575195,
      58.24665069580078,
      73.44865417480469,
      74.8928451538086,
      74.72159576416016,
      70.9209976196289,
      58.44145584106445,
      49.71533966064453,
      17.208698272705078,
      13.906131744384766,
      1.9662787914276123,
      1.414576768875122,
      0.7089716792106628,
      0.5773330926895142
    ],
    [
      42.4233512878418,
      19.61985206604004,
      40.74738693237305,
      57.56101608276367,
      63.71133041381836,
      68.04605865478516,
      75.30084228515625,
      74.72159576416016,
      117.53070068359375,
      106.41172790527344,
      81.27593994140625,
      69.31005096435547,
      23.004318237304688,
      18.952342987060547,
      3.117016077041626,
      2.4087576866149902,
      1.6818434000015259,
      1.488370656967163
    ],
    [
      39.945560455322266,
      18.17061424255371,
      37.68466567993164,
      52.564430236816406,
      60.506038665771484,
      63.69078063964844,
      70.68231201171875,
      70.9209976196289,
      106.41172790527344,
      100.31352996826172,
      75.81641387939453,
      64.73080444335938,
      21.988460540771484,
      17.86947250366211,
      2.9466466903686523,
      2.263423442840576,
      1.5412660837173462,
      1.3619775772094727
    ],
    [
      27.818498611450195,
      13.806528091430664,
      24.17842674255371,
      33.015018463134766,
      55.797122955322266,
      56.91218185424805,
      59.506717681884766,
      58.44145584106445,
      81.27593994140625,
      75.81641387939453,
      72.97696685791016,
      61.31869125366211,
      23.397253036499023,
      19.47412109375,
      2.693509817123413,
      1.9932962656021118,
      1.1916069984436035,
      1.0183597803115845
    ],
    [
      24.163455963134766,
      12.047159194946289,
      20.514305114746094,
      27.62669563293457,
      47.44855880737305,
      49.2206916809082,
      50.65388870239258,
      49.71533966064453,
      69.31005096435547,
      64.73080444335938,
      61.31869125366211,
      54.21451950073242,
      19.843801498413086,
      16.476484298706055,
      2.343048572540283,
      1.7265602350234985,
      1.0048563480377197,
      0.8602989912033081
    ],
    [
      7.589271545410156,
      3.381600856781006,
      5.725287914276123,
      7.585365295410156,
      18.067516326904297,
      17.223482131958008,
      18.004182815551758,
      17.208698272705078,
      23.004318237304688,
      21.988460540771484,
      23.397253036499023,
      19.843801498413086,
      12.01744556427002,
      10.005228996276855,
      1.136202335357666,
      0.862658679485321,
      0.4237000346183777,
      0.3407665193080902
    ],
    [
      6.188950538635254,
      2.7375593185424805,
      4.394815444946289,
      5.941202163696289,
      15.054466247558594,
      14.11747932434082,
      14.598952293395996,
      13.906131744384766,
      18.952342987060547,
      17.86947250366211,
      19.47412109375,
      16.476484298706055,
      10.005228996276855,
      8.812834739685059,
      0.9533704519271851,
      0.7327272891998291,
      0.35751864314079285,
      0.28536972403526306
    ],
    [
      1.5032445192337036,
      0.5734284520149231,
      0.8280161023139954,
      1.0385477542877197,
      2.007831335067749,
      2.004685401916504,
      2.0512003898620605,
      1.9662787914276123,
      3.117016077041626,
      2.9466466903686523,
      2.693509817123413,
      2.343048572540283,
      1.136202335357666,
      0.9533704519271851,
      0.17311041057109833,
      0.1323762685060501,
      0.0708715096116066,
      0.06100708991289139
    ],
    [
      1.240613579750061,
      0.4433012008666992,
      0.6003187894821167,
      0.7664797902107239,
      1.3980417251586914,
      1.4109879732131958,
      1.5241801738739014,
      1.414576768875122,
      2.4087576866149902,
      2.263423442840576,
      1.9932962656021118,
      1.7265602350234985,
      0.862658679485321,
      0.7327272891998291,
      0.1323762685060501,
      0.11251585930585861,
      0.05907624214887619,
      0.05166150629520416
    ],
    [
      1.0841954946517944,
      0.35390278697013855,
      0.3284405469894409,
      0.5039682388305664,
      0.6818989515304565,
      0.677768886089325,
      0.7262619137763977,
      0.7089716792106628,
      1.6818434000015259,
      1.5412660837173462,
      1.1916069984436035,
      1.0048563480377197,
      0.4237000346183777,
      0.35751864314079285,
      0.0708715096116066,
      0.05907624214887619,
      0.04978238418698311,
      0.04519106075167656
    ],
    [
      1.016430139541626,
      0.3247775733470917,
      0.27824562788009644,
      0.4378165304660797,
      0.5443335771560669,
      0.5550893545150757,
      0.5845800042152405,
      0.5773330926895142,
      1.488370656967163,
      1.3619775772094727,
      1.0183597803115845,
      0.8602989912033081,
      0.3407665193080902,
      0.28536972403526306,
      0.06100708991289139,
      0.05166150629520416,
      0.04519106075167656,
      0.041945312172174454
    ]
  ],
  "covariance_short": [
    [
      48.31904602050781,
      9.142826080322266,
      11.163163185119629,
      32.29487228393555,
      17.029645919799805,
      19.352022171020508,
      18.008514404296875,
      18.787351608276367,
      35.682071685791016,
      34.5013313293457,
      23.59139633178711,
      21.049571990966797,
      6.755014896392822,
      5.450295925140381,
      1.4355435371398926,
      1.165976881980896,
      0.979834794998169,
      0.9146901369094849
    ],
    [
      9.142826080322266,
      4.115185737609863,
      5.065385818481445,
      9.005386352539062,
      5.154844760894775,
      6.3681559562683105,
      5.897555828094482,
      6.2041778564453125,
      11.020722389221191,
      10.375052452087402,
      7.36245584487915,
      6.578500270843506,
      2.1054675579071045,
      1.6701980829238892,
      0.37024474143981934,
      0.2882020175457001,
      0.21634194254875183,
      0.19376151263713837
    ],
    [
      11.163163185119629,
      5.065385818481445,
      61.92137908935547,
      48.45161437988281,
      23.15255355834961,
      29.81913185119629,
      36.52647399902344,
      38.11711120605469,
      46.00208282470703,
      42.789127349853516,
      26.25140380859375,
      22.300277709960938,
      5.492108345031738,
      4.2827558517456055,
      0.9274923801422119,
      0.6689306497573853,
      0.37676987051963806,
      0.31710055470466614
    ],
    [
      32.29487228393555,
      9.005386352539062,
      48.45161437988281,
      83.61892700195312,
      25.63695526123047,
      31.124454498291016,
      35.78288269042969,
      36.76262664794922,
      72.29829406738281,
      66.06471252441406,
      39.64345932006836,
      33.35800552368164,
      8.257845878601074,
      6.505792617797852,
      1.7737116813659668,
      1.4601999521255493,
      1.3648090362548828,
      1.2629677057266235
    ],
    [
      17.029645919799805,
      5.154844760894775,
      23.15255355834961,
      25.63695526123047,
      64.91732025146484,
      58.72966384887695,
      55.65559387207031,
      54.812252044677734,
      62.27220916748047,
      59.1163330078125,
      55.14362716674805,
      49.28506851196289,
      16.663358688354492,
      13.518515586853027,
      2.114365339279175,
      1.4694631099700928,
      0.7483701705932617,
      0.5900201797485352
    ],
    [
      19.352022171020508,
      6.3681559562683105,
      29.81913185119629,
      31.124454498291016,
      58.72966384887695,
      70.4599838256836,
      60.24665832519531,
      59.591339111328125,
      68.51166534423828,
      64.3975830078125,
      57.06511688232422,
      51.113609313964844,
      15.979331970214844,
      12.72703742980957,
      2.126650094985962,
      1.4774094820022583,
      0.748547375202179,
      0.6115886569023132
    ],
    [
      18.008514404296875,
      5.897555828094482,
      36.52647399902344,
      35.78288269042969,
      55.65559387207031,
      60.24665832519531,
      85.54747009277344,
      73.43531799316406,
      74.40847778320312,
      69.65065002441406,
      58.00407791137695,
      50.249637603759766,
      16.31847381591797,
      12.911084175109863,
      2.1239795684814453,
      1.5543256998062134,
      0.7635560035705566,
      0.6090118288993835
    ],
    [
      18.787351608276367,
      6.2041778564453125,
      38.11711120605469,
      36.76262664794922,
      54.812252044677734,
      59.591339111328125,
      73.43531799316406,
      75.68333435058594,
      73.25849914550781,
      69.49409484863281,
      56.234893798828125,
      49.35433578491211,
      15.310826301574707,
      12.11347484588623,
      2.04292631149292,
      1.457891583442688,
      0.7426860332489014,
      0.6048243045806885
    ],
    [
      35.682071685791016,
      11.020722389221191,
      46.00208282470703,
      72.29829406738281,
      62.27220916748047,
      68.51166534423828,
      74.40847778320312,
      73.25849914550781,
      115.7326889038086,
      103.08204650878906,
      78.82823944091797,
      68.87165069580078,
      20.70108985900879,
      16.46121597290039,
      3.141017198562622,
      2.40195631980896,
      1.698569893836975,
      1.4981685876846313
    ],
    [
      34.5013313293457,
      10.375052452087402,
      42.789127349853516,
      66.06471252441406,
      59.1163330078125,
      64.3975830078125,
      69.65065002441406,
      69.49409484863281,
      103.08204650878906,
      98.17909240722656,
      72.86564636230469,
      64.21003723144531,
      19.508169174194336,
      15.279013633728027,
      2.9448797702789307,
      2.2305312156677246,
      1.5508160591125488,
      1.3715394735336304
    ],
    [
      23.59139633178711,
      7.36245584487915,
      26.25140380859375,
      39.64345932006836,
      55.14362716674805,
      57.06511688232422,
      58.00407791137695,
      56.234893798828125,
      78.82823944091797,
      72.86564636230469,
      71.52516174316406,
      61.351287841796875,
      21.517114639282227,
      17.48521614074707,
      2.766008138656616,
      2.0464930534362793,
      1.2331293821334839,
      1.0456199645996094
    ],
    [
      21.049571990966797,
      6.578500270843506,
      22.300277709960938,
      33.35800552368164,
      49.28506851196289,
      51.113609313964844,
      50.249637603759766,
      49.35433578491211,
      68.87165069580078,
      64.21003723144531,
      61.351287841796875,
      56.4865837097168,
      18.756309509277344,
      15.23859691619873,
      2.484548330307007,
      1.8216216564178467,
      1.07805335521698,
      0.9144905805587769
    ],
    [
      6.755014896392822,
      2.1054675579071045,
      5.492108345031738,
      8.257845878601074,
      16.663358688354492,
      15.979331970214844,
      16.31847381591797,
      15.310826301574707,
      20.70108985900879,
      19.508169174194336,
      21.517114639282227,
      18.756309509277344,
      10.774371147155762,
      8.544255256652832,
      1.1269451379776,
      0.8651525974273682,
      0.42454618215560913,
      0.33811771869659424
    ],
    [
      5.450295925140381,
      1.6701980829238892,
      4.2827558517456055,
      6.505792617797852,
      13.518515586853027,
      12.72703742980957,
      12.911084175109863,
      12.11347484588623,
      16.46121597290039,
      15.279013633728027,
      17.48521614074707,
      15.23859691619873,
      8.544255256652832,
      7.557013034820557,
      0.9558942914009094,
      0.7427887320518494,
      0.35384300351142883,
      0.27897393703460693
    ],
    [
      1.4355435371398926,
      0.37024474143981934,
      0.9274923801422119,
      1.7737116813659668,
      2.114365339279175,
      2.126650094985962,
      2.1239795684814453,
      2.04292631149292,
      3.141017198562622,
      2.9448797702789307,
      2.766008138656616,
      2.484548330307007,
      1.1269451379776,
      0.9558942914009094,
      0.21724367141723633,
      0.16339120268821716,
      0.07888085395097733,
      0.0670468732714653
    ],
    [
      1.165976881980896,
      0.2882020175457001,
      0.6689306497573853,
      1.4601999521255493,
      1.4694631099700928,
      1.4774094820022583,
      1.5543256998062134,
      1.457891583442688,
      2.40195631980896,
      2.2305312156677246,
      2.0464930534362793,
      1.8216216564178467,
      0.8651525974273682,
      0.7427887320518494,
      0.16339120268821716,
      0.14642031490802765,
      0.06540200114250183,
      0.056312017142772675
    ],
    [
      0.979834794998169,
      0.21634194254875183,
      0.37676987051963806,
      1.3648090362548828,
      0.7483701705932617,
      0.748547375202179,
      0.7635560035705566,
      0.7426860332489014,
      1.698569893836975,
      1.5508160591125488,
      1.2331293821334839,
      1.07805335521698,
      0.42454618215560913,
      0.35384300351142883,
      0.07888085395097733,
      0.06540200114250183,
      0.056443024426698685,
      0.04846804216504097
    ],
    [
      0.9146901369094849,
      0.19376151263713837,
      0.31710055470466614,
      1.2629677057266235,
      0.5900201797485352,
      0.6115886569023132,
      0.6090118288993835,
      0.6048243045806885,
      1.4981685876846313,
      1.3715394735336304,
      1.0456199645996094,
      0.9144905805587769,
      0.33811771869659424,
      0.27897393703460693,
      0.0670468732714653,
      0.056312017142772675,
      0.04846804216504097,
      0.047385044395923615
    ]
  ],
  "drr": 8.143704414367676,
  "dynamics": 5.396353721618652,
  "format": 1245190,
  "frames": 5715968,
  "loudness": -26.46465492248535,
  "loudness_range": 16.708419799804688,
  "loudness_range_short": 20.011917114257812,
  "peak": -5.7492804527282715,
  "rms": -27.075931549072266,
  "sample_rate": 44100,
  "sections": 1,
  "seekable": 1,
  "sharpness": 3.3033535480499268,
  "space": -9.508337020874023
}