{
  "bands": [
    {
      "high_freq": 148.1999969482422,
      "loudness": -23.696027755737305,
      "loudness_range": 12.671667098999023,
      "mid_mean": -20.800907135009766,
      "mid_to_side_loudness": -7.912996768951416,
      "mid_to_side_loudness_range": 9.192633628845215,
      "side_mean": -28.798898696899414
    },
    {
      "high_freq": 392.3793640136719,
      "loudness": -23.126789093017578,
      "loudness_range": 8.495330810546875,
      "low_freq": 148.1999969482422,
      "mid_mean": -21.459577560424805,
      "mid_to_side_loudness": -2.792884111404419,
      "mid_to_side_loudness_range": 7.078260898590088,
      "side_mean": -24.21389389038086
    },
    {
      "high_freq": 794.6976318359375,
      "loudness": -23.342466354370117,
      "loudness_range": 15.7349853515625,
      "low_freq": 392.3793640136719,
      "mid_mean": -20.496976852416992,
      "mid_to_side_loudness": -8.105755805969238,
      "mid_to_side_loudness_range": 11.596881866455078,
      "side_mean": -28.616256713867188
    },
    {
      "high_freq": 1457.5709228515625,
      "loudness": -24.622665405273438,
      "loudness_range": 19.46356201171875,
      "low_freq": 794.6976318359375,
      "mid_mean": -21.855127334594727,
      "mid_to_side_loudness": -7.885068416595459,
      "mid_to_side_loudness_range": 12.039505958557129,
      "side_mean": -29.77459144592285
    },
    {
      "high_freq": 2549.74365234375,
      "loudness": -25.15615463256836,
      "loudness_range": 16.298362731933594,
      "low_freq": 1457.5709228515625,
      "mid_mean": -22.66766357421875,
      "mid_to_side_loudness": -5.875521183013916,
      "mid_to_side_loudness_range": 9.609477996826172,
      "side_mean": -28.56368064880371
    },
    {
      "high_freq": 4349.24462890625,
      "loudness": -25.963207244873047,
      "loudness_range": 12.502531051635742,
      "low_freq": 2549.74365234375,
      "mid_mean": -23.620691299438477,
      "mid_to_side_loudness": -5.050567150115967,
      "mid_to_side_loudness_range": 8.31588363647461,
      "side_mean": -28.704917907714844
    },
    {
      "high_freq": 7314.1640625,
      "loudness": -33.82133865356445,
      "loudness_range": 15.562536239624023,
      "low_freq": 4349.24462890625,
      "mid_mean": -31.817983627319336,
      "mid_to_side_loudness": -3.561537027359009,
      "mid_to_side_loudness_range": 6.073764801025391,
      "side_mean": -35.37831497192383
    },
    {
      "high_freq": 12199.2666015625,
      "loudness": -39.681434631347656,
      "loudness_range": 16.346450805664062,
      "low_freq": 7314.1640625,
      "mid_mean": -38.105098724365234,
      "mid_to_side_loudness": -2.299032211303711,
      "mid_to_side_loudness_range": 5.677753448486328,
      "side_mean": -40.43453598022461
    },
    {
      "loudness": -51.059661865234375,
      "loudness_range": 12.70489501953125,
      "low_freq": 12199.2666015625,
      "mid_mean": -50.625240325927734,
      "mid_to_side_loudness": -0.3146722614765167,
      "mid_to_side_loudness_range": 2.4360547065734863,
      "side_mean": -50.917816162109375
    }
  ],
  "bands_short": [
    {
      "high_freq": 148.1999969482422,
      "loudness": -28.25065803527832,
      "loudness_range": 23.15581512451172,
      "mid_mean": -25.108150482177734,
      "mid_to_side_loudness": -10.681351661682129,
      "mid_to_side_loudness_range": 10.654717445373535,
      "side_mean": -35.9027099609375
    },
    {
      "high_freq": 392.3793640136719,
      "loudness": -22.61589813232422,
      "loudness_range": 11.580551147460938,
      "low_freq": 148.1999969482422,
      "mid_mean": -20.860862731933594,
      "mid_to_side_loudness": -3.355350971221924,
      "mid_to_side_loudness_range": 9.24714183807373,
      "side_mean": -24.212812423706055
    },
    {
      "high_freq": 794.6976318359375,
      "loudness": -24.071504592895508,
      "loudness_range": 17.43494415283203,
      "low_freq": 392.3793640136719,
      "mid_mean": -21.51192855834961,
      "mid_to_side_loudness": -7.068179607391357,
      "mid_to_side_loudness_range": 13.505407333374023,
      "side_mean": -28.60488510131836
    },
    {
      "high_freq": 1457.5709228515625,
      "loudness": -25.69996452331543,
      "loudness_range": 21.217384338378906,
      "low_freq": 794.6976318359375,
      "mid_mean": -23.121036529541016,
      "mid_to_side_loudness": -7.311982154846191,
      "mid_to_side_loudness_range": 13.831888198852539,
      "side_mean": -30.47987174987793
    },
    {
      "high_freq": 2549.74365234375,
      "loudness": -26.292964935302734,
      "loudness_range": 18.781532287597656,
      "low_freq": 1457.5709228515625,
      "mid_mean": -23.90695571899414,
      "mid_to_side_loudness": -5.750696182250977,
      "mid_to_side_loudness_range": 11.250602722167969,
      "side_mean": -29.663177490234375
    },
    {
      "high_freq": 4349.24462890625,
      "loudness": -26.64284324645996,
      "loudness_range": 15.120548248291016,
      "low_freq": 2549.74365234375,
      "mid_mean": -24.346914291381836,
      "mid_to_side_loudness": -5.0671281814575195,
      "mid_to_side_loudness_range": 9.269978523254395,
      "side_mean": -29.431520462036133
    },
    {
      "high_freq": 7314.1640625,
      "loudness": -35.47481155395508,
      "loudness_range": 19.286277770996094,
      "low_freq": 4349.24462890625,
      "mid_mean": -33.33613586425781,
      "mid_to_side_loudness": -4.09667444229126,
      "mid_to_side_loudness_range": 7.104132175445557,
      "side_mean": -37.432762145996094
    },
    {
      "high_freq": 12199.2666015625,
      "loudness": -41.809383392333984,
      "loudness_range": 21.37163734436035,
      "low_freq": 7314.1640625,
      "mid_mean": -40.02440643310547,
      "mid_to_side_loudness": -2.943422555923462,
      "mid_to_side_loudness_range": 6.628626346588135,
      "side_mean": -42.99094009399414
    },
    {
      "loudness": -52.31715393066406,
      "loudness_range": 15.764991760253906,
      "low_freq": 12199.2666015625,
      "mid_mean": -51.798927307128906,
      "mid_to_side_loudness": -0.39721062779426575,
      "mid_to_side_loudness_range": 3.2931699752807617,
      "side_mean": -52.16840744018555
    }
  ],
  "channels": 2,
  "covariance": [
    [
      23.54208755493164,
      20.051177978515625,
      1.3036085367202759,
      2.541151762008667,
      -0.5071675777435303,
      0.609889566898346,
      -0.2164357602596283,
      0.057825881987810135,
      0.24220837652683258,
      -0.05317196622490883,
      -1.0590176582336426,
      -1.273485541343689,
      -2.8072590827941895,
      -4.093754291534424,
      -2.801024913787842,
      -3.872466802597046,
      -0.3124943673610687,
      -0.821373701095581
    ],
    [
      20.051177978515625,
      27.594154357910156,
      2.2378556728363037,
      5.027849197387695,
      -0.3368059992790222,
      0.8845793008804321,
      3.3325271606445312,
      2.393498182296753,
      0.14998719096183777,
      0.10161782801151276,
      -0.8890825510025024,
      -1.179781198501587,
      -1.2165287733078003,
      -1.871415138244629,
      -1.7051392793655396,
      -1.689778447151184,
      1.252113699913025,
      0.9173487424850464
    ],
    [
      1.3036085367202759,
      2.2378556728363037,
      15.107534408569336,
      10.24130630493164,
      10.807707786560059,
      6.899252414703369,
      5.356419086456299,
      3.9741430282592773,
      7.287821292877197,
      5.872546672821045,
      8.783721923828125,
      6.703467845916748,
      10.056917190551758,
      9.52686882019043,
      10.541823387145996,
      9.85184097290039,
      5.426820278167725,
      5.130730152130127
    ],
    [
      2.541151762008667,
      5.027849197387695,
      10.24130630493164,
      12.454460144042969,
      7.5541253089904785,
      6.82583475112915,
      8.041497230529785,
      7.124220371246338,
      6.579652786254883,
      7.192052841186523,
      6.9065351486206055,
      7.59977388381958,
      10.146077156066895,
      11.791486740112305,
      9.276641845703125,
      10.827140808105469,
      6.259095668792725,
      6.292562961578369
    ],
    [
      -0.5071675777435303,
      -0.3368059992790222,
      10.807707786560059,
      7.5541253089904785,
      38.476383209228516,
      18.279565811157227,
      30.38323402404785,
      13.600802421569824,
      19.09423828125,
      8.59406852722168,
      18.496551513671875,
      7.998706340789795,
      10.562981605529785,
      6.678002834320068,
      12.468925476074219,
      8.665959358215332,
      6.038397789001465,
      5.3029046058654785
    ],
    [
      0.609889566898346,
      0.8845793008804321,
      6.899252414703369,
      6.82583475112915,
      18.279565811157227,
      12.913471221923828,
      14.928988456726074,
      9.463262557983398,
      10.196642875671387,
      7.733729839324951,
      9.942861557006836,
      7.448956489562988,
      8.467218399047852,
      8.290265083312988,
      8.476251602172852,
      8.018279075622559,
      5.406474590301514,
      5.251863479614258
    ],
    [
      -0.2164357602596283,
      3.3325271606445312,
      5.356419086456299,
      8.041497230529785,
      30.38323402404785,
      14.928988456726074,
      57.35421371459961,
      29.042142868041992,
      21.8388729095459,
      10.781075477600098,
      20.22612953186035,
      10.215761184692383,
      11.154631614685059,
      8.786971092224121,
      10.144450187683105,
      8.363231658935547,
      6.274747848510742,
      6.066102027893066
    ],
    [
      0.057825881987810135,
      2.393498182296753,
      3.9741430282592773,
      7.124220371246338,
      13.600802421569824,
      9.463262557983398,
      29.042142868041992,
      19.87718391418457,
      12.999174118041992,
      10.389737129211426,
      12.290511131286621,
      10.364588737487793,
      11.034481048583984,
      11.839234352111816,
      9.122973442077637,
      9.943243980407715,
      6.968492031097412,
      7.213111400604248
    ],
    [
      0.24220837652683258,
      0.14998719096183777,
      7.287821292877197,
      6.579652786254883,
      19.09423828125,
      10.196642875671387,
      21.8388729095459,
      12.999174118041992,
      37.461769104003906,
      22.296403884887695,
      23.90487289428711,
      15.838598251342773,
      21.384408950805664,
      17.385141372680664,
      21.276168823242188,
      17.720409393310547,
      10.570703506469727,
      9.766496658325195
    ],
    [
      -0.05317196622490883,
      0.10161782801151276,
      5.872546672821045,
      7.192052841186523,
      8.59406852722168,
      7.733729839324951,
      10.781075477600098,
      10.389737129211426,
      22.296403884887695,
      18.97887420654297,
      14.764510154724121,
      14.876165390014648,
      18.187196731567383,
      18.831069946289062,
      17.100086212158203,
      17.352346420288086,
      10.104673385620117,
      10.054736137390137
    ],
    [
      -1.0590176582336426,
      -0.8890825510025024,
      8.783721923828125,
      6.9065351486206055,
      18.496551513671875,
      9.942861557006836,
      20.22612953186035,
      12.290511131286621,
      23.90487289428711,
      14.764510154724121,
      23.31064796447754,
      15.73046875,
      17.88226318359375,
      15.299298286437988,
      17.541000366210938,
      15.13382625579834,
      8.543770790100098,
      7.992416858673096
    ],
    [
      -1.273485541343689,
      -1.179781198501587,
      6.703467845916748,
      7.59977388381958,
      7.998706340789795,
      7.448956489562988,
      10.215761184692383,
      10.364588737487793,
      15.838598251342773,
      14.876165390014648,
      15.73046875,
      17.169614791870117,
      17.260223388671875,
      19.322038650512695,
      16.019197463989258,
      17.566722869873047,
      9.805078506469727,
      9.971759796142578
    ],
    [
      -2.8072590827941895,
      -1.2165287733078003,
      10.056917190551758,
      10.146077156066895,
      10.562981605529785,
      8.467218399047852,
      11.154631614685059,
      11.034481048583984,
      21.384408950805664,
      18.187196731567383,
      17.88226318359375,
      17.260223388671875,
      31.32573127746582,
      30.923437118530273,
      29.324016571044922,
      29.9887638092041,
      17.036346435546875,
      17.254783630371094
    ],
    [
      -4.093754291534424,
      -1.871415138244629,
      9.52686882019043,
      11.791486740112305,
      6.678002834320068,
      8.290265083312988,
      8.786971092224121,
      11.839234352111816,
      17.385141372680664,
      18.831069946289062,
      15.299298286437988,
      19.322038650512695,
      30.923437118530273,
      35.404273986816406,
      28.648771286010742,
      33.20331954956055,
      17.932384490966797,
      19.10037612915039
    ],
    [
      -2.801024913787842,
      -1.7051392793655396,
      10.541823387145996,
      9.276641845703125,
      12.468925476074219,
      8.476251602172852,
      10.144450187683105,
      9.122973442077637,
      21.276168823242188,
      17.100086212158203,
      17.541000366210938,
      16.019197463989258,
      29.324016571044922,
      28.648771286010742,
      35.605831146240234,
      34.010562896728516,
      20.803386688232422,
      20.684185028076172
    ],
    [
      -3.872466802597046,
      -1.689778447151184,
      9.85184097290039,
      10.827140808105469,
      8.665959358215332,
      8.018279075622559,
      8.363231658935547,
      9.943243980407715,
      17.720409393310547,
      17.352346420288086,
      15.13382625579834,
      17.566722869873047,
      29.9887638092041,
      33.20331954956055,
      34.010562896728516,
      37.224281311035156,
      21.461328506469727,
      22.566146850585938
    ],
    [
      -0.3124943673610687,
      1.252113699913025,
      5.426820278167725,
      6.259095668792725,
      6.038397789001465,
      5.406474590301514,
      6.274747848510742,
      6.968492031097412,
      10.570703506469727,
      10.104673385620117,
      8.543770790100098,
      9.805078506469727,
      17.036346435546875,
      17.932384490966797,
      20.803386688232422,
      21.461328506469727,
      26.6959228515625,
      26.332685470581055
    ],
    [
      -0.821373701095581,
      0.9173487424850464,
      5.130730152130127,
      6.292562961578369,
      5.3029046058654785,
      5.251863479614258,
      6.066102027893066,
      7.213111400604248,
      9.766496658325195,
      10.054736137390137,
      7.992416858673096,
      9.971759796142578,
      17.254783630371094,
      19.10037612915039,
      20.684185028076172,
      22.566146850585938,
      26.332685470581055,
      26.911453247070312
    ]
  ],
  "covariance_short": [
    [
      68.37509155273438,
      54.79539489746094,
      15.588033676147461,
      13.441821098327637,
      2.71016001701355,
      4.65219259262085,
      -0.2867525517940521,
      2.3161675930023193,
      3.3685708045959473,
      4.51505708694458,
      1.7895550727844238,
      4.5403666496276855,
      2.295295000076294,
      4.361656188964844,
      3.889636754989624,
      5.945590019226074,
      4.9931230545043945,
      4.908192157745361
    ],
    [
      54.79539489746094,
      59.154541015625,
      15.370855331420898,
      14.38839054107666,
      2.245140790939331,
      4.371412754058838,
      -0.5962361097335815,
      2.2874855995178223,
      1.613893747329712,
      3.6043920516967773,
      0.6452749371528625,
      3.681253671646118,
      2.058039426803589,
      4.314654350280762,
      3.3553552627563477,
      5.331640720367432,
      4.666263103485107,
      4.5530104637146
    ],
    [
      15.588033676147461,
      15.370855331420898,
      21.787343978881836,
      15.922945976257324,
      8.657946586608887,
      6.797301769256592,
      5.188048362731934,
      4.77932071685791,
      6.231110095977783,
      6.0634684562683105,
      7.375107288360596,
      6.462542533874512,
      8.43979549407959,
      9.11745834350586,
      10.122588157653809,
      9.985442161560059,
      5.428543567657471,
      5.291775703430176
    ],
    [
      13.441821098327637,
      14.38839054107666,
      15.922945976257324,
      22.212261199951172,
      6.165034770965576,
      7.666557312011719,
      7.4672627449035645,
      8.248873710632324,
      6.408735752105713,
      8.004703521728516,
      6.187920570373535,
      7.75997257232666,
      9.880721092224121,
      12.438458442687988,
      10.052635192871094,
      11.94363021850586,
      7.3906569480896,
      7.567593097686768
    ],
    [
      2.71016001701355,
      2.245140790939331,
      8.657946586608887,
      6.165034770965576,
      47.42296600341797,
      21.061145782470703,
      34.58461380004883,
      15.55735969543457,
      23.915590286254883,
      10.584885597229004,
      21.963909149169922,
      10.085359573364258,
      11.665599822998047,
      6.977154731750488,
      14.98302936553955,
      9.761240005493164,
      6.135051250457764,
      5.273232460021973
    ],
    [
      4.65219259262085,
      4.371412754058838,
      6.797301769256592,
      7.666557312011719,
      21.061145782470703,
      17.27722930908203,
      15.583377838134766,
      10.690312385559082,
      12.5404691696167,
      9.676011085510254,
      11.562275886535645,
      9.043673515319824,
      9.892991065979004,
      9.590555191040039,
      10.239998817443848,
      9.378328323364258,
      6.072786808013916,
      5.886318206787109
    ],
    [
      -0.2867525517940521,
      -0.5962361097335815,
      5.188048362731934,
      7.4672627449035645,
      34.58461380004883,
      15.583377838134766,
      69.39459991455078,
      35.07453536987305,
      29.17304801940918,
      14.385971069335938,
      26.35466194152832,
      13.426591873168945,
      14.2654390335083,
      10.454678535461426,
      14.535592079162598,
      10.749680519104004,
      7.570679187774658,
      7.20162296295166
    ],
    [
      2.3161675930023193,
      2.2874855995178223,
      4.77932071685791,
      8.248873710632324,
      15.55735969543457,
      10.690312385559082,
      35.07453536987305,
      26.457189559936523,
      17.563520431518555,
      13.842001914978027,
      16.502979278564453,
      13.847495079040527,
      14.607051849365234,
      15.328619956970215,
      12.86574935913086,
      13.252779960632324,
      8.833603858947754,
      9.02383804321289
    ],
    [
      3.3685708045959473,
      1.613893747329712,
      6.231110095977783,
      6.408735752105713,
      23.915590286254883,
      12.5404691696167,
      29.17304801940918,
      17.563520431518555,
      48.87533950805664,
      29.519208908081055,
      31.422849655151367,
      21.861358642578125,
      26.839391708374023,
      22.428510665893555,
      26.994976043701172,
      22.550907135009766,
      11.85494613647461,
      11.13762092590332
    ],
    [
      4.51505708694458,
      3.6043920516967773,
      6.0634684562683105,
      8.004703521728516,
      10.584885597229004,
      9.676011085510254,
      14.385971069335938,
      13.842001914978027,
      29.519208908081055,
      26.160598754882812,
      20.10984230041504,
      20.138620376586914,
      22.930660247802734,
      23.779878616333008,
      21.885868072509766,
      22.07718276977539,
      12.148412704467773,
      12.149591445922852
    ],
    [
      1.7895550727844238,
      0.6452749371528625,
      7.375107288360596,
      6.187920570373535,
      21.963909149169922,
      11.562275886535645,
      26.35466194152832,
      16.502979278564453,
      31.422849655151367,
      20.10984230041504,
      32.89126205444336,
      23.458633422851562,
      23.990699768066406,
      20.87493896484375,
      23.54082489013672,
      20.45676612854004,
      10.674983024597168,
      10.132439613342285
    ],
    [
      4.5403666496276855,
      3.681253671646118,
      6.462542533874512,
      7.75997257232666,
      10.085359573364258,
      9.043673515319824,
      13.426591873168945,
      13.847495079040527,
      21.861358642578125,
      20.138620376586914,
      23.458633422851562,
      25.143888473510742,
      22.54030990600586,
      24.655668258666992,
      21.438800811767578,
      22.862451553344727,
      12.440106391906738,
      12.554261207580566
    ],
    [
      2.295295000076294,
      2.058039426803589,
      8.43979549407959,
      9.880721092224121,
      11.665599822998047,
      9.892991065979004,
      14.2654390335083,
      14.607051849365234,
      26.839391708374023,
      22.930660247802734,
      23.990699768066406,
      22.54030990600586,
      40.66926956176758,
      38.504127502441406,
      37.459510803222656,
      36.8914909362793,
      20.805612564086914,
      20.845928192138672
    ],
    [
      4.361656188964844,
      4.314654350280762,
      9.11745834350586,
      12.438458442687988,
      6.977154731750488,
      9.590555191040039,
      10.454678535461426,
      15.328619956970215,
      22.428510665893555,
      23.779878616333008,
      20.87493896484375,
      24.655668258666992,
      38.504127502441406,
      42.7264518737793,
      35.910118103027344,
      39.7689208984375,
      22.403141021728516,
      23.50505828857422
    ],
    [
      3.889636754989624,
      3.3553552627563477,
      10.122588157653809,
      10.052635192871094,
      14.98302936553955,
      10.239998817443848,
      14.535592079162598,
      12.86574935913086,
      26.994976043701172,
      21.885868072509766,
      23.54082489013672,
      21.438800811767578,
      37.459510803222656,
      35.910118103027344,
      49.124935150146484,
      46.20991897583008,
      27.483537673950195,
      27.146364212036133
    ],
    [
      5.945590019226074,
      5.331640720367432,
      9.985442161560059,
      11.94363021850586,
      9.761240005493164,
      9.378328323364258,
      10.749680519104004,
      13.252779960632324,
      22.550907135009766,
      22.07718276977539,
      20.45676612854004,
      22.862451553344727,
      36.8914909362793,
      39.7689208984375,
      46.20991897583008,
      49.333683013916016,
      28.907554626464844,
      30.239051818847656
    ],
    [
      4.9931230545043945,
      4.666263103485107,
      5.428543567657471,
      7.3906569480896,
      6.135051250457764,
      6.072786808013916,
      7.570679187774658,
      8.833603858947754,
      11.85494613647461,
      12.148412704467773,
      10.674983024597168,
      12.440106391906738,
      20.805612564086914,
      22.403141021728516,
      27.483537673950195,
      28.907554626464844,
      31.895082473754883,
      31.262495040893555
    ],
    [
      4.908192157745361,
      4.5530104637146,
      5.291775703430176,
      7.567593097686768,
      5.273232460021973,
      5.886318206787109,
      7.20162296295166,
      9.02383804321289,
      11.13762092590332,
      12.149591445922852,
      10.132439613342285,
      12.554261207580566,
      20.845928192138672,
      23.50505828857422,
      27.146364212036133,
      30.239051818847656,
      31.262495040893555,
      32.14341735839844
    ]
  ],
  "drr": 15.60911750793457,
  "dynamics": 3.002808094024658,
  "format": 1245190,
  "frames": 7591936,
  "loudness": -11.312301635742188,
  "loudness_range": 7.369009017944336,
  "loudness_range_short": 10.346683502197266,
  "peak": -1.0689560174942017,
  "rms": -13.779159545898438,
  "sample_rate": 44100,
  "sections": 1,
  "seekable": 1,
  "sharpness": 2.5324528217315674,
  "space": -6.903895854949951
}