{
  "bands": [
    {
      "high_freq": 148.1999969482422,
      "loudness": -21.952728271484375,
      "loudness_range": 20.77043914794922,
      "mid_mean": -18.390384674072266,
      "mid_to_side_loudness": -20.727493286132812,
      "mid_to_side_loudness_range": 20.923036575317383,
      "side_mean": -39.85895538330078
    },
    {
      "high_freq": 392.3793640136719,
      "loudness": -21.33957862854004,
      "loudness_range": 9.439102172851562,
      "low_freq": 148.1999969482422,
      "mid_mean": -18.481021881103516,
      "mid_to_side_loudness": -9.104085922241211,
      "mid_to_side_loudness_range": 15.452159881591797,
      "side_mean": -27.52895736694336
    },
    {
      "high_freq": 794.6976318359375,
      "loudness": -24.847620010375977,
      "loudness_range": 13.071800231933594,
      "low_freq": 392.3793640136719,
      "mid_mean": -22.424598693847656,
      "mid_to_side_loudness": -7.478321075439453,
      "mid_to_side_loudness_range": 18.153905868530273,
      "side_mean": -29.95226287841797
    },
    {
      "high_freq": 1457.5709228515625,
      "loudness": -27.010000228881836,
      "loudness_range": 20.702369689941406,
      "low_freq": 794.6976318359375,
      "mid_mean": -24.312387466430664,
      "mid_to_side_loudness": -9.875032424926758,
      "mid_to_side_loudness_range": 21.309242248535156,
      "side_mean": -34.412899017333984
    },
    {
      "high_freq": 2549.74365234375,
      "loudness": -28.79077911376953,
      "loudness_range": 20.044578552246094,
      "low_freq": 1457.5709228515625,
      "mid_mean": -26.136356353759766,
      "mid_to_side_loudness": -9.079390525817871,
      "mid_to_side_loudness_range": 21.624963760375977,
      "side_mean": -35.86788558959961
    },
    {
      "high_freq": 4349.24462890625,
      "loudness": -28.77405548095703,
      "loudness_range": 17.697050094604492,
      "low_freq": 2549.74365234375,
      "mid_mean": -25.701444625854492,
      "mid_to_side_loudness": -14.462756156921387,
      "mid_to_side_loudness_range": 27.302227020263672,
      "side_mean": -39.49007034301758
    },
    {
      "high_freq": 7314.1640625,
      "loudness": -33.919593811035156,
      "loudness_range": 15.286308288574219,
      "low_freq": 4349.24462890625,
      "mid_mean": -30.595190048217773,
      "mid_to_side_loudness": -16.312381744384766,
      "mid_to_side_loudness_range": 27.372629165649414,
      "side_mean": -47.653377532958984
    },
    {
      "high_freq": 12199.2666015625,
      "loudness": -36.2476692199707,
      "loudness_range": 17.957197189331055,
      "low_freq": 7314.1640625,
      "mid_mean": -33.302032470703125,
      "mid_to_side_loudness": -14.208749771118164,
      "mid_to_side_loudness_range": 28.865970611572266,
      "side_mean": -48.344215393066406
    },
    {
      "loudness": -44.70277786254883,
      "loudness_range": 16.870601654052734,
      "low_freq": 12199.2666015625,
      "mid_mean": -41.78063201904297,
      "mid_to_side_loudness": -12.919918060302734,
      "mid_to_side_loudness_range": 26.011171340942383,
      "side_mean": -55.61625671386719
    }
  ],
  "bands_short": [
    {
      "high_freq": 148.1999969482422,
      "loudness": -26.273571014404297,
      "loudness_range": 27.70488739013672,
      "mid_mean": -22.839893341064453,
      "mid_to_side_loudness": -19.086593627929688,
      "mid_to_side_loudness_range": 25.116199493408203,
      "side_mean": -42.96324920654297
    },
    {
      "high_freq": 392.3793640136719,
      "loudness": -21.571577072143555,
      "loudness_range": 14.404081344604492,
      "low_freq": 148.1999969482422,
      "mid_mean": -18.770416259765625,
      "mid_to_side_loudness": -9.698317527770996,
      "mid_to_side_loudness_range": 18.958839416503906,
      "side_mean": -28.652984619140625
    },
    {
      "high_freq": 794.6976318359375,
      "loudness": -25.49517059326172,
      "loudness_range": 15.973522186279297,
      "low_freq": 392.3793640136719,
      "mid_mean": -23.328449249267578,
      "mid_to_side_loudness": -6.659869194030762,
      "mid_to_side_loudness_range": 19.346750259399414,
      "side_mean": -30.17072296142578
    },
    {
      "high_freq": 1457.5709228515625,
      "loudness": -28.339130401611328,
      "loudness_range": 24.351104736328125,
      "low_freq": 794.6976318359375,
      "mid_mean": -25.83152198791504,
      "mid_to_side_loudness": -8.339426040649414,
      "mid_to_side_loudness_range": 21.721635818481445,
      "side_mean": -34.712615966796875
    },
    {
      "high_freq": 2549.74365234375,
      "loudness": -30.69832992553711,
      "loudness_range": 24.290868759155273,
      "low_freq": 1457.5709228515625,
      "mid_mean": -28.274051666259766,
      "mid_to_side_loudness": -7.516504764556885,
      "mid_to_side_loudness_range": 20.91747283935547,
      "side_mean": -36.85829162597656
    },
    {
      "high_freq": 4349.24462890625,
      "loudness": -30.99730682373047,
      "loudness_range": 23.75285530090332,
      "low_freq": 2549.74365234375,
      "mid_mean": -28.17894744873047,
      "mid_to_side_loudness": -12.220691680908203,
      "mid_to_side_loudness_range": 26.42805290222168,
      "side_mean": -40.552616119384766
    },
    {
      "high_freq": 7314.1640625,
      "loudness": -37.10063934326172,
      "loudness_range": 24.843482971191406,
      "low_freq": 4349.24462890625,
      "mid_mean": -34.09360885620117,
      "mid_to_side_loudness": -13.252607345581055,
      "mid_to_side_loudness_range": 26.02578353881836,
      "side_mean": -50.24892807006836
    },
    {
      "high_freq": 12199.2666015625,
      "loudness": -38.40675354003906,
      "loudness_range": 23.345014572143555,
      "low_freq": 7314.1640625,
      "mid_mean": -35.6599006652832,
      "mid_to_side_loudness": -11.98128604888916,
      "mid_to_side_loudness_range": 26.74582862854004,
      "side_mean": -50.665748596191406
    },
    {
      "loudness": -46.734066009521484,
      "loudness_range": 22.182205200195312,
      "low_freq": 12199.2666015625,
      "mid_mean": -44.04092025756836,
      "mid_to_side_loudness": -10.612226486206055,
      "mid_to_side_loudness_range": 24.954429626464844,
      "side_mean": -57.04608917236328
    }
  ],
  "channels": 2,
  "covariance": [
    [
      59.52009582519531,
      27.91357421875,
      9.82293701171875,
      12.296623229980469,
      4.639656066894531,
      13.93293571472168,
      6.701510906219482,
      14.227848052978516,
      8.336260795593262,
      20.49498748779297,
      6.562569618225098,
      15.878148078918457,
      7.669201374053955,
      26.504135131835938,
      8.974875450134277,
      26.532730102539062,
      11.36728286743164,
      20.819072723388672
    ],
    [
      27.91357421875,
      56.21924591064453,
      11.889305114746094,
      26.060285568237305,
      14.482458114624023,
      27.69686508178711,
      18.335712432861328,
      25.44189453125,
      18.573848724365234,
      32.034095764160156,
      17.52029037475586,
      32.84723663330078,
      17.044641494750977,
      42.41263198852539,
      18.077735900878906,
      45.58353805541992,
      16.06290626525879,
      35.360172271728516
    ],
    [
      9.82293701171875,
      11.889305114746094,
      15.240728378295898,
      12.80262279510498,
      11.497088432312012,
      13.319648742675781,
      7.975207805633545,
      12.5639066696167,
      7.708987712860107,
      13.370877265930176,
      7.830694675445557,
      11.823657035827637,
      12.024802207946777,
      16.651540756225586,
      11.84732437133789,
      19.975648880004883,
      11.15233039855957,
      17.11228370666504
    ],
    [
      12.296623229980469,
      26.060285568237305,
      12.80262279510498,
      40.74435806274414,
      11.85267162322998,
      36.82158279418945,
      9.735573768615723,
      34.01156997680664,
      9.329022407531738,
      39.575260162353516,
      7.031811714172363,
      38.004364013671875,
      13.249994277954102,
      47.359222412109375,
      12.128792762756348,
      54.57203674316406,
      10.455560684204102,
      45.49581527709961
    ],
    [
      4.639656066894531,
      14.482458114624023,
      11.497088432312012,
      11.85267162322998,
      28.30784797668457,
      18.19894027709961,
      27.565895080566406,
      18.710054397583008,
      23.188814163208008,
      19.2259521484375,
      20.557819366455078,
      13.172151565551758,
      15.019657135009766,
      17.325634002685547,
      19.733610153198242,
      21.29322624206543,
      19.88727378845215,
      17.185176849365234
    ],
    [
      13.93293571472168,
      27.69686508178711,
      13.319648742675781,
      36.82158279418945,
      18.19894027709961,
      52.73897171020508,
      16.885196685791016,
      46.041996002197266,
      14.089961051940918,
      51.91151809692383,
      9.93232536315918,
      50.12693786621094,
      15.65996265411377,
      57.702632904052734,
      16.024168014526367,
      67.51580810546875,
      14.211409568786621,
      56.02687454223633
    ],
    [
      6.701510906219482,
      18.335712432861328,
      7.975207805633545,
      9.735573768615723,
      27.565895080566406,
      16.885196685791016,
      58.28113555908203,
      25.37778091430664,
      40.20322036743164,
      23.2955379486084,
      36.608619689941406,
      16.63243293762207,
      20.933914184570312,
      22.239559173583984,
      27.11332130432129,
      20.742856979370117,
      27.655818939208984,
      15.235762596130371
    ],
    [
      14.227848052978516,
      25.44189453125,
      12.5639066696167,
      34.01156997680664,
      18.710054397583008,
      46.041996002197266,
      25.37778091430664,
      54.85476303100586,
      20.00575065612793,
      55.74028396606445,
      15.70286750793457,
      51.59294509887695,
      18.408205032348633,
      56.53995895385742,
      19.248937606811523,
      65.56282806396484,
      17.389156341552734,
      54.83900451660156
    ],
    [
      8.336260795593262,
      18.573848724365234,
      7.708987712860107,
      9.329022407531738,
      23.188814163208008,
      14.089961051940918,
      40.20322036743164,
      20.00575065612793,
      51.96601486206055,
      26.721826553344727,
      41.29487609863281,
      21.429431915283203,
      21.767480850219727,
      19.371511459350586,
      28.217426300048828,
      19.77763557434082,
      29.031654357910156,
      14.249247550964355
    ],
    [
      20.49498748779297,
      32.034095764160156,
      13.370877265930176,
      39.575260162353516,
      19.2259521484375,
      51.91151809692383,
      23.2955379486084,
      55.74028396606445,
      26.721826553344727,
      73.99639129638672,
      19.15047836303711,
      64.95571899414062,
      21.44359588623047,
      71.52371978759766,
      22.117286682128906,
      78.91030883789062,
      19.81125831604004,
      64.11128997802734
    ],
    [
      6.562569618225098,
      17.52029037475586,
      7.830694675445557,
      7.031811714172363,
      20.557819366455078,
      9.93232536315918,
      36.608619689941406,
      15.70286750793457,
      41.29487609863281,
      19.15047836303711,
      43.99636459350586,
      17.29059410095215,
      25.826688766479492,
      17.612768173217773,
      30.181718826293945,
      17.434587478637695,
      29.25144386291504,
      12.134696006774902
    ],
    [
      15.878148078918457,
      32.84723663330078,
      11.823657035827637,
      38.004364013671875,
      13.172151565551758,
      50.12693786621094,
      16.63243293762207,
      51.59294509887695,
      21.429431915283203,
      64.95571899414062,
      17.29059410095215,
      84.97351837158203,
      20.24831771850586,
      82.79249572753906,
      20.206066131591797,
      90.68120574951172,
      15.865410804748535,
      73.42499542236328
    ],
    [
      7.669201374053955,
      17.044641494750977,
      12.024802207946777,
      13.249994277954102,
      15.019657135009766,
      15.65996265411377,
      20.933914184570312,
      18.408205032348633,
      21.767480850219727,
      21.44359588623047,
      25.826688766479492,
      20.24831771850586,
      36.15108108520508,
      34.38295364379883,
      29.65288543701172,
      32.65141677856445,
      24.620512008666992,
      24.046892166137695
    ],
    [
      26.504135131835938,
      42.41263198852539,
      16.651540756225586,
      47.359222412109375,
      17.325634002685547,
      57.702632904052734,
      22.239559173583984,
      56.53995895385742,
      19.371511459350586,
      71.52371978759766,
      17.612768173217773,
      82.79249572753906,
      34.38295364379883,
      129.25701904296875,
      33.459049224853516,
      128.62693786621094,
      24.827939987182617,
      97.794921875
    ],
    [
      8.974875450134277,
      18.077735900878906,
      11.84732437133789,
      12.128792762756348,
      19.733610153198242,
      16.024168014526367,
      27.11332130432129,
      19.248937606811523,
      28.217426300048828,
      22.117286682128906,
      30.181718826293945,
      20.206066131591797,
      29.65288543701172,
      33.459049224853516,
      39.15505599975586,
      38.19999313354492,
      33.456390380859375,
      28.6965389251709
    ],
    [
      26.532730102539062,
      45.58353805541992,
      19.975648880004883,
      54.57203674316406,
      21.29322624206543,
      67.51580810546875,
      20.742856979370117,
      65.56282806396484,
      19.77763557434082,
      78.91030883789062,
      17.434587478637695,
      90.68120574951172,
      32.65141677856445,
      128.62693786621094,
      38.19999313354492,
      153.99899291992188,
      28.322525024414062,
      119.2585678100586
    ],
    [
      11.36728286743164,
      16.06290626525879,
      11.15233039855957,
      10.455560684204102,
      19.88727378845215,
      14.211409568786621,
      27.655818939208984,
      17.389156341552734,
      29.031654357910156,
      19.81125831604004,
      29.25144386291504,
      15.865410804748535,
      24.620512008666992,
      24.827939987182617,
      33.456390380859375,
      28.322525024414062,
      36.14326477050781,
      23.390344619750977
    ],
    [
      20.819072723388672,
      35.360172271728516,
      17.11228370666504,
      45.49581527709961,
      17.185176849365234,
      56.02687454223633,
      15.235762596130371,
      54.83900451660156,
      14.249247550964355,
      64.11128997802734,
      12.134696006774902,
      73.42499542236328,
      24.046892166137695,
      97.794921875,
      28.6965389251709,
      119.2585678100586,
      23.390344619750977,
      102.05764770507812
    ]
  ],
  "covariance_short": [
    [
      82.82544708251953,
      33.02635955810547,
      24.58066749572754,
      13.849906921386719,
      7.7198920249938965,
      13.157868385314941,
      7.3720574378967285,
      14.122108459472656,
      10.863862037658691,
      21.90570640563965,
      10.588418006896973,
      20.120140075683594,
      16.60160255432129,
      28.220794677734375,
      13.23741340637207,
      27.654218673706055,
      14.076428413391113,
      21.222705841064453
    ],
    [
      33.02635955810547,
      67.77740478515625,
      16.19642448425293,
      28.567201614379883,
      13.863995552062988,
      25.59905433654785,
      16.29505729675293,
      23.586198806762695,
      18.52512550354004,
      31.236862182617188,
      18.84652328491211,
      34.00105667114258,
      20.03861427307129,
      43.734066009521484,
      18.129688262939453,
      44.72209930419922,
      16.22553062438965,
      33.99882888793945
    ],
    [
      24.58066749572754,
      16.19642448425293,
      28.906789779663086,
      14.987261772155762,
      13.932438850402832,
      13.730852127075195,
      11.018789291381836,
      12.981382369995117,
      12.865492820739746,
      16.19052505493164,
      13.400712013244629,
      15.71147346496582,
      18.874757766723633,
      21.723854064941406,
      16.50872039794922,
      23.864194869995117,
      16.8297061920166,
      19.964515686035156
    ],
    [
      13.849906921386719,
      28.567201614379883,
      14.987261772155762,
      49.02296829223633,
      13.775654792785645,
      35.76844024658203,
      13.123656272888184,
      33.5313835144043,
      13.425493240356445,
      39.90641784667969,
      9.899646759033203,
      38.21409606933594,
      15.445940017700195,
      50.10136413574219,
      14.252503395080566,
      54.7259635925293,
      12.193605422973633,
      43.999053955078125
    ],
    [
      7.7198920249938965,
      13.863995552062988,
      13.932438850402832,
      13.775654792785645,
      37.117488861083984,
      19.85518455505371,
      33.4859504699707,
      20.21925926208496,
      30.219594955444336,
      22.568626403808594,
      27.78600311279297,
      18.28929901123047,
      19.749122619628906,
      18.2601261138916,
      23.672988891601562,
      21.318761825561523,
      24.640480041503906,
      16.339893341064453
    ],
    [
      13.157868385314941,
      25.59905433654785,
      13.730852127075195,
      35.76844024658203,
      19.85518455505371,
      51.7801628112793,
      20.972200393676758,
      43.35730743408203,
      20.13852310180664,
      49.83820343017578,
      14.892898559570312,
      48.943519592285156,
      16.803491592407227,
      56.755191802978516,
      17.506793975830078,
      62.52766418457031,
      15.936356544494629,
      49.89714431762695
    ],
    [
      7.3720574378967285,
      16.29505729675293,
      11.018789291381836,
      13.123656272888184,
      33.4859504699707,
      20.972200393676758,
      74.46639251708984,
      32.4468879699707,
      52.050933837890625,
      30.200647354125977,
      50.024253845214844,
      26.76222038269043,
      30.759117126464844,
      24.546083450317383,
      35.106964111328125,
      25.786230087280273,
      35.653743743896484,
      17.53152847290039
    ],
    [
      14.122108459472656,
      23.586198806762695,
      12.981382369995117,
      33.5313835144043,
      20.21925926208496,
      43.35730743408203,
      32.4468879699707,
      57.42396545410156,
      26.711017608642578,
      55.18733215332031,
      20.661203384399414,
      52.51853561401367,
      20.429866790771484,
      57.90666580200195,
      21.37523078918457,
      63.75600814819336,
      19.22386932373047,
      50.917118072509766
    ],
    [
      10.863862037658691,
      18.52512550354004,
      12.865492820739746,
      13.425493240356445,
      30.219594955444336,
      20.13852310180664,
      52.050933837890625,
      26.711017608642578,
      70.904052734375,
      36.388946533203125,
      57.416038513183594,
      34.56947708129883,
      35.6927490234375,
      26.417640686035156,
      37.734413146972656,
      26.4455509185791,
      37.72237777709961,
      17.93039894104004
    ],
    [
      21.90570640563965,
      31.236862182617188,
      16.19052505493164,
      39.90641784667969,
      22.568626403808594,
      49.83820343017578,
      30.200647354125977,
      55.18733215332031,
      36.388946533203125,
      78.85066986083984,
      26.551240921020508,
      68.49864959716797,
      26.920459747314453,
      76.2936019897461,
      26.011089324951172,
      78.45477294921875,
      23.625259399414062,
      60.776248931884766
    ],
    [
      10.588418006896973,
      18.84652328491211,
      13.400712013244629,
      9.899646759033203,
      27.78600311279297,
      14.892898559570312,
      50.024253845214844,
      20.661203384399414,
      57.416038513183594,
      26.551240921020508,
      71.03498077392578,
      30.789079666137695,
      48.043270111083984,
      25.93571662902832,
      46.17937088012695,
      25.024282455444336,
      44.7091064453125,
      16.265010833740234
    ],
    [
      20.120140075683594,
      34.00105667114258,
      15.71147346496582,
      38.21409606933594,
      18.28929901123047,
      48.943519592285156,
      26.76222038269043,
      52.51853561401367,
      34.56947708129883,
      68.49864959716797,
      30.789079666137695,
      93.11722564697266,
      31.935104370117188,
      92.13461303710938,
      30.220354080200195,
      96.56504821777344,
      24.68478775024414,
      74.46113586425781
    ],
    [
      16.60160255432129,
      20.03861427307129,
      18.874757766723633,
      15.445940017700195,
      19.749122619628906,
      16.803491592407227,
      30.759117126464844,
      20.429866790771484,
      35.6927490234375,
      26.920459747314453,
      48.043270111083984,
      31.935104370117188,
      73.5742416381836,
      52.26335525512695,
      53.032630920410156,
      44.5206184387207,
      45.88487243652344,
      31.083208084106445
    ],
    [
      28.220794677734375,
      43.734066009521484,
      21.723854064941406,
      50.10136413574219,
      18.2601261138916,
      56.755191802978516,
      24.546083450317383,
      57.90666580200195,
      26.417640686035156,
      76.2936019897461,
      25.93571662902832,
      92.13461303710938,
      52.26335525512695,
      155.49771118164062,
      43.11111068725586,
      149.27716064453125,
      33.293846130371094,
      109.53236389160156
    ],
    [
      13.23741340637207,
      18.129688262939453,
      16.50872039794922,
      14.252503395080566,
      23.672988891601562,
      17.506793975830078,
      35.106964111328125,
      21.37523078918457,
      37.734413146972656,
      26.011089324951172,
      46.17937088012695,
      30.220354080200195,
      53.032630920410156,
      43.11111068725586,
      63.21723175048828,
      48.480674743652344,
      54.24569320678711,
      35.11030578613281
    ],
    [
      27.654218673706055,
      44.72209930419922,
      23.864194869995117,
      54.7259635925293,
      21.318761825561523,
      62.52766418457031,
      25.786230087280273,
      63.75600814819336,
      26.4455509185791,
      78.45477294921875,
      25.024282455444336,
      96.56504821777344,
      44.5206184387207,
      149.27716064453125,
      48.480674743652344,
      170.50376892089844,
      37.53083801269531,
      128.26365661621094
    ],
    [
      14.076428413391113,
      16.22553062438965,
      16.8297061920166,
      12.193605422973633,
      24.640480041503906,
      15.936356544494629,
      35.653743743896484,
      19.22386932373047,
      37.72237777709961,
      23.625259399414062,
      44.7091064453125,
      24.68478775024414,
      45.88487243652344,
      33.293846130371094,
      54.24569320678711,
      37.53083801269531,
      61.91151428222656,
      30.36181640625
    ],
    [
      21.222705841064453,
      33.99882888793945,
      19.964515686035156,
      43.999053955078125,
      16.339893341064453,
      49.89714431762695,
      17.53152847290039,
      50.917118072509766,
      17.93039894104004,
      60.776248931884766,
      16.265010833740234,
      74.46113586425781,
      31.083208084106445,
      109.53236389160156,
      35.11030578613281,
      128.26365661621094,
      30.36181640625,
      107.49187469482422
    ]
  ],
  "drr": 16.66974639892578,
  "dynamics": 3.554574728012085,
  "format": 1245190,
  "frames": 11016192,
  "loudness": -11.258391380310059,
  "loudness_range": 8.498634338378906,
  "loudness_range_short": 13.810483932495117,
  "peak": 0.6488086581230164,
  "rms": -12.497967720031738,
  "sample_rate": 44100,
  "sections": 1,
  "seekable": 1,
  "sharpness": 3.783839225769043,
  "space": -10.914017677307129
}