{
  "bands": [
    {
      "high_freq": 148.1999969482422,
      "loudness": -33.20497512817383,
      "loudness_range": 20.673009872436523,
      "mid_mean": -31.468826293945312,
      "mid_to_side_loudness": -3.6469409465789795,
      "mid_to_side_loudness_range": 11.787724494934082,
      "side_mean": -35.16520309448242
    },
    {
      "high_freq": 392.3793640136719,
      "loudness": -29.70406723022461,
      "loudness_range": 14.36872673034668,
      "low_freq": 148.1999969482422,
      "mid_mean": -28.82642936706543,
      "mid_to_side_loudness": -0.6109012961387634,
      "mid_to_side_loudness_range": 4.814455986022949,
      "side_mean": -29.428632736206055
    },
    {
      "high_freq": 794.6976318359375,
      "loudness": -27.9638729095459,
      "loudness_range": 14.982892990112305,
      "low_freq": 392.3793640136719,
      "mid_mean": -27.386877059936523,
      "mid_to_side_loudness": 0.04430761933326721,
      "mid_to_side_loudness_range": 4.81829833984375,
      "side_mean": -27.343923568725586
    },
    {
      "high_freq": 1457.5709228515625,
      "loudness": -36.66270446777344,
      "loudness_range": 22.771862030029297,
      "low_freq": 794.6976318359375,
      "mid_mean": -35.34558868408203,
      "mid_to_side_loudness": -1.6528211832046509,
      "mid_to_side_loudness_range": 5.193997383117676,
      "side_mean": -37.16720962524414
    },
    {
      "high_freq": 2549.74365234375,
      "loudness": -42.48780822753906,
      "loudness_range": 36.068702697753906,
      "low_freq": 1457.5709228515625,
      "mid_mean": -42.07448196411133,
      "mid_to_side_loudness": 0.1334676444530487,
      "mid_to_side_loudness_range": 3.4664525985717773,
      "side_mean": -41.969844818115234
    },
    {
      "high_freq": 4349.24462890625,
      "loudness": -58.49839401245117,
      "loudness_range": 25.381519317626953,
      "low_freq": 2549.74365234375,
      "mid_mean": -57.59520721435547,
      "mid_to_side_loudness": -0.11983659118413925,
      "mid_to_side_loudness_range": 1.4870858192443848,
      "side_mean": -57.69763946533203
    },
    {
      "high_freq": 7314.1640625,
      "loudness": -66.2015609741211,
      "loudness_range": 21.110153198242188,
      "low_freq": 4349.24462890625,
      "mid_mean": -63.4963264465332,
      "mid_to_side_loudness": -0.12041595578193665,
      "mid_to_side_loudness_range": 1.0709590911865234,
      "side_mean": -63.571441650390625
    },
    {
      "high_freq": 12199.2666015625,
      "loudness": -70.19180297851562,
      "loudness_range": 6.4884185791015625,
      "low_freq": 7314.1640625,
      "mid_mean": -66.60494232177734,
      "mid_to_side_loudness": -0.22051820158958435,
      "mid_to_side_loudness_range": 0.6976047158241272,
      "side_mean": -66.72809600830078
    },
    {
      "loudness": -69.26193237304688,
      "loudness_range": 1.2017898559570312,
      "low_freq": 12199.2666015625,
      "mid_mean": -66.2387466430664,
      "mid_to_side_loudness": -0.13891857862472534,
      "mid_to_side_loudness_range": 0.4167364835739136,
      "side_mean": -66.31784057617188
    }
  ],
  "bands_short": [
    {
      "high_freq": 148.1999969482422,
      "loudness": -35.81123352050781,
      "loudness_range": 26.526538848876953,
      "mid_mean": -34.24775695800781,
      "mid_to_side_loudness": -3.4631099700927734,
      "mid_to_side_loudness_range": 14.610662460327148,
      "side_mean": -38.03690719604492
    },
    {
      "high_freq": 392.3793640136719,
      "loudness": -30.06124496459961,
      "loudness_range": 14.104490280151367,
      "low_freq": 148.1999969482422,
      "mid_mean": -29.149017333984375,
      "mid_to_side_loudness": -0.9238226413726807,
      "mid_to_side_loudness_range": 7.4014177322387695,
      "side_mean": -30.060646057128906
    },
    {
      "high_freq": 794.6976318359375,
      "loudness": -29.401968002319336,
      "loudness_range": 16.01007843017578,
      "low_freq": 392.3793640136719,
      "mid_mean": -28.90526580810547,
      "mid_to_side_loudness": -0.0053359633311629295,
      "mid_to_side_loudness_range": 7.1503143310546875,
      "side_mean": -28.88672637939453
    },
    {
      "high_freq": 1457.5709228515625,
      "loudness": -34.85125732421875,
      "loudness_range": 24.04410743713379,
      "low_freq": 794.6976318359375,
      "mid_mean": -33.7833137512207,
      "mid_to_side_loudness": -1.1202638149261475,
      "mid_to_side_loudness_range": 6.320797920227051,
      "side_mean": -35.08204650878906
    },
    {
      "high_freq": 2549.74365234375,
      "loudness": -43.46018600463867,
      "loudness_range": 38.11247253417969,
      "low_freq": 1457.5709228515625,
      "mid_mean": -43.32691192626953,
      "mid_to_side_loudness": 0.12972016632556915,
      "mid_to_side_loudness_range": 4.955814361572266,
      "side_mean": -43.24433517456055
    },
    {
      "high_freq": 4349.24462890625,
      "loudness": -62.80120849609375,
      "loudness_range": 29.018783569335938,
      "low_freq": 2549.74365234375,
      "mid_mean": -60.85758972167969,
      "mid_to_side_loudness": -0.09461677074432373,
      "mid_to_side_loudness_range": 3.256770372390747,
      "side_mean": -60.92897033691406
    },
    {
      "high_freq": 7314.1640625,
      "loudness": -69.56490325927734,
      "loudness_range": 19.445316314697266,
      "low_freq": 4349.24462890625,
      "mid_mean": -65.57386016845703,
      "mid_to_side_loudness": -0.14321023225784302,
      "mid_to_side_loudness_range": 2.4129109382629395,
      "side_mean": -65.64189147949219
    },
    {
      "high_freq": 12199.2666015625,
      "loudness": -70.83341217041016,
      "loudness_range": 7.285087585449219,
      "low_freq": 7314.1640625,
      "mid_mean": -66.90159606933594,
      "mid_to_side_loudness": -0.19695603847503662,
      "mid_to_side_loudness_range": 1.6253983974456787,
      "side_mean": -67.0052490234375
    },
    {
      "loudness": -69.31572723388672,
      "loudness_range": 1.5034713745117188,
      "low_freq": 12199.2666015625,
      "mid_mean": -66.26573181152344,
      "mid_to_side_loudness": -0.1350250393152237,
      "mid_to_side_loudness_range": 1.2422938346862793,
      "side_mean": -66.34246826171875
    }
  ],
  "channels": 2,
  "covariance": [
    [
      63.61317825317383,
      46.14552307128906,
      9.080405235290527,
      6.8715596199035645,
      -1.4331743717193604,
      -0.37511274218559265,
      26.93849754333496,
      27.22429847717285,
      7.749689102172852,
      8.77328109741211,
      16.779003143310547,
      16.5278377532959,
      6.687742233276367,
      6.754847526550293,
      1.1351697444915771,
      1.0551502704620361,
      0.48533985018730164,
      0.45504653453826904
    ],
    [
      46.14552307128906,
      48.26980209350586,
      11.68488883972168,
      10.379644393920898,
      -6.004228115081787,
      -4.302691459655762,
      20.267303466796875,
      20.658443450927734,
      9.44771671295166,
      10.755260467529297,
      13.45838451385498,
      13.381596565246582,
      4.474813461303711,
      4.581424713134766,
      1.0233006477355957,
      0.9366393685340881,
      0.3926541805267334,
      0.35885122418403625
    ],
    [
      9.080405235290527,
      11.68488883972168,
      26.99705696105957,
      26.210006713867188,
      -3.8435680866241455,
      -4.113770961761475,
      7.568524360656738,
      6.930819511413574,
      -5.26941442489624,
      -5.197355270385742,
      0.1629529893398285,
      0.3392166495323181,
      0.8459057211875916,
      1.016933798789978,
      0.9979091882705688,
      1.1118066310882568,
      0.3175625801086426,
      0.3147347569465637
    ],
    [
      6.8715596199035645,
      10.379644393920898,
      26.210006713867188,
      28.82603645324707,
      -4.435849189758301,
      -4.786501407623291,
      6.138071537017822,
      5.795721054077148,
      -1.2553553581237793,
      -1.379645824432373,
      -0.6893632411956787,
      -0.4693388044834137,
      1.333059310913086,
      1.521214246749878,
      1.2301956415176392,
      1.3574931621551514,
      0.3979555368423462,
      0.41414186358451843
    ],
    [
      -1.4331743717193604,
      -6.004228115081787,
      -3.8435680866241455,
      -4.435849189758301,
      31.937976837158203,
      27.413728713989258,
      -13.026570320129395,
      -11.130464553833008,
      7.021295547485352,
      5.992861270904541,
      6.513304233551025,
      6.504126071929932,
      7.016185283660889,
      6.917117118835449,
      0.9827037453651428,
      1.0701128244400024,
      0.4419196546077728,
      0.4646225869655609
    ],
    [
      -0.37511274218559265,
      -4.302691459655762,
      -4.113770961761475,
      -4.786501407623291,
      27.413728713989258,
      26.147916793823242,
      -10.806800842285156,
      -8.87996768951416,
      6.465339660644531,
      5.675151824951172,
      7.0111541748046875,
      6.991067886352539,
      6.600266933441162,
      6.496176242828369,
      1.0779153108596802,
      1.1146562099456787,
      0.4238370656967163,
      0.44618406891822815
    ],
    [
      26.93849754333496,
      20.267303466796875,
      7.568524360656738,
      6.138071537017822,
      -13.026570320129395,
      -10.806800842285156,
      62.59467697143555,
      58.938865661621094,
      -15.41470718383789,
      -14.738314628601074,
      4.390496253967285,
      4.279095649719238,
      -0.8916363716125488,
      -0.972598135471344,
      0.0062340074218809605,
      -0.1178436279296875,
      0.2295897901058197,
      0.1858416497707367
    ],
    [
      27.22429847717285,
      20.658443450927734,
      6.930819511413574,
      5.795721054077148,
      -11.130464553833008,
      -8.87996768951416,
      58.938865661621094,
      60.18471145629883,
      -12.31127643585205,
      -11.46191120147705,
      6.615017890930176,
      6.468063831329346,
      1.748835802078247,
      1.6484814882278442,
      0.5812251567840576,
      0.41278931498527527,
      0.35138604044914246,
      0.30970674753189087
    ],
    [
      7.749689102172852,
      9.44771671295166,
      -5.26941442489624,
      -1.2553553581237793,
      7.021295547485352,
      6.465339660644531,
      -15.41470718383789,
      -12.31127643585205,
      160.70794677734375,
      159.8136749267578,
      30.83098030090332,
      30.312442779541016,
      20.165451049804688,
      20.140405654907227,
      7.401481628417969,
      6.750812530517578,
      1.6921932697296143,
      1.6658285856246948
    ],
    [
      8.77328109741211,
      10.755260467529297,
      -5.197355270385742,
      -1.379645824432373,
      5.992861270904541,
      5.675151824951172,
      -14.738314628601074,
      -11.46191120147705,
      159.8136749267578,
      161.46392822265625,
      29.969499588012695,
      29.527997970581055,
      20.22308349609375,
      20.094282150268555,
      7.166826248168945,
      6.513040542602539,
      1.6971863508224487,
      1.6718642711639404
    ],
    [
      16.779003143310547,
      13.45838451385498,
      0.1629529893398285,
      -0.6893632411956787,
      6.513304233551025,
      7.0111541748046875,
      4.390496253967285,
      6.615017890930176,
      30.83098030090332,
      29.969499588012695,
      68.15679931640625,
      67.33984375,
      24.85480308532715,
      24.720134735107422,
      7.175703048706055,
      6.675138473510742,
      2.5038414001464844,
      2.408311128616333
    ],
    [
      16.5278377532959,
      13.381596565246582,
      0.3392166495323181,
      -0.4693388044834137,
      6.504126071929932,
      6.991067886352539,
      4.279095649719238,
      6.468063831329346,
      30.312442779541016,
      29.527997970581055,
      67.33984375,
      66.97123718261719,
      24.584022521972656,
      24.46234130859375,
      7.100945472717285,
      6.603031158447266,
      2.4755423069000244,
      2.3858001232147217
    ],
    [
      6.687742233276367,
      4.474813461303711,
      0.8459057211875916,
      1.333059310913086,
      7.016185283660889,
      6.600266933441162,
      -0.8916363716125488,
      1.748835802078247,
      20.165451049804688,
      20.22308349609375,
      24.85480308532715,
      24.584022521972656,
      33.10942459106445,
      32.903831481933594,
      5.36519193649292,
      5.084280967712402,
      1.6813808679580688,
      1.6348475217819214
    ],
    [
      6.754847526550293,
      4.581424713134766,
      1.016933798789978,
      1.521214246749878,
      6.917117118835449,
      6.496176242828369,
      -0.972598135471344,
      1.6484814882278442,
      20.140405654907227,
      20.094282150268555,
      24.720134735107422,
      24.46234130859375,
      32.903831481933594,
      32.79698181152344,
      5.372209548950195,
      5.107341766357422,
      1.6701083183288574,
      1.6256836652755737
    ],
    [
      1.1351697444915771,
      1.0233006477355957,
      0.9979091882705688,
      1.2301956415176392,
      0.9827037453651428,
      1.0779153108596802,
      0.0062340074218809605,
      0.5812251567840576,
      7.401481628417969,
      7.166826248168945,
      7.175703048706055,
      7.100945472717285,
      5.36519193649292,
      5.372209548950195,
      2.364682912826538,
      2.2151787281036377,
      0.7544209957122803,
      0.7295921444892883
    ],
    [
      1.0551502704620361,
      0.9366393685340881,
      1.1118066310882568,
      1.3574931621551514,
      1.0701128244400024,
      1.1146562099456787,
      -0.1178436279296875,
      0.41278931498527527,
      6.750812530517578,
      6.513040542602539,
      6.675138473510742,
      6.603031158447266,
      5.084280967712402,
      5.107341766357422,
      2.2151787281036377,
      2.121530771255493,
      0.7229515910148621,
      0.7065243124961853
    ],
    [
      0.48533985018730164,
      0.3926541805267334,
      0.3175625801086426,
      0.3979555368423462,
      0.4419196546077728,
      0.4238370656967163,
      0.2295897901058197,
      0.35138604044914246,
      1.6921932697296143,
      1.6971863508224487,
      2.5038414001464844,
      2.4755423069000244,
      1.6813808679580688,
      1.6701083183288574,
      0.7544209957122803,
      0.7229515910148621,
      0.5593451261520386,
      0.5439809560775757
    ],
    [
      0.45504653453826904,
      0.35885122418403625,
      0.3147347569465637,
      0.41414186358451843,
      0.4646225869655609,
      0.44618406891822815,
      0.1858416497707367,
      0.30970674753189087,
      1.6658285856246948,
      1.6718642711639404,
      2.408311128616333,
      2.3858001232147217,
      1.6348475217819214,
      1.6256836652755737,
      0.7295921444892883,
      0.7065243124961853,
      0.5439809560775757,
      0.537622332572937
    ]
  ],
  "covariance_short": [
    [
      102.03118896484375,
      74.71650695800781,
      17.01531410217285,
      10.710241317749023,
      -0.509939432144165,
      -0.8504167795181274,
      27.243825912475586,
      27.3006534576416,
      13.21348762512207,
      14.285550117492676,
      14.152948379516602,
      14.074210166931152,
      6.911936283111572,
      7.140549659729004,
      1.2781097888946533,
      1.3871315717697144,
      0.6660248041152954,
      0.7187469601631165
    ],
    [
      74.71650695800781,
      80.00970458984375,
      18.783992767333984,
      16.907047271728516,
      -0.9522466063499451,
      -0.8544922471046448,
      19.882448196411133,
      19.155336380004883,
      12.536239624023438,
      13.881566047668457,
      11.69884967803955,
      11.777475357055664,
      4.731047630310059,
      4.968929290771484,
      0.7397067546844482,
      0.8890320062637329,
      0.49337026476860046,
      0.5419785380363464
    ],
    [
      17.01531410217285,
      18.783992767333984,
      27.16071891784668,
      25.08411979675293,
      -0.023361261934041977,
      0.10415318608283997,
      4.214728355407715,
      3.166339159011841,
      -3.3360724449157715,
      -3.2985663414001465,
      3.821369171142578,
      4.063248634338379,
      2.978799343109131,
      3.1339259147644043,
      0.9087482690811157,
      0.9783862829208374,
      0.31027883291244507,
      0.3023933470249176
    ],
    [
      10.710241317749023,
      16.907047271728516,
      25.08411979675293,
      30.754371643066406,
      -0.058994077146053314,
      -0.047017164528369904,
      0.13901084661483765,
      -0.7801305651664734,
      1.538683295249939,
      1.3960312604904175,
      3.294423818588257,
      3.6767749786376953,
      3.5116312503814697,
      3.6416401863098145,
      1.1348282098770142,
      1.1967825889587402,
      0.3525350093841553,
      0.3666296601295471
    ],
    [
      -0.509939432144165,
      -0.9522466063499451,
      -0.023361261934041977,
      -0.058994077146053314,
      37.234580993652344,
      31.028329849243164,
      -17.252811431884766,
      -16.53647804260254,
      18.74768829345703,
      18.05018424987793,
      4.822165012359619,
      5.299985885620117,
      4.071629524230957,
      4.19204044342041,
      1.0458896160125732,
      1.084733486175537,
      0.37467387318611145,
      0.39479386806488037
    ],
    [
      -0.8504167795181274,
      -0.8544922471046448,
      0.10415318608283997,
      -0.047017164528369904,
      31.028329849243164,
      31.850839614868164,
      -14.643072128295898,
      -14.041675567626953,
      17.70745277404785,
      17.043912887573242,
      6.046383857727051,
      6.509674549102783,
      4.1250152587890625,
      4.246619701385498,
      1.1661758422851562,
      1.177477240562439,
      0.35740914940834045,
      0.38184720277786255
    ],
    [
      27.243825912475586,
      19.882448196411133,
      4.214728355407715,
      0.13901084661483765,
      -17.252811431884766,
      -14.643072128295898,
      70.2388687133789,
      67.31119537353516,
      -19.18782615661621,
      -18.62741470336914,
      8.732345581054688,
      8.302438735961914,
      2.2468292713165283,
      2.0119431018829346,
      0.6017499566078186,
      0.5410188436508179,
      0.44591400027275085,
      0.4142470955848694
    ],
    [
      27.3006534576416,
      19.155336380004883,
      3.166339159011841,
      -0.7801305651664734,
      -16.53647804260254,
      -14.041675567626953,
      67.31119537353516,
      72.02241516113281,
      -17.995094299316406,
      -17.524351119995117,
      10.739266395568848,
      10.157343864440918,
      3.435354709625244,
      3.1489579677581787,
      0.9895011782646179,
      0.8877195715904236,
      0.5119710564613342,
      0.49563348293304443
    ],
    [
      13.21348762512207,
      12.536239624023438,
      -3.3360724449157715,
      1.538683295249939,
      18.74768829345703,
      17.70745277404785,
      -19.18782615661621,
      -17.995094299316406,
      181.9215545654297,
      179.354248046875,
      28.384056091308594,
      27.995702743530273,
      20.188997268676758,
      20.208141326904297,
      6.971262454986572,
      6.504690647125244,
      1.7391055822372437,
      1.747567892074585
    ],
    [
      14.285550117492676,
      13.881566047668457,
      -3.2985663414001465,
      1.3960312604904175,
      18.05018424987793,
      17.043912887573242,
      -18.62741470336914,
      -17.524351119995117,
      179.354248046875,
      182.71600341796875,
      27.591333389282227,
      27.339847564697266,
      20.18683624267578,
      20.130950927734375,
      6.794923305511475,
      6.351689338684082,
      1.729354977607727,
      1.7443567514419556
    ],
    [
      14.152948379516602,
      11.69884967803955,
      3.821369171142578,
      3.294423818588257,
      4.822165012359619,
      6.046383857727051,
      8.732345581054688,
      10.739266395568848,
      28.384056091308594,
      27.591333389282227,
      65.9296646118164,
      64.7436294555664,
      25.707242965698242,
      25.509737014770508,
      8.31129264831543,
      7.926768779754639,
      2.6343367099761963,
      2.5603373050689697
    ],
    [
      14.074210166931152,
      11.777475357055664,
      4.063248634338379,
      3.6767749786376953,
      5.299985885620117,
      6.509674549102783,
      8.302438735961914,
      10.157343864440918,
      27.995702743530273,
      27.339847564697266,
      64.7436294555664,
      64.58924102783203,
      25.380491256713867,
      25.24109649658203,
      8.196857452392578,
      7.838656902313232,
      2.5993688106536865,
      2.5392906665802
    ],
    [
      6.911936283111572,
      4.731047630310059,
      2.978799343109131,
      3.5116312503814697,
      4.071629524230957,
      4.1250152587890625,
      2.2468292713165283,
      3.435354709625244,
      20.188997268676758,
      20.18683624267578,
      25.707242965698242,
      25.380491256713867,
      26.515531539916992,
      26.077600479125977,
      6.589355945587158,
      6.293164253234863,
      1.8754041194915771,
      1.8126276731491089
    ],
    [
      7.140549659729004,
      4.968929290771484,
      3.1339259147644043,
      3.6416401863098145,
      4.19204044342041,
      4.246619701385498,
      2.0119431018829346,
      3.1489579677581787,
      20.208141326904297,
      20.130950927734375,
      25.509737014770508,
      25.24109649658203,
      26.077600479125977,
      26.11324691772461,
      6.51923131942749,
      6.3086347579956055,
      1.8373745679855347,
      1.7974249124526978
    ],
    [
      1.2781097888946533,
      0.7397067546844482,
      0.9087482690811157,
      1.1348282098770142,
      1.0458896160125732,
      1.1661758422851562,
      0.6017499566078186,
      0.9895011782646179,
      6.971262454986572,
      6.794923305511475,
      8.31129264831543,
      8.196857452392578,
      6.589355945587158,
      6.51923131942749,
      3.300262212753296,
      3.0775580406188965,
      0.9883450865745544,
      0.9397651553153992
    ],
    [
      1.3871315717697144,
      0.8890320062637329,
      0.9783862829208374,
      1.1967825889587402,
      1.084733486175537,
      1.177477240562439,
      0.5410188436508179,
      0.8877195715904236,
      6.504690647125244,
      6.351689338684082,
      7.926768779754639,
      7.838656902313232,
      6.293164253234863,
      6.3086347579956055,
      3.0775580406188965,
      3.021170139312744,
      0.9369972944259644,
      0.9178276658058167
    ],
    [
      0.6660248041152954,
      0.49337026476860046,
      0.31027883291244507,
      0.3525350093841553,
      0.37467387318611145,
      0.35740914940834045,
      0.44591400027275085,
      0.5119710564613342,
      1.7391055822372437,
      1.729354977607727,
      2.6343367099761963,
      2.5993688106536865,
      1.8754041194915771,
      1.8373745679855347,
      0.9883450865745544,
      0.9369972944259644,
      0.7092511653900146,
      0.6560894250869751
    ],
    [
      0.7187469601631165,
      0.5419785380363464,
      0.3023933470249176,
      0.3666296601295471,
      0.39479386806488037,
      0.38184720277786255,
      0.4142470955848694,
      0.49563348293304443,
      1.747567892074585,
      1.7443567514419556,
      2.5603373050689697,
      2.5392906665802,
      1.8126276731491089,
      1.7974249124526978,
      0.9397651553153992,
      0.9178276658058167,
      0.6560894250869751,
      0.6750802993774414
    ]
  ],
  "drr": 9.258133888244629,
  "dynamics": 2.698274850845337,
  "format": 1245190,
  "frames": 8298496,
  "loudness": -18.531877517700195,
  "loudness_range": 6.582171440124512,
  "loudness_range_short": 9.163867950439453,
  "peak": -2.27065372467041,
  "rms": -20.52011489868164,
  "sample_rate": 44100,
  "sections": 1,
  "seekable": 1,
  "sharpness": 2.358135938644409,
  "space": -1.0278400182724
}