{
  "bands": [
    {
      "high_freq": 148.1999969482422,
      "loudness": -19.696199417114258,
      "loudness_range": 9.948671340942383,
      "mid_mean": -16.054378509521484,
      "mid_to_side_loudness": -22.937129974365234,
      "mid_to_side_loudness_range": 18.48638916015625,
      "side_mean": -39.80024337768555
    },
    {
      "high_freq": 392.3793640136719,
      "loudness": -21.416093826293945,
      "loudness_range": 13.867549896240234,
      "low_freq": 148.1999969482422,
      "mid_mean": -17.976158142089844,
      "mid_to_side_loudness": -13.447346687316895,
      "mid_to_side_loudness_range": 11.441638946533203,
      "side_mean": -31.6284122467041
    },
    {
      "high_freq": 794.6976318359375,
      "loudness": -24.64996337890625,
      "loudness_range": 18.16927146911621,
      "low_freq": 392.3793640136719,
      "mid_mean": -21.313152313232422,
      "mid_to_side_loudness": -12.821372032165527,
      "mid_to_side_loudness_range": 13.964818954467773,
      "side_mean": -34.31557846069336
    },
    {
      "high_freq": 1457.5709228515625,
      "loudness": -29.203536987304688,
      "loudness_range": 28.149152755737305,
      "low_freq": 794.6976318359375,
      "mid_mean": -25.923494338989258,
      "mid_to_side_loudness": -12.586201667785645,
      "mid_to_side_loudness_range": 17.55251121520996,
      "side_mean": -38.97211456298828
    },
    {
      "high_freq": 2549.74365234375,
      "loudness": -31.137042999267578,
      "loudness_range": 26.451873779296875,
      "low_freq": 1457.5709228515625,
      "mid_mean": -28.053813934326172,
      "mid_to_side_loudness": -12.192936897277832,
      "mid_to_side_loudness_range": 17.37830352783203,
      "side_mean": -40.71103286743164
    },
    {
      "high_freq": 4349.24462890625,
      "loudness": -34.48859405517578,
      "loudness_range": 23.41017723083496,
      "low_freq": 2549.74365234375,
      "mid_mean": -31.263782501220703,
      "mid_to_side_loudness": -13.125605583190918,
      "mid_to_side_loudness_range": 14.50727367401123,
      "side_mean": -44.9318962097168
    },
    {
      "high_freq": 7314.1640625,
      "loudness": -40.90642166137695,
      "loudness_range": 17.59126091003418,
      "low_freq": 4349.24462890625,
      "mid_mean": -37.60965347290039,
      "mid_to_side_loudness": -11.338263511657715,
      "mid_to_side_loudness_range": 9.487815856933594,
      "side_mean": -50.64207458496094
    },
    {
      "high_freq": 12199.2666015625,
      "loudness": -43.93525314331055,
      "loudness_range": 14.948680877685547,
      "low_freq": 7314.1640625,
      "mid_mean": -40.530609130859375,
      "mid_to_side_loudness": -12.461299896240234,
      "mid_to_side_loudness_range": 13.279372215270996,
      "side_mean": -55.004634857177734
    },
    {
      "loudness": -47.383541107177734,
      "loudness_range": 13.512947082519531,
      "low_freq": 12199.2666015625,
      "mid_mean": -44.50145721435547,
      "mid_to_side_loudness": -9.46818733215332,
      "mid_to_side_loudness_range": 9.181367874145508,
      "side_mean": -55.38164520263672
    }
  ],
  "bands_short": [
    {
      "high_freq": 148.1999969482422,
      "loudness": -22.600055694580078,
      "loudness_range": 15.733283996582031,
      "mid_mean": -18.990175247192383,
      "mid_to_side_loudness": -23.306692123413086,
      "mid_to_side_loudness_range": 20.147491455078125,
      "side_mean": -43.33649826049805
    },
    {
      "high_freq": 392.3793640136719,
      "loudness": -20.596858978271484,
      "loudness_range": 14.77164363861084,
      "low_freq": 148.1999969482422,
      "mid_mean": -17.120628356933594,
      "mid_to_side_loudness": -15.273895263671875,
      "mid_to_side_loudness_range": 13.794013977050781,
      "side_mean": -32.53120422363281
    },
    {
      "high_freq": 794.6976318359375,
      "loudness": -26.477094650268555,
      "loudness_range": 22.255613327026367,
      "low_freq": 392.3793640136719,
      "mid_mean": -23.266633987426758,
      "mid_to_side_loudness": -12.327191352844238,
      "mid_to_side_loudness_range": 16.881851196289062,
      "side_mean": -35.79444885253906
    },
    {
      "high_freq": 1457.5709228515625,
      "loudness": -29.805660247802734,
      "loudness_range": 30.224308013916016,
      "low_freq": 794.6976318359375,
      "mid_mean": -26.722673416137695,
      "mid_to_side_loudness": -11.928117752075195,
      "mid_to_side_loudness_range": 19.54200553894043,
      "side_mean": -39.19101333618164
    },
    {
      "high_freq": 2549.74365234375,
      "loudness": -32.99296951293945,
      "loudness_range": 30.8958797454834,
      "low_freq": 1457.5709228515625,
      "mid_mean": -30.0772762298584,
      "mid_to_side_loudness": -11.709753036499023,
      "mid_to_side_loudness_range": 19.010208129882812,
      "side_mean": -42.315364837646484
    },
    {
      "high_freq": 4349.24462890625,
      "loudness": -36.54639434814453,
      "loudness_range": 28.560407638549805,
      "low_freq": 2549.74365234375,
      "mid_mean": -33.480899810791016,
      "mid_to_side_loudness": -12.719568252563477,
      "mid_to_side_loudness_range": 16.81403350830078,
      "side_mean": -47.56047821044922
    },
    {
      "high_freq": 7314.1640625,
      "loudness": -44.77051544189453,
      "loudness_range": 29.465097427368164,
      "low_freq": 4349.24462890625,
      "mid_mean": -42.06295394897461,
      "mid_to_side_loudness": -11.525529861450195,
      "mid_to_side_loudness_range": 14.547945976257324,
      "side_mean": -54.85272216796875
    },
    {
      "high_freq": 12199.2666015625,
      "loudness": -48.48735046386719,
      "loudness_range": 30.31890106201172,
      "low_freq": 7314.1640625,
      "mid_mean": -47.07522201538086,
      "mid_to_side_loudness": -12.746685981750488,
      "mid_to_side_loudness_range": 18.309486389160156,
      "side_mean": -59.52109909057617
    },
    {
      "loudness": -55.78451156616211,
      "loudness_range": 30.665767669677734,
      "low_freq": 12199.2666015625,
      "mid_mean": -52.39778137207031,
      "mid_to_side_loudness": -10.257772445678711,
      "mid_to_side_loudness_range": 15.12662410736084,
      "side_mean": -61.0733757019043
    }
  ],
  "channels": 2,
  "covariance": [
    [
      19.957361221313477,
      8.880502700805664,
      7.324282169342041,
      6.127467632293701,
      6.022726535797119,
      5.646793842315674,
      6.470465660095215,
      6.9568071365356445,
      7.134627819061279,
      7.183296203613281,
      5.5342583656311035,
      5.337054252624512,
      5.53207540512085,
      12.34225082397461,
      2.0268592834472656,
      11.198783874511719,
      3.9031784534454346,
      9.978370666503906
    ],
    [
      8.880502700805664,
      31.227346420288086,
      5.121310710906982,
      4.2920331954956055,
      4.241748809814453,
      1.9770132303237915,
      1.435883641242981,
      -1.833913803100586,
      1.3175514936447144,
      -1.4044328927993774,
      3.236377000808716,
      0.76806640625,
      5.933836936950684,
      10.337444305419922,
      3.966564655303955,
      9.129786491394043,
      3.2493972778320312,
      6.764401912689209
    ],
    [
      7.324282169342041,
      5.121310710906982,
      26.245201110839844,
      16.486906051635742,
      20.422189712524414,
      12.908327102661133,
      18.10760498046875,
      14.30793285369873,
      20.722482681274414,
      14.67327880859375,
      19.143136978149414,
      15.676779747009277,
      15.044748306274414,
      17.815404891967773,
      13.570784568786621,
      15.1502103805542,
      6.354375839233398,
      8.37646484375
    ],
    [
      6.127467632293701,
      4.2920331954956055,
      16.486906051635742,
      23.624433517456055,
      14.84492301940918,
      18.57465934753418,
      15.745686531066895,
      20.082477569580078,
      18.155685424804688,
      20.798311233520508,
      13.51419734954834,
      17.25516128540039,
      11.6628999710083,
      16.777236938476562,
      6.179007053375244,
      12.019209861755371,
      3.8031415939331055,
      6.75594425201416
    ],
    [
      6.022726535797119,
      4.241748809814453,
      20.422189712524414,
      14.84492301940918,
      44.68644714355469,
      26.974475860595703,
      43.445716857910156,
      27.71710205078125,
      39.51858139038086,
      26.347110748291016,
      35.417510986328125,
      23.63205909729004,
      20.50638771057129,
      18.56278419494629,
      16.983497619628906,
      14.526277542114258,
      6.227417945861816,
      5.9542083740234375
    ],
    [
      5.646793842315674,
      1.9770132303237915,
      12.908327102661133,
      18.57465934753418,
      26.974475860595703,
      34.4735221862793,
      25.702163696289062,
      31.204517364501953,
      28.229713439941406,
      33.46910095214844,
      21.60713768005371,
      25.54277992248535,
      14.871177673339844,
      18.091075897216797,
      6.2988762855529785,
      11.9065523147583,
      2.9511234760284424,
      5.704196453094482
    ],
    [
      6.470465660095215,
      1.435883641242981,
      18.10760498046875,
      15.745686531066895,
      43.445716857910156,
      25.702163696289062,
      88.49031829833984,
      53.436363220214844,
      71.06014251708984,
      49.49639129638672,
      53.61402130126953,
      38.7078857421875,
      25.231229782104492,
      25.138751983642578,
      19.149553298950195,
      18.425203323364258,
      6.963134765625,
      7.070272922515869
    ],
    [
      6.9568071365356445,
      -1.833913803100586,
      14.30793285369873,
      20.082477569580078,
      27.71710205078125,
      31.204517364501953,
      53.436363220214844,
      58.58805465698242,
      51.52834701538086,
      55.84367370605469,
      37.04410171508789,
      41.84920883178711,
      21.17165184020996,
      28.641721725463867,
      9.614145278930664,
      18.903045654296875,
      4.324536323547363,
      8.740216255187988
    ],
    [
      7.134627819061279,
      1.3175514936447144,
      20.722482681274414,
      18.155685424804688,
      39.51858139038086,
      28.229713439941406,
      71.06014251708984,
      51.52834701538086,
      87.95372009277344,
      63.763755798339844,
      64.46449279785156,
      51.735477447509766,
      33.67695999145508,
      32.1689567565918,
      22.76508331298828,
      22.441364288330078,
      8.17232894897461,
      7.800958156585693
    ],
    [
      7.183296203613281,
      -1.4044328927993774,
      14.67327880859375,
      20.798311233520508,
      26.347110748291016,
      33.46910095214844,
      49.49639129638672,
      55.84367370605469,
      63.763755798339844,
      75.62289428710938,
      48.15230178833008,
      54.75176239013672,
      28.804780960083008,
      35.495906829833984,
      12.74206829071045,
      21.867755889892578,
      2.3727242946624756,
      8.522042274475098
    ],
    [
      5.5342583656311035,
      3.236377000808716,
      19.143136978149414,
      13.51419734954834,
      35.417510986328125,
      21.60713768005371,
      53.61402130126953,
      37.04410171508789,
      64.46449279785156,
      48.15230178833008,
      69.24005889892578,
      49.66952133178711,
      38.47146987915039,
      31.084535598754883,
      28.451847076416016,
      21.933311462402344,
      10.161779403686523,
      7.016496658325195
    ],
    [
      5.337054252624512,
      0.76806640625,
      15.676779747009277,
      17.25516128540039,
      23.63205909729004,
      25.54277992248535,
      38.7078857421875,
      41.84920883178711,
      51.735477447509766,
      54.75176239013672,
      49.66952133178711,
      57.59880065917969,
      32.30303192138672,
      38.05665588378906,
      17.74226188659668,
      23.62457847595215,
      5.547665119171143,
      8.24048137664795
    ],
    [
      5.53207540512085,
      5.933836936950684,
      15.044748306274414,
      11.6628999710083,
      20.50638771057129,
      14.871177673339844,
      25.231229782104492,
      21.17165184020996,
      33.67695999145508,
      28.804780960083008,
      38.47146987915039,
      32.30303192138672,
      42.0730094909668,
      32.30925750732422,
      29.5990047454834,
      26.681528091430664,
      13.691651344299316,
      11.57324504852295
    ],
    [
      12.34225082397461,
      10.337444305419922,
      17.815404891967773,
      16.777236938476562,
      18.56278419494629,
      18.091075897216797,
      25.138751983642578,
      28.641721725463867,
      32.1689567565918,
      35.495906829833984,
      31.084535598754883,
      38.05665588378906,
      32.30925750732422,
      57.39155578613281,
      19.477201461791992,
      44.295501708984375,
      13.24482536315918,
      30.686656951904297
    ],
    [
      2.0268592834472656,
      3.966564655303955,
      13.570784568786621,
      6.179007053375244,
      16.983497619628906,
      6.2988762855529785,
      19.149553298950195,
      9.614145278930664,
      22.76508331298828,
      12.74206829071045,
      28.451847076416016,
      17.74226188659668,
      29.5990047454834,
      19.477201461791992,
      33.68098068237305,
      20.56987762451172,
      18.776058197021484,
      11.203783988952637
    ],
    [
      11.198783874511719,
      9.129786491394043,
      15.1502103805542,
      12.019209861755371,
      14.526277542114258,
      11.9065523147583,
      18.425203323364258,
      18.903045654296875,
      22.441364288330078,
      21.867755889892578,
      21.933311462402344,
      23.62457847595215,
      26.681528091430664,
      44.295501708984375,
      20.56987762451172,
      40.255126953125,
      20.08965492248535,
      33.41185760498047
    ],
    [
      3.9031784534454346,
      3.2493972778320312,
      6.354375839233398,
      3.8031415939331055,
      6.227417945861816,
      2.9511234760284424,
      6.963134765625,
      4.324536323547363,
      8.17232894897461,
      2.3727242946624756,
      10.161779403686523,
      5.547665119171143,
      13.691651344299316,
      13.24482536315918,
      18.776058197021484,
      20.08965492248535,
      32.12453842163086,
      27.578777313232422
    ],
    [
      9.978370666503906,
      6.764401912689209,
      8.37646484375,
      6.75594425201416,
      5.9542083740234375,
      5.704196453094482,
      7.070272922515869,
      8.740216255187988,
      7.800958156585693,
      8.522042274475098,
      7.016496658325195,
      8.24048137664795,
      11.57324504852295,
      30.686656951904297,
      11.203783988952637,
      33.41185760498047,
      27.578777313232422,
      43.062496185302734
    ]
  ],
  "covariance_short": [
    [
      37.42283248901367,
      17.12574005126953,
      13.671000480651855,
      8.573907852172852,
      7.613076210021973,
      7.310033321380615,
      9.205260276794434,
      9.390985488891602,
      10.283915519714355,
      10.028204917907715,
      9.268213272094727,
      10.322236061096191,
      11.120800971984863,
      15.16975212097168,
      15.771069526672363,
      13.19314956665039,
      16.546483993530273,
      11.514631271362305
    ],
    [
      17.12574005126953,
      46.989097595214844,
      7.047608852386475,
      9.462669372558594,
      5.83868408203125,
      5.023453235626221,
      3.723827838897705,
      2.168696641921997,
      5.636703968048096,
      4.2838521003723145,
      8.91927433013916,
      7.886465072631836,
      14.349660873413086,
      15.023286819458008,
      17.730037689208984,
      14.387567520141602,
      17.249114990234375,
      12.031188011169434
    ],
    [
      13.671000480651855,
      7.047608852386475,
      31.09235382080078,
      18.709854125976562,
      20.157630920410156,
      13.908096313476562,
      16.658702850341797,
      13.702301979064941,
      18.0752010345459,
      14.337127685546875,
      17.402395248413086,
      18.487743377685547,
      20.049196243286133,
      23.140522003173828,
      28.168073654174805,
      21.09914207458496,
      25.451190948486328,
      15.234373092651367
    ],
    [
      8.573907852172852,
      9.462669372558594,
      18.709854125976562,
      30.64124870300293,
      18.503662109375,
      20.999874114990234,
      17.31192398071289,
      20.119264602661133,
      18.623498916625977,
      18.90975570678711,
      15.913265228271484,
      19.149030685424805,
      17.610454559326172,
      20.689165115356445,
      17.61281967163086,
      16.44351577758789,
      16.394344329833984,
      12.710112571716309
    ],
    [
      7.613076210021973,
      5.83868408203125,
      20.157630920410156,
      18.503662109375,
      62.489315032958984,
      37.018943786621094,
      54.37187194824219,
      33.459896087646484,
      47.71280288696289,
      31.44611930847168,
      44.989715576171875,
      33.55565643310547,
      35.608150482177734,
      25.80898666381836,
      39.550193786621094,
      21.48175811767578,
      26.48849105834961,
      10.897063255310059
    ],
    [
      7.310033321380615,
      5.023453235626221,
      13.908096313476562,
      20.999874114990234,
      37.018943786621094,
      45.614559173583984,
      33.20092010498047,
      36.560604095458984,
      33.13181686401367,
      36.77609634399414,
      26.187721252441406,
      31.45168685913086,
      24.24979591369629,
      25.607816696166992,
      16.629947662353516,
      17.878604888916016,
      14.927336692810059,
      13.394572257995605
    ],
    [
      9.205260276794434,
      3.723827838897705,
      16.658702850341797,
      17.31192398071289,
      54.37187194824219,
      33.20092010498047,
      106.33708190917969,
      66.03714752197266,
      85.9570541381836,
      63.897300720214844,
      69.91803741455078,
      57.48323059082031,
      44.357177734375,
      34.8044548034668,
      41.43758773803711,
      23.300037384033203,
      27.494203567504883,
      11.538949012756348
    ],
    [
      9.390985488891602,
      2.168696641921997,
      13.702301979064941,
      20.119264602661133,
      33.459896087646484,
      36.560604095458984,
      66.03714752197266,
      73.0397720336914,
      61.54111862182617,
      66.7444076538086,
      46.07481002807617,
      55.394561767578125,
      34.095149993896484,
      37.188987731933594,
      20.675451278686523,
      21.453418731689453,
      16.562252044677734,
      14.071906089782715
    ],
    [
      10.283915519714355,
      5.636703968048096,
      18.0752010345459,
      18.623498916625977,
      47.71280288696289,
      33.13181686401367,
      85.9570541381836,
      61.54111862182617,
      114.40324401855469,
      83.22241973876953,
      86.64762878417969,
      73.25462341308594,
      59.68529510498047,
      47.756202697753906,
      49.033355712890625,
      30.848445892333984,
      32.990814208984375,
      16.441402435302734
    ],
    [
      10.028204917907715,
      4.2838521003723145,
      14.337127685546875,
      18.90975570678711,
      31.44611930847168,
      36.77609634399414,
      63.897300720214844,
      66.7444076538086,
      83.22241973876953,
      97.40642547607422,
      63.24474334716797,
      74.93938446044922,
      50.93232345581055,
      53.22683334350586,
      28.937721252441406,
      30.762943267822266,
      23.429433822631836,
      21.07752799987793
    ],
    [
      9.268213272094727,
      8.91927433013916,
      17.402395248413086,
      15.913265228271484,
      44.989715576171875,
      26.187721252441406,
      69.91803741455078,
      46.07481002807617,
      86.64762878417969,
      63.24474334716797,
      103.93815612792969,
      74.75308227539062,
      75.00845336914062,
      54.10954284667969,
      64.69009399414062,
      39.842403411865234,
      44.510074615478516,
      22.737918853759766
    ],
    [
      10.322236061096191,
      7.886465072631836,
      18.487743377685547,
      19.149030685424805,
      33.55565643310547,
      31.45168685913086,
      57.48323059082031,
      55.394561767578125,
      73.25462341308594,
      74.93938446044922,
      74.75308227539062,
      93.08060455322266,
      69.97069549560547,
      71.47228240966797,
      51.82865905761719,
      47.180233001708984,
      42.90925979614258,
      34.16520309448242
    ],
    [
      11.120800971984863,
      14.349660873413086,
      20.049196243286133,
      17.610454559326172,
      35.608150482177734,
      24.24979591369629,
      44.357177734375,
      34.095149993896484,
      59.68529510498047,
      50.93232345581055,
      75.00845336914062,
      69.97069549560547,
      103.03929138183594,
      79.66302490234375,
      94.22021484375,
      68.58259582519531,
      74.51988220214844,
      51.15964126586914
    ],
    [
      15.16975212097168,
      15.023286819458008,
      23.140522003173828,
      20.689165115356445,
      25.80898666381836,
      25.607816696166992,
      34.8044548034668,
      37.188987731933594,
      47.756202697753906,
      53.22683334350586,
      54.10954284667969,
      71.47228240966797,
      79.66302490234375,
      95.01333618164062,
      73.98503112792969,
      73.42724609375,
      75.04244232177734,
      62.03921890258789
    ],
    [
      15.771069526672363,
      17.730037689208984,
      28.168073654174805,
      17.61281967163086,
      39.550193786621094,
      16.629947662353516,
      41.43758773803711,
      20.675451278686523,
      49.033355712890625,
      28.937721252441406,
      64.69009399414062,
      51.82865905761719,
      94.22021484375,
      73.98503112792969,
      135.80332946777344,
      81.98143768310547,
      106.38230895996094,
      63.59928894042969
    ],
    [
      13.19314956665039,
      14.387567520141602,
      21.09914207458496,
      16.44351577758789,
      21.48175811767578,
      17.878604888916016,
      23.300037384033203,
      21.453418731689453,
      30.848445892333984,
      30.762943267822266,
      39.842403411865234,
      47.180233001708984,
      68.58259582519531,
      73.42724609375,
      81.98143768310547,
      72.40777587890625,
      81.61567687988281,
      64.88909149169922
    ],
    [
      16.546483993530273,
      17.249114990234375,
      25.451190948486328,
      16.394344329833984,
      26.48849105834961,
      14.927336692810059,
      27.494203567504883,
      16.562252044677734,
      32.990814208984375,
      23.429433822631836,
      44.510074615478516,
      42.90925979614258,
      74.51988220214844,
      75.04244232177734,
      106.38230895996094,
      81.61567687988281,
      113.77289581298828,
      80.20601654052734
    ],
    [
      11.514631271362305,
      12.031188011169434,
      15.234373092651367,
      12.710112571716309,
      10.897063255310059,
      13.394572257995605,
      11.538949012756348,
      14.071906089782715,
      16.441402435302734,
      21.07752799987793,
      22.737918853759766,
      34.16520309448242,
      51.15964126586914,
      62.03921890258789,
      63.59928894042969,
      64.88909149169922,
      80.20601654052734,
      75.98983001708984
    ]
  ],
  "drr": 16.334373474121094,
  "dynamics": 3.8373799324035645,
  "format": 1245190,
  "frames": 9263104,
  "loudness": -11.25306510925293,
  "loudness_range": 10.777139663696289,
  "loudness_range_short": 13.83630084991455,
  "peak": 0.21784743666648865,
  "rms": -12.459853172302246,
  "sample_rate": 44100,
  "sections": 1,
  "seekable": 1,
  "sharpness": 2.9070446491241455,
  "space": -16.032564163208008
}