{
  "bands": [
    {
      "high_freq": 148.1999969482422,
      "loudness": -24.078399658203125,
      "loudness_range": 18.795982360839844,
      "mid_mean": -21.37926483154297,
      "mid_to_side_loudness": -10.047940254211426,
      "mid_to_side_loudness_range": 19.240331649780273,
      "side_mean": -31.465801239013672
    },
    {
      "high_freq": 392.3793640136719,
      "loudness": -20.14421272277832,
      "loudness_range": 10.119619369506836,
      "low_freq": 148.1999969482422,
      "mid_mean": -17.678945541381836,
      "mid_to_side_loudness": -5.923257350921631,
      "mid_to_side_loudness_range": 11.069409370422363,
      "side_mean": -23.76780128479004
    },
    {
      "high_freq": 794.6976318359375,
      "loudness": -27.272193908691406,
      "loudness_range": 19.592775344848633,
      "low_freq": 392.3793640136719,
      "mid_mean": -24.403059005737305,
      "mid_to_side_loudness": -10.273904800415039,
      "mid_to_side_loudness_range": 19.30175018310547,
      "side_mean": -34.97460174560547
    },
    {
      "high_freq": 1457.5709228515625,
      "loudness": -33.277442932128906,
      "loudness_range": 29.61709213256836,
      "low_freq": 794.6976318359375,
      "mid_mean": -30.278966903686523,
      "mid_to_side_loudness": -11.283727645874023,
      "mid_to_side_loudness_range": 22.343475341796875,
      "side_mean": -42.097782135009766
    },
    {
      "high_freq": 2549.74365234375,
      "loudness": -37.9584846496582,
      "loudness_range": 28.95387840270996,
      "low_freq": 1457.5709228515625,
      "mid_mean": -35.059234619140625,
      "mid_to_side_loudness": -10.364508628845215,
      "mid_to_side_loudness_range": 21.738065719604492,
      "side_mean": -45.74859619140625
    },
    {
      "high_freq": 4349.24462890625,
      "loudness": -40.52272033691406,
      "loudness_range": 28.87978172302246,
      "low_freq": 2549.74365234375,
      "mid_mean": -37.512977600097656,
      "mid_to_side_loudness": -10.461155891418457,
      "mid_to_side_loudness_range": 20.640073776245117,
      "side_mean": -48.44893264770508
    },
    {
      "high_freq": 7314.1640625,
      "loudness": -43.623695373535156,
      "loudness_range": 25.052371978759766,
      "low_freq": 4349.24462890625,
      "mid_mean": -40.88764572143555,
      "mid_to_side_loudness": -7.475027084350586,
      "mid_to_side_loudness_range": 14.438404083251953,
      "side_mean": -48.69469451904297
    },
    {
      "high_freq": 12199.2666015625,
      "loudness": -44.30174255371094,
      "loudness_range": 23.13147735595703,
      "low_freq": 7314.1640625,
      "mid_mean": -41.72940444946289,
      "mid_to_side_loudness": -8.126017570495605,
      "mid_to_side_loudness_range": 17.59549903869629,
      "side_mean": -50.7246208190918
    },
    {
      "loudness": -52.48685073852539,
      "loudness_range": 24.106346130371094,
      "low_freq": 12199.2666015625,
      "mid_mean": -49.52959060668945,
      "mid_to_side_loudness": -8.82210636138916,
      "mid_to_side_loudness_range": 15.029733657836914,
      "side_mean": -57.64997863769531
    }
  ],
  "bands_short": [
    {
      "high_freq": 148.1999969482422,
      "loudness": -26.782901763916016,
      "loudness_range": 22.727073669433594,
      "mid_mean": -24.07467269897461,
      "mid_to_side_loudness": -11.678023338317871,
      "mid_to_side_loudness_range": 25.11503791809082,
      "side_mean": -35.94268798828125
    },
    {
      "high_freq": 392.3793640136719,
      "loudness": -20.334571838378906,
      "loudness_range": 12.369297981262207,
      "low_freq": 148.1999969482422,
      "mid_mean": -17.94252586364746,
      "mid_to_side_loudness": -6.282415390014648,
      "mid_to_side_loudness_range": 13.956016540527344,
      "side_mean": -24.352680206298828
    },
    {
      "high_freq": 794.6976318359375,
      "loudness": -28.376829147338867,
      "loudness_range": 21.798280715942383,
      "low_freq": 392.3793640136719,
      "mid_mean": -25.685626983642578,
      "mid_to_side_loudness": -9.421194076538086,
      "mid_to_side_loudness_range": 20.856101989746094,
      "side_mean": -35.448326110839844
    },
    {
      "high_freq": 1457.5709228515625,
      "loudness": -35.09442901611328,
      "loudness_range": 31.76902961730957,
      "low_freq": 794.6976318359375,
      "mid_mean": -32.44999694824219,
      "mid_to_side_loudness": -9.941784858703613,
      "mid_to_side_loudness_range": 23.16034698486328,
      "side_mean": -42.88774490356445
    },
    {
      "high_freq": 2549.74365234375,
      "loudness": -40.499691009521484,
      "loudness_range": 31.977005004882812,
      "low_freq": 1457.5709228515625,
      "mid_mean": -37.84951400756836,
      "mid_to_side_loudness": -9.274395942687988,
      "mid_to_side_loudness_range": 21.811553955078125,
      "side_mean": -47.47747802734375
    },
    {
      "high_freq": 4349.24462890625,
      "loudness": -43.17347717285156,
      "loudness_range": 31.181167602539062,
      "low_freq": 2549.74365234375,
      "mid_mean": -40.4284782409668,
      "mid_to_side_loudness": -9.665099143981934,
      "mid_to_side_loudness_range": 21.608715057373047,
      "side_mean": -51.09198760986328
    },
    {
      "high_freq": 7314.1640625,
      "loudness": -47.22669982910156,
      "loudness_range": 29.87310028076172,
      "low_freq": 4349.24462890625,
      "mid_mean": -44.81409454345703,
      "mid_to_side_loudness": -7.777716159820557,
      "mid_to_side_loudness_range": 17.669918060302734,
      "side_mean": -52.96419143676758
    },
    {
      "high_freq": 12199.2666015625,
      "loudness": -48.465641021728516,
      "loudness_range": 30.621044158935547,
      "low_freq": 7314.1640625,
      "mid_mean": -46.17778396606445,
      "mid_to_side_loudness": -9.50901985168457,
      "mid_to_side_loudness_range": 20.984899520874023,
      "side_mean": -55.4340934753418
    },
    {
      "loudness": -56.120140075683594,
      "loudness_range": 27.58062744140625,
      "low_freq": 12199.2666015625,
      "mid_mean": -52.99784469604492,
      "mid_to_side_loudness": -10.064085960388184,
      "mid_to_side_loudness_range": 17.346588134765625,
      "side_mean": -61.418365478515625
    }
  ],
  "channels": 2,
  "covariance": [
    [
      59.43279266357422,
      13.727008819580078,
      13.978901863098145,
      7.410195827484131,
      20.495494842529297,
      12.144482612609863,
      25.677030563354492,
      17.0529842376709,
      24.086801528930664,
      18.294496536254883,
      30.615482330322266,
      28.204593658447266,
      36.488853454589844,
      38.80350112915039,
      28.776012420654297,
      46.257110595703125,
      29.078351974487305,
      39.41949462890625
    ],
    [
      13.727008819580078,
      17.533845901489258,
      6.018562316894531,
      5.442644119262695,
      9.47547435760498,
      7.444108009338379,
      8.711684226989746,
      7.6627302169799805,
      7.929378509521484,
      6.886895656585693,
      6.885708332061768,
      8.567315101623535,
      6.826467514038086,
      8.684196472167969,
      6.154367923736572,
      11.529979705810547,
      8.014347076416016,
      9.44046688079834
    ],
    [
      13.978901863098145,
      6.018562316894531,
      18.128089904785156,
      7.419278621673584,
      19.60749053955078,
      8.61359691619873,
      19.314573287963867,
      10.882473945617676,
      17.787067413330078,
      11.295680046081543,
      16.374303817749023,
      15.286693572998047,
      16.889665603637695,
      16.875059127807617,
      15.911935806274414,
      19.301921844482422,
      16.974958419799805,
      16.28772735595703
    ],
    [
      7.410195827484131,
      5.442644119262695,
      7.419278621673584,
      13.252957344055176,
      5.6804914474487305,
      8.620016098022461,
      3.8596315383911133,
      7.345675468444824,
      4.332648277282715,
      7.2938127517700195,
      3.1799817085266113,
      8.910898208618164,
      5.4558491706848145,
      10.9259614944458,
      4.596906661987305,
      12.112066268920898,
      7.018209934234619,
      9.706208229064941
    ],
    [
      20.495494842529297,
      9.47547435760498,
      19.60749053955078,
      5.6804914474487305,
      59.191741943359375,
      13.681963920593262,
      60.446495056152344,
      22.184206008911133,
      56.42138671875,
      23.68657684326172,
      45.72135925292969,
      24.696552276611328,
      34.166969299316406,
      23.876108169555664,
      33.44515609741211,
      27.72392463684082,
      31.691518783569336,
      22.845184326171875
    ],
    [
      12.144482612609863,
      7.444108009338379,
      8.61359691619873,
      8.620016098022461,
      13.681963920593262,
      15.97886848449707,
      12.603920936584473,
      13.82098388671875,
      13.179400444030762,
      14.466985702514648,
      12.40927505493164,
      14.814303398132324,
      14.060218811035156,
      16.98711395263672,
      11.694286346435547,
      18.33555793762207,
      12.072545051574707,
      15.35059928894043
    ],
    [
      25.677030563354492,
      8.711684226989746,
      19.314573287963867,
      3.8596315383911133,
      60.446495056152344,
      12.603920936584473,
      104.526611328125,
      34.59565734863281,
      86.79148864746094,
      32.796382904052734,
      69.88594818115234,
      31.69325828552246,
      47.59867858886719,
      28.629783630371094,
      46.98482131958008,
      34.0012321472168,
      43.654022216796875,
      28.9505615234375
    ],
    [
      17.0529842376709,
      7.6627302169799805,
      10.882473945617676,
      7.345675468444824,
      22.184206008911133,
      13.82098388671875,
      34.59565734863281,
      28.89066505432129,
      30.847848892211914,
      23.49300765991211,
      28.83271598815918,
      23.746627807617188,
      25.54581642150879,
      25.26963233947754,
      21.89731788635254,
      28.06869125366211,
      22.03618812561035,
      24.18967628479004
    ],
    [
      24.086801528930664,
      7.929378509521484,
      17.787067413330078,
      4.332648277282715,
      56.42138671875,
      13.179400444030762,
      86.79148864746094,
      30.847848892211914,
      102.72537994384766,
      37.33256530761719,
      84.614990234375,
      34.509883880615234,
      58.391212463378906,
      29.850727081298828,
      54.91408157348633,
      35.196773529052734,
      49.62225341796875,
      30.06245994567871
    ],
    [
      18.294496536254883,
      6.886895656585693,
      11.295680046081543,
      7.2938127517700195,
      23.68657684326172,
      14.466985702514648,
      32.796382904052734,
      23.49300765991211,
      37.33256530761719,
      28.609670639038086,
      34.67059326171875,
      27.090167999267578,
      31.808359146118164,
      28.826305389404297,
      26.72958755493164,
      31.396957397460938,
      25.29060935974121,
      26.810894012451172
    ],
    [
      30.615482330322266,
      6.885708332061768,
      16.374303817749023,
      3.1799817085266113,
      45.72135925292969,
      12.40927505493164,
      69.88594818115234,
      28.83271598815918,
      84.614990234375,
      34.67059326171875,
      91.26162719726562,
      40.334110260009766,
      67.5870361328125,
      38.764060974121094,
      62.41049575805664,
      44.398868560791016,
      55.1915168762207,
      37.94816970825195
    ],
    [
      28.204593658447266,
      8.567315101623535,
      15.286693572998047,
      8.910898208618164,
      24.696552276611328,
      14.814303398132324,
      31.69325828552246,
      23.746627807617188,
      34.509883880615234,
      27.090167999267578,
      40.334110260009766,
      40.68438720703125,
      42.4107551574707,
      44.38551712036133,
      33.868385314941406,
      47.599266052246094,
      34.51669692993164,
      39.8737907409668
    ],
    [
      36.488853454589844,
      6.826467514038086,
      16.889665603637695,
      5.4558491706848145,
      34.166969299316406,
      14.060218811035156,
      47.59867858886719,
      25.54581642150879,
      58.391212463378906,
      31.808359146118164,
      67.5870361328125,
      42.4107551574707,
      76.61882019042969,
      54.26054382324219,
      65.97733306884766,
      60.8526496887207,
      59.89814758300781,
      53.54439926147461
    ],
    [
      38.80350112915039,
      8.684196472167969,
      16.875059127807617,
      10.9259614944458,
      23.876108169555664,
      16.98711395263672,
      28.629783630371094,
      25.26963233947754,
      29.850727081298828,
      28.826305389404297,
      38.764060974121094,
      44.38551712036133,
      54.26054382324219,
      63.257633209228516,
      42.762123107910156,
      68.32878875732422,
      44.61505126953125,
      58.55678176879883
    ],
    [
      28.776012420654297,
      6.154367923736572,
      15.911935806274414,
      4.596906661987305,
      33.44515609741211,
      11.694286346435547,
      46.98482131958008,
      21.89731788635254,
      54.91408157348633,
      26.72958755493164,
      62.41049575805664,
      33.868385314941406,
      65.97733306884766,
      42.762123107910156,
      67.44145202636719,
      50.56903839111328,
      58.64533615112305,
      45.393009185791016
    ],
    [
      46.257110595703125,
      11.529979705810547,
      19.301921844482422,
      12.112066268920898,
      27.72392463684082,
      18.33555793762207,
      34.0012321472168,
      28.06869125366211,
      35.196773529052734,
      31.396957397460938,
      44.398868560791016,
      47.599266052246094,
      60.8526496887207,
      68.32878875732422,
      50.56903839111328,
      84.62754821777344,
      55.941688537597656,
      70.94136810302734
    ],
    [
      29.078351974487305,
      8.014347076416016,
      16.974958419799805,
      7.018209934234619,
      31.691518783569336,
      12.072545051574707,
      43.654022216796875,
      22.03618812561035,
      49.62225341796875,
      25.29060935974121,
      55.1915168762207,
      34.51669692993164,
      59.89814758300781,
      44.61505126953125,
      58.64533615112305,
      55.941688537597656,
      62.780906677246094,
      49.25336837768555
    ],
    [
      39.41949462890625,
      9.44046688079834,
      16.28772735595703,
      9.706208229064941,
      22.845184326171875,
      15.35059928894043,
      28.9505615234375,
      24.18967628479004,
      30.06245994567871,
      26.810894012451172,
      37.94816970825195,
      39.8737907409668,
      53.54439926147461,
      58.55678176879883,
      45.393009185791016,
      70.94136810302734,
      49.25336837768555,
      63.63972091674805
    ]
  ],
  "covariance_short": [
    [
      78.84880065917969,
      13.294942855834961,
      18.195444107055664,
      9.58771800994873,
      20.539363861083984,
      12.379206657409668,
      26.496740341186523,
      17.850229263305664,
      23.324310302734375,
      18.793624877929688,
      27.218591690063477,
      30.476070404052734,
      36.7744026184082,
      42.232730865478516,
      30.04636573791504,
      44.88195037841797,
      24.189687728881836,
      31.94686508178711
    ],
    [
      13.294942855834961,
      27.59150505065918,
      9.157842636108398,
      11.663288116455078,
      9.633126258850098,
      8.321852684020996,
      9.984969139099121,
      8.758935928344727,
      8.369119644165039,
      8.903230667114258,
      6.96821403503418,
      12.94299030303955,
      10.033381462097168,
      14.12839126586914,
      9.58259105682373,
      14.8500337600708,
      8.464529037475586,
      11.109687805175781
    ],
    [
      18.195444107055664,
      9.157842636108398,
      25.631669998168945,
      10.841995239257812,
      24.441207885742188,
      11.029072761535645,
      28.508216857910156,
      14.55603313446045,
      25.49053382873535,
      15.902924537658691,
      22.19098663330078,
      19.79608726501465,
      23.749671936035156,
      21.332233428955078,
      24.193382263183594,
      23.22347068786621,
      18.164234161376953,
      16.32008934020996
    ],
    [
      9.58771800994873,
      11.663288116455078,
      10.841995239257812,
      21.629507064819336,
      9.511795043945312,
      12.573370933532715,
      9.36369514465332,
      12.479658126831055,
      8.619548797607422,
      12.793477058410645,
      6.027344703674316,
      14.586846351623535,
      11.499238967895508,
      16.861528396606445,
      11.101371765136719,
      17.49250030517578,
      8.791154861450195,
      12.39371395111084
    ],
    [
      20.539363861083984,
      9.633126258850098,
      24.441207885742188,
      9.511795043945312,
      69.46477508544922,
      17.11626625061035,
      73.06629180908203,
      26.699981689453125,
      65.00519561767578,
      29.63260841369629,
      51.87279510498047,
      30.45151710510254,
      40.24251937866211,
      27.030250549316406,
      41.25101089477539,
      29.599699020385742,
      30.183115005493164,
      18.687000274658203
    ],
    [
      12.379206657409668,
      8.321852684020996,
      11.029072761535645,
      12.573370933532715,
      17.11626625061035,
      23.11812973022461,
      18.232391357421875,
      20.50364875793457,
      17.172958374023438,
      20.90571403503418,
      13.979990005493164,
      20.920846939086914,
      18.9801025390625,
      23.09158706665039,
      16.88126564025879,
      22.87601661682129,
      12.189620018005371,
      15.601874351501465
    ],
    [
      26.496740341186523,
      9.984969139099121,
      28.508216857910156,
      9.36369514465332,
      73.06629180908203,
      18.232391357421875,
      124.18633270263672,
      44.22452163696289,
      100.76091003417969,
      43.63085174560547,
      82.45451354980469,
      42.71672821044922,
      56.68435287475586,
      35.71918869018555,
      59.68626022338867,
      39.898170471191406,
      44.65228271484375,
      25.314311981201172
    ],
    [
      17.850229263305664,
      8.758935928344727,
      14.55603313446045,
      12.479658126831055,
      26.699981689453125,
      20.50364875793457,
      44.22452163696289,
      40.913047790527344,
      38.54072952270508,
      33.86859893798828,
      34.434814453125,
      32.054100036621094,
      33.20722579956055,
      32.78978729248047,
      31.76538848876953,
      34.07234191894531,
      23.758481979370117,
      23.538713455200195
    ],
    [
      23.324310302734375,
      8.369119644165039,
      25.49053382873535,
      8.619548797607422,
      65.00519561767578,
      17.172958374023438,
      100.76091003417969,
      38.54072952270508,
      120.47370147705078,
      49.63896942138672,
      102.23817443847656,
      48.285980224609375,
      73.15264892578125,
      39.9303092956543,
      74.80677032470703,
      45.45724105834961,
      56.045589447021484,
      30.36273765563965
    ],
    [
      18.793624877929688,
      8.903230667114258,
      15.902924537658691,
      12.793477058410645,
      29.63260841369629,
      20.90571403503418,
      43.63085174560547,
      33.86859893798828,
      49.63896942138672,
      43.68363952636719,
      44.734066009521484,
      40.23126983642578,
      44.26141357421875,
      41.38024139404297,
      40.946964263916016,
      42.91794967651367,
      30.576841354370117,
      30.141115188598633
    ],
    [
      27.218591690063477,
      6.96821403503418,
      22.19098663330078,
      6.027344703674316,
      51.87279510498047,
      13.979990005493164,
      82.45451354980469,
      34.434814453125,
      102.23817443847656,
      44.734066009521484,
      118.2100601196289,
      56.17051696777344,
      91.13311767578125,
      52.294654846191406,
      92.34910583496094,
      58.910438537597656,
      69.27925109863281,
      41.221336364746094
    ],
    [
      30.476070404052734,
      12.94299030303955,
      19.79608726501465,
      14.586846351623535,
      30.45151710510254,
      20.920846939086914,
      42.71672821044922,
      32.054100036621094,
      48.285980224609375,
      40.23126983642578,
      56.17051696777344,
      64.51351165771484,
      62.06768798828125,
      67.33197784423828,
      56.338722229003906,
      67.95425415039062,
      48.749446868896484,
      47.45228958129883
    ],
    [
      36.7744026184082,
      10.033381462097168,
      23.749671936035156,
      11.499238967895508,
      40.24251937866211,
      18.9801025390625,
      56.68435287475586,
      33.20722579956055,
      73.15264892578125,
      44.26141357421875,
      91.13311767578125,
      62.06768798828125,
      108.88932037353516,
      78.81669616699219,
      102.67090606689453,
      86.2842788696289,
      78.55680084228516,
      64.11127471923828
    ],
    [
      42.232730865478516,
      14.12839126586914,
      21.332233428955078,
      16.861528396606445,
      27.030250549316406,
      23.09158706665039,
      35.71918869018555,
      32.78978729248047,
      39.9303092956543,
      41.38024139404297,
      52.294654846191406,
      67.33197784423828,
      78.81669616699219,
      92.84532165527344,
      69.95759582519531,
      95.28779602050781,
      59.78998565673828,
      70.42613983154297
    ],
    [
      30.04636573791504,
      9.58259105682373,
      24.193382263183594,
      11.101371765136719,
      41.25101089477539,
      16.88126564025879,
      59.68626022338867,
      31.76538848876953,
      74.80677032470703,
      40.946964263916016,
      92.34910583496094,
      56.338722229003906,
      102.67090606689453,
      69.95759582519531,
      114.3426513671875,
      83.27801513671875,
      87.31877136230469,
      62.32301712036133
    ],
    [
      44.88195037841797,
      14.8500337600708,
      23.22347068786621,
      17.49250030517578,
      29.599699020385742,
      22.87601661682129,
      39.898170471191406,
      34.07234191894531,
      45.45724105834961,
      42.91794967651367,
      58.910438537597656,
      67.95425415039062,
      86.2842788696289,
      95.28779602050781,
      83.27801513671875,
      106.06665802001953,
      70.02896881103516,
      80.14031219482422
    ],
    [
      24.189687728881836,
      8.464529037475586,
      18.164234161376953,
      8.791154861450195,
      30.183115005493164,
      12.189620018005371,
      44.65228271484375,
      23.758481979370117,
      56.045589447021484,
      30.576841354370117,
      69.27925109863281,
      48.749446868896484,
      78.55680084228516,
      59.78998565673828,
      87.31877136230469,
      70.02896881103516,
      79.06315612792969,
      55.991966247558594
    ],
    [
      31.94686508178711,
      11.109687805175781,
      16.32008934020996,
      12.39371395111084,
      18.687000274658203,
      15.601874351501465,
      25.314311981201172,
      23.538713455200195,
      30.36273765563965,
      30.141115188598633,
      41.221336364746094,
      47.45228958129883,
      64.11127471923828,
      70.42613983154297,
      62.32301712036133,
      80.14031219482422,
      55.991966247558594,
      68.05965423583984
    ]
  ],
  "drr": 16.209651947021484,
  "dynamics": 4.074752330780029,
  "format": 1245190,
  "frames": 10911744,
  "loudness": -12.932257652282715,
  "loudness_range": 11.5025634765625,
  "loudness_range_short": 14.05868148803711,
  "peak": 0.26663559675216675,
  "rms": -13.44161605834961,
  "sample_rate": 44100,
  "sections": 1,
  "seekable": 1,
  "sharpness": 2.9588773250579834,
  "space": -9.150165557861328
}