{
  "bands": [
    {
      "high_freq": 148.1999969482422,
      "loudness": -24.44196891784668,
      "loudness_range": 9.266542434692383,
      "mid_mean": -21.04267692565918,
      "mid_to_side_loudness": -12.942063331604004,
      "mid_to_side_loudness_range": 11.014381408691406,
      "side_mean": -33.911346435546875
    },
    {
      "high_freq": 392.3793640136719,
      "loudness": -19.90178108215332,
      "loudness_range": 6.979677200317383,
      "low_freq": 148.1999969482422,
      "mid_mean": -16.42446517944336,
      "mid_to_side_loudness": -13.779073715209961,
      "mid_to_side_loudness_range": 7.445592880249023,
      "side_mean": -30.138368606567383
    },
    {
      "high_freq": 794.6976318359375,
      "loudness": -24.52326774597168,
      "loudness_range": 8.108072280883789,
      "low_freq": 392.3793640136719,
      "mid_mean": -21.08624267578125,
      "mid_to_side_loudness": -13.80852222442627,
      "mid_to_side_loudness_range": 7.39036750793457,
      "side_mean": -34.89912033081055
    },
    {
      "high_freq": 1457.5709228515625,
      "loudness": -27.296981811523438,
      "loudness_range": 9.68006706237793,
      "low_freq": 794.6976318359375,
      "mid_mean": -23.857297897338867,
      "mid_to_side_loudness": -13.331727027893066,
      "mid_to_side_loudness_range": 7.562995910644531,
      "side_mean": -37.140220642089844
    },
    {
      "high_freq": 2549.74365234375,
      "loudness": -30.196992874145508,
      "loudness_range": 9.904767990112305,
      "low_freq": 1457.5709228515625,
      "mid_mean": -26.762332916259766,
      "mid_to_side_loudness": -12.510808944702148,
      "mid_to_side_loudness_range": 7.383028030395508,
      "side_mean": -39.44561767578125
    },
    {
      "high_freq": 4349.24462890625,
      "loudness": -35.23344039916992,
      "loudness_range": 10.768367767333984,
      "low_freq": 2549.74365234375,
      "mid_mean": -31.71905517578125,
      "mid_to_side_loudness": -14.206794738769531,
      "mid_to_side_loudness_range": 8.657634735107422,
      "side_mean": -46.242820739746094
    },
    {
      "high_freq": 7314.1640625,
      "loudness": -36.87346649169922,
      "loudness_range": 12.476766586303711,
      "low_freq": 4349.24462890625,
      "mid_mean": -33.306148529052734,
      "mid_to_side_loudness": -15.57337474822998,
      "mid_to_side_loudness_range": 9.386009216308594,
      "side_mean": -50.15713119506836
    },
    {
      "high_freq": 12199.2666015625,
      "loudness": -38.49525833129883,
      "loudness_range": 15.174304962158203,
      "low_freq": 7314.1640625,
      "mid_mean": -34.88383102416992,
      "mid_to_side_loudness": -17.867116928100586,
      "mid_to_side_loudness_range": 10.918037414550781,
      "side_mean": -53.832122802734375
    },
    {
      "loudness": -43.532325744628906,
      "loudness_range": 19.518978118896484,
      "low_freq": 12199.2666015625,
      "mid_mean": -39.89410400390625,
      "mid_to_side_loudness": -22.985464096069336,
      "mid_to_side_loudness_range": 18.207744598388672,
      "side_mean": -62.69343185424805
    }
  ],
  "bands_short": [
    {
      "high_freq": 148.1999969482422,
      "loudness": -29.28464126586914,
      "loudness_range": 14.819391250610352,
      "mid_mean": -26.059608459472656,
      "mid_to_side_loudness": -12.943937301635742,
      "mid_to_side_loudness_range": 17.698684692382812,
      "side_mean": -39.0075798034668
    },
    {
      "high_freq": 392.3793640136719,
      "loudness": -19.63945770263672,
      "loudness_range": 9.0921049118042,
      "low_freq": 148.1999969482422,
      "mid_mean": -16.229215621948242,
      "mid_to_side_loudness": -13.318875312805176,
      "mid_to_side_loudness_range": 11.003805160522461,
      "side_mean": -29.563085556030273
    },
    {
      "high_freq": 794.6976318359375,
      "loudness": -24.77987289428711,
      "loudness_range": 11.074892044067383,
      "low_freq": 392.3793640136719,
      "mid_mean": -21.40102195739746,
      "mid_to_side_loudness": -13.466337203979492,
      "mid_to_side_loudness_range": 11.835123062133789,
      "side_mean": -34.854591369628906
    },
    {
      "high_freq": 1457.5709228515625,
      "loudness": -27.7792911529541,
      "loudness_range": 11.983247756958008,
      "low_freq": 794.6976318359375,
      "mid_mean": -24.40505027770996,
      "mid_to_side_loudness": -13.101422309875488,
      "mid_to_side_loudness_range": 12.402774810791016,
      "side_mean": -37.4586296081543
    },
    {
      "high_freq": 2549.74365234375,
      "loudness": -30.8819637298584,
      "loudness_range": 12.38986587524414,
      "low_freq": 1457.5709228515625,
      "mid_mean": -27.570335388183594,
      "mid_to_side_loudness": -12.028959274291992,
      "mid_to_side_loudness_range": 11.907882690429688,
      "side_mean": -39.759578704833984
    },
    {
      "high_freq": 4349.24462890625,
      "loudness": -36.3742790222168,
      "loudness_range": 14.141677856445312,
      "low_freq": 2549.74365234375,
      "mid_mean": -32.970008850097656,
      "mid_to_side_loudness": -13.267378807067871,
      "mid_to_side_loudness_range": 12.614753723144531,
      "side_mean": -46.56088638305664
    },
    {
      "high_freq": 7314.1640625,
      "loudness": -38.63414001464844,
      "loudness_range": 17.53360939025879,
      "low_freq": 4349.24462890625,
      "mid_mean": -35.20180892944336,
      "mid_to_side_loudness": -14.013477325439453,
      "mid_to_side_loudness_range": 14.809781074523926,
      "side_mean": -50.58958435058594
    },
    {
      "high_freq": 12199.2666015625,
      "loudness": -41.6484260559082,
      "loudness_range": 23.155410766601562,
      "low_freq": 7314.1640625,
      "mid_mean": -38.22399139404297,
      "mid_to_side_loudness": -15.063821792602539,
      "mid_to_side_loudness_range": 18.280601501464844,
      "side_mean": -54.65115737915039
    },
    {
      "loudness": -49.47138977050781,
      "loudness_range": 31.37496566772461,
      "low_freq": 12199.2666015625,
      "mid_mean": -46.91130828857422,
      "mid_to_side_loudness": -16.89691162109375,
      "mid_to_side_loudness_range": 26.046594619750977,
      "side_mean": -63.340484619140625
    }
  ],
  "channels": 2,
  "covariance": [
    [
      12.98275089263916,
      7.145192623138428,
      0.7074732184410095,
      0.4069954454898834,
      0.5390831232070923,
      -0.4269578456878662,
      0.6577110290527344,
      -1.3127033710479736,
      0.22768643498420715,
      -1.139800786972046,
      2.0837807655334473,
      0.5155028104782104,
      2.2713255882263184,
      4.776650428771973,
      2.2647459506988525,
      3.79522705078125,
      2.7205729484558105,
      1.7633410692214966
    ],
    [
      7.145192623138428,
      15.294587135314941,
      1.6931712627410889,
      1.3498965501785278,
      1.9783895015716553,
      0.724822461605072,
      1.788282036781311,
      0.5204477906227112,
      1.4391210079193115,
      0.9670781493186951,
      2.15740966796875,
      1.858044147491455,
      1.140739917755127,
      4.898211479187012,
      0.861932098865509,
      3.877962112426758,
      1.233122706413269,
      1.8528989553451538
    ],
    [
      0.7074732184410095,
      1.6931712627410889,
      9.729254722595215,
      5.2535505294799805,
      4.3252763748168945,
      2.122727155685425,
      4.993432521820068,
      2.1669914722442627,
      2.2803921699523926,
      1.1967390775680542,
      0.8616446852684021,
      0.48668667674064636,
      -0.1868547946214676,
      3.7735610008239746,
      0.5057125091552734,
      3.346311330795288,
      0.9449310898780823,
      0.8021071553230286
    ],
    [
      0.4069954454898834,
      1.3498965501785278,
      5.2535505294799805,
      8.040277481079102,
      2.2090814113616943,
      1.8226596117019653,
      3.023501396179199,
      2.196579933166504,
      1.6853351593017578,
      1.9740338325500488,
      0.5294919013977051,
      1.3190295696258545,
      0.39186325669288635,
      4.298399925231934,
      0.6590331792831421,
      3.8091750144958496,
      0.7094533443450928,
      1.5900747776031494
    ],
    [
      0.5390831232070923,
      1.9783895015716553,
      4.3252763748168945,
      2.2090814113616943,
      11.382201194763184,
      6.764052867889404,
      7.499783515930176,
      5.935522556304932,
      5.103667736053467,
      3.544584035873413,
      2.458707571029663,
      2.2246155738830566,
      0.6301571130752563,
      3.3975017070770264,
      1.4184168577194214,
      3.6213691234588623,
      3.0004045963287354,
      2.2177650928497314
    ],
    [
      -0.4269578456878662,
      0.724822461605072,
      2.122727155685425,
      1.8226596117019653,
      6.764052867889404,
      8.669723510742188,
      4.6306633949279785,
      5.453265190124512,
      3.1898984909057617,
      3.7472951412200928,
      1.117691993713379,
      1.7825608253479004,
      0.3752257227897644,
      2.951328992843628,
      0.6948503851890564,
      2.881277322769165,
      1.7497104406356812,
      1.6527276039123535
    ],
    [
      0.6577110290527344,
      1.788282036781311,
      4.993432521820068,
      3.023501396179199,
      7.499783515930176,
      4.6306633949279785,
      13.255430221557617,
      7.6139068603515625,
      6.5502028465271,
      4.421078205108643,
      4.913337230682373,
      3.5720574855804443,
      3.87550687789917,
      6.026718616485596,
      4.744560718536377,
      6.922660827636719,
      7.580759525299072,
      4.818723201751709
    ],
    [
      -1.3127033710479736,
      0.5204477906227112,
      2.1669914722442627,
      2.196579933166504,
      5.935522556304932,
      5.453265190124512,
      7.6139068603515625,
      9.702827453613281,
      4.573893070220947,
      5.34298038482666,
      2.248356342315674,
      3.3994641304016113,
      1.2619928121566772,
      4.227354526519775,
      1.3801085948944092,
      4.2648210525512695,
      3.6217610836029053,
      3.471078634262085
    ],
    [
      0.22768643498420715,
      1.4391210079193115,
      2.2803921699523926,
      1.6853351593017578,
      5.103667736053467,
      3.1898984909057617,
      6.5502028465271,
      4.573893070220947,
      12.585330963134766,
      8.689009666442871,
      8.481285095214844,
      7.167794704437256,
      7.255376815795898,
      7.640405654907227,
      8.528191566467285,
      9.054705619812012,
      10.781821250915527,
      6.681228160858154
    ],
    [
      -1.139800786972046,
      0.9670781493186951,
      1.1967390775680542,
      1.9740338325500488,
      3.544584035873413,
      3.7472951412200928,
      4.421078205108643,
      5.34298038482666,
      8.689009666442871,
      10.309635162353516,
      4.813579559326172,
      6.646872520446777,
      3.562349796295166,
      6.541308403015137,
      3.7569665908813477,
      6.769467830657959,
      5.1495561599731445,
      4.863312721252441
    ],
    [
      2.0837807655334473,
      2.15740966796875,
      0.8616446852684021,
      0.5294919013977051,
      2.458707571029663,
      1.117691993713379,
      4.913337230682373,
      2.248356342315674,
      8.481285095214844,
      4.813579559326172,
      14.962230682373047,
      9.46012020111084,
      12.95433521270752,
      10.006830215454102,
      14.632896423339844,
      12.274831771850586,
      17.126127243041992,
      9.357742309570312
    ],
    [
      0.5155028104782104,
      1.858044147491455,
      0.48668667674064636,
      1.3190295696258545,
      2.2246155738830566,
      1.7825608253479004,
      3.5720574855804443,
      3.3994641304016113,
      7.167794704437256,
      6.646872520446777,
      9.46012020111084,
      11.507682800292969,
      7.299023151397705,
      10.280267715454102,
      7.0867509841918945,
      10.310888290405273,
      8.318154335021973,
      7.6421308517456055
    ],
    [
      2.2713255882263184,
      1.140739917755127,
      -0.1868547946214676,
      0.39186325669288635,
      0.6301571130752563,
      0.3752257227897644,
      3.87550687789917,
      1.2619928121566772,
      7.255376815795898,
      3.562349796295166,
      12.95433521270752,
      7.299023151397705,
      19.5082950592041,
      12.934891700744629,
      20.160198211669922,
      15.145095825195312,
      23.41594123840332,
      11.799363136291504
    ],
    [
      4.776650428771973,
      4.898211479187012,
      3.7735610008239746,
      4.298399925231934,
      3.3975017070770264,
      2.951328992843628,
      6.026718616485596,
      4.227354526519775,
      7.640405654907227,
      6.541308403015137,
      10.006830215454102,
      10.280267715454102,
      12.934891700744629,
      32.991661071777344,
      11.504319190979004,
      28.537208557128906,
      12.807280540466309,
      16.313982009887695
    ],
    [
      2.2647459506988525,
      0.861932098865509,
      0.5057125091552734,
      0.6590331792831421,
      1.4184168577194214,
      0.6948503851890564,
      4.744560718536377,
      1.3801085948944092,
      8.528191566467285,
      3.7569665908813477,
      14.632896423339844,
      7.0867509841918945,
      20.160198211669922,
      11.504319190979004,
      29.122013092041016,
      19.372941970825195,
      33.27611541748047,
      14.857283592224121
    ],
    [
      3.79522705078125,
      3.877962112426758,
      3.346311330795288,
      3.8091750144958496,
      3.6213691234588623,
      2.881277322769165,
      6.922660827636719,
      4.2648210525512695,
      9.054705619812012,
      6.769467830657959,
      12.274831771850586,
      10.310888290405273,
      15.145095825195312,
      28.537208557128906,
      19.372941970825195,
      31.370424270629883,
      21.200942993164062,
      19.491382598876953
    ],
    [
      2.7205729484558105,
      1.233122706413269,
      0.9449310898780823,
      0.7094533443450928,
      3.0004045963287354,
      1.7497104406356812,
      7.580759525299072,
      3.6217610836029053,
      10.781821250915527,
      5.1495561599731445,
      17.126127243041992,
      8.318154335021973,
      23.41594123840332,
      12.807280540466309,
      33.27611541748047,
      21.200942993164062,
      46.05953598022461,
      19.48887062072754
    ],
    [
      1.7633410692214966,
      1.8528989553451538,
      0.8021071553230286,
      1.5900747776031494,
      2.2177650928497314,
      1.6527276039123535,
      4.818723201751709,
      3.471078634262085,
      6.681228160858154,
      4.863312721252441,
      9.357742309570312,
      7.6421308517456055,
      11.799363136291504,
      16.313982009887695,
      14.857283592224121,
      19.491382598876953,
      19.48887062072754,
      16.966320037841797
    ]
  ],
  "covariance_short": [
    [
      31.316543579101562,
      10.870994567871094,
      2.3504087924957275,
      -0.7571492195129395,
      0.6172376871109009,
      -1.7523183822631836,
      0.15749718248844147,
      -1.927700400352478,
      0.5062017440795898,
      -1.9596353769302368,
      2.8981897830963135,
      -0.9739956855773926,
      3.782632827758789,
      1.1964832544326782,
      5.03839635848999,
      0.9962271451950073,
      9.679262161254883,
      0.41823622584342957
    ],
    [
      10.870994567871094,
      30.748842239379883,
      1.1335872411727905,
      1.9789425134658813,
      0.4878886640071869,
      -0.6982487440109253,
      0.2101522535085678,
      0.11426042020320892,
      0.5960988402366638,
      0.9727692604064941,
      0.8473579287528992,
      1.9273542165756226,
      0.6199020147323608,
      4.80975866317749,
      -0.27241069078445435,
      3.9416608810424805,
      2.927155017852783,
      2.4180712699890137
    ],
    [
      2.3504087924957275,
      1.1335872411727905,
      14.433690071105957,
      5.712538242340088,
      6.963744640350342,
      1.7188265323638916,
      7.214881896972656,
      1.9778517484664917,
      5.307070732116699,
      0.7322951555252075,
      5.123332500457764,
      0.2872970700263977,
      4.284245491027832,
      3.7944140434265137,
      6.0746073722839355,
      3.960216999053955,
      12.818632125854492,
      1.2296561002731323
    ],
    [
      -0.7571492195129395,
      1.9789425134658813,
      5.712538242340088,
      12.142715454101562,
      2.5106353759765625,
      2.213649272918701,
      3.3851590156555176,
      2.7996809482574463,
      1.6969249248504639,
      2.0641489028930664,
      0.9379959106445312,
      1.819753885269165,
      0.46244707703590393,
      6.131396770477295,
      0.41462621092796326,
      5.049501419067383,
      5.108214378356934,
      2.0614013671875
    ],
    [
      0.6172376871109009,
      0.4878886640071869,
      6.963744640350342,
      2.5106353759765625,
      18.410194396972656,
      6.7606940269470215,
      11.577404975891113,
      5.692136287689209,
      10.123741149902344,
      3.60888934135437,
      6.957350730895996,
      1.9141483306884766,
      5.4830732345581055,
      3.1425468921661377,
      6.954217910766602,
      4.365667819976807,
      14.28867244720459,
      3.1449549198150635
    ],
    [
      -1.7523183822631836,
      -0.6982487440109253,
      1.7188265323638916,
      2.213649272918701,
      6.7606940269470215,
      11.745790481567383,
      4.051504611968994,
      5.543115615844727,
      3.442330837249756,
      4.038173675537109,
      0.9817970991134644,
      1.9780346155166626,
      0.05792148783802986,
      3.285179615020752,
      -0.19758833944797516,
      2.7424163818359375,
      2.9471116065979004,
      1.6021538972854614
    ],
    [
      0.15749718248844147,
      0.2101522535085678,
      7.214881896972656,
      3.3851590156555176,
      11.577404975891113,
      4.051504611968994,
      19.807716369628906,
      7.405498504638672,
      11.906214714050293,
      4.3328633308410645,
      10.879237174987793,
      3.3491034507751465,
      11.30477523803711,
      6.1931962966918945,
      13.553638458251953,
      8.737264633178711,
      21.974079132080078,
      6.030884265899658
    ],
    [
      -1.927700400352478,
      0.11426042020320892,
      1.9778517484664917,
      2.7996809482574463,
      5.692136287689209,
      5.543115615844727,
      7.405498504638672,
      13.468632698059082,
      4.7798943519592285,
      5.717475891113281,
      2.261979103088379,
      3.9331789016723633,
      1.3989782333374023,
      5.415002822875977,
      1.191512107849121,
      5.1965203285217285,
      6.114006042480469,
      3.941351890563965
    ],
    [
      0.5062017440795898,
      0.5960988402366638,
      5.307070732116699,
      1.6969249248504639,
      10.123741149902344,
      3.442330837249756,
      11.906214714050293,
      4.7798943519592285,
      20.917863845825195,
      9.009419441223145,
      15.95058536529541,
      7.298512935638428,
      16.146080017089844,
      8.415702819824219,
      19.047405242919922,
      11.890583038330078,
      26.977670669555664,
      8.454864501953125
    ],
    [
      -1.9596353769302368,
      0.9727692604064941,
      0.7322951555252075,
      2.0641489028930664,
      3.60888934135437,
      4.038173675537109,
      4.3328633308410645,
      5.717475891113281,
      9.009419441223145,
      13.824155807495117,
      5.064576148986816,
      7.512923717498779,
      3.9658570289611816,
      7.672274589538574,
      3.8887062072753906,
      7.704921245574951,
      7.35410737991333,
      5.227073669433594
    ],
    [
      2.8981897830963135,
      0.8473579287528992,
      5.123332500457764,
      0.9379959106445312,
      6.957350730895996,
      0.9817970991134644,
      10.879237174987793,
      2.261979103088379,
      15.95058536529541,
      5.064576148986816,
      26.953067779541016,
      9.933642387390137,
      25.94996452331543,
      11.407981872558594,
      29.364707946777344,
      16.60826873779297,
      38.19710159301758,
      11.558359146118164
    ],
    [
      -0.9739956855773926,
      1.9273542165756226,
      0.2872970700263977,
      1.819753885269165,
      1.9141483306884766,
      1.9780346155166626,
      3.3491034507751465,
      3.9331789016723633,
      7.298512935638428,
      7.512923717498779,
      9.933642387390137,
      14.631741523742676,
      8.25875186920166,
      12.473758697509766,
      6.989128112792969,
      12.488029479980469,
      10.209198951721191,
      8.723309516906738
    ],
    [
      3.782632827758789,
      0.6199020147323608,
      4.284245491027832,
      0.46244707703590393,
      5.4830732345581055,
      0.05792148783802986,
      11.30477523803711,
      1.3989782333374023,
      16.146080017089844,
      3.9658570289611816,
      25.94996452331543,
      8.25875186920166,
      39.11336898803711,
      15.009370803833008,
      42.08349609375,
      21.575773239135742,
      53.69489669799805,
      15.27804946899414
    ],
    [
      1.1964832544326782,
      4.80975866317749,
      3.7944140434265137,
      6.131396770477295,
      3.1425468921661377,
      3.285179615020752,
      6.1931962966918945,
      5.415002822875977,
      8.415702819824219,
      7.672274589538574,
      11.407981872558594,
      12.473758697509766,
      15.009370803833008,
      36.8639030456543,
      12.617734909057617,
      31.35781478881836,
      23.122604370117188,
      17.6281681060791
    ],
    [
      5.03839635848999,
      -0.27241069078445435,
      6.0746073722839355,
      0.41462621092796326,
      6.954217910766602,
      -0.19758833944797516,
      13.553638458251953,
      1.191512107849121,
      19.047405242919922,
      3.8887062072753906,
      29.364707946777344,
      6.989128112792969,
      42.08349609375,
      12.617734909057617,
      64.3153305053711,
      26.616418838500977,
      76.79680633544922,
      19.001802444458008
    ],
    [
      0.9962271451950073,
      3.9416608810424805,
      3.960216999053955,
      5.049501419067383,
      4.365667819976807,
      2.7424163818359375,
      8.737264633178711,
      5.1965203285217285,
      11.890583038330078,
      7.704921245574951,
      16.60826873779297,
      12.488029479980469,
      21.575773239135742,
      31.35781478881836,
      26.616418838500977,
      37.59950256347656,
      37.65227508544922,
      22.656564712524414
    ],
    [
      9.679262161254883,
      2.927155017852783,
      12.818632125854492,
      5.108214378356934,
      14.28867244720459,
      2.9471116065979004,
      21.974079132080078,
      6.114006042480469,
      26.977670669555664,
      7.35410737991333,
      38.19710159301758,
      10.209198951721191,
      53.69489669799805,
      23.122604370117188,
      76.79680633544922,
      37.65227508544922,
      121.44722747802734,
      27.058229446411133
    ],
    [
      0.41823622584342957,
      2.4180712699890137,
      1.2296561002731323,
      2.0614013671875,
      3.1449549198150635,
      1.6021538972854614,
      6.030884265899658,
      3.941351890563965,
      8.454864501953125,
      5.227073669433594,
      11.558359146118164,
      8.723309516906738,
      15.27804946899414,
      17.6281681060791,
      19.001802444458008,
      22.656564712524414,
      27.058229446411133,
      20.21748924255371
    ]
  ],
  "drr": 10.520387649536133,
  "dynamics": 1.9253085851669312,
  "format": 1245190,
  "frames": 11128832,
  "loudness": -13.01473617553711,
  "loudness_range": 4.163567543029785,
  "loudness_range_short": 7.172947883605957,
  "peak": -0.011240227147936821,
  "rms": -15.223969459533691,
  "sample_rate": 44100,
  "sections": 1,
  "seekable": 1,
  "sharpness": 2.238222122192383,
  "space": -13.33799934387207
}