{
  "bands": [
    {
      "high_freq": 148.1999969482422,
      "loudness": -18.192529678344727,
      "loudness_range": 5.336057662963867,
      "mid_mean": -14.725370407104492,
      "mid_to_side_loudness": -13.792014122009277,
      "mid_to_side_loudness_range": 10.013587951660156,
      "side_mean": -28.59557342529297
    },
    {
      "high_freq": 392.3793640136719,
      "loudness": -19.010530471801758,
      "loudness_range": 4.651294708251953,
      "low_freq": 148.1999969482422,
      "mid_mean": -16.338403701782227,
      "mid_to_side_loudness": -6.223915100097656,
      "mid_to_side_loudness_range": 6.659310340881348,
      "side_mean": -22.631746292114258
    },
    {
      "high_freq": 794.6976318359375,
      "loudness": -21.757328033447266,
      "loudness_range": 8.33523941040039,
      "low_freq": 392.3793640136719,
      "mid_mean": -19.593170166015625,
      "mid_to_side_loudness": -4.007233142852783,
      "mid_to_side_loudness_range": 5.7578630447387695,
      "side_mean": -23.619062423706055
    },
    {
      "high_freq": 1457.5709228515625,
      "loudness": -23.02942657470703,
      "loudness_range": 9.690755844116211,
      "low_freq": 794.6976318359375,
      "mid_mean": -20.585472106933594,
      "mid_to_side_loudness": -5.163761615753174,
      "mid_to_side_loudness_range": 6.546436309814453,
      "side_mean": -25.705913543701172
    },
    {
      "high_freq": 2549.74365234375,
      "loudness": -20.56549072265625,
      "loudness_range": 6.883441925048828,
      "low_freq": 1457.5709228515625,
      "mid_mean": -18.837787628173828,
      "mid_to_side_loudness": -2.6721832752227783,
      "mid_to_side_loudness_range": 5.349407196044922,
      "side_mean": -21.44979476928711
    },
    {
      "high_freq": 4349.24462890625,
      "loudness": -21.884986877441406,
      "loudness_range": 7.976163864135742,
      "low_freq": 2549.74365234375,
      "mid_mean": -20.080196380615234,
      "mid_to_side_loudness": -2.8636703491210938,
      "mid_to_side_loudness_range": 4.723860263824463,
      "side_mean": -22.90917205810547
    },
    {
      "high_freq": 7314.1640625,
      "loudness": -28.34980010986328,
      "loudness_range": 13.17365837097168,
      "low_freq": 4349.24462890625,
      "mid_mean": -26.056184768676758,
      "mid_to_side_loudness": -4.544124603271484,
      "mid_to_side_loudness_range": 6.678827285766602,
      "side_mean": -30.608078002929688
    },
    {
      "high_freq": 12199.2666015625,
      "loudness": -31.26706314086914,
      "loudness_range": 11.414867401123047,
      "low_freq": 7314.1640625,
      "mid_mean": -28.95195198059082,
      "mid_to_side_loudness": -4.4908976554870605,
      "mid_to_side_loudness_range": 4.808920860290527,
      "side_mean": -33.39814376831055
    },
    {
      "loudness": -35.03662872314453,
      "loudness_range": 16.848718643188477,
      "low_freq": 12199.2666015625,
      "mid_mean": -32.946285247802734,
      "mid_to_side_loudness": -3.553114175796509,
      "mid_to_side_loudness_range": 3.201415538787842,
      "side_mean": -36.50910949707031
    }
  ],
  "bands_short": [
    {
      "high_freq": 148.1999969482422,
      "loudness": -20.82488250732422,
      "loudness_range": 11.054827690124512,
      "mid_mean": -17.404958724975586,
      "mid_to_side_loudness": -15.18187427520752,
      "mid_to_side_loudness_range": 17.537841796875,
      "side_mean": -32.71034240722656
    },
    {
      "high_freq": 392.3793640136719,
      "loudness": -18.115924835205078,
      "loudness_range": 6.691967964172363,
      "low_freq": 148.1999969482422,
      "mid_mean": -15.307806015014648,
      "mid_to_side_loudness": -7.495211124420166,
      "mid_to_side_loudness_range": 10.581110954284668,
      "side_mean": -22.90932846069336
    },
    {
      "high_freq": 794.6976318359375,
      "loudness": -21.925220489501953,
      "loudness_range": 9.755132675170898,
      "low_freq": 392.3793640136719,
      "mid_mean": -19.89138412475586,
      "mid_to_side_loudness": -3.889704942703247,
      "mid_to_side_loudness_range": 8.210423469543457,
      "side_mean": -23.801982879638672
    },
    {
      "high_freq": 1457.5709228515625,
      "loudness": -23.08957290649414,
      "loudness_range": 11.177816390991211,
      "low_freq": 794.6976318359375,
      "mid_mean": -20.804412841796875,
      "mid_to_side_loudness": -4.8803019523620605,
      "mid_to_side_loudness_range": 8.705183029174805,
      "side_mean": -25.663658142089844
    },
    {
      "high_freq": 2549.74365234375,
      "loudness": -21.38860321044922,
      "loudness_range": 11.020086288452148,
      "low_freq": 1457.5709228515625,
      "mid_mean": -19.66883659362793,
      "mid_to_side_loudness": -2.9557504653930664,
      "mid_to_side_loudness_range": 7.612475395202637,
      "side_mean": -22.569013595581055
    },
    {
      "high_freq": 4349.24462890625,
      "loudness": -22.451568603515625,
      "loudness_range": 11.3814697265625,
      "low_freq": 2549.74365234375,
      "mid_mean": -20.664575576782227,
      "mid_to_side_loudness": -3.1363236904144287,
      "mid_to_side_loudness_range": 7.653067588806152,
      "side_mean": -23.768123626708984
    },
    {
      "high_freq": 7314.1640625,
      "loudness": -29.26300621032715,
      "loudness_range": 16.36392593383789,
      "low_freq": 4349.24462890625,
      "mid_mean": -27.12950897216797,
      "mid_to_side_loudness": -4.133141040802002,
      "mid_to_side_loudness_range": 7.811346530914307,
      "side_mean": -31.28741455078125
    },
    {
      "high_freq": 12199.2666015625,
      "loudness": -33.27653503417969,
      "loudness_range": 18.855361938476562,
      "low_freq": 7314.1640625,
      "mid_mean": -31.031450271606445,
      "mid_to_side_loudness": -4.439051151275635,
      "mid_to_side_loudness_range": 6.56186580657959,
      "side_mean": -35.44147872924805
    },
    {
      "loudness": -39.69932174682617,
      "loudness_range": 27.406017303466797,
      "low_freq": 12199.2666015625,
      "mid_mean": -37.661312103271484,
      "mid_to_side_loudness": -3.494077682495117,
      "mid_to_side_loudness_range": 4.685667991638184,
      "side_mean": -41.16606140136719
    }
  ],
  "channels": 2,
  "covariance": [
    [
      5.538013458251953,
      2.5578014850616455,
      -0.7763345837593079,
      0.8796432018280029,
      -0.11933877319097519,
      0.19864358007907867,
      -0.20568861067295074,
      -0.15697349607944489,
      0.050103507936000824,
      0.3942823112010956,
      -0.645497739315033,
      -0.5502985715866089,
      -1.3675984144210815,
      -1.7584123611450195,
      -0.4812009036540985,
      -0.9235233068466187,
      -0.4342197775840759,
      -0.8679984211921692
    ],
    [
      2.5578014850616455,
      11.549793243408203,
      0.6210160851478577,
      2.8759355545043945,
      0.6479514837265015,
      0.9988583326339722,
      2.1542603969573975,
      2.1997623443603516,
      1.4894567728042603,
      1.0573943853378296,
      1.128100037574768,
      0.38571789860725403,
      2.36055064201355,
      2.6314706802368164,
      -2.455132484436035,
      -2.0554556846618652,
      -5.655368804931641,
      -5.932589054107666
    ],
    [
      -0.7763345837593079,
      0.6210160851478577,
      4.3304362297058105,
      1.9583182334899902,
      2.0454623699188232,
      0.9992884993553162,
      1.2994788885116577,
      0.6203151345252991,
      1.66435968875885,
      0.7628178000450134,
      0.9001385569572449,
      0.2716788053512573,
      2.4207351207733154,
      1.4158598184585571,
      0.7850789427757263,
      0.3379366397857666,
      -0.7758593559265137,
      -1.0969771146774292
    ],
    [
      0.8796432018280029,
      2.8759355545043945,
      1.9583182334899902,
      6.108760356903076,
      0.8620103597640991,
      0.9941502213478088,
      0.8799235224723816,
      1.328832983970642,
      1.4350621700286865,
      0.8679398894309998,
      0.5128975510597229,
      0.009755118750035763,
      1.4016233682632446,
      1.3247991800308228,
      1.1092135906219482,
      1.1952000856399536,
      -0.15431350469589233,
      -0.1828492432832718
    ],
    [
      -0.11933877319097519,
      0.6479514837265015,
      2.0454623699188232,
      0.8620103597640991,
      11.188194274902344,
      8.36931037902832,
      6.467015266418457,
      5.256929397583008,
      2.476693630218506,
      1.0881423950195312,
      2.4090349674224854,
      0.9507049918174744,
      5.158706188201904,
      2.662369966506958,
      -0.9739932417869568,
      -2.013857841491699,
      -4.248017311096191,
      -4.514929294586182
    ],
    [
      0.19864358007907867,
      0.9988583326339722,
      0.9992884993553162,
      0.9941502213478088,
      8.36931037902832,
      9.469040870666504,
      4.134372234344482,
      4.736854076385498,
      2.062403440475464,
      2.2409560680389404,
      2.5936453342437744,
      2.5234289169311523,
      4.193437099456787,
      3.821676254272461,
      -0.9092695116996765,
      -0.82459956407547,
      -3.08540940284729,
      -2.907252550125122
    ],
    [
      -0.20568861067295074,
      2.1542603969573975,
      1.2994788885116577,
      0.8799235224723816,
      6.467015266418457,
      4.134372234344482,
      15.09026050567627,
      9.392610549926758,
      0.3128756880760193,
      -1.4683314561843872,
      3.0817129611968994,
      -0.03527504578232765,
      3.623403787612915,
      1.1584900617599487,
      -3.277193069458008,
      -3.8906028270721436,
      -5.756653785705566,
      -5.812024116516113
    ],
    [
      -0.15697349607944489,
      2.1997623443603516,
      0.6203151345252991,
      1.328832983970642,
      5.256929397583008,
      4.736854076385498,
      9.392610549926758,
      9.750532150268555,
      0.9946004748344421,
      0.5483243465423584,
      3.310910224914551,
      1.7321553230285645,
      4.254290580749512,
      3.4692838191986084,
      -1.9036669731140137,
      -1.8465298414230347,
      -4.474420070648193,
      -4.357111930847168
    ],
    [
      0.050103507936000824,
      1.4894567728042603,
      1.66435968875885,
      1.4350621700286865,
      2.476693630218506,
      2.062403440475464,
      0.3128756880760193,
      0.9946004748344421,
      9.250810623168945,
      6.629820823669434,
      4.182369709014893,
      4.82730770111084,
      6.877570629119873,
      7.1921820640563965,
      3.067833423614502,
      2.981097936630249,
      -0.7337129712104797,
      -0.8162977695465088
    ],
    [
      0.3942823112010956,
      1.0573943853378296,
      0.7628178000450134,
      0.8679398894309998,
      1.0881423950195312,
      2.2409560680389404,
      -1.4683314561843872,
      0.5483243465423584,
      6.629820823669434,
      8.956204414367676,
      4.352042198181152,
      7.498800277709961,
      6.098368167877197,
      8.507172584533691,
      3.456355094909668,
      4.228260517120361,
      0.5954212546348572,
      0.8579245805740356
    ],
    [
      -0.645497739315033,
      1.128100037574768,
      0.9001385569572449,
      0.5128975510597229,
      2.4090349674224854,
      2.5936453342437744,
      3.0817129611968994,
      3.310910224914551,
      4.182369709014893,
      4.352042198181152,
      8.15668773651123,
      7.847577095031738,
      8.366329193115234,
      9.29405689239502,
      1.2167214155197144,
      1.79731285572052,
      -1.7162911891937256,
      -1.4653215408325195
    ],
    [
      -0.5502985715866089,
      0.38571789860725403,
      0.2716788053512573,
      0.009755118750035763,
      0.9507049918174744,
      2.5234289169311523,
      -0.03527504578232765,
      1.7321553230285645,
      4.82730770111084,
      7.498800277709961,
      7.847577095031738,
      11.789859771728516,
      8.275959014892578,
      11.809328079223633,
      2.176656723022461,
      3.5896387100219727,
      -0.3210130035877228,
      0.5463574528694153
    ],
    [
      -1.3675984144210815,
      2.36055064201355,
      2.4207351207733154,
      1.4016233682632446,
      5.158706188201904,
      4.193437099456787,
      3.623403787612915,
      4.254290580749512,
      6.877570629119873,
      6.098368167877197,
      8.366329193115234,
      8.275959014892578,
      19.92190933227539,
      19.649822235107422,
      6.741067409515381,
      6.937915325164795,
      -2.9376566410064697,
      -2.7165446281433105
    ],
    [
      -1.7584123611450195,
      2.6314706802368164,
      1.4158598184585571,
      1.3247991800308228,
      2.662369966506958,
      3.821676254272461,
      1.1584900617599487,
      3.4692838191986084,
      7.1921820640563965,
      8.507172584533691,
      9.29405689239502,
      11.809328079223633,
      19.649822235107422,
      24.313039779663086,
      6.995285511016846,
      9.617486953735352,
      -1.1931921243667603,
      0.2287287414073944
    ],
    [
      -0.4812009036540985,
      -2.455132484436035,
      0.7850789427757263,
      1.1092135906219482,
      -0.9739932417869568,
      -0.9092695116996765,
      -3.277193069458008,
      -1.9036669731140137,
      3.067833423614502,
      3.456355094909668,
      1.2167214155197144,
      2.176656723022461,
      6.741067409515381,
      6.995285511016846,
      21.415952682495117,
      19.22892189025879,
      18.794021606445312,
      18.25210952758789
    ],
    [
      -0.9235233068466187,
      -2.0554556846618652,
      0.3379366397857666,
      1.1952000856399536,
      -2.013857841491699,
      -0.82459956407547,
      -3.8906028270721436,
      -1.8465298414230347,
      2.981097936630249,
      4.228260517120361,
      1.79731285572052,
      3.5896387100219727,
      6.937915325164795,
      9.617486953735352,
      19.22892189025879,
      20.65010643005371,
      20.089054107666016,
      20.900588989257812
    ],
    [
      -0.4342197775840759,
      -5.655368804931641,
      -0.7758593559265137,
      -0.15431350469589233,
      -4.248017311096191,
      -3.08540940284729,
      -5.756653785705566,
      -4.474420070648193,
      -0.7337129712104797,
      0.5954212546348572,
      -1.7162911891937256,
      -0.3210130035877228,
      -2.9376566410064697,
      -1.1931921243667603,
      18.794021606445312,
      20.089054107666016,
      36.3855094909668,
      36.27233123779297
    ],
    [
      -0.8679984211921692,
      -5.932589054107666,
      -1.0969771146774292,
      -0.1828492432832718,
      -4.514929294586182,
      -2.907252550125122,
      -5.812024116516113,
      -4.357111930847168,
      -0.8162977695465088,
      0.8579245805740356,
      -1.4653215408325195,
      0.5463574528694153,
      -2.7165446281433105,
      0.2287287414073944,
      18.25210952758789,
      20.900588989257812,
      36.27233123779297,
      38.11235046386719
    ]
  ],
  "covariance_short": [
    [
      19.346574783325195,
      3.1016604900360107,
      -0.461488276720047,
      -0.40653857588768005,
      -1.2664406299591064,
      -0.798111081123352,
      -1.8868657350540161,
      -1.824954628944397,
      -1.2719089984893799,
      -1.114132285118103,
      -1.8535947799682617,
      -2.4102394580841064,
      -3.8600809574127197,
      -4.397268295288086,
      -0.7553484439849854,
      -1.4031598567962646,
      1.0220922231674194,
      0.42669904232025146
    ],
    [
      3.1016604900360107,
      22.336654663085938,
      0.392749547958374,
      3.1608846187591553,
      0.6793844103813171,
      1.8598377704620361,
      1.407294511795044,
      1.992247462272644,
      2.1447198390960693,
      3.1157917976379395,
      1.924240231513977,
      3.066347360610962,
      1.8814347982406616,
      3.3183534145355225,
      -1.7217488288879395,
      -0.7819507718086243,
      -3.4038641452789307,
      -3.200731039047241
    ],
    [
      -0.461488276720047,
      0.392749547958374,
      7.37668514251709,
      2.2750256061553955,
      2.254098892211914,
      0.4615304470062256,
      1.82326078414917,
      0.7861483097076416,
      2.1588611602783203,
      1.2311859130859375,
      1.9953911304473877,
      0.9071958661079407,
      2.8287806510925293,
      1.178238868713379,
      1.1577153205871582,
      0.21740461885929108,
      0.34794315695762634,
      -0.4508697986602783
    ],
    [
      -0.40653857588768005,
      3.1608846187591553,
      2.2750256061553955,
      11.353464126586914,
      1.2310073375701904,
      1.777729868888855,
      1.6281834840774536,
      2.419313430786133,
      2.6066319942474365,
      3.043769598007202,
      0.9444106221199036,
      1.7589809894561768,
      1.9533541202545166,
      2.190727710723877,
      1.587458610534668,
      1.3133435249328613,
      1.1812242269515991,
      0.6714473366737366
    ],
    [
      -1.2664406299591064,
      0.6793844103813171,
      2.254098892211914,
      1.2310073375701904,
      15.069267272949219,
      9.191234588623047,
      8.067450523376465,
      6.492171764373779,
      5.004948139190674,
      3.1911063194274902,
      4.507068157196045,
      3.113274097442627,
      8.042516708374023,
      4.819275856018066,
      2.691028356552124,
      0.7641963362693787,
      -0.9818738102912903,
      -1.8451672792434692
    ],
    [
      -0.798111081123352,
      1.8598377704620361,
      0.4615304470062256,
      1.777729868888855,
      9.191234588623047,
      12.743633270263672,
      4.563747406005859,
      5.635387420654297,
      3.53233003616333,
      4.495499610900879,
      3.4137585163116455,
      4.605172157287598,
      5.755999565124512,
      5.571238994598389,
      1.5412187576293945,
      1.4769346714019775,
      -0.9491093158721924,
      -0.9095651507377625
    ],
    [
      -1.8868657350540161,
      1.407294511795044,
      1.82326078414917,
      1.6281834840774536,
      8.067450523376465,
      4.563747406005859,
      20.12547492980957,
      11.864392280578613,
      2.925344944000244,
      0.757324755191803,
      5.416468620300293,
      2.3486216068267822,
      6.050076484680176,
      2.812943935394287,
      -0.5023024082183838,
      -1.7311867475509644,
      -3.6194963455200195,
      -4.397061347961426
    ],
    [
      -1.824954628944397,
      1.992247462272644,
      0.7861483097076416,
      2.419313430786133,
      6.492171764373779,
      5.635387420654297,
      11.864392280578613,
      13.979812622070312,
      3.0008010864257812,
      3.369248628616333,
      4.684180736541748,
      4.4198994636535645,
      6.151323318481445,
      5.425430774688721,
      0.7155048251152039,
      0.5712016820907593,
      -2.10868239402771,
      -2.378854751586914
    ],
    [
      -1.2719089984893799,
      2.1447198390960693,
      2.1588611602783203,
      2.6066319942474365,
      5.004948139190674,
      3.53233003616333,
      2.925344944000244,
      3.0008010864257812,
      18.473997116088867,
      14.971999168395996,
      9.65720272064209,
      11.43056869506836,
      12.563091278076172,
      11.6638765335083,
      7.564043998718262,
      6.428588390350342,
      6.520857334136963,
      5.437227249145508
    ],
    [
      -1.114132285118103,
      3.1157917976379395,
      1.2311859130859375,
      3.043769598007202,
      3.1911063194274902,
      4.495499610900879,
      0.757324755191803,
      3.369248628616333,
      14.971999168395996,
      20.971330642700195,
      10.571086883544922,
      17.38984489440918,
      12.638957977294922,
      15.057547569274902,
      8.917189598083496,
      9.00403118133545,
      8.274201393127441,
      7.910347938537598
    ],
    [
      -1.8535947799682617,
      1.924240231513977,
      1.9953911304473877,
      0.9444106221199036,
      4.507068157196045,
      3.4137585163116455,
      5.416468620300293,
      4.684180736541748,
      9.65720272064209,
      10.571086883544922,
      16.342350006103516,
      15.93789005279541,
      15.2274169921875,
      14.489849090576172,
      7.41543436050415,
      6.738986492156982,
      4.7198381423950195,
      4.312624931335449
    ],
    [
      -2.4102394580841064,
      3.066347360610962,
      0.9071958661079407,
      1.7589809894561768,
      3.113274097442627,
      4.605172157287598,
      2.3486216068267822,
      4.4198994636535645,
      11.43056869506836,
      17.38984489440918,
      15.93789005279541,
      24.665836334228516,
      16.70346450805664,
      20.113508224487305,
      9.71755313873291,
      10.568707466125488,
      7.230081081390381,
      7.61521053314209
    ],
    [
      -3.8600809574127197,
      1.8814347982406616,
      2.8287806510925293,
      1.9533541202545166,
      8.042516708374023,
      5.755999565124512,
      6.050076484680176,
      6.151323318481445,
      12.563091278076172,
      12.638957977294922,
      15.2274169921875,
      16.70346450805664,
      35.1983528137207,
      31.239017486572266,
      22.168272018432617,
      21.41170883178711,
      17.699893951416016,
      17.02416229248047
    ],
    [
      -4.397268295288086,
      3.3183534145355225,
      1.178238868713379,
      2.190727710723877,
      4.819275856018066,
      5.571238994598389,
      2.812943935394287,
      5.425430774688721,
      11.6638765335083,
      15.057547569274902,
      14.489849090576172,
      20.113508224487305,
      31.239017486572266,
      35.25322341918945,
      19.565670013427734,
      22.609724044799805,
      16.755613327026367,
      17.840120315551758
    ],
    [
      -0.7553484439849854,
      -1.7217488288879395,
      1.1577153205871582,
      1.587458610534668,
      2.691028356552124,
      1.5412187576293945,
      -0.5023024082183838,
      0.7155048251152039,
      7.564043998718262,
      8.917189598083496,
      7.41543436050415,
      9.71755313873291,
      22.168272018432617,
      19.565670013427734,
      46.673805236816406,
      41.73097610473633,
      51.16471481323242,
      48.55411148071289
    ],
    [
      -1.4031598567962646,
      -0.7819507718086243,
      0.21740461885929108,
      1.3133435249328613,
      0.7641963362693787,
      1.4769346714019775,
      -1.7311867475509644,
      0.5712016820907593,
      6.428588390350342,
      9.00403118133545,
      6.738986492156982,
      10.568707466125488,
      21.41170883178711,
      22.609724044799805,
      41.73097610473633,
      43.00717544555664,
      51.111656188964844,
      50.93454360961914
    ],
    [
      1.0220922231674194,
      -3.4038641452789307,
      0.34794315695762634,
      1.1812242269515991,
      -0.9818738102912903,
      -0.9491093158721924,
      -3.6194963455200195,
      -2.10868239402771,
      6.520857334136963,
      8.274201393127441,
      4.7198381423950195,
      7.230081081390381,
      17.699893951416016,
      16.755613327026367,
      51.16471481323242,
      51.111656188964844,
      85.99885559082031,
      82.5913314819336
    ],
    [
      0.42669904232025146,
      -3.200731039047241,
      -0.4508697986602783,
      0.6714473366737366,
      -1.8451672792434692,
      -0.9095651507377625,
      -4.397061347961426,
      -2.378854751586914,
      5.437227249145508,
      7.910347938537598,
      4.312624931335449,
      7.61521053314209,
      17.02416229248047,
      17.840120315551758,
      48.55411148071289,
      50.93454360961914,
      82.5913314819336,
      83.4121322631836
    ]
  ],
  "drr": 13.073990821838379,
  "dynamics": 1.0902173519134521,
  "format": 1245190,
  "frames": 11399168,
  "loudness": -8.742379188537598,
  "loudness_range": 2.498976707458496,
  "loudness_range_short": 4.109354019165039,
  "peak": 0.5575796961784363,
  "rms": -11.352193832397461,
  "sample_rate": 44100,
  "sections": 1,
  "seekable": 1,
  "sharpness": 1.2899677753448486,
  "space": -5.795287132263184
}