{
  "bands": [
    {
      "high_freq": 148.1999969482422,
      "loudness": -35.53163146972656,
      "loudness_range": 19.319416046142578,
      "mid_mean": -34.14530563354492,
      "mid_to_side_loudness": -1.6391688585281372,
      "mid_to_side_loudness_range": 4.168124198913574,
      "side_mean": -35.79707336425781
    },
    {
      "high_freq": 392.3793640136719,
      "loudness": -33.399837493896484,
      "loudness_range": 18.470762252807617,
      "low_freq": 148.1999969482422,
      "mid_mean": -32.482967376708984,
      "mid_to_side_loudness": -0.678643524646759,
      "mid_to_side_loudness_range": 5.306913375854492,
      "side_mean": -33.12876892089844
    },
    {
      "high_freq": 794.6976318359375,
      "loudness": -36.14912033081055,
      "loudness_range": 24.948165893554688,
      "low_freq": 392.3793640136719,
      "mid_mean": -35.49274826049805,
      "mid_to_side_loudness": -0.13018684089183807,
      "mid_to_side_loudness_range": 5.420818328857422,
      "side_mean": -35.70053482055664
    },
    {
      "high_freq": 1457.5709228515625,
      "loudness": -43.576595306396484,
      "loudness_range": 25.225902557373047,
      "low_freq": 794.6976318359375,
      "mid_mean": -42.932655334472656,
      "mid_to_side_loudness": -0.13891366124153137,
      "mid_to_side_loudness_range": 4.427586555480957,
      "side_mean": -43.05082702636719
    },
    {
      "high_freq": 2549.74365234375,
      "loudness": -48.23859786987305,
      "loudness_range": 23.14264678955078,
      "low_freq": 1457.5709228515625,
      "mid_mean": -47.497135162353516,
      "mid_to_side_loudness": -0.09634209424257278,
      "mid_to_side_loudness_range": 2.5645508766174316,
      "side_mean": -47.58943557739258
    },
    {
      "high_freq": 4349.24462890625,
      "loudness": -48.49542999267578,
      "loudness_range": 15.23370361328125,
      "low_freq": 2549.74365234375,
      "mid_mean": -47.825016021728516,
      "mid_to_side_loudness": 0.11939118802547455,
      "mid_to_side_loudness_range": 1.7559038400650024,
      "side_mean": -47.705291748046875
    },
    {
      "high_freq": 7314.1640625,
      "loudness": -46.8364372253418,
      "loudness_range": 15.794601440429688,
      "low_freq": 4349.24462890625,
      "mid_mean": -46.20098114013672,
      "mid_to_side_loudness": 0.10674074292182922,
      "mid_to_side_loudness_range": 1.1658656597137451,
      "side_mean": -46.095272064208984
    },
    {
      "high_freq": 12199.2666015625,
      "loudness": -48.549354553222656,
      "loudness_range": 18.10409927368164,
      "low_freq": 7314.1640625,
      "mid_mean": -47.74050521850586,
      "mid_to_side_loudness": -0.145074263215065,
      "mid_to_side_loudness_range": 0.8268938064575195,
      "side_mean": -47.886051177978516
    },
    {
      "loudness": -50.12482833862305,
      "loudness_range": 19.22612762451172,
      "low_freq": 12199.2666015625,
      "mid_mean": -49.44471740722656,
      "mid_to_side_loudness": 0.08451278507709503,
      "mid_to_side_loudness_range": 0.6489455699920654,
      "side_mean": -49.33728790283203
    }
  ],
  "bands_short": [
    {
      "high_freq": 148.1999969482422,
      "loudness": -38.28159713745117,
      "loudness_range": 21.760597229003906,
      "mid_mean": -37.49827575683594,
      "mid_to_side_loudness": -0.6944613456726074,
      "mid_to_side_loudness_range": 9.033979415893555,
      "side_mean": -38.199790954589844
    },
    {
      "high_freq": 392.3793640136719,
      "loudness": -33.16435623168945,
      "loudness_range": 19.05154800415039,
      "low_freq": 148.1999969482422,
      "mid_mean": -32.11923599243164,
      "mid_to_side_loudness": -1.051135540008545,
      "mid_to_side_loudness_range": 6.842398643493652,
      "side_mean": -33.1611328125
    },
    {
      "high_freq": 794.6976318359375,
      "loudness": -36.60784912109375,
      "loudness_range": 25.283544540405273,
      "low_freq": 392.3793640136719,
      "mid_mean": -35.81544876098633,
      "mid_to_side_loudness": -0.5387222170829773,
      "mid_to_side_loudness_range": 6.947749137878418,
      "side_mean": -36.378265380859375
    },
    {
      "high_freq": 1457.5709228515625,
      "loudness": -44.17141342163086,
      "loudness_range": 25.840219497680664,
      "low_freq": 794.6976318359375,
      "mid_mean": -43.631534576416016,
      "mid_to_side_loudness": -0.02220306545495987,
      "mid_to_side_loudness_range": 5.729208469390869,
      "side_mean": -43.641639709472656
    },
    {
      "high_freq": 2549.74365234375,
      "loudness": -49.20630645751953,
      "loudness_range": 24.43819808959961,
      "low_freq": 1457.5709228515625,
      "mid_mean": -48.420860290527344,
      "mid_to_side_loudness": -0.11499805748462677,
      "mid_to_side_loudness_range": 3.9385533332824707,
      "side_mean": -48.5333137512207
    },
    {
      "high_freq": 4349.24462890625,
      "loudness": -48.940364837646484,
      "loudness_range": 16.148204803466797,
      "low_freq": 2549.74365234375,
      "mid_mean": -48.294517517089844,
      "mid_to_side_loudness": 0.12525489926338196,
      "mid_to_side_loudness_range": 3.274893283843994,
      "side_mean": -48.17188262939453
    },
    {
      "high_freq": 7314.1640625,
      "loudness": -47.215110778808594,
      "loudness_range": 16.254505157470703,
      "low_freq": 4349.24462890625,
      "mid_mean": -46.603885650634766,
      "mid_to_side_loudness": 0.08091912418603897,
      "mid_to_side_loudness_range": 2.482484817504883,
      "side_mean": -46.52413558959961
    },
    {
      "high_freq": 12199.2666015625,
      "loudness": -49.054908752441406,
      "loudness_range": 19.034709930419922,
      "low_freq": 7314.1640625,
      "mid_mean": -48.24837875366211,
      "mid_to_side_loudness": -0.12539544701576233,
      "mid_to_side_loudness_range": 1.7708600759506226,
      "side_mean": -48.373538970947266
    },
    {
      "loudness": -50.70859909057617,
      "loudness_range": 20.464218139648438,
      "low_freq": 12199.2666015625,
      "mid_mean": -50.3192253112793,
      "mid_to_side_loudness": 0.05431735888123512,
      "mid_to_side_loudness_range": 1.421710729598999,
      "side_mean": -50.257659912109375
    }
  ],
  "channels": 2,
  "covariance": [
    [
      44.01739501953125,
      42.240814208984375,
      24.31026840209961,
      23.21376609802246,
      16.507051467895508,
      16.4295597076416,
      14.133681297302246,
      13.711527824401855,
      7.541155815124512,
      7.16724967956543,
      4.617977142333984,
      4.729959011077881,
      6.3469672203063965,
      6.115116119384766,
      7.198890686035156,
      7.226015090942383,
      7.872314929962158,
      7.799195289611816
    ],
    [
      42.240814208984375,
      42.523536682128906,
      24.00551986694336,
      22.381641387939453,
      17.531566619873047,
      17.643535614013672,
      15.35072135925293,
      14.786625862121582,
      8.738653182983398,
      8.514662742614746,
      5.109379768371582,
      5.207281112670898,
      6.511691093444824,
      6.283576965332031,
      7.219095230102539,
      7.253967761993408,
      7.721158027648926,
      7.668806076049805
    ],
    [
      24.31026840209961,
      24.00551986694336,
      42.27477264404297,
      39.48771667480469,
      31.327852249145508,
      31.282230377197266,
      32.45707321166992,
      31.9215030670166,
      18.88504981994629,
      18.719852447509766,
      9.313879013061523,
      9.532157897949219,
      9.079276084899902,
      8.904973030090332,
      9.861842155456543,
      9.937609672546387,
      10.15794563293457,
      10.108587265014648
    ],
    [
      23.21376609802246,
      22.381641387939453,
      39.48771667480469,
      40.01539611816406,
      28.60787582397461,
      28.989709854125977,
      29.355236053466797,
      28.839792251586914,
      17.29619026184082,
      17.123449325561523,
      8.808378219604492,
      9.052677154541016,
      8.774991035461426,
      8.60836124420166,
      9.62256145477295,
      9.703679084777832,
      9.85245132446289,
      9.79430103302002
    ],
    [
      16.507051467895508,
      17.531566619873047,
      31.327852249145508,
      28.60787582397461,
      70.79031372070312,
      68.24098205566406,
      52.23101806640625,
      50.958431243896484,
      40.1036491394043,
      40.39739990234375,
      15.445479393005371,
      15.880127906799316,
      12.417617797851562,
      12.2777681350708,
      13.614813804626465,
      13.711325645446777,
      13.284585952758789,
      13.273972511291504
    ],
    [
      16.4295597076416,
      17.643535614013672,
      31.282230377197266,
      28.989709854125977,
      68.24098205566406,
      70.73265075683594,
      52.93625259399414,
      51.852535247802734,
      39.69180679321289,
      40.06850051879883,
      15.538799285888672,
      15.982097625732422,
      12.791940689086914,
      12.692849159240723,
      14.366496086120605,
      14.476605415344238,
      14.09987735748291,
      14.084104537963867
    ],
    [
      14.133681297302246,
      15.35072135925293,
      32.45707321166992,
      29.355236053466797,
      52.23101806640625,
      52.93625259399414,
      78.97197723388672,
      77.14826202392578,
      51.30813980102539,
      52.20996856689453,
      26.810367584228516,
      26.967525482177734,
      17.293556213378906,
      17.218608856201172,
      16.073665618896484,
      16.20378303527832,
      13.964978218078613,
      13.86087417602539
    ],
    [
      13.711527824401855,
      14.786625862121582,
      31.9215030670166,
      28.839792251586914,
      50.958431243896484,
      51.852535247802734,
      77.14826202392578,
      78.31315612792969,
      50.86698532104492,
      51.61104202270508,
      26.869491577148438,
      27.013635635375977,
      17.1176815032959,
      17.06669807434082,
      15.79385757446289,
      15.931379318237305,
      13.670620918273926,
      13.551456451416016
    ],
    [
      7.541155815124512,
      8.738653182983398,
      18.88504981994629,
      17.29619026184082,
      40.1036491394043,
      39.69180679321289,
      51.30813980102539,
      50.86698532104492,
      58.395599365234375,
      58.69287872314453,
      33.909786224365234,
      34.243408203125,
      22.40861701965332,
      22.52430534362793,
      19.341276168823242,
      19.45600700378418,
      15.907151222229004,
      15.80738639831543
    ],
    [
      7.16724967956543,
      8.514662742614746,
      18.719852447509766,
      17.123449325561523,
      40.39739990234375,
      40.06850051879883,
      52.20996856689453,
      51.61104202270508,
      58.69287872314453,
      59.83551788330078,
      34.06266403198242,
      34.39659118652344,
      22.227725982666016,
      22.332948684692383,
      19.039981842041016,
      19.15154266357422,
      15.575881004333496,
      15.481884002685547
    ],
    [
      4.617977142333984,
      5.109379768371582,
      9.313879013061523,
      8.808378219604492,
      15.445479393005371,
      15.538799285888672,
      26.810367584228516,
      26.869491577148438,
      33.909786224365234,
      34.06266403198242,
      32.41458511352539,
      32.58460235595703,
      26.991928100585938,
      27.197168350219727,
      25.175861358642578,
      25.253942489624023,
      22.54420280456543,
      22.48651123046875
    ],
    [
      4.729959011077881,
      5.207281112670898,
      9.532157897949219,
      9.052677154541016,
      15.880127906799316,
      15.982097625732422,
      26.967525482177734,
      27.013635635375977,
      34.243408203125,
      34.39659118652344,
      32.58460235595703,
      33.09559631347656,
      27.542125701904297,
      27.741676330566406,
      25.903779983520508,
      25.98609161376953,
      23.36039161682129,
      23.308164596557617
    ],
    [
      6.3469672203063965,
      6.511691093444824,
      9.079276084899902,
      8.774991035461426,
      12.417617797851562,
      12.791940689086914,
      17.293556213378906,
      17.1176815032959,
      22.40861701965332,
      22.227725982666016,
      26.991928100585938,
      27.542125701904297,
      30.947912216186523,
      31.049697875976562,
      32.86968231201172,
      33.00600051879883,
      31.947967529296875,
      31.898643493652344
    ],
    [
      6.115116119384766,
      6.283576965332031,
      8.904973030090332,
      8.60836124420166,
      12.2777681350708,
      12.692849159240723,
      17.218608856201172,
      17.06669807434082,
      22.52430534362793,
      22.332948684692383,
      27.197168350219727,
      27.741676330566406,
      31.049697875976562,
      31.33287239074707,
      33.0250358581543,
      33.16960144042969,
      32.12146759033203,
      32.068660736083984
    ],
    [
      7.198890686035156,
      7.219095230102539,
      9.861842155456543,
      9.62256145477295,
      13.614813804626465,
      14.366496086120605,
      16.073665618896484,
      15.79385757446289,
      19.341276168823242,
      19.039981842041016,
      25.175861358642578,
      25.903779983520508,
      32.86968231201172,
      33.0250358581543,
      38.341976165771484,
      38.506500244140625,
      38.6480598449707,
      38.58663558959961
    ],
    [
      7.226015090942383,
      7.253967761993408,
      9.937609672546387,
      9.703679084777832,
      13.711325645446777,
      14.476605415344238,
      16.20378303527832,
      15.931379318237305,
      19.45600700378418,
      19.15154266357422,
      25.253942489624023,
      25.98609161376953,
      33.00600051879883,
      33.16960144042969,
      38.506500244140625,
      38.74618911743164,
      38.87143325805664,
      38.798583984375
    ],
    [
      7.872314929962158,
      7.721158027648926,
      10.15794563293457,
      9.85245132446289,
      13.284585952758789,
      14.09987735748291,
      13.964978218078613,
      13.670620918273926,
      15.907151222229004,
      15.575881004333496,
      22.54420280456543,
      23.36039161682129,
      31.947967529296875,
      32.12146759033203,
      38.6480598449707,
      38.87143325805664,
      41.98976135253906,
      41.53334426879883
    ],
    [
      7.799195289611816,
      7.668806076049805,
      10.108587265014648,
      9.79430103302002,
      13.273972511291504,
      14.084104537963867,
      13.86087417602539,
      13.551456451416016,
      15.80738639831543,
      15.481884002685547,
      22.48651123046875,
      23.308164596557617,
      31.898643493652344,
      32.068660736083984,
      38.58663558959961,
      38.798583984375,
      41.53334426879883,
      41.50053024291992
    ]
  ],
  "covariance_short": [
    [
      59.76956558227539,
      52.25160598754883,
      30.939197540283203,
      30.04494857788086,
      16.55106544494629,
      16.61859130859375,
      12.876118659973145,
      11.774972915649414,
      7.816632270812988,
      7.339663982391357,
      5.407176494598389,
      5.546550750732422,
      6.801388740539551,
      6.511669158935547,
      7.076098918914795,
      7.106893062591553,
      7.374743461608887,
      7.339541435241699
    ],
    [
      52.25160598754883,
      54.629276275634766,
      28.700580596923828,
      27.117616653442383,
      15.873294830322266,
      15.845159530639648,
      12.684927940368652,
      11.605562210083008,
      7.3954362869262695,
      7.12609338760376,
      4.842331886291504,
      4.931148529052734,
      6.181488037109375,
      5.916169166564941,
      6.450694561004639,
      6.492903709411621,
      6.53192138671875,
      6.502089500427246
    ],
    [
      30.939197540283203,
      28.700580596923828,
      42.79978942871094,
      40.17144775390625,
      30.355165481567383,
      29.83289337158203,
      29.27001190185547,
      28.82699203491211,
      16.160518646240234,
      16.012529373168945,
      7.943550109863281,
      8.174351692199707,
      7.903290748596191,
      7.683401107788086,
      8.712177276611328,
      8.781866073608398,
      9.261180877685547,
      9.211833000183105
    ],
    [
      30.04494857788086,
      27.117616653442383,
      40.17144775390625,
      42.96614456176758,
      30.070667266845703,
      29.91714859008789,
      28.82219123840332,
      28.416494369506836,
      16.307077407836914,
      16.17624855041504,
      8.383084297180176,
      8.613037109375,
      8.333643913269043,
      8.117744445800781,
      9.129911422729492,
      9.211457252502441,
      9.59793472290039,
      9.562213897705078
    ],
    [
      16.55106544494629,
      15.873294830322266,
      30.355165481567383,
      30.070667266845703,
      71.04478454589844,
      68.40662384033203,
      54.5386962890625,
      53.50532913208008,
      39.87632369995117,
      39.832149505615234,
      15.737394332885742,
      15.909626960754395,
      11.72949504852295,
      11.539802551269531,
      12.518037796020508,
      12.613899230957031,
      12.189250946044922,
      12.189693450927734
    ],
    [
      16.61859130859375,
      15.845159530639648,
      29.83289337158203,
      29.91714859008789,
      68.40662384033203,
      72.71925354003906,
      56.21409606933594,
      55.566837310791016,
      40.13520812988281,
      40.15363693237305,
      16.21066665649414,
      16.38589096069336,
      12.485835075378418,
      12.381108283996582,
      13.535825729370117,
      13.643235206604004,
      13.240625381469727,
      13.247855186462402
    ],
    [
      12.876118659973145,
      12.684927940368652,
      29.27001190185547,
      28.82219123840332,
      54.5386962890625,
      56.21409606933594,
      80.09761047363281,
      77.17308807373047,
      51.164520263671875,
      51.807010650634766,
      26.279420852661133,
      26.274375915527344,
      16.85173797607422,
      16.859649658203125,
      15.710999488830566,
      15.839418411254883,
      13.937986373901367,
      13.892095565795898
    ],
    [
      11.774972915649414,
      11.605562210083008,
      28.82699203491211,
      28.416494369506836,
      53.50532913208008,
      55.566837310791016,
      77.17308807373047,
      79.43879699707031,
      50.549678802490234,
      51.072608947753906,
      26.05130386352539,
      25.985931396484375,
      16.64127540588379,
      16.670976638793945,
      15.493755340576172,
      15.638528823852539,
      13.793573379516602,
      13.733942031860352
    ],
    [
      7.816632270812988,
      7.3954362869262695,
      16.160518646240234,
      16.307077407836914,
      39.87632369995117,
      40.13520812988281,
      51.164520263671875,
      50.549678802490234,
      60.52093505859375,
      60.03173828125,
      34.77739334106445,
      34.82405090332031,
      22.52204132080078,
      22.730222702026367,
      19.051864624023438,
      19.151554107666016,
      15.836414337158203,
      15.777548789978027
    ],
    [
      7.339663982391357,
      7.12609338760376,
      16.012529373168945,
      16.17624855041504,
      39.832149505615234,
      40.15363693237305,
      51.807010650634766,
      51.072608947753906,
      60.03173828125,
      61.49070739746094,
      34.83182907104492,
      34.89556121826172,
      22.197975158691406,
      22.397462844848633,
      18.57045555114746,
      18.670385360717773,
      15.345373153686523,
      15.296695709228516
    ],
    [
      5.407176494598389,
      4.842331886291504,
      7.943550109863281,
      8.383084297180176,
      15.737394332885742,
      16.21066665649414,
      26.279420852661133,
      26.05130386352539,
      34.77739334106445,
      34.83182907104492,
      34.7039794921875,
      34.31934356689453,
      28.7564754486084,
      29.01926612854004,
      26.96263885498047,
      27.043851852416992,
      24.491010665893555,
      24.450719833374023
    ],
    [
      5.546550750732422,
      4.931148529052734,
      8.174351692199707,
      8.613037109375,
      15.909626960754395,
      16.38589096069336,
      26.274375915527344,
      25.985931396484375,
      34.82405090332031,
      34.89556121826172,
      34.31934356689453,
      35.13667297363281,
      29.323944091796875,
      29.578487396240234,
      27.73724937438965,
      27.817359924316406,
      25.350488662719727,
      25.308818817138672
    ],
    [
      6.801388740539551,
      6.181488037109375,
      7.903290748596191,
      8.333643913269043,
      11.72949504852295,
      12.485835075378418,
      16.85173797607422,
      16.64127540588379,
      22.52204132080078,
      22.197975158691406,
      28.7564754486084,
      29.323944091796875,
      34.226158142089844,
      34.0260009765625,
      36.01183319091797,
      36.140480041503906,
      35.06961441040039,
      35.0236930847168
    ],
    [
      6.511669158935547,
      5.916169166564941,
      7.683401107788086,
      8.117744445800781,
      11.539802551269531,
      12.381108283996582,
      16.859649658203125,
      16.670976638793945,
      22.730222702026367,
      22.397462844848633,
      29.01926612854004,
      29.578487396240234,
      34.0260009765625,
      34.691341400146484,
      36.227230072021484,
      36.3674201965332,
      35.31242752075195,
      35.26255416870117
    ],
    [
      7.076098918914795,
      6.450694561004639,
      8.712177276611328,
      9.129911422729492,
      12.518037796020508,
      13.535825729370117,
      15.710999488830566,
      15.493755340576172,
      19.051864624023438,
      18.57045555114746,
      26.96263885498047,
      27.73724937438965,
      36.01183319091797,
      36.227230072021484,
      42.39531707763672,
      42.437198638916016,
      42.473331451416016,
      42.38407516479492
    ],
    [
      7.106893062591553,
      6.492903709411621,
      8.781866073608398,
      9.211457252502441,
      12.613899230957031,
      13.643235206604004,
      15.839418411254883,
      15.638528823852539,
      19.151554107666016,
      18.670385360717773,
      27.043851852416992,
      27.817359924316406,
      36.140480041503906,
      36.3674201965332,
      42.437198638916016,
      42.832366943359375,
      42.71900939941406,
      42.617122650146484
    ],
    [
      7.374743461608887,
      6.53192138671875,
      9.261180877685547,
      9.59793472290039,
      12.189250946044922,
      13.240625381469727,
      13.937986373901367,
      13.793573379516602,
      15.836414337158203,
      15.345373153686523,
      24.491010665893555,
      25.350488662719727,
      35.06961441040039,
      35.31242752075195,
      42.473331451416016,
      42.71900939941406,
      51.806949615478516,
      51.64545440673828
    ],
    [
      7.339541435241699,
      6.502089500427246,
      9.211833000183105,
      9.562213897705078,
      12.189693450927734,
      13.247855186462402,
      13.892095565795898,
      13.733942031860352,
      15.777548789978027,
      15.296695709228516,
      24.450719833374023,
      25.308818817138672,
      35.0236930847168,
      35.26255416870117,
      42.38407516479492,
      42.617122650146484,
      51.64545440673828,
      51.704750061035156
    ]
  ],
  "drr": 11.46076774597168,
  "dynamics": 5.080995559692383,
  "format": 1245190,
  "frames": 13207552,
  "loudness": -23.73870086669922,
  "loudness_range": 15.245246887207031,
  "loudness_range_short": 17.137069702148438,
  "peak": -2.3850009441375732,
  "rms": -23.64724349975586,
  "sample_rate": 44100,
  "sections": 1,
  "seekable": 1,
  "sharpness": 3.0336718559265137,
  "space": -0.6499177813529968
}