{
  "bands": [
    {
      "high_freq": 148.1999969482422,
      "loudness": -28.532608032226562,
      "loudness_range": 5.253551483154297,
      "mid_mean": -24.850454330444336,
      "mid_to_side_loudness": -23.913875579833984,
      "mid_to_side_loudness_range": 4.021360397338867,
      "side_mean": -48.936771392822266
    },
    {
      "high_freq": 392.3793640136719,
      "loudness": -30.499963760375977,
      "loudness_range": 6.258565902709961,
      "low_freq": 148.1999969482422,
      "mid_mean": -26.903827667236328,
      "mid_to_side_loudness": -16.848358154296875,
      "mid_to_side_loudness_range": 7.824699401855469,
      "side_mean": -43.854331970214844
    },
    {
      "high_freq": 794.6976318359375,
      "loudness": -28.504985809326172,
      "loudness_range": 10.580904006958008,
      "low_freq": 392.3793640136719,
      "mid_mean": -25.08084487915039,
      "mid_to_side_loudness": -12.727499008178711,
      "mid_to_side_loudness_range": 9.083019256591797,
      "side_mean": -37.85300064086914
    },
    {
      "high_freq": 1457.5709228515625,
      "loudness": -29.81514549255371,
      "loudness_range": 14.208770751953125,
      "low_freq": 794.6976318359375,
      "mid_mean": -26.42642593383789,
      "mid_to_side_loudness": -11.9490966796875,
      "mid_to_side_loudness_range": 7.326384544372559,
      "side_mean": -38.451026916503906
    },
    {
      "high_freq": 2549.74365234375,
      "loudness": -29.59390640258789,
      "loudness_range": 13.408048629760742,
      "low_freq": 1457.5709228515625,
      "mid_mean": -26.236251831054688,
      "mid_to_side_loudness": -11.552227973937988,
      "mid_to_side_loudness_range": 7.360054016113281,
      "side_mean": -37.82229995727539
    },
    {
      "high_freq": 4349.24462890625,
      "loudness": -35.59307861328125,
      "loudness_range": 11.900300979614258,
      "low_freq": 2549.74365234375,
      "mid_mean": -32.06095504760742,
      "mid_to_side_loudness": -15.818330764770508,
      "mid_to_side_loudness_range": 12.052578926086426,
      "side_mean": -47.988975524902344
    },
    {
      "high_freq": 7314.1640625,
      "loudness": -38.04683303833008,
      "loudness_range": 10.787696838378906,
      "low_freq": 4349.24462890625,
      "mid_mean": -34.480953216552734,
      "mid_to_side_loudness": -18.023353576660156,
      "mid_to_side_loudness_range": 8.971445083618164,
      "side_mean": -52.90873718261719
    },
    {
      "high_freq": 12199.2666015625,
      "loudness": -37.81459045410156,
      "loudness_range": 11.76791763305664,
      "low_freq": 7314.1640625,
      "mid_mean": -34.26133346557617,
      "mid_to_side_loudness": -17.456546783447266,
      "mid_to_side_loudness_range": 9.588619232177734,
      "side_mean": -52.28053283691406
    },
    {
      "loudness": -48.24333953857422,
      "loudness_range": 9.575092315673828,
      "low_freq": 12199.2666015625,
      "mid_mean": -44.70561218261719,
      "mid_to_side_loudness": -14.271580696105957,
      "mid_to_side_loudness_range": 12.920511245727539,
      "side_mean": -58.94478225708008
    }
  ],
  "bands_short": [
    {
      "high_freq": 148.1999969482422,
      "loudness": -31.19623565673828,
      "loudness_range": 9.679506301879883,
      "mid_mean": -27.51862144470215,
      "mid_to_side_loudness": -24.271034240722656,
      "mid_to_side_loudness_range": 5.470865249633789,
      "side_mean": -52.075016021728516
    },
    {
      "high_freq": 392.3793640136719,
      "loudness": -29.456396102905273,
      "loudness_range": 8.768198013305664,
      "low_freq": 148.1999969482422,
      "mid_mean": -25.834026336669922,
      "mid_to_side_loudness": -18.58285903930664,
      "mid_to_side_loudness_range": 10.462576866149902,
      "side_mean": -44.572288513183594
    },
    {
      "high_freq": 794.6976318359375,
      "loudness": -29.100481033325195,
      "loudness_range": 13.6806640625,
      "low_freq": 392.3793640136719,
      "mid_mean": -25.714500427246094,
      "mid_to_side_loudness": -12.540853500366211,
      "mid_to_side_loudness_range": 10.55340576171875,
      "side_mean": -38.35134506225586
    },
    {
      "high_freq": 1457.5709228515625,
      "loudness": -30.917617797851562,
      "loudness_range": 17.757577896118164,
      "low_freq": 794.6976318359375,
      "mid_mean": -27.565349578857422,
      "mid_to_side_loudness": -11.958084106445312,
      "mid_to_side_loudness_range": 9.616743087768555,
      "side_mean": -39.593902587890625
    },
    {
      "high_freq": 2549.74365234375,
      "loudness": -31.116201400756836,
      "loudness_range": 17.93816566467285,
      "low_freq": 1457.5709228515625,
      "mid_mean": -27.805347442626953,
      "mid_to_side_loudness": -11.627366065979004,
      "mid_to_side_loudness_range": 10.41562557220459,
      "side_mean": -39.41255569458008
    },
    {
      "high_freq": 4349.24462890625,
      "loudness": -37.380672454833984,
      "loudness_range": 18.5625057220459,
      "low_freq": 2549.74365234375,
      "mid_mean": -33.864322662353516,
      "mid_to_side_loudness": -15.896531105041504,
      "mid_to_side_loudness_range": 14.51870346069336,
      "side_mean": -50.09881591796875
    },
    {
      "high_freq": 7314.1640625,
      "loudness": -40.24287414550781,
      "loudness_range": 18.1717586517334,
      "low_freq": 4349.24462890625,
      "mid_mean": -36.652225494384766,
      "mid_to_side_loudness": -18.204853057861328,
      "mid_to_side_loudness_range": 10.555891036987305,
      "side_mean": -55.06924819946289
    },
    {
      "high_freq": 12199.2666015625,
      "loudness": -40.31757354736328,
      "loudness_range": 17.636348724365234,
      "low_freq": 7314.1640625,
      "mid_mean": -36.748844146728516,
      "mid_to_side_loudness": -17.46405029296875,
      "mid_to_side_loudness_range": 10.331613540649414,
      "side_mean": -54.657196044921875
    },
    {
      "loudness": -51.163143157958984,
      "loudness_range": 20.66754150390625,
      "low_freq": 12199.2666015625,
      "mid_mean": -47.66279983520508,
      "mid_to_side_loudness": -13.820350646972656,
      "mid_to_side_loudness_range": 16.20928382873535,
      "side_mean": -60.78860092163086
    }
  ],
  "channels": 2,
  "covariance": [
    [
      4.824240684509277,
      3.951158285140991,
      1.3664846420288086,
      -0.006333603989332914,
      1.2325787544250488,
      0.168410062789917,
      2.363162040710449,
      1.7744125127792358,
      2.506469249725342,
      2.684494733810425,
      2.1693222522735596,
      2.017849922180176,
      0.9076014161109924,
      0.6732454895973206,
      0.9983144402503967,
      1.0308979749679565,
      1.540154218673706,
      0.6903824806213379
    ],
    [
      3.951158285140991,
      6.406890869140625,
      0.5261194109916687,
      0.4623543322086334,
      -0.24191711843013763,
      -0.32286348938941956,
      0.43489882349967957,
      0.5727542638778687,
      0.4299507737159729,
      0.8373532295227051,
      0.414167582988739,
      1.1733108758926392,
      -0.147861048579216,
      1.602066159248352,
      -0.1972087025642395,
      0.9962751865386963,
      -0.3344002366065979,
      0.23342008888721466
    ],
    [
      1.3664846420288086,
      0.5261194109916687,
      8.945999145507812,
      6.154180526733398,
      1.899030327796936,
      0.24378304183483124,
      -0.3812093734741211,
      -1.1178905963897705,
      4.250187873840332,
      3.7680928707122803,
      4.57577657699585,
      2.66763973236084,
      3.2723259925842285,
      3.8560259342193604,
      2.932856559753418,
      4.296378135681152,
      4.586349010467529,
      2.690589666366577
    ],
    [
      -0.006333603989332914,
      0.4623543322086334,
      6.154180526733398,
      11.097050666809082,
      0.8607443571090698,
      0.4412230849266052,
      -0.623218834400177,
      0.14323140680789948,
      1.959041714668274,
      2.9131577014923096,
      1.7268627882003784,
      2.1666336059570312,
      0.8905414938926697,
      3.1744894981384277,
      0.5051640272140503,
      3.1273062229156494,
      2.3213050365448,
      2.238247871398926
    ],
    [
      1.2325787544250488,
      -0.24191711843013763,
      1.899030327796936,
      0.8607443571090698,
      16.9197998046875,
      12.31982707977295,
      5.590342044830322,
      4.465866565704346,
      7.810308456420898,
      6.406832695007324,
      7.963580131530762,
      5.335146903991699,
      4.037278175354004,
      3.6116576194763184,
      2.946791887283325,
      2.9181694984436035,
      2.7955322265625,
      1.3696093559265137
    ],
    [
      0.168410062789917,
      -0.32286348938941956,
      0.24378304183483124,
      0.4412230849266052,
      12.31982707977295,
      17.595703125,
      6.012496471405029,
      8.93546199798584,
      8.170500755310059,
      10.01877212524414,
      4.8310747146606445,
      9.43840217590332,
      2.9087584018707275,
      4.380126953125,
      0.38531988859176636,
      0.8386872410774231,
      -0.3244036138057709,
      -0.2252764105796814
    ],
    [
      2.363162040710449,
      0.43489882349967957,
      -0.3812093734741211,
      -0.623218834400177,
      5.590342044830322,
      6.012496471405029,
      25.124313354492188,
      21.445066452026367,
      12.257460594177246,
      12.86208438873291,
      9.932882308959961,
      12.885885238647461,
      6.11782169342041,
      6.51710319519043,
      2.04732084274292,
      2.340076446533203,
      2.8193020820617676,
      0.3904116451740265
    ],
    [
      1.7744125127792358,
      0.5727542638778687,
      -1.1178905963897705,
      0.14323140680789948,
      4.465866565704346,
      8.93546199798584,
      21.445066452026367,
      25.799100875854492,
      12.178458213806152,
      15.390764236450195,
      7.133200168609619,
      15.330114364624023,
      4.704556941986084,
      5.9128570556640625,
      0.8019861578941345,
      1.0400160551071167,
      0.7410078048706055,
      -0.37507081031799316
    ],
    [
      2.506469249725342,
      0.4299507737159729,
      4.250187873840332,
      1.959041714668274,
      7.810308456420898,
      8.170500755310059,
      12.257460594177246,
      12.178458213806152,
      22.790491104125977,
      21.32183837890625,
      15.353448867797852,
      16.795698165893555,
      8.828007698059082,
      9.913415908813477,
      5.706925868988037,
      6.568634033203125,
      7.018593788146973,
      3.347733736038208
    ],
    [
      2.684494733810425,
      0.8373532295227051,
      3.7680928707122803,
      2.9131577014923096,
      6.406832695007324,
      10.01877212524414,
      12.86208438873291,
      15.390764236450195,
      21.32183837890625,
      28.161489486694336,
      12.231122970581055,
      20.676624298095703,
      8.11126708984375,
      10.605742454528809,
      4.9549241065979,
      6.0150017738342285,
      5.633767604827881,
      2.935046434402466
    ],
    [
      2.1693222522735596,
      0.414167582988739,
      4.57577657699585,
      1.7268627882003784,
      7.963580131530762,
      4.8310747146606445,
      9.932882308959961,
      7.133200168609619,
      15.353448867797852,
      12.231122970581055,
      20.744243621826172,
      15.243101119995117,
      12.343330383300781,
      10.91043758392334,
      8.34173583984375,
      8.67953109741211,
      8.409111022949219,
      4.0369768142700195
    ],
    [
      2.017849922180176,
      1.1733108758926392,
      2.66763973236084,
      2.1666336059570312,
      5.335146903991699,
      9.43840217590332,
      12.885885238647461,
      15.330114364624023,
      16.795698165893555,
      20.676624298095703,
      15.243101119995117,
      27.83673667907715,
      9.746299743652344,
      16.72890281677246,
      5.204659461975098,
      10.055556297302246,
      5.405125141143799,
      4.547153949737549
    ],
    [
      0.9076014161109924,
      -0.147861048579216,
      3.2723259925842285,
      0.8905414938926697,
      4.037278175354004,
      2.9087584018707275,
      6.11782169342041,
      4.704556941986084,
      8.828007698059082,
      8.11126708984375,
      12.343330383300781,
      9.746299743652344,
      17.101293563842773,
      12.455977439880371,
      14.41179084777832,
      11.832171440124512,
      11.213672637939453,
      4.566418170928955
    ],
    [
      0.6732454895973206,
      1.602066159248352,
      3.8560259342193604,
      3.1744894981384277,
      3.6116576194763184,
      4.380126953125,
      6.51710319519043,
      5.9128570556640625,
      9.913415908813477,
      10.605742454528809,
      10.91043758392334,
      16.72890281677246,
      12.455977439880371,
      25.684310913085938,
      9.894838333129883,
      22.765121459960938,
      9.592123985290527,
      12.100239753723145
    ],
    [
      0.9983144402503967,
      -0.1972087025642395,
      2.932856559753418,
      0.5051640272140503,
      2.946791887283325,
      0.38531988859176636,
      2.04732084274292,
      0.8019861578941345,
      5.706925868988037,
      4.9549241065979,
      8.34173583984375,
      5.204659461975098,
      14.41179084777832,
      9.894838333129883,
      19.461599349975586,
      14.922163009643555,
      15.93144416809082,
      7.760382175445557
    ],
    [
      1.0308979749679565,
      0.9962751865386963,
      4.296378135681152,
      3.1273062229156494,
      2.9181694984436035,
      0.8386872410774231,
      2.340076446533203,
      1.0400160551071167,
      6.568634033203125,
      6.0150017738342285,
      8.67953109741211,
      10.055556297302246,
      11.832171440124512,
      22.765121459960938,
      14.922163009643555,
      28.40935707092285,
      15.062145233154297,
      17.73642921447754
    ],
    [
      1.540154218673706,
      -0.3344002366065979,
      4.586349010467529,
      2.3213050365448,
      2.7955322265625,
      -0.3244036138057709,
      2.8193020820617676,
      0.7410078048706055,
      7.018593788146973,
      5.633767604827881,
      8.409111022949219,
      5.405125141143799,
      11.213672637939453,
      9.592123985290527,
      15.93144416809082,
      15.062145233154297,
      20.63953399658203,
      11.030019760131836
    ],
    [
      0.6903824806213379,
      0.23342008888721466,
      2.690589666366577,
      2.238247871398926,
      1.3696093559265137,
      -0.2252764105796814,
      0.3904116451740265,
      -0.37507081031799316,
      3.347733736038208,
      2.935046434402466,
      4.0369768142700195,
      4.547153949737549,
      4.566418170928955,
      12.100239753723145,
      7.760382175445557,
      17.73642921447754,
      11.030019760131836,
      14.87404727935791
    ]
  ],
  "covariance_short": [
    [
      17.067462921142578,
      14.707836151123047,
      5.8690667152404785,
      2.3132598400115967,
      1.3673105239868164,
      0.13225288689136505,
      3.1894567012786865,
      2.353174924850464,
      3.4449169635772705,
      3.5481433868408203,
      3.615631103515625,
      3.706752300262451,
      2.123173713684082,
      2.7372775077819824,
      1.998213768005371,
      2.9258334636688232,
      4.953554153442383,
      2.111572265625
    ],
    [
      14.707836151123047,
      20.6180362701416,
      4.366558074951172,
      2.9616520404815674,
      0.46196359395980835,
      0.3398642838001251,
      1.4937841892242432,
      1.1923692226409912,
      1.7310158014297485,
      2.1063613891601562,
      1.773146390914917,
      6.047993183135986,
      0.7927983999252319,
      4.721759796142578,
      1.2299315929412842,
      4.584423542022705,
      4.994123935699463,
      2.89076566696167
    ],
    [
      5.8690667152404785,
      4.366558074951172,
      11.930670738220215,
      6.41519021987915,
      3.4707798957824707,
      2.288036584854126,
      3.4095656871795654,
      2.826667070388794,
      6.266164302825928,
      6.091858386993408,
      6.417182922363281,
      6.391645431518555,
      4.098446369171143,
      4.063034534454346,
      2.9407267570495605,
      3.0389819145202637,
      4.976559638977051,
      0.7640665769577026
    ],
    [
      2.3132598400115967,
      2.9616520404815674,
      6.41519021987915,
      13.279393196105957,
      2.758010149002075,
      3.5574114322662354,
      1.9398014545440674,
      3.2296864986419678,
      3.878166675567627,
      5.349226951599121,
      3.1600606441497803,
      5.969297409057617,
      1.8559917211532593,
      3.93791127204895,
      1.3377515077590942,
      3.0161914825439453,
      4.561928749084473,
      1.3082537651062012
    ],
    [
      1.3673105239868164,
      0.46196359395980835,
      3.4707798957824707,
      2.758010149002075,
      26.54832649230957,
      18.2413330078125,
      10.144790649414062,
      8.308318138122559,
      12.883999824523926,
      10.045866012573242,
      14.552617073059082,
      10.33272647857666,
      6.485808849334717,
      5.263483047485352,
      3.452392578125,
      2.7372305393218994,
      3.6950902938842773,
      0.45432305335998535
    ],
    [
      0.13225288689136505,
      0.3398642838001251,
      2.288036584854126,
      3.5574114322662354,
      18.2413330078125,
      25.546689987182617,
      9.593672752380371,
      13.585949897766113,
      12.363823890686035,
      14.799431800842285,
      8.863733291625977,
      14.90345573425293,
      5.748600482940674,
      6.593006134033203,
      2.808051586151123,
      2.6504440307617188,
      3.197228193283081,
      0.6077951788902283
    ],
    [
      3.1894567012786865,
      1.4937841892242432,
      3.4095656871795654,
      1.9398014545440674,
      10.144790649414062,
      9.593672752380371,
      37.90460205078125,
      31.471818923950195,
      18.65319061279297,
      18.546550750732422,
      17.421154022216797,
      19.36875343322754,
      9.649728775024414,
      8.474607467651367,
      4.174404144287109,
      3.347393035888672,
      5.822628974914551,
      0.5752007961273193
    ],
    [
      2.353174924850464,
      1.1923692226409912,
      2.826667070388794,
      3.2296864986419678,
      8.308318138122559,
      13.585949897766113,
      31.471818923950195,
      39.25983428955078,
      18.79193687438965,
      22.991628646850586,
      13.007196426391602,
      22.96531105041504,
      8.218503952026367,
      8.375285148620605,
      3.741767406463623,
      2.7902350425720215,
      4.296128749847412,
      0.4529644548892975
    ],
    [
      3.4449169635772705,
      1.7310158014297485,
      6.266164302825928,
      3.878166675567627,
      12.883999824523926,
      12.363823890686035,
      18.65319061279297,
      18.79193687438965,
      39.40323257446289,
      33.33739471435547,
      27.16889190673828,
      26.66425132751465,
      14.502400398254395,
      14.344756126403809,
      9.47375202178955,
      8.614912033081055,
      10.77754020690918,
      2.6656839847564697
    ],
    [
      3.5481433868408203,
      2.1063613891601562,
      6.091858386993408,
      5.349226951599121,
      10.045866012573242,
      14.799431800842285,
      18.546550750732422,
      22.991628646850586,
      33.33739471435547,
      42.98754119873047,
      19.518184661865234,
      29.47047233581543,
      12.216795921325684,
      13.897356986999512,
      7.916589260101318,
      7.263985633850098,
      8.371583938598633,
      2.6415257453918457
    ],
    [
      3.615631103515625,
      1.773146390914917,
      6.417182922363281,
      3.1600606441497803,
      14.552617073059082,
      8.863733291625977,
      17.421154022216797,
      13.007196426391602,
      27.16889190673828,
      19.518184661865234,
      43.35997772216797,
      28.783662796020508,
      26.255111694335938,
      21.103429794311523,
      17.934656143188477,
      14.624382972717285,
      16.253643035888672,
      4.6628947257995605
    ],
    [
      3.706752300262451,
      6.047993183135986,
      6.391645431518555,
      5.969297409057617,
      10.33272647857666,
      14.90345573425293,
      19.36875343322754,
      22.96531105041504,
      26.66425132751465,
      29.47047233581543,
      28.783662796020508,
      44.80657958984375,
      19.074928283691406,
      26.136621475219727,
      12.726551055908203,
      17.209407806396484,
      15.224074363708496,
      7.231246471405029
    ],
    [
      2.123173713684082,
      0.7927983999252319,
      4.098446369171143,
      1.8559917211532593,
      6.485808849334717,
      5.748600482940674,
      9.649728775024414,
      8.218503952026367,
      14.502400398254395,
      12.216795921325684,
      26.255111694335938,
      19.074928283691406,
      40.685482025146484,
      29.19427490234375,
      34.6473503112793,
      26.389060974121094,
      29.327499389648438,
      10.593706130981445
    ],
    [
      2.7372775077819824,
      4.721759796142578,
      4.063034534454346,
      3.93791127204895,
      5.263483047485352,
      6.593006134033203,
      8.474607467651367,
      8.375285148620605,
      14.344756126403809,
      13.897356986999512,
      21.103429794311523,
      26.136621475219727,
      29.19427490234375,
      35.971153259277344,
      25.810836791992188,
      31.675193786621094,
      28.684385299682617,
      16.734704971313477
    ],
    [
      1.998213768005371,
      1.2299315929412842,
      2.9407267570495605,
      1.3377515077590942,
      3.452392578125,
      2.808051586151123,
      4.174404144287109,
      3.741767406463623,
      9.47375202178955,
      7.916589260101318,
      17.934656143188477,
      12.726551055908203,
      34.6473503112793,
      25.810836791992188,
      41.56462860107422,
      31.50640869140625,
      37.033363342285156,
      16.663286209106445
    ],
    [
      2.9258334636688232,
      4.584423542022705,
      3.0389819145202637,
      3.0161914825439453,
      2.7372305393218994,
      2.6504440307617188,
      3.347393035888672,
      2.7902350425720215,
      8.614912033081055,
      7.263985633850098,
      14.624382972717285,
      17.209407806396484,
      26.389060974121094,
      31.675193786621094,
      31.50640869140625,
      39.300926208496094,
      36.921180725097656,
      25.287134170532227
    ],
    [
      4.953554153442383,
      4.994123935699463,
      4.976559638977051,
      4.561928749084473,
      3.6950902938842773,
      3.197228193283081,
      5.822628974914551,
      4.296128749847412,
      10.77754020690918,
      8.371583938598633,
      16.253643035888672,
      15.224074363708496,
      29.327499389648438,
      28.684385299682617,
      37.033363342285156,
      36.921180725097656,
      50.69819641113281,
      24.604820251464844
    ],
    [
      2.111572265625,
      2.89076566696167,
      0.7640665769577026,
      1.3082537651062012,
      0.45432305335998535,
      0.6077951788902283,
      0.5752007961273193,
      0.4529644548892975,
      2.6656839847564697,
      2.6415257453918457,
      4.6628947257995605,
      7.231246471405029,
      10.593706130981445,
      16.734704971313477,
      16.663286209106445,
      25.287134170532227,
      24.604820251464844,
      24.135751724243164
    ]
  ],
  "drr": 13.987617492675781,
  "dynamics": 2.386516571044922,
  "format": 1245190,
  "frames": 8085504,
  "loudness": -17.755043029785156,
  "loudness_range": 6.154449462890625,
  "loudness_range_short": 8.145336151123047,
  "peak": -3.5893337726593018,
  "rms": -20.172664642333984,
  "sample_rate": 44100,
  "sections": 1,
  "seekable": 1,
  "sharpness": 2.2078020572662354,
  "space": -14.336362838745117
}