{
  "bands": [
    {
      "high_freq": 148.1999969482422,
      "loudness": -26.813703536987305,
      "loudness_range": 13.564149856567383,
      "mid_mean": -23.24960708618164,
      "mid_to_side_loudness": -16.077472686767578,
      "mid_to_side_loudness_range": 12.629961013793945,
      "side_mean": -39.84644317626953
    },
    {
      "high_freq": 392.3793640136719,
      "loudness": -20.36736297607422,
      "loudness_range": 11.24996280670166,
      "low_freq": 148.1999969482422,
      "mid_mean": -17.040733337402344,
      "mid_to_side_loudness": -11.24667739868164,
      "mid_to_side_loudness_range": 9.666805267333984,
      "side_mean": -28.587663650512695
    },
    {
      "high_freq": 794.6976318359375,
      "loudness": -25.04554557800293,
      "loudness_range": 15.425756454467773,
      "low_freq": 392.3793640136719,
      "mid_mean": -21.640512466430664,
      "mid_to_side_loudness": -10.642523765563965,
      "mid_to_side_loudness_range": 9.66283130645752,
      "side_mean": -32.89484405517578
    },
    {
      "high_freq": 1457.5709228515625,
      "loudness": -32.60280227661133,
      "loudness_range": 20.847396850585938,
      "low_freq": 794.6976318359375,
      "mid_mean": -29.53351402282715,
      "mid_to_side_loudness": -9.201279640197754,
      "mid_to_side_loudness_range": 11.412965774536133,
      "side_mean": -38.742462158203125
    },
    {
      "high_freq": 2549.74365234375,
      "loudness": -33.973934173583984,
      "loudness_range": 24.972824096679688,
      "low_freq": 1457.5709228515625,
      "mid_mean": -31.041507720947266,
      "mid_to_side_loudness": -8.213601112365723,
      "mid_to_side_loudness_range": 10.82348346710205,
      "side_mean": -39.26143264770508
    },
    {
      "high_freq": 4349.24462890625,
      "loudness": -33.001338958740234,
      "loudness_range": 24.062715530395508,
      "low_freq": 2549.74365234375,
      "mid_mean": -30.104093551635742,
      "mid_to_side_loudness": -7.621514797210693,
      "mid_to_side_loudness_range": 10.530168533325195,
      "side_mean": -38.210166931152344
    },
    {
      "high_freq": 7314.1640625,
      "loudness": -38.88174819946289,
      "loudness_range": 24.507497787475586,
      "low_freq": 4349.24462890625,
      "mid_mean": -36.181949615478516,
      "mid_to_side_loudness": -6.220951557159424,
      "mid_to_side_loudness_range": 8.721935272216797,
      "side_mean": -42.64967346191406
    },
    {
      "high_freq": 12199.2666015625,
      "loudness": -40.50753402709961,
      "loudness_range": 22.599702835083008,
      "low_freq": 7314.1640625,
      "mid_mean": -38.016971588134766,
      "mid_to_side_loudness": -5.382130146026611,
      "mid_to_side_loudness_range": 8.807507514953613,
      "side_mean": -43.67231750488281
    },
    {
      "loudness": -45.439353942871094,
      "loudness_range": 23.019306182861328,
      "low_freq": 12199.2666015625,
      "mid_mean": -43.73295593261719,
      "mid_to_side_loudness": -2.7020013332366943,
      "mid_to_side_loudness_range": 7.233813285827637,
      "side_mean": -46.41849136352539
    }
  ],
  "bands_short": [
    {
      "high_freq": 148.1999969482422,
      "loudness": -31.959753036499023,
      "loudness_range": 21.38695526123047,
      "mid_mean": -28.494001388549805,
      "mid_to_side_loudness": -16.047374725341797,
      "mid_to_side_loudness_range": 19.936138153076172,
      "side_mean": -45.13140106201172
    },
    {
      "high_freq": 392.3793640136719,
      "loudness": -20.371253967285156,
      "loudness_range": 13.079588890075684,
      "low_freq": 148.1999969482422,
      "mid_mean": -17.056129455566406,
      "mid_to_side_loudness": -11.69931411743164,
      "mid_to_side_loudness_range": 12.094499588012695,
      "side_mean": -29.046541213989258
    },
    {
      "high_freq": 794.6976318359375,
      "loudness": -25.36552619934082,
      "loudness_range": 16.21578025817871,
      "low_freq": 392.3793640136719,
      "mid_mean": -22.062814712524414,
      "mid_to_side_loudness": -10.344244003295898,
      "mid_to_side_loudness_range": 11.946871757507324,
      "side_mean": -33.07768630981445
    },
    {
      "high_freq": 1457.5709228515625,
      "loudness": -32.832733154296875,
      "loudness_range": 22.731548309326172,
      "low_freq": 794.6976318359375,
      "mid_mean": -29.838462829589844,
      "mid_to_side_loudness": -9.08427906036377,
      "mid_to_side_loudness_range": 12.536821365356445,
      "side_mean": -38.925636291503906
    },
    {
      "high_freq": 2549.74365234375,
      "loudness": -34.91019058227539,
      "loudness_range": 26.464128494262695,
      "low_freq": 1457.5709228515625,
      "mid_mean": -32.12120819091797,
      "mid_to_side_loudness": -7.560482978820801,
      "mid_to_side_loudness_range": 11.657230377197266,
      "side_mean": -39.73549270629883
    },
    {
      "high_freq": 4349.24462890625,
      "loudness": -33.64043045043945,
      "loudness_range": 25.844955444335938,
      "low_freq": 2549.74365234375,
      "mid_mean": -30.895362854003906,
      "mid_to_side_loudness": -7.081702709197998,
      "mid_to_side_loudness_range": 11.297229766845703,
      "side_mean": -38.47251510620117
    },
    {
      "high_freq": 7314.1640625,
      "loudness": -39.836971282958984,
      "loudness_range": 26.31890106201172,
      "low_freq": 4349.24462890625,
      "mid_mean": -37.339149475097656,
      "mid_to_side_loudness": -5.6120195388793945,
      "mid_to_side_loudness_range": 9.129768371582031,
      "side_mean": -43.14070510864258
    },
    {
      "high_freq": 12199.2666015625,
      "loudness": -42.40142822265625,
      "loudness_range": 25.534442901611328,
      "low_freq": 7314.1640625,
      "mid_mean": -40.263763427734375,
      "mid_to_side_loudness": -4.478603839874268,
      "mid_to_side_loudness_range": 9.608850479125977,
      "side_mean": -44.90237808227539
    },
    {
      "loudness": -47.91294860839844,
      "loudness_range": 26.103004455566406,
      "low_freq": 12199.2666015625,
      "mid_mean": -46.53989791870117,
      "mid_to_side_loudness": -1.8405746221542358,
      "mid_to_side_loudness_range": 7.542314529418945,
      "side_mean": -48.359092712402344
    }
  ],
  "channels": 2,
  "covariance": [
    [
      29.700254440307617,
      20.135595321655273,
      10.534852027893066,
      12.261273384094238,
      8.34870719909668,
      11.180904388427734,
      12.905495643615723,
      11.36060619354248,
      17.500900268554688,
      15.700042724609375,
      15.660409927368164,
      16.660295486450195,
      18.47902488708496,
      17.286157608032227,
      14.419692039489746,
      13.683968544006348,
      15.54553508758545,
      14.55518913269043
    ],
    [
      20.135595321655273,
      32.62934494018555,
      11.671844482421875,
      16.302173614501953,
      13.41014575958252,
      17.61954689025879,
      18.76512908935547,
      16.95901870727539,
      24.09349250793457,
      21.46807289123535,
      23.063594818115234,
      23.30776023864746,
      24.979944229125977,
      22.778425216674805,
      18.551074981689453,
      18.331125259399414,
      19.527889251708984,
      18.449357986450195
    ],
    [
      10.534852027893066,
      11.671844482421875,
      21.14964485168457,
      23.52789878845215,
      15.739480972290039,
      15.280241966247559,
      18.63204002380371,
      17.230453491210938,
      25.2293643951416,
      22.625202178955078,
      22.778676986694336,
      23.981639862060547,
      23.60203742980957,
      22.022159576416016,
      20.18451690673828,
      18.2172908782959,
      22.04852867126465,
      18.900808334350586
    ],
    [
      12.261273384094238,
      16.302173614501953,
      23.52789878845215,
      37.43269348144531,
      21.177791595458984,
      23.358034133911133,
      26.640417098999023,
      27.857282638549805,
      36.38554382324219,
      36.065921783447266,
      34.53104782104492,
      38.74937438964844,
      35.33161926269531,
      33.7215461730957,
      28.388553619384766,
      27.261781692504883,
      29.30809783935547,
      26.17745018005371
    ],
    [
      8.34870719909668,
      13.41014575958252,
      15.739480972290039,
      21.177791595458984,
      31.12230110168457,
      27.227092742919922,
      34.21257400512695,
      30.48030662536621,
      37.98276901245117,
      33.88808059692383,
      37.414337158203125,
      36.76860046386719,
      34.37470626831055,
      32.168128967285156,
      26.866252899169922,
      24.835092544555664,
      24.252965927124023,
      22.652090072631836
    ],
    [
      11.180904388427734,
      17.61954689025879,
      15.280241966247559,
      23.358034133911133,
      27.227092742919922,
      36.30607604980469,
      36.459110260009766,
      35.69584274291992,
      38.41516876220703,
      36.5217170715332,
      39.28887939453125,
      39.72694396972656,
      38.04548263549805,
      35.864776611328125,
      30.132810592651367,
      28.561676025390625,
      26.6817569732666,
      25.245370864868164
    ],
    [
      12.905495643615723,
      18.76512908935547,
      18.63204002380371,
      26.640417098999023,
      34.21257400512695,
      36.459110260009766,
      54.06825256347656,
      46.51020050048828,
      51.85838317871094,
      46.14389419555664,
      49.35866928100586,
      48.545494079589844,
      48.63377380371094,
      45.196285247802734,
      37.937870025634766,
      35.77690505981445,
      33.88090896606445,
      31.723634719848633
    ],
    [
      11.36060619354248,
      16.95901870727539,
      17.230453491210938,
      27.857282638549805,
      30.48030662536621,
      35.69584274291992,
      46.51020050048828,
      51.56227111816406,
      49.81547546386719,
      51.90227127075195,
      47.888336181640625,
      54.0424690246582,
      47.4428825378418,
      48.58323287963867,
      34.95254135131836,
      36.617496490478516,
      30.665002822875977,
      30.698101043701172
    ],
    [
      17.500900268554688,
      24.09349250793457,
      25.2293643951416,
      36.38554382324219,
      37.98276901245117,
      38.41516876220703,
      51.85838317871094,
      49.81547546386719,
      74.15501403808594,
      65.4801254272461,
      64.91881561279297,
      67.10393524169922,
      63.22831726074219,
      59.588348388671875,
      47.49892807006836,
      45.863033294677734,
      42.157981872558594,
      39.55865478515625
    ],
    [
      15.700042724609375,
      21.46807289123535,
      22.625202178955078,
      36.065921783447266,
      33.88808059692383,
      36.5217170715332,
      46.14389419555664,
      51.90227127075195,
      65.4801254272461,
      69.7215576171875,
      58.60624313354492,
      69.63742065429688,
      58.60390853881836,
      60.63040542602539,
      42.118896484375,
      44.63371658325195,
      37.82111740112305,
      37.770843505859375
    ],
    [
      15.660409927368164,
      23.063594818115234,
      22.778676986694336,
      34.53104782104492,
      37.414337158203125,
      39.28887939453125,
      49.35866928100586,
      47.888336181640625,
      64.91881561279297,
      58.60624313354492,
      74.98084259033203,
      69.7939224243164,
      63.350730895996094,
      58.04880142211914,
      45.963619232177734,
      44.07754898071289,
      37.77570343017578,
      36.981895446777344
    ],
    [
      16.660295486450195,
      23.30776023864746,
      23.981639862060547,
      38.74937438964844,
      36.76860046386719,
      39.72694396972656,
      48.545494079589844,
      54.0424690246582,
      67.10393524169922,
      69.63742065429688,
      69.7939224243164,
      83.69286346435547,
      65.50545501708984,
      67.1196517944336,
      46.826133728027344,
      49.36959457397461,
      41.044891357421875,
      41.8242073059082
    ],
    [
      18.47902488708496,
      24.979944229125977,
      23.60203742980957,
      35.33161926269531,
      34.37470626831055,
      38.04548263549805,
      48.63377380371094,
      47.4428825378418,
      63.22831726074219,
      58.60390853881836,
      63.350730895996094,
      65.50545501708984,
      75.0129623413086,
      64.83975219726562,
      58.42477035522461,
      53.36933517456055,
      49.63923645019531,
      44.17168045043945
    ],
    [
      17.286157608032227,
      22.778425216674805,
      22.022159576416016,
      33.7215461730957,
      32.168128967285156,
      35.864776611328125,
      45.196285247802734,
      48.58323287963867,
      59.588348388671875,
      60.63040542602539,
      58.04880142211914,
      67.1196517944336,
      64.83975219726562,
      66.8869400024414,
      50.03794860839844,
      51.594879150390625,
      45.523380279541016,
      43.7386589050293
    ],
    [
      14.419692039489746,
      18.551074981689453,
      20.18451690673828,
      28.388553619384766,
      26.866252899169922,
      30.132810592651367,
      37.937870025634766,
      34.95254135131836,
      47.49892807006836,
      42.118896484375,
      45.963619232177734,
      46.826133728027344,
      58.42477035522461,
      50.03794860839844,
      65.23426818847656,
      52.77070617675781,
      55.78438186645508,
      45.405086517333984
    ],
    [
      13.683968544006348,
      18.331125259399414,
      18.2172908782959,
      27.261781692504883,
      24.835092544555664,
      28.561676025390625,
      35.77690505981445,
      36.617496490478516,
      45.863033294677734,
      44.63371658325195,
      44.07754898071289,
      49.36959457397461,
      53.36933517456055,
      51.594879150390625,
      52.77070617675781,
      54.97925567626953,
      51.565643310546875,
      47.22951126098633
    ],
    [
      15.54553508758545,
      19.527889251708984,
      22.04852867126465,
      29.30809783935547,
      24.252965927124023,
      26.6817569732666,
      33.88090896606445,
      30.665002822875977,
      42.157981872558594,
      37.82111740112305,
      37.77570343017578,
      41.044891357421875,
      49.63923645019531,
      45.523380279541016,
      55.78438186645508,
      51.565643310546875,
      65.5727310180664,
      55.218692779541016
    ],
    [
      14.55518913269043,
      18.449357986450195,
      18.900808334350586,
      26.17745018005371,
      22.652090072631836,
      25.245370864868164,
      31.723634719848633,
      30.698101043701172,
      39.55865478515625,
      37.770843505859375,
      36.981895446777344,
      41.8242073059082,
      44.17168045043945,
      43.7386589050293,
      45.405086517333984,
      47.22951126098633,
      55.218692779541016,
      53.211151123046875
    ]
  ],
  "covariance_short": [
    [
      54.723323822021484,
      24.415817260742188,
      13.315831184387207,
      9.421309471130371,
      7.191432952880859,
      11.399164199829102,
      12.107118606567383,
      9.127115249633789,
      13.799995422363281,
      10.471905708312988,
      12.181107521057129,
      12.624539375305176,
      16.655588150024414,
      14.780610084533691,
      14.37274169921875,
      13.031160354614258,
      15.20334529876709,
      14.346179008483887
    ],
    [
      24.415817260742188,
      46.51642990112305,
      12.618366241455078,
      16.076303482055664,
      11.65105152130127,
      17.1046199798584,
      18.021224975585938,
      15.564823150634766,
      20.630990982055664,
      17.354516983032227,
      20.880672454833984,
      20.62601089477539,
      23.2956485748291,
      20.580631256103516,
      20.34874725341797,
      18.798139572143555,
      18.90521240234375,
      17.663869857788086
    ],
    [
      13.315831184387207,
      12.618366241455078,
      24.416650772094727,
      22.490842819213867,
      15.60158920288086,
      15.67436408996582,
      18.948223114013672,
      17.885156631469727,
      25.06353187561035,
      22.92022705078125,
      23.001493453979492,
      24.578094482421875,
      24.694223403930664,
      23.259660720825195,
      21.501651763916016,
      19.604612350463867,
      21.789216995239258,
      19.284839630126953
    ],
    [
      9.421309471130371,
      16.076303482055664,
      22.490842819213867,
      39.280784606933594,
      19.558774948120117,
      23.3914737701416,
      25.771419525146484,
      27.83122444152832,
      34.3884162902832,
      35.22026062011719,
      32.23869323730469,
      37.473873138427734,
      34.18760681152344,
      33.44157028198242,
      28.56913948059082,
      27.601131439208984,
      27.855398178100586,
      25.097990036010742
    ],
    [
      7.191432952880859,
      11.65105152130127,
      15.60158920288086,
      19.558774948120117,
      33.472007751464844,
      26.564760208129883,
      33.86198806762695,
      29.408723831176758,
      37.12033462524414,
      32.27579116821289,
      36.83531951904297,
      34.662147521972656,
      34.03662872314453,
      31.218608856201172,
      28.420482635498047,
      25.25918960571289,
      24.816452026367188,
      22.854433059692383
    ],
    [
      11.399164199829102,
      17.1046199798584,
      15.67436408996582,
      23.3914737701416,
      26.564760208129883,
      40.175079345703125,
      36.860260009765625,
      35.934242248535156,
      37.65592575073242,
      35.84806823730469,
      38.419010162353516,
      38.719451904296875,
      37.914649963378906,
      35.76413345336914,
      32.016151428222656,
      30.1758975982666,
      28.632343292236328,
      26.669086456298828
    ],
    [
      12.107118606567383,
      18.021224975585938,
      18.948223114013672,
      25.771419525146484,
      33.86198806762695,
      36.860260009765625,
      60.7939567565918,
      49.71397018432617,
      54.53474044799805,
      47.794986724853516,
      53.184078216552734,
      50.689327239990234,
      52.2790412902832,
      47.738487243652344,
      42.65824890136719,
      39.069698333740234,
      37.43938064575195,
      34.54588317871094
    ],
    [
      9.127115249633789,
      15.564823150634766,
      17.885156631469727,
      27.83122444152832,
      29.408723831176758,
      35.934242248535156,
      49.71397018432617,
      57.24819564819336,
      51.538360595703125,
      53.819114685058594,
      50.363304138183594,
      56.18168640136719,
      50.81584167480469,
      51.574378967285156,
      40.59138107299805,
      41.22880935668945,
      36.534027099609375,
      35.6888427734375
    ],
    [
      13.799995422363281,
      20.630990982055664,
      25.06353187561035,
      34.3884162902832,
      37.12033462524414,
      37.65592575073242,
      54.53474044799805,
      51.538360595703125,
      79.00105285644531,
      66.60945892333984,
      68.50045776367188,
      67.85890197753906,
      66.81356811523438,
      61.6730842590332,
      53.72940444946289,
      49.236534118652344,
      46.30119705200195,
      42.21726989746094
    ],
    [
      10.471905708312988,
      17.354516983032227,
      22.92022705078125,
      35.22026062011719,
      32.27579116821289,
      35.84806823730469,
      47.794986724853516,
      53.819114685058594,
      66.60945892333984,
      72.78883361816406,
      59.893226623535156,
      70.6570816040039,
      61.385040283203125,
      63.25152587890625,
      47.942134857177734,
      49.09947204589844,
      43.250728607177734,
      41.91312789916992
    ],
    [
      12.181107521057129,
      20.880672454833984,
      23.001493453979492,
      32.23869323730469,
      36.83531951904297,
      38.419010162353516,
      53.184078216552734,
      50.363304138183594,
      68.50045776367188,
      59.893226623535156,
      82.01532745361328,
      72.44224548339844,
      69.02354431152344,
      62.25709533691406,
      55.00067901611328,
      49.26850128173828,
      45.618656158447266,
      42.50469207763672
    ],
    [
      12.624539375305176,
      20.62601089477539,
      24.578094482421875,
      37.473873138427734,
      34.662147521972656,
      38.719451904296875,
      50.689327239990234,
      56.18168640136719,
      67.85890197753906,
      70.6570816040039,
      72.44224548339844,
      87.1454086303711,
      69.67597198486328,
      71.23522186279297,
      54.06364059448242,
      55.133514404296875,
      48.54412078857422,
      48.15449142456055
    ],
    [
      16.655588150024414,
      23.2956485748291,
      24.694223403930664,
      34.18760681152344,
      34.03662872314453,
      37.914649963378906,
      52.2790412902832,
      50.81584167480469,
      66.81356811523438,
      61.385040283203125,
      69.02354431152344,
      69.67597198486328,
      84.8245620727539,
      72.27452087402344,
      70.00432586669922,
      61.55322265625,
      59.87881851196289,
      52.3812370300293
    ],
    [
      14.780610084533691,
      20.580631256103516,
      23.259660720825195,
      33.44157028198242,
      31.218608856201172,
      35.76413345336914,
      47.738487243652344,
      51.574378967285156,
      61.6730842590332,
      63.25152587890625,
      62.25709533691406,
      71.23522186279297,
      72.27452087402344,
      74.7978286743164,
      59.5329475402832,
      60.663272857666016,
      54.35852813720703,
      52.1297607421875
    ],
    [
      14.37274169921875,
      20.34874725341797,
      21.501651763916016,
      28.56913948059082,
      28.420482635498047,
      32.016151428222656,
      42.65824890136719,
      40.59138107299805,
      53.72940444946289,
      47.942134857177734,
      55.00067901611328,
      54.06364059448242,
      70.00432586669922,
      59.5329475402832,
      81.015625,
      65.81945037841797,
      70.29389190673828,
      57.898616790771484
    ],
    [
      13.031160354614258,
      18.798139572143555,
      19.604612350463867,
      27.601131439208984,
      25.25918960571289,
      30.1758975982666,
      39.069698333740234,
      41.22880935668945,
      49.236534118652344,
      49.09947204589844,
      49.26850128173828,
      55.133514404296875,
      61.55322265625,
      60.663272857666016,
      65.81945037841797,
      68.2864990234375,
      63.1951789855957,
      59.18218231201172
    ],
    [
      15.20334529876709,
      18.90521240234375,
      21.789216995239258,
      27.855398178100586,
      24.816452026367188,
      28.632343292236328,
      37.43938064575195,
      36.534027099609375,
      46.30119705200195,
      43.250728607177734,
      45.618656158447266,
      48.54412078857422,
      59.87881851196289,
      54.35852813720703,
      70.29389190673828,
      63.1951789855957,
      79.51056671142578,
      67.81544494628906
    ],
    [
      14.346179008483887,
      17.663869857788086,
      19.284839630126953,
      25.097990036010742,
      22.854433059692383,
      26.669086456298828,
      34.54588317871094,
      35.6888427734375,
      42.21726989746094,
      41.91312789916992,
      42.50469207763672,
      48.15449142456055,
      52.3812370300293,
      52.1297607421875,
      57.898616790771484,
      59.18218231201172,
      67.81544494628906,
      66.66197967529297
    ]
  ],
  "drr": 15.728166580200195,
  "dynamics": 3.8902499675750732,
  "format": 1245190,
  "frames": 12660736,
  "loudness": -13.45190715789795,
  "loudness_range": 12.20253849029541,
  "loudness_range_short": 14.457372665405273,
  "peak": -0.19129900634288788,
  "rms": -14.901421546936035,
  "sample_rate": 44100,
  "sections": 1,
  "seekable": 1,
  "sharpness": 2.1943435668945312,
  "space": -11.15538215637207
}