{
  "bands": [
    {
      "high_freq": 148.1999969482422,
      "loudness": -21.345529556274414,
      "loudness_range": 18.014738082885742,
      "mid_mean": -17.619762420654297,
      "mid_to_side_loudness": -18.978219985961914,
      "mid_to_side_loudness_range": 28.166013717651367,
      "side_mean": -38.963924407958984
    },
    {
      "high_freq": 392.3793640136719,
      "loudness": -22.010709762573242,
      "loudness_range": 11.756933212280273,
      "low_freq": 148.1999969482422,
      "mid_mean": -19.259387969970703,
      "mid_to_side_loudness": -6.986736297607422,
      "mid_to_side_loudness_range": 10.243667602539062,
      "side_mean": -26.3823299407959
    },
    {
      "high_freq": 794.6976318359375,
      "loudness": -23.354867935180664,
      "loudness_range": 13.921405792236328,
      "low_freq": 392.3793640136719,
      "mid_mean": -21.450578689575195,
      "mid_to_side_loudness": -3.9107131958007812,
      "mid_to_side_loudness_range": 10.727306365966797,
      "side_mean": -25.179800033569336
    },
    {
      "high_freq": 1457.5709228515625,
      "loudness": -28.562963485717773,
      "loudness_range": 18.556344985961914,
      "low_freq": 794.6976318359375,
      "mid_mean": -26.592655181884766,
      "mid_to_side_loudness": -4.067314624786377,
      "mid_to_side_loudness_range": 10.333128929138184,
      "side_mean": -30.710838317871094
    },
    {
      "high_freq": 2549.74365234375,
      "loudness": -27.729196548461914,
      "loudness_range": 19.391864776611328,
      "low_freq": 1457.5709228515625,
      "mid_mean": -25.544816970825195,
      "mid_to_side_loudness": -4.534606456756592,
      "mid_to_side_loudness_range": 9.637679100036621,
      "side_mean": -30.204988479614258
    },
    {
      "high_freq": 4349.24462890625,
      "loudness": -29.564552307128906,
      "loudness_range": 18.48952293395996,
      "low_freq": 2549.74365234375,
      "mid_mean": -27.322832107543945,
      "mid_to_side_loudness": -4.755459308624268,
      "mid_to_side_loudness_range": 10.152876853942871,
      "side_mean": -32.28398132324219
    },
    {
      "high_freq": 7314.1640625,
      "loudness": -36.11564636230469,
      "loudness_range": 20.487489700317383,
      "low_freq": 4349.24462890625,
      "mid_mean": -32.96530532836914,
      "mid_to_side_loudness": -9.072039604187012,
      "mid_to_side_loudness_range": 12.610190391540527,
      "side_mean": -43.09493637084961
    },
    {
      "high_freq": 12199.2666015625,
      "loudness": -40.512779235839844,
      "loudness_range": 21.09614372253418,
      "low_freq": 7314.1640625,
      "mid_mean": -37.38356399536133,
      "mid_to_side_loudness": -12.341919898986816,
      "mid_to_side_loudness_range": 13.809401512145996,
      "side_mean": -52.221763610839844
    },
    {
      "loudness": -53.12145233154297,
      "loudness_range": 23.46768569946289,
      "low_freq": 12199.2666015625,
      "mid_mean": -50.35067367553711,
      "mid_to_side_loudness": -13.522777557373047,
      "mid_to_side_loudness_range": 15.447877883911133,
      "side_mean": -62.58119583129883
    }
  ],
  "bands_short": [
    {
      "high_freq": 148.1999969482422,
      "loudness": -23.757686614990234,
      "loudness_range": 24.430360794067383,
      "mid_mean": -20.056283950805664,
      "mid_to_side_loudness": -18.544939041137695,
      "mid_to_side_loudness_range": 34.91736602783203,
      "side_mean": -42.701297760009766
    },
    {
      "high_freq": 392.3793640136719,
      "loudness": -21.91301727294922,
      "loudness_range": 14.606005668640137,
      "low_freq": 148.1999969482422,
      "mid_mean": -19.12969970703125,
      "mid_to_side_loudness": -7.858394622802734,
      "mid_to_side_loudness_range": 14.51994800567627,
      "side_mean": -27.29338264465332
    },
    {
      "high_freq": 794.6976318359375,
      "loudness": -23.710580825805664,
      "loudness_range": 14.613910675048828,
      "low_freq": 392.3793640136719,
      "mid_mean": -22.09311294555664,
      "mid_to_side_loudness": -3.6449332237243652,
      "mid_to_side_loudness_range": 13.957239151000977,
      "side_mean": -25.625450134277344
    },
    {
      "high_freq": 1457.5709228515625,
      "loudness": -28.405977249145508,
      "loudness_range": 20.471477508544922,
      "low_freq": 794.6976318359375,
      "mid_mean": -26.711606979370117,
      "mid_to_side_loudness": -3.6651864051818848,
      "mid_to_side_loudness_range": 13.021692276000977,
      "side_mean": -30.441970825195312
    },
    {
      "high_freq": 2549.74365234375,
      "loudness": -28.241134643554688,
      "loudness_range": 20.80852699279785,
      "low_freq": 1457.5709228515625,
      "mid_mean": -26.259206771850586,
      "mid_to_side_loudness": -4.13201379776001,
      "mid_to_side_loudness_range": 11.783858299255371,
      "side_mean": -30.702951431274414
    },
    {
      "high_freq": 4349.24462890625,
      "loudness": -30.091398239135742,
      "loudness_range": 20.133785247802734,
      "low_freq": 2549.74365234375,
      "mid_mean": -27.987323760986328,
      "mid_to_side_loudness": -4.360038757324219,
      "mid_to_side_loudness_range": 12.090972900390625,
      "side_mean": -32.8188591003418
    },
    {
      "high_freq": 7314.1640625,
      "loudness": -37.5413703918457,
      "loudness_range": 22.791563034057617,
      "low_freq": 4349.24462890625,
      "mid_mean": -34.73941421508789,
      "mid_to_side_loudness": -7.754079341888428,
      "mid_to_side_loudness_range": 13.7927885055542,
      "side_mean": -43.525970458984375
    },
    {
      "high_freq": 12199.2666015625,
      "loudness": -42.94923400878906,
      "loudness_range": 24.679372787475586,
      "low_freq": 7314.1640625,
      "mid_mean": -40.14385223388672,
      "mid_to_side_loudness": -11.203856468200684,
      "mid_to_side_loudness_range": 16.665103912353516,
      "side_mean": -53.350887298583984
    },
    {
      "loudness": -55.550968170166016,
      "loudness_range": 23.852611541748047,
      "low_freq": 12199.2666015625,
      "mid_mean": -52.43590545654297,
      "mid_to_side_loudness": -12.471114158630371,
      "mid_to_side_loudness_range": 16.97324562072754,
      "side_mean": -63.38175964355469
    }
  ],
  "channels": 2,
  "covariance": [
    [
      47.295475006103516,
      17.70088005065918,
      15.9420166015625,
      10.489104270935059,
      8.849900245666504,
      7.878077983856201,
      7.996602535247803,
      5.630731582641602,
      10.818008422851562,
      9.904324531555176,
      12.681528091430664,
      9.761080741882324,
      11.237567901611328,
      12.31815242767334,
      8.992208480834961,
      16.45950698852539,
      15.202171325683594,
      7.393807411193848
    ],
    [
      17.70088005065918,
      51.785152435302734,
      11.907790184020996,
      12.453428268432617,
      13.199405670166016,
      7.705996036529541,
      16.719146728515625,
      12.234606742858887,
      19.079349517822266,
      18.71564292907715,
      18.41493034362793,
      18.454730987548828,
      13.55275821685791,
      18.76706886291504,
      10.459261894226074,
      21.05321502685547,
      13.712510108947754,
      9.69345474243164
    ],
    [
      15.9420166015625,
      11.907790184020996,
      23.015331268310547,
      15.29371452331543,
      13.881600379943848,
      8.8814115524292,
      10.709857940673828,
      8.099803924560547,
      8.887022972106934,
      8.986084938049316,
      12.799607276916504,
      9.847617149353027,
      13.064702033996582,
      12.641736030578613,
      16.483144760131836,
      20.318317413330078,
      21.448335647583008,
      9.156487464904785
    ],
    [
      10.489104270935059,
      12.453428268432617,
      15.29371452331543,
      21.426307678222656,
      8.71413803100586,
      6.6089582443237305,
      9.402844429016113,
      8.033930778503418,
      8.82781982421875,
      10.566932678222656,
      10.693906784057617,
      11.047542572021484,
      8.68146800994873,
      10.433820724487305,
      10.937122344970703,
      15.541289329528809,
      14.043895721435547,
      8.372958183288574
    ],
    [
      8.849900245666504,
      13.199405670166016,
      13.881600379943848,
      8.71413803100586,
      33.40115737915039,
      20.718753814697266,
      26.242969512939453,
      19.417909622192383,
      24.09858512878418,
      20.167524337768555,
      23.98508644104004,
      19.13040542602539,
      18.142362594604492,
      19.96026611328125,
      21.62454605102539,
      28.848573684692383,
      29.507349014282227,
      14.126577377319336
    ],
    [
      7.878077983856201,
      7.705996036529541,
      8.8814115524292,
      6.6089582443237305,
      20.718753814697266,
      24.547569274902344,
      17.950416564941406,
      18.732372283935547,
      16.229326248168945,
      17.082046508789062,
      16.381145477294922,
      15.931936264038086,
      12.878636360168457,
      15.540095329284668,
      12.288969993591309,
      20.735830307006836,
      20.49381446838379,
      10.261280059814453
    ],
    [
      7.996602535247803,
      16.719146728515625,
      10.709857940673828,
      9.402844429016113,
      26.242969512939453,
      17.950416564941406,
      44.543121337890625,
      31.38895606994629,
      37.01909255981445,
      30.525524139404297,
      31.405420303344727,
      27.831388473510742,
      20.955507278442383,
      23.805788040161133,
      21.893173217773438,
      28.924089431762695,
      28.228355407714844,
      14.377686500549316
    ],
    [
      5.630731582641602,
      12.234606742858887,
      8.099803924560547,
      8.033930778503418,
      19.417909622192383,
      18.732372283935547,
      31.38895606994629,
      33.22672653198242,
      26.86841583251953,
      27.755868911743164,
      24.083637237548828,
      25.709341049194336,
      16.44120979309082,
      20.884756088256836,
      13.982547760009766,
      24.051755905151367,
      21.851444244384766,
      12.341523170471191
    ],
    [
      10.818008422851562,
      19.079349517822266,
      8.887022972106934,
      8.82781982421875,
      24.09858512878418,
      16.229326248168945,
      37.01909255981445,
      26.86841583251953,
      52.150997161865234,
      40.13481521606445,
      43.399070739746094,
      37.32746124267578,
      29.448482513427734,
      34.96854782104492,
      24.51551055908203,
      34.70580291748047,
      28.110511779785156,
      16.837644577026367
    ],
    [
      9.904324531555176,
      18.71564292907715,
      8.986084938049316,
      10.566932678222656,
      20.167524337768555,
      17.082046508789062,
      30.525524139404297,
      27.755868911743164,
      40.13481521606445,
      40.88332748413086,
      34.69580078125,
      36.968936920166016,
      23.082876205444336,
      30.296875,
      18.25505256652832,
      29.736358642578125,
      22.886327743530273,
      15.390778541564941
    ],
    [
      12.681528091430664,
      18.41493034362793,
      12.799607276916504,
      10.693906784057617,
      23.98508644104004,
      16.381145477294922,
      31.405420303344727,
      24.083637237548828,
      43.399070739746094,
      34.69580078125,
      47.96657943725586,
      37.109153747558594,
      35.24272537231445,
      39.0631217956543,
      30.958797454833984,
      41.389244079589844,
      34.282840728759766,
      19.34879493713379
    ],
    [
      9.761080741882324,
      18.454730987548828,
      9.847617149353027,
      11.047542572021484,
      19.13040542602539,
      15.931936264038086,
      27.831388473510742,
      25.709341049194336,
      37.32746124267578,
      36.968936920166016,
      37.109153747558594,
      41.266239166259766,
      25.04218292236328,
      32.876346588134766,
      20.751447677612305,
      31.673694610595703,
      23.84135627746582,
      16.73114013671875
    ],
    [
      11.237567901611328,
      13.55275821685791,
      13.064702033996582,
      8.68146800994873,
      18.142362594604492,
      12.878636360168457,
      20.955507278442383,
      16.44120979309082,
      29.448482513427734,
      23.082876205444336,
      35.24272537231445,
      25.04218292236328,
      57.476585388183594,
      44.46268081665039,
      48.96036911010742,
      47.845245361328125,
      45.34244918823242,
      23.773174285888672
    ],
    [
      12.31815242767334,
      18.76706886291504,
      12.641736030578613,
      10.433820724487305,
      19.96026611328125,
      15.540095329284668,
      23.805788040161133,
      20.884756088256836,
      34.96854782104492,
      30.296875,
      39.0631217956543,
      32.876346588134766,
      44.46268081665039,
      54.1433219909668,
      35.437599182128906,
      49.05831527709961,
      38.98778533935547,
      23.092754364013672
    ],
    [
      8.992208480834961,
      10.459261894226074,
      16.483144760131836,
      10.937122344970703,
      21.62454605102539,
      12.288969993591309,
      21.893173217773438,
      13.982547760009766,
      24.51551055908203,
      18.25505256652832,
      30.958797454833984,
      20.751447677612305,
      48.96036911010742,
      35.437599182128906,
      62.354190826416016,
      45.815582275390625,
      51.232154846191406,
      25.313579559326172
    ],
    [
      16.45950698852539,
      21.05321502685547,
      20.318317413330078,
      15.541289329528809,
      28.848573684692383,
      20.735830307006836,
      28.924089431762695,
      24.051755905151367,
      34.70580291748047,
      29.736358642578125,
      41.389244079589844,
      31.673694610595703,
      47.845245361328125,
      49.05831527709961,
      45.815582275390625,
      64.82524108886719,
      60.15861892700195,
      31.182052612304688
    ],
    [
      15.202171325683594,
      13.712510108947754,
      21.448335647583008,
      14.043895721435547,
      29.507349014282227,
      20.49381446838379,
      28.228355407714844,
      21.851444244384766,
      28.110511779785156,
      22.886327743530273,
      34.282840728759766,
      23.84135627746582,
      45.34244918823242,
      38.98778533935547,
      51.232154846191406,
      60.15861892700195,
      71.13762664794922,
      31.595422744750977
    ],
    [
      7.393807411193848,
      9.69345474243164,
      9.156487464904785,
      8.372958183288574,
      14.126577377319336,
      10.261280059814453,
      14.377686500549316,
      12.341523170471191,
      16.837644577026367,
      15.390778541564941,
      19.34879493713379,
      16.73114013671875,
      23.773174285888672,
      23.092754364013672,
      25.313579559326172,
      31.182052612304688,
      31.595422744750977,
      21.77376365661621
    ]
  ],
  "covariance_short": [
    [
      87.5484390258789,
      18.524694442749023,
      23.161338806152344,
      11.111379623413086,
      5.556163787841797,
      4.684185981750488,
      3.756772041320801,
      2.414924144744873,
      3.4171805381774902,
      4.9150543212890625,
      3.510683536529541,
      3.2431342601776123,
      0.6652160882949829,
      3.337249517440796,
      -0.37259435653686523,
      5.53322172164917,
      5.5840301513671875,
      1.3167978525161743
    ],
    [
      18.524694442749023,
      63.43770217895508,
      15.3616361618042,
      12.699915885925293,
      12.028002738952637,
      6.882839202880859,
      18.548397064208984,
      12.529959678649902,
      18.46615982055664,
      17.349660873413086,
      16.147375106811523,
      16.6035099029541,
      10.512689590454102,
      14.562034606933594,
      9.847370147705078,
      17.6915283203125,
      12.145811080932617,
      6.880292892456055
    ],
    [
      23.161338806152344,
      15.3616361618042,
      34.6221809387207,
      18.959678649902344,
      14.579171180725098,
      8.382540702819824,
      11.006865501403809,
      7.583336353302002,
      9.415387153625488,
      9.887648582458496,
      13.010956764221191,
      11.04634952545166,
      13.735052108764648,
      12.342301368713379,
      18.161903381347656,
      20.42413902282715,
      20.40765380859375,
      8.402308464050293
    ],
    [
      11.111379623413086,
      12.699915885925293,
      18.959678649902344,
      30.989166259765625,
      9.443352699279785,
      6.819332599639893,
      9.56761646270752,
      7.734460830688477,
      7.97142219543457,
      10.704832077026367,
      9.715227127075195,
      11.851900100708008,
      7.831678867340088,
      10.287063598632812,
      10.245594024658203,
      14.898290634155273,
      12.270435333251953,
      7.548998832702637
    ],
    [
      5.556163787841797,
      12.028002738952637,
      14.579171180725098,
      9.443352699279785,
      37.849979400634766,
      19.7269287109375,
      26.72013282775879,
      19.01510238647461,
      23.052658081054688,
      19.954286575317383,
      22.881872177124023,
      20.302005767822266,
      17.661680221557617,
      18.857507705688477,
      25.274965286254883,
      27.327011108398438,
      26.11793327331543,
      12.386731147766113
    ],
    [
      4.684185981750488,
      6.882839202880859,
      8.382540702819824,
      6.819332599639893,
      19.7269287109375,
      27.28314971923828,
      17.984426498413086,
      19.004140853881836,
      14.233909606933594,
      16.859010696411133,
      14.9829740524292,
      16.242115020751953,
      12.768316268920898,
      14.398512840270996,
      14.099470138549805,
      19.638017654418945,
      17.828195571899414,
      9.446432113647461
    ],
    [
      3.756772041320801,
      18.548397064208984,
      11.006865501403809,
      9.56761646270752,
      26.72013282775879,
      17.984426498413086,
      54.81064987182617,
      35.527103424072266,
      42.59806823730469,
      34.8945426940918,
      35.415164947509766,
      32.56061553955078,
      23.919363021850586,
      25.82978630065918,
      27.780311584472656,
      30.031505584716797,
      26.733657836914062,
      13.724869728088379
    ],
    [
      2.414924144744873,
      12.529959678649902,
      7.583336353302002,
      7.734460830688477,
      19.01510238647461,
      19.004140853881836,
      35.527103424072266,
      39.69758224487305,
      28.440006256103516,
      30.920495986938477,
      25.082866668701172,
      28.585657119750977,
      17.790252685546875,
      21.790903091430664,
      17.225492477416992,
      23.71365737915039,
      18.747947692871094,
      11.320528030395508
    ],
    [
      3.4171805381774902,
      18.46615982055664,
      9.415387153625488,
      7.97142219543457,
      23.052658081054688,
      14.233909606933594,
      42.59806823730469,
      28.440006256103516,
      61.695106506347656,
      43.56949996948242,
      49.151405334472656,
      42.64368438720703,
      35.777313232421875,
      37.93461608886719,
      32.46249771118164,
      35.725093841552734,
      26.244831085205078,
      15.890902519226074
    ],
    [
      4.9150543212890625,
      17.349660873413086,
      9.887648582458496,
      10.704832077026367,
      19.954286575317383,
      16.859010696411133,
      34.8945426940918,
      30.920495986938477,
      43.56949996948242,
      47.44895553588867,
      37.047725677490234,
      42.58635711669922,
      26.14223861694336,
      32.81309509277344,
      22.547176361083984,
      30.260133743286133,
      20.123891830444336,
      14.281757354736328
    ],
    [
      3.510683536529541,
      16.147375106811523,
      13.010956764221191,
      9.715227127075195,
      22.881872177124023,
      14.9829740524292,
      35.415164947509766,
      25.082866668701172,
      49.151405334472656,
      37.047725677490234,
      57.864959716796875,
      42.04100799560547,
      45.366756439208984,
      43.365684509277344,
      43.905879974365234,
      43.80995178222656,
      34.64874267578125,
      19.597108840942383
    ],
    [
      3.2431342601776123,
      16.6035099029541,
      11.04634952545166,
      11.851900100708008,
      20.302005767822266,
      16.242115020751953,
      32.56061553955078,
      28.585657119750977,
      42.64368438720703,
      42.58635711669922,
      42.04100799560547,
      50.79029083251953,
      29.854904174804688,
      37.875362396240234,
      26.561599731445312,
      34.47005081176758,
      22.28569984436035,
      16.53879737854004
    ],
    [
      0.6652160882949829,
      10.512689590454102,
      13.735052108764648,
      7.831678867340088,
      17.661680221557617,
      12.768316268920898,
      23.919363021850586,
      17.790252685546875,
      35.777313232421875,
      26.14223861694336,
      45.366756439208984,
      29.854904174804688,
      72.13493347167969,
      51.03282165527344,
      64.8758316040039,
      54.621212005615234,
      50.947669982910156,
      26.236879348754883
    ],
    [
      3.337249517440796,
      14.562034606933594,
      12.342301368713379,
      10.287063598632812,
      18.857507705688477,
      14.398512840270996,
      25.82978630065918,
      21.790903091430664,
      37.93461608886719,
      32.81309509277344,
      43.365684509277344,
      37.875362396240234,
      51.03282165527344,
      60.02762985229492,
      43.59074783325195,
      52.02050018310547,
      35.882972717285156,
      22.938352584838867
    ],
    [
      -0.37259435653686523,
      9.847370147705078,
      18.161903381347656,
      10.245594024658203,
      25.274965286254883,
      14.099470138549805,
      27.780311584472656,
      17.225492477416992,
      32.46249771118164,
      22.547176361083984,
      43.905879974365234,
      26.561599731445312,
      64.8758316040039,
      43.59074783325195,
      88.45731353759766,
      59.227603912353516,
      66.41893768310547,
      30.359134674072266
    ],
    [
      5.53322172164917,
      17.6915283203125,
      20.42413902282715,
      14.898290634155273,
      27.327011108398438,
      19.638017654418945,
      30.031505584716797,
      23.71365737915039,
      35.725093841552734,
      30.260133743286133,
      43.80995178222656,
      34.47005081176758,
      54.621212005615234,
      52.02050018310547,
      59.227603912353516,
      69.83982849121094,
      60.48836898803711,
      32.47465896606445
    ],
    [
      5.5840301513671875,
      12.145811080932617,
      20.40765380859375,
      12.270435333251953,
      26.11793327331543,
      17.828195571899414,
      26.733657836914062,
      18.747947692871094,
      26.244831085205078,
      20.123891830444336,
      34.64874267578125,
      22.28569984436035,
      50.947669982910156,
      35.882972717285156,
      66.41893768310547,
      60.48836898803711,
      75.42078399658203,
      32.732505798339844
    ],
    [
      1.3167978525161743,
      6.880292892456055,
      8.402308464050293,
      7.548998832702637,
      12.386731147766113,
      9.446432113647461,
      13.724869728088379,
      11.320528030395508,
      15.890902519226074,
      14.281757354736328,
      19.597108840942383,
      16.53879737854004,
      26.236879348754883,
      22.938352584838867,
      30.359134674072266,
      32.47465896606445,
      32.732505798339844,
      24.11962127685547
    ]
  ],
  "drr": 15.772553443908691,
  "dynamics": 3.255432367324829,
  "format": 1245190,
  "frames": 13932544,
  "loudness": -11.567519187927246,
  "loudness_range": 10.365106582641602,
  "loudness_range_short": 11.535115242004395,
  "peak": 0.020823577418923378,
  "rms": -13.13644790649414,
  "sample_rate": 44100,
  "sections": 1,
  "seekable": 1,
  "sharpness": 1.7608823776245117,
  "space": -7.580480098724365
}