{
  "bands": [
    {
      "high_freq": 148.1999969482422,
      "loudness": -65.30609130859375,
      "loudness_range": 3.3463211059570312,
      "mid_mean": -62.42205810546875,
      "mid_to_side_loudness": -4.268015384674072,
      "mid_to_side_loudness_range": 4.035858631134033,
      "side_mean": -65.56773376464844
    },
    {
      "high_freq": 392.3793640136719,
      "loudness": -44.31399154663086,
      "loudness_range": 26.170501708984375,
      "low_freq": 148.1999969482422,
      "mid_mean": -48.40984344482422,
      "mid_to_side_loudness": 1.9001517295837402,
      "mid_to_side_loudness_range": 18.60314178466797,
      "side_mean": -45.42124557495117
    },
    {
      "high_freq": 794.6976318359375,
      "loudness": -24.725730895996094,
      "loudness_range": 11.822467803955078,
      "low_freq": 392.3793640136719,
      "mid_mean": -22.417675018310547,
      "mid_to_side_loudness": -4.820598602294922,
      "mid_to_side_loudness_range": 8.7819185256958,
      "side_mean": -27.43511199951172
    },
    {
      "high_freq": 1457.5709228515625,
      "loudness": -29.135547637939453,
      "loudness_range": 28.534990310668945,
      "low_freq": 794.6976318359375,
      "mid_mean": -27.090940475463867,
      "mid_to_side_loudness": -5.834670066833496,
      "mid_to_side_loudness_range": 13.924565315246582,
      "side_mean": -33.565589904785156
    },
    {
      "high_freq": 2549.74365234375,
      "loudness": -41.90259552001953,
      "loudness_range": 28.776845932006836,
      "low_freq": 1457.5709228515625,
      "mid_mean": -39.36709213256836,
      "mid_to_side_loudness": -5.6907958984375,
      "mid_to_side_loudness_range": 10.051309585571289,
      "side_mean": -45.38384246826172
    },
    {
      "high_freq": 4349.24462890625,
      "loudness": -50.98362350463867,
      "loudness_range": 11.649486541748047,
      "low_freq": 2549.74365234375,
      "mid_mean": -48.87407684326172,
      "mid_to_side_loudness": -4.835529804229736,
      "mid_to_side_loudness_range": 8.99790096282959,
      "side_mean": -54.505252838134766
    },
    {
      "high_freq": 7314.1640625,
      "loudness": -58.27415466308594,
      "loudness_range": 17.21267318725586,
      "low_freq": 4349.24462890625,
      "mid_mean": -56.007957458496094,
      "mid_to_side_loudness": -6.208012104034424,
      "mid_to_side_loudness_range": 10.878839492797852,
      "side_mean": -61.65027618408203
    },
    {
      "high_freq": 12199.2666015625,
      "loudness": -67.796142578125,
      "loudness_range": 10.533279418945312,
      "low_freq": 7314.1640625,
      "mid_mean": -64.36018371582031,
      "mid_to_side_loudness": -3.0941619873046875,
      "mid_to_side_loudness_range": 6.471411228179932,
      "side_mean": -66.54631042480469
    },
    {
      "loudness": -68.00706481933594,
      "loudness_range": 2.13836669921875,
      "low_freq": 12199.2666015625,
      "mid_mean": -65.47863006591797,
      "mid_to_side_loudness": -0.3213072121143341,
      "mid_to_side_loudness_range": 0.729326069355011,
      "side_mean": -65.69249725341797
    }
  ],
  "bands_short": [
    {
      "high_freq": 148.1999969482422,
      "loudness": -65.6714859008789,
      "loudness_range": 6.058479309082031,
      "mid_mean": -62.79056167602539,
      "mid_to_side_loudness": -4.430822849273682,
      "mid_to_side_loudness_range": 10.559834480285645,
      "side_mean": -65.84859466552734
    },
    {
      "high_freq": 392.3793640136719,
      "loudness": -51.53113555908203,
      "loudness_range": 31.05057144165039,
      "low_freq": 148.1999969482422,
      "mid_mean": -54.23844528198242,
      "mid_to_side_loudness": 1.870651364326477,
      "mid_to_side_loudness_range": 23.881633758544922,
      "side_mean": -52.16594314575195
    },
    {
      "high_freq": 794.6976318359375,
      "loudness": -26.762107849121094,
      "loudness_range": 14.910791397094727,
      "low_freq": 392.3793640136719,
      "mid_mean": -24.90920066833496,
      "mid_to_side_loudness": -4.192732810974121,
      "mid_to_side_loudness_range": 13.509328842163086,
      "side_mean": -29.255910873413086
    },
    {
      "high_freq": 1457.5709228515625,
      "loudness": -26.49372673034668,
      "loudness_range": 25.460887908935547,
      "low_freq": 794.6976318359375,
      "mid_mean": -24.47754669189453,
      "mid_to_side_loudness": -5.6692705154418945,
      "mid_to_side_loudness_range": 17.11368179321289,
      "side_mean": -31.447376251220703
    },
    {
      "high_freq": 2549.74365234375,
      "loudness": -42.661678314208984,
      "loudness_range": 30.06148910522461,
      "low_freq": 1457.5709228515625,
      "mid_mean": -40.32366180419922,
      "mid_to_side_loudness": -5.393689155578613,
      "mid_to_side_loudness_range": 12.189376831054688,
      "side_mean": -46.074493408203125
    },
    {
      "high_freq": 4349.24462890625,
      "loudness": -51.531742095947266,
      "loudness_range": 13.802692413330078,
      "low_freq": 2549.74365234375,
      "mid_mean": -50.46268081665039,
      "mid_to_side_loudness": -4.704211711883545,
      "mid_to_side_loudness_range": 10.973596572875977,
      "side_mean": -55.044071197509766
    },
    {
      "high_freq": 7314.1640625,
      "loudness": -59.065521240234375,
      "loudness_range": 19.281051635742188,
      "low_freq": 4349.24462890625,
      "mid_mean": -56.707889556884766,
      "mid_to_side_loudness": -5.864709854125977,
      "mid_to_side_loudness_range": 11.888989448547363,
      "side_mean": -62.007328033447266
    },
    {
      "high_freq": 12199.2666015625,
      "loudness": -68.1185302734375,
      "loudness_range": 10.920001983642578,
      "low_freq": 7314.1640625,
      "mid_mean": -64.6275405883789,
      "mid_to_side_loudness": -2.7976863384246826,
      "mid_to_side_loudness_range": 7.179829120635986,
      "side_mean": -66.60645294189453
    },
    {
      "loudness": -68.01087951660156,
      "loudness_range": 2.2859573364257812,
      "low_freq": 12199.2666015625,
      "mid_mean": -65.48199462890625,
      "mid_to_side_loudness": -0.3154391944408417,
      "mid_to_side_loudness_range": 1.4147322177886963,
      "side_mean": -65.69300079345703
    }
  ],
  "channels": 2,
  "covariance": [
    [
      4.670393466949463,
      2.7446584701538086,
      2.1483922004699707,
      0.12350624054670334,
      1.140688419342041,
      1.5281411409378052,
      4.2803635597229,
      3.6301863193511963,
      1.4555158615112305,
      1.4256346225738525,
      3.788860321044922,
      8.502765655517578,
      7.600293159484863,
      4.705358028411865,
      3.1339263916015625,
      1.6494472026824951,
      1.883658766746521,
      1.7455971240997314
    ],
    [
      2.7446584701538086,
      2.124217987060547,
      0.9550324082374573,
      -0.20863217115402222,
      0.9155905842781067,
      1.2405433654785156,
      2.9627883434295654,
      2.433847665786743,
      0.6929284930229187,
      0.8255778551101685,
      2.4867465496063232,
      5.176920413970947,
      4.476455211639404,
      2.786482810974121,
      1.8731364011764526,
      1.001033902168274,
      1.109819769859314,
      1.0313397645950317
    ],
    [
      2.1483922004699707,
      0.9550324082374573,
      111.6252670288086,
      86.56852722167969,
      4.9626030921936035,
      -0.9771925210952759,
      40.35823059082031,
      27.409387588500977,
      0.7507737278938293,
      -0.49632513523101807,
      11.125961303710938,
      1.1757616996765137,
      6.79807186126709,
      -0.0995824858546257,
      2.9330999851226807,
      0.37361836433410645,
      -0.15452900528907776,
      0.16631992161273956
    ],
    [
      0.12350624054670334,
      -0.20863217115402222,
      86.56852722167969,
      114.86185455322266,
      2.700533151626587,
      -5.088027000427246,
      38.76283264160156,
      25.643901824951172,
      -5.441324710845947,
      -3.664522647857666,
      14.26955795288086,
      0.8027099370956421,
      3.5466694831848145,
      -1.50078284740448,
      1.1457347869873047,
      -0.850768506526947,
      -0.7091578841209412,
      -0.30005043745040894
    ],
    [
      1.140688419342041,
      0.9155905842781067,
      4.9626030921936035,
      2.700533151626587,
      23.541418075561523,
      17.074636459350586,
      5.8520708084106445,
      5.406480312347412,
      13.181077003479004,
      10.839488983154297,
      10.883947372436523,
      9.132132530212402,
      10.040262222290039,
      6.495787620544434,
      5.001129150390625,
      2.1064608097076416,
      0.7920034527778625,
      0.6403428912162781
    ],
    [
      1.5281411409378052,
      1.2405433654785156,
      -0.9771925210952759,
      -5.088027000427246,
      17.074636459350586,
      19.183990478515625,
      5.000115394592285,
      2.538987159729004,
      16.086355209350586,
      14.853839874267578,
      8.903326034545898,
      11.026946067810059,
      9.938382148742676,
      8.354387283325195,
      6.017635345458984,
      3.0685043334960938,
      0.9658644199371338,
      0.7293320894241333
    ],
    [
      4.2803635597229,
      2.9627883434295654,
      40.35823059082031,
      38.76283264160156,
      5.8520708084106445,
      5.000115394592285,
      129.77679443359375,
      88.48541259765625,
      1.8690637350082397,
      -5.684719085693359,
      26.21814727783203,
      14.586833000183105,
      35.08148193359375,
      15.904706001281738,
      15.628767013549805,
      3.9350454807281494,
      3.4674551486968994,
      2.4616637229919434
    ],
    [
      3.6301863193511963,
      2.433847665786743,
      27.409387588500977,
      25.643901824951172,
      5.406480312347412,
      2.538987159729004,
      88.48541259765625,
      75.8969955444336,
      -4.0711283683776855,
      -8.604034423828125,
      20.100460052490234,
      11.200105667114258,
      23.677959442138672,
      11.013078689575195,
      10.134629249572754,
      2.0947372913360596,
      2.5052242279052734,
      1.8479036092758179
    ],
    [
      1.4555158615112305,
      0.6929284930229187,
      0.7507737278938293,
      -5.441324710845947,
      13.181077003479004,
      16.086355209350586,
      1.8690637350082397,
      -4.0711283683776855,
      73.65609741210938,
      57.62714767456055,
      11.57662582397461,
      13.470393180847168,
      28.384002685546875,
      21.200576782226562,
      15.500214576721191,
      7.325826168060303,
      2.012355089187622,
      1.2846578359603882
    ],
    [
      1.4256346225738525,
      0.8255778551101685,
      -0.49632513523101807,
      -3.664522647857666,
      10.839488983154297,
      14.853839874267578,
      -5.684719085693359,
      -8.604034423828125,
      57.62714767456055,
      53.736717224121094,
      10.414042472839355,
      14.508042335510254,
      19.970256805419922,
      18.45932388305664,
      12.41891860961914,
      6.4488301277160645,
      1.395254135131836,
      0.9246823191642761
    ],
    [
      3.788860321044922,
      2.4867465496063232,
      11.125961303710938,
      14.26955795288086,
      10.883947372436523,
      8.903326034545898,
      26.21814727783203,
      20.100460052490234,
      11.57662582397461,
      10.414042472839355,
      25.507688522338867,
      17.984180450439453,
      20.79290199279785,
      12.935699462890625,
      9.478561401367188,
      3.269961357116699,
      1.8404265642166138,
      1.4128398895263672
    ],
    [
      8.502765655517578,
      5.176920413970947,
      1.1757616996765137,
      0.8027099370956421,
      9.132132530212402,
      11.026946067810059,
      14.586833000183105,
      11.200105667114258,
      13.470393180847168,
      14.508042335510254,
      17.984180450439453,
      29.669048309326172,
      23.826501846313477,
      17.933738708496094,
      11.479547500610352,
      5.924839496612549,
      4.57863712310791,
      4.102917194366455
    ],
    [
      7.600293159484863,
      4.476455211639404,
      6.79807186126709,
      3.5466694831848145,
      10.040262222290039,
      9.938382148742676,
      35.08148193359375,
      23.677959442138672,
      28.384002685546875,
      19.970256805419922,
      20.79290199279785,
      23.826501846313477,
      41.91429138183594,
      23.694843292236328,
      18.33709144592285,
      7.348642349243164,
      5.243524551391602,
      4.344265460968018
    ],
    [
      4.705358028411865,
      2.786482810974121,
      -0.0995824858546257,
      -1.50078284740448,
      6.495787620544434,
      8.354387283325195,
      15.904706001281738,
      11.013078689575195,
      21.200576782226562,
      18.45932388305664,
      12.935699462890625,
      17.933738708496094,
      23.694843292236328,
      17.987741470336914,
      11.990317344665527,
      5.483371734619141,
      3.223161458969116,
      2.680793046951294
    ],
    [
      3.1339263916015625,
      1.8731364011764526,
      2.9330999851226807,
      1.1457347869873047,
      5.001129150390625,
      6.017635345458984,
      15.628767013549805,
      10.134629249572754,
      15.500214576721191,
      12.41891860961914,
      9.478561401367188,
      11.479547500610352,
      18.33709144592285,
      11.990317344665527,
      10.835511207580566,
      4.372155666351318,
      2.419297695159912,
      1.9584039449691772
    ],
    [
      1.6494472026824951,
      1.001033902168274,
      0.37361836433410645,
      -0.850768506526947,
      2.1064608097076416,
      3.0685043334960938,
      3.9350454807281494,
      2.0947372913360596,
      7.325826168060303,
      6.4488301277160645,
      3.269961357116699,
      5.924839496612549,
      7.348642349243164,
      5.483371734619141,
      4.372155666351318,
      2.230546712875366,
      1.187943458557129,
      1.009395718574524
    ],
    [
      1.883658766746521,
      1.109819769859314,
      -0.15452900528907776,
      -0.7091578841209412,
      0.7920034527778625,
      0.9658644199371338,
      3.4674551486968994,
      2.5052242279052734,
      2.012355089187622,
      1.395254135131836,
      1.8404265642166138,
      4.57863712310791,
      5.243524551391602,
      3.223161458969116,
      2.419297695159912,
      1.187943458557129,
      1.2131842374801636,
      1.0702059268951416
    ],
    [
      1.7455971240997314,
      1.0313397645950317,
      0.16631992161273956,
      -0.30005043745040894,
      0.6403428912162781,
      0.7293320894241333,
      2.4616637229919434,
      1.8479036092758179,
      1.2846578359603882,
      0.9246823191642761,
      1.4128398895263672,
      4.102917194366455,
      4.344265460968018,
      2.680793046951294,
      1.9584039449691772,
      1.009395718574524,
      1.0702059268951416,
      0.97599196434021
    ]
  ],
  "covariance_short": [
    [
      6.888047695159912,
      2.493124485015869,
      7.735051155090332,
      6.623373508453369,
      1.1248424053192139,
      1.5179051160812378,
      2.95809006690979,
      2.3778903484344482,
      1.2202444076538086,
      1.373138427734375,
      9.578378677368164,
      7.7292704582214355,
      6.668245792388916,
      4.1407694816589355,
      2.6852760314941406,
      1.5112308263778687,
      1.7539384365081787,
      1.6405041217803955
    ],
    [
      2.493124485015869,
      4.048961162567139,
      4.515986919403076,
      4.441274166107178,
      0.6126739382743835,
      1.0493297576904297,
      1.7198777198791504,
      1.559364914894104,
      0.5315296053886414,
      0.6913337707519531,
      5.702736854553223,
      4.512788772583008,
      3.7526328563690186,
      2.368953227996826,
      1.5517719984054565,
      0.8587116599082947,
      1.006009817123413,
      0.937541127204895
    ],
    [
      7.735051155090332,
      4.515986919403076,
      82.58050537109375,
      89.23709869384766,
      11.52613353729248,
      1.8318564891815186,
      30.20090103149414,
      28.232873916625977,
      6.22178316116333,
      7.006611347198486,
      32.88425827026367,
      19.18848419189453,
      22.0435733795166,
      11.92931842803955,
      9.555129051208496,
      4.233012676239014,
      3.7421317100524902,
      3.662581205368042
    ],
    [
      6.623373508453369,
      4.441274166107178,
      89.23709869384766,
      155.99732971191406,
      11.091713905334473,
      -1.352479100227356,
      35.70594024658203,
      29.691913604736328,
      2.922703504562378,
      4.462821960449219,
      40.7835578918457,
      20.76936912536621,
      22.575437545776367,
      12.06063461303711,
      8.8552885055542,
      3.50136399269104,
      3.8541834354400635,
      3.8357183933258057
    ],
    [
      1.1248424053192139,
      0.6126739382743835,
      11.52613353729248,
      11.091713905334473,
      40.19983673095703,
      23.197465896606445,
      6.52101469039917,
      1.4726595878601074,
      9.173940658569336,
      8.954594612121582,
      16.34946060180664,
      12.38062858581543,
      8.24638843536377,
      5.621410846710205,
      3.159409523010254,
      1.3243526220321655,
      0.5677873492240906,
      0.5384440422058105
    ],
    [
      1.5179051160812378,
      1.0493297576904297,
      1.8318564891815186,
      -1.352479100227356,
      23.197465896606445,
      28.071754455566406,
      6.680088996887207,
      2.796625852584839,
      11.541077613830566,
      11.397377967834473,
      12.012002944946289,
      13.248429298400879,
      9.136870384216309,
      7.7279486656188965,
      4.790611743927002,
      2.5137271881103516,
      1.0129871368408203,
      0.7931437492370605
    ],
    [
      2.95809006690979,
      1.7198777198791504,
      30.20090103149414,
      35.70594024658203,
      6.52101469039917,
      6.680088996887207,
      98.71604919433594,
      60.71546936035156,
      12.266134262084961,
      0.04894917458295822,
      26.256359100341797,
      13.129427909851074,
      34.91989517211914,
      14.679267883300781,
      13.998589515686035,
      3.963632822036743,
      3.268763542175293,
      2.349989414215088
    ],
    [
      2.3778903484344482,
      1.559364914894104,
      28.232873916625977,
      29.691913604736328,
      1.4726595878601074,
      2.796625852584839,
      60.71546936035156,
      67.67053985595703,
      11.192874908447266,
      2.8250181674957275,
      17.43095588684082,
      9.324326515197754,
      25.42098045349121,
      12.584200859069824,
      11.004335403442383,
      3.6295366287231445,
      2.3865652084350586,
      1.7903246879577637
    ],
    [
      1.2202444076538086,
      0.5315296053886414,
      6.22178316116333,
      2.922703504562378,
      9.173940658569336,
      11.541077613830566,
      12.266134262084961,
      11.192874908447266,
      82.82981872558594,
      60.60504150390625,
      16.2612247467041,
      15.562736511230469,
      33.43992233276367,
      23.346391677856445,
      15.964826583862305,
      7.474093914031982,
      2.22804856300354,
      1.4263465404510498
    ],
    [
      1.373138427734375,
      0.6913337707519531,
      7.006611347198486,
      4.462821960449219,
      8.954594612121582,
      11.397377967834473,
      0.04894917458295822,
      2.8250181674957275,
      60.60504150390625,
      58.32743835449219,
      13.225397109985352,
      16.278844833374023,
      22.002431869506836,
      19.5283260345459,
      12.255452156066895,
      6.482776165008545,
      1.4603928327560425,
      0.9859724640846252
    ],
    [
      9.578378677368164,
      5.702736854553223,
      32.88425827026367,
      40.7835578918457,
      16.34946060180664,
      12.012002944946289,
      26.256359100341797,
      17.43095588684082,
      16.2612247467041,
      13.225397109985352,
      49.90932846069336,
      34.31867218017578,
      36.651729583740234,
      22.037643432617188,
      15.304024696350098,
      6.723377227783203,
      5.841952323913574,
      5.187743663787842
    ],
    [
      7.7292704582214355,
      4.512788772583008,
      19.18848419189453,
      20.76936912536621,
      12.38062858581543,
      13.248429298400879,
      13.129427909851074,
      9.324326515197754,
      15.562736511230469,
      16.278844833374023,
      34.31867218017578,
      33.531219482421875,
      25.124849319458008,
      18.913223266601562,
      11.630311965942383,
      6.208605766296387,
      4.559150218963623,
      4.0904340744018555
    ],
    [
      6.668245792388916,
      3.7526328563690186,
      22.0435733795166,
      22.575437545776367,
      8.24638843536377,
      9.136870384216309,
      34.91989517211914,
      25.42098045349121,
      33.43992233276367,
      22.002431869506836,
      36.651729583740234,
      25.124849319458008,
      47.680755615234375,
      25.744272232055664,
      19.436925888061523,
      7.794791221618652,
      5.305047035217285,
      4.342693328857422
    ],
    [
      4.1407694816589355,
      2.368953227996826,
      11.92931842803955,
      12.06063461303711,
      5.621410846710205,
      7.7279486656188965,
      14.679267883300781,
      12.584200859069824,
      23.346391677856445,
      19.5283260345459,
      22.037643432617188,
      18.913223266601562,
      25.744272232055664,
      20.175025939941406,
      12.257161140441895,
      5.724467754364014,
      3.2312517166137695,
      2.677419424057007
    ],
    [
      2.6852760314941406,
      1.5517719984054565,
      9.555129051208496,
      8.8552885055542,
      3.159409523010254,
      4.790611743927002,
      13.998589515686035,
      11.004335403442383,
      15.964826583862305,
      12.255452156066895,
      15.304024696350098,
      11.630311965942383,
      19.436925888061523,
      12.257161140441895,
      11.676206588745117,
      4.573071002960205,
      2.4335546493530273,
      1.929418921470642
    ],
    [
      1.5112308263778687,
      0.8587116599082947,
      4.233012676239014,
      3.50136399269104,
      1.3243526220321655,
      2.5137271881103516,
      3.963632822036743,
      3.6295366287231445,
      7.474093914031982,
      6.482776165008545,
      6.723377227783203,
      6.208605766296387,
      7.794791221618652,
      5.724467754364014,
      4.573071002960205,
      2.5425608158111572,
      1.2273951768875122,
      1.0357574224472046
    ],
    [
      1.7539384365081787,
      1.006009817123413,
      3.7421317100524902,
      3.8541834354400635,
      0.5677873492240906,
      1.0129871368408203,
      3.268763542175293,
      2.3865652084350586,
      2.22804856300354,
      1.4603928327560425,
      5.841952323913574,
      4.559150218963623,
      5.305047035217285,
      3.2312517166137695,
      2.4335546493530273,
      1.2273951768875122,
      1.2851577997207642,
      1.0921381711959839
    ],
    [
      1.6405041217803955,
      0.937541127204895,
      3.662581205368042,
      3.8357183933258057,
      0.5384440422058105,
      0.7931437492370605,
      2.349989414215088,
      1.7903246879577637,
      1.4263465404510498,
      0.9859724640846252,
      5.187743663787842,
      4.0904340744018555,
      4.342693328857422,
      2.677419424057007,
      1.929418921470642,
      1.0357574224472046,
      1.0921381711959839,
      1.024257779121399
    ]
  ],
  "drr": 10.21461009979248,
  "dynamics": 4.090726375579834,
  "format": 1245190,
  "frames": 5521408,
  "loudness": -17.496440887451172,
  "loudness_range": 11.772041320800781,
  "loudness_range_short": 14.524344444274902,
  "peak": -2.751950263977051,
  "rms": -19.402206420898438,
  "sample_rate": 44100,
  "sections": 1,
  "seekable": 1,
  "sharpness": 2.240431070327759,
  "space": -6.368292331695557
}