{
  "bands": [
    {
      "high_freq": 148.1999969482422,
      "loudness": -17.35604476928711,
      "loudness_range": 9.433904647827148,
      "mid_mean": -13.691242218017578,
      "mid_to_side_loudness": -25.594459533691406,
      "mid_to_side_loudness_range": 17.013683319091797,
      "side_mean": -41.035911560058594
    },
    {
      "high_freq": 392.3793640136719,
      "loudness": -18.756980895996094,
      "loudness_range": 8.770142555236816,
      "low_freq": 148.1999969482422,
      "mid_mean": -15.508912086486816,
      "mid_to_side_loudness": -11.228367805480957,
      "mid_to_side_loudness_range": 10.78620719909668,
      "side_mean": -26.80557632446289
    },
    {
      "high_freq": 794.6976318359375,
      "loudness": -22.290435791015625,
      "loudness_range": 7.423561096191406,
      "low_freq": 392.3793640136719,
      "mid_mean": -19.49995231628418,
      "mid_to_side_loudness": -6.991949081420898,
      "mid_to_side_loudness_range": 7.616128921508789,
      "side_mean": -26.558286666870117
    },
    {
      "high_freq": 1457.5709228515625,
      "loudness": -26.179441452026367,
      "loudness_range": 11.694091796875,
      "low_freq": 794.6976318359375,
      "mid_mean": -23.520620346069336,
      "mid_to_side_loudness": -6.3800859451293945,
      "mid_to_side_loudness_range": 8.40174674987793,
      "side_mean": -29.951324462890625
    },
    {
      "high_freq": 2549.74365234375,
      "loudness": -24.670501708984375,
      "loudness_range": 11.637645721435547,
      "low_freq": 1457.5709228515625,
      "mid_mean": -21.83135986328125,
      "mid_to_side_loudness": -6.943869113922119,
      "mid_to_side_loudness_range": 4.964121341705322,
      "side_mean": -28.79921531677246
    },
    {
      "high_freq": 4349.24462890625,
      "loudness": -26.97185707092285,
      "loudness_range": 11.676538467407227,
      "low_freq": 2549.74365234375,
      "mid_mean": -24.079988479614258,
      "mid_to_side_loudness": -7.156737804412842,
      "mid_to_side_loudness_range": 5.219498157501221,
      "side_mean": -31.26527214050293
    },
    {
      "high_freq": 7314.1640625,
      "loudness": -26.221643447875977,
      "loudness_range": 10.214252471923828,
      "low_freq": 4349.24462890625,
      "mid_mean": -23.320175170898438,
      "mid_to_side_loudness": -8.312088966369629,
      "mid_to_side_loudness_range": 4.847141265869141,
      "side_mean": -31.41680145263672
    },
    {
      "high_freq": 12199.2666015625,
      "loudness": -23.986804962158203,
      "loudness_range": 11.863157272338867,
      "low_freq": 7314.1640625,
      "mid_mean": -20.84040069580078,
      "mid_to_side_loudness": -8.887717247009277,
      "mid_to_side_loudness_range": 5.060039520263672,
      "side_mean": -30.01149559020996
    },
    {
      "loudness": -24.248411178588867,
      "loudness_range": 12.138174057006836,
      "low_freq": 12199.2666015625,
      "mid_mean": -21.108306884765625,
      "mid_to_side_loudness": -9.17038631439209,
      "mid_to_side_loudness_range": 1.2962541580200195,
      "side_mean": -30.250911712646484
    }
  ],
  "bands_short": [
    {
      "high_freq": 148.1999969482422,
      "loudness": -23.655656814575195,
      "loudness_range": 21.463703155517578,
      "mid_mean": -20.053125381469727,
      "mid_to_side_loudness": -25.25299835205078,
      "mid_to_side_loudness_range": 22.712421417236328,
      "side_mean": -47.39371109008789
    },
    {
      "high_freq": 392.3793640136719,
      "loudness": -18.43933868408203,
      "loudness_range": 17.342628479003906,
      "low_freq": 148.1999969482422,
      "mid_mean": -15.163472175598145,
      "mid_to_side_loudness": -13.037322044372559,
      "mid_to_side_loudness_range": 17.51456069946289,
      "side_mean": -28.63459014892578
    },
    {
      "high_freq": 794.6976318359375,
      "loudness": -23.37654685974121,
      "loudness_range": 14.502603530883789,
      "low_freq": 392.3793640136719,
      "mid_mean": -20.713890075683594,
      "mid_to_side_loudness": -6.935379505157471,
      "mid_to_side_loudness_range": 11.494729995727539,
      "side_mean": -27.740503311157227
    },
    {
      "high_freq": 1457.5709228515625,
      "loudness": -27.30892562866211,
      "loudness_range": 17.92884635925293,
      "low_freq": 794.6976318359375,
      "mid_mean": -24.763460159301758,
      "mid_to_side_loudness": -6.4666008949279785,
      "mid_to_side_loudness_range": 11.819026947021484,
      "side_mean": -31.32921600341797
    },
    {
      "high_freq": 2549.74365234375,
      "loudness": -25.924562454223633,
      "loudness_range": 16.13369369506836,
      "low_freq": 1457.5709228515625,
      "mid_mean": -23.17803192138672,
      "mid_to_side_loudness": -6.79522180557251,
      "mid_to_side_loudness_range": 8.633875846862793,
      "side_mean": -30.085060119628906
    },
    {
      "high_freq": 4349.24462890625,
      "loudness": -28.050777435302734,
      "loudness_range": 17.106586456298828,
      "low_freq": 2549.74365234375,
      "mid_mean": -25.28004264831543,
      "mid_to_side_loudness": -6.869335174560547,
      "mid_to_side_loudness_range": 7.690935134887695,
      "side_mean": -32.22694396972656
    },
    {
      "high_freq": 7314.1640625,
      "loudness": -29.13526153564453,
      "loudness_range": 19.998361587524414,
      "low_freq": 4349.24462890625,
      "mid_mean": -26.34379768371582,
      "mid_to_side_loudness": -7.4817023277282715,
      "mid_to_side_loudness_range": 7.487569808959961,
      "side_mean": -33.61009216308594
    },
    {
      "high_freq": 12199.2666015625,
      "loudness": -28.709367752075195,
      "loudness_range": 26.21835708618164,
      "low_freq": 7314.1640625,
      "mid_mean": -25.742422103881836,
      "mid_to_side_loudness": -8.067293167114258,
      "mid_to_side_loudness_range": 7.317869186401367,
      "side_mean": -34.068668365478516
    },
    {
      "loudness": -32.138084411621094,
      "loudness_range": 33.069374084472656,
      "low_freq": 12199.2666015625,
      "mid_mean": -29.502883911132812,
      "mid_to_side_loudness": -9.261667251586914,
      "mid_to_side_loudness_range": 5.548450469970703,
      "side_mean": -38.29390335083008
    }
  ],
  "channels": 2,
  "covariance": [
    [
      18.451032638549805,
      12.567137718200684,
      10.133727073669434,
      5.313439846038818,
      7.31455135345459,
      5.190533638000488,
      7.4087066650390625,
      5.7883830070495605,
      7.198016166687012,
      6.65371561050415,
      8.197657585144043,
      7.733466625213623,
      8.179769515991211,
      7.04984188079834,
      5.564600467681885,
      6.712358474731445,
      4.366764545440674,
      4.210790634155273
    ],
    [
      12.567137718200684,
      33.84817123413086,
      19.696134567260742,
      14.905166625976562,
      10.464385032653809,
      8.082842826843262,
      14.015868186950684,
      12.991026878356934,
      15.40828800201416,
      15.971993446350098,
      16.65328598022461,
      17.54281234741211,
      15.258418083190918,
      11.580955505371094,
      10.825709342956543,
      12.242417335510254,
      7.350779056549072,
      8.669804573059082
    ],
    [
      10.133727073669434,
      19.696134567260742,
      22.571062088012695,
      13.68990421295166,
      10.72488784790039,
      6.371437072753906,
      12.770405769348145,
      10.776276588439941,
      14.26884937286377,
      13.718771934509277,
      17.490161895751953,
      17.134214401245117,
      15.028923034667969,
      11.676612854003906,
      9.229631423950195,
      10.843341827392578,
      3.4230263233184814,
      3.822000741958618
    ],
    [
      5.313439846038818,
      14.905166625976562,
      13.68990421295166,
      19.051881790161133,
      8.270904541015625,
      7.625140190124512,
      11.479286193847656,
      12.255563735961914,
      10.80434799194336,
      11.203776359558105,
      10.850887298583984,
      11.41496753692627,
      10.919486999511719,
      8.914084434509277,
      7.940939903259277,
      9.190853118896484,
      6.238020896911621,
      6.373403549194336
    ],
    [
      7.31455135345459,
      10.464385032653809,
      10.72488784790039,
      8.270904541015625,
      13.01860523223877,
      9.147616386413574,
      10.734762191772461,
      9.034565925598145,
      10.815582275390625,
      9.921231269836426,
      10.84540843963623,
      10.27811336517334,
      8.85994815826416,
      7.704657077789307,
      6.416440010070801,
      7.013082504272461,
      4.436981201171875,
      4.113498210906982
    ],
    [
      5.190533638000488,
      8.082842826843262,
      6.371437072753906,
      7.625140190124512,
      9.147616386413574,
      12.684925079345703,
      8.965963363647461,
      10.498291015625,
      7.920441150665283,
      8.176013946533203,
      6.3341145515441895,
      6.4200921058654785,
      5.687234401702881,
      5.334843635559082,
      5.1113200187683105,
      5.188327789306641,
      6.011435508728027,
      5.757765769958496
    ],
    [
      7.4087066650390625,
      14.015868186950684,
      12.770405769348145,
      11.479286193847656,
      10.734762191772461,
      8.965963363647461,
      21.578981399536133,
      16.69751739501953,
      15.392061233520508,
      14.681807518005371,
      13.73693561553955,
      14.742466926574707,
      9.553689956665039,
      8.737309455871582,
      5.835235595703125,
      7.181732654571533,
      4.866981029510498,
      4.670919418334961
    ],
    [
      5.7883830070495605,
      12.991026878356934,
      10.776276588439941,
      12.255563735961914,
      9.034565925598145,
      10.498291015625,
      16.69751739501953,
      20.921401977539062,
      12.044950485229492,
      13.58320140838623,
      10.870817184448242,
      12.550957679748535,
      8.77051067352295,
      8.032153129577637,
      5.6824870109558105,
      6.734985828399658,
      5.286867618560791,
      5.057933330535889
    ],
    [
      7.198016166687012,
      15.40828800201416,
      14.26884937286377,
      10.80434799194336,
      10.815582275390625,
      7.920441150665283,
      15.392061233520508,
      12.044950485229492,
      21.272661209106445,
      18.768817901611328,
      18.931020736694336,
      19.10199546813965,
      12.146242141723633,
      10.347213745117188,
      7.358339786529541,
      8.882339477539062,
      5.227392673492432,
      5.235806941986084
    ],
    [
      6.65371561050415,
      15.971993446350098,
      13.718771934509277,
      11.203776359558105,
      9.921231269836426,
      8.176013946533203,
      14.681807518005371,
      13.58320140838623,
      18.768817901611328,
      19.565855026245117,
      16.989765167236328,
      18.679243087768555,
      11.797226905822754,
      10.264668464660645,
      6.905662536621094,
      8.523385047912598,
      5.159632682800293,
      5.065778732299805
    ],
    [
      8.197657585144043,
      16.65328598022461,
      17.490161895751953,
      10.850887298583984,
      10.84540843963623,
      6.3341145515441895,
      13.73693561553955,
      10.870817184448242,
      18.931020736694336,
      16.989765167236328,
      24.45441436767578,
      23.511274337768555,
      14.841414451599121,
      12.4243803024292,
      7.540586948394775,
      9.427087783813477,
      3.0727946758270264,
      2.7902672290802
    ],
    [
      7.733466625213623,
      17.54281234741211,
      17.134214401245117,
      11.41496753692627,
      10.27811336517334,
      6.4200921058654785,
      14.742466926574707,
      12.550957679748535,
      19.10199546813965,
      18.679243087768555,
      23.511274337768555,
      25.912145614624023,
      14.547918319702148,
      13.612133026123047,
      7.031777858734131,
      9.947455406188965,
      2.7825000286102295,
      2.188425064086914
    ],
    [
      8.179769515991211,
      15.258418083190918,
      15.028923034667969,
      10.919486999511719,
      8.85994815826416,
      5.687234401702881,
      9.553689956665039,
      8.77051067352295,
      12.146242141723633,
      11.797226905822754,
      14.841414451599121,
      14.547918319702148,
      24.577770233154297,
      19.81099510192871,
      17.119728088378906,
      20.121917724609375,
      8.400687217712402,
      8.501720428466797
    ],
    [
      7.04984188079834,
      11.580955505371094,
      11.676612854003906,
      8.914084434509277,
      7.704657077789307,
      5.334843635559082,
      8.737309455871582,
      8.032153129577637,
      10.347213745117188,
      10.264668464660645,
      12.4243803024292,
      13.612133026123047,
      19.81099510192871,
      21.363988876342773,
      16.283035278320312,
      20.400882720947266,
      7.9293293952941895,
      7.53217887878418
    ],
    [
      5.564600467681885,
      10.825709342956543,
      9.229631423950195,
      7.940939903259277,
      6.416440010070801,
      5.1113200187683105,
      5.835235595703125,
      5.6824870109558105,
      7.358339786529541,
      6.905662536621094,
      7.540586948394775,
      7.031777858734131,
      17.119728088378906,
      16.283035278320312,
      23.975317001342773,
      23.235336303710938,
      13.215431213378906,
      14.311519622802734
    ],
    [
      6.712358474731445,
      12.242417335510254,
      10.843341827392578,
      9.190853118896484,
      7.013082504272461,
      5.188327789306641,
      7.181732654571533,
      6.734985828399658,
      8.882339477539062,
      8.523385047912598,
      9.427087783813477,
      9.947455406188965,
      20.121917724609375,
      20.400882720947266,
      23.235336303710938,
      27.80538558959961,
      12.874017715454102,
      13.244948387145996
    ],
    [
      4.366764545440674,
      7.350779056549072,
      3.4230263233184814,
      6.238020896911621,
      4.436981201171875,
      6.011435508728027,
      4.866981029510498,
      5.286867618560791,
      5.227392673492432,
      5.159632682800293,
      3.0727946758270264,
      2.7825000286102295,
      8.400687217712402,
      7.9293293952941895,
      13.215431213378906,
      12.874017715454102,
      22.615774154663086,
      21.31376838684082
    ],
    [
      4.210790634155273,
      8.669804573059082,
      3.822000741958618,
      6.373403549194336,
      4.113498210906982,
      5.757765769958496,
      4.670919418334961,
      5.057933330535889,
      5.235806941986084,
      5.065778732299805,
      2.7902672290802,
      2.188425064086914,
      8.501720428466797,
      7.53217887878418,
      14.311519622802734,
      13.244948387145996,
      21.31376838684082,
      24.503076553344727
    ]
  ],
  "covariance_short": [
    [
      59.844017028808594,
      30.945144653320312,
      29.6757869720459,
      7.678135395050049,
      8.83707046508789,
      6.373485565185547,
      7.942767143249512,
      6.487120151519775,
      10.87458610534668,
      10.739359855651855,
      11.73194408416748,
      12.898324966430664,
      13.551314353942871,
      13.593437194824219,
      10.849848747253418,
      12.442514419555664,
      9.296977996826172,
      9.876256942749023
    ],
    [
      30.945144653320312,
      47.603878021240234,
      27.751773834228516,
      18.393718719482422,
      14.413166999816895,
      12.150546073913574,
      14.924918174743652,
      14.370983123779297,
      16.436254501342773,
      17.485788345336914,
      17.916353225708008,
      19.61879539489746,
      20.21384620666504,
      17.75255584716797,
      16.022729873657227,
      17.281652450561523,
      17.878902435302734,
      14.862613677978516
    ],
    [
      29.6757869720459,
      27.751773834228516,
      44.502716064453125,
      19.967008590698242,
      17.1115665435791,
      11.72566032409668,
      16.499923706054688,
      13.692965507507324,
      17.240922927856445,
      17.017932891845703,
      19.06832504272461,
      19.654699325561523,
      21.773571014404297,
      17.942758560180664,
      17.548646926879883,
      18.001445770263672,
      19.11641502380371,
      16.481796264648438
    ],
    [
      7.678135395050049,
      18.393718719482422,
      19.967008590698242,
      34.295833587646484,
      17.18976402282715,
      18.20948600769043,
      18.481786727905273,
      20.11852264404297,
      14.55460262298584,
      15.958169937133789,
      13.860169410705566,
      15.617890357971191,
      15.638215065002441,
      14.100356101989746,
      12.656513214111328,
      14.062585830688477,
      13.931503295898438,
      11.769887924194336
    ],
    [
      8.83707046508789,
      14.413166999816895,
      17.1115665435791,
      17.18976402282715,
      30.596405029296875,
      22.181442260742188,
      22.33015251159668,
      20.410152435302734,
      19.06292152404785,
      17.7745304107666,
      18.706920623779297,
      17.505325317382812,
      15.401327133178711,
      13.288585662841797,
      10.961292266845703,
      11.17056941986084,
      11.661981582641602,
      10.5027494430542
    ],
    [
      6.373485565185547,
      12.150546073913574,
      11.72566032409668,
      18.20948600769043,
      22.181442260742188,
      30.575735092163086,
      20.08723258972168,
      22.994115829467773,
      15.493792533874512,
      16.941974639892578,
      12.641624450683594,
      13.70622730255127,
      10.701865196228027,
      10.588998794555664,
      7.8237738609313965,
      8.825185775756836,
      10.437748908996582,
      9.850638389587402
    ],
    [
      7.942767143249512,
      14.924918174743652,
      16.499923706054688,
      18.481786727905273,
      22.33015251159668,
      20.08723258972168,
      41.28266143798828,
      31.801424026489258,
      24.616085052490234,
      23.190109252929688,
      21.10642433166504,
      21.61334800720215,
      14.049138069152832,
      13.633679389953613,
      7.697264671325684,
      9.220415115356445,
      9.66160774230957,
      8.840231895446777
    ],
    [
      6.487120151519775,
      14.370983123779297,
      13.692965507507324,
      20.11852264404297,
      20.410152435302734,
      22.994115829467773,
      31.801424026489258,
      39.784603118896484,
      19.514745712280273,
      22.57978057861328,
      16.715782165527344,
      19.10138511657715,
      13.807671546936035,
      14.001506805419922,
      9.123841285705566,
      10.927366256713867,
      11.061415672302246,
      9.720270156860352
    ],
    [
      10.87458610534668,
      16.436254501342773,
      17.240922927856445,
      14.55460262298584,
      19.06292152404785,
      15.493792533874512,
      24.616085052490234,
      19.514745712280273,
      36.466339111328125,
      29.851518630981445,
      27.82918930053711,
      27.354673385620117,
      16.158599853515625,
      15.304719924926758,
      8.517328262329102,
      9.771397590637207,
      9.37690258026123,
      8.29600715637207
    ],
    [
      10.739359855651855,
      17.485788345336914,
      17.017932891845703,
      15.958169937133789,
      17.7745304107666,
      16.941974639892578,
      23.190109252929688,
      22.57978057861328,
      29.851518630981445,
      33.01677322387695,
      24.327442169189453,
      26.721843719482422,
      16.69252586364746,
      16.599855422973633,
      9.813971519470215,
      11.596394538879395,
      11.281134605407715,
      9.622706413269043
    ],
    [
      11.73194408416748,
      17.916353225708008,
      19.06832504272461,
      13.860169410705566,
      18.706920623779297,
      12.641624450683594,
      21.10642433166504,
      16.715782165527344,
      27.82918930053711,
      24.327442169189453,
      37.58915328979492,
      32.99831771850586,
      25.84494400024414,
      22.480693817138672,
      16.045751571655273,
      16.712648391723633,
      14.10810375213623,
      11.490129470825195
    ],
    [
      12.898324966430664,
      19.61879539489746,
      19.654699325561523,
      15.617890357971191,
      17.505325317382812,
      13.70622730255127,
      21.61334800720215,
      19.10138511657715,
      27.354673385620117,
      26.721843719482422,
      32.99831771850586,
      36.814422607421875,
      24.50188446044922,
      23.99748992919922,
      14.45205307006836,
      17.252229690551758,
      13.50350570678711,
      10.783604621887207
    ],
    [
      13.551314353942871,
      20.21384620666504,
      21.773571014404297,
      15.638215065002441,
      15.401327133178711,
      10.701865196228027,
      14.049138069152832,
      13.807671546936035,
      16.158599853515625,
      16.69252586364746,
      25.84494400024414,
      24.50188446044922,
      55.1708869934082,
      44.19178009033203,
      54.89812088012695,
      52.315574645996094,
      53.729331970214844,
      49.087921142578125
    ],
    [
      13.593437194824219,
      17.75255584716797,
      17.942758560180664,
      14.100356101989746,
      13.288585662841797,
      10.588998794555664,
      13.633679389953613,
      14.001506805419922,
      15.304719924926758,
      16.599855422973633,
      22.480693817138672,
      23.99748992919922,
      44.19178009033203,
      45.086669921875,
      46.54200744628906,
      48.368839263916016,
      45.09890365600586,
      42.09281921386719
    ],
    [
      10.849848747253418,
      16.022729873657227,
      17.548646926879883,
      12.656513214111328,
      10.961292266845703,
      7.8237738609313965,
      7.697264671325684,
      9.123841285705566,
      8.517328262329102,
      9.813971519470215,
      16.045751571655273,
      14.45205307006836,
      54.89812088012695,
      46.54200744628906,
      81.51367950439453,
      72.2071533203125,
      84.31010437011719,
      78.73229217529297
    ],
    [
      12.442514419555664,
      17.281652450561523,
      18.001445770263672,
      14.062585830688477,
      11.17056941986084,
      8.825185775756836,
      9.220415115356445,
      10.927366256713867,
      9.771397590637207,
      11.596394538879395,
      16.712648391723633,
      17.252229690551758,
      52.315574645996094,
      48.368839263916016,
      72.2071533203125,
      73.07440948486328,
      76.72840881347656,
      72.76759338378906
    ],
    [
      9.296977996826172,
      17.878902435302734,
      19.11641502380371,
      13.931503295898438,
      11.661981582641602,
      10.437748908996582,
      9.66160774230957,
      11.061415672302246,
      9.37690258026123,
      11.281134605407715,
      14.10810375213623,
      13.50350570678711,
      53.729331970214844,
      45.09890365600586,
      84.31010437011719,
      76.72840881347656,
      131.43951416015625,
      121.3381576538086
    ],
    [
      9.876256942749023,
      14.862613677978516,
      16.481796264648438,
      11.769887924194336,
      10.5027494430542,
      9.850638389587402,
      8.840231895446777,
      9.720270156860352,
      8.29600715637207,
      9.622706413269043,
      11.490129470825195,
      10.783604621887207,
      49.087921142578125,
      42.09281921386719,
      78.73229217529297,
      72.76759338378906,
      121.3381576538086,
      127.30143737792969
    ]
  ],
  "drr": 18.663766860961914,
  "dynamics": 2.6250851154327393,
  "format": 1245190,
  "frames": 10049472,
  "loudness": -8.511260032653809,
  "loudness_range": 6.225859642028809,
  "loudness_range_short": 12.034805297851562,
  "peak": 1.0357214212417603,
  "rms": -10.988694190979004,
  "sample_rate": 44100,
  "sections": 1,
  "seekable": 1,
  "sharpness": 3.197298765182495,
  "space": -10.16033935546875
}