{
  "bands": [
    {
      "high_freq": 148.1999969482422,
      "loudness": -33.950008392333984,
      "loudness_range": 18.643156051635742,
      "mid_mean": -32.3382682800293,
      "mid_to_side_loudness": -2.8238842487335205,
      "mid_to_side_loudness_range": 7.307934761047363,
      "side_mean": -34.55961227416992
    },
    {
      "high_freq": 392.3793640136719,
      "loudness": -31.834453582763672,
      "loudness_range": 21.41629409790039,
      "low_freq": 148.1999969482422,
      "mid_mean": -29.377904891967773,
      "mid_to_side_loudness": -7.393997669219971,
      "mid_to_side_loudness_range": 19.570356369018555,
      "side_mean": -37.182655334472656
    },
    {
      "high_freq": 794.6976318359375,
      "loudness": -34.289794921875,
      "loudness_range": 27.573095321655273,
      "low_freq": 392.3793640136719,
      "mid_mean": -31.129703521728516,
      "mid_to_side_loudness": -11.368534088134766,
      "mid_to_side_loudness_range": 19.572187423706055,
      "side_mean": -44.301795959472656
    },
    {
      "high_freq": 1457.5709228515625,
      "loudness": -43.01626968383789,
      "loudness_range": 29.25002098083496,
      "low_freq": 794.6976318359375,
      "mid_mean": -40.32619094848633,
      "mid_to_side_loudness": -9.450143814086914,
      "mid_to_side_loudness_range": 16.6038818359375,
      "side_mean": -51.740325927734375
    },
    {
      "high_freq": 2549.74365234375,
      "loudness": -45.183799743652344,
      "loudness_range": 25.236438751220703,
      "low_freq": 1457.5709228515625,
      "mid_mean": -43.221435546875,
      "mid_to_side_loudness": -6.450760841369629,
      "mid_to_side_loudness_range": 12.310413360595703,
      "side_mean": -51.17893981933594
    },
    {
      "high_freq": 4349.24462890625,
      "loudness": -46.12716293334961,
      "loudness_range": 20.576271057128906,
      "low_freq": 2549.74365234375,
      "mid_mean": -47.245758056640625,
      "mid_to_side_loudness": -1.5966720581054688,
      "mid_to_side_loudness_range": 4.1630539894104,
      "side_mean": -48.746673583984375
    },
    {
      "high_freq": 7314.1640625,
      "loudness": -48.67823791503906,
      "loudness_range": 32.53285598754883,
      "low_freq": 4349.24462890625,
      "mid_mean": -47.54306411743164,
      "mid_to_side_loudness": -0.560951292514801,
      "mid_to_side_loudness_range": 1.682858943939209,
      "side_mean": -48.051780700683594
    },
    {
      "high_freq": 12199.2666015625,
      "loudness": -41.92216491699219,
      "loudness_range": 29.754064559936523,
      "low_freq": 7314.1640625,
      "mid_mean": -42.88567352294922,
      "mid_to_side_loudness": 0.23867040872573853,
      "mid_to_side_loudness_range": 0.692130446434021,
      "side_mean": -42.89564514160156
    },
    {
      "loudness": -41.36527633666992,
      "loudness_range": 33.816802978515625,
      "low_freq": 12199.2666015625,
      "mid_mean": -42.055503845214844,
      "mid_to_side_loudness": 0.343132883310318,
      "mid_to_side_loudness_range": 1.0734612941741943,
      "side_mean": -41.79814910888672
    }
  ],
  "bands_short": [
    {
      "high_freq": 148.1999969482422,
      "loudness": -38.69033432006836,
      "loudness_range": 26.060089111328125,
      "mid_mean": -37.785499572753906,
      "mid_to_side_loudness": -1.7992852926254272,
      "mid_to_side_loudness_range": 10.5239839553833,
      "side_mean": -38.64274215698242
    },
    {
      "high_freq": 392.3793640136719,
      "loudness": -32.23558807373047,
      "loudness_range": 22.21368980407715,
      "low_freq": 148.1999969482422,
      "mid_mean": -29.709447860717773,
      "mid_to_side_loudness": -7.5527215003967285,
      "mid_to_side_loudness_range": 20.17723846435547,
      "side_mean": -37.740013122558594
    },
    {
      "high_freq": 794.6976318359375,
      "loudness": -36.45806884765625,
      "loudness_range": 31.121849060058594,
      "low_freq": 392.3793640136719,
      "mid_mean": -33.57938003540039,
      "mid_to_side_loudness": -10.727088928222656,
      "mid_to_side_loudness_range": 20.971378326416016,
      "side_mean": -46.12646484375
    },
    {
      "high_freq": 1457.5709228515625,
      "loudness": -44.77960205078125,
      "loudness_range": 32.287776947021484,
      "low_freq": 794.6976318359375,
      "mid_mean": -42.48991394042969,
      "mid_to_side_loudness": -8.989530563354492,
      "mid_to_side_loudness_range": 17.3112850189209,
      "side_mean": -53.4609375
    },
    {
      "high_freq": 2549.74365234375,
      "loudness": -48.08293151855469,
      "loudness_range": 29.98810577392578,
      "low_freq": 1457.5709228515625,
      "mid_mean": -46.868385314941406,
      "mid_to_side_loudness": -6.242602348327637,
      "mid_to_side_loudness_range": 13.158075332641602,
      "side_mean": -53.63487243652344
    },
    {
      "high_freq": 4349.24462890625,
      "loudness": -49.115047454833984,
      "loudness_range": 26.044292449951172,
      "low_freq": 2549.74365234375,
      "mid_mean": -49.60981750488281,
      "mid_to_side_loudness": -1.805161714553833,
      "mid_to_side_loudness_range": 5.190384387969971,
      "side_mean": -51.49725341796875
    },
    {
      "high_freq": 7314.1640625,
      "loudness": -51.4049072265625,
      "loudness_range": 31.61899185180664,
      "low_freq": 4349.24462890625,
      "mid_mean": -50.38527297973633,
      "mid_to_side_loudness": -0.6922947764396667,
      "mid_to_side_loudness_range": 2.6288840770721436,
      "side_mean": -50.995849609375
    },
    {
      "high_freq": 12199.2666015625,
      "loudness": -47.243896484375,
      "loudness_range": 34.772369384765625,
      "low_freq": 7314.1640625,
      "mid_mean": -46.48129653930664,
      "mid_to_side_loudness": 0.24784791469573975,
      "mid_to_side_loudness_range": 1.294287919998169,
      "side_mean": -46.248260498046875
    },
    {
      "loudness": -46.63853073120117,
      "loudness_range": 34.80515670776367,
      "low_freq": 12199.2666015625,
      "mid_mean": -45.99483108520508,
      "mid_to_side_loudness": 0.4366113543510437,
      "mid_to_side_loudness_range": 1.4840590953826904,
      "side_mean": -45.59392166137695
    }
  ],
  "channels": 2,
  "covariance": [
    [
      42.919368743896484,
      39.54204177856445,
      21.76972198486328,
      20.43348503112793,
      21.811952590942383,
      22.852399826049805,
      24.177719116210938,
      24.66095542907715,
      26.303049087524414,
      24.774812698364258,
      26.958803176879883,
      27.516765594482422,
      28.012670516967773,
      28.983619689941406,
      35.440486907958984,
      36.206546783447266,
      38.99760818481445,
      38.175662994384766
    ],
    [
      39.54204177856445,
      49.93718338012695,
      21.693212509155273,
      20.166479110717773,
      20.35090446472168,
      21.243572235107422,
      24.117496490478516,
      25.506567001342773,
      25.22040557861328,
      25.34817886352539,
      27.841144561767578,
      26.910497665405273,
      27.023086547851562,
      27.262296676635742,
      31.39418601989746,
      32.99247360229492,
      35.33761978149414,
      34.801795959472656
    ],
    [
      21.76972198486328,
      21.693212509155273,
      65.55242156982422,
      32.73151397705078,
      58.188472747802734,
      45.22189712524414,
      63.679141998291016,
      50.357810974121094,
      57.840904235839844,
      50.55127716064453,
      54.01454162597656,
      49.09944152832031,
      45.9765625,
      45.41209411621094,
      42.0057487487793,
      43.0104866027832,
      44.185115814208984,
      43.77702331542969
    ],
    [
      20.43348503112793,
      20.166479110717773,
      32.73151397705078,
      46.52047348022461,
      24.417770385742188,
      37.64670181274414,
      31.988941192626953,
      41.36707305908203,
      32.7241096496582,
      42.799617767333984,
      43.122249603271484,
      43.968177795410156,
      42.972679138183594,
      44.161739349365234,
      46.35921096801758,
      47.52473831176758,
      49.989437103271484,
      49.17753219604492
    ],
    [
      21.811952590942383,
      20.35090446472168,
      58.188472747802734,
      24.417770385742188,
      96.64347839355469,
      45.94144821166992,
      89.44619750976562,
      51.70771026611328,
      75.33199310302734,
      51.42655944824219,
      56.42970275878906,
      47.81983184814453,
      45.67137908935547,
      43.90766906738281,
      43.126991271972656,
      43.17976379394531,
      45.26819610595703,
      44.79419708251953
    ],
    [
      22.852399826049805,
      21.243572235107422,
      45.22189712524414,
      37.64670181274414,
      45.94144821166992,
      52.76631546020508,
      53.67535400390625,
      54.91632843017578,
      53.24801254272461,
      56.01078796386719,
      59.08652114868164,
      56.410614013671875,
      54.75067901611328,
      54.6602897644043,
      56.052974700927734,
      56.6152229309082,
      58.87495422363281,
      58.09147262573242
    ],
    [
      24.177719116210938,
      24.117496490478516,
      63.679141998291016,
      31.988941192626953,
      89.44619750976562,
      53.67535400390625,
      108.63105773925781,
      63.556793212890625,
      85.34207916259766,
      61.111080169677734,
      65.35591888427734,
      55.357093811035156,
      52.39884948730469,
      50.2637825012207,
      49.226898193359375,
      49.32549285888672,
      51.443599700927734,
      50.96248245239258
    ],
    [
      24.66095542907715,
      25.506567001342773,
      50.357810974121094,
      41.36707305908203,
      51.70771026611328,
      54.91632843017578,
      63.556793212890625,
      73.05216217041016,
      61.65962600708008,
      72.36837005615234,
      71.55561065673828,
      67.80684661865234,
      65.57723236083984,
      65.04733276367188,
      62.907623291015625,
      65.72628021240234,
      67.67879486083984,
      67.35161590576172
    ],
    [
      26.303049087524414,
      25.22040557861328,
      57.840904235839844,
      32.7241096496582,
      75.33199310302734,
      53.24801254272461,
      85.34207916259766,
      61.65962600708008,
      90.5708236694336,
      65.27210235595703,
      69.15801239013672,
      60.481143951416016,
      58.27668380737305,
      56.76679992675781,
      57.67774200439453,
      57.36591339111328,
      60.121612548828125,
      59.36674880981445
    ],
    [
      24.774812698364258,
      25.34817886352539,
      50.55127716064453,
      42.799617767333984,
      51.42655944824219,
      56.01078796386719,
      61.111080169677734,
      72.36837005615234,
      65.27210235595703,
      80.20735931396484,
      80.68824768066406,
      77.82808685302734,
      75.56932067871094,
      75.518798828125,
      74.3134994506836,
      76.97311401367188,
      79.51982879638672,
      78.83736419677734
    ],
    [
      26.958803176879883,
      27.841144561767578,
      54.01454162597656,
      43.122249603271484,
      56.42970275878906,
      59.08652114868164,
      65.35591888427734,
      71.55561065673828,
      69.15801239013672,
      80.68824768066406,
      91.66574096679688,
      88.27754974365234,
      86.60140991210938,
      86.47718811035156,
      89.39632415771484,
      92.24442291259766,
      95.38334655761719,
      94.45144653320312
    ],
    [
      27.516765594482422,
      26.910497665405273,
      49.09944152832031,
      43.968177795410156,
      47.81983184814453,
      56.410614013671875,
      55.357093811035156,
      67.80684661865234,
      60.481143951416016,
      77.82808685302734,
      88.27754974365234,
      89.115966796875,
      87.88050079345703,
      88.81339263916016,
      92.71878814697266,
      95.37335205078125,
      98.66143035888672,
      97.4764633178711
    ],
    [
      28.012670516967773,
      27.023086547851562,
      45.9765625,
      42.972679138183594,
      45.67137908935547,
      54.75067901611328,
      52.39884948730469,
      65.57723236083984,
      58.27668380737305,
      75.56932067871094,
      86.60140991210938,
      87.88050079345703,
      90.14541625976562,
      91.02753448486328,
      98.46929931640625,
      100.83512878417969,
      105.56464385986328,
      104.27293395996094
    ],
    [
      28.983619689941406,
      27.262296676635742,
      45.41209411621094,
      44.161739349365234,
      43.90766906738281,
      54.6602897644043,
      50.2637825012207,
      65.04733276367188,
      56.76679992675781,
      75.518798828125,
      86.47718811035156,
      88.81339263916016,
      91.02753448486328,
      92.58638000488281,
      100.65611267089844,
      102.99847412109375,
      107.92794036865234,
      106.51483917236328
    ],
    [
      35.440486907958984,
      31.39418601989746,
      42.0057487487793,
      46.35921096801758,
      43.126991271972656,
      56.052974700927734,
      49.226898193359375,
      62.907623291015625,
      57.67774200439453,
      74.3134994506836,
      89.39632415771484,
      92.71878814697266,
      98.46929931640625,
      100.65611267089844,
      128.8546142578125,
      128.03091430664062,
      136.66448974609375,
      134.1035614013672
    ],
    [
      36.206546783447266,
      32.99247360229492,
      43.0104866027832,
      47.52473831176758,
      43.17976379394531,
      56.6152229309082,
      49.32549285888672,
      65.72628021240234,
      57.36591339111328,
      76.97311401367188,
      92.24442291259766,
      95.37335205078125,
      100.83512878417969,
      102.99847412109375,
      128.03091430664062,
      130.61676025390625,
      138.58786010742188,
      136.42242431640625
    ],
    [
      38.99760818481445,
      35.33761978149414,
      44.185115814208984,
      49.989437103271484,
      45.26819610595703,
      58.87495422363281,
      51.443599700927734,
      67.67879486083984,
      60.121612548828125,
      79.51982879638672,
      95.38334655761719,
      98.66143035888672,
      105.56464385986328,
      107.92794036865234,
      136.66448974609375,
      138.58786010742188,
      150.0532989501953,
      147.17018127441406
    ],
    [
      38.175662994384766,
      34.801795959472656,
      43.77702331542969,
      49.17753219604492,
      44.79419708251953,
      58.09147262573242,
      50.96248245239258,
      67.35161590576172,
      59.36674880981445,
      78.83736419677734,
      94.45144653320312,
      97.4764633178711,
      104.27293395996094,
      106.51483917236328,
      134.1035614013672,
      136.42242431640625,
      147.17018127441406,
      145.11170959472656
    ]
  ],
  "covariance_short": [
    [
      81.88811492919922,
      76.46276092529297,
      36.84961700439453,
      38.69585418701172,
      29.798173904418945,
      31.97768211364746,
      33.62070846557617,
      34.720455169677734,
      38.58489227294922,
      32.921382904052734,
      36.6650390625,
      35.26401901245117,
      35.940006256103516,
      36.4864387512207,
      46.81684112548828,
      46.499229431152344,
      48.8824462890625,
      47.80174255371094
    ],
    [
      76.46276092529297,
      94.38359832763672,
      33.58152770996094,
      36.542850494384766,
      26.316129684448242,
      29.33539390563965,
      30.861608505249023,
      32.430992126464844,
      36.28050231933594,
      31.358713150024414,
      34.91841506958008,
      32.92778778076172,
      33.2309455871582,
      33.49919128417969,
      43.365230560302734,
      43.064552307128906,
      45.48338317871094,
      44.56868362426758
    ],
    [
      36.84961700439453,
      33.58152770996094,
      68.04389953613281,
      36.52444076538086,
      66.7391586303711,
      50.087154388427734,
      70.2200698852539,
      55.89628219604492,
      69.04828643798828,
      50.760337829589844,
      51.828468322753906,
      45.392295837402344,
      43.18907165527344,
      42.266265869140625,
      42.33997344970703,
      42.01586151123047,
      42.1628532409668,
      41.462310791015625
    ],
    [
      38.69585418701172,
      36.542850494384766,
      36.52444076538086,
      52.80817794799805,
      27.62322425842285,
      37.554805755615234,
      33.838565826416016,
      41.0329475402832,
      38.11650848388672,
      38.073455810546875,
      37.861839294433594,
      37.5226936340332,
      37.00214385986328,
      37.60107421875,
      42.94873046875,
      42.689903259277344,
      44.3594856262207,
      43.40038299560547
    ],
    [
      29.798173904418945,
      26.316129684448242,
      66.7391586303711,
      27.62322425842285,
      131.6485595703125,
      64.58751678466797,
      120.0037841796875,
      72.34893798828125,
      106.1457748413086,
      66.98877716064453,
      70.15174865722656,
      57.37251663208008,
      55.49789047241211,
      52.88056182861328,
      54.905155181884766,
      54.60897445678711,
      56.42974853515625,
      55.73278045654297
    ],
    [
      31.97768211364746,
      29.33539390563965,
      50.087154388427734,
      37.554805755615234,
      64.58751678466797,
      67.1440200805664,
      70.37538146972656,
      65.85564422607422,
      74.1912612915039,
      62.10964584350586,
      64.74519348144531,
      59.67438888549805,
      57.89028549194336,
      57.1731071472168,
      60.70216751098633,
      60.2690315246582,
      61.1711540222168,
      60.0277099609375
    ],
    [
      33.62070846557617,
      30.861608505249023,
      70.2200698852539,
      33.838565826416016,
      120.0037841796875,
      70.37538146972656,
      139.46170043945312,
      84.11055755615234,
      115.78533935546875,
      76.55701446533203,
      79.33515167236328,
      65.44087219238281,
      62.93318557739258,
      59.94740295410156,
      62.24321365356445,
      61.85374069213867,
      63.69934844970703,
      62.959041595458984
    ],
    [
      34.720455169677734,
      32.430992126464844,
      55.89628219604492,
      41.0329475402832,
      72.34893798828125,
      65.85564422607422,
      84.11055755615234,
      85.85537719726562,
      87.90934753417969,
      78.83525085449219,
      79.63800048828125,
      75.68538665771484,
      73.21057891845703,
      71.79177856445312,
      71.95117950439453,
      71.3706283569336,
      71.96822357177734,
      70.69233703613281
    ],
    [
      38.58489227294922,
      36.28050231933594,
      69.04828643798828,
      38.11650848388672,
      106.1457748413086,
      74.1912612915039,
      115.78533935546875,
      87.90934753417969,
      127.28034210205078,
      89.84325408935547,
      93.29927825927734,
      80.92829895019531,
      77.75267791748047,
      75.4655990600586,
      79.56024169921875,
      79.01738739013672,
      80.37698364257812,
      79.00559997558594
    ],
    [
      32.921382904052734,
      31.358713150024414,
      50.760337829589844,
      38.073455810546875,
      66.98877716064453,
      62.10964584350586,
      76.55701446533203,
      78.83525085449219,
      89.84325408935547,
      84.35066986083984,
      85.57398986816406,
      82.95706176757812,
      80.24588012695312,
      79.28277587890625,
      79.72666931152344,
      79.10116577148438,
      79.65487670898438,
      78.10448455810547
    ],
    [
      36.6650390625,
      34.91841506958008,
      51.828468322753906,
      37.861839294433594,
      70.15174865722656,
      64.74519348144531,
      79.33515167236328,
      79.63800048828125,
      93.29927825927734,
      85.57398986816406,
      98.520263671875,
      92.8896713256836,
      90.59869384765625,
      89.74325561523438,
      98.6749038696289,
      97.9034194946289,
      99.05318450927734,
      97.06330108642578
    ],
    [
      35.26401901245117,
      32.92778778076172,
      45.392295837402344,
      37.5226936340332,
      57.37251663208008,
      59.67438888549805,
      65.44087219238281,
      75.68538665771484,
      80.92829895019531,
      82.95706176757812,
      92.8896713256836,
      95.3725357055664,
      93.76536560058594,
      94.00825500488281,
      100.6722640991211,
      99.89141082763672,
      101.03361511230469,
      98.82102966308594
    ],
    [
      35.940006256103516,
      33.2309455871582,
      43.18907165527344,
      37.00214385986328,
      55.49789047241211,
      57.89028549194336,
      62.93318557739258,
      73.21057891845703,
      77.75267791748047,
      80.24588012695312,
      90.59869384765625,
      93.76536560058594,
      96.70285034179688,
      96.74063873291016,
      106.94937133789062,
      106.17586517333984,
      108.64171600341797,
      106.33061981201172
    ],
    [
      36.4864387512207,
      33.49919128417969,
      42.266265869140625,
      37.60107421875,
      52.88056182861328,
      57.1731071472168,
      59.94740295410156,
      71.79177856445312,
      75.4655990600586,
      79.28277587890625,
      89.74325561523438,
      94.00825500488281,
      96.74063873291016,
      97.88352966308594,
      108.71981048583984,
      107.94407653808594,
      110.5367202758789,
      108.10074615478516
    ],
    [
      46.81684112548828,
      43.365230560302734,
      42.33997344970703,
      42.94873046875,
      54.905155181884766,
      60.70216751098633,
      62.24321365356445,
      71.95117950439453,
      79.56024169921875,
      79.72666931152344,
      98.6749038696289,
      100.6722640991211,
      106.94937133789062,
      108.71981048583984,
      145.23915100097656,
      144.2516326904297,
      151.5579833984375,
      148.22328186035156
    ],
    [
      46.499229431152344,
      43.064552307128906,
      42.01586151123047,
      42.689903259277344,
      54.60897445678711,
      60.2690315246582,
      61.85374069213867,
      71.3706283569336,
      79.01738739013672,
      79.10116577148438,
      97.9034194946289,
      99.89141082763672,
      106.17586517333984,
      107.94407653808594,
      144.2516326904297,
      143.46829223632812,
      150.69796752929688,
      147.39453125
    ],
    [
      48.8824462890625,
      45.48338317871094,
      42.1628532409668,
      44.3594856262207,
      56.42974853515625,
      61.1711540222168,
      63.69934844970703,
      71.96822357177734,
      80.37698364257812,
      79.65487670898438,
      99.05318450927734,
      101.03361511230469,
      108.64171600341797,
      110.5367202758789,
      151.5579833984375,
      150.69796752929688,
      161.62396240234375,
      158.14639282226562
    ],
    [
      47.80174255371094,
      44.56868362426758,
      41.462310791015625,
      43.40038299560547,
      55.73278045654297,
      60.0277099609375,
      62.959041595458984,
      70.69233703613281,
      79.00559997558594,
      78.10448455810547,
      97.06330108642578,
      98.82102966308594,
      106.33061981201172,
      108.10074615478516,
      148.22328186035156,
      147.39453125,
      158.14639282226562,
      154.90943908691406
    ]
  ],
  "drr": 12.377167701721191,
  "dynamics": 5.2991228103637695,
  "format": 1245190,
  "frames": 12916736,
  "loudness": -21.30637550354004,
  "loudness_range": 16.763330459594727,
  "loudness_range_short": 22.0058650970459,
  "peak": 0.2664548456668854,
  "rms": -22.077245712280273,
  "sample_rate": 44100,
  "sections": 1,
  "seekable": 1,
  "sharpness": 4.93278694152832,
  "space": -5.946268558502197
}