{
  "bands": [
    {
      "high_freq": 148.1999969482422,
      "loudness": -43.071861267089844,
      "loudness_range": 26.068212509155273,
      "mid_mean": -40.408546447753906,
      "mid_to_side_loudness": -7.749704360961914,
      "mid_to_side_loudness_range": 10.571388244628906,
      "side_mean": -48.60801315307617
    },
    {
      "high_freq": 392.3793640136719,
      "loudness": -30.076688766479492,
      "loudness_range": 19.00979995727539,
      "low_freq": 148.1999969482422,
      "mid_mean": -27.714672088623047,
      "mid_to_side_loudness": -5.250762939453125,
      "mid_to_side_loudness_range": 8.428071975708008,
      "side_mean": -33.22480392456055
    },
    {
      "high_freq": 794.6976318359375,
      "loudness": -31.34375762939453,
      "loudness_range": 21.0048885345459,
      "low_freq": 392.3793640136719,
      "mid_mean": -28.458412170410156,
      "mid_to_side_loudness": -8.053714752197266,
      "mid_to_side_loudness_range": 7.828503608703613,
      "side_mean": -36.41828155517578
    },
    {
      "high_freq": 1457.5709228515625,
      "loudness": -34.380863189697266,
      "loudness_range": 23.489261627197266,
      "low_freq": 794.6976318359375,
      "mid_mean": -31.56082534790039,
      "mid_to_side_loudness": -7.685726165771484,
      "mid_to_side_loudness_range": 9.563358306884766,
      "side_mean": -39.326473236083984
    },
    {
      "high_freq": 2549.74365234375,
      "loudness": -37.64530944824219,
      "loudness_range": 23.465648651123047,
      "low_freq": 1457.5709228515625,
      "mid_mean": -34.6303596496582,
      "mid_to_side_loudness": -9.070837020874023,
      "mid_to_side_loudness_range": 7.249401569366455,
      "side_mean": -43.862606048583984
    },
    {
      "high_freq": 4349.24462890625,
      "loudness": -38.41640853881836,
      "loudness_range": 26.43114471435547,
      "low_freq": 2549.74365234375,
      "mid_mean": -35.46003723144531,
      "mid_to_side_loudness": -10.289095878601074,
      "mid_to_side_loudness_range": 7.290809154510498,
      "side_mean": -46.25310134887695
    },
    {
      "high_freq": 7314.1640625,
      "loudness": -51.10047149658203,
      "loudness_range": 29.02550506591797,
      "low_freq": 4349.24462890625,
      "mid_mean": -50.04130935668945,
      "mid_to_side_loudness": -10.23863410949707,
      "mid_to_side_loudness_range": 6.3428874015808105,
      "side_mean": -58.627010345458984
    },
    {
      "high_freq": 12199.2666015625,
      "loudness": -61.16190719604492,
      "loudness_range": 27.976421356201172,
      "low_freq": 7314.1640625,
      "mid_mean": -59.45137405395508,
      "mid_to_side_loudness": -8.187358856201172,
      "mid_to_side_loudness_range": 6.750787734985352,
      "side_mean": -64.90508270263672
    },
    {
      "loudness": -71.50885772705078,
      "loudness_range": 27.742443084716797,
      "low_freq": 12199.2666015625,
      "mid_mean": -64.6458740234375,
      "mid_to_side_loudness": -7.721710681915283,
      "mid_to_side_loudness_range": 5.24216365814209,
      "side_mean": -67.97172546386719
    }
  ],
  "bands_short": [
    {
      "high_freq": 148.1999969482422,
      "loudness": -48.92063903808594,
      "loudness_range": 27.036277770996094,
      "mid_mean": -46.35639953613281,
      "mid_to_side_loudness": -9.276947021484375,
      "mid_to_side_loudness_range": 14.004541397094727,
      "side_mean": -55.82981491088867
    },
    {
      "high_freq": 392.3793640136719,
      "loudness": -31.021137237548828,
      "loudness_range": 20.30590057373047,
      "low_freq": 148.1999969482422,
      "mid_mean": -28.743837356567383,
      "mid_to_side_loudness": -5.074434280395508,
      "mid_to_side_loudness_range": 9.753199577331543,
      "side_mean": -34.04643249511719
    },
    {
      "high_freq": 794.6976318359375,
      "loudness": -30.92684555053711,
      "loudness_range": 21.181766510009766,
      "low_freq": 392.3793640136719,
      "mid_mean": -28.21704864501953,
      "mid_to_side_loudness": -7.599404811859131,
      "mid_to_side_loudness_range": 10.902795791625977,
      "side_mean": -35.70539855957031
    },
    {
      "high_freq": 1457.5709228515625,
      "loudness": -34.46920394897461,
      "loudness_range": 24.15816879272461,
      "low_freq": 794.6976318359375,
      "mid_mean": -31.770896911621094,
      "mid_to_side_loudness": -7.625242710113525,
      "mid_to_side_loudness_range": 13.228730201721191,
      "side_mean": -39.51854705810547
    },
    {
      "high_freq": 2549.74365234375,
      "loudness": -38.354373931884766,
      "loudness_range": 24.424217224121094,
      "low_freq": 1457.5709228515625,
      "mid_mean": -35.52068328857422,
      "mid_to_side_loudness": -8.8250093460083,
      "mid_to_side_loudness_range": 10.75634765625,
      "side_mean": -44.44769287109375
    },
    {
      "high_freq": 4349.24462890625,
      "loudness": -39.08462905883789,
      "loudness_range": 27.038888931274414,
      "low_freq": 2549.74365234375,
      "mid_mean": -36.23343276977539,
      "mid_to_side_loudness": -9.979119300842285,
      "mid_to_side_loudness_range": 10.249360084533691,
      "side_mean": -46.79246139526367
    },
    {
      "high_freq": 7314.1640625,
      "loudness": -51.75337600708008,
      "loudness_range": 29.760784149169922,
      "low_freq": 4349.24462890625,
      "mid_mean": -50.632957458496094,
      "mid_to_side_loudness": -10.035847663879395,
      "mid_to_side_loudness_range": 8.388566970825195,
      "side_mean": -58.95690155029297
    },
    {
      "high_freq": 12199.2666015625,
      "loudness": -61.63567352294922,
      "loudness_range": 28.518760681152344,
      "low_freq": 7314.1640625,
      "mid_mean": -59.9401969909668,
      "mid_to_side_loudness": -8.080024719238281,
      "mid_to_side_loudness_range": 7.63978910446167,
      "side_mean": -65.158447265625
    },
    {
      "loudness": -71.59495544433594,
      "loudness_range": 27.493541717529297,
      "low_freq": 12199.2666015625,
      "mid_mean": -64.88082885742188,
      "mid_to_side_loudness": -7.6593427658081055,
      "mid_to_side_loudness_range": 5.935001373291016,
      "side_mean": -68.04651641845703
    }
  ],
  "channels": 2,
  "covariance": [
    [
      81.57527160644531,
      73.30779266357422,
      28.402572631835938,
      26.868255615234375,
      29.116668701171875,
      26.320539474487305,
      27.05405616760254,
      26.328624725341797,
      29.351272583007812,
      30.73145866394043,
      35.30236053466797,
      39.68153381347656,
      44.718589782714844,
      34.09471130371094,
      33.002716064453125,
      18.790945053100586,
      20.116455078125,
      9.135748863220215
    ],
    [
      73.30779266357422,
      88.0485610961914,
      33.01988983154297,
      31.509828567504883,
      33.846370697021484,
      30.855432510375977,
      27.396770477294922,
      25.208843231201172,
      30.646835327148438,
      32.13883590698242,
      37.04271697998047,
      41.33609390258789,
      49.7807502746582,
      37.47697830200195,
      35.49530792236328,
      20.085187911987305,
      21.431453704833984,
      9.512727737426758
    ],
    [
      28.402572631835938,
      33.01988983154297,
      48.35955047607422,
      39.155269622802734,
      34.70844268798828,
      33.51457214355469,
      26.684125900268555,
      25.457515716552734,
      23.859743118286133,
      23.543018341064453,
      19.44043731689453,
      24.38720703125,
      30.221303939819336,
      23.28837013244629,
      17.14682388305664,
      10.186176300048828,
      10.710870742797852,
      4.663325309753418
    ],
    [
      26.868255615234375,
      31.509828567504883,
      39.155269622802734,
      42.76559066772461,
      31.50920295715332,
      30.207923889160156,
      24.46202278137207,
      24.186426162719727,
      23.07386016845703,
      23.216506958007812,
      21.48711395263672,
      26.65972137451172,
      33.08702850341797,
      25.2230224609375,
      19.63745880126953,
      11.556000709533691,
      12.38564395904541,
      5.633026123046875
    ],
    [
      29.116668701171875,
      33.846370697021484,
      34.70844268798828,
      31.50920295715332,
      56.08266830444336,
      51.864253997802734,
      36.08700942993164,
      33.56316375732422,
      33.986671447753906,
      33.06199645996094,
      34.28107833862305,
      37.941707611083984,
      45.07400131225586,
      33.85979461669922,
      30.739578247070312,
      17.770837783813477,
      17.803510665893555,
      7.768731117248535
    ],
    [
      26.320539474487305,
      30.855432510375977,
      33.51457214355469,
      30.207923889160156,
      51.864253997802734,
      58.43832015991211,
      35.180511474609375,
      34.08829879760742,
      34.38938903808594,
      33.55775833129883,
      34.05544662475586,
      37.422760009765625,
      44.35609817504883,
      33.07240676879883,
      29.788543701171875,
      17.09952735900879,
      16.783029556274414,
      7.206822395324707
    ],
    [
      27.05405616760254,
      27.396770477294922,
      26.684125900268555,
      24.46202278137207,
      36.08700942993164,
      35.180511474609375,
      67.57112884521484,
      56.284820556640625,
      34.73444747924805,
      35.70042419433594,
      38.910762786865234,
      40.92804718017578,
      55.03462219238281,
      42.83391571044922,
      41.677513122558594,
      25.20253562927246,
      27.392982482910156,
      12.492170333862305
    ],
    [
      26.328624725341797,
      25.208843231201172,
      25.457515716552734,
      24.186426162719727,
      33.56316375732422,
      34.08829879760742,
      56.284820556640625,
      58.912109375,
      35.689208984375,
      36.19432830810547,
      39.80497360229492,
      42.07711410522461,
      53.31616973876953,
      41.68470001220703,
      41.03160858154297,
      24.776229858398438,
      26.725444793701172,
      12.212053298950195
    ],
    [
      29.351272583007812,
      30.646835327148438,
      23.859743118286133,
      23.07386016845703,
      33.986671447753906,
      34.38938903808594,
      34.73444747924805,
      35.689208984375,
      70.5939712524414,
      63.50556182861328,
      59.26544952392578,
      61.9632453918457,
      67.839599609375,
      53.85414505004883,
      51.69111251831055,
      29.633216857910156,
      29.54011344909668,
      12.678792953491211
    ],
    [
      30.73145866394043,
      32.13883590698242,
      23.543018341064453,
      23.216506958007812,
      33.06199645996094,
      33.55775833129883,
      35.70042419433594,
      36.19432830810547,
      63.50556182861328,
      64.94908142089844,
      58.24663162231445,
      61.721336364746094,
      68.15108489990234,
      54.11623001098633,
      52.66913604736328,
      30.337186813354492,
      30.564058303833008,
      13.197590827941895
    ],
    [
      35.30236053466797,
      37.04271697998047,
      19.44043731689453,
      21.48711395263672,
      34.28107833862305,
      34.05544662475586,
      38.910762786865234,
      39.80497360229492,
      59.26544952392578,
      58.24663162231445,
      83.9272689819336,
      78.86522674560547,
      79.74838256835938,
      64.69055938720703,
      68.40401458740234,
      40.21040344238281,
      41.88718032836914,
      18.854782104492188
    ],
    [
      39.68153381347656,
      41.33609390258789,
      24.38720703125,
      26.65972137451172,
      37.941707611083984,
      37.422760009765625,
      40.92804718017578,
      42.07711410522461,
      61.9632453918457,
      61.721336364746094,
      78.86522674560547,
      85.45848846435547,
      83.87883758544922,
      66.98355865478516,
      69.54835510253906,
      40.709129333496094,
      42.23805236816406,
      18.971118927001953
    ],
    [
      44.718589782714844,
      49.7807502746582,
      30.221303939819336,
      33.08702850341797,
      45.07400131225586,
      44.35609817504883,
      55.03462219238281,
      53.31616973876953,
      67.839599609375,
      68.15108489990234,
      79.74838256835938,
      83.87883758544922,
      121.23970031738281,
      90.1613998413086,
      88.06623077392578,
      50.55364227294922,
      53.70707702636719,
      24.130125045776367
    ],
    [
      34.09471130371094,
      37.47697830200195,
      23.28837013244629,
      25.2230224609375,
      33.85979461669922,
      33.07240676879883,
      42.83391571044922,
      41.68470001220703,
      53.85414505004883,
      54.11623001098633,
      64.69055938720703,
      66.98355865478516,
      90.1613998413086,
      70.80431365966797,
      69.58512115478516,
      41.041709899902344,
      44.04056167602539,
      20.163352966308594
    ],
    [
      33.002716064453125,
      35.49530792236328,
      17.14682388305664,
      19.63745880126953,
      30.739578247070312,
      29.788543701171875,
      41.677513122558594,
      41.03160858154297,
      51.69111251831055,
      52.66913604736328,
      68.40401458740234,
      69.54835510253906,
      88.06623077392578,
      69.58512115478516,
      77.55573272705078,
      46.36628341674805,
      49.534297943115234,
      23.016464233398438
    ],
    [
      18.790945053100586,
      20.085187911987305,
      10.186176300048828,
      11.556000709533691,
      17.770837783813477,
      17.09952735900879,
      25.20253562927246,
      24.776229858398438,
      29.633216857910156,
      30.337186813354492,
      40.21040344238281,
      40.709129333496094,
      50.55364227294922,
      41.041709899902344,
      46.36628341674805,
      29.237037658691406,
      31.209733963012695,
      15.015616416931152
    ],
    [
      20.116455078125,
      21.431453704833984,
      10.710870742797852,
      12.38564395904541,
      17.803510665893555,
      16.783029556274414,
      27.392982482910156,
      26.725444793701172,
      29.54011344909668,
      30.564058303833008,
      41.88718032836914,
      42.23805236816406,
      53.70707702636719,
      44.04056167602539,
      49.534297943115234,
      31.209733963012695,
      35.920841217041016,
      17.568267822265625
    ],
    [
      9.135748863220215,
      9.512727737426758,
      4.663325309753418,
      5.633026123046875,
      7.768731117248535,
      7.206822395324707,
      12.492170333862305,
      12.212053298950195,
      12.678792953491211,
      13.197590827941895,
      18.854782104492188,
      18.971118927001953,
      24.130125045776367,
      20.163352966308594,
      23.016464233398438,
      15.015616416931152,
      17.568267822265625,
      9.08226490020752
    ]
  ],
  "covariance_short": [
    [
      93.69886779785156,
      67.92168426513672,
      34.048831939697266,
      32.68457794189453,
      26.089237213134766,
      23.513853073120117,
      26.6749210357666,
      25.317935943603516,
      28.07767105102539,
      28.06549644470215,
      27.249046325683594,
      32.7296142578125,
      38.265377044677734,
      29.183029174804688,
      25.36517906188965,
      13.635062217712402,
      14.942639350891113,
      6.5731096267700195
    ],
    [
      67.92168426513672,
      70.85317993164062,
      31.917768478393555,
      31.3606014251709,
      26.541303634643555,
      22.89879608154297,
      24.9722843170166,
      23.293214797973633,
      25.83453369140625,
      26.289899826049805,
      25.89527130126953,
      29.445613861083984,
      41.917938232421875,
      31.207990646362305,
      27.253585815429688,
      15.156905174255371,
      16.914091110229492,
      7.492739677429199
    ],
    [
      34.048831939697266,
      31.917768478393555,
      53.99934005737305,
      42.9598503112793,
      37.44654846191406,
      34.291404724121094,
      29.5281982421875,
      28.133764266967773,
      25.64775848388672,
      24.724853515625,
      22.01193618774414,
      27.31756019592285,
      31.456695556640625,
      24.392730712890625,
      18.67481803894043,
      11.134221076965332,
      11.888208389282227,
      5.342990875244141
    ],
    [
      32.68457794189453,
      31.3606014251709,
      42.9598503112793,
      48.142608642578125,
      33.21605682373047,
      31.951623916625977,
      26.51259422302246,
      26.297449111938477,
      25.053451538085938,
      24.720333099365234,
      24.39617347717285,
      29.763980865478516,
      34.83935546875,
      26.710844039916992,
      21.539133071899414,
      12.640716552734375,
      13.718606948852539,
      6.318542003631592
    ],
    [
      26.089237213134766,
      26.541303634643555,
      37.44654846191406,
      33.21605682373047,
      58.277347564697266,
      48.6226692199707,
      34.581024169921875,
      31.86050033569336,
      33.35974884033203,
      32.62122344970703,
      31.766754150390625,
      36.99739456176758,
      42.48457336425781,
      31.897350311279297,
      27.916467666625977,
      16.041521072387695,
      16.04656219482422,
      7.004992485046387
    ],
    [
      23.513853073120117,
      22.89879608154297,
      34.291404724121094,
      31.951623916625977,
      48.6226692199707,
      56.77826690673828,
      32.62838363647461,
      31.493799209594727,
      33.25228500366211,
      32.55875778198242,
      30.233585357666016,
      35.77661895751953,
      40.47838592529297,
      30.242292404174805,
      26.009111404418945,
      14.755590438842773,
      14.466907501220703,
      6.2225751876831055
    ],
    [
      26.6749210357666,
      24.9722843170166,
      29.5281982421875,
      26.51259422302246,
      34.581024169921875,
      32.62838363647461,
      71.20376586914062,
      55.44282150268555,
      37.24702453613281,
      37.507625579833984,
      39.9776496887207,
      42.426246643066406,
      55.241268157958984,
      42.92759704589844,
      41.268157958984375,
      24.67201805114746,
      26.874448776245117,
      12.285402297973633
    ],
    [
      25.317935943603516,
      23.293214797973633,
      28.133764266967773,
      26.297449111938477,
      31.86050033569336,
      31.493799209594727,
      55.44282150268555,
      64.29534149169922,
      38.742759704589844,
      38.83247756958008,
      40.71150588989258,
      43.83656692504883,
      54.3283576965332,
      42.54930877685547,
      41.277976989746094,
      24.603679656982422,
      26.27531623840332,
      12.008377075195312
    ],
    [
      28.07767105102539,
      25.83453369140625,
      25.64775848388672,
      25.053451538085938,
      33.35974884033203,
      33.25228500366211,
      37.24702453613281,
      38.742759704589844,
      76.38453674316406,
      64.26839447021484,
      59.67906951904297,
      61.842281341552734,
      68.58440399169922,
      53.94660949707031,
      51.235294342041016,
      29.259008407592773,
      29.29947280883789,
      12.66158676147461
    ],
    [
      28.06549644470215,
      26.289899826049805,
      24.724853515625,
      24.720333099365234,
      32.62122344970703,
      32.55875778198242,
      37.507625579833984,
      38.83247756958008,
      64.26839447021484,
      69.02710723876953,
      57.43513870239258,
      61.62418746948242,
      67.39747619628906,
      53.415061950683594,
      51.120845794677734,
      29.30579376220703,
      29.603891372680664,
      12.893936157226562
    ],
    [
      27.249046325683594,
      25.89527130126953,
      22.01193618774414,
      24.39617347717285,
      31.766754150390625,
      30.233585357666016,
      39.9776496887207,
      40.71150588989258,
      59.67906951904297,
      57.43513870239258,
      88.06301879882812,
      79.11477661132812,
      79.80957794189453,
      63.9382438659668,
      67.53813934326172,
      39.34359359741211,
      41.076786041259766,
      18.522645950317383
    ],
    [
      32.7296142578125,
      29.445613861083984,
      27.31756019592285,
      29.763980865478516,
      36.99739456176758,
      35.77661895751953,
      42.426246643066406,
      43.83656692504883,
      61.842281341552734,
      61.62418746948242,
      79.11477661132812,
      89.13665008544922,
      83.4747314453125,
      66.15100860595703,
      68.18062591552734,
      39.56017303466797,
      41.08005905151367,
      18.492698669433594
    ],
    [
      38.265377044677734,
      41.917938232421875,
      31.456695556640625,
      34.83935546875,
      42.48457336425781,
      40.47838592529297,
      55.241268157958984,
      54.3283576965332,
      68.58440399169922,
      67.39747619628906,
      79.80957794189453,
      83.4747314453125,
      122.6373062133789,
      89.72001647949219,
      86.36585998535156,
      49.29722595214844,
      52.628204345703125,
      23.747255325317383
    ],
    [
      29.183029174804688,
      31.207990646362305,
      24.392730712890625,
      26.710844039916992,
      31.897350311279297,
      30.242292404174805,
      42.92759704589844,
      42.54930877685547,
      53.94660949707031,
      53.415061950683594,
      63.9382438659668,
      66.15100860595703,
      89.72001647949219,
      71.15889739990234,
      67.79602813720703,
      39.7723274230957,
      42.811248779296875,
      19.674497604370117
    ],
    [
      25.36517906188965,
      27.253585815429688,
      18.67481803894043,
      21.539133071899414,
      27.916467666625977,
      26.009111404418945,
      41.268157958984375,
      41.277976989746094,
      51.235294342041016,
      51.120845794677734,
      67.53813934326172,
      68.18062591552734,
      86.36585998535156,
      67.79602813720703,
      77.77519226074219,
      45.925941467285156,
      48.62233352661133,
      22.67266845703125
    ],
    [
      13.635062217712402,
      15.156905174255371,
      11.134221076965332,
      12.640716552734375,
      16.041521072387695,
      14.755590438842773,
      24.67201805114746,
      24.603679656982422,
      29.259008407592773,
      29.30579376220703,
      39.34359359741211,
      39.56017303466797,
      49.29722595214844,
      39.7723274230957,
      45.925941467285156,
      29.333683013916016,
      30.40333366394043,
      14.689485549926758
    ],
    [
      14.942639350891113,
      16.914091110229492,
      11.888208389282227,
      13.718606948852539,
      16.04656219482422,
      14.466907501220703,
      26.874448776245117,
      26.27531623840332,
      29.29947280883789,
      29.603891372680664,
      41.076786041259766,
      41.08005905151367,
      52.628204345703125,
      42.811248779296875,
      48.62233352661133,
      30.40333366394043,
      35.690521240234375,
      17.40257453918457
    ],
    [
      6.5731096267700195,
      7.492739677429199,
      5.342990875244141,
      6.318542003631592,
      7.004992485046387,
      6.2225751876831055,
      12.285402297973633,
      12.008377075195312,
      12.66158676147461,
      12.893936157226562,
      18.522645950317383,
      18.492698669433594,
      23.747255325317383,
      19.674497604370117,
      22.67266845703125,
      14.689485549926758,
      17.40257453918457,
      9.145636558532715
    ]
  ],
  "drr": 11.589256286621094,
  "dynamics": 5.081421852111816,
  "format": 1245190,
  "frames": 11659264,
  "loudness": -20.47519302368164,
  "loudness_range": 16.69579315185547,
  "loudness_range_short": 17.741771697998047,
  "peak": -0.0414833202958107,
  "rms": -21.18857765197754,
  "sample_rate": 44100,
  "sections": 1,
  "seekable": 1,
  "sharpness": 1.941226601600647,
  "space": -7.279984474182129
}