{
  "bands": [
    {
      "high_freq": 148.1999969482422,
      "loudness": -23.75733757019043,
      "loudness_range": 25.77234649658203,
      "mid_mean": -20.328968048095703,
      "mid_to_side_loudness": -17.78373908996582,
      "mid_to_side_loudness_range": 26.718679428100586,
      "side_mean": -37.94061279296875
    },
    {
      "high_freq": 392.3793640136719,
      "loudness": -23.773937225341797,
      "loudness_range": 12.159143447875977,
      "low_freq": 148.1999969482422,
      "mid_mean": -20.584949493408203,
      "mid_to_side_loudness": -11.998005867004395,
      "mid_to_side_loudness_range": 20.083932876586914,
      "side_mean": -32.1014518737793
    },
    {
      "high_freq": 794.6976318359375,
      "loudness": -27.28343391418457,
      "loudness_range": 15.548971176147461,
      "low_freq": 392.3793640136719,
      "mid_mean": -24.60379981994629,
      "mid_to_side_loudness": -9.06574821472168,
      "mid_to_side_loudness_range": 18.526527404785156,
      "side_mean": -33.36455535888672
    },
    {
      "high_freq": 1457.5709228515625,
      "loudness": -29.337060928344727,
      "loudness_range": 21.34758949279785,
      "low_freq": 794.6976318359375,
      "mid_mean": -26.534311294555664,
      "mid_to_side_loudness": -11.57908821105957,
      "mid_to_side_loudness_range": 23.226350784301758,
      "side_mean": -37.73967742919922
    },
    {
      "high_freq": 2549.74365234375,
      "loudness": -31.329803466796875,
      "loudness_range": 19.651630401611328,
      "low_freq": 1457.5709228515625,
      "mid_mean": -28.23809051513672,
      "mid_to_side_loudness": -12.991934776306152,
      "mid_to_side_loudness_range": 22.699663162231445,
      "side_mean": -40.478851318359375
    },
    {
      "high_freq": 4349.24462890625,
      "loudness": -30.818735122680664,
      "loudness_range": 18.71648406982422,
      "low_freq": 2549.74365234375,
      "mid_mean": -27.637651443481445,
      "mid_to_side_loudness": -13.727714538574219,
      "mid_to_side_loudness_range": 22.69266700744629,
      "side_mean": -40.64522933959961
    },
    {
      "high_freq": 7314.1640625,
      "loudness": -34.28536605834961,
      "loudness_range": 14.680643081665039,
      "low_freq": 4349.24462890625,
      "mid_mean": -31.019624710083008,
      "mid_to_side_loudness": -12.3886137008667,
      "mid_to_side_loudness_range": 14.860921859741211,
      "side_mean": -42.998958587646484
    },
    {
      "high_freq": 12199.2666015625,
      "loudness": -33.778724670410156,
      "loudness_range": 12.457382202148438,
      "low_freq": 7314.1640625,
      "mid_mean": -30.688819885253906,
      "mid_to_side_loudness": -10.862959861755371,
      "mid_to_side_loudness_range": 16.14344024658203,
      "side_mean": -41.18010330200195
    },
    {
      "loudness": -37.971221923828125,
      "loudness_range": 15.00505256652832,
      "low_freq": 12199.2666015625,
      "mid_mean": -34.9839973449707,
      "mid_to_side_loudness": -9.723311424255371,
      "mid_to_side_loudness_range": 14.284346580505371,
      "side_mean": -44.52143096923828
    }
  ],
  "bands_short": [
    {
      "high_freq": 148.1999969482422,
      "loudness": -27.777923583984375,
      "loudness_range": 31.298568725585938,
      "mid_mean": -24.54571533203125,
      "mid_to_side_loudness": -16.462034225463867,
      "mid_to_side_loudness_range": 32.606956481933594,
      "side_mean": -41.445709228515625
    },
    {
      "high_freq": 392.3793640136719,
      "loudness": -25.208772659301758,
      "loudness_range": 20.41145133972168,
      "low_freq": 148.1999969482422,
      "mid_mean": -22.264062881469727,
      "mid_to_side_loudness": -12.022831916809082,
      "mid_to_side_loudness_range": 24.60991096496582,
      "side_mean": -33.87415313720703
    },
    {
      "high_freq": 794.6976318359375,
      "loudness": -28.296613693237305,
      "loudness_range": 20.08780288696289,
      "low_freq": 392.3793640136719,
      "mid_mean": -25.963817596435547,
      "mid_to_side_loudness": -7.802045822143555,
      "mid_to_side_loudness_range": 21.108253479003906,
      "side_mean": -33.691959381103516
    },
    {
      "high_freq": 1457.5709228515625,
      "loudness": -31.50119972229004,
      "loudness_range": 26.503822326660156,
      "low_freq": 794.6976318359375,
      "mid_mean": -29.020631790161133,
      "mid_to_side_loudness": -10.225488662719727,
      "mid_to_side_loudness_range": 24.98076629638672,
      "side_mean": -39.08757019042969
    },
    {
      "high_freq": 2549.74365234375,
      "loudness": -33.585384368896484,
      "loudness_range": 25.210472106933594,
      "low_freq": 1457.5709228515625,
      "mid_mean": -30.740039825439453,
      "mid_to_side_loudness": -11.472066879272461,
      "mid_to_side_loudness_range": 23.630420684814453,
      "side_mean": -41.94647216796875
    },
    {
      "high_freq": 4349.24462890625,
      "loudness": -32.59787368774414,
      "loudness_range": 22.747770309448242,
      "low_freq": 2549.74365234375,
      "mid_mean": -29.597694396972656,
      "mid_to_side_loudness": -12.634273529052734,
      "mid_to_side_loudness_range": 23.71399688720703,
      "side_mean": -42.041080474853516
    },
    {
      "high_freq": 7314.1640625,
      "loudness": -39.138675689697266,
      "loudness_range": 25.39023780822754,
      "low_freq": 4349.24462890625,
      "mid_mean": -36.202842712402344,
      "mid_to_side_loudness": -10.811676025390625,
      "mid_to_side_loudness_range": 19.898941040039062,
      "side_mean": -46.69873046875
    },
    {
      "high_freq": 12199.2666015625,
      "loudness": -38.20787048339844,
      "loudness_range": 26.11508560180664,
      "low_freq": 7314.1640625,
      "mid_mean": -35.52024459838867,
      "mid_to_side_loudness": -10.106583595275879,
      "mid_to_side_loudness_range": 19.70186996459961,
      "side_mean": -45.36293411254883
    },
    {
      "loudness": -42.82126235961914,
      "loudness_range": 28.023086547851562,
      "low_freq": 12199.2666015625,
      "mid_mean": -40.10700988769531,
      "mid_to_side_loudness": -9.2406644821167,
      "mid_to_side_loudness_range": 16.709487915039062,
      "side_mean": -50.35429763793945
    }
  ],
  "channels": 2,
  "covariance": [
    [
      82.40231323242188,
      34.84590148925781,
      24.399394989013672,
      11.297739028930664,
      -0.05271820351481438,
      5.308974266052246,
      -0.658939778804779,
      3.9729068279266357,
      -10.266556739807129,
      -2.0973641872406006,
      -8.174565315246582,
      -3.9769222736358643,
      -2.203202247619629,
      -9.230183601379395,
      -4.032243728637695,
      -11.245721817016602,
      -6.798844814300537,
      -12.628259658813477
    ],
    [
      34.84590148925781,
      66.91985321044922,
      16.329504013061523,
      35.9425048828125,
      3.6198108196258545,
      17.712766647338867,
      1.752840280532837,
      10.370786666870117,
      -1.7976667881011963,
      5.10744047164917,
      0.17410911619663239,
      6.870807647705078,
      -2.3578641414642334,
      11.392528533935547,
      -1.5812981128692627,
      12.567352294921875,
      -3.744607448577881,
      12.492652893066406
    ],
    [
      24.399394989013672,
      16.329504013061523,
      23.461637496948242,
      13.215143203735352,
      11.193450927734375,
      8.924490928649902,
      6.917051315307617,
      8.665708541870117,
      5.478312969207764,
      7.945024013519287,
      5.616460800170898,
      6.369739055633545,
      8.691149711608887,
      6.677830219268799,
      6.230428695678711,
      4.89097261428833,
      7.4277825355529785,
      6.578805446624756
    ],
    [
      11.297739028930664,
      35.9425048828125,
      13.215143203735352,
      47.001136779785156,
      14.853616714477539,
      34.37867736816406,
      12.7844820022583,
      30.874893188476562,
      11.451728820800781,
      24.883230209350586,
      12.574284553527832,
      27.848329544067383,
      5.718954086303711,
      21.238319396972656,
      5.653271675109863,
      25.599130630493164,
      6.193821430206299,
      25.042940139770508
    ],
    [
      -0.05271820351481438,
      3.6198108196258545,
      11.193450927734375,
      14.853616714477539,
      35.408390045166016,
      22.630571365356445,
      32.983299255371094,
      23.972824096679688,
      29.40754508972168,
      20.07744026184082,
      26.77260398864746,
      19.856657028198242,
      13.934435844421387,
      15.392654418945312,
      12.394004821777344,
      15.15945053100586,
      15.113198280334473,
      14.316974639892578
    ],
    [
      5.308974266052246,
      17.712766647338867,
      8.924490928649902,
      34.37867736816406,
      22.630571365356445,
      56.81863021850586,
      23.214710235595703,
      52.204837799072266,
      18.170543670654297,
      38.61471939086914,
      17.36536407470703,
      41.23283386230469,
      6.393399715423584,
      18.965070724487305,
      8.244961738586426,
      24.3278751373291,
      8.140222549438477,
      21.260223388671875
    ],
    [
      -0.658939778804779,
      1.752840280532837,
      6.917051315307617,
      12.7844820022583,
      32.983299255371094,
      23.214710235595703,
      62.41511154174805,
      32.3383903503418,
      38.820926666259766,
      23.570959091186523,
      36.70301055908203,
      27.879772186279297,
      17.9268798828125,
      17.87443733215332,
      16.444429397583008,
      20.047197341918945,
      19.641130447387695,
      18.15220832824707
    ],
    [
      3.9729068279266357,
      10.370786666870117,
      8.665708541870117,
      30.874893188476562,
      23.972824096679688,
      52.204837799072266,
      32.3383903503418,
      76.49894714355469,
      21.12352180480957,
      52.45010757446289,
      20.80666160583496,
      58.632991790771484,
      6.38267707824707,
      21.506690979003906,
      8.275106430053711,
      28.77005386352539,
      9.29419994354248,
      22.98979949951172
    ],
    [
      -10.266556739807129,
      -1.7976667881011963,
      5.478312969207764,
      11.451728820800781,
      29.40754508972168,
      18.170543670654297,
      38.820926666259766,
      21.12352180480957,
      54.17961120605469,
      26.02887535095215,
      41.90813446044922,
      26.17227554321289,
      21.597084045410156,
      19.534849166870117,
      16.68623924255371,
      19.09628677368164,
      20.963092803955078,
      18.19145965576172
    ],
    [
      -2.0973641872406006,
      5.10744047164917,
      7.945024013519287,
      24.883230209350586,
      20.07744026184082,
      38.61471939086914,
      23.570959091186523,
      52.45010757446289,
      26.02887535095215,
      57.539119720458984,
      22.077959060668945,
      56.19361114501953,
      11.260464668273926,
      23.60819435119629,
      10.087641716003418,
      27.395769119262695,
      12.269292831420898,
      24.796627044677734
    ],
    [
      -8.174565315246582,
      0.17410911619663239,
      5.616460800170898,
      12.574284553527832,
      26.77260398864746,
      17.36536407470703,
      36.70301055908203,
      20.80666160583496,
      41.90813446044922,
      22.077959060668945,
      44.626792907714844,
      28.719772338867188,
      20.019689559936523,
      18.69426918029785,
      16.776037216186523,
      21.1198673248291,
      20.04962730407715,
      20.206613540649414
    ],
    [
      -3.9769222736358643,
      6.870807647705078,
      6.369739055633545,
      27.848329544067383,
      19.856657028198242,
      41.23283386230469,
      27.879772186279297,
      58.632991790771484,
      26.17227554321289,
      56.19361114501953,
      28.719772338867188,
      74.15728759765625,
      11.452795028686523,
      26.801485061645508,
      10.873653411865234,
      35.132442474365234,
      13.126750946044922,
      30.608901977539062
    ],
    [
      -2.203202247619629,
      -2.3578641414642334,
      8.691149711608887,
      5.718954086303711,
      13.934435844421387,
      6.393399715423584,
      17.9268798828125,
      6.38267707824707,
      21.597084045410156,
      11.260464668273926,
      20.019689559936523,
      11.452795028686523,
      27.96413230895996,
      17.147972106933594,
      22.343637466430664,
      15.855203628540039,
      26.67836570739746,
      18.962867736816406
    ],
    [
      -9.230183601379395,
      11.392528533935547,
      6.677830219268799,
      21.238319396972656,
      15.392654418945312,
      18.965070724487305,
      17.87443733215332,
      21.506690979003906,
      19.534849166870117,
      23.60819435119629,
      18.69426918029785,
      26.801485061645508,
      17.147972106933594,
      37.32024002075195,
      14.086153984069824,
      33.29405212402344,
      17.645858764648438,
      31.499502182006836
    ],
    [
      -4.032243728637695,
      -1.5812981128692627,
      6.230428695678711,
      5.653271675109863,
      12.394004821777344,
      8.244961738586426,
      16.444429397583008,
      8.275106430053711,
      16.68623924255371,
      10.087641716003418,
      16.776037216186523,
      10.873653411865234,
      22.343637466430664,
      14.086153984069824,
      23.51955223083496,
      15.989068031311035,
      25.067646026611328,
      18.6041316986084
    ],
    [
      -11.245721817016602,
      12.567352294921875,
      4.89097261428833,
      25.599130630493164,
      15.15945053100586,
      24.3278751373291,
      20.047197341918945,
      28.77005386352539,
      19.09628677368164,
      27.395769119262695,
      21.1198673248291,
      35.132442474365234,
      15.855203628540039,
      33.29405212402344,
      15.989068031311035,
      41.492740631103516,
      18.131986618041992,
      37.44977569580078
    ],
    [
      -6.798844814300537,
      -3.744607448577881,
      7.4277825355529785,
      6.193821430206299,
      15.113198280334473,
      8.140222549438477,
      19.641130447387695,
      9.29419994354248,
      20.963092803955078,
      12.269292831420898,
      20.04962730407715,
      13.126750946044922,
      26.67836570739746,
      17.645858764648438,
      25.067646026611328,
      18.131986618041992,
      31.384109497070312,
      23.22239875793457
    ],
    [
      -12.628259658813477,
      12.492652893066406,
      6.578805446624756,
      25.042940139770508,
      14.316974639892578,
      21.260223388671875,
      18.15220832824707,
      22.98979949951172,
      18.19145965576172,
      24.796627044677734,
      20.206613540649414,
      30.608901977539062,
      18.962867736816406,
      31.499502182006836,
      18.6041316986084,
      37.44977569580078,
      23.22239875793457,
      42.174652099609375
    ]
  ],
  "covariance_short": [
    [
      126.93412780761719,
      36.30739974975586,
      45.46874237060547,
      23.562931060791016,
      8.220574378967285,
      12.679789543151855,
      3.636709451675415,
      9.54270076751709,
      -4.279360294342041,
      4.506896495819092,
      -3.5326988697052,
      1.770100712776184,
      8.478015899658203,
      4.664409160614014,
      3.081782579421997,
      -2.4450085163116455,
      3.1045334339141846,
      -2.628087282180786
    ],
    [
      36.30739974975586,
      68.78914642333984,
      21.549806594848633,
      40.91566467285156,
      7.404248237609863,
      16.51337242126465,
      4.828375339508057,
      11.955459594726562,
      -0.3258187174797058,
      8.038615226745605,
      -0.5379513502120972,
      8.474609375,
      4.714986801147461,
      18.39566421508789,
      3.0003573894500732,
      13.025059700012207,
      3.5204381942749023,
      18.4125919342041
    ],
    [
      45.46874237060547,
      21.549806594848633,
      53.03862762451172,
      23.130569458007812,
      21.97970962524414,
      14.91356086730957,
      13.548062324523926,
      13.329687118530273,
      11.61795425415039,
      11.292340278625488,
      10.809865951538086,
      9.600129127502441,
      21.704076766967773,
      14.016902923583984,
      19.172470092773438,
      11.425847053527832,
      19.631675720214844,
      16.77138900756836
    ],
    [
      23.562931060791016,
      40.91566467285156,
      23.130569458007812,
      63.75515365600586,
      20.466901779174805,
      38.58088684082031,
      19.636449813842773,
      35.738563537597656,
      13.873178482055664,
      29.252901077270508,
      13.392755508422852,
      31.680644989013672,
      12.932279586791992,
      28.96324920654297,
      13.130189895629883,
      30.60884666442871,
      14.056253433227539,
      34.2234992980957
    ],
    [
      8.220574378967285,
      7.404248237609863,
      21.97970962524414,
      20.466901779174805,
      52.9074821472168,
      28.699077606201172,
      45.14401626586914,
      31.987369537353516,
      36.35149002075195,
      24.866073608398438,
      33.06271743774414,
      25.116901397705078,
      24.06793785095215,
      19.458093643188477,
      25.078401565551758,
      20.90330696105957,
      26.973291397094727,
      28.441822052001953
    ],
    [
      12.679789543151855,
      16.51337242126465,
      14.91356086730957,
      38.58088684082031,
      28.699077606201172,
      62.9061279296875,
      29.154848098754883,
      56.55375289916992,
      21.137924194335938,
      41.860984802246094,
      19.424928665161133,
      43.284114837646484,
      11.041685104370117,
      25.485841751098633,
      13.971007347106934,
      33.481510162353516,
      13.943330764770508,
      34.92007827758789
    ],
    [
      3.636709451675415,
      4.828375339508057,
      13.548062324523926,
      19.636449813842773,
      45.14401626586914,
      29.154848098754883,
      90.63043975830078,
      46.07350540161133,
      53.15591049194336,
      32.6473388671875,
      49.591400146484375,
      38.239620208740234,
      27.84531593322754,
      23.16486930847168,
      29.71469497680664,
      27.813404083251953,
      32.856876373291016,
      35.37047576904297
    ],
    [
      9.54270076751709,
      11.955459594726562,
      13.329687118530273,
      35.738563537597656,
      31.987369537353516,
      56.55375289916992,
      46.07350540161133,
      88.77703094482422,
      27.868663787841797,
      60.96586990356445,
      26.73457145690918,
      66.6785659790039,
      11.979119300842285,
      30.952880859375,
      16.214143753051758,
      43.46379470825195,
      16.830942153930664,
      40.644256591796875
    ],
    [
      -4.279360294342041,
      -0.3258187174797058,
      11.61795425415039,
      13.873178482055664,
      36.35149002075195,
      21.137924194335938,
      53.15591049194336,
      27.868663787841797,
      77.56742095947266,
      36.73637008666992,
      56.48719787597656,
      35.68852615356445,
      36.7177734375,
      25.16585350036621,
      32.113731384277344,
      25.740928649902344,
      34.71480941772461,
      33.51839065551758
    ],
    [
      4.506896495819092,
      8.038615226745605,
      11.292340278625488,
      29.252901077270508,
      24.866073608398438,
      41.860984802246094,
      32.6473388671875,
      60.96586990356445,
      36.73637008666992,
      70.9599380493164,
      28.32823944091797,
      66.12959289550781,
      18.798534393310547,
      34.044158935546875,
      19.679370880126953,
      42.974430084228516,
      19.91525650024414,
      39.623085021972656
    ],
    [
      -3.5326988697052,
      -0.5379513502120972,
      10.809865951538086,
      13.392755508422852,
      33.06271743774414,
      19.424928665161133,
      49.591400146484375,
      26.73457145690918,
      56.48719787597656,
      28.32823944091797,
      66.52953338623047,
      39.959800720214844,
      38.3660774230957,
      26.279321670532227,
      36.38886260986328,
      30.420166015625,
      37.51380920410156,
      37.2621955871582
    ],
    [
      1.770100712776184,
      8.474609375,
      9.600129127502441,
      31.680644989013672,
      25.116901397705078,
      43.284114837646484,
      38.239620208740234,
      66.6785659790039,
      35.68852615356445,
      66.12959289550781,
      39.959800720214844,
      87.52705383300781,
      22.90395736694336,
      41.770389556884766,
      26.334890365600586,
      56.89753341674805,
      25.826950073242188,
      51.998291015625
    ],
    [
      8.478015899658203,
      4.714986801147461,
      21.704076766967773,
      12.932279586791992,
      24.06793785095215,
      11.041685104370117,
      27.84531593322754,
      11.979119300842285,
      36.7177734375,
      18.798534393310547,
      38.3660774230957,
      22.90395736694336,
      78.4990234375,
      44.5509147644043,
      67.00586700439453,
      45.22531509399414,
      70.66834259033203,
      56.360511779785156
    ],
    [
      4.664409160614014,
      18.39566421508789,
      14.016902923583984,
      28.96324920654297,
      19.458093643188477,
      25.485841751098633,
      23.16486930847168,
      30.952880859375,
      25.16585350036621,
      34.044158935546875,
      26.279321670532227,
      41.770389556884766,
      44.5509147644043,
      63.72502899169922,
      42.25067901611328,
      61.7426872253418,
      44.544105529785156,
      63.13034439086914
    ],
    [
      3.081782579421997,
      3.0003573894500732,
      19.172470092773438,
      13.130189895629883,
      25.078401565551758,
      13.971007347106934,
      29.71469497680664,
      16.214143753051758,
      32.113731384277344,
      19.679370880126953,
      36.38886260986328,
      26.334890365600586,
      67.00586700439453,
      42.25067901611328,
      80.86455535888672,
      55.10291290283203,
      77.61808013916016,
      62.960121154785156
    ],
    [
      -2.4450085163116455,
      13.025059700012207,
      11.425847053527832,
      30.60884666442871,
      20.90330696105957,
      33.481510162353516,
      27.813404083251953,
      43.46379470825195,
      25.740928649902344,
      42.974430084228516,
      30.420166015625,
      56.89753341674805,
      45.22531509399414,
      61.7426872253418,
      55.10291290283203,
      87.09762573242188,
      55.517005920410156,
      79.6201171875
    ],
    [
      3.1045334339141846,
      3.5204381942749023,
      19.631675720214844,
      14.056253433227539,
      26.973291397094727,
      13.943330764770508,
      32.856876373291016,
      16.830942153930664,
      34.71480941772461,
      19.91525650024414,
      37.51380920410156,
      25.826950073242188,
      70.66834259033203,
      44.544105529785156,
      77.61808013916016,
      55.517005920410156,
      86.2138671875,
      67.15161895751953
    ],
    [
      -2.628087282180786,
      18.4125919342041,
      16.77138900756836,
      34.2234992980957,
      28.441822052001953,
      34.92007827758789,
      35.37047576904297,
      40.644256591796875,
      33.51839065551758,
      39.623085021972656,
      37.2621955871582,
      51.998291015625,
      56.360511779785156,
      63.13034439086914,
      62.960121154785156,
      79.6201171875,
      67.15161895751953,
      99.24205017089844
    ]
  ],
  "drr": 14.815754890441895,
  "dynamics": 3.76900053024292,
  "format": 1245190,
  "frames": 8214528,
  "loudness": -12.719846725463867,
  "loudness_range": 8.58072566986084,
  "loudness_range_short": 15.1749906539917,
  "peak": 0.9611828923225403,
  "rms": -13.431015014648438,
  "sample_rate": 44100,
  "sections": 1,
  "seekable": 1,
  "sharpness": 3.9728317260742188,
  "space": -12.520041465759277
}