{
  "bands": [
    {
      "high_freq": 148.1999969482422,
      "loudness": -32.92982864379883,
      "loudness_range": 19.626527786254883,
      "mid_mean": -29.404972076416016,
      "mid_to_side_loudness": -17.639991760253906,
      "mid_to_side_loudness_range": 14.315616607666016,
      "side_mean": -47.43082809448242
    },
    {
      "high_freq": 392.3793640136719,
      "loudness": -31.756908416748047,
      "loudness_range": 16.659833908081055,
      "low_freq": 148.1999969482422,
      "mid_mean": -28.793684005737305,
      "mid_to_side_loudness": -8.744479179382324,
      "mid_to_side_loudness_range": 11.774478912353516,
      "side_mean": -37.69990539550781
    },
    {
      "high_freq": 794.6976318359375,
      "loudness": -33.11872482299805,
      "loudness_range": 21.31669044494629,
      "low_freq": 392.3793640136719,
      "mid_mean": -31.11979103088379,
      "mid_to_side_loudness": -4.245371341705322,
      "mid_to_side_loudness_range": 11.373649597167969,
      "side_mean": -35.31930160522461
    },
    {
      "high_freq": 1457.5709228515625,
      "loudness": -32.766685485839844,
      "loudness_range": 22.055614471435547,
      "low_freq": 794.6976318359375,
      "mid_mean": -30.363250732421875,
      "mid_to_side_loudness": -5.769399642944336,
      "mid_to_side_loudness_range": 9.83004379272461,
      "side_mean": -36.15763854980469
    },
    {
      "high_freq": 2549.74365234375,
      "loudness": -40.16603088378906,
      "loudness_range": 22.274770736694336,
      "low_freq": 1457.5709228515625,
      "mid_mean": -37.87608337402344,
      "mid_to_side_loudness": -5.041400909423828,
      "mid_to_side_loudness_range": 9.073410034179688,
      "side_mean": -43.1121940612793
    },
    {
      "high_freq": 4349.24462890625,
      "loudness": -47.98170852661133,
      "loudness_range": 24.326435089111328,
      "low_freq": 2549.74365234375,
      "mid_mean": -46.12521743774414,
      "mid_to_side_loudness": -4.838342189788818,
      "mid_to_side_loudness_range": 8.260372161865234,
      "side_mean": -52.196388244628906
    },
    {
      "high_freq": 7314.1640625,
      "loudness": -52.054443359375,
      "loudness_range": 24.271690368652344,
      "low_freq": 4349.24462890625,
      "mid_mean": -53.33810806274414,
      "mid_to_side_loudness": -5.484043121337891,
      "mid_to_side_loudness_range": 8.129914283752441,
      "side_mean": -58.09754180908203
    },
    {
      "high_freq": 12199.2666015625,
      "loudness": -56.19797134399414,
      "loudness_range": 22.744800567626953,
      "low_freq": 7314.1640625,
      "mid_mean": -58.583648681640625,
      "mid_to_side_loudness": -4.698254585266113,
      "mid_to_side_loudness_range": 7.40620231628418,
      "side_mean": -62.16853332519531
    },
    {
      "loudness": -59.5657958984375,
      "loudness_range": 22.43313217163086,
      "low_freq": 12199.2666015625,
      "mid_mean": -61.87319564819336,
      "mid_to_side_loudness": -3.5053772926330566,
      "mid_to_side_loudness_range": 5.534600257873535,
      "side_mean": -64.07949829101562
    }
  ],
  "bands_short": [
    {
      "high_freq": 148.1999969482422,
      "loudness": -35.4443244934082,
      "loudness_range": 23.65127944946289,
      "mid_mean": -31.93429183959961,
      "mid_to_side_loudness": -17.84519386291504,
      "mid_to_side_loudness_range": 17.75309181213379,
      "side_mean": -50.73575210571289
    },
    {
      "high_freq": 392.3793640136719,
      "loudness": -31.190126419067383,
      "loudness_range": 16.546411514282227,
      "low_freq": 148.1999969482422,
      "mid_mean": -28.15277671813965,
      "mid_to_side_loudness": -10.246231079101562,
      "mid_to_side_loudness_range": 16.215600967407227,
      "side_mean": -38.58987045288086
    },
    {
      "high_freq": 794.6976318359375,
      "loudness": -34.24141311645508,
      "loudness_range": 23.431074142456055,
      "low_freq": 392.3793640136719,
      "mid_mean": -32.29584503173828,
      "mid_to_side_loudness": -4.556371688842773,
      "mid_to_side_loudness_range": 13.35957145690918,
      "side_mean": -36.85786819458008
    },
    {
      "high_freq": 1457.5709228515625,
      "loudness": -33.904754638671875,
      "loudness_range": 23.92206573486328,
      "low_freq": 794.6976318359375,
      "mid_mean": -31.828441619873047,
      "mid_to_side_loudness": -5.231030464172363,
      "mid_to_side_loudness_range": 12.889034271240234,
      "side_mean": -36.91651916503906
    },
    {
      "high_freq": 2549.74365234375,
      "loudness": -42.05720138549805,
      "loudness_range": 24.98881721496582,
      "low_freq": 1457.5709228515625,
      "mid_mean": -40.04584503173828,
      "mid_to_side_loudness": -4.595125675201416,
      "mid_to_side_loudness_range": 11.547699928283691,
      "side_mean": -44.837825775146484
    },
    {
      "high_freq": 4349.24462890625,
      "loudness": -49.02507781982422,
      "loudness_range": 27.06844711303711,
      "low_freq": 2549.74365234375,
      "mid_mean": -47.52500915527344,
      "mid_to_side_loudness": -4.682262420654297,
      "mid_to_side_loudness_range": 10.20776653289795,
      "side_mean": -53.16792678833008
    },
    {
      "high_freq": 7314.1640625,
      "loudness": -54.03636169433594,
      "loudness_range": 26.922138214111328,
      "low_freq": 4349.24462890625,
      "mid_mean": -55.138641357421875,
      "mid_to_side_loudness": -4.8485107421875,
      "mid_to_side_loudness_range": 9.274482727050781,
      "side_mean": -59.27760696411133
    },
    {
      "high_freq": 12199.2666015625,
      "loudness": -59.40397644042969,
      "loudness_range": 26.828628540039062,
      "low_freq": 7314.1640625,
      "mid_mean": -60.53144073486328,
      "mid_to_side_loudness": -4.029890060424805,
      "mid_to_side_loudness_range": 6.715593338012695,
      "side_mean": -63.43466567993164
    },
    {
      "loudness": -70.48295593261719,
      "loudness_range": 26.215187072753906,
      "low_freq": 12199.2666015625,
      "mid_mean": -64.4449462890625,
      "mid_to_side_loudness": -2.98463773727417,
      "mid_to_side_loudness_range": 3.313364028930664,
      "side_mean": -65.92782592773438
    }
  ],
  "channels": 2,
  "covariance": [
    [
      51.21247100830078,
      29.65088653564453,
      15.186372756958008,
      6.8195977210998535,
      12.605536460876465,
      12.49123764038086,
      13.435359954833984,
      13.938709259033203,
      16.910730361938477,
      16.883596420288086,
      22.38987922668457,
      26.587703704833984,
      42.36258316040039,
      31.34194564819336,
      39.429100036621094,
      27.48684310913086,
      32.35184860229492,
      23.7536563873291
    ],
    [
      29.65088653564453,
      33.938358306884766,
      14.37122917175293,
      12.447175979614258,
      9.891387939453125,
      10.746515274047852,
      9.108902931213379,
      9.695077896118164,
      10.925670623779297,
      11.89189338684082,
      13.171360969543457,
      21.422313690185547,
      24.842758178710938,
      18.685138702392578,
      19.77593994140625,
      13.911091804504395,
      15.259381294250488,
      11.207240104675293
    ],
    [
      15.186372756958008,
      14.37122917175293,
      33.92228698730469,
      33.79766082763672,
      19.078340530395508,
      16.722103118896484,
      10.962410926818848,
      10.052160263061523,
      12.762960433959961,
      14.84762954711914,
      12.512956619262695,
      21.19532585144043,
      15.545783996582031,
      13.065826416015625,
      9.015172958374023,
      7.729891300201416,
      7.726816177368164,
      6.366203784942627
    ],
    [
      6.8195977210998535,
      12.447175979614258,
      33.79766082763672,
      54.4499397277832,
      21.134605407714844,
      18.08741569519043,
      9.476028442382812,
      7.35908842086792,
      10.8656587600708,
      13.563817977905273,
      5.579453468322754,
      17.87453842163086,
      1.0870600938796997,
      3.4097585678100586,
      -5.637572765350342,
      -1.7437254190444946,
      -3.751603364944458,
      -1.7910231351852417
    ],
    [
      12.605536460876465,
      9.891387939453125,
      19.078340530395508,
      21.134605407714844,
      56.08480453491211,
      52.72789001464844,
      28.706777572631836,
      22.812156677246094,
      38.563270568847656,
      40.84783935546875,
      44.5904541015625,
      53.73823547363281,
      39.964263916015625,
      32.86012268066406,
      21.390289306640625,
      15.957449913024902,
      10.462912559509277,
      8.443181037902832
    ],
    [
      12.49123764038086,
      10.746515274047852,
      16.722103118896484,
      18.08741569519043,
      52.72789001464844,
      64.78302764892578,
      23.862520217895508,
      19.055063247680664,
      37.476234436035156,
      38.3094367980957,
      43.462013244628906,
      53.18074035644531,
      39.314884185791016,
      32.95157241821289,
      21.446563720703125,
      16.41048812866211,
      10.824087142944336,
      8.596955299377441
    ],
    [
      13.435359954833984,
      9.108902931213379,
      10.962410926818848,
      9.476028442382812,
      28.706777572631836,
      23.862520217895508,
      62.06438064575195,
      50.596160888671875,
      41.299564361572266,
      42.994415283203125,
      46.59638977050781,
      47.877403259277344,
      44.81509017944336,
      36.23176574707031,
      28.08467674255371,
      20.847551345825195,
      16.4133358001709,
      12.88793659210205
    ],
    [
      13.938709259033203,
      9.695077896118164,
      10.052160263061523,
      7.35908842086792,
      22.812156677246094,
      19.055063247680664,
      50.596160888671875,
      54.41097640991211,
      36.97282409667969,
      37.5709342956543,
      40.8924560546875,
      42.86949157714844,
      39.63251876831055,
      33.47895050048828,
      25.960420608520508,
      19.339859008789062,
      15.625455856323242,
      12.219677925109863
    ],
    [
      16.910730361938477,
      10.925670623779297,
      12.762960433959961,
      10.8656587600708,
      38.563270568847656,
      37.476234436035156,
      41.299564361572266,
      36.97282409667969,
      64.78166198730469,
      56.75259017944336,
      57.0849723815918,
      60.53315353393555,
      55.78999328613281,
      46.23976516723633,
      36.012210845947266,
      25.976837158203125,
      20.319570541381836,
      15.429437637329102
    ],
    [
      16.883596420288086,
      11.89189338684082,
      14.84762954711914,
      13.563817977905273,
      40.84783935546875,
      38.3094367980957,
      42.994415283203125,
      37.5709342956543,
      56.75259017944336,
      60.4818115234375,
      55.776451110839844,
      60.680355072021484,
      53.0417594909668,
      43.73915481567383,
      33.11276626586914,
      24.0581111907959,
      18.55453872680664,
      14.230717658996582
    ],
    [
      22.38987922668457,
      13.171360969543457,
      12.512956619262695,
      5.579453468322754,
      44.5904541015625,
      43.462013244628906,
      46.59638977050781,
      40.8924560546875,
      57.0849723815918,
      55.776451110839844,
      78.8384780883789,
      71.86815643310547,
      75.52356719970703,
      60.630157470703125,
      52.083465576171875,
      36.99931335449219,
      32.93160629272461,
      24.741701126098633
    ],
    [
      26.587703704833984,
      21.422313690185547,
      21.19532585144043,
      17.87453842163086,
      53.73823547363281,
      53.18074035644531,
      47.877403259277344,
      42.86949157714844,
      60.53315353393555,
      60.680355072021484,
      71.86815643310547,
      89.38837432861328,
      82.05016326904297,
      65.35672760009766,
      53.76889419555664,
      38.566673278808594,
      33.32990646362305,
      25.184783935546875
    ],
    [
      42.36258316040039,
      24.842758178710938,
      15.545783996582031,
      1.0870600938796997,
      39.964263916015625,
      39.314884185791016,
      44.81509017944336,
      39.63251876831055,
      55.78999328613281,
      53.0417594909668,
      75.52356719970703,
      82.05016326904297,
      116.751220703125,
      87.89541625976562,
      93.71766662597656,
      64.7292251586914,
      68.59257507324219,
      50.42094802856445
    ],
    [
      31.34194564819336,
      18.685138702392578,
      13.065826416015625,
      3.4097585678100586,
      32.86012268066406,
      32.95157241821289,
      36.23176574707031,
      33.47895050048828,
      46.23976516723633,
      43.73915481567383,
      60.630157470703125,
      65.35672760009766,
      87.89541625976562,
      69.7662353515625,
      71.27497863769531,
      50.564483642578125,
      52.064361572265625,
      38.72446823120117
    ],
    [
      39.429100036621094,
      19.77593994140625,
      9.015172958374023,
      -5.637572765350342,
      21.390289306640625,
      21.446563720703125,
      28.08467674255371,
      25.960420608520508,
      36.012210845947266,
      33.11276626586914,
      52.083465576171875,
      53.76889419555664,
      93.71766662597656,
      71.27497863769531,
      91.1657485961914,
      63.64666748046875,
      74.54109191894531,
      55.01095962524414
    ],
    [
      27.48684310913086,
      13.911091804504395,
      7.729891300201416,
      -1.7437254190444946,
      15.957449913024902,
      16.41048812866211,
      20.847551345825195,
      19.339859008789062,
      25.976837158203125,
      24.0581111907959,
      36.99931335449219,
      38.566673278808594,
      64.7292251586914,
      50.564483642578125,
      63.64666748046875,
      46.18313980102539,
      52.480857849121094,
      39.41364288330078
    ],
    [
      32.35184860229492,
      15.259381294250488,
      7.726816177368164,
      -3.751603364944458,
      10.462912559509277,
      10.824087142944336,
      16.4133358001709,
      15.625455856323242,
      20.319570541381836,
      18.55453872680664,
      32.93160629272461,
      33.32990646362305,
      68.59257507324219,
      52.064361572265625,
      74.54109191894531,
      52.480857849121094,
      75.64791107177734,
      55.972171783447266
    ],
    [
      23.7536563873291,
      11.207240104675293,
      6.366203784942627,
      -1.7910231351852417,
      8.443181037902832,
      8.596955299377441,
      12.88793659210205,
      12.219677925109863,
      15.429437637329102,
      14.230717658996582,
      24.741701126098633,
      25.184783935546875,
      50.42094802856445,
      38.72446823120117,
      55.01095962524414,
      39.41364288330078,
      55.972171783447266,
      42.05355453491211
    ]
  ],
  "covariance_short": [
    [
      68.4876480102539,
      40.9629020690918,
      24.174312591552734,
      9.356085777282715,
      13.674168586730957,
      13.100452423095703,
      15.758269309997559,
      14.820415496826172,
      15.20724105834961,
      16.537918090820312,
      22.40851402282715,
      26.496376037597656,
      33.74311065673828,
      25.714168548583984,
      28.697649002075195,
      20.767807006835938,
      17.997323989868164,
      13.990620613098145
    ],
    [
      40.9629020690918,
      56.761661529541016,
      19.565120697021484,
      13.756710052490234,
      11.6484375,
      11.85379409790039,
      12.78503131866455,
      11.550989151000977,
      12.890089988708496,
      14.809185981750488,
      17.902536392211914,
      31.169204711914062,
      32.38534927368164,
      24.2260799407959,
      23.866222381591797,
      16.77210807800293,
      13.856404304504395,
      10.365811347961426
    ],
    [
      24.174312591552734,
      19.565120697021484,
      34.833717346191406,
      28.442489624023438,
      20.364986419677734,
      19.360471725463867,
      18.49863052368164,
      14.51778507232666,
      18.322444915771484,
      18.76418113708496,
      17.146089553833008,
      23.074426651000977,
      19.948816299438477,
      16.28195571899414,
      12.627601623535156,
      10.031050682067871,
      8.415040016174316,
      6.877153396606445
    ],
    [
      9.356085777282715,
      13.756710052490234,
      28.442489624023438,
      57.955848693847656,
      23.56149673461914,
      25.498004913330078,
      18.528148651123047,
      11.43348217010498,
      18.51286506652832,
      18.562395095825195,
      5.82756233215332,
      17.1499080657959,
      -0.28757286071777344,
      3.0422606468200684,
      -6.752817630767822,
      -2.3990962505340576,
      -4.047859191894531,
      -2.293118476867676
    ],
    [
      13.674168586730957,
      11.6484375,
      20.364986419677734,
      23.56149673461914,
      66.49301147460938,
      60.385196685791016,
      39.75027084350586,
      31.73508644104004,
      47.82245635986328,
      49.40233612060547,
      52.767494201660156,
      58.06711959838867,
      41.11595916748047,
      35.07655715942383,
      18.470287322998047,
      14.650078773498535,
      7.8341288566589355,
      6.5322723388671875
    ],
    [
      13.100452423095703,
      11.85379409790039,
      19.360471725463867,
      25.498004913330078,
      60.385196685791016,
      79.44883728027344,
      35.313720703125,
      28.342754364013672,
      42.32859802246094,
      43.298492431640625,
      49.60111999511719,
      58.36506652832031,
      37.973575592041016,
      33.222618103027344,
      16.22368812561035,
      13.494529724121094,
      6.843785285949707,
      5.825902938842773
    ],
    [
      15.758269309997559,
      12.78503131866455,
      18.49863052368164,
      18.528148651123047,
      39.75027084350586,
      35.313720703125,
      70.34600830078125,
      54.7327766418457,
      50.46071243286133,
      51.027244567871094,
      53.29225540161133,
      54.66579818725586,
      43.21752166748047,
      36.77360153198242,
      22.846630096435547,
      17.812530517578125,
      10.203389167785645,
      8.24027156829834
    ],
    [
      14.820415496826172,
      11.550989151000977,
      14.51778507232666,
      11.43348217010498,
      31.73508644104004,
      28.342754364013672,
      54.7327766418457,
      61.20551681518555,
      47.385406494140625,
      45.99098205566406,
      49.06226348876953,
      49.62813949584961,
      41.292293548583984,
      36.20045852661133,
      23.10698127746582,
      17.78619956970215,
      10.60272216796875,
      8.45957088470459
    ],
    [
      15.20724105834961,
      12.890089988708496,
      18.322444915771484,
      18.51286506652832,
      47.82245635986328,
      42.32859802246094,
      50.46071243286133,
      47.385406494140625,
      77.73841857910156,
      65.4781265258789,
      65.4867172241211,
      66.28900909423828,
      54.280670166015625,
      46.62234878540039,
      29.066835403442383,
      22.151443481445312,
      13.466460227966309,
      10.629944801330566
    ],
    [
      16.537918090820312,
      14.809185981750488,
      18.76418113708496,
      18.562395095825195,
      49.40233612060547,
      43.298492431640625,
      51.027244567871094,
      45.99098205566406,
      65.4781265258789,
      71.43616485595703,
      64.4666519165039,
      66.33793640136719,
      51.962528228759766,
      44.280521392822266,
      27.36991310119629,
      20.740474700927734,
      12.507132530212402,
      9.856700897216797
    ],
    [
      22.40851402282715,
      17.902536392211914,
      17.146089553833008,
      5.82756233215332,
      52.767494201660156,
      49.60111999511719,
      53.29225540161133,
      49.06226348876953,
      65.4867172241211,
      64.4666519165039,
      94.02849578857422,
      82.5137710571289,
      79.92280578613281,
      64.59413146972656,
      50.09696960449219,
      36.35742950439453,
      27.1131649017334,
      20.943145751953125
    ],
    [
      26.496376037597656,
      31.169204711914062,
      23.074426651000977,
      17.1499080657959,
      58.06711959838867,
      58.36506652832031,
      54.66579818725586,
      49.62813949584961,
      66.28900909423828,
      66.33793640136719,
      82.5137710571289,
      95.83380889892578,
      81.1253890991211,
      65.8043212890625,
      48.16969299316406,
      35.476593017578125,
      25.26245880126953,
      19.616424560546875
    ],
    [
      33.74311065673828,
      32.38534927368164,
      19.948816299438477,
      -0.28757286071777344,
      41.11595916748047,
      37.973575592041016,
      43.21752166748047,
      41.292293548583984,
      54.280670166015625,
      51.962528228759766,
      79.92280578613281,
      81.1253890991211,
      109.19368743896484,
      81.6068115234375,
      79.60651397705078,
      56.2047119140625,
      48.5086555480957,
      37.02037811279297
    ],
    [
      25.714168548583984,
      24.2260799407959,
      16.28195571899414,
      3.0422606468200684,
      35.07655715942383,
      33.222618103027344,
      36.77360153198242,
      36.20045852661133,
      46.62234878540039,
      44.280521392822266,
      64.59413146972656,
      65.8043212890625,
      81.6068115234375,
      66.56976318359375,
      59.85317611694336,
      44.065284729003906,
      36.600303649902344,
      28.591737747192383
    ],
    [
      28.697649002075195,
      23.866222381591797,
      12.627601623535156,
      -6.752817630767822,
      18.470287322998047,
      16.22368812561035,
      22.846630096435547,
      23.10698127746582,
      29.066835403442383,
      27.36991310119629,
      50.09696960449219,
      48.16969299316406,
      79.60651397705078,
      59.85317611694336,
      73.63836669921875,
      52.63911437988281,
      50.311222076416016,
      38.83625030517578
    ],
    [
      20.767807006835938,
      16.77210807800293,
      10.031050682067871,
      -2.3990962505340576,
      14.650078773498535,
      13.494529724121094,
      17.812530517578125,
      17.78619956970215,
      22.151443481445312,
      20.740474700927734,
      36.35742950439453,
      35.476593017578125,
      56.2047119140625,
      44.065284729003906,
      52.63911437988281,
      39.988243103027344,
      37.04597854614258,
      29.57862663269043
    ],
    [
      17.997323989868164,
      13.856404304504395,
      8.415040016174316,
      -4.047859191894531,
      7.8341288566589355,
      6.843785285949707,
      10.203389167785645,
      10.60272216796875,
      13.466460227966309,
      12.507132530212402,
      27.1131649017334,
      25.26245880126953,
      48.5086555480957,
      36.600303649902344,
      50.311222076416016,
      37.04597854614258,
      44.045188903808594,
      34.782012939453125
    ],
    [
      13.990620613098145,
      10.365811347961426,
      6.877153396606445,
      -2.293118476867676,
      6.5322723388671875,
      5.825902938842773,
      8.24027156829834,
      8.45957088470459,
      10.629944801330566,
      9.856700897216797,
      20.943145751953125,
      19.616424560546875,
      37.02037811279297,
      28.591737747192383,
      38.83625030517578,
      29.57862663269043,
      34.782012939453125,
      28.52004051208496
    ]
  ],
  "drr": 8.825069427490234,
  "dynamics": 4.2896318435668945,
  "format": 1245190,
  "frames": 11880448,
  "loudness": -20.258468627929688,
  "loudness_range": 12.775185585021973,
  "loudness_range_short": 15.454967498779297,
  "peak": -0.19333526492118835,
  "rms": -21.27017593383789,
  "sample_rate": 44100,
  "sections": 1,
  "seekable": 1,
  "sharpness": 3.4541141986846924,
  "space": -7.4159369468688965
}