{
  "bands": [
    {
      "high_freq": 148.1999969482422,
      "loudness": -48.222530364990234,
      "loudness_range": 19.58721160888672,
      "mid_mean": -44.833030700683594,
      "mid_to_side_loudness": -17.210941314697266,
      "mid_to_side_loudness_range": 7.779275894165039,
      "side_mean": -61.104373931884766
    },
    {
      "high_freq": 392.3793640136719,
      "loudness": -32.164772033691406,
      "loudness_range": 18.752864837646484,
      "low_freq": 148.1999969482422,
      "mid_mean": -28.870534896850586,
      "mid_to_side_loudness": -10.788849830627441,
      "mid_to_side_loudness_range": 7.272849082946777,
      "side_mean": -40.08439636230469
    },
    {
      "high_freq": 794.6976318359375,
      "loudness": -28.78626251220703,
      "loudness_range": 15.21804428100586,
      "low_freq": 392.3793640136719,
      "mid_mean": -26.081018447875977,
      "mid_to_side_loudness": -6.7137956619262695,
      "mid_to_side_loudness_range": 5.78751277923584,
      "side_mean": -32.974334716796875
    },
    {
      "high_freq": 1457.5709228515625,
      "loudness": -38.0012092590332,
      "loudness_range": 17.393091201782227,
      "low_freq": 794.6976318359375,
      "mid_mean": -37.61802291870117,
      "mid_to_side_loudness": -0.07475987821817398,
      "mid_to_side_loudness_range": 8.092645645141602,
      "side_mean": -37.59010314941406
    },
    {
      "high_freq": 2549.74365234375,
      "loudness": -45.36796569824219,
      "loudness_range": 20.05158233642578,
      "low_freq": 1457.5709228515625,
      "mid_mean": -45.77497100830078,
      "mid_to_side_loudness": 1.0067566633224487,
      "mid_to_side_loudness_range": 5.175799369812012,
      "side_mean": -44.427589416503906
    },
    {
      "high_freq": 4349.24462890625,
      "loudness": -56.61853790283203,
      "loudness_range": 23.98025894165039,
      "low_freq": 2549.74365234375,
      "mid_mean": -56.994422912597656,
      "mid_to_side_loudness": 0.4055781364440918,
      "mid_to_side_loudness_range": 4.7112627029418945,
      "side_mean": -56.60083770751953
    },
    {
      "high_freq": 7314.1640625,
      "loudness": -72.92164611816406,
      "loudness_range": 18.80145263671875,
      "low_freq": 4349.24462890625,
      "mid_mean": -66.88384246826172,
      "mid_to_side_loudness": -0.3444528877735138,
      "mid_to_side_loudness_range": 4.574010848999023,
      "side_mean": -67.11891174316406
    },
    {
      "high_freq": 12199.2666015625,
      "loudness": 0,
      "loudness_range": 0,
      "low_freq": 7314.1640625,
      "mid_mean": -69.1678695678711,
      "mid_to_side_loudness": -0.24653872847557068,
      "mid_to_side_loudness_range": 0.824374258518219,
      "side_mean": -69.2126693725586
    },
    {
      "loudness": 0,
      "loudness_range": 0,
      "low_freq": 12199.2666015625,
      "mid_mean": -69.1056137084961,
      "mid_to_side_loudness": -0.15717540681362152,
      "mid_to_side_loudness_range": 0.45958322286605835,
      "side_mean": -69.13542175292969
    }
  ],
  "bands_short": [
    {
      "high_freq": 148.1999969482422,
      "loudness": -53.08831787109375,
      "loudness_range": 22.325443267822266,
      "mid_mean": -49.49366760253906,
      "mid_to_side_loudness": -16.914152145385742,
      "mid_to_side_loudness_range": 10.792121887207031,
      "side_mean": -64.02691650390625
    },
    {
      "high_freq": 392.3793640136719,
      "loudness": -32.86812973022461,
      "loudness_range": 20.2689266204834,
      "low_freq": 148.1999969482422,
      "mid_mean": -29.5854434967041,
      "mid_to_side_loudness": -11.097707748413086,
      "mid_to_side_loudness_range": 8.78348159790039,
      "side_mean": -41.09814453125
    },
    {
      "high_freq": 794.6976318359375,
      "loudness": -29.518522262573242,
      "loudness_range": 17.43939781188965,
      "low_freq": 392.3793640136719,
      "mid_mean": -26.76205062866211,
      "mid_to_side_loudness": -6.7824811935424805,
      "mid_to_side_loudness_range": 7.534133434295654,
      "side_mean": -33.705875396728516
    },
    {
      "high_freq": 1457.5709228515625,
      "loudness": -38.339698791503906,
      "loudness_range": 19.091163635253906,
      "low_freq": 794.6976318359375,
      "mid_mean": -38.11991500854492,
      "mid_to_side_loudness": 0.16181401908397675,
      "mid_to_side_loudness_range": 9.441832542419434,
      "side_mean": -37.76887893676758
    },
    {
      "high_freq": 2549.74365234375,
      "loudness": -46.12521743774414,
      "loudness_range": 21.53864288330078,
      "low_freq": 1457.5709228515625,
      "mid_mean": -46.488243103027344,
      "mid_to_side_loudness": 0.9089952111244202,
      "mid_to_side_loudness_range": 7.244871616363525,
      "side_mean": -45.312801361083984
    },
    {
      "high_freq": 4349.24462890625,
      "loudness": -55.943851470947266,
      "loudness_range": 25.418052673339844,
      "low_freq": 2549.74365234375,
      "mid_mean": -56.71568298339844,
      "mid_to_side_loudness": 0.7391634583473206,
      "mid_to_side_loudness_range": 7.267995357513428,
      "side_mean": -56.0126953125
    },
    {
      "high_freq": 7314.1640625,
      "loudness": -72.94624328613281,
      "loudness_range": 19.628353118896484,
      "low_freq": 4349.24462890625,
      "mid_mean": -66.97498321533203,
      "mid_to_side_loudness": 0.15598174929618835,
      "mid_to_side_loudness_range": 5.743134498596191,
      "side_mean": -66.8795394897461
    },
    {
      "high_freq": 12199.2666015625,
      "loudness": -77.78573608398438,
      "loudness_range": 3.8615570068359375,
      "low_freq": 7314.1640625,
      "mid_mean": -69.17109680175781,
      "mid_to_side_loudness": -0.24382202327251434,
      "mid_to_side_loudness_range": 1.8157323598861694,
      "side_mean": -69.21624755859375
    },
    {
      "loudness": 0,
      "loudness_range": 0,
      "low_freq": 12199.2666015625,
      "mid_mean": -69.10079193115234,
      "mid_to_side_loudness": -0.15857113897800446,
      "mid_to_side_loudness_range": 1.2736388444900513,
      "side_mean": -69.13129425048828
    }
  ],
  "channels": 2,
  "covariance": [
    [
      49.61837387084961,
      31.31679344177246,
      19.824525833129883,
      23.744319915771484,
      15.33048152923584,
      18.132579803466797,
      16.45888328552246,
      18.27820587158203,
      26.311920166015625,
      26.089611053466797,
      34.88017654418945,
      34.654239654541016,
      10.339807510375977,
      10.427672386169434,
      0.8056846261024475,
      0.7466049790382385,
      0.38844338059425354,
      0.338177353143692
    ],
    [
      31.31679344177246,
      25.041000366210938,
      16.299360275268555,
      17.6057071685791,
      11.196721076965332,
      13.332977294921875,
      9.94958209991455,
      12.449105262756348,
      20.712932586669922,
      21.01021957397461,
      26.090898513793945,
      25.698822021484375,
      7.794182300567627,
      8.101472854614258,
      0.5984768271446228,
      0.5639744400978088,
      0.301041841506958,
      0.2639937698841095
    ],
    [
      19.824525833129883,
      16.299360275268555,
      47.768184661865234,
      39.851688385009766,
      20.570547103881836,
      23.224878311157227,
      17.790369033813477,
      21.80243492126465,
      35.485755920410156,
      37.968509674072266,
      37.862239837646484,
      35.9543571472168,
      13.059776306152344,
      12.863370895385742,
      0.9868969321250916,
      0.8804632425308228,
      0.47552689909935,
      0.4226570427417755
    ],
    [
      23.744319915771484,
      17.6057071685791,
      39.851688385009766,
      40.87840270996094,
      19.272960662841797,
      22.346336364746094,
      18.79142951965332,
      22.570125579833984,
      33.07796096801758,
      34.119781494140625,
      35.65422821044922,
      33.896480560302734,
      11.933475494384766,
      12.073107719421387,
      0.9190616607666016,
      0.8353947997093201,
      0.44767138361930847,
      0.4001550078392029
    ],
    [
      15.33048152923584,
      11.196721076965332,
      20.570547103881836,
      19.272960662841797,
      36.29987335205078,
      33.963748931884766,
      23.704666137695312,
      24.9967098236084,
      36.56546401977539,
      34.039710998535156,
      38.477500915527344,
      39.478675842285156,
      14.221827507019043,
      12.607577323913574,
      1.1502693891525269,
      0.9703667163848877,
      0.5394647717475891,
      0.47822052240371704
    ],
    [
      18.132579803466797,
      13.332977294921875,
      23.224878311157227,
      22.346336364746094,
      33.963748931884766,
      37.24317169189453,
      23.642492294311523,
      25.725276947021484,
      39.280418395996094,
      37.27374267578125,
      40.75263595581055,
      41.338348388671875,
      14.140510559082031,
      12.848329544067383,
      1.1247531175613403,
      0.9669143557548523,
      0.5336775183677673,
      0.4792931079864502
    ],
    [
      16.45888328552246,
      9.94958209991455,
      17.790369033813477,
      18.79142951965332,
      23.704666137695312,
      23.642492294311523,
      46.52537536621094,
      37.916908264160156,
      30.924848556518555,
      25.546977996826172,
      31.457439422607422,
      32.074153900146484,
      10.70529842376709,
      10.637456893920898,
      0.9975453019142151,
      0.8671169281005859,
      0.498115599155426,
      0.44316139817237854
    ],
    [
      18.27820587158203,
      12.449105262756348,
      21.80243492126465,
      22.570125579833984,
      24.9967098236084,
      25.725276947021484,
      37.916908264160156,
      38.9411506652832,
      33.9564208984375,
      31.069753646850586,
      34.32897186279297,
      34.46931076049805,
      11.454347610473633,
      11.407060623168945,
      1.0182483196258545,
      0.8984352946281433,
      0.5024030208587646,
      0.4539709687232971
    ],
    [
      26.311920166015625,
      20.712932586669922,
      35.485755920410156,
      33.07796096801758,
      36.56546401977539,
      39.280418395996094,
      30.924848556518555,
      33.9564208984375,
      53.27071762084961,
      51.384361267089844,
      52.286476135253906,
      52.75334930419922,
      18.019315719604492,
      17.128589630126953,
      1.3920155763626099,
      1.22720468044281,
      0.6628203392028809,
      0.5967953205108643
    ],
    [
      26.089611053466797,
      21.01021957397461,
      37.968509674072266,
      34.119781494140625,
      34.039710998535156,
      37.27374267578125,
      25.546977996826172,
      31.069753646850586,
      51.384361267089844,
      56.982112884521484,
      53.74202346801758,
      53.53421401977539,
      18.41972541809082,
      17.640939712524414,
      1.3781495094299316,
      1.2273081541061401,
      0.6575590968132019,
      0.596132755279541
    ],
    [
      34.88017654418945,
      26.090898513793945,
      37.862239837646484,
      35.65422821044922,
      38.477500915527344,
      40.75263595581055,
      31.457439422607422,
      34.32897186279297,
      52.286476135253906,
      53.74202346801758,
      68.638916015625,
      67.3555908203125,
      24.082319259643555,
      22.551136016845703,
      1.7859162092208862,
      1.5892874002456665,
      0.8588725924491882,
      0.7682593464851379
    ],
    [
      34.654239654541016,
      25.698822021484375,
      35.9543571472168,
      33.896480560302734,
      39.478675842285156,
      41.338348388671875,
      32.074153900146484,
      34.46931076049805,
      52.75334930419922,
      53.53421401977539,
      67.3555908203125,
      68.19775390625,
      23.85222625732422,
      22.052135467529297,
      1.773844599723816,
      1.5695161819458008,
      0.8486378192901611,
      0.7589964270591736
    ],
    [
      10.339807510375977,
      7.794182300567627,
      13.059776306152344,
      11.933475494384766,
      14.221827507019043,
      14.140510559082031,
      10.70529842376709,
      11.454347610473633,
      18.019315719604492,
      18.41972541809082,
      24.082319259643555,
      23.85222625732422,
      12.528909683227539,
      10.725003242492676,
      0.8124643564224243,
      0.7517785429954529,
      0.3600371479988098,
      0.3190805912017822
    ],
    [
      10.427672386169434,
      8.101472854614258,
      12.863370895385742,
      12.073107719421387,
      12.607577323913574,
      12.848329544067383,
      10.637456893920898,
      11.407060623168945,
      17.128589630126953,
      17.640939712524414,
      22.551136016845703,
      22.052135467529297,
      10.725003242492676,
      10.158416748046875,
      0.760407567024231,
      0.7099754214286804,
      0.33315572142601013,
      0.30006590485572815
    ],
    [
      0.8056846261024475,
      0.5984768271446228,
      0.9868969321250916,
      0.9190616607666016,
      1.1502693891525269,
      1.1247531175613403,
      0.9975453019142151,
      1.0182483196258545,
      1.3920155763626099,
      1.3781495094299316,
      1.7859162092208862,
      1.773844599723816,
      0.8124643564224243,
      0.760407567024231,
      0.0687800869345665,
      0.06284264475107193,
      0.02981499768793583,
      0.026563016697764397
    ],
    [
      0.7466049790382385,
      0.5639744400978088,
      0.8804632425308228,
      0.8353947997093201,
      0.9703667163848877,
      0.9669143557548523,
      0.8671169281005859,
      0.8984352946281433,
      1.22720468044281,
      1.2273081541061401,
      1.5892874002456665,
      1.5695161819458008,
      0.7517785429954529,
      0.7099754214286804,
      0.06284264475107193,
      0.06064986437559128,
      0.026862697675824165,
      0.024066368117928505
    ],
    [
      0.38844338059425354,
      0.301041841506958,
      0.47552689909935,
      0.44767138361930847,
      0.5394647717475891,
      0.5336775183677673,
      0.498115599155426,
      0.5024030208587646,
      0.6628203392028809,
      0.6575590968132019,
      0.8588725924491882,
      0.8486378192901611,
      0.3600371479988098,
      0.33315572142601013,
      0.02981499768793583,
      0.026862697675824165,
      0.015314782038331032,
      0.013291819952428341
    ],
    [
      0.338177353143692,
      0.2639937698841095,
      0.4226570427417755,
      0.4001550078392029,
      0.47822052240371704,
      0.4792931079864502,
      0.44316139817237854,
      0.4539709687232971,
      0.5967953205108643,
      0.596132755279541,
      0.7682593464851379,
      0.7589964270591736,
      0.3190805912017822,
      0.30006590485572815,
      0.026563016697764397,
      0.024066368117928505,
      0.013291819952428341,
      0.012256469577550888
    ]
  ],
  "covariance_short": [
    [
      58.701541900634766,
      29.164066314697266,
      21.34557342529297,
      22.026718139648438,
      17.80156898498535,
      21.09225082397461,
      15.069559097290039,
      18.590906143188477,
      27.76348304748535,
      28.518268585205078,
      37.169944763183594,
      37.45341873168945,
      10.799663543701172,
      11.458208084106445,
      0.8361185193061829,
      0.7582916021347046,
      0.41799238324165344,
      0.3729577362537384
    ],
    [
      29.164066314697266,
      19.002166748046875,
      13.317030906677246,
      13.345759391784668,
      9.817825317382812,
      11.797293663024902,
      7.869605541229248,
      10.439214706420898,
      16.061437606811523,
      16.812936782836914,
      19.679357528686523,
      19.66795539855957,
      5.984207630157471,
      6.530029296875,
      0.4535205066204071,
      0.4166819155216217,
      0.2246423214673996,
      0.20427311956882477
    ],
    [
      21.34557342529297,
      13.317030906677246,
      54.47638702392578,
      45.41490936279297,
      22.96926498413086,
      24.42214012145996,
      19.920425415039062,
      26.2130069732666,
      37.22357177734375,
      40.40449142456055,
      40.20823287963867,
      38.829437255859375,
      13.838080406188965,
      14.739672660827637,
      1.1075745820999146,
      0.9783111214637756,
      0.5303869247436523,
      0.47142839431762695
    ],
    [
      22.026718139648438,
      13.345759391784668,
      45.41490936279297,
      48.45693588256836,
      20.233135223388672,
      22.01825523376465,
      20.21478271484375,
      26.04681396484375,
      33.85012435913086,
      36.46675491333008,
      36.485591888427734,
      34.99104309082031,
      12.413046836853027,
      13.3992919921875,
      0.9934462904930115,
      0.8990334868431091,
      0.4857194423675537,
      0.4367249310016632
    ],
    [
      17.80156898498535,
      9.817825317382812,
      22.96926498413086,
      20.233135223388672,
      43.36216354370117,
      38.372920989990234,
      26.71030616760254,
      28.831329345703125,
      40.310035705566406,
      39.0703239440918,
      43.341766357421875,
      44.71763610839844,
      15.517831802368164,
      15.588055610656738,
      1.3625352382659912,
      1.1304309368133545,
      0.6570859551429749,
      0.5741684436798096
    ],
    [
      21.09225082397461,
      11.797293663024902,
      24.42214012145996,
      22.01825523376465,
      38.372920989990234,
      42.76502227783203,
      25.58342933654785,
      28.469032287597656,
      41.511756896972656,
      40.97158432006836,
      44.576377868652344,
      45.729103088378906,
      15.025650978088379,
      15.424256324768066,
      1.2736681699752808,
      1.0830235481262207,
      0.614436686038971,
      0.556012749671936
    ],
    [
      15.069559097290039,
      7.869605541229248,
      19.920425415039062,
      20.21478271484375,
      26.71030616760254,
      25.58342933654785,
      50.15245056152344,
      41.38675308227539,
      34.76690673828125,
      30.63734245300293,
      34.9903678894043,
      35.46232986450195,
      11.862913131713867,
      12.579771041870117,
      1.1258652210235596,
      0.9785229563713074,
      0.5768569707870483,
      0.508196234703064
    ],
    [
      18.590906143188477,
      10.439214706420898,
      26.2130069732666,
      26.04681396484375,
      28.831329345703125,
      28.469032287597656,
      41.38675308227539,
      44.474185943603516,
      38.14855194091797,
      35.09337615966797,
      38.00474166870117,
      38.60038375854492,
      12.533252716064453,
      13.299184799194336,
      1.1513463258743286,
      1.0159461498260498,
      0.5803841352462769,
      0.5216191411018372
    ],
    [
      27.76348304748535,
      16.061437606811523,
      37.22357177734375,
      33.85012435913086,
      40.310035705566406,
      41.511756896972656,
      34.76690673828125,
      38.14855194091797,
      58.71921157836914,
      55.77347183227539,
      55.968475341796875,
      57.29021072387695,
      19.028289794921875,
      20.137523651123047,
      1.5492100715637207,
      1.3654305934906006,
      0.7389043569564819,
      0.6720510125160217
    ],
    [
      28.518268585205078,
      16.812936782836914,
      40.40449142456055,
      36.46675491333008,
      39.0703239440918,
      40.97158432006836,
      30.63734245300293,
      35.09337615966797,
      55.77347183227539,
      63.398799896240234,
      58.712974548339844,
      59.941688537597656,
      19.606948852539062,
      20.920713424682617,
      1.5394597053527832,
      1.3629502058029175,
      0.7307390570640564,
      0.6660696864128113
    ],
    [
      37.169944763183594,
      19.679357528686523,
      40.20823287963867,
      36.485591888427734,
      43.341766357421875,
      44.576377868652344,
      34.9903678894043,
      38.00474166870117,
      55.968475341796875,
      58.712974548339844,
      73.80299377441406,
      73.33718872070312,
      24.452653884887695,
      25.81174087524414,
      1.9013351202011108,
      1.6769320964813232,
      0.9235512614250183,
      0.8271777033805847
    ],
    [
      37.45341873168945,
      19.66795539855957,
      38.829437255859375,
      34.99104309082031,
      44.71763610839844,
      45.729103088378906,
      35.46232986450195,
      38.60038375854492,
      57.29021072387695,
      59.941688537597656,
      73.33718872070312,
      77.8511962890625,
      24.31806755065918,
      25.810136795043945,
      1.9062373638153076,
      1.6731265783309937,
      0.9195168018341064,
      0.8280903697013855
    ],
    [
      10.799663543701172,
      5.984207630157471,
      13.838080406188965,
      12.413046836853027,
      15.517831802368164,
      15.025650978088379,
      11.862913131713867,
      12.533252716064453,
      19.028289794921875,
      19.606948852539062,
      24.452653884887695,
      24.31806755065918,
      13.08751106262207,
      12.555133819580078,
      0.930846095085144,
      0.8593049049377441,
      0.4061003625392914,
      0.356253057718277
    ],
    [
      11.458208084106445,
      6.530029296875,
      14.739672660827637,
      13.3992919921875,
      15.588055610656738,
      15.424256324768066,
      12.579771041870117,
      13.299184799194336,
      20.137523651123047,
      20.920713424682617,
      25.81174087524414,
      25.810136795043945,
      12.555133819580078,
      13.589276313781738,
      0.9441361427307129,
      0.8776931166648865,
      0.40078336000442505,
      0.35815954208374023
    ],
    [
      0.8361185193061829,
      0.4535205066204071,
      1.1075745820999146,
      0.9934462904930115,
      1.3625352382659912,
      1.2736681699752808,
      1.1258652210235596,
      1.1513463258743286,
      1.5492100715637207,
      1.5394597053527832,
      1.9013351202011108,
      1.9062373638153076,
      0.930846095085144,
      0.9441361427307129,
      0.09849186986684799,
      0.08574731647968292,
      0.03807848319411278,
      0.03272731602191925
    ],
    [
      0.7582916021347046,
      0.4166819155216217,
      0.9783111214637756,
      0.8990334868431091,
      1.1304309368133545,
      1.0830235481262207,
      0.9785229563713074,
      1.0159461498260498,
      1.3654305934906006,
      1.3629502058029175,
      1.6769320964813232,
      1.6731265783309937,
      0.8593049049377441,
      0.8776931166648865,
      0.08574731647968292,
      0.0897759273648262,
      0.03377974405884743,
      0.02980501763522625
    ],
    [
      0.41799238324165344,
      0.2246423214673996,
      0.5303869247436523,
      0.4857194423675537,
      0.6570859551429749,
      0.614436686038971,
      0.5768569707870483,
      0.5803841352462769,
      0.7389043569564819,
      0.7307390570640564,
      0.9235512614250183,
      0.9195168018341064,
      0.4061003625392914,
      0.40078336000442505,
      0.03807848319411278,
      0.03377974405884743,
      0.022891052067279816,
      0.016732927411794662
    ],
    [
      0.3729577362537384,
      0.20427311956882477,
      0.47142839431762695,
      0.4367249310016632,
      0.5741684436798096,
      0.556012749671936,
      0.508196234703064,
      0.5216191411018372,
      0.6720510125160217,
      0.6660696864128113,
      0.8271777033805847,
      0.8280903697013855,
      0.356253057718277,
      0.35815954208374023,
      0.03272731602191925,
      0.02980501763522625,
      0.016732927411794662,
      0.017999103292822838
    ]
  ],
  "drr": 8.46597957611084,
  "dynamics": 4.5741801261901855,
  "format": 1245190,
  "frames": 3346432,
  "loudness": -22.105205535888672,
  "loudness_range": 12.646219253540039,
  "loudness_range_short": 15.421358108520508,
  "peak": -5.404739856719971,
  "rms": -23.164371490478516,
  "sample_rate": 44100,
  "sections": 1,
  "seekable": 1,
  "sharpness": 2.6088831424713135,
  "space": -7.033784866333008
}