{
  "bands": [
    {
      "high_freq": 148.1999969482422,
      "loudness": -47.5469970703125,
      "loudness_range": 32.515350341796875,
      "mid_mean": -43.845619201660156,
      "mid_to_side_loudness": -17.27180290222168,
      "mid_to_side_loudness_range": 8.232050895690918,
      "side_mean": -59.3703498840332
    },
    {
      "high_freq": 392.3793640136719,
      "loudness": -30.535728454589844,
      "loudness_range": 22.39251708984375,
      "low_freq": 148.1999969482422,
      "mid_mean": -27.354042053222656,
      "mid_to_side_loudness": -10.693877220153809,
      "mid_to_side_loudness_range": 6.88236141204834,
      "side_mean": -38.211181640625
    },
    {
      "high_freq": 794.6976318359375,
      "loudness": -29.374412536621094,
      "loudness_range": 23.32724380493164,
      "low_freq": 392.3793640136719,
      "mid_mean": -26.679643630981445,
      "mid_to_side_loudness": -6.362850666046143,
      "mid_to_side_loudness_range": 6.738816738128662,
      "side_mean": -32.99667739868164
    },
    {
      "high_freq": 1457.5709228515625,
      "loudness": -34.946224212646484,
      "loudness_range": 30.825515747070312,
      "low_freq": 794.6976318359375,
      "mid_mean": -35.64543533325195,
      "mid_to_side_loudness": 1.3281792402267456,
      "mid_to_side_loudness_range": 7.826868534088135,
      "side_mean": -34.25457000732422
    },
    {
      "high_freq": 2549.74365234375,
      "loudness": -39.21045684814453,
      "loudness_range": 32.23398208618164,
      "low_freq": 1457.5709228515625,
      "mid_mean": -40.25249099731445,
      "mid_to_side_loudness": 1.3707678318023682,
      "mid_to_side_loudness_range": 6.160109996795654,
      "side_mean": -38.733333587646484
    },
    {
      "high_freq": 4349.24462890625,
      "loudness": -48.06242752075195,
      "loudness_range": 28.45636749267578,
      "low_freq": 2549.74365234375,
      "mid_mean": -53.00161361694336,
      "mid_to_side_loudness": 0.19743314385414124,
      "mid_to_side_loudness_range": 5.598553657531738,
      "side_mean": -52.7733268737793
    },
    {
      "high_freq": 7314.1640625,
      "loudness": -59.03541946411133,
      "loudness_range": 26.535621643066406,
      "low_freq": 4349.24462890625,
      "mid_mean": -62.08724594116211,
      "mid_to_side_loudness": 0.3067910373210907,
      "mid_to_side_loudness_range": 4.06520938873291,
      "side_mean": -61.82130813598633
    },
    {
      "high_freq": 12199.2666015625,
      "loudness": -74.89956665039062,
      "loudness_range": 16.047557830810547,
      "low_freq": 7314.1640625,
      "mid_mean": -67.97911834716797,
      "mid_to_side_loudness": 0.08086417615413666,
      "mid_to_side_loudness_range": 2.0672779083251953,
      "side_mean": -67.87783813476562
    },
    {
      "loudness": -76.30657196044922,
      "loudness_range": 5.752006530761719,
      "low_freq": 12199.2666015625,
      "mid_mean": -68.85311126708984,
      "mid_to_side_loudness": -0.11389230936765671,
      "mid_to_side_loudness_range": 0.5282772779464722,
      "side_mean": -68.87911987304688
    }
  ],
  "bands_short": [
    {
      "high_freq": 148.1999969482422,
      "loudness": -50.320980072021484,
      "loudness_range": 32.41424560546875,
      "mid_mean": -46.76958465576172,
      "mid_to_side_loudness": -17.776819229125977,
      "mid_to_side_loudness_range": 12.461602210998535,
      "side_mean": -62.07489013671875
    },
    {
      "high_freq": 392.3793640136719,
      "loudness": -31.317537307739258,
      "loudness_range": 24.632537841796875,
      "low_freq": 148.1999969482422,
      "mid_mean": -28.104230880737305,
      "mid_to_side_loudness": -10.900814056396484,
      "mid_to_side_loudness_range": 8.94458293914795,
      "side_mean": -39.229007720947266
    },
    {
      "high_freq": 794.6976318359375,
      "loudness": -29.733850479125977,
      "loudness_range": 24.277952194213867,
      "low_freq": 392.3793640136719,
      "mid_mean": -27.042118072509766,
      "mid_to_side_loudness": -6.602949142456055,
      "mid_to_side_loudness_range": 8.633838653564453,
      "side_mean": -33.532352447509766
    },
    {
      "high_freq": 1457.5709228515625,
      "loudness": -35.97567367553711,
      "loudness_range": 32.32847595214844,
      "low_freq": 794.6976318359375,
      "mid_mean": -36.61837387084961,
      "mid_to_side_loudness": 1.4396414756774902,
      "mid_to_side_loudness_range": 9.632222175598145,
      "side_mean": -35.320777893066406
    },
    {
      "high_freq": 2549.74365234375,
      "loudness": -40.238582611083984,
      "loudness_range": 31.730926513671875,
      "low_freq": 1457.5709228515625,
      "mid_mean": -41.36463165283203,
      "mid_to_side_loudness": 1.2855647802352905,
      "mid_to_side_loudness_range": 8.320484161376953,
      "side_mean": -39.993316650390625
    },
    {
      "high_freq": 4349.24462890625,
      "loudness": -48.25275421142578,
      "loudness_range": 28.831443786621094,
      "low_freq": 2549.74365234375,
      "mid_mean": -53.13161849975586,
      "mid_to_side_loudness": 0.3951273560523987,
      "mid_to_side_loudness_range": 6.658022880554199,
      "side_mean": -52.74114227294922
    },
    {
      "high_freq": 7314.1640625,
      "loudness": -60.579933166503906,
      "loudness_range": 28.843650817871094,
      "low_freq": 4349.24462890625,
      "mid_mean": -62.704078674316406,
      "mid_to_side_loudness": 0.2636784613132477,
      "mid_to_side_loudness_range": 5.389662742614746,
      "side_mean": -62.48881149291992
    },
    {
      "high_freq": 12199.2666015625,
      "loudness": -75.46479797363281,
      "loudness_range": 14.708633422851562,
      "low_freq": 7314.1640625,
      "mid_mean": -68.22093963623047,
      "mid_to_side_loudness": 0.0653674453496933,
      "mid_to_side_loudness_range": 2.804609537124634,
      "side_mean": -68.13832092285156
    },
    {
      "loudness": -76.3857421875,
      "loudness_range": 5.782127380371094,
      "low_freq": 12199.2666015625,
      "mid_mean": -68.86426544189453,
      "mid_to_side_loudness": -0.11703667044639587,
      "mid_to_side_loudness_range": 1.3568793535232544,
      "side_mean": -68.8914566040039
    }
  ],
  "channels": 2,
  "covariance": [
    [
      120.7126693725586,
      79.82930755615234,
      65.67993927001953,
      72.5067367553711,
      61.527156829833984,
      62.22663879394531,
      78.68245697021484,
      77.11600494384766,
      94.90145874023438,
      89.96446990966797,
      116.86286926269531,
      119.37734985351562,
      68.49647521972656,
      71.67947387695312,
      15.007678985595703,
      16.362863540649414,
      3.603261947631836,
      3.492705821990967
    ],
    [
      79.82930755615234,
      58.77476501464844,
      46.39331817626953,
      51.18773651123047,
      41.60255813598633,
      43.05682373046875,
      60.09605026245117,
      59.00918197631836,
      71.56898498535156,
      67.8287124633789,
      82.19393157958984,
      84.05203247070312,
      51.41914367675781,
      53.96609878540039,
      12.065312385559082,
      12.995068550109863,
      2.8671324253082275,
      2.797605037689209
    ],
    [
      65.67993927001953,
      46.39331817626953,
      68.50763702392578,
      64.01821899414062,
      48.667259216308594,
      48.280052185058594,
      58.090110778808594,
      56.67659378051758,
      67.40327453613281,
      64.41793060302734,
      78.6707763671875,
      80.0338134765625,
      47.07489013671875,
      49.60422134399414,
      11.240682601928711,
      12.08857536315918,
      2.7160353660583496,
      2.6614720821380615
    ],
    [
      72.5067367553711,
      51.18773651123047,
      64.01821899414062,
      71.47620391845703,
      48.7875862121582,
      49.890220642089844,
      62.38726806640625,
      61.646480560302734,
      73.34840393066406,
      69.88019561767578,
      86.4477310180664,
      87.91192626953125,
      51.80904006958008,
      54.698909759521484,
      12.061275482177734,
      13.044746398925781,
      2.933544874191284,
      2.86909556388855
    ],
    [
      61.527156829833984,
      41.60255813598633,
      48.667259216308594,
      48.7875862121582,
      66.22411346435547,
      58.30143356323242,
      59.990013122558594,
      58.82405471801758,
      67.3786849975586,
      63.85309600830078,
      79.75777435302734,
      82.20132446289062,
      46.7601318359375,
      47.94954299926758,
      10.116950988769531,
      10.812491416931152,
      2.5139455795288086,
      2.4014322757720947
    ],
    [
      62.22663879394531,
      43.05682373046875,
      48.280052185058594,
      49.890220642089844,
      58.30143356323242,
      63.45502471923828,
      62.11792755126953,
      60.7049446105957,
      68.33808135986328,
      64.98943328857422,
      81.02759552001953,
      82.92379760742188,
      47.75429916381836,
      49.4501838684082,
      10.504938125610352,
      11.25086784362793,
      2.5824265480041504,
      2.48776912689209
    ],
    [
      78.68245697021484,
      60.09605026245117,
      58.090110778808594,
      62.38726806640625,
      59.990013122558594,
      62.11792755126953,
      125.0035629272461,
      111.5712661743164,
      112.11211395263672,
      104.8561019897461,
      115.14673614501953,
      119.16059875488281,
      77.41547393798828,
      81.47215270996094,
      19.678503036499023,
      21.58148193359375,
      4.882093906402588,
      4.77692985534668
    ],
    [
      77.11600494384766,
      59.00918197631836,
      56.67659378051758,
      61.646480560302734,
      58.82405471801758,
      60.7049446105957,
      111.5712661743164,
      117.72865295410156,
      108.0538330078125,
      102.1508560180664,
      111.34403228759766,
      114.71497344970703,
      74.48043823242188,
      78.2979736328125,
      18.48095703125,
      20.01827621459961,
      4.562376499176025,
      4.499731063842773
    ],
    [
      94.90145874023438,
      71.56898498535156,
      67.40327453613281,
      73.34840393066406,
      67.3786849975586,
      68.33808135986328,
      112.11211395263672,
      108.0538330078125,
      134.90220642089844,
      123.06816101074219,
      126.84357452392578,
      132.51837158203125,
      85.46788787841797,
      90.27714538574219,
      21.214874267578125,
      23.146284103393555,
      5.239589691162109,
      5.130321502685547
    ],
    [
      89.96446990966797,
      67.8287124633789,
      64.41793060302734,
      69.88019561767578,
      63.85309600830078,
      64.98943328857422,
      104.8561019897461,
      102.1508560180664,
      123.06816101074219,
      123.50358581542969,
      119.26298522949219,
      124.4918212890625,
      79.98387908935547,
      84.49095153808594,
      20.171337127685547,
      21.911470413208008,
      4.950646877288818,
      4.873876571655273
    ],
    [
      116.86286926269531,
      82.19393157958984,
      78.6707763671875,
      86.4477310180664,
      79.75777435302734,
      81.02759552001953,
      115.14673614501953,
      111.34403228759766,
      126.84357452392578,
      119.26298522949219,
      154.1382293701172,
      157.4320526123047,
      94.56024169921875,
      98.33868408203125,
      21.496665954589844,
      23.348573684692383,
      5.170220851898193,
      5.024550914764404
    ],
    [
      119.37734985351562,
      84.05203247070312,
      80.0338134765625,
      87.91192626953125,
      82.20132446289062,
      82.92379760742188,
      119.16059875488281,
      114.71497344970703,
      132.51837158203125,
      124.4918212890625,
      157.4320526123047,
      163.5627899169922,
      97.94878387451172,
      102.22146606445312,
      22.56877899169922,
      24.64236831665039,
      5.444212436676025,
      5.286827564239502
    ],
    [
      68.49647521972656,
      51.41914367675781,
      47.07489013671875,
      51.80904006958008,
      46.7601318359375,
      47.75429916381836,
      77.41547393798828,
      74.48043823242188,
      85.46788787841797,
      79.98387908935547,
      94.56024169921875,
      97.94878387451172,
      69.40266418457031,
      71.63770294189453,
      17.205236434936523,
      18.805116653442383,
      3.913773536682129,
      3.8121211528778076
    ],
    [
      71.67947387695312,
      53.96609878540039,
      49.60422134399414,
      54.698909759521484,
      47.94954299926758,
      49.4501838684082,
      81.47215270996094,
      78.2979736328125,
      90.27714538574219,
      84.49095153808594,
      98.33868408203125,
      102.22146606445312,
      71.63770294189453,
      75.35697937011719,
      17.95427894592285,
      19.651187896728516,
      4.143022060394287,
      4.04142951965332
    ],
    [
      15.007678985595703,
      12.065312385559082,
      11.240682601928711,
      12.061275482177734,
      10.116950988769531,
      10.504938125610352,
      19.678503036499023,
      18.48095703125,
      21.214874267578125,
      20.171337127685547,
      21.496665954589844,
      22.56877899169922,
      17.205236434936523,
      17.95427894592285,
      6.065094470977783,
      6.53875207901001,
      1.3036972284317017,
      1.2903488874435425
    ],
    [
      16.362863540649414,
      12.995068550109863,
      12.08857536315918,
      13.044746398925781,
      10.812491416931152,
      11.25086784362793,
      21.58148193359375,
      20.01827621459961,
      23.146284103393555,
      21.911470413208008,
      23.348573684692383,
      24.64236831665039,
      18.805116653442383,
      19.651187896728516,
      6.53875207901001,
      7.285048484802246,
      1.4095685482025146,
      1.394542932510376
    ],
    [
      3.603261947631836,
      2.8671324253082275,
      2.7160353660583496,
      2.933544874191284,
      2.5139455795288086,
      2.5824265480041504,
      4.882093906402588,
      4.562376499176025,
      5.239589691162109,
      4.950646877288818,
      5.170220851898193,
      5.444212436676025,
      3.913773536682129,
      4.143022060394287,
      1.3036972284317017,
      1.4095685482025146,
      0.3265303373336792,
      0.32035186886787415
    ],
    [
      3.492705821990967,
      2.797605037689209,
      2.6614720821380615,
      2.86909556388855,
      2.4014322757720947,
      2.48776912689209,
      4.77692985534668,
      4.499731063842773,
      5.130321502685547,
      4.873876571655273,
      5.024550914764404,
      5.286827564239502,
      3.8121211528778076,
      4.04142951965332,
      1.2903488874435425,
      1.394542932510376,
      0.32035186886787415,
      0.3184404969215393
    ]
  ],
  "covariance_short": [
    [
      119.26805114746094,
      65.31827545166016,
      62.932430267333984,
      68.47517395019531,
      58.39360046386719,
      58.83354568481445,
      78.17684936523438,
      78.21199798583984,
      92.27818298339844,
      86.87405395507812,
      109.04336547851562,
      110.34825134277344,
      62.65833282470703,
      65.14421844482422,
      12.43858814239502,
      13.667621612548828,
      3.4316184520721436,
      3.314897298812866
    ],
    [
      65.31827545166016,
      43.03902053833008,
      37.06315612792969,
      40.6634521484375,
      33.102447509765625,
      34.32100296020508,
      48.39351272583008,
      48.32051467895508,
      57.45146179199219,
      53.794734954833984,
      64.11531066894531,
      64.99951934814453,
      39.81023406982422,
      41.570030212402344,
      8.486135482788086,
      9.318039894104004,
      2.2889156341552734,
      2.225289821624756
    ],
    [
      62.932430267333984,
      37.06315612792969,
      75.78244018554688,
      68.38006591796875,
      51.83279037475586,
      50.224124908447266,
      62.495635986328125,
      63.74238967895508,
      70.20691680908203,
      67.82938385009766,
      79.31201171875,
      80.71311950683594,
      45.974273681640625,
      48.17939376831055,
      9.872294425964355,
      10.627978324890137,
      2.778446912765503,
      2.7135841846466064
    ],
    [
      68.47517395019531,
      40.6634521484375,
      68.38006591796875,
      77.17549896240234,
      50.843238830566406,
      51.29885482788086,
      64.50562286376953,
      65.7320785522461,
      73.87409973144531,
      71.27655792236328,
      85.33367919921875,
      86.68395233154297,
      49.46760940551758,
      51.99985885620117,
      10.17181396484375,
      11.054010391235352,
      2.866351842880249,
      2.798330068588257
    ],
    [
      58.39360046386719,
      33.102447509765625,
      51.83279037475586,
      50.843238830566406,
      70.83666229248047,
      61.65088653564453,
      66.78763580322266,
      66.44293212890625,
      70.70528411865234,
      67.58490753173828,
      81.92655944824219,
      84.31858825683594,
      45.91423034667969,
      47.096805572509766,
      9.303559303283691,
      9.93338394165039,
      2.6726536750793457,
      2.5355467796325684
    ],
    [
      58.83354568481445,
      34.32100296020508,
      50.224124908447266,
      51.29885482788086,
      61.65088653564453,
      69.1865005493164,
      67.32949829101562,
      68.27487182617188,
      71.19060516357422,
      68.56134796142578,
      82.95594024658203,
      84.72201538085938,
      46.42042922973633,
      47.911407470703125,
      9.341084480285645,
      10.007331848144531,
      2.686725378036499,
      2.576043128967285
    ],
    [
      78.17684936523438,
      48.39351272583008,
      62.495635986328125,
      64.50562286376953,
      66.78763580322266,
      67.32949829101562,
      122.65318298339844,
      109.01432800292969,
      110.86360168457031,
      105.93258666992188,
      113.6117935180664,
      116.45577239990234,
      72.71791076660156,
      75.95940399169922,
      17.169721603393555,
      18.714120864868164,
      5.0453691482543945,
      4.921737194061279
    ],
    [
      78.21199798583984,
      48.32051467895508,
      63.74238967895508,
      65.7320785522461,
      66.44293212890625,
      68.27487182617188,
      109.01432800292969,
      118.12852478027344,
      108.74391174316406,
      103.2547378540039,
      112.54042053222656,
      114.66097259521484,
      70.57318115234375,
      73.50569152832031,
      15.956387519836426,
      17.308401107788086,
      4.688969612121582,
      4.6299920082092285
    ],
    [
      92.27818298339844,
      57.45146179199219,
      70.20691680908203,
      73.87409973144531,
      70.70528411865234,
      71.19060516357422,
      110.86360168457031,
      108.74391174316406,
      135.1785125732422,
      121.71124267578125,
      125.42974853515625,
      129.2065887451172,
      81.34774780273438,
      85.20341491699219,
      18.616945266723633,
      20.366640090942383,
      5.412328243255615,
      5.276153564453125
    ],
    [
      86.87405395507812,
      53.794734954833984,
      67.82938385009766,
      71.27655792236328,
      67.58490753173828,
      68.56134796142578,
      105.93258666992188,
      103.2547378540039,
      121.71124267578125,
      125.32698822021484,
      119.45433807373047,
      123.56959533691406,
      76.44889068603516,
      80.01573944091797,
      17.711097717285156,
      19.295930862426758,
      5.130037784576416,
      5.045189380645752
    ],
    [
      109.04336547851562,
      64.11531066894531,
      79.31201171875,
      85.33367919921875,
      81.92655944824219,
      82.95594024658203,
      113.6117935180664,
      112.54042053222656,
      125.42974853515625,
      119.45433807373047,
      151.7172393798828,
      153.59652709960938,
      88.47278594970703,
      91.54008483886719,
      18.644084930419922,
      20.28359031677246,
      5.205738544464111,
      5.040356636047363
    ],
    [
      110.34825134277344,
      64.99951934814453,
      80.71311950683594,
      86.68395233154297,
      84.31858825683594,
      84.72201538085938,
      116.45577239990234,
      114.66097259521484,
      129.2065887451172,
      123.56959533691406,
      153.59652709960938,
      159.76974487304688,
      90.5886459350586,
      93.99837493896484,
      19.447206497192383,
      21.21639633178711,
      5.437304973602295,
      5.2626633644104
    ],
    [
      62.65833282470703,
      39.81023406982422,
      45.974273681640625,
      49.46760940551758,
      45.91423034667969,
      46.42042922973633,
      72.71791076660156,
      70.57318115234375,
      81.34774780273438,
      76.44889068603516,
      88.47278594970703,
      90.5886459350586,
      65.02082061767578,
      66.20159912109375,
      15.099035263061523,
      16.578144073486328,
      3.9639248847961426,
      3.8523268699645996
    ],
    [
      65.14421844482422,
      41.570030212402344,
      48.17939376831055,
      51.99985885620117,
      47.096805572509766,
      47.911407470703125,
      75.95940399169922,
      73.50569152832031,
      85.20341491699219,
      80.01573944091797,
      91.54008483886719,
      93.99837493896484,
      66.20159912109375,
      69.74417877197266,
      15.70603084564209,
      17.255489349365234,
      4.1766157150268555,
      4.059237480163574
    ],
    [
      12.43858814239502,
      8.486135482788086,
      9.872294425964355,
      10.17181396484375,
      9.303559303283691,
      9.341084480285645,
      17.169721603393555,
      15.956387519836426,
      18.616945266723633,
      17.711097717285156,
      18.644084930419922,
      19.447206497192383,
      15.099035263061523,
      15.70603084564209,
      5.633477210998535,
      5.977531909942627,
      1.397057294845581,
      1.3719732761383057
    ],
    [
      13.667621612548828,
      9.318039894104004,
      10.627978324890137,
      11.054010391235352,
      9.93338394165039,
      10.007331848144531,
      18.714120864868164,
      17.308401107788086,
      20.366640090942383,
      19.295930862426758,
      20.28359031677246,
      21.21639633178711,
      16.578144073486328,
      17.255489349365234,
      5.977531909942627,
      6.705965995788574,
      1.4919853210449219,
      1.465520977973938
    ],
    [
      3.4316184520721436,
      2.2889156341552734,
      2.778446912765503,
      2.866351842880249,
      2.6726536750793457,
      2.686725378036499,
      5.0453691482543945,
      4.688969612121582,
      5.412328243255615,
      5.130037784576416,
      5.205738544464111,
      5.437304973602295,
      3.9639248847961426,
      4.1766157150268555,
      1.397057294845581,
      1.4919853210449219,
      0.4338490068912506,
      0.4177649915218353
    ],
    [
      3.314897298812866,
      2.225289821624756,
      2.7135841846466064,
      2.798330068588257,
      2.5355467796325684,
      2.576043128967285,
      4.921737194061279,
      4.6299920082092285,
      5.276153564453125,
      5.045189380645752,
      5.040356636047363,
      5.2626633644104,
      3.8523268699645996,
      4.059237480163574,
      1.3719732761383057,
      1.465520977973938,
      0.4177649915218353,
      0.420655220746994
    ]
  ],
  "drr": 8.920583724975586,
  "dynamics": 6.132325172424316,
  "format": 1245190,
  "frames": 7647232,
  "loudness": -20.018848419189453,
  "loudness_range": 22.42432403564453,
  "loudness_range_short": 24.70477867126465,
  "peak": -1.1099789142608643,
  "rms": -20.286359786987305,
  "sample_rate": 44100,
  "sections": 1,
  "seekable": 1,
  "sharpness": 2.860767364501953,
  "space": -6.031986236572266
}