{
  "bands": [
    {
      "high_freq": 148.1999969482422,
      "loudness": -18.17637825012207,
      "loudness_range": 9.347020149230957,
      "mid_mean": -14.580548286437988,
      "mid_to_side_loudness": -19.343631744384766,
      "mid_to_side_loudness_range": 18.853910446166992,
      "side_mean": -34.57465744018555
    },
    {
      "high_freq": 392.3793640136719,
      "loudness": -20.610424041748047,
      "loudness_range": 8.32850456237793,
      "low_freq": 148.1999969482422,
      "mid_mean": -17.230676651000977,
      "mid_to_side_loudness": -12.724128723144531,
      "mid_to_side_loudness_range": 15.463517189025879,
      "side_mean": -30.498104095458984
    },
    {
      "high_freq": 794.6976318359375,
      "loudness": -24.147071838378906,
      "loudness_range": 13.568927764892578,
      "low_freq": 392.3793640136719,
      "mid_mean": -22.236230850219727,
      "mid_to_side_loudness": -4.014177322387695,
      "mid_to_side_loudness_range": 13.703205108642578,
      "side_mean": -26.68914794921875
    },
    {
      "high_freq": 1457.5709228515625,
      "loudness": -24.8113956451416,
      "loudness_range": 17.68801498413086,
      "low_freq": 794.6976318359375,
      "mid_mean": -22.527189254760742,
      "mid_to_side_loudness": -5.350202560424805,
      "mid_to_side_loudness_range": 11.995732307434082,
      "side_mean": -28.13387680053711
    },
    {
      "high_freq": 2549.74365234375,
      "loudness": -25.17243766784668,
      "loudness_range": 15.036102294921875,
      "low_freq": 1457.5709228515625,
      "mid_mean": -22.777915954589844,
      "mid_to_side_loudness": -5.40554666519165,
      "mid_to_side_loudness_range": 11.02232837677002,
      "side_mean": -28.47903823852539
    },
    {
      "high_freq": 4349.24462890625,
      "loudness": -25.01378631591797,
      "loudness_range": 13.896032333374023,
      "low_freq": 2549.74365234375,
      "mid_mean": -23.738388061523438,
      "mid_to_side_loudness": -2.1930973529815674,
      "mid_to_side_loudness_range": 11.868643760681152,
      "side_mean": -26.021474838256836
    },
    {
      "high_freq": 7314.1640625,
      "loudness": -25.424440383911133,
      "loudness_range": 13.649877548217773,
      "low_freq": 4349.24462890625,
      "mid_mean": -24.52057456970215,
      "mid_to_side_loudness": -1.1363109350204468,
      "mid_to_side_loudness_range": 11.057405471801758,
      "side_mean": -25.69793701171875
    },
    {
      "high_freq": 12199.2666015625,
      "loudness": -27.604755401611328,
      "loudness_range": 14.170303344726562,
      "low_freq": 7314.1640625,
      "mid_mean": -27.261737823486328,
      "mid_to_side_loudness": 0.0213991180062294,
      "mid_to_side_loudness_range": 9.566535949707031,
      "side_mean": -27.242021560668945
    },
    {
      "loudness": -34.13127136230469,
      "loudness_range": 10.574518203735352,
      "low_freq": 12199.2666015625,
      "mid_mean": -34.94303894042969,
      "mid_to_side_loudness": 2.3442835807800293,
      "mid_to_side_loudness_range": 7.119372367858887,
      "side_mean": -32.53774642944336
    }
  ],
  "bands_short": [
    {
      "high_freq": 148.1999969482422,
      "loudness": -21.9282169342041,
      "loudness_range": 18.63155746459961,
      "mid_mean": -18.424320220947266,
      "mid_to_side_loudness": -17.988994598388672,
      "mid_to_side_loudness_range": 27.97801971435547,
      "side_mean": -38.50074768066406
    },
    {
      "high_freq": 392.3793640136719,
      "loudness": -20.46504783630371,
      "loudness_range": 16.12060546875,
      "low_freq": 148.1999969482422,
      "mid_mean": -17.138425827026367,
      "mid_to_side_loudness": -12.841547012329102,
      "mid_to_side_loudness_range": 21.472732543945312,
      "side_mean": -31.149032592773438
    },
    {
      "high_freq": 794.6976318359375,
      "loudness": -25.42060089111328,
      "loudness_range": 17.47173500061035,
      "low_freq": 392.3793640136719,
      "mid_mean": -23.793659210205078,
      "mid_to_side_loudness": -3.2415521144866943,
      "mid_to_side_loudness_range": 16.82219123840332,
      "side_mean": -27.952613830566406
    },
    {
      "high_freq": 1457.5709228515625,
      "loudness": -25.932220458984375,
      "loudness_range": 21.332704544067383,
      "low_freq": 794.6976318359375,
      "mid_mean": -23.945388793945312,
      "mid_to_side_loudness": -4.730635643005371,
      "mid_to_side_loudness_range": 14.314657211303711,
      "side_mean": -29.06330108642578
    },
    {
      "high_freq": 2549.74365234375,
      "loudness": -26.897600173950195,
      "loudness_range": 19.916790008544922,
      "low_freq": 1457.5709228515625,
      "mid_mean": -24.704742431640625,
      "mid_to_side_loudness": -5.0926032066345215,
      "mid_to_side_loudness_range": 13.341547012329102,
      "side_mean": -29.943466186523438
    },
    {
      "high_freq": 4349.24462890625,
      "loudness": -26.258331298828125,
      "loudness_range": 18.807659149169922,
      "low_freq": 2549.74365234375,
      "mid_mean": -25.403371810913086,
      "mid_to_side_loudness": -1.565866470336914,
      "mid_to_side_loudness_range": 13.825078964233398,
      "side_mean": -26.78557777404785
    },
    {
      "high_freq": 7314.1640625,
      "loudness": -26.946949005126953,
      "loudness_range": 19.636152267456055,
      "low_freq": 4349.24462890625,
      "mid_mean": -26.544715881347656,
      "mid_to_side_loudness": -0.38974815607070923,
      "mid_to_side_loudness_range": 12.140401840209961,
      "side_mean": -26.841388702392578
    },
    {
      "high_freq": 12199.2666015625,
      "loudness": -28.968473434448242,
      "loudness_range": 19.182865142822266,
      "low_freq": 7314.1640625,
      "mid_mean": -28.936254501342773,
      "mid_to_side_loudness": 0.44568899273872375,
      "mid_to_side_loudness_range": 11.090139389038086,
      "side_mean": -28.466951370239258
    },
    {
      "loudness": -36.14704513549805,
      "loudness_range": 19.360746383666992,
      "low_freq": 12199.2666015625,
      "mid_mean": -37.040443420410156,
      "mid_to_side_loudness": 1.9914706945419312,
      "mid_to_side_loudness_range": 9.880796432495117,
      "side_mean": -34.92648696899414
    }
  ],
  "channels": 2,
  "covariance": [
    [
      15.508262634277344,
      8.29631233215332,
      1.5089788436889648,
      3.468775987625122,
      0.5592564344406128,
      2.8540425300598145,
      2.0630993843078613,
      4.780430316925049,
      1.8210821151733398,
      3.4606213569641113,
      2.265237808227539,
      3.9323298931121826,
      1.8715215921401978,
      3.23410964012146,
      1.6044560670852661,
      2.9661967754364014,
      0.9549399614334106,
      2.9008617401123047
    ],
    [
      8.29631233215332,
      35.620174407958984,
      5.697389125823975,
      24.132349014282227,
      4.449008464813232,
      15.558091163635254,
      2.9750618934631348,
      12.639565467834473,
      2.217332124710083,
      7.603329658508301,
      1.7026619911193848,
      5.645848274230957,
      0.600814163684845,
      2.747791290283203,
      0.7884602546691895,
      2.1949307918548584,
      -1.0311564207077026,
      -1.4296023845672607
    ],
    [
      1.5089788436889648,
      5.697389125823975,
      10.156264305114746,
      7.804067611694336,
      6.924112796783447,
      4.922935485839844,
      3.5342373847961426,
      2.620021104812622,
      2.860671281814575,
      0.8962746262550354,
      1.7274036407470703,
      -0.7440714240074158,
      2.17689847946167,
      -1.099303126335144,
      2.2241909503936768,
      -1.2304749488830566,
      1.835382103919983,
      -0.5711778402328491
    ],
    [
      3.468775987625122,
      24.132349014282227,
      7.804067611694336,
      34.84892654418945,
      11.770844459533691,
      27.503934860229492,
      9.054859161376953,
      21.000566482543945,
      6.495234966278076,
      13.243915557861328,
      4.091236114501953,
      10.534892082214355,
      3.239396333694458,
      4.85722017288208,
      4.544913291931152,
      4.895507335662842,
      3.202854633331299,
      1.7794133424758911
    ],
    [
      0.5592564344406128,
      4.449008464813232,
      6.924112796783447,
      11.770844459533691,
      25.241147994995117,
      19.42485237121582,
      21.641048431396484,
      17.064245223999023,
      13.302021980285645,
      10.878745079040527,
      10.727319717407227,
      8.96881103515625,
      8.669386863708496,
      6.347771644592285,
      9.404470443725586,
      6.119283676147461,
      6.426331520080566,
      4.2396063804626465
    ],
    [
      2.8540425300598145,
      15.558091163635254,
      4.922935485839844,
      27.503934860229492,
      19.42485237121582,
      42.57674026489258,
      23.566465377807617,
      39.985286712646484,
      20.016571044921875,
      32.5996208190918,
      16.07250213623047,
      30.37994384765625,
      14.526750564575195,
      22.169252395629883,
      16.903400421142578,
      21.622501373291016,
      10.983973503112793,
      13.417014122009277
    ],
    [
      2.0630993843078613,
      2.9750618934631348,
      3.5342373847961426,
      9.054859161376953,
      21.641048431396484,
      23.566465377807617,
      35.55495834350586,
      31.265260696411133,
      22.884071350097656,
      24.628427505493164,
      19.282730102539062,
      23.07670783996582,
      16.53175163269043,
      18.181562423706055,
      17.394821166992188,
      16.526464462280273,
      11.527151107788086,
      12.641287803649902
    ],
    [
      4.780430316925049,
      12.639565467834473,
      2.620021104812622,
      21.000566482543945,
      17.064245223999023,
      39.985286712646484,
      31.265260696411133,
      55.438934326171875,
      28.456571578979492,
      45.60721206665039,
      24.166898727416992,
      43.718223571777344,
      21.57656478881836,
      33.78872299194336,
      23.37374496459961,
      31.458572387695312,
      16.025766372680664,
      21.777366638183594
    ],
    [
      1.8210821151733398,
      2.217332124710083,
      2.860671281814575,
      6.495234966278076,
      13.302021980285645,
      20.016571044921875,
      22.884071350097656,
      28.456571578979492,
      27.692256927490234,
      30.22470474243164,
      20.704519271850586,
      28.248626708984375,
      19.51198959350586,
      23.297531127929688,
      20.4803466796875,
      21.34710121154785,
      12.679298400878906,
      14.155778884887695
    ],
    [
      3.4606213569641113,
      7.603329658508301,
      0.8962746262550354,
      13.243915557861328,
      10.878745079040527,
      32.5996208190918,
      24.628427505493164,
      45.60721206665039,
      30.22470474243164,
      51.926971435546875,
      25.745946884155273,
      48.81306838989258,
      24.292417526245117,
      39.14122009277344,
      25.864110946655273,
      35.728660583496094,
      16.690168380737305,
      23.357608795166016
    ],
    [
      2.265237808227539,
      1.7026619911193848,
      1.7274036407470703,
      4.091236114501953,
      10.727319717407227,
      16.07250213623047,
      19.282730102539062,
      24.166898727416992,
      20.704519271850586,
      25.745946884155273,
      20.42890167236328,
      25.86373519897461,
      18.418033599853516,
      22.33283805847168,
      18.953367233276367,
      19.815046310424805,
      11.67669677734375,
      13.260786056518555
    ],
    [
      3.9323298931121826,
      5.645848274230957,
      -0.7440714240074158,
      10.534892082214355,
      8.96881103515625,
      30.37994384765625,
      23.07670783996582,
      43.718223571777344,
      28.248626708984375,
      48.81306838989258,
      25.86373519897461,
      51.887691497802734,
      24.371397018432617,
      42.55481719970703,
      26.069494247436523,
      38.845577239990234,
      16.73986053466797,
      25.186208724975586
    ],
    [
      1.8715215921401978,
      0.600814163684845,
      2.17689847946167,
      3.239396333694458,
      8.669386863708496,
      14.526750564575195,
      16.53175163269043,
      21.57656478881836,
      19.51198959350586,
      24.292417526245117,
      18.418033599853516,
      24.371397018432617,
      20.674625396728516,
      21.762144088745117,
      21.01793098449707,
      20.337154388427734,
      13.640979766845703,
      14.300064086914062
    ],
    [
      3.23410964012146,
      2.747791290283203,
      -1.099303126335144,
      4.85722017288208,
      6.347771644592285,
      22.169252395629883,
      18.181562423706055,
      33.78872299194336,
      23.297531127929688,
      39.14122009277344,
      22.33283805847168,
      42.55481719970703,
      21.762144088745117,
      39.24639892578125,
      23.34417152404785,
      35.65729904174805,
      15.118638038635254,
      22.859949111938477
    ],
    [
      1.6044560670852661,
      0.7884602546691895,
      2.2241909503936768,
      4.544913291931152,
      9.404470443725586,
      16.903400421142578,
      17.394821166992188,
      23.37374496459961,
      20.4803466796875,
      25.864110946655273,
      18.953367233276367,
      26.069494247436523,
      21.01793098449707,
      23.34417152404785,
      24.918630599975586,
      22.79422378540039,
      17.111303329467773,
      17.406824111938477
    ],
    [
      2.9661967754364014,
      2.1949307918548584,
      -1.2304749488830566,
      4.895507335662842,
      6.119283676147461,
      21.622501373291016,
      16.526464462280273,
      31.458572387695312,
      21.34710121154785,
      35.728660583496094,
      19.815046310424805,
      38.845577239990234,
      20.337154388427734,
      35.65729904174805,
      22.79422378540039,
      35.680477142333984,
      16.026002883911133,
      23.998332977294922
    ],
    [
      0.9549399614334106,
      -1.0311564207077026,
      1.835382103919983,
      3.202854633331299,
      6.426331520080566,
      10.983973503112793,
      11.527151107788086,
      16.025766372680664,
      12.679298400878906,
      16.690168380737305,
      11.67669677734375,
      16.73986053466797,
      13.640979766845703,
      15.118638038635254,
      17.111303329467773,
      16.026002883911133,
      17.722270965576172,
      17.59401512145996
    ],
    [
      2.9008617401123047,
      -1.4296023845672607,
      -0.5711778402328491,
      1.7794133424758911,
      4.2396063804626465,
      13.417014122009277,
      12.641287803649902,
      21.777366638183594,
      14.155778884887695,
      23.357608795166016,
      13.260786056518555,
      25.186208724975586,
      14.300064086914062,
      22.859949111938477,
      17.406824111938477,
      23.998332977294922,
      17.59401512145996,
      26.616865158081055
    ]
  ],
  "covariance_short": [
    [
      46.46841812133789,
      18.323823928833008,
      20.150253295898438,
      7.116498947143555,
      3.2754063606262207,
      5.053269386291504,
      5.335021018981934,
      7.670503616333008,
      5.848534107208252,
      6.677706718444824,
      5.95426607131958,
      5.275638580322266,
      5.064643859863281,
      4.915410995483398,
      3.3593313694000244,
      4.749330520629883,
      3.9776611328125,
      6.55940580368042
    ],
    [
      18.323823928833008,
      73.06986999511719,
      16.210376739501953,
      37.8834114074707,
      10.704181671142578,
      25.06221580505371,
      8.855713844299316,
      20.84279441833496,
      7.941542148590088,
      13.056072235107422,
      5.358105659484863,
      8.341803550720215,
      3.865218162536621,
      5.372580051422119,
      4.887222766876221,
      5.0346574783325195,
      3.6692686080932617,
      4.5775837898254395
    ],
    [
      20.150253295898438,
      16.210376739501953,
      36.64178466796875,
      13.905802726745605,
      15.55521297454834,
      9.718372344970703,
      10.612418174743652,
      9.424110412597656,
      11.019207954406738,
      6.2600274085998535,
      9.321460723876953,
      4.12368631362915,
      8.908147811889648,
      3.6806201934814453,
      7.613368511199951,
      3.8625948429107666,
      8.792929649353027,
      7.2218546867370605
    ],
    [
      7.116498947143555,
      37.8834114074707,
      13.905802726745605,
      48.33319091796875,
      18.259965896606445,
      33.84627151489258,
      14.418706893920898,
      26.289066314697266,
      12.745856285095215,
      17.29521369934082,
      9.50689697265625,
      12.894145965576172,
      8.650240898132324,
      8.40213680267334,
      9.507023811340332,
      8.172758102416992,
      8.699506759643555,
      9.096844673156738
    ],
    [
      3.2754063606262207,
      10.704181671142578,
      15.55521297454834,
      18.259965896606445,
      44.964725494384766,
      27.749338150024414,
      33.9550666809082,
      25.477909088134766,
      24.845306396484375,
      17.53696632385254,
      21.70622444152832,
      13.796756744384766,
      16.6629695892334,
      10.447614669799805,
      15.620589256286621,
      9.945499420166016,
      12.242764472961426,
      8.680779457092285
    ],
    [
      5.053269386291504,
      25.06221580505371,
      9.718372344970703,
      33.84627151489258,
      27.749338150024414,
      55.52106475830078,
      32.25046157836914,
      48.423805236816406,
      30.37833595275879,
      39.056419372558594,
      25.792484283447266,
      34.67011260986328,
      23.745607376098633,
      28.059001922607422,
      23.972991943359375,
      27.07188606262207,
      20.061113357543945,
      23.702926635742188
    ],
    [
      5.335021018981934,
      8.855713844299316,
      10.612418174743652,
      14.418706893920898,
      33.9550666809082,
      32.25046157836914,
      56.48430633544922,
      44.32965087890625,
      38.21146011352539,
      35.37089157104492,
      34.290565490722656,
      31.038267135620117,
      28.950071334838867,
      26.44293975830078,
      26.600549697875977,
      24.940086364746094,
      21.04155731201172,
      22.22757339477539
    ],
    [
      7.670503616333008,
      20.84279441833496,
      9.424110412597656,
      26.289066314697266,
      25.477909088134766,
      48.423805236816406,
      44.32965087890625,
      72.15283966064453,
      42.961055755615234,
      55.64675521850586,
      37.777339935302734,
      50.793399810791016,
      34.445796966552734,
      41.76042938232422,
      33.25125503540039,
      39.954036712646484,
      28.337921142578125,
      35.86604690551758
    ],
    [
      5.848534107208252,
      7.941542148590088,
      11.019207954406738,
      12.745856285095215,
      24.845306396484375,
      30.37833595275879,
      38.21146011352539,
      42.961055755615234,
      52.23880386352539,
      45.940670013427734,
      40.51696014404297,
      41.83551788330078,
      38.03322219848633,
      37.716487884521484,
      35.491920471191406,
      35.643184661865234,
      28.592626571655273,
      31.730920791625977
    ],
    [
      6.677706718444824,
      13.056072235107422,
      6.2600274085998535,
      17.29521369934082,
      17.53696632385254,
      39.056419372558594,
      35.37089157104492,
      55.64675521850586,
      45.940670013427734,
      68.31645965576172,
      40.8582649230957,
      59.51553726196289,
      39.45935821533203,
      51.639381408691406,
      37.22262191772461,
      47.98395919799805,
      30.78739356994629,
      40.914180755615234
    ],
    [
      5.95426607131958,
      5.358105659484863,
      9.321460723876953,
      9.50689697265625,
      21.70622444152832,
      25.792484283447266,
      34.290565490722656,
      37.777339935302734,
      40.51696014404297,
      40.8582649230957,
      43.928436279296875,
      40.57821273803711,
      38.57062530517578,
      37.803035736083984,
      35.239200592041016,
      35.477699279785156,
      27.834815979003906,
      31.029563903808594
    ],
    [
      5.275638580322266,
      8.341803550720215,
      4.12368631362915,
      12.894145965576172,
      13.796756744384766,
      34.67011260986328,
      31.038267135620117,
      50.793399810791016,
      41.83551788330078,
      59.51553726196289,
      40.57821273803711,
      68.71449279785156,
      40.19792556762695,
      57.95625686645508,
      38.43370056152344,
      53.9428825378418,
      31.33063316345215,
      45.33282470703125
    ],
    [
      5.064643859863281,
      3.865218162536621,
      8.908147811889648,
      8.650240898132324,
      16.6629695892334,
      23.745607376098633,
      28.950071334838867,
      34.445796966552734,
      38.03322219848633,
      39.45935821533203,
      38.57062530517578,
      40.19792556762695,
      46.19102096557617,
      41.29825973510742,
      40.851402282714844,
      39.968257904052734,
      33.90808868408203,
      36.20423889160156
    ],
    [
      4.915410995483398,
      5.372580051422119,
      3.6806201934814453,
      8.40213680267334,
      10.447614669799805,
      28.059001922607422,
      26.44293975830078,
      41.76042938232422,
      37.716487884521484,
      51.639381408691406,
      37.803035736083984,
      57.95625686645508,
      41.29825973510742,
      61.91600799560547,
      39.183311462402344,
      55.93983840942383,
      33.63990783691406,
      48.05998229980469
    ],
    [
      3.3593313694000244,
      4.887222766876221,
      7.613368511199951,
      9.507023811340332,
      15.620589256286621,
      23.972991943359375,
      26.600549697875977,
      33.25125503540039,
      35.491920471191406,
      37.22262191772461,
      35.239200592041016,
      38.43370056152344,
      40.851402282714844,
      39.183311462402344,
      45.5081787109375,
      40.615318298339844,
      37.363922119140625,
      38.08024215698242
    ],
    [
      4.749330520629883,
      5.0346574783325195,
      3.8625948429107666,
      8.172758102416992,
      9.945499420166016,
      27.07188606262207,
      24.940086364746094,
      39.954036712646484,
      35.643184661865234,
      47.98395919799805,
      35.477699279785156,
      53.9428825378418,
      39.968257904052734,
      55.93983840942383,
      40.615318298339844,
      60.75728225708008,
      36.49708557128906,
      51.63896560668945
    ],
    [
      3.9776611328125,
      3.6692686080932617,
      8.792929649353027,
      8.699506759643555,
      12.242764472961426,
      20.061113357543945,
      21.04155731201172,
      28.337921142578125,
      28.592626571655273,
      30.78739356994629,
      27.834815979003906,
      31.33063316345215,
      33.90808868408203,
      33.63990783691406,
      37.363922119140625,
      36.49708557128906,
      45.27537536621094,
      43.9824333190918
    ],
    [
      6.55940580368042,
      4.5775837898254395,
      7.2218546867370605,
      9.096844673156738,
      8.680779457092285,
      23.702926635742188,
      22.22757339477539,
      35.86604690551758,
      31.730920791625977,
      40.914180755615234,
      31.029563903808594,
      45.33282470703125,
      36.20423889160156,
      48.05998229980469,
      38.08024215698242,
      51.63896560668945,
      43.9824333190918,
      65.03498840332031
    ]
  ],
  "drr": 16.42535972595215,
  "dynamics": 2.551015853881836,
  "format": 1245190,
  "frames": 9443264,
  "loudness": -9.478638648986816,
  "loudness_range": 5.871888637542725,
  "loudness_range_short": 10.027259826660156,
  "peak": 0.3873565196990967,
  "rms": -11.584148406982422,
  "sample_rate": 44100,
  "sections": 1,
  "seekable": 1,
  "sharpness": 3.2194366455078125,
  "space": -6.66540002822876
}