{
  "bands": [
    {
      "high_freq": 148.1999969482422,
      "loudness": -22.007007598876953,
      "loudness_range": 12.30309009552002,
      "mid_mean": -18.4173526763916,
      "mid_to_side_loudness": -17.13807487487793,
      "mid_to_side_loudness_range": 10.56755542755127,
      "side_mean": -35.9782600402832
    },
    {
      "high_freq": 392.3793640136719,
      "loudness": -19.945188522338867,
      "loudness_range": 10.194815635681152,
      "low_freq": 148.1999969482422,
      "mid_mean": -16.482738494873047,
      "mid_to_side_loudness": -13.772536277770996,
      "mid_to_side_loudness_range": 10.981817245483398,
      "side_mean": -30.499820709228516
    },
    {
      "high_freq": 794.6976318359375,
      "loudness": -25.80154037475586,
      "loudness_range": 21.785293579101562,
      "low_freq": 392.3793640136719,
      "mid_mean": -23.025104522705078,
      "mid_to_side_loudness": -11.513311386108398,
      "mid_to_side_loudness_range": 24.273193359375,
      "side_mean": -34.86676025390625
    },
    {
      "high_freq": 1457.5709228515625,
      "loudness": -33.616085052490234,
      "loudness_range": 24.126110076904297,
      "low_freq": 794.6976318359375,
      "mid_mean": -30.892114639282227,
      "mid_to_side_loudness": -10.777125358581543,
      "mid_to_side_loudness_range": 23.62749481201172,
      "side_mean": -42.78116226196289
    },
    {
      "high_freq": 2549.74365234375,
      "loudness": -39.683433532714844,
      "loudness_range": 30.00836944580078,
      "low_freq": 1457.5709228515625,
      "mid_mean": -37.02813720703125,
      "mid_to_side_loudness": -11.516935348510742,
      "mid_to_side_loudness_range": 27.0328369140625,
      "side_mean": -50.79653549194336
    },
    {
      "high_freq": 4349.24462890625,
      "loudness": -43.548179626464844,
      "loudness_range": 27.214874267578125,
      "low_freq": 2549.74365234375,
      "mid_mean": -40.2526741027832,
      "mid_to_side_loudness": -15.093851089477539,
      "mid_to_side_loudness_range": 26.831867218017578,
      "side_mean": -56.61945724487305
    },
    {
      "high_freq": 7314.1640625,
      "loudness": -48.771453857421875,
      "loudness_range": 20.11989974975586,
      "low_freq": 4349.24462890625,
      "mid_mean": -45.290870666503906,
      "mid_to_side_loudness": -14.208318710327148,
      "mid_to_side_loudness_range": 20.235462188720703,
      "side_mean": -59.9090461730957
    },
    {
      "high_freq": 12199.2666015625,
      "loudness": -46.904048919677734,
      "loudness_range": 23.737415313720703,
      "low_freq": 7314.1640625,
      "mid_mean": -43.34911346435547,
      "mid_to_side_loudness": -16.211715698242188,
      "mid_to_side_loudness_range": 19.40871238708496,
      "side_mean": -59.90348815917969
    },
    {
      "loudness": -54.26466751098633,
      "loudness_range": 21.952865600585938,
      "low_freq": 12199.2666015625,
      "mid_mean": -51.14283752441406,
      "mid_to_side_loudness": -13.894689559936523,
      "mid_to_side_loudness_range": 19.364139556884766,
      "side_mean": -63.80134582519531
    }
  ],
  "bands_short": [
    {
      "high_freq": 148.1999969482422,
      "loudness": -26.816591262817383,
      "loudness_range": 19.504615783691406,
      "mid_mean": -23.25652503967285,
      "mid_to_side_loudness": -17.395776748657227,
      "mid_to_side_loudness_range": 15.813879013061523,
      "side_mean": -41.06542205810547
    },
    {
      "high_freq": 392.3793640136719,
      "loudness": -19.484207153320312,
      "loudness_range": 11.657292366027832,
      "low_freq": 148.1999969482422,
      "mid_mean": -16.02726173400879,
      "mid_to_side_loudness": -14.345365524291992,
      "mid_to_side_loudness_range": 12.30688190460205,
      "side_mean": -30.632226943969727
    },
    {
      "high_freq": 794.6976318359375,
      "loudness": -26.00755500793457,
      "loudness_range": 23.067317962646484,
      "low_freq": 392.3793640136719,
      "mid_mean": -23.25843620300293,
      "mid_to_side_loudness": -11.680495262145996,
      "mid_to_side_loudness_range": 24.770814895629883,
      "side_mean": -35.181453704833984
    },
    {
      "high_freq": 1457.5709228515625,
      "loudness": -34.52252960205078,
      "loudness_range": 27.750289916992188,
      "low_freq": 794.6976318359375,
      "mid_mean": -32.0673942565918,
      "mid_to_side_loudness": -9.746905326843262,
      "mid_to_side_loudness_range": 22.360233306884766,
      "side_mean": -42.95970916748047
    },
    {
      "high_freq": 2549.74365234375,
      "loudness": -41.881690979003906,
      "loudness_range": 33.13544464111328,
      "low_freq": 1457.5709228515625,
      "mid_mean": -39.5791015625,
      "mid_to_side_loudness": -10.101645469665527,
      "mid_to_side_loudness_range": 27.217105865478516,
      "side_mean": -52.53109359741211
    },
    {
      "high_freq": 4349.24462890625,
      "loudness": -45.029571533203125,
      "loudness_range": 30.287317276000977,
      "low_freq": 2549.74365234375,
      "mid_mean": -42.12746810913086,
      "mid_to_side_loudness": -13.421523094177246,
      "mid_to_side_loudness_range": 27.08692741394043,
      "side_mean": -57.67488098144531
    },
    {
      "high_freq": 7314.1640625,
      "loudness": -51.52334976196289,
      "loudness_range": 25.170764923095703,
      "low_freq": 4349.24462890625,
      "mid_mean": -48.57203674316406,
      "mid_to_side_loudness": -12.848973274230957,
      "mid_to_side_loudness_range": 19.04878807067871,
      "side_mean": -61.74991226196289
    },
    {
      "high_freq": 12199.2666015625,
      "loudness": -49.77374267578125,
      "loudness_range": 30.550552368164062,
      "low_freq": 7314.1640625,
      "mid_mean": -47.17719650268555,
      "mid_to_side_loudness": -15.254388809204102,
      "mid_to_side_loudness_range": 24.127601623535156,
      "side_mean": -62.05571746826172
    },
    {
      "loudness": -56.326698303222656,
      "loudness_range": 22.64419174194336,
      "low_freq": 12199.2666015625,
      "mid_mean": -53.024044036865234,
      "mid_to_side_loudness": -12.38229751586914,
      "mid_to_side_loudness_range": 18.59294891357422,
      "side_mean": -64.5967025756836
    }
  ],
  "channels": 2,
  "covariance": [
    [
      21.019338607788086,
      13.22642993927002,
      6.322593688964844,
      8.030571937561035,
      5.784492492675781,
      3.0624277591705322,
      5.610461235046387,
      0.846562922000885,
      4.299830913543701,
      6.2269368171691895,
      3.6372275352478027,
      8.080140113830566,
      3.237929105758667,
      5.823443412780762,
      2.3256213665008545,
      4.888570308685303,
      5.317370891571045,
      2.5814740657806396
    ],
    [
      13.22642993927002,
      19.4324951171875,
      5.202766418457031,
      7.67064094543457,
      2.5346081256866455,
      3.7408201694488525,
      3.362095594406128,
      2.5655527114868164,
      4.508718490600586,
      9.12131118774414,
      4.656652927398682,
      9.363381385803223,
      5.352390289306641,
      7.853206634521484,
      3.76725172996521,
      6.777385234832764,
      8.225261688232422,
      3.1514389514923096
    ],
    [
      6.322593688964844,
      5.202766418457031,
      16.551496505737305,
      14.40355396270752,
      15.575233459472656,
      4.671763896942139,
      14.8204984664917,
      4.675599098205566,
      10.817692756652832,
      6.759541034698486,
      11.434069633483887,
      9.633837699890137,
      8.657063484191895,
      8.248559951782227,
      14.059338569641113,
      10.141782760620117,
      15.898367881774902,
      4.908130168914795
    ],
    [
      8.030571937561035,
      7.67064094543457,
      14.40355396270752,
      27.538433074951172,
      17.591249465942383,
      22.425214767456055,
      10.819232940673828,
      16.88893699645996,
      3.0236105918884277,
      24.039348602294922,
      1.8333728313446045,
      19.98050308227539,
      5.877867698669434,
      15.555821418762207,
      5.448588848114014,
      12.424908638000488,
      9.031095504760742,
      7.365560531616211
    ],
    [
      5.784492492675781,
      2.5346081256866455,
      15.575233459472656,
      17.591249465942383,
      54.576534271240234,
      28.436145782470703,
      48.268226623535156,
      28.702619552612305,
      39.81707763671875,
      29.195335388183594,
      31.983129501342773,
      26.752166748046875,
      19.528696060180664,
      16.108081817626953,
      27.53406524658203,
      17.216684341430664,
      28.73980712890625,
      9.904962539672852
    ],
    [
      3.0624277591705322,
      3.7408201694488525,
      4.671763896942139,
      22.425214767456055,
      28.436145782470703,
      84.59230041503906,
      16.455984115600586,
      62.43552780151367,
      14.68211841583252,
      73.00487518310547,
      2.815424919128418,
      40.376590728759766,
      2.6185219287872314,
      19.881671905517578,
      -4.91410493850708,
      6.467127323150635,
      -2.099266290664673,
      5.211005210876465
    ],
    [
      5.610461235046387,
      3.362095594406128,
      14.8204984664917,
      10.819232940673828,
      48.268226623535156,
      16.455984115600586,
      68.08842468261719,
      29.36806297302246,
      62.36244201660156,
      29.746868133544922,
      48.51831817626953,
      26.439517974853516,
      25.405460357666016,
      14.304070472717285,
      36.81597900390625,
      17.699186325073242,
      36.05183029174805,
      8.61253833770752
    ],
    [
      0.846562922000885,
      2.5655527114868164,
      4.675599098205566,
      16.88893699645996,
      28.702619552612305,
      62.43552780151367,
      29.36806297302246,
      80.8775863647461,
      21.445388793945312,
      66.55500793457031,
      9.054305076599121,
      41.58314514160156,
      3.7121715545654297,
      19.943044662475586,
      -1.562134027481079,
      7.871952056884766,
      2.2410776615142822,
      6.351550579071045
    ],
    [
      4.299830913543701,
      4.508718490600586,
      10.817692756652832,
      3.0236105918884277,
      39.81707763671875,
      14.68211841583252,
      62.36244201660156,
      21.445388793945312,
      94.8145751953125,
      40.05524826049805,
      74.40166473388672,
      29.803903579711914,
      41.57584762573242,
      13.897364616394043,
      51.3104248046875,
      17.043582916259766,
      45.33456802368164,
      6.153880596160889
    ],
    [
      6.2269368171691895,
      9.12131118774414,
      6.759541034698486,
      24.039348602294922,
      29.195335388183594,
      73.00487518310547,
      29.746868133544922,
      66.55500793457031,
      40.05524826049805,
      101.11687469482422,
      19.6897029876709,
      58.04396057128906,
      12.77558708190918,
      31.280473709106445,
      5.312494277954102,
      17.155834197998047,
      17.10297203063965,
      9.70604133605957
    ],
    [
      3.6372275352478027,
      4.656652927398682,
      11.434069633483887,
      1.8333728313446045,
      31.983129501342773,
      2.815424919128418,
      48.51831817626953,
      9.054305076599121,
      74.40166473388672,
      19.6897029876709,
      75.70206451416016,
      24.078418731689453,
      44.93118667602539,
      13.587769508361816,
      54.97837448120117,
      18.034700393676758,
      47.34457778930664,
      6.137519359588623
    ],
    [
      8.080140113830566,
      9.363381385803223,
      9.633837699890137,
      19.98050308227539,
      26.752166748046875,
      40.376590728759766,
      26.439517974853516,
      41.58314514160156,
      29.803903579711914,
      58.04396057128906,
      24.078418731689453,
      53.65656661987305,
      17.754188537597656,
      32.58829879760742,
      12.611489295959473,
      21.393198013305664,
      20.523662567138672,
      11.629467010498047
    ],
    [
      3.237929105758667,
      5.352390289306641,
      8.657063484191895,
      5.877867698669434,
      19.528696060180664,
      2.6185219287872314,
      25.405460357666016,
      3.7121715545654297,
      41.57584762573242,
      12.77558708190918,
      44.93118667602539,
      17.754188537597656,
      45.945152282714844,
      18.84361457824707,
      47.5787239074707,
      22.25491714477539,
      41.32239532470703,
      10.558244705200195
    ],
    [
      5.823443412780762,
      7.853206634521484,
      8.248559951782227,
      15.555821418762207,
      16.108081817626953,
      19.881671905517578,
      14.304070472717285,
      19.943044662475586,
      13.897364616394043,
      31.280473709106445,
      13.587769508361816,
      32.58829879760742,
      18.84361457824707,
      30.390380859375,
      14.655104637145996,
      22.724103927612305,
      20.17122459411621,
      13.240962028503418
    ],
    [
      2.3256213665008545,
      3.76725172996521,
      14.059338569641113,
      5.448588848114014,
      27.53406524658203,
      -4.91410493850708,
      36.81597900390625,
      -1.562134027481079,
      51.3104248046875,
      5.312494277954102,
      54.97837448120117,
      12.611489295959473,
      47.5787239074707,
      14.655104637145996,
      65.20510864257812,
      27.182527542114258,
      56.37078857421875,
      12.658628463745117
    ],
    [
      4.888570308685303,
      6.777385234832764,
      10.141782760620117,
      12.424908638000488,
      17.216684341430664,
      6.467127323150635,
      17.699186325073242,
      7.871952056884766,
      17.043582916259766,
      17.155834197998047,
      18.034700393676758,
      21.393198013305664,
      22.25491714477539,
      22.724103927612305,
      27.182527542114258,
      27.345455169677734,
      30.558696746826172,
      15.366975784301758
    ],
    [
      5.317370891571045,
      8.225261688232422,
      15.898367881774902,
      9.031095504760742,
      28.73980712890625,
      -2.099266290664673,
      36.05183029174805,
      2.2410776615142822,
      45.33456802368164,
      17.10297203063965,
      47.34457778930664,
      20.523662567138672,
      41.32239532470703,
      20.17122459411621,
      56.37078857421875,
      30.558696746826172,
      64.37007904052734,
      16.554349899291992
    ],
    [
      2.5814740657806396,
      3.1514389514923096,
      4.908130168914795,
      7.365560531616211,
      9.904962539672852,
      5.211005210876465,
      8.61253833770752,
      6.351550579071045,
      6.153880596160889,
      9.70604133605957,
      6.137519359588623,
      11.629467010498047,
      10.558244705200195,
      13.240962028503418,
      12.658628463745117,
      15.366975784301758,
      16.554349899291992,
      11.490686416625977
    ]
  ],
  "covariance_short": [
    [
      46.49555587768555,
      28.367080688476562,
      13.066953659057617,
      11.839637756347656,
      6.086847305297852,
      4.998996257781982,
      5.866655349731445,
      2.4621784687042236,
      5.960819721221924,
      6.788615703582764,
      5.659148216247559,
      7.770414352416992,
      4.6871724128723145,
      5.21205472946167,
      3.1359829902648926,
      4.233216285705566,
      3.914921522140503,
      1.8346973657608032
    ],
    [
      28.367080688476562,
      39.943756103515625,
      10.326032638549805,
      12.713830947875977,
      4.212810039520264,
      6.274007797241211,
      4.689631938934326,
      5.428876876831055,
      6.207158088684082,
      10.673952102661133,
      6.255529403686523,
      10.320602416992188,
      7.695741176605225,
      8.379862785339355,
      5.868544101715088,
      7.064790725708008,
      7.516149044036865,
      3.5900516510009766
    ],
    [
      13.066953659057617,
      10.326032638549805,
      20.688650131225586,
      16.170747756958008,
      16.463571548461914,
      6.70156717300415,
      17.22722053527832,
      5.446771621704102,
      12.637202262878418,
      8.288174629211426,
      11.908218383789062,
      11.190415382385254,
      14.129891395568848,
      8.84848690032959,
      17.93647003173828,
      10.261463165283203,
      14.040901184082031,
      4.031243324279785
    ],
    [
      11.839637756347656,
      12.713830947875977,
      16.170747756958008,
      30.86832618713379,
      19.70687484741211,
      22.947154998779297,
      16.72624969482422,
      17.528427124023438,
      6.46354866027832,
      25.3856258392334,
      4.06007719039917,
      22.331769943237305,
      12.182019233703613,
      15.988382339477539,
      10.120169639587402,
      13.204399108886719,
      9.01386833190918,
      7.3677144050598145
    ],
    [
      6.086847305297852,
      4.212810039520264,
      16.463571548461914,
      19.70687484741211,
      63.000850677490234,
      31.937702178955078,
      59.15922164916992,
      31.58721351623535,
      46.70809555053711,
      31.909957885742188,
      37.404788970947266,
      31.31100082397461,
      29.91132164001465,
      17.88554573059082,
      41.93756103515625,
      21.66071128845215,
      32.282039642333984,
      8.483002662658691
    ],
    [
      4.998996257781982,
      6.274007797241211,
      6.70156717300415,
      22.947154998779297,
      31.937702178955078,
      87.19486999511719,
      29.149078369140625,
      66.8740463256836,
      17.921070098876953,
      75.92987823486328,
      4.509741306304932,
      48.897132873535156,
      6.305442810058594,
      23.5988826751709,
      -2.6324195861816406,
      10.263703346252441,
      -1.734738826751709,
      6.697117805480957
    ],
    [
      5.866655349731445,
      4.689631938934326,
      17.22722053527832,
      16.72624969482422,
      59.15922164916992,
      29.149078369140625,
      91.2476577758789,
      43.63282775878906,
      78.07005310058594,
      43.63716506958008,
      61.10236740112305,
      38.721412658691406,
      42.68189239501953,
      20.22612953186035,
      57.166282653808594,
      25.21063232421875,
      42.14215087890625,
      7.376000881195068
    ],
    [
      2.4621784687042236,
      5.428876876831055,
      5.446771621704102,
      17.528427124023438,
      31.58721351623535,
      66.8740463256836,
      43.63282775878906,
      91.21923828125,
      28.082258224487305,
      74.74324798583984,
      12.655646324157715,
      51.07603454589844,
      9.900737762451172,
      24.907958984375,
      2.7453296184539795,
      12.915257453918457,
      2.861266851425171,
      7.77343225479126
    ],
    [
      5.960819721221924,
      6.207158088684082,
      12.637202262878418,
      6.46354866027832,
      46.70809555053711,
      17.921070098876953,
      78.07005310058594,
      28.082258224487305,
      115.88687896728516,
      45.71235656738281,
      91.34142303466797,
      36.975887298583984,
      58.70575714111328,
      15.883309364318848,
      72.23285675048828,
      21.541955947875977,
      50.08723449707031,
      2.264509439468384
    ],
    [
      6.788615703582764,
      10.673952102661133,
      8.288174629211426,
      25.3856258392334,
      31.909957885742188,
      75.92987823486328,
      43.63716506958008,
      74.74324798583984,
      45.71235656738281,
      112.8751220703125,
      22.872539520263672,
      70.24243927001953,
      21.08229637145996,
      35.03214645385742,
      8.737349510192871,
      19.688495635986328,
      13.442197799682617,
      10.40424919128418
    ],
    [
      5.659148216247559,
      6.255529403686523,
      11.908218383789062,
      4.06007719039917,
      37.404788970947266,
      4.509741306304932,
      61.10236740112305,
      12.655646324157715,
      91.34142303466797,
      22.872539520263672,
      98.6176528930664,
      30.49193572998047,
      66.36729431152344,
      17.273923873901367,
      80.48069763183594,
      24.39104652404785,
      55.835655212402344,
      3.8406167030334473
    ],
    [
      7.770414352416992,
      10.320602416992188,
      11.190415382385254,
      22.331769943237305,
      31.31100082397461,
      48.897132873535156,
      38.721412658691406,
      51.07603454589844,
      36.975887298583984,
      70.24243927001953,
      30.49193572998047,
      67.86339569091797,
      29.789791107177734,
      38.96466064453125,
      20.733627319335938,
      25.842910766601562,
      19.2773494720459,
      13.236984252929688
    ],
    [
      4.6871724128723145,
      7.695741176605225,
      14.129891395568848,
      12.182019233703613,
      29.91132164001465,
      6.305442810058594,
      42.68189239501953,
      9.900737762451172,
      58.70575714111328,
      21.08229637145996,
      66.36729431152344,
      29.789791107177734,
      79.68585205078125,
      31.838232040405273,
      83.09382629394531,
      36.6973762512207,
      58.20588302612305,
      12.88361930847168
    ],
    [
      5.21205472946167,
      8.379862785339355,
      8.84848690032959,
      15.988382339477539,
      17.88554573059082,
      23.5988826751709,
      20.22612953186035,
      24.907958984375,
      15.883309364318848,
      35.03214645385742,
      17.273923873901367,
      38.96466064453125,
      31.838232040405273,
      39.556522369384766,
      25.644573211669922,
      29.912099838256836,
      20.954607009887695,
      16.369752883911133
    ],
    [
      3.1359829902648926,
      5.868544101715088,
      17.93647003173828,
      10.120169639587402,
      41.93756103515625,
      -2.6324195861816406,
      57.166282653808594,
      2.7453296184539795,
      72.23285675048828,
      8.737349510192871,
      80.48069763183594,
      20.733627319335938,
      83.09382629394531,
      25.644573211669922,
      116.95075988769531,
      45.8524284362793,
      81.3918685913086,
      15.45191764831543
    ],
    [
      4.233216285705566,
      7.064790725708008,
      10.261463165283203,
      13.204399108886719,
      21.66071128845215,
      10.263703346252441,
      25.21063232421875,
      12.915257453918457,
      21.541955947875977,
      19.688495635986328,
      24.39104652404785,
      25.842910766601562,
      36.6973762512207,
      29.912099838256836,
      45.8524284362793,
      37.31325912475586,
      35.820865631103516,
      18.632488250732422
    ],
    [
      3.914921522140503,
      7.516149044036865,
      14.040901184082031,
      9.01386833190918,
      32.282039642333984,
      -1.734738826751709,
      42.14215087890625,
      2.861266851425171,
      50.08723449707031,
      13.442197799682617,
      55.835655212402344,
      19.2773494720459,
      58.20588302612305,
      20.954607009887695,
      81.3918685913086,
      35.820865631103516,
      71.58731842041016,
      15.67711353302002
    ],
    [
      1.8346973657608032,
      3.5900516510009766,
      4.031243324279785,
      7.3677144050598145,
      8.483002662658691,
      6.697117805480957,
      7.376000881195068,
      7.77343225479126,
      2.264509439468384,
      10.40424919128418,
      3.8406167030334473,
      13.236984252929688,
      12.88361930847168,
      16.369752883911133,
      15.45191764831543,
      18.632488250732422,
      15.67711353302002,
      13.800387382507324
    ]
  ],
  "drr": 14.01517105102539,
  "dynamics": 3.7563772201538086,
  "format": 1245190,
  "frames": 8851456,
  "loudness": -12.275262832641602,
  "loudness_range": 10.330854415893555,
  "loudness_range_short": 13.023382186889648,
  "peak": 0.2928781807422638,
  "rms": -13.206628799438477,
  "sample_rate": 44100,
  "sections": 1,
  "seekable": 1,
  "sharpness": 2.882746934890747,
  "space": -14.071653366088867
}