{
  "bands": [
    {
      "high_freq": 148.1999969482422,
      "loudness": -21.852108001708984,
      "loudness_range": 11.982693672180176,
      "mid_mean": -18.27474594116211,
      "mid_to_side_loudness": -19.5971736907959,
      "mid_to_side_loudness_range": 15.625528335571289,
      "side_mean": -37.944480895996094
    },
    {
      "high_freq": 392.3793640136719,
      "loudness": -20.691017150878906,
      "loudness_range": 10.108092308044434,
      "low_freq": 148.1999969482422,
      "mid_mean": -18.26218032836914,
      "mid_to_side_loudness": -5.584868431091309,
      "mid_to_side_loudness_range": 8.777504920959473,
      "side_mean": -23.570180892944336
    },
    {
      "high_freq": 794.6976318359375,
      "loudness": -24.903778076171875,
      "loudness_range": 19.09818458557129,
      "low_freq": 392.3793640136719,
      "mid_mean": -22.628604888916016,
      "mid_to_side_loudness": -5.29886531829834,
      "mid_to_side_loudness_range": 10.41457748413086,
      "side_mean": -27.57675552368164
    },
    {
      "high_freq": 1457.5709228515625,
      "loudness": -31.567869186401367,
      "loudness_range": 20.823654174804688,
      "low_freq": 794.6976318359375,
      "mid_mean": -29.171571731567383,
      "mid_to_side_loudness": -5.7889485359191895,
      "mid_to_side_loudness_range": 11.003349304199219,
      "side_mean": -34.81985855102539
    },
    {
      "high_freq": 2549.74365234375,
      "loudness": -32.19062423706055,
      "loudness_range": 21.493824005126953,
      "low_freq": 1457.5709228515625,
      "mid_mean": -29.77194595336914,
      "mid_to_side_loudness": -5.378841400146484,
      "mid_to_side_loudness_range": 8.01264476776123,
      "side_mean": -35.14347839355469
    },
    {
      "high_freq": 4349.24462890625,
      "loudness": -33.66244888305664,
      "loudness_range": 17.7984561920166,
      "low_freq": 2549.74365234375,
      "mid_mean": -31.658647537231445,
      "mid_to_side_loudness": -3.43794846534729,
      "mid_to_side_loudness_range": 4.028826713562012,
      "side_mean": -35.08116912841797
    },
    {
      "high_freq": 7314.1640625,
      "loudness": -34.978729248046875,
      "loudness_range": 17.42874526977539,
      "low_freq": 4349.24462890625,
      "mid_mean": -34.45643615722656,
      "mid_to_side_loudness": 0.28191062808036804,
      "mid_to_side_loudness_range": 1.9683849811553955,
      "side_mean": -34.17184829711914
    },
    {
      "high_freq": 12199.2666015625,
      "loudness": -35.38050079345703,
      "loudness_range": 16.54510498046875,
      "low_freq": 7314.1640625,
      "mid_mean": -38.79160690307617,
      "mid_to_side_loudness": 6.204793930053711,
      "mid_to_side_loudness_range": 6.241368293762207,
      "side_mean": -32.71992111206055
    },
    {
      "loudness": -41.17604064941406,
      "loudness_range": 17.469011306762695,
      "low_freq": 12199.2666015625,
      "mid_mean": -43.01576614379883,
      "mid_to_side_loudness": 4.0586838722229,
      "mid_to_side_loudness_range": 3.119050979614258,
      "side_mean": -38.96037292480469
    }
  ],
  "bands_short": [
    {
      "high_freq": 148.1999969482422,
      "loudness": -24.98295783996582,
      "loudness_range": 19.90544891357422,
      "mid_mean": -21.423664093017578,
      "mid_to_side_loudness": -19.486347198486328,
      "mid_to_side_loudness_range": 18.7169189453125,
      "side_mean": -41.249603271484375
    },
    {
      "high_freq": 392.3793640136719,
      "loudness": -20.444936752319336,
      "loudness_range": 11.682914733886719,
      "low_freq": 148.1999969482422,
      "mid_mean": -18.030122756958008,
      "mid_to_side_loudness": -6.343193054199219,
      "mid_to_side_loudness_range": 13.009900093078613,
      "side_mean": -24.207916259765625
    },
    {
      "high_freq": 794.6976318359375,
      "loudness": -25.536678314208984,
      "loudness_range": 21.29789161682129,
      "low_freq": 392.3793640136719,
      "mid_mean": -23.523733139038086,
      "mid_to_side_loudness": -4.855548858642578,
      "mid_to_side_loudness_range": 13.194144248962402,
      "side_mean": -28.313922882080078
    },
    {
      "high_freq": 1457.5709228515625,
      "loudness": -31.7535400390625,
      "loudness_range": 22.64628028869629,
      "low_freq": 794.6976318359375,
      "mid_mean": -29.730674743652344,
      "mid_to_side_loudness": -4.676130294799805,
      "mid_to_side_loudness_range": 12.588397026062012,
      "side_mean": -34.41883850097656
    },
    {
      "high_freq": 2549.74365234375,
      "loudness": -34.0302848815918,
      "loudness_range": 25.878263473510742,
      "low_freq": 1457.5709228515625,
      "mid_mean": -31.945228576660156,
      "mid_to_side_loudness": -4.414954662322998,
      "mid_to_side_loudness_range": 9.75180435180664,
      "side_mean": -36.39588165283203
    },
    {
      "high_freq": 4349.24462890625,
      "loudness": -35.754676818847656,
      "loudness_range": 23.445770263671875,
      "low_freq": 2549.74365234375,
      "mid_mean": -33.919227600097656,
      "mid_to_side_loudness": -2.9972259998321533,
      "mid_to_side_loudness_range": 5.3390116691589355,
      "side_mean": -36.935726165771484
    },
    {
      "high_freq": 7314.1640625,
      "loudness": -37.34742736816406,
      "loudness_range": 22.723154067993164,
      "low_freq": 4349.24462890625,
      "mid_mean": -36.820289611816406,
      "mid_to_side_loudness": 0.15951840579509735,
      "mid_to_side_loudness_range": 2.6454880237579346,
      "side_mean": -36.64122009277344
    },
    {
      "high_freq": 12199.2666015625,
      "loudness": -38.65933609008789,
      "loudness_range": 24.446104049682617,
      "low_freq": 7314.1640625,
      "mid_mean": -41.49750900268555,
      "mid_to_side_loudness": 5.106595516204834,
      "mid_to_side_loudness_range": 8.00452709197998,
      "side_mean": -36.33308410644531
    },
    {
      "loudness": -46.962337493896484,
      "loudness_range": 28.013267517089844,
      "low_freq": 12199.2666015625,
      "mid_mean": -48.33732986450195,
      "mid_to_side_loudness": 3.2870025634765625,
      "mid_to_side_loudness_range": 5.950995445251465,
      "side_mean": -45.00171661376953
    }
  ],
  "channels": 2,
  "covariance": [
    [
      25.61145782470703,
      16.475173950195312,
      8.31009292602539,
      4.37716817855835,
      9.608675003051758,
      5.709799766540527,
      8.37488842010498,
      6.388613700866699,
      9.50186538696289,
      8.109051704406738,
      8.017512321472168,
      7.2214226722717285,
      7.140467166900635,
      7.762934684753418,
      6.275000095367432,
      7.498095512390137,
      6.701852798461914,
      6.927496910095215
    ],
    [
      16.475173950195312,
      33.3341064453125,
      6.576800346374512,
      4.156962871551514,
      2.178952693939209,
      -1.4853299856185913,
      3.8843295574188232,
      -0.4592897593975067,
      6.025412559509277,
      2.8400685787200928,
      6.973660945892334,
      5.88472843170166,
      5.331571578979492,
      5.501139163970947,
      2.163768768310547,
      4.057844161987305,
      4.333689212799072,
      4.647961616516113
    ],
    [
      8.31009292602539,
      6.576800346374512,
      18.580854415893555,
      13.028636932373047,
      14.52136516571045,
      12.774639129638672,
      12.018047332763672,
      11.587532043457031,
      12.537080764770508,
      14.015671730041504,
      11.704887390136719,
      12.10189437866211,
      11.627691268920898,
      11.567867279052734,
      11.548334121704102,
      9.631576538085938,
      10.928728103637695,
      9.852577209472656
    ],
    [
      4.37716817855835,
      4.156962871551514,
      13.028636932373047,
      18.696321487426758,
      12.443486213684082,
      12.70826244354248,
      9.65770149230957,
      10.996642112731934,
      8.57717227935791,
      11.488520622253418,
      7.332443714141846,
      8.590883255004883,
      6.9309983253479,
      6.583597660064697,
      7.31005859375,
      4.999663352966309,
      5.651932239532471,
      4.449431896209717
    ],
    [
      9.608675003051758,
      2.178952693939209,
      14.52136516571045,
      12.443486213684082,
      48.357566833496094,
      36.262535095214844,
      36.66130447387695,
      32.073368072509766,
      28.944747924804688,
      30.02985382080078,
      22.912683486938477,
      23.151350021362305,
      19.62999725341797,
      19.619735717773438,
      18.226961135864258,
      15.216381072998047,
      14.278234481811523,
      12.90276050567627
    ],
    [
      5.709799766540527,
      -1.4853299856185913,
      12.774639129638672,
      12.70826244354248,
      36.262535095214844,
      39.874839782714844,
      26.9821720123291,
      29.491193771362305,
      21.262094497680664,
      25.034852981567383,
      16.158414840698242,
      17.618698120117188,
      15.574257850646973,
      15.310807228088379,
      16.173986434936523,
      11.913209915161133,
      11.771137237548828,
      9.894895553588867
    ],
    [
      8.37488842010498,
      3.8843295574188232,
      12.018047332763672,
      9.65770149230957,
      36.66130447387695,
      26.9821720123291,
      55.50046920776367,
      44.424068450927734,
      40.56454849243164,
      39.669437408447266,
      31.007570266723633,
      30.271337509155273,
      25.22489356994629,
      25.114397048950195,
      21.080995559692383,
      19.657329559326172,
      19.23736000061035,
      18.067127227783203
    ],
    [
      6.388613700866699,
      -0.4592897593975067,
      11.587532043457031,
      10.996642112731934,
      32.073368072509766,
      29.491193771362305,
      44.424068450927734,
      48.899627685546875,
      32.59490203857422,
      37.50178146362305,
      22.93896484375,
      24.42384147644043,
      19.288820266723633,
      19.182016372680664,
      18.385215759277344,
      14.342925071716309,
      14.616633415222168,
      12.616013526916504
    ],
    [
      9.50186538696289,
      6.025412559509277,
      12.537080764770508,
      8.57717227935791,
      28.944747924804688,
      21.262094497680664,
      40.56454849243164,
      32.59490203857422,
      56.00028991699219,
      50.502498626708984,
      40.025306701660156,
      37.250030517578125,
      30.800216674804688,
      30.891847610473633,
      25.751808166503906,
      24.826852798461914,
      20.516340255737305,
      19.830984115600586
    ],
    [
      8.109051704406738,
      2.8400685787200928,
      14.015671730041504,
      11.488520622253418,
      30.02985382080078,
      25.034852981567383,
      39.669437408447266,
      37.50178146362305,
      50.502498626708984,
      54.37602615356445,
      36.45685577392578,
      36.77731704711914,
      29.285545349121094,
      29.225500106811523,
      27.274188995361328,
      23.011184692382812,
      19.50518035888672,
      17.682580947875977
    ],
    [
      8.017512321472168,
      6.973660945892334,
      11.704887390136719,
      7.332443714141846,
      22.912683486938477,
      16.158414840698242,
      31.007570266723633,
      22.93896484375,
      40.025306701660156,
      36.45685577392578,
      41.58800506591797,
      38.57948303222656,
      33.261871337890625,
      33.03642272949219,
      26.405040740966797,
      25.271841049194336,
      22.4445743560791,
      21.57611656188965
    ],
    [
      7.2214226722717285,
      5.88472843170166,
      12.10189437866211,
      8.590883255004883,
      23.151350021362305,
      17.618698120117188,
      30.271337509155273,
      24.42384147644043,
      37.250030517578125,
      36.77731704711914,
      38.57948303222656,
      38.068546295166016,
      31.939197540283203,
      31.673107147216797,
      26.48296356201172,
      23.79218864440918,
      21.31301498413086,
      19.890363693237305
    ],
    [
      7.140467166900635,
      5.331571578979492,
      11.627691268920898,
      6.9309983253479,
      19.62999725341797,
      15.574257850646973,
      25.22489356994629,
      19.288820266723633,
      30.800216674804688,
      29.285545349121094,
      33.261871337890625,
      31.939197540283203,
      37.6915397644043,
      37.37837219238281,
      31.717388153076172,
      29.636077880859375,
      24.686132431030273,
      23.857227325439453
    ],
    [
      7.762934684753418,
      5.501139163970947,
      11.567867279052734,
      6.583597660064697,
      19.619735717773438,
      15.310807228088379,
      25.114397048950195,
      19.182016372680664,
      30.891847610473633,
      29.225500106811523,
      33.03642272949219,
      31.673107147216797,
      37.37837219238281,
      37.734107971191406,
      32.09439468383789,
      30.5642147064209,
      24.724323272705078,
      24.08082389831543
    ],
    [
      6.275000095367432,
      2.163768768310547,
      11.548334121704102,
      7.31005859375,
      18.226961135864258,
      16.173986434936523,
      21.080995559692383,
      18.385215759277344,
      25.751808166503906,
      27.274188995361328,
      26.405040740966797,
      26.48296356201172,
      31.717388153076172,
      32.09439468383789,
      38.63258743286133,
      33.635459899902344,
      25.406681060791016,
      24.048418045043945
    ],
    [
      7.498095512390137,
      4.057844161987305,
      9.631576538085938,
      4.999663352966309,
      15.216381072998047,
      11.913209915161133,
      19.657329559326172,
      14.342925071716309,
      24.826852798461914,
      23.011184692382812,
      25.271841049194336,
      23.79218864440918,
      29.636077880859375,
      30.5642147064209,
      33.635459899902344,
      34.10108184814453,
      26.687255859375,
      26.68254852294922
    ],
    [
      6.701852798461914,
      4.333689212799072,
      10.928728103637695,
      5.651932239532471,
      14.278234481811523,
      11.771137237548828,
      19.23736000061035,
      14.616633415222168,
      20.516340255737305,
      19.50518035888672,
      22.4445743560791,
      21.31301498413086,
      24.686132431030273,
      24.724323272705078,
      25.406681060791016,
      26.687255859375,
      39.42026138305664,
      38.103759765625
    ],
    [
      6.927496910095215,
      4.647961616516113,
      9.852577209472656,
      4.449431896209717,
      12.90276050567627,
      9.894895553588867,
      18.067127227783203,
      12.616013526916504,
      19.830984115600586,
      17.682580947875977,
      21.57611656188965,
      19.890363693237305,
      23.857227325439453,
      24.08082389831543,
      24.048418045043945,
      26.68254852294922,
      38.103759765625,
      38.40572738647461
    ]
  ],
  "covariance_short": [
    [
      51.37596893310547,
      28.435270309448242,
      13.188304901123047,
      7.130919456481934,
      17.664684295654297,
      14.174055099487305,
      13.580754280090332,
      10.536937713623047,
      15.481658935546875,
      13.173650741577148,
      13.016375541687012,
      12.201505661010742,
      11.209843635559082,
      11.822978019714355,
      9.52573299407959,
      13.172983169555664,
      12.739029884338379,
      14.603056907653809
    ],
    [
      28.435270309448242,
      42.72013854980469,
      9.1857271194458,
      7.303301811218262,
      6.21945333480835,
      3.9469261169433594,
      4.650587558746338,
      1.6193819046020508,
      7.535694599151611,
      5.2830729484558105,
      7.2876057624816895,
      6.77630615234375,
      5.955379962921143,
      6.161858081817627,
      3.6328604221343994,
      6.213409423828125,
      7.647271633148193,
      8.900298118591309
    ],
    [
      13.188304901123047,
      9.1857271194458,
      23.89258575439453,
      12.358990669250488,
      13.839788436889648,
      11.694676399230957,
      11.676353454589844,
      9.826865196228027,
      15.46939754486084,
      14.342873573303223,
      15.240229606628418,
      15.00221061706543,
      15.667109489440918,
      15.865801811218262,
      15.849831581115723,
      15.62075424194336,
      15.947821617126465,
      16.145387649536133
    ],
    [
      7.130919456481934,
      7.303301811218262,
      12.358990669250488,
      23.4991397857666,
      12.32409954071045,
      12.858061790466309,
      9.958861351013184,
      10.217312812805176,
      10.98383903503418,
      12.30176067352295,
      9.368237495422363,
      10.282108306884766,
      9.305733680725098,
      9.030623435974121,
      9.978755950927734,
      8.552163124084473,
      8.252264022827148,
      7.931060314178467
    ],
    [
      17.664684295654297,
      6.21945333480835,
      13.839788436889648,
      12.32409954071045,
      59.815372467041016,
      42.7591552734375,
      43.067142486572266,
      35.29348373413086,
      39.34015655517578,
      36.30709457397461,
      33.359580993652344,
      32.00949478149414,
      30.517364501953125,
      30.635709762573242,
      28.570276260375977,
      28.51343536376953,
      25.19115447998047,
      26.7882137298584
    ],
    [
      14.174055099487305,
      3.9469261169433594,
      11.694676399230957,
      12.858061790466309,
      42.7591552734375,
      49.32685089111328,
      33.24064636230469,
      33.02583312988281,
      28.793794631958008,
      30.471473693847656,
      23.835214614868164,
      24.731760025024414,
      24.054885864257812,
      23.91819190979004,
      25.238292694091797,
      21.942052841186523,
      19.8333740234375,
      19.253759384155273
    ],
    [
      13.580754280090332,
      4.650587558746338,
      11.676353454589844,
      9.958861351013184,
      43.067142486572266,
      33.24064636230469,
      69.26814270019531,
      52.564353942871094,
      52.15093994140625,
      48.397281646728516,
      40.408416748046875,
      38.66659927368164,
      35.299007415771484,
      35.44400405883789,
      33.3534049987793,
      34.12855911254883,
      31.653724670410156,
      33.553470611572266
    ],
    [
      10.536937713623047,
      1.6193819046020508,
      9.826865196228027,
      10.217312812805176,
      35.29348373413086,
      33.02583312988281,
      52.564353942871094,
      56.486297607421875,
      41.127105712890625,
      43.64386749267578,
      29.939912796020508,
      30.9016170501709,
      27.450225830078125,
      27.38231658935547,
      28.508710861206055,
      25.42521095275879,
      24.473203659057617,
      24.081920623779297
    ],
    [
      15.481658935546875,
      7.535694599151611,
      15.46939754486084,
      10.98383903503418,
      39.34015655517578,
      28.793794631958008,
      52.15093994140625,
      41.127105712890625,
      79.19214630126953,
      67.43538665771484,
      58.413665771484375,
      53.77153396606445,
      48.019004821777344,
      48.160308837890625,
      44.02973937988281,
      46.191078186035156,
      40.150943756103516,
      43.570152282714844
    ],
    [
      13.173650741577148,
      5.2830729484558105,
      14.342873573303223,
      12.30176067352295,
      36.30709457397461,
      30.471473693847656,
      48.397281646728516,
      43.64386749267578,
      67.43538665771484,
      68.87032318115234,
      50.99772644042969,
      49.72624969482422,
      42.870113372802734,
      42.7905387878418,
      42.28254318237305,
      40.07253646850586,
      35.664485931396484,
      36.57750701904297
    ],
    [
      13.016375541687012,
      7.2876057624816895,
      15.240229606628418,
      9.368237495422363,
      33.359580993652344,
      23.835214614868164,
      40.408416748046875,
      29.939912796020508,
      58.413665771484375,
      50.99772644042969,
      63.026363372802734,
      56.82709503173828,
      50.76881790161133,
      50.87496566772461,
      46.084228515625,
      47.87625503540039,
      41.915435791015625,
      45.384918212890625
    ],
    [
      12.201505661010742,
      6.77630615234375,
      15.00221061706543,
      10.282108306884766,
      32.00949478149414,
      24.731760025024414,
      38.66659927368164,
      30.9016170501709,
      53.77153396606445,
      49.72624969482422,
      56.82709503173828,
      54.85965347290039,
      47.66838455200195,
      47.66818618774414,
      44.66563034057617,
      44.1258430480957,
      39.523681640625,
      41.52260971069336
    ],
    [
      11.209843635559082,
      5.955379962921143,
      15.667109489440918,
      9.305733680725098,
      30.517364501953125,
      24.054885864257812,
      35.299007415771484,
      27.450225830078125,
      48.019004821777344,
      42.870113372802734,
      50.76881790161133,
      47.66838455200195,
      59.4820671081543,
      59.03619384765625,
      54.36659240722656,
      54.5206413269043,
      46.945194244384766,
      49.85008239746094
    ],
    [
      11.822978019714355,
      6.161858081817627,
      15.865801811218262,
      9.030623435974121,
      30.635709762573242,
      23.91819190979004,
      35.44400405883789,
      27.38231658935547,
      48.160308837890625,
      42.7905387878418,
      50.87496566772461,
      47.66818618774414,
      59.03619384765625,
      60.49260711669922,
      55.06571960449219,
      55.95220947265625,
      47.66411590576172,
      50.84479904174805
    ],
    [
      9.52573299407959,
      3.6328604221343994,
      15.849831581115723,
      9.978755950927734,
      28.570276260375977,
      25.238292694091797,
      33.3534049987793,
      28.508710861206055,
      44.02973937988281,
      42.28254318237305,
      46.084228515625,
      44.66563034057617,
      54.36659240722656,
      55.06571960449219,
      68.59170532226562,
      63.92354202270508,
      53.21652603149414,
      55.13344955444336
    ],
    [
      13.172983169555664,
      6.213409423828125,
      15.62075424194336,
      8.552163124084473,
      28.51343536376953,
      21.942052841186523,
      34.12855911254883,
      25.42521095275879,
      46.191078186035156,
      40.07253646850586,
      47.87625503540039,
      44.1258430480957,
      54.5206413269043,
      55.95220947265625,
      63.92354202270508,
      70.48187255859375,
      57.377052307128906,
      62.55917739868164
    ],
    [
      12.739029884338379,
      7.647271633148193,
      15.947821617126465,
      8.252264022827148,
      25.19115447998047,
      19.8333740234375,
      31.653724670410156,
      24.473203659057617,
      40.150943756103516,
      35.664485931396484,
      41.915435791015625,
      39.523681640625,
      46.945194244384766,
      47.66411590576172,
      53.21652603149414,
      57.377052307128906,
      69.52082824707031,
      72.47099304199219
    ],
    [
      14.603056907653809,
      8.900298118591309,
      16.145387649536133,
      7.931060314178467,
      26.7882137298584,
      19.253759384155273,
      33.553470611572266,
      24.081920623779297,
      43.570152282714844,
      36.57750701904297,
      45.384918212890625,
      41.52260971069336,
      49.85008239746094,
      50.84479904174805,
      55.13344955444336,
      62.55917739868164,
      72.47099304199219,
      80.95687866210938
    ]
  ],
  "drr": 15.18462085723877,
  "dynamics": 3.408561944961548,
  "format": 1245190,
  "frames": 10399744,
  "loudness": -12.186162948608398,
  "loudness_range": 9.258329391479492,
  "loudness_range_short": 11.504549026489258,
  "peak": 1.4037235975265503,
  "rms": -13.203286170959473,
  "sample_rate": 44100,
  "sections": 1,
  "seekable": 1,
  "sharpness": 2.6125128269195557,
  "space": -6.528380870819092
}