{
  "bands": [
    {
      "high_freq": 148.1999969482422,
      "loudness": -37.69834899902344,
      "loudness_range": 27.671306610107422,
      "mid_mean": -34.725059509277344,
      "mid_to_side_loudness": -9.635082244873047,
      "mid_to_side_loudness_range": 16.935985565185547,
      "side_mean": -44.885459899902344
    },
    {
      "high_freq": 392.3793640136719,
      "loudness": -34.87747573852539,
      "loudness_range": 18.32953453063965,
      "low_freq": 148.1999969482422,
      "mid_mean": -32.83803939819336,
      "mid_to_side_loudness": -5.2025957107543945,
      "mid_to_side_loudness_range": 12.016987800598145,
      "side_mean": -38.73448181152344
    },
    {
      "high_freq": 794.6976318359375,
      "loudness": -34.883155822753906,
      "loudness_range": 17.730674743652344,
      "low_freq": 392.3793640136719,
      "mid_mean": -32.75593566894531,
      "mid_to_side_loudness": -4.921019077301025,
      "mid_to_side_loudness_range": 11.379179000854492,
      "side_mean": -37.70570373535156
    },
    {
      "high_freq": 1457.5709228515625,
      "loudness": -35.13670349121094,
      "loudness_range": 22.523296356201172,
      "low_freq": 794.6976318359375,
      "mid_mean": -33.57803726196289,
      "mid_to_side_loudness": -2.4846417903900146,
      "mid_to_side_loudness_range": 7.927931785583496,
      "side_mean": -36.11186218261719
    },
    {
      "high_freq": 2549.74365234375,
      "loudness": -37.31180953979492,
      "loudness_range": 23.34358787536621,
      "low_freq": 1457.5709228515625,
      "mid_mean": -36.125885009765625,
      "mid_to_side_loudness": -1.5972881317138672,
      "mid_to_side_loudness_range": 7.469630241394043,
      "side_mean": -37.77613830566406
    },
    {
      "high_freq": 4349.24462890625,
      "loudness": -35.848228454589844,
      "loudness_range": 21.89484405517578,
      "low_freq": 2549.74365234375,
      "mid_mean": -34.407066345214844,
      "mid_to_side_loudness": -2.4331066608428955,
      "mid_to_side_loudness_range": 9.734990119934082,
      "side_mean": -37.073856353759766
    },
    {
      "high_freq": 7314.1640625,
      "loudness": -41.79084777832031,
      "loudness_range": 22.49574851989746,
      "low_freq": 4349.24462890625,
      "mid_mean": -40.624351501464844,
      "mid_to_side_loudness": -2.1973910331726074,
      "mid_to_side_loudness_range": 9.55830192565918,
      "side_mean": -43.22515869140625
    },
    {
      "high_freq": 12199.2666015625,
      "loudness": -48.286319732666016,
      "loudness_range": 23.23603057861328,
      "low_freq": 7314.1640625,
      "mid_mean": -47.14772033691406,
      "mid_to_side_loudness": -3.4894514083862305,
      "mid_to_side_loudness_range": 12.314070701599121,
      "side_mean": -51.674800872802734
    },
    {
      "loudness": -55.77504348754883,
      "loudness_range": 24.710041046142578,
      "low_freq": 12199.2666015625,
      "mid_mean": -54.356727600097656,
      "mid_to_side_loudness": -3.6927595138549805,
      "mid_to_side_loudness_range": 12.148892402648926,
      "side_mean": -57.79035186767578
    }
  ],
  "bands_short": [
    {
      "high_freq": 148.1999969482422,
      "loudness": -38.63923263549805,
      "loudness_range": 26.92736053466797,
      "mid_mean": -35.414703369140625,
      "mid_to_side_loudness": -9.640711784362793,
      "mid_to_side_loudness_range": 21.092634201049805,
      "side_mean": -46.08311080932617
    },
    {
      "high_freq": 392.3793640136719,
      "loudness": -34.72890090942383,
      "loudness_range": 18.485361099243164,
      "low_freq": 148.1999969482422,
      "mid_mean": -32.626426696777344,
      "mid_to_side_loudness": -5.257617473602295,
      "mid_to_side_loudness_range": 14.092832565307617,
      "side_mean": -38.79855728149414
    },
    {
      "high_freq": 794.6976318359375,
      "loudness": -35.7059211730957,
      "loudness_range": 18.204914093017578,
      "low_freq": 392.3793640136719,
      "mid_mean": -33.6391716003418,
      "mid_to_side_loudness": -5.352519989013672,
      "mid_to_side_loudness_range": 14.410823822021484,
      "side_mean": -39.14133071899414
    },
    {
      "high_freq": 1457.5709228515625,
      "loudness": -34.886112213134766,
      "loudness_range": 23.0998477935791,
      "low_freq": 794.6976318359375,
      "mid_mean": -33.49212646484375,
      "mid_to_side_loudness": -2.5839483737945557,
      "mid_to_side_loudness_range": 11.454540252685547,
      "side_mean": -36.08268356323242
    },
    {
      "high_freq": 2549.74365234375,
      "loudness": -37.65596008300781,
      "loudness_range": 23.8804931640625,
      "low_freq": 1457.5709228515625,
      "mid_mean": -36.586124420166016,
      "mid_to_side_loudness": -1.624627709388733,
      "mid_to_side_loudness_range": 10.612967491149902,
      "side_mean": -38.295249938964844
    },
    {
      "high_freq": 4349.24462890625,
      "loudness": -36.12372589111328,
      "loudness_range": 22.467424392700195,
      "low_freq": 2549.74365234375,
      "mid_mean": -34.80894470214844,
      "mid_to_side_loudness": -2.378230094909668,
      "mid_to_side_loudness_range": 11.467493057250977,
      "side_mean": -37.42159652709961
    },
    {
      "high_freq": 7314.1640625,
      "loudness": -42.3176155090332,
      "loudness_range": 23.955286026000977,
      "low_freq": 4349.24462890625,
      "mid_mean": -41.16969680786133,
      "mid_to_side_loudness": -2.1561458110809326,
      "mid_to_side_loudness_range": 10.864459037780762,
      "side_mean": -43.70545959472656
    },
    {
      "high_freq": 12199.2666015625,
      "loudness": -49.27493667602539,
      "loudness_range": 24.106231689453125,
      "low_freq": 7314.1640625,
      "mid_mean": -48.43813705444336,
      "mid_to_side_loudness": -3.4138262271881104,
      "mid_to_side_loudness_range": 13.574560165405273,
      "side_mean": -52.53575134277344
    },
    {
      "loudness": -56.830970764160156,
      "loudness_range": 26.608814239501953,
      "low_freq": 12199.2666015625,
      "mid_mean": -55.18156433105469,
      "mid_to_side_loudness": -3.665799856185913,
      "mid_to_side_loudness_range": 13.198678970336914,
      "side_mean": -58.551822662353516
    }
  ],
  "channels": 2,
  "covariance": [
    [
      91.82038116455078,
      61.77873611450195,
      37.11977005004883,
      40.52476501464844,
      20.466917037963867,
      35.25698471069336,
      36.75470733642578,
      36.00989532470703,
      26.929906845092773,
      33.74416732788086,
      20.596832275390625,
      28.62177848815918,
      14.530251502990723,
      26.61617088317871,
      16.646644592285156,
      36.71275329589844,
      18.06581687927246,
      32.27404022216797
    ],
    [
      61.77873611450195,
      68.7318115234375,
      33.97414016723633,
      40.38318634033203,
      16.708837509155273,
      29.03704261779785,
      30.717775344848633,
      33.085121154785156,
      29.040369033813477,
      35.794681549072266,
      21.05396842956543,
      28.865442276000977,
      16.203338623046875,
      26.970661163330078,
      16.91153907775879,
      35.99355697631836,
      20.329792022705078,
      31.21152687072754
    ],
    [
      37.11977005004883,
      33.97414016723633,
      47.67544174194336,
      48.77349853515625,
      24.018856048583984,
      30.31125259399414,
      25.371788024902344,
      28.808515548706055,
      26.75943374633789,
      31.147645950317383,
      19.820091247558594,
      26.081710815429688,
      16.07696533203125,
      21.05525779724121,
      16.453453063964844,
      27.995363235473633,
      18.835084915161133,
      23.168472290039062
    ],
    [
      40.52476501464844,
      40.38318634033203,
      48.77349853515625,
      74.7861557006836,
      31.177736282348633,
      42.32636642456055,
      35.808753967285156,
      39.76747131347656,
      37.92829895019531,
      44.353336334228516,
      28.540700912475586,
      33.001983642578125,
      23.10264778137207,
      27.575044631958008,
      22.89864158630371,
      32.08248519897461,
      25.834102630615234,
      28.077739715576172
    ],
    [
      20.466917037963867,
      16.708837509155273,
      24.018856048583984,
      31.177736282348633,
      38.41279602050781,
      42.99004364013672,
      24.75404167175293,
      26.449974060058594,
      28.39051055908203,
      29.538312911987305,
      24.760698318481445,
      24.271686553955078,
      23.323732376098633,
      25.099891662597656,
      25.191390991210938,
      26.851171493530273,
      26.395320892333984,
      23.69198226928711
    ],
    [
      35.25698471069336,
      29.03704261779785,
      30.31125259399414,
      42.32636642456055,
      42.99004364013672,
      65.79161071777344,
      36.285675048828125,
      39.74545669555664,
      34.7809944152832,
      40.58049774169922,
      30.325504302978516,
      32.50387191772461,
      24.558473587036133,
      30.63047218322754,
      27.585269927978516,
      35.154083251953125,
      29.511999130249023,
      33.1149787902832
    ],
    [
      36.75470733642578,
      30.717775344848633,
      25.371788024902344,
      35.808753967285156,
      24.75404167175293,
      36.285675048828125,
      60.21560287475586,
      57.9288444519043,
      48.47992706298828,
      52.69997787475586,
      45.616249084472656,
      45.48469161987305,
      42.29848861694336,
      49.46973419189453,
      40.17646408081055,
      44.93227005004883,
      41.273006439208984,
      43.397090911865234
    ],
    [
      36.00989532470703,
      33.085121154785156,
      28.808515548706055,
      39.76747131347656,
      26.449974060058594,
      39.74545669555664,
      57.9288444519043,
      65.79094696044922,
      50.78013229370117,
      58.02647399902344,
      46.6589469909668,
      51.547454833984375,
      41.372047424316406,
      51.91459655761719,
      39.485469818115234,
      48.9344367980957,
      41.367427825927734,
      47.246337890625
    ],
    [
      26.929906845092773,
      29.040369033813477,
      26.75943374633789,
      37.92829895019531,
      28.39051055908203,
      34.7809944152832,
      48.47992706298828,
      50.78013229370117,
      61.36640930175781,
      61.267333984375,
      48.02680969238281,
      48.44527053833008,
      48.45512771606445,
      51.99245834350586,
      45.73679733276367,
      48.1264762878418,
      44.61625671386719,
      43.614227294921875
    ],
    [
      33.74416732788086,
      35.794681549072266,
      31.147645950317383,
      44.353336334228516,
      29.538312911987305,
      40.58049774169922,
      52.69997787475586,
      58.02647399902344,
      61.267333984375,
      71.79458618164062,
      48.97297286987305,
      53.68828582763672,
      45.37161636352539,
      54.48915481567383,
      41.80057907104492,
      51.70093536376953,
      40.71259307861328,
      46.66291427612305
    ],
    [
      20.596832275390625,
      21.05396842956543,
      19.820091247558594,
      28.540700912475586,
      24.760698318481445,
      30.325504302978516,
      45.616249084472656,
      46.6589469909668,
      48.02680969238281,
      48.97297286987305,
      61.71513366699219,
      52.78398513793945,
      53.78876495361328,
      56.57080078125,
      48.914066314697266,
      43.69472885131836,
      52.57471466064453,
      43.724430084228516
    ],
    [
      28.62177848815918,
      28.865442276000977,
      26.081710815429688,
      33.001983642578125,
      24.271686553955078,
      32.50387191772461,
      45.48469161987305,
      51.547454833984375,
      48.44527053833008,
      53.68828582763672,
      52.78398513793945,
      59.90846252441406,
      43.86634063720703,
      53.49223327636719,
      40.31537628173828,
      48.826080322265625,
      42.22483444213867,
      47.03501510620117
    ],
    [
      14.530251502990723,
      16.203338623046875,
      16.07696533203125,
      23.10264778137207,
      23.323732376098633,
      24.558473587036133,
      42.29848861694336,
      41.372047424316406,
      48.45512771606445,
      45.37161636352539,
      53.78876495361328,
      43.86634063720703,
      69.61772918701172,
      60.925418853759766,
      61.09540557861328,
      48.31325912475586,
      60.60383987426758,
      44.246673583984375
    ],
    [
      26.61617088317871,
      26.970661163330078,
      21.05525779724121,
      27.575044631958008,
      25.099891662597656,
      30.63047218322754,
      49.46973419189453,
      51.91459655761719,
      51.99245834350586,
      54.48915481567383,
      56.57080078125,
      53.49223327636719,
      60.925418853759766,
      69.92184448242188,
      55.36686706542969,
      56.1058349609375,
      56.04632568359375,
      52.22002029418945
    ],
    [
      16.646644592285156,
      16.91153907775879,
      16.453453063964844,
      22.89864158630371,
      25.191390991210938,
      27.585269927978516,
      40.17646408081055,
      39.485469818115234,
      45.73679733276367,
      41.80057907104492,
      48.914066314697266,
      40.31537628173828,
      61.09540557861328,
      55.36686706542969,
      74.75153350830078,
      60.61749267578125,
      62.11648941040039,
      45.69171905517578
    ],
    [
      36.71275329589844,
      35.99355697631836,
      27.995363235473633,
      32.08248519897461,
      26.851171493530273,
      35.154083251953125,
      44.93227005004883,
      48.9344367980957,
      48.1264762878418,
      51.70093536376953,
      43.69472885131836,
      48.826080322265625,
      48.31325912475586,
      56.1058349609375,
      60.61749267578125,
      83.09961700439453,
      59.520381927490234,
      60.71933364868164
    ],
    [
      18.06581687927246,
      20.329792022705078,
      18.835084915161133,
      25.834102630615234,
      26.395320892333984,
      29.511999130249023,
      41.273006439208984,
      41.367427825927734,
      44.61625671386719,
      40.71259307861328,
      52.57471466064453,
      42.22483444213867,
      60.60383987426758,
      56.04632568359375,
      62.11648941040039,
      59.520381927490234,
      75.966796875,
      55.40586853027344
    ],
    [
      32.27404022216797,
      31.21152687072754,
      23.168472290039062,
      28.077739715576172,
      23.69198226928711,
      33.1149787902832,
      43.397090911865234,
      47.246337890625,
      43.614227294921875,
      46.66291427612305,
      43.724430084228516,
      47.03501510620117,
      44.246673583984375,
      52.22002029418945,
      45.69171905517578,
      60.71933364868164,
      55.40586853027344,
      58.03971481323242
    ]
  ],
  "covariance_short": [
    [
      86.39502716064453,
      53.41340637207031,
      38.57959747314453,
      38.760231018066406,
      22.53293228149414,
      35.239784240722656,
      28.206972122192383,
      28.518939971923828,
      23.16036033630371,
      30.26453971862793,
      18.46766471862793,
      25.265756607055664,
      12.964923858642578,
      23.42364501953125,
      16.959030151367188,
      30.80055046081543,
      15.605175018310547,
      26.930418014526367
    ],
    [
      53.41340637207031,
      69.30908203125,
      33.109886169433594,
      38.791786193847656,
      16.306901931762695,
      27.185352325439453,
      27.704341888427734,
      30.52773666381836,
      27.63976287841797,
      34.63357162475586,
      20.625057220458984,
      27.2567138671875,
      16.955821990966797,
      26.44917869567871,
      18.316804885864258,
      33.147621154785156,
      19.44232940673828,
      28.79949951171875
    ],
    [
      38.57959747314453,
      33.109886169433594,
      50.32841491699219,
      46.27479553222656,
      26.703960418701172,
      33.236297607421875,
      22.634084701538086,
      26.36577033996582,
      25.365150451660156,
      29.299089431762695,
      17.930660247802734,
      24.70348358154297,
      15.049494743347168,
      19.40025520324707,
      20.30592155456543,
      27.43459129333496,
      17.429929733276367,
      21.70088005065918
    ],
    [
      38.760231018066406,
      38.791786193847656,
      46.27479553222656,
      71.61438751220703,
      31.53058624267578,
      44.036258697509766,
      31.830629348754883,
      35.484596252441406,
      34.92380142211914,
      40.717185974121094,
      25.501596450805664,
      30.446134567260742,
      21.163917541503906,
      25.00397300720215,
      25.449602127075195,
      29.8770809173584,
      23.752782821655273,
      26.005647659301758
    ],
    [
      22.53293228149414,
      16.306901931762695,
      26.703960418701172,
      31.53058624267578,
      42.53927993774414,
      44.496620178222656,
      24.287050247192383,
      26.054485321044922,
      28.197437286376953,
      27.90030288696289,
      23.60085105895996,
      25.196027755737305,
      20.628469467163086,
      23.266159057617188,
      25.948009490966797,
      26.57752799987793,
      23.50059700012207,
      22.763456344604492
    ],
    [
      35.239784240722656,
      27.185352325439453,
      33.236297607421875,
      44.036258697509766,
      44.496620178222656,
      74.53221130371094,
      35.857479095458984,
      39.14594650268555,
      34.38845443725586,
      38.59452819824219,
      29.18292999267578,
      33.18375778198242,
      22.13030242919922,
      28.862398147583008,
      28.677345275878906,
      34.630043029785156,
      26.87238311767578,
      31.674713134765625
    ],
    [
      28.206972122192383,
      27.704341888427734,
      22.634084701538086,
      31.830629348754883,
      24.287050247192383,
      35.857479095458984,
      66.01629638671875,
      58.77656173706055,
      48.44518280029297,
      53.711883544921875,
      45.68989181518555,
      44.667518615722656,
      45.02382278442383,
      49.44987106323242,
      44.403160095214844,
      45.827903747558594,
      44.326194763183594,
      43.304595947265625
    ],
    [
      28.518939971923828,
      30.52773666381836,
      26.36577033996582,
      35.484596252441406,
      26.054485321044922,
      39.14594650268555,
      58.77656173706055,
      70.25890350341797,
      51.11656951904297,
      59.04988098144531,
      47.20981979370117,
      50.61561965942383,
      44.233211517333984,
      52.47663497924805,
      43.57862854003906,
      49.51889419555664,
      43.31791687011719,
      47.08806228637695
    ],
    [
      23.16036033630371,
      27.63976287841797,
      25.365150451660156,
      34.92380142211914,
      28.197437286376953,
      34.38845443725586,
      48.44518280029297,
      51.11656951904297,
      64.7691650390625,
      61.5703010559082,
      47.96023178100586,
      48.914371490478516,
      49.31233215332031,
      51.90547180175781,
      49.54298400878906,
      49.46247100830078,
      45.80381774902344,
      44.372745513916016
    ],
    [
      30.26453971862793,
      34.63357162475586,
      29.299089431762695,
      40.717185974121094,
      27.90030288696289,
      38.59452819824219,
      53.711883544921875,
      59.04988098144531,
      61.5703010559082,
      76.00678253173828,
      49.45589828491211,
      54.61491394042969,
      46.764095306396484,
      54.53700256347656,
      45.91556167602539,
      53.269805908203125,
      42.14472198486328,
      47.60016632080078
    ],
    [
      18.46766471862793,
      20.625057220458984,
      17.930660247802734,
      25.501596450805664,
      23.60085105895996,
      29.18292999267578,
      45.68989181518555,
      47.20981979370117,
      47.96023178100586,
      49.45589828491211,
      65.64580535888672,
      54.22875213623047,
      56.289939880371094,
      57.573020935058594,
      54.29058074951172,
      46.204715728759766,
      54.72119903564453,
      45.367313385009766
    ],
    [
      25.265756607055664,
      27.2567138671875,
      24.70348358154297,
      30.446134567260742,
      25.196027755737305,
      33.18375778198242,
      44.667518615722656,
      50.61561965942383,
      48.914371490478516,
      54.61491394042969,
      54.22875213623047,
      63.640174865722656,
      46.35129165649414,
      54.82669448852539,
      46.414405822753906,
      50.849117279052734,
      43.64051055908203,
      47.96925354003906
    ],
    [
      12.964923858642578,
      16.955821990966797,
      15.049494743347168,
      21.163917541503906,
      20.628469467163086,
      22.13030242919922,
      45.02382278442383,
      44.233211517333984,
      49.31233215332031,
      46.764095306396484,
      56.289939880371094,
      46.35129165649414,
      75.23784637451172,
      64.40059661865234,
      66.55941772460938,
      52.04119110107422,
      64.59370422363281,
      47.095760345458984
    ],
    [
      23.42364501953125,
      26.44917869567871,
      19.40025520324707,
      25.00397300720215,
      23.266159057617188,
      28.862398147583008,
      49.44987106323242,
      52.47663497924805,
      51.90547180175781,
      54.53700256347656,
      57.573020935058594,
      54.82669448852539,
      64.40059661865234,
      74.07054138183594,
      60.37008285522461,
      58.1828498840332,
      58.04629135131836,
      53.43675994873047
    ],
    [
      16.959030151367188,
      18.316804885864258,
      20.30592155456543,
      25.449602127075195,
      25.948009490966797,
      28.677345275878906,
      44.403160095214844,
      43.57862854003906,
      49.54298400878906,
      45.91556167602539,
      54.29058074951172,
      46.414405822753906,
      66.55941772460938,
      60.37008285522461,
      85.20939636230469,
      66.97904205322266,
      69.83291625976562,
      50.18955993652344
    ],
    [
      30.80055046081543,
      33.147621154785156,
      27.43459129333496,
      29.8770809173584,
      26.57752799987793,
      34.630043029785156,
      45.827903747558594,
      49.51889419555664,
      49.46247100830078,
      53.269805908203125,
      46.204715728759766,
      50.849117279052734,
      52.04119110107422,
      58.1828498840332,
      66.97904205322266,
      82.95006561279297,
      60.12442398071289,
      59.89873123168945
    ],
    [
      15.605175018310547,
      19.44232940673828,
      17.429929733276367,
      23.752782821655273,
      23.50059700012207,
      26.87238311767578,
      44.326194763183594,
      43.31791687011719,
      45.80381774902344,
      42.14472198486328,
      54.72119903564453,
      43.64051055908203,
      64.59370422363281,
      58.04629135131836,
      69.83291625976562,
      60.12442398071289,
      79.7340087890625,
      57.05120849609375
    ],
    [
      26.930418014526367,
      28.79949951171875,
      21.70088005065918,
      26.005647659301758,
      22.763456344604492,
      31.674713134765625,
      43.304595947265625,
      47.08806228637695,
      44.372745513916016,
      47.60016632080078,
      45.367313385009766,
      47.96925354003906,
      47.095760345458984,
      53.43675994873047,
      50.18955993652344,
      59.89873123168945,
      57.05120849609375,
      59.292945861816406
    ]
  ],
  "drr": 7.362854480743408,
  "dynamics": 5.290402889251709,
  "format": 1245190,
  "frames": 9078784,
  "loudness": -22.46527862548828,
  "loudness_range": 16.587196350097656,
  "loudness_range_short": 17.148143768310547,
  "peak": -0.3353457748889923,
  "rms": -23.115182876586914,
  "sample_rate": 44100,
  "sections": 1,
  "seekable": 1,
  "sharpness": 1.2239735126495361,
  "space": -4.2473554611206055
}