{
  "bands": [
    {
      "high_freq": 148.1999969482422,
      "loudness": -20.64297103881836,
      "loudness_range": 20.244230270385742,
      "mid_mean": -16.952728271484375,
      "mid_to_side_loudness": -24.972721099853516,
      "mid_to_side_loudness_range": 27.036483764648438,
      "side_mean": -43.86077117919922
    },
    {
      "high_freq": 392.3793640136719,
      "loudness": -21.735612869262695,
      "loudness_range": 10.818496704101562,
      "low_freq": 148.1999969482422,
      "mid_mean": -18.4102783203125,
      "mid_to_side_loudness": -13.125992774963379,
      "mid_to_side_loudness_range": 16.320049285888672,
      "side_mean": -31.721677780151367
    },
    {
      "high_freq": 794.6976318359375,
      "loudness": -21.766101837158203,
      "loudness_range": 11.692538261413574,
      "low_freq": 392.3793640136719,
      "mid_mean": -18.95832633972168,
      "mid_to_side_loudness": -8.943122863769531,
      "mid_to_side_loudness_range": 14.964481353759766,
      "side_mean": -28.032377243041992
    },
    {
      "high_freq": 1457.5709228515625,
      "loudness": -28.10413932800293,
      "loudness_range": 17.781604766845703,
      "low_freq": 794.6976318359375,
      "mid_mean": -25.096242904663086,
      "mid_to_side_loudness": -11.51838493347168,
      "mid_to_side_loudness_range": 19.9818172454834,
      "side_mean": -36.784610748291016
    },
    {
      "high_freq": 2549.74365234375,
      "loudness": -29.627214431762695,
      "loudness_range": 20.200057983398438,
      "low_freq": 1457.5709228515625,
      "mid_mean": -26.226579666137695,
      "mid_to_side_loudness": -15.513046264648438,
      "mid_to_side_loudness_range": 20.588979721069336,
      "side_mean": -42.07817459106445
    },
    {
      "high_freq": 4349.24462890625,
      "loudness": -31.037553787231445,
      "loudness_range": 20.332962036132812,
      "low_freq": 2549.74365234375,
      "mid_mean": -27.675552368164062,
      "mid_to_side_loudness": -14.520069122314453,
      "mid_to_side_loudness_range": 19.168701171875,
      "side_mean": -42.43751907348633
    },
    {
      "high_freq": 7314.1640625,
      "loudness": -37.85716247558594,
      "loudness_range": 16.979320526123047,
      "low_freq": 4349.24462890625,
      "mid_mean": -34.638458251953125,
      "mid_to_side_loudness": -12.294145584106445,
      "mid_to_side_loudness_range": 16.62661361694336,
      "side_mean": -47.006927490234375
    },
    {
      "high_freq": 12199.2666015625,
      "loudness": -42.1236572265625,
      "loudness_range": 23.70743751525879,
      "low_freq": 7314.1640625,
      "mid_mean": -38.839599609375,
      "mid_to_side_loudness": -13.285552978515625,
      "mid_to_side_loudness_range": 17.645488739013672,
      "side_mean": -52.356964111328125
    },
    {
      "loudness": -51.22249221801758,
      "loudness_range": 21.727516174316406,
      "low_freq": 12199.2666015625,
      "mid_mean": -47.90446853637695,
      "mid_to_side_loudness": -12.4501953125,
      "mid_to_side_loudness_range": 16.89792251586914,
      "side_mean": -59.748313903808594
    }
  ],
  "bands_short": [
    {
      "high_freq": 148.1999969482422,
      "loudness": -25.046709060668945,
      "loudness_range": 29.787429809570312,
      "mid_mean": -21.39563751220703,
      "mid_to_side_loudness": -25.50560188293457,
      "mid_to_side_loudness_range": 31.530534744262695,
      "side_mean": -50.26345443725586
    },
    {
      "high_freq": 392.3793640136719,
      "loudness": -22.41901206970215,
      "loudness_range": 15.450523376464844,
      "low_freq": 148.1999969482422,
      "mid_mean": -19.1285343170166,
      "mid_to_side_loudness": -13.834099769592285,
      "mid_to_side_loudness_range": 20.533206939697266,
      "side_mean": -33.19014358520508
    },
    {
      "high_freq": 794.6976318359375,
      "loudness": -21.52631187438965,
      "loudness_range": 13.07858943939209,
      "low_freq": 392.3793640136719,
      "mid_mean": -18.76960563659668,
      "mid_to_side_loudness": -9.20874309539795,
      "mid_to_side_loudness_range": 17.669109344482422,
      "side_mean": -28.146888732910156
    },
    {
      "high_freq": 1457.5709228515625,
      "loudness": -28.757877349853516,
      "loudness_range": 19.38184928894043,
      "low_freq": 794.6976318359375,
      "mid_mean": -25.832393646240234,
      "mid_to_side_loudness": -11.322821617126465,
      "mid_to_side_loudness_range": 21.55255889892578,
      "side_mean": -37.3614387512207
    },
    {
      "high_freq": 2549.74365234375,
      "loudness": -30.4759578704834,
      "loudness_range": 22.796539306640625,
      "low_freq": 1457.5709228515625,
      "mid_mean": -27.095855712890625,
      "mid_to_side_loudness": -15.114689826965332,
      "mid_to_side_loudness_range": 21.80706787109375,
      "side_mean": -42.79330062866211
    },
    {
      "high_freq": 4349.24462890625,
      "loudness": -31.908926010131836,
      "loudness_range": 22.57782745361328,
      "low_freq": 2549.74365234375,
      "mid_mean": -28.578771591186523,
      "mid_to_side_loudness": -13.857194900512695,
      "mid_to_side_loudness_range": 20.359296798706055,
      "side_mean": -42.883060455322266
    },
    {
      "high_freq": 7314.1640625,
      "loudness": -39.06733322143555,
      "loudness_range": 18.310903549194336,
      "low_freq": 4349.24462890625,
      "mid_mean": -35.92127990722656,
      "mid_to_side_loudness": -11.887494087219238,
      "mid_to_side_loudness_range": 17.752893447875977,
      "side_mean": -47.89134979248047
    },
    {
      "high_freq": 12199.2666015625,
      "loudness": -44.12592315673828,
      "loudness_range": 24.5380802154541,
      "low_freq": 7314.1640625,
      "mid_mean": -40.945491790771484,
      "mid_to_side_loudness": -12.429309844970703,
      "mid_to_side_loudness_range": 18.592622756958008,
      "side_mean": -53.50738525390625
    },
    {
      "loudness": -52.70955276489258,
      "loudness_range": 22.840171813964844,
      "low_freq": 12199.2666015625,
      "mid_mean": -49.43077850341797,
      "mid_to_side_loudness": -11.997897148132324,
      "mid_to_side_loudness_range": 18.3731632232666,
      "side_mean": -60.595848083496094
    }
  ],
  "channels": 2,
  "covariance": [
    [
      55.70449447631836,
      22.369359970092773,
      13.754698753356934,
      -0.5221907496452332,
      5.695023536682129,
      4.136260509490967,
      3.598775625228882,
      0.28148001432418823,
      1.1423770189285278,
      -5.659692287445068,
      2.478001356124878,
      -3.8952388763427734,
      4.338228702545166,
      0.5448901057243347,
      5.872478485107422,
      1.538312315940857,
      6.359500408172607,
      4.958442687988281
    ],
    [
      22.369359970092773,
      36.92086410522461,
      11.404619216918945,
      12.62353801727295,
      4.459532737731934,
      5.534701347351074,
      5.053133964538574,
      7.062633037567139,
      3.980257749557495,
      6.426477432250977,
      5.592928886413574,
      7.138118743896484,
      4.322114944458008,
      8.786539077758789,
      4.221756458282471,
      11.798762321472168,
      7.009659767150879,
      14.355157852172852
    ],
    [
      13.754698753356934,
      11.404619216918945,
      17.977937698364258,
      9.952081680297852,
      10.053990364074707,
      2.9592323303222656,
      9.14244270324707,
      -0.18540847301483154,
      10.467466354370117,
      0.7195218205451965,
      12.362775802612305,
      1.0580142736434937,
      11.861371040344238,
      4.48001766204834,
      16.3780574798584,
      10.841536521911621,
      17.154035568237305,
      10.57116413116455
    ],
    [
      -0.5221907496452332,
      12.62353801727295,
      9.952081680297852,
      33.05585861206055,
      1.4347082376480103,
      8.15707015991211,
      0.9198171496391296,
      10.032543182373047,
      0.10777237266302109,
      11.608589172363281,
      1.5170142650604248,
      9.397716522216797,
      2.3635380268096924,
      12.127912521362305,
      2.4862048625946045,
      16.220762252807617,
      4.710533142089844,
      15.48660945892334
    ],
    [
      5.695023536682129,
      4.459532737731934,
      10.053990364074707,
      1.4347082376480103,
      26.075157165527344,
      9.273004531860352,
      22.3803768157959,
      3.73978590965271,
      20.016544342041016,
      1.2704551219940186,
      18.65690803527832,
      4.216463565826416,
      15.008609771728516,
      5.26558256149292,
      20.850522994995117,
      9.508279800415039,
      21.404014587402344,
      7.098724842071533
    ],
    [
      4.136260509490967,
      5.534701347351074,
      2.9592323303222656,
      8.15707015991211,
      9.273004531860352,
      26.734947204589844,
      -0.6855851411819458,
      11.973428726196289,
      -8.471813201904297,
      -3.911004066467285,
      -7.844020366668701,
      -2.4244847297668457,
      -0.18505293130874634,
      3.5666427612304688,
      -2.479346513748169,
      1.040501356124878,
      -0.4022277891635895,
      2.976261854171753
    ],
    [
      3.598775625228882,
      5.053133964538574,
      9.14244270324707,
      0.9198171496391296,
      22.3803768157959,
      -0.6855851411819458,
      45.5128059387207,
      8.637228012084961,
      36.89401626586914,
      14.11012077331543,
      34.67073440551758,
      16.000730514526367,
      18.875741958618164,
      9.162096977233887,
      31.769954681396484,
      18.084257125854492,
      31.814767837524414,
      12.786516189575195
    ],
    [
      0.28148001432418823,
      7.062633037567139,
      -0.18540847301483154,
      10.032543182373047,
      3.73978590965271,
      11.973428726196289,
      8.637228012084961,
      22.57975196838379,
      1.8821628093719482,
      12.293671607971191,
      1.7429847717285156,
      13.729531288146973,
      -0.2782970666885376,
      10.86193561553955,
      -0.9193367958068848,
      9.579499244689941,
      0.5499861836433411,
      8.55088996887207
    ],
    [
      1.1423770189285278,
      3.980257749557495,
      10.467466354370117,
      0.10777237266302109,
      20.016544342041016,
      -8.471813201904297,
      36.89401626586914,
      1.8821628093719482,
      54.01674270629883,
      20.201509475708008,
      47.03748321533203,
      19.17538833618164,
      27.258840560913086,
      11.527606010437012,
      39.04337692260742,
      21.47855567932129,
      37.592105865478516,
      15.096292495727539
    ],
    [
      -5.659692287445068,
      6.426477432250977,
      0.7195218205451965,
      11.608589172363281,
      1.2704551219940186,
      -3.911004066467285,
      14.11012077331543,
      12.293671607971191,
      20.201509475708008,
      32.96567153930664,
      17.834136962890625,
      26.500524520874023,
      5.843443393707275,
      16.19207191467285,
      9.128947257995605,
      18.280380249023438,
      10.180946350097656,
      13.600720405578613
    ],
    [
      2.478001356124878,
      5.592928886413574,
      12.362775802612305,
      1.5170142650604248,
      18.65690803527832,
      -7.844020366668701,
      34.67073440551758,
      1.7429847717285156,
      47.03748321533203,
      17.834136962890625,
      54.65036392211914,
      21.178621292114258,
      32.90964889526367,
      13.914411544799805,
      44.84450912475586,
      24.825054168701172,
      41.840885162353516,
      18.324569702148438
    ],
    [
      -3.8952388763427734,
      7.138118743896484,
      1.0580142736434937,
      9.397716522216797,
      4.216463565826416,
      -2.4244847297668457,
      16.000730514526367,
      13.729531288146973,
      19.17538833618164,
      26.500524520874023,
      21.178621292114258,
      30.77071762084961,
      9.299647331237793,
      19.74445152282715,
      12.403040885925293,
      21.168338775634766,
      12.46068000793457,
      16.348548889160156
    ],
    [
      4.338228702545166,
      4.322114944458008,
      11.861371040344238,
      2.3635380268096924,
      15.008609771728516,
      -0.18505293130874634,
      18.875741958618164,
      -0.2782970666885376,
      27.258840560913086,
      5.843443393707275,
      32.90964889526367,
      9.299647331237793,
      38.73872375488281,
      15.09111499786377,
      43.26407241821289,
      22.66674041748047,
      36.23667907714844,
      15.929609298706055
    ],
    [
      0.5448901057243347,
      8.786539077758789,
      4.48001766204834,
      12.127912521362305,
      5.26558256149292,
      3.5666427612304688,
      9.162096977233887,
      10.86193561553955,
      11.527606010437012,
      16.19207191467285,
      13.914411544799805,
      19.74445152282715,
      15.09111499786377,
      23.06218719482422,
      14.101727485656738,
      22.06491470336914,
      12.1104154586792,
      16.821462631225586
    ],
    [
      5.872478485107422,
      4.221756458282471,
      16.3780574798584,
      2.4862048625946045,
      20.850522994995117,
      -2.479346513748169,
      31.769954681396484,
      -0.9193367958068848,
      39.04337692260742,
      9.128947257995605,
      44.84450912475586,
      12.403040885925293,
      43.26407241821289,
      14.101727485656738,
      69.50582885742188,
      33.4127082824707,
      59.00159454345703,
      24.258527755737305
    ],
    [
      1.538312315940857,
      11.798762321472168,
      10.841536521911621,
      16.220762252807617,
      9.508279800415039,
      1.040501356124878,
      18.084257125854492,
      9.579499244689941,
      21.47855567932129,
      18.280380249023438,
      24.825054168701172,
      21.168338775634766,
      22.66674041748047,
      22.06491470336914,
      33.4127082824707,
      37.30101013183594,
      31.187959671020508,
      29.205535888671875
    ],
    [
      6.359500408172607,
      7.009659767150879,
      17.154035568237305,
      4.710533142089844,
      21.404014587402344,
      -0.4022277891635895,
      31.814767837524414,
      0.5499861836433411,
      37.592105865478516,
      10.180946350097656,
      41.840885162353516,
      12.46068000793457,
      36.23667907714844,
      12.1104154586792,
      59.00159454345703,
      31.187959671020508,
      61.25400924682617,
      26.769243240356445
    ],
    [
      4.958442687988281,
      14.355157852172852,
      10.57116413116455,
      15.48660945892334,
      7.098724842071533,
      2.976261854171753,
      12.786516189575195,
      8.55088996887207,
      15.096292495727539,
      13.600720405578613,
      18.324569702148438,
      16.348548889160156,
      15.929609298706055,
      16.821462631225586,
      24.258527755737305,
      29.205535888671875,
      26.769243240356445,
      28.828304290771484
    ]
  ],
  "covariance_short": [
    [
      94.07406616210938,
      45.622650146484375,
      23.307456970214844,
      -0.12656660377979279,
      2.242291212081909,
      1.5920097827911377,
      -0.2784654200077057,
      -0.43014955520629883,
      -2.725205183029175,
      -6.33929967880249,
      -1.9534740447998047,
      -4.064962863922119,
      3.757401943206787,
      2.1636579036712646,
      2.395681142807007,
      1.2523661851882935,
      2.1119861602783203,
      4.672241687774658
    ],
    [
      45.622650146484375,
      68.4718017578125,
      19.413496017456055,
      7.594329833984375,
      8.20602035522461,
      3.7888007164001465,
      9.294289588928223,
      5.726556301116943,
      8.302656173706055,
      3.2021591663360596,
      9.295061111450195,
      7.372086524963379,
      9.071259498596191,
      9.865287780761719,
      11.83820915222168,
      15.358369827270508,
      13.135260581970215,
      15.11612319946289
    ],
    [
      23.307456970214844,
      19.413496017456055,
      30.31390953063965,
      11.999344825744629,
      10.83803939819336,
      4.182547092437744,
      8.884930610656738,
      1.2318757772445679,
      8.737150192260742,
      1.3584587574005127,
      11.011473655700684,
      1.7813992500305176,
      12.54733943939209,
      5.482239723205566,
      16.54848861694336,
      11.261356353759766,
      15.62891960144043,
      10.923481941223145
    ],
    [
      -0.12656660377979279,
      7.594329833984375,
      11.999344825744629,
      40.53246307373047,
      2.7485458850860596,
      10.91045093536377,
      1.4135664701461792,
      12.251177787780762,
      -0.944071888923645,
      12.88184642791748,
      0.9708814024925232,
      11.238739013671875,
      2.554121255874634,
      14.622872352600098,
      3.7012345790863037,
      17.758087158203125,
      4.907958984375,
      16.464120864868164
    ],
    [
      2.242291212081909,
      8.20602035522461,
      10.83803939819336,
      2.7485458850860596,
      30.955228805541992,
      10.429361343383789,
      23.344833374023438,
      3.9103341102600098,
      21.455135345458984,
      2.1500775814056396,
      19.22555160522461,
      4.571610450744629,
      15.058513641357422,
      4.794686794281006,
      23.02231788635254,
      9.846999168395996,
      22.102989196777344,
      7.007870197296143
    ],
    [
      1.5920097827911377,
      3.7888007164001465,
      4.182547092437744,
      10.91045093536377,
      10.429361343383789,
      33.86674118041992,
      -0.2877494692802429,
      14.541327476501465,
      -8.998147010803223,
      -2.74273419380188,
      -8.703418731689453,
      -1.5419692993164062,
      -1.879966378211975,
      5.638398170471191,
      -3.4103667736053467,
      2.954479694366455,
      -0.4514421820640564,
      4.956845760345459
    ],
    [
      -0.2784654200077057,
      9.294289588928223,
      8.884930610656738,
      1.4135664701461792,
      23.344833374023438,
      -0.2877494692802429,
      52.946083068847656,
      11.811141014099121,
      39.90825653076172,
      16.01059341430664,
      37.891639709472656,
      18.204505920410156,
      21.4459228515625,
      9.701510429382324,
      36.572086334228516,
      18.270235061645508,
      33.55305480957031,
      11.781661987304688
    ],
    [
      -0.43014955520629883,
      5.726556301116943,
      1.2318757772445679,
      12.251177787780762,
      3.9103341102600098,
      14.541327476501465,
      11.811141014099121,
      30.015470504760742,
      2.1036508083343506,
      14.363429069519043,
      2.5667223930358887,
      15.7876615524292,
      0.7362269759178162,
      14.26443099975586,
      2.6984453201293945,
      13.13931655883789,
      3.7413690090179443,
      10.908300399780273
    ],
    [
      -2.725205183029175,
      8.302656173706055,
      8.737150192260742,
      -0.944071888923645,
      21.455135345458984,
      -8.998147010803223,
      39.90825653076172,
      2.1036508083343506,
      62.68896484375,
      22.666946411132812,
      51.04694366455078,
      21.00542640686035,
      30.732229232788086,
      11.068187713623047,
      44.07111358642578,
      21.40591049194336,
      38.53982162475586,
      13.448892593383789
    ],
    [
      -6.33929967880249,
      3.2021591663360596,
      1.3584587574005127,
      12.88184642791748,
      2.1500775814056396,
      -2.74273419380188,
      16.01059341430664,
      14.363429069519043,
      22.666946411132812,
      38.7330322265625,
      19.860687255859375,
      29.805166244506836,
      10.1873140335083,
      19.292028427124023,
      15.161948204040527,
      21.6063175201416,
      13.644632339477539,
      14.908487319946289
    ],
    [
      -1.9534740447998047,
      9.295061111450195,
      11.011473655700684,
      0.9708814024925232,
      19.22555160522461,
      -8.703418731689453,
      37.891639709472656,
      2.5667223930358887,
      51.04694366455078,
      19.860687255859375,
      62.32600402832031,
      24.32469940185547,
      36.95911407470703,
      14.02648639678955,
      50.40117645263672,
      25.67129898071289,
      43.113548278808594,
      17.38585090637207
    ],
    [
      -4.064962863922119,
      7.372086524963379,
      1.7813992500305176,
      11.238739013671875,
      4.571610450744629,
      -1.5419692993164062,
      18.204505920410156,
      15.7876615524292,
      21.00542640686035,
      29.805166244506836,
      24.32469940185547,
      36.437782287597656,
      13.793951988220215,
      23.404071807861328,
      18.994478225708008,
      25.113128662109375,
      16.450326919555664,
      18.218338012695312
    ],
    [
      3.757401943206787,
      9.071259498596191,
      12.54733943939209,
      2.554121255874634,
      15.058513641357422,
      -1.879966378211975,
      21.4459228515625,
      0.7362269759178162,
      30.732229232788086,
      10.1873140335083,
      36.95911407470703,
      13.793951988220215,
      44.91914367675781,
      18.592994689941406,
      47.35737991333008,
      25.011388778686523,
      37.70611572265625,
      17.16351318359375
    ],
    [
      2.1636579036712646,
      9.865287780761719,
      5.482239723205566,
      14.622872352600098,
      4.794686794281006,
      5.638398170471191,
      9.701510429382324,
      14.26443099975586,
      11.068187713623047,
      19.292028427124023,
      14.02648639678955,
      23.404071807861328,
      18.592994689941406,
      29.971277236938477,
      17.19441032409668,
      26.536544799804688,
      13.607274055480957,
      19.78078842163086
    ],
    [
      2.395681142807007,
      11.83820915222168,
      16.54848861694336,
      3.7012345790863037,
      23.02231788635254,
      -3.4103667736053467,
      36.572086334228516,
      2.6984453201293945,
      44.07111358642578,
      15.161948204040527,
      50.40117645263672,
      18.994478225708008,
      47.35737991333008,
      17.19441032409668,
      80.97760772705078,
      39.527835845947266,
      66.30132293701172,
      27.746538162231445
    ],
    [
      1.2523661851882935,
      15.358369827270508,
      11.261356353759766,
      17.758087158203125,
      9.846999168395996,
      2.954479694366455,
      18.270235061645508,
      13.13931655883789,
      21.40591049194336,
      21.6063175201416,
      25.67129898071289,
      25.113128662109375,
      25.011388778686523,
      26.536544799804688,
      39.527835845947266,
      43.258018493652344,
      34.76103591918945,
      32.95786666870117
    ],
    [
      2.1119861602783203,
      13.135260581970215,
      15.62891960144043,
      4.907958984375,
      22.102989196777344,
      -0.4514421820640564,
      33.55305480957031,
      3.7413690090179443,
      38.53982162475586,
      13.644632339477539,
      43.113548278808594,
      16.450326919555664,
      37.70611572265625,
      13.607274055480957,
      66.30132293701172,
      34.76103591918945,
      67.2635269165039,
      29.217180252075195
    ],
    [
      4.672241687774658,
      15.11612319946289,
      10.923481941223145,
      16.464120864868164,
      7.007870197296143,
      4.956845760345459,
      11.781661987304688,
      10.908300399780273,
      13.448892593383789,
      14.908487319946289,
      17.38585090637207,
      18.218338012695312,
      17.16351318359375,
      19.78078842163086,
      27.746538162231445,
      32.95786666870117,
      29.217180252075195,
      32.9010124206543
    ]
  ],
  "drr": 16.45651626586914,
  "dynamics": 3.2915310859680176,
  "format": 1245190,
  "frames": 16175104,
  "loudness": -10.778573036193848,
  "loudness_range": 9.015374183654785,
  "loudness_range_short": 12.525957107543945,
  "peak": 0.2764926254749298,
  "rms": -11.859575271606445,
  "sample_rate": 44100,
  "sections": 1,
  "seekable": 1,
  "sharpness": 2.9018774032592773,
  "space": -13.257040023803711
}