{
  "bands": [
    {
      "high_freq": 148.1999969482422,
      "loudness": -44.45589065551758,
      "loudness_range": 20.55913543701172,
      "mid_mean": -43.12916946411133,
      "mid_to_side_loudness": -1.6130638122558594,
      "mid_to_side_loudness_range": 3.0313892364501953,
      "side_mean": -44.64616012573242
    },
    {
      "high_freq": 392.3793640136719,
      "loudness": -34.81633377075195,
      "loudness_range": 19.24449920654297,
      "low_freq": 148.1999969482422,
      "mid_mean": -33.27304458618164,
      "mid_to_side_loudness": -2.697855234146118,
      "mid_to_side_loudness_range": 6.228291034698486,
      "side_mean": -35.96117401123047
    },
    {
      "high_freq": 794.6976318359375,
      "loudness": -32.80799102783203,
      "loudness_range": 20.049152374267578,
      "low_freq": 392.3793640136719,
      "mid_mean": -31.06780242919922,
      "mid_to_side_loudness": -3.091306209564209,
      "mid_to_side_loudness_range": 7.795389652252197,
      "side_mean": -34.233863830566406
    },
    {
      "high_freq": 1457.5709228515625,
      "loudness": -40.96283721923828,
      "loudness_range": 24.732215881347656,
      "low_freq": 794.6976318359375,
      "mid_mean": -39.085628509521484,
      "mid_to_side_loudness": -3.9821364879608154,
      "mid_to_side_loudness_range": 9.180851936340332,
      "side_mean": -43.19914627075195
    },
    {
      "high_freq": 2549.74365234375,
      "loudness": -48.29856872558594,
      "loudness_range": 23.412967681884766,
      "low_freq": 1457.5709228515625,
      "mid_mean": -46.474212646484375,
      "mid_to_side_loudness": -4.343605995178223,
      "mid_to_side_loudness_range": 9.756186485290527,
      "side_mean": -51.51918411254883
    },
    {
      "high_freq": 4349.24462890625,
      "loudness": -62.18851089477539,
      "loudness_range": 26.031970977783203,
      "low_freq": 2549.74365234375,
      "mid_mean": -59.80387878417969,
      "mid_to_side_loudness": -4.568739891052246,
      "mid_to_side_loudness_range": 10.270614624023438,
      "side_mean": -62.92695617675781
    },
    {
      "high_freq": 7314.1640625,
      "loudness": -74.5314712524414,
      "loudness_range": 19.615821838378906,
      "low_freq": 4349.24462890625,
      "mid_mean": -66.97138214111328,
      "mid_to_side_loudness": -3.5237345695495605,
      "mid_to_side_loudness_range": 7.274447441101074,
      "side_mean": -68.21416473388672
    },
    {
      "high_freq": 12199.2666015625,
      "loudness": -79.4316635131836,
      "loudness_range": 4.031211853027344,
      "low_freq": 7314.1640625,
      "mid_mean": -69.2154769897461,
      "mid_to_side_loudness": -2.7148475646972656,
      "mid_to_side_loudness_range": 1.179750919342041,
      "side_mean": -69.55701446533203
    },
    {
      "loudness": 0,
      "loudness_range": 0,
      "low_freq": 12199.2666015625,
      "mid_mean": -69.1946029663086,
      "mid_to_side_loudness": -4.450448513031006,
      "mid_to_side_loudness_range": 3.3122522830963135,
      "side_mean": -69.69454956054688
    }
  ],
  "bands_short": [
    {
      "high_freq": 148.1999969482422,
      "loudness": -48.616172790527344,
      "loudness_range": 25.23076629638672,
      "mid_mean": -47.448219299316406,
      "mid_to_side_loudness": -1.6868643760681152,
      "mid_to_side_loudness_range": 8.796318054199219,
      "side_mean": -49.0733757019043
    },
    {
      "high_freq": 392.3793640136719,
      "loudness": -36.99748611450195,
      "loudness_range": 21.801815032958984,
      "low_freq": 148.1999969482422,
      "mid_mean": -35.47578811645508,
      "mid_to_side_loudness": -2.5065932273864746,
      "mid_to_side_loudness_range": 6.732222557067871,
      "side_mean": -37.9173469543457
    },
    {
      "high_freq": 794.6976318359375,
      "loudness": -33.428497314453125,
      "loudness_range": 22.06026840209961,
      "low_freq": 392.3793640136719,
      "mid_mean": -31.78502655029297,
      "mid_to_side_loudness": -3.2416141033172607,
      "mid_to_side_loudness_range": 9.420422554016113,
      "side_mean": -35.04868698120117
    },
    {
      "high_freq": 1457.5709228515625,
      "loudness": -40.69417953491211,
      "loudness_range": 25.943347930908203,
      "low_freq": 794.6976318359375,
      "mid_mean": -38.91081237792969,
      "mid_to_side_loudness": -3.8328185081481934,
      "mid_to_side_loudness_range": 10.23275375366211,
      "side_mean": -42.904693603515625
    },
    {
      "high_freq": 2549.74365234375,
      "loudness": -49.638160705566406,
      "loudness_range": 25.583507537841797,
      "low_freq": 1457.5709228515625,
      "mid_mean": -48.01565170288086,
      "mid_to_side_loudness": -4.401400566101074,
      "mid_to_side_loudness_range": 11.266255378723145,
      "side_mean": -53.08816146850586
    },
    {
      "high_freq": 4349.24462890625,
      "loudness": -62.7681770324707,
      "loudness_range": 27.4228515625,
      "low_freq": 2549.74365234375,
      "mid_mean": -60.331138610839844,
      "mid_to_side_loudness": -4.649585247039795,
      "mid_to_side_loudness_range": 11.983827590942383,
      "side_mean": -63.45046615600586
    },
    {
      "high_freq": 7314.1640625,
      "loudness": -75.46656799316406,
      "loudness_range": 18.949405670166016,
      "low_freq": 4349.24462890625,
      "mid_mean": -67.41400909423828,
      "mid_to_side_loudness": -3.385601043701172,
      "mid_to_side_loudness_range": 7.01728630065918,
      "side_mean": -68.50521850585938
    },
    {
      "high_freq": 12199.2666015625,
      "loudness": -79.64404296875,
      "loudness_range": 3.4211273193359375,
      "low_freq": 7314.1640625,
      "mid_mean": -69.26797485351562,
      "mid_to_side_loudness": -2.6375131607055664,
      "mid_to_side_loudness_range": 1.9496028423309326,
      "side_mean": -69.58355712890625
    },
    {
      "loudness": 0,
      "loudness_range": 0,
      "low_freq": 12199.2666015625,
      "mid_mean": -69.1925277709961,
      "mid_to_side_loudness": -4.437055587768555,
      "mid_to_side_loudness_range": 3.906630039215088,
      "side_mean": -69.69304656982422
    }
  ],
  "channels": 2,
  "covariance": [
    [
      47.44520950317383,
      47.560550689697266,
      17.134244918823242,
      18.96017074584961,
      23.750694274902344,
      25.441497802734375,
      26.562747955322266,
      29.555871963500977,
      26.10519027709961,
      32.17103958129883,
      24.43217658996582,
      20.48420524597168,
      9.884404182434082,
      6.713395595550537,
      1.107047200202942,
      0.6380411982536316,
      0.10512778908014297,
      0.07831329852342606
    ],
    [
      47.560550689697266,
      50.87504196166992,
      17.3259220123291,
      18.909074783325195,
      22.580801010131836,
      25.58875846862793,
      25.54239845275879,
      29.826702117919922,
      24.372697830200195,
      32.542842864990234,
      23.182689666748047,
      20.773359298706055,
      9.738137245178223,
      6.938307762145996,
      1.0902196168899536,
      0.6445536017417908,
      0.0756840631365776,
      0.0891093760728836
    ],
    [
      17.134244918823242,
      17.3259220123291,
      47.49138641357422,
      43.85350036621094,
      20.340770721435547,
      22.203580856323242,
      19.20280647277832,
      21.437728881835938,
      25.316186904907227,
      28.827688217163086,
      23.44118309020996,
      16.89323616027832,
      7.498041152954102,
      3.65682315826416,
      0.5998105406761169,
      0.27225548028945923,
      0.17927150428295135,
      0.054773781448602676
    ],
    [
      18.96017074584961,
      18.909074783325195,
      43.85350036621094,
      53.811885833740234,
      21.44310760498047,
      26.358800888061523,
      22.28176498413086,
      25.357444763183594,
      25.31210708618164,
      31.48059844970703,
      22.16631317138672,
      18.4586238861084,
      7.623613357543945,
      4.242102146148682,
      0.7479477524757385,
      0.36711591482162476,
      0.06262078881263733,
      0.08694807440042496
    ],
    [
      23.750694274902344,
      22.580801010131836,
      20.340770721435547,
      21.44310760498047,
      48.234596252441406,
      46.805519104003906,
      37.16108322143555,
      38.15948486328125,
      43.21714401245117,
      45.65378189086914,
      39.44632339477539,
      31.428159713745117,
      14.930675506591797,
      9.371607780456543,
      0.9985830783843994,
      0.5499101281166077,
      0.23577634990215302,
      0.07318917661905289
    ],
    [
      25.441497802734375,
      25.58875846862793,
      22.203580856323242,
      26.358800888061523,
      46.805519104003906,
      58.958011627197266,
      38.93782424926758,
      43.67075729370117,
      42.54983139038086,
      51.416473388671875,
      39.411190032958984,
      35.265594482421875,
      15.341156005859375,
      10.511700630187988,
      1.1083179712295532,
      0.6118790507316589,
      0.12025929242372513,
      0.12609566748142242
    ],
    [
      26.562747955322266,
      25.54239845275879,
      19.20280647277832,
      22.28176498413086,
      37.16108322143555,
      38.93782424926758,
      70.7813491821289,
      63.32740020751953,
      53.02761459350586,
      52.60847854614258,
      47.181541442871094,
      37.584598541259766,
      20.481491088867188,
      12.811302185058594,
      2.735147476196289,
      1.5002554655075073,
      0.3046118915081024,
      0.1039450466632843
    ],
    [
      29.555871963500977,
      29.826702117919922,
      21.437728881835938,
      25.357444763183594,
      38.15948486328125,
      43.67075729370117,
      63.32740020751953,
      76.16549682617188,
      50.35127258300781,
      60.06904220581055,
      46.096370697021484,
      42.66790008544922,
      20.029071807861328,
      14.265902519226074,
      2.7969956398010254,
      1.7247422933578491,
      0.16160763800144196,
      0.14283978939056396
    ],
    [
      26.10519027709961,
      24.372697830200195,
      25.316186904907227,
      25.31210708618164,
      43.21714401245117,
      42.54983139038086,
      53.02761459350586,
      50.35127258300781,
      70.66122436523438,
      62.593021392822266,
      53.796478271484375,
      40.81494140625,
      21.3076171875,
      12.815839767456055,
      2.093036651611328,
      1.1286624670028687,
      0.32168909907341003,
      0.07949946820735931
    ],
    [
      32.17103958129883,
      32.542842864990234,
      28.827688217163086,
      31.48059844970703,
      45.65378189086914,
      51.416473388671875,
      52.60847854614258,
      60.06904220581055,
      62.593021392822266,
      84.01783752441406,
      54.305538177490234,
      49.81233596801758,
      21.684293746948242,
      15.368001937866211,
      2.410392999649048,
      1.4524286985397339,
      0.3514578640460968,
      0.2211713343858719
    ],
    [
      24.43217658996582,
      23.182689666748047,
      23.44118309020996,
      22.16631317138672,
      39.44632339477539,
      39.411190032958984,
      47.181541442871094,
      46.096370697021484,
      53.796478271484375,
      54.305538177490234,
      59.09923553466797,
      44.944480895996094,
      22.56028938293457,
      13.542729377746582,
      2.3977267742156982,
      1.2473739385604858,
      0.42356523871421814,
      0.11953990906476974
    ],
    [
      20.48420524597168,
      20.773359298706055,
      16.89323616027832,
      18.4586238861084,
      31.428159713745117,
      35.265594482421875,
      37.584598541259766,
      42.66790008544922,
      40.81494140625,
      49.81233596801758,
      44.944480895996094,
      44.44129180908203,
      18.454879760742188,
      13.945802688598633,
      2.0705578327178955,
      1.3076835870742798,
      0.18733365833759308,
      0.13578878343105316
    ],
    [
      9.884404182434082,
      9.738137245178223,
      7.498041152954102,
      7.623613357543945,
      14.930675506591797,
      15.341156005859375,
      20.481491088867188,
      20.029071807861328,
      21.3076171875,
      21.684293746948242,
      22.56028938293457,
      18.454879760742188,
      14.774166107177734,
      9.773953437805176,
      2.120331287384033,
      1.2523560523986816,
      0.16483670473098755,
      0.05923302844166756
    ],
    [
      6.713395595550537,
      6.938307762145996,
      3.65682315826416,
      4.242102146148682,
      9.371607780456543,
      10.511700630187988,
      12.811302185058594,
      14.265902519226074,
      12.815839767456055,
      15.368001937866211,
      13.542729377746582,
      13.945802688598633,
      9.773953437805176,
      8.801877975463867,
      1.595947027206421,
      1.216593623161316,
      0.05461779609322548,
      0.05032259225845337
    ],
    [
      1.107047200202942,
      1.0902196168899536,
      0.5998105406761169,
      0.7479477524757385,
      0.9985830783843994,
      1.1083179712295532,
      2.735147476196289,
      2.7969956398010254,
      2.093036651611328,
      2.410392999649048,
      2.3977267742156982,
      2.0705578327178955,
      2.120331287384033,
      1.595947027206421,
      0.8416652083396912,
      0.5228492617607117,
      0.020787902176380157,
      0.012162909843027592
    ],
    [
      0.6380411982536316,
      0.6445536017417908,
      0.27225548028945923,
      0.36711591482162476,
      0.5499101281166077,
      0.6118790507316589,
      1.5002554655075073,
      1.7247422933578491,
      1.1286624670028687,
      1.4524286985397339,
      1.2473739385604858,
      1.3076835870742798,
      1.2523560523986816,
      1.216593623161316,
      0.5228492617607117,
      0.4492146968841553,
      0.00784017238765955,
      0.007716742344200611
    ],
    [
      0.10512778908014297,
      0.0756840631365776,
      0.17927150428295135,
      0.06262078881263733,
      0.23577634990215302,
      0.12025929242372513,
      0.3046118915081024,
      0.16160763800144196,
      0.32168909907341003,
      0.3514578640460968,
      0.42356523871421814,
      0.18733365833759308,
      0.16483670473098755,
      0.05461779609322548,
      0.020787902176380157,
      0.00784017238765955,
      0.024262886494398117,
      0.0029266811907291412
    ],
    [
      0.07831329852342606,
      0.0891093760728836,
      0.054773781448602676,
      0.08694807440042496,
      0.07318917661905289,
      0.12609566748142242,
      0.1039450466632843,
      0.14283978939056396,
      0.07949946820735931,
      0.2211713343858719,
      0.11953990906476974,
      0.13578878343105316,
      0.05923302844166756,
      0.05032259225845337,
      0.012162909843027592,
      0.007716742344200611,
      0.0029266811907291412,
      0.002633770229294896
    ]
  ],
  "covariance_short": [
    [
      72.28186798095703,
      69.7884750366211,
      23.03011703491211,
      24.87801170349121,
      22.668787002563477,
      23.586854934692383,
      29.92024040222168,
      32.99332809448242,
      28.904071807861328,
      33.512332916259766,
      24.86302375793457,
      20.927209854125977,
      9.167407989501953,
      6.247932434082031,
      1.0703285932540894,
      0.6409667134284973,
      0.15600158274173737,
      0.10891329497098923
    ],
    [
      69.7884750366211,
      77.41861724853516,
      23.53636360168457,
      25.980491638183594,
      21.665769577026367,
      23.983495712280273,
      28.682594299316406,
      33.95682144165039,
      27.072128295898438,
      34.65593338012695,
      23.167524337768555,
      21.364330291748047,
      8.618742942810059,
      6.3789448738098145,
      1.0224463939666748,
      0.6451022028923035,
      0.11641401797533035,
      0.12261467427015305
    ],
    [
      23.03011703491211,
      23.53636360168457,
      55.54048538208008,
      51.48980712890625,
      26.582929611206055,
      29.316917419433594,
      22.01524543762207,
      25.62541389465332,
      28.697975158691406,
      31.819854736328125,
      26.12286376953125,
      20.294353485107422,
      7.55844259262085,
      4.095470905303955,
      0.675077497959137,
      0.3527953624725342,
      0.17856572568416595,
      0.0884610265493393
    ],
    [
      24.87801170349121,
      25.980491638183594,
      51.48980712890625,
      61.160987854003906,
      25.75577735900879,
      32.2047004699707,
      23.607519149780273,
      29.10485076904297,
      27.3146915435791,
      34.76364517211914,
      23.932870864868164,
      21.966876983642578,
      7.437873363494873,
      4.734281063079834,
      0.7448157072067261,
      0.43025657534599304,
      0.06212921813130379,
      0.12732288241386414
    ],
    [
      22.668787002563477,
      21.665769577026367,
      26.582929611206055,
      25.75577735900879,
      58.48963928222656,
      53.0517578125,
      33.145965576171875,
      33.27128219604492,
      45.98885726928711,
      46.33382797241211,
      39.661224365234375,
      31.390626907348633,
      12.876899719238281,
      7.962961673736572,
      0.8260334134101868,
      0.4781513512134552,
      0.28295838832855225,
      0.09471509605646133
    ],
    [
      23.586854934692383,
      23.983495712280273,
      29.316917419433594,
      32.2047004699707,
      53.0517578125,
      69.1026840209961,
      34.627437591552734,
      40.05111312866211,
      43.62942123413086,
      53.4179801940918,
      37.65937805175781,
      35.58990478515625,
      12.766708374023438,
      9.108037948608398,
      0.9729575514793396,
      0.5792513489723206,
      0.10793530941009521,
      0.1698078215122223
    ],
    [
      29.92024040222168,
      28.682594299316406,
      22.01524543762207,
      23.607519149780273,
      33.145965576171875,
      34.627437591552734,
      77.07442474365234,
      67.42413330078125,
      57.69783401489258,
      55.40952682495117,
      46.90354919433594,
      36.73735809326172,
      18.674270629882812,
      11.638483047485352,
      2.274118423461914,
      1.2844396829605103,
      0.32078713178634644,
      0.12668707966804504
    ],
    [
      32.99332809448242,
      33.95682144165039,
      25.62541389465332,
      29.10485076904297,
      33.27128219604492,
      40.05111312866211,
      67.42413330078125,
      83.06829833984375,
      54.1279411315918,
      63.440948486328125,
      43.893611907958984,
      41.90441131591797,
      17.27596092224121,
      12.940391540527344,
      2.203918933868408,
      1.4597383737564087,
      0.13062068819999695,
      0.1856338083744049
    ],
    [
      28.904071807861328,
      27.072128295898438,
      28.697975158691406,
      27.3146915435791,
      45.98885726928711,
      43.62942123413086,
      57.69783401489258,
      54.1279411315918,
      81.66767120361328,
      69.15258026123047,
      57.81997299194336,
      42.846073150634766,
      20.786611557006836,
      12.237076759338379,
      2.040757656097412,
      1.1193197965621948,
      0.40279603004455566,
      0.10222940891981125
    ],
    [
      33.512332916259766,
      34.65593338012695,
      31.819854736328125,
      34.76364517211914,
      46.33382797241211,
      53.4179801940918,
      55.40952682495117,
      63.440948486328125,
      69.15258026123047,
      90.8286361694336,
      55.01277542114258,
      51.810543060302734,
      19.657127380371094,
      14.471184730529785,
      2.13908052444458,
      1.3996899127960205,
      0.32270872592926025,
      0.26555854082107544
    ],
    [
      24.86302375793457,
      23.167524337768555,
      26.12286376953125,
      23.932870864868164,
      39.661224365234375,
      37.65937805175781,
      46.90354919433594,
      43.893611907958984,
      57.81997299194336,
      55.01277542114258,
      62.359596252441406,
      45.66218566894531,
      20.84955596923828,
      12.208839416503906,
      2.2068536281585693,
      1.1745827198028564,
      0.46540558338165283,
      0.13547354936599731
    ],
    [
      20.927209854125977,
      21.364330291748047,
      20.294353485107422,
      21.966876983642578,
      31.390626907348633,
      35.58990478515625,
      36.73735809326172,
      41.90441131591797,
      42.846073150634766,
      51.810543060302734,
      45.66218566894531,
      46.05217742919922,
      16.32854652404785,
      12.57250690460205,
      1.8072445392608643,
      1.2380967140197754,
      0.17471261322498322,
      0.1651841551065445
    ],
    [
      9.167407989501953,
      8.618742942810059,
      7.55844259262085,
      7.437873363494873,
      12.876899719238281,
      12.766708374023438,
      18.674270629882812,
      17.27596092224121,
      20.786611557006836,
      19.657127380371094,
      20.84955596923828,
      16.32854652404785,
      13.554099082946777,
      8.496563911437988,
      1.870849847793579,
      1.075152039527893,
      0.17490512132644653,
      0.06398531049489975
    ],
    [
      6.247932434082031,
      6.3789448738098145,
      4.095470905303955,
      4.734281063079834,
      7.962961673736572,
      9.108037948608398,
      11.638483047485352,
      12.940391540527344,
      12.237076759338379,
      14.471184730529785,
      12.208839416503906,
      12.57250690460205,
      8.496563911437988,
      7.728759288787842,
      1.321725606918335,
      1.0455950498580933,
      0.04543616622686386,
      0.060677483677864075
    ],
    [
      1.0703285932540894,
      1.0224463939666748,
      0.675077497959137,
      0.7448157072067261,
      0.8260334134101868,
      0.9729575514793396,
      2.274118423461914,
      2.203918933868408,
      2.040757656097412,
      2.13908052444458,
      2.2068536281585693,
      1.8072445392608643,
      1.870849847793579,
      1.321725606918335,
      0.8216777443885803,
      0.5018513202667236,
      0.023212827742099762,
      0.015048375353217125
    ],
    [
      0.6409667134284973,
      0.6451022028923035,
      0.3527953624725342,
      0.43025657534599304,
      0.4781513512134552,
      0.5792513489723206,
      1.2844396829605103,
      1.4597383737564087,
      1.1193197965621948,
      1.3996899127960205,
      1.1745827198028564,
      1.2380967140197754,
      1.075152039527893,
      1.0455950498580933,
      0.5018513202667236,
      0.44955796003341675,
      0.00742423627525568,
      0.010908051393926144
    ],
    [
      0.15600158274173737,
      0.11641401797533035,
      0.17856572568416595,
      0.06212921813130379,
      0.28295838832855225,
      0.10793530941009521,
      0.32078713178634644,
      0.13062068819999695,
      0.40279603004455566,
      0.32270872592926025,
      0.46540558338165283,
      0.17471261322498322,
      0.17490512132644653,
      0.04543616622686386,
      0.023212827742099762,
      0.00742423627525568,
      0.034121859818696976,
      0.003046231111511588
    ],
    [
      0.10891329497098923,
      0.12261467427015305,
      0.0884610265493393,
      0.12732288241386414,
      0.09471509605646133,
      0.1698078215122223,
      0.12668707966804504,
      0.1856338083744049,
      0.10222940891981125,
      0.26555854082107544,
      0.13547354936599731,
      0.1651841551065445,
      0.06398531049489975,
      0.060677483677864075,
      0.015048375353217125,
      0.010908051393926144,
      0.003046231111511588,
      0.004151433706283569
    ]
  ],
  "drr": 9.381979942321777,
  "dynamics": 5.075892448425293,
  "format": 1245190,
  "frames": 13719552,
  "loudness": -24.473047256469727,
  "loudness_range": 15.737577438354492,
  "loudness_range_short": 18.643930435180664,
  "peak": -2.4726738929748535,
  "rms": -24.87574577331543,
  "sample_rate": 44100,
  "sections": 1,
  "seekable": 1,
  "sharpness": 3.7902233600616455,
  "space": -2.9760844707489014
}