{
  "bands": [
    {
      "high_freq": 148.1999969482422,
      "loudness": -24.368608474731445,
      "loudness_range": 10.464982986450195,
      "mid_mean": -21.010784149169922,
      "mid_to_side_loudness": -12.088478088378906,
      "mid_to_side_loudness_range": 9.879549980163574,
      "side_mean": -33.484188079833984
    },
    {
      "high_freq": 392.3793640136719,
      "loudness": -19.036569595336914,
      "loudness_range": 10.385628700256348,
      "low_freq": 148.1999969482422,
      "mid_mean": -15.802180290222168,
      "mid_to_side_loudness": -10.460527420043945,
      "mid_to_side_loudness_range": 8.560430526733398,
      "side_mean": -26.37010383605957
    },
    {
      "high_freq": 794.6976318359375,
      "loudness": -22.507831573486328,
      "loudness_range": 10.84688949584961,
      "low_freq": 392.3793640136719,
      "mid_mean": -19.190826416015625,
      "mid_to_side_loudness": -11.372435569763184,
      "mid_to_side_loudness_range": 8.64356803894043,
      "side_mean": -30.52309226989746
    },
    {
      "high_freq": 1457.5709228515625,
      "loudness": -27.346406936645508,
      "loudness_range": 13.341354370117188,
      "low_freq": 794.6976318359375,
      "mid_mean": -24.09897804260254,
      "mid_to_side_loudness": -10.672560691833496,
      "mid_to_side_loudness_range": 9.279619216918945,
      "side_mean": -34.866111755371094
    },
    {
      "high_freq": 2549.74365234375,
      "loudness": -30.270294189453125,
      "loudness_range": 10.69626235961914,
      "low_freq": 1457.5709228515625,
      "mid_mean": -26.9872989654541,
      "mid_to_side_loudness": -10.730036735534668,
      "mid_to_side_loudness_range": 8.205503463745117,
      "side_mean": -37.97004699707031
    },
    {
      "high_freq": 4349.24462890625,
      "loudness": -32.70351028442383,
      "loudness_range": 10.125150680541992,
      "low_freq": 2549.74365234375,
      "mid_mean": -29.278512954711914,
      "mid_to_side_loudness": -12.383317947387695,
      "mid_to_side_loudness_range": 9.137213706970215,
      "side_mean": -42.04995346069336
    },
    {
      "high_freq": 7314.1640625,
      "loudness": -36.986488342285156,
      "loudness_range": 12.673690795898438,
      "low_freq": 4349.24462890625,
      "mid_mean": -33.46879959106445,
      "mid_to_side_loudness": -15.49304485321045,
      "mid_to_side_loudness_range": 10.542346954345703,
      "side_mean": -50.37884521484375
    },
    {
      "high_freq": 12199.2666015625,
      "loudness": -38.78272247314453,
      "loudness_range": 14.570419311523438,
      "low_freq": 7314.1640625,
      "mid_mean": -35.162147521972656,
      "mid_to_side_loudness": -20.54054832458496,
      "mid_to_side_loudness_range": 13.964460372924805,
      "side_mean": -56.85178756713867
    },
    {
      "loudness": -41.14435577392578,
      "loudness_range": 15.580780029296875,
      "low_freq": 12199.2666015625,
      "mid_mean": -37.54916763305664,
      "mid_to_side_loudness": -26.686607360839844,
      "mid_to_side_loudness_range": 28.514415740966797,
      "side_mean": -64.34209442138672
    }
  ],
  "bands_short": [
    {
      "high_freq": 148.1999969482422,
      "loudness": -26.843416213989258,
      "loudness_range": 15.966178894042969,
      "mid_mean": -23.660507202148438,
      "mid_to_side_loudness": -12.894372940063477,
      "mid_to_side_loudness_range": 18.973581314086914,
      "side_mean": -36.95442581176758
    },
    {
      "high_freq": 392.3793640136719,
      "loudness": -19.53764533996582,
      "loudness_range": 12.475341796875,
      "low_freq": 148.1999969482422,
      "mid_mean": -16.430835723876953,
      "mid_to_side_loudness": -10.179787635803223,
      "mid_to_side_loudness_range": 12.764936447143555,
      "side_mean": -26.69529151916504
    },
    {
      "high_freq": 794.6976318359375,
      "loudness": -23.099384307861328,
      "loudness_range": 13.372099876403809,
      "low_freq": 392.3793640136719,
      "mid_mean": -19.896329879760742,
      "mid_to_side_loudness": -11.231261253356934,
      "mid_to_side_loudness_range": 12.963153839111328,
      "side_mean": -31.06976890563965
    },
    {
      "high_freq": 1457.5709228515625,
      "loudness": -27.088403701782227,
      "loudness_range": 14.434701919555664,
      "low_freq": 794.6976318359375,
      "mid_mean": -23.97933006286621,
      "mid_to_side_loudness": -10.443216323852539,
      "mid_to_side_loudness_range": 13.99995231628418,
      "side_mean": -34.54509735107422
    },
    {
      "high_freq": 2549.74365234375,
      "loudness": -31.033443450927734,
      "loudness_range": 13.355024337768555,
      "low_freq": 1457.5709228515625,
      "mid_mean": -27.897014617919922,
      "mid_to_side_loudness": -10.221603393554688,
      "mid_to_side_loudness_range": 12.528694152832031,
      "side_mean": -38.35157775878906
    },
    {
      "high_freq": 4349.24462890625,
      "loudness": -33.84372329711914,
      "loudness_range": 14.437007904052734,
      "low_freq": 2549.74365234375,
      "mid_mean": -30.583303451538086,
      "mid_to_side_loudness": -11.381524085998535,
      "mid_to_side_loudness_range": 14.011913299560547,
      "side_mean": -42.33285140991211
    },
    {
      "high_freq": 7314.1640625,
      "loudness": -39.020015716552734,
      "loudness_range": 18.97115707397461,
      "low_freq": 4349.24462890625,
      "mid_mean": -35.6949462890625,
      "mid_to_side_loudness": -13.545453071594238,
      "mid_to_side_loudness_range": 16.997596740722656,
      "side_mean": -50.73845291137695
    },
    {
      "high_freq": 12199.2666015625,
      "loudness": -42.9464111328125,
      "loudness_range": 24.4658145904541,
      "low_freq": 7314.1640625,
      "mid_mean": -39.60310745239258,
      "mid_to_side_loudness": -16.409215927124023,
      "mid_to_side_loudness_range": 23.14275360107422,
      "side_mean": -57.54253005981445
    },
    {
      "loudness": -48.061195373535156,
      "loudness_range": 31.273427963256836,
      "low_freq": 12199.2666015625,
      "mid_mean": -45.04618453979492,
      "mid_to_side_loudness": -19.121673583984375,
      "mid_to_side_loudness_range": 31.72612953186035,
      "side_mean": -64.92298889160156
    }
  ],
  "channels": 2,
  "covariance": [
    [
      17.21802520751953,
      12.32107162475586,
      2.663435697555542,
      2.8882994651794434,
      0.06434072554111481,
      1.1313283443450928,
      1.6188197135925293,
      2.0454721450805664,
      2.0336222648620605,
      2.370687961578369,
      3.176239013671875,
      2.834392786026001,
      4.349286079406738,
      6.403458118438721,
      5.119465351104736,
      5.768918037414551,
      5.36914587020874,
      2.686993360519409
    ],
    [
      12.32107162475586,
      21.774221420288086,
      3.739104747772217,
      4.3297553062438965,
      0.21344484388828278,
      0.910108745098114,
      2.491020441055298,
      2.54518461227417,
      2.708472490310669,
      3.1766440868377686,
      4.8162689208984375,
      4.879370212554932,
      6.025084495544434,
      8.376830101013184,
      5.704892158508301,
      8.085250854492188,
      4.708531856536865,
      3.502997636795044
    ],
    [
      2.663435697555542,
      3.739104747772217,
      16.95285415649414,
      11.76782512664795,
      5.2720866203308105,
      3.305995464324951,
      3.6340324878692627,
      1.137693166732788,
      3.5593643188476562,
      1.4365952014923096,
      4.661925315856934,
      3.5343971252441406,
      3.832125186920166,
      6.789166450500488,
      1.938663363456726,
      3.4726152420043945,
      1.560567021369934,
      0.34400811791419983
    ],
    [
      2.8882994651794434,
      4.3297553062438965,
      11.76782512664795,
      15.50197696685791,
      3.699695587158203,
      3.3991239070892334,
      3.034733533859253,
      2.0828585624694824,
      3.4577672481536865,
      2.5637683868408203,
      2.6835222244262695,
      3.417060375213623,
      2.096196413040161,
      7.545151233673096,
      1.1684346199035645,
      4.921217441558838,
      0.6704627275466919,
      1.481965184211731
    ],
    [
      0.06434072554111481,
      0.21344484388828278,
      5.2720866203308105,
      3.699695587158203,
      16.881908416748047,
      9.948904991149902,
      11.739458084106445,
      7.60381555557251,
      8.558523178100586,
      6.551659107208252,
      5.104104518890381,
      3.445680618286133,
      5.33024263381958,
      9.64272689819336,
      3.583843231201172,
      6.404090404510498,
      3.996769428253174,
      2.8080923557281494
    ],
    [
      1.1313283443450928,
      0.910108745098114,
      3.305995464324951,
      3.3991239070892334,
      9.948904991149902,
      12.252090454101562,
      8.11652660369873,
      7.936880111694336,
      5.067882537841797,
      6.082449913024902,
      1.798198938369751,
      2.3839149475097656,
      1.45687735080719,
      7.202291011810303,
      1.1683642864227295,
      4.703489303588867,
      1.6818889379501343,
      2.3086442947387695
    ],
    [
      1.6188197135925293,
      2.491020441055298,
      3.6340324878692627,
      3.034733533859253,
      11.739458084106445,
      8.11652660369873,
      23.59580421447754,
      17.19373321533203,
      13.020391464233398,
      10.23266887664795,
      8.423095703125,
      5.900862693786621,
      10.288093566894531,
      12.219025611877441,
      8.057432174682617,
      9.521468162536621,
      7.774371147155762,
      4.508907794952393
    ],
    [
      2.0454721450805664,
      2.54518461227417,
      1.137693166732788,
      2.0828585624694824,
      7.60381555557251,
      7.936880111694336,
      17.19373321533203,
      19.8837947845459,
      9.166940689086914,
      10.043973922729492,
      5.33550500869751,
      5.31583309173584,
      7.017215251922607,
      10.729874610900879,
      5.458974838256836,
      8.739974021911621,
      5.385500431060791,
      4.487777233123779
    ],
    [
      2.0336222648620605,
      2.708472490310669,
      3.5593643188476562,
      3.4577672481536865,
      8.558523178100586,
      5.067882537841797,
      13.020391464233398,
      9.166940689086914,
      16.944232940673828,
      11.48757553100586,
      10.453309059143066,
      7.43263578414917,
      12.114058494567871,
      12.065220832824707,
      10.278319358825684,
      10.619515419006348,
      10.196019172668457,
      5.043121814727783
    ],
    [
      2.370687961578369,
      3.1766440868377686,
      1.4365952014923096,
      2.5637683868408203,
      6.551659107208252,
      6.082449913024902,
      10.23266887664795,
      10.043973922729492,
      11.48757553100586,
      13.529088020324707,
      6.354411602020264,
      6.620875835418701,
      7.350958824157715,
      11.047334671020508,
      5.655392169952393,
      9.286638259887695,
      5.502859115600586,
      4.35850191116333
    ],
    [
      3.176239013671875,
      4.8162689208984375,
      4.661925315856934,
      2.6835222244262695,
      5.104104518890381,
      1.798198938369751,
      8.423095703125,
      5.33550500869751,
      10.453309059143066,
      6.354411602020264,
      16.198030471801758,
      10.366211891174316,
      15.85647964477539,
      11.475830078125,
      14.733214378356934,
      11.63077449798584,
      13.296709060668945,
      5.899034023284912
    ],
    [
      2.834392786026001,
      4.879370212554932,
      3.5343971252441406,
      3.417060375213623,
      3.445680618286133,
      2.3839149475097656,
      5.900862693786621,
      5.31583309173584,
      7.43263578414917,
      6.620875835418701,
      10.366211891174316,
      12.2239351272583,
      9.220304489135742,
      11.10991382598877,
      7.694925308227539,
      10.545695304870605,
      6.049290657043457,
      5.15117073059082
    ],
    [
      4.349286079406738,
      6.025084495544434,
      3.832125186920166,
      2.096196413040161,
      5.33024263381958,
      1.45687735080719,
      10.288093566894531,
      7.017215251922607,
      12.114058494567871,
      7.350958824157715,
      15.85647964477539,
      9.220304489135742,
      24.05748176574707,
      15.41381549835205,
      21.479719161987305,
      15.019977569580078,
      20.541223526000977,
      8.16591739654541
    ],
    [
      6.403458118438721,
      8.376830101013184,
      6.789166450500488,
      7.545151233673096,
      9.64272689819336,
      7.202291011810303,
      12.219025611877441,
      10.729874610900879,
      12.065220832824707,
      11.047334671020508,
      11.475830078125,
      11.10991382598877,
      15.41381549835205,
      35.672157287597656,
      12.857706069946289,
      27.62111473083496,
      11.546323776245117,
      12.0281982421875
    ],
    [
      5.119465351104736,
      5.704892158508301,
      1.938663363456726,
      1.1684346199035645,
      3.583843231201172,
      1.1683642864227295,
      8.057432174682617,
      5.458974838256836,
      10.278319358825684,
      5.655392169952393,
      14.733214378356934,
      7.694925308227539,
      21.479719161987305,
      12.857706069946289,
      28.195907592773438,
      16.72380828857422,
      26.35921859741211,
      9.541086196899414
    ],
    [
      5.768918037414551,
      8.085250854492188,
      3.4726152420043945,
      4.921217441558838,
      6.404090404510498,
      4.703489303588867,
      9.521468162536621,
      8.739974021911621,
      10.619515419006348,
      9.286638259887695,
      11.63077449798584,
      10.545695304870605,
      15.019977569580078,
      27.62111473083496,
      16.72380828857422,
      27.32375144958496,
      14.456867218017578,
      12.744791030883789
    ],
    [
      5.36914587020874,
      4.708531856536865,
      1.560567021369934,
      0.6704627275466919,
      3.996769428253174,
      1.6818889379501343,
      7.774371147155762,
      5.385500431060791,
      10.196019172668457,
      5.502859115600586,
      13.296709060668945,
      6.049290657043457,
      20.541223526000977,
      11.546323776245117,
      26.35921859741211,
      14.456867218017578,
      33.26094055175781,
      10.480613708496094
    ],
    [
      2.686993360519409,
      3.502997636795044,
      0.34400811791419983,
      1.481965184211731,
      2.8080923557281494,
      2.3086442947387695,
      4.508907794952393,
      4.487777233123779,
      5.043121814727783,
      4.35850191116333,
      5.899034023284912,
      5.15117073059082,
      8.16591739654541,
      12.0281982421875,
      9.541086196899414,
      12.744791030883789,
      10.480613708496094,
      9.739158630371094
    ]
  ],
  "covariance_short": [
    [
      35.41299057006836,
      14.002470016479492,
      6.639618873596191,
      3.5380091667175293,
      1.8570784330368042,
      1.911929965019226,
      3.532193660736084,
      1.977640986442566,
      4.6766438484191895,
      2.3943986892700195,
      6.523552894592285,
      2.7907490730285645,
      8.477173805236816,
      6.064685821533203,
      12.274048805236816,
      5.171309471130371,
      15.719457626342773,
      2.0633578300476074
    ],
    [
      14.002470016479492,
      38.885005950927734,
      3.8706507682800293,
      4.704992294311523,
      0.6325811147689819,
      1.7923811674118042,
      2.1661863327026367,
      2.6516644954681396,
      2.106968641281128,
      3.1330738067626953,
      4.086515426635742,
      4.765665054321289,
      3.6735756397247314,
      8.758360862731934,
      2.9337801933288574,
      8.21956729888916,
      2.0208230018615723,
      3.674421548843384
    ],
    [
      6.639618873596191,
      3.8706507682800293,
      24.124752044677734,
      11.7880859375,
      8.092000007629395,
      3.2630631923675537,
      5.967604637145996,
      1.1036882400512695,
      7.009089946746826,
      1.7676188945770264,
      9.31872272491455,
      4.003178119659424,
      9.34154224395752,
      6.826700210571289,
      9.13735294342041,
      3.4057857990264893,
      11.913541793823242,
      -0.35898375511169434
    ],
    [
      3.5380091667175293,
      4.704992294311523,
      11.7880859375,
      19.46579933166504,
      3.092329978942871,
      3.6278131008148193,
      2.3389904499053955,
      2.144562244415283,
      3.5751430988311768,
      3.03751277923584,
      3.565911054611206,
      4.3635149002075195,
      2.6389880180358887,
      7.980464458465576,
      1.2383160591125488,
      5.644070148468018,
      1.428534746170044,
      1.5261176824569702
    ],
    [
      1.8570784330368042,
      0.6325811147689819,
      8.092000007629395,
      3.092329978942871,
      24.593461990356445,
      11.255860328674316,
      14.311938285827637,
      6.829080104827881,
      12.26044750213623,
      6.206026077270508,
      9.408120155334473,
      3.198065996170044,
      10.420971870422363,
      9.763829231262207,
      9.668924331665039,
      5.891472816467285,
      12.53870964050293,
      2.1609134674072266
    ],
    [
      1.911929965019226,
      1.7923811674118042,
      3.2630631923675537,
      3.6278131008148193,
      11.255860328674316,
      18.25051498413086,
      6.463226795196533,
      7.837289333343506,
      5.2841596603393555,
      6.190412521362305,
      1.5554300546646118,
      2.369173765182495,
      0.8231546878814697,
      7.885875701904297,
      0.2343323677778244,
      4.921139240264893,
      1.6101436614990234,
      2.4261937141418457
    ],
    [
      3.532193660736084,
      2.1661863327026367,
      5.967604637145996,
      2.3389904499053955,
      14.311938285827637,
      6.463226795196533,
      27.09783935546875,
      12.402074813842773,
      16.994319915771484,
      8.868507385253906,
      14.221526145935059,
      5.298092365264893,
      16.50855827331543,
      10.38329029083252,
      16.680030822753906,
      8.276411056518555,
      19.448545455932617,
      3.4491376876831055
    ],
    [
      1.977640986442566,
      2.6516644954681396,
      1.1036882400512695,
      2.144562244415283,
      6.829080104827881,
      7.837289333343506,
      12.402074813842773,
      20.8701229095459,
      8.005561828613281,
      9.228540420532227,
      4.905080795288086,
      5.103288173675537,
      5.8110032081604,
      9.97448444366455,
      4.428974151611328,
      8.147255897521973,
      5.010422229766846,
      4.026363849639893
    ],
    [
      4.6766438484191895,
      2.106968641281128,
      7.009089946746826,
      3.5751430988311768,
      12.26044750213623,
      5.2841596603393555,
      16.994319915771484,
      8.005561828613281,
      25.32143211364746,
      12.02688980102539,
      18.29109764099121,
      7.909897804260254,
      21.256240844726562,
      12.78719711303711,
      22.055452346801758,
      11.359929084777832,
      25.797922134399414,
      4.644004821777344
    ],
    [
      2.3943986892700195,
      3.1330738067626953,
      1.7676188945770264,
      3.03751277923584,
      6.206026077270508,
      6.190412521362305,
      8.868507385253906,
      9.228540420532227,
      12.02688980102539,
      16.897348403930664,
      7.191195011138916,
      7.414315223693848,
      7.766062259674072,
      11.934024810791016,
      6.247486114501953,
      10.212848663330078,
      7.377816677093506,
      4.486894607543945
    ],
    [
      6.523552894592285,
      4.086515426635742,
      9.31872272491455,
      3.565911054611206,
      9.408120155334473,
      1.5554300546646118,
      14.221526145935059,
      4.905080795288086,
      18.29109764099121,
      7.191195011138916,
      29.400657653808594,
      11.48762035369873,
      30.602792739868164,
      12.826541900634766,
      33.044273376464844,
      13.30591106414795,
      37.087223052978516,
      5.3454155921936035
    ],
    [
      2.7907490730285645,
      4.765665054321289,
      4.003178119659424,
      4.3635149002075195,
      3.198065996170044,
      2.369173765182495,
      5.298092365264893,
      5.103288173675537,
      7.909897804260254,
      7.414315223693848,
      11.48762035369873,
      15.134520530700684,
      9.957084655761719,
      13.075419425964355,
      7.805000305175781,
      12.479700088500977,
      7.821842670440674,
      5.674684047698975
    ],
    [
      8.477173805236816,
      3.6735756397247314,
      9.34154224395752,
      2.6389880180358887,
      10.420971870422363,
      0.8231546878814697,
      16.50855827331543,
      5.8110032081604,
      21.256240844726562,
      7.766062259674072,
      30.602792739868164,
      9.957084655761719,
      47.31196212768555,
      16.402145385742188,
      49.56372833251953,
      16.305496215820312,
      57.05879211425781,
      6.58377742767334
    ],
    [
      6.064685821533203,
      8.758360862731934,
      6.826700210571289,
      7.980464458465576,
      9.763829231262207,
      7.885875701904297,
      10.38329029083252,
      9.97448444366455,
      12.78719711303711,
      11.934024810791016,
      12.826541900634766,
      13.075419425964355,
      16.402145385742188,
      40.21472930908203,
      12.463669776916504,
      30.653581619262695,
      13.762219429016113,
      12.834240913391113
    ],
    [
      12.274048805236816,
      2.9337801933288574,
      9.13735294342041,
      1.2383160591125488,
      9.668924331665039,
      0.2343323677778244,
      16.680030822753906,
      4.428974151611328,
      22.055452346801758,
      6.247486114501953,
      33.044273376464844,
      7.805000305175781,
      49.56372833251953,
      12.463669776916504,
      73.14141082763672,
      16.95264434814453,
      82.77216339111328,
      6.147186279296875
    ],
    [
      5.171309471130371,
      8.21956729888916,
      3.4057857990264893,
      5.644070148468018,
      5.891472816467285,
      4.921139240264893,
      8.276411056518555,
      8.147255897521973,
      11.359929084777832,
      10.212848663330078,
      13.30591106414795,
      12.479700088500977,
      16.305496215820312,
      30.653581619262695,
      16.95264434814453,
      32.80855178833008,
      16.00519561767578,
      14.426589965820312
    ],
    [
      15.719457626342773,
      2.0208230018615723,
      11.913541793823242,
      1.428534746170044,
      12.53870964050293,
      1.6101436614990234,
      19.448545455932617,
      5.010422229766846,
      25.797922134399414,
      7.377816677093506,
      37.087223052978516,
      7.821842670440674,
      57.05879211425781,
      13.762219429016113,
      82.77216339111328,
      16.00519561767578,
      116.2617416381836,
      6.317133903503418
    ],
    [
      2.0633578300476074,
      3.674421548843384,
      -0.35898375511169434,
      1.5261176824569702,
      2.1609134674072266,
      2.4261937141418457,
      3.4491376876831055,
      4.026363849639893,
      4.644004821777344,
      4.486894607543945,
      5.3454155921936035,
      5.674684047698975,
      6.58377742767334,
      12.834240913391113,
      6.147186279296875,
      14.426589965820312,
      6.317133903503418,
      12.875663757324219
    ]
  ],
  "drr": 12.171731948852539,
  "dynamics": 2.5665903091430664,
  "format": 1245190,
  "frames": 10899456,
  "loudness": -11.86372184753418,
  "loudness_range": 6.2539520263671875,
  "loudness_range_short": 9.063467025756836,
  "peak": 0.15289771556854248,
  "rms": -13.817551612854004,
  "sample_rate": 44100,
  "sections": 1,
  "seekable": 1,
  "sharpness": 2.3996667861938477,
  "space": -10.960713386535645
}