{
  "bands": [
    {
      "high_freq": 148.1999969482422,
      "loudness": -32.60628128051758,
      "loudness_range": 10.090507507324219,
      "mid_mean": -29.049427032470703,
      "mid_to_side_loudness": -14.830221176147461,
      "mid_to_side_loudness_range": 4.661279678344727,
      "side_mean": -44.105133056640625
    },
    {
      "high_freq": 392.3793640136719,
      "loudness": -22.603517532348633,
      "loudness_range": 9.110368728637695,
      "low_freq": 148.1999969482422,
      "mid_mean": -18.931833267211914,
      "mid_to_side_loudness": -20.34382438659668,
      "mid_to_side_loudness_range": 4.641288757324219,
      "side_mean": -39.52696990966797
    },
    {
      "high_freq": 794.6976318359375,
      "loudness": -33.28229522705078,
      "loudness_range": 14.644950866699219,
      "low_freq": 392.3793640136719,
      "mid_mean": -29.759254455566406,
      "mid_to_side_loudness": -17.974424362182617,
      "mid_to_side_loudness_range": 16.187877655029297,
      "side_mean": -47.85540771484375
    },
    {
      "high_freq": 1457.5709228515625,
      "loudness": -38.54705047607422,
      "loudness_range": 19.437082290649414,
      "low_freq": 794.6976318359375,
      "mid_mean": -35.03654479980469,
      "mid_to_side_loudness": -16.172359466552734,
      "mid_to_side_loudness_range": 13.866068840026855,
      "side_mean": -51.59294509887695
    },
    {
      "high_freq": 2549.74365234375,
      "loudness": -38.30354690551758,
      "loudness_range": 17.877038955688477,
      "low_freq": 1457.5709228515625,
      "mid_mean": -34.79128646850586,
      "mid_to_side_loudness": -13.987776756286621,
      "mid_to_side_loudness_range": 7.0557146072387695,
      "side_mean": -48.940303802490234
    },
    {
      "high_freq": 4349.24462890625,
      "loudness": -38.793907165527344,
      "loudness_range": 18.00690460205078,
      "low_freq": 2549.74365234375,
      "mid_mean": -35.73100662231445,
      "mid_to_side_loudness": -9.050032615661621,
      "mid_to_side_loudness_range": 4.509159564971924,
      "side_mean": -44.84663391113281
    },
    {
      "high_freq": 7314.1640625,
      "loudness": -43.21770095825195,
      "loudness_range": 18.85723114013672,
      "low_freq": 4349.24462890625,
      "mid_mean": -41.73710632324219,
      "mid_to_side_loudness": -2.1619160175323486,
      "mid_to_side_loudness_range": 4.612664699554443,
      "side_mean": -43.92876052856445
    },
    {
      "high_freq": 12199.2666015625,
      "loudness": -47.51276779174805,
      "loudness_range": 24.42108154296875,
      "low_freq": 7314.1640625,
      "mid_mean": -48.557594299316406,
      "mid_to_side_loudness": 2.1884899139404297,
      "mid_to_side_loudness_range": 6.194002151489258,
      "side_mean": -46.1529541015625
    },
    {
      "loudness": -67.45198059082031,
      "loudness_range": 17.000205993652344,
      "low_freq": 12199.2666015625,
      "mid_mean": -65.77623748779297,
      "mid_to_side_loudness": 3.1559760570526123,
      "mid_to_side_loudness_range": 5.562614440917969,
      "side_mean": -63.517799377441406
    }
  ],
  "bands_short": [
    {
      "high_freq": 148.1999969482422,
      "loudness": -36.96635818481445,
      "loudness_range": 17.6601505279541,
      "mid_mean": -33.440773010253906,
      "mid_to_side_loudness": -13.843250274658203,
      "mid_to_side_loudness_range": 4.815320014953613,
      "side_mean": -47.54038619995117
    },
    {
      "high_freq": 392.3793640136719,
      "loudness": -23.452253341674805,
      "loudness_range": 12.830303192138672,
      "low_freq": 148.1999969482422,
      "mid_mean": -19.802310943603516,
      "mid_to_side_loudness": -19.82636070251465,
      "mid_to_side_loudness_range": 5.620111465454102,
      "side_mean": -39.81796646118164
    },
    {
      "high_freq": 794.6976318359375,
      "loudness": -33.166236877441406,
      "loudness_range": 19.458627700805664,
      "low_freq": 392.3793640136719,
      "mid_mean": -29.599863052368164,
      "mid_to_side_loudness": -19.938526153564453,
      "mid_to_side_loudness_range": 16.211889266967773,
      "side_mean": -49.709232330322266
    },
    {
      "high_freq": 1457.5709228515625,
      "loudness": -40.22090530395508,
      "loudness_range": 23.99850082397461,
      "low_freq": 794.6976318359375,
      "mid_mean": -36.74336242675781,
      "mid_to_side_loudness": -17.529552459716797,
      "mid_to_side_loudness_range": 16.280445098876953,
      "side_mean": -54.23217010498047
    },
    {
      "high_freq": 2549.74365234375,
      "loudness": -41.2634391784668,
      "loudness_range": 25.62918472290039,
      "low_freq": 1457.5709228515625,
      "mid_mean": -37.819419860839844,
      "mid_to_side_loudness": -13.706439018249512,
      "mid_to_side_loudness_range": 10.164777755737305,
      "side_mean": -51.73956298828125
    },
    {
      "high_freq": 4349.24462890625,
      "loudness": -42.44117736816406,
      "loudness_range": 26.837154388427734,
      "low_freq": 2549.74365234375,
      "mid_mean": -39.36048126220703,
      "mid_to_side_loudness": -8.64107894897461,
      "mid_to_side_loudness_range": 5.498859882354736,
      "side_mean": -48.04441452026367
    },
    {
      "high_freq": 7314.1640625,
      "loudness": -48.10414505004883,
      "loudness_range": 26.5225830078125,
      "low_freq": 4349.24462890625,
      "mid_mean": -47.20880126953125,
      "mid_to_side_loudness": -0.900766134262085,
      "mid_to_side_loudness_range": 6.281672954559326,
      "side_mean": -48.04049301147461
    },
    {
      "high_freq": 12199.2666015625,
      "loudness": -52.10215759277344,
      "loudness_range": 29.751731872558594,
      "low_freq": 7314.1640625,
      "mid_mean": -53.28813171386719,
      "mid_to_side_loudness": 2.9285924434661865,
      "mid_to_side_loudness_range": 5.627549648284912,
      "side_mean": -50.447261810302734
    },
    {
      "loudness": -71.00935363769531,
      "loudness_range": 23.63824462890625,
      "low_freq": 12199.2666015625,
      "mid_mean": -66.72498321533203,
      "mid_to_side_loudness": 1.85213303565979,
      "mid_to_side_loudness_range": 6.121760845184326,
      "side_mean": -65.46102905273438
    }
  ],
  "channels": 2,
  "covariance": [
    [
      13.944865226745605,
      11.419342041015625,
      1.6178233623504639,
      2.2032630443573,
      4.429898738861084,
      5.812173843383789,
      4.665326118469238,
      5.760779857635498,
      5.922956466674805,
      4.840177536010742,
      7.891267776489258,
      6.230629920959473,
      4.667296409606934,
      3.9464781284332275,
      1.474346399307251,
      1.975341558456421,
      0.5916121006011963,
      2.0818450450897217
    ],
    [
      11.419342041015625,
      13.462424278259277,
      0.5033947825431824,
      1.5049961805343628,
      5.299670219421387,
      7.52387809753418,
      6.571728706359863,
      8.842804908752441,
      7.7444682121276855,
      7.4708075523376465,
      9.354070663452148,
      8.378901481628418,
      5.970304012298584,
      5.449177265167236,
      2.9392826557159424,
      3.3466055393218994,
      1.3067045211791992,
      2.925792694091797
    ],
    [
      1.6178233623504639,
      0.5033947825431824,
      13.815816879272461,
      11.3065824508667,
      4.957038402557373,
      5.9249114990234375,
      4.882319450378418,
      7.209689140319824,
      3.1040446758270264,
      2.410438299179077,
      3.4517641067504883,
      2.873225212097168,
      -1.4983159303665161,
      -1.8389850854873657,
      -3.064105987548828,
      -2.2639288902282715,
      -1.2050985097885132,
      -0.9339125752449036
    ],
    [
      2.2032630443573,
      1.5049961805343628,
      11.3065824508667,
      11.951147079467773,
      5.757595062255859,
      8.185564041137695,
      6.269012451171875,
      9.15511703491211,
      4.987221717834473,
      4.323348522186279,
      6.03515625,
      5.311861038208008,
      0.5894297361373901,
      0.28750139474868774,
      -0.6806118488311768,
      0.3820497393608093,
      -0.3116282820701599,
      0.3587316870689392
    ],
    [
      4.429898738861084,
      5.299670219421387,
      4.957038402557373,
      5.757595062255859,
      29.728439331054688,
      27.197696685791016,
      26.50181007385254,
      25.49032211303711,
      22.360305786132812,
      19.937543869018555,
      19.895044326782227,
      18.376188278198242,
      11.177075386047363,
      11.281129837036133,
      9.171051025390625,
      8.807100296020508,
      3.548970937728882,
      5.891267776489258
    ],
    [
      5.812173843383789,
      7.52387809753418,
      5.9249114990234375,
      8.185564041137695,
      27.197696685791016,
      53.58415603637695,
      27.896326065063477,
      39.895782470703125,
      25.16889190673828,
      29.14912986755371,
      26.426774978637695,
      25.11345100402832,
      12.27613639831543,
      12.846053123474121,
      12.253833770751953,
      10.578316688537598,
      4.9886155128479,
      7.457900524139404
    ],
    [
      4.665326118469238,
      6.571728706359863,
      4.882319450378418,
      6.269012451171875,
      26.50181007385254,
      27.896326065063477,
      42.23637008666992,
      38.97016906738281,
      32.353843688964844,
      29.92891502380371,
      27.990968704223633,
      26.215072631835938,
      10.748586654663086,
      11.413944244384766,
      4.682283401489258,
      5.489217281341553,
      3.479409694671631,
      5.264039039611816
    ],
    [
      5.760779857635498,
      8.842804908752441,
      7.209689140319824,
      9.15511703491211,
      25.49032211303711,
      39.895782470703125,
      38.97016906738281,
      62.909523010253906,
      32.939571380615234,
      37.33219909667969,
      32.64175033569336,
      31.871273040771484,
      11.142890930175781,
      12.185833930969238,
      8.688105583190918,
      7.883765697479248,
      5.244143486022949,
      7.445306301116943
    ],
    [
      5.922956466674805,
      7.7444682121276855,
      3.1040446758270264,
      4.987221717834473,
      22.360305786132812,
      25.16889190673828,
      32.353843688964844,
      32.939571380615234,
      38.42213821411133,
      34.59218215942383,
      35.3073616027832,
      32.894813537597656,
      17.474720001220703,
      17.540904998779297,
      13.807612419128418,
      13.741469383239746,
      5.112707138061523,
      8.39689826965332
    ],
    [
      4.840177536010742,
      7.4708075523376465,
      2.410438299179077,
      4.323348522186279,
      19.937543869018555,
      29.14912986755371,
      29.92891502380371,
      37.33219909667969,
      34.59218215942383,
      37.22308349609375,
      32.66742706298828,
      32.11148452758789,
      13.765912055969238,
      14.608591079711914,
      10.902811050415039,
      10.147875785827637,
      4.447183609008789,
      6.611938953399658
    ],
    [
      7.891267776489258,
      9.354070663452148,
      3.4517641067504883,
      6.03515625,
      19.895044326782227,
      26.426774978637695,
      27.990968704223633,
      32.64175033569336,
      35.3073616027832,
      32.66742706298828,
      43.10115051269531,
      38.50692367553711,
      24.34691047668457,
      22.58637237548828,
      19.60179901123047,
      19.302059173583984,
      6.612666130065918,
      11.198646545410156
    ],
    [
      6.230629920959473,
      8.378901481628418,
      2.873225212097168,
      5.311861038208008,
      18.376188278198242,
      25.11345100402832,
      26.215072631835938,
      31.871273040771484,
      32.894813537597656,
      32.11148452758789,
      38.50692367553711,
      37.020137786865234,
      19.483644485473633,
      18.997440338134766,
      15.108933448791504,
      15.363126754760742,
      5.3994460105896,
      8.742277145385742
    ],
    [
      4.667296409606934,
      5.970304012298584,
      -1.4983159303665161,
      0.5894297361373901,
      11.177075386047363,
      12.27613639831543,
      10.748586654663086,
      11.142890930175781,
      17.474720001220703,
      13.765912055969238,
      24.34691047668457,
      19.483644485473633,
      47.726097106933594,
      40.09177780151367,
      53.03983688354492,
      45.639705657958984,
      14.927411079406738,
      25.350486755371094
    ],
    [
      3.9464781284332275,
      5.449177265167236,
      -1.8389850854873657,
      0.28750139474868774,
      11.281129837036133,
      12.846053123474121,
      11.413944244384766,
      12.185833930969238,
      17.540904998779297,
      14.608591079711914,
      22.58637237548828,
      18.997440338134766,
      40.09177780151367,
      36.39668273925781,
      46.220699310302734,
      40.0849609375,
      13.114437103271484,
      22.10346031188965
    ],
    [
      1.474346399307251,
      2.9392826557159424,
      -3.064105987548828,
      -0.6806118488311768,
      9.171051025390625,
      12.253833770751953,
      4.682283401489258,
      8.688105583190918,
      13.807612419128418,
      10.902811050415039,
      19.60179901123047,
      15.108933448791504,
      53.03983688354492,
      46.220699310302734,
      84.82565307617188,
      68.76016998291016,
      22.652053833007812,
      36.998043060302734
    ],
    [
      1.975341558456421,
      3.3466055393218994,
      -2.2639288902282715,
      0.3820497393608093,
      8.807100296020508,
      10.578316688537598,
      5.489217281341553,
      7.883765697479248,
      13.741469383239746,
      10.147875785827637,
      19.302059173583984,
      15.363126754760742,
      45.639705657958984,
      40.0849609375,
      68.76016998291016,
      60.21782302856445,
      18.605627059936523,
      31.14426040649414
    ],
    [
      0.5916121006011963,
      1.3067045211791992,
      -1.2050985097885132,
      -0.3116282820701599,
      3.548970937728882,
      4.9886155128479,
      3.479409694671631,
      5.244143486022949,
      5.112707138061523,
      4.447183609008789,
      6.612666130065918,
      5.3994460105896,
      14.927411079406738,
      13.114437103271484,
      22.652053833007812,
      18.605627059936523,
      9.794170379638672,
      13.732704162597656
    ],
    [
      2.0818450450897217,
      2.925792694091797,
      -0.9339125752449036,
      0.3587316870689392,
      5.891267776489258,
      7.457900524139404,
      5.264039039611816,
      7.445306301116943,
      8.39689826965332,
      6.611938953399658,
      11.198646545410156,
      8.742277145385742,
      25.350486755371094,
      22.10346031188965,
      36.998043060302734,
      31.14426040649414,
      13.732704162597656,
      21.455982208251953
    ]
  ],
  "covariance_short": [
    [
      36.640968322753906,
      32.54689025878906,
      3.207765579223633,
      4.849084377288818,
      4.674132347106934,
      6.087875843048096,
      5.664706230163574,
      6.905547618865967,
      7.486270427703857,
      7.068846702575684,
      8.677123069763184,
      7.956920623779297,
      3.081510543823242,
      2.671229124069214,
      -1.5509923696517944,
      -0.1648256778717041,
      0.13986292481422424,
      0.7909625768661499
    ],
    [
      32.54689025878906,
      34.62504577636719,
      0.6944854855537415,
      2.543250322341919,
      4.4928483963012695,
      7.870031833648682,
      6.164589881896973,
      9.858272552490234,
      8.254283905029297,
      10.512937545776367,
      9.972716331481934,
      9.73806381225586,
      5.669763565063477,
      5.257590293884277,
      2.423900604248047,
      4.300954341888428,
      1.2810227870941162,
      2.309965133666992
    ],
    [
      3.207765579223633,
      0.6944854855537415,
      24.52643394470215,
      19.557697296142578,
      9.550458908081055,
      8.94299030303955,
      8.673077583312988,
      8.172896385192871,
      4.047461032867432,
      4.113437175750732,
      2.002288341522217,
      2.229292631149292,
      -6.674990177154541,
      -5.713760852813721,
      -8.531782150268555,
      -6.530444145202637,
      -4.082114219665527,
      -5.3122124671936035
    ],
    [
      4.849084377288818,
      2.543250322341919,
      19.557697296142578,
      19.203784942626953,
      8.682108879089355,
      10.005854606628418,
      8.556684494018555,
      9.116626739501953,
      5.792774677276611,
      5.886916160583496,
      4.713658332824707,
      4.510119438171387,
      -2.435582399368286,
      -1.8869742155075073,
      -4.6514892578125,
      -2.5663321018218994,
      -2.2572364807128906,
      -2.540862798690796
    ],
    [
      4.674132347106934,
      4.4928483963012695,
      9.550458908081055,
      8.682108879089355,
      44.24181365966797,
      40.694061279296875,
      35.25054931640625,
      31.454254150390625,
      30.678382873535156,
      27.50958251953125,
      25.058744430541992,
      25.162525177001953,
      5.2345099449157715,
      7.838435649871826,
      0.34731754660606384,
      4.782960414886475,
      -1.2924221754074097,
      -1.6265002489089966
    ],
    [
      6.087875843048096,
      7.870031833648682,
      8.94299030303955,
      10.005854606628418,
      40.694061279296875,
      64.06110382080078,
      36.17548370361328,
      48.14107131958008,
      32.52705383300781,
      38.187191009521484,
      29.296905517578125,
      30.843090057373047,
      11.204232215881348,
      13.209701538085938,
      6.327376842498779,
      10.401679039001465,
      1.3589438199996948,
      1.4844589233398438
    ],
    [
      5.664706230163574,
      6.164589881896973,
      8.673077583312988,
      8.556684494018555,
      35.25054931640625,
      36.17548370361328,
      66.70774841308594,
      58.58991241455078,
      56.088314056396484,
      51.29433059692383,
      49.756988525390625,
      48.91645812988281,
      18.33333396911621,
      21.14834213256836,
      7.509562015533447,
      13.829699516296387,
      2.5068557262420654,
      3.5898818969726562
    ],
    [
      6.905547618865967,
      9.858272552490234,
      8.172896385192871,
      9.116626739501953,
      31.454254150390625,
      48.14107131958008,
      58.58991241455078,
      78.76033020019531,
      49.77499008178711,
      57.58403396606445,
      46.37234115600586,
      47.70122528076172,
      19.767208099365234,
      22.309263229370117,
      12.52293586730957,
      18.012924194335938,
      4.369143009185791,
      5.4299445152282715
    ],
    [
      7.486270427703857,
      8.254283905029297,
      4.047461032867432,
      5.792774677276611,
      30.678382873535156,
      32.52705383300781,
      56.088314056396484,
      49.77499008178711,
      78.32776641845703,
      67.72322845458984,
      71.14067077636719,
      67.56574249267578,
      35.82489776611328,
      37.70922088623047,
      18.785133361816406,
      27.130155563354492,
      5.948373317718506,
      9.184998512268066
    ],
    [
      7.068846702575684,
      10.512937545776367,
      4.113437175750732,
      5.886916160583496,
      27.50958251953125,
      38.187191009521484,
      51.29433059692383,
      57.58403396606445,
      67.72322845458984,
      71.82816314697266,
      63.38679885864258,
      63.83458709716797,
      29.427492141723633,
      32.17904281616211,
      16.472230911254883,
      24.447689056396484,
      5.215023040771484,
      7.245910167694092
    ],
    [
      8.677123069763184,
      9.972716331481934,
      2.002288341522217,
      4.713658332824707,
      25.058744430541992,
      29.296905517578125,
      49.756988525390625,
      46.37234115600586,
      71.14067077636719,
      63.38679885864258,
      83.80691528320312,
      77.30467224121094,
      52.127166748046875,
      50.50271224975586,
      29.494354248046875,
      37.002010345458984,
      11.107308387756348,
      17.151172637939453
    ],
    [
      7.956920623779297,
      9.73806381225586,
      2.229292631149292,
      4.510119438171387,
      25.162525177001953,
      30.843090057373047,
      48.91645812988281,
      47.70122528076172,
      67.56574249267578,
      63.83458709716797,
      77.30467224121094,
      76.13463592529297,
      44.84760284423828,
      45.31972122192383,
      22.58607292175293,
      30.827024459838867,
      8.603126525878906,
      12.971219062805176
    ],
    [
      3.081510543823242,
      5.669763565063477,
      -6.674990177154541,
      -2.435582399368286,
      5.2345099449157715,
      11.204232215881348,
      18.33333396911621,
      19.767208099365234,
      35.82489776611328,
      29.427492141723633,
      52.127166748046875,
      44.84760284423828,
      84.01930236816406,
      73.94269561767578,
      68.7231216430664,
      69.37647247314453,
      24.361055374145508,
      37.85254669189453
    ],
    [
      2.671229124069214,
      5.257590293884277,
      -5.713760852813721,
      -1.8869742155075073,
      7.838435649871826,
      13.209701538085938,
      21.14834213256836,
      22.309263229370117,
      37.70922088623047,
      32.17904281616211,
      50.50271224975586,
      45.31972122192383,
      73.94269561767578,
      68.46844482421875,
      61.152244567871094,
      63.574440002441406,
      20.915252685546875,
      32.4441032409668
    ],
    [
      -1.5509923696517944,
      2.423900604248047,
      -8.531782150268555,
      -4.6514892578125,
      0.34731754660606384,
      6.327376842498779,
      7.509562015533447,
      12.52293586730957,
      18.785133361816406,
      16.472230911254883,
      29.494354248046875,
      22.58607292175293,
      68.7231216430664,
      61.152244567871094,
      79.7843246459961,
      76.86116790771484,
      25.55203628540039,
      38.59428787231445
    ],
    [
      -0.1648256778717041,
      4.300954341888428,
      -6.530444145202637,
      -2.5663321018218994,
      4.782960414886475,
      10.401679039001465,
      13.829699516296387,
      18.012924194335938,
      27.130155563354492,
      24.447689056396484,
      37.002010345458984,
      30.827024459838867,
      69.37647247314453,
      63.574440002441406,
      76.86116790771484,
      77.91935729980469,
      23.863990783691406,
      36.761592864990234
    ],
    [
      0.13986292481422424,
      1.2810227870941162,
      -4.082114219665527,
      -2.2572364807128906,
      -1.2924221754074097,
      1.3589438199996948,
      2.5068557262420654,
      4.369143009185791,
      5.948373317718506,
      5.215023040771484,
      11.107308387756348,
      8.603126525878906,
      24.361055374145508,
      20.915252685546875,
      25.55203628540039,
      23.863990783691406,
      12.893976211547852,
      17.664379119873047
    ],
    [
      0.7909625768661499,
      2.309965133666992,
      -5.3122124671936035,
      -2.540862798690796,
      -1.6265002489089966,
      1.4844589233398438,
      3.5898818969726562,
      5.4299445152282715,
      9.184998512268066,
      7.245910167694092,
      17.151172637939453,
      12.971219062805176,
      37.85254669189453,
      32.4441032409668,
      38.59428787231445,
      36.761592864990234,
      17.664379119873047,
      25.965429306030273
    ]
  ],
  "drr": 16.04791831970215,
  "dynamics": 2.731448173522949,
  "format": 1245190,
  "frames": 8035264,
  "loudness": -17.446247100830078,
  "loudness_range": 5.861746788024902,
  "loudness_range_short": 9.61474609375,
  "peak": -4.051100730895996,
  "rms": -19.379392623901367,
  "sample_rate": 44100,
  "sections": 1,
  "seekable": 1,
  "sharpness": 2.601285219192505,
  "space": -16.849735260009766
}