{
  "bands": [
    {
      "high_freq": 148.1999969482422,
      "loudness": -26.194419860839844,
      "loudness_range": 15.156990051269531,
      "mid_mean": -22.671142578125,
      "mid_to_side_loudness": -16.343494415283203,
      "mid_to_side_loudness_range": 14.45591926574707,
      "side_mean": -39.05471420288086
    },
    {
      "high_freq": 392.3793640136719,
      "loudness": -23.64933204650879,
      "loudness_range": 15.713586807250977,
      "low_freq": 148.1999969482422,
      "mid_mean": -20.55840301513672,
      "mid_to_side_loudness": -9.653120040893555,
      "mid_to_side_loudness_range": 10.433292388916016,
      "side_mean": -30.263608932495117
    },
    {
      "high_freq": 794.6976318359375,
      "loudness": -25.633289337158203,
      "loudness_range": 14.961650848388672,
      "low_freq": 392.3793640136719,
      "mid_mean": -22.318561553955078,
      "mid_to_side_loudness": -11.347234725952148,
      "mid_to_side_loudness_range": 9.725564002990723,
      "side_mean": -33.90144729614258
    },
    {
      "high_freq": 1457.5709228515625,
      "loudness": -32.0994987487793,
      "loudness_range": 20.89360809326172,
      "low_freq": 794.6976318359375,
      "mid_mean": -29.011672973632812,
      "mid_to_side_loudness": -9.488146781921387,
      "mid_to_side_loudness_range": 11.02306842803955,
      "side_mean": -38.86796188354492
    },
    {
      "high_freq": 2549.74365234375,
      "loudness": -33.694374084472656,
      "loudness_range": 22.4241943359375,
      "low_freq": 1457.5709228515625,
      "mid_mean": -30.68179702758789,
      "mid_to_side_loudness": -8.87477970123291,
      "mid_to_side_loudness_range": 10.20081901550293,
      "side_mean": -40.03425979614258
    },
    {
      "high_freq": 4349.24462890625,
      "loudness": -37.2320556640625,
      "loudness_range": 23.739484786987305,
      "low_freq": 2549.74365234375,
      "mid_mean": -34.38813400268555,
      "mid_to_side_loudness": -8.193723678588867,
      "mid_to_side_loudness_range": 11.11529541015625,
      "side_mean": -43.2130126953125
    },
    {
      "high_freq": 7314.1640625,
      "loudness": -43.603206634521484,
      "loudness_range": 25.46179962158203,
      "low_freq": 4349.24462890625,
      "mid_mean": -40.726741790771484,
      "mid_to_side_loudness": -10.102144241333008,
      "mid_to_side_loudness_range": 12.743557929992676,
      "side_mean": -53.12255096435547
    },
    {
      "high_freq": 12199.2666015625,
      "loudness": -45.58195495605469,
      "loudness_range": 26.739622116088867,
      "low_freq": 7314.1640625,
      "mid_mean": -43.17889404296875,
      "mid_to_side_loudness": -11.549921035766602,
      "mid_to_side_loudness_range": 12.882570266723633,
      "side_mean": -56.891475677490234
    },
    {
      "loudness": -55.11409378051758,
      "loudness_range": 33.44438934326172,
      "low_freq": 12199.2666015625,
      "mid_mean": -52.219486236572266,
      "mid_to_side_loudness": -9.246102333068848,
      "mid_to_side_loudness_range": 9.20304012298584,
      "side_mean": -60.244895935058594
    }
  ],
  "bands_short": [
    {
      "high_freq": 148.1999969482422,
      "loudness": -28.069355010986328,
      "loudness_range": 18.435110092163086,
      "mid_mean": -24.62127113342285,
      "mid_to_side_loudness": -16.87778663635254,
      "mid_to_side_loudness_range": 20.45073127746582,
      "side_mean": -41.591453552246094
    },
    {
      "high_freq": 392.3793640136719,
      "loudness": -24.490541458129883,
      "loudness_range": 17.372909545898438,
      "low_freq": 148.1999969482422,
      "mid_mean": -21.51458740234375,
      "mid_to_side_loudness": -9.673768997192383,
      "mid_to_side_loudness_range": 13.40455436706543,
      "side_mean": -31.087257385253906
    },
    {
      "high_freq": 794.6976318359375,
      "loudness": -25.172260284423828,
      "loudness_range": 15.449529647827148,
      "low_freq": 392.3793640136719,
      "mid_mean": -21.935890197753906,
      "mid_to_side_loudness": -11.661240577697754,
      "mid_to_side_loudness_range": 13.141884803771973,
      "side_mean": -33.8334846496582
    },
    {
      "high_freq": 1457.5709228515625,
      "loudness": -32.774986267089844,
      "loudness_range": 22.301889419555664,
      "low_freq": 794.6976318359375,
      "mid_mean": -29.845691680908203,
      "mid_to_side_loudness": -9.344707489013672,
      "mid_to_side_loudness_range": 14.189525604248047,
      "side_mean": -39.54412841796875
    },
    {
      "high_freq": 2549.74365234375,
      "loudness": -34.4654541015625,
      "loudness_range": 23.770166397094727,
      "low_freq": 1457.5709228515625,
      "mid_mean": -31.593751907348633,
      "mid_to_side_loudness": -8.68087387084961,
      "mid_to_side_loudness_range": 13.108846664428711,
      "side_mean": -40.72245407104492
    },
    {
      "high_freq": 4349.24462890625,
      "loudness": -37.999847412109375,
      "loudness_range": 25.4617919921875,
      "low_freq": 2549.74365234375,
      "mid_mean": -35.355499267578125,
      "mid_to_side_loudness": -7.594242095947266,
      "mid_to_side_loudness_range": 12.576784133911133,
      "side_mean": -43.66007995605469
    },
    {
      "high_freq": 7314.1640625,
      "loudness": -44.889488220214844,
      "loudness_range": 27.44120979309082,
      "low_freq": 4349.24462890625,
      "mid_mean": -42.42229461669922,
      "mid_to_side_loudness": -8.873003959655762,
      "mid_to_side_loudness_range": 13.655585289001465,
      "side_mean": -53.48432540893555
    },
    {
      "high_freq": 12199.2666015625,
      "loudness": -48.154239654541016,
      "loudness_range": 30.518112182617188,
      "low_freq": 7314.1640625,
      "mid_mean": -48.69745635986328,
      "mid_to_side_loudness": -9.715842247009277,
      "mid_to_side_loudness_range": 13.740610122680664,
      "side_mean": -57.89189910888672
    },
    {
      "loudness": -59.9034538269043,
      "loudness_range": 31.893741607666016,
      "low_freq": 12199.2666015625,
      "mid_mean": -56.30720520019531,
      "mid_to_side_loudness": -7.504929065704346,
      "mid_to_side_loudness_range": 9.569564819335938,
      "side_mean": -62.37944793701172
    }
  ],
  "channels": 2,
  "covariance": [
    [
      31.41572380065918,
      22.7955322265625,
      15.730055809020996,
      16.08579444885254,
      7.9480462074279785,
      10.298894882202148,
      13.820544242858887,
      14.195049285888672,
      18.35187530517578,
      17.80685806274414,
      21.720474243164062,
      20.50640296936035,
      24.613525390625,
      29.188308715820312,
      25.298795700073242,
      28.059728622436523,
      33.75857162475586,
      25.027658462524414
    ],
    [
      22.7955322265625,
      38.48865509033203,
      17.08573341369629,
      19.348949432373047,
      10.330674171447754,
      12.549148559570312,
      17.10289764404297,
      17.85207176208496,
      22.193424224853516,
      22.27194595336914,
      24.89374351501465,
      25.218847274780273,
      25.743410110473633,
      34.870506286621094,
      24.726974487304688,
      31.409521102905273,
      34.31697082519531,
      25.745513916015625
    ],
    [
      15.730055809020996,
      17.08573341369629,
      35.659114837646484,
      28.6999454498291,
      16.408329010009766,
      17.857576370239258,
      25.97168731689453,
      24.235279083251953,
      27.0153865814209,
      25.40414047241211,
      27.2491397857666,
      25.03607940673828,
      27.587650299072266,
      34.43614959716797,
      28.24603271484375,
      33.12806701660156,
      37.2397346496582,
      25.642383575439453
    ],
    [
      16.08579444885254,
      19.348949432373047,
      28.6999454498291,
      37.08849334716797,
      14.819499015808105,
      19.205045700073242,
      24.012462615966797,
      24.822853088378906,
      26.327877044677734,
      27.411930084228516,
      26.825899124145508,
      27.478622436523438,
      25.463905334472656,
      35.391868591308594,
      24.124267578125,
      31.076948165893555,
      32.50604248046875,
      23.147174835205078
    ],
    [
      7.9480462074279785,
      10.330674171447754,
      16.408329010009766,
      14.819499015808105,
      31.601459503173828,
      24.839527130126953,
      30.088993072509766,
      26.753334045410156,
      27.016077041625977,
      24.771547317504883,
      25.046449661254883,
      23.660961151123047,
      21.390825271606445,
      27.149370193481445,
      20.694448471069336,
      24.98961639404297,
      27.424009323120117,
      18.320148468017578
    ],
    [
      10.298894882202148,
      12.549148559570312,
      17.857576370239258,
      19.205045700073242,
      24.839527130126953,
      31.869707107543945,
      27.877796173095703,
      29.783063888549805,
      25.92133903503418,
      28.105504989624023,
      23.15434455871582,
      25.374107360839844,
      19.814197540283203,
      30.72005844116211,
      17.426464080810547,
      24.93894386291504,
      24.923261642456055,
      17.025815963745117
    ],
    [
      13.820544242858887,
      17.10289764404297,
      25.97168731689453,
      24.012462615966797,
      30.088993072509766,
      27.877796173095703,
      57.950321197509766,
      47.03401184082031,
      46.16008758544922,
      42.46416473388672,
      45.39055633544922,
      43.667930603027344,
      40.6663818359375,
      44.98646926879883,
      37.333518981933594,
      40.09075164794922,
      43.85305404663086,
      29.675081253051758
    ],
    [
      14.195049285888672,
      17.85207176208496,
      24.235279083251953,
      24.822853088378906,
      26.753334045410156,
      29.783063888549805,
      47.03401184082031,
      54.13207244873047,
      39.180389404296875,
      43.28572082519531,
      36.963199615478516,
      41.51639938354492,
      31.879535675048828,
      43.91119384765625,
      26.597139358520508,
      34.99455261230469,
      35.069400787353516,
      24.119792938232422
    ],
    [
      18.35187530517578,
      22.193424224853516,
      27.0153865814209,
      26.327877044677734,
      27.016077041625977,
      25.92133903503418,
      46.16008758544922,
      39.180389404296875,
      63.75807189941406,
      52.83944320678711,
      59.61452102661133,
      54.96858215332031,
      56.03656768798828,
      57.77238464355469,
      54.51174545288086,
      54.58855438232422,
      60.11252212524414,
      42.46962356567383
    ],
    [
      17.80685806274414,
      22.27194595336914,
      25.40414047241211,
      27.411930084228516,
      24.771547317504883,
      28.105504989624023,
      42.46416473388672,
      43.28572082519531,
      52.83944320678711,
      58.46788024902344,
      48.975284576416016,
      52.41291427612305,
      45.0046501159668,
      55.2652473449707,
      40.105072021484375,
      46.792442321777344,
      47.62235641479492,
      33.91199493408203
    ],
    [
      21.720474243164062,
      24.89374351501465,
      27.2491397857666,
      26.825899124145508,
      25.046449661254883,
      23.15434455871582,
      45.39055633544922,
      36.963199615478516,
      59.61452102661133,
      48.975284576416016,
      76.169677734375,
      63.164268493652344,
      69.62316131591797,
      62.86640167236328,
      68.67715454101562,
      62.98299026489258,
      71.77658081054688,
      51.63352966308594
    ],
    [
      20.50640296936035,
      25.218847274780273,
      25.03607940673828,
      27.478622436523438,
      23.660961151123047,
      25.374107360839844,
      43.667930603027344,
      41.51639938354492,
      54.96858215332031,
      52.41291427612305,
      63.164268493652344,
      67.0177230834961,
      56.50033950805664,
      60.65481185913086,
      52.504940032958984,
      54.60854721069336,
      56.68156814575195,
      41.50714874267578
    ],
    [
      24.613525390625,
      25.743410110473633,
      27.587650299072266,
      25.463905334472656,
      21.390825271606445,
      19.814197540283203,
      40.6663818359375,
      31.879535675048828,
      56.03656768798828,
      45.0046501159668,
      69.62316131591797,
      56.50033950805664,
      84.96638488769531,
      66.64679718017578,
      81.83924102783203,
      68.93634796142578,
      82.66477966308594,
      59.750328063964844
    ],
    [
      29.188308715820312,
      34.870506286621094,
      34.43614959716797,
      35.391868591308594,
      27.149370193481445,
      30.72005844116211,
      44.98646926879883,
      43.91119384765625,
      57.77238464355469,
      55.2652473449707,
      62.86640167236328,
      60.65481185913086,
      66.64679718017578,
      83.1512680053711,
      62.16183090209961,
      73.24156951904297,
      81.07125854492188,
      56.4017448425293
    ],
    [
      25.298795700073242,
      24.726974487304688,
      28.24603271484375,
      24.124267578125,
      20.694448471069336,
      17.426464080810547,
      37.333518981933594,
      26.597139358520508,
      54.51174545288086,
      40.105072021484375,
      68.67715454101562,
      52.504940032958984,
      81.83924102783203,
      62.16183090209961,
      103.75741577148438,
      77.22116088867188,
      97.1489028930664,
      70.58881378173828
    ],
    [
      28.059728622436523,
      31.409521102905273,
      33.12806701660156,
      31.076948165893555,
      24.98961639404297,
      24.93894386291504,
      40.09075164794922,
      34.99455261230469,
      54.58855438232422,
      46.792442321777344,
      62.98299026489258,
      54.60854721069336,
      68.93634796142578,
      73.24156951904297,
      77.22116088867188,
      77.75978088378906,
      89.00349426269531,
      63.66709518432617
    ],
    [
      33.75857162475586,
      34.31697082519531,
      37.2397346496582,
      32.50604248046875,
      27.424009323120117,
      24.923261642456055,
      43.85305404663086,
      35.069400787353516,
      60.11252212524414,
      47.62235641479492,
      71.77658081054688,
      56.68156814575195,
      82.66477966308594,
      81.07125854492188,
      97.1489028930664,
      89.00349426269531,
      120.7257080078125,
      82.90028381347656
    ],
    [
      25.027658462524414,
      25.745513916015625,
      25.642383575439453,
      23.147174835205078,
      18.320148468017578,
      17.025815963745117,
      29.675081253051758,
      24.119792938232422,
      42.46962356567383,
      33.91199493408203,
      51.63352966308594,
      41.50714874267578,
      59.750328063964844,
      56.4017448425293,
      70.58881378173828,
      63.66709518432617,
      82.90028381347656,
      61.38617706298828
    ]
  ],
  "covariance_short": [
    [
      43.241485595703125,
      22.91703987121582,
      20.311330795288086,
      17.086387634277344,
      7.692999362945557,
      8.676421165466309,
      13.717251777648926,
      12.154756546020508,
      17.50187110900879,
      15.84396743774414,
      20.743106842041016,
      17.877941131591797,
      24.367122650146484,
      26.48256492614746,
      33.946998596191406,
      26.090164184570312,
      28.818225860595703,
      21.380094528198242
    ],
    [
      22.91703987121582,
      50.43116760253906,
      19.70911407470703,
      21.54023551940918,
      9.861681938171387,
      12.638091087341309,
      16.95325469970703,
      16.96608543395996,
      21.273513793945312,
      21.266075134277344,
      24.542448043823242,
      24.4991455078125,
      25.56024169921875,
      33.580745697021484,
      35.909427642822266,
      29.32159423828125,
      24.577312469482422,
      18.576574325561523
    ],
    [
      20.311330795288086,
      19.70911407470703,
      41.22895050048828,
      29.251501083374023,
      18.062902450561523,
      16.663978576660156,
      27.456737518310547,
      22.28493881225586,
      28.822154998779297,
      24.077775955200195,
      29.731971740722656,
      24.71146583557129,
      31.960973739624023,
      36.18738555908203,
      50.76610565185547,
      35.106773376464844,
      35.59767532348633,
      24.05076026916504
    ],
    [
      17.086387634277344,
      21.54023551940918,
      29.251501083374023,
      43.376216888427734,
      16.089197158813477,
      21.066150665283203,
      24.059282302856445,
      24.83757972717285,
      28.344512939453125,
      28.104476928710938,
      27.875659942626953,
      28.228988647460938,
      27.45718765258789,
      37.22091293334961,
      43.3123893737793,
      31.792665481567383,
      26.567859649658203,
      18.747051239013672
    ],
    [
      7.692999362945557,
      9.861681938171387,
      18.062902450561523,
      16.089197158813477,
      35.35832595825195,
      24.12579917907715,
      31.642913818359375,
      25.943492889404297,
      29.430768966674805,
      24.903839111328125,
      26.898643493652344,
      23.007816314697266,
      24.151769638061523,
      28.674938201904297,
      37.14326858520508,
      25.633560180664062,
      23.334178924560547,
      15.540903091430664
    ],
    [
      8.676421165466309,
      12.638091087341309,
      16.663978576660156,
      21.066150665283203,
      24.12579917907715,
      36.12236022949219,
      26.646974563598633,
      29.462854385375977,
      26.630094528198242,
      28.65900993347168,
      23.109127044677734,
      25.5087890625,
      19.956560134887695,
      31.22982406616211,
      32.05104064941406,
      23.737390518188477,
      17.566722869873047,
      12.139280319213867
    ],
    [
      13.717251777648926,
      16.95325469970703,
      27.456737518310547,
      24.059282302856445,
      31.642913818359375,
      26.646974563598633,
      65.05964660644531,
      46.897491455078125,
      50.90494918823242,
      43.74009323120117,
      48.97848892211914,
      44.597591400146484,
      46.02626037597656,
      47.52056121826172,
      60.481040954589844,
      42.397377014160156,
      40.15056228637695,
      26.590436935424805
    ],
    [
      12.154756546020508,
      16.96608543395996,
      22.28493881225586,
      24.83757972717285,
      25.943492889404297,
      29.462854385375977,
      46.897491455078125,
      58.16713333129883,
      40.614288330078125,
      43.02749252319336,
      37.766029357910156,
      42.0705680847168,
      33.079166412353516,
      44.52554702758789,
      46.134952545166016,
      34.79513931274414,
      27.197765350341797,
      18.525917053222656
    ],
    [
      17.50187110900879,
      21.273513793945312,
      28.822154998779297,
      28.344512939453125,
      29.430768966674805,
      26.630094528198242,
      50.90494918823242,
      40.614288330078125,
      72.20413208007812,
      55.20613098144531,
      65.20409393310547,
      56.82096862792969,
      63.820770263671875,
      61.26601791381836,
      80.78633117675781,
      57.8282470703125,
      55.53970718383789,
      38.14196014404297
    ],
    [
      15.84396743774414,
      21.266075134277344,
      24.077775955200195,
      28.104476928710938,
      24.903839111328125,
      28.65900993347168,
      43.74009323120117,
      43.02749252319336,
      55.20613098144531,
      63.483489990234375,
      51.225589752197266,
      53.770469665527344,
      47.85173797607422,
      56.34211349487305,
      61.409236907958984,
      46.907188415527344,
      38.046566009521484,
      26.89272117614746
    ],
    [
      20.743106842041016,
      24.542448043823242,
      29.731971740722656,
      27.875659942626953,
      26.898643493652344,
      23.109127044677734,
      48.97848892211914,
      37.766029357910156,
      65.20409393310547,
      51.225589752197266,
      85.1109619140625,
      65.90652465820312,
      79.37359619140625,
      66.45121002197266,
      92.20186614990234,
      66.86382293701172,
      67.48686218261719,
      47.0053825378418
    ],
    [
      17.877941131591797,
      24.4991455078125,
      24.71146583557129,
      28.228988647460938,
      23.007816314697266,
      25.5087890625,
      44.597591400146484,
      42.0705680847168,
      56.82096862792969,
      53.770469665527344,
      65.90652465820312,
      71.55858612060547,
      60.11849594116211,
      62.822628021240234,
      70.95223236083984,
      55.540130615234375,
      46.14385986328125,
      33.47846603393555
    ],
    [
      24.367122650146484,
      25.56024169921875,
      31.960973739624023,
      27.45718765258789,
      24.151769638061523,
      19.956560134887695,
      46.02626037597656,
      33.079166412353516,
      63.820770263671875,
      47.85173797607422,
      79.37359619140625,
      60.11849594116211,
      99.97943115234375,
      72.34828186035156,
      107.48812103271484,
      75.85966491699219,
      83.9964599609375,
      57.659088134765625
    ],
    [
      26.48256492614746,
      33.580745697021484,
      36.18738555908203,
      37.22091293334961,
      28.674938201904297,
      31.22982406616211,
      47.52056121826172,
      44.52554702758789,
      61.26601791381836,
      56.34211349487305,
      66.45121002197266,
      62.822628021240234,
      72.34828186035156,
      86.27816009521484,
      95.86026763916016,
      73.86776733398438,
      67.6256332397461,
      46.90898513793945
    ],
    [
      33.946998596191406,
      35.909427642822266,
      50.76610565185547,
      43.3123893737793,
      37.14326858520508,
      32.05104064941406,
      60.481040954589844,
      46.134952545166016,
      80.78633117675781,
      61.409236907958984,
      92.20186614990234,
      70.95223236083984,
      107.48812103271484,
      95.86026763916016,
      161.02243041992188,
      105.44084167480469,
      119.58589935302734,
      78.91356658935547
    ],
    [
      26.090164184570312,
      29.32159423828125,
      35.106773376464844,
      31.792665481567383,
      25.633560180664062,
      23.737390518188477,
      42.397377014160156,
      34.79513931274414,
      57.8282470703125,
      46.907188415527344,
      66.86382293701172,
      55.540130615234375,
      75.85966491699219,
      73.86776733398438,
      105.44084167480469,
      79.22278594970703,
      79.96636199951172,
      56.226112365722656
    ],
    [
      28.818225860595703,
      24.577312469482422,
      35.59767532348633,
      26.567859649658203,
      23.334178924560547,
      17.566722869873047,
      40.15056228637695,
      27.197765350341797,
      55.53970718383789,
      38.046566009521484,
      67.48686218261719,
      46.14385986328125,
      83.9964599609375,
      67.6256332397461,
      119.58589935302734,
      79.96636199951172,
      111.58805084228516,
      73.882080078125
    ],
    [
      21.380094528198242,
      18.576574325561523,
      24.05076026916504,
      18.747051239013672,
      15.540903091430664,
      12.139280319213867,
      26.590436935424805,
      18.525917053222656,
      38.14196014404297,
      26.89272117614746,
      47.0053825378418,
      33.47846603393555,
      57.659088134765625,
      46.90898513793945,
      78.91356658935547,
      56.226112365722656,
      73.882080078125,
      53.28837585449219
    ]
  ],
  "drr": 8.64415454864502,
  "dynamics": 4.070518493652344,
  "format": 1245190,
  "frames": 11454464,
  "loudness": -14.918505668640137,
  "loudness_range": 12.023064613342285,
  "loudness_range_short": 14.098529815673828,
  "peak": 0.17050378024578094,
  "rms": -16.038345336914062,
  "sample_rate": 44100,
  "sections": 1,
  "seekable": 1,
  "sharpness": 2.406740665435791,
  "space": -11.080077171325684
}