{
  "bands": [
    {
      "high_freq": 148.1999969482422,
      "loudness": -47.70235824584961,
      "loudness_range": 27.452919006347656,
      "mid_mean": -46.77104187011719,
      "mid_to_side_loudness": -1.5114364624023438,
      "mid_to_side_loudness_range": 8.656270027160645,
      "side_mean": -47.52509307861328
    },
    {
      "high_freq": 392.3793640136719,
      "loudness": -41.528873443603516,
      "loudness_range": 14.281318664550781,
      "low_freq": 148.1999969482422,
      "mid_mean": -41.9215087890625,
      "mid_to_side_loudness": 1.3954375982284546,
      "mid_to_side_loudness_range": 7.355320453643799,
      "side_mean": -40.36842727661133
    },
    {
      "high_freq": 794.6976318359375,
      "loudness": -41.8867301940918,
      "loudness_range": 13.107372283935547,
      "low_freq": 392.3793640136719,
      "mid_mean": -41.54209899902344,
      "mid_to_side_loudness": 0.1978132128715515,
      "mid_to_side_loudness_range": 7.322221279144287,
      "side_mean": -41.26639938354492
    },
    {
      "high_freq": 1457.5709228515625,
      "loudness": -46.300533294677734,
      "loudness_range": 13.455062866210938,
      "low_freq": 794.6976318359375,
      "mid_mean": -46.0021858215332,
      "mid_to_side_loudness": 0.38117918372154236,
      "mid_to_side_loudness_range": 5.162869453430176,
      "side_mean": -45.61617660522461
    },
    {
      "high_freq": 2549.74365234375,
      "loudness": -44.848365783691406,
      "loudness_range": 14.533451080322266,
      "low_freq": 1457.5709228515625,
      "mid_mean": -44.679832458496094,
      "mid_to_side_loudness": 0.5262269973754883,
      "mid_to_side_loudness_range": 4.107163906097412,
      "side_mean": -44.062686920166016
    },
    {
      "high_freq": 4349.24462890625,
      "loudness": -49.74738693237305,
      "loudness_range": 19.41202163696289,
      "low_freq": 2549.74365234375,
      "mid_mean": -50.601966857910156,
      "mid_to_side_loudness": 0.4842739999294281,
      "mid_to_side_loudness_range": 3.3923540115356445,
      "side_mean": -50.11737823486328
    },
    {
      "high_freq": 7314.1640625,
      "loudness": -62.510765075683594,
      "loudness_range": 22.024662017822266,
      "low_freq": 4349.24462890625,
      "mid_mean": -61.252498626708984,
      "mid_to_side_loudness": 0.18161441385746002,
      "mid_to_side_loudness_range": 2.9980359077453613,
      "side_mean": -61.078861236572266
    },
    {
      "high_freq": 12199.2666015625,
      "loudness": -71.7332763671875,
      "loudness_range": 19.732582092285156,
      "low_freq": 7314.1640625,
      "mid_mean": -66.80777740478516,
      "mid_to_side_loudness": -0.012920054607093334,
      "mid_to_side_loudness_range": 1.6822352409362793,
      "side_mean": -66.80803680419922
    },
    {
      "loudness": -77.88941192626953,
      "loudness_range": 18.286758422851562,
      "low_freq": 12199.2666015625,
      "mid_mean": -68.96038055419922,
      "mid_to_side_loudness": -0.009088203310966492,
      "mid_to_side_loudness_range": 1.2335599660873413,
      "side_mean": -68.9665756225586
    }
  ],
  "bands_short": [
    {
      "high_freq": 148.1999969482422,
      "loudness": -53.11219787597656,
      "loudness_range": 28.96685791015625,
      "mid_mean": -51.496337890625,
      "mid_to_side_loudness": -2.659555673599243,
      "mid_to_side_loudness_range": 11.920310020446777,
      "side_mean": -53.56964874267578
    },
    {
      "high_freq": 392.3793640136719,
      "loudness": -41.977787017822266,
      "loudness_range": 17.31336212158203,
      "low_freq": 148.1999969482422,
      "mid_mean": -42.117156982421875,
      "mid_to_side_loudness": 0.7431705594062805,
      "mid_to_side_loudness_range": 9.939444541931152,
      "side_mean": -41.249507904052734
    },
    {
      "high_freq": 794.6976318359375,
      "loudness": -42.496253967285156,
      "loudness_range": 15.62728500366211,
      "low_freq": 392.3793640136719,
      "mid_mean": -42.522605895996094,
      "mid_to_side_loudness": 0.5490004420280457,
      "mid_to_side_loudness_range": 10.629521369934082,
      "side_mean": -41.89675521850586
    },
    {
      "high_freq": 1457.5709228515625,
      "loudness": -47.208251953125,
      "loudness_range": 17.729015350341797,
      "low_freq": 794.6976318359375,
      "mid_mean": -47.215335845947266,
      "mid_to_side_loudness": 0.43513184785842896,
      "mid_to_side_loudness_range": 8.066601753234863,
      "side_mean": -46.71009063720703
    },
    {
      "high_freq": 2549.74365234375,
      "loudness": -46.868709564208984,
      "loudness_range": 20.769744873046875,
      "low_freq": 1457.5709228515625,
      "mid_mean": -47.00689697265625,
      "mid_to_side_loudness": 0.5363314747810364,
      "mid_to_side_loudness_range": 6.3625898361206055,
      "side_mean": -46.33101272583008
    },
    {
      "high_freq": 4349.24462890625,
      "loudness": -52.00355529785156,
      "loudness_range": 25.328617095947266,
      "low_freq": 2549.74365234375,
      "mid_mean": -52.98420715332031,
      "mid_to_side_loudness": 0.29183417558670044,
      "mid_to_side_loudness_range": 5.275779724121094,
      "side_mean": -52.69706726074219
    },
    {
      "high_freq": 7314.1640625,
      "loudness": -64.40177917480469,
      "loudness_range": 25.49951934814453,
      "low_freq": 4349.24462890625,
      "mid_mean": -62.9745979309082,
      "mid_to_side_loudness": 0.16852697730064392,
      "mid_to_side_loudness_range": 4.370943546295166,
      "side_mean": -62.839508056640625
    },
    {
      "high_freq": 12199.2666015625,
      "loudness": -72.39812469482422,
      "loudness_range": 22.384254455566406,
      "low_freq": 7314.1640625,
      "mid_mean": -67.50010681152344,
      "mid_to_side_loudness": 0.01638668216764927,
      "mid_to_side_loudness_range": 2.6109228134155273,
      "side_mean": -67.4922866821289
    },
    {
      "loudness": -77.24292755126953,
      "loudness_range": 19.454185485839844,
      "low_freq": 12199.2666015625,
      "mid_mean": -69.1762924194336,
      "mid_to_side_loudness": 0.05778889358043671,
      "mid_to_side_loudness_range": 2.788623094558716,
      "side_mean": -69.18032836914062
    }
  ],
  "channels": 2,
  "covariance": [
    [
      75.36210632324219,
      72.328857421875,
      17.918283462524414,
      17.32989501953125,
      2.286787271499634,
      3.3233869075775146,
      -0.2393142729997635,
      1.5575066804885864,
      -0.3647850751876831,
      0.08159512281417847,
      12.62903881072998,
      12.615653991699219,
      5.491163730621338,
      5.13210916519165,
      1.581316590309143,
      1.7092536687850952,
      1.1157125234603882,
      1.0722464323043823
    ],
    [
      72.328857421875,
      81.2262954711914,
      17.973268508911133,
      16.184661865234375,
      2.017866849899292,
      2.4032387733459473,
      -0.6477003693580627,
      0.8515713810920715,
      -0.2950957417488098,
      -0.07541477680206299,
      13.467395782470703,
      13.504839897155762,
      5.934935569763184,
      5.734985828399658,
      2.2897274494171143,
      2.3220365047454834,
      1.419655203819275,
      1.3770051002502441
    ],
    [
      17.918283462524414,
      17.973268508911133,
      31.836956024169922,
      25.0109920501709,
      8.112666130065918,
      11.36288833618164,
      9.54784870147705,
      10.474315643310547,
      7.853880882263184,
      8.90118408203125,
      12.494682312011719,
      11.854108810424805,
      5.99468469619751,
      6.486359596252441,
      2.4354405403137207,
      2.4613912105560303,
      1.0975847244262695,
      1.0700796842575073
    ],
    [
      17.32989501953125,
      16.184661865234375,
      25.0109920501709,
      27.384666442871094,
      8.243355751037598,
      11.07700252532959,
      9.280131340026855,
      10.624343872070312,
      6.986857891082764,
      8.149652481079102,
      9.6094331741333,
      9.218568801879883,
      3.2645373344421387,
      3.652324676513672,
      0.4966519773006439,
      0.5497331023216248,
      -0.008811128325760365,
      0.0037846523337066174
    ],
    [
      2.286787271499634,
      2.017866849899292,
      8.112666130065918,
      8.243355751037598,
      25.465837478637695,
      20.063940048217773,
      18.948827743530273,
      19.180051803588867,
      16.61815071105957,
      17.127906799316406,
      20.551841735839844,
      21.235143661499023,
      13.118694305419922,
      13.012879371643066,
      5.498018264770508,
      5.57872200012207,
      1.5283013582229614,
      1.5249775648117065
    ],
    [
      3.3233869075775146,
      2.4032387733459473,
      11.36288833618164,
      11.07700252532959,
      20.063940048217773,
      21.986236572265625,
      17.741783142089844,
      18.371747970581055,
      14.949483871459961,
      15.632035255432129,
      18.22913932800293,
      18.47659683227539,
      10.926518440246582,
      10.92635726928711,
      4.432720184326172,
      4.4667463302612305,
      1.2437021732330322,
      1.251199722290039
    ],
    [
      -0.2393142729997635,
      -0.6477003693580627,
      9.54784870147705,
      9.280131340026855,
      18.948827743530273,
      17.741783142089844,
      29.789791107177734,
      27.0716552734375,
      23.61332130432129,
      23.918371200561523,
      30.310415267944336,
      31.202865600585938,
      20.295364379882812,
      20.567028045654297,
      9.39401626586914,
      9.462775230407715,
      3.3813488483428955,
      3.391117811203003
    ],
    [
      1.5575066804885864,
      0.8515713810920715,
      10.474315643310547,
      10.624343872070312,
      19.180051803588867,
      18.371747970581055,
      27.0716552734375,
      28.352954864501953,
      22.4367733001709,
      23.0297908782959,
      28.353900909423828,
      28.817298889160156,
      17.86080551147461,
      18.113140106201172,
      7.797321796417236,
      7.850423812866211,
      2.635978937149048,
      2.661755323410034
    ],
    [
      -0.3647850751876831,
      -0.2950957417488098,
      7.853880882263184,
      6.986857891082764,
      16.61815071105957,
      14.949483871459961,
      23.61332130432129,
      22.4367733001709,
      33.75994873046875,
      32.415748596191406,
      35.019439697265625,
      35.91434860229492,
      25.018272399902344,
      25.690235137939453,
      11.440046310424805,
      11.44624137878418,
      4.312188148498535,
      4.294142246246338
    ],
    [
      0.08159512281417847,
      -0.07541477680206299,
      8.90118408203125,
      8.149652481079102,
      17.127906799316406,
      15.632035255432129,
      23.918371200561523,
      23.0297908782959,
      32.415748596191406,
      34.19643783569336,
      34.665191650390625,
      35.65385437011719,
      24.63345718383789,
      25.26858901977539,
      11.269023895263672,
      11.24649429321289,
      4.104333400726318,
      4.091723442077637
    ],
    [
      12.62903881072998,
      13.467395782470703,
      12.494682312011719,
      9.6094331741333,
      20.551841735839844,
      18.22913932800293,
      30.310415267944336,
      28.353900909423828,
      35.019439697265625,
      34.665191650390625,
      66.90383911132812,
      67.91666412353516,
      43.72591018676758,
      44.5142822265625,
      20.592041015625,
      20.5969295501709,
      8.110008239746094,
      8.070828437805176
    ],
    [
      12.615653991699219,
      13.504839897155762,
      11.854108810424805,
      9.218568801879883,
      21.235143661499023,
      18.47659683227539,
      31.202865600585938,
      28.817298889160156,
      35.91434860229492,
      35.65385437011719,
      67.91666412353516,
      70.32492065429688,
      44.57928466796875,
      45.426353454589844,
      20.981992721557617,
      20.97355079650879,
      8.142212867736816,
      8.106127738952637
    ],
    [
      5.491163730621338,
      5.934935569763184,
      5.99468469619751,
      3.2645373344421387,
      13.118694305419922,
      10.926518440246582,
      20.295364379882812,
      17.86080551147461,
      25.018272399902344,
      24.63345718383789,
      43.72591018676758,
      44.57928466796875,
      35.827640533447266,
      36.18888854980469,
      17.586048126220703,
      17.594913482666016,
      7.598201751708984,
      7.52754545211792
    ],
    [
      5.13210916519165,
      5.734985828399658,
      6.486359596252441,
      3.652324676513672,
      13.012879371643066,
      10.92635726928711,
      20.567028045654297,
      18.113140106201172,
      25.690235137939453,
      25.26858901977539,
      44.5142822265625,
      45.426353454589844,
      36.18888854980469,
      37.32344436645508,
      17.838176727294922,
      17.832256317138672,
      7.6737213134765625,
      7.604516506195068
    ],
    [
      1.581316590309143,
      2.2897274494171143,
      2.4354405403137207,
      0.4966519773006439,
      5.498018264770508,
      4.432720184326172,
      9.39401626586914,
      7.797321796417236,
      11.440046310424805,
      11.269023895263672,
      20.592041015625,
      20.981992721557617,
      17.586048126220703,
      17.838176727294922,
      10.348532676696777,
      10.247671127319336,
      4.68318510055542,
      4.635234832763672
    ],
    [
      1.7092536687850952,
      2.3220365047454834,
      2.4613912105560303,
      0.5497331023216248,
      5.57872200012207,
      4.4667463302612305,
      9.462775230407715,
      7.850423812866211,
      11.44624137878418,
      11.24649429321289,
      20.5969295501709,
      20.97355079650879,
      17.594913482666016,
      17.832256317138672,
      10.247671127319336,
      10.28665542602539,
      4.662757873535156,
      4.618203163146973
    ],
    [
      1.1157125234603882,
      1.419655203819275,
      1.0975847244262695,
      -0.008811128325760365,
      1.5283013582229614,
      1.2437021732330322,
      3.3813488483428955,
      2.635978937149048,
      4.312188148498535,
      4.104333400726318,
      8.110008239746094,
      8.142212867736816,
      7.598201751708984,
      7.6737213134765625,
      4.68318510055542,
      4.662757873535156,
      2.6601133346557617,
      2.6224617958068848
    ],
    [
      1.0722464323043823,
      1.3770051002502441,
      1.0700796842575073,
      0.0037846523337066174,
      1.5249775648117065,
      1.251199722290039,
      3.391117811203003,
      2.661755323410034,
      4.294142246246338,
      4.091723442077637,
      8.070828437805176,
      8.106127738952637,
      7.52754545211792,
      7.604516506195068,
      4.635234832763672,
      4.618203163146973,
      2.6224617958068848,
      2.6013543605804443
    ]
  ],
  "covariance_short": [
    [
      86.58023834228516,
      84.18389892578125,
      19.223827362060547,
      16.63139533996582,
      5.90295934677124,
      7.231438636779785,
      4.518543720245361,
      5.488457202911377,
      4.224252700805664,
      4.485825061798096,
      12.812284469604492,
      13.272710800170898,
      6.431480407714844,
      6.185194969177246,
      2.076047658920288,
      2.1368799209594727,
      0.8843396306037903,
      0.8603010177612305
    ],
    [
      84.18389892578125,
      93.24618530273438,
      22.542724609375,
      19.59816551208496,
      5.248296737670898,
      6.9994730949401855,
      4.229292392730713,
      5.1981000900268555,
      3.603243589401245,
      3.9805898666381836,
      15.614765167236328,
      16.041189193725586,
      8.02038860321045,
      7.891297340393066,
      3.1917357444763184,
      3.2602243423461914,
      1.3809093236923218,
      1.3488779067993164
    ],
    [
      19.223827362060547,
      22.542724609375,
      42.77985382080078,
      36.21458435058594,
      11.539554595947266,
      15.169275283813477,
      15.094386100769043,
      15.575778007507324,
      14.109638214111328,
      14.623212814331055,
      18.623046875,
      18.711490631103516,
      9.728009223937988,
      10.054072380065918,
      4.119093418121338,
      4.150730609893799,
      1.72704017162323,
      1.7016750574111938
    ],
    [
      16.63139533996582,
      19.59816551208496,
      36.21458435058594,
      43.027557373046875,
      12.97477912902832,
      15.695557594299316,
      16.041696548461914,
      16.236616134643555,
      14.378969192504883,
      15.355828285217285,
      17.330982208251953,
      17.449054718017578,
      8.26318359375,
      8.5690279006958,
      3.2257394790649414,
      3.255342960357666,
      1.1441541910171509,
      1.1467353105545044
    ],
    [
      5.90295934677124,
      5.248296737670898,
      11.539554595947266,
      12.97477912902832,
      35.78417205810547,
      27.08401107788086,
      26.774316787719727,
      26.69620704650879,
      27.522567749023438,
      27.34670639038086,
      29.261802673339844,
      30.310062408447266,
      16.30729866027832,
      16.449052810668945,
      6.232407093048096,
      6.273627758026123,
      1.6759896278381348,
      1.6857845783233643
    ],
    [
      7.231438636779785,
      6.9994730949401855,
      15.169275283813477,
      15.695557594299316,
      27.08401107788086,
      33.27705383300781,
      26.064085006713867,
      26.369773864746094,
      26.971599578857422,
      27.369281768798828,
      28.757139205932617,
      29.486034393310547,
      15.814778327941895,
      16.07902717590332,
      5.961818218231201,
      5.96013879776001,
      1.5862326622009277,
      1.5974775552749634
    ],
    [
      4.518543720245361,
      4.229292392730713,
      15.094386100769043,
      16.041696548461914,
      26.774316787719727,
      26.064085006713867,
      46.02465057373047,
      40.47390365600586,
      40.49462890625,
      40.42869567871094,
      47.462345123291016,
      48.93640899658203,
      29.096389770507812,
      29.55430030822754,
      12.708175659179688,
      12.72192096710205,
      4.580738067626953,
      4.581388473510742
    ],
    [
      5.488457202911377,
      5.1981000900268555,
      15.575778007507324,
      16.236616134643555,
      26.69620704650879,
      26.369773864746094,
      40.47390365600586,
      44.27237319946289,
      39.91012191772461,
      40.1431884765625,
      45.33626174926758,
      46.57402420043945,
      27.080707550048828,
      27.537506103515625,
      11.364102363586426,
      11.404548645019531,
      3.9879465103149414,
      4.000845432281494
    ],
    [
      4.224252700805664,
      3.603243589401245,
      14.109638214111328,
      14.378969192504883,
      27.522567749023438,
      26.971599578857422,
      40.49462890625,
      39.91012191772461,
      58.442909240722656,
      55.271453857421875,
      56.11017990112305,
      58.009117126464844,
      36.55152130126953,
      37.41117477416992,
      15.661836624145508,
      15.634422302246094,
      5.606591701507568,
      5.591675281524658
    ],
    [
      4.485825061798096,
      3.9805898666381836,
      14.623212814331055,
      15.355828285217285,
      27.34670639038086,
      27.369281768798828,
      40.42869567871094,
      40.1431884765625,
      55.271453857421875,
      59.31876754760742,
      56.03129196166992,
      58.037593841552734,
      36.65212631225586,
      37.44822311401367,
      15.69173526763916,
      15.662409782409668,
      5.511542320251465,
      5.506336212158203
    ],
    [
      12.812284469604492,
      15.614765167236328,
      18.623046875,
      17.330982208251953,
      29.261802673339844,
      28.757139205932617,
      47.462345123291016,
      45.33626174926758,
      56.11017990112305,
      56.03129196166992,
      86.35962677001953,
      87.34648132324219,
      53.27970886230469,
      54.125579833984375,
      24.15865135192871,
      24.25638771057129,
      9.207267761230469,
      9.161164283752441
    ],
    [
      13.272710800170898,
      16.041189193725586,
      18.711490631103516,
      17.449054718017578,
      30.310062408447266,
      29.486034393310547,
      48.93640899658203,
      46.57402420043945,
      58.009117126464844,
      58.037593841552734,
      87.34648132324219,
      91.38185119628906,
      54.83777618408203,
      55.76218032836914,
      24.83757972717285,
      24.913692474365234,
      9.338461875915527,
      9.298519134521484
    ],
    [
      6.431480407714844,
      8.02038860321045,
      9.728009223937988,
      8.26318359375,
      16.30729866027832,
      15.814778327941895,
      29.096389770507812,
      27.080707550048828,
      36.55152130126953,
      36.65212631225586,
      53.27970886230469,
      54.83777618408203,
      42.696685791015625,
      42.80023193359375,
      20.432531356811523,
      20.499849319458008,
      8.440496444702148,
      8.371735572814941
    ],
    [
      6.185194969177246,
      7.891297340393066,
      10.054072380065918,
      8.5690279006958,
      16.449052810668945,
      16.07902717590332,
      29.55430030822754,
      27.537506103515625,
      37.41117477416992,
      37.44822311401367,
      54.125579833984375,
      55.76218032836914,
      42.80023193359375,
      44.21989822387695,
      20.725160598754883,
      20.781307220458984,
      8.538267135620117,
      8.47109603881836
    ],
    [
      2.076047658920288,
      3.1917357444763184,
      4.119093418121338,
      3.2257394790649414,
      6.232407093048096,
      5.961818218231201,
      12.708175659179688,
      11.364102363586426,
      15.661836624145508,
      15.69173526763916,
      24.15865135192871,
      24.83757972717285,
      20.432531356811523,
      20.725160598754883,
      12.398714065551758,
      12.279314994812012,
      5.451085090637207,
      5.410102367401123
    ],
    [
      2.1368799209594727,
      3.2602243423461914,
      4.150730609893799,
      3.255342960357666,
      6.273627758026123,
      5.96013879776001,
      12.72192096710205,
      11.404548645019531,
      15.634422302246094,
      15.662409782409668,
      24.25638771057129,
      24.913692474365234,
      20.499849319458008,
      20.781307220458984,
      12.279314994812012,
      12.424927711486816,
      5.433110237121582,
      5.390745162963867
    ],
    [
      0.8843396306037903,
      1.3809093236923218,
      1.72704017162323,
      1.1441541910171509,
      1.6759896278381348,
      1.5862326622009277,
      4.580738067626953,
      3.9879465103149414,
      5.606591701507568,
      5.511542320251465,
      9.207267761230469,
      9.338461875915527,
      8.440496444702148,
      8.538267135620117,
      5.451085090637207,
      5.433110237121582,
      3.1590163707733154,
      3.116590976715088
    ],
    [
      0.8603010177612305,
      1.3488779067993164,
      1.7016750574111938,
      1.1467353105545044,
      1.6857845783233643,
      1.5974775552749634,
      4.581388473510742,
      4.000845432281494,
      5.591675281524658,
      5.506336212158203,
      9.161164283752441,
      9.298519134521484,
      8.371735572814941,
      8.47109603881836,
      5.410102367401123,
      5.390745162963867,
      3.116590976715088,
      3.1091468334198
    ]
  ],
  "drr": 11.866085052490234,
  "dynamics": 3.5670220851898193,
  "format": 1245190,
  "frames": 10368960,
  "loudness": -31.758913040161133,
  "loudness_range": 9.328067779541016,
  "loudness_range_short": 13.028484344482422,
  "peak": -13.547548294067383,
  "rms": -33.5614013671875,
  "sample_rate": 44100,
  "sections": 1,
  "seekable": 1,
  "sharpness": 3.2856616973876953,
  "space": 0.2734606862068176
}