{
  "bands": [
    {
      "high_freq": 148.1999969482422,
      "loudness": -40.991458892822266,
      "loudness_range": 26.4982852935791,
      "mid_mean": -38.99039077758789,
      "mid_to_side_loudness": -3.9079205989837646,
      "mid_to_side_loudness_range": 9.32210922241211,
      "side_mean": -43.926124572753906
    },
    {
      "high_freq": 392.3793640136719,
      "loudness": -32.083499908447266,
      "loudness_range": 21.559179306030273,
      "low_freq": 148.1999969482422,
      "mid_mean": -31.25156593322754,
      "mid_to_side_loudness": -0.8912167549133301,
      "mid_to_side_loudness_range": 7.9552531242370605,
      "side_mean": -31.9179744720459
    },
    {
      "high_freq": 794.6976318359375,
      "loudness": -33.41203689575195,
      "loudness_range": 20.718774795532227,
      "low_freq": 392.3793640136719,
      "mid_mean": -32.269229888916016,
      "mid_to_side_loudness": -1.5864689350128174,
      "mid_to_side_loudness_range": 7.952749729156494,
      "side_mean": -33.74201202392578
    },
    {
      "high_freq": 1457.5709228515625,
      "loudness": -36.14034652709961,
      "loudness_range": 25.841045379638672,
      "low_freq": 794.6976318359375,
      "mid_mean": -36.155906677246094,
      "mid_to_side_loudness": 0.4445085823535919,
      "mid_to_side_loudness_range": 7.519627571105957,
      "side_mean": -35.31000900268555
    },
    {
      "high_freq": 2549.74365234375,
      "loudness": -43.59257888793945,
      "loudness_range": 26.01577377319336,
      "low_freq": 1457.5709228515625,
      "mid_mean": -43.46821212768555,
      "mid_to_side_loudness": 0.45998579263687134,
      "mid_to_side_loudness_range": 6.01072883605957,
      "side_mean": -42.99538803100586
    },
    {
      "high_freq": 4349.24462890625,
      "loudness": -49.6922492980957,
      "loudness_range": 30.976478576660156,
      "low_freq": 2549.74365234375,
      "mid_mean": -49.27558135986328,
      "mid_to_side_loudness": 0.4058394134044647,
      "mid_to_side_loudness_range": 5.246891498565674,
      "side_mean": -48.92753601074219
    },
    {
      "high_freq": 7314.1640625,
      "loudness": -52.613670349121094,
      "loudness_range": 26.809284210205078,
      "low_freq": 4349.24462890625,
      "mid_mean": -51.841773986816406,
      "mid_to_side_loudness": 0.06701964139938354,
      "mid_to_side_loudness_range": 1.6994786262512207,
      "side_mean": -51.78202819824219
    },
    {
      "high_freq": 12199.2666015625,
      "loudness": -57.255516052246094,
      "loudness_range": 18.83191680908203,
      "low_freq": 7314.1640625,
      "mid_mean": -56.10692596435547,
      "mid_to_side_loudness": 0.09865808486938477,
      "mid_to_side_loudness_range": 0.8302344083786011,
      "side_mean": -56.01290512084961
    },
    {
      "loudness": -62.02777862548828,
      "loudness_range": 10.14712905883789,
      "low_freq": 12199.2666015625,
      "mid_mean": -60.65616989135742,
      "mid_to_side_loudness": 0.0971040204167366,
      "mid_to_side_loudness_range": 0.620178759098053,
      "side_mean": -60.56805419921875
    }
  ],
  "bands_short": [
    {
      "high_freq": 148.1999969482422,
      "loudness": -46.751461029052734,
      "loudness_range": 26.97357177734375,
      "mid_mean": -45.36873245239258,
      "mid_to_side_loudness": -4.976176738739014,
      "mid_to_side_loudness_range": 15.739588737487793,
      "side_mean": -51.32574462890625
    },
    {
      "high_freq": 392.3793640136719,
      "loudness": -32.15296936035156,
      "loudness_range": 22.696903228759766,
      "low_freq": 148.1999969482422,
      "mid_mean": -31.28717041015625,
      "mid_to_side_loudness": -1.2223438024520874,
      "mid_to_side_loudness_range": 10.186176300048828,
      "side_mean": -32.361637115478516
    },
    {
      "high_freq": 794.6976318359375,
      "loudness": -33.887813568115234,
      "loudness_range": 22.587038040161133,
      "low_freq": 392.3793640136719,
      "mid_mean": -33.045326232910156,
      "mid_to_side_loudness": -1.2472838163375854,
      "mid_to_side_loudness_range": 9.43606948852539,
      "side_mean": -34.13986587524414
    },
    {
      "high_freq": 1457.5709228515625,
      "loudness": -37.209259033203125,
      "loudness_range": 27.3487548828125,
      "low_freq": 794.6976318359375,
      "mid_mean": -37.45985794067383,
      "mid_to_side_loudness": 0.47582101821899414,
      "mid_to_side_loudness_range": 9.225353240966797,
      "side_mean": -36.61708068847656
    },
    {
      "high_freq": 2549.74365234375,
      "loudness": -44.57939910888672,
      "loudness_range": 27.568912506103516,
      "low_freq": 1457.5709228515625,
      "mid_mean": -44.746585845947266,
      "mid_to_side_loudness": 0.41133004426956177,
      "mid_to_side_loudness_range": 7.338079452514648,
      "side_mean": -44.26522445678711
    },
    {
      "high_freq": 4349.24462890625,
      "loudness": -50.1346549987793,
      "loudness_range": 31.284847259521484,
      "low_freq": 2549.74365234375,
      "mid_mean": -49.965328216552734,
      "mid_to_side_loudness": 0.29154735803604126,
      "mid_to_side_loudness_range": 6.318610191345215,
      "side_mean": -49.7323112487793
    },
    {
      "high_freq": 7314.1640625,
      "loudness": -53.480716705322266,
      "loudness_range": 27.25362777709961,
      "low_freq": 4349.24462890625,
      "mid_mean": -52.70623779296875,
      "mid_to_side_loudness": 0.037300240248441696,
      "mid_to_side_loudness_range": 2.772575855255127,
      "side_mean": -52.67375183105469
    },
    {
      "high_freq": 12199.2666015625,
      "loudness": -58.11138153076172,
      "loudness_range": 19.901107788085938,
      "low_freq": 7314.1640625,
      "mid_mean": -56.90559005737305,
      "mid_to_side_loudness": 0.11287064850330353,
      "mid_to_side_loudness_range": 1.7691774368286133,
      "side_mean": -56.80045700073242
    },
    {
      "loudness": -62.42493438720703,
      "loudness_range": 10.303760528564453,
      "low_freq": 12199.2666015625,
      "mid_mean": -61.0106086730957,
      "mid_to_side_loudness": 0.09631342440843582,
      "mid_to_side_loudness_range": 1.4006472826004028,
      "side_mean": -60.92475128173828
    }
  ],
  "channels": 2,
  "covariance": [
    [
      87.17208862304688,
      76.23999786376953,
      46.380409240722656,
      46.58419418334961,
      42.299285888671875,
      42.18927764892578,
      44.91477966308594,
      44.21488571166992,
      46.19375991821289,
      47.43286895751953,
      62.664939880371094,
      62.294776916503906,
      53.120079040527344,
      53.043418884277344,
      36.70228576660156,
      36.95709991455078,
      12.923286437988281,
      13.084900856018066
    ],
    [
      76.23999786376953,
      89.42447662353516,
      48.55406188964844,
      49.400299072265625,
      45.226078033447266,
      44.87345886230469,
      47.28349685668945,
      46.660255432128906,
      49.387298583984375,
      50.37969207763672,
      68.20537567138672,
      67.41761016845703,
      56.663211822509766,
      56.56784439086914,
      38.63124465942383,
      38.897178649902344,
      13.652237892150879,
      13.818967819213867
    ],
    [
      46.380409240722656,
      48.55406188964844,
      59.760833740234375,
      55.56785202026367,
      45.04813766479492,
      44.69446563720703,
      43.777122497558594,
      44.173362731933594,
      42.49311447143555,
      42.08449172973633,
      53.998023986816406,
      52.466835021972656,
      43.98598098754883,
      43.86506271362305,
      30.303125381469727,
      30.53316879272461,
      10.878119468688965,
      11.024368286132812
    ],
    [
      46.58419418334961,
      49.400299072265625,
      55.56785202026367,
      63.08052444458008,
      46.460201263427734,
      47.85888671875,
      46.551048278808594,
      46.76362228393555,
      45.17811965942383,
      44.69574737548828,
      56.33933639526367,
      54.56523895263672,
      46.93610763549805,
      46.79148483276367,
      32.4573860168457,
      32.72776412963867,
      11.754703521728516,
      11.909130096435547
    ],
    [
      42.299285888671875,
      45.226078033447266,
      45.04813766479492,
      46.460201263427734,
      58.03632736206055,
      53.59099578857422,
      49.73630905151367,
      49.12155532836914,
      46.9587516784668,
      49.05434799194336,
      55.70832443237305,
      53.30097198486328,
      44.13816452026367,
      44.30283737182617,
      30.78427505493164,
      31.02425765991211,
      11.737226486206055,
      11.880906105041504
    ],
    [
      42.18927764892578,
      44.87345886230469,
      44.69446563720703,
      47.85888671875,
      53.59099578857422,
      59.70017623901367,
      52.777347564697266,
      50.317283630371094,
      49.17354965209961,
      50.548614501953125,
      57.43404006958008,
      54.17620849609375,
      45.886470794677734,
      46.13233184814453,
      32.22556686401367,
      32.47146224975586,
      12.319345474243164,
      12.482221603393555
    ],
    [
      44.91477966308594,
      47.28349685668945,
      43.777122497558594,
      46.551048278808594,
      49.73630905151367,
      52.777347564697266,
      81.83098602294922,
      73.6043472290039,
      65.38684844970703,
      67.05069732666016,
      70.8619384765625,
      67.2223129272461,
      57.135616302490234,
      57.39387893676758,
      41.03706741333008,
      41.254093170166016,
      15.794835090637207,
      15.998983383178711
    ],
    [
      44.21488571166992,
      46.660255432128906,
      44.173362731933594,
      46.76362228393555,
      49.12155532836914,
      50.317283630371094,
      73.6043472290039,
      79.50407409667969,
      63.24408721923828,
      63.603450775146484,
      68.42372131347656,
      65.05014038085938,
      54.63055419921875,
      54.912841796875,
      39.569549560546875,
      39.70845413208008,
      15.365681648254395,
      15.57068157196045
    ],
    [
      46.19375991821289,
      49.387298583984375,
      42.49311447143555,
      45.17811965942383,
      46.9587516784668,
      49.17354965209961,
      65.38684844970703,
      63.24408721923828,
      85.43831634521484,
      84.65535736083984,
      83.61890411376953,
      79.90310668945312,
      68.21675109863281,
      68.08480072021484,
      49.63223648071289,
      49.987518310546875,
      20.465621948242188,
      20.78502655029297
    ],
    [
      47.43286895751953,
      50.37969207763672,
      42.08449172973633,
      44.69574737548828,
      49.05434799194336,
      50.548614501953125,
      67.05069732666016,
      63.603450775146484,
      84.65535736083984,
      90.9007339477539,
      85.36650085449219,
      81.72880554199219,
      69.61895751953125,
      69.53085327148438,
      50.75886535644531,
      51.176456451416016,
      20.97406005859375,
      21.293230056762695
    ],
    [
      62.664939880371094,
      68.20537567138672,
      53.998023986816406,
      56.33933639526367,
      55.70832443237305,
      57.43404006958008,
      70.8619384765625,
      68.42372131347656,
      83.61890411376953,
      85.36650085449219,
      109.29682159423828,
      104.11634063720703,
      88.53358459472656,
      88.4286117553711,
      62.969482421875,
      63.3726806640625,
      24.685150146484375,
      25.015775680541992
    ],
    [
      62.294776916503906,
      67.41761016845703,
      52.466835021972656,
      54.56523895263672,
      53.30097198486328,
      54.17620849609375,
      67.2223129272461,
      65.05014038085938,
      79.90310668945312,
      81.72880554199219,
      104.11634063720703,
      102.12206268310547,
      85.77152252197266,
      85.66203308105469,
      60.53271484375,
      60.80412673950195,
      23.15323257446289,
      23.455238342285156
    ],
    [
      53.120079040527344,
      56.663211822509766,
      43.98598098754883,
      46.93610763549805,
      44.13816452026367,
      45.886470794677734,
      57.135616302490234,
      54.63055419921875,
      68.21675109863281,
      69.61895751953125,
      88.53358459472656,
      85.77152252197266,
      79.27313232421875,
      78.91422271728516,
      57.26802062988281,
      57.47557830810547,
      22.148548126220703,
      22.44525718688965
    ],
    [
      53.043418884277344,
      56.56784439086914,
      43.86506271362305,
      46.79148483276367,
      44.30283737182617,
      46.13233184814453,
      57.39387893676758,
      54.912841796875,
      68.08480072021484,
      69.53085327148438,
      88.4286117553711,
      85.66203308105469,
      78.91422271728516,
      78.98783111572266,
      57.09273910522461,
      57.212181091308594,
      22.071727752685547,
      22.36751937866211
    ],
    [
      36.70228576660156,
      38.63124465942383,
      30.303125381469727,
      32.4573860168457,
      30.78427505493164,
      32.22556686401367,
      41.03706741333008,
      39.569549560546875,
      49.63223648071289,
      50.75886535644531,
      62.969482421875,
      60.53271484375,
      57.26802062988281,
      57.09273910522461,
      44.7756462097168,
      44.92291259765625,
      19.187664031982422,
      19.438608169555664
    ],
    [
      36.95709991455078,
      38.897178649902344,
      30.53316879272461,
      32.72776412963867,
      31.02425765991211,
      32.47146224975586,
      41.254093170166016,
      39.70845413208008,
      49.987518310546875,
      51.176456451416016,
      63.3726806640625,
      60.80412673950195,
      57.47557830810547,
      57.212181091308594,
      44.92291259765625,
      45.2379150390625,
      19.361406326293945,
      19.615779876708984
    ],
    [
      12.923286437988281,
      13.652237892150879,
      10.878119468688965,
      11.754703521728516,
      11.737226486206055,
      12.319345474243164,
      15.794835090637207,
      15.365681648254395,
      20.465621948242188,
      20.97406005859375,
      24.685150146484375,
      23.15323257446289,
      22.148548126220703,
      22.071727752685547,
      19.187664031982422,
      19.361406326293945,
      10.604310035705566,
      10.721749305725098
    ],
    [
      13.084900856018066,
      13.818967819213867,
      11.024368286132812,
      11.909130096435547,
      11.880906105041504,
      12.482221603393555,
      15.998983383178711,
      15.57068157196045,
      20.78502655029297,
      21.293230056762695,
      25.015775680541992,
      23.455238342285156,
      22.44525718688965,
      22.36751937866211,
      19.438608169555664,
      19.615779876708984,
      10.721749305725098,
      10.882380485534668
    ]
  ],
  "covariance_short": [
    [
      99.84737396240234,
      77.27313232421875,
      51.594669342041016,
      51.23945236206055,
      44.52718734741211,
      44.168006896972656,
      47.34999465942383,
      46.113868713378906,
      50.618995666503906,
      51.2236328125,
      65.51478576660156,
      65.79969787597656,
      53.794952392578125,
      53.629764556884766,
      35.15066909790039,
      35.33795166015625,
      11.312737464904785,
      11.476471900939941
    ],
    [
      77.27313232421875,
      94.59477233886719,
      48.09691619873047,
      48.33555221557617,
      43.48582077026367,
      42.702728271484375,
      48.40021514892578,
      46.91880798339844,
      52.72013473510742,
      53.47288131713867,
      68.13255310058594,
      67.15501403808594,
      55.63056182861328,
      55.284271240234375,
      37.43513870239258,
      37.64950180053711,
      13.149482727050781,
      13.32151985168457
    ],
    [
      51.594669342041016,
      48.09691619873047,
      68.06364440917969,
      59.393943786621094,
      48.549713134765625,
      48.22978210449219,
      45.57434844970703,
      46.7495002746582,
      47.145294189453125,
      46.747406005859375,
      56.130393981933594,
      55.22058868408203,
      45.40818405151367,
      45.18816375732422,
      29.380773544311523,
      29.58246612548828,
      9.232046127319336,
      9.382532119750977
    ],
    [
      51.23945236206055,
      48.33555221557617,
      59.393943786621094,
      68.38309478759766,
      48.90229415893555,
      50.07500457763672,
      46.51018142700195,
      47.79005432128906,
      48.09559631347656,
      47.379295349121094,
      57.60919952392578,
      56.62797927856445,
      47.82034683227539,
      47.58072280883789,
      31.011905670166016,
      31.219768524169922,
      9.790115356445312,
      9.953202247619629
    ],
    [
      44.52718734741211,
      43.48582077026367,
      48.549713134765625,
      48.90229415893555,
      68.84213256835938,
      60.2690315246582,
      54.56363296508789,
      55.713809967041016,
      53.159427642822266,
      55.4756965637207,
      57.225852966308594,
      55.49551010131836,
      44.23377227783203,
      44.234779357910156,
      28.887113571166992,
      29.076385498046875,
      9.848664283752441,
      9.986002922058105
    ],
    [
      44.168006896972656,
      42.702728271484375,
      48.22978210449219,
      50.07500457763672,
      60.2690315246582,
      68.36771392822266,
      55.7762336730957,
      55.2328987121582,
      54.280975341796875,
      55.87760543823242,
      57.860416412353516,
      55.44327163696289,
      45.464908599853516,
      45.589046478271484,
      29.716047286987305,
      29.851533889770508,
      9.916115760803223,
      10.07178783416748
    ],
    [
      47.34999465942383,
      48.40021514892578,
      45.57434844970703,
      46.51018142700195,
      54.56363296508789,
      55.7762336730957,
      89.79012298583984,
      77.836181640625,
      70.5947036743164,
      73.31119537353516,
      71.85557556152344,
      68.99602508544922,
      57.20500946044922,
      57.340179443359375,
      38.31993865966797,
      38.45014190673828,
      13.39559555053711,
      13.550987243652344
    ],
    [
      46.113868713378906,
      46.91880798339844,
      46.7495002746582,
      47.79005432128906,
      55.713809967041016,
      55.2328987121582,
      77.836181640625,
      86.79061889648438,
      68.08033752441406,
      68.92723083496094,
      69.21427154541016,
      66.44202423095703,
      53.91840362548828,
      54.08808517456055,
      36.28435134887695,
      36.44763946533203,
      12.631725311279297,
      12.801203727722168
    ],
    [
      50.618995666503906,
      52.72013473510742,
      47.145294189453125,
      48.09559631347656,
      53.159427642822266,
      54.280975341796875,
      70.5947036743164,
      68.08033752441406,
      94.77275085449219,
      92.19715881347656,
      86.51558685302734,
      83.5186538696289,
      69.4622573852539,
      69.37478637695312,
      47.087181091308594,
      47.36481857299805,
      17.265512466430664,
      17.531356811523438
    ],
    [
      51.2236328125,
      53.47288131713867,
      46.747406005859375,
      47.379295349121094,
      55.4756965637207,
      55.87760543823242,
      73.31119537353516,
      68.92723083496094,
      92.19715881347656,
      99.79686737060547,
      87.46885681152344,
      84.77486419677734,
      70.35380554199219,
      70.33248901367188,
      47.878944396972656,
      48.18376922607422,
      17.703571319580078,
      17.954784393310547
    ],
    [
      65.51478576660156,
      68.13255310058594,
      56.130393981933594,
      57.60919952392578,
      57.225852966308594,
      57.860416412353516,
      71.85557556152344,
      69.21427154541016,
      86.51558685302734,
      87.46885681152344,
      111.85676574707031,
      107.11101531982422,
      90.13223266601562,
      90.06597137451172,
      61.11322021484375,
      61.40068054199219,
      21.901710510253906,
      22.204795837402344
    ],
    [
      65.79969787597656,
      67.15501403808594,
      55.22058868408203,
      56.62797927856445,
      55.49551010131836,
      55.44327163696289,
      68.99602508544922,
      66.44202423095703,
      83.5186538696289,
      84.77486419677734,
      107.11101531982422,
      106.90655517578125,
      88.19001007080078,
      88.14508056640625,
      59.477298736572266,
      59.68107986450195,
      20.801206588745117,
      21.08824920654297
    ],
    [
      53.794952392578125,
      55.63056182861328,
      45.40818405151367,
      47.82034683227539,
      44.23377227783203,
      45.464908599853516,
      57.20500946044922,
      53.91840362548828,
      69.4622573852539,
      70.35380554199219,
      90.13223266601562,
      88.19001007080078,
      82.78601837158203,
      82.23338317871094,
      57.98605728149414,
      58.14265060424805,
      21.170814514160156,
      21.45256996154785
    ],
    [
      53.629764556884766,
      55.284271240234375,
      45.18816375732422,
      47.58072280883789,
      44.234779357910156,
      45.589046478271484,
      57.340179443359375,
      54.08808517456055,
      69.37478637695312,
      70.33248901367188,
      90.06597137451172,
      88.14508056640625,
      82.23338317871094,
      82.57196044921875,
      57.8369026184082,
      57.93788146972656,
      21.087846755981445,
      21.368968963623047
    ],
    [
      35.15066909790039,
      37.43513870239258,
      29.380773544311523,
      31.011905670166016,
      28.887113571166992,
      29.716047286987305,
      38.31993865966797,
      36.28435134887695,
      47.087181091308594,
      47.878944396972656,
      61.11322021484375,
      59.477298736572266,
      57.98605728149414,
      57.8369026184082,
      45.370452880859375,
      45.357723236083984,
      18.760177612304688,
      18.99026870727539
    ],
    [
      35.33795166015625,
      37.64950180053711,
      29.58246612548828,
      31.219768524169922,
      29.076385498046875,
      29.851533889770508,
      38.45014190673828,
      36.44763946533203,
      47.36481857299805,
      48.18376922607422,
      61.40068054199219,
      59.68107986450195,
      58.14265060424805,
      57.93788146972656,
      45.357723236083984,
      45.69807052612305,
      18.88370704650879,
      19.117244720458984
    ],
    [
      11.312737464904785,
      13.149482727050781,
      9.232046127319336,
      9.790115356445312,
      9.848664283752441,
      9.916115760803223,
      13.39559555053711,
      12.631725311279297,
      17.265512466430664,
      17.703571319580078,
      21.901710510253906,
      20.801206588745117,
      21.170814514160156,
      21.087846755981445,
      18.760177612304688,
      18.88370704650879,
      10.780653953552246,
      10.80881404876709
    ],
    [
      11.476471900939941,
      13.32151985168457,
      9.382532119750977,
      9.953202247619629,
      9.986002922058105,
      10.07178783416748,
      13.550987243652344,
      12.801203727722168,
      17.531356811523438,
      17.954784393310547,
      22.204795837402344,
      21.08824920654297,
      21.45256996154785,
      21.368968963623047,
      18.99026870727539,
      19.117244720458984,
      10.80881404876709,
      11.019461631774902
    ]
  ],
  "drr": 11.091636657714844,
  "dynamics": 5.5930938720703125,
  "format": 1245190,
  "frames": 18493440,
  "loudness": -22.476415634155273,
  "loudness_range": 21.392616271972656,
  "loudness_range_short": 22.58374786376953,
  "peak": -0.09749637544155121,
  "rms": -23.21954345703125,
  "sample_rate": 44100,
  "sections": 1,
  "seekable": 1,
  "sharpness": 3.018751859664917,
  "space": -0.8948335647583008
}