{
  "bands": [
    {
      "high_freq": 148.1999969482422,
      "loudness": -39.537044525146484,
      "loudness_range": 25.341733932495117,
      "mid_mean": -38.520790100097656,
      "mid_to_side_loudness": -1.9958689212799072,
      "mid_to_side_loudness_range": 8.599629402160645,
      "side_mean": -39.12067794799805
    },
    {
      "high_freq": 392.3793640136719,
      "loudness": -38.96410369873047,
      "loudness_range": 20.379714965820312,
      "low_freq": 148.1999969482422,
      "mid_mean": -35.892173767089844,
      "mid_to_side_loudness": -11.19919204711914,
      "mid_to_side_loudness_range": 17.567134857177734,
      "side_mean": -46.93671798706055
    },
    {
      "high_freq": 794.6976318359375,
      "loudness": -40.0916862487793,
      "loudness_range": 23.76401138305664,
      "low_freq": 392.3793640136719,
      "mid_mean": -36.56650924682617,
      "mid_to_side_loudness": -16.964187622070312,
      "mid_to_side_loudness_range": 13.752670288085938,
      "side_mean": -53.76293182373047
    },
    {
      "high_freq": 1457.5709228515625,
      "loudness": -47.974727630615234,
      "loudness_range": 31.525495529174805,
      "low_freq": 794.6976318359375,
      "mid_mean": -44.50619888305664,
      "mid_to_side_loudness": -14.283933639526367,
      "mid_to_side_loudness_range": 12.672988891601562,
      "side_mean": -58.18431854248047
    },
    {
      "high_freq": 2549.74365234375,
      "loudness": -54.66448974609375,
      "loudness_range": 28.063594818115234,
      "low_freq": 1457.5709228515625,
      "mid_mean": -51.74763488769531,
      "mid_to_side_loudness": -9.687402725219727,
      "mid_to_side_loudness_range": 13.323570251464844,
      "side_mean": -60.615543365478516
    },
    {
      "high_freq": 4349.24462890625,
      "loudness": -60.46277618408203,
      "loudness_range": 18.179309844970703,
      "low_freq": 2549.74365234375,
      "mid_mean": -58.13479232788086,
      "mid_to_side_loudness": -3.4216437339782715,
      "mid_to_side_loudness_range": 8.893123626708984,
      "side_mean": -61.2097282409668
    },
    {
      "high_freq": 7314.1640625,
      "loudness": -62.416927337646484,
      "loudness_range": 11.935951232910156,
      "low_freq": 4349.24462890625,
      "mid_mean": -60.62803649902344,
      "mid_to_side_loudness": -1.0375428199768066,
      "mid_to_side_loudness_range": 2.8191468715667725,
      "side_mean": -61.50840377807617
    },
    {
      "high_freq": 12199.2666015625,
      "loudness": -58.72551727294922,
      "loudness_range": 12.984081268310547,
      "low_freq": 7314.1640625,
      "mid_mean": -57.81880187988281,
      "mid_to_side_loudness": 0.1574687957763672,
      "mid_to_side_loudness_range": 0.4619019031524658,
      "side_mean": -57.66912078857422
    },
    {
      "loudness": -58.79908752441406,
      "loudness_range": 11.457656860351562,
      "low_freq": 12199.2666015625,
      "mid_mean": -58.02301788330078,
      "mid_to_side_loudness": 0.3705090582370758,
      "mid_to_side_loudness_range": 0.6103901863098145,
      "side_mean": -57.67741775512695
    }
  ],
  "bands_short": [
    {
      "high_freq": 148.1999969482422,
      "loudness": -43.232845306396484,
      "loudness_range": 30.667423248291016,
      "mid_mean": -42.577980041503906,
      "mid_to_side_loudness": -1.3626198768615723,
      "mid_to_side_loudness_range": 10.147631645202637,
      "side_mean": -42.541587829589844
    },
    {
      "high_freq": 392.3793640136719,
      "loudness": -38.788902282714844,
      "loudness_range": 22.24334716796875,
      "low_freq": 148.1999969482422,
      "mid_mean": -35.962642669677734,
      "mid_to_side_loudness": -9.568798065185547,
      "mid_to_side_loudness_range": 18.165836334228516,
      "side_mean": -45.253902435302734
    },
    {
      "high_freq": 794.6976318359375,
      "loudness": -40.93425369262695,
      "loudness_range": 25.388225555419922,
      "low_freq": 392.3793640136719,
      "mid_mean": -37.429893493652344,
      "mid_to_side_loudness": -17.14813232421875,
      "mid_to_side_loudness_range": 16.010135650634766,
      "side_mean": -54.700462341308594
    },
    {
      "high_freq": 1457.5709228515625,
      "loudness": -49.27678680419922,
      "loudness_range": 31.93515968322754,
      "low_freq": 794.6976318359375,
      "mid_mean": -45.81719207763672,
      "mid_to_side_loudness": -14.093974113464355,
      "mid_to_side_loudness_range": 13.668403625488281,
      "side_mean": -59.04302215576172
    },
    {
      "high_freq": 2549.74365234375,
      "loudness": -56.643924713134766,
      "loudness_range": 28.430767059326172,
      "low_freq": 1457.5709228515625,
      "mid_mean": -53.53440856933594,
      "mid_to_side_loudness": -9.373008728027344,
      "mid_to_side_loudness_range": 13.796003341674805,
      "side_mean": -61.830047607421875
    },
    {
      "high_freq": 4349.24462890625,
      "loudness": -61.80927276611328,
      "loudness_range": 18.67904281616211,
      "low_freq": 2549.74365234375,
      "mid_mean": -59.36897277832031,
      "mid_to_side_loudness": -3.1978437900543213,
      "mid_to_side_loudness_range": 9.018905639648438,
      "side_mean": -62.152984619140625
    },
    {
      "high_freq": 7314.1640625,
      "loudness": -63.37730407714844,
      "loudness_range": 12.311702728271484,
      "low_freq": 4349.24462890625,
      "mid_mean": -61.46342849731445,
      "mid_to_side_loudness": -0.9860037565231323,
      "mid_to_side_loudness_range": 2.8461856842041016,
      "side_mean": -62.26814651489258
    },
    {
      "high_freq": 12199.2666015625,
      "loudness": -59.90019226074219,
      "loudness_range": 12.838973999023438,
      "low_freq": 7314.1640625,
      "mid_mean": -58.906497955322266,
      "mid_to_side_loudness": 0.17295412719249725,
      "mid_to_side_loudness_range": 1.33991539478302,
      "side_mean": -58.74965286254883
    },
    {
      "loudness": -59.71391677856445,
      "loudness_range": 11.0531005859375,
      "low_freq": 12199.2666015625,
      "mid_mean": -58.893577575683594,
      "mid_to_side_loudness": 0.43036869168281555,
      "mid_to_side_loudness_range": 1.2760101556777954,
      "side_mean": -58.50331497192383
    }
  ],
  "channels": 2,
  "covariance": [
    [
      71.06497955322266,
      70.48677825927734,
      20.72863006591797,
      36.81046676635742,
      12.558419227600098,
      24.33150863647461,
      16.926511764526367,
      18.942228317260742,
      14.816332817077637,
      9.733003616333008,
      8.394686698913574,
      5.786733150482178,
      5.428678035736084,
      4.806536674499512,
      7.035412311553955,
      6.937310218811035,
      6.0232720375061035,
      5.877444744110107
    ],
    [
      70.48677825927734,
      89.16883087158203,
      18.99113655090332,
      39.163631439208984,
      9.036711692810059,
      20.97182273864746,
      13.997501373291016,
      15.67219352722168,
      8.708975791931152,
      6.330493927001953,
      4.211568832397461,
      3.223440170288086,
      3.361403226852417,
      3.3975467681884766,
      5.823173999786377,
      5.805255889892578,
      5.103630065917969,
      4.914961814880371
    ],
    [
      20.72863006591797,
      18.99113655090332,
      50.10640335083008,
      29.52618408203125,
      29.268043518066406,
      25.295198440551758,
      18.9489688873291,
      13.110761642456055,
      22.491262435913086,
      11.293816566467285,
      12.075705528259277,
      6.511713981628418,
      5.503867149353027,
      4.003460884094238,
      4.9648284912109375,
      4.857639789581299,
      4.823513031005859,
      4.986365795135498
    ],
    [
      36.81046676635742,
      39.163631439208984,
      29.52618408203125,
      44.33062744140625,
      15.265266418457031,
      22.916357040405273,
      13.116881370544434,
      14.039373397827148,
      14.32030200958252,
      9.158126831054688,
      9.035731315612793,
      6.1025543212890625,
      5.397860527038574,
      4.678531646728516,
      6.341416835784912,
      6.255155086517334,
      5.414276123046875,
      5.360958576202393
    ],
    [
      12.558419227600098,
      9.036711692810059,
      29.268043518066406,
      15.265266418457031,
      66.33588409423828,
      46.18064880371094,
      44.578800201416016,
      27.95775604248047,
      49.804420471191406,
      22.276111602783203,
      25.372238159179688,
      9.349203109741211,
      6.826425552368164,
      3.4065489768981934,
      1.9720042943954468,
      1.8384554386138916,
      2.278914451599121,
      2.6169228553771973
    ],
    [
      24.33150863647461,
      20.97182273864746,
      25.295198440551758,
      22.916357040405273,
      46.18064880371094,
      48.92591857910156,
      38.21710968017578,
      31.927946090698242,
      46.244163513183594,
      23.687524795532227,
      26.197866439819336,
      12.650193214416504,
      10.678054809570312,
      7.581669330596924,
      8.116300582885742,
      8.000065803527832,
      7.33864164352417,
      7.577358722686768
    ],
    [
      16.926511764526367,
      13.997501373291016,
      18.9489688873291,
      13.116881370544434,
      44.578800201416016,
      38.21710968017578,
      111.74413299560547,
      80.86003875732422,
      86.09385681152344,
      46.33292770385742,
      45.586246490478516,
      19.439109802246094,
      16.327266693115234,
      9.085747718811035,
      5.810658931732178,
      5.571659564971924,
      4.807628631591797,
      5.3073225021362305
    ],
    [
      18.942228317260742,
      15.67219352722168,
      13.110761642456055,
      14.039373397827148,
      27.95775604248047,
      31.927946090698242,
      80.86003875732422,
      67.94878387451172,
      65.72901153564453,
      38.41458511352539,
      38.348514556884766,
      18.860761642456055,
      16.476537704467773,
      10.81645393371582,
      9.519715309143066,
      9.34567928314209,
      8.184611320495605,
      8.5331449508667
    ],
    [
      14.816332817077637,
      8.708975791931152,
      22.491262435913086,
      14.32030200958252,
      49.804420471191406,
      46.244163513183594,
      86.09385681152344,
      65.72901153564453,
      97.62799072265625,
      54.153560638427734,
      50.97177505493164,
      23.960586547851562,
      19.68929672241211,
      12.746026992797852,
      10.684419631958008,
      10.424909591674805,
      8.855354309082031,
      9.375850677490234
    ],
    [
      9.733003616333008,
      6.330493927001953,
      11.293816566467285,
      9.158126831054688,
      22.276111602783203,
      23.687524795532227,
      46.33292770385742,
      38.41458511352539,
      54.153560638427734,
      35.509822845458984,
      33.11899948120117,
      18.258167266845703,
      15.62006950378418,
      11.375064849853516,
      10.323734283447266,
      10.131912231445312,
      8.540698051452637,
      8.773859977722168
    ],
    [
      8.394686698913574,
      4.211568832397461,
      12.075705528259277,
      9.035731315612793,
      25.372238159179688,
      26.197866439819336,
      45.586246490478516,
      38.348514556884766,
      50.97177505493164,
      33.11899948120117,
      39.61564636230469,
      22.42803955078125,
      19.507570266723633,
      14.130888938903809,
      12.378695487976074,
      12.164177894592285,
      10.316843032836914,
      10.588732719421387
    ],
    [
      5.786733150482178,
      3.223440170288086,
      6.511713981628418,
      6.1025543212890625,
      9.349203109741211,
      12.650193214416504,
      19.439109802246094,
      18.860761642456055,
      23.960586547851562,
      18.258167266845703,
      22.42803955078125,
      16.109466552734375,
      14.791471481323242,
      12.399925231933594,
      12.584039688110352,
      12.456564903259277,
      10.703337669372559,
      10.701335906982422
    ],
    [
      5.428678035736084,
      3.361403226852417,
      5.503867149353027,
      5.397860527038574,
      6.826425552368164,
      10.678054809570312,
      16.327266693115234,
      16.476537704467773,
      19.68929672241211,
      15.62006950378418,
      19.507570266723633,
      14.791471481323242,
      15.30533218383789,
      12.762934684753418,
      12.891667366027832,
      12.758316040039062,
      11.094736099243164,
      11.062690734863281
    ],
    [
      4.806536674499512,
      3.3975467681884766,
      4.003460884094238,
      4.678531646728516,
      3.4065489768981934,
      7.581669330596924,
      9.085747718811035,
      10.81645393371582,
      12.746026992797852,
      11.375064849853516,
      14.130888938903809,
      12.399925231933594,
      12.762934684753418,
      11.788799285888672,
      13.151046752929688,
      13.059953689575195,
      11.434296607971191,
      11.285592079162598
    ],
    [
      7.035412311553955,
      5.823173999786377,
      4.9648284912109375,
      6.341416835784912,
      1.9720042943954468,
      8.116300582885742,
      5.810658931732178,
      9.519715309143066,
      10.684419631958008,
      10.323734283447266,
      12.378695487976074,
      12.584039688110352,
      12.891667366027832,
      13.151046752929688,
      18.14305305480957,
      18.057851791381836,
      16.277713775634766,
      15.92513370513916
    ],
    [
      6.937310218811035,
      5.805255889892578,
      4.857639789581299,
      6.255155086517334,
      1.8384554386138916,
      8.000065803527832,
      5.571659564971924,
      9.34567928314209,
      10.424909591674805,
      10.131912231445312,
      12.164177894592285,
      12.456564903259277,
      12.758316040039062,
      13.059953689575195,
      18.057851791381836,
      17.995420455932617,
      16.23328399658203,
      15.880455017089844
    ],
    [
      6.0232720375061035,
      5.103630065917969,
      4.823513031005859,
      5.414276123046875,
      2.278914451599121,
      7.33864164352417,
      4.807628631591797,
      8.184611320495605,
      8.855354309082031,
      8.540698051452637,
      10.316843032836914,
      10.703337669372559,
      11.094736099243164,
      11.434296607971191,
      16.277713775634766,
      16.23328399658203,
      15.44205379486084,
      15.102242469787598
    ],
    [
      5.877444744110107,
      4.914961814880371,
      4.986365795135498,
      5.360958576202393,
      2.6169228553771973,
      7.577358722686768,
      5.3073225021362305,
      8.5331449508667,
      9.375850677490234,
      8.773859977722168,
      10.588732719421387,
      10.701335906982422,
      11.062690734863281,
      11.285592079162598,
      15.92513370513916,
      15.880455017089844,
      15.102242469787598,
      14.800165176391602
    ]
  ],
  "covariance_short": [
    [
      96.7253646850586,
      96.92696380615234,
      34.276241302490234,
      55.106048583984375,
      14.816752433776855,
      26.89944076538086,
      16.742656707763672,
      17.771390914916992,
      13.93858528137207,
      9.531381607055664,
      8.587603569030762,
      6.647185325622559,
      5.750662326812744,
      5.434340000152588,
      7.075432777404785,
      7.016510963439941,
      6.102804660797119,
      5.976246356964111
    ],
    [
      96.92696380615234,
      119.49297332763672,
      30.939857482910156,
      56.376216888427734,
      13.29118824005127,
      24.4736328125,
      15.051952362060547,
      14.824983596801758,
      9.51025390625,
      6.466776371002197,
      4.704867362976074,
      3.834752321243286,
      3.367720127105713,
      3.597172975540161,
      5.373633861541748,
      5.37923526763916,
      4.798167705535889,
      4.61433219909668
    ],
    [
      34.276241302490234,
      30.939857482910156,
      56.57704544067383,
      41.659690856933594,
      34.735137939453125,
      33.701759338378906,
      22.711822509765625,
      17.687334060668945,
      25.035829544067383,
      13.47482681274414,
      13.386781692504883,
      7.781316757202148,
      6.689014911651611,
      5.156156539916992,
      5.976388931274414,
      5.838925838470459,
      5.283985137939453,
      5.465451240539551
    ],
    [
      55.106048583984375,
      56.376216888427734,
      41.659690856933594,
      66.43619537353516,
      18.382848739624023,
      29.29376983642578,
      14.805771827697754,
      17.248231887817383,
      15.233529090881348,
      10.53354263305664,
      9.531508445739746,
      7.089544773101807,
      6.48228120803833,
      5.890908718109131,
      7.512400150299072,
      7.43792724609375,
      6.441771507263184,
      6.368050575256348
    ],
    [
      14.816752433776855,
      13.29118824005127,
      34.735137939453125,
      18.382848739624023,
      76.05754852294922,
      52.071102142333984,
      42.78024673461914,
      26.421218872070312,
      47.57533645629883,
      21.774456024169922,
      24.82984733581543,
      9.896029472351074,
      6.536696434020996,
      3.7380788326263428,
      2.44817852973938,
      2.2999308109283447,
      2.2698113918304443,
      2.733652114868164
    ],
    [
      26.89944076538086,
      24.4736328125,
      33.701759338378906,
      29.29376983642578,
      52.071102142333984,
      56.44408416748047,
      36.54702377319336,
      30.907962799072266,
      43.959041595458984,
      23.128742218017578,
      25.610963821411133,
      13.15493106842041,
      10.393967628479004,
      7.912136077880859,
      8.2561674118042,
      8.141179084777832,
      7.232562065124512,
      7.603681564331055
    ],
    [
      16.742656707763672,
      15.051952362060547,
      22.711822509765625,
      14.805771827697754,
      42.78024673461914,
      36.54702377319336,
      110.81671905517578,
      79.95479583740234,
      83.2487564086914,
      44.30746078491211,
      43.82378005981445,
      19.559921264648438,
      15.021228790283203,
      8.977555274963379,
      5.450262546539307,
      5.245685577392578,
      4.377952575683594,
      5.09253454208374
    ],
    [
      17.771390914916992,
      14.824983596801758,
      17.687334060668945,
      17.248231887817383,
      26.421218872070312,
      30.907962799072266,
      79.95479583740234,
      69.45417022705078,
      64.65301513671875,
      37.5809326171875,
      37.419464111328125,
      19.117977142333984,
      15.386589050292969,
      10.740883827209473,
      9.041706085205078,
      8.926487922668457,
      7.679942607879639,
      8.225760459899902
    ],
    [
      13.93858528137207,
      9.51025390625,
      25.035829544067383,
      15.233529090881348,
      47.57533645629883,
      43.959041595458984,
      83.2487564086914,
      64.65301513671875,
      95.32062530517578,
      52.9234504699707,
      48.154151916503906,
      23.598173141479492,
      18.264976501464844,
      12.435787200927734,
      10.146153450012207,
      9.901876449584961,
      8.329487800598145,
      9.051797866821289
    ],
    [
      9.531381607055664,
      6.466776371002197,
      13.47482681274414,
      10.53354263305664,
      21.774456024169922,
      23.128742218017578,
      44.30746078491211,
      37.5809326171875,
      52.9234504699707,
      35.60578536987305,
      31.57413101196289,
      18.185400009155273,
      14.81731128692627,
      11.305314064025879,
      10.074098587036133,
      9.919281959533691,
      8.304216384887695,
      8.67216968536377
    ],
    [
      8.587603569030762,
      4.704867362976074,
      13.386781692504883,
      9.531508445739746,
      24.82984733581543,
      25.610963821411133,
      43.82378005981445,
      37.419464111328125,
      48.154151916503906,
      31.57413101196289,
      38.603668212890625,
      22.534870147705078,
      18.33184051513672,
      13.894161224365234,
      12.088456153869629,
      11.863565444946289,
      9.94511604309082,
      10.369194030761719
    ],
    [
      6.647185325622559,
      3.834752321243286,
      7.781316757202148,
      7.089544773101807,
      9.896029472351074,
      13.15493106842041,
      19.559921264648438,
      19.117977142333984,
      23.598173141479492,
      18.185400009155273,
      22.534870147705078,
      16.751779556274414,
      14.458386421203613,
      12.420368194580078,
      12.345483779907227,
      12.222186088562012,
      10.427907943725586,
      10.517579078674316
    ],
    [
      5.750662326812744,
      3.367720127105713,
      6.689014911651611,
      6.48228120803833,
      6.536696434020996,
      10.393967628479004,
      15.021228790283203,
      15.386589050292969,
      18.264976501464844,
      14.81731128692627,
      18.33184051513672,
      14.458386421203613,
      15.027199745178223,
      12.786588668823242,
      12.644805908203125,
      12.499765396118164,
      10.793890953063965,
      10.831109046936035
    ],
    [
      5.434340000152588,
      3.597172975540161,
      5.156156539916992,
      5.890908718109131,
      3.7380788326263428,
      7.912136077880859,
      8.977555274963379,
      10.740883827209473,
      12.435787200927734,
      11.305314064025879,
      13.894161224365234,
      12.420368194580078,
      12.786588668823242,
      12.046619415283203,
      12.88360595703125,
      12.79065990447998,
      11.147337913513184,
      11.048300743103027
    ],
    [
      7.075432777404785,
      5.373633861541748,
      5.976388931274414,
      7.512400150299072,
      2.44817852973938,
      8.2561674118042,
      5.450262546539307,
      9.041706085205078,
      10.146153450012207,
      10.074098587036133,
      12.088456153869629,
      12.345483779907227,
      12.644805908203125,
      12.88360595703125,
      17.884004592895508,
      17.714004516601562,
      15.773846626281738,
      15.42780590057373
    ],
    [
      7.016510963439941,
      5.37923526763916,
      5.838925838470459,
      7.43792724609375,
      2.2999308109283447,
      8.141179084777832,
      5.245685577392578,
      8.926487922668457,
      9.901876449584961,
      9.919281959533691,
      11.863565444946289,
      12.222186088562012,
      12.499765396118164,
      12.79065990447998,
      17.714004516601562,
      17.703868865966797,
      15.71390151977539,
      15.372428894042969
    ],
    [
      6.102804660797119,
      4.798167705535889,
      5.283985137939453,
      6.441771507263184,
      2.2698113918304443,
      7.232562065124512,
      4.377952575683594,
      7.679942607879639,
      8.329487800598145,
      8.304216384887695,
      9.94511604309082,
      10.427907943725586,
      10.793890953063965,
      11.147337913513184,
      15.773846626281738,
      15.71390151977539,
      14.97476577758789,
      14.579480171203613
    ],
    [
      5.976246356964111,
      4.61433219909668,
      5.465451240539551,
      6.368050575256348,
      2.733652114868164,
      7.603681564331055,
      5.09253454208374,
      8.225760459899902,
      9.051797866821289,
      8.67216968536377,
      10.369194030761719,
      10.517579078674316,
      10.831109046936035,
      11.048300743103027,
      15.42780590057373,
      15.372428894042969,
      14.579480171203613,
      14.33978271484375
    ]
  ],
  "drr": 10.542328834533691,
  "dynamics": 5.34401273727417,
  "format": 1245190,
  "frames": 13651968,
  "loudness": -27.037384033203125,
  "loudness_range": 16.656654357910156,
  "loudness_range_short": 19.88633918762207,
  "peak": -4.832129955291748,
  "rms": -26.800647735595703,
  "sample_rate": 44100,
  "sections": 1,
  "seekable": 1,
  "sharpness": 4.147762775421143,
  "space": -8.404207229614258
}