{
  "bands": [
    {
      "high_freq": 148.1999969482422,
      "loudness": -23.078533172607422,
      "loudness_range": 5.724514007568359,
      "mid_mean": -19.459123611450195,
      "mid_to_side_loudness": -17.277647018432617,
      "mid_to_side_loudness_range": 14.52511215209961,
      "side_mean": -38.158294677734375
    },
    {
      "high_freq": 392.3793640136719,
      "loudness": -22.584611892700195,
      "loudness_range": 7.170217514038086,
      "low_freq": 148.1999969482422,
      "mid_mean": -19.545656204223633,
      "mid_to_side_loudness": -8.083430290222168,
      "mid_to_side_loudness_range": 7.07162618637085,
      "side_mean": -27.701589584350586
    },
    {
      "high_freq": 794.6976318359375,
      "loudness": -24.700464248657227,
      "loudness_range": 13.018178939819336,
      "low_freq": 392.3793640136719,
      "mid_mean": -21.83010482788086,
      "mid_to_side_loudness": -7.431663513183594,
      "mid_to_side_loudness_range": 8.331794738769531,
      "side_mean": -29.304256439208984
    },
    {
      "high_freq": 1457.5709228515625,
      "loudness": -26.389667510986328,
      "loudness_range": 13.68181037902832,
      "low_freq": 794.6976318359375,
      "mid_mean": -23.71244239807129,
      "mid_to_side_loudness": -6.2627153396606445,
      "mid_to_side_loudness_range": 7.957103729248047,
      "side_mean": -30.039697647094727
    },
    {
      "high_freq": 2549.74365234375,
      "loudness": -24.830781936645508,
      "loudness_range": 12.263252258300781,
      "low_freq": 1457.5709228515625,
      "mid_mean": -22.135713577270508,
      "mid_to_side_loudness": -6.237918376922607,
      "mid_to_side_loudness_range": 6.73980712890625,
      "side_mean": -28.42770004272461
    },
    {
      "high_freq": 4349.24462890625,
      "loudness": -24.74459457397461,
      "loudness_range": 9.946990966796875,
      "low_freq": 2549.74365234375,
      "mid_mean": -22.269468307495117,
      "mid_to_side_loudness": -5.096681118011475,
      "mid_to_side_loudness_range": 5.389280319213867,
      "side_mean": -27.430702209472656
    },
    {
      "high_freq": 7314.1640625,
      "loudness": -27.901037216186523,
      "loudness_range": 10.00434684753418,
      "low_freq": 4349.24462890625,
      "mid_mean": -25.738204956054688,
      "mid_to_side_loudness": -3.8669795989990234,
      "mid_to_side_loudness_range": 4.1254987716674805,
      "side_mean": -29.648387908935547
    },
    {
      "high_freq": 12199.2666015625,
      "loudness": -31.06582260131836,
      "loudness_range": 11.624820709228516,
      "low_freq": 7314.1640625,
      "mid_mean": -29.573760986328125,
      "mid_to_side_loudness": -1.9302359819412231,
      "mid_to_side_loudness_range": 3.2743892669677734,
      "side_mean": -31.514638900756836
    },
    {
      "loudness": -34.70499801635742,
      "loudness_range": 12.5146484375,
      "low_freq": 12199.2666015625,
      "mid_mean": -34.21990966796875,
      "mid_to_side_loudness": 0.3548348844051361,
      "mid_to_side_loudness_range": 2.006272554397583,
      "side_mean": -33.85851287841797
    }
  ],
  "bands_short": [
    {
      "high_freq": 148.1999969482422,
      "loudness": -27.011272430419922,
      "loudness_range": 16.416240692138672,
      "mid_mean": -23.467803955078125,
      "mid_to_side_loudness": -17.50635528564453,
      "mid_to_side_loudness_range": 22.524335861206055,
      "side_mean": -42.47405242919922
    },
    {
      "high_freq": 392.3793640136719,
      "loudness": -22.39215087890625,
      "loudness_range": 10.794563293457031,
      "low_freq": 148.1999969482422,
      "mid_mean": -19.343461990356445,
      "mid_to_side_loudness": -8.987812995910645,
      "mid_to_side_loudness_range": 11.340720176696777,
      "side_mean": -28.608617782592773
    },
    {
      "high_freq": 794.6976318359375,
      "loudness": -25.34163475036621,
      "loudness_range": 15.609731674194336,
      "low_freq": 392.3793640136719,
      "mid_mean": -22.64600372314453,
      "mid_to_side_loudness": -6.953340530395508,
      "mid_to_side_loudness_range": 10.986474990844727,
      "side_mean": -29.651981353759766
    },
    {
      "high_freq": 1457.5709228515625,
      "loudness": -27.06039810180664,
      "loudness_range": 15.86888313293457,
      "low_freq": 794.6976318359375,
      "mid_mean": -24.56617546081543,
      "mid_to_side_loudness": -5.842774868011475,
      "mid_to_side_loudness_range": 10.332986831665039,
      "side_mean": -30.473873138427734
    },
    {
      "high_freq": 2549.74365234375,
      "loudness": -25.66067123413086,
      "loudness_range": 14.710247039794922,
      "low_freq": 1457.5709228515625,
      "mid_mean": -23.137510299682617,
      "mid_to_side_loudness": -5.770209312438965,
      "mid_to_side_loudness_range": 8.968829154968262,
      "side_mean": -28.95208740234375
    },
    {
      "high_freq": 4349.24462890625,
      "loudness": -25.284589767456055,
      "loudness_range": 12.090156555175781,
      "low_freq": 2549.74365234375,
      "mid_mean": -22.93377113342285,
      "mid_to_side_loudness": -4.839084148406982,
      "mid_to_side_loudness_range": 7.154394149780273,
      "side_mean": -27.837162017822266
    },
    {
      "high_freq": 7314.1640625,
      "loudness": -28.577836990356445,
      "loudness_range": 13.125204086303711,
      "low_freq": 4349.24462890625,
      "mid_mean": -26.503223419189453,
      "mid_to_side_loudness": -3.6852312088012695,
      "mid_to_side_loudness_range": 5.447299480438232,
      "side_mean": -30.235557556152344
    },
    {
      "high_freq": 12199.2666015625,
      "loudness": -32.1611328125,
      "loudness_range": 15.326391220092773,
      "low_freq": 7314.1640625,
      "mid_mean": -30.698686599731445,
      "mid_to_side_loudness": -1.9414894580841064,
      "mid_to_side_loudness_range": 4.3099045753479,
      "side_mean": -32.676448822021484
    },
    {
      "loudness": -36.97208023071289,
      "loudness_range": 19.065387725830078,
      "low_freq": 12199.2666015625,
      "mid_mean": -36.53338623046875,
      "mid_to_side_loudness": 0.33626338839530945,
      "mid_to_side_loudness_range": 2.929513454437256,
      "side_mean": -36.13672637939453
    }
  ],
  "channels": 2,
  "covariance": [
    [
      9.438955307006836,
      5.121090412139893,
      2.851994752883911,
      2.5182554721832275,
      2.2225069999694824,
      2.927635908126831,
      1.894810676574707,
      2.671377420425415,
      2.276503562927246,
      2.344146728515625,
      2.2842583656311035,
      2.3194005489349365,
      1.5175691843032837,
      2.3100554943084717,
      2.1263859272003174,
      2.252720594406128,
      0.7926741242408752,
      0.9389012455940247
    ],
    [
      5.121090412139893,
      18.72365951538086,
      10.546276092529297,
      9.562695503234863,
      8.09957504272461,
      6.751534461975098,
      7.251937389373779,
      6.707889556884766,
      6.953166484832764,
      5.514885902404785,
      7.149856090545654,
      6.177623271942139,
      7.7129106521606445,
      8.164817810058594,
      7.280261039733887,
      7.470694541931152,
      5.315268039703369,
      5.053347587585449
    ],
    [
      2.851994752883911,
      10.546276092529297,
      14.285893440246582,
      11.488452911376953,
      9.229608535766602,
      7.043879985809326,
      6.618818759918213,
      5.805741310119629,
      6.8641676902771,
      4.779088497161865,
      7.0348310470581055,
      5.247607231140137,
      6.949427604675293,
      6.423785209655762,
      7.252135276794434,
      6.727618217468262,
      5.801064968109131,
      5.1242899894714355
    ],
    [
      2.5182554721832275,
      9.562695503234863,
      11.488452911376953,
      15.150313377380371,
      9.564994812011719,
      8.652353286743164,
      7.7508440017700195,
      7.570572376251221,
      8.17802619934082,
      6.809787273406982,
      7.602599143981934,
      6.709896564483643,
      7.487908840179443,
      7.680730819702148,
      8.135798454284668,
      7.953932762145996,
      6.555001258850098,
      6.0941572189331055
    ],
    [
      2.2225069999694824,
      8.09957504272461,
      9.229608535766602,
      9.564994812011719,
      24.02326202392578,
      17.25096893310547,
      14.79055118560791,
      10.407495498657227,
      12.407261848449707,
      7.571348667144775,
      11.507500648498535,
      7.1653523445129395,
      10.217453002929688,
      8.350533485412598,
      10.511934280395508,
      9.060598373413086,
      8.360987663269043,
      7.692503929138184
    ],
    [
      2.927635908126831,
      6.751534461975098,
      7.043879985809326,
      8.652353286743164,
      17.25096893310547,
      18.34235382080078,
      12.677437782287598,
      12.267289161682129,
      11.413749694824219,
      9.232396125793457,
      10.45273494720459,
      8.640524864196777,
      9.225343704223633,
      9.302286148071289,
      9.953436851501465,
      9.770654678344727,
      8.473170280456543,
      8.472346305847168
    ],
    [
      1.894810676574707,
      7.251937389373779,
      6.618818759918213,
      7.7508440017700195,
      14.79055118560791,
      12.677437782287598,
      23.07145881652832,
      17.160017013549805,
      14.957016944885254,
      10.620376586914062,
      12.498438835144043,
      9.617331504821777,
      10.268359184265137,
      9.739355087280273,
      9.615371704101562,
      9.38990592956543,
      8.273699760437012,
      8.267895698547363
    ],
    [
      2.671377420425415,
      6.707889556884766,
      5.805741310119629,
      7.570572376251221,
      10.407495498657227,
      12.267289161682129,
      17.160017013549805,
      19.892433166503906,
      12.683902740478516,
      12.153471946716309,
      11.325221061706543,
      11.69571590423584,
      9.39315128326416,
      10.766469955444336,
      9.527416229248047,
      10.160847663879395,
      8.265443801879883,
      8.822030067443848
    ],
    [
      2.276503562927246,
      6.953166484832764,
      6.8641676902771,
      8.17802619934082,
      12.407261848449707,
      11.413749694824219,
      14.957016944885254,
      12.683902740478516,
      19.97833251953125,
      13.098482131958008,
      14.310312271118164,
      10.46370792388916,
      10.83408260345459,
      10.332563400268555,
      11.387510299682617,
      10.260716438293457,
      8.438121795654297,
      8.383947372436523
    ],
    [
      2.344146728515625,
      5.514885902404785,
      4.779088497161865,
      6.809787273406982,
      7.571348667144775,
      9.232396125793457,
      10.620376586914062,
      12.153471946716309,
      13.098482131958008,
      12.276363372802734,
      10.067448616027832,
      10.241189002990723,
      8.051961898803711,
      9.266295433044434,
      8.674385070800781,
      8.9849214553833,
      6.932055473327637,
      7.423129081726074
    ],
    [
      2.2842583656311035,
      7.149856090545654,
      7.0348310470581055,
      7.602599143981934,
      11.507500648498535,
      10.45273494720459,
      12.498438835144043,
      11.325221061706543,
      14.310312271118164,
      10.067448616027832,
      14.150947570800781,
      10.404437065124512,
      11.222138404846191,
      10.950020790100098,
      11.481926918029785,
      10.715428352355957,
      8.85554027557373,
      9.044503211975098
    ],
    [
      2.3194005489349365,
      6.177623271942139,
      5.247607231140137,
      6.709896564483643,
      7.1653523445129395,
      8.640524864196777,
      9.617331504821777,
      11.69571590423584,
      10.46370792388916,
      10.241189002990723,
      10.404437065124512,
      11.277576446533203,
      9.254379272460938,
      10.896087646484375,
      9.796602249145508,
      10.483044624328613,
      7.983645915985107,
      8.71247386932373
    ],
    [
      1.5175691843032837,
      7.7129106521606445,
      6.949427604675293,
      7.487908840179443,
      10.217453002929688,
      9.225343704223633,
      10.268359184265137,
      9.39315128326416,
      10.83408260345459,
      8.051961898803711,
      11.222138404846191,
      9.254379272460938,
      13.951885223388672,
      12.956772804260254,
      13.801004409790039,
      12.932295799255371,
      10.603798866271973,
      10.735672950744629
    ],
    [
      2.3100554943084717,
      8.164817810058594,
      6.423785209655762,
      7.680730819702148,
      8.350533485412598,
      9.302286148071289,
      9.739355087280273,
      10.766469955444336,
      10.332563400268555,
      9.266295433044434,
      10.950020790100098,
      10.896087646484375,
      12.956772804260254,
      14.901774406433105,
      13.240459442138672,
      14.064252853393555,
      10.606245040893555,
      11.411518096923828
    ],
    [
      2.1263859272003174,
      7.280261039733887,
      7.252135276794434,
      8.135798454284668,
      10.511934280395508,
      9.953436851501465,
      9.615371704101562,
      9.527416229248047,
      11.387510299682617,
      8.674385070800781,
      11.481926918029785,
      9.796602249145508,
      13.801004409790039,
      13.240459442138672,
      18.132516860961914,
      16.479496002197266,
      14.560726165771484,
      14.367141723632812
    ],
    [
      2.252720594406128,
      7.470694541931152,
      6.727618217468262,
      7.953932762145996,
      9.060598373413086,
      9.770654678344727,
      9.38990592956543,
      10.160847663879395,
      10.260716438293457,
      8.9849214553833,
      10.715428352355957,
      10.483044624328613,
      12.932295799255371,
      14.064252853393555,
      16.479496002197266,
      17.37116813659668,
      15.380107879638672,
      16.037675857543945
    ],
    [
      0.7926741242408752,
      5.315268039703369,
      5.801064968109131,
      6.555001258850098,
      8.360987663269043,
      8.473170280456543,
      8.273699760437012,
      8.265443801879883,
      8.438121795654297,
      6.932055473327637,
      8.85554027557373,
      7.983645915985107,
      10.603798866271973,
      10.606245040893555,
      14.560726165771484,
      15.380107879638672,
      20.222434997558594,
      20.440265655517578
    ],
    [
      0.9389012455940247,
      5.053347587585449,
      5.1242899894714355,
      6.0941572189331055,
      7.692503929138184,
      8.472346305847168,
      8.267895698547363,
      8.822030067443848,
      8.383947372436523,
      7.423129081726074,
      9.044503211975098,
      8.71247386932373,
      10.735672950744629,
      11.411518096923828,
      14.367141723632812,
      16.037675857543945,
      20.440265655517578,
      21.515417098999023
    ]
  ],
  "covariance_short": [
    [
      38.05729675292969,
      8.377005577087402,
      11.95422077178955,
      5.309622287750244,
      6.78320837020874,
      6.064569473266602,
      6.30182409286499,
      5.975964546203613,
      6.955521583557129,
      5.878911018371582,
      6.901761531829834,
      5.905545234680176,
      6.233921527862549,
      6.711724758148193,
      7.230720520019531,
      8.179131507873535,
      8.16242790222168,
      8.304875373840332
    ],
    [
      8.377005577087402,
      29.896286010742188,
      10.555214881896973,
      11.653081893920898,
      9.941811561584473,
      8.264131546020508,
      8.068995475769043,
      7.363422393798828,
      8.076366424560547,
      6.4959635734558105,
      8.081541061401367,
      7.075237274169922,
      8.58865737915039,
      9.103232383728027,
      8.76676082611084,
      9.180234909057617,
      6.8664727210998535,
      6.394040584564209
    ],
    [
      11.95422077178955,
      10.555214881896973,
      21.55177116394043,
      13.156118392944336,
      11.239561080932617,
      7.950229644775391,
      8.444552421569824,
      6.673177242279053,
      8.841791152954102,
      6.298191070556641,
      9.378982543945312,
      7.051726341247559,
      9.091793060302734,
      8.350870132446289,
      9.575395584106445,
      9.46082592010498,
      9.637799263000488,
      8.929805755615234
    ],
    [
      5.309622287750244,
      11.653081893920898,
      13.156118392944336,
      22.734342575073242,
      13.166960716247559,
      11.762365341186523,
      10.826643943786621,
      10.086033821105957,
      11.050594329833984,
      9.32821273803711,
      10.709811210632324,
      9.709827423095703,
      10.50628662109375,
      10.68995475769043,
      11.311999320983887,
      11.519240379333496,
      11.080774307250977,
      10.617362022399902
    ],
    [
      6.78320837020874,
      9.941811561584473,
      11.239561080932617,
      13.166960716247559,
      34.22116470336914,
      21.861740112304688,
      19.918920516967773,
      13.526288986206055,
      17.931373596191406,
      11.248608589172363,
      17.008943557739258,
      10.922667503356934,
      15.175098419189453,
      12.549418449401855,
      15.078539848327637,
      13.660351753234863,
      13.537958145141602,
      13.1956148147583
    ],
    [
      6.064569473266602,
      8.264131546020508,
      7.950229644775391,
      11.762365341186523,
      21.861740112304688,
      24.113914489746094,
      15.493247985839844,
      14.196306228637695,
      14.521312713623047,
      11.792703628540039,
      13.430133819580078,
      11.123199462890625,
      12.634511947631836,
      12.400396347045898,
      13.294316291809082,
      13.289727210998535,
      12.41923999786377,
      12.46694564819336
    ],
    [
      6.30182409286499,
      8.068995475769043,
      8.444552421569824,
      10.826643943786621,
      19.918920516967773,
      15.493247985839844,
      32.808353424072266,
      21.8945255279541,
      21.39716148376465,
      14.993196487426758,
      18.751310348510742,
      14.086735725402832,
      15.789088249206543,
      14.387287139892578,
      15.044181823730469,
      14.947975158691406,
      15.578500747680664,
      15.966142654418945
    ],
    [
      5.975964546203613,
      7.363422393798828,
      6.673177242279053,
      10.086033821105957,
      13.526288986206055,
      14.196306228637695,
      21.8945255279541,
      25.3648681640625,
      16.83355712890625,
      15.393031120300293,
      15.251852989196777,
      14.937084197998047,
      13.23996639251709,
      14.256292343139648,
      13.583525657653809,
      14.634233474731445,
      14.688668251037598,
      15.486111640930176
    ],
    [
      6.955521583557129,
      8.076366424560547,
      8.841791152954102,
      11.050594329833984,
      17.931373596191406,
      14.521312713623047,
      21.39716148376465,
      16.83355712890625,
      29.117496490478516,
      18.13988494873047,
      20.863893508911133,
      15.009641647338867,
      16.57259178161621,
      15.098677635192871,
      16.932109832763672,
      16.121782302856445,
      16.21662712097168,
      16.360383987426758
    ],
    [
      5.878911018371582,
      6.4959635734558105,
      6.298191070556641,
      9.32821273803711,
      11.248608589172363,
      11.792703628540039,
      14.993196487426758,
      15.393031120300293,
      18.13988494873047,
      17.65338134765625,
      14.430251121520996,
      13.87209701538086,
      12.472200393676758,
      13.34910774230957,
      13.48778247833252,
      14.329453468322754,
      14.24567985534668,
      14.78508186340332
    ],
    [
      6.901761531829834,
      8.081541061401367,
      9.378982543945312,
      10.709811210632324,
      17.008943557739258,
      13.430133819580078,
      18.751310348510742,
      15.251852989196777,
      20.863893508911133,
      14.430251121520996,
      22.165939331054688,
      15.338822364807129,
      17.59625244140625,
      16.001163482666016,
      17.94623374938965,
      17.212617874145508,
      17.49159812927246,
      17.75035285949707
    ],
    [
      5.905545234680176,
      7.075237274169922,
      7.051726341247559,
      9.709827423095703,
      10.922667503356934,
      11.123199462890625,
      14.086735725402832,
      14.937084197998047,
      15.009641647338867,
      13.87209701538086,
      15.338822364807129,
      16.107025146484375,
      14.186241149902344,
      15.522907257080078,
      15.235366821289062,
      16.613431930541992,
      16.35333251953125,
      17.173357009887695
    ],
    [
      6.233921527862549,
      8.58865737915039,
      9.091793060302734,
      10.50628662109375,
      15.175098419189453,
      12.634511947631836,
      15.789088249206543,
      13.23996639251709,
      16.57259178161621,
      12.472200393676758,
      17.59625244140625,
      14.186241149902344,
      22.79657745361328,
      19.758296966552734,
      22.55542755126953,
      21.632823944091797,
      21.89504623413086,
      21.683773040771484
    ],
    [
      6.711724758148193,
      9.103232383728027,
      8.350870132446289,
      10.68995475769043,
      12.549418449401855,
      12.400396347045898,
      14.387287139892578,
      14.256292343139648,
      15.098677635192871,
      13.34910774230957,
      16.001163482666016,
      15.522907257080078,
      19.758296966552734,
      21.701946258544922,
      20.681499481201172,
      22.542524337768555,
      21.785228729248047,
      22.552322387695312
    ],
    [
      7.230720520019531,
      8.76676082611084,
      9.575395584106445,
      11.311999320983887,
      15.078539848327637,
      13.294316291809082,
      15.044181823730469,
      13.583525657653809,
      16.932109832763672,
      13.48778247833252,
      17.94623374938965,
      15.235366821289062,
      22.55542755126953,
      20.681499481201172,
      30.383764266967773,
      27.955881118774414,
      29.34145736694336,
      28.331649780273438
    ],
    [
      8.179131507873535,
      9.180234909057617,
      9.46082592010498,
      11.519240379333496,
      13.660351753234863,
      13.289727210998535,
      14.947975158691406,
      14.634233474731445,
      16.121782302856445,
      14.329453468322754,
      17.212617874145508,
      16.613431930541992,
      21.632823944091797,
      22.542524337768555,
      27.955881118774414,
      30.49022102355957,
      31.34700584411621,
      31.813444137573242
    ],
    [
      8.16242790222168,
      6.8664727210998535,
      9.637799263000488,
      11.080774307250977,
      13.537958145141602,
      12.41923999786377,
      15.578500747680664,
      14.688668251037598,
      16.21662712097168,
      14.24567985534668,
      17.49159812927246,
      16.35333251953125,
      21.89504623413086,
      21.785228729248047,
      29.34145736694336,
      31.34700584411621,
      43.75669479370117,
      43.48618698120117
    ],
    [
      8.304875373840332,
      6.394040584564209,
      8.929805755615234,
      10.617362022399902,
      13.1956148147583,
      12.46694564819336,
      15.966142654418945,
      15.486111640930176,
      16.360383987426758,
      14.78508186340332,
      17.75035285949707,
      17.173357009887695,
      21.683773040771484,
      22.552322387695312,
      28.331649780273438,
      31.813444137573242,
      43.48618698120117,
      46.23888397216797
    ]
  ],
  "drr": 15.090399742126465,
  "dynamics": 2.9407832622528076,
  "format": 1245190,
  "frames": 18823168,
  "loudness": -12.146377563476562,
  "loudness_range": 6.890165328979492,
  "loudness_range_short": 9.918588638305664,
  "peak": 0.06722493469715118,
  "rms": -14.596992492675781,
  "sample_rate": 44100,
  "sections": 1,
  "seekable": 1,
  "sharpness": 2.4793813228607178,
  "space": -7.07607364654541
}