{
  "bands": [
    {
      "high_freq": 148.1999969482422,
      "loudness": -20.615158081054688,
      "loudness_range": 8.426712036132812,
      "mid_mean": -16.95343017578125,
      "mid_to_side_loudness": -22.42940330505371,
      "mid_to_side_loudness_range": 18.55974578857422,
      "side_mean": -39.78703308105469
    },
    {
      "high_freq": 392.3793640136719,
      "loudness": -19.209199905395508,
      "loudness_range": 8.569422721862793,
      "low_freq": 148.1999969482422,
      "mid_mean": -16.439355850219727,
      "mid_to_side_loudness": -7.714104175567627,
      "mid_to_side_loudness_range": 12.530345916748047,
      "side_mean": -24.202423095703125
    },
    {
      "high_freq": 794.6976318359375,
      "loudness": -23.351327896118164,
      "loudness_range": 15.508210182189941,
      "low_freq": 392.3793640136719,
      "mid_mean": -20.81246566772461,
      "mid_to_side_loudness": -6.9665398597717285,
      "mid_to_side_loudness_range": 14.300046920776367,
      "side_mean": -27.70857048034668
    },
    {
      "high_freq": 1457.5709228515625,
      "loudness": -27.615367889404297,
      "loudness_range": 24.3662052154541,
      "low_freq": 794.6976318359375,
      "mid_mean": -24.940317153930664,
      "mid_to_side_loudness": -8.500833511352539,
      "mid_to_side_loudness_range": 14.964296340942383,
      "side_mean": -31.92686653137207
    },
    {
      "high_freq": 2549.74365234375,
      "loudness": -28.380821228027344,
      "loudness_range": 22.004146575927734,
      "low_freq": 1457.5709228515625,
      "mid_mean": -25.72909927368164,
      "mid_to_side_loudness": -8.430663108825684,
      "mid_to_side_loudness_range": 14.807018280029297,
      "side_mean": -33.31626510620117
    },
    {
      "high_freq": 4349.24462890625,
      "loudness": -30.346511840820312,
      "loudness_range": 21.192079544067383,
      "low_freq": 2549.74365234375,
      "mid_mean": -27.403024673461914,
      "mid_to_side_loudness": -9.593642234802246,
      "mid_to_side_loudness_range": 14.6986083984375,
      "side_mean": -36.90515899658203
    },
    {
      "high_freq": 7314.1640625,
      "loudness": -32.385231018066406,
      "loudness_range": 18.674636840820312,
      "low_freq": 4349.24462890625,
      "mid_mean": -29.091703414916992,
      "mid_to_side_loudness": -11.849342346191406,
      "mid_to_side_loudness_range": 11.611161231994629,
      "side_mean": -41.06769943237305
    },
    {
      "high_freq": 12199.2666015625,
      "loudness": -29.441997528076172,
      "loudness_range": 23.578136444091797,
      "low_freq": 7314.1640625,
      "mid_mean": -26.061613082885742,
      "mid_to_side_loudness": -12.973057746887207,
      "mid_to_side_loudness_range": 10.871854782104492,
      "side_mean": -39.31617736816406
    },
    {
      "loudness": -32.60238265991211,
      "loudness_range": 20.631811141967773,
      "low_freq": 12199.2666015625,
      "mid_mean": -29.259660720825195,
      "mid_to_side_loudness": -12.063000679016113,
      "mid_to_side_loudness_range": 10.558536529541016,
      "side_mean": -41.64313507080078
    }
  ],
  "bands_short": [
    {
      "high_freq": 148.1999969482422,
      "loudness": -22.806060791015625,
      "loudness_range": 16.154298782348633,
      "mid_mean": -19.276386260986328,
      "mid_to_side_loudness": -23.835968017578125,
      "mid_to_side_loudness_range": 29.695688247680664,
      "side_mean": -45.0052490234375
    },
    {
      "high_freq": 392.3793640136719,
      "loudness": -19.203109741210938,
      "loudness_range": 10.216397285461426,
      "low_freq": 148.1999969482422,
      "mid_mean": -16.49885368347168,
      "mid_to_side_loudness": -8.297370910644531,
      "mid_to_side_loudness_range": 15.642075538635254,
      "side_mean": -24.84449577331543
    },
    {
      "high_freq": 794.6976318359375,
      "loudness": -23.765670776367188,
      "loudness_range": 17.18863868713379,
      "low_freq": 392.3793640136719,
      "mid_mean": -21.472265243530273,
      "mid_to_side_loudness": -6.585195541381836,
      "mid_to_side_loudness_range": 16.645755767822266,
      "side_mean": -27.91522979736328
    },
    {
      "high_freq": 1457.5709228515625,
      "loudness": -27.992237091064453,
      "loudness_range": 25.236690521240234,
      "low_freq": 794.6976318359375,
      "mid_mean": -25.618980407714844,
      "mid_to_side_loudness": -7.633718013763428,
      "mid_to_side_loudness_range": 16.970808029174805,
      "side_mean": -31.93384552001953
    },
    {
      "high_freq": 2549.74365234375,
      "loudness": -29.355316162109375,
      "loudness_range": 24.39000129699707,
      "low_freq": 1457.5709228515625,
      "mid_mean": -26.96004867553711,
      "mid_to_side_loudness": -7.4913716316223145,
      "mid_to_side_loudness_range": 16.58479118347168,
      "side_mean": -33.647315979003906
    },
    {
      "high_freq": 4349.24462890625,
      "loudness": -31.5900821685791,
      "loudness_range": 23.506311416625977,
      "low_freq": 2549.74365234375,
      "mid_mean": -28.938982009887695,
      "mid_to_side_loudness": -8.315786361694336,
      "mid_to_side_loudness_range": 16.557119369506836,
      "side_mean": -37.12512969970703
    },
    {
      "high_freq": 7314.1640625,
      "loudness": -34.71493148803711,
      "loudness_range": 23.262187957763672,
      "low_freq": 4349.24462890625,
      "mid_mean": -31.670188903808594,
      "mid_to_side_loudness": -10.234274864196777,
      "mid_to_side_loudness_range": 14.789679527282715,
      "side_mean": -42.186424255371094
    },
    {
      "high_freq": 12199.2666015625,
      "loudness": -32.97803497314453,
      "loudness_range": 27.797197341918945,
      "low_freq": 7314.1640625,
      "mid_mean": -29.80233383178711,
      "mid_to_side_loudness": -11.287863731384277,
      "mid_to_side_loudness_range": 14.856185913085938,
      "side_mean": -41.78474807739258
    },
    {
      "loudness": -38.15332794189453,
      "loudness_range": 31.363309860229492,
      "low_freq": 12199.2666015625,
      "mid_mean": -34.95954132080078,
      "mid_to_side_loudness": -10.992883682250977,
      "mid_to_side_loudness_range": 14.112449645996094,
      "side_mean": -46.3303337097168
    }
  ],
  "channels": 2,
  "covariance": [
    [
      12.555217742919922,
      5.776846885681152,
      4.221179008483887,
      2.9094526767730713,
      3.457545757293701,
      2.7058160305023193,
      2.9259068965911865,
      2.7445685863494873,
      3.452540159225464,
      3.5093748569488525,
      3.431668519973755,
      3.3923206329345703,
      1.3807293176651,
      1.8006315231323242,
      -1.5098347663879395,
      -1.0045826435089111,
      -2.569932460784912,
      -2.275747060775757
    ],
    [
      5.776846885681152,
      36.84714126586914,
      7.170516490936279,
      14.67101001739502,
      10.14574146270752,
      19.704574584960938,
      14.366369247436523,
      18.297607421875,
      16.144420623779297,
      17.089454650878906,
      14.422432899475098,
      17.460464477539062,
      11.528379440307617,
      19.27013397216797,
      8.50514030456543,
      16.607351303100586,
      9.182134628295898,
      14.613200187683105
    ],
    [
      4.221179008483887,
      7.170516490936279,
      10.48591423034668,
      11.655327796936035,
      10.7765531539917,
      12.70185375213623,
      10.880233764648438,
      11.119290351867676,
      11.719094276428223,
      10.725664138793945,
      10.957526206970215,
      10.29056453704834,
      8.302209854125977,
      10.65361499786377,
      6.167216777801514,
      9.04412841796875,
      5.215132713317871,
      6.593679904937744
    ],
    [
      2.9094526767730713,
      14.67101001739502,
      11.655327796936035,
      31.591245651245117,
      22.429731369018555,
      36.55830383300781,
      31.750476837158203,
      32.978736877441406,
      30.38465690612793,
      30.226848602294922,
      25.515846252441406,
      30.061111450195312,
      19.182485580444336,
      30.076534271240234,
      17.639381408691406,
      27.164077758789062,
      17.28520393371582,
      23.121694564819336
    ],
    [
      3.457545757293701,
      10.14574146270752,
      10.7765531539917,
      22.429731369018555,
      31.642793655395508,
      35.46232986450195,
      36.8986930847168,
      30.872028350830078,
      34.47179412841797,
      29.7071475982666,
      29.320476531982422,
      29.418487548828125,
      19.18897819519043,
      28.884544372558594,
      14.032856941223145,
      22.628883361816406,
      11.67050552368164,
      16.554931640625
    ],
    [
      2.7058160305023193,
      19.704574584960938,
      12.70185375213623,
      36.55830383300781,
      35.46232986450195,
      66.2049331665039,
      50.34519958496094,
      53.49320983886719,
      46.30779266357422,
      50.766517639160156,
      38.098575592041016,
      50.81330490112305,
      25.15960693359375,
      44.793758392333984,
      19.632469177246094,
      35.722591400146484,
      20.212909698486328,
      29.940876007080078
    ],
    [
      2.9259068965911865,
      14.366369247436523,
      10.880233764648438,
      31.750476837158203,
      36.8986930847168,
      50.34519958496094,
      73.00394439697266,
      51.27586364746094,
      56.69333267211914,
      47.2110595703125,
      41.89997100830078,
      45.8380241394043,
      27.037296295166016,
      43.313621520996094,
      21.201505661010742,
      36.02349853515625,
      21.39336585998535,
      28.97079086303711
    ],
    [
      2.7445685863494873,
      18.297607421875,
      11.119290351867676,
      32.978736877441406,
      30.872028350830078,
      53.49320983886719,
      51.27586364746094,
      68.0353012084961,
      44.73583221435547,
      50.96821975708008,
      34.646705627441406,
      48.00139617919922,
      23.248395919799805,
      41.05080795288086,
      19.086963653564453,
      34.80658721923828,
      21.75376319885254,
      31.490774154663086
    ],
    [
      3.452540159225464,
      16.144420623779297,
      11.719094276428223,
      30.38465690612793,
      34.47179412841797,
      46.30779266357422,
      56.69333267211914,
      44.73583221435547,
      66.6221923828125,
      46.06159591674805,
      49.58091354370117,
      44.85558319091797,
      30.636844635009766,
      45.26801300048828,
      23.651735305786133,
      37.95567321777344,
      20.283519744873047,
      28.146839141845703
    ],
    [
      3.5093748569488525,
      17.089454650878906,
      10.725664138793945,
      30.226848602294922,
      29.7071475982666,
      50.766517639160156,
      47.2110595703125,
      50.96821975708008,
      46.06159591674805,
      63.080238342285156,
      34.780189514160156,
      50.60612487792969,
      21.488252639770508,
      41.47538375854492,
      16.112855911254883,
      32.48792266845703,
      16.71126937866211,
      26.41655158996582
    ],
    [
      3.431668519973755,
      14.422432899475098,
      10.957526206970215,
      25.515846252441406,
      29.320476531982422,
      38.098575592041016,
      41.89997100830078,
      34.646705627441406,
      49.58091354370117,
      34.780189514160156,
      55.17219161987305,
      42.153778076171875,
      32.831809997558594,
      42.32603454589844,
      25.158954620361328,
      35.87388229370117,
      21.976423263549805,
      28.1170597076416
    ],
    [
      3.3923206329345703,
      17.460464477539062,
      10.29056453704834,
      30.061111450195312,
      29.418487548828125,
      50.81330490112305,
      45.8380241394043,
      48.00139617919922,
      44.85558319091797,
      50.60612487792969,
      42.153778076171875,
      61.224815368652344,
      24.25806999206543,
      43.93205261230469,
      16.683996200561523,
      32.51368713378906,
      16.881580352783203,
      27.851377487182617
    ],
    [
      1.3807293176651,
      11.528379440307617,
      8.302209854125977,
      19.182485580444336,
      19.18897819519043,
      25.15960693359375,
      27.037296295166016,
      23.248395919799805,
      30.636844635009766,
      21.488252639770508,
      32.831809997558594,
      24.25806999206543,
      41.69097900390625,
      43.393798828125,
      40.22396469116211,
      45.3194580078125,
      33.5179557800293,
      35.78569793701172
    ],
    [
      1.8006315231323242,
      19.27013397216797,
      10.65361499786377,
      30.076534271240234,
      28.884544372558594,
      44.793758392333984,
      43.313621520996094,
      41.05080795288086,
      45.26801300048828,
      41.47538375854492,
      42.32603454589844,
      43.93205261230469,
      43.393798828125,
      61.597740173339844,
      41.066036224365234,
      57.95661926269531,
      35.14744186401367,
      44.84236526489258
    ],
    [
      -1.5098347663879395,
      8.50514030456543,
      6.167216777801514,
      17.639381408691406,
      14.032856941223145,
      19.632469177246094,
      21.201505661010742,
      19.086963653564453,
      23.651735305786133,
      16.112855911254883,
      25.158954620361328,
      16.683996200561523,
      40.22396469116211,
      41.066036224365234,
      54.78952407836914,
      54.83552932739258,
      48.06467056274414,
      45.7408561706543
    ],
    [
      -1.0045826435089111,
      16.607351303100586,
      9.04412841796875,
      27.164077758789062,
      22.628883361816406,
      35.722591400146484,
      36.02349853515625,
      34.80658721923828,
      37.95567321777344,
      32.48792266845703,
      35.87388229370117,
      32.51368713378906,
      45.3194580078125,
      57.95661926269531,
      54.83552932739258,
      71.89372253417969,
      49.76921081542969,
      59.20146560668945
    ],
    [
      -2.569932460784912,
      9.182134628295898,
      5.215132713317871,
      17.28520393371582,
      11.67050552368164,
      20.212909698486328,
      21.39336585998535,
      21.75376319885254,
      20.283519744873047,
      16.71126937866211,
      21.976423263549805,
      16.881580352783203,
      33.5179557800293,
      35.14744186401367,
      48.06467056274414,
      49.76921081542969,
      56.79306411743164,
      54.560447692871094
    ],
    [
      -2.275747060775757,
      14.613200187683105,
      6.593679904937744,
      23.121694564819336,
      16.554931640625,
      29.940876007080078,
      28.97079086303711,
      31.490774154663086,
      28.146839141845703,
      26.41655158996582,
      28.1170597076416,
      27.851377487182617,
      35.78569793701172,
      44.84236526489258,
      45.7408561706543,
      59.20146560668945,
      54.560447692871094,
      68.84940338134766
    ]
  ],
  "covariance_short": [
    [
      44.88434600830078,
      8.82906723022461,
      9.543744087219238,
      4.407378673553467,
      5.239398002624512,
      5.316856861114502,
      5.006147861480713,
      4.547397136688232,
      5.452299118041992,
      5.337838649749756,
      5.914813041687012,
      4.748051643371582,
      6.5699639320373535,
      5.908558368682861,
      3.9801294803619385,
      2.8272440433502197,
      3.4549171924591064,
      2.9845473766326904
    ],
    [
      8.82906723022461,
      73.17320251464844,
      12.046401977539062,
      23.40071678161621,
      15.462920188903809,
      30.27766227722168,
      20.282573699951172,
      26.913217544555664,
      21.708982467651367,
      24.026018142700195,
      21.846467971801758,
      26.220151901245117,
      18.66636848449707,
      28.010400772094727,
      16.930770874023438,
      27.361858367919922,
      19.095779418945312,
      27.58041000366211
    ],
    [
      9.543744087219238,
      12.046401977539062,
      17.89118003845215,
      12.355862617492676,
      12.460363388061523,
      11.603198051452637,
      10.461596488952637,
      9.51766300201416,
      10.956382751464844,
      9.673808097839355,
      11.323755264282227,
      9.422791481018066,
      9.168524742126465,
      9.905424118041992,
      6.33182430267334,
      8.371481895446777,
      5.891618728637695,
      6.080905437469482
    ],
    [
      4.407378673553467,
      23.40071678161621,
      12.355862617492676,
      37.47553253173828,
      22.020936965942383,
      34.70720672607422,
      28.48160171508789,
      30.552043914794922,
      26.78074073791504,
      28.06324005126953,
      24.556461334228516,
      28.262983322143555,
      19.302013397216797,
      28.48274040222168,
      17.64244270324707,
      27.72059440612793,
      18.107572555541992,
      22.922649383544922
    ],
    [
      5.239398002624512,
      15.462920188903809,
      12.460363388061523,
      22.020936965942383,
      39.761348724365234,
      34.31587600708008,
      37.13340377807617,
      30.98927116394043,
      36.110435485839844,
      29.17633056640625,
      31.56673240661621,
      28.332061767578125,
      21.009843826293945,
      27.499103546142578,
      14.89302921295166,
      23.7276668548584,
      14.745391845703125,
      17.292667388916016
    ],
    [
      5.316856861114502,
      30.27766227722168,
      11.603198051452637,
      34.70720672607422,
      34.31587600708008,
      67.4077377319336,
      46.629398345947266,
      50.73384094238281,
      43.3780403137207,
      47.899478912353516,
      37.01945495605469,
      47.8875732421875,
      26.46513557434082,
      43.106319427490234,
      20.219871520996094,
      37.15675354003906,
      20.85151481628418,
      30.19069480895996
    ],
    [
      5.006147861480713,
      20.282573699951172,
      10.461596488952637,
      28.48160171508789,
      37.13340377807617,
      46.629398345947266,
      77.56029510498047,
      50.51909637451172,
      59.47269058227539,
      45.772274017333984,
      44.84923553466797,
      43.81312561035156,
      29.7323055267334,
      40.603309631347656,
      21.863157272338867,
      36.185665130615234,
      24.773292541503906,
      28.856727600097656
    ],
    [
      4.547397136688232,
      26.913217544555664,
      9.51766300201416,
      30.552043914794922,
      30.98927116394043,
      50.73384094238281,
      50.51909637451172,
      70.54994201660156,
      45.02476501464844,
      50.38877868652344,
      35.93461608886719,
      48.00303649902344,
      25.09345817565918,
      40.69354248046875,
      19.10761833190918,
      35.488990783691406,
      22.142608642578125,
      31.157875061035156
    ],
    [
      5.452299118041992,
      21.708982467651367,
      10.956382751464844,
      26.78074073791504,
      36.110435485839844,
      43.3780403137207,
      59.47269058227539,
      45.02476501464844,
      75.15949249267578,
      47.378990173339844,
      57.126163482666016,
      45.45151138305664,
      35.22712326049805,
      43.12613296508789,
      25.200395584106445,
      37.92672348022461,
      24.430131912231445,
      27.4246826171875
    ],
    [
      5.337838649749756,
      24.026018142700195,
      9.673808097839355,
      28.06324005126953,
      29.17633056640625,
      47.899478912353516,
      45.772274017333984,
      50.38877868652344,
      47.378990173339844,
      64.04781341552734,
      36.70998001098633,
      50.27102279663086,
      23.736614227294922,
      41.94415283203125,
      15.708532333374023,
      33.22623062133789,
      16.537090301513672,
      25.793991088867188
    ],
    [
      5.914813041687012,
      21.846467971801758,
      11.323755264282227,
      24.556461334228516,
      31.56673240661621,
      37.01945495605469,
      44.84923553466797,
      35.93461608886719,
      57.126163482666016,
      36.70998001098633,
      66.17861938476562,
      43.13362503051758,
      43.36658477783203,
      44.4814567565918,
      32.40342330932617,
      39.965824127197266,
      30.901641845703125,
      31.105180740356445
    ],
    [
      4.748051643371582,
      26.220151901245117,
      9.422791481018066,
      28.262983322143555,
      28.332061767578125,
      47.8875732421875,
      43.81312561035156,
      48.00303649902344,
      45.45151138305664,
      50.27102279663086,
      43.13362503051758,
      62.50299072265625,
      26.38752555847168,
      44.845481872558594,
      16.616743087768555,
      33.96845626831055,
      17.80108070373535,
      28.51653289794922
    ],
    [
      6.5699639320373535,
      18.66636848449707,
      9.168524742126465,
      19.302013397216797,
      21.009843826293945,
      26.46513557434082,
      29.7323055267334,
      25.09345817565918,
      35.22712326049805,
      23.736614227294922,
      43.36658477783203,
      26.38752555847168,
      65.21249389648438,
      51.45622634887695,
      62.6376953125,
      59.99545669555664,
      60.62843704223633,
      50.85650634765625
    ],
    [
      5.908558368682861,
      28.010400772094727,
      9.905424118041992,
      28.48274040222168,
      27.499103546142578,
      43.106319427490234,
      40.603309631347656,
      40.69354248046875,
      43.12613296508789,
      41.94415283203125,
      44.4814567565918,
      44.845481872558594,
      51.45622634887695,
      69.49398040771484,
      48.998023986816406,
      67.4964370727539,
      47.71859359741211,
      54.44728088378906
    ],
    [
      3.9801294803619385,
      16.930770874023438,
      6.33182430267334,
      17.64244270324707,
      14.89302921295166,
      20.219871520996094,
      21.863157272338867,
      19.10761833190918,
      25.200395584106445,
      15.708532333374023,
      32.40342330932617,
      16.616743087768555,
      62.6376953125,
      48.998023986816406,
      88.34698486328125,
      73.4504165649414,
      82.97525024414062,
      66.39494323730469
    ],
    [
      2.8272440433502197,
      27.361858367919922,
      8.371481895446777,
      27.72059440612793,
      23.7276668548584,
      37.15675354003906,
      36.185665130615234,
      35.488990783691406,
      37.92672348022461,
      33.22623062133789,
      39.965824127197266,
      33.96845626831055,
      59.99545669555664,
      67.4964370727539,
      73.4504165649414,
      93.11660766601562,
      75.21569061279297,
      78.1651840209961
    ],
    [
      3.4549171924591064,
      19.095779418945312,
      5.891618728637695,
      18.107572555541992,
      14.745391845703125,
      20.85151481628418,
      24.773292541503906,
      22.142608642578125,
      24.430131912231445,
      16.537090301513672,
      30.901641845703125,
      17.80108070373535,
      60.62843704223633,
      47.71859359741211,
      82.97525024414062,
      75.21569061279297,
      106.90278625488281,
      86.61898040771484
    ],
    [
      2.9845473766326904,
      27.58041000366211,
      6.080905437469482,
      22.922649383544922,
      17.292667388916016,
      30.19069480895996,
      28.856727600097656,
      31.157875061035156,
      27.4246826171875,
      25.793991088867188,
      31.105180740356445,
      28.51653289794922,
      50.85650634765625,
      54.44728088378906,
      66.39494323730469,
      78.1651840209961,
      86.61898040771484,
      100.68202209472656
    ]
  ],
  "drr": 16.64947509765625,
  "dynamics": 3.09846830368042,
  "format": 1245190,
  "frames": 10353600,
  "loudness": -10.355998039245605,
  "loudness_range": 7.812473773956299,
  "loudness_range_short": 9.885259628295898,
  "peak": 0.9864828586578369,
  "rms": -12.227887153625488,
  "sample_rate": 44100,
  "sections": 1,
  "seekable": 1,
  "sharpness": 2.3809330463409424,
  "space": -9.814223289489746
}