{
  "bands": [
    {
      "high_freq": 148.1999969482422,
      "loudness": -18.633108139038086,
      "loudness_range": 23.349628448486328,
      "mid_mean": -14.696662902832031,
      "mid_to_side_loudness": -23.800811767578125,
      "mid_to_side_loudness_range": 33.822383880615234,
      "side_mean": -39.488861083984375
    },
    {
      "high_freq": 392.3793640136719,
      "loudness": -18.7565975189209,
      "loudness_range": 7.50606632232666,
      "low_freq": 148.1999969482422,
      "mid_mean": -15.258931159973145,
      "mid_to_side_loudness": -14.73905086517334,
      "mid_to_side_loudness_range": 10.280550003051758,
      "side_mean": -29.93345832824707
    },
    {
      "high_freq": 794.6976318359375,
      "loudness": -20.290775299072266,
      "loudness_range": 8.622824668884277,
      "low_freq": 392.3793640136719,
      "mid_mean": -17.03326416015625,
      "mid_to_side_loudness": -11.413597106933594,
      "mid_to_side_loudness_range": 12.145706176757812,
      "side_mean": -28.37345314025879
    },
    {
      "high_freq": 1457.5709228515625,
      "loudness": -24.511253356933594,
      "loudness_range": 11.025341033935547,
      "low_freq": 794.6976318359375,
      "mid_mean": -21.266183853149414,
      "mid_to_side_loudness": -11.528985977172852,
      "mid_to_side_loudness_range": 12.775840759277344,
      "side_mean": -32.638545989990234
    },
    {
      "high_freq": 2549.74365234375,
      "loudness": -24.35193634033203,
      "loudness_range": 9.680692672729492,
      "low_freq": 1457.5709228515625,
      "mid_mean": -20.993928909301758,
      "mid_to_side_loudness": -12.116753578186035,
      "mid_to_side_loudness_range": 10.940110206604004,
      "side_mean": -33.06661605834961
    },
    {
      "high_freq": 4349.24462890625,
      "loudness": -26.075166702270508,
      "loudness_range": 12.083547592163086,
      "low_freq": 2549.74365234375,
      "mid_mean": -22.622987747192383,
      "mid_to_side_loudness": -14.261123657226562,
      "mid_to_side_loudness_range": 12.895201683044434,
      "side_mean": -36.89344024658203
    },
    {
      "high_freq": 7314.1640625,
      "loudness": -28.358867645263672,
      "loudness_range": 14.111143112182617,
      "low_freq": 4349.24462890625,
      "mid_mean": -24.785703659057617,
      "mid_to_side_loudness": -18.179351806640625,
      "mid_to_side_loudness_range": 15.43309211730957,
      "side_mean": -42.990692138671875
    },
    {
      "high_freq": 12199.2666015625,
      "loudness": -28.83259391784668,
      "loudness_range": 16.139738082885742,
      "low_freq": 7314.1640625,
      "mid_mean": -25.177621841430664,
      "mid_to_side_loudness": -20.574750900268555,
      "mid_to_side_loudness_range": 12.42108154296875,
      "side_mean": -45.84340286254883
    },
    {
      "loudness": -40.05961990356445,
      "loudness_range": 14.82819938659668,
      "low_freq": 12199.2666015625,
      "mid_mean": -36.447689056396484,
      "mid_to_side_loudness": -19.647289276123047,
      "mid_to_side_loudness_range": 16.29523468017578,
      "side_mean": -55.89377212524414
    }
  ],
  "bands_short": [
    {
      "high_freq": 148.1999969482422,
      "loudness": -21.56270980834961,
      "loudness_range": 29.869770050048828,
      "mid_mean": -17.898597717285156,
      "mid_to_side_loudness": -21.250349044799805,
      "mid_to_side_loudness_range": 39.287471771240234,
      "side_mean": -41.31193542480469
    },
    {
      "high_freq": 392.3793640136719,
      "loudness": -20.172990798950195,
      "loudness_range": 12.71785831451416,
      "low_freq": 148.1999969482422,
      "mid_mean": -16.81896209716797,
      "mid_to_side_loudness": -13.676061630249023,
      "mid_to_side_loudness_range": 15.87371826171875,
      "side_mean": -30.389528274536133
    },
    {
      "high_freq": 794.6976318359375,
      "loudness": -21.25525665283203,
      "loudness_range": 13.760302543640137,
      "low_freq": 392.3793640136719,
      "mid_mean": -18.29386329650879,
      "mid_to_side_loudness": -10.893330574035645,
      "mid_to_side_loudness_range": 18.916170120239258,
      "side_mean": -28.928239822387695
    },
    {
      "high_freq": 1457.5709228515625,
      "loudness": -25.51569938659668,
      "loudness_range": 14.720653533935547,
      "low_freq": 794.6976318359375,
      "mid_mean": -22.500776290893555,
      "mid_to_side_loudness": -10.471179008483887,
      "mid_to_side_loudness_range": 16.54252052307129,
      "side_mean": -32.81107711791992
    },
    {
      "high_freq": 2549.74365234375,
      "loudness": -25.67635154724121,
      "loudness_range": 14.158987045288086,
      "low_freq": 1457.5709228515625,
      "mid_mean": -22.53167724609375,
      "mid_to_side_loudness": -10.891425132751465,
      "mid_to_side_loudness_range": 14.687422752380371,
      "side_mean": -33.257911682128906
    },
    {
      "high_freq": 4349.24462890625,
      "loudness": -27.94022560119629,
      "loudness_range": 17.943851470947266,
      "low_freq": 2549.74365234375,
      "mid_mean": -24.70627212524414,
      "mid_to_side_loudness": -12.212090492248535,
      "mid_to_side_loudness_range": 16.270004272460938,
      "side_mean": -36.84388732910156
    },
    {
      "high_freq": 7314.1640625,
      "loudness": -31.57295799255371,
      "loudness_range": 23.850614547729492,
      "low_freq": 4349.24462890625,
      "mid_mean": -28.18479347229004,
      "mid_to_side_loudness": -15.105473518371582,
      "mid_to_side_loudness_range": 20.157297134399414,
      "side_mean": -43.494834899902344
    },
    {
      "high_freq": 12199.2666015625,
      "loudness": -32.23744201660156,
      "loudness_range": 25.711830139160156,
      "low_freq": 7314.1640625,
      "mid_mean": -28.661849975585938,
      "mid_to_side_loudness": -18.4984130859375,
      "mid_to_side_loudness_range": 18.007713317871094,
      "side_mean": -48.218421936035156
    },
    {
      "loudness": -43.626678466796875,
      "loudness_range": 25.654497146606445,
      "low_freq": 12199.2666015625,
      "mid_mean": -40.062679290771484,
      "mid_to_side_loudness": -18.442209243774414,
      "mid_to_side_loudness_range": 19.85024070739746,
      "side_mean": -58.72434616088867
    }
  ],
  "channels": 2,
  "covariance": [
    [
      69.24818420410156,
      15.112224578857422,
      4.379103660583496,
      0.7106378078460693,
      -0.24434040486812592,
      3.3364474773406982,
      6.466747760772705,
      4.791520595550537,
      -2.1555778980255127,
      1.3105762004852295,
      5.047405242919922,
      8.315193176269531,
      0.9767603278160095,
      14.562413215637207,
      0.6536096334457397,
      11.468066215515137,
      3.1761136054992676,
      21.022762298583984
    ],
    [
      15.112224578857422,
      50.38508605957031,
      1.2068568468093872,
      6.2570319175720215,
      1.5731772184371948,
      5.717510223388672,
      0.9328154921531677,
      7.295900344848633,
      4.4586615562438965,
      2.820098876953125,
      -0.23127175867557526,
      5.579171657562256,
      0.40027663111686707,
      7.630472183227539,
      1.2754658460617065,
      5.036777973175049,
      1.9649899005889893,
      8.657805442810059
    ],
    [
      4.379103660583496,
      1.2068568468093872,
      8.39625072479248,
      2.696868419647217,
      2.411940097808838,
      1.0858314037322998,
      1.3537083864212036,
      1.132239818572998,
      1.1481999158859253,
      1.4195239543914795,
      5.384482383728027,
      1.9767606258392334,
      4.8138909339904785,
      2.876549482345581,
      4.852463722229004,
      5.115658760070801,
      3.80012845993042,
      5.3168253898620605
    ],
    [
      0.7106378078460693,
      6.2570319175720215,
      2.696868419647217,
      9.990407943725586,
      0.8569973111152649,
      4.446994304656982,
      -0.1423211544752121,
      3.7062647342681885,
      1.7929129600524902,
      5.092900276184082,
      1.8211060762405396,
      3.9671947956085205,
      1.6869664192199707,
      3.4735755920410156,
      1.406179428100586,
      2.544349431991577,
      1.1165324449539185,
      2.876662492752075
    ],
    [
      -0.24434040486812592,
      1.5731772184371948,
      2.411940097808838,
      0.8569973111152649,
      11.072013854980469,
      1.5169490575790405,
      5.365139007568359,
      1.618076205253601,
      4.502089023590088,
      2.0655007362365723,
      3.7500193119049072,
      2.142587184906006,
      3.3320279121398926,
      3.1431195735931396,
      3.4151687622070312,
      4.681389331817627,
      2.66505765914917,
      4.400093078613281
    ],
    [
      3.3364474773406982,
      5.717510223388672,
      1.0858314037322998,
      4.446994304656982,
      1.5169490575790405,
      10.699654579162598,
      1.0879831314086914,
      5.182459831237793,
      1.9309744834899902,
      5.441504001617432,
      0.6601738333702087,
      5.345284938812256,
      0.7123411297798157,
      4.7875518798828125,
      -0.4122579097747803,
      1.9902764558792114,
      -0.28485772013664246,
      3.085911273956299
    ],
    [
      6.466747760772705,
      0.9328154921531677,
      1.3537083864212036,
      -0.1423211544752121,
      5.365139007568359,
      1.0879831314086914,
      17.378496170043945,
      3.480440855026245,
      5.838731288909912,
      3.3999361991882324,
      8.546374320983887,
      4.740490436553955,
      6.432065963745117,
      7.328498363494873,
      1.984296202659607,
      5.15106725692749,
      2.784782648086548,
      6.733063697814941
    ],
    [
      4.791520595550537,
      7.295900344848633,
      1.132239818572998,
      3.7062647342681885,
      1.618076205253601,
      5.182459831237793,
      3.480440855026245,
      11.148876190185547,
      3.3868274688720703,
      9.035131454467773,
      3.7333412170410156,
      9.344094276428223,
      3.191558599472046,
      10.551240921020508,
      0.850075900554657,
      5.557971000671387,
      0.7572962045669556,
      5.618745803833008
    ],
    [
      -2.1555778980255127,
      4.4586615562438965,
      1.1481999158859253,
      1.7929129600524902,
      4.502089023590088,
      1.9309744834899902,
      5.838731288909912,
      3.3868274688720703,
      12.59521484375,
      4.426543712615967,
      6.10670804977417,
      3.566434621810913,
      4.919084072113037,
      3.9992599487304688,
      2.305025339126587,
      3.4244627952575684,
      2.0662670135498047,
      2.8242685794830322
    ],
    [
      1.3105762004852295,
      2.820098876953125,
      1.4195239543914795,
      5.092900276184082,
      2.0655007362365723,
      5.441504001617432,
      3.3999361991882324,
      9.035131454467773,
      4.426543712615967,
      11.685187339782715,
      3.442810535430908,
      9.10205078125,
      2.8714394569396973,
      9.392528533935547,
      1.0111656188964844,
      4.84451961517334,
      0.5999916791915894,
      4.317373752593994
    ],
    [
      5.047405242919922,
      -0.23127175867557526,
      5.384482383728027,
      1.8211060762405396,
      3.7500193119049072,
      0.6601738333702087,
      8.546374320983887,
      3.7333412170410156,
      6.10670804977417,
      3.442810535430908,
      21.32524871826172,
      7.070102691650391,
      18.35435676574707,
      9.291709899902344,
      10.458148002624512,
      10.755106925964355,
      7.425415515899658,
      11.34130859375
    ],
    [
      8.315193176269531,
      5.579171657562256,
      1.9767606258392334,
      3.9671947956085205,
      2.142587184906006,
      5.345284938812256,
      4.740490436553955,
      9.344094276428223,
      3.566434621810913,
      9.10205078125,
      7.070102691650391,
      11.791501998901367,
      5.254523754119873,
      12.681853294372559,
      2.3569228649139404,
      7.942986965179443,
      1.757692813873291,
      8.81853199005127
    ],
    [
      0.9767603278160095,
      0.40027663111686707,
      4.8138909339904785,
      1.6869664192199707,
      3.3320279121398926,
      0.7123411297798157,
      6.432065963745117,
      3.191558599472046,
      4.919084072113037,
      2.8714394569396973,
      18.35435676574707,
      5.254523754119873,
      27.802997589111328,
      10.748559951782227,
      19.292251586914062,
      14.443244934082031,
      15.530055046081543,
      12.631477355957031
    ],
    [
      14.562413215637207,
      7.630472183227539,
      2.876549482345581,
      3.4735755920410156,
      3.1431195735931396,
      4.7875518798828125,
      7.328498363494873,
      10.551240921020508,
      3.9992599487304688,
      9.392528533935547,
      9.291709899902344,
      12.681853294372559,
      10.748559951782227,
      19.710262298583984,
      5.955090045928955,
      14.398841857910156,
      5.537245273590088,
      14.934364318847656
    ],
    [
      0.6536096334457397,
      1.2754658460617065,
      4.852463722229004,
      1.406179428100586,
      3.4151687622070312,
      -0.4122579097747803,
      1.984296202659607,
      0.850075900554657,
      2.305025339126587,
      1.0111656188964844,
      10.458148002624512,
      2.3569228649139404,
      19.292251586914062,
      5.955090045928955,
      32.25309753417969,
      19.264013290405273,
      25.538501739501953,
      12.929333686828613
    ],
    [
      11.468066215515137,
      5.036777973175049,
      5.115658760070801,
      2.544349431991577,
      4.681389331817627,
      1.9902764558792114,
      5.15106725692749,
      5.557971000671387,
      3.4244627952575684,
      4.84451961517334,
      10.755106925964355,
      7.942986965179443,
      14.443244934082031,
      14.398841857910156,
      19.264013290405273,
      24.802034378051758,
      16.4505615234375,
      22.322599411010742
    ],
    [
      3.1761136054992676,
      1.9649899005889893,
      3.80012845993042,
      1.1165324449539185,
      2.66505765914917,
      -0.28485772013664246,
      2.784782648086548,
      0.7572962045669556,
      2.0662670135498047,
      0.5999916791915894,
      7.425415515899658,
      1.757692813873291,
      15.530055046081543,
      5.537245273590088,
      25.538501739501953,
      16.4505615234375,
      27.93672752380371,
      13.337106704711914
    ],
    [
      21.022762298583984,
      8.657805442810059,
      5.3168253898620605,
      2.876662492752075,
      4.400093078613281,
      3.085911273956299,
      6.733063697814941,
      5.618745803833008,
      2.8242685794830322,
      4.317373752593994,
      11.34130859375,
      8.81853199005127,
      12.631477355957031,
      14.934364318847656,
      12.929333686828613,
      22.322599411010742,
      13.337106704711914,
      31.443008422851562
    ]
  ],
  "covariance_short": [
    [
      121.00393676757812,
      15.076454162597656,
      15.626389503479004,
      2.5891518592834473,
      6.36137580871582,
      1.9393092393875122,
      11.944770812988281,
      7.252504348754883,
      3.8122127056121826,
      2.676375389099121,
      10.681201934814453,
      9.904434204101562,
      11.098079681396484,
      22.12253761291504,
      3.4959192276000977,
      24.491369247436523,
      9.818344116210938,
      35.8385009765625
    ],
    [
      15.076454162597656,
      66.29830932617188,
      2.054750919342041,
      8.80378246307373,
      2.503664493560791,
      5.376056671142578,
      1.3313068151474,
      7.815430641174316,
      4.58324670791626,
      2.2908809185028076,
      1.7904341220855713,
      5.680755615234375,
      3.9072248935699463,
      8.31722640991211,
      3.5036933422088623,
      6.391687393188477,
      4.061262607574463,
      9.222066879272461
    ],
    [
      15.626389503479004,
      2.054750919342041,
      22.941280364990234,
      4.304407119750977,
      8.002487182617188,
      1.040048599243164,
      4.457489490509033,
      1.1485964059829712,
      4.901980400085449,
      1.1995376348495483,
      9.161279678344727,
      1.8323873281478882,
      9.347220420837402,
      3.51293683052063,
      6.155994415283203,
      8.44013500213623,
      6.861234188079834,
      10.521934509277344
    ],
    [
      2.5891518592834473,
      8.80378246307373,
      4.304407119750977,
      15.626507759094238,
      2.4004623889923096,
      4.101666450500488,
      0.15115754306316376,
      3.5537123680114746,
      2.263453483581543,
      3.917553186416626,
      1.3595489263534546,
      3.263782501220703,
      0.9345380067825317,
      3.590343713760376,
      0.8107514977455139,
      3.5214850902557373,
      1.4733824729919434,
      4.158979415893555
    ],
    [
      6.36137580871582,
      2.503664493560791,
      8.002487182617188,
      2.4004623889923096,
      28.398664474487305,
      2.2837038040161133,
      12.089229583740234,
      2.531946897506714,
      12.945114135742188,
      3.0237209796905518,
      12.183080673217773,
      4.0535807609558105,
      10.81700325012207,
      6.349895477294922,
      6.653222560882568,
      11.793402671813965,
      6.577484130859375,
      11.22486686706543
    ],
    [
      1.9393092393875122,
      5.376056671142578,
      1.040048599243164,
      4.101666450500488,
      2.2837038040161133,
      17.067907333374023,
      0.8612741231918335,
      5.309060096740723,
      1.6577882766723633,
      3.7111074924468994,
      1.1932611465454102,
      4.530249118804932,
      0.507525622844696,
      4.747249603271484,
      -0.5207176804542542,
      2.897226572036743,
      -0.5076277852058411,
      3.682468891143799
    ],
    [
      11.944770812988281,
      1.3313068151474,
      4.457489490509033,
      0.15115754306316376,
      12.089229583740234,
      0.8612741231918335,
      29.386240005493164,
      4.53533935546875,
      14.094094276428223,
      4.1986541748046875,
      17.638324737548828,
      6.236512184143066,
      16.872695922851562,
      10.267918586730957,
      6.283054351806641,
      11.480561256408691,
      9.3120698928833,
      12.667487144470215
    ],
    [
      7.252504348754883,
      7.815430641174316,
      1.1485964059829712,
      3.5537123680114746,
      2.531946897506714,
      5.309060096740723,
      4.53533935546875,
      13.841337203979492,
      4.125777721405029,
      7.7971930503845215,
      4.518673419952393,
      8.847683906555176,
      4.3054046630859375,
      11.288552284240723,
      0.4746761918067932,
      7.849338054656982,
      1.4422144889831543,
      7.252338886260986
    ],
    [
      3.8122127056121826,
      4.58324670791626,
      4.901980400085449,
      2.263453483581543,
      12.945114135742188,
      1.6577882766723633,
      14.094094276428223,
      4.125777721405029,
      26.489131927490234,
      5.67586612701416,
      18.94110107421875,
      5.6773600578308105,
      17.869874954223633,
      8.142337799072266,
      10.546085357666016,
      12.337946891784668,
      10.588172912597656,
      10.438347816467285
    ],
    [
      2.676375389099121,
      2.2908809185028076,
      1.1995376348495483,
      3.917553186416626,
      3.0237209796905518,
      3.7111074924468994,
      4.1986541748046875,
      7.7971930503845215,
      5.67586612701416,
      12.161688804626465,
      4.379020690917969,
      8.348058700561523,
      4.00374698638916,
      10.01761531829834,
      0.9223490357398987,
      7.86150598526001,
      1.7223387956619263,
      6.593939781188965
    ],
    [
      10.681201934814453,
      1.7904341220855713,
      9.161279678344727,
      1.3595489263534546,
      12.183080673217773,
      1.1932611465454102,
      17.638324737548828,
      4.518673419952393,
      18.94110107421875,
      4.379020690917969,
      39.15639114379883,
      9.381281852722168,
      37.50511169433594,
      13.766404151916504,
      24.469707489013672,
      21.213239669799805,
      20.550064086914062,
      18.331436157226562
    ],
    [
      9.904434204101562,
      5.680755615234375,
      1.8323873281478882,
      3.263782501220703,
      4.0535807609558105,
      4.530249118804932,
      6.236512184143066,
      8.847683906555176,
      5.6773600578308105,
      8.348058700561523,
      9.381281852722168,
      13.099096298217773,
      7.983781814575195,
      14.462987899780273,
      3.387471914291382,
      11.904433250427246,
      3.925323724746704,
      11.128449440002441
    ],
    [
      11.098079681396484,
      3.9072248935699463,
      9.347220420837402,
      0.9345380067825317,
      10.81700325012207,
      0.507525622844696,
      16.872695922851562,
      4.3054046630859375,
      17.869874954223633,
      4.00374698638916,
      37.50511169433594,
      7.983781814575195,
      63.64549255371094,
      19.38084602355957,
      47.96109390258789,
      35.249210357666016,
      44.55501937866211,
      27.310516357421875
    ],
    [
      22.12253761291504,
      8.31722640991211,
      3.51293683052063,
      3.590343713760376,
      6.349895477294922,
      4.747249603271484,
      10.267918586730957,
      11.288552284240723,
      8.142337799072266,
      10.01761531829834,
      13.766404151916504,
      14.462987899780273,
      19.38084602355957,
      26.947999954223633,
      10.645752906799316,
      25.106536865234375,
      12.280680656433105,
      22.87119483947754
    ],
    [
      3.4959192276000977,
      3.5036933422088623,
      6.155994415283203,
      0.8107514977455139,
      6.653222560882568,
      -0.5207176804542542,
      6.283054351806641,
      0.4746761918067932,
      10.546085357666016,
      0.9223490357398987,
      24.469707489013672,
      3.387471914291382,
      47.96109390258789,
      10.645752906799316,
      72.2776870727539,
      38.58834457397461,
      55.72031021118164,
      24.46248435974121
    ],
    [
      24.491369247436523,
      6.391687393188477,
      8.44013500213623,
      3.5214850902557373,
      11.793402671813965,
      2.897226572036743,
      11.480561256408691,
      7.849338054656982,
      12.337946891784668,
      7.86150598526001,
      21.213239669799805,
      11.904433250427246,
      35.249210357666016,
      25.106536865234375,
      38.58834457397461,
      51.20998764038086,
      37.075374603271484,
      42.02808380126953
    ],
    [
      9.818344116210938,
      4.061262607574463,
      6.861234188079834,
      1.4733824729919434,
      6.577484130859375,
      -0.5076277852058411,
      9.3120698928833,
      1.4422144889831543,
      10.588172912597656,
      1.7223387956619263,
      20.550064086914062,
      3.925323724746704,
      44.55501937866211,
      12.280680656433105,
      55.72031021118164,
      37.075374603271484,
      66.2043228149414,
      29.21207046508789
    ],
    [
      35.8385009765625,
      9.222066879272461,
      10.521934509277344,
      4.158979415893555,
      11.22486686706543,
      3.682468891143799,
      12.667487144470215,
      7.252338886260986,
      10.438347816467285,
      6.593939781188965,
      18.331436157226562,
      11.128449440002441,
      27.310516357421875,
      22.87119483947754,
      24.46248435974121,
      42.02808380126953,
      29.21207046508789,
      55.14311218261719
    ]
  ],
  "drr": 17.4836483001709,
  "dynamics": 2.665447473526001,
  "format": 1245190,
  "frames": 17565696,
  "loudness": -8.237895011901855,
  "loudness_range": 5.599318027496338,
  "loudness_range_short": 10.97103214263916,
  "peak": 0.9447730779647827,
  "rms": -8.846010208129883,
  "sample_rate": 44100,
  "sections": 1,
  "seekable": 1,
  "sharpness": 3.471550226211548,
  "space": -14.91781997680664
}