{
  "bands": [
    {
      "high_freq": 148.1999969482422,
      "loudness": -20.79569435119629,
      "loudness_range": 9.55565071105957,
      "mid_mean": -17.343717575073242,
      "mid_to_side_loudness": -15.081506729125977,
      "mid_to_side_loudness_range": 20.531225204467773,
      "side_mean": -33.828861236572266
    },
    {
      "high_freq": 392.3793640136719,
      "loudness": -20.41176986694336,
      "loudness_range": 8.986920356750488,
      "low_freq": 148.1999969482422,
      "mid_mean": -17.825815200805664,
      "mid_to_side_loudness": -6.188539505004883,
      "mid_to_side_loudness_range": 10.514060020446777,
      "side_mean": -24.15997314453125
    },
    {
      "high_freq": 794.6976318359375,
      "loudness": -22.108434677124023,
      "loudness_range": 11.324640274047852,
      "low_freq": 392.3793640136719,
      "mid_mean": -19.44439125061035,
      "mid_to_side_loudness": -6.669779300689697,
      "mid_to_side_loudness_range": 11.691659927368164,
      "side_mean": -26.41053581237793
    },
    {
      "high_freq": 1457.5709228515625,
      "loudness": -24.276092529296875,
      "loudness_range": 14.663581848144531,
      "low_freq": 794.6976318359375,
      "mid_mean": -21.53746223449707,
      "mid_to_side_loudness": -7.238630771636963,
      "mid_to_side_loudness_range": 12.081186294555664,
      "side_mean": -29.002948760986328
    },
    {
      "high_freq": 2549.74365234375,
      "loudness": -25.52629280090332,
      "loudness_range": 20.995153427124023,
      "low_freq": 1457.5709228515625,
      "mid_mean": -22.632463455200195,
      "mid_to_side_loudness": -8.426814079284668,
      "mid_to_side_loudness_range": 13.929078102111816,
      "side_mean": -31.393692016601562
    },
    {
      "high_freq": 4349.24462890625,
      "loudness": -26.82918357849121,
      "loudness_range": 23.319679260253906,
      "low_freq": 2549.74365234375,
      "mid_mean": -23.895524978637695,
      "mid_to_side_loudness": -8.609851837158203,
      "mid_to_side_loudness_range": 14.854769706726074,
      "side_mean": -33.44704818725586
    },
    {
      "high_freq": 7314.1640625,
      "loudness": -30.15863609313965,
      "loudness_range": 22.789262771606445,
      "low_freq": 4349.24462890625,
      "mid_mean": -27.249563217163086,
      "mid_to_side_loudness": -9.067243576049805,
      "mid_to_side_loudness_range": 15.06612777709961,
      "side_mean": -37.26266860961914
    },
    {
      "high_freq": 12199.2666015625,
      "loudness": -36.75360870361328,
      "loudness_range": 22.05341911315918,
      "low_freq": 7314.1640625,
      "mid_mean": -34.07448959350586,
      "mid_to_side_loudness": -7.472097396850586,
      "mid_to_side_loudness_range": 13.450323104858398,
      "side_mean": -42.11624526977539
    },
    {
      "loudness": -42.72875213623047,
      "loudness_range": 21.944015502929688,
      "low_freq": 12199.2666015625,
      "mid_mean": -40.229469299316406,
      "mid_to_side_loudness": -7.1969170570373535,
      "mid_to_side_loudness_range": 11.958946228027344,
      "side_mean": -48.28961181640625
    }
  ],
  "bands_short": [
    {
      "high_freq": 148.1999969482422,
      "loudness": -23.082693099975586,
      "loudness_range": 16.34548568725586,
      "mid_mean": -19.6251277923584,
      "mid_to_side_loudness": -17.652416229248047,
      "mid_to_side_loudness_range": 26.300561904907227,
      "side_mean": -39.44895553588867
    },
    {
      "high_freq": 392.3793640136719,
      "loudness": -19.9769287109375,
      "loudness_range": 10.207199096679688,
      "low_freq": 148.1999969482422,
      "mid_mean": -17.302696228027344,
      "mid_to_side_loudness": -7.0255889892578125,
      "mid_to_side_loudness_range": 12.995756149291992,
      "side_mean": -24.55112075805664
    },
    {
      "high_freq": 794.6976318359375,
      "loudness": -22.063377380371094,
      "loudness_range": 11.884875297546387,
      "low_freq": 392.3793640136719,
      "mid_mean": -19.536664962768555,
      "mid_to_side_loudness": -6.520419120788574,
      "mid_to_side_loudness_range": 13.942707061767578,
      "side_mean": -26.337509155273438
    },
    {
      "high_freq": 1457.5709228515625,
      "loudness": -24.537952423095703,
      "loudness_range": 16.407833099365234,
      "low_freq": 794.6976318359375,
      "mid_mean": -21.928264617919922,
      "mid_to_side_loudness": -7.059165954589844,
      "mid_to_side_loudness_range": 14.245170593261719,
      "side_mean": -29.250106811523438
    },
    {
      "high_freq": 2549.74365234375,
      "loudness": -26.224828720092773,
      "loudness_range": 22.436111450195312,
      "low_freq": 1457.5709228515625,
      "mid_mean": -23.448253631591797,
      "mid_to_side_loudness": -7.951290130615234,
      "mid_to_side_loudness_range": 15.596025466918945,
      "side_mean": -31.872343063354492
    },
    {
      "high_freq": 4349.24462890625,
      "loudness": -27.49244499206543,
      "loudness_range": 25.810749053955078,
      "low_freq": 2549.74365234375,
      "mid_mean": -24.714374542236328,
      "mid_to_side_loudness": -7.862676620483398,
      "mid_to_side_loudness_range": 16.154937744140625,
      "side_mean": -33.664581298828125
    },
    {
      "high_freq": 7314.1640625,
      "loudness": -31.311325073242188,
      "loudness_range": 26.84308624267578,
      "low_freq": 4349.24462890625,
      "mid_mean": -28.60820960998535,
      "mid_to_side_loudness": -8.036346435546875,
      "mid_to_side_loudness_range": 15.957797050476074,
      "side_mean": -38.04241180419922
    },
    {
      "high_freq": 12199.2666015625,
      "loudness": -39.39457702636719,
      "loudness_range": 27.126991271972656,
      "low_freq": 7314.1640625,
      "mid_mean": -37.09917068481445,
      "mid_to_side_loudness": -6.198318958282471,
      "mid_to_side_loudness_range": 13.091431617736816,
      "side_mean": -44.164371490478516
    },
    {
      "loudness": -47.287933349609375,
      "loudness_range": 29.299278259277344,
      "low_freq": 12199.2666015625,
      "mid_mean": -45.74711227416992,
      "mid_to_side_loudness": -6.544279098510742,
      "mid_to_side_loudness_range": 13.272531509399414,
      "side_mean": -53.56480026245117
    }
  ],
  "channels": 2,
  "covariance": [
    [
      24.632253646850586,
      7.912919521331787,
      5.4279937744140625,
      4.076971530914307,
      1.466127872467041,
      -0.08048947155475616,
      2.344614028930664,
      1.1345189809799194,
      3.277376651763916,
      1.2735213041305542,
      7.804537773132324,
      4.892383575439453,
      7.608124732971191,
      6.008347034454346,
      4.884068489074707,
      4.803709030151367,
      4.985730171203613,
      6.150760173797607
    ],
    [
      7.912919521331787,
      40.389102935791016,
      7.704834938049316,
      9.622715950012207,
      8.521296501159668,
      7.655168056488037,
      12.173355102539062,
      11.299691200256348,
      17.30344009399414,
      14.264371871948242,
      22.83053207397461,
      22.401538848876953,
      23.843076705932617,
      22.76194953918457,
      22.59926414489746,
      25.71245574951172,
      18.626623153686523,
      25.014690399169922
    ],
    [
      5.4279937744140625,
      7.704834938049316,
      15.596138954162598,
      8.863207817077637,
      7.123902797698975,
      2.8678641319274902,
      7.306230068206787,
      3.0477519035339355,
      9.781631469726562,
      4.7255353927612305,
      11.775533676147461,
      8.385619163513184,
      10.479301452636719,
      7.794634819030762,
      8.148884773254395,
      7.026726245880127,
      8.285625457763672,
      11.543010711669922
    ],
    [
      4.076971530914307,
      9.622715950012207,
      8.863207817077637,
      14.629186630249023,
      6.721795082092285,
      7.571835994720459,
      8.40305233001709,
      8.257187843322754,
      11.36551570892334,
      11.178271293640137,
      11.631871223449707,
      13.460479736328125,
      11.809273719787598,
      13.684727668762207,
      11.433738708496094,
      14.830410957336426,
      9.826949119567871,
      15.162028312683105
    ],
    [
      1.466127872467041,
      8.521296501159668,
      7.123902797698975,
      6.721795082092285,
      20.400197982788086,
      12.611424446105957,
      18.16107940673828,
      13.111588478088379,
      26.117530822753906,
      18.97739601135254,
      24.801029205322266,
      22.67396354675293,
      23.0403995513916,
      20.982481002807617,
      19.079195022583008,
      20.775596618652344,
      17.069114685058594,
      22.999961853027344
    ],
    [
      -0.08048947155475616,
      7.655168056488037,
      2.8678641319274902,
      7.571835994720459,
      12.611424446105957,
      20.257715225219727,
      12.351968765258789,
      16.979509353637695,
      16.574588775634766,
      22.134305953979492,
      12.946399688720703,
      20.824602127075195,
      13.081186294555664,
      20.900381088256836,
      14.476181030273438,
      22.603290557861328,
      12.361222267150879,
      21.95650291442871
    ],
    [
      2.344614028930664,
      12.173355102539062,
      7.306230068206787,
      8.40305233001709,
      18.16107940673828,
      12.351968765258789,
      29.836523056030273,
      18.382539749145508,
      34.34761428833008,
      24.227327346801758,
      36.941036224365234,
      30.683759689331055,
      33.89129638671875,
      28.11396026611328,
      25.530431747436523,
      24.883995056152344,
      20.986360549926758,
      25.195425033569336
    ],
    [
      1.1345189809799194,
      11.299691200256348,
      3.0477519035339355,
      8.257187843322754,
      13.111588478088379,
      16.979509353637695,
      18.382539749145508,
      24.44735336303711,
      21.87883949279785,
      25.95113182067871,
      19.790700912475586,
      26.99095344543457,
      19.201671600341797,
      26.50995445251465,
      18.713550567626953,
      26.702369689941406,
      15.28591537475586,
      25.193174362182617
    ],
    [
      3.277376651763916,
      17.30344009399414,
      9.781631469726562,
      11.36551570892334,
      26.117530822753906,
      16.574588775634766,
      34.34761428833008,
      21.87883949279785,
      57.20996856689453,
      37.180824279785156,
      57.91189193725586,
      44.89373016357422,
      51.79642105102539,
      39.82984924316406,
      38.14592361450195,
      34.24756622314453,
      31.990951538085938,
      36.803802490234375
    ],
    [
      1.2735213041305542,
      14.264371871948242,
      4.7255353927612305,
      11.178271293640137,
      18.97739601135254,
      22.134305953979492,
      24.227327346801758,
      25.95113182067871,
      37.180824279785156,
      40.58354949951172,
      33.492801666259766,
      40.212711334228516,
      30.292808532714844,
      36.47650909423828,
      26.41417694091797,
      34.04332733154297,
      22.173377990722656,
      32.65849304199219
    ],
    [
      7.804537773132324,
      22.83053207397461,
      11.775533676147461,
      11.631871223449707,
      24.801029205322266,
      12.946399688720703,
      36.941036224365234,
      19.790700912475586,
      57.91189193725586,
      33.492801666259766,
      77.58897399902344,
      48.2666130065918,
      67.42090606689453,
      46.80552673339844,
      48.83573532104492,
      39.6502685546875,
      39.28718185424805,
      38.693359375
    ],
    [
      4.892383575439453,
      22.401538848876953,
      8.385619163513184,
      13.460479736328125,
      22.67396354675293,
      20.824602127075195,
      30.683759689331055,
      26.99095344543457,
      44.89373016357422,
      40.212711334228516,
      48.2666130065918,
      54.77029800415039,
      44.145721435546875,
      48.30894088745117,
      37.15195083618164,
      43.89063262939453,
      30.790910720825195,
      41.8369255065918
    ],
    [
      7.608124732971191,
      23.843076705932617,
      10.479301452636719,
      11.809273719787598,
      23.0403995513916,
      13.081186294555664,
      33.89129638671875,
      19.201671600341797,
      51.79642105102539,
      30.292808532714844,
      67.42090606689453,
      44.145721435546875,
      74.18931579589844,
      47.27212142944336,
      56.83069610595703,
      45.2815055847168,
      46.35698318481445,
      42.52013397216797
    ],
    [
      6.008347034454346,
      22.76194953918457,
      7.794634819030762,
      13.684727668762207,
      20.982481002807617,
      20.900381088256836,
      28.11396026611328,
      26.50995445251465,
      39.82984924316406,
      36.47650909423828,
      46.80552673339844,
      48.30894088745117,
      47.27212142944336,
      57.46099090576172,
      42.945308685302734,
      54.06559753417969,
      35.97380447387695,
      49.980403900146484
    ],
    [
      4.884068489074707,
      22.59926414489746,
      8.148884773254395,
      11.433738708496094,
      19.079195022583008,
      14.476181030273438,
      25.530431747436523,
      18.713550567626953,
      38.14592361450195,
      26.41417694091797,
      48.83573532104492,
      37.15195083618164,
      56.83069610595703,
      42.945308685302734,
      59.56740951538086,
      50.5113525390625,
      51.033294677734375,
      49.93413162231445
    ],
    [
      4.803709030151367,
      25.71245574951172,
      7.026726245880127,
      14.830410957336426,
      20.775596618652344,
      22.603290557861328,
      24.883995056152344,
      26.702369689941406,
      34.24756622314453,
      34.04332733154297,
      39.6502685546875,
      43.89063262939453,
      45.2815055847168,
      54.06559753417969,
      50.5113525390625,
      72.28730773925781,
      44.79679489135742,
      66.44466400146484
    ],
    [
      4.985730171203613,
      18.626623153686523,
      8.285625457763672,
      9.826949119567871,
      17.069114685058594,
      12.361222267150879,
      20.986360549926758,
      15.28591537475586,
      31.990951538085938,
      22.173377990722656,
      39.28718185424805,
      30.790910720825195,
      46.35698318481445,
      35.97380447387695,
      51.033294677734375,
      44.79679489135742,
      57.68680191040039,
      52.08649826049805
    ],
    [
      6.150760173797607,
      25.014690399169922,
      11.543010711669922,
      15.162028312683105,
      22.999961853027344,
      21.95650291442871,
      25.195425033569336,
      25.193174362182617,
      36.803802490234375,
      32.65849304199219,
      38.693359375,
      41.8369255065918,
      42.52013397216797,
      49.980403900146484,
      49.93413162231445,
      66.44466400146484,
      52.08649826049805,
      84.60987854003906
    ]
  ],
  "covariance_short": [
    [
      41.08763885498047,
      8.792277336120605,
      7.2750468254089355,
      5.359593868255615,
      1.052703619003296,
      0.9337908029556274,
      2.101240873336792,
      2.9011003971099854,
      3.1311306953430176,
      2.366387367248535,
      7.0356292724609375,
      5.605216979980469,
      7.22078275680542,
      7.529059410095215,
      5.992330074310303,
      8.215718269348145,
      4.1605658531188965,
      8.48019790649414
    ],
    [
      8.792277336120605,
      56.05321502685547,
      9.522385597229004,
      15.717133522033691,
      9.511768341064453,
      7.709743022918701,
      16.066783905029297,
      13.497391700744629,
      21.340612411499023,
      16.610265731811523,
      29.763713836669922,
      26.443716049194336,
      31.929668426513672,
      30.18955421447754,
      33.47332763671875,
      35.55038833618164,
      33.89729690551758,
      37.897483825683594
    ],
    [
      7.2750468254089355,
      9.522385597229004,
      17.35203742980957,
      9.299050331115723,
      7.021075248718262,
      1.973792552947998,
      7.108381271362305,
      2.9184041023254395,
      8.906238555908203,
      3.5129597187042236,
      12.867587089538574,
      8.492609024047852,
      12.947219848632812,
      9.809329986572266,
      10.783479690551758,
      9.612333297729492,
      14.198497772216797,
      12.687273025512695
    ],
    [
      5.359593868255615,
      15.717133522033691,
      9.299050331115723,
      19.993595123291016,
      7.1170244216918945,
      7.965836048126221,
      10.30881118774414,
      10.33430290222168,
      13.047900199890137,
      12.5445556640625,
      14.692400932312012,
      16.123430252075195,
      15.276970863342285,
      17.365310668945312,
      17.038999557495117,
      20.190629959106445,
      19.882688522338867,
      23.67764663696289
    ],
    [
      1.052703619003296,
      9.511768341064453,
      7.021075248718262,
      7.1170244216918945,
      23.338260650634766,
      10.91703987121582,
      19.151525497436523,
      12.156412124633789,
      26.611167907714844,
      17.491985321044922,
      26.719202041625977,
      21.529085159301758,
      25.102041244506836,
      21.345352172851562,
      23.320316314697266,
      22.879526138305664,
      26.348575592041016,
      24.488767623901367
    ],
    [
      0.9337908029556274,
      7.709743022918701,
      1.973792552947998,
      7.965836048126221,
      10.91703987121582,
      20.740097045898438,
      12.712733268737793,
      16.298322677612305,
      15.668612480163574,
      20.222671508789062,
      13.05026626586914,
      19.577714920043945,
      13.516205787658691,
      19.998685836791992,
      17.730276107788086,
      23.13401985168457,
      19.922800064086914,
      26.274335861206055
    ],
    [
      2.101240873336792,
      16.066783905029297,
      7.108381271362305,
      10.30881118774414,
      19.151525497436523,
      12.712733268737793,
      38.4399528503418,
      21.918725967407227,
      40.203922271728516,
      27.772846221923828,
      44.79606246948242,
      34.82310485839844,
      42.955806732177734,
      33.88911056518555,
      37.4681396484375,
      33.738094329833984,
      37.706817626953125,
      32.2262077331543
    ],
    [
      2.9011003971099854,
      13.497391700744629,
      2.9184041023254395,
      10.33430290222168,
      12.156412124633789,
      16.298322677612305,
      21.918725967407227,
      29.815771102905273,
      24.1405086517334,
      27.987899780273438,
      23.146610260009766,
      29.45455551147461,
      22.97771644592285,
      29.643047332763672,
      26.495779037475586,
      32.29724884033203,
      27.655229568481445,
      35.07744598388672
    ],
    [
      3.1311306953430176,
      21.340612411499023,
      8.906238555908203,
      13.047900199890137,
      26.611167907714844,
      15.668612480163574,
      40.203922271728516,
      24.1405086517334,
      66.98443603515625,
      39.380096435546875,
      67.928955078125,
      47.9593620300293,
      63.13396453857422,
      45.40498352050781,
      52.38639450073242,
      43.02822494506836,
      54.34966278076172,
      42.75663375854492
    ],
    [
      2.366387367248535,
      16.610265731811523,
      3.5129597187042236,
      12.5445556640625,
      17.491985321044922,
      20.222671508789062,
      27.772846221923828,
      27.987899780273438,
      39.380096435546875,
      44.0223503112793,
      38.29761505126953,
      42.642879486083984,
      35.61991882324219,
      40.33979034423828,
      36.64618682861328,
      40.553619384765625,
      39.294803619384766,
      43.7761344909668
    ],
    [
      7.0356292724609375,
      29.763713836669922,
      12.867587089538574,
      14.692400932312012,
      26.719202041625977,
      13.05026626586914,
      44.79606246948242,
      23.146610260009766,
      67.928955078125,
      38.29761505126953,
      93.05171203613281,
      54.82766342163086,
      83.41641998291016,
      56.89563751220703,
      66.3700942993164,
      52.50395584106445,
      62.72758483886719,
      46.3862419128418
    ],
    [
      5.605216979980469,
      26.443716049194336,
      8.492609024047852,
      16.123430252075195,
      21.529085159301758,
      19.577714920043945,
      34.82310485839844,
      29.45455551147461,
      47.9593620300293,
      42.642879486083984,
      54.82766342163086,
      59.731693267822266,
      51.75918960571289,
      54.70475387573242,
      50.44181442260742,
      53.393070220947266,
      52.80398941040039,
      53.22861862182617
    ],
    [
      7.22078275680542,
      31.929668426513672,
      12.947219848632812,
      15.276970863342285,
      25.102041244506836,
      13.516205787658691,
      42.955806732177734,
      22.97771644592285,
      63.13396453857422,
      35.61991882324219,
      83.41641998291016,
      51.75918960571289,
      97.14567565917969,
      60.23108673095703,
      79.36141204833984,
      61.47104263305664,
      71.22164916992188,
      52.34334182739258
    ],
    [
      7.529059410095215,
      30.18955421447754,
      9.809329986572266,
      17.365310668945312,
      21.345352172851562,
      19.998685836791992,
      33.88911056518555,
      29.643047332763672,
      45.40498352050781,
      40.33979034423828,
      56.89563751220703,
      54.70475387573242,
      60.23108673095703,
      71.39288330078125,
      61.94415283203125,
      70.30146026611328,
      63.035762786865234,
      68.5138931274414
    ],
    [
      5.992330074310303,
      33.47332763671875,
      10.783479690551758,
      17.038999557495117,
      23.320316314697266,
      17.730276107788086,
      37.4681396484375,
      26.495779037475586,
      52.38639450073242,
      36.64618682861328,
      66.3700942993164,
      50.44181442260742,
      79.36141204833984,
      61.94415283203125,
      92.53241729736328,
      77.41839599609375,
      87.3461685180664,
      75.94241333007812
    ],
    [
      8.215718269348145,
      35.55038833618164,
      9.612333297729492,
      20.190629959106445,
      22.879526138305664,
      23.13401985168457,
      33.738094329833984,
      32.29724884033203,
      43.02822494506836,
      40.553619384765625,
      52.50395584106445,
      53.393070220947266,
      61.47104263305664,
      70.30146026611328,
      77.41839599609375,
      98.76717376708984,
      80.30997467041016,
      97.72990417480469
    ],
    [
      4.1605658531188965,
      33.89729690551758,
      14.198497772216797,
      19.882688522338867,
      26.348575592041016,
      19.922800064086914,
      37.706817626953125,
      27.655229568481445,
      54.34966278076172,
      39.294803619384766,
      62.72758483886719,
      52.80398941040039,
      71.22164916992188,
      63.035762786865234,
      87.3461685180664,
      80.30997467041016,
      112.9928970336914,
      99.00120544433594
    ],
    [
      8.48019790649414,
      37.897483825683594,
      12.687273025512695,
      23.67764663696289,
      24.488767623901367,
      26.274335861206055,
      32.2262077331543,
      35.07744598388672,
      42.75663375854492,
      43.7761344909668,
      46.3862419128418,
      53.22861862182617,
      52.34334182739258,
      68.5138931274414,
      75.94241333007812,
      97.72990417480469,
      99.00120544433594,
      135.9181365966797
    ]
  ],
  "drr": 12.124995231628418,
  "dynamics": 3.308251142501831,
  "format": 1245190,
  "frames": 12081088,
  "loudness": -10.529684066772461,
  "loudness_range": 8.97342300415039,
  "loudness_range_short": 10.014602661132812,
  "peak": 0.9319993257522583,
  "rms": -12.17693042755127,
  "sample_rate": 44100,
  "sections": 1,
  "seekable": 1,
  "sharpness": 1.6425143480300903,
  "space": -8.821720123291016
}