{
  "bands": [
    {
      "high_freq": 148.1999969482422,
      "loudness": -17.959505081176758,
      "loudness_range": 7.485908508300781,
      "mid_mean": -14.352469444274902,
      "mid_to_side_loudness": -20.571056365966797,
      "mid_to_side_loudness_range": 15.566323280334473,
      "side_mean": -34.313941955566406
    },
    {
      "high_freq": 392.3793640136719,
      "loudness": -19.93689727783203,
      "loudness_range": 7.512232780456543,
      "low_freq": 148.1999969482422,
      "mid_mean": -17.426462173461914,
      "mid_to_side_loudness": -6.777401447296143,
      "mid_to_side_loudness_range": 11.66830062866211,
      "side_mean": -23.945831298828125
    },
    {
      "high_freq": 794.6976318359375,
      "loudness": -24.51321792602539,
      "loudness_range": 14.58584976196289,
      "low_freq": 392.3793640136719,
      "mid_mean": -21.863365173339844,
      "mid_to_side_loudness": -7.856832027435303,
      "mid_to_side_loudness_range": 13.945879936218262,
      "side_mean": -29.5662784576416
    },
    {
      "high_freq": 1457.5709228515625,
      "loudness": -27.602529525756836,
      "loudness_range": 20.632898330688477,
      "low_freq": 794.6976318359375,
      "mid_mean": -25.083236694335938,
      "mid_to_side_loudness": -6.88655424118042,
      "mid_to_side_loudness_range": 13.615111351013184,
      "side_mean": -32.15110397338867
    },
    {
      "high_freq": 2549.74365234375,
      "loudness": -26.370149612426758,
      "loudness_range": 18.68386459350586,
      "low_freq": 1457.5709228515625,
      "mid_mean": -24.50181770324707,
      "mid_to_side_loudness": -4.2114996910095215,
      "mid_to_side_loudness_range": 12.625409126281738,
      "side_mean": -28.857500076293945
    },
    {
      "high_freq": 4349.24462890625,
      "loudness": -30.714197158813477,
      "loudness_range": 19.99200439453125,
      "low_freq": 2549.74365234375,
      "mid_mean": -28.55855369567871,
      "mid_to_side_loudness": -5.282529354095459,
      "mid_to_side_loudness_range": 13.422466278076172,
      "side_mean": -34.1364631652832
    },
    {
      "high_freq": 7314.1640625,
      "loudness": -37.98187255859375,
      "loudness_range": 20.654930114746094,
      "low_freq": 4349.24462890625,
      "mid_mean": -34.944759368896484,
      "mid_to_side_loudness": -9.084711074829102,
      "mid_to_side_loudness_range": 15.856256484985352,
      "side_mean": -45.02040100097656
    },
    {
      "high_freq": 12199.2666015625,
      "loudness": -39.98497009277344,
      "loudness_range": 21.924917221069336,
      "low_freq": 7314.1640625,
      "mid_mean": -36.657833099365234,
      "mid_to_side_loudness": -11.543549537658691,
      "mid_to_side_loudness_range": 18.392539978027344,
      "side_mean": -50.850772857666016
    },
    {
      "loudness": -52.45909881591797,
      "loudness_range": 21.809600830078125,
      "low_freq": 12199.2666015625,
      "mid_mean": -50.0349006652832,
      "mid_to_side_loudness": -10.517675399780273,
      "mid_to_side_loudness_range": 17.79999542236328,
      "side_mean": -59.77505874633789
    }
  ],
  "bands_short": [
    {
      "high_freq": 148.1999969482422,
      "loudness": -20.28124237060547,
      "loudness_range": 13.32778263092041,
      "mid_mean": -16.723472595214844,
      "mid_to_side_loudness": -21.977380752563477,
      "mid_to_side_loudness_range": 23.346378326416016,
      "side_mean": -38.43205261230469
    },
    {
      "high_freq": 392.3793640136719,
      "loudness": -19.130859375,
      "loudness_range": 8.480255126953125,
      "low_freq": 148.1999969482422,
      "mid_mean": -16.31361198425293,
      "mid_to_side_loudness": -8.891044616699219,
      "mid_to_side_loudness_range": 14.343191146850586,
      "side_mean": -24.754295349121094
    },
    {
      "high_freq": 794.6976318359375,
      "loudness": -24.802837371826172,
      "loudness_range": 15.98336410522461,
      "low_freq": 392.3793640136719,
      "mid_mean": -22.367055892944336,
      "mid_to_side_loudness": -7.15694522857666,
      "mid_to_side_loudness_range": 15.650341033935547,
      "side_mean": -29.375497817993164
    },
    {
      "high_freq": 1457.5709228515625,
      "loudness": -28.279491424560547,
      "loudness_range": 22.43767547607422,
      "low_freq": 794.6976318359375,
      "mid_mean": -25.997926712036133,
      "mid_to_side_loudness": -6.551527976989746,
      "mid_to_side_loudness_range": 15.806134223937988,
      "side_mean": -32.7738151550293
    },
    {
      "high_freq": 2549.74365234375,
      "loudness": -27.250167846679688,
      "loudness_range": 21.003992080688477,
      "low_freq": 1457.5709228515625,
      "mid_mean": -25.615602493286133,
      "mid_to_side_loudness": -4.0485382080078125,
      "mid_to_side_loudness_range": 14.822698593139648,
      "side_mean": -29.715662002563477
    },
    {
      "high_freq": 4349.24462890625,
      "loudness": -32.059364318847656,
      "loudness_range": 23.491479873657227,
      "low_freq": 2549.74365234375,
      "mid_mean": -30.171924591064453,
      "mid_to_side_loudness": -4.879286289215088,
      "mid_to_side_loudness_range": 14.760009765625,
      "side_mean": -35.38239669799805
    },
    {
      "high_freq": 7314.1640625,
      "loudness": -40.70563888549805,
      "loudness_range": 25.362783432006836,
      "low_freq": 4349.24462890625,
      "mid_mean": -38.160770416259766,
      "mid_to_side_loudness": -7.714070796966553,
      "mid_to_side_loudness_range": 15.97835922241211,
      "side_mean": -46.79096603393555
    },
    {
      "high_freq": 12199.2666015625,
      "loudness": -42.37268829345703,
      "loudness_range": 29.099637985229492,
      "low_freq": 7314.1640625,
      "mid_mean": -39.94252014160156,
      "mid_to_side_loudness": -11.016243934631348,
      "mid_to_side_loudness_range": 18.713909149169922,
      "side_mean": -53.23347473144531
    },
    {
      "loudness": -54.9618034362793,
      "loudness_range": 24.103477478027344,
      "low_freq": 12199.2666015625,
      "mid_mean": -52.21510314941406,
      "mid_to_side_loudness": -11.02122688293457,
      "mid_to_side_loudness_range": 20.210697174072266,
      "side_mean": -62.007564544677734
    }
  ],
  "channels": 2,
  "covariance": [
    [
      11.724421501159668,
      5.585790634155273,
      0.9229471683502197,
      1.1941794157028198,
      1.2941499948501587,
      2.5468156337738037,
      -1.1420636177062988,
      0.857090413570404,
      0.48740354180336,
      2.0891828536987305,
      -0.5555316805839539,
      -0.4037509560585022,
      0.3544260561466217,
      0.4089225232601166,
      1.370957612991333,
      7.051980495452881,
      6.671696662902832,
      2.713425874710083
    ],
    [
      5.585790634155273,
      27.84914207458496,
      4.875702857971191,
      8.341938972473145,
      5.186010837554932,
      4.728916645050049,
      2.6037909984588623,
      3.9688217639923096,
      4.209574222564697,
      7.007482051849365,
      2.095050573348999,
      3.826174259185791,
      3.724644899368286,
      5.768625736236572,
      3.343982219696045,
      10.619502067565918,
      10.522040367126465,
      9.444275856018066
    ],
    [
      0.9229471683502197,
      4.875702857971191,
      13.17890739440918,
      5.399155139923096,
      7.120773792266846,
      3.1017966270446777,
      1.9350669384002686,
      -0.5644696950912476,
      0.4604514241218567,
      -0.5001450181007385,
      -0.3181805908679962,
      -1.7052905559539795,
      -0.9265135526657104,
      0.46785858273506165,
      3.974325656890869,
      7.554673671722412,
      8.574515342712402,
      2.7374229431152344
    ],
    [
      1.1941794157028198,
      8.341938972473145,
      5.399155139923096,
      13.755438804626465,
      4.0164361000061035,
      7.136105060577393,
      2.9163572788238525,
      5.375657558441162,
      3.404512643814087,
      7.539913177490234,
      1.5679435729980469,
      5.771305084228516,
      -1.4657530784606934,
      3.0033395290374756,
      -1.933348298072815,
      7.326467514038086,
      5.139492034912109,
      7.687351703643799
    ],
    [
      1.2941499948501587,
      5.186010837554932,
      7.120773792266846,
      4.0164361000061035,
      32.817787170410156,
      17.828166961669922,
      24.67781639099121,
      17.270957946777344,
      19.625160217285156,
      15.532401084899902,
      20.469148635864258,
      13.84732723236084,
      12.539381980895996,
      14.259655952453613,
      16.042293548583984,
      20.183137893676758,
      17.56886863708496,
      9.621971130371094
    ],
    [
      2.5468156337738037,
      4.728916645050049,
      3.1017966270446777,
      7.136105060577393,
      17.828166961669922,
      25.18885612487793,
      21.27472686767578,
      23.761686325073242,
      19.437580108642578,
      24.015243530273438,
      19.534555435180664,
      22.895841598510742,
      6.651568412780762,
      15.150355339050293,
      7.168527603149414,
      19.600421905517578,
      9.722909927368164,
      13.247891426086426
    ],
    [
      -1.1420636177062988,
      2.6037909984588623,
      1.9350669384002686,
      2.9163572788238525,
      24.67781639099121,
      21.27472686767578,
      52.97641372680664,
      36.59298324584961,
      35.59235763549805,
      29.51020050048828,
      32.802764892578125,
      27.624691009521484,
      17.936073303222656,
      23.673376083374023,
      15.71589183807373,
      27.854402542114258,
      17.267192840576172,
      16.44468879699707
    ],
    [
      0.857090413570404,
      3.9688217639923096,
      -0.5644696950912476,
      5.375657558441162,
      17.270957946777344,
      23.761686325073242,
      36.59298324584961,
      43.946598052978516,
      31.73095703125,
      39.85526657104492,
      27.98526954650879,
      33.641090393066406,
      11.086731910705566,
      22.571929931640625,
      3.704292058944702,
      23.219030380249023,
      10.099847793579102,
      17.75503921508789
    ],
    [
      0.48740354180336,
      4.209574222564697,
      0.4604514241218567,
      3.404512643814087,
      19.625160217285156,
      19.437580108642578,
      35.59235763549805,
      31.73095703125,
      44.65316390991211,
      36.749820709228516,
      38.58704376220703,
      31.965017318725586,
      20.84851837158203,
      27.091890335083008,
      16.209407806396484,
      27.682598114013672,
      17.83794403076172,
      16.774513244628906
    ],
    [
      2.0891828536987305,
      7.007482051849365,
      -0.5001450181007385,
      7.539913177490234,
      15.532401084899902,
      24.015243530273438,
      29.51020050048828,
      39.85526657104492,
      36.749820709228516,
      52.57296371459961,
      27.745134353637695,
      38.53327560424805,
      7.743022918701172,
      23.241804122924805,
      -0.7418431043624878,
      21.980148315429688,
      9.351017951965332,
      19.644325256347656
    ],
    [
      -0.5555316805839539,
      2.095050573348999,
      -0.3181805908679962,
      1.5679435729980469,
      20.469148635864258,
      19.534555435180664,
      32.802764892578125,
      27.98526954650879,
      38.58704376220703,
      27.745134353637695,
      51.67235565185547,
      35.16256332397461,
      36.13983917236328,
      35.8753547668457,
      31.145475387573242,
      36.52253341674805,
      26.326045989990234,
      19.493915557861328
    ],
    [
      -0.4037509560585022,
      3.826174259185791,
      -1.7052905559539795,
      5.771305084228516,
      13.84732723236084,
      22.895841598510742,
      27.624691009521484,
      33.641090393066406,
      31.965017318725586,
      38.53327560424805,
      35.16256332397461,
      44.07151794433594,
      15.23340892791748,
      28.887529373168945,
      6.884665012359619,
      26.962514877319336,
      11.63715934753418,
      21.490398406982422
    ],
    [
      0.3544260561466217,
      3.724644899368286,
      -0.9265135526657104,
      -1.4657530784606934,
      12.539381980895996,
      6.651568412780762,
      17.936073303222656,
      11.086731910705566,
      20.84851837158203,
      7.743022918701172,
      36.13983917236328,
      15.23340892791748,
      58.82883834838867,
      37.57325744628906,
      46.4605598449707,
      36.50006866455078,
      36.06945037841797,
      17.84550666809082
    ],
    [
      0.4089225232601166,
      5.768625736236572,
      0.46785858273506165,
      3.0033395290374756,
      14.259655952453613,
      15.150355339050293,
      23.673376083374023,
      22.571929931640625,
      27.091890335083008,
      23.241804122924805,
      35.8753547668457,
      28.887529373168945,
      37.57325744628906,
      45.25028610229492,
      27.51032257080078,
      40.16886520385742,
      28.75502586364746,
      24.720582962036133
    ],
    [
      1.370957612991333,
      3.343982219696045,
      3.974325656890869,
      -1.933348298072815,
      16.042293548583984,
      7.168527603149414,
      15.71589183807373,
      3.704292058944702,
      16.209407806396484,
      -0.7418431043624878,
      31.145475387573242,
      6.884665012359619,
      46.4605598449707,
      27.51032257080078,
      64.1733627319336,
      37.77931213378906,
      43.170677185058594,
      14.841178894042969
    ],
    [
      7.051980495452881,
      10.619502067565918,
      7.554673671722412,
      7.326467514038086,
      20.183137893676758,
      19.600421905517578,
      27.854402542114258,
      23.219030380249023,
      27.682598114013672,
      21.980148315429688,
      36.52253341674805,
      26.962514877319336,
      36.50006866455078,
      40.16886520385742,
      37.77931213378906,
      66.08721923828125,
      55.35379409790039,
      38.14387130737305
    ],
    [
      6.671696662902832,
      10.522040367126465,
      8.574515342712402,
      5.139492034912109,
      17.56886863708496,
      9.722909927368164,
      17.267192840576172,
      10.099847793579102,
      17.83794403076172,
      9.351017951965332,
      26.326045989990234,
      11.63715934753418,
      36.06945037841797,
      28.75502586364746,
      43.170677185058594,
      55.35379409790039,
      64.27478790283203,
      31.66733169555664
    ],
    [
      2.713425874710083,
      9.444275856018066,
      2.7374229431152344,
      7.687351703643799,
      9.621971130371094,
      13.247891426086426,
      16.44468879699707,
      17.75503921508789,
      16.774513244628906,
      19.644325256347656,
      19.493915557861328,
      21.490398406982422,
      17.84550666809082,
      24.720582962036133,
      14.841178894042969,
      38.14387130737305,
      31.66733169555664,
      33.449947357177734
    ]
  ],
  "covariance_short": [
    [
      33.25730895996094,
      10.354724884033203,
      1.4760345220565796,
      1.3781901597976685,
      0.8570031523704529,
      2.596628427505493,
      -1.3399698734283447,
      1.2533684968948364,
      0.7819564342498779,
      1.3497490882873535,
      0.5162423253059387,
      0.5651132464408875,
      1.2453023195266724,
      1.3685691356658936,
      3.429107904434204,
      8.173598289489746,
      6.09151029586792,
      1.667790412902832
    ],
    [
      10.354724884033203,
      43.81410217285156,
      6.69329309463501,
      10.587030410766602,
      8.418813705444336,
      6.667135715484619,
      6.727012634277344,
      6.581611633300781,
      8.500438690185547,
      8.944526672363281,
      6.927533149719238,
      7.481595993041992,
      7.071137428283691,
      11.747286796569824,
      7.61456823348999,
      17.35675811767578,
      15.632623672485352,
      12.674317359924316
    ],
    [
      1.4760345220565796,
      6.69329309463501,
      15.614910125732422,
      5.160044193267822,
      4.405088424682617,
      0.6337315440177917,
      -1.1343847513198853,
      -2.5296521186828613,
      -2.1308517456054688,
      -1.80182945728302,
      -3.8245344161987305,
      -4.119697570800781,
      -2.0761823654174805,
      -1.3261938095092773,
      3.3673593997955322,
      5.1003737449646,
      8.109590530395508,
      1.1252343654632568
    ],
    [
      1.3781901597976685,
      10.587030410766602,
      5.160044193267822,
      19.846227645874023,
      4.637495994567871,
      7.741019248962402,
      2.867172956466675,
      5.210695743560791,
      3.7216460704803467,
      7.58419942855835,
      2.040485382080078,
      5.9485764503479,
      -0.717803418636322,
      3.120424270629883,
      -1.0945087671279907,
      5.309496879577637,
      4.096081733703613,
      5.721526145935059
    ],
    [
      0.8570031523704529,
      8.418813705444336,
      4.405088424682617,
      4.637495994567871,
      39.51409912109375,
      20.917266845703125,
      28.2662353515625,
      20.44486427307129,
      23.49786949157715,
      18.5776309967041,
      25.108701705932617,
      19.19931983947754,
      18.73624038696289,
      19.155078887939453,
      24.122957229614258,
      25.571048736572266,
      18.433229446411133,
      9.858258247375488
    ],
    [
      2.596628427505493,
      6.667135715484619,
      0.6337315440177917,
      7.741019248962402,
      20.917266845703125,
      33.03929138183594,
      24.24247932434082,
      27.242835998535156,
      22.547975540161133,
      27.421104431152344,
      25.536653518676758,
      29.748214721679688,
      14.113865852355957,
      21.577360153198242,
      12.823592185974121,
      22.992168426513672,
      10.446828842163086,
      13.868054389953613
    ],
    [
      -1.3399698734283447,
      6.727012634277344,
      -1.1343847513198853,
      2.867172956466675,
      28.2662353515625,
      24.24247932434082,
      64.72846984863281,
      41.31084442138672,
      41.40047836303711,
      33.4422721862793,
      39.97000503540039,
      33.818843841552734,
      27.99165153503418,
      30.01329231262207,
      27.735450744628906,
      35.85149002075195,
      20.90934181213379,
      17.67877960205078
    ],
    [
      1.2533684968948364,
      6.581611633300781,
      -2.5296521186828613,
      5.210695743560791,
      20.44486427307129,
      27.242835998535156,
      41.31084442138672,
      52.188812255859375,
      36.806827545166016,
      44.13811111450195,
      34.428306579589844,
      41.54071807861328,
      18.212284088134766,
      29.427988052368164,
      9.385224342346191,
      27.263893127441406,
      10.645608901977539,
      18.226076126098633
    ],
    [
      0.7819564342498779,
      8.500438690185547,
      -2.1308517456054688,
      3.7216460704803467,
      23.49786949157715,
      22.547975540161133,
      41.40047836303711,
      36.806827545166016,
      57.04497146606445,
      44.148681640625,
      48.434810638427734,
      41.75909423828125,
      32.90684127807617,
      35.90437698364258,
      27.266124725341797,
      35.79108810424805,
      22.019258499145508,
      18.438512802124023
    ],
    [
      1.3497490882873535,
      8.944526672363281,
      -1.80182945728302,
      7.58419942855835,
      18.5776309967041,
      27.421104431152344,
      33.4422721862793,
      44.13811111450195,
      44.148681640625,
      63.0509147644043,
      35.54067611694336,
      48.28928756713867,
      15.315652847290039,
      32.007408142089844,
      2.46146821975708,
      24.852928161621094,
      9.197141647338867,
      20.15314483642578
    ],
    [
      0.5162423253059387,
      6.927533149719238,
      -3.8245344161987305,
      2.040485382080078,
      25.108701705932617,
      25.536653518676758,
      39.97000503540039,
      34.428306579589844,
      48.434810638427734,
      35.54067611694336,
      70.44524383544922,
      49.945556640625,
      57.66874313354492,
      49.80650329589844,
      54.18202590942383,
      52.694766998291016,
      36.37950134277344,
      25.5933895111084
    ],
    [
      0.5651132464408875,
      7.481595993041992,
      -4.119697570800781,
      5.9485764503479,
      19.19931983947754,
      29.748214721679688,
      33.818843841552734,
      41.54071807861328,
      41.75909423828125,
      48.28928756713867,
      49.945556640625,
      62.703033447265625,
      30.640987396240234,
      44.11127471923828,
      18.723052978515625,
      37.87375259399414,
      16.577924728393555,
      26.497926712036133
    ],
    [
      1.2453023195266724,
      7.071137428283691,
      -2.0761823654174805,
      -0.717803418636322,
      18.73624038696289,
      14.113865852355957,
      27.99165153503418,
      18.212284088134766,
      32.90684127807617,
      15.315652847290039,
      57.66874313354492,
      30.640987396240234,
      88.75199890136719,
      57.19011306762695,
      82.1447982788086,
      64.04773712158203,
      55.491451263427734,
      32.15467071533203
    ],
    [
      1.3685691356658936,
      11.747286796569824,
      -1.3261938095092773,
      3.120424270629883,
      19.155078887939453,
      21.577360153198242,
      30.01329231262207,
      29.427988052368164,
      35.90437698364258,
      32.007408142089844,
      49.80650329589844,
      44.11127471923828,
      57.19011306762695,
      65.21981811523438,
      46.855873107910156,
      59.24098205566406,
      38.4476203918457,
      34.69709014892578
    ],
    [
      3.429107904434204,
      7.61456823348999,
      3.3673593997955322,
      -1.0945087671279907,
      24.122957229614258,
      12.823592185974121,
      27.735450744628906,
      9.385224342346191,
      27.266124725341797,
      2.46146821975708,
      54.18202590942383,
      18.723052978515625,
      82.1447982788086,
      46.855873107910156,
      117.39846801757812,
      73.62332153320312,
      72.07990264892578,
      29.827451705932617
    ],
    [
      8.173598289489746,
      17.35675811767578,
      5.1003737449646,
      5.309496879577637,
      25.571048736572266,
      22.992168426513672,
      35.85149002075195,
      27.263893127441406,
      35.79108810424805,
      24.852928161621094,
      52.694766998291016,
      37.87375259399414,
      64.04773712158203,
      59.24098205566406,
      73.62332153320312,
      88.9915542602539,
      67.64735412597656,
      46.629756927490234
    ],
    [
      6.09151029586792,
      15.632623672485352,
      8.109590530395508,
      4.096081733703613,
      18.433229446411133,
      10.446828842163086,
      20.90934181213379,
      10.645608901977539,
      22.019258499145508,
      9.197141647338867,
      36.37950134277344,
      16.577924728393555,
      55.491451263427734,
      38.4476203918457,
      72.07990264892578,
      67.64735412597656,
      74.86621856689453,
      36.016597747802734
    ],
    [
      1.667790412902832,
      12.674317359924316,
      1.1252343654632568,
      5.721526145935059,
      9.858258247375488,
      13.868054389953613,
      17.67877960205078,
      18.226076126098633,
      18.438512802124023,
      20.15314483642578,
      25.5933895111084,
      26.497926712036133,
      32.15467071533203,
      34.69709014892578,
      29.827451705932617,
      46.629756927490234,
      36.016597747802734,
      42.00519561767578
    ]
  ],
  "drr": 14.284307479858398,
  "dynamics": 2.1417858600616455,
  "format": 1245190,
  "frames": 7299072,
  "loudness": -10.141526222229004,
  "loudness_range": 5.474758625030518,
  "loudness_range_short": 6.7172136306762695,
  "peak": 0.0264410600066185,
  "rms": -11.861326217651367,
  "sample_rate": 44100,
  "sections": 1,
  "seekable": 1,
  "sharpness": 1.521464467048645,
  "space": -9.84256649017334
}