{
  "bands": [
    {
      "high_freq": 148.1999969482422,
      "loudness": -33.76780700683594,
      "loudness_range": 22.419076919555664,
      "mid_mean": -30.691017150878906,
      "mid_to_side_loudness": -9.846028327941895,
      "mid_to_side_loudness_range": 12.615605354309082,
      "side_mean": -40.95171356201172
    },
    {
      "high_freq": 392.3793640136719,
      "loudness": -28.185522079467773,
      "loudness_range": 16.684486389160156,
      "low_freq": 148.1999969482422,
      "mid_mean": -26.09222984313965,
      "mid_to_side_loudness": -3.942484140396118,
      "mid_to_side_loudness_range": 8.366494178771973,
      "side_mean": -30.220539093017578
    },
    {
      "high_freq": 794.6976318359375,
      "loudness": -31.841285705566406,
      "loudness_range": 19.993885040283203,
      "low_freq": 392.3793640136719,
      "mid_mean": -29.610809326171875,
      "mid_to_side_loudness": -4.7380690574646,
      "mid_to_side_loudness_range": 8.518743515014648,
      "side_mean": -34.30960464477539
    },
    {
      "high_freq": 1457.5709228515625,
      "loudness": -33.845096588134766,
      "loudness_range": 26.966094970703125,
      "low_freq": 794.6976318359375,
      "mid_mean": -31.934791564941406,
      "mid_to_side_loudness": -3.992830991744995,
      "mid_to_side_loudness_range": 8.951550483703613,
      "side_mean": -35.61371612548828
    },
    {
      "high_freq": 2549.74365234375,
      "loudness": -38.990509033203125,
      "loudness_range": 28.67697525024414,
      "low_freq": 1457.5709228515625,
      "mid_mean": -37.27399444580078,
      "mid_to_side_loudness": -2.712209463119507,
      "mid_to_side_loudness_range": 5.489770412445068,
      "side_mean": -39.912254333496094
    },
    {
      "high_freq": 4349.24462890625,
      "loudness": -41.77075958251953,
      "loudness_range": 22.631277084350586,
      "low_freq": 2549.74365234375,
      "mid_mean": -40.02143096923828,
      "mid_to_side_loudness": -2.653747797012329,
      "mid_to_side_loudness_range": 3.5821282863616943,
      "side_mean": -42.827796936035156
    },
    {
      "high_freq": 7314.1640625,
      "loudness": -43.82724380493164,
      "loudness_range": 23.04366111755371,
      "low_freq": 4349.24462890625,
      "mid_mean": -42.49034118652344,
      "mid_to_side_loudness": -1.8909627199172974,
      "mid_to_side_loudness_range": 1.8760769367218018,
      "side_mean": -44.397010803222656
    },
    {
      "high_freq": 12199.2666015625,
      "loudness": -49.61051940917969,
      "loudness_range": 23.283851623535156,
      "low_freq": 7314.1640625,
      "mid_mean": -49.19096755981445,
      "mid_to_side_loudness": -3.0342843532562256,
      "mid_to_side_loudness_range": 1.3444976806640625,
      "side_mean": -52.216758728027344
    },
    {
      "loudness": -59.42898178100586,
      "loudness_range": 23.549652099609375,
      "low_freq": 12199.2666015625,
      "mid_mean": -57.100074768066406,
      "mid_to_side_loudness": -2.261056423187256,
      "mid_to_side_loudness_range": 1.4699785709381104,
      "side_mean": -59.04054260253906
    }
  ],
  "bands_short": [
    {
      "high_freq": 148.1999969482422,
      "loudness": -39.76502227783203,
      "loudness_range": 25.765045166015625,
      "mid_mean": -36.64682388305664,
      "mid_to_side_loudness": -11.349737167358398,
      "mid_to_side_loudness_range": 16.401662826538086,
      "side_mean": -48.50080108642578
    },
    {
      "high_freq": 392.3793640136719,
      "loudness": -28.21294403076172,
      "loudness_range": 18.492504119873047,
      "low_freq": 148.1999969482422,
      "mid_mean": -25.941415786743164,
      "mid_to_side_loudness": -4.891014575958252,
      "mid_to_side_loudness_range": 11.700931549072266,
      "side_mean": -31.144420623779297
    },
    {
      "high_freq": 794.6976318359375,
      "loudness": -32.41891860961914,
      "loudness_range": 22.218692779541016,
      "low_freq": 392.3793640136719,
      "mid_mean": -30.349645614624023,
      "mid_to_side_loudness": -4.560257911682129,
      "mid_to_side_loudness_range": 10.699835777282715,
      "side_mean": -34.91147994995117
    },
    {
      "high_freq": 1457.5709228515625,
      "loudness": -35.116939544677734,
      "loudness_range": 28.466184616088867,
      "low_freq": 794.6976318359375,
      "mid_mean": -33.34761428833008,
      "mid_to_side_loudness": -3.947918653488159,
      "mid_to_side_loudness_range": 10.144683837890625,
      "side_mean": -37.111328125
    },
    {
      "high_freq": 2549.74365234375,
      "loudness": -39.95698165893555,
      "loudness_range": 28.767459869384766,
      "low_freq": 1457.5709228515625,
      "mid_mean": -38.3427619934082,
      "mid_to_side_loudness": -2.73176646232605,
      "mid_to_side_loudness_range": 7.615393161773682,
      "side_mean": -40.991966247558594
    },
    {
      "high_freq": 4349.24462890625,
      "loudness": -42.48483657836914,
      "loudness_range": 24.053325653076172,
      "low_freq": 2549.74365234375,
      "mid_mean": -40.77545166015625,
      "mid_to_side_loudness": -2.6463234424591064,
      "mid_to_side_loudness_range": 5.417189121246338,
      "side_mean": -43.537132263183594
    },
    {
      "high_freq": 7314.1640625,
      "loudness": -44.683589935302734,
      "loudness_range": 25.018939971923828,
      "low_freq": 4349.24462890625,
      "mid_mean": -43.42671585083008,
      "mid_to_side_loudness": -1.821096420288086,
      "mid_to_side_loudness_range": 3.202667713165283,
      "side_mean": -45.238037109375
    },
    {
      "high_freq": 12199.2666015625,
      "loudness": -51.08042907714844,
      "loudness_range": 26.256114959716797,
      "low_freq": 7314.1640625,
      "mid_mean": -50.63264083862305,
      "mid_to_side_loudness": -3.0390326976776123,
      "mid_to_side_loudness_range": 2.4037716388702393,
      "side_mean": -53.36906051635742
    },
    {
      "loudness": -60.792808532714844,
      "loudness_range": 24.038883209228516,
      "low_freq": 12199.2666015625,
      "mid_mean": -58.338623046875,
      "mid_to_side_loudness": -2.2097654342651367,
      "mid_to_side_loudness_range": 2.2215394973754883,
      "side_mean": -60.178565979003906
    }
  ],
  "channels": 2,
  "covariance": [
    [
      66.89093780517578,
      50.8439826965332,
      18.929948806762695,
      24.117786407470703,
      20.155961990356445,
      19.41124725341797,
      20.792329788208008,
      23.376453399658203,
      27.176565170288086,
      27.571176528930664,
      31.063621520996094,
      31.312116622924805,
      29.694887161254883,
      30.10731315612793,
      39.30292892456055,
      37.63752365112305,
      29.868022918701172,
      27.4581298828125
    ],
    [
      50.8439826965332,
      57.29922103881836,
      22.723079681396484,
      29.132171630859375,
      23.53858184814453,
      21.977445602416992,
      19.980831146240234,
      21.867639541625977,
      26.91983985900879,
      27.007858276367188,
      28.07573127746582,
      29.58932876586914,
      25.98263931274414,
      26.05699348449707,
      34.42115020751953,
      32.923095703125,
      24.297452926635742,
      22.291950225830078
    ],
    [
      18.929948806762695,
      22.723079681396484,
      34.87158966064453,
      34.65359115600586,
      31.673734664916992,
      30.8734188079834,
      25.81721305847168,
      26.551259994506836,
      30.006759643554688,
      29.655405044555664,
      29.670419692993164,
      30.66670036315918,
      28.140527725219727,
      28.407974243164062,
      34.061744689941406,
      32.68293762207031,
      23.88497543334961,
      21.821523666381836
    ],
    [
      24.117786407470703,
      29.132171630859375,
      34.65359115600586,
      45.87051773071289,
      34.883235931396484,
      34.92903137207031,
      29.770235061645508,
      31.77357292175293,
      37.191062927246094,
      37.23359680175781,
      35.1656608581543,
      36.622806549072266,
      33.54888153076172,
      33.913307189941406,
      38.46367263793945,
      37.095584869384766,
      26.958757400512695,
      24.637178421020508
    ],
    [
      20.155961990356445,
      23.53858184814453,
      31.673734664916992,
      34.883235931396484,
      52.660335540771484,
      52.057594299316406,
      47.260948181152344,
      51.05479431152344,
      49.8548698425293,
      50.8127326965332,
      39.6049690246582,
      40.05171585083008,
      33.354148864746094,
      33.45536804199219,
      36.06660079956055,
      35.2741813659668,
      29.926616668701172,
      27.684284210205078
    ],
    [
      19.41124725341797,
      21.977445602416992,
      30.8734188079834,
      34.92903137207031,
      52.057594299316406,
      60.2534294128418,
      51.62770080566406,
      56.63039016723633,
      53.1598014831543,
      54.62765884399414,
      40.013671875,
      40.30363464355469,
      32.275882720947266,
      32.32468795776367,
      32.48839569091797,
      32.04957962036133,
      28.39788055419922,
      26.39889144897461
    ],
    [
      20.792329788208008,
      19.980831146240234,
      25.81721305847168,
      29.770235061645508,
      47.260948181152344,
      51.62770080566406,
      79.41559600830078,
      84.3786392211914,
      65.19258117675781,
      68.75691223144531,
      46.70199966430664,
      46.099857330322266,
      34.45069122314453,
      34.650455474853516,
      36.99689483642578,
      36.33815383911133,
      34.16747283935547,
      31.879104614257812
    ],
    [
      23.376453399658203,
      21.867639541625977,
      26.551259994506836,
      31.77357292175293,
      51.05479431152344,
      56.63039016723633,
      84.3786392211914,
      102.14225769042969,
      72.1932373046875,
      77.14694213867188,
      50.57547378540039,
      49.88255310058594,
      37.04715347290039,
      37.179847717285156,
      38.78841018676758,
      38.241024017333984,
      37.21798324584961,
      34.9491081237793
    ],
    [
      27.176565170288086,
      26.91983985900879,
      30.006759643554688,
      37.191062927246094,
      49.8548698425293,
      53.1598014831543,
      65.19258117675781,
      72.1932373046875,
      84.47399139404297,
      86.14159393310547,
      60.61290740966797,
      61.084049224853516,
      50.14369583129883,
      50.08259963989258,
      51.920352935791016,
      50.53693771362305,
      43.67341613769531,
      40.189762115478516
    ],
    [
      27.571176528930664,
      27.007858276367188,
      29.655405044555664,
      37.23359680175781,
      50.8127326965332,
      54.62765884399414,
      68.75691223144531,
      77.14694213867188,
      86.14159393310547,
      92.84857177734375,
      61.242923736572266,
      61.9234504699707,
      49.82680892944336,
      49.69157791137695,
      51.41896438598633,
      50.16183090209961,
      44.35343551635742,
      40.98879623413086
    ],
    [
      31.063621520996094,
      28.07573127746582,
      29.670419692993164,
      35.1656608581543,
      39.6049690246582,
      40.013671875,
      46.70199966430664,
      50.57547378540039,
      60.61290740966797,
      61.242923736572266,
      70.52032470703125,
      68.619140625,
      62.512237548828125,
      62.83856201171875,
      66.27640533447266,
      64.29389953613281,
      52.545326232910156,
      48.243839263916016
    ],
    [
      31.312116622924805,
      29.58932876586914,
      30.66670036315918,
      36.622806549072266,
      40.05171585083008,
      40.30363464355469,
      46.099857330322266,
      49.88255310058594,
      61.084049224853516,
      61.9234504699707,
      68.619140625,
      70.67617797851562,
      61.8983268737793,
      62.363487243652344,
      67.12370300292969,
      64.9469223022461,
      52.32655715942383,
      47.98294448852539
    ],
    [
      29.694887161254883,
      25.98263931274414,
      28.140527725219727,
      33.54888153076172,
      33.354148864746094,
      32.275882720947266,
      34.45069122314453,
      37.04715347290039,
      50.14369583129883,
      49.82680892944336,
      62.512237548828125,
      61.8983268737793,
      72.72628021240234,
      72.36190032958984,
      71.53759002685547,
      69.69178771972656,
      56.17790222167969,
      51.56647872924805
    ],
    [
      30.10731315612793,
      26.05699348449707,
      28.407974243164062,
      33.913307189941406,
      33.45536804199219,
      32.32468795776367,
      34.650455474853516,
      37.179847717285156,
      50.08259963989258,
      49.69157791137695,
      62.83856201171875,
      62.363487243652344,
      72.36190032958984,
      73.85578155517578,
      72.2877426147461,
      70.32141876220703,
      56.293785095214844,
      51.635807037353516
    ],
    [
      39.30292892456055,
      34.42115020751953,
      34.061744689941406,
      38.46367263793945,
      36.06660079956055,
      32.48839569091797,
      36.99689483642578,
      38.78841018676758,
      51.920352935791016,
      51.41896438598633,
      66.27640533447266,
      67.12370300292969,
      71.53759002685547,
      72.2877426147461,
      90.56407928466797,
      86.44522094726562,
      66.86359405517578,
      61.085811614990234
    ],
    [
      37.63752365112305,
      32.923095703125,
      32.68293762207031,
      37.095584869384766,
      35.2741813659668,
      32.04957962036133,
      36.33815383911133,
      38.241024017333984,
      50.53693771362305,
      50.16183090209961,
      64.29389953613281,
      64.9469223022461,
      69.69178771972656,
      70.32141876220703,
      86.44522094726562,
      85.7332992553711,
      66.59306335449219,
      60.735023498535156
    ],
    [
      29.868022918701172,
      24.297452926635742,
      23.88497543334961,
      26.958757400512695,
      29.926616668701172,
      28.39788055419922,
      34.16747283935547,
      37.21798324584961,
      43.67341613769531,
      44.35343551635742,
      52.545326232910156,
      52.32655715942383,
      56.17790222167969,
      56.293785095214844,
      66.86359405517578,
      66.59306335449219,
      58.01483917236328,
      53.45612335205078
    ],
    [
      27.4581298828125,
      22.291950225830078,
      21.821523666381836,
      24.637178421020508,
      27.684284210205078,
      26.39889144897461,
      31.879104614257812,
      34.9491081237793,
      40.189762115478516,
      40.98879623413086,
      48.243839263916016,
      47.98294448852539,
      51.56647872924805,
      51.635807037353516,
      61.085811614990234,
      60.735023498535156,
      53.45612335205078,
      49.461341857910156
    ]
  ],
  "covariance_short": [
    [
      86.7432861328125,
      58.8198356628418,
      28.503936767578125,
      25.4008731842041,
      23.521926879882812,
      23.656545639038086,
      27.284189224243164,
      30.102157592773438,
      32.0213623046875,
      33.912235260009766,
      32.309146881103516,
      32.239280700683594,
      29.66461181640625,
      29.492149353027344,
      38.0262451171875,
      36.38114929199219,
      29.309450149536133,
      26.900306701660156
    ],
    [
      58.8198356628418,
      67.08567810058594,
      29.73750877380371,
      30.555252075195312,
      25.042007446289062,
      24.901845932006836,
      24.56189727783203,
      26.505687713623047,
      28.99549674987793,
      30.274559020996094,
      29.350093841552734,
      30.395267486572266,
      27.015382766723633,
      26.834083557128906,
      36.90995407104492,
      35.11011505126953,
      26.090335845947266,
      23.932172775268555
    ],
    [
      28.503936767578125,
      29.73750877380371,
      44.69095993041992,
      37.64511489868164,
      33.78146743774414,
      32.944496154785156,
      28.20040512084961,
      27.69745635986328,
      31.190458297729492,
      31.08549690246582,
      31.015575408935547,
      31.861303329467773,
      28.7225341796875,
      28.634916305541992,
      34.85646057128906,
      33.26963424682617,
      23.170316696166992,
      21.045188903808594
    ],
    [
      25.4008731842041,
      30.555252075195312,
      37.64511489868164,
      51.18337631225586,
      37.36838912963867,
      38.09898376464844,
      32.07627487182617,
      33.02387237548828,
      37.27619171142578,
      37.46408462524414,
      35.5494384765625,
      36.77023696899414,
      33.7510986328125,
      33.65446090698242,
      37.68046569824219,
      36.26398849487305,
      24.94397735595703,
      22.675743103027344
    ],
    [
      23.521926879882812,
      25.042007446289062,
      33.78146743774414,
      37.36838912963867,
      63.03566360473633,
      60.25985336303711,
      51.645713806152344,
      54.19395065307617,
      52.26624298095703,
      52.64583206176758,
      41.3520393371582,
      41.84859085083008,
      34.634132385253906,
      34.167091369628906,
      35.95817565917969,
      35.06934356689453,
      28.362878799438477,
      25.973909378051758
    ],
    [
      23.656545639038086,
      24.901845932006836,
      32.944496154785156,
      38.09898376464844,
      60.25985336303711,
      73.55657196044922,
      56.708457946777344,
      61.41090774536133,
      58.19034194946289,
      58.87630081176758,
      43.086669921875,
      43.864540100097656,
      34.49733352661133,
      33.93822479248047,
      34.25053405761719,
      33.62153244018555,
      28.08684539794922,
      25.804882049560547
    ],
    [
      27.284189224243164,
      24.56189727783203,
      28.20040512084961,
      32.07627487182617,
      51.645713806152344,
      56.708457946777344,
      90.2480239868164,
      90.21424102783203,
      68.8261947631836,
      72.13844299316406,
      48.12375259399414,
      47.9178466796875,
      35.76190948486328,
      35.480037689208984,
      37.358863830566406,
      36.61720275878906,
      31.698137283325195,
      29.229049682617188
    ],
    [
      30.102157592773438,
      26.505687713623047,
      27.69745635986328,
      33.02387237548828,
      54.19395065307617,
      61.41090774536133,
      90.21424102783203,
      107.3885269165039,
      75.83839416503906,
      81.04121398925781,
      51.15249252319336,
      51.034217834472656,
      37.87877655029297,
      37.51189422607422,
      38.482234954833984,
      37.9050178527832,
      33.930625915527344,
      31.448997497558594
    ],
    [
      32.0213623046875,
      28.99549674987793,
      31.190458297729492,
      37.27619171142578,
      52.26624298095703,
      58.19034194946289,
      68.8261947631836,
      75.83839416503906,
      90.83480834960938,
      91.39518737792969,
      63.616947174072266,
      64.1518325805664,
      53.07622146606445,
      52.708248138427734,
      53.948089599609375,
      52.35495376586914,
      42.02189254760742,
      38.210243225097656
    ],
    [
      33.912235260009766,
      30.274559020996094,
      31.08549690246582,
      37.46408462524414,
      52.64583206176758,
      58.87630081176758,
      72.13844299316406,
      81.04121398925781,
      91.39518737792969,
      100.32624053955078,
      64.63750457763672,
      65.1541519165039,
      53.189327239990234,
      52.85660934448242,
      54.17326354980469,
      52.643917083740234,
      42.736202239990234,
      39.01395034790039
    ],
    [
      32.309146881103516,
      29.350093841552734,
      31.015575408935547,
      35.5494384765625,
      41.3520393371582,
      43.086669921875,
      48.12375259399414,
      51.15249252319336,
      63.616947174072266,
      64.63750457763672,
      77.85945129394531,
      74.24603271484375,
      69.20814514160156,
      69.09161376953125,
      71.30738830566406,
      68.85755920410156,
      51.91712188720703,
      47.191837310791016
    ],
    [
      32.239280700683594,
      30.395267486572266,
      31.861303329467773,
      36.77023696899414,
      41.84859085083008,
      43.864540100097656,
      47.9178466796875,
      51.034217834472656,
      64.1518325805664,
      65.1541519165039,
      74.24603271484375,
      76.9043960571289,
      68.32044982910156,
      68.36385345458984,
      71.1735610961914,
      68.58853912353516,
      51.30757141113281,
      46.610591888427734
    ],
    [
      29.66461181640625,
      27.015382766723633,
      28.7225341796875,
      33.7510986328125,
      34.634132385253906,
      34.49733352661133,
      35.76190948486328,
      37.87877655029297,
      53.07622146606445,
      53.189327239990234,
      69.20814514160156,
      68.32044982910156,
      81.15225982666016,
      79.85042572021484,
      78.91669464111328,
      76.51884460449219,
      57.49252700805664,
      52.37730407714844
    ],
    [
      29.492149353027344,
      26.834083557128906,
      28.634916305541992,
      33.65446090698242,
      34.167091369628906,
      33.93822479248047,
      35.480037689208984,
      37.51189422607422,
      52.708248138427734,
      52.85660934448242,
      69.09161376953125,
      68.36385345458984,
      79.85042572021484,
      81.39176177978516,
      79.0433578491211,
      76.56341552734375,
      57.245697021484375,
      52.11653137207031
    ],
    [
      38.0262451171875,
      36.90995407104492,
      34.85646057128906,
      37.68046569824219,
      35.95817565917969,
      34.25053405761719,
      37.358863830566406,
      38.482234954833984,
      53.948089599609375,
      54.17326354980469,
      71.30738830566406,
      71.1735610961914,
      78.91669464111328,
      79.0433578491211,
      99.0589599609375,
      93.85603332519531,
      69.08355712890625,
      62.63386535644531
    ],
    [
      36.38114929199219,
      35.11011505126953,
      33.26963424682617,
      36.26398849487305,
      35.06934356689453,
      33.62153244018555,
      36.61720275878906,
      37.9050178527832,
      52.35495376586914,
      52.643917083740234,
      68.85755920410156,
      68.58853912353516,
      76.51884460449219,
      76.56341552734375,
      93.85603332519531,
      89.69038391113281,
      66.53627014160156,
      60.435977935791016
    ],
    [
      29.309450149536133,
      26.090335845947266,
      23.170316696166992,
      24.94397735595703,
      28.362878799438477,
      28.08684539794922,
      31.698137283325195,
      33.930625915527344,
      42.02189254760742,
      42.736202239990234,
      51.91712188720703,
      51.30757141113281,
      57.49252700805664,
      57.245697021484375,
      69.08355712890625,
      66.53627014160156,
      56.7623291015625,
      52.059539794921875
    ],
    [
      26.900306701660156,
      23.932172775268555,
      21.045188903808594,
      22.675743103027344,
      25.973909378051758,
      25.804882049560547,
      29.229049682617188,
      31.448997497558594,
      38.210243225097656,
      39.01395034790039,
      47.191837310791016,
      46.610591888427734,
      52.37730407714844,
      52.11653137207031,
      62.63386535644531,
      60.435977935791016,
      52.059539794921875,
      48.18174743652344
    ]
  ],
  "drr": 12.223905563354492,
  "dynamics": 4.890499114990234,
  "format": 1245190,
  "frames": 19128320,
  "loudness": -19.270164489746094,
  "loudness_range": 14.278887748718262,
  "loudness_range_short": 17.04163932800293,
  "peak": -0.03275877982378006,
  "rms": -19.982858657836914,
  "sample_rate": 44100,
  "sections": 1,
  "seekable": 1,
  "sharpness": 3.340538740158081,
  "space": -4.456796169281006
}