{
  "bands": [
    {
      "high_freq": 148.1999969482422,
      "loudness": -25.61650848388672,
      "loudness_range": 11.688776016235352,
      "mid_mean": -23.221145629882812,
      "mid_to_side_loudness": -5.2730913162231445,
      "mid_to_side_loudness_range": 8.58065128326416,
      "side_mean": -28.526548385620117
    },
    {
      "high_freq": 392.3793640136719,
      "loudness": -29.220827102661133,
      "loudness_range": 10.685937881469727,
      "low_freq": 148.1999969482422,
      "mid_mean": -28.714895248413086,
      "mid_to_side_loudness": 0.03571435809135437,
      "mid_to_side_loudness_range": 5.41600227355957,
      "side_mean": -28.6086483001709
    },
    {
      "high_freq": 794.6976318359375,
      "loudness": -28.792795181274414,
      "loudness_range": 10.918529510498047,
      "low_freq": 392.3793640136719,
      "mid_mean": -27.998991012573242,
      "mid_to_side_loudness": -0.6515162587165833,
      "mid_to_side_loudness_range": 7.449566841125488,
      "side_mean": -28.657411575317383
    },
    {
      "high_freq": 1457.5709228515625,
      "loudness": -29.285274505615234,
      "loudness_range": 13.97905158996582,
      "low_freq": 794.6976318359375,
      "mid_mean": -30.985218048095703,
      "mid_to_side_loudness": 3.5342214107513428,
      "mid_to_side_loudness_range": 7.951144218444824,
      "side_mean": -27.323511123657227
    },
    {
      "high_freq": 2549.74365234375,
      "loudness": -27.654645919799805,
      "loudness_range": 13.314231872558594,
      "low_freq": 1457.5709228515625,
      "mid_mean": -28.724632263183594,
      "mid_to_side_loudness": 2.6969668865203857,
      "mid_to_side_loudness_range": 6.402217864990234,
      "side_mean": -25.890827178955078
    },
    {
      "high_freq": 4349.24462890625,
      "loudness": -31.098936080932617,
      "loudness_range": 13.866109848022461,
      "low_freq": 2549.74365234375,
      "mid_mean": -29.992488861083984,
      "mid_to_side_loudness": -1.0444269180297852,
      "mid_to_side_loudness_range": 4.250847816467285,
      "side_mean": -31.076005935668945
    },
    {
      "high_freq": 7314.1640625,
      "loudness": -32.660133361816406,
      "loudness_range": 14.233724594116211,
      "low_freq": 4349.24462890625,
      "mid_mean": -33.17816925048828,
      "mid_to_side_loudness": 1.981594443321228,
      "mid_to_side_loudness_range": 3.550450325012207,
      "side_mean": -31.111013412475586
    },
    {
      "high_freq": 12199.2666015625,
      "loudness": -40.71171951293945,
      "loudness_range": 14.731975555419922,
      "low_freq": 7314.1640625,
      "mid_mean": -40.097835540771484,
      "mid_to_side_loudness": 0.12034916132688522,
      "mid_to_side_loudness_range": 1.6586542129516602,
      "side_mean": -39.960243225097656
    },
    {
      "loudness": -52.793949127197266,
      "loudness_range": 11.63345718383789,
      "low_freq": 12199.2666015625,
      "mid_mean": -52.297725677490234,
      "mid_to_side_loudness": -0.10318363457918167,
      "mid_to_side_loudness_range": 0.8385632038116455,
      "side_mean": -52.37534713745117
    }
  ],
  "bands_short": [
    {
      "high_freq": 148.1999969482422,
      "loudness": -28.441997528076172,
      "loudness_range": 16.873350143432617,
      "mid_mean": -25.963960647583008,
      "mid_to_side_loudness": -6.890293598175049,
      "mid_to_side_loudness_range": 14.655349731445312,
      "side_mean": -32.903404235839844
    },
    {
      "high_freq": 392.3793640136719,
      "loudness": -27.50373649597168,
      "loudness_range": 12.872642517089844,
      "low_freq": 148.1999969482422,
      "mid_mean": -26.854772567749023,
      "mid_to_side_loudness": -0.5400514602661133,
      "mid_to_side_loudness_range": 9.493282318115234,
      "side_mean": -27.424402236938477
    },
    {
      "high_freq": 794.6976318359375,
      "loudness": -29.365943908691406,
      "loudness_range": 12.862682342529297,
      "low_freq": 392.3793640136719,
      "mid_mean": -29.03218650817871,
      "mid_to_side_loudness": 0.03955266624689102,
      "mid_to_side_loudness_range": 9.879528999328613,
      "side_mean": -28.974693298339844
    },
    {
      "high_freq": 1457.5709228515625,
      "loudness": -29.865337371826172,
      "loudness_range": 15.946052551269531,
      "low_freq": 794.6976318359375,
      "mid_mean": -31.091367721557617,
      "mid_to_side_loudness": 2.62847900390625,
      "mid_to_side_loudness_range": 10.373170852661133,
      "side_mean": -28.35816764831543
    },
    {
      "high_freq": 2549.74365234375,
      "loudness": -28.26778221130371,
      "loudness_range": 15.009271621704102,
      "low_freq": 1457.5709228515625,
      "mid_mean": -29.453012466430664,
      "mid_to_side_loudness": 2.722071409225464,
      "mid_to_side_loudness_range": 8.248241424560547,
      "side_mean": -26.58367919921875
    },
    {
      "high_freq": 4349.24462890625,
      "loudness": -31.63269805908203,
      "loudness_range": 15.40733528137207,
      "low_freq": 2549.74365234375,
      "mid_mean": -30.581228256225586,
      "mid_to_side_loudness": -1.0171878337860107,
      "mid_to_side_loudness_range": 5.680448532104492,
      "side_mean": -31.651447296142578
    },
    {
      "high_freq": 7314.1640625,
      "loudness": -33.009178161621094,
      "loudness_range": 16.00297737121582,
      "low_freq": 4349.24462890625,
      "mid_mean": -33.55534362792969,
      "mid_to_side_loudness": 1.9222646951675415,
      "mid_to_side_loudness_range": 4.918294429779053,
      "side_mean": -31.525615692138672
    },
    {
      "high_freq": 12199.2666015625,
      "loudness": -41.88068771362305,
      "loudness_range": 19.24127197265625,
      "low_freq": 7314.1640625,
      "mid_mean": -41.317840576171875,
      "mid_to_side_loudness": 0.11476904898881912,
      "mid_to_side_loudness_range": 2.596635341644287,
      "side_mean": -41.19078063964844
    },
    {
      "loudness": -53.69274139404297,
      "loudness_range": 14.255561828613281,
      "low_freq": 12199.2666015625,
      "mid_mean": -53.1519889831543,
      "mid_to_side_loudness": -0.07781373709440231,
      "mid_to_side_loudness_range": 1.8422069549560547,
      "side_mean": -53.21602249145508
    }
  ],
  "channels": 2,
  "covariance": [
    [
      20.742860794067383,
      19.509902954101562,
      7.701508522033691,
      6.061733245849609,
      0.11898298561573029,
      1.0151911973953247,
      5.1843671798706055,
      6.012296676635742,
      4.918585777282715,
      4.214824676513672,
      7.352994918823242,
      6.300074577331543,
      7.172286033630371,
      7.508882999420166,
      9.76852035522461,
      10.01530933380127,
      6.672750949859619,
      6.709727764129639
    ],
    [
      19.509902954101562,
      27.874982833862305,
      10.029389381408691,
      8.145713806152344,
      0.4470140039920807,
      1.2831380367279053,
      8.87197494506836,
      9.85651969909668,
      7.517580986022949,
      5.776327610015869,
      9.633498191833496,
      8.12929916381836,
      9.356863021850586,
      9.761377334594727,
      12.756484031677246,
      13.238879203796387,
      8.907037734985352,
      8.949761390686035
    ],
    [
      7.701508522033691,
      10.029389381408691,
      16.68390655517578,
      14.55884075164795,
      2.4817347526550293,
      3.581252336502075,
      8.885647773742676,
      9.599590301513672,
      8.896454811096191,
      7.959945201873779,
      9.771770477294922,
      8.866199493408203,
      10.462220191955566,
      10.828022003173828,
      13.147051811218262,
      13.473185539245605,
      8.65124797821045,
      8.734258651733398
    ],
    [
      6.061733245849609,
      8.145713806152344,
      14.55884075164795,
      16.56967544555664,
      3.286795139312744,
      4.208595275878906,
      8.241399765014648,
      8.61877155303955,
      8.346994400024414,
      7.5868635177612305,
      9.334761619567871,
      8.739083290100098,
      11.028067588806152,
      11.213109970092773,
      13.205047607421875,
      13.48247241973877,
      8.475152015686035,
      8.591784477233887
    ],
    [
      0.11898298561573029,
      0.4470140039920807,
      2.4817347526550293,
      3.286795139312744,
      19.430139541625977,
      15.243963241577148,
      5.805519104003906,
      6.919705390930176,
      7.395033836364746,
      8.957063674926758,
      6.812745571136475,
      7.060644626617432,
      6.716529369354248,
      7.720849514007568,
      4.261020183563232,
      4.255376815795898,
      1.9338274002075195,
      1.9076281785964966
    ],
    [
      1.0151911973953247,
      1.2831380367279053,
      3.581252336502075,
      4.208595275878906,
      15.243963241577148,
      18.310976028442383,
      6.44394063949585,
      7.051383018493652,
      7.366998672485352,
      9.142695426940918,
      7.258621692657471,
      7.812831401824951,
      8.658212661743164,
      9.362626075744629,
      6.358575820922852,
      6.511343479156494,
      3.308248281478882,
      3.3545334339141846
    ],
    [
      5.1843671798706055,
      8.87197494506836,
      8.885647773742676,
      8.241399765014648,
      5.805519104003906,
      6.44394063949585,
      25.873912811279297,
      24.12630844116211,
      15.81356143951416,
      13.905895233154297,
      18.219449996948242,
      16.59661865234375,
      12.979484558105469,
      13.63361930847168,
      14.67159652709961,
      14.945158958435059,
      10.592625617980957,
      10.662662506103516
    ],
    [
      6.012296676635742,
      9.85651969909668,
      9.599590301513672,
      8.61877155303955,
      6.919705390930176,
      7.051383018493652,
      24.12630844116211,
      30.613828659057617,
      18.127077102661133,
      16.24583625793457,
      18.6414852142334,
      16.86804962158203,
      13.19157600402832,
      14.258004188537598,
      15.146018028259277,
      15.53237533569336,
      10.57181167602539,
      10.64726734161377
    ],
    [
      4.918585777282715,
      7.517580986022949,
      8.896454811096191,
      8.346994400024414,
      7.395033836364746,
      7.366998672485352,
      15.81356143951416,
      18.127077102661133,
      26.62644386291504,
      22.465757369995117,
      20.65390968322754,
      19.116500854492188,
      16.458341598510742,
      17.311370849609375,
      15.808887481689453,
      16.07765007019043,
      11.463068008422852,
      11.589977264404297
    ],
    [
      4.214824676513672,
      5.776327610015869,
      7.959945201873779,
      7.5868635177612305,
      8.957063674926758,
      9.142695426940918,
      13.905895233154297,
      16.24583625793457,
      22.465757369995117,
      24.294845581054688,
      19.445430755615234,
      17.96693229675293,
      14.882431030273438,
      15.912811279296875,
      13.777602195739746,
      14.006566047668457,
      9.541157722473145,
      9.59202766418457
    ],
    [
      7.352994918823242,
      9.633498191833496,
      9.771770477294922,
      9.334761619567871,
      6.812745571136475,
      7.258621692657471,
      18.219449996948242,
      18.6414852142334,
      20.65390968322754,
      19.445430755615234,
      27.687971115112305,
      24.542213439941406,
      19.907733917236328,
      21.29128646850586,
      17.84210777282715,
      18.181781768798828,
      12.309234619140625,
      12.425210952758789
    ],
    [
      6.300074577331543,
      8.12929916381836,
      8.866199493408203,
      8.739083290100098,
      7.060644626617432,
      7.812831401824951,
      16.59661865234375,
      16.86804962158203,
      19.116500854492188,
      17.96693229675293,
      24.542213439941406,
      24.605159759521484,
      20.073171615600586,
      21.639318466186523,
      16.76407241821289,
      17.03554344177246,
      11.02392578125,
      11.139049530029297
    ],
    [
      7.172286033630371,
      9.356863021850586,
      10.462220191955566,
      11.028067588806152,
      6.716529369354248,
      8.658212661743164,
      12.979484558105469,
      13.19157600402832,
      16.458341598510742,
      14.882431030273438,
      19.907733917236328,
      20.073171615600586,
      25.056400299072266,
      24.795896530151367,
      21.440658569335938,
      21.682708740234375,
      13.733890533447266,
      13.884712219238281
    ],
    [
      7.508882999420166,
      9.761377334594727,
      10.828022003173828,
      11.213109970092773,
      7.720849514007568,
      9.362626075744629,
      13.63361930847168,
      14.258004188537598,
      17.311370849609375,
      15.912811279296875,
      21.29128646850586,
      21.639318466186523,
      24.795896530151367,
      26.78146743774414,
      21.40656280517578,
      21.8094539642334,
      13.433998107910156,
      13.575813293457031
    ],
    [
      9.76852035522461,
      12.756484031677246,
      13.147051811218262,
      13.205047607421875,
      4.261020183563232,
      6.358575820922852,
      14.67159652709961,
      15.146018028259277,
      15.808887481689453,
      13.777602195739746,
      17.84210777282715,
      16.76407241821289,
      21.440658569335938,
      21.40656280517578,
      27.285789489746094,
      27.52338981628418,
      18.52770233154297,
      18.683189392089844
    ],
    [
      10.01530933380127,
      13.238879203796387,
      13.473185539245605,
      13.48247241973877,
      4.255376815795898,
      6.511343479156494,
      14.945158958435059,
      15.53237533569336,
      16.07765007019043,
      14.006566047668457,
      18.181781768798828,
      17.03554344177246,
      21.682708740234375,
      21.8094539642334,
      27.52338981628418,
      28.094234466552734,
      18.719484329223633,
      18.8789119720459
    ],
    [
      6.672750949859619,
      8.907037734985352,
      8.65124797821045,
      8.475152015686035,
      1.9338274002075195,
      3.308248281478882,
      10.592625617980957,
      10.57181167602539,
      11.463068008422852,
      9.541157722473145,
      12.309234619140625,
      11.02392578125,
      13.733890533447266,
      13.433998107910156,
      18.52770233154297,
      18.719484329223633,
      20.874563217163086,
      20.911958694458008
    ],
    [
      6.709727764129639,
      8.949761390686035,
      8.734258651733398,
      8.591784477233887,
      1.9076281785964966,
      3.3545334339141846,
      10.662662506103516,
      10.64726734161377,
      11.589977264404297,
      9.59202766418457,
      12.425210952758789,
      11.139049530029297,
      13.884712219238281,
      13.575813293457031,
      18.683189392089844,
      18.8789119720459,
      20.911958694458008,
      21.031091690063477
    ]
  ],
  "covariance_short": [
    [
      40.2586784362793,
      26.723371505737305,
      8.961207389831543,
      6.573244094848633,
      -0.9641129374504089,
      -0.47257915139198303,
      2.5750913619995117,
      3.431762456893921,
      1.1600319147109985,
      1.2302665710449219,
      4.000657558441162,
      3.377328634262085,
      4.298217296600342,
      4.57063102722168,
      8.698493957519531,
      8.874680519104004,
      5.3072991371154785,
      5.322066783905029
    ],
    [
      26.723371505737305,
      41.10414505004883,
      10.485655784606934,
      8.657796859741211,
      0.1733519583940506,
      0.5859645009040833,
      4.333592414855957,
      4.953686714172363,
      2.1530144214630127,
      1.752874493598938,
      4.146845817565918,
      3.2553720474243164,
      5.010492324829102,
      5.001587867736816,
      11.195528030395508,
      11.52503776550293,
      6.651196479797363,
      6.698380470275879
    ],
    [
      8.961207389831543,
      10.485655784606934,
      23.2806339263916,
      17.896188735961914,
      2.0471150875091553,
      3.3152027130126953,
      10.092482566833496,
      10.635836601257324,
      10.404071807861328,
      9.258310317993164,
      12.639871597290039,
      11.38236141204834,
      12.586139678955078,
      12.748178482055664,
      18.527254104614258,
      18.903453826904297,
      10.409480094909668,
      10.507650375366211
    ],
    [
      6.573244094848633,
      8.657796859741211,
      17.896188735961914,
      24.469932556152344,
      2.624990701675415,
      4.149910926818848,
      10.506234169006348,
      11.433878898620605,
      10.374366760253906,
      9.125129699707031,
      13.076129913330078,
      11.9345064163208,
      13.636691093444824,
      13.591245651245117,
      19.181072235107422,
      19.57050323486328,
      10.770194053649902,
      10.902542114257812
    ],
    [
      -0.9641129374504089,
      0.1733519583940506,
      2.0471150875091553,
      2.624990701675415,
      26.1566104888916,
      18.244314193725586,
      5.9486260414123535,
      7.376285552978516,
      8.469697952270508,
      11.17077350616455,
      7.450682640075684,
      7.716431617736816,
      7.60184383392334,
      8.458782196044922,
      5.550536155700684,
      5.535332679748535,
      2.1487631797790527,
      2.1238439083099365
    ],
    [
      -0.47257915139198303,
      0.5859645009040833,
      3.3152027130126953,
      4.149910926818848,
      18.244314193725586,
      22.61897087097168,
      6.13275146484375,
      7.164858818054199,
      8.525663375854492,
      10.495360374450684,
      7.958041667938232,
      8.417444229125977,
      9.387325286865234,
      9.988936424255371,
      8.45458984375,
      8.533207893371582,
      3.6694517135620117,
      3.7125306129455566
    ],
    [
      2.5750913619995117,
      4.333592414855957,
      10.092482566833496,
      10.506234169006348,
      5.9486260414123535,
      6.13275146484375,
      31.91499137878418,
      27.93328857421875,
      17.94588851928711,
      15.843144416809082,
      19.414461135864258,
      17.681060791015625,
      13.530600547790527,
      14.209157943725586,
      17.66314697265625,
      17.69239616394043,
      11.090104103088379,
      11.159857749938965
    ],
    [
      3.431762456893921,
      4.953686714172363,
      10.635836601257324,
      11.433878898620605,
      7.376285552978516,
      7.164858818054199,
      27.93328857421875,
      38.439178466796875,
      20.055944442749023,
      18.632858276367188,
      20.62810516357422,
      18.4468936920166,
      14.378092765808105,
      15.11301040649414,
      18.332063674926758,
      18.585941314697266,
      11.280777931213379,
      11.338873863220215
    ],
    [
      1.1600319147109985,
      2.1530144214630127,
      10.404071807861328,
      10.374366760253906,
      8.469697952270508,
      8.525663375854492,
      17.94588851928711,
      20.055944442749023,
      32.69942855834961,
      27.730815887451172,
      23.072343826293945,
      21.17755889892578,
      18.73529624938965,
      19.45804786682129,
      19.872344970703125,
      20.037721633911133,
      12.382741928100586,
      12.515239715576172
    ],
    [
      1.2302665710449219,
      1.752874493598938,
      9.258310317993164,
      9.125129699707031,
      11.17077350616455,
      10.495360374450684,
      15.843144416809082,
      18.632858276367188,
      27.730815887451172,
      32.304283142089844,
      22.678613662719727,
      20.89203643798828,
      17.867040634155273,
      18.933067321777344,
      17.630212783813477,
      17.81490135192871,
      10.62635326385498,
      10.67495346069336
    ],
    [
      4.000657558441162,
      4.146845817565918,
      12.639871597290039,
      13.076129913330078,
      7.450682640075684,
      7.958041667938232,
      19.414461135864258,
      20.62810516357422,
      23.072343826293945,
      22.678613662719727,
      34.301246643066406,
      29.668609619140625,
      24.64082908630371,
      26.136587142944336,
      23.646404266357422,
      23.807071685791016,
      13.878623008728027,
      14.008028030395508
    ],
    [
      3.377328634262085,
      3.2553720474243164,
      11.38236141204834,
      11.9345064163208,
      7.716431617736816,
      8.417444229125977,
      17.681060791015625,
      18.4468936920166,
      21.17755889892578,
      20.89203643798828,
      29.668609619140625,
      30.403308868408203,
      24.412673950195312,
      26.022184371948242,
      22.182918548583984,
      22.26641273498535,
      12.606639862060547,
      12.693086624145508
    ],
    [
      4.298217296600342,
      5.010492324829102,
      12.586139678955078,
      13.636691093444824,
      7.60184383392334,
      9.387325286865234,
      13.530600547790527,
      14.378092765808105,
      18.73529624938965,
      17.867040634155273,
      24.64082908630371,
      24.412673950195312,
      31.766216278076172,
      30.742704391479492,
      29.414140701293945,
      29.463119506835938,
      16.780635833740234,
      16.89911651611328
    ],
    [
      4.57063102722168,
      5.001587867736816,
      12.748178482055664,
      13.591245651245117,
      8.458782196044922,
      9.988936424255371,
      14.209157943725586,
      15.11301040649414,
      19.45804786682129,
      18.933067321777344,
      26.136587142944336,
      26.022184371948242,
      30.742704391479492,
      34.20733642578125,
      29.29616355895996,
      29.566070556640625,
      16.294506072998047,
      16.40298080444336
    ],
    [
      8.698493957519531,
      11.195528030395508,
      18.527254104614258,
      19.181072235107422,
      5.550536155700684,
      8.45458984375,
      17.66314697265625,
      18.332063674926758,
      19.872344970703125,
      17.630212783813477,
      23.646404266357422,
      22.182918548583984,
      29.414140701293945,
      29.29616355895996,
      45.18308639526367,
      45.1489143371582,
      27.073469161987305,
      27.188249588012695
    ],
    [
      8.874680519104004,
      11.52503776550293,
      18.903453826904297,
      19.57050323486328,
      5.535332679748535,
      8.533207893371582,
      17.69239616394043,
      18.585941314697266,
      20.037721633911133,
      17.81490135192871,
      23.807071685791016,
      22.26641273498535,
      29.463119506835938,
      29.566070556640625,
      45.1489143371582,
      46.06337356567383,
      27.243059158325195,
      27.348388671875
    ],
    [
      5.3072991371154785,
      6.651196479797363,
      10.409480094909668,
      10.770194053649902,
      2.1487631797790527,
      3.6694517135620117,
      11.090104103088379,
      11.280777931213379,
      12.382741928100586,
      10.62635326385498,
      13.878623008728027,
      12.606639862060547,
      16.780635833740234,
      16.294506072998047,
      27.073469161987305,
      27.243059158325195,
      26.235105514526367,
      26.072980880737305
    ],
    [
      5.322066783905029,
      6.698380470275879,
      10.507650375366211,
      10.902542114257812,
      2.1238439083099365,
      3.7125306129455566,
      11.159857749938965,
      11.338873863220215,
      12.515239715576172,
      10.67495346069336,
      14.008028030395508,
      12.693086624145508,
      16.89911651611328,
      16.40298080444336,
      27.188249588012695,
      27.348388671875,
      26.072980880737305,
      26.303844451904297
    ]
  ],
  "drr": 12.192647933959961,
  "dynamics": 3.1091082096099854,
  "format": 1245190,
  "frames": 10506240,
  "loudness": -15.99679946899414,
  "loudness_range": 8.136369705200195,
  "loudness_range_short": 9.238815307617188,
  "peak": -0.23223847150802612,
  "rms": -18.08772087097168,
  "sample_rate": 44100,
  "sections": 1,
  "seekable": 1,
  "sharpness": 1.5170807838439941,
  "space": -0.4115385413169861
}